request_idx,request_sent_at_utc,first_token_at_utc,full_response_received_at_utc,successful_request,records_in_request,response_token_count,input_token_count,output_token_count,first_token_ms,request_duration_ms,token_generation_duration_sum_ms,token_generation_duration_avg_ms,token_generation_duration_min_ms,token_generation_duration_max_ms,token_generation_duration_stdev_ms,token_generation_duration_p95_ms,inter_token_interval_avg_ms,inter_token_interval_stdev_ms,tokens_per_second,worker_idx,exp_num_users,workload_profile,exclude,consistent,error,response_char_count,success_rate
0,2026-09-21T07:58:02.095+00:00,2026-09-21T07:58:02.256+00:00,2026-09-21T07:58:05.767+00:00,True,65,65.0,,65.0,161.167061,3672.802005,3672.801998,56.504646123076924,0.0165,245.628497,39.43379750968209,99.5345048,54.869296,37.458158802432486,17.697659691840645,0,64,,False,True,,504,59.56268577710819
3,2026-09-21T07:58:03.118+00:00,2026-09-21T07:58:03.495+00:00,2026-09-21T07:58:08.932+00:00,True,89,89.0,,89.0,376.524386,5814.095202,5814.095216,65.32691253932585,40.438493,376.524386,35.13575872961759,79.123565,61.790577454545456,11.086646626274105,15.307626880513538,0,64,,False,True,,89,59.56268577710819
1,2026-09-21T07:58:02.420+00:00,2026-09-21T07:58:04.360+00:00,2026-09-21T07:58:04.903+00:00,True,10,10.0,,10.0,1939.730141,2482.904285,2482.904377,248.29043769999998,41.012643,1939.730141,594.4115341560206,1101.5033842999999,60.35268266666667,11.575902548864171,4.0275414805206635,0,64,,False,True,,53,59.56268577710819
2,2026-09-21T07:58:02.749+00:00,2026-09-21T07:58:07.306+00:00,2026-09-21T07:58:09.547+00:00,True,37,37.0,,37.0,4556.580701999999,6798.293341999999,6798.293314,183.73765713513512,44.839405,4556.580701999999,738.927046888551,78.7679402,62.269795555555554,10.082969125705477,5.4425424350863505,0,64,,False,True,,148,59.56268577710819
5,2026-09-21T07:58:03.595+00:00,2026-09-21T07:58:07.855+00:00,2026-09-21T07:58:13.169+00:00,True,82,82.0,,82.0,4260.071522,9573.53533,9573.535353000001,116.75043113414634,0.020210000000000002,4260.071522,465.12393259910124,80.91988,65.59831861728395,42.50188853756288,8.565278883239886,0,64,,False,True,,245,59.56268577710819
4,2026-09-21T07:58:03.283+00:00,2026-09-21T07:58:09.177+00:00,2026-09-21T07:58:11.642+00:00,True,40,40.0,,40.0,5893.849969999999,8358.530674,8358.530875999999,208.9632719,40.419084000000005,5893.849969999999,921.9693976532867,78.9679655,63.196941128205125,10.849982673106357,4.785530084183789,0,64,,False,True,,82,59.56268577710819
6,2026-09-21T07:58:03.985+00:00,2026-09-21T07:58:09.683+00:00,2026-09-21T07:58:14.345+00:00,True,73,73.0,,73.0,5698.417334,10360.618934,10360.618749,141.9262842328767,0.01638,5698.417334,660.7453002053384,81.75663639999999,64.7528,42.89962274585425,7.045911104831684,0,64,,False,True,,218,59.56268577710819
7,2026-09-21T07:58:04.211+00:00,2026-09-21T07:58:10.760+00:00,2026-09-21T07:58:15.798+00:00,True,81,81.0,,81.0,6548.667051,11586.754731,11586.754834,143.04635597530864,0.0161,6548.667051,722.0545704442858,78.384659,62.976096,45.583143321851395,6.990740883060813,0,64,,False,True,,401,59.56268577710819
8,2026-09-21T07:58:04.578+00:00,2026-09-21T07:58:13.194+00:00,2026-09-21T07:58:17.767+00:00,True,80,80.0,,80.0,8616.48526,13188.73102,13188.730884999999,164.8591360625,0.01961,8616.48526,957.0523043393273,77.470459,57.876528607594935,18.19368056108016,6.065784485155116,0,64,,False,True,,80,59.56268577710819
9,2026-09-21T07:58:04.953+00:00,2026-09-21T07:58:14.750+00:00,2026-09-21T07:58:20.914+00:00,True,100,100.0,,100.0,9797.127856000001,15961.368752000002,15961.368586,159.61368586,31.290103,9797.127856000001,973.5499937509026,77.484362,62.26505955555555,11.194606643357183,6.265126854328814,0,64,,False,True,,204,59.56268577710819
10,2026-09-21T07:58:05.314+00:00,2026-09-21T07:58:17.346+00:00,2026-09-21T07:58:19.198+00:00,True,30,30.0,,30.0,12032.369701,13884.043813,13884.043684,462.8014561333333,45.801685,12032.369701,2185.1607987913776,76.97184555,63.85083144827586,9.078756596678943,2.160753769151189,0,64,,False,True,,98,59.56268577710819
11,2026-09-21T07:58:05.672+00:00,2026-09-21T07:58:19.323+00:00,2026-09-21T07:58:21.812+00:00,True,40,40.0,,40.0,13650.481752,16140.207192,16140.207241,403.505181025,29.793973,13650.481752,2148.275213155058,90.39834359999999,63.83911384615385,13.010685762451233,2.4782829318217345,0,64,,False,True,,160,59.56268577710819
12,2026-09-21T07:58:06.004+00:00,2026-09-21T07:58:20.987+00:00,2026-09-21T07:58:24.703+00:00,True,58,58.0,,58.0,14982.397182,18698.659582,18698.659358,322.3906785862069,0.0,14982.397182,1960.4128889258916,139.7848768,65.19758596491228,82.07384731395388,3.101826617338543,0,64,,False,True,,118,59.56268577710819
13,2026-09-21T07:58:06.393+00:00,2026-09-21T07:58:22.742+00:00,2026-09-21T07:58:27.404+00:00,True,75,75.0,,75.0,16349.794768,21010.871248,21010.871322,280.14495096,0.0,16349.794768,1882.49286867873,176.41611120000002,62.98752,84.10582492113282,3.569580676343403,0,64,,False,True,,379,59.56268577710819
14,2026-09-21T07:58:06.683+00:00,2026-09-21T07:58:24.439+00:00,2026-09-21T07:58:29.049+00:00,True,76,76.0,,76.0,17755.499464,22365.361608,22365.361712,294.28107515789475,0.0,17755.499464,2030.1978041865414,77.4791805,61.46482858666666,47.69430061608332,3.398111836153595,0,64,,False,True,,304,59.56268577710819
15,2026-09-21T07:58:07.034+00:00,2026-09-21T07:58:26.283+00:00,2026-09-21T07:58:28.390+00:00,True,35,35.0,,35.0,19248.963829,21356.619765,21356.619698,610.1891342285714,0.0,19248.963829,3243.897816865639,181.9971151,61.98988047058824,68.75497455822503,1.638836125994024,0,64,,False,True,,179,59.56268577710819
16,2026-09-21T07:58:07.273+00:00,2026-09-21T07:58:27.792+00:00,2026-09-21T07:58:31.196+00:00,True,54,54.0,,54.0,20518.757831,23922.655431,23922.655253999998,443.01213433333334,0.0,20518.757831,2784.1163156084535,78.96392535,64.22448301886793,58.68494162142454,2.257274496794553,0,64,,False,True,,276,59.56268577710819
17,2026-09-21T07:58:07.515+00:00,2026-09-21T07:58:29.182+00:00,2026-09-21T07:58:30.262+00:00,True,18,18.0,,18.0,21667.000649999998,22746.596682,22746.596582,1263.699810111111,46.413264000000005,21667.000649999998,5092.000425556673,3319.3977367999996,63.505648941176474,9.19869158644549,0.7913271709013019,0,64,,False,True,,31,59.56268577710819
18,2026-09-21T07:58:07.903+00:00,2026-09-21T07:58:30.931+00:00,2026-09-21T07:58:33.606+00:00,True,43,43.0,,43.0,23027.617561,25702.966553,25702.966598,597.743409255814,0.016239999999999997,23027.617561,3503.1713706248165,77.98091010000002,63.69878552380952,93.05087559138963,1.6729586412266146,0,64,,False,True,,43,59.56268577710819
19,2026-09-21T07:58:08.186+00:00,2026-09-21T07:58:32.406+00:00,2026-09-21T07:58:32.459+00:00,True,2,2.0,,2.0,24220.238155000003,24273.863243000003,24273.863210000003,12136.931605000002,53.625055,24220.238155000003,17088.376001321656,23011.907500000005,53.625088,nan,0.08239314772347792,0,64,,False,True,,15,59.56268577710819
20,2026-09-21T07:58:08.527+00:00,2026-09-21T07:58:34.133+00:00,2026-09-21T07:58:36.369+00:00,True,36,36.0,,36.0,25605.738599,27842.240359,27842.240541,773.3955705833333,0.0,25605.738599,4257.975884609945,205.82574349999996,63.900050285714286,93.7543511616041,1.2929993971682314,0,64,,False,True,,437,59.56268577710819
21,2026-09-21T07:58:08.861+00:00,2026-09-21T07:58:35.913+00:00,2026-09-21T07:58:38.843+00:00,True,47,47.0,,47.0,27051.621119,29981.691647,29981.691763,637.9083353829787,45.791375,27051.621119,3936.605123273869,79.169407,63.69718539130435,9.756945946128337,1.5676233533908308,0,64,,False,True,,141,59.56268577710819
22,2026-09-21T07:58:09.142+00:00,2026-09-21T07:58:37.192+00:00,2026-09-21T07:58:38.086+00:00,True,15,15.0,,15.0,28050.442883,28944.251011,28944.250986,1929.6167324,49.824365,28050.442883,7226.1132808186485,8469.6328475,63.84343771428571,8.25247301605543,0.5182376284084665,0,64,,False,True,,46,59.56268577710819
23,2026-09-21T07:58:09.468+00:00,2026-09-21T07:58:38.650+00:00,2026-09-21T07:58:41.327+00:00,True,43,43.0,,43.0,29181.57002,31858.425059999998,31858.425058,740.893606,0.0,29181.57002,4441.374116546835,84.39933700000002,63.7346438095238,92.76720986463853,1.3497214604619254,0,64,,False,True,,215,59.56268577710819
24,2026-09-21T07:58:09.763+00:00,2026-09-21T07:58:40.554+00:00,2026-09-21T07:58:40.937+00:00,True,7,7.0,,7.0,30791.060897,31173.416353,31173.416427,4453.345203857143,40.389883999999995,30791.060897,11613.848246330394,21577.332509599997,63.725909333333334,14.240384814614115,0.22455030018955074,0,64,,False,True,,36,59.56268577710819
25,2026-09-21T07:58:09.997+00:00,2026-09-21T07:58:41.749+00:00,2026-09-21T07:58:41.944+00:00,True,4,4.0,,4.0,31752.629936999998,31947.507632999997,31947.507767,7986.87694175,58.899746,31752.629936999998,15843.8359636935,27000.1744605,64.959232,5.487465928158826,0.1252053852197291,0,64,,False,True,,16,59.56268577710819
26,2026-09-21T07:58:10.394+00:00,2026-09-21T07:58:43.610+00:00,2026-09-21T07:58:48.546+00:00,True,79,79.0,,79.0,33215.800559,38151.64055900001,38151.640562,482.93215901265825,0.0,33215.800559,3730.820496050471,79.979357,63.28,81.11161967482761,2.070684218096195,0,64,,False,True,,237,59.56268577710819
27,2026-09-21T07:58:10.695+00:00,2026-09-21T07:58:45.240+00:00,2026-09-21T07:58:49.005+00:00,True,59,59.0,,59.0,34545.386576,38310.377296,38310.377306999995,649.3284289322033,0.0,34545.386576,4489.931640644478,78.382773,64.91363310344828,93.47859415539814,1.5400527001899356,0,64,,False,True,,642,59.56268577710819
28,2026-09-21T07:58:10.943+00:00,2026-09-21T07:58:46.652+00:00,2026-09-21T07:58:52.106+00:00,True,86,86.0,,86.0,35708.971798,41163.012886,41163.012773999995,478.63968341860465,41.433115,35708.971798,3843.6900879229383,77.550043,64.16518927058823,9.556713572644485,2.089254259355966,0,64,,False,True,,96,59.56268577710819
29,2026-09-21T07:58:11.211+00:00,2026-09-21T07:58:47.963+00:00,2026-09-21T07:58:50.585+00:00,True,42,42.0,,42.0,36751.924476,39373.32454,39373.324408,937.4601049523809,38.304714,36751.924476,5661.086705104859,77.21388700000001,63.93658692682927,9.185279630277611,1.0667120567208268,0,64,,False,True,,485,59.56268577710819
30,2026-09-21T07:58:11.601+00:00,2026-09-21T07:58:49.595+00:00,2026-09-21T07:58:53.972+00:00,True,70,70.0,,70.0,37994.262295,42371.510551,42371.510729,605.3072961285715,0.0,37994.262295,4535.687686680137,79.3872375,63.438380521739134,138.5887124828387,1.6520534455750704,0,64,,False,True,,90,59.56268577710819
31,2026-09-21T07:58:11.818+00:00,2026-09-21T07:58:50.908+00:00,2026-09-21T07:58:54.088+00:00,True,51,51.0,,51.0,39089.947759,42270.047087,42270.047069,828.8244523333334,0.0,39089.947759,5466.811159783469,146.608895,63.60198656,150.46765176870824,1.2065281094916231,0,64,,False,True,,204,59.56268577710819
32,2026-09-21T07:58:12.156+00:00,2026-09-21T07:58:53.697+00:00,2026-09-21T07:58:58.493+00:00,True,94,94.0,,94.0,41541.182683,46336.446170999996,46336.446231,492.94091735106383,0.0,41541.182683,4279.40628878415,77.98380900000001,51.561972989247316,26.087131558810974,2.0286406871407974,0,64,,False,True,,733,59.56268577710819
33,2026-09-21T07:58:12.532+00:00,2026-09-21T07:58:54.607+00:00,2026-09-21T07:58:59.425+00:00,True,78,78.0,,78.0,42074.247249,46892.434257,46892.434419,601.1850566538461,38.338983999999996,42074.247249,4756.896113955064,77.8109245,62.57385724675324,10.212164622163414,1.663381337221928,0,64,,False,True,,162,59.56268577710819
34,2026-09-21T07:58:12.758+00:00,2026-09-21T07:58:56.013+00:00,2026-09-21T07:59:01.271+00:00,True,74,74.0,,74.0,43255.369001,48513.130537,48513.130427,655.5828436081081,0.0,43255.369001,5020.9758687909,77.870928,72.02413063013698,101.601500444322,1.525360230949468,0,64,,False,True,,81,59.56268577710819
35,2026-09-21T07:58:13.127+00:00,2026-09-21T07:58:56.400+00:00,2026-09-21T07:58:59.124+00:00,True,44,44.0,,44.0,43273.112103,45996.893991,45996.893896,1045.3839521818181,39.124474,43273.112103,6514.125434386189,80.481458,63.3437648372093,10.17299075527112,0.9565863296902021,0,64,,False,True,,193,59.56268577710819
36,2026-09-21T07:58:13.216+00:00,2026-09-21T07:58:58.421+00:00,2026-09-21T07:59:02.192+00:00,True,60,60.0,,60.0,45205.352093999994,48976.066461999995,48976.066555,816.2677759166666,0.0,45205.352093999994,5828.874446518,80.06877605000001,63.91041301694916,116.23403790345654,1.2250881774377154,0,64,,False,True,,180,59.56268577710819
37,2026-09-21T07:58:13.448+00:00,2026-09-21T07:58:59.711+00:00,2026-09-21T07:59:03.584+00:00,True,63,63.0,,63.0,46262.562304,50135.957504,50135.957605999996,795.8088508888889,0.0,46262.562304,5821.742467793846,87.19865890000001,62.47411612903226,112.96839064149324,1.2565831617950785,0,64,,False,True,,624,59.56268577710819
38,2026-09-21T07:58:13.752+00:00,2026-09-21T07:59:01.275+00:00,2026-09-21T07:59:05.631+00:00,True,68,68.0,,68.0,47523.116944,51878.885776,51878.885556,762.9247875882353,0.0,47523.116944,5756.155178916549,83.3126495,65.01147510447761,108.88363240608868,1.3107451901262281,0,64,,False,True,,144,59.56268577710819
39,2026-09-21T07:58:14.081+00:00,2026-09-21T07:59:02.715+00:00,2026-09-21T07:59:03.890+00:00,True,21,21.0,,21.0,48633.96525,49809.072578,49809.072742000004,2371.860606761905,44.331364,48633.96525,10599.984327151373,80.663819,58.7553664,10.032584903954758,0.4216099379709274,0,64,,False,True,,44,59.56268577710819
40,2026-09-21T07:58:14.347+00:00,2026-09-21T07:59:04.386+00:00,2026-09-21T07:59:05.666+00:00,True,15,15.0,,15.0,50039.681995,51318.975179,51318.975098,3421.2650065333332,0.01572,50039.681995,12898.854278190169,15679.8844908,91.37808457142857,250.43410302462468,0.29228954685241026,0,64,,False,True,,68,59.56268577710819
41,2026-09-21T07:58:14.578+00:00,2026-09-21T07:59:05.777+00:00,2026-09-21T07:59:07.903+00:00,True,37,37.0,,37.0,51198.921376,53325.670304,53325.670496,1441.2343377297298,0.03843,51198.921376,8407.35869517642,79.17818420000002,59.07635911111111,18.581876750283573,0.693849693572902,0,64,,False,True,,44,59.56268577710819
42,2026-09-21T07:58:14.966+00:00,2026-09-21T07:59:07.546+00:00,2026-09-21T07:59:08.232+00:00,True,12,12.0,,12.0,52579.563809,53265.853473,53265.853560999996,4438.821130083334,48.404464999999995,52579.563809,15160.404967819319,23704.37291445,62.38996945454545,9.565668858328605,0.22528504130855045,0,64,,False,True,,53,59.56268577710819
43,2026-09-21T07:58:15.331+00:00,2026-09-21T07:59:10.325+00:00,2026-09-21T07:59:11.298+00:00,True,33,33.0,,33.0,54994.18655,55967.277366,55967.277481,1695.9781054848484,0.0,54994.18655,9568.022675372855,93.49898000000002,30.409088,33.59410837213899,0.5896302545538409,0,64,,False,True,,66,59.56268577710819
44,2026-09-21T07:58:15.700+00:00,2026-09-21T07:59:11.681+00:00,2026-09-21T07:59:12.860+00:00,True,20,20.0,,20.0,55980.714033,57159.147056999995,57159.146967999994,2857.9573484,48.803904,55980.714033,12503.802681902309,2872.5758828,62.022790736842104,9.1876273483182,0.3499002527111835,0,64,,False,True,,172,59.56268577710819
45,2026-09-21T07:58:15.988+00:00,2026-09-21T07:59:13.477+00:00,2026-09-21T07:59:17.084+00:00,True,57,57.0,,57.0,57489.041402999996,61095.984378999994,61095.98441,1071.8593756140351,44.094054,57489.041402999996,7606.083698858828,79.840101,64.409696,9.162442382650378,0.9329582063267668,0,64,,False,True,,151,59.56268577710819
46,2026-09-21T07:58:16.233+00:00,2026-09-21T07:59:14.574+00:00,2026-09-21T07:59:16.452+00:00,True,31,31.0,,31.0,58341.027503,60218.540974999996,60218.541057999995,1942.533582516129,43.688364,58341.027503,10467.121378053385,78.007572,62.5837824,9.181288511771415,0.514791615639937,0,64,,False,True,,279,59.56268577710819
47,2026-09-21T07:58:16.474+00:00,2026-09-21T07:59:15.849+00:00,2026-09-21T07:59:16.050+00:00,True,4,4.0,,4.0,59374.250799999994,59575.912752,59575.91277799999,14893.978194499998,61.741995,59374.250799999994,29653.515488943685,50479.18283455,67.22065066666667,6.102626425360587,0.06714122898378452,0,64,,False,True,,52,59.56268577710819
48,2026-09-21T07:58:16.818+00:00,2026-09-21T07:59:17.717+00:00,2026-09-21T07:59:19.325+00:00,True,14,14.0,,14.0,60898.015039,62506.085438999995,62506.085310999995,4464.7203793571425,0.01746,60898.015039,16245.133158181987,22034.56745435,123.69772307692307,297.4347879963106,0.22397819191001284,0,64,,False,True,,33,59.56268577710819
49,2026-09-21T07:58:17.113+00:00,2026-09-21T07:59:19.490+00:00,2026-09-21T07:59:21.299+00:00,True,20,20.0,,20.0,62377.047564,64186.305292,64186.305373,3209.3152686500002,0.0,62377.047564,13928.832497548245,4155.8218724,95.22409094736842,253.95346319090874,0.3115929466420424,0,64,,False,True,,60,59.56268577710819
50,2026-09-21T07:58:17.400+00:00,2026-09-21T07:59:21.304+00:00,2026-09-21T07:59:24.962+00:00,True,67,67.0,,67.0,63904.007284,67561.99282,67561.992696,1008.3879506865671,0.0,63904.007284,7800.38342942649,78.9248897,55.424023272727275,24.369208966115803,0.9916818199620417,0,64,,False,True,,2,59.56268577710819
51,2026-09-21T07:58:17.732+00:00,2026-09-21T07:59:22.251+00:00,2026-09-21T07:59:26.197+00:00,True,62,62.0,,62.0,64518.515153,68464.836049,68464.83624,1104.2715522580645,41.749884,64518.515153,8185.650212353288,80.880164,64.69378518032786,10.570650902776457,0.9055743587208309,0,64,,False,True,,248,59.56268577710819
52,2026-09-21T07:58:18.029+00:00,2026-09-21T07:59:24.278+00:00,2026-09-21T07:59:28.634+00:00,True,68,68.0,,68.0,66248.95048,70604.586448,70604.586564,1038.3027435882352,43.666993999999995,66248.95048,8025.988223869445,81.53984115,65.0094920597015,10.273160149432417,0.9631102371810042,0,64,,False,True,,319,59.56268577710819
53,2026-09-21T07:58:18.372+00:00,2026-09-21T07:59:25.949+00:00,2026-09-21T07:59:31.405+00:00,True,87,87.0,,87.0,67576.97682099999,73032.92178099998,73032.92171099999,839.4588702413791,43.181304,67576.97682099999,7238.217179647595,78.342366,63.441220465116274,9.682411234426606,1.191243590950426,0,64,,False,True,,87,59.56268577710819
54,2026-09-21T07:58:18.736+00:00,2026-09-21T07:59:27.919+00:00,2026-09-21T07:59:32.843+00:00,True,76,76.0,,76.0,69182.253247,74106.260927,74106.26092,975.0823805263158,0.0,69182.253247,7929.695362916609,78.99389950000001,65.65343573333334,154.1063334274712,1.0255543735348553,0,64,,False,True,,978,59.56268577710819
55,2026-09-21T07:58:19.113+00:00,2026-09-21T07:59:29.790+00:00,2026-09-21T07:59:32.818+00:00,True,30,30.0,,30.0,70676.671992,73705.11052,73705.110468,2456.8370156,0.0,70676.671992,12886.77370610092,769.826218,104.42891475862069,236.9737336053528,0.407027406761156,0,64,,False,True,,117,59.56268577710819
56,2026-09-21T07:58:19.490+00:00,2026-09-21T07:59:32.855+00:00,2026-09-21T07:59:36.995+00:00,True,81,81.0,,81.0,73365.576723,77504.85403500001,77504.853957,956.850048851852,0.0,73365.576723,8147.344950522639,141.012412,51.7409664,149.97402461828815,1.0450958331386784,0,64,,False,True,,485,59.56268577710819
57,2026-09-21T07:58:19.838+00:00,2026-09-21T07:59:33.388+00:00,2026-09-21T07:59:37.303+00:00,True,62,62.0,,62.0,73550.854654,77465.595646,77465.595628,1249.4450907741934,0.01549,73550.854654,9334.409327959465,167.0358224,64.17608183606558,173.81036169397294,0.8003552994457795,0,64,,False,True,,187,59.56268577710819
58,2026-09-21T07:58:20.095+00:00,2026-09-21T07:59:34.941+00:00,2026-09-21T07:59:36.924+00:00,True,33,33.0,,33.0,74846.093903,76829.175631,76829.175718,2328.156839939394,0.017839999999999998,74846.093903,13018.342924973402,200.57399379999995,61.971304,51.36352185662071,0.4295243275613742,0,64,,False,True,,192,59.56268577710819
59,2026-09-21T07:58:20.423+00:00,2026-09-21T07:59:36.995+00:00,2026-09-21T07:59:41.432+00:00,True,71,71.0,,71.0,76571.97817,81008.58130600001,81008.58122000001,1140.9659326760564,2.8601799999999997,76571.97817,9079.918414115371,77.039012,63.3800448,18.37096863314153,0.8764503569295478,0,64,,False,True,,424,59.56268577710819
60,2026-09-21T07:58:20.695+00:00,2026-09-21T07:59:38.366+00:00,2026-09-21T07:59:42.865+00:00,True,72,72.0,,72.0,77671.866823,82170.745543,82170.745408,1141.260352888889,40.223403,77671.866823,9146.25398535105,76.68109249999999,63.36448901408451,8.90303490214288,0.8762242513951922,0,64,,False,True,,216,59.56268577710819
61,2026-09-21T07:58:20.961+00:00,2026-09-21T07:59:39.800+00:00,2026-09-21T07:59:42.385+00:00,True,42,42.0,,42.0,78838.629121,81424.294145,81424.294158,1938.6736704285715,36.375653,78838.629121,12155.33804218046,77.77659404999999,63.06500058536585,10.710140674231372,0.5158165685195453,0,64,,False,True,,261,59.56268577710819
62,2026-09-21T07:58:21.254+00:00,2026-09-21T07:59:41.162+00:00,2026-09-21T07:59:46.973+00:00,True,80,80.0,,80.0,79907.44412,85718.698136,85718.698241,1071.4837280125,0.0,79907.44412,8927.73831900722,81.30742500000001,73.56017741772152,192.00344849058723,0.9332852894367715,0,64,,False,True,,400,59.56268577710819
63,2026-09-21T07:58:21.524+00:00,2026-09-21T07:59:42.457+00:00,2026-09-21T07:59:48.506+00:00,True,94,94.0,,94.0,80933.085666,86982.685922,86982.685838,925.347721680851,0.0,80933.085666,8342.727972184332,81.26441785000002,65.04946511827957,175.52972587228152,1.080674837798095,0,64,,False,True,,196,59.56268577710819
64,2026-09-21T07:58:21.847+00:00,2026-09-21T07:59:44.123+00:00,2026-09-21T07:59:46.975+00:00,True,45,45.0,,45.0,82276.03085,85127.66451399999,85127.66450099999,1891.7258777999998,0.0,82276.03085,12257.976189764933,78.699357,64.809856,257.865644442491,0.52861781486557,0,64,,False,True,,179,59.56268577710819
65,2026-09-21T07:58:22.240+00:00,2026-09-21T07:59:46.983+00:00,2026-09-21T07:59:50.488+00:00,True,68,68.0,,68.0,84742.86185,88248.72425,88248.724299,1297.7753573382354,0.0,84742.86185,10270.269136812287,78.08413664999999,52.326304477611934,26.291459179775572,0.7705493827577911,0,64,,False,True,,204,59.56268577710819
66,2026-09-21T07:58:22.495+00:00,2026-09-21T07:59:47.488+00:00,2026-09-21T07:59:52.326+00:00,True,77,77.0,,77.0,84993.239228,89830.57606,89830.57605300001,1166.630857831169,39.991913999999994,84993.239228,9678.629423713515,76.0284292,63.64916884210526,9.27124208370373,0.8571691664157852,0,64,,False,True,,770,59.56268577710819
67,2026-09-21T07:58:22.790+00:00,2026-09-21T07:59:48.756+00:00,2026-09-21T07:59:52.596+00:00,True,62,62.0,,62.0,85966.66582899999,89806.369381,89806.36926699999,1448.4898268870966,41.978913999999996,85966.66582899999,10909.787686384869,78.31792,62.94595986885246,9.826649310913067,0.6903741953643336,0,64,,False,True,,310,59.56268577710819
68,2026-09-21T07:58:23.314+00:00,2026-09-21T07:59:50.107+00:00,2026-09-21T07:59:52.110+00:00,True,33,33.0,,33.0,86793.12539300001,88795.54561700001,88795.545509,2690.7741063333337,44.535014000000004,86793.12539300001,15097.853534658003,75.0141666,62.575632,9.227841510310443,0.3716402638296544,0,64,,False,True,,300,59.56268577710819
69,2026-09-21T07:58:23.345+00:00,2026-09-21T07:59:51.920+00:00,2026-09-21T07:59:52.595+00:00,True,11,11.0,,11.0,88575.64279000001,89250.45546200001,89250.45533900001,8113.67775809091,54.125505,88575.64279000001,26686.21569991777,44325.806618500006,67.4812672,7.343619763092144,0.12324867075533802,0,64,,False,True,,22,59.56268577710819
70,2026-09-21T07:58:23.637+00:00,2026-09-21T07:59:54.128+00:00,2026-09-21T07:59:54.988+00:00,True,29,29.0,,29.0,90490.912594,91351.20750599999,91351.20744999999,3150.0416362068963,0.015269999999999999,90490.912594,16798.168818168073,229.1980502,30.72481828571429,68.23991265114537,0.3174561211803934,0,64,,False,True,,58,59.56268577710819
71,2026-09-21T07:58:24.011+00:00,2026-09-21T07:59:55.293+00:00,2026-09-21T07:59:56.877+00:00,True,28,28.0,,28.0,91281.422257,92865.817265,92865.817447,3316.636337392857,0.02477,91281.422257,17239.48827915572,78.67271615,58.68129659259259,19.54922035379053,0.3015102954416453,0,64,,False,True,,359,59.56268577710819
72,2026-09-21T07:58:24.339+00:00,2026-09-21T07:59:56.952+00:00,2026-09-21T08:00:00.214+00:00,True,54,54.0,,54.0,92612.964089,95874.812153,95874.812106,1775.4594834444445,47.219224000000004,92612.964089,12594.656801219151,78.4879285,61.544303094339625,9.918593430246778,0.5632344803328023,0,64,,False,True,,113,59.56268577710819
73,2026-09-21T07:58:24.711+00:00,2026-09-21T07:59:58.838+00:00,2026-09-21T08:00:02.878+00:00,True,54,54.0,,54.0,94127.41864599999,98167.37461399999,98167.37466199999,1817.9143455925923,0.0,94127.41864599999,12801.268724874337,75.0848815,76.2255843018868,256.54812344598525,0.5500809226316915,0,64,,False,True,,215,59.56268577710819
74,2026-09-21T07:58:25.029+00:00,2026-09-21T08:00:00.495+00:00,2026-09-21T08:00:02.966+00:00,True,40,40.0,,40.0,95466.82073899999,97937.21408299998,97937.21394599999,2448.43034865,0.0,95466.82073899999,15087.613375251145,166.44821205,63.34341907692308,304.7483278698126,0.40842493197836666,0,64,,False,True,,199,59.56268577710819
75,2026-09-21T07:58:25.258+00:00,2026-09-21T08:00:02.913+00:00,2026-09-21T08:00:02.967+00:00,True,24,24.0,,24.0,97655.367738,97709.282106,97709.282312,4071.2200963333335,0.0,97655.367738,19933.342543762068,42.8061254,2.344102956521739,10.343079257221488,0.2456266127711754,0,64,,False,True,,141,59.56268577710819
76,2026-09-21T07:58:25.554+00:00,2026-09-21T08:00:03.109+00:00,2026-09-21T08:00:06.357+00:00,True,51,51.0,,51.0,97555.04960500001,100803.22675700001,100803.22662100001,1976.5338553137256,44.383864,97555.04960500001,13651.34569827864,78.8646615,64.96354304,9.304703299870331,0.505936185187231,0,64,,False,True,,154,59.56268577710819
77,2026-09-21T07:58:25.928+00:00,2026-09-21T08:00:04.896+00:00,2026-09-21T08:00:05.498+00:00,True,10,10.0,,10.0,98968.771143,99570.865223,99570.865286,9957.0865286,50.358015,98968.771143,31275.519459726598,54467.461837799994,66.89934222222223,10.23104563701973,0.10043098428043074,0,64,,False,True,,30,59.56268577710819
78,2026-09-21T07:58:26.300+00:00,2026-09-21T08:00:06.603+00:00,2026-09-21T08:00:10.953+00:00,True,72,72.0,,72.0,100303.163764,104653.79979599999,104653.799767,1453.5249967638888,41.063393,100303.163764,11813.623837131421,77.06412495000001,61.27656383098592,9.957494150198677,0.6879826641779704,0,64,,False,True,,432,59.56268577710819
79,2026-09-21T07:58:26.580+00:00,2026-09-21T08:00:08.274+00:00,2026-09-21T08:00:14.413+00:00,True,98,98.0,,98.0,101693.371862,107832.615382,107832.615452,1100.3328107346938,44.26723200000001,101693.371862,10266.192458288657,77.782892,63.29117030927836,9.106188184871206,0.9088159426796086,0,64,,True,True,,588,59.56268577710819
80,2026-09-21T07:58:26.827+00:00,2026-09-21T08:00:09.523+00:00,2026-09-21T08:00:15.104+00:00,True,89,89.0,,89.0,102696.723377,108277.589937,108277.58990800001,1216.602133797753,44.438194,102696.723377,10879.112354212686,77.19743700000001,63.41893818181818,9.195277248392651,0.8219614054190121,0,64,,True,True,,356,59.56268577710819
81,2026-09-21T07:58:27.052+00:00,2026-09-21T08:00:10.841+00:00,2026-09-21T08:00:13.159+00:00,True,37,37.0,,37.0,103789.963469,106107.731917,106107.73194299999,2867.776539,48.101074,103789.963469,17052.382619855154,77.89591619999999,64.38245688888888,8.672196278657145,0.34870220418001474,0,64,,True,True,,111,59.56268577710819
82,2026-09-21T07:58:27.297+00:00,2026-09-21T08:00:11.764+00:00,2026-09-21T08:00:16.084+00:00,True,70,70.0,,70.0,104467.075516,108786.733756,108786.73353499999,1554.0961933571427,41.891104,104467.075516,12478.724341890289,75.33897455,62.60374260869565,8.975229083804848,0.6434608116556237,0,64,,True,True,,735,59.56268577710819
83,2026-09-21T07:58:27.672+00:00,2026-09-21T08:00:13.990+00:00,2026-09-21T08:00:19.053+00:00,True,81,81.0,,81.0,106317.21461200001,111380.13378,111380.13381900001,1375.0633804814815,43.929403,106317.21461200001,11805.995837653398,75.76811599999999,63.2864896,9.562326816912984,0.7272392055121124,0,64,,True,True,,810,59.56268577710819
84,2026-09-21T07:58:27.999+00:00,2026-09-21T08:00:15.859+00:00,2026-09-21T08:00:15.918+00:00,True,2,2.0,,2.0,107860.492642,107919.200098,107919.200197,53959.6000985,58.707555,107860.492642,76227.37325903252,102470.40338765,58.707456,nan,0.018532383470076005,0,64,,True,True,,6,59.56268577710819
85,2026-09-21T07:58:28.358+00:00,2026-09-21T08:00:17.574+00:00,2026-09-21T08:00:23.315+00:00,True,92,92.0,,92.0,109216.83724699999,114956.96499099999,114956.965103,1249.5322293804347,43.606953000000004,109216.83724699999,11380.070293587944,77.47491755,63.078326857142855,9.892036378472,0.8002994860485635,0,64,,True,True,,368,59.56268577710819
86,2026-09-21T07:58:28.678+00:00,2026-09-21T08:00:19.230+00:00,2026-09-21T08:00:22.272+00:00,True,49,49.0,,49.0,110551.499927,113593.414039,113593.414143,2318.2329416938774,47.843284,110551.499927,15784.02069241798,77.53836,63.373210666666665,9.138586500443811,0.4313630364448492,0,64,,True,True,,148,59.56268577710819
87,2026-09-21T07:58:29.065+00:00,2026-09-21T08:00:21.220+00:00,2026-09-21T08:00:23.357+00:00,True,36,36.0,,36.0,112155.801645,114292.316717,114292.316773,3174.7865770277776,47.806593,112155.801645,18682.46148625399,73.90384025,61.04328777142857,8.228491637742202,0.3149818031000269,0,64,,True,True,,252,59.56268577710819
88,2026-09-21T07:58:29.438+00:00,2026-09-21T08:00:22.941+00:00,2026-09-21T08:00:24.986+00:00,True,34,34.0,,34.0,113502.449194,115547.298602,115547.298645,3398.449960147059,45.858273999999994,113502.449194,19454.88479774847,78.72059250000001,61.96513357575758,9.572669588973076,0.29425179481791447,0,64,,True,True,,134,59.56268577710819
89,2026-09-21T07:58:29.710+00:00,2026-09-21T08:00:24.380+00:00,2026-09-21T08:00:29.660+00:00,True,85,85.0,,85.0,114669.638633,119950.374377,119950.374327,1411.180874435294,46.580724000000004,114669.638633,12430.853204473016,76.7431718,62.86590171428572,9.202269895806198,0.7086263835479817,0,64,,True,True,,170,59.56268577710819
90,2026-09-21T07:58:29.963+00:00,2026-09-21T08:00:25.870+00:00,2026-09-21T08:00:26.637+00:00,True,13,13.0,,13.0,115907.06388799999,116673.45543999999,116673.45525399999,8974.881173384614,47.836414,115907.06388799999,32129.12333803624,46407.7163948,63.86596266666666,8.470214366944369,0.11142208783458314,0,64,,True,True,,45,59.56268577710819
91,2026-09-21T07:58:30.283+00:00,2026-09-21T08:00:27.433+00:00,2026-09-21T08:00:31.530+00:00,True,67,67.0,,67.0,117150.53644,121247.718648,121247.718476,1809.6674399402984,42.345733,117150.53644,14304.635375084737,78.9314417,62.07851830303031,10.126312177488519,0.5525877166770525,0,64,,True,True,,536,59.56268577710819
92,2026-09-21T07:58:30.676+00:00,2026-09-21T08:00:29.298+00:00,2026-09-21T08:00:31.738+00:00,True,40,40.0,,40.0,118622.501058,121062.113986,121062.11411,3026.55285275,41.813283000000006,118622.501058,18745.97583249686,77.70719245000001,62.55417764102564,9.330401474038464,0.3304089007121231,0,64,,True,True,,157,59.56268577710819
93,2026-09-21T07:58:30.906+00:00,2026-09-21T08:00:30.718+00:00,2026-09-21T08:00:32.646+00:00,True,31,31.0,,31.0,119812.16229000001,121740.302834,121740.30280300001,3927.1065420322584,47.919554,119812.16229000001,21507.358080470345,78.53856999999999,64.27135146666667,9.34182248126711,0.25464040484826383,0,64,,True,True,,125,59.56268577710819
94,2026-09-21T07:58:31.210+00:00,2026-09-21T08:00:32.281+00:00,2026-09-21T08:00:33.426+00:00,True,19,19.0,,19.0,121071.046244,122216.12118799999,122216.121179,6432.427430473684,48.745874,121071.046244,27761.009731615693,12175.208205799998,63.615274666666664,8.22899214481665,0.15546230575238998,0,64,,True,True,,36,59.56268577710819
95,2026-09-21T07:58:31.604+00:00,2026-09-21T08:00:34.109+00:00,2026-09-21T08:00:37.112+00:00,True,50,50.0,,50.0,122504.377939,125507.52776299999,125507.527882,2510.15055764,43.791014000000004,122504.377939,17316.069767230416,74.90731550000001,61.288771918367345,8.483441499677378,0.39838247865432147,0,64,,True,True,,256,59.56268577710819
96,2026-09-21T07:58:31.919+00:00,2026-09-21T08:00:35.650+00:00,2026-09-21T08:00:36.931+00:00,True,22,22.0,,22.0,123731.735811,125012.277251,125012.277336,5682.376242545455,42.775324,123731.735811,26366.696331631174,82.5412705,60.97816380952381,11.061684492917378,0.17598271532825802,0,64,,True,True,,132,59.56268577710819
97,2026-09-21T07:58:32.270+00:00,2026-09-21T08:00:37.476+00:00,2026-09-21T08:00:43.701+00:00,True,97,97.0,,97.0,125205.822429,131431.24066900002,131431.240672,1354.9612440412373,47.227942999999996,125205.822429,12706.144078234413,77.8132182,64.84810666666667,9.121983602131431,0.7380284893169913,0,64,,True,True,,267,59.56268577710819
98,2026-09-21T07:58:32.609+00:00,2026-09-21T08:00:39.135+00:00,2026-09-21T08:00:44.409+00:00,True,82,82.0,,82.0,126526.445108,131799.812404,131799.81234,1607.3147846341462,45.777972999999996,126526.445108,13965.322140101101,77.98043299999999,65.10329995061728,9.475196314781293,0.6221556655076952,0,64,,True,True,,196,59.56268577710819
99,2026-09-21T07:58:33.391+00:00,2026-09-21T08:00:40.749+00:00,2026-09-21T08:00:41.812+00:00,True,17,17.0,,17.0,127357.843517,128421.094205,128421.094077,7554.182004529412,54.819763,127357.843517,30872.697740435564,25532.056355399996,66.453168,7.341990356440194,0.13237700632625599,0,64,,True,True,,77,59.56268577710819
100,2026-09-21T07:58:33.431+00:00,2026-09-21T08:00:41.088+00:00,2026-09-21T08:00:42.642+00:00,True,25,25.0,,25.0,127656.310568,129210.83652,129210.836545,5168.4334618,45.175653,127656.310568,25518.309359572082,77.0312544,64.77191466666666,9.314516881657095,0.19348222388553576,0,64,,True,True,,200,59.56268577710819
101,2026-09-21T07:58:33.623+00:00,2026-09-21T08:00:44.809+00:00,2026-09-21T08:00:48.092+00:00,True,52,52.0,,52.0,131186.049845,134468.579893,134468.579798,2585.9342268846153,44.038773,131186.049845,18183.308620152802,77.32116045000001,64.3633342745098,9.258089966585281,0.3867074378369854,0,64,,True,True,,159,59.56268577710819
102,2026-09-21T07:58:33.908+00:00,2026-09-21T08:00:46.402+00:00,2026-09-21T08:00:52.325+00:00,True,94,94.0,,94.0,132494.270853,138416.918661,138416.918863,1472.5204134361702,42.430423000000005,132494.270853,13659.175612873765,79.612998,63.684385032258064,9.914241250474618,0.6791077341507472,0,64,,True,True,,1027,59.56268577710819
103,2026-09-21T07:58:34.275+00:00,2026-09-21T08:00:48.368+00:00,2026-09-21T08:00:50.392+00:00,True,33,33.0,,33.0,134092.893591,136117.220759,136117.220991,4124.764272454546,47.078243,134092.893591,23331.565499056465,76.8896076,63.260224,7.2631353786636,0.2424380972223021,0,64,,True,True,,188,59.56268577710819
104,2026-09-21T07:58:34.650+00:00,2026-09-21T08:00:50.444+00:00,2026-09-21T08:00:55.931+00:00,True,88,88.0,,88.0,135793.658966,141280.779606,141280.779754,1605.4634062954544,43.252773,135793.658966,14468.932449655429,78.34558849999999,63.07035218390804,9.507742763416664,0.6228731200762907,0,64,,True,True,,313,59.56268577710819
105,2026-09-21T07:58:35.012+00:00,2026-09-21T08:00:52.270+00:00,2026-09-21T08:00:55.745+00:00,True,56,56.0,,56.0,137258.573645,140733.004109,140733.004133,2513.0893595178572,44.706303,137258.573645,18333.508774556005,77.6073235,63.17146298181819,8.617991237267,0.39791661063830547,0,64,,True,True,,420,59.56268577710819
106,2026-09-21T07:58:35.353+00:00,2026-09-21T08:00:54.154+00:00,2026-09-21T08:00:56.406+00:00,True,37,37.0,,37.0,138801.260559,141053.462543,141053.462577,3812.255745324324,47.046763,138801.260559,22808.50305259551,77.533156,62.56116622222223,8.024892873737258,0.2623118875137191,0,64,,True,True,,78,59.56268577710819
107,2026-09-21T07:58:35.741+00:00,2026-09-21T08:00:56.167+00:00,2026-09-21T08:00:57.054+00:00,True,15,15.0,,15.0,140425.754498,141312.61965,141312.619445,9420.841296333332,43.959343000000004,140425.754498,36241.41915586592,42182.7544386,63.34751085714286,10.841498319410048,0.10614763237106262,0,64,,True,True,,93,59.56268577710819
108,2026-09-21T07:58:36.003+00:00,2026-09-21T08:00:57.437+00:00,2026-09-21T08:01:02.710+00:00,True,83,83.0,,83.0,141434.094496,146707.569056,146707.568948,1767.5610716626506,41.750993,141434.094496,15517.353122175708,77.6657829,64.31066536585367,10.358122211427277,0.5657513142237257,0,64,,True,True,,743,59.56268577710819
109,2026-09-21T07:58:36.315+00:00,2026-09-21T08:00:59.198+00:00,2026-09-21T08:01:04.499+00:00,True,84,84.0,,84.0,142882.380274,148184.146418,148184.14639799998,1764.0969809285714,44.644713,142882.380274,15582.779300728778,79.03033570000001,63.87670053012049,9.780668051408286,0.5668622590911419,0,64,,True,True,,238,59.56268577710819
110,2026-09-21T07:58:36.555+00:00,2026-09-21T08:01:00.230+00:00,2026-09-21T08:01:01.074+00:00,True,14,14.0,,14.0,143674.830176,144518.21424,144518.214308,10322.72959342857,46.970103,143674.830176,38381.37599471304,50337.393353499996,64.87569723076923,10.035799272111865,0.09687360222117287,0,64,,True,True,,46,59.56268577710819
111,2026-09-21T07:58:36.893+00:00,2026-09-21T08:01:01.865+00:00,2026-09-21T08:01:06.827+00:00,True,80,80.0,,80.0,144971.412612,149934.29082,149934.290981,1874.1786372624997,45.292333,144971.412612,16201.27560387595,77.741762,62.8212431392405,9.171056084871644,0.5335670683635811,0,64,,True,True,,524,59.56268577710819
112,2026-09-21T07:58:37.138+00:00,2026-09-21T08:01:03.254+00:00,2026-09-21T08:01:03.543+00:00,True,5,5.0,,5.0,146116.54048,146405.301312,146405.30132199998,29281.0602644,69.88617500000001,146116.54048,65313.019052138174,116908.67188519999,72.190208,3.381731131241907,0.034151768789742444,0,64,,True,True,,30,59.56268577710819
113,2026-09-21T07:58:37.490+00:00,2026-09-21T08:01:05.008+00:00,2026-09-21T08:01:06.632+00:00,True,27,27.0,,27.0,147518.221013,149142.405845,149142.405884,5523.792810518518,44.756252999999994,147518.221013,28377.874339722548,77.4003713,62.46864738461539,9.614473960268276,0.18103503056039225,0,64,,True,True,,53,59.56268577710819
114,2026-09-21T07:58:37.755+00:00,2026-09-21T08:01:06.683+00:00,2026-09-21T08:01:09.769+00:00,True,50,50.0,,50.0,148927.91682100002,152013.89826100002,152013.89814000003,3040.2779628000003,43.395123,148927.91682100002,21052.683569936962,77.8916165,62.97921306122449,9.71741009964537,0.32891729356320154,0,64,,True,True,,250,59.56268577710819
115,2026-09-21T07:58:38.099+00:00,2026-09-21T08:01:08.756+00:00,2026-09-21T08:01:09.833+00:00,True,19,19.0,,19.0,150656.951249,151734.27195300002,151734.27181900002,7986.014306263158,48.773374000000004,150656.951249,34549.34538244761,15133.677476300001,59.85115022222222,9.14386977023646,0.12521890905362032,0,64,,True,True,,106,59.56268577710819
116,2026-09-21T07:58:38.353+00:00,2026-09-21T08:01:09.966+00:00,2026-09-21T08:01:11.903+00:00,True,31,31.0,,31.0,151613.173253,153550.175749,153550.175707,4953.2314744193545,44.035924,151613.173253,27218.934917246304,79.89065000000001,64.56674986666667,9.710081895320354,0.2018884045478007,0,64,,True,True,,62,59.56268577710819
117,2026-09-21T07:58:38.653+00:00,2026-09-21T08:01:11.900+00:00,2026-09-21T08:01:13.045+00:00,True,19,19.0,,19.0,153247.718486,154392.18671,154392.18673,8125.904564736842,51.635144,153247.718486,35142.85251688696,15399.084377,63.581568,9.944248801204916,0.12306322233578007,0,64,,True,True,,60,59.56268577710819
118,2026-09-21T07:58:39.004+00:00,2026-09-21T08:01:13.639+00:00,2026-09-21T08:01:18.095+00:00,True,71,71.0,,71.0,154635.330537,159091.292137,159091.292048,2240.7224232112676,44.357774,154635.330537,18344.285316527017,78.28223600000001,63.656594285714284,9.771322694947454,0.44628463975802646,0,64,,True,True,,75,59.56268577710819
119,2026-09-21T07:58:39.258+00:00,2026-09-21T08:01:15.074+00:00,2026-09-21T08:01:20.992+00:00,True,95,95.0,,95.0,155815.847608,161733.39077600001,161733.39075800002,1702.4567448210528,42.447923,155815.847608,15979.913166618942,77.183728,62.95258689361702,10.340396492268948,0.5873864360611505,0,64,,True,True,,95,59.56268577710819
120,2026-09-21T07:58:39.607+00:00,2026-09-21T08:01:16.983+00:00,2026-09-21T08:01:19.195+00:00,True,36,36.0,,36.0,157375.296633,159587.494009,159587.493968,4432.985943555555,43.140164,157375.296633,26218.684201005646,84.797469,63.20563931428572,11.30717459288689,0.22558158597295708,0,64,,True,True,,180,59.56268577710819
121,2026-09-21T07:58:39.878+00:00,2026-09-21T08:01:18.224+00:00,2026-09-21T08:01:22.807+00:00,True,74,74.0,,74.0,158346.233567,162928.732895,162928.73311099998,2201.739636635135,41.697502,158346.233567,18400.081580054302,77.27221835,62.77396339726027,10.83990137434608,0.45418631008251664,0,64,,True,True,,111,59.56268577710819
122,2026-09-21T07:58:40.109+00:00,2026-09-21T08:01:19.510+00:00,2026-09-21T08:01:23.957+00:00,True,71,71.0,,71.0,159401.04864899997,163848.84999299998,163848.85015699998,2307.7302839014083,44.583672,159401.04864899997,18909.885700377657,77.07078,63.5400192,9.656259316375937,0.4333262027962557,0,64,,True,True,,282,59.56268577710819
123,2026-09-21T07:58:40.494+00:00,2026-09-21T08:01:21.577+00:00,2026-09-21T08:01:22.416+00:00,True,14,14.0,,14.0,161083.33023300002,161922.228921,161922.22898400002,11565.873498857143,44.027443,161083.33023300002,43034.085367764535,56428.223964950004,64.53066830769231,9.781537806126323,0.0864612604044034,0,64,,True,True,,26,59.56268577710819
124,2026-09-21T07:58:40.853+00:00,2026-09-21T08:01:23.438+00:00,2026-09-21T08:01:24.808+00:00,True,23,23.0,,23.0,162585.095042,163954.659202,163954.659267,7128.463446391304,47.221542,162585.095042,33888.35605116258,74.4896889,62.252916363636366,7.7918298742060434,0.14028268615204703,0,64,,True,True,,103,59.56268577710819
125,2026-09-21T07:58:41.101+00:00,2026-09-21T08:01:24.862+00:00,2026-09-21T08:01:25.395+00:00,True,9,9.0,,9.0,163760.649153,164293.741505,164293.741542,18254.860171333334,57.740701,163760.649153,54564.671215971226,98286.5229974,66.636544,6.586674299913988,0.054779932075051684,0,64,,True,True,,18,59.56268577710819
126,2026-09-21T07:58:41.422+00:00,2026-09-21T08:01:26.282+00:00,2026-09-21T08:01:30.737+00:00,True,72,72.0,,72.0,164859.638507,169314.864107,169314.86402799998,2351.595333722222,44.477872000000005,164859.638507,19421.501586383984,75.62608765,62.74965633802817,8.836957038738248,0.42524323177260426,0,64,,True,True,,144,59.56268577710819
127,2026-09-21T07:58:41.755+00:00,2026-09-21T08:01:27.938+00:00,2026-09-21T08:01:28.955+00:00,True,17,17.0,,17.0,166183.14422299998,167200.04278299998,167200.042788,9835.296634588234,41.506652,166183.14422299998,40289.91944166146,33298.51020779999,63.55616,10.652004258452923,0.10167461513190755,0,64,,True,True,,59,59.56268577710819
128,2026-09-21T07:58:42.009+00:00,2026-09-21T08:01:29.094+00:00,2026-09-21T08:01:30.614+00:00,True,25,25.0,,25.0,167084.399588,168604.307428,168604.30754,6744.1723016,45.057292000000004,167084.399588,33404.214995553324,75.158872,63.32949333333334,8.255198823032032,0.1482761643600113,0,64,,True,True,,167,59.56268577710819
129,2026-09-21T07:58:42.352+00:00,2026-09-21T08:01:30.797+00:00,2026-09-21T08:01:33.808+00:00,True,50,50.0,,50.0,168445.49389399998,171455.88339799998,171455.883527,3429.11767054,46.372522,168445.49389399998,23813.1032114787,77.126254,61.43652048979592,8.394328948422645,0.29162020578748626,0,64,,True,True,,342,59.56268577710819
130,2026-09-21T07:58:42.700+00:00,2026-09-21T08:01:32.618+00:00,2026-09-21T08:01:34.208+00:00,True,26,26.0,,26.0,169918.444926,171508.512126,171508.512192,6596.481238153846,46.183400999999996,169918.444926,33311.276070583735,76.2874865,63.602688,7.800835139231014,0.15159597432049848,0,64,,True,True,,115,59.56268577710819
131,2026-09-21T07:58:43.567+00:00,2026-09-21T08:01:35.039+00:00,2026-09-21T08:01:38.673+00:00,True,58,58.0,,58.0,171472.44348699998,175105.78211099998,175105.78214399997,3019.06520937931,42.286612,171472.44348699998,22507.067236349216,78.34105915,63.74278287719298,10.007562936864492,0.33122835408846557,0,64,,True,True,,116,59.56268577710819
132,2026-09-21T07:58:43.613+00:00,2026-09-21T08:01:36.769+00:00,2026-09-21T08:01:38.884+00:00,True,34,34.0,,34.0,173156.585466,175271.48133799998,175271.481241,5155.043565911765,40.486392,173156.585466,29685.119750793703,75.4685525,64.0877536969697,8.90037237349354,0.19398478143990322,0,64,,True,True,,136,59.56268577710819
133,2026-09-21T07:58:43.801+00:00,2026-09-21T08:01:38.259+00:00,2026-09-21T08:01:41.518+00:00,True,52,52.0,,52.0,174458.105517,177716.71594899998,177716.715943,3417.62915275,41.773202,174458.105517,24184.12754639856,75.9291525,63.894322196078434,9.301883424086624,0.2926005003092823,0,64,,True,True,,310,59.56268577710819
134,2026-09-21T07:58:44.193+00:00,2026-09-21T08:01:40.161+00:00,2026-09-21T08:01:40.703+00:00,True,10,10.0,,10.0,175967.837039,176509.842287,176509.84220800002,17650.9842208,52.824802000000005,175967.837039,55626.872242108,96815.24450975,60.22280533333333,6.75771854140138,0.05665406455771618,0,64,,True,True,,51,59.56268577710819
135,2026-09-21T07:58:44.457+00:00,2026-09-21T08:01:41.379+00:00,2026-09-21T08:01:43.554+00:00,True,37,37.0,,37.0,176922.167468,179096.533676,179096.533685,4840.446856351351,41.959923,176922.167468,29075.89727667629,77.87222020000002,60.399061333333336,9.957334229071462,0.20659249646303024,0,64,,True,True,,74,59.56268577710819
136,2026-09-21T07:58:44.822+00:00,2026-09-21T08:01:43.422+00:00,2026-09-21T08:01:43.608+00:00,True,4,4.0,,4.0,178600.146281,178786.36528899998,178786.365221,44696.59130525,53.485682999999995,178600.146281,89269.03701824856,151821.06499895,62.07300266666667,9.924019939105591,0.022373070751419904,0,64,,True,True,,14,59.56268577710819
137,2026-09-21T07:58:45.059+00:00,2026-09-21T08:01:44.549+00:00,2026-09-21T08:01:45.771+00:00,True,21,21.0,,21.0,179489.70381600002,180711.77664800003,180711.77682300002,8605.322705857145,48.351773,179489.70381600002,39154.53153034974,75.373004,61.1036416,8.868814186392596,0.11620714703560749,0,64,,True,True,,48,59.56268577710819
138,2026-09-21T07:58:45.348+00:00,2026-09-21T08:01:45.962+00:00,2026-09-21T08:01:48.970+00:00,True,48,48.0,,48.0,180613.432953,183621.70687300002,183621.706945,3825.4522280208334,44.547933,180613.432953,26060.06638026731,77.02264765,64.00582808510639,8.295868911469757,0.26140700256750515,0,64,,True,True,,144,59.56268577710819
139,2026-09-21T07:58:45.739+00:00,2026-09-21T08:01:47.951+00:00,2026-09-21T08:01:53.916+00:00,True,95,95.0,,95.0,182211.40719,188176.562774,188176.562853,1980.805924768421,41.861352,182211.40719,18687.987359654922,77.5111863,63.459101957446805,9.112874541669575,0.5048450168265374,0,64,,True,True,,223,59.56268577710819
140,2026-09-21T07:58:46.096+00:00,2026-09-21T08:01:49.806+00:00,2026-09-21T08:01:51.878+00:00,True,32,32.0,,32.0,183710.18895399998,185781.73890599998,185781.73872599998,5805.679335187499,50.894413,183710.18895399998,32463.86874759422,80.48987994999999,66.824192,10.395745121059326,0.1722451312407569,0,64,,True,True,,128,59.56268577710819
141,2026-09-21T07:58:46.326+00:00,2026-09-21T08:01:51.056+00:00,2026-09-21T08:01:54.885+00:00,True,61,61.0,,61.0,184730.66796700002,188559.618239,188559.618064,3091.141279737705,42.370543,184730.66796700002,23644.169485969676,77.82898399999999,63.81583786666667,9.588813104689788,0.3235051097880474,0,64,,True,True,,184,59.56268577710819
142,2026-09-21T07:58:46.583+00:00,2026-09-21T08:01:52.008+00:00,2026-09-21T08:01:57.248+00:00,True,84,84.0,,84.0,185424.886242,190664.59133,190664.591246,2269.816562452381,42.565703,185424.886242,20224.62782569402,76.62295850000001,63.12897696385542,9.105811944931459,0.44056423593940314,0,64,,True,True,,420,59.56268577710819
143,2026-09-21T07:58:46.807+00:00,2026-09-21T08:01:53.280+00:00,2026-09-21T08:01:57.968+00:00,True,75,75.0,,75.0,186472.107398,191161.01799,191161.018041,2548.8135738799997,42.427362,186472.107398,21524.629345162415,76.519653,63.36365664864865,8.535707071813071,0.3923394046997772,0,64,,True,True,,600,59.56268577710819
144,2026-09-21T07:58:47.024+00:00,2026-09-21T08:01:54.366+00:00,2026-09-21T08:01:54.573+00:00,True,4,4.0,,4.0,187342.216774,187548.72327,187548.723314,46887.1808285,61.735473,187342.216774,93636.69076640414,159251.83880350002,68.83549866666667,6.182333971434844,0.02132779114812473,0,64,,True,True,,10,59.56268577710819
145,2026-09-21T07:58:47.266+00:00,2026-09-21T08:01:55.608+00:00,2026-09-21T08:01:55.608+00:00,True,1,1.0,,1.0,188342.619095,188342.619095,188342.619095,188342.619095,188342.619095,188342.619095,nan,188342.619095,nan,nan,0.005309472730097271,0,64,,True,True,,9,59.56268577710819
146,2026-09-21T07:58:47.604+00:00,2026-09-21T08:01:57.487+00:00,2026-09-21T08:01:59.794+00:00,True,37,37.0,,37.0,189883.130872,192189.867768,192189.867707,5194.320748837838,45.918102,189883.130872,31206.061448845012,76.30371199999999,64.07602488888888,8.250770016848143,0.19251795336403563,0,64,,True,True,,116,59.56268577710819
147,2026-09-21T07:58:47.899+00:00,2026-09-21T08:01:58.695+00:00,2026-09-21T08:01:58.898+00:00,True,4,4.0,,4.0,190795.906857,190998.405417,190998.405218,47749.6013045,55.897614000000004,190795.906857,95364.20406814365,162187.8118959,67.49952,10.239537528756658,0.020942583218257465,0,64,,True,True,,12,59.56268577710819
148,2026-09-21T07:58:48.269+00:00,2026-09-21T08:02:01.027+00:00,2026-09-21T08:02:04.756+00:00,True,61,61.0,,61.0,192757.707234,196486.461922,196486.46187600002,3221.0895389508196,45.934053,192757.707234,24672.13983167048,75.627784,62.14591146666667,8.330401533474655,0.3104539590326351,0,64,,True,True,,288,59.56268577710819
149,2026-09-21T07:58:48.533+00:00,2026-09-21T08:02:02.720+00:00,2026-09-21T08:02:04.355+00:00,True,27,27.0,,27.0,194187.069149,195822.12502099999,195822.124827,7252.671289888888,46.064443,194187.069149,37359.21740317319,78.7705027,62.8867643076923,9.174014420444452,0.13788023185380363,0,64,,True,True,,82,59.56268577710819
150,2026-09-21T07:58:48.759+00:00,2026-09-21T08:02:03.808+00:00,2026-09-21T08:02:06.992+00:00,True,52,52.0,,52.0,195048.224564,198232.190004,198232.189885,3812.1574977884616,43.039112,195048.224564,27039.665749646814,75.34008355,62.430694901960784,8.200876090586968,0.26231864763715074,0,64,,True,True,,286,59.56268577710819
151,2026-09-21T07:58:49.020+00:00,2026-09-21T08:02:05.268+00:00,2026-09-21T08:02:07.287+00:00,True,34,34.0,,34.0,196247.33861500002,198266.662263,198266.662264,5831.372419529413,50.303703,196247.33861500002,33645.64742027647,76.36656265,61.191625696969695,7.39033239461819,0.17148621766224684,0,64,,True,True,,134,59.56268577710819
152,2026-09-21T07:58:49.361+00:00,2026-09-21T08:02:07.055+00:00,2026-09-21T08:02:11.597+00:00,True,73,73.0,,73.0,197693.96521700002,202236.160161,202236.16024300002,2770.358359493151,44.261133,197693.96521700002,23130.94619744149,75.202022,63.08604088888889,8.038626754498392,0.3609641319429956,0,64,,True,True,,584,59.56268577710819
153,2026-09-21T07:58:49.628+00:00,2026-09-21T08:02:08.483+00:00,2026-09-21T08:02:12.695+00:00,True,68,68.0,,68.0,198855.32769600002,203067.59368000002,203067.59363400002,2986.288141676471,44.419282,198855.32769600002,24107.127986570707,77.53217265,62.869641552238804,8.433422401570262,0.33486386856563843,0,64,,True,True,,317,59.56268577710819
154,2026-09-21T07:58:49.876+00:00,2026-09-21T08:02:09.690+00:00,2026-09-21T08:02:13.923+00:00,True,68,68.0,,68.0,199814.16945500002,204047.64785500002,204047.64775400003,3000.7007022647063,47.946122,199814.16945500002,24223.366209360436,78.4008405,63.1862447761194,8.377151042966114,0.33325549554152195,0,64,,True,True,,480,59.56268577710819
155,2026-09-21T07:58:50.100+00:00,2026-09-21T08:02:11.097+00:00,2026-09-21T08:02:16.400+00:00,True,84,84.0,,84.0,200997.11836899997,206299.86550499997,206299.86544599998,2455.950779119047,42.540311,200997.11836899997,21923.6148250519,77.12928165,63.888519710843376,9.601032498734051,0.40717428387254156,0,64,,True,True,,84,59.56268577710819
156,2026-09-21T07:58:50.461+00:00,2026-09-21T08:02:13.130+00:00,2026-09-21T08:02:18.909+00:00,True,92,92.0,,92.0,202668.767342,208447.778158,208447.778154,2265.7367190652176,45.052733,202668.767342,21123.060801678177,77.21637149999998,63.50561336263736,9.436256886189852,0.4413575467821274,0,64,,True,True,,460,59.56268577710819
157,2026-09-21T07:58:50.720+00:00,2026-09-21T08:02:14.520+00:00,2026-09-21T08:02:19.809+00:00,True,84,84.0,,84.0,203799.94663,209088.419718,209088.419886,2489.147855785714,45.155813,203799.94663,22229.447065511667,78.389404,63.71654322891566,9.292001555816098,0.40174391347589594,0,64,,True,True,,336,59.56268577710819
158,2026-09-21T07:58:51.043+00:00,2026-09-21T08:02:16.397+00:00,2026-09-21T08:02:22.241+00:00,True,93,93.0,,93.0,205353.69319800002,211197.54599800002,211197.54598400003,2270.941354666667,41.829182,205353.69319800002,21287.60135437739,78.57623799999999,63.52013913043478,9.434380997070843,0.4403460256156607,0,64,,True,True,,190,59.56268577710819
159,2026-09-21T07:58:51.332+00:00,2026-09-21T08:02:17.863+00:00,2026-09-21T08:02:17.863+00:00,True,1,1.0,,1.0,206530.604667,206530.604667,206530.604667,206530.604667,206530.604667,206530.604667,nan,206530.604667,nan,nan,0.0048418974108575905,0,64,,True,True,,4,59.56268577710819
160,2026-09-21T07:58:51.625+00:00,2026-09-21T08:02:19.440+00:00,2026-09-21T08:02:25.000+00:00,True,90,90.0,,90.0,207815.321802,213375.103178,213375.103133,2370.8344792555554,43.111313,207815.321802,21899.075443581612,75.14823990000001,62.469453662921346,9.372085893171153,0.42179241467042644,0,64,,True,True,,90,59.56268577710819
161,2026-09-21T07:58:51.986+00:00,2026-09-21T08:02:21.410+00:00,2026-09-21T08:02:26.818+00:00,True,88,88.0,,88.0,209423.32318099999,214831.341357,214831.34138099998,2441.265242965909,42.177862,209423.32318099999,22317.97690535552,76.49981385,62.16112845977011,9.602563050756162,0.40962365846687315,0,64,,True,True,,210,59.56268577710819
162,2026-09-21T07:58:52.363+00:00,2026-09-21T08:02:23.364+00:00,2026-09-21T08:02:28.164+00:00,True,79,79.0,,79.0,211000.530267,215800.710235,215800.71031999998,2731.654561012658,42.078513,211000.530267,23732.492279526185,77.24063109999999,61.540768820512824,9.271599453278649,0.36607849860165687,0,64,,True,True,,396,59.56268577710819
163,2026-09-21T07:58:52.654+00:00,2026-09-21T08:02:24.923+00:00,2026-09-21T08:02:30.953+00:00,True,98,98.0,,98.0,212268.600352,218299.07561600002,218299.075688,2227.5415886530614,43.312612,212268.600352,21436.088595716952,77.42302799999999,62.169848082474225,9.3575938935035,0.4489254007304518,0,64,,True,True,,637,59.56268577710819
164,2026-09-21T07:58:53.643+00:00,2026-09-21T08:02:26.379+00:00,2026-09-21T08:02:29.416+00:00,True,51,51.0,,51.0,212735.658888,215772.741,215772.74113100002,4230.838061392157,45.503561000000005,212735.658888,29780.446269494536,76.648228,60.741642240000004,8.435116342257576,0.23635979115638153,0,64,,True,True,,252,59.56268577710819
165,2026-09-21T07:58:53.669+00:00,2026-09-21T08:02:26.950+00:00,2026-09-21T08:02:30.411+00:00,True,58,58.0,,58.0,213280.93370199998,216742.07494999998,216742.07506399998,3736.9323286896547,41.553802000000005,213280.93370199998,27997.186806999845,75.4639135,60.721776280701754,8.822517674056664,0.267599172949599,0,64,,True,True,,232,59.56268577710819
167,2026-09-21T07:58:53.848+00:00,2026-09-21T08:02:30.617+00:00,2026-09-21T08:02:34.241+00:00,True,58,58.0,,58.0,216769.274572,220392.413644,220392.413568,3799.8691994482756,42.373083,216769.274572,28454.85571162451,79.3750315,63.563843368421054,10.366864577323707,0.26316695316785016,0,64,,True,True,,316,59.56268577710819
166,2026-09-21T07:58:53.715+00:00,2026-09-21T08:02:31.077+00:00,2026-09-21T08:02:33.319+00:00,True,36,36.0,,36.0,217362.32588299998,219603.567739,219603.56782,6100.099106111111,40.154481,217362.32588299998,36216.38290881314,76.30153274999999,64.0354816,9.362648031879125,0.16393176290644873,0,64,,True,True,,317,59.56268577710819
168,2026-09-21T07:58:54.069+00:00,2026-09-21T08:02:32.521+00:00,2026-09-21T08:02:36.544+00:00,True,63,63.0,,63.0,218451.727975,222474.58928699998,222474.58920699998,3531.3426858253965,45.110722,218451.727975,27514.158092170706,78.429371,64.88485987096774,10.756358229332356,0.28317840793371596,0,64,,True,True,,567,59.56268577710819
169,2026-09-21T07:58:54.450+00:00,2026-09-21T08:02:34.312+00:00,2026-09-21T08:02:39.241+00:00,True,78,78.0,,78.0,219862.31942800002,224791.06848400002,224791.06872100002,2881.936778474359,45.518582,219862.31942800002,24887.25991942117,76.41615985,64.009728,10.286113018688981,0.34698887516321325,0,64,,True,True,,377,59.56268577710819
170,2026-09-21T07:58:54.749+00:00,2026-09-21T08:02:36.007+00:00,2026-09-21T08:02:42.244+00:00,True,99,99.0,,99.0,221257.854426,227495.001306,227495.001175,2297.92930479798,44.487901,221257.854426,22230.856839792585,76.89751910000001,63.644355918367346,10.11124740527601,0.4351743969391074,0,64,,True,True,,306,59.56268577710819
171,2026-09-21T07:58:55.048+00:00,2026-09-21T08:02:37.255+00:00,2026-09-21T08:02:40.693+00:00,True,56,56.0,,56.0,222207.43792899998,225645.24784899998,225645.24805899998,4029.379429625,41.993571,222207.43792899998,29685.36670476036,76.89764025,62.50563490909091,9.397781437184653,0.24817717427612193,0,64,,True,True,,214,59.56268577710819
172,2026-09-21T07:58:55.336+00:00,2026-09-21T08:02:38.670+00:00,2026-09-21T08:02:43.511+00:00,True,77,77.0,,77.0,223334.499569,228174.589169,228174.589178,2963.306352961039,43.486351,223334.499569,25444.07236857843,77.0826852,63.68538947368421,9.302307907460415,0.3374608902789307,0,64,,True,True,,231,59.56268577710819
173,2026-09-21T07:58:55.677+00:00,2026-09-21T08:02:40.415+00:00,2026-09-21T08:02:43.701+00:00,True,52,52.0,,52.0,224738.400655,228023.783311,228023.78345000002,4385.072758653846,44.427421,224738.400655,31156.677203708703,77.52046195000001,64.41926776470588,10.736263591558572,0.22804638728881,0,64,,True,True,,163,59.56268577710819
174,2026-09-21T07:58:55.952+00:00,2026-09-21T08:02:41.976+00:00,2026-09-21T08:02:45.765+00:00,True,61,61.0,,61.0,226024.366301,229813.354717,229813.354633,3767.4320431639344,44.001861,226024.366301,28931.37097724398,77.08564299999999,63.14980693333333,10.380811747120303,0.2654327903403067,0,64,,True,True,,182,59.56268577710819
175,2026-09-21T07:58:56.301+00:00,2026-09-21T08:02:43.698+00:00,2026-09-21T08:02:43.698+00:00,True,1,1.0,,1.0,227397.384155,227397.384155,227397.384155,227397.384155,227397.384155,227397.384155,nan,227397.384155,nan,nan,0.004397587965736554,0,64,,True,True,,5,59.56268577710819
176,2026-09-21T07:58:56.517+00:00,2026-09-21T08:02:44.895+00:00,2026-09-21T08:02:49.402+00:00,True,72,72.0,,72.0,228377.89619499998,232884.461827,232884.46170299998,3234.5064125416666,44.349262,228377.89619499998,26907.114393906006,76.96387655000001,63.47275538028169,9.200648172172981,0.309166182385692,0,64,,True,True,,72,59.56268577710819
177,2026-09-21T07:58:56.775+00:00,2026-09-21T08:02:46.286+00:00,2026-09-21T08:02:48.224+00:00,True,31,31.0,,31.0,229511.24693599998,231449.239128,231449.23911399997,7466.104487548387,48.914311000000005,229511.24693599998,41209.83521384224,77.70666299999999,64.59973973333334,8.488228075013255,0.133938655909151,0,64,,True,True,,171,59.56268577710819
178,2026-09-21T07:58:57.147+00:00,2026-09-21T08:02:48.075+00:00,2026-09-21T08:02:51.403+00:00,True,54,54.0,,54.0,230927.95896000002,234255.638704,234255.63884700002,4338.067386055556,42.759402,230927.95896000002,31416.77197720918,76.06615615,62.78641026415094,9.13802668021768,0.23051739671561608,0,64,,True,True,,251,59.56268577710819
179,2026-09-21T07:58:57.537+00:00,2026-09-21T08:02:50.073+00:00,2026-09-21T08:02:55.853+00:00,True,93,93.0,,93.0,232536.57336,238316.24798400002,238316.248205,2562.54030327957,40.376812,232536.57336,24106.407103012334,77.6506204,62.82255026086956,10.15338023489206,0.39023776509876823,0,64,,True,True,,139,59.56268577710819
180,2026-09-21T07:58:57.902+00:00,2026-09-21T08:02:52.232+00:00,2026-09-21T08:02:58.063+00:00,True,93,93.0,,93.0,234330.098649,240161.347545,240161.347442,2582.3800800215054,43.283291,234330.098649,24292.328610446977,78.4207452,63.38314017391305,9.516412141035191,0.38723966596071097,0,64,,True,True,,372,59.56268577710819
181,2026-09-21T07:58:58.132+00:00,2026-09-21T08:02:53.374+00:00,2026-09-21T08:02:55.271+00:00,True,32,32.0,,32.0,235241.979214,237138.332238,237138.33245,7410.5728890625,40.929322,235241.979214,41574.48673138733,76.42160295,61.172678193548386,9.063118776999794,0.13494233386057436,0,64,,True,True,,96,59.56268577710819
182,2026-09-21T07:58:58.521+00:00,2026-09-21T08:02:55.347+00:00,2026-09-21T08:02:58.263+00:00,True,47,47.0,,47.0,236825.143713,239741.189281,239741.189255,5100.876367127659,45.605903,236825.143713,34535.251971630896,75.959641,63.392294956521745,8.868462522090756,0.19604474367110702,0,64,,True,True,,189,59.56268577710819
183,2026-09-21T07:58:58.820+00:00,2026-09-21T08:02:57.041+00:00,2026-09-21T08:02:57.862+00:00,True,13,13.0,,13.0,238221.212841,239041.819305,239041.81936,18387.832258461538,55.014841999999994,238221.212841,66051.7109958948,95336.2172022,68.383872,8.630191616832366,0.05438378957203695,0,64,,True,True,,13,59.56268577710819
184,2026-09-21T07:58:59.170+00:00,2026-09-21T08:02:58.887+00:00,2026-09-21T08:03:03.025+00:00,True,67,67.0,,67.0,239717.266889,243855.177417,243855.17743399998,3639.6295139402982,42.834631,239717.266889,29278.46730370046,75.975624,62.69561406060606,9.423788952500411,0.2747532396469397,0,64,,True,True,,168,59.56268577710819
185,2026-09-21T07:58:59.406+00:00,2026-09-21T08:03:00.108+00:00,2026-09-21T08:03:00.746+00:00,True,11,11.0,,11.0,240702.269237,241340.001589,241340.00165,21940.00015,46.985881,240702.269237,72555.23713379669,120389.901325,63.7732352,10.229139630919034,0.04557885111284995,0,64,,True,True,,38,59.56268577710819
186,2026-09-21T07:58:59.693+00:00,2026-09-21T08:03:01.576+00:00,2026-09-21T08:03:05.123+00:00,True,57,57.0,,57.0,241883.485099,245430.355115,245430.355103,4305.795703561404,46.209052,241883.485099,32029.862444140912,77.26313099999999,63.336964571428574,9.434541630009758,0.2322451107292405,0,64,,True,True,,71,59.56268577710819
187,2026-09-21T07:59:00.063+00:00,2026-09-21T08:03:03.510+00:00,2026-09-21T08:03:08.015+00:00,True,70,70.0,,70.0,243447.86024900002,247951.98440900003,247951.98438700003,3542.1712055285716,46.398422,243447.86024900002,29089.78386367067,78.243228,65.27716173913043,8.527129842231531,0.2823127234365428,0,64,,True,True,,417,59.56268577710819
188,2026-09-21T07:59:00.402+00:00,2026-09-21T08:03:05.197+00:00,2026-09-21T08:03:09.086+00:00,True,61,61.0,,61.0,244795.157382,248684.164742,248684.164908,4076.7895886557376,43.809852,244795.157382,31334.51043920581,76.893322,64.81678933333333,8.763921416282411,0.2452910504506191,0,64,,True,True,,271,59.56268577710819
189,2026-09-21T07:59:00.777+00:00,2026-09-21T08:03:07.556+00:00,2026-09-21T08:03:12.794+00:00,True,84,84.0,,84.0,246779.42245500002,252017.247223,252017.24715900002,3000.2053233214288,44.914142,246779.42245500002,26918.958652324727,76.57669835,63.1063225060241,9.498569473547102,0.333310521107596,0,64,,True,True,,173,59.56268577710819
191,2026-09-21T07:59:01.379+00:00,2026-09-21T08:03:09.412+00:00,2026-09-21T08:03:13.563+00:00,True,67,67.0,,67.0,248032.856839,252183.81952699999,252183.81937399998,3763.9376025970146,45.206331,248032.856839,30294.354109428656,77.7471943,62.893374060606064,9.462990198553994,0.2656792181420135,0,64,,True,True,,292,59.56268577710819
192,2026-09-21T07:59:01.596+00:00,2026-09-21T08:03:10.385+00:00,2026-09-21T08:03:14.763+00:00,True,70,70.0,,70.0,248788.88768,253166.990976,253166.99091300002,3616.671298757143,40.645551,248788.88768,29728.377543645394,77.9800359,63.4507724057971,10.238196831489377,0.2764973416563455,0,64,,True,True,,77,59.56268577710819
193,2026-09-21T07:59:01.857+00:00,2026-09-21T08:03:11.509+00:00,2026-09-21T08:03:14.961+00:00,True,55,55.0,,55.0,249651.748043,253103.291595,253103.291713,4601.878031145455,43.548242,249651.748043,33654.41744477221,77.05518900000001,63.91747318518519,9.208692071074676,0.21730258683481504,0,64,,True,True,,114,59.56268577710819
190,2026-09-21T07:59:01.051+00:00,2026-09-21T08:03:13.386+00:00,2026-09-21T08:03:13.776+00:00,True,7,7.0,,7.0,252334.511842,252724.302562,252724.30262600002,36103.47180371429,48.580940999999996,252334.511842,95348.92699178762,176657.5722313,64.96512,12.771375905490654,0.027698167248014122,0,64,,True,True,,22,59.56268577710819
194,2026-09-21T07:59:02.123+00:00,2026-09-21T08:03:13.518+00:00,2026-09-21T08:03:15.526+00:00,True,32,32.0,,32.0,251395.03084599998,253403.59660599998,253403.596566,7918.8623926875,43.018091,251395.03084599998,44429.32994447012,77.17205455,64.79244387096774,9.444298460622909,0.12628076486915307,0,64,,True,True,,179,59.56268577710819
195,2026-09-21T07:59:02.335+00:00,2026-09-21T08:03:15.293+00:00,2026-09-21T08:03:15.779+00:00,True,9,9.0,,9.0,252957.665226,253443.777994,253443.778063,28160.41978477778,41.322331,252957.665226,84298.96755107936,151803.50204040002,60.764096,9.919083838925332,0.035510834281412364,0,64,,True,True,,36,59.56268577710819
196,2026-09-21T07:59:02.729+00:00,2026-09-21T08:03:17.464+00:00,2026-09-21T08:03:20.304+00:00,True,46,46.0,,46.0,254735.313131,257574.783211,257574.783261,5599.451810021739,44.854551,254735.313131,37549.37064939813,80.14235024999999,63.09933511111111,9.873271542401698,0.17858891086522913,0,64,,True,True,,506,59.56268577710819
197,2026-09-21T07:59:03.019+00:00,2026-09-21T08:03:19.005+00:00,2026-09-21T08:03:20.531+00:00,True,26,26.0,,26.0,255986.380125,257512.555101,257512.555149,9904.329044192307,43.024452,255986.380125,50191.088275225375,76.86732975000001,61.046999039999996,10.522914618195173,0.10096595092150919,0,64,,True,True,,54,59.56268577710819
198,2026-09-21T07:59:03.351+00:00,2026-09-21T08:03:20.866+00:00,2026-09-21T08:03:20.938+00:00,True,2,2.0,,2.0,257514.82445699998,257587.44730499998,257587.44717799997,128793.72358899999,72.622721,257514.82445699998,182039.12661112077,244642.7143702,72.622848,nan,0.0077643535076143385,0,64,,True,True,,8,59.56268577710819
199,2026-09-21T07:59:03.633+00:00,2026-09-21T08:03:22.252+00:00,2026-09-21T08:03:27.947+00:00,True,91,91.0,,91.0,258618.98300600002,264313.64028600004,264313.64026500005,2904.5454974175827,42.726852,258618.98300600002,27104.00454975926,77.250548,63.27396977777778,9.442968698628485,0.3442879448125856,0,64,,True,True,,273,59.56268577710819
200,2026-09-21T07:59:03.995+00:00,2026-09-21T08:03:23.743+00:00,2026-09-21T08:03:28.658+00:00,True,79,79.0,,79.0,259748.33987,264663.121566,264663.121492,3350.166094835443,44.864981,259748.33987,29216.883808576997,77.67324710000001,63.010021743589746,9.555160631317364,0.29849266317332196,0,64,,True,True,,948,59.56268577710819
201,2026-09-21T07:59:04.339+00:00,2026-09-21T08:03:25.753+00:00,2026-09-21T08:03:28.588+00:00,True,46,46.0,,46.0,261413.84388499998,264249.03364499996,264249.03364399995,5744.544209652174,43.782202,261413.84388499998,38534.08038122223,76.22391475,63.00421688888889,10.268766537025595,0.17407821465034296,0,64,,True,True,,93,59.56268577710819
202,2026-09-21T07:59:04.666+00:00,2026-09-21T08:03:27.557+00:00,2026-09-21T08:03:30.208+00:00,True,43,43.0,,43.0,262890.36212400004,265541.16993200005,265541.16991700005,6175.376044581396,43.851811999999995,262890.36212400004,40080.78065358241,78.02128599999999,63.11447161904762,9.684255386053902,0.16193345842006898,0,64,,True,True,,102,59.56268577710819
203,2026-09-21T07:59:05.563+00:00,2026-09-21T08:03:29.724+00:00,2026-09-21T08:03:33.329+00:00,True,58,58.0,,58.0,264160.343506,267765.995474,267765.99534,4616.655092068966,46.954981,264160.343506,34677.64757018036,78.2349418,63.25705207017544,9.27636020312661,0.2166070411492253,0,64,,True,True,,268,59.56268577710819
205,2026-09-21T07:59:05.741+00:00,2026-09-21T08:03:30.549+00:00,2026-09-21T08:03:30.786+00:00,True,5,5.0,,5.0,264807.900048,265044.328336,265044.32822699996,53008.865645399994,48.856141,264807.900048,118399.26007772345,211861.5807094,59.107072,11.978654124863722,0.01886476889126802,0,64,,True,True,,19,59.56268577710819
204,2026-09-21T07:59:05.675+00:00,2026-09-21T08:03:32.333+00:00,2026-09-21T08:03:37.285+00:00,True,79,79.0,,79.0,266657.441288,271609.567496,271609.56747099996,3438.0957907721518,44.387451,266657.441288,29994.164386503886,76.7820361,63.48879753846153,9.04315543121565,0.29085867897920586,0,64,,True,True,,236,59.56268577710819
206,2026-09-21T07:59:05.992+00:00,2026-09-21T08:03:34.541+00:00,2026-09-21T08:03:40.552+00:00,True,95,95.0,,95.0,268549.52850099996,274559.80408499995,274559.80397699995,2890.1031997578943,44.939330999999996,268549.52850099996,27546.04181764004,77.4697367,63.93910195744681,9.321773052895427,0.346008405405874,0,64,,True,True,,855,59.56268577710819
207,2026-09-21T07:59:06.212+00:00,2026-09-21T08:03:35.998+00:00,2026-09-21T08:03:38.560+00:00,True,41,41.0,,41.0,269786.05956900003,272347.95320100005,272347.953212,6642.633005170733,47.283601000000004,269786.05956900003,42123.50232991586,78.864951,64.0473408,9.37011414081818,0.15054271390004134,0,64,,True,True,,328,59.56268577710819
208,2026-09-21T07:59:06.491+00:00,2026-09-21T08:03:37.431+00:00,2026-09-21T08:03:40.981+00:00,True,56,56.0,,56.0,270940.646349,274490.23329299997,274490.233214,4901.611307392857,46.141501,270940.646349,36197.344118336514,78.8584295,64.53794443636363,10.690079562948588,0.2040145448097738,0,64,,True,True,,226,59.56268577710819
209,2026-09-21T07:59:06.887+00:00,2026-09-21T08:03:39.353+00:00,2026-09-21T08:03:45.594+00:00,True,98,98.0,,98.0,272466.789709,278707.717197,278707.71726899996,2843.956298663265,41.975381,272466.789709,27516.804772172884,77.25831835000001,64.33945863917526,10.402390182609297,0.35162284340598404,0,64,,True,True,,197,59.56268577710819
210,2026-09-21T07:59:07.268+00:00,2026-09-21T08:03:41.481+00:00,2026-09-21T08:03:44.892+00:00,True,54,54.0,,54.0,274213.42388300004,277624.21633100003,277624.216535,5141.189195092594,45.175829,274213.42388300004,37306.96407338542,79.30146385,64.35457449056604,9.207376289826902,0.19450752788660916,0,64,,True,True,,54,59.56268577710819
211,2026-09-21T07:59:07.667+00:00,2026-09-21T08:03:43.322+00:00,2026-09-21T08:03:45.384+00:00,True,34,34.0,,34.0,275654.711081,277717.199913,277717.200044,8168.152942470588,44.993201,275654.711081,47263.67519362447,79.67480800000001,62.49966157575758,9.153857464874244,0.12242669885282986,0,64,,True,True,,74,59.56268577710819
212,2026-09-21T07:59:08.054+00:00,2026-09-21T08:03:45.515+00:00,2026-09-21T08:03:48.417+00:00,True,47,47.0,,47.0,277461.459237,280363.24048499996,280363.24070799997,5965.175334212766,41.126741,277461.459237,40462.71308330042,78.33740329999999,63.08220104347826,9.863749148027457,0.1676396660228879,0,64,,True,True,,188,59.56268577710819
213,2026-09-21T07:59:08.339+00:00,2026-09-21T08:03:47.044+00:00,2026-09-21T08:03:52.558+00:00,True,88,88.0,,88.0,278705.02821899997,284218.955387,284218.955294,3229.760855613636,44.468521,278705.02821899997,29703.30124376682,78.10653465,63.3784731954023,9.73671283958738,0.30962044695497837,0,64,,True,True,,264,59.56268577710819
214,2026-09-21T07:59:08.716+00:00,2026-09-21T08:03:48.968+00:00,2026-09-21T08:03:52.261+00:00,True,53,53.0,,53.0,280251.44357999996,283544.51365999994,283544.51366899995,5349.896484320754,46.079611,280251.44357999996,38486.798663170885,78.47895199999999,63.32827076923077,9.428137850808413,0.18691950451050746,0,64,,True,True,,130,59.56268577710819
215,2026-09-21T07:59:09.000+00:00,2026-09-21T08:03:50.329+00:00,2026-09-21T08:03:55.215+00:00,True,77,77.0,,77.0,281329.90119999996,286215.47047999996,286215.470362,3717.0840306753244,41.409721,281329.90119999996,32053.19346188777,77.579923,64.28380631578948,10.083696264623924,0.269028085277384,0,64,,True,True,,309,59.56268577710819
216,2026-09-21T07:59:09.258+00:00,2026-09-21T08:03:51.697+00:00,2026-09-21T08:03:51.931+00:00,True,5,5.0,,5.0,282438.994221,282673.142829,282673.142916,56534.6285832,49.130661,282438.994221,126284.37971105528,225965.0656492,58.537152,8.52944157793979,0.017688273990092842,0,64,,True,True,,70,59.56268577710819
217,2026-09-21T07:59:09.555+00:00,2026-09-21T08:03:53.142+00:00,2026-09-21T08:03:57.942+00:00,True,77,77.0,,77.0,283586.521,288387.395752,288387.395561,3745.2908514415585,40.519521,283586.521,32310.486016946616,76.3169372,63.16940463157894,9.673679064727263,0.26700196032914175,0,64,,True,True,,154,59.56268577710819
220,2026-09-21T07:59:10.562+00:00,2026-09-21T08:03:56.230+00:00,2026-09-21T08:03:57.992+00:00,True,30,30.0,,30.0,285668.354929,287430.495345,287430.49542700005,9581.016514233334,47.053451,285668.354929,52144.574250362515,76.69581,60.76346262068965,9.123303013961197,0.10437305882937471,0,64,,True,True,,288,59.56268577710819
221,2026-09-21T07:59:10.841+00:00,2026-09-21T08:03:57.692+00:00,2026-09-21T08:04:01.876+00:00,True,66,66.0,,66.0,286851.41538200004,291035.07515800005,291035.07515000005,4409.622350757576,45.283721,286851.41538200004,35301.04675028612,77.37392374999999,64.36399655384615,8.474943927126594,0.22677678958169994,0,64,,True,True,,205,59.56268577710819
218,2026-09-21T07:59:09.924+00:00,2026-09-21T08:03:58.756+00:00,2026-09-21T08:04:01.878+00:00,True,49,49.0,,49.0,288832.03817,291954.48041,291954.480395,5958.254701938776,42.424040999999995,288832.03817,41252.42760418278,76.3012694,65.05088,8.455069450583817,0.16783438271331852,0,64,,True,True,,98,59.56268577710819
222,2026-09-21T07:59:11.233+00:00,2026-09-21T08:04:01.307+00:00,2026-09-21T08:04:03.987+00:00,True,43,43.0,,43.0,290073.993157,292753.742277,292753.742164,6808.226561953488,43.224121,290073.993157,44226.14026907796,77.2457359,63.80355047619048,9.38364906651885,0.1468811283693649,0,64,,True,True,,43,59.56268577710819
219,2026-09-21T07:59:10.231+00:00,2026-09-21T08:04:01.308+00:00,2026-09-21T08:04:04.431+00:00,True,50,50.0,,50.0,291077.486942,294200.28067,294200.280587,5884.00561174,46.452531,291077.486942,41155.56116969565,78.27502750000002,63.73048424489796,9.381701371057895,0.16995225118797302,0,64,,True,True,,50,59.56268577710819
223,2026-09-21T07:59:11.531+00:00,2026-09-21T08:04:03.301+00:00,2026-09-21T08:04:08.729+00:00,True,88,88.0,,88.0,291769.94011799997,297198.50075799995,297198.50091199996,3377.2556921818177,42.498041,291769.94011799997,31096.130025030656,77.33386864999999,62.39724873563218,9.62411284410525,0.2960983981263614,0,64,,True,True,,2,59.56268577710819
224,2026-09-21T07:59:11.799+00:00,2026-09-21T08:04:05.024+00:00,2026-09-21T08:04:05.581+00:00,True,10,10.0,,10.0,293224.758466,293782.127042,293782.127118,29378.212711800003,46.030341,293224.758466,92706.2270711076,161308.85907370003,61.929841777777774,12.072875630654217,0.03403883041043667,0,64,,True,True,,40,59.56268577710819
225,2026-09-21T07:59:12.142+00:00,2026-09-21T08:04:06.698+00:00,2026-09-21T08:04:12.189+00:00,False,89,88.0,,88.0,294555.873291,300046.90305100003,300046.903096,3371.3135179325845,0.026359999999999998,294555.873291,31216.24803942348,76.957983,62.39806545454545,11.510394511923797,0.2932874797412668,0,64,,True,False,Request timeout: 300.0s exceeded,176,59.56268577710819
226,2026-09-21T07:59:12.432+00:00,2026-09-21T08:04:08.294+00:00,2026-09-21T08:04:12.450+00:00,False,68,67.0,,67.0,295861.608759,300018.258487,300018.258456,4412.033212588236,0.04019,295861.608759,35870.96881263264,78.76983,62.03954817910448,12.397992555770093,0.22331974173132915,0,64,,True,False,Request timeout: 300.0s exceeded,596,59.56268577710819
227,2026-09-21T07:59:12.819+00:00,2026-09-21T08:04:10.436+00:00,2026-09-21T08:04:11.211+00:00,True,13,13.0,,13.0,297616.90805900004,298391.52617100003,298391.52615600004,22953.19431969231,49.964961,297616.90805900004,82526.17571244153,119091.53949080002,64.55150933333334,8.79307846563881,0.04356692083993718,0,64,,True,True,,117,59.56268577710819
228,2026-09-21T07:59:13.085+00:00,2026-09-21T08:04:11.662+00:00,2026-09-21T08:04:13.148+00:00,False,27,26.0,,26.0,298577.335362,300063.397442,300063.397513,11113.459167148147,0.03152,298577.335362,57450.23711124011,76.91618969999999,57.156233846153846,14.87789608553946,0.08664835571964623,0,64,,True,False,Request timeout: 300.0s exceeded,156,59.56268577710819
229,2026-09-21T07:59:13.464+00:00,2026-09-21T08:04:13.569+00:00,2026-09-21T08:04:13.569+00:00,False,1,0.0,,0.0,300104.878549,300104.878549,300104.878549,300104.878549,300104.878549,300104.878549,nan,300104.878549,nan,nan,0.0,0,64,,True,False,"HTTPConnectionPool(host='gpu06', port=9004): Read timed out.",0,59.56268577710819
230,2026-09-21T07:59:13.781+00:00,2026-09-21T08:04:13.861+00:00,2026-09-21T08:04:13.861+00:00,False,1,0.0,,0.0,300080.142847,300080.142847,300080.142847,300080.142847,300080.142847,300080.142847,nan,300080.142847,nan,nan,0.0,0,64,,True,False,"HTTPConnectionPool(host='gpu06', port=9004): Read timed out.",0,59.56268577710819
231,2026-09-21T07:59:14.083+00:00,2026-09-21T08:04:14.169+00:00,2026-09-21T08:04:14.169+00:00,False,1,0.0,,0.0,300086.381467,300086.381467,300086.381467,300086.381467,300086.381467,300086.381467,nan,300086.381467,nan,nan,0.0,0,64,,True,False,"HTTPConnectionPool(host='gpu06', port=9004): Read timed out.",0,59.56268577710819
232,2026-09-21T07:59:14.341+00:00,2026-09-21T08:04:14.453+00:00,2026-09-21T08:04:14.453+00:00,False,1,0.0,,0.0,300112.348031,300112.348031,300112.348031,300112.348031,300112.348031,300112.348031,nan,300112.348031,nan,nan,0.0,0,64,,True,False,"HTTPConnectionPool(host='gpu06', port=9004): Read timed out.",0,59.56268577710819
233,2026-09-21T07:59:14.610+00:00,2026-09-21T08:04:14.715+00:00,2026-09-21T08:04:14.715+00:00,False,1,0.0,,0.0,300104.911672,300104.911672,300104.911672,300104.911672,300104.911672,300104.911672,nan,300104.911672,nan,nan,0.0,0,64,,True,False,"HTTPConnectionPool(host='gpu06', port=9004): Read timed out.",0,59.56268577710819
234,2026-09-21T07:59:14.921+00:00,2026-09-21T08:04:14.955+00:00,2026-09-21T08:04:14.955+00:00,False,1,0.0,,0.0,300033.563949,300033.563949,300033.563949,300033.563949,300033.563949,300033.563949,nan,300033.563949,nan,nan,0.0,0,64,,True,False,TTFT timeout: 300.0s exceeded (TTFT: 300.029s),0,59.56268577710819
235,2026-09-21T07:59:15.198+00:00,2026-09-21T08:04:15.314+00:00,2026-09-21T08:04:15.314+00:00,False,1,0.0,,0.0,300116.529423,300116.529423,300116.529423,300116.529423,300116.529423,300116.529423,nan,300116.529423,nan,nan,0.0,0,64,,True,False,"HTTPConnectionPool(host='gpu06', port=9004): Read timed out.",0,59.56268577710819
236,2026-09-21T07:59:15.571+00:00,2026-09-21T08:04:15.647+00:00,2026-09-21T08:04:15.647+00:00,False,1,0.0,,0.0,300076.817746,300076.817746,300076.817746,300076.817746,300076.817746,300076.817746,nan,300076.817746,nan,nan,0.0,0,64,,True,False,TTFT timeout: 300.0s exceeded (TTFT: 300.060s),0,59.56268577710819
237,2026-09-21T07:59:15.832+00:00,2026-09-21T08:04:15.803+00:00,2026-09-21T08:04:15.856+00:00,False,3,2.0,,2.0,299971.65582700004,300024.15502700006,300024.15494800004,100008.05164933334,0.02847,299971.65582700004,173173.56303528984,269979.73730940005,26.2496,37.08235403428041,0.006666129931505062,0,64,,True,False,Request timeout: 300.0s exceeded,14,59.56268577710819
238,2026-09-21T07:59:16.140+00:00,2026-09-21T08:04:16.250+00:00,2026-09-21T08:04:16.250+00:00,False,1,0.0,,0.0,300109.05897899996,300109.05897899996,300109.05897899996,300109.05897899996,300109.05897899996,300109.05897899996,nan,300109.05897899996,nan,nan,0.0,0,64,,True,False,"HTTPConnectionPool(host='gpu06', port=9004): Read timed out.",0,59.56268577710819
239,2026-09-21T07:59:16.426+00:00,2026-09-21T08:04:16.529+00:00,2026-09-21T08:04:16.529+00:00,False,1,0.0,,0.0,300102.38631000003,300102.38631000003,300102.38631000003,300102.38631000003,300102.38631000003,300102.38631000003,nan,300102.38631000003,nan,nan,0.0,0,64,,True,False,"HTTPConnectionPool(host='gpu06', port=9004): Read timed out.",0,59.56268577710819
240,2026-09-21T07:59:16.678+00:00,2026-09-21T08:04:16.700+00:00,2026-09-21T08:04:16.700+00:00,False,1,0.0,,0.0,300021.726052,300021.726052,300021.726052,300021.726052,300021.726052,300021.726052,nan,300021.726052,nan,nan,0.0,0,64,,True,False,"HTTPConnectionPool(host='gpu06', port=9004): Read timed out.",0,59.56268577710819
241,2026-09-21T07:59:16.994+00:00,2026-09-21T08:04:17.020+00:00,2026-09-21T08:04:17.020+00:00,False,1,0.0,,0.0,300025.14995,300025.14995,300025.14995,300025.14995,300025.14995,300025.14995,nan,300025.14995,nan,nan,0.0,0,64,,True,False,"HTTPConnectionPool(host='gpu06', port=9004): Read timed out.",0,59.56268577710819
242,2026-09-21T07:59:17.260+00:00,2026-09-21T08:04:17.295+00:00,2026-09-21T08:04:17.295+00:00,False,1,0.0,,0.0,300034.821803,300034.821803,300034.821803,300034.821803,300034.821803,300034.821803,nan,300034.821803,nan,nan,0.0,0,64,,True,False,"HTTPConnectionPool(host='gpu06', port=9004): Read timed out.",0,59.56268577710819
243,2026-09-21T07:59:17.476+00:00,2026-09-21T08:04:17.548+00:00,2026-09-21T08:04:17.548+00:00,False,1,0.0,,0.0,300072.003419,300072.003419,300072.003419,300072.003419,300072.003419,300072.003419,nan,300072.003419,nan,nan,0.0,0,64,,True,False,TTFT timeout: 300.0s exceeded (TTFT: 300.067s),0,59.56268577710819
244,2026-09-21T07:59:17.861+00:00,2026-09-21T08:04:17.917+00:00,2026-09-21T08:04:17.917+00:00,False,1,0.0,,0.0,300056.760013,300056.760013,300056.760013,300056.760013,300056.760013,300056.760013,nan,300056.760013,nan,nan,0.0,0,64,,True,False,TTFT timeout: 300.0s exceeded (TTFT: 300.052s),0,59.56268577710819
245,2026-09-21T07:59:18.150+00:00,2026-09-21T08:04:18.251+00:00,2026-09-21T08:04:18.251+00:00,False,1,0.0,,0.0,300101.66835500003,300101.66835500003,300101.66835500003,300101.66835500003,300101.66835500003,300101.66835500003,nan,300101.66835500003,nan,nan,0.0,0,64,,True,False,"HTTPConnectionPool(host='gpu06', port=9004): Read timed out.",0,59.56268577710819
246,2026-09-21T07:59:19.537+00:00,2026-09-21T08:04:18.821+00:00,2026-09-21T08:04:19.784+00:00,False,16,15.0,,15.0,299284.576225,300247.03740900004,300247.037435,18765.4398396875,0.06902,299284.576225,74805.10890824837,74910.83886850001,64.16407893333333,30.6804348100958,0.049958860974760676,0,64,,True,False,Request timeout: 300.0s exceeded,60,59.56268577710819
247,2026-09-21T07:59:19.550+00:00,2026-09-21T08:04:20.016+00:00,2026-09-21T08:04:20.016+00:00,False,1,0.0,,0.0,300465.875658,300465.875658,300465.875658,300465.875658,300465.875658,300465.875658,nan,300465.875658,nan,nan,0.0,0,64,,True,False,"HTTPConnectionPool(host='gpu06', port=9004): Read timed out.",0,59.56268577710819
248,2026-09-21T07:59:19.769+00:00,2026-09-21T08:04:20.392+00:00,2026-09-21T08:04:20.392+00:00,False,1,0.0,,0.0,300623.137697,300623.137697,300623.137697,300623.137697,300623.137697,300623.137697,nan,300623.137697,nan,nan,0.0,0,64,,True,False,"HTTPConnectionPool(host='gpu06', port=9004): Read timed out.",0,59.56268577710819
249,2026-09-21T07:59:19.942+00:00,2026-09-21T08:04:20.400+00:00,2026-09-21T08:04:20.400+00:00,False,1,0.0,,0.0,300458.556682,300458.556682,300458.556682,300458.556682,300458.556682,300458.556682,nan,300458.556682,nan,nan,0.0,0,64,,True,False,"HTTPConnectionPool(host='gpu06', port=9004): Read timed out.",0,59.56268577710819
251,2026-09-21T07:59:20.030+00:00,2026-09-21T08:04:20.401+00:00,2026-09-21T08:04:20.401+00:00,False,1,0.0,,0.0,300370.437414,300370.437414,300370.437414,300370.437414,300370.437414,300370.437414,nan,300370.437414,nan,nan,0.0,0,64,,True,False,"HTTPConnectionPool(host='gpu06', port=9004): Read timed out.",0,59.56268577710819
250,2026-09-21T07:59:19.991+00:00,2026-09-21T08:04:20.860+00:00,2026-09-21T08:04:21.362+00:00,False,7,6.0,,6.0,300869.494568,301370.686248,301370.686148,43052.955164000006,0.034159999999999996,300869.494568,113686.42045522519,210661.05356480004,83.53194666666667,58.629196739513716,0.019909036524748656,0,64,,True,False,Request timeout: 300.0s exceeded,26,59.56268577710819
252,2026-09-21T07:59:20.220+00:00,2026-09-21T08:04:21.315+00:00,2026-09-21T08:04:21.402+00:00,False,4,3.0,,3.0,301095.542137,301182.588537,301182.588499,75295.64712475,0.033600000000000005,301095.542137,150533.26473677153,255937.7935816,29.01546666666667,25.101724102955266,0.009960735162588765,0,64,,True,False,Request timeout: 300.0s exceeded,4,59.56268577710819
256,2026-09-21T07:59:21.503+00:00,2026-09-21T08:04:21.545+00:00,2026-09-21T08:04:21.545+00:00,False,1,0.0,,0.0,300042.305939,300042.305939,300042.305939,300042.305939,300042.305939,300042.305939,nan,300042.305939,nan,nan,0.0,0,64,,True,False,"HTTPConnectionPool(host='gpu06', port=9004): Read timed out.",0,59.56268577710819
253,2026-09-21T07:59:20.532+00:00,2026-09-21T08:04:21.896+00:00,2026-09-21T08:04:21.896+00:00,False,1,0.0,,0.0,301363.758191,301363.758191,301363.758191,301363.758191,301363.758191,301363.758191,nan,301363.758191,nan,nan,0.0,0,64,,True,False,"HTTPConnectionPool(host='gpu06', port=9004): Read timed out.",0,59.56268577710819
259,2026-09-21T07:59:22.604+00:00,2026-09-21T08:04:23.285+00:00,2026-09-21T08:04:23.285+00:00,False,1,0.0,,0.0,300680.717038,300680.717038,300680.717038,300680.717038,300680.717038,300680.717038,nan,300680.717038,nan,nan,0.0,0,64,,True,False,"HTTPConnectionPool(host='gpu06', port=9004): Read timed out.",0,59.56268577710819
255,2026-09-21T07:59:21.201+00:00,2026-09-21T08:04:23.300+00:00,2026-09-21T08:04:23.300+00:00,False,1,0.0,,0.0,302098.935062,302098.935062,302098.935062,302098.935062,302098.935062,302098.935062,nan,302098.935062,nan,nan,0.0,0,64,,True,False,"HTTPConnectionPool(host='gpu06', port=9004): Read timed out.",0,59.56268577710819
254,2026-09-21T07:59:20.841+00:00,2026-09-21T08:04:23.312+00:00,2026-09-21T08:04:23.312+00:00,False,1,0.0,,0.0,302471.139624,302471.139624,302471.139624,302471.139624,302471.139624,302471.139624,nan,302471.139624,nan,nan,0.0,0,64,,True,False,"HTTPConnectionPool(host='gpu06', port=9004): Read timed out.",0,59.56268577710819
260,2026-09-21T07:59:22.843+00:00,2026-09-21T08:04:23.312+00:00,2026-09-21T08:04:23.312+00:00,False,1,0.0,,0.0,300469.129948,300469.129948,300469.129948,300469.129948,300469.129948,300469.129948,nan,300469.129948,nan,nan,0.0,0,64,,True,False,"HTTPConnectionPool(host='gpu06', port=9004): Read timed out.",0,59.56268577710819
258,2026-09-21T07:59:22.227+00:00,2026-09-21T08:04:23.319+00:00,2026-09-21T08:04:23.319+00:00,False,1,0.0,,0.0,301091.891112,301091.891112,301091.891112,301091.891112,301091.891112,301091.891112,nan,301091.891112,nan,nan,0.0,0,64,,True,False,"HTTPConnectionPool(host='gpu06', port=9004): Read timed out.",0,59.56268577710819
257,2026-09-21T07:59:21.859+00:00,2026-09-21T08:04:23.322+00:00,2026-09-21T08:04:23.322+00:00,False,1,0.0,,0.0,301462.16417400003,301462.16417400003,301462.16417400003,301462.16417400003,301462.16417400003,301462.16417400003,nan,301462.16417400003,nan,nan,0.0,0,64,,True,False,"HTTPConnectionPool(host='gpu06', port=9004): Read timed out.",0,59.56268577710819
261,2026-09-21T07:59:23.218+00:00,2026-09-21T08:04:23.323+00:00,2026-09-21T08:04:23.323+00:00,False,1,0.0,,0.0,300105.048125,300105.048125,300105.048125,300105.048125,300105.048125,300105.048125,nan,300105.048125,nan,nan,0.0,0,64,,True,False,"HTTPConnectionPool(host='gpu06', port=9004): Read timed out.",0,59.56268577710819
262,2026-09-21T07:59:23.536+00:00,2026-09-21T08:04:23.598+00:00,2026-09-21T08:04:23.598+00:00,False,1,0.0,,0.0,300061.917593,300061.917593,300061.917593,300061.917593,300061.917593,300061.917593,nan,300061.917593,nan,nan,0.0,0,64,,True,False,"HTTPConnectionPool(host='gpu06', port=9004): Read timed out.",0,59.56268577710819
263,2026-09-21T07:59:23.872+00:00,2026-09-21T08:04:23.880+00:00,2026-09-21T08:04:23.880+00:00,False,1,0.0,,0.0,300008.21867900004,300008.21867900004,300008.21867900004,300008.21867900004,300008.21867900004,300008.21867900004,nan,300008.21867900004,nan,nan,0.0,0,64,,True,False,"HTTPConnectionPool(host='gpu06', port=9004): Read timed out.",0,59.56268577710819
264,2026-09-21T07:59:24.094+00:00,2026-09-21T08:04:24.124+00:00,2026-09-21T08:04:24.124+00:00,False,1,0.0,,0.0,300029.525915,300029.525915,300029.525915,300029.525915,300029.525915,300029.525915,nan,300029.525915,nan,nan,0.0,0,64,,True,False,"HTTPConnectionPool(host='gpu06', port=9004): Read timed out.",0,59.56268577710819
265,2026-09-21T07:59:24.342+00:00,2026-09-21T08:04:24.461+00:00,2026-09-21T08:04:24.461+00:00,False,1,0.0,,0.0,300119.41224000003,300119.41224000003,300119.41224000003,300119.41224000003,300119.41224000003,300119.41224000003,nan,300119.41224000003,nan,nan,0.0,0,64,,True,False,"HTTPConnectionPool(host='gpu06', port=9004): Read timed out.",0,59.56268577710819
266,2026-09-21T07:59:24.659+00:00,2026-09-21T08:04:24.761+00:00,2026-09-21T08:04:24.761+00:00,False,1,0.0,,0.0,300102.129538,300102.129538,300102.129538,300102.129538,300102.129538,300102.129538,nan,300102.129538,nan,nan,0.0,0,64,,True,False,"HTTPConnectionPool(host='gpu06', port=9004): Read timed out.",0,59.56268577710819
267,2026-09-21T07:59:24.980+00:00,2026-09-21T08:04:25.082+00:00,2026-09-21T08:04:25.082+00:00,False,1,0.0,,0.0,300101.90237699996,300101.90237699996,300101.90237699996,300101.90237699996,300101.90237699996,300101.90237699996,nan,300101.90237699996,nan,nan,0.0,0,64,,True,False,"HTTPConnectionPool(host='gpu06', port=9004): Read timed out.",0,59.56268577710819
268,2026-09-21T07:59:25.239+00:00,2026-09-21T08:04:25.327+00:00,2026-09-21T08:04:25.327+00:00,False,1,0.0,,0.0,300088.263119,300088.263119,300088.263119,300088.263119,300088.263119,300088.263119,nan,300088.263119,nan,nan,0.0,0,64,,True,False,TTFT timeout: 300.0s exceeded (TTFT: 300.083s),0,59.56268577710819
269,2026-09-21T07:59:25.480+00:00,2026-09-21T08:04:25.530+00:00,2026-09-21T08:04:25.530+00:00,False,1,0.0,,0.0,300049.52701200004,300049.52701200004,300049.52701200004,300049.52701200004,300049.52701200004,300049.52701200004,nan,300049.52701200004,nan,nan,0.0,0,64,,True,False,TTFT timeout: 300.0s exceeded (TTFT: 300.035s),0,59.56268577710819
270,2026-09-21T07:59:25.811+00:00,2026-09-21T08:04:25.911+00:00,2026-09-21T08:04:25.911+00:00,False,1,0.0,,0.0,300099.470631,300099.470631,300099.470631,300099.470631,300099.470631,300099.470631,nan,300099.470631,nan,nan,0.0,0,64,,True,False,"HTTPConnectionPool(host='gpu06', port=9004): Read timed out.",0,59.56268577710819
271,2026-09-21T07:59:26.192+00:00,2026-09-21T08:04:26.301+00:00,2026-09-21T08:04:26.301+00:00,False,1,0.0,,0.0,300109.61889499996,300109.61889499996,300109.61889499996,300109.61889499996,300109.61889499996,300109.61889499996,nan,300109.61889499996,nan,nan,0.0,0,64,,True,False,"HTTPConnectionPool(host='gpu06', port=9004): Read timed out.",0,59.56268577710819
272,2026-09-21T07:59:26.486+00:00,2026-09-21T08:04:26.592+00:00,2026-09-21T08:04:26.592+00:00,False,1,0.0,,0.0,300105.992546,300105.992546,300105.992546,300105.992546,300105.992546,300105.992546,nan,300105.992546,nan,nan,0.0,0,64,,True,False,"HTTPConnectionPool(host='gpu06', port=9004): Read timed out.",0,59.56268577710819
273,2026-09-21T07:59:26.788+00:00,2026-09-21T08:04:26.829+00:00,2026-09-21T08:04:26.829+00:00,False,1,0.0,,0.0,300041.249375,300041.249375,300041.249375,300041.249375,300041.249375,300041.249375,nan,300041.249375,nan,nan,0.0,0,64,,True,False,"HTTPConnectionPool(host='gpu06', port=9004): Read timed out.",0,59.56268577710819
274,2026-09-21T07:59:27.082+00:00,2026-09-21T08:04:27.190+00:00,2026-09-21T08:04:27.190+00:00,False,1,0.0,,0.0,300108.005336,300108.005336,300108.005336,300108.005336,300108.005336,300108.005336,nan,300108.005336,nan,nan,0.0,0,64,,True,False,"HTTPConnectionPool(host='gpu06', port=9004): Read timed out.",0,59.56268577710819
275,2026-09-21T07:59:27.429+00:00,2026-09-21T08:04:27.516+00:00,2026-09-21T08:04:27.516+00:00,False,1,0.0,,0.0,300087.042592,300087.042592,300087.042592,300087.042592,300087.042592,300087.042592,nan,300087.042592,nan,nan,0.0,0,64,,True,False,TTFT timeout: 300.0s exceeded (TTFT: 300.080s),0,59.56268577710819
276,2026-09-21T07:59:27.827+00:00,2026-09-21T08:04:27.905+00:00,2026-09-21T08:04:27.905+00:00,False,1,0.0,,0.0,300077.919525,300077.919525,300077.919525,300077.919525,300077.919525,300077.919525,nan,300077.919525,nan,nan,0.0,0,64,,True,False,TTFT timeout: 300.0s exceeded (TTFT: 300.072s),0,59.56268577710819
277,2026-09-21T07:59:28.165+00:00,2026-09-21T08:04:28.277+00:00,2026-09-21T08:04:28.277+00:00,False,1,0.0,,0.0,300112.36874400004,300112.36874400004,300112.36874400004,300112.36874400004,300112.36874400004,300112.36874400004,nan,300112.36874400004,nan,nan,0.0,0,64,,True,False,"HTTPConnectionPool(host='gpu06', port=9004): Read timed out.",0,59.56268577710819
278,2026-09-21T07:59:28.557+00:00,2026-09-21T08:04:28.664+00:00,2026-09-21T08:04:28.664+00:00,False,1,0.0,,0.0,300107.11902700004,300107.11902700004,300107.11902700004,300107.11902700004,300107.11902700004,300107.11902700004,nan,300107.11902700004,nan,nan,0.0,0,64,,True,False,"HTTPConnectionPool(host='gpu06', port=9004): Read timed out.",0,59.56268577710819
279,2026-09-21T07:59:28.823+00:00,2026-09-21T08:04:28.933+00:00,2026-09-21T08:04:28.933+00:00,False,1,0.0,,0.0,300110.31944,300110.31944,300110.31944,300110.31944,300110.31944,300110.31944,nan,300110.31944,nan,nan,0.0,0,64,,True,False,"HTTPConnectionPool(host='gpu06', port=9004): Read timed out.",0,59.56268577710819
280,2026-09-21T07:59:29.207+00:00,2026-09-21T08:04:29.267+00:00,2026-09-21T08:04:29.267+00:00,False,1,0.0,,0.0,300059.495412,300059.495412,300059.495412,300059.495412,300059.495412,300059.495412,nan,300059.495412,nan,nan,0.0,0,64,,True,False,TTFT timeout: 300.0s exceeded (TTFT: 300.057s),0,59.56268577710819
281,2026-09-21T07:59:29.496+00:00,2026-09-21T08:04:29.586+00:00,2026-09-21T08:04:29.586+00:00,False,1,0.0,,0.0,300090.602104,300090.602104,300090.602104,300090.602104,300090.602104,300090.602104,nan,300090.602104,nan,nan,0.0,0,64,,True,False,"HTTPConnectionPool(host='gpu06', port=9004): Read timed out.",0,59.56268577710819
282,2026-09-21T07:59:29.876+00:00,2026-09-21T08:04:29.897+00:00,2026-09-21T08:04:29.897+00:00,False,1,0.0,,0.0,300020.824027,300020.824027,300020.824027,300020.824027,300020.824027,300020.824027,nan,300020.824027,nan,nan,0.0,0,64,,True,False,TTFT timeout: 300.0s exceeded (TTFT: 300.010s),0,59.56268577710819
283,2026-09-21T07:59:30.175+00:00,2026-09-21T08:04:30.284+00:00,2026-09-21T08:04:30.284+00:00,False,1,0.0,,0.0,300109.124389,300109.124389,300109.124389,300109.124389,300109.124389,300109.124389,nan,300109.124389,nan,nan,0.0,0,64,,True,False,"HTTPConnectionPool(host='gpu06', port=9004): Read timed out.",0,59.56268577710819
284,2026-09-21T07:59:30.496+00:00,2026-09-21T08:04:30.609+00:00,2026-09-21T08:04:30.609+00:00,False,1,0.0,,0.0,300113.110408,300113.110408,300113.110408,300113.110408,300113.110408,300113.110408,nan,300113.110408,nan,nan,0.0,0,64,,True,False,"HTTPConnectionPool(host='gpu06', port=9004): Read timed out.",0,59.56268577710819
285,2026-09-21T07:59:30.832+00:00,2026-09-21T08:04:30.938+00:00,2026-09-21T08:04:30.938+00:00,False,1,0.0,,0.0,300105.880854,300105.880854,300105.880854,300105.880854,300105.880854,300105.880854,nan,300105.880854,nan,nan,0.0,0,64,,True,False,"HTTPConnectionPool(host='gpu06', port=9004): Read timed out.",0,59.56268577710819
286,2026-09-21T07:59:31.167+00:00,2026-09-21T08:04:31.278+00:00,2026-09-21T08:04:31.278+00:00,False,1,0.0,,0.0,300110.86356300005,300110.86356300005,300110.86356300005,300110.86356300005,300110.86356300005,300110.86356300005,nan,300110.86356300005,nan,nan,0.0,0,64,,True,False,"HTTPConnectionPool(host='gpu06', port=9004): Read timed out.",0,59.56268577710819
287,2026-09-21T07:59:31.563+00:00,2026-09-21T08:04:31.693+00:00,2026-09-21T08:04:32.912+00:00,False,21,20.0,,20.0,300130.443736,301348.79228,301348.792492,14349.942499619046,0.03625,300130.443736,65480.54650880496,180.939224,60.917427200000006,32.27394439210443,0.06636827660293684,0,64,,True,False,Request timeout: 300.0s exceeded,43,59.56268577710819
288,2026-09-21T07:59:31.950+00:00,2026-09-21T08:04:31.873+00:00,2026-09-21T08:04:32.959+00:00,False,21,20.0,,20.0,299923.13962599996,301009.357866,301009.35790899995,14333.778948047617,0.04168,299923.13962599996,65436.74490466047,78.21164200000001,54.310912,15.551771802908876,0.06644311705718924,0,64,,True,False,Request timeout: 300.0s exceeded,140,59.56268577710819
291,2026-09-21T07:59:32.869+00:00,2026-09-21T08:04:32.913+00:00,2026-09-21T08:04:33.012+00:00,False,4,3.0,,3.0,300044.012607,300143.07180700003,300143.07196900004,75035.76799225001,0.07983,300044.012607,150005.4982793978,255045.62156310002,33.019733333333335,29.005943904668733,0.009995233213076063,0,64,,True,False,Request timeout: 300.0s exceeded,12,59.56268577710819
292,2026-09-21T07:59:33.224+00:00,2026-09-21T08:04:33.286+00:00,2026-09-21T08:04:33.286+00:00,False,1,0.0,,0.0,300061.66403399996,300061.66403399996,300061.66403399996,300061.66403399996,300061.66403399996,300061.66403399996,nan,300061.66403399996,nan,nan,0.0,0,64,,True,False,"HTTPConnectionPool(host='gpu06', port=9004): Read timed out.",0,59.56268577710819
289,2026-09-21T07:59:32.213+00:00,2026-09-21T08:04:33.286+00:00,2026-09-21T08:04:33.286+00:00,False,1,0.0,,0.0,301072.323533,301072.323533,301072.323533,301072.323533,301072.323533,301072.323533,nan,301072.323533,nan,nan,0.0,0,64,,True,False,"HTTPConnectionPool(host='gpu06', port=9004): Read timed out.",0,59.56268577710819
293,2026-09-21T07:59:33.464+00:00,2026-09-21T08:04:33.502+00:00,2026-09-21T08:04:33.502+00:00,False,1,0.0,,0.0,300037.928237,300037.928237,300037.928237,300037.928237,300037.928237,300037.928237,nan,300037.928237,nan,nan,0.0,0,64,,True,False,"HTTPConnectionPool(host='gpu06', port=9004): Read timed out.",0,59.56268577710819
290,2026-09-21T07:59:32.604+00:00,2026-09-21T08:04:34.062+00:00,2026-09-21T08:04:34.929+00:00,False,14,13.0,,13.0,301457.777804,302324.3419,302324.34191200003,21594.595850857142,0.0286,301457.777804,80550.17966810058,105652.10723700002,66.65877661538461,50.98703858812773,0.04300017629509971,0,64,,True,False,Request timeout: 300.0s exceeded,13,59.56268577710819
295,2026-09-21T07:59:34.834+00:00,2026-09-21T08:04:34.063+00:00,2026-09-21T08:04:35.265+00:00,False,20,19.0,,19.0,299229.197698,300430.489986,300430.489903,15021.52449515,0.02028,299229.197698,66895.55784908423,15172.70557565,63.225909894736844,42.683763345132796,0.06324258233871467,0,64,,True,False,Request timeout: 300.0s exceeded,40,59.56268577710819
294,2026-09-21T07:59:34.795+00:00,2026-09-21T08:04:34.281+00:00,2026-09-21T08:04:35.100+00:00,False,16,15.0,,15.0,299485.656887,300304.867639,300304.867494,18769.054218375,0.02682,299485.656887,74857.76373119994,74952.40832825,54.614050133333336,22.008347753742004,0.0499492403101227,0,64,,True,False,Request timeout: 300.0s exceeded,30,59.56268577710819
296,2026-09-21T07:59:34.948+00:00,2026-09-21T08:04:34.383+00:00,2026-09-21T08:04:35.318+00:00,False,19,18.0,,18.0,299434.742995,300369.303763,300369.303684,15808.910720210526,0.11581,299434.742995,68683.13166802058,30010.7283754,51.92004266666667,15.40282158661453,0.05992623005912254,0,64,,True,False,Request timeout: 300.0s exceeded,91,59.56268577710819
298,2026-09-21T07:59:35.162+00:00,2026-09-21T08:04:35.328+00:00,2026-09-21T08:04:35.328+00:00,False,1,0.0,,0.0,300166.505955,300166.505955,300166.505955,300166.505955,300166.505955,300166.505955,nan,300166.505955,nan,nan,0.0,0,64,,True,False,"HTTPConnectionPool(host='gpu06', port=9004): Read timed out.",0,59.56268577710819
297,2026-09-21T07:59:35.156+00:00,2026-09-21T08:04:35.526+00:00,2026-09-21T08:04:35.526+00:00,False,1,0.0,,0.0,300369.838251,300369.838251,300369.838251,300369.838251,300369.838251,300369.838251,nan,300369.838251,nan,nan,0.0,0,64,,True,False,"HTTPConnectionPool(host='gpu06', port=9004): Read timed out.",0,59.56268577710819
299,2026-09-21T07:59:35.523+00:00,2026-09-21T08:04:35.996+00:00,2026-09-21T08:04:35.996+00:00,False,1,0.0,,0.0,300473.017311,300473.017311,300473.017311,300473.017311,300473.017311,300473.017311,nan,300473.017311,nan,nan,0.0,0,64,,True,False,"HTTPConnectionPool(host='gpu06', port=9004): Read timed out.",0,59.56268577710819
300,2026-09-21T07:59:35.809+00:00,2026-09-21T08:04:36.191+00:00,2026-09-21T08:04:36.191+00:00,False,1,0.0,,0.0,300382.013273,300382.013273,300382.013273,300382.013273,300382.013273,300382.013273,nan,300382.013273,nan,nan,0.0,0,64,,True,False,"HTTPConnectionPool(host='gpu06', port=9004): Read timed out.",0,59.56268577710819
302,2026-09-21T07:59:36.040+00:00,2026-09-21T08:04:36.211+00:00,2026-09-21T08:04:36.211+00:00,False,1,0.0,,0.0,300170.798522,300170.798522,300170.798522,300170.798522,300170.798522,300170.798522,nan,300170.798522,nan,nan,0.0,0,64,,True,False,"HTTPConnectionPool(host='gpu06', port=9004): Read timed out.",0,59.56268577710819
301,2026-09-21T07:59:35.958+00:00,2026-09-21T08:04:36.249+00:00,2026-09-21T08:04:36.249+00:00,False,1,0.0,,0.0,300291.04244700004,300291.04244700004,300291.04244700004,300291.04244700004,300291.04244700004,300291.04244700004,nan,300291.04244700004,nan,nan,0.0,0,64,,True,False,"HTTPConnectionPool(host='gpu06', port=9004): Read timed out.",0,59.56268577710819
303,2026-09-21T07:59:36.278+00:00,2026-09-21T08:04:36.408+00:00,2026-09-21T08:04:36.408+00:00,False,1,0.0,,0.0,300130.14260900003,300130.14260900003,300130.14260900003,300130.14260900003,300130.14260900003,300130.14260900003,nan,300130.14260900003,nan,nan,0.0,0,64,,True,False,"HTTPConnectionPool(host='gpu06', port=9004): Read timed out.",0,59.56268577710819
304,2026-09-21T07:59:36.542+00:00,2026-09-21T08:04:36.659+00:00,2026-09-21T08:04:36.659+00:00,False,1,0.0,,0.0,300117.04008099996,300117.04008099996,300117.04008099996,300117.04008099996,300117.04008099996,300117.04008099996,nan,300117.04008099996,nan,nan,0.0,0,64,,True,False,"HTTPConnectionPool(host='gpu06', port=9004): Read timed out.",0,59.56268577710819
305,2026-09-21T07:59:36.845+00:00,2026-09-21T08:04:36.914+00:00,2026-09-21T08:04:36.914+00:00,False,1,0.0,,0.0,300068.258258,300068.258258,300068.258258,300068.258258,300068.258258,300068.258258,nan,300068.258258,nan,nan,0.0,0,64,,True,False,"HTTPConnectionPool(host='gpu06', port=9004): Read timed out.",0,59.56268577710819
306,2026-09-21T07:59:37.078+00:00,2026-09-21T08:04:37.176+00:00,2026-09-21T08:04:37.176+00:00,False,1,0.0,,0.0,300098.710242,300098.710242,300098.710242,300098.710242,300098.710242,300098.710242,nan,300098.710242,nan,nan,0.0,0,64,,True,False,"HTTPConnectionPool(host='gpu06', port=9004): Read timed out.",0,59.56268577710819
307,2026-09-21T07:59:37.381+00:00,2026-09-21T08:04:37.481+00:00,2026-09-21T08:04:37.481+00:00,False,1,0.0,,0.0,300099.973107,300099.973107,300099.973107,300099.973107,300099.973107,300099.973107,nan,300099.973107,nan,nan,0.0,0,64,,True,False,"HTTPConnectionPool(host='gpu06', port=9004): Read timed out.",0,59.56268577710819
308,2026-09-21T07:59:37.639+00:00,2026-09-21T08:04:37.735+00:00,2026-09-21T08:04:37.735+00:00,False,1,0.0,,0.0,300096.00599800004,300096.00599800004,300096.00599800004,300096.00599800004,300096.00599800004,300096.00599800004,nan,300096.00599800004,nan,nan,0.0,0,64,,True,False,"HTTPConnectionPool(host='gpu06', port=9004): Read timed out.",0,59.56268577710819
309,2026-09-21T07:59:37.923+00:00,2026-09-21T08:04:37.911+00:00,2026-09-21T08:04:38.081+00:00,False,3,2.0,,2.0,299987.569832,300157.491112,300157.490962,100052.49698733333,0.03936,299987.569832,173148.8730158608,270005.8010258,84.96064,120.09673540041508,0.006663168700506379,0,64,,True,False,Request timeout: 300.0s exceeded,12,59.56268577710819
310,2026-09-21T07:59:38.250+00:00,2026-09-21T08:04:38.252+00:00,2026-09-21T08:04:38.298+00:00,False,3,2.0,,2.0,300002.65918300004,300048.16779100004,300048.16759100003,100016.05586366668,0.027370000000000002,300002.65918300004,173193.4803822369,270006.9413685,22.754304,32.14070718125984,0.006665596443145454,0,64,,True,False,Request timeout: 300.0s exceeded,9,59.56268577710819
311,2026-09-21T07:59:38.533+00:00,2026-09-21T08:04:38.634+00:00,2026-09-21T08:04:38.634+00:00,False,1,0.0,,0.0,300101.450295,300101.450295,300101.450295,300101.450295,300101.450295,300101.450295,nan,300101.450295,nan,nan,0.0,0,64,,True,False,"HTTPConnectionPool(host='gpu06', port=9004): Read timed out.",0,59.56268577710819
312,2026-09-21T07:59:38.898+00:00,2026-09-21T08:04:38.970+00:00,2026-09-21T08:04:38.970+00:00,False,1,0.0,,0.0,300071.90675300005,300071.90675300005,300071.90675300005,300071.90675300005,300071.90675300005,300071.90675300005,nan,300071.90675300005,nan,nan,0.0,0,64,,True,False,"HTTPConnectionPool(host='gpu06', port=9004): Read timed out.",0,59.56268577710819
313,2026-09-21T07:59:39.247+00:00,2026-09-21T08:04:39.352+00:00,2026-09-21T08:04:39.352+00:00,False,1,0.0,,0.0,300105.70627799997,300105.70627799997,300105.70627799997,300105.70627799997,300105.70627799997,300105.70627799997,nan,300105.70627799997,nan,nan,0.0,0,64,,True,False,"HTTPConnectionPool(host='gpu06', port=9004): Read timed out.",0,59.56268577710819
314,2026-09-21T07:59:39.481+00:00,2026-09-21T08:04:39.585+00:00,2026-09-21T08:04:39.585+00:00,False,1,0.0,,0.0,300103.768553,300103.768553,300103.768553,300103.768553,300103.768553,300103.768553,nan,300103.768553,nan,nan,0.0,0,64,,True,False,"HTTPConnectionPool(host='gpu06', port=9004): Read timed out.",0,59.56268577710819
315,2026-09-21T07:59:39.771+00:00,2026-09-21T08:04:39.877+00:00,2026-09-21T08:04:39.877+00:00,False,1,0.0,,0.0,300106.61947000003,300106.61947000003,300106.61947000003,300106.61947000003,300106.61947000003,300106.61947000003,nan,300106.61947000003,nan,nan,0.0,0,64,,True,False,"HTTPConnectionPool(host='gpu06', port=9004): Read timed out.",0,59.56268577710819
316,2026-09-21T07:59:40.121+00:00,2026-09-21T08:04:40.155+00:00,2026-09-21T08:04:40.155+00:00,False,1,0.0,,0.0,300034.554322,300034.554322,300034.554322,300034.554322,300034.554322,300034.554322,nan,300034.554322,nan,nan,0.0,0,64,,True,False,TTFT timeout: 300.0s exceeded (TTFT: 300.028s),0,59.56268577710819
317,2026-09-21T07:59:40.447+00:00,2026-09-21T08:04:40.461+00:00,2026-09-21T08:04:40.461+00:00,False,1,0.0,,0.0,300013.880755,300013.880755,300013.880755,300013.880755,300013.880755,300013.880755,nan,300013.880755,nan,nan,0.0,0,64,,True,False,TTFT timeout: 300.0s exceeded (TTFT: 300.009s),0,59.56268577710819
318,2026-09-21T07:59:40.668+00:00,2026-09-21T08:04:40.698+00:00,2026-09-21T08:04:40.768+00:00,False,3,2.0,,2.0,300030.133131,300100.184203,300100.184157,100033.39471899999,0.054479999999999994,300030.133131,173202.25966929997,270034.1194725,35.025536,49.456473803458,0.006664441094268435,0,64,,True,False,Request timeout: 300.0s exceeded,7,59.56268577710819
319,2026-09-21T07:59:41.041+00:00,2026-09-21T08:04:41.144+00:00,2026-09-21T08:04:41.144+00:00,False,1,0.0,,0.0,300103.38397100003,300103.38397100003,300103.38397100003,300103.38397100003,300103.38397100003,300103.38397100003,nan,300103.38397100003,nan,nan,0.0,0,64,,True,False,"HTTPConnectionPool(host='gpu06', port=9004): Read timed out.",0,59.56268577710819
320,2026-09-21T07:59:41.354+00:00,2026-09-21T08:04:41.399+00:00,2026-09-21T08:04:41.399+00:00,False,1,0.0,,0.0,300045.733778,300045.733778,300045.733778,300045.733778,300045.733778,300045.733778,nan,300045.733778,nan,nan,0.0,0,64,,True,False,"HTTPConnectionPool(host='gpu06', port=9004): Read timed out.",0,59.56268577710819
321,2026-09-21T07:59:41.666+00:00,2026-09-21T08:04:41.772+00:00,2026-09-21T08:04:41.772+00:00,False,1,0.0,,0.0,300105.925067,300105.925067,300105.925067,300105.925067,300105.925067,300105.925067,nan,300105.925067,nan,nan,0.0,0,64,,True,False,"HTTPConnectionPool(host='gpu06', port=9004): Read timed out.",0,59.56268577710819
322,2026-09-21T07:59:41.945+00:00,2026-09-21T08:04:42.004+00:00,2026-09-21T08:04:42.004+00:00,False,1,0.0,,0.0,300059.50809899997,300059.50809899997,300059.50809899997,300059.50809899997,300059.50809899997,300059.50809899997,nan,300059.50809899997,nan,nan,0.0,0,64,,True,False,TTFT timeout: 300.0s exceeded (TTFT: 300.055s),0,59.56268577710819
323,2026-09-21T07:59:42.302+00:00,2026-09-21T08:04:42.413+00:00,2026-09-21T08:04:42.413+00:00,False,1,0.0,,0.0,300111.870452,300111.870452,300111.870452,300111.870452,300111.870452,300111.870452,nan,300111.870452,nan,nan,0.0,0,64,,True,False,"HTTPConnectionPool(host='gpu06', port=9004): Read timed out.",0,59.56268577710819
324,2026-09-21T07:59:42.632+00:00,2026-09-21T08:04:42.737+00:00,2026-09-21T08:04:42.737+00:00,False,1,0.0,,0.0,300104.771023,300104.771023,300104.771023,300104.771023,300104.771023,300104.771023,nan,300104.771023,nan,nan,0.0,0,64,,True,False,"HTTPConnectionPool(host='gpu06', port=9004): Read timed out.",0,59.56268577710819
325,2026-09-21T07:59:42.945+00:00,2026-09-21T08:04:43.019+00:00,2026-09-21T08:04:43.019+00:00,False,1,0.0,,0.0,300073.930319,300073.930319,300073.930319,300073.930319,300073.930319,300073.930319,nan,300073.930319,nan,nan,0.0,0,64,,True,False,"HTTPConnectionPool(host='gpu06', port=9004): Read timed out.",0,59.56268577710819
326,2026-09-21T07:59:43.162+00:00,2026-09-21T08:04:43.210+00:00,2026-09-21T08:04:43.210+00:00,False,1,0.0,,0.0,300048.208448,300048.208448,300048.208448,300048.208448,300048.208448,300048.208448,nan,300048.208448,nan,nan,0.0,0,64,,True,False,"HTTPConnectionPool(host='gpu06', port=9004): Read timed out.",0,59.56268577710819
327,2026-09-21T07:59:43.409+00:00,2026-09-21T08:04:43.515+00:00,2026-09-21T08:04:43.515+00:00,False,1,0.0,,0.0,300106.659488,300106.659488,300106.659488,300106.659488,300106.659488,300106.659488,nan,300106.659488,nan,nan,0.0,0,64,,True,False,"HTTPConnectionPool(host='gpu06', port=9004): Read timed out.",0,59.56268577710819
328,2026-09-21T07:59:43.658+00:00,2026-09-21T08:04:43.757+00:00,2026-09-21T08:04:43.757+00:00,False,1,0.0,,0.0,300099.12878100004,300099.12878100004,300099.12878100004,300099.12878100004,300099.12878100004,300099.12878100004,nan,300099.12878100004,nan,nan,0.0,0,64,,True,False,"HTTPConnectionPool(host='gpu06', port=9004): Read timed out.",0,59.56268577710819
329,2026-09-21T07:59:43.883+00:00,2026-09-21T08:04:43.987+00:00,2026-09-21T08:04:43.987+00:00,False,1,0.0,,0.0,300104.324377,300104.324377,300104.324377,300104.324377,300104.324377,300104.324377,nan,300104.324377,nan,nan,0.0,0,64,,True,False,"HTTPConnectionPool(host='gpu06', port=9004): Read timed out.",0,59.56268577710819
330,2026-09-21T07:59:44.260+00:00,2026-09-21T08:04:44.365+00:00,2026-09-21T08:04:44.365+00:00,False,1,0.0,,0.0,300105.068341,300105.068341,300105.068341,300105.068341,300105.068341,300105.068341,nan,300105.068341,nan,nan,0.0,0,64,,True,False,"HTTPConnectionPool(host='gpu06', port=9004): Read timed out.",0,59.56268577710819
331,2026-09-21T07:59:44.536+00:00,2026-09-21T08:04:44.637+00:00,2026-09-21T08:04:44.637+00:00,False,1,0.0,,0.0,300100.4585,300100.4585,300100.4585,300100.4585,300100.4585,300100.4585,nan,300100.4585,nan,nan,0.0,0,64,,True,False,TTFT timeout: 300.0s exceeded (TTFT: 300.094s),0,59.56268577710819
332,2026-09-21T07:59:44.848+00:00,2026-09-21T08:04:44.749+00:00,2026-09-21T08:04:44.923+00:00,False,3,2.0,,2.0,299901.337755,300075.668635,300075.66851499997,100025.22283833333,0.04231,299901.337755,173097.81505283286,269928.6328245,87.16544,123.21081103734363,0.006664985565466555,0,64,,True,False,Request timeout: 300.0s exceeded,4,59.56268577710819
333,2026-09-21T07:59:45.206+00:00,2026-09-21T08:04:45.309+00:00,2026-09-21T08:04:45.309+00:00,False,1,0.0,,0.0,300103.39115,300103.39115,300103.39115,300103.39115,300103.39115,300103.39115,nan,300103.39115,nan,nan,0.0,0,64,,True,False,"HTTPConnectionPool(host='gpu06', port=9004): Read timed out.",0,59.56268577710819
334,2026-09-21T07:59:45.591+00:00,2026-09-21T08:04:45.987+00:00,2026-09-21T08:04:47.073+00:00,False,19,18.0,,18.0,300395.868455,301482.452775,301482.452798,15867.49751568421,0.04057,300395.868455,68901.69675547659,30193.778291599996,60.36579555555555,31.971957585320016,0.05970496735156131,0,64,,True,False,Request timeout: 300.0s exceeded,72,59.56268577710819
335,2026-09-21T07:59:45.966+00:00,2026-09-21T08:04:46.852+00:00,2026-09-21T08:04:47.188+00:00,False,8,7.0,,7.0,300886.166019,301222.311939,301222.311928,37652.788991,0.039189999999999996,300886.166019,106362.3481140535,195597.2197033,48.02084571428572,21.529556009585317,0.023238650400563818,0,64,,True,False,Request timeout: 300.0s exceeded,7,59.56268577710819
339,2026-09-21T07:59:47.170+00:00,2026-09-21T08:04:47.250+00:00,2026-09-21T08:04:47.250+00:00,False,1,0.0,,0.0,300080.349248,300080.349248,300080.349248,300080.349248,300080.349248,300080.349248,nan,300080.349248,nan,nan,0.0,0,64,,True,False,"HTTPConnectionPool(host='gpu06', port=9004): Read timed out.",0,59.56268577710819
336,2026-09-21T07:59:46.362+00:00,2026-09-21T08:04:47.507+00:00,2026-09-21T08:04:47.507+00:00,False,1,0.0,,0.0,301145.17699400004,301145.17699400004,301145.17699400004,301145.17699400004,301145.17699400004,301145.17699400004,nan,301145.17699400004,nan,nan,0.0,0,64,,True,False,"HTTPConnectionPool(host='gpu06', port=9004): Read timed out.",0,59.56268577710819
340,2026-09-21T07:59:47.475+00:00,2026-09-21T08:04:47.526+00:00,2026-09-21T08:04:47.526+00:00,False,1,0.0,,0.0,300050.53203500004,300050.53203500004,300050.53203500004,300050.53203500004,300050.53203500004,300050.53203500004,nan,300050.53203500004,nan,nan,0.0,0,64,,True,False,"HTTPConnectionPool(host='gpu06', port=9004): Read timed out.",0,59.56268577710819
337,2026-09-21T07:59:46.643+00:00,2026-09-21T08:04:47.686+00:00,2026-09-21T08:04:47.686+00:00,False,1,0.0,,0.0,301042.772728,301042.772728,301042.772728,301042.772728,301042.772728,301042.772728,nan,301042.772728,nan,nan,0.0,0,64,,True,False,"HTTPConnectionPool(host='gpu06', port=9004): Read timed out.",0,59.56268577710819
341,2026-09-21T07:59:47.846+00:00,2026-09-21T08:04:47.945+00:00,2026-09-21T08:04:47.945+00:00,False,1,0.0,,0.0,300098.864097,300098.864097,300098.864097,300098.864097,300098.864097,300098.864097,nan,300098.864097,nan,nan,0.0,0,64,,True,False,"HTTPConnectionPool(host='gpu06', port=9004): Read timed out.",0,59.56268577710819
338,2026-09-21T07:59:46.927+00:00,2026-09-21T08:04:48.085+00:00,2026-09-21T08:04:48.085+00:00,False,1,0.0,,0.0,301158.073938,301158.073938,301158.073938,301158.073938,301158.073938,301158.073938,nan,301158.073938,nan,nan,0.0,0,64,,True,False,"HTTPConnectionPool(host='gpu06', port=9004): Read timed out.",0,59.56268577710819
342,2026-09-21T07:59:48.069+00:00,2026-09-21T08:04:48.140+00:00,2026-09-21T08:04:48.140+00:00,False,1,0.0,,0.0,300070.72296499996,300070.72296499996,300070.72296499996,300070.72296499996,300070.72296499996,300070.72296499996,nan,300070.72296499996,nan,nan,0.0,0,64,,True,False,"HTTPConnectionPool(host='gpu06', port=9004): Read timed out.",0,59.56268577710819
343,2026-09-21T07:59:48.285+00:00,2026-09-21T08:04:48.390+00:00,2026-09-21T08:04:48.390+00:00,False,1,0.0,,0.0,300104.666551,300104.666551,300104.666551,300104.666551,300104.666551,300104.666551,nan,300104.666551,nan,nan,0.0,0,64,,True,False,"HTTPConnectionPool(host='gpu06', port=9004): Read timed out.",0,59.56268577710819
344,2026-09-21T07:59:48.612+00:00,2026-09-21T08:04:48.727+00:00,2026-09-21T08:04:48.727+00:00,False,1,0.0,,0.0,300115.095391,300115.095391,300115.095391,300115.095391,300115.095391,300115.095391,nan,300115.095391,nan,nan,0.0,0,64,,True,False,"HTTPConnectionPool(host='gpu06', port=9004): Read timed out.",0,59.56268577710819
345,2026-09-21T07:59:48.989+00:00,2026-09-21T08:04:49.023+00:00,2026-09-21T08:04:49.023+00:00,False,1,0.0,,0.0,300033.90226999996,300033.90226999996,300033.90226999996,300033.90226999996,300033.90226999996,300033.90226999996,nan,300033.90226999996,nan,nan,0.0,0,64,,True,False,TTFT timeout: 300.0s exceeded (TTFT: 300.031s),0,59.56268577710819
346,2026-09-21T07:59:49.385+00:00,2026-09-21T08:04:49.281+00:00,2026-09-21T08:04:49.406+00:00,False,4,3.0,,3.0,299895.58141900005,300020.86986700003,300020.86983200005,75005.21745800001,0.07814,299895.58141900005,149926.9125316504,254922.45379855006,41.762816,38.08196558266939,0.009999304386157893,0,64,,True,False,Request timeout: 300.0s exceeded,18,59.56268577710819
347,2026-09-21T07:59:49.655+00:00,2026-09-21T08:04:49.763+00:00,2026-09-21T08:04:49.763+00:00,False,1,0.0,,0.0,300108.642787,300108.642787,300108.642787,300108.642787,300108.642787,300108.642787,nan,300108.642787,nan,nan,0.0,0,64,,True,False,"HTTPConnectionPool(host='gpu06', port=9004): Read timed out.",0,59.56268577710819
348,2026-09-21T07:59:50.037+00:00,2026-09-21T08:04:50.144+00:00,2026-09-21T08:04:50.144+00:00,False,1,0.0,,0.0,300107.0845,300107.0845,300107.0845,300107.0845,300107.0845,300107.0845,nan,300107.0845,nan,nan,0.0,0,64,,True,False,"HTTPConnectionPool(host='gpu06', port=9004): Read timed out.",0,59.56268577710819
349,2026-09-21T07:59:50.384+00:00,2026-09-21T08:04:50.488+00:00,2026-09-21T08:04:50.488+00:00,False,1,0.0,,0.0,300104.155768,300104.155768,300104.155768,300104.155768,300104.155768,300104.155768,nan,300104.155768,nan,nan,0.0,0,64,,True,False,"HTTPConnectionPool(host='gpu06', port=9004): Read timed out.",0,59.56268577710819
350,2026-09-21T07:59:50.680+00:00,2026-09-21T08:04:50.785+00:00,2026-09-21T08:04:50.785+00:00,False,1,0.0,,0.0,300104.834773,300104.834773,300104.834773,300104.834773,300104.834773,300104.834773,nan,300104.834773,nan,nan,0.0,0,64,,True,False,"HTTPConnectionPool(host='gpu06', port=9004): Read timed out.",0,59.56268577710819
351,2026-09-21T07:59:51.071+00:00,2026-09-21T08:04:51.074+00:00,2026-09-21T08:04:51.338+00:00,False,3,2.0,,2.0,300002.373922,300266.37213,300266.372066,100088.79068866666,0.03594,300002.373922,173130.2919340269,270028.5327502,131.999104,186.6242376838212,0.006660752537197547,0,64,,True,False,Request timeout: 300.0s exceeded,4,59.56268577710819
352,2026-09-21T07:59:51.381+00:00,2026-09-21T08:04:51.339+00:00,2026-09-21T08:04:51.464+00:00,False,3,2.0,,2.0,299958.358608,300083.39566399995,300083.39551099995,100027.79850366667,0.02442,299958.358608,173144.9553213385,269975.0239955,62.518528,88.38015652336517,0.006664813944718813,0,64,,True,False,Request timeout: 300.0s exceeded,8,59.56268577710819
353,2026-09-21T07:59:51.690+00:00,2026-09-21T08:04:51.769+00:00,2026-09-21T08:04:51.769+00:00,False,1,0.0,,0.0,300078.601114,300078.601114,300078.601114,300078.601114,300078.601114,300078.601114,nan,300078.601114,nan,nan,0.0,0,64,,True,False,"HTTPConnectionPool(host='gpu06', port=9004): Read timed out.",0,59.56268577710819
354,2026-09-21T07:59:52.070+00:00,2026-09-21T08:04:52.169+00:00,2026-09-21T08:04:52.169+00:00,False,1,0.0,,0.0,300098.920657,300098.920657,300098.920657,300098.920657,300098.920657,300098.920657,nan,300098.920657,nan,nan,0.0,0,64,,True,False,"HTTPConnectionPool(host='gpu06', port=9004): Read timed out.",0,59.56268577710819
355,2026-09-21T07:59:52.449+00:00,2026-09-21T08:04:52.566+00:00,2026-09-21T08:04:52.566+00:00,False,1,0.0,,0.0,300116.751979,300116.751979,300116.751979,300116.751979,300116.751979,300116.751979,nan,300116.751979,nan,nan,0.0,0,64,,True,False,"HTTPConnectionPool(host='gpu06', port=9004): Read timed out.",0,59.56268577710819
356,2026-09-21T07:59:54.259+00:00,2026-09-21T08:04:53.201+00:00,2026-09-21T08:04:54.565+00:00,False,25,24.0,,24.0,298941.856562,300305.873458,300305.873548,12012.23494192,0.021079999999999998,298941.856562,59777.006748080945,90.2872624,56.834037333333335,16.73115414075943,0.07991851682300372,0,64,,True,False,Request timeout: 300.0s exceeded,96,59.56268577710819
358,2026-09-21T07:59:54.500+00:00,2026-09-21T08:04:53.581+00:00,2026-09-21T08:04:54.564+00:00,True,18,18.0,,18.0,299080.466036,300063.589492,300063.589396,16670.19941088889,43.374327,299080.466036,70480.31160573846,44924.017230499994,57.83079152941176,9.222234720014654,0.05998728479677771,0,64,,True,True,,68,59.56268577710819
359,2026-09-21T07:59:54.593+00:00,2026-09-21T08:04:54.837+00:00,2026-09-21T08:04:54.837+00:00,False,1,0.0,,0.0,300243.784782,300243.784782,300243.784782,300243.784782,300243.784782,300243.784782,nan,300243.784782,nan,nan,0.0,0,64,,True,False,"HTTPConnectionPool(host='gpu06', port=9004): Read timed out.",0,59.56268577710819
360,2026-09-21T07:59:54.710+00:00,2026-09-21T08:04:55.312+00:00,2026-09-21T08:04:55.312+00:00,False,1,0.0,,0.0,300602.295662,300602.295662,300602.295662,300602.295662,300602.295662,300602.295662,nan,300602.295662,nan,nan,0.0,0,64,,True,False,"HTTPConnectionPool(host='gpu06', port=9004): Read timed out.",0,59.56268577710819
357,2026-09-21T07:59:54.457+00:00,2026-09-21T08:04:55.315+00:00,2026-09-21T08:04:55.315+00:00,False,1,0.0,,0.0,300858.060334,300858.060334,300858.060334,300858.060334,300858.060334,300858.060334,nan,300858.060334,nan,nan,0.0,0,64,,True,False,TTFT timeout: 300.0s exceeded (TTFT: 300.066s),0,59.56268577710819
362,2026-09-21T07:59:54.956+00:00,2026-09-21T08:04:55.343+00:00,2026-09-21T08:04:55.343+00:00,False,1,0.0,,0.0,300387.371819,300387.371819,300387.371819,300387.371819,300387.371819,300387.371819,nan,300387.371819,nan,nan,0.0,0,64,,True,False,"HTTPConnectionPool(host='gpu06', port=9004): Read timed out.",0,59.56268577710819
361,2026-09-21T07:59:54.855+00:00,2026-09-21T08:04:55.374+00:00,2026-09-21T08:04:55.374+00:00,False,1,0.0,,0.0,300518.82028600003,300518.82028600003,300518.82028600003,300518.82028600003,300518.82028600003,300518.82028600003,nan,300518.82028600003,nan,nan,0.0,0,64,,True,False,"HTTPConnectionPool(host='gpu06', port=9004): Read timed out.",0,59.56268577710819
363,2026-09-21T07:59:55.081+00:00,2026-09-21T08:04:55.382+00:00,2026-09-21T08:04:55.382+00:00,False,1,0.0,,0.0,300300.682815,300300.682815,300300.682815,300300.682815,300300.682815,300300.682815,nan,300300.682815,nan,nan,0.0,0,64,,True,False,"HTTPConnectionPool(host='gpu06', port=9004): Read timed out.",0,59.56268577710819
364,2026-09-21T07:59:55.212+00:00,2026-09-21T08:04:55.480+00:00,2026-09-21T08:04:55.480+00:00,False,1,0.0,,0.0,300268.096648,300268.096648,300268.096648,300268.096648,300268.096648,300268.096648,nan,300268.096648,nan,nan,0.0,0,64,,True,False,"HTTPConnectionPool(host='gpu06', port=9004): Read timed out.",0,59.56268577710819
365,2026-09-21T07:59:55.440+00:00,2026-09-21T08:04:55.601+00:00,2026-09-21T08:04:55.601+00:00,False,1,0.0,,0.0,300161.297031,300161.297031,300161.297031,300161.297031,300161.297031,300161.297031,nan,300161.297031,nan,nan,0.0,0,64,,True,False,"HTTPConnectionPool(host='gpu06', port=9004): Read timed out.",0,59.56268577710819
366,2026-09-21T07:59:55.700+00:00,2026-09-21T08:04:55.805+00:00,2026-09-21T08:04:55.805+00:00,False,1,0.0,,0.0,300105.142295,300105.142295,300105.142295,300105.142295,300105.142295,300105.142295,nan,300105.142295,nan,nan,0.0,0,64,,True,False,"HTTPConnectionPool(host='gpu06', port=9004): Read timed out.",0,59.56268577710819
367,2026-09-21T07:59:55.936+00:00,2026-09-21T08:04:56.044+00:00,2026-09-21T08:04:56.044+00:00,False,1,0.0,,0.0,300108.21642,300108.21642,300108.21642,300108.21642,300108.21642,300108.21642,nan,300108.21642,nan,nan,0.0,0,64,,True,False,"HTTPConnectionPool(host='gpu06', port=9004): Read timed out.",0,59.56268577710819
368,2026-09-21T07:59:56.326+00:00,2026-09-21T08:04:56.432+00:00,2026-09-21T08:04:56.432+00:00,False,1,0.0,,0.0,300106.180372,300106.180372,300106.180372,300106.180372,300106.180372,300106.180372,nan,300106.180372,nan,nan,0.0,0,64,,True,False,"HTTPConnectionPool(host='gpu06', port=9004): Read timed out.",0,59.56268577710819
369,2026-09-21T07:59:56.582+00:00,2026-09-21T08:04:56.701+00:00,2026-09-21T08:04:56.701+00:00,False,1,0.0,,0.0,300119.533053,300119.533053,300119.533053,300119.533053,300119.533053,300119.533053,nan,300119.533053,nan,nan,0.0,0,64,,True,False,"HTTPConnectionPool(host='gpu06', port=9004): Read timed out.",0,59.56268577710819
370,2026-09-21T07:59:56.885+00:00,2026-09-21T08:04:56.918+00:00,2026-09-21T08:04:56.918+00:00,False,1,0.0,,0.0,300032.636003,300032.636003,300032.636003,300032.636003,300032.636003,300032.636003,nan,300032.636003,nan,nan,0.0,0,64,,True,False,TTFT timeout: 300.0s exceeded (TTFT: 300.019s),0,59.56268577710819
371,2026-09-21T07:59:57.217+00:00,2026-09-21T08:04:57.190+00:00,2026-09-21T08:04:57.358+00:00,False,3,2.0,,2.0,299973.355367,300141.621607,300141.621576,100047.20719199999,0.045219999999999996,299973.355367,173141.14361942213,269992.8419292,84.13312,118.91811850382484,0.0066635210048233955,0,64,,True,False,Request timeout: 300.0s exceeded,8,59.56268577710819
372,2026-09-21T07:59:57.503+00:00,2026-09-21T08:04:57.446+00:00,2026-09-21T08:04:57.584+00:00,False,4,3.0,,3.0,299943.231966,300081.025246,300081.025308,75020.256327,0.02502,299943.231966,149948.65446014862,254964.37542435003,45.93109333333334,42.59980287407938,0.009997299887724206,0,64,,True,False,Request timeout: 300.0s exceeded,20,59.56268577710819
373,2026-09-21T07:59:57.846+00:00,2026-09-21T08:04:57.965+00:00,2026-09-21T08:04:57.965+00:00,False,1,0.0,,0.0,300118.848964,300118.848964,300118.848964,300118.848964,300118.848964,300118.848964,nan,300118.848964,nan,nan,0.0,0,64,,True,False,"HTTPConnectionPool(host='gpu06', port=9004): Read timed out.",0,59.56268577710819
374,2026-09-21T07:59:58.182+00:00,2026-09-21T08:04:58.304+00:00,2026-09-21T08:04:58.304+00:00,False,1,0.0,,0.0,300122.895685,300122.895685,300122.895685,300122.895685,300122.895685,300122.895685,nan,300122.895685,nan,nan,0.0,0,64,,True,False,"HTTPConnectionPool(host='gpu06', port=9004): Read timed out.",0,59.56268577710819
375,2026-09-21T07:59:58.454+00:00,2026-09-21T08:04:58.546+00:00,2026-09-21T08:04:58.546+00:00,False,1,0.0,,0.0,300092.378056,300092.378056,300092.378056,300092.378056,300092.378056,300092.378056,nan,300092.378056,nan,nan,0.0,0,64,,True,False,"HTTPConnectionPool(host='gpu06', port=9004): Read timed out.",0,59.56268577710819
376,2026-09-21T07:59:58.752+00:00,2026-09-21T08:04:58.867+00:00,2026-09-21T08:04:58.867+00:00,False,1,0.0,,0.0,300114.65733899997,300114.65733899997,300114.65733899997,300114.65733899997,300114.65733899997,300114.65733899997,nan,300114.65733899997,nan,nan,0.0,0,64,,True,False,"HTTPConnectionPool(host='gpu06', port=9004): Read timed out.",0,59.56268577710819
377,2026-09-21T07:59:59.016+00:00,2026-09-21T08:04:59.069+00:00,2026-09-21T08:04:59.069+00:00,False,1,0.0,,0.0,300052.872814,300052.872814,300052.872814,300052.872814,300052.872814,300052.872814,nan,300052.872814,nan,nan,0.0,0,64,,True,False,TTFT timeout: 300.0s exceeded (TTFT: 300.037s),0,59.56268577710819
378,2026-09-21T07:59:59.286+00:00,2026-09-21T08:04:59.212+00:00,2026-09-21T08:04:59.372+00:00,False,3,2.0,,2.0,299926.065651,300086.06949100003,300086.069601,100028.68986700001,0.02945,299926.065651,173116.2240507863,269949.4565359,80.00192,113.0981658326111,0.0066647545598913,0,64,,True,False,Request timeout: 300.0s exceeded,6,59.56268577710819
379,2026-09-21T07:59:59.566+00:00,2026-09-21T08:04:59.640+00:00,2026-09-21T08:04:59.640+00:00,False,1,0.0,,0.0,300074.43712099997,300074.43712099997,300074.43712099997,300074.43712099997,300074.43712099997,300074.43712099997,nan,300074.43712099997,nan,nan,0.0,0,64,,True,False,"HTTPConnectionPool(host='gpu06', port=9004): Read timed out.",0,59.56268577710819
380,2026-09-21T07:59:59.905+00:00,2026-09-21T08:05:00.009+00:00,2026-09-21T08:05:00.009+00:00,False,1,0.0,,0.0,300104.103298,300104.103298,300104.103298,300104.103298,300104.103298,300104.103298,nan,300104.103298,nan,nan,0.0,0,64,,True,False,"HTTPConnectionPool(host='gpu06', port=9004): Read timed out.",0,59.56268577710819
381,2026-09-21T08:00:00.151+00:00,2026-09-21T08:05:00.263+00:00,2026-09-21T08:05:00.263+00:00,False,1,0.0,,0.0,300112.567071,300112.567071,300112.567071,300112.567071,300112.567071,300112.567071,nan,300112.567071,nan,nan,0.0,0,64,,True,False,"HTTPConnectionPool(host='gpu06', port=9004): Read timed out.",0,59.56268577710819
382,2026-09-21T08:00:00.404+00:00,2026-09-21T08:05:00.528+00:00,2026-09-21T08:05:00.528+00:00,False,1,0.0,,0.0,300124.208483,300124.208483,300124.208483,300124.208483,300124.208483,300124.208483,nan,300124.208483,nan,nan,0.0,0,64,,True,False,"HTTPConnectionPool(host='gpu06', port=9004): Read timed out.",0,59.56268577710819
383,2026-09-21T08:00:00.658+00:00,2026-09-21T08:05:00.724+00:00,2026-09-21T08:05:00.724+00:00,False,1,0.0,,0.0,300066.130079,300066.130079,300066.130079,300066.130079,300066.130079,300066.130079,nan,300066.130079,nan,nan,0.0,0,64,,True,False,"HTTPConnectionPool(host='gpu06', port=9004): Read timed out.",0,59.56268577710819
384,2026-09-21T08:00:01.020+00:00,2026-09-21T08:05:01.060+00:00,2026-09-21T08:05:01.060+00:00,False,1,0.0,,0.0,300040.31262599997,300040.31262599997,300040.31262599997,300040.31262599997,300040.31262599997,300040.31262599997,nan,300040.31262599997,nan,nan,0.0,0,64,,True,False,"HTTPConnectionPool(host='gpu06', port=9004): Read timed out.",0,59.56268577710819
385,2026-09-21T08:00:01.368+00:00,2026-09-21T08:05:01.383+00:00,2026-09-21T08:05:03.026+00:00,False,29,28.0,,28.0,300014.70190499997,301657.59265699994,301657.592625,10401.985952586205,0.03332,300014.70190499997,55700.43895750672,109.0214054,58.67466971428571,18.74530582709619,0.09282047155974432,0,64,,True,False,Request timeout: 300.0s exceeded,272,59.56268577710819
387,2026-09-21T08:00:01.959+00:00,2026-09-21T08:05:02.971+00:00,2026-09-21T08:05:03.069+00:00,False,4,3.0,,3.0,301011.52357599995,301110.3687599999,301110.36882,75277.592205,0.022510000000000002,301011.52357599995,150489.28942449615,255867.86646114994,32.948394666666665,28.8520215442452,0.009963124193810645,0,64,,True,False,Request timeout: 300.0s exceeded,7,59.56268577710819
386,2026-09-21T08:00:01.740+00:00,2026-09-21T08:05:03.599+00:00,2026-09-21T08:05:04.867+00:00,False,30,29.0,,29.0,301859.632177,303126.905905,303126.90600899997,10104.2302003,0.05543,301859.632177,55103.803875789745,88.80371695000002,43.699094068965515,25.331621033389883,0.0956695015687212,0,64,,True,False,Request timeout: 300.0s exceeded,145,59.56268577710819
0,2026-09-21T07:58:02.096+00:00,2026-09-21T07:58:02.257+00:00,2026-09-21T07:58:02.733+00:00,True,10,10.0,,10.0,160.682181,636.5306290000001,636.530843,63.6530843,22.320732,160.682181,43.11640992300274,133.9348227,52.872049777777775,27.99667698399359,15.71016310041539,1,64,,False,True,,27,59.56268577710819
3,2026-09-21T07:58:03.122+00:00,2026-09-21T07:58:03.492+00:00,2026-09-21T07:58:04.528+00:00,True,19,19.0,,19.0,369.11769400000003,1405.470974,1405.4708640000001,73.97215073684211,43.893682999999996,369.11769400000003,72.28994219188802,113.37851979999999,57.575182222222224,11.153105710093234,13.51860006466416,1,64,,False,True,,165,59.56268577710819
2,2026-09-21T07:58:02.625+00:00,2026-09-21T07:58:03.494+00:00,2026-09-21T07:58:03.850+00:00,True,7,7.0,,7.0,868.9398789999999,1225.092967,1225.093023,175.013289,43.098413,868.9398789999999,306.246775202048,632.2751337999999,59.358848,13.658152794061136,5.713852081888573,1,64,,False,True,,53,59.56268577710819
5,2026-09-21T07:58:03.592+00:00,2026-09-21T07:58:05.036+00:00,2026-09-21T07:58:09.303+00:00,True,69,69.0,,69.0,1444.728617,5711.268649,5711.268652,82.77200944927536,40.668464,1444.728617,166.74004257953834,79.706162,62.74323576470588,11.162540055310545,12.081378804003796,1,64,,False,True,,208,59.56268577710819
1,2026-09-21T07:58:02.380+00:00,2026-09-21T07:58:05.336+00:00,2026-09-21T07:58:09.357+00:00,True,65,65.0,,65.0,2956.21999,6976.765782,6976.76591,107.33486015384615,41.639403,2956.21999,359.0763411134265,79.460803,62.821028,11.906465906011194,9.316637827759601,1,64,,False,True,,130,59.56268577710819
6,2026-09-21T07:58:03.899+00:00,2026-09-21T07:58:07.673+00:00,2026-09-21T07:58:13.687+00:00,True,95,95.0,,95.0,3774.189722,9788.467098000001,9788.467056,103.03649532631579,0.016579999999999998,3774.189722,382.4116376710552,79.3819337,63.98167421276595,36.76310636921671,9.705299006359288,1,64,,False,True,,380,59.56268577710819
4,2026-09-21T07:58:03.360+00:00,2026-09-21T07:58:09.416+00:00,2026-09-21T07:58:11.219+00:00,True,29,29.0,,29.0,6056.025409,7858.748737,7858.748716,270.99133503448274,39.840773999999996,6056.025409,1112.697821030868,82.799526,64.382976,13.395281876351495,3.6901548796775074,1,64,,False,True,,38,59.56268577710819
7,2026-09-21T07:58:04.163+00:00,2026-09-21T07:58:10.460+00:00,2026-09-21T07:58:11.019+00:00,True,10,10.0,,10.0,6297.063763,6855.552851,6855.552971,685.5552971,42.16878500000001,6297.063763,1971.7141886538896,3497.2419302499998,62.05434311111111,11.744648169772951,1.4586715641089876,1,64,,False,True,,48,59.56268577710819
8,2026-09-21T07:58:04.545+00:00,2026-09-21T07:58:12.690+00:00,2026-09-21T07:58:14.154+00:00,True,23,23.0,,23.0,8144.91404,9609.039224,9609.039212,417.78431356521736,0.018600000000000002,8144.91404,1686.407931557414,380.9045615,66.55114472727273,83.04318252917888,2.3935795727167073,1,64,,False,True,,207,59.56268577710819
9,2026-09-21T07:58:04.872+00:00,2026-09-21T07:58:14.336+00:00,2026-09-21T07:58:17.953+00:00,True,61,61.0,,61.0,9463.327369,13080.550281,13080.550354,214.43525170491804,37.897174,9463.327369,1203.9708709340885,74.398878,60.28704853333333,9.247997731908685,4.663412371007421,1,64,,False,True,,302,59.56268577710819
10,2026-09-21T07:58:05.259+00:00,2026-09-21T07:58:17.108+00:00,2026-09-21T07:58:17.892+00:00,True,14,14.0,,14.0,11849.185609999999,12633.09089,12633.090751999998,902.363625142857,47.14089499999999,11849.185609999999,3150.7258569644387,4195.6798592,60.300406153846154,9.68976738355985,1.1082006867442082,1,64,,False,True,,56,59.56268577710819
11,2026-09-21T07:58:05.539+00:00,2026-09-21T07:58:18.481+00:00,2026-09-21T07:58:23.312+00:00,True,73,73.0,,73.0,12942.278304,17773.171616,17773.171636,243.46810460273971,0.0172,12942.278304,1507.9243520975908,83.91127240000002,67.09574044444444,55.24359541433706,4.1073141911420565,1,64,,False,True,,292,59.56268577710819
12,2026-09-21T07:58:05.784+00:00,2026-09-21T07:58:19.885+00:00,2026-09-21T07:58:24.434+00:00,True,71,71.0,,71.0,14101.460853,18650.366069,18650.366075,262.68121232394367,0.0,14101.460853,1667.4929253702803,95.123565,64.98436022857143,75.14050363798714,3.8068957862448483,1,64,,False,True,,355,59.56268577710819
13,2026-09-21T07:58:06.196+00:00,2026-09-21T07:58:21.874+00:00,2026-09-21T07:58:22.055+00:00,True,4,4.0,,4.0,15678.512412,15859.491868,15859.491991,3964.87299775,57.689096,15678.512412,7809.093190727083,13336.09759725,60.32648533333334,2.4098366110301614,0.2522148901927228,1,64,,False,True,,6,59.56268577710819
14,2026-09-21T07:58:06.556+00:00,2026-09-21T07:58:23.793+00:00,2026-09-21T07:58:26.343+00:00,True,44,44.0,,44.0,17236.679967,19787.095327,19787.095391,449.7067134318182,0.0,17236.679967,2589.6312259545016,78.79234935000001,59.311985116279075,15.544306603851666,2.2236715027071643,1,64,,False,True,,44,59.56268577710819
15,2026-09-21T07:58:06.916+00:00,2026-09-21T07:58:25.631+00:00,2026-09-21T07:58:30.913+00:00,True,81,81.0,,81.0,18715.465173,23996.752597,23996.752492,296.25620360493826,0.0,18715.465173,2073.117487646905,81.143598,66.0160928,63.36448236202941,3.3754567278460157,1,64,,False,True,,171,59.56268577710819
16,2026-09-21T07:58:07.145+00:00,2026-09-21T07:58:26.968+00:00,2026-09-21T07:58:32.026+00:00,True,83,83.0,,83.0,19822.418038,24880.831094,24880.831013,299.76904834939756,0.0,19822.418038,2169.5368153437043,79.962204,61.68796409756097,47.55535806021908,3.335901428952484,1,64,,False,True,,747,59.56268577710819
17,2026-09-21T07:58:07.563+00:00,2026-09-21T07:58:29.430+00:00,2026-09-21T07:58:31.055+00:00,True,26,26.0,,26.0,21866.098961,23491.398161,23491.3981,903.5153115384616,0.0,21866.098961,4276.343718180942,355.6402775,65.011968,84.35543547470795,1.1067881026836766,1,64,,False,True,,121,59.56268577710819
18,2026-09-21T07:58:07.844+00:00,2026-09-21T07:58:30.923+00:00,2026-09-21T07:58:31.190+00:00,True,8,8.0,,8.0,23078.861046,23345.67679,23345.676824000002,2918.2096030000002,0.0,23078.861046,8146.188587859548,15026.0622017,38.11653485714286,32.40516723605647,0.3426758655129997,1,64,,False,True,,16,59.56268577710819
19,2026-09-21T07:58:08.090+00:00,2026-09-21T07:58:31.960+00:00,2026-09-21T07:58:33.462+00:00,True,23,23.0,,23.0,23869.979059,25371.384755000003,25371.384794,1103.1036866956522,0.015470000000000001,23869.979059,4964.944280071001,627.7988017,68.24571345454545,142.0396940945205,0.9065330971131693,1,64,,False,True,,42,59.56268577710819
20,2026-09-21T07:58:08.496+00:00,2026-09-21T07:58:34.007+00:00,2026-09-21T07:58:35.493+00:00,True,24,24.0,,24.0,25511.242579,26997.441875,26997.441873,1124.8934113750001,0.0,25511.242579,5195.479877054888,498.1925043499999,64.61736069565217,114.60777358345322,0.8889731149759166,1,64,,False,True,,123,59.56268577710819
21,2026-09-21T07:58:08.746+00:00,2026-09-21T07:58:35.366+00:00,2026-09-21T07:58:37.591+00:00,True,38,38.0,,38.0,26620.705464000002,28845.124024000004,28845.124095000003,759.0822130263158,0.0,26620.705464000002,4308.730212146976,76.96644015,60.11942054054054,17.403725022653543,1.3173803644727915,1,64,,False,True,,95,59.56268577710819
22,2026-09-21T07:58:08.989+00:00,2026-09-21T07:58:36.252+00:00,2026-09-21T07:58:36.765+00:00,True,9,9.0,,9.0,27262.92767,27776.349494000002,27776.349483,3086.2610536666666,51.725096,27262.92767,9066.254085774062,16388.2529292,64.177728,9.222818077582268,0.3240166603586299,1,64,,False,True,,18,59.56268577710819
23,2026-09-21T07:58:09.388+00:00,2026-09-21T07:58:38.151+00:00,2026-09-21T07:58:39.113+00:00,True,16,16.0,,16.0,28763.857156,29725.463811999998,29725.463796,1857.84148725,46.875025,28763.857156,7174.942411987039,7248.287784249999,64.1071104,8.679937926293489,0.5382590529517959,1,64,,False,True,,32,59.56268577710819
24,2026-09-21T07:58:09.624+00:00,2026-09-21T07:58:39.808+00:00,2026-09-21T07:58:45.633+00:00,True,93,93.0,,93.0,30183.833684,36008.324692,36008.324599,387.1862860107527,0.0,30183.833684,3124.746091402726,81.0568164,63.30968486956522,93.8127408460746,2.5827360977074805,1,64,,False,True,,189,59.56268577710819
25,2026-09-21T07:58:09.965+00:00,2026-09-21T07:58:41.506+00:00,2026-09-21T07:58:43.657+00:00,True,33,33.0,,33.0,31541.224245,33691.897909,33691.897918,1020.9666035757576,0.01726,31541.224245,5480.972840528816,397.49411299999997,67.208552,152.28972015817087,0.9794639675429156,1,64,,False,True,,112,59.56268577710819
26,2026-09-21T07:58:10.211+00:00,2026-09-21T07:58:42.829+00:00,2026-09-21T07:58:46.991+00:00,True,66,66.0,,66.0,32618.320317,36780.384701,36780.384649,557.2785552878788,0.0,32618.320317,4008.9453099486686,88.191904,64.03175975384616,120.6983433644037,1.7944347384220143,1,64,,False,True,,135,59.56268577710819
27,2026-09-21T07:58:10.573+00:00,2026-09-21T07:58:44.596+00:00,2026-09-21T07:58:44.596+00:00,True,1,1.0,,1.0,34023.596283,34023.596283,34023.596283,34023.596283,34023.596283,34023.596283,nan,34023.596283,nan,nan,0.029391366852646712,1,64,,False,True,,3,59.56268577710819
28,2026-09-21T07:58:10.812+00:00,2026-09-21T07:58:46.496+00:00,2026-09-21T07:58:46.496+00:00,True,7,7.0,,7.0,35683.223485,35683.223485,35683.223485,5097.603355,0.0,35683.223485,13486.990759778506,24978.2564395,0.0,0.0,0.19617061790795215,1,64,,False,True,,84,59.56268577710819
29,2026-09-21T07:58:11.163+00:00,2026-09-21T07:58:47.651+00:00,2026-09-21T07:58:47.759+00:00,True,3,3.0,,3.0,36488.021319,36596.174151,36596.17393,12198.724643333333,49.918675,36488.021319,21035.14837206539,32845.0425807,54.076416,5.879870071424368,0.08197578215749157,1,64,,False,True,,18,59.56268577710819
30,2026-09-21T07:58:11.572+00:00,2026-09-21T07:58:49.526+00:00,2026-09-21T07:58:54.276+00:00,True,76,76.0,,76.0,37953.82821,42703.712882,42703.712844,561.8909584736842,0.0,37953.82821,4348.432674724532,77.45234799999999,63.33179562666667,135.86259136165253,1.7797047345743722,1,64,,False,True,,558,59.56268577710819
31,2026-09-21T07:58:11.974+00:00,2026-09-21T07:58:51.763+00:00,2026-09-21T07:58:56.537+00:00,True,76,76.0,,76.0,39788.910692000005,44563.30710800001,44563.307067,586.359303513158,0.0,39788.910692000005,4558.587954941208,77.640093,63.658618880000006,128.56140169069246,1.7054389571180741,1,64,,False,True,,228,59.56268577710819
32,2026-09-21T07:58:12.227+00:00,2026-09-21T07:58:53.700+00:00,2026-09-21T07:58:54.907+00:00,True,31,31.0,,31.0,41473.389436,42679.668604,42679.668440999994,1376.7634980967741,0.0,41473.389436,7441.692276114612,92.10013500000001,40.2093056,33.62707569080383,0.7263411599474002,1,64,,False,True,,106,59.56268577710819
33,2026-09-21T07:58:12.530+00:00,2026-09-21T07:58:54.605+00:00,2026-09-21T07:58:57.417+00:00,True,46,46.0,,46.0,42075.035329000006,44886.454465,44886.454281000006,975.7924843695654,32.444283999999996,42075.035329000006,6194.424496091626,79.579983,62.475980799999995,11.56831152628366,1.0248080528585362,1,64,,False,True,,276,59.56268577710819
34,2026-09-21T07:58:13.203+00:00,2026-09-21T07:58:58.110+00:00,2026-09-21T07:59:03.292+00:00,True,83,83.0,,83.0,44907.683563,50089.211115,50089.210941,603.4844691686747,0.0,44907.683563,4923.282971412372,81.10945099999999,63.189360390243905,97.83131418604825,1.6570434660957227,1,64,,False,True,,333,59.56268577710819
35,2026-09-21T07:58:13.289+00:00,2026-09-21T07:58:58.699+00:00,2026-09-21T07:59:00.178+00:00,True,24,24.0,,24.0,45410.484835,46888.847971,46888.847958000006,1953.70199825,44.481095,45410.484835,9256.26098653441,78.7972245,64.27665808695653,9.839919822118645,0.511848787900347,1,64,,False,True,,112,59.56268577710819
36,2026-09-21T07:58:13.647+00:00,2026-09-21T07:59:01.286+00:00,2026-09-21T07:59:01.993+00:00,True,25,25.0,,25.0,47639.112176,48346.193136,48346.193100000004,1933.8477240000002,0.0,47639.112176,9521.976143474409,74.291766,29.461706666666668,30.250414693911697,0.5171037961494482,1,64,,False,True,,53,59.56268577710819
37,2026-09-21T07:58:13.941+00:00,2026-09-21T07:59:02.196+00:00,2026-09-21T07:59:04.142+00:00,True,33,33.0,,33.0,48255.28207,50201.236374,50201.236412,1521.2495882424244,39.278144,48255.28207,8389.588321523483,85.747775,60.811072,11.608570502756704,0.6573543279721138,1,64,,False,True,,100,59.56268577710819
38,2026-09-21T07:58:14.340+00:00,2026-09-21T07:59:04.328+00:00,2026-09-21T07:59:08.097+00:00,True,61,61.0,,61.0,49987.98663,53756.377798,53756.377832,881.2520956065574,0.01533,49987.98663,6393.220092364733,94.52213,62.80651946666667,111.47870325364848,1.1347490753417075,1,64,,False,True,,488,59.56268577710819
39,2026-09-21T07:58:14.754+00:00,2026-09-21T07:59:06.391+00:00,2026-09-21T07:59:12.482+00:00,True,98,98.0,,98.0,51637.579101999996,57728.231261999994,57728.231182999996,589.0635834999999,0.0,51637.579101999996,5210.895897970428,85.941257,62.79022845360824,105.42015113370472,1.697609607251369,1,64,,False,True,,588,59.56268577710819
40,2026-09-21T07:58:14.994+00:00,2026-09-21T07:59:07.727+00:00,2026-09-21T07:59:13.974+00:00,True,99,99.0,,99.0,52732.728045,58979.106541,58979.106509000005,595.7485505959596,0.0,52732.728045,5294.4558721149815,85.94753899999999,63.73855608163265,104.62241149064948,1.6785605243304087,1,64,,False,True,,297,59.56268577710819
41,2026-09-21T07:58:15.308+00:00,2026-09-21T07:59:09.233+00:00,2026-09-21T07:59:14.447+00:00,True,83,83.0,,83.0,53925.111419,59138.949755,59138.949768,712.5174670843373,0.0,53925.111419,5913.1646109702115,79.28766590000001,63.58339434146342,114.43194121452052,1.4034743657750302,1,64,,False,True,,169,59.56268577710819
42,2026-09-21T07:58:15.608+00:00,2026-09-21T07:59:11.110+00:00,2026-09-21T07:59:15.697+00:00,True,72,72.0,,72.0,55502.394262,60089.618070000004,60089.618057,834.5780285694444,42.643414,55502.394262,6533.413638436757,80.45021855,64.608786028169,10.274066808149533,1.198210311740129,1,64,,False,True,,235,59.56268577710819
43,2026-09-21T07:58:15.984+00:00,2026-09-21T07:59:13.479+00:00,2026-09-21T07:59:14.501+00:00,True,16,16.0,,16.0,57495.552973,58517.547725,58517.547843,3657.3467401875,48.055334,57495.552973,14356.858751372136,14434.8899635,68.13298346666667,10.749464993727734,0.2734222574601233,1,64,,False,True,,40,59.56268577710819
44,2026-09-21T07:58:16.360+00:00,2026-09-21T07:59:15.141+00:00,2026-09-21T07:59:16.386+00:00,True,21,21.0,,21.0,58781.364740000005,60025.748228000004,60025.748199,2858.368961857143,41.247053,58781.364740000005,12813.571599522058,82.003457,62.2191744,9.768598567128247,0.3498498664312226,1,64,,False,True,,25,59.56268577710819
45,2026-09-21T07:58:16.698+00:00,2026-09-21T07:59:16.910+00:00,2026-09-21T07:59:17.712+00:00,True,14,14.0,,14.0,60211.47111,61013.506821999996,61013.506701,4358.1076215,38.085303,60211.47111,16075.709266161513,21128.3086137,61.695054769230765,13.732772756144417,0.2294573895062845,1,64,,False,True,,20,59.56268577710819
46,2026-09-21T07:58:16.994+00:00,2026-09-21T07:59:19.302+00:00,2026-09-21T07:59:21.834+00:00,True,54,54.0,,54.0,62308.45518,64840.242188,64840.242043,1200.7452230185186,0.0,62308.45518,8473.950202230646,212.96051805,47.76956618867925,152.36464102994825,0.832816136673743,1,64,,False,True,,594,59.56268577710819
47,2026-09-21T07:58:17.349+00:00,2026-09-21T07:59:21.301+00:00,2026-09-21T07:59:23.792+00:00,True,56,56.0,,56.0,63952.09145,66443.74841,66443.748199,1186.4955035535713,0.0,63952.09145,8539.956197207997,81.330427,45.30285381818182,30.17856367550468,0.8428181934355139,1,64,,False,True,,112,59.56268577710819
48,2026-09-21T07:58:17.748+00:00,2026-09-21T07:59:22.325+00:00,2026-09-21T07:59:28.496+00:00,True,97,97.0,,97.0,64577.716768,70748.58422399999,70748.58422,729.3668476288659,41.022803,64577.716768,6550.354206607365,78.459553,64.27986933333334,9.716292556631323,1.3710521710637253,1,64,,False,True,,114,59.56268577710819
49,2026-09-21T07:58:18.007+00:00,2026-09-21T07:59:24.103+00:00,2026-09-21T07:59:25.030+00:00,True,15,15.0,,15.0,66095.844757,67022.930581,67022.930519,4468.195367933333,46.278494,66095.844757,17048.778699755563,19884.263838,66.220416,10.501619524045347,0.22380400066021996,1,64,,False,True,,60,59.56268577710819
50,2026-09-21T07:58:18.271+00:00,2026-09-21T07:59:25.491+00:00,2026-09-21T07:59:28.242+00:00,True,44,44.0,,44.0,67220.352452,69971.47514000001,69971.47513400001,1590.2607985000002,46.452404,67220.352452,10124.20892078752,81.12840349999999,63.97959739534884,9.957195419182494,0.6288276745911691,1,64,,False,True,,91,59.56268577710819
51,2026-09-21T07:58:18.542+00:00,2026-09-21T07:59:26.826+00:00,2026-09-21T07:59:30.620+00:00,True,60,60.0,,60.0,68284.37503200001,72078.12095200001,72078.12115500002,1201.3020192500003,40.050203,68284.37503200001,8807.17800235443,77.81655400000001,64.30077830508475,8.76482152884655,0.8324301356295989,1,64,,False,True,,646,59.56268577710819
52,2026-09-21T07:58:18.809+00:00,2026-09-21T07:59:28.188+00:00,2026-09-21T07:59:28.782+00:00,True,10,10.0,,10.0,69379.56051299999,69973.13900899999,69973.13918599999,6997.313918599999,55.514905,69379.56051299999,21918.888656125495,38193.434929799994,65.95316622222222,8.47527824744866,0.14291198224955712,1,64,,False,True,,60,59.56268577710819
53,2026-09-21T07:58:19.136+00:00,2026-09-21T07:59:29.980+00:00,2026-09-21T07:59:32.815+00:00,True,37,37.0,,37.0,70844.695477,73679.020213,73679.020236,1991.3248712432433,0.0,70844.695477,11635.824813171705,333.690139,78.73124266666667,217.25066576779307,0.502178230560559,1,64,,False,True,,281,59.56268577710819
54,2026-09-21T07:58:19.367+00:00,2026-09-21T07:59:31.288+00:00,2026-09-21T07:59:34.803+00:00,True,41,41.0,,41.0,71921.829638,75435.932422,75435.932257,1839.9007867560974,0.0,71921.829638,11221.972984663973,1231.609648,87.8525696,279.3507625325661,0.5435075657398892,1,64,,False,True,,206,59.56268577710819
55,2026-09-21T07:58:19.641+00:00,2026-09-21T07:59:32.837+00:00,2026-09-21T07:59:35.765+00:00,True,48,48.0,,48.0,73196.79804600001,76124.00316600001,76124.003244,1585.9167342500002,0.0,73196.79804600001,10557.967946593018,325.67972929999996,62.28096,202.97106052436783,0.630550128785643,1,64,,False,True,,144,59.56268577710819
56,2026-09-21T07:58:19.912+00:00,2026-09-21T07:59:34.804+00:00,2026-09-21T07:59:37.000+00:00,True,46,46.0,,46.0,74891.85358,77087.736844,77087.736903,1675.8203674565216,0.017410000000000002,74891.85358,11035.242807761208,200.73438799999997,48.797405866666665,73.01709055652157,0.5967226680047533,1,64,,False,True,,162,59.56268577710819
57,2026-09-21T07:58:20.192+00:00,2026-09-21T07:59:35.614+00:00,2026-09-21T07:59:38.491+00:00,True,46,46.0,,46.0,75422.101643,78298.70426700001,78298.704455,1702.1457490217392,0.020550000000000002,75422.101643,11111.051502763954,157.9086795,63.92450275555556,46.331965303647074,0.5874937577911783,1,64,,False,True,,92,59.56268577710819
58,2026-09-21T07:58:20.532+00:00,2026-09-21T07:59:37.304+00:00,2026-09-21T07:59:42.171+00:00,True,79,79.0,,79.0,76771.976036,81638.68195599999,81638.68214399999,1033.4010397974682,41.120694,76771.976036,8630.508150120195,77.60825200000001,62.39366564102564,10.113252486322706,0.9676785331073555,1,64,,False,True,,158,59.56268577710819
59,2026-09-21T07:58:20.867+00:00,2026-09-21T07:59:39.299+00:00,2026-09-21T07:59:43.362+00:00,True,64,64.0,,64.0,78431.57604700001,82494.64267100001,82494.642684,1288.9787919375,44.013674,78431.57604700001,9795.891811535785,80.58105350000001,64.49312101587302,11.32791294921168,0.7758079546479256,1,64,,False,True,,152,59.56268577710819
60,2026-09-21T07:58:21.249+00:00,2026-09-21T07:59:41.091+00:00,2026-09-21T07:59:47.086+00:00,True,94,94.0,,94.0,79842.27824500001,85837.11293300001,85837.11288200002,913.1607753404256,0.0,79842.27824500001,8230.431565040923,77.9403515,64.46058804301076,181.40776049417485,1.0950974093615138,1,64,,False,True,,94,59.56268577710819
61,2026-09-21T07:58:21.631+00:00,2026-09-21T07:59:43.045+00:00,2026-09-21T07:59:48.374+00:00,True,84,84.0,,84.0,81413.584747,86742.504811,86742.504736,1032.6488659047618,0.0,81413.584747,8877.947542456155,79.3746515,64.20385619277108,189.69469578590105,0.9683833800168032,1,64,,False,True,,921,59.56268577710819
62,2026-09-21T07:58:22.025+00:00,2026-09-21T07:59:45.000+00:00,2026-09-21T07:59:47.004+00:00,True,29,29.0,,29.0,82974.792488,84978.884904,84978.884844,2930.3063739310346,0.0,82974.792488,15398.225545576985,1090.6459238,71.57472914285715,333.57413160577323,0.34126124428157745,1,64,,False,True,,87,59.56268577710819
63,2026-09-21T07:58:22.334+00:00,2026-09-21T07:59:46.999+00:00,2026-09-21T07:59:48.511+00:00,True,29,29.0,,29.0,84664.712732,86176.122396,86176.122445,2971.590429137931,0.0,84664.712732,15711.841498180913,80.709221,53.97891657142858,27.179667154812133,0.33652013102583134,1,64,,False,True,,87,59.56268577710819
64,2026-09-21T07:58:22.590+00:00,2026-09-21T07:59:47.842+00:00,2026-09-21T07:59:54.175+00:00,True,100,100.0,,100.0,85251.853729,91584.210337,91584.210496,915.8421049599999,0.015189999999999999,85251.853729,8519.964637190307,78.38733,63.96319806060606,142.24936963189091,1.0918912728737042,1,64,,False,True,,516,59.56268577710819
65,2026-09-21T07:58:22.838+00:00,2026-09-21T07:59:49.148+00:00,2026-09-21T07:59:54.141+00:00,True,78,78.0,,78.0,86310.212999,91303.262599,91303.262498,1170.5546474102564,0.01516,86310.212999,9766.609958656967,77.7904535,64.8448,156.96182400991302,0.8542958682930384,1,64,,False,True,,287,59.56268577710819
66,2026-09-21T07:58:23.327+00:00,2026-09-21T07:59:49.590+00:00,2026-09-21T07:59:54.099+00:00,True,65,65.0,,65.0,86263.179287,90772.314903,90772.31487300001,1396.4971518923078,0.01564,86263.179287,10692.168127477104,78.38479899999999,70.455244,166.51801600447718,0.716077364221233,1,64,,False,True,,130,59.56268577710819
67,2026-09-21T07:58:23.431+00:00,2026-09-21T07:59:52.330+00:00,2026-09-21T07:59:54.113+00:00,True,21,21.0,,21.0,88899.312017,90681.942929,90681.942924,4318.187758285714,0.01503,88899.312017,19382.233221033457,1372.8249010000002,89.1315456,303.86827107981406,0.23157862879539406,1,64,,False,True,,80,59.56268577710819
68,2026-09-21T07:58:23.767+00:00,2026-09-21T07:59:54.127+00:00,2026-09-21T07:59:59.542+00:00,True,92,92.0,,92.0,90359.80395999999,95774.498616,95774.49844599998,1041.027157021739,0.01813,90359.80395999999,9414.558677415067,105.7822089,59.50213907692308,43.94054558428514,0.9605897324387618,1,64,,False,True,,184,59.56268577710819
69,2026-09-21T07:58:24.042+00:00,2026-09-21T07:59:55.382+00:00,2026-09-21T07:59:57.016+00:00,True,27,27.0,,27.0,91339.77615199999,92973.27528799999,92973.275226,3443.4546379999997,19.661711999999998,91339.77615199999,17566.264103357473,81.898529,62.82688984615385,16.023608850325452,0.29040603244709906,1,64,,False,True,,91,59.56268577710819
70,2026-09-21T07:58:24.451+00:00,2026-09-21T07:59:57.436+00:00,2026-09-21T08:00:03.602+00:00,True,100,100.0,,100.0,92985.34882,99151.45826,99151.458212,991.51458212,0.0,92985.34882,9294.18873819545,77.49640600000001,62.28393373737374,187.99311667054667,1.0085580359067934,1,64,,False,True,,227,59.56268577710819
71,2026-09-21T07:58:24.687+00:00,2026-09-21T07:59:58.652+00:00,2026-09-21T08:00:02.912+00:00,True,61,61.0,,61.0,93965.219043,98225.765603,98225.765598,1610.2584524262295,0.0,93965.219043,12024.39166791494,78.113277,71.00910933333333,245.76552494972788,0.621018320656764,1,64,,False,True,,244,59.56268577710819
72,2026-09-21T07:58:24.974+00:00,2026-09-21T08:00:00.163+00:00,2026-09-21T08:00:02.888+00:00,True,33,33.0,,33.0,95189.18868600001,97914.250318,97914.25045500002,2967.0984986363637,0.0,95189.18868600001,16558.734183031193,806.7216704,85.158176,333.17672315649463,0.33702959367839297,1,64,,False,True,,70,59.56268577710819
73,2026-09-21T07:58:25.358+00:00,2026-09-21T08:00:02.884+00:00,2026-09-21T08:00:07.425+00:00,True,84,84.0,,84.0,97526.121675,102066.734539,102066.734575,1215.0801735119048,0.0,97526.121675,10635.029148077834,77.740469,54.70617908433734,23.579240349003847,0.8229909615449034,1,64,,False,True,,457,59.56268577710819
74,2026-09-21T07:58:25.588+00:00,2026-09-21T08:00:03.410+00:00,2026-09-21T08:00:06.486+00:00,True,48,48.0,,48.0,97821.67254700001,100897.57757100002,100897.57757800001,2102.0328662083334,44.197534,97821.67254700001,14109.898465234053,79.70032965,65.44478774468085,8.253085387900787,0.475729954628724,1,64,,False,True,,48,59.56268577710819
75,2026-09-21T07:58:25.908+00:00,2026-09-21T08:00:04.902+00:00,2026-09-21T08:00:08.840+00:00,True,64,64.0,,64.0,98993.31749500001,102932.16267900002,102932.16274200001,1608.3150428437502,44.414714,98993.31749500001,12366.353055618023,80.158457,62.52135212698413,9.429348957338238,0.6217687293677852,1,64,,False,True,,127,59.56268577710819
76,2026-09-21T07:58:26.246+00:00,2026-09-21T08:00:06.301+00:00,2026-09-21T08:00:08.836+00:00,True,43,43.0,,43.0,100054.39508300001,102590.26349900001,102590.26341700001,2385.8200794651166,41.906103,100054.39508300001,15248.947203078062,77.11442500000001,60.37781942857143,8.887486114610804,0.4191430895429871,1,64,,False,True,,590,59.56268577710819
77,2026-09-21T07:58:26.663+00:00,2026-09-21T08:00:08.765+00:00,2026-09-21T08:00:10.637+00:00,True,31,31.0,,31.0,102101.94357700001,103974.57922500001,103974.57919200002,3354.0186836129037,44.222743,102101.94357700001,18326.84150860104,74.874187,62.42118826666667,9.279774220883338,0.29814979999021,1,64,,True,True,,372,59.56268577710819
78,2026-09-21T07:58:26.989+00:00,2026-09-21T08:00:10.452+00:00,2026-09-21T08:00:14.296+00:00,True,61,61.0,,61.0,103462.845682,107306.725874,107306.72576,1759.1266518032787,47.846134,103462.845682,13238.860221046574,76.919758,64.06466986666666,8.853649509317336,0.5684639010571104,1,64,,True,True,,122,59.56268577710819
79,2026-09-21T07:58:27.392+00:00,2026-09-21T08:00:12.452+00:00,2026-09-21T08:00:14.918+00:00,True,40,40.0,,40.0,105059.984946,107526.562098,107526.56206299999,2688.164051575,45.630314,105059.984946,16601.444977958236,77.00153655,63.245568,9.78813680680561,0.3720011057690461,1,64,,True,True,,79,59.56268577710819
80,2026-09-21T07:58:27.644+00:00,2026-09-21T08:00:13.859+00:00,2026-09-21T08:00:15.218+00:00,True,23,23.0,,23.0,106215.31588400001,107574.51537200001,107574.51550300002,4677.152847956522,47.792663999999995,106215.31588400001,22134.543701680603,77.0920861,61.781794909090905,8.988889870977113,0.2138052857636814,1,64,,True,True,,23,59.56268577710819
81,2026-09-21T07:58:27.917+00:00,2026-09-21T08:00:15.596+00:00,2026-09-21T08:00:20.522+00:00,True,78,78.0,,78.0,107679.849947,112605.867227,112605.86741199999,1443.6649668205127,43.035495000000004,107679.849947,12185.102105477665,76.48303394999999,63.97425038961039,9.492828300824073,0.6926814909454168,1,64,,True,True,,234,59.56268577710819
82,2026-09-21T07:58:28.156+00:00,2026-09-21T08:00:16.622+00:00,2026-09-21T08:00:19.669+00:00,True,49,49.0,,49.0,108465.62634199999,111512.57827799999,111512.578344,2275.766904979592,45.525033,108465.62634199999,15486.024463517948,78.92266280000001,63.47816533333334,10.20997876867996,0.43941231345080534,1,64,,True,True,,102,59.56268577710819
83,2026-09-21T07:58:28.433+00:00,2026-09-21T08:00:18.021+00:00,2026-09-21T08:00:21.455+00:00,True,55,55.0,,55.0,109587.735483,113022.018235,113022.018119,2054.9457839818183,47.756783999999996,109587.735483,14768.234796490384,77.8077123,63.59782874074074,9.639419426686214,0.48663084290037856,1,64,,True,True,,275,59.56268577710819
84,2026-09-21T07:58:28.840+00:00,2026-09-21T08:00:20.073+00:00,2026-09-21T08:00:21.096+00:00,True,17,17.0,,17.0,111233.385143,112256.46763900001,112256.467778,6603.321634000001,52.730664,111233.385143,26962.551448939743,22308.746409400002,63.942656,8.41990769041403,0.1514389358363694,1,64,,True,True,,34,59.56268577710819
85,2026-09-21T07:58:29.229+00:00,2026-09-21T08:00:21.712+00:00,2026-09-21T08:00:27.498+00:00,True,93,93.0,,93.0,112483.258984,118269.031528,118269.031555,1271.71001672043,46.434414,112483.258984,11657.453408086853,78.28854940000001,62.888832,9.798206694711238,0.7863427881201716,1,64,,True,True,,93,59.56268577710819
86,2026-09-21T07:58:29.518+00:00,2026-09-21T08:00:23.412+00:00,2026-09-21T08:00:27.756+00:00,True,69,69.0,,69.0,113894.259931,118237.78786699999,118237.78772299999,1713.5911264202898,44.364722,113894.259931,13703.57144837673,80.1575316,63.875410823529414,9.86774875602781,0.5835697812412964,1,64,,True,True,,322,59.56268577710819
87,2026-09-21T07:58:29.894+00:00,2026-09-21T08:00:25.502+00:00,2026-09-21T08:00:26.840+00:00,True,22,22.0,,22.0,115608.146807,116946.204535,116946.204486,5315.736567545455,49.633614,115608.146807,24634.156677621122,78.89827955000001,63.71703466666666,8.746368209365194,0.1881206840998057,1,64,,True,True,,110,59.56268577710819
88,2026-09-21T07:58:30.301+00:00,2026-09-21T08:00:27.433+00:00,2026-09-21T08:00:30.907+00:00,True,57,57.0,,57.0,117132.567838,120606.291486,120606.291497,2115.8998508245613,40.601003,117132.567838,15506.37409970566,75.607286,62.03077942857143,9.165508570401318,0.4726121605904495,1,64,,True,True,,240,59.56268577710819
89,2026-09-21T07:58:30.573+00:00,2026-09-21T08:00:28.867+00:00,2026-09-21T08:00:33.899+00:00,True,80,80.0,,80.0,118294.434278,123326.850278,123326.850231,1541.5856278875,45.056424,118294.434278,13218.601008615933,75.6659885,63.701468354430375,9.298313964836403,0.6486827468606082,1,64,,True,True,,160,59.56268577710819
90,2026-09-21T07:58:30.876+00:00,2026-09-21T08:00:30.655+00:00,2026-09-21T08:00:35.579+00:00,True,78,78.0,,78.0,119778.89642800001,124703.30372400001,124703.303524,1598.7603015897437,44.836734,119778.89642800001,13555.050773696217,76.17795785,63.95334150649351,8.616936115540227,0.6254846316873348,1,64,,True,True,,390,59.56268577710819
91,2026-09-21T07:58:31.142+00:00,2026-09-21T08:00:31.809+00:00,2026-09-21T08:00:37.114+00:00,True,85,85.0,,85.0,120667.63561699999,125972.06979299999,125972.06967,1482.0243490588234,43.740763,120667.63561699999,13081.396542982933,76.896008,63.1480259047619,9.188672998012176,0.6747527459037057,1,64,,True,True,,0,59.56268577710819
92,2026-09-21T07:58:31.548+00:00,2026-09-21T08:00:33.820+00:00,2026-09-21T08:00:35.646+00:00,True,30,30.0,,30.0,122271.994354,124098.03697799999,124098.036979,4136.601232633333,47.064074,122271.994354,22312.215474612334,79.95773154999999,62.96698703448276,9.12455593083478,0.24174435575736283,1,64,,True,True,,120,59.56268577710819
93,2026-09-21T07:58:31.779+00:00,2026-09-21T08:00:34.690+00:00,2026-09-21T08:00:40.352+00:00,True,92,92.0,,92.0,122911.433334,128573.306742,128573.306704,1397.5359424347826,44.450913,122911.433334,12807.919565323444,77.83421195,62.2183890989011,9.561138426537758,0.715545102877463,1,64,,True,True,,97,59.56268577710819
94,2026-09-21T07:58:32.165+00:00,2026-09-21T08:00:36.927+00:00,2026-09-21T08:00:40.681+00:00,True,60,60.0,,60.0,124762.77391,128516.753302,128516.753309,2141.9458884833334,43.663892999999995,124762.77391,16098.593749934797,79.74444155,63.626769355932204,10.04030117764914,0.4668652020721899,1,64,,True,True,,240,59.56268577710819
95,2026-09-21T07:58:32.577+00:00,2026-09-21T08:00:38.982+00:00,2026-09-21T08:00:44.682+00:00,True,88,88.0,,88.0,126405.330269,132105.447005,132105.447013,1501.1982615113636,42.300853000000004,126405.330269,13467.872379796598,77.40746284999999,65.5185831724138,9.340812753852127,0.6661345311270119,1,64,,True,True,,440,59.56268577710819
96,2026-09-21T07:58:32.825+00:00,2026-09-21T08:00:40.429+00:00,2026-09-21T08:00:45.371+00:00,True,77,77.0,,77.0,127603.603292,132545.940828,132545.940879,1721.3758555714285,41.989023,127603.603292,14534.372298980807,78.010808,65.03075705263159,9.481818428856258,0.5809306533190637,1,64,,True,True,,344,59.56268577710819
97,2026-09-21T07:58:33.357+00:00,2026-09-21T08:00:41.303+00:00,2026-09-21T08:00:45.749+00:00,True,70,70.0,,70.0,127945.94228300001,132391.396875,132391.39681,1891.305668714286,43.488663,127945.94228300001,15284.768179537083,79.86624400000001,64.42687814492754,10.56403454073068,0.5287352626552608,1,64,,True,True,,140,59.56268577710819
98,2026-09-21T07:58:33.540+00:00,2026-09-21T08:00:43.698+00:00,2026-09-21T08:00:45.374+00:00,True,27,27.0,,27.0,130157.71697,131833.36983399998,131833.370064,4882.717409777778,46.757313,130157.71697,25036.463035614255,77.27657070000001,64.44818707692308,9.646153657483925,0.20480398880797376,1,64,,True,True,,27,59.56268577710819
99,2026-09-21T07:58:33.798+00:00,2026-09-21T08:00:45.882+00:00,2026-09-21T08:00:49.222+00:00,True,53,53.0,,53.0,132084.689276,135424.654716,135424.65473399998,2555.1821647924526,43.978724,132084.689276,18134.407193191462,77.470969,64.23010461538462,9.55468525892288,0.391361529487719,1,64,,True,True,,316,59.56268577710819
100,2026-09-21T07:58:34.049+00:00,2026-09-21T08:00:47.262+00:00,2026-09-21T08:00:47.313+00:00,True,2,2.0,,2.0,133213.82421299999,133264.244693,133264.24461599998,66632.12230799999,50.420403,133213.82421299999,94160.74583993353,126555.65402249999,50.42048,nan,0.01500777650154689,1,64,,True,True,,10,59.56268577710819
101,2026-09-21T07:58:34.342+00:00,2026-09-21T08:00:48.602+00:00,2026-09-21T08:00:54.713+00:00,True,97,97.0,,97.0,134260.004851,140371.196403,140371.196485,1447.125736958763,41.096743000000004,134260.004851,13625.577947285463,78.759396,63.65824533333333,9.615204557338547,0.6910249572962031,1,64,,True,True,,776,59.56268577710819
102,2026-09-21T07:58:34.681+00:00,2026-09-21T08:00:50.648+00:00,2026-09-21T08:00:54.714+00:00,True,65,65.0,,65.0,135967.404288,140033.04371199998,140033.04376,2154.3545193846153,43.751184,135967.404288,16856.804170321975,77.2855492,63.525616,9.52621055175553,0.46417615640550336,1,64,,True,True,,757,59.56268577710819
103,2026-09-21T07:58:34.912+00:00,2026-09-21T08:00:51.726+00:00,2026-09-21T08:00:56.110+00:00,True,71,71.0,,71.0,136814.078454,141198.15397400002,141198.15401,1988.7063945070422,44.121093,136814.078454,16229.413290945551,74.9989205,62.629650285714284,8.460658768738721,0.5028394352313829,1,64,,True,True,,407,59.56268577710819
104,2026-09-21T07:58:35.244+00:00,2026-09-21T08:00:53.508+00:00,2026-09-21T08:00:58.749+00:00,True,84,84.0,,84.0,138264.083533,143504.698701,143504.69869299998,1708.3892701547618,42.535023,138264.083533,15078.961800281706,75.78608700000001,63.13994178313253,8.961297524643305,0.5853466873235883,1,64,,True,True,,504,59.56268577710819
105,2026-09-21T07:58:35.525+00:00,2026-09-21T08:00:54.950+00:00,2026-09-21T08:00:59.343+00:00,True,71,71.0,,71.0,139424.42055,143817.74432600001,143817.744169,2025.602030549296,43.08080399999999,139424.42055,16539.188919410324,76.6106705,62.76176822857143,9.812743132924115,0.4936803892505794,1,64,,True,True,,142,59.56268577710819
106,2026-09-21T07:58:35.868+00:00,2026-09-21T08:00:56.915+00:00,2026-09-21T08:00:58.294+00:00,True,23,23.0,,23.0,141047.302602,142425.77121,142425.771084,6192.4248297391305,45.199583,141047.302602,29397.33207173511,75.223275,62.657664,9.418680217579206,0.16148762828945892,1,64,,True,True,,46,59.56268577710819
107,2026-09-21T07:58:36.209+00:00,2026-09-21T08:00:58.748+00:00,2026-09-21T08:01:04.827+00:00,True,96,96.0,,96.0,142538.303862,148617.319542,148617.319573,1548.0970788854167,42.316633,142538.303862,14541.227153140897,77.02444825,63.9896387368421,9.921351177314515,0.6459543227925727,1,64,,True,True,,320,59.56268577710819
108,2026-09-21T07:58:36.497+00:00,2026-09-21T08:00:59.855+00:00,2026-09-21T08:01:03.542+00:00,True,58,58.0,,58.0,143358.401184,147044.87568,147044.875768,2535.2564787586207,42.105472999999996,143358.401184,18815.39119546133,78.25264485,64.67499115789474,10.998378541281872,0.3944374105645135,1,64,,True,True,,385,59.56268577710819
109,2026-09-21T07:58:36.836+00:00,2026-09-21T08:01:01.654+00:00,2026-09-21T08:01:07.538+00:00,True,94,94.0,,94.0,144818.01415200002,150702.662088,150702.662199,1603.2198106276599,42.980183,144818.01415200002,14930.314066953526,76.01681285000001,63.27578425806452,9.196961469469223,0.6237447878997018,1,64,,True,True,,385,59.56268577710819
110,2026-09-21T07:58:37.214+00:00,2026-09-21T08:01:03.604+00:00,2026-09-21T08:01:04.262+00:00,True,12,12.0,,12.0,146390.068108,147047.84961200002,147047.849758,12253.987479833333,47.476893,146390.068108,42241.91077355972,65913.60237240001,59.79831854545455,6.47126806771848,0.08160608966172005,1,64,,True,True,,18,59.56268577710819
111,2026-09-21T07:58:37.444+00:00,2026-09-21T08:01:04.759+00:00,2026-09-21T08:01:05.775+00:00,True,17,17.0,,17.0,147315.12417,148330.81824999998,148330.818266,8725.342250941176,41.251523,147315.12417,35713.77093921681,29523.949606,63.48088,11.028826889685291,0.11460868483411067,1,64,,True,True,,102,59.56268577710819
112,2026-09-21T07:58:37.747+00:00,2026-09-21T08:01:06.632+00:00,2026-09-21T08:01:11.961+00:00,True,85,85.0,,85.0,148884.722678,154214.21336599998,154214.213294,1814.2848622823528,44.633393,148884.722678,16141.93659579145,77.0623282,63.44631771428572,9.545390320890169,0.551181360944128,1,64,,True,True,,233,59.56268577710819
113,2026-09-21T07:58:38.142+00:00,2026-09-21T08:01:08.882+00:00,2026-09-21T08:01:14.024+00:00,True,82,82.0,,82.0,150739.949854,155882.74947,155882.749386,1901.0091388536587,44.118783,150739.949854,16639.43479745724,79.52944145000001,63.491353283950616,10.923911540363585,0.5260363977335483,1,64,,True,True,,582,59.56268577710819
114,2026-09-21T07:58:38.417+00:00,2026-09-21T08:01:10.311+00:00,2026-09-21T08:01:12.610+00:00,True,37,37.0,,37.0,151893.99836199998,154193.063194,154193.063362,4167.3800908648645,48.405964,151893.99836199998,24960.72186577189,77.3926252,63.862912,8.344700259019083,0.23995891406248265,1,64,,True,True,,83,59.56268577710819
115,2026-09-21T07:58:38.674+00:00,2026-09-21T08:01:12.036+00:00,2026-09-21T08:01:13.769+00:00,True,28,28.0,,28.0,153361.744313,155095.224249,155095.224181,5539.115149321428,49.323434,153361.744313,28970.51456452338,93.47922899999999,64.20296059259259,11.887571414251322,0.1805342500749538,1,64,,True,True,,70,59.56268577710819
116,2026-09-21T07:58:38.982+00:00,2026-09-21T08:01:13.504+00:00,2026-09-21T08:01:19.829+00:00,True,100,100.0,,100.0,154522.06479899999,160847.318943,160847.31907,1608.4731906999998,39.121862,154522.06479899999,15445.820614428261,76.786655,63.891456,10.117632872334564,0.6217075961050823,1,64,,True,True,,200,59.56268577710819
117,2026-09-21T07:58:39.343+00:00,2026-09-21T08:01:15.691+00:00,2026-09-21T08:01:17.984+00:00,True,37,37.0,,37.0,156347.31938499998,158640.28732099998,158640.28738499997,4287.57533472973,47.215694000000006,156347.31938499998,25692.871403100846,77.6260512,63.69355377777778,9.150852370209615,0.23323205362791932,1,64,,True,True,,146,59.56268577710819
118,2026-09-21T07:58:39.584+00:00,2026-09-21T08:01:16.904+00:00,2026-09-21T08:01:23.029+00:00,True,98,98.0,,98.0,157320.34574000002,163445.00903600003,163445.00904200002,1667.806214714286,40.319523000000004,157320.34574000002,15885.380132804983,77.9250657,63.14085872164948,10.700497805364813,0.5995900430242855,1,64,,True,True,,294,59.56268577710819
119,2026-09-21T07:58:39.963+00:00,2026-09-21T08:01:18.793+00:00,2026-09-21T08:01:21.630+00:00,True,47,47.0,,47.0,158829.98244,161666.54077599998,161666.540821,3439.7136344893615,46.333623,158829.98244,23158.741206762108,76.4225447,61.664311652173915,9.315871318838221,0.29072187587115944,1,64,,True,True,,423,59.56268577710819
120,2026-09-21T07:58:40.191+00:00,2026-09-21T08:01:19.967+00:00,2026-09-21T08:01:20.090+00:00,True,3,3.0,,3.0,159776.292465,159899.013233,159899.013444,53299.671148,59.592235,159776.292465,92211.45898661179,143804.9760929,61.360384,2.5006011072796075,0.018761841860953143,1,64,,True,True,,10,59.56268577710819
121,2026-09-21T07:58:40.491+00:00,2026-09-21T08:01:21.577+00:00,2026-09-21T08:01:25.266+00:00,True,59,59.0,,59.0,161086.200484,164775.1953,164775.195179,2792.799918288136,44.99557299999999,161086.200484,20963.35853835764,77.35068079999999,63.60335889655172,9.179384784287913,0.35806360230725826,1,64,,True,True,,118,59.56268577710819
122,2026-09-21T07:58:40.820+00:00,2026-09-21T08:01:23.362+00:00,2026-09-21T08:01:24.694+00:00,True,22,22.0,,22.0,162541.960752,163874.007344,163874.007274,7448.818512454546,45.080832,162541.960752,34640.54003260954,77.61495045,63.430790095238095,8.746404601100739,0.1342494783435556,1,64,,True,True,,22,59.56268577710819
123,2026-09-21T07:58:41.156+00:00,2026-09-21T08:01:24.996+00:00,2026-09-21T08:01:30.796+00:00,True,93,93.0,,93.0,163840.452018,169640.32350600002,169640.32341900002,1824.0894991290324,39.977033000000006,163840.452018,16982.929193054468,78.8489268,63.04208139130435,10.002729028446462,0.5482187140294547,1,64,,True,True,,186,59.56268577710819
124,2026-09-21T07:58:41.464+00:00,2026-09-21T08:01:26.643+00:00,2026-09-21T08:01:27.321+00:00,True,12,12.0,,12.0,165179.03522299998,165857.05531899998,165857.05520899998,13821.421267416665,52.894123,165179.03522299998,47665.287520390266,74372.01522204999,61.63819054545455,8.599514749006765,0.07235145937518235,1,64,,True,True,,40,59.56268577710819
125,2026-09-21T07:58:41.694+00:00,2026-09-21T08:01:27.571+00:00,2026-09-21T08:01:28.445+00:00,True,15,15.0,,15.0,165877.50359900002,166751.46123100002,166751.461226,11116.764081733334,44.845193,165877.50359900002,42813.27041307356,49816.817658500004,62.42554514285714,11.182758745555732,0.08995423421939655,1,64,,True,True,,72,59.56268577710819
126,2026-09-21T07:58:41.924+00:00,2026-09-21T08:01:28.698+00:00,2026-09-21T08:01:30.919+00:00,True,36,36.0,,36.0,166773.637586,168994.589906,168994.589856,4694.294162666667,45.291603,166773.637586,27785.031574391418,76.173094,63.455780571428576,8.534398033463743,0.21302457090504676,1,64,,True,True,,36,59.56268577710819
127,2026-09-21T07:58:42.302+00:00,2026-09-21T08:01:30.479+00:00,2026-09-21T08:01:36.203+00:00,True,92,92.0,,92.0,168176.457493,173900.69224499998,173900.692402,1890.2249174130434,44.778493000000005,168176.457493,17527.05184328043,76.3774025,62.903678593406596,8.948245156344202,0.5290375720321217,1,64,,True,True,,638,59.56268577710819
128,2026-09-21T07:58:42.577+00:00,2026-09-21T08:01:32.053+00:00,2026-09-21T08:01:32.053+00:00,True,1,1.0,,1.0,169475.601879,169475.601879,169475.601879,169475.601879,169475.601879,169475.601879,nan,169475.601879,nan,nan,0.005900554350672655,1,64,,True,True,,2,59.56268577710819
129,2026-09-21T07:58:43.477+00:00,2026-09-21T08:01:34.902+00:00,2026-09-21T08:01:37.190+00:00,True,37,37.0,,37.0,171425.25966,173713.08122800002,173713.081123,4694.94813845946,42.740952,171425.25966,28171.693392089033,77.99679280000001,63.55059911111111,10.655271812450897,0.21299489789969908,1,64,,True,True,,180,59.56268577710819
130,2026-09-21T07:58:43.583+00:00,2026-09-21T08:01:35.768+00:00,2026-09-21T08:01:39.078+00:00,True,53,53.0,,53.0,172185.221295,175494.554799,175494.554954,3311.218018,44.587362999999996,172185.221295,23642.719000621237,76.276364,63.641028923076924,8.96752529294972,0.3020036721977086,1,64,,True,True,,318,59.56268577710819
131,2026-09-21T07:58:43.603+00:00,2026-09-21T08:01:37.129+00:00,2026-09-21T08:01:40.336+00:00,True,51,51.0,,51.0,173525.924617,176733.071881,176733.0719,3465.3543509803926,44.18266199999999,173525.924617,24289.509331417765,76.660499,64.14294528,8.651593660337733,0.28857077771125894,1,64,,True,True,,204,59.56268577710819
132,2026-09-21T07:58:43.872+00:00,2026-09-21T08:01:38.809+00:00,2026-09-21T08:01:39.860+00:00,True,17,17.0,,17.0,174937.32035,175987.628446,175987.628498,10352.213441058822,48.194213000000005,174937.32035,42412.61220716995,35050.3905292,65.644256,9.248484126673935,0.09659769922529685,1,64,,True,True,,51,59.56268577710819
133,2026-09-21T07:58:44.111+00:00,2026-09-21T08:01:39.667+00:00,2026-09-21T08:01:43.419+00:00,True,62,62.0,,62.0,175555.155802,179307.75049,179307.75065499998,2892.0604944354836,42.877152,175555.155802,22287.716204221175,76.41134695,61.517945704918034,9.301430174960364,0.34577423357646625,1,64,,True,True,,228,59.56268577710819
134,2026-09-21T07:58:44.353+00:00,2026-09-21T08:01:40.831+00:00,2026-09-21T08:01:42.679+00:00,True,31,31.0,,31.0,176477.229969,178326.003601,178326.00367900002,5752.451731580645,44.745323,176477.229969,31685.17913589334,75.8882,61.62578773333333,9.107004709226013,0.17383892070705365,1,64,,True,True,,93,59.56268577710819
135,2026-09-21T07:58:44.635+00:00,2026-09-21T08:01:42.278+00:00,2026-09-21T08:01:44.111+00:00,True,31,31.0,,31.0,177643.656687,179476.01175900002,179476.011787,5789.548767322581,43.842271999999994,177643.656687,31894.774445639523,77.53734,61.0785024,11.06768136212245,0.17272503270034065,1,64,,True,True,,42,59.56268577710819
136,2026-09-21T07:58:44.875+00:00,2026-09-21T08:01:43.559+00:00,2026-09-21T08:01:47.553+00:00,True,65,65.0,,65.0,178684.442613,182678.619381,182678.619519,2810.4403002923077,43.364453000000005,178684.442613,22155.338560575372,76.63368600000001,62.409012,9.562403162112249,0.3558161333835902,1,64,,True,True,,134,59.56268577710819
137,2026-09-21T07:58:45.139+00:00,2026-09-21T08:01:44.753+00:00,2026-09-21T08:01:46.781+00:00,True,34,34.0,,34.0,179614.616139,181642.10260299998,181642.10251899998,5342.414779970588,48.457673,179614.616139,30793.11693433358,75.96923930000001,61.438983757575755,8.335231576033982,0.1871812730240795,1,64,,True,True,,80,59.56268577710819
138,2026-09-21T07:58:45.430+00:00,2026-09-21T08:01:46.391+00:00,2026-09-21T08:01:51.196+00:00,True,76,76.0,,76.0,180960.321048,185765.681176,185765.681088,2444.2852774736843,41.814932,180960.321048,20750.2249171827,77.629475,64.07146837333333,9.151582971034468,0.40911754807926715,1,64,,True,True,,228,59.56268577710819
139,2026-09-21T07:58:45.771+00:00,2026-09-21T08:01:48.100+00:00,2026-09-21T08:01:50.712+00:00,True,43,43.0,,43.0,182328.582394,184940.492794,184940.492896,4300.941695255814,44.012403,182328.582394,27795.366204890764,79.2111299,62.18834285714286,9.818246498672464,0.23250722083830763,1,64,,True,True,,86,59.56268577710819
140,2026-09-21T07:58:46.102+00:00,2026-09-21T08:01:49.882+00:00,2026-09-21T08:01:53.463+00:00,True,57,57.0,,57.0,183779.44905700002,187360.18556900002,187360.18557000003,3287.0207994736847,46.233243,183779.44905700002,24333.71511347019,79.138712,63.94172342857143,9.22576252032032,0.30422685495797797,1,64,,True,True,,282,59.56268577710819
141,2026-09-21T07:58:46.371+00:00,2026-09-21T08:01:51.196+00:00,2026-09-21T08:01:56.338+00:00,True,82,82.0,,82.0,184825.20465,189966.993578,189966.993578,2316.670653390244,44.458993,184825.20465,20403.521378617766,77.27694345,63.47887565432099,9.18335838595533,0.4316539334309725,1,64,,True,True,,328,59.56268577710819
142,2026-09-21T07:58:46.694+00:00,2026-09-21T08:01:52.584+00:00,2026-09-21T08:01:53.769+00:00,True,20,20.0,,20.0,185890.085812,187074.96798800002,187074.968067,9353.74840335,47.165613,185890.085812,41552.34341102933,9371.06956435,62.362219789473684,10.286968202546795,0.10690901201321015,1,64,,True,True,,110,59.56268577710819
143,2026-09-21T07:58:47.019+00:00,2026-09-21T08:01:54.310+00:00,2026-09-21T08:01:55.342+00:00,True,17,17.0,,17.0,187290.157251,188322.859203,188322.859277,11077.815251588236,43.742442000000004,187290.157251,45408.88180827764,37520.7503254,64.543872,7.9089781360314815,0.09027050710649569,1,64,,True,True,,88,59.56268577710819
144,2026-09-21T07:58:47.256+00:00,2026-09-21T08:01:55.603+00:00,2026-09-21T08:01:57.296+00:00,True,28,28.0,,28.0,188347.63610600002,190039.96634600003,190039.96639800002,6787.141657071429,42.226701999999996,188347.63610600002,35582.51360882597,77.49116815,62.67889777777778,9.785857054607694,0.14733742874391614,1,64,,True,True,,140,59.56268577710819
145,2026-09-21T07:58:47.599+00:00,2026-09-21T08:01:57.414+00:00,2026-09-21T08:02:01.102+00:00,True,59,59.0,,59.0,189815.043219,193502.99483500002,193502.99480800002,3279.71177640678,45.296322,189815.043219,24703.536964165774,75.65103909999999,63.585372689655166,8.115563952843019,0.30490484165534126,1,64,,True,True,,339,59.56268577710819
146,2026-09-21T07:58:47.998+00:00,2026-09-21T08:01:59.458+00:00,2026-09-21T08:02:05.470+00:00,True,97,97.0,,97.0,191460.085668,197471.879588,197471.87981200003,2035.7925753814434,43.847352,191460.085668,19433.469796903828,75.68959199999999,62.62285333333334,8.42826215498259,0.4912091797696876,1,64,,True,True,,421,59.56268577710819
147,2026-09-21T07:58:48.267+00:00,2026-09-21T08:02:00.750+00:00,2026-09-21T08:02:05.345+00:00,True,75,75.0,,75.0,192483.556059,197078.069467,197078.069488,2627.7075931733334,42.613433,192483.556059,22218.919017875818,75.9579023,62.08801902702702,8.862883855169498,0.38055984718562746,1,64,,True,True,,216,59.56268577710819
148,2026-09-21T07:58:48.523+00:00,2026-09-21T08:02:02.720+00:00,2026-09-21T08:02:06.447+00:00,True,60,60.0,,60.0,194197.03297,197923.579402,197923.579432,3298.7263238666665,46.984463000000005,194197.03297,25062.5761580752,76.86688105,63.16180393220339,7.688934538063152,0.30314730655782446,1,64,,True,True,,300,59.56268577710819
149,2026-09-21T07:58:48.941+00:00,2026-09-21T08:02:04.759+00:00,2026-09-21T08:02:10.802+00:00,True,97,97.0,,97.0,195818.25746599998,201861.17893799997,201861.17885399997,2081.043080969072,41.740762000000004,195818.25746599998,19875.942505856172,76.962228,62.94709866666666,9.265553445329076,0.4805282546665041,1,64,,True,True,,101,59.56268577710819
150,2026-09-21T07:58:49.177+00:00,2026-09-21T08:02:05.967+00:00,2026-09-21T08:02:12.185+00:00,True,100,100.0,,100.0,196790.395247,203007.930223,203007.93044300002,2030.07930443,43.284292,196790.395247,19672.76109683758,75.8050145,62.803383595959595,8.714647364394617,0.4925915942798494,1,64,,True,True,,987,59.56268577710819
151,2026-09-21T07:58:49.464+00:00,2026-09-21T08:02:07.563+00:00,2026-09-21T08:02:12.579+00:00,True,80,80.0,,80.0,198099.538154,203115.469034,203115.469075,2538.9433634375,47.010833,198099.538154,22141.104687586478,77.72177295,63.49279594936709,8.77499625034209,0.3938646346360188,1,64,,True,True,,175,59.56268577710819
152,2026-09-21T07:58:49.706+00:00,2026-09-21T08:02:08.985+00:00,2026-09-21T08:02:09.255+00:00,True,5,5.0,,5.0,199278.222425,199548.51362500002,199548.51344,39909.702688000005,62.197493,199278.222425,89089.7110296825,159437.6256008,67.5728,5.521401532637162,0.0250565634850892,1,64,,True,True,,17,59.56268577710819
153,2026-09-21T07:58:50.100+00:00,2026-09-21T08:02:11.098+00:00,2026-09-21T08:02:13.264+00:00,True,35,35.0,,35.0,200998.545129,203164.310505,203164.310606,5804.694588742857,43.921682000000004,200998.545129,33964.18942383173,80.8277623,63.69898164705882,9.882308765011771,0.1722743522865874,1,64,,True,True,,105,59.56268577710819
154,2026-09-21T07:58:50.486+00:00,2026-09-21T08:02:13.269+00:00,2026-09-21T08:02:15.674+00:00,True,39,39.0,,39.0,202782.851646,205187.734078,205187.734058,5261.223950205128,45.330832,202782.851646,32461.111334636058,77.54957999999999,63.286379789473685,10.355521270377718,0.19006984104212854,1,64,,True,True,,444,59.56268577710819
155,2026-09-21T07:58:50.839+00:00,2026-09-21T08:02:15.264+00:00,2026-09-21T08:02:20.451+00:00,True,82,82.0,,82.0,204425.271847,209612.716327,209612.71631699998,2556.252638012195,44.955392999999994,204425.271847,22567.924462592327,79.52554244999999,64.04252444444445,9.650630032527907,0.39119764028093773,1,64,,True,True,,82,59.56268577710819
156,2026-09-21T07:58:51.183+00:00,2026-09-21T08:02:17.099+00:00,2026-09-21T08:02:22.821+00:00,True,92,92.0,,92.0,205916.161601,211637.374273,211637.374192,2300.406241217391,40.989212,205916.161601,21461.69108649319,78.22684,62.87046892307692,9.069618718136166,0.43470582790979684,1,64,,True,True,,368,59.56268577710819
157,2026-09-21T07:58:51.523+00:00,2026-09-21T08:02:19.037+00:00,2026-09-21T08:02:23.363+00:00,True,70,70.0,,70.0,207514.25650999998,211839.80249399997,211839.80244399997,3026.2828920571424,43.137232000000004,207514.25650999998,24795.20700720232,78.80203750000001,62.689072231884055,10.429885544281499,0.3304383745447584,1,64,,True,True,,455,59.56268577710819
158,2026-09-21T07:58:51.808+00:00,2026-09-21T08:02:20.372+00:00,2026-09-21T08:02:22.712+00:00,True,38,38.0,,38.0,208563.504985,210904.155481,210904.15554,5550.109356315789,45.019833,208563.504985,33823.20721249002,78.4840073,63.260824216216214,9.502917880020078,0.18017663005897178,1,64,,True,True,,117,59.56268577710819
159,2026-09-21T07:58:52.078+00:00,2026-09-21T08:02:21.807+00:00,2026-09-21T08:02:23.435+00:00,True,28,28.0,,28.0,209728.255653,211357.050021,211357.050101,7548.466075035714,43.031622000000006,209728.255653,39623.51540343612,75.1829265,60.32571733333334,9.433912843058135,0.13247724642834474,1,64,,True,True,,102,59.56268577710819
160,2026-09-21T07:58:52.456+00:00,2026-09-21T08:02:23.714+00:00,2026-09-21T08:02:26.376+00:00,True,44,44.0,,44.0,211257.994568,213919.87028,213919.870171,4861.815231159091,43.363091999999995,211257.994568,31839.010321585676,79.78314135000001,61.904086325581396,10.576579422016165,0.20568449271406317,1,64,,True,True,,120,59.56268577710819
161,2026-09-21T07:58:52.801+00:00,2026-09-21T08:02:25.605+00:00,2026-09-21T08:02:25.812+00:00,True,4,4.0,,4.0,212803.74753400002,213011.19047800003,213011.19040500003,53252.79760125001,52.737792999999996,212803.74753400002,106367.3006881991,180895.63615150005,69.147648,15.294263880854677,0.018778356155955682,1,64,,True,True,,12,59.56268577710819
162,2026-09-21T07:58:53.686+00:00,2026-09-21T08:02:27.438+00:00,2026-09-21T08:02:31.374+00:00,True,64,64.0,,64.0,213752.50980700002,217688.85105500004,217688.85087500003,3401.3882949218755,47.106811,213752.50980700002,26711.254910869615,77.90299499999999,62.48160711111111,8.672506951900324,0.2939976011166053,1,64,,True,True,,64,59.56268577710819
163,2026-09-21T07:58:53.808+00:00,2026-09-21T08:02:28.165+00:00,2026-09-21T08:02:30.484+00:00,True,38,38.0,,38.0,214356.91752000002,216675.85,216675.850211,5701.996058184211,46.588982,214356.91752000002,34763.11793904557,78.68109584999999,62.67385081081081,9.228439514197058,0.17537718209020525,1,64,,True,True,,152,59.56268577710819
164,2026-09-21T07:58:53.884+00:00,2026-09-21T08:02:29.638+00:00,2026-09-21T08:02:30.730+00:00,True,19,19.0,,19.0,215753.892245,216845.744533,216845.744562,11412.93392431579,46.884510999999996,215753.892245,49483.42196089146,21643.0704413,60.65846044444445,6.803015160921155,0.08761988869515742,1,64,,True,True,,95,59.56268577710819
165,2026-09-21T07:58:53.991+00:00,2026-09-21T08:02:31.702+00:00,2026-09-21T08:02:37.645+00:00,True,93,93.0,,93.0,217711.283385,223654.117817,223654.117863,2404.882987774193,41.948902000000004,217711.283385,22568.91235104491,78.7798064,64.59602643478262,10.065616735546131,0.41582064711232003,1,64,,True,True,,93,59.56268577710819
166,2026-09-21T07:58:54.336+00:00,2026-09-21T08:02:33.611+00:00,2026-09-21T08:02:37.704+00:00,True,64,64.0,,64.0,219274.748045,223368.211341,223368.21120899997,3490.1283001406246,46.208682,219274.748045,27401.223465857896,78.22516820000001,64.97560787301587,10.31572640210106,0.2865224179204975,1,64,,True,True,,489,59.56268577710819
167,2026-09-21T07:58:54.631+00:00,2026-09-21T08:02:35.480+00:00,2026-09-21T08:02:37.841+00:00,True,37,37.0,,37.0,220849.255261,223209.709149,223209.709264,6032.694844972973,50.963561,220849.255261,36296.61612123207,83.39777620000001,65.56816355555556,10.75591035194422,0.16576339864903122,1,64,,True,True,,74,59.56268577710819
168,2026-09-21T07:58:54.888+00:00,2026-09-21T08:02:36.667+00:00,2026-09-21T08:02:38.413+00:00,True,29,29.0,,29.0,221778.640965,223524.328261,223524.328346,7707.735460206896,44.397711,221778.640965,41171.68325053128,76.2946206,62.345974857142856,8.6368071451086,0.12973979264636426,1,64,,True,True,,58,59.56268577710819
169,2026-09-21T07:58:55.124+00:00,2026-09-21T08:02:37.585+00:00,2026-09-21T08:02:43.257+00:00,True,91,91.0,,91.0,222460.734092,228133.334668,228133.334581,2506.9597206703297,42.616361,222460.734092,23313.61613892821,76.846648,63.02889528888889,9.541645033531324,0.39888953594805127,1,64,,True,True,,364,59.56268577710819
170,2026-09-21T07:58:55.505+00:00,2026-09-21T08:02:39.619+00:00,2026-09-21T08:02:40.358+00:00,True,13,13.0,,13.0,224114.313556,224853.281876,224853.282081,17296.40631392308,50.192412,224114.313556,62141.04805342652,89691.76323160002,61.580693333333336,9.140978507034328,0.05781547812661734,1,64,,True,True,,13,59.56268577710819
171,2026-09-21T07:58:55.824+00:00,2026-09-21T08:02:41.047+00:00,2026-09-21T08:02:41.474+00:00,True,8,8.0,,8.0,225222.932362,225650.58497,225650.584867,28206.323108375,43.401603,225222.932362,79606.73241488513,146420.98784734998,61.09322971428572,11.820710107997598,0.03545304347898585,1,64,,True,True,,16,59.56268577710819
172,2026-09-21T07:58:56.158+00:00,2026-09-21T08:02:42.956+00:00,2026-09-21T08:02:46.156+00:00,True,52,52.0,,52.0,226797.66583399998,229997.74928999998,229997.749196,4423.033638384615,48.830180999999996,226797.66583399998,31442.477427369588,77.48508755,62.746734431372545,9.47019070581572,0.22608916896153686,1,64,,True,True,,619,59.56268577710819
173,2026-09-21T07:58:56.478+00:00,2026-09-21T08:02:44.721+00:00,2026-09-21T08:02:47.954+00:00,True,52,52.0,,52.0,228242.467592,231475.641608,231475.641676,4451.454647615385,46.052261,228242.467592,31642.74527944821,77.086175,63.39556894117647,9.06573909133787,0.2246456674178318,1,64,,True,True,,182,59.56268577710819
174,2026-09-21T07:58:56.758+00:00,2026-09-21T08:02:46.212+00:00,2026-09-21T08:02:46.540+00:00,True,6,6.0,,6.0,229454.125546,229782.127338,229782.12741699998,38297.02123616666,46.526500999999996,229454.125546,93647.4738646095,172109.25949524998,65.6003584,11.962171595853857,0.02611169140746203,1,64,,True,True,,13,59.56268577710819
175,2026-09-21T07:58:57.070+00:00,2026-09-21T08:02:47.468+00:00,2026-09-21T08:02:48.837+00:00,True,23,23.0,,23.0,230397.081947,231766.076251,231766.076265,10076.785924565218,44.416872000000005,230397.081947,48028.137956657185,76.333717,62.22701381818182,8.04693684679398,0.0992379919099604,1,64,,True,True,,67,59.56268577710819
176,2026-09-21T07:58:57.395+00:00,2026-09-21T08:02:49.396+00:00,2026-09-21T08:02:50.779+00:00,True,23,23.0,,23.0,232000.232381,233383.39833300002,233383.39834100002,10147.104275695652,44.601372000000005,232000.232381,48362.283803568,73.489192,62.871179636363635,9.197281354009732,0.0985502832004475,1,64,,True,True,,46,59.56268577710819
177,2026-09-21T07:58:57.776+00:00,2026-09-21T08:02:51.329+00:00,2026-09-21T08:02:53.168+00:00,True,30,30.0,,30.0,233552.412739,235391.755331,235391.755334,7846.391844466666,43.239391000000005,233552.412739,42629.06273100156,78.49081555,63.425606620689656,9.41514843073943,0.1274471145253792,1,64,,True,True,,165,59.56268577710819
178,2026-09-21T07:58:58.008+00:00,2026-09-21T08:02:52.807+00:00,2026-09-21T08:02:54.779+00:00,True,32,32.0,,32.0,234798.527607,236770.783351,236770.783366,7399.0869801875,47.828992,234798.527607,41495.66220509702,78.40817244999998,63.621153032258064,10.02313313925602,0.13515181031673879,1,64,,True,True,,32,59.56268577710819
179,2026-09-21T07:58:58.398+00:00,2026-09-21T08:02:54.782+00:00,2026-09-21T08:03:00.614+00:00,True,94,94.0,,94.0,236383.533215,242216.241311,242216.241289,2576.7685243510637,44.406400999999995,236383.533215,24374.63265033738,77.06245435,62.71729135483871,8.886866562417408,0.3880829769763713,1,64,,True,True,,369,59.56268577710819
180,2026-09-21T07:58:58.777+00:00,2026-09-21T08:02:56.620+00:00,2026-09-21T08:03:02.050+00:00,True,87,87.0,,87.0,237842.91196,243272.83144799998,243272.83153,2796.2394428735633,45.479822,237842.91196,25492.66924529005,76.504462,63.13859869767442,9.33762476257829,0.35762316524275095,1,64,,True,True,,604,59.56268577710819
181,2026-09-21T07:58:59.046+00:00,2026-09-21T08:02:58.259+00:00,2026-09-21T08:02:59.975+00:00,True,29,29.0,,29.0,239212.86826,240928.961444,240928.96151999998,8307.895224827585,42.003191,239212.86826,44409.334460583756,80.04766260000001,61.28904228571428,9.98617952213175,0.12036743040848819,1,64,,True,True,,39,59.56268577710819
182,2026-09-21T07:58:59.322+00:00,2026-09-21T08:02:59.734+00:00,2026-09-21T08:03:02.443+00:00,True,44,44.0,,44.0,240412.456732,243121.010204,243121.009987,5525.477499704545,44.245152000000004,240412.456732,36234.04692524641,77.47030485,62.98961562790698,10.282579677729748,0.18097983371770343,1,64,,True,True,,132,59.56268577710819
183,2026-09-21T07:58:59.575+00:00,2026-09-21T08:03:00.892+00:00,2026-09-21T08:03:06.538+00:00,True,89,89.0,,89.0,241317.349047,246962.700983,246962.701075,2774.8618098314605,43.167951,241317.349047,25572.789322411485,77.1311946,64.15172654545455,8.960706576407915,0.3603783067068352,1,64,,True,True,,657,59.56268577710819
184,2026-09-21T07:58:59.816+00:00,2026-09-21T08:03:02.292+00:00,2026-09-21T08:03:06.533+00:00,True,66,66.0,,66.0,242475.56194100002,246716.63150900003,246716.63159000003,3738.130781666667,45.016081,242475.56194100002,29838.64850749475,78.16359800000001,65.24722412307692,9.343512617861068,0.26751338001140135,1,64,,True,True,,244,59.56268577710819
185,2026-09-21T07:59:00.058+00:00,2026-09-21T08:03:03.455+00:00,2026-09-21T08:03:09.785+00:00,True,99,99.0,,99.0,243396.118897,249727.003249,249727.003149,2522.4949813030303,44.277921,243396.118897,24455.73933724539,77.77125899999999,64.60086073469388,8.91976632901844,0.3964328995742932,1,64,,True,True,,344,59.56268577710819
186,2026-09-21T07:59:00.306+00:00,2026-09-21T08:03:04.506+00:00,2026-09-21T08:03:08.577+00:00,True,64,64.0,,64.0,244200.15789700003,248271.13082500003,248271.13066000002,3879.2364165625004,45.460072,244200.15789700003,30516.943651259724,78.402381,64.6186179047619,8.7730945281422,0.25778269018765604,1,64,,True,True,,256,59.56268577710819
187,2026-09-21T07:59:00.688+00:00,2026-09-21T08:03:06.668+00:00,2026-09-21T08:03:11.867+00:00,True,83,83.0,,83.0,245980.310634,251179.736426,251179.736447,3026.2618849036144,42.344671999999996,245980.310634,26992.888559270472,77.64249389999999,63.407631609756095,9.588562048097872,0.33044066842729813,1,64,,True,True,,662,59.56268577710819
189,2026-09-21T07:59:01.337+00:00,2026-09-21T08:03:09.036+00:00,2026-09-21T08:03:09.036+00:00,True,1,1.0,,1.0,247699.10825999998,247699.10825999998,247699.10825999998,247699.10825999998,247699.10825999998,247699.10825999998,nan,247699.10825999998,nan,nan,0.004037156237762227,1,64,,True,True,,4,59.56268577710819
190,2026-09-21T07:59:01.693+00:00,2026-09-21T08:03:10.879+00:00,2026-09-21T08:03:15.399+00:00,True,72,72.0,,72.0,249186.097357,253706.086861,253706.086675,3523.695648263889,41.895271,249186.097357,29359.362345451726,80.40525149999999,63.661824,10.238130783818894,0.2837929546382828,1,64,,True,True,,361,59.56268577710819
191,2026-09-21T07:59:01.932+00:00,2026-09-21T08:03:12.116+00:00,2026-09-21T08:03:13.777+00:00,True,27,27.0,,27.0,250183.82874599998,251844.80154599997,251844.80157399998,9327.58524348148,45.799671000000004,250183.82874599998,48135.60698044651,80.428756,63.88356923076923,10.437857907200064,0.10720888354357552,1,64,,True,True,,108,59.56268577710819
188,2026-09-21T07:59:01.057+00:00,2026-09-21T08:03:13.312+00:00,2026-09-21T08:03:14.420+00:00,True,18,18.0,,18.0,252254.89848899998,253362.837817,253362.83788699997,14075.713215944443,44.104371,252254.89848899998,59441.6892034209,37909.2143659,65.17290164705882,10.269490937803592,0.07104435739309614,1,64,,True,True,,90,59.56268577710819
192,2026-09-21T07:59:02.171+00:00,2026-09-21T08:03:13.969+00:00,2026-09-21T08:03:15.395+00:00,True,23,23.0,,23.0,251797.22949599999,253223.995832,253223.99586599998,11009.738950695652,41.072720999999994,251797.22949599999,52489.829810404255,78.89895200000001,64.85301527272728,9.552146764947599,0.09082867492249518,1,64,,True,True,,184,59.56268577710819
193,2026-09-21T07:59:02.403+00:00,2026-09-21T08:03:15.658+00:00,2026-09-21T08:03:19.872+00:00,True,69,69.0,,69.0,253255.399901,257469.478109,257469.47811999999,3731.441711884058,41.584801,253255.399901,30480.908249977565,75.43416260000001,61.97173835294118,9.323369796485215,0.26799293068356933,1,64,,True,True,,206,59.56268577710819
194,2026-09-21T07:59:02.705+00:00,2026-09-21T08:03:17.237+00:00,2026-09-21T08:03:18.338+00:00,True,19,19.0,,19.0,254531.132585,255632.186281,255632.186294,13454.325594421054,45.635551,254531.132585,58379.41392339772,25520.9058512,61.16964977777778,8.816569178414895,0.07432553887840447,1,64,,True,True,,61,59.56268577710819
195,2026-09-21T07:59:03.021+00:00,2026-09-21T08:03:19.107+00:00,2026-09-21T08:03:22.446+00:00,True,53,53.0,,53.0,256086.78538800002,259424.957548,259424.95748500002,4894.810518584906,44.498122,256086.78538800002,35167.40899197998,76.48948839999998,64.19561846153846,10.968059919315916,0.20429800008811294,1,64,,True,True,,212,59.56268577710819
196,2026-09-21T07:59:03.376+00:00,2026-09-21T08:03:21.008+00:00,2026-09-21T08:03:25.108+00:00,True,65,65.0,,65.0,257631.857558,261731.74491799998,261731.74496299998,4026.6422301999996,42.580521999999995,257631.857558,31947.355271104552,78.69549699999999,64.06074,11.262398254553519,0.24834587803005845,1,64,,True,True,,140,59.56268577710819
197,2026-09-21T07:59:03.794+00:00,2026-09-21T08:03:23.110+00:00,2026-09-21T08:03:23.544+00:00,True,8,8.0,,8.0,259315.986218,259749.233706,259749.233734,32468.65421675,50.298131999999995,259315.986218,91660.16467560906,168582.83054155004,61.89249828571428,13.220577284770355,0.030798935903906796,1,64,,True,True,,32,59.56268577710819
198,2026-09-21T07:59:04.214+00:00,2026-09-21T08:03:25.101+00:00,2026-09-21T08:03:25.570+00:00,True,8,8.0,,8.0,260886.461275,261355.900251,261355.900162,32669.48752025,55.793032,260886.461275,92213.58289451862,169601.67854495,67.06271085714286,6.480352981246094,0.030609601666987386,1,64,,True,True,,8,59.56268577710819
199,2026-09-21T07:59:04.452+00:00,2026-09-21T08:03:26.457+00:00,2026-09-21T08:03:30.265+00:00,True,62,62.0,,62.0,262004.514158,265812.39691,265812.397091,4287.2967272741935,42.245650999999995,262004.514158,33266.68015891708,77.5673365,62.42430740983607,10.01083986318558,0.23324721014043692,1,64,,True,True,,248,59.56268577710819
203,2026-09-21T07:59:05.786+00:00,2026-09-21T08:03:30.466+00:00,2026-09-21T08:03:36.646+00:00,True,98,98.0,,98.0,264679.857171,270859.712787,270859.71283599996,2763.87462077551,43.005201,264679.857171,26730.26906264534,77.9403823,63.70985171134021,9.320661638696835,0.36181091307981167,1,64,,True,True,,392,59.56268577710819
200,2026-09-21T07:59:05.606+00:00,2026-09-21T08:03:30.549+00:00,2026-09-21T08:03:35.364+00:00,True,77,77.0,,77.0,264942.867522,269757.696322,269757.696268,3503.3467047792205,43.025841,264942.867522,30185.823645891767,79.08375380000001,63.353010526315785,9.514460365289796,0.28544134625203754,1,64,,True,True,,77,59.56268577710819
201,2026-09-21T07:59:05.641+00:00,2026-09-21T08:03:30.920+00:00,2026-09-21T08:03:32.281+00:00,True,22,22.0,,22.0,265278.95957,266639.493586,266639.49351,12119.976977727272,45.330110999999995,265278.95957,56543.85233580126,78.66978049999999,64.7873340952381,9.90759057541024,0.08250840752855045,1,64,,True,True,,88,59.56268577710819
202,2026-09-21T07:59:05.652+00:00,2026-09-21T08:03:31.107+00:00,2026-09-21T08:03:35.624+00:00,True,72,72.0,,72.0,265455.565674,269972.16906600003,269972.168969,3749.613457902778,42.457231,265455.565674,31276.743061989513,79.10080095,63.614132281690146,10.160914776380668,0.26669415684250836,1,64,,True,True,,504,59.56268577710819
204,2026-09-21T07:59:06.101+00:00,2026-09-21T08:03:35.252+00:00,2026-09-21T08:03:37.672+00:00,True,39,39.0,,39.0,269150.709425,271570.566577,271570.566585,6963.347861153847,42.568241,269150.709425,43088.410145921895,77.13758910000001,63.68045136842105,9.329880146587698,0.1436090828677566,1,64,,True,True,,78,59.56268577710819
205,2026-09-21T07:59:06.464+00:00,2026-09-21T08:03:37.353+00:00,2026-09-21T08:03:42.784+00:00,True,85,85.0,,85.0,270889.191601,276320.05598500004,276320.055815,3250.8241860588237,40.630301,270889.191601,29375.04739670099,78.6901578,64.65314742857143,10.456296044094863,0.3076142978366152,1,64,,True,True,,421,59.56268577710819
206,2026-09-21T07:59:06.856+00:00,2026-09-21T08:03:39.082+00:00,2026-09-21T08:03:41.100+00:00,True,32,32.0,,32.0,272226.033836,274243.936684,274243.93661800004,8570.123019312501,48.277101,272226.033836,48111.71302483923,91.393236,65.09364025806451,11.915137234386314,0.11668443936054011,1,64,,True,True,,33,59.56268577710819
207,2026-09-21T07:59:07.134+00:00,2026-09-21T08:03:40.708+00:00,2026-09-21T08:03:43.176+00:00,True,39,39.0,,39.0,273574.133991,276042.375143,276042.375092,7078.00961774359,46.997592,273574.133991,43796.52101683627,77.107326,64.95371452631579,9.14775046057348,0.14128265625810743,1,64,,True,True,,250,59.56268577710819
208,2026-09-21T07:59:07.474+00:00,2026-09-21T08:03:42.370+00:00,2026-09-21T08:03:48.683+00:00,True,100,100.0,,100.0,274896.04052,281208.92218399997,281208.92238299997,2812.08922383,42.987381,274896.04052,27483.229151381925,78.90203300000002,63.766481454545456,9.851238048046987,0.3556074936149011,1,64,,True,True,,634,59.56268577710819
209,2026-09-21T07:59:07.792+00:00,2026-09-21T08:03:44.175+00:00,2026-09-21T08:03:48.418+00:00,True,68,68.0,,68.0,276382.80762599997,280625.53121,280625.53137499996,4126.846049632352,47.189442,276382.80762599997,33508.66058703307,78.92541515,63.32423259701493,9.331978964600673,0.24231579965941763,1,64,,True,True,,135,59.56268577710819
210,2026-09-21T07:59:08.188+00:00,2026-09-21T08:03:46.128+00:00,2026-09-21T08:03:52.266+00:00,True,98,98.0,,98.0,277940.09376599995,284077.9922619999,284077.99227399996,2898.755023204081,45.223141000000005,277940.09376599995,28069.798846145848,76.70314900000001,63.277304082474224,9.297907493123278,0.3449756850914955,1,64,,True,True,,686,59.56268577710819
211,2026-09-21T07:59:08.541+00:00,2026-09-21T08:03:48.071+00:00,2026-09-21T08:03:52.672+00:00,True,73,73.0,,73.0,279530.64058899996,284131.18407699995,284131.18397599994,3892.2079996712323,44.722750999999995,279530.64058899996,32709.109819148132,77.97022499999999,63.89643733333334,9.909735574146968,0.2569235764709899,1,64,,True,True,,292,59.56268577710819
212,2026-09-21T07:59:08.957+00:00,2026-09-21T08:03:50.194+00:00,2026-09-21T08:03:56.350+00:00,True,97,97.0,,97.0,281237.504121,287393.268345,287393.268499,2962.8172010206185,41.173101,281237.504121,28548.833215085728,78.88530380000002,64.122544,10.0285727423266,0.33751660419393253,1,64,,True,True,,291,59.56268577710819
213,2026-09-21T07:59:09.244+00:00,2026-09-21T08:03:51.695+00:00,2026-09-21T08:03:53.011+00:00,True,22,22.0,,22.0,282451.549552,283766.67582400003,283766.67590000003,12898.48526818182,50.334571000000004,282451.549552,60205.521694020805,76.45075349999999,62.62506057142858,9.4232373766229,0.07752848334328379,1,64,,True,True,,66,59.56268577710819
214,2026-09-21T07:59:09.541+00:00,2026-09-21T08:03:53.083+00:00,2026-09-21T08:03:55.329+00:00,True,36,36.0,,36.0,283542.27626,285787.887524,285787.887577,7938.552432694445,44.505661,283542.27626,47246.35378897385,78.21760875,64.16032182857143,10.497407092569157,0.1259675499612515,1,64,,True,True,,62,59.56268577710819
215,2026-09-21T07:59:09.867+00:00,2026-09-21T08:03:54.826+00:00,2026-09-21T08:03:56.819+00:00,True,33,33.0,,33.0,284959.67400400003,286951.722644,286951.72271500004,8695.506748939395,44.700970999999996,284959.67400400003,49594.276258696365,78.4554454,62.25152,8.851694366959553,0.11500192330589588,1,64,,True,True,,101,59.56268577710819
217,2026-09-21T07:59:10.407+00:00,2026-09-21T08:03:55.325+00:00,2026-09-21T08:03:57.384+00:00,True,34,34.0,,34.0,284918.723308,286977.59818800003,286977.598001,8440.517588264707,47.841260999999996,284918.723308,48852.45875012924,76.79147800000001,62.39014787878788,8.051034648380572,0.11847614662147418,1,64,,True,True,,300,59.56268577710819
218,2026-09-21T07:59:10.799+00:00,2026-09-21T08:03:57.388+00:00,2026-09-21T08:04:00.674+00:00,True,52,52.0,,52.0,286588.67514999997,289874.17044599995,289874.17036899994,5574.503276326923,43.394591,286588.67514999997,39733.76586027763,77.31859700000001,64.42147639215686,8.663910229059773,0.17938818046462326,1,64,,True,True,,156,59.56268577710819
219,2026-09-21T07:59:11.160+00:00,2026-09-21T08:04:00.331+00:00,2026-09-21T08:04:01.166+00:00,True,14,14.0,,14.0,289171.690704,290006.485456,290006.485431,20714.748959357144,50.573851000000005,289171.690704,77267.2234597427,101260.95764005,64.21498092307692,8.692320375286398,0.04827478246904272,1,64,,True,True,,52,59.56268577710819
216,2026-09-21T07:59:10.152+00:00,2026-09-21T08:04:00.535+00:00,2026-09-21T08:04:03.230+00:00,True,43,43.0,,43.0,290383.03505299997,293077.15294099995,293077.15317999996,6815.747748372092,43.607541,290383.03505299997,44273.21667183463,77.9908429,64.145664,9.990325488166375,0.14671904503131444,1,64,,True,True,,330,59.56268577710819
220,2026-09-21T07:59:11.508+00:00,2026-09-21T08:04:03.233+00:00,2026-09-21T08:04:04.162+00:00,True,16,16.0,,16.0,291724.847679,292654.068031,292654.067928,18290.8792455,45.689671000000004,291724.847679,72915.72548338331,72990.7426905,61.94802346666667,9.418888562296006,0.05467205738040576,1,64,,True,True,,61,59.56268577710819
221,2026-09-21T07:59:11.736+00:00,2026-09-21T08:04:04.424+00:00,2026-09-21T08:04:08.227+00:00,True,62,62.0,,62.0,292688.546921,296491.353961,296491.35375,4782.118608870967,44.909901,292688.546921,37163.566454956395,75.79656605,62.34109901639344,9.328286719784911,0.20911233724594677,1,64,,True,True,,397,59.56268577710819
222,2026-09-21T07:59:12.022+00:00,2026-09-21T08:04:06.104+00:00,2026-09-21T08:04:11.350+00:00,True,83,83.0,,83.0,294081.219629,299327.792173,299327.791999,3606.3589397469877,40.396381,294081.219629,32272.58575767904,77.1515649,63.982592,9.25143846366349,0.27728798384357567,1,64,,True,True,,83,59.56268577710819
223,2026-09-21T07:59:12.431+00:00,2026-09-21T08:04:08.294+00:00,2026-09-21T08:04:10.164+00:00,True,31,31.0,,31.0,295863.38368,297733.66208000004,297733.662009,9604.311677709678,40.678650999999995,295863.38368,53127.43608822679,77.1387115,62.34261333333333,9.183066174659158,0.10411990294758945,1,64,,True,True,,61,59.56268577710819
224,2026-09-21T07:59:12.703+00:00,2026-09-21T08:04:09.772+00:00,2026-09-21T08:04:12.646+00:00,True,47,47.0,,47.0,297068.904727,299943.20847099996,299943.208597,6381.770395680851,43.75766,297068.904727,43322.8399935148,77.71254,62.484864,9.806567301819735,0.15669633008057993,1,64,,True,True,,315,59.56268577710819
225,2026-09-21T07:59:13.099+00:00,2026-09-21T08:04:11.726+00:00,2026-09-21T08:04:13.148+00:00,False,26,25.0,,25.0,298626.987483,300049.090011,300049.09008199995,11540.349618538461,0.03074,298626.987483,58554.416480840024,75.84868675,56.88410112,14.562166339854224,0.08331969945012493,1,64,,True,False,Request timeout: 300.0s exceeded,52,59.56268577710819
226,2026-09-21T07:59:13.504+00:00,2026-09-21T08:04:13.608+00:00,2026-09-21T08:04:13.608+00:00,False,1,0.0,,0.0,300104.236846,300104.236846,300104.236846,300104.236846,300104.236846,300104.236846,nan,300104.236846,nan,nan,0.0,1,64,,True,False,"HTTPConnectionPool(host='gpu06', port=9004): Read timed out.",0,59.56268577710819
227,2026-09-21T07:59:13.747+00:00,2026-09-21T08:04:13.840+00:00,2026-09-21T08:04:13.840+00:00,False,1,0.0,,0.0,300093.30744,300093.30744,300093.30744,300093.30744,300093.30744,300093.30744,nan,300093.30744,nan,nan,0.0,1,64,,True,False,"HTTPConnectionPool(host='gpu06', port=9004): Read timed out.",0,59.56268577710819
228,2026-09-21T07:59:14.034+00:00,2026-09-21T08:04:14.149+00:00,2026-09-21T08:04:14.149+00:00,False,1,0.0,,0.0,300115.30329,300115.30329,300115.30329,300115.30329,300115.30329,300115.30329,nan,300115.30329,nan,nan,0.0,1,64,,True,False,"HTTPConnectionPool(host='gpu06', port=9004): Read timed out.",0,59.56268577710819
229,2026-09-21T07:59:14.378+00:00,2026-09-21T08:04:14.461+00:00,2026-09-21T08:04:14.461+00:00,False,1,0.0,,0.0,300082.634417,300082.634417,300082.634417,300082.634417,300082.634417,300082.634417,nan,300082.634417,nan,nan,0.0,1,64,,True,False,"HTTPConnectionPool(host='gpu06', port=9004): Read timed out.",0,59.56268577710819
230,2026-09-21T07:59:14.637+00:00,2026-09-21T08:04:14.753+00:00,2026-09-21T08:04:14.753+00:00,False,1,0.0,,0.0,300116.49268,300116.49268,300116.49268,300116.49268,300116.49268,300116.49268,nan,300116.49268,nan,nan,0.0,1,64,,True,False,"HTTPConnectionPool(host='gpu06', port=9004): Read timed out.",0,59.56268577710819
231,2026-09-21T07:59:15.033+00:00,2026-09-21T08:04:15.081+00:00,2026-09-21T08:04:15.081+00:00,False,1,0.0,,0.0,300047.081173,300047.081173,300047.081173,300047.081173,300047.081173,300047.081173,nan,300047.081173,nan,nan,0.0,1,64,,True,False,"HTTPConnectionPool(host='gpu06', port=9004): Read timed out.",0,59.56268577710819
232,2026-09-21T07:59:15.338+00:00,2026-09-21T08:04:15.438+00:00,2026-09-21T08:04:15.438+00:00,False,1,0.0,,0.0,300099.827683,300099.827683,300099.827683,300099.827683,300099.827683,300099.827683,nan,300099.827683,nan,nan,0.0,1,64,,True,False,"HTTPConnectionPool(host='gpu06', port=9004): Read timed out.",0,59.56268577710819
233,2026-09-21T07:59:15.692+00:00,2026-09-21T08:04:15.752+00:00,2026-09-21T08:04:15.752+00:00,False,1,0.0,,0.0,300059.48527899996,300059.48527899996,300059.48527899996,300059.48527899996,300059.48527899996,300059.48527899996,nan,300059.48527899996,nan,nan,0.0,1,64,,True,False,"HTTPConnectionPool(host='gpu06', port=9004): Read timed out.",0,59.56268577710819
234,2026-09-21T07:59:16.019+00:00,2026-09-21T08:04:16.116+00:00,2026-09-21T08:04:16.116+00:00,False,1,0.0,,0.0,300097.27461699996,300097.27461699996,300097.27461699996,300097.27461699996,300097.27461699996,300097.27461699996,nan,300097.27461699996,nan,nan,0.0,1,64,,True,False,"HTTPConnectionPool(host='gpu06', port=9004): Read timed out.",0,59.56268577710819
235,2026-09-21T07:59:16.356+00:00,2026-09-21T08:04:16.458+00:00,2026-09-21T08:04:16.458+00:00,False,1,0.0,,0.0,300101.979874,300101.979874,300101.979874,300101.979874,300101.979874,300101.979874,nan,300101.979874,nan,nan,0.0,1,64,,True,False,"HTTPConnectionPool(host='gpu06', port=9004): Read timed out.",0,59.56268577710819
236,2026-09-21T07:59:16.741+00:00,2026-09-21T08:04:16.842+00:00,2026-09-21T08:04:16.842+00:00,False,1,0.0,,0.0,300101.40412900003,300101.40412900003,300101.40412900003,300101.40412900003,300101.40412900003,300101.40412900003,nan,300101.40412900003,nan,nan,0.0,1,64,,True,False,"HTTPConnectionPool(host='gpu06', port=9004): Read timed out.",0,59.56268577710819
237,2026-09-21T07:59:17.156+00:00,2026-09-21T08:04:17.260+00:00,2026-09-21T08:04:17.260+00:00,False,1,0.0,,0.0,300103.778351,300103.778351,300103.778351,300103.778351,300103.778351,300103.778351,nan,300103.778351,nan,nan,0.0,1,64,,True,False,"HTTPConnectionPool(host='gpu06', port=9004): Read timed out.",0,59.56268577710819
238,2026-09-21T07:59:17.404+00:00,2026-09-21T08:04:17.532+00:00,2026-09-21T08:04:17.532+00:00,False,1,0.0,,0.0,300128.325375,300128.325375,300128.325375,300128.325375,300128.325375,300128.325375,nan,300128.325375,nan,nan,0.0,1,64,,True,False,"HTTPConnectionPool(host='gpu06', port=9004): Read timed out.",0,59.56268577710819
239,2026-09-21T07:59:17.715+00:00,2026-09-21T08:04:17.805+00:00,2026-09-21T08:04:17.805+00:00,False,1,0.0,,0.0,300090.054654,300090.054654,300090.054654,300090.054654,300090.054654,300090.054654,nan,300090.054654,nan,nan,0.0,1,64,,True,False,TTFT timeout: 300.0s exceeded (TTFT: 300.077s),0,59.56268577710819
240,2026-09-21T07:59:18.058+00:00,2026-09-21T08:04:18.103+00:00,2026-09-21T08:04:18.103+00:00,False,1,0.0,,0.0,300044.34495999996,300044.34495999996,300044.34495999996,300044.34495999996,300044.34495999996,300044.34495999996,nan,300044.34495999996,nan,nan,0.0,1,64,,True,False,TTFT timeout: 300.0s exceeded (TTFT: 300.030s),0,59.56268577710819
243,2026-09-21T07:59:19.886+00:00,2026-09-21T08:04:20.040+00:00,2026-09-21T08:04:20.040+00:00,False,1,0.0,,0.0,300154.106899,300154.106899,300154.106899,300154.106899,300154.106899,300154.106899,nan,300154.106899,nan,nan,0.0,1,64,,True,False,"HTTPConnectionPool(host='gpu06', port=9004): Read timed out.",0,59.56268577710819
242,2026-09-21T07:59:19.691+00:00,2026-09-21T08:04:20.400+00:00,2026-09-21T08:04:20.400+00:00,False,1,0.0,,0.0,300709.04533399997,300709.04533399997,300709.04533399997,300709.04533399997,300709.04533399997,300709.04533399997,nan,300709.04533399997,nan,nan,0.0,1,64,,True,False,"HTTPConnectionPool(host='gpu06', port=9004): Read timed out.",0,59.56268577710819
244,2026-09-21T07:59:19.891+00:00,2026-09-21T08:04:20.400+00:00,2026-09-21T08:04:20.400+00:00,False,1,0.0,,0.0,300509.152876,300509.152876,300509.152876,300509.152876,300509.152876,300509.152876,nan,300509.152876,nan,nan,0.0,1,64,,True,False,"HTTPConnectionPool(host='gpu06', port=9004): Read timed out.",0,59.56268577710819
245,2026-09-21T07:59:20.043+00:00,2026-09-21T08:04:20.401+00:00,2026-09-21T08:04:20.401+00:00,False,1,0.0,,0.0,300357.87043300003,300357.87043300003,300357.87043300003,300357.87043300003,300357.87043300003,300357.87043300003,nan,300357.87043300003,nan,nan,0.0,1,64,,True,False,"HTTPConnectionPool(host='gpu06', port=9004): Read timed out.",0,59.56268577710819
241,2026-09-21T07:59:19.330+00:00,2026-09-21T08:04:20.648+00:00,2026-09-21T08:04:21.361+00:00,False,10,9.0,,9.0,301317.317291,302030.41143499996,302030.411376,30203.041137599997,0.02879,301317.317291,95259.85667483356,165803.07502684998,79.23268266666668,46.61437562858977,0.029798323808650284,1,64,,True,False,Request timeout: 300.0s exceeded,14,59.56268577710819
246,2026-09-21T07:59:20.128+00:00,2026-09-21T08:04:21.210+00:00,2026-09-21T08:04:21.403+00:00,False,5,4.0,,4.0,301082.023703,301275.541783,301275.541737,60255.1083474,0.031920000000000004,301082.023703,134626.3431469249,240885.76675080002,48.37952,41.339322066103016,0.013276882604964606,1,64,,True,False,Request timeout: 300.0s exceeded,24,59.56268577710819
247,2026-09-21T07:59:20.214+00:00,2026-09-21T08:04:21.310+00:00,2026-09-21T08:04:21.406+00:00,False,4,3.0,,3.0,301096.559957,301192.12706100004,301192.126869,75298.03171725,0.03701,301096.559957,150532.3538534034,255939.59224610002,31.855701333333332,27.655188021271186,0.009960419713734464,1,64,,True,False,Request timeout: 300.0s exceeded,15,59.56268577710819
248,2026-09-21T07:59:20.507+00:00,2026-09-21T08:04:21.564+00:00,2026-09-21T08:04:21.564+00:00,False,1,0.0,,0.0,301057.211846,301057.211846,301057.211846,301057.211846,301057.211846,301057.211846,nan,301057.211846,nan,nan,0.0,1,64,,True,False,"HTTPConnectionPool(host='gpu06', port=9004): Read timed out.",0,59.56268577710819
251,2026-09-21T07:59:21.452+00:00,2026-09-21T08:04:21.899+00:00,2026-09-21T08:04:21.899+00:00,False,1,0.0,,0.0,300447.28291,300447.28291,300447.28291,300447.28291,300447.28291,300447.28291,nan,300447.28291,nan,nan,0.0,1,64,,True,False,"HTTPConnectionPool(host='gpu06', port=9004): Read timed out.",0,59.56268577710819
252,2026-09-21T07:59:21.776+00:00,2026-09-21T08:04:21.900+00:00,2026-09-21T08:04:21.900+00:00,False,1,0.0,,0.0,300123.697392,300123.697392,300123.697392,300123.697392,300123.697392,300123.697392,nan,300123.697392,nan,nan,0.0,1,64,,True,False,"HTTPConnectionPool(host='gpu06', port=9004): Read timed out.",0,59.56268577710819
253,2026-09-21T07:59:22.071+00:00,2026-09-21T08:04:23.289+00:00,2026-09-21T08:04:23.289+00:00,False,1,0.0,,0.0,301217.870175,301217.870175,301217.870175,301217.870175,301217.870175,301217.870175,nan,301217.870175,nan,nan,0.0,1,64,,True,False,"HTTPConnectionPool(host='gpu06', port=9004): Read timed out.",0,59.56268577710819
256,2026-09-21T07:59:23.140+00:00,2026-09-21T08:04:23.290+00:00,2026-09-21T08:04:23.290+00:00,False,1,0.0,,0.0,300150.418802,300150.418802,300150.418802,300150.418802,300150.418802,300150.418802,nan,300150.418802,nan,nan,0.0,1,64,,True,False,"HTTPConnectionPool(host='gpu06', port=9004): Read timed out.",0,59.56268577710819
254,2026-09-21T07:59:22.465+00:00,2026-09-21T08:04:23.300+00:00,2026-09-21T08:04:23.300+00:00,False,1,0.0,,0.0,300835.353171,300835.353171,300835.353171,300835.353171,300835.353171,300835.353171,nan,300835.353171,nan,nan,0.0,1,64,,True,False,"HTTPConnectionPool(host='gpu06', port=9004): Read timed out.",0,59.56268577710819
255,2026-09-21T07:59:22.779+00:00,2026-09-21T08:04:23.311+00:00,2026-09-21T08:04:23.311+00:00,False,1,0.0,,0.0,300531.942643,300531.942643,300531.942643,300531.942643,300531.942643,300531.942643,nan,300531.942643,nan,nan,0.0,1,64,,True,False,"HTTPConnectionPool(host='gpu06', port=9004): Read timed out.",0,59.56268577710819
250,2026-09-21T07:59:21.060+00:00,2026-09-21T08:04:23.322+00:00,2026-09-21T08:04:23.322+00:00,False,1,0.0,,0.0,302262.102475,302262.102475,302262.102475,302262.102475,302262.102475,302262.102475,nan,302262.102475,nan,nan,0.0,1,64,,True,False,"HTTPConnectionPool(host='gpu06', port=9004): Read timed out.",0,59.56268577710819
249,2026-09-21T07:59:20.823+00:00,2026-09-21T08:04:23.323+00:00,2026-09-21T08:04:23.323+00:00,False,1,0.0,,0.0,302499.492685,302499.492685,302499.492685,302499.492685,302499.492685,302499.492685,nan,302499.492685,nan,nan,0.0,1,64,,True,False,"HTTPConnectionPool(host='gpu06', port=9004): Read timed out.",0,59.56268577710819
257,2026-09-21T07:59:23.478+00:00,2026-09-21T08:04:23.529+00:00,2026-09-21T08:04:23.529+00:00,False,1,0.0,,0.0,300050.257147,300050.257147,300050.257147,300050.257147,300050.257147,300050.257147,nan,300050.257147,nan,nan,0.0,1,64,,True,False,"HTTPConnectionPool(host='gpu06', port=9004): Read timed out.",0,59.56268577710819
258,2026-09-21T07:59:23.861+00:00,2026-09-21T08:04:23.901+00:00,2026-09-21T08:04:23.901+00:00,False,1,0.0,,0.0,300039.27825,300039.27825,300039.27825,300039.27825,300039.27825,300039.27825,nan,300039.27825,nan,nan,0.0,1,64,,True,False,"HTTPConnectionPool(host='gpu06', port=9004): Read timed out.",0,59.56268577710819
259,2026-09-21T07:59:24.254+00:00,2026-09-21T08:04:24.358+00:00,2026-09-21T08:04:24.358+00:00,False,1,0.0,,0.0,300103.980126,300103.980126,300103.980126,300103.980126,300103.980126,300103.980126,nan,300103.980126,nan,nan,0.0,1,64,,True,False,"HTTPConnectionPool(host='gpu06', port=9004): Read timed out.",0,59.56268577710819
260,2026-09-21T07:59:24.606+00:00,2026-09-21T08:04:24.669+00:00,2026-09-21T08:04:24.669+00:00,False,1,0.0,,0.0,300062.59158099996,300062.59158099996,300062.59158099996,300062.59158099996,300062.59158099996,300062.59158099996,nan,300062.59158099996,nan,nan,0.0,1,64,,True,False,"HTTPConnectionPool(host='gpu06', port=9004): Read timed out.",0,59.56268577710819
261,2026-09-21T07:59:24.889+00:00,2026-09-21T08:04:24.997+00:00,2026-09-21T08:04:24.997+00:00,False,1,0.0,,0.0,300107.807883,300107.807883,300107.807883,300107.807883,300107.807883,300107.807883,nan,300107.807883,nan,nan,0.0,1,64,,True,False,"HTTPConnectionPool(host='gpu06', port=9004): Read timed out.",0,59.56268577710819
262,2026-09-21T07:59:25.242+00:00,2026-09-21T08:04:25.326+00:00,2026-09-21T08:04:25.326+00:00,False,1,0.0,,0.0,300084.157399,300084.157399,300084.157399,300084.157399,300084.157399,300084.157399,nan,300084.157399,nan,nan,0.0,1,64,,True,False,TTFT timeout: 300.0s exceeded (TTFT: 300.080s),0,59.56268577710819
263,2026-09-21T07:59:25.634+00:00,2026-09-21T08:04:25.639+00:00,2026-09-21T08:04:25.639+00:00,False,1,0.0,,0.0,300004.635761,300004.635761,300004.635761,300004.635761,300004.635761,300004.635761,nan,300004.635761,nan,nan,0.0,1,64,,True,False,TTFT timeout: 300.0s exceeded (TTFT: 300.000s),0,59.56268577710819
264,2026-09-21T07:59:26.006+00:00,2026-09-21T08:04:26.110+00:00,2026-09-21T08:04:26.110+00:00,False,1,0.0,,0.0,300104.33548799995,300104.33548799995,300104.33548799995,300104.33548799995,300104.33548799995,300104.33548799995,nan,300104.33548799995,nan,nan,0.0,1,64,,True,False,"HTTPConnectionPool(host='gpu06', port=9004): Read timed out.",0,59.56268577710819
265,2026-09-21T07:59:26.382+00:00,2026-09-21T08:04:26.497+00:00,2026-09-21T08:04:26.497+00:00,False,1,0.0,,0.0,300115.075413,300115.075413,300115.075413,300115.075413,300115.075413,300115.075413,nan,300115.075413,nan,nan,0.0,1,64,,True,False,"HTTPConnectionPool(host='gpu06', port=9004): Read timed out.",0,59.56268577710819
266,2026-09-21T07:59:26.765+00:00,2026-09-21T08:04:26.874+00:00,2026-09-21T08:04:26.874+00:00,False,1,0.0,,0.0,300109.211137,300109.211137,300109.211137,300109.211137,300109.211137,300109.211137,nan,300109.211137,nan,nan,0.0,1,64,,True,False,"HTTPConnectionPool(host='gpu06', port=9004): Read timed out.",0,59.56268577710819
267,2026-09-21T07:59:27.033+00:00,2026-09-21T08:04:27.085+00:00,2026-09-21T08:04:27.085+00:00,False,1,0.0,,0.0,300052.566728,300052.566728,300052.566728,300052.566728,300052.566728,300052.566728,nan,300052.566728,nan,nan,0.0,1,64,,True,False,TTFT timeout: 300.0s exceeded (TTFT: 300.044s),0,59.56268577710819
268,2026-09-21T07:59:27.319+00:00,2026-09-21T08:04:27.435+00:00,2026-09-21T08:04:27.435+00:00,False,1,0.0,,0.0,300115.70224,300115.70224,300115.70224,300115.70224,300115.70224,300115.70224,nan,300115.70224,nan,nan,0.0,1,64,,True,False,"HTTPConnectionPool(host='gpu06', port=9004): Read timed out.",0,59.56268577710819
269,2026-09-21T07:59:27.690+00:00,2026-09-21T08:04:27.660+00:00,2026-09-21T08:04:27.764+00:00,False,3,2.0,,2.0,299970.42055299995,300074.5890009999,300074.58902499994,100024.86300833331,0.03592,299970.42055299995,173157.94002994173,269983.79175289994,52.084224,73.60716851373084,0.006665009545321198,1,64,,True,False,Request timeout: 300.0s exceeded,2,59.56268577710819
270,2026-09-21T07:59:27.957+00:00,2026-09-21T08:04:28.044+00:00,2026-09-21T08:04:28.044+00:00,False,1,0.0,,0.0,300087.087217,300087.087217,300087.087217,300087.087217,300087.087217,300087.087217,nan,300087.087217,nan,nan,0.0,1,64,,True,False,"HTTPConnectionPool(host='gpu06', port=9004): Read timed out.",0,59.56268577710819
271,2026-09-21T07:59:28.211+00:00,2026-09-21T08:04:28.308+00:00,2026-09-21T08:04:28.308+00:00,False,1,0.0,,0.0,300096.90473,300096.90473,300096.90473,300096.90473,300096.90473,300096.90473,nan,300096.90473,nan,nan,0.0,1,64,,True,False,"HTTPConnectionPool(host='gpu06', port=9004): Read timed out.",0,59.56268577710819
272,2026-09-21T07:59:28.445+00:00,2026-09-21T08:04:28.548+00:00,2026-09-21T08:04:28.548+00:00,False,1,0.0,,0.0,300103.422565,300103.422565,300103.422565,300103.422565,300103.422565,300103.422565,nan,300103.422565,nan,nan,0.0,1,64,,True,False,"HTTPConnectionPool(host='gpu06', port=9004): Read timed out.",0,59.56268577710819
273,2026-09-21T07:59:28.800+00:00,2026-09-21T08:04:28.837+00:00,2026-09-21T08:04:28.837+00:00,False,1,0.0,,0.0,300037.16958,300037.16958,300037.16958,300037.16958,300037.16958,300037.16958,nan,300037.16958,nan,nan,0.0,1,64,,True,False,TTFT timeout: 300.0s exceeded (TTFT: 300.035s),0,59.56268577710819
274,2026-09-21T07:59:29.058+00:00,2026-09-21T08:04:29.160+00:00,2026-09-21T08:04:29.160+00:00,False,1,0.0,,0.0,300101.723413,300101.723413,300101.723413,300101.723413,300101.723413,300101.723413,nan,300101.723413,nan,nan,0.0,1,64,,True,False,"HTTPConnectionPool(host='gpu06', port=9004): Read timed out.",0,59.56268577710819
275,2026-09-21T07:59:29.402+00:00,2026-09-21T08:04:29.453+00:00,2026-09-21T08:04:29.453+00:00,False,1,0.0,,0.0,300051.886909,300051.886909,300051.886909,300051.886909,300051.886909,300051.886909,nan,300051.886909,nan,nan,0.0,1,64,,True,False,TTFT timeout: 300.0s exceeded (TTFT: 300.039s),0,59.56268577710819
276,2026-09-21T07:59:29.728+00:00,2026-09-21T08:04:29.751+00:00,2026-09-21T08:04:29.751+00:00,False,1,0.0,,0.0,300022.705427,300022.705427,300022.705427,300022.705427,300022.705427,300022.705427,nan,300022.705427,nan,nan,0.0,1,64,,True,False,TTFT timeout: 300.0s exceeded (TTFT: 300.018s),0,59.56268577710819
277,2026-09-21T07:59:30.048+00:00,2026-09-21T08:04:30.160+00:00,2026-09-21T08:04:30.160+00:00,False,1,0.0,,0.0,300112.748847,300112.748847,300112.748847,300112.748847,300112.748847,300112.748847,nan,300112.748847,nan,nan,0.0,1,64,,True,False,"HTTPConnectionPool(host='gpu06', port=9004): Read timed out.",0,59.56268577710819
278,2026-09-21T07:59:30.392+00:00,2026-09-21T08:04:30.497+00:00,2026-09-21T08:04:30.497+00:00,False,1,0.0,,0.0,300104.759574,300104.759574,300104.759574,300104.759574,300104.759574,300104.759574,nan,300104.759574,nan,nan,0.0,1,64,,True,False,"HTTPConnectionPool(host='gpu06', port=9004): Read timed out.",0,59.56268577710819
279,2026-09-21T07:59:30.624+00:00,2026-09-21T08:04:30.731+00:00,2026-09-21T08:04:30.731+00:00,False,1,0.0,,0.0,300106.843358,300106.843358,300106.843358,300106.843358,300106.843358,300106.843358,nan,300106.843358,nan,nan,0.0,1,64,,True,False,"HTTPConnectionPool(host='gpu06', port=9004): Read timed out.",0,59.56268577710819
280,2026-09-21T07:59:30.923+00:00,2026-09-21T08:04:31.012+00:00,2026-09-21T08:04:31.012+00:00,False,1,0.0,,0.0,300088.24297799997,300088.24297799997,300088.24297799997,300088.24297799997,300088.24297799997,300088.24297799997,nan,300088.24297799997,nan,nan,0.0,1,64,,True,False,"HTTPConnectionPool(host='gpu06', port=9004): Read timed out.",0,59.56268577710819
281,2026-09-21T07:59:31.233+00:00,2026-09-21T08:04:31.351+00:00,2026-09-21T08:04:31.351+00:00,False,1,0.0,,0.0,300117.586948,300117.586948,300117.586948,300117.586948,300117.586948,300117.586948,nan,300117.586948,nan,nan,0.0,1,64,,True,False,"HTTPConnectionPool(host='gpu06', port=9004): Read timed out.",0,59.56268577710819
282,2026-09-21T07:59:31.533+00:00,2026-09-21T08:04:31.692+00:00,2026-09-21T08:04:32.860+00:00,False,20,19.0,,19.0,300159.17135799996,301327.33033399994,301327.33034299995,15066.366517149998,0.02563,300159.17135799996,67103.89121817339,15179.063423199997,61.482051368421054,33.4541832481723,0.06305435347978508,1,64,,True,False,Request timeout: 300.0s exceeded,206,59.56268577710819
283,2026-09-21T07:59:31.901+00:00,2026-09-21T08:04:31.875+00:00,2026-09-21T08:04:31.940+00:00,True,2,2.0,,2.0,299974.13811,300039.11859,300039.118722,150019.559361,64.98061200000001,299974.13811,212067.79900678011,284978.68023510004,64.98048,nan,0.006665797478004782,1,64,,True,True,,6,59.56268577710819
286,2026-09-21T07:59:33.065+00:00,2026-09-21T08:04:33.164+00:00,2026-09-21T08:04:33.164+00:00,False,1,0.0,,0.0,300099.384155,300099.384155,300099.384155,300099.384155,300099.384155,300099.384155,nan,300099.384155,nan,nan,0.0,1,64,,True,False,"HTTPConnectionPool(host='gpu06', port=9004): Read timed out.",0,59.56268577710819
284,2026-09-21T07:59:32.252+00:00,2026-09-21T08:04:33.435+00:00,2026-09-21T08:04:33.435+00:00,False,1,0.0,,0.0,301183.154002,301183.154002,301183.154002,301183.154002,301183.154002,301183.154002,nan,301183.154002,nan,nan,0.0,1,64,,True,False,"HTTPConnectionPool(host='gpu06', port=9004): Read timed out.",0,59.56268577710819
287,2026-09-21T07:59:33.469+00:00,2026-09-21T08:04:33.495+00:00,2026-09-21T08:04:33.495+00:00,False,1,0.0,,0.0,300026.60632599995,300026.60632599995,300026.60632599995,300026.60632599995,300026.60632599995,300026.60632599995,nan,300026.60632599995,nan,nan,0.0,1,64,,True,False,"HTTPConnectionPool(host='gpu06', port=9004): Read timed out.",0,59.56268577710819
285,2026-09-21T07:59:32.649+00:00,2026-09-21T08:04:33.918+00:00,2026-09-21T08:04:33.918+00:00,True,1,1.0,,1.0,301268.54594700004,301268.54594700004,301268.54594700004,301268.54594700004,301268.54594700004,301268.54594700004,nan,301268.54594700004,nan,nan,0.0033192977277353166,1,64,,True,True,,9,59.56268577710819
288,2026-09-21T07:59:35.174+00:00,2026-09-21T08:04:35.655+00:00,2026-09-21T08:04:35.655+00:00,False,1,0.0,,0.0,300481.277591,300481.277591,300481.277591,300481.277591,300481.277591,300481.277591,nan,300481.277591,nan,nan,0.0,1,64,,True,False,"HTTPConnectionPool(host='gpu06', port=9004): Read timed out.",0,59.56268577710819
289,2026-09-21T07:59:35.524+00:00,2026-09-21T08:04:35.676+00:00,2026-09-21T08:04:35.676+00:00,False,1,0.0,,0.0,300152.28428100003,300152.28428100003,300152.28428100003,300152.28428100003,300152.28428100003,300152.28428100003,nan,300152.28428100003,nan,nan,0.0,1,64,,True,False,"HTTPConnectionPool(host='gpu06', port=9004): Read timed out.",0,59.56268577710819
292,2026-09-21T07:59:35.765+00:00,2026-09-21T08:04:35.893+00:00,2026-09-21T08:04:35.893+00:00,False,1,0.0,,0.0,300127.74495599995,300127.74495599995,300127.74495599995,300127.74495599995,300127.74495599995,300127.74495599995,nan,300127.74495599995,nan,nan,0.0,1,64,,True,False,"HTTPConnectionPool(host='gpu06', port=9004): Read timed out.",0,59.56268577710819
290,2026-09-21T07:59:35.560+00:00,2026-09-21T08:04:36.037+00:00,2026-09-21T08:04:36.037+00:00,False,1,0.0,,0.0,300477.57352499996,300477.57352499996,300477.57352499996,300477.57352499996,300477.57352499996,300477.57352499996,nan,300477.57352499996,nan,nan,0.0,1,64,,True,False,"HTTPConnectionPool(host='gpu06', port=9004): Read timed out.",0,59.56268577710819
291,2026-09-21T07:59:35.715+00:00,2026-09-21T08:04:36.061+00:00,2026-09-21T08:04:36.061+00:00,False,1,0.0,,0.0,300345.89288,300345.89288,300345.89288,300345.89288,300345.89288,300345.89288,nan,300345.89288,nan,nan,0.0,1,64,,True,False,"HTTPConnectionPool(host='gpu06', port=9004): Read timed out.",0,59.56268577710819
293,2026-09-21T07:59:35.910+00:00,2026-09-21T08:04:36.149+00:00,2026-09-21T08:04:36.149+00:00,False,1,0.0,,0.0,300238.87274699996,300238.87274699996,300238.87274699996,300238.87274699996,300238.87274699996,300238.87274699996,nan,300238.87274699996,nan,nan,0.0,1,64,,True,False,"HTTPConnectionPool(host='gpu06', port=9004): Read timed out.",0,59.56268577710819
294,2026-09-21T07:59:35.943+00:00,2026-09-21T08:04:36.164+00:00,2026-09-21T08:04:36.164+00:00,False,1,0.0,,0.0,300221.59979400004,300221.59979400004,300221.59979400004,300221.59979400004,300221.59979400004,300221.59979400004,nan,300221.59979400004,nan,nan,0.0,1,64,,True,False,"HTTPConnectionPool(host='gpu06', port=9004): Read timed out.",0,59.56268577710819
295,2026-09-21T07:59:36.112+00:00,2026-09-21T08:04:36.268+00:00,2026-09-21T08:04:36.268+00:00,False,1,0.0,,0.0,300155.702873,300155.702873,300155.702873,300155.702873,300155.702873,300155.702873,nan,300155.702873,nan,nan,0.0,1,64,,True,False,"HTTPConnectionPool(host='gpu06', port=9004): Read timed out.",0,59.56268577710819
296,2026-09-21T07:59:36.503+00:00,2026-09-21T08:04:36.614+00:00,2026-09-21T08:04:36.614+00:00,False,1,0.0,,0.0,300111.280027,300111.280027,300111.280027,300111.280027,300111.280027,300111.280027,nan,300111.280027,nan,nan,0.0,1,64,,True,False,"HTTPConnectionPool(host='gpu06', port=9004): Read timed out.",0,59.56268577710819
297,2026-09-21T07:59:36.843+00:00,2026-09-21T08:04:36.936+00:00,2026-09-21T08:04:36.936+00:00,False,1,0.0,,0.0,300093.236277,300093.236277,300093.236277,300093.236277,300093.236277,300093.236277,nan,300093.236277,nan,nan,0.0,1,64,,True,False,"HTTPConnectionPool(host='gpu06', port=9004): Read timed out.",0,59.56268577710819
298,2026-09-21T07:59:37.243+00:00,2026-09-21T08:04:37.345+00:00,2026-09-21T08:04:37.345+00:00,False,1,0.0,,0.0,300101.925167,300101.925167,300101.925167,300101.925167,300101.925167,300101.925167,nan,300101.925167,nan,nan,0.0,1,64,,True,False,"HTTPConnectionPool(host='gpu06', port=9004): Read timed out.",0,59.56268577710819
299,2026-09-21T07:59:37.621+00:00,2026-09-21T08:04:37.656+00:00,2026-09-21T08:04:37.656+00:00,False,1,0.0,,0.0,300035.130265,300035.130265,300035.130265,300035.130265,300035.130265,300035.130265,nan,300035.130265,nan,nan,0.0,1,64,,True,False,TTFT timeout: 300.0s exceeded (TTFT: 300.025s),0,59.56268577710819
300,2026-09-21T07:59:38.039+00:00,2026-09-21T08:04:38.080+00:00,2026-09-21T08:04:38.080+00:00,False,1,0.0,,0.0,300041.035032,300041.035032,300041.035032,300041.035032,300041.035032,300041.035032,nan,300041.035032,nan,nan,0.0,1,64,,True,False,TTFT timeout: 300.0s exceeded (TTFT: 300.033s),0,59.56268577710819
301,2026-09-21T07:59:38.445+00:00,2026-09-21T08:04:38.352+00:00,2026-09-21T08:04:38.508+00:00,False,5,4.0,,4.0,299906.55695,300062.657302,300062.657251,60012.5314502,0.05857,299906.55695,134104.8390293124,239936.3794294,39.025088,26.243622891153525,0.013330549145854475,1,64,,True,False,Request timeout: 300.0s exceeded,11,59.56268577710819
302,2026-09-21T07:59:38.773+00:00,2026-09-21T08:04:38.884+00:00,2026-09-21T08:04:38.884+00:00,False,1,0.0,,0.0,300111.160639,300111.160639,300111.160639,300111.160639,300111.160639,300111.160639,nan,300111.160639,nan,nan,0.0,1,64,,True,False,"HTTPConnectionPool(host='gpu06', port=9004): Read timed out.",0,59.56268577710819
303,2026-09-21T07:59:39.026+00:00,2026-09-21T08:04:39.104+00:00,2026-09-21T08:04:39.104+00:00,False,1,0.0,,0.0,300077.35664300004,300077.35664300004,300077.35664300004,300077.35664300004,300077.35664300004,300077.35664300004,nan,300077.35664300004,nan,nan,0.0,1,64,,True,False,"HTTPConnectionPool(host='gpu06', port=9004): Read timed out.",0,59.56268577710819
304,2026-09-21T07:59:39.299+00:00,2026-09-21T08:04:39.408+00:00,2026-09-21T08:04:39.408+00:00,False,1,0.0,,0.0,300108.88154000003,300108.88154000003,300108.88154000003,300108.88154000003,300108.88154000003,300108.88154000003,nan,300108.88154000003,nan,nan,0.0,1,64,,True,False,"HTTPConnectionPool(host='gpu06', port=9004): Read timed out.",0,59.56268577710819
305,2026-09-21T07:59:39.684+00:00,2026-09-21T08:04:39.800+00:00,2026-09-21T08:04:39.800+00:00,False,1,0.0,,0.0,300116.181593,300116.181593,300116.181593,300116.181593,300116.181593,300116.181593,nan,300116.181593,nan,nan,0.0,1,64,,True,False,"HTTPConnectionPool(host='gpu06', port=9004): Read timed out.",0,59.56268577710819
306,2026-09-21T07:59:40.101+00:00,2026-09-21T08:04:40.155+00:00,2026-09-21T08:04:40.155+00:00,False,1,0.0,,0.0,300054.010834,300054.010834,300054.010834,300054.010834,300054.010834,300054.010834,nan,300054.010834,nan,nan,0.0,1,64,,True,False,TTFT timeout: 300.0s exceeded (TTFT: 300.048s),0,59.56268577710819
307,2026-09-21T07:59:40.430+00:00,2026-09-21T08:04:40.461+00:00,2026-09-21T08:04:40.461+00:00,False,1,0.0,,0.0,300030.231407,300030.231407,300030.231407,300030.231407,300030.231407,300030.231407,nan,300030.231407,nan,nan,0.0,1,64,,True,False,TTFT timeout: 300.0s exceeded (TTFT: 300.023s),0,59.56268577710819
308,2026-09-21T07:59:40.804+00:00,2026-09-21T08:04:40.874+00:00,2026-09-21T08:04:40.874+00:00,False,1,0.0,,0.0,300070.471638,300070.471638,300070.471638,300070.471638,300070.471638,300070.471638,nan,300070.471638,nan,nan,0.0,1,64,,True,False,"HTTPConnectionPool(host='gpu06', port=9004): Read timed out.",0,59.56268577710819
309,2026-09-21T07:59:41.228+00:00,2026-09-21T08:04:41.335+00:00,2026-09-21T08:04:41.335+00:00,False,1,0.0,,0.0,300106.739473,300106.739473,300106.739473,300106.739473,300106.739473,300106.739473,nan,300106.739473,nan,nan,0.0,1,64,,True,False,"HTTPConnectionPool(host='gpu06', port=9004): Read timed out.",0,59.56268577710819
310,2026-09-21T07:59:41.448+00:00,2026-09-21T08:04:41.533+00:00,2026-09-21T08:04:41.533+00:00,False,1,0.0,,0.0,300084.912991,300084.912991,300084.912991,300084.912991,300084.912991,300084.912991,nan,300084.912991,nan,nan,0.0,1,64,,True,False,"HTTPConnectionPool(host='gpu06', port=9004): Read timed out.",0,59.56268577710819
311,2026-09-21T07:59:41.842+00:00,2026-09-21T08:04:41.952+00:00,2026-09-21T08:04:41.952+00:00,False,1,0.0,,0.0,300110.152801,300110.152801,300110.152801,300110.152801,300110.152801,300110.152801,nan,300110.152801,nan,nan,0.0,1,64,,True,False,"HTTPConnectionPool(host='gpu06', port=9004): Read timed out.",0,59.56268577710819
312,2026-09-21T07:59:42.171+00:00,2026-09-21T08:04:42.193+00:00,2026-09-21T08:04:42.193+00:00,False,1,0.0,,0.0,300022.213218,300022.213218,300022.213218,300022.213218,300022.213218,300022.213218,nan,300022.213218,nan,nan,0.0,1,64,,True,False,TTFT timeout: 300.0s exceeded (TTFT: 300.008s),0,59.56268577710819
313,2026-09-21T07:59:42.546+00:00,2026-09-21T08:04:42.599+00:00,2026-09-21T08:04:42.599+00:00,False,1,0.0,,0.0,300053.1519,300053.1519,300053.1519,300053.1519,300053.1519,300053.1519,nan,300053.1519,nan,nan,0.0,1,64,,True,False,TTFT timeout: 300.0s exceeded (TTFT: 300.046s),0,59.56268577710819
314,2026-09-21T07:59:42.921+00:00,2026-09-21T08:04:43.019+00:00,2026-09-21T08:04:43.019+00:00,False,1,0.0,,0.0,300098.033221,300098.033221,300098.033221,300098.033221,300098.033221,300098.033221,nan,300098.033221,nan,nan,0.0,1,64,,True,False,"HTTPConnectionPool(host='gpu06', port=9004): Read timed out.",0,59.56268577710819
315,2026-09-21T07:59:43.266+00:00,2026-09-21T08:04:43.344+00:00,2026-09-21T08:04:43.344+00:00,False,1,0.0,,0.0,300078.23063099995,300078.23063099995,300078.23063099995,300078.23063099995,300078.23063099995,300078.23063099995,nan,300078.23063099995,nan,nan,0.0,1,64,,True,False,"HTTPConnectionPool(host='gpu06', port=9004): Read timed out.",0,59.56268577710819
316,2026-09-21T07:59:43.504+00:00,2026-09-21T08:04:43.609+00:00,2026-09-21T08:04:43.609+00:00,False,1,0.0,,0.0,300104.80624400004,300104.80624400004,300104.80624400004,300104.80624400004,300104.80624400004,300104.80624400004,nan,300104.80624400004,nan,nan,0.0,1,64,,True,False,"HTTPConnectionPool(host='gpu06', port=9004): Read timed out.",0,59.56268577710819
317,2026-09-21T07:59:43.904+00:00,2026-09-21T08:04:43.998+00:00,2026-09-21T08:04:43.998+00:00,False,1,0.0,,0.0,300093.521664,300093.521664,300093.521664,300093.521664,300093.521664,300093.521664,nan,300093.521664,nan,nan,0.0,1,64,,True,False,"HTTPConnectionPool(host='gpu06', port=9004): Read timed out.",0,59.56268577710819
318,2026-09-21T07:59:44.149+00:00,2026-09-21T08:04:44.237+00:00,2026-09-21T08:04:44.237+00:00,False,1,0.0,,0.0,300088.101079,300088.101079,300088.101079,300088.101079,300088.101079,300088.101079,nan,300088.101079,nan,nan,0.0,1,64,,True,False,TTFT timeout: 300.0s exceeded (TTFT: 300.082s),0,59.56268577710819
319,2026-09-21T07:59:44.411+00:00,2026-09-21T08:04:44.408+00:00,2026-09-21T08:04:44.636+00:00,False,3,2.0,,2.0,299997.114485,300225.09886900004,300225.098971,100075.03299033335,0.0354,299997.114485,173137.6388542716,270020.1979451,113.992192,161.1593425943063,0.006661668220060037,1,64,,True,False,Request timeout: 300.0s exceeded,120,59.56268577710819
320,2026-09-21T07:59:44.676+00:00,2026-09-21T08:04:44.637+00:00,2026-09-21T08:04:44.750+00:00,False,3,2.0,,2.0,299960.851947,300074.31831500004,300074.31818,100024.77272666668,0.02481,299960.851947,173149.7330241418,269976.1108946,56.733184,80.19772049822743,0.0066650155575810385,1,64,,True,False,Request timeout: 300.0s exceeded,8,59.56268577710819
321,2026-09-21T07:59:45.024+00:00,2026-09-21T08:04:45.119+00:00,2026-09-21T08:04:45.119+00:00,False,1,0.0,,0.0,300095.267658,300095.267658,300095.267658,300095.267658,300095.267658,300095.267658,nan,300095.267658,nan,nan,0.0,1,64,,True,False,TTFT timeout: 300.0s exceeded (TTFT: 300.094s),0,59.56268577710819
322,2026-09-21T07:59:45.258+00:00,2026-09-21T08:04:45.605+00:00,2026-09-21T08:04:47.032+00:00,False,22,21.0,,21.0,300347.169487,301774.041295,301774.04131,13717.001877727273,0.0289,300347.169487,64019.753798995844,166.67973020000002,67.94627657142857,33.41253015018787,0.06958849048076801,1,64,,True,False,Request timeout: 300.0s exceeded,112,59.56268577710819
323,2026-09-21T07:59:45.498+00:00,2026-09-21T08:04:45.884+00:00,2026-09-21T08:04:46.520+00:00,True,9,9.0,,9.0,300386.128789,301022.35330099997,301022.35329,33446.92814333333,44.850237,300386.128789,100102.20809450459,180301.85420899998,79.528064,42.387117638942435,0.029898111888722993,1,64,,True,True,,36,59.56268577710819
324,2026-09-21T07:59:45.840+00:00,2026-09-21T08:04:46.280+00:00,2026-09-21T08:04:47.129+00:00,False,17,16.0,,16.0,300439.63734500005,301288.6674890001,301288.66729300003,17722.86278194118,0.02214,300439.63734500005,72854.44691345247,60143.918889800014,53.064384,16.18227556455486,0.05310521677880285,1,64,,True,False,Request timeout: 300.0s exceeded,48,59.56268577710819
325,2026-09-21T07:59:46.109+00:00,2026-09-21T08:04:47.210+00:00,2026-09-21T08:04:47.210+00:00,False,1,0.0,,0.0,301100.988834,301100.988834,301100.988834,301100.988834,301100.988834,301100.988834,nan,301100.988834,nan,nan,0.0,1,64,,True,False,"HTTPConnectionPool(host='gpu06', port=9004): Read timed out.",0,59.56268577710819
328,2026-09-21T07:59:47.109+00:00,2026-09-21T08:04:47.210+00:00,2026-09-21T08:04:47.210+00:00,False,1,0.0,,0.0,300100.83521600004,300100.83521600004,300100.83521600004,300100.83521600004,300100.83521600004,300100.83521600004,nan,300100.83521600004,nan,nan,0.0,1,64,,True,False,"HTTPConnectionPool(host='gpu06', port=9004): Read timed out.",0,59.56268577710819
326,2026-09-21T07:59:46.396+00:00,2026-09-21T08:04:47.493+00:00,2026-09-21T08:04:47.493+00:00,False,1,0.0,,0.0,301096.900542,301096.900542,301096.900542,301096.900542,301096.900542,301096.900542,nan,301096.900542,nan,nan,0.0,1,64,,True,False,"HTTPConnectionPool(host='gpu06', port=9004): Read timed out.",0,59.56268577710819
329,2026-09-21T07:59:47.520+00:00,2026-09-21T08:04:47.547+00:00,2026-09-21T08:04:47.547+00:00,False,1,0.0,,0.0,300026.78068900004,300026.78068900004,300026.78068900004,300026.78068900004,300026.78068900004,300026.78068900004,nan,300026.78068900004,nan,nan,0.0,1,64,,True,False,"HTTPConnectionPool(host='gpu06', port=9004): Read timed out.",0,59.56268577710819
330,2026-09-21T07:59:47.772+00:00,2026-09-21T08:04:47.780+00:00,2026-09-21T08:04:47.780+00:00,False,1,0.0,,0.0,300008.58330299996,300008.58330299996,300008.58330299996,300008.58330299996,300008.58330299996,300008.58330299996,nan,300008.58330299996,nan,nan,0.0,1,64,,True,False,"HTTPConnectionPool(host='gpu06', port=9004): Read timed out.",0,59.56268577710819
327,2026-09-21T07:59:46.793+00:00,2026-09-21T08:04:47.864+00:00,2026-09-21T08:04:47.864+00:00,False,1,0.0,,0.0,301071.548314,301071.548314,301071.548314,301071.548314,301071.548314,301071.548314,nan,301071.548314,nan,nan,0.0,1,64,,True,False,"HTTPConnectionPool(host='gpu06', port=9004): Read timed out.",0,59.56268577710819
331,2026-09-21T07:59:48.146+00:00,2026-09-21T08:04:48.250+00:00,2026-09-21T08:04:48.250+00:00,False,1,0.0,,0.0,300104.10995099996,300104.10995099996,300104.10995099996,300104.10995099996,300104.10995099996,300104.10995099996,nan,300104.10995099996,nan,nan,0.0,1,64,,True,False,"HTTPConnectionPool(host='gpu06', port=9004): Read timed out.",0,59.56268577710819
332,2026-09-21T07:59:48.446+00:00,2026-09-21T08:04:48.553+00:00,2026-09-21T08:04:48.553+00:00,False,1,0.0,,0.0,300106.682567,300106.682567,300106.682567,300106.682567,300106.682567,300106.682567,nan,300106.682567,nan,nan,0.0,1,64,,True,False,"HTTPConnectionPool(host='gpu06', port=9004): Read timed out.",0,59.56268577710819
333,2026-09-21T07:59:48.803+00:00,2026-09-21T08:04:48.920+00:00,2026-09-21T08:04:48.920+00:00,False,1,0.0,,0.0,300117.99104299996,300117.99104299996,300117.99104299996,300117.99104299996,300117.99104299996,300117.99104299996,nan,300117.99104299996,nan,nan,0.0,1,64,,True,False,"HTTPConnectionPool(host='gpu06', port=9004): Read timed out.",0,59.56268577710819
334,2026-09-21T07:59:49.210+00:00,2026-09-21T08:04:49.136+00:00,2026-09-21T08:04:49.282+00:00,False,3,2.0,,2.0,299925.33873400005,300071.94891000004,300071.94892500003,100023.98297500002,0.03821,299925.33873400005,173119.66784207747,269947.46205870004,73.305088,103.61510587843007,0.00666506818536329,1,64,,True,False,Request timeout: 300.0s exceeded,12,59.56268577710819
335,2026-09-21T07:59:49.597+00:00,2026-09-21T08:04:49.699+00:00,2026-09-21T08:04:49.699+00:00,False,1,0.0,,0.0,300101.68326599995,300101.68326599995,300101.68326599995,300101.68326599995,300101.68326599995,300101.68326599995,nan,300101.68326599995,nan,nan,0.0,1,64,,True,False,"HTTPConnectionPool(host='gpu06', port=9004): Read timed out.",0,59.56268577710819
336,2026-09-21T07:59:49.962+00:00,2026-09-21T08:04:50.072+00:00,2026-09-21T08:04:50.072+00:00,False,1,0.0,,0.0,300109.627981,300109.627981,300109.627981,300109.627981,300109.627981,300109.627981,nan,300109.627981,nan,nan,0.0,1,64,,True,False,"HTTPConnectionPool(host='gpu06', port=9004): Read timed out.",0,59.56268577710819
337,2026-09-21T07:59:50.373+00:00,2026-09-21T08:04:50.479+00:00,2026-09-21T08:04:50.479+00:00,False,1,0.0,,0.0,300106.478489,300106.478489,300106.478489,300106.478489,300106.478489,300106.478489,nan,300106.478489,nan,nan,0.0,1,64,,True,False,"HTTPConnectionPool(host='gpu06', port=9004): Read timed out.",0,59.56268577710819
338,2026-09-21T07:59:50.632+00:00,2026-09-21T08:04:50.737+00:00,2026-09-21T08:04:50.737+00:00,False,1,0.0,,0.0,300105.737851,300105.737851,300105.737851,300105.737851,300105.737851,300105.737851,nan,300105.737851,nan,nan,0.0,1,64,,True,False,"HTTPConnectionPool(host='gpu06', port=9004): Read timed out.",0,59.56268577710819
339,2026-09-21T07:59:50.872+00:00,2026-09-21T08:04:50.905+00:00,2026-09-21T08:04:50.905+00:00,False,1,0.0,,0.0,300032.507069,300032.507069,300032.507069,300032.507069,300032.507069,300032.507069,nan,300032.507069,nan,nan,0.0,1,64,,True,False,TTFT timeout: 300.0s exceeded (TTFT: 300.018s),0,59.56268577710819
340,2026-09-21T07:59:51.266+00:00,2026-09-21T08:04:51.340+00:00,2026-09-21T08:04:51.340+00:00,False,1,0.0,,0.0,300074.07355800003,300074.07355800003,300074.07355800003,300074.07355800003,300074.07355800003,300074.07355800003,nan,300074.07355800003,nan,nan,0.0,1,64,,True,False,TTFT timeout: 300.0s exceeded (TTFT: 300.069s),0,59.56268577710819
341,2026-09-21T07:59:51.520+00:00,2026-09-21T08:04:51.564+00:00,2026-09-21T08:04:51.564+00:00,False,1,0.0,,0.0,300044.140013,300044.140013,300044.140013,300044.140013,300044.140013,300044.140013,nan,300044.140013,nan,nan,0.0,1,64,,True,False,TTFT timeout: 300.0s exceeded (TTFT: 300.016s),0,59.56268577710819
342,2026-09-21T07:59:51.856+00:00,2026-09-21T08:04:51.967+00:00,2026-09-21T08:04:51.967+00:00,False,1,0.0,,0.0,300110.69155800005,300110.69155800005,300110.69155800005,300110.69155800005,300110.69155800005,300110.69155800005,nan,300110.69155800005,nan,nan,0.0,1,64,,True,False,"HTTPConnectionPool(host='gpu06', port=9004): Read timed out.",0,59.56268577710819
343,2026-09-21T07:59:52.168+00:00,2026-09-21T08:04:52.247+00:00,2026-09-21T08:04:52.247+00:00,False,1,0.0,,0.0,300079.483444,300079.483444,300079.483444,300079.483444,300079.483444,300079.483444,nan,300079.483444,nan,nan,0.0,1,64,,True,False,"HTTPConnectionPool(host='gpu06', port=9004): Read timed out.",0,59.56268577710819
344,2026-09-21T07:59:52.574+00:00,2026-09-21T08:04:52.678+00:00,2026-09-21T08:04:52.678+00:00,False,1,0.0,,0.0,300104.506012,300104.506012,300104.506012,300104.506012,300104.506012,300104.506012,nan,300104.506012,nan,nan,0.0,1,64,,True,False,"HTTPConnectionPool(host='gpu06', port=9004): Read timed out.",0,59.56268577710819
347,2026-09-21T07:59:54.226+00:00,2026-09-21T08:04:52.867+00:00,2026-09-21T08:04:54.458+00:00,False,24,23.0,,23.0,298641.34849400003,300232.16219000006,300232.162207,12509.673425291669,0.03296,298641.34849400003,60945.81978087583,297.67506210000005,69.16581286956522,59.94783421967878,0.07660738220792146,1,64,,True,False,Request timeout: 300.0s exceeded,83,59.56268577710819
349,2026-09-21T07:59:54.303+00:00,2026-09-21T08:04:53.198+00:00,2026-09-21T08:04:54.634+00:00,False,26,25.0,,25.0,298894.85898799996,300330.76887599996,300330.76891,11551.183419615383,0.03625,298894.85898799996,58606.84281780951,91.84796675000001,57.436395520000005,17.346980032997266,0.08324155428217864,1,64,,True,False,Request timeout: 300.0s exceeded,149,59.56268577710819
348,2026-09-21T07:59:54.262+00:00,2026-09-21T08:04:53.201+00:00,2026-09-21T08:04:54.457+00:00,False,23,22.0,,22.0,298938.382911,300194.403391,300194.403424,13051.930583652174,0.02506,298938.382911,62321.05947337501,90.2108712,57.09184,16.923584320556028,0.07328584327851455,1,64,,True,False,Request timeout: 300.0s exceeded,44,59.56268577710819
346,2026-09-21T07:59:54.205+00:00,2026-09-21T08:04:54.511+00:00,2026-09-21T08:04:54.687+00:00,False,5,4.0,,4.0,300306.528115,300481.975411,300481.975615,60096.395123,0.03517,300306.528115,134281.54914086175,240259.20745520003,43.861824,30.378967567079084,0.013311946563612643,1,64,,True,False,Request timeout: 300.0s exceeded,11,59.56268577710819
350,2026-09-21T07:59:54.535+00:00,2026-09-21T08:04:54.837+00:00,2026-09-21T08:04:54.837+00:00,False,1,0.0,,0.0,300302.111967,300302.111967,300302.111967,300302.111967,300302.111967,300302.111967,nan,300302.111967,nan,nan,0.0,1,64,,True,False,"HTTPConnectionPool(host='gpu06', port=9004): Read timed out.",0,59.56268577710819
351,2026-09-21T07:59:54.877+00:00,2026-09-21T08:04:54.968+00:00,2026-09-21T08:04:54.968+00:00,False,1,0.0,,0.0,300090.959129,300090.959129,300090.959129,300090.959129,300090.959129,300090.959129,nan,300090.959129,nan,nan,0.0,1,64,,True,False,"HTTPConnectionPool(host='gpu06', port=9004): Read timed out.",0,59.56268577710819
345,2026-09-21T07:59:54.173+00:00,2026-09-21T08:04:55.183+00:00,2026-09-21T08:04:55.183+00:00,False,1,0.0,,0.0,301010.73776700004,301010.73776700004,301010.73776700004,301010.73776700004,301010.73776700004,301010.73776700004,nan,301010.73776700004,nan,nan,0.0,1,64,,True,False,"HTTPConnectionPool(host='gpu06', port=9004): Read timed out.",0,59.56268577710819
352,2026-09-21T07:59:55.187+00:00,2026-09-21T08:04:55.478+00:00,2026-09-21T08:04:55.478+00:00,False,1,0.0,,0.0,300291.19547000004,300291.19547000004,300291.19547000004,300291.19547000004,300291.19547000004,300291.19547000004,nan,300291.19547000004,nan,nan,0.0,1,64,,True,False,"HTTPConnectionPool(host='gpu06', port=9004): Read timed out.",0,59.56268577710819
353,2026-09-21T07:59:55.486+00:00,2026-09-21T08:04:55.634+00:00,2026-09-21T08:04:55.634+00:00,False,1,0.0,,0.0,300147.981555,300147.981555,300147.981555,300147.981555,300147.981555,300147.981555,nan,300147.981555,nan,nan,0.0,1,64,,True,False,"HTTPConnectionPool(host='gpu06', port=9004): Read timed out.",0,59.56268577710819
354,2026-09-21T07:59:55.727+00:00,2026-09-21T08:04:55.842+00:00,2026-09-21T08:04:55.842+00:00,False,1,0.0,,0.0,300114.3735,300114.3735,300114.3735,300114.3735,300114.3735,300114.3735,nan,300114.3735,nan,nan,0.0,1,64,,True,False,"HTTPConnectionPool(host='gpu06', port=9004): Read timed out.",0,59.56268577710819
355,2026-09-21T07:59:56.033+00:00,2026-09-21T08:04:56.150+00:00,2026-09-21T08:04:56.150+00:00,False,1,0.0,,0.0,300117.551785,300117.551785,300117.551785,300117.551785,300117.551785,300117.551785,nan,300117.551785,nan,nan,0.0,1,64,,True,False,"HTTPConnectionPool(host='gpu06', port=9004): Read timed out.",0,59.56268577710819
356,2026-09-21T07:59:56.359+00:00,2026-09-21T08:04:56.458+00:00,2026-09-21T08:04:56.458+00:00,False,1,0.0,,0.0,300099.38664700004,300099.38664700004,300099.38664700004,300099.38664700004,300099.38664700004,300099.38664700004,nan,300099.38664700004,nan,nan,0.0,1,64,,True,False,"HTTPConnectionPool(host='gpu06', port=9004): Read timed out.",0,59.56268577710819
357,2026-09-21T07:59:56.613+00:00,2026-09-21T08:04:56.719+00:00,2026-09-21T08:04:56.719+00:00,False,1,0.0,,0.0,300105.71858,300105.71858,300105.71858,300105.71858,300105.71858,300105.71858,nan,300105.71858,nan,nan,0.0,1,64,,True,False,"HTTPConnectionPool(host='gpu06', port=9004): Read timed out.",0,59.56268577710819
358,2026-09-21T07:59:56.942+00:00,2026-09-21T08:04:56.919+00:00,2026-09-21T08:04:57.189+00:00,False,3,2.0,,2.0,299976.847538,300247.010226,300247.010312,100082.33677066666,0.03149,299976.847538,173113.77707929062,270006.17591259995,135.081344,190.9893379517335,0.0066611820663745255,1,64,,True,False,Request timeout: 300.0s exceeded,4,59.56268577710819
359,2026-09-21T07:59:57.219+00:00,2026-09-21T08:04:57.190+00:00,2026-09-21T08:04:57.359+00:00,False,3,2.0,,2.0,299971.19038700004,300140.09790700005,300140.09793600003,100046.69931200001,0.02998,299971.19038700004,173139.70869236035,269990.9591052,84.45376,119.3932942607822,0.006663554833049033,1,64,,True,False,Request timeout: 300.0s exceeded,8,59.56268577710819
360,2026-09-21T07:59:57.529+00:00,2026-09-21T08:04:57.584+00:00,2026-09-21T08:04:57.584+00:00,False,1,0.0,,0.0,300055.34102600004,300055.34102600004,300055.34102600004,300055.34102600004,300055.34102600004,300055.34102600004,nan,300055.34102600004,nan,nan,0.0,1,64,,True,False,TTFT timeout: 300.0s exceeded (TTFT: 300.053s),0,59.56268577710819
361,2026-09-21T07:59:57.820+00:00,2026-09-21T08:04:57.923+00:00,2026-09-21T08:04:57.923+00:00,False,1,0.0,,0.0,300103.227379,300103.227379,300103.227379,300103.227379,300103.227379,300103.227379,nan,300103.227379,nan,nan,0.0,1,64,,True,False,"HTTPConnectionPool(host='gpu06', port=9004): Read timed out.",0,59.56268577710819
362,2026-09-21T07:59:58.097+00:00,2026-09-21T08:04:58.197+00:00,2026-09-21T08:04:58.197+00:00,False,1,0.0,,0.0,300099.871438,300099.871438,300099.871438,300099.871438,300099.871438,300099.871438,nan,300099.871438,nan,nan,0.0,1,64,,True,False,TTFT timeout: 300.0s exceeded (TTFT: 300.094s),0,59.56268577710819
363,2026-09-21T07:59:58.430+00:00,2026-09-21T08:04:58.545+00:00,2026-09-21T08:04:58.545+00:00,False,1,0.0,,0.0,300114.90717799996,300114.90717799996,300114.90717799996,300114.90717799996,300114.90717799996,300114.90717799996,nan,300114.90717799996,nan,nan,0.0,1,64,,True,False,"HTTPConnectionPool(host='gpu06', port=9004): Read timed out.",0,59.56268577710819
364,2026-09-21T07:59:58.821+00:00,2026-09-21T08:04:58.935+00:00,2026-09-21T08:04:58.935+00:00,False,1,0.0,,0.0,300113.838249,300113.838249,300113.838249,300113.838249,300113.838249,300113.838249,nan,300113.838249,nan,nan,0.0,1,64,,True,False,"HTTPConnectionPool(host='gpu06', port=9004): Read timed out.",0,59.56268577710819
365,2026-09-21T07:59:59.229+00:00,2026-09-21T08:04:59.214+00:00,2026-09-21T08:04:59.372+00:00,False,3,2.0,,2.0,299985.730506,300143.670218,300143.67029599997,100047.89009866667,0.04131,299985.730506,173151.2669597966,270002.9473034,78.969856,111.62195314766356,0.006663475523396386,1,64,,True,False,Request timeout: 300.0s exceeded,3,59.56268577710819
366,2026-09-21T07:59:59.562+00:00,2026-09-21T08:04:59.667+00:00,2026-09-21T08:04:59.667+00:00,False,1,0.0,,0.0,300104.66324900003,300104.66324900003,300104.66324900003,300104.66324900003,300104.66324900003,300104.66324900003,nan,300104.66324900003,nan,nan,0.0,1,64,,True,False,"HTTPConnectionPool(host='gpu06', port=9004): Read timed out.",0,59.56268577710819
367,2026-09-21T07:59:59.881+00:00,2026-09-21T08:04:59.996+00:00,2026-09-21T08:04:59.996+00:00,False,1,0.0,,0.0,300115.236371,300115.236371,300115.236371,300115.236371,300115.236371,300115.236371,nan,300115.236371,nan,nan,0.0,1,64,,True,False,"HTTPConnectionPool(host='gpu06', port=9004): Read timed out.",0,59.56268577710819
368,2026-09-21T08:00:00.289+00:00,2026-09-21T08:05:00.394+00:00,2026-09-21T08:05:00.394+00:00,False,1,0.0,,0.0,300105.10726099997,300105.10726099997,300105.10726099997,300105.10726099997,300105.10726099997,300105.10726099997,nan,300105.10726099997,nan,nan,0.0,1,64,,True,False,"HTTPConnectionPool(host='gpu06', port=9004): Read timed out.",0,59.56268577710819
369,2026-09-21T08:00:00.518+00:00,2026-09-21T08:05:00.607+00:00,2026-09-21T08:05:00.607+00:00,False,1,0.0,,0.0,300088.546858,300088.546858,300088.546858,300088.546858,300088.546858,300088.546858,nan,300088.546858,nan,nan,0.0,1,64,,True,False,"HTTPConnectionPool(host='gpu06', port=9004): Read timed out.",0,59.56268577710819
370,2026-09-21T08:00:00.927+00:00,2026-09-21T08:05:00.976+00:00,2026-09-21T08:05:00.976+00:00,False,1,0.0,,0.0,300049.618969,300049.618969,300049.618969,300049.618969,300049.618969,300049.618969,nan,300049.618969,nan,nan,0.0,1,64,,True,False,TTFT timeout: 300.0s exceeded (TTFT: 300.042s),0,59.56268577710819
371,2026-09-21T08:00:01.304+00:00,2026-09-21T08:05:01.384+00:00,2026-09-21T08:05:02.968+00:00,False,28,27.0,,27.0,300080.13095099997,301663.69319099997,301663.69327499997,10773.703331249999,0.040909999999999995,300080.13095099997,56698.733360328195,105.93895734999998,58.65045333333334,18.72359849977825,0.08950364465273852,1,64,,True,False,Request timeout: 300.0s exceeded,27,59.56268577710819
372,2026-09-21T08:00:01.596+00:00,2026-09-21T08:05:01.657+00:00,2026-09-21T08:05:03.026+00:00,False,25,24.0,,24.0,300060.993889,301430.13052899996,301430.13070499996,12057.205228199999,0.032229999999999995,300060.993889,60000.79195768651,103.98420559999998,57.04736,18.227729271885742,0.07962044125410021,1,64,,True,False,Request timeout: 300.0s exceeded,48,59.56268577710819
373,2026-09-21T08:00:01.961+00:00,2026-09-21T08:05:03.169+00:00,2026-09-21T08:05:03.169+00:00,False,1,0.0,,0.0,301207.768474,301207.768474,301207.768474,301207.768474,301207.768474,301207.768474,nan,301207.768474,nan,nan,0.0,1,64,,True,False,"HTTPConnectionPool(host='gpu06', port=9004): Read timed out.",0,59.56268577710819
0,2026-09-21T07:58:02.097+00:00,2026-09-21T07:58:02.256+00:00,2026-09-21T07:58:06.418+00:00,True,73,73.0,,73.0,159.283761,4320.534065,4320.534231,59.18540042465754,0.01672,224.33104500000002,35.24394548214877,103.792585,57.79514311111111,33.414783563996025,16.89605935325498,2,64,,False,True,,292,59.56268577710819
2,2026-09-21T07:58:02.734+00:00,2026-09-21T07:58:02.854+00:00,2026-09-21T07:58:05.719+00:00,True,50,50.0,,50.0,119.669398,2984.74511,2984.7450910000002,59.69490182,0.0171,238.191706,38.958393679998764,101.2750756,58.47093289795918,38.37849651722606,16.75184920564289,2,64,,False,True,,275,59.56268577710819
5,2026-09-21T07:58:03.623+00:00,2026-09-21T07:58:03.797+00:00,2026-09-21T07:58:06.169+00:00,True,40,40.0,,40.0,173.70047200000002,2545.700984,2545.701102,63.642527550000004,38.795783,173.70047200000002,19.86923223552453,74.9190955,60.82052594871795,8.84566595592052,15.712764480747829,2,64,,False,True,,160,59.56268577710819
3,2026-09-21T07:58:03.117+00:00,2026-09-21T07:58:07.181+00:00,2026-09-21T07:58:10.110+00:00,True,48,48.0,,48.0,4063.752844,6992.92558,6992.925708,145.68595225,43.016284,4063.752844,577.6364612161208,77.48818765,62.32282417021277,9.704288313274972,6.864079912030181,2,64,,False,True,,432,59.56268577710819
1,2026-09-21T07:58:02.427+00:00,2026-09-21T07:58:07.474+00:00,2026-09-21T07:58:12.221+00:00,True,76,76.0,,76.0,5047.09027,9793.570654,9793.570713,128.86277253947367,45.750165,5047.09027,571.7551021355384,77.699853,63.28640512,9.234946399426454,7.760193159882829,2,64,,False,True,,76,59.56268577710819
4,2026-09-21T07:58:03.279+00:00,2026-09-21T07:58:07.800+00:00,2026-09-21T07:58:09.042+00:00,True,21,21.0,,21.0,4521.045107,5763.136627,5763.136476,274.4350702857143,48.146815000000004,4521.045107,973.0640621765377,80.62108900000001,62.104576,9.436045633461775,3.643849063306269,2,64,,False,True,,47,59.56268577710819
7,2026-09-21T07:58:04.133+00:00,2026-09-21T07:58:10.320+00:00,2026-09-21T07:58:12.749+00:00,True,39,39.0,,39.0,6187.410621,8615.986365,8615.986393,220.92272802564102,45.046764,6187.410621,980.6029031476645,80.643006,63.909888,10.811721612685613,4.5264695587758155,2,64,,False,True,,117,59.56268577710819
8,2026-09-21T07:58:04.522+00:00,2026-09-21T07:58:12.502+00:00,2026-09-21T07:58:16.685+00:00,True,68,68.0,,68.0,7980.205501,12162.550461,12162.550326,178.86103420588236,0.018600000000000002,7980.205501,961.3702543303615,83.3001585,62.423059104477616,48.34332434730907,5.590932610561113,2,64,,False,True,,79,59.56268577710819
9,2026-09-21T07:58:04.765+00:00,2026-09-21T07:58:13.614+00:00,2026-09-21T07:58:16.442+00:00,True,47,47.0,,47.0,8849.887741,11677.478141,11677.477984000001,248.45697838297875,44.641054,8849.887741,1281.9569965629807,79.244092,61.46935652173913,9.49830904155962,4.024841616699884,2,64,,False,True,,94,59.56268577710819
6,2026-09-21T07:58:03.873+00:00,2026-09-21T07:58:14.629+00:00,2026-09-21T07:58:17.175+00:00,True,43,43.0,,43.0,10756.194825999999,13302.096905999999,13302.096909999998,309.35109093023254,38.505464,10756.194825999999,1631.0921730576076,80.2868919,60.6167161904762,10.308949900081057,3.232573052494044,2,64,,False,True,,0,59.56268577710819
10,2026-09-21T07:58:04.999+00:00,2026-09-21T07:58:15.398+00:00,2026-09-21T07:58:17.284+00:00,True,32,32.0,,32.0,10399.26701,12285.388482,12285.388536,383.91839175,40.118714,10399.26701,1827.6203480745874,79.38717949999999,60.84262812903226,10.256559801873712,2.6047202371243663,2,64,,False,True,,212,59.56268577710819
11,2026-09-21T07:58:05.258+00:00,2026-09-21T07:58:17.005+00:00,2026-09-21T07:58:21.821+00:00,True,77,77.0,,77.0,11746.99099,16563.051406,16563.05153,215.10456532467532,35.919684000000004,11746.99099,1331.521205256177,80.4745122,63.369216,11.49111946555394,4.648901830498853,2,64,,False,True,,693,59.56268577710819
12,2026-09-21T07:58:05.532+00:00,2026-09-21T07:58:18.416+00:00,2026-09-21T07:58:22.462+00:00,True,64,64.0,,64.0,12884.698687,16930.038847,16930.038917,264.531858078125,34.225314,12884.698687,1602.596744452755,79.27195065,64.21174857142857,10.809589858452213,3.780263032966448,2,64,,False,True,,176,59.56268577710819
13,2026-09-21T07:58:05.793+00:00,2026-09-21T07:58:19.943+00:00,2026-09-21T07:58:23.283+00:00,True,47,47.0,,47.0,14149.798669,17490.206989,17490.206826,372.13206012765954,0.032299999999999995,14149.798669,2054.2820796432834,102.48192039999999,72.61757217391305,61.95616849799577,2.6872180546267637,2,64,,False,True,,94,59.56268577710819
14,2026-09-21T07:58:06.088+00:00,2026-09-21T07:58:21.373+00:00,2026-09-21T07:58:22.318+00:00,True,16,16.0,,16.0,15284.871346999998,16229.835954999999,16229.836014999999,1014.3647509374999,53.286395,15284.871346999998,3805.4730513153877,3875.4128502499993,62.99764053333333,6.141748327869957,0.9858386766423728,2,64,,False,True,,61,59.56268577710819
15,2026-09-21T07:58:06.406+00:00,2026-09-21T07:58:22.813+00:00,2026-09-21T07:58:23.932+00:00,True,18,18.0,,18.0,16407.807865,17526.759544999997,17526.759421,973.7088567222222,0.0,16407.807865,3854.5285318622814,2888.21338295,65.82068705882352,148.2786860877617,1.0270010239933376,2,64,,False,True,,48,59.56268577710819
16,2026-09-21T07:58:06.749+00:00,2026-09-21T07:58:24.647+00:00,2026-09-21T07:58:29.108+00:00,True,74,74.0,,74.0,17897.910178,22358.972577999997,22358.972770999997,302.14828068918916,0.0,17897.910178,2074.0384785346996,77.71001849999999,61.11044383561644,48.20652072594484,3.3096332911473736,2,64,,False,True,,74,59.56268577710819
17,2026-09-21T07:58:07.004+00:00,2026-09-21T07:58:26.049+00:00,2026-09-21T07:58:31.711+00:00,True,91,91.0,,91.0,19045.239618,24707.163714,24707.163576,271.50729204395606,0.0,19045.239618,1990.8397061838657,77.6510735,62.910267733333335,61.869383203857595,3.6831423085781396,2,64,,False,True,,410,59.56268577710819
18,2026-09-21T07:58:07.326+00:00,2026-09-21T07:58:27.987+00:00,2026-09-21T07:58:30.926+00:00,True,44,44.0,,44.0,20660.795875,23599.649763,23599.64976,536.3556763636363,0.0,20660.795875,3105.0698955857615,81.36935150000001,68.34543925581396,63.845461924357465,1.8644344488952573,2,64,,False,True,,305,59.56268577710819
19,2026-09-21T07:58:07.742+00:00,2026-09-21T07:58:30.134+00:00,2026-09-21T07:58:30.917+00:00,True,9,9.0,,9.0,22392.422955,23174.645546999996,23174.645525999997,2574.9606139999996,0.0,22392.422955,7432.799091704908,13615.687703799998,97.777824,145.76319389062996,0.388355454315247,2,64,,False,True,,99,59.56268577710819
20,2026-09-21T07:58:08.016+00:00,2026-09-21T07:58:31.653+00:00,2026-09-21T07:58:34.192+00:00,True,41,41.0,,41.0,23636.248975000002,26175.902351000004,26175.902388000002,638.4366436097562,0.01752,23636.248975000002,3683.138112290451,81.699378,63.4913344,113.04617189413229,1.566326136544197,2,64,,False,True,,41,59.56268577710819
21,2026-09-21T07:58:08.309+00:00,2026-09-21T07:58:33.458+00:00,2026-09-21T07:58:37.374+00:00,True,71,71.0,,71.0,25148.840681,29065.548521,29065.548408000002,409.37392123943664,0.0,25148.840681,2978.7407560515353,77.094418,55.95296914285714,67.89729365166151,2.4427545191071194,2,64,,False,True,,483,59.56268577710819
22,2026-09-21T07:58:08.689+00:00,2026-09-21T07:58:35.377+00:00,2026-09-21T07:58:38.516+00:00,True,57,57.0,,57.0,26687.404480999998,29827.053761,29827.053717,523.2816441578947,0.0,26687.404480999998,3527.475303190483,80.3916922,56.06516571428572,22.139901965932737,1.9110167721134315,2,64,,False,True,,486,59.56268577710819
23,2026-09-21T07:58:09.094+00:00,2026-09-21T07:58:36.962+00:00,2026-09-21T07:58:39.477+00:00,True,41,41.0,,41.0,27868.478414,30383.546574,30383.546695,741.0621145121952,42.469695,27868.478414,4342.51603976262,76.89693799999999,62.876704,9.726078501588086,1.3494145556754977,2,64,,False,True,,114,59.56268577710819
24,2026-09-21T07:58:09.419+00:00,2026-09-21T07:58:38.223+00:00,2026-09-21T07:58:44.398+00:00,True,98,98.0,,98.0,28803.594151,34978.528935,34978.529002,356.9237653265306,0.0,28803.594151,2904.676737490922,76.87660550000001,63.65912148453608,93.97449588266728,2.8017187395762617,2,64,,False,True,,196,59.56268577710819
25,2026-09-21T07:58:09.655+00:00,2026-09-21T07:58:39.923+00:00,2026-09-21T07:58:45.439+00:00,True,88,88.0,,88.0,30267.829912,35784.433560000005,35784.433515000004,406.64128994318185,0.0,30267.829912,3221.439368307098,80.94489335,63.40923733333334,103.29042966995775,2.459169846923797,2,64,,False,True,,440,59.56268577710819
26,2026-09-21T07:58:10.066+00:00,2026-09-21T07:58:42.066+00:00,2026-09-21T07:58:46.792+00:00,True,75,75.0,,75.0,32000.246383,36725.668463,36725.668643000005,489.6755819066667,0.0,32000.246383,3689.514948541573,104.5402921,63.857055135135134,116.61105982261233,2.042168410782236,2,64,,False,True,,150,59.56268577710819
27,2026-09-21T07:58:10.427+00:00,2026-09-21T07:58:43.742+00:00,2026-09-21T07:58:49.526+00:00,True,92,92.0,,92.0,33315.594699,39099.256267000004,39099.256209,424.9919153152174,0.0,33315.594699,3467.5460299790125,80.96178755000001,63.55672052747253,74.01912242252091,2.3529859333321523,2,64,,False,True,,92,59.56268577710819
28,2026-09-21T07:58:10.836+00:00,2026-09-21T07:58:46.496+00:00,2026-09-21T07:58:47.434+00:00,True,22,22.0,,22.0,35659.716143,36598.188079,36598.18822,1663.5540099999998,0.0,35659.716143,7593.210356982544,78.58168649999999,44.68913980952381,31.210498591840956,0.6011226553760343,2,64,,False,True,,242,59.56268577710819
29,2026-09-21T07:58:11.207+00:00,2026-09-21T07:58:47.891+00:00,2026-09-21T07:58:52.396+00:00,True,71,71.0,,71.0,36683.705049000004,41188.572377000004,41188.572326,580.1207369859155,40.862284,36683.705049000004,4345.927194529981,80.5636635,64.35524754285714,9.35575897556461,1.7237790946026308,2,64,,False,True,,216,59.56268577710819
30,2026-09-21T07:58:11.517+00:00,2026-09-21T07:58:49.078+00:00,2026-09-21T07:58:50.150+00:00,True,18,18.0,,18.0,37561.289039999996,38633.735759999996,38633.735780999996,2146.3186545,45.471604,37561.289039999996,8838.416144959256,5699.034745800001,63.08510117647059,9.41149319431128,0.46591404237527984,2,64,,False,True,,35,59.56268577710819
31,2026-09-21T07:58:11.803+00:00,2026-09-21T07:58:50.786+00:00,2026-09-21T07:58:52.440+00:00,True,27,27.0,,27.0,38982.924376999996,40636.80469699999,40636.804878999996,1505.0668473703702,39.617174,38982.924376999996,7490.031549690502,83.027177,63.61078153846154,9.794259807920053,0.6644223186670302,2,64,,False,True,,64,59.56268577710819
32,2026-09-21T07:58:12.102+00:00,2026-09-21T07:58:52.402+00:00,2026-09-21T07:58:53.743+00:00,True,21,21.0,,21.0,40299.995773999995,41641.220733999995,41641.22083299999,1982.9152777619045,0.0,40299.995773999995,8783.183599002627,1164.734471,67.061248,259.3201671454189,0.5043079820869308,2,64,,False,True,,42,59.56268577710819
33,2026-09-21T07:58:12.328+00:00,2026-09-21T07:58:53.663+00:00,2026-09-21T07:58:56.538+00:00,True,50,50.0,,50.0,41335.323432,44210.460712,44210.46064,884.2092127999999,0.022,41335.323432,5837.433012681133,79.89085449999999,58.67627102040816,20.00818463954373,1.1309540591697238,2,64,,False,True,,300,59.56268577710819
34,2026-09-21T07:58:12.621+00:00,2026-09-21T07:58:54.956+00:00,2026-09-21T07:58:56.681+00:00,True,28,28.0,,28.0,42335.277655,44060.298327,44060.298354,1573.5820840714284,48.415825,42335.277655,7988.546369595256,79.266682,63.88965451851851,9.039851241823849,0.6354927466036174,2,64,,False,True,,112,59.56268577710819
35,2026-09-21T07:58:13.132+00:00,2026-09-21T07:58:56.960+00:00,2026-09-21T07:59:01.267+00:00,True,59,59.0,,59.0,43827.98814,48134.843308,48134.843287,815.8448014745763,0.0,43827.98814,5697.337278002759,82.76338589999999,74.2561235862069,112.2361547982934,1.2257233210977174,2,64,,False,True,,177,59.56268577710819
36,2026-09-21T07:58:13.214+00:00,2026-09-21T07:58:58.105+00:00,2026-09-21T07:59:02.121+00:00,True,64,64.0,,64.0,44890.806920999996,48906.988680999995,48906.988657999995,764.1716977812499,0.0,44890.806920999996,5604.468521183168,78.61845585,63.748916825396826,111.2255466981001,1.3086064328647478,2,64,,False,True,,67,59.56268577710819
37,2026-09-21T07:58:13.582+00:00,2026-09-21T07:59:00.252+00:00,2026-09-21T07:59:05.628+00:00,True,74,74.0,,74.0,46670.270346,52046.540426,52046.540524,703.3316287027027,0.0,46670.270346,5418.650358367767,83.67868735,73.64753534246576,144.58894518693924,1.4218043964942018,2,64,,False,True,,223,59.56268577710819
38,2026-09-21T07:58:13.965+00:00,2026-09-21T07:59:02.310+00:00,2026-09-21T07:59:07.401+00:00,True,83,83.0,,83.0,48344.99911,53435.640262,53435.640208,643.8028940722892,0.014960000000000001,48344.99911,5300.5801930297885,87.29190190000001,62.08098965853658,95.02306787599045,1.553270431364594,2,64,,False,True,,166,59.56268577710819
39,2026-09-21T07:58:14.311+00:00,2026-09-21T07:59:04.206+00:00,2026-09-21T07:59:10.320+00:00,True,97,97.0,,97.0,49895.326451,56009.262579,56009.262475,577.4150770618556,0.0,49895.326451,5061.509261062029,88.6280752,63.68683466666666,138.4010148362008,1.7318564025581187,2,64,,False,True,,291,59.56268577710819
40,2026-09-21T07:58:14.596+00:00,2026-09-21T07:59:05.839+00:00,2026-09-21T07:59:08.583+00:00,True,47,47.0,,47.0,51242.9366,53987.556376,53987.556285,1148.671410319149,0.02653,51242.9366,7465.8639810629265,76.883521,59.66564730434783,15.916999357721798,0.8705709825550412,2,64,,False,True,,304,59.56268577710819
41,2026-09-21T07:58:15.005+00:00,2026-09-21T07:59:07.900+00:00,2026-09-21T07:59:12.806+00:00,True,79,79.0,,79.0,52895.295612,57801.731452,57801.731385,731.667485886076,0.0,52895.295612,5945.2711169539725,81.8908042,62.90302358974359,118.32791913438959,1.366741064938575,2,64,,False,True,,237,59.56268577710819
42,2026-09-21T07:58:15.273+00:00,2026-09-21T07:59:09.153+00:00,2026-09-21T07:59:11.117+00:00,True,33,33.0,,33.0,53879.527574,55843.561878,55843.561748,1692.229143878788,0.0,53879.527574,9370.339742464968,498.4485936000001,61.376072,186.70373514140195,0.590936517840575,2,64,,False,True,,78,59.56268577710819
43,2026-09-21T07:58:15.612+00:00,2026-09-21T07:59:11.181+00:00,2026-09-21T07:59:13.975+00:00,True,44,44.0,,44.0,55568.877420000004,58363.122028000005,58363.12207500001,1326.4345926136364,41.178744,55568.877420000004,8367.53303895083,79.22822785,64.98243274418604,10.169170503656618,0.7539007248257003,2,64,,False,True,,158,59.56268577710819
44,2026-09-21T07:58:15.940+00:00,2026-09-21T07:59:13.187+00:00,2026-09-21T07:59:16.389+00:00,True,50,50.0,,50.0,57246.989711999995,60449.095056,60449.095204,1208.9819040799998,45.978214,57246.989711999995,8086.711461174721,79.642429,65.34908865306123,10.192939123294039,0.8271422418099069,2,64,,False,True,,294,59.56268577710819
45,2026-09-21T07:58:16.190+00:00,2026-09-21T07:59:14.260+00:00,2026-09-21T07:59:20.118+00:00,True,93,93.0,,93.0,58070.02321,63928.839977999996,63928.840206,687.4068839354838,0.01525,58070.02321,6016.116639854367,100.48309859999999,63.68279095652174,117.72057705263141,1.4547424923087036,2,64,,False,True,,466,59.56268577710819
46,2026-09-21T07:58:16.557+00:00,2026-09-21T07:59:16.174+00:00,2026-09-21T07:59:21.590+00:00,True,87,87.0,,87.0,59616.517331,65032.485843,65032.485897000006,747.4998378965518,0.0,59616.517331,6387.525841883939,188.44518530000002,62.97637804651163,187.34629907680278,1.3377929333661562,2,64,,False,True,,300,59.56268577710819
47,2026-09-21T07:58:16.853+00:00,2026-09-21T07:59:17.849+00:00,2026-09-21T07:59:17.889+00:00,True,2,2.0,,2.0,60996.233247000004,61036.24937500001,61036.249200000006,30518.124600000003,40.015953,60996.233247000004,43102.55460406811,57948.422382300014,40.016128,nan,0.032767413143494774,2,64,,False,True,,10,59.56268577710819
48,2026-09-21T07:58:17.233+00:00,2026-09-21T07:59:19.766+00:00,2026-09-21T07:59:21.302+00:00,True,8,8.0,,8.0,62533.474077,64069.368860999995,64069.368832,8008.671104,0.022969999999999997,62533.474077,22035.13006229228,41063.81183779999,219.41354057142857,440.98840953481096,0.12486466063613312,2,64,,False,True,,11,59.56268577710819
49,2026-09-21T07:58:17.508+00:00,2026-09-21T07:59:21.303+00:00,2026-09-21T07:59:26.202+00:00,True,80,80.0,,80.0,63795.618233,68694.252985,68694.253144,858.6781643,0.0,63795.618233,7125.650265669045,80.348239,62.008034835443034,15.207842255285005,1.1645806821346278,2,64,,False,True,,400,59.56268577710819
50,2026-09-21T07:58:17.813+00:00,2026-09-21T07:59:22.970+00:00,2026-09-21T07:59:26.633+00:00,True,58,58.0,,58.0,65156.896476999995,68820.05935699999,68820.05936999999,1186.5527477586206,43.170103000000005,65156.896476999995,8547.087651262606,80.83695285,64.2660154385965,10.667292847395522,0.8427775352405383,2,64,,False,True,,58,59.56268577710819
51,2026-09-21T07:58:18.158+00:00,2026-09-21T07:59:24.772+00:00,2026-09-21T07:59:27.473+00:00,True,43,43.0,,43.0,66614.127301,69315.670981,69315.671128,1611.9923518139535,46.631934,66614.127301,10148.754854775445,78.73157499999999,64.32246857142857,9.951065460566818,0.620350339128747,2,64,,False,True,,129,59.56268577710819
52,2026-09-21T07:58:18.499+00:00,2026-09-21T07:59:26.633+00:00,2026-09-21T07:59:27.852+00:00,True,20,20.0,,20.0,68133.393389,69352.86730900001,69352.867196,3467.6433598000003,44.014433,68133.393389,15220.741078687193,3486.6483901,64.18283789473683,9.62101158442092,0.2883802901888755,2,64,,False,True,,60,59.56268577710819
53,2026-09-21T07:58:18.837+00:00,2026-09-21T07:59:28.380+00:00,2026-09-21T07:59:32.940+00:00,True,73,73.0,,73.0,69542.64541699999,74102.29111299998,74102.291208,1015.0998795616438,0.0,69542.64541699999,8133.389846579621,77.30459300000001,63.328412444444446,154.69774009070338,0.9851247364090393,2,64,,False,True,,153,59.56268577710819
54,2026-09-21T07:58:19.167+00:00,2026-09-21T07:59:30.170+00:00,2026-09-21T07:59:32.818+00:00,True,37,37.0,,37.0,71002.522071,73650.867671,73650.867674,1990.5639911891892,0.0,71002.522071,11662.645079706828,329.15646719999995,73.56515555555555,218.84422094028645,0.5023701847652331,2,64,,False,True,,81,59.56268577710819
55,2026-09-21T07:58:19.439+00:00,2026-09-21T07:59:32.827+00:00,2026-09-21T07:59:36.797+00:00,True,84,84.0,,84.0,73387.62919499999,77357.88737099999,77357.88732499999,920.9272300595237,0.0,73387.62919499999,8003.409167675096,146.15179435000002,47.83443585542169,149.60479483983332,1.085862125437128,2,64,,False,True,,171,59.56268577710819
56,2026-09-21T07:58:19.828+00:00,2026-09-21T07:59:33.272+00:00,2026-09-21T07:59:35.834+00:00,True,41,41.0,,41.0,73443.715804,76006.352348,76006.35248,1853.8134751219513,0.01554,73443.715804,11461.597864666704,213.85814900000003,64.0659136,195.26810819559236,0.5394285968662046,2,64,,False,True,,207,59.56268577710819
57,2026-09-21T07:58:20.052+00:00,2026-09-21T07:59:34.868+00:00,2026-09-21T07:59:35.345+00:00,True,9,9.0,,9.0,74815.867362,75292.391394,75292.391394,8365.821266,0.03451,74815.867362,24918.82959752811,44954.8351312,59.565504,59.57427322088368,0.11953399053170734,2,64,,False,True,,81,59.56268577710819
58,2026-09-21T07:58:20.310+00:00,2026-09-21T07:59:36.165+00:00,2026-09-21T07:59:39.364+00:00,True,52,52.0,,52.0,75854.453339,79053.335899,79053.33592,1520.25646,11.001601,75854.453339,10510.442091772651,80.0951955,62.7231874509804,20.808820244179103,0.657783753318597,2,64,,False,True,,104,59.56268577710819
59,2026-09-21T07:58:20.590+00:00,2026-09-21T07:59:37.500+00:00,2026-09-21T07:59:42.458+00:00,True,80,80.0,,80.0,76910.385197,81868.454701,81868.454793,1023.3556849124999,43.311344,76910.385197,8591.830910377315,78.73155555,62.76037346835443,9.567681981741362,0.9771773547232085,2,64,,False,True,,160,59.56268577710819
60,2026-09-21T07:58:20.869+00:00,2026-09-21T07:59:39.368+00:00,2026-09-21T07:59:39.679+00:00,True,6,6.0,,6.0,78499.316093,78809.760125,78809.76009,13134.960015,53.561525,78499.316093,32021.86484565197,58892.48524375,62.088806399999996,8.461461442901504,0.07613270222474237,2,64,,False,True,,30,59.56268577710819
61,2026-09-21T07:58:21.199+00:00,2026-09-21T07:59:40.892+00:00,2026-09-21T07:59:41.705+00:00,True,13,13.0,,13.0,79692.960423,80506.00618299999,80506.00629399999,6192.769714923077,53.125733999999994,79692.960423,22084.060198162613,31925.316125399997,67.75381333333333,8.021177750589152,0.16147863515238117,2,64,,False,True,,76,59.56268577710819
62,2026-09-21T07:58:21.614+00:00,2026-09-21T07:59:42.738+00:00,2026-09-21T07:59:47.022+00:00,True,45,45.0,,45.0,81123.991832,85407.988248,85407.988229,1897.9552939777777,0.0,81123.991832,12081.489921459224,106.4133494,97.36355490909091,260.89878453164096,0.5268828001115431,2,64,,False,True,,135,59.56268577710819
63,2026-09-21T07:58:21.883+00:00,2026-09-21T07:59:44.228+00:00,2026-09-21T07:59:46.982+00:00,True,27,27.0,,27.0,82345.348575,85099.014367,85099.014277,3151.8153435925924,0.0,82345.348575,15830.412087023647,1243.9417152,105.91022276923077,335.7930268770308,0.31727747026022146,2,64,,False,True,,27,59.56268577710819
64,2026-09-21T07:58:22.270+00:00,2026-09-21T07:59:47.011+00:00,2026-09-21T07:59:47.965+00:00,True,26,26.0,,26.0,84740.74205,85694.643106,85694.643014,3295.947808230769,0.0,84740.74205,16611.575607025225,77.580782,38.156042240000005,33.17519260701932,0.30340286227505836,2,64,,False,True,,52,59.56268577710819
65,2026-09-21T07:58:22.503+00:00,2026-09-21T07:59:47.554+00:00,2026-09-21T07:59:54.146+00:00,True,86,86.0,,86.0,85051.06159299999,91643.203673,91643.20359199999,1065.6186464186046,0.01808,85051.06159299999,9164.093527636975,79.11152275,77.55461270588235,146.9630329117471,0.9384220166163548,2,64,,False,True,,175,59.56268577710819
66,2026-09-21T07:58:22.784+00:00,2026-09-21T07:59:48.697+00:00,2026-09-21T07:59:49.519+00:00,True,15,15.0,,15.0,85912.869554,86734.41809800001,86734.41801600001,5782.2945344,40.954774,85912.869554,22167.45843762912,25826.7652191,58.68203885714286,11.011487053129528,0.17294172635195074,2,64,,False,True,,90,59.56268577710819
67,2026-09-21T07:58:23.268+00:00,2026-09-21T07:59:49.908+00:00,2026-09-21T07:59:51.989+00:00,True,34,34.0,,34.0,86639.729351,88720.347591,88720.347454,2609.4219839411767,47.642794,86639.729351,14847.780130847601,76.3047545,63.04903757575758,7.727715423592793,0.3832266320319178,2,64,,False,True,,187,59.56268577710819
68,2026-09-21T07:58:23.358+00:00,2026-09-21T07:59:51.667+00:00,2026-09-21T07:59:56.953+00:00,True,83,83.0,,83.0,88308.12577599999,93594.34017599998,93594.34025099999,1127.6426536265058,0.01507,88308.12577599999,9687.39185959356,138.69377569999997,64.46602926829269,165.22026973551704,0.8868057603047599,2,64,,False,True,,578,59.56268577710819
69,2026-09-21T07:58:23.678+00:00,2026-09-21T07:59:54.132+00:00,2026-09-21T07:59:55.220+00:00,True,29,29.0,,29.0,90453.87451899999,91542.529367,91542.529535,3156.638949482758,0.015529999999999999,90453.87451899999,16789.746824816924,211.05059439999997,38.880530285714286,60.16268291728752,0.3167926449108381,2,64,,False,True,,29,59.56268577710819
70,2026-09-21T07:58:23.915+00:00,2026-09-21T07:59:54.599+00:00,2026-09-21T07:59:54.970+00:00,True,7,7.0,,7.0,90684.598206,91054.83154999999,91054.83152899999,13007.833075571429,0.04226,90684.598206,34252.271331824486,63516.8999745,61.70555733333334,55.498380533458004,0.07687675525659682,2,64,,False,True,,28,59.56268577710819
71,2026-09-21T07:58:24.215+00:00,2026-09-21T07:59:56.473+00:00,2026-09-21T07:59:56.869+00:00,True,7,7.0,,7.0,92257.27446,92653.208412,92653.208415,13236.172630714285,50.067534,92257.27446,34845.032198203306,64604.2042674,65.988992,11.459954102575036,0.07555054077429436,2,64,,False,True,,20,59.56268577710819
72,2026-09-21T07:58:24.478+00:00,2026-09-21T07:59:57.503+00:00,2026-09-21T08:00:02.877+00:00,True,86,86.0,,86.0,93025.338963,98398.538835,98398.538875,1144.1690566860466,0.0,93025.338963,10026.40167953327,76.83686375,63.21411614117647,203.34454187017343,0.873996718022505,2,64,,False,True,,366,59.56268577710819
73,2026-09-21T07:58:24.706+00:00,2026-09-21T07:59:58.709+00:00,2026-09-21T08:00:02.883+00:00,True,64,64.0,,64.0,94003.15090600001,98177.106746,98177.10661300001,1534.0172908281252,0.0,94003.15090600001,11744.448317734306,78.7811675,66.2532673015873,236.11906607282026,0.6518831336675902,2,64,,False,True,,71,59.56268577710819
74,2026-09-21T07:58:25.040+00:00,2026-09-21T08:00:00.563+00:00,2026-09-21T08:00:04.002+00:00,True,55,55.0,,55.0,95522.43980400001,98961.54918,98961.54902600001,1799.3008913818182,0.0,95522.43980400001,12874.170044116316,80.5856263,63.687210666666665,256.8239794953424,0.5557714127934794,2,64,,False,True,,57,59.56268577710819
75,2026-09-21T07:58:25.349+00:00,2026-09-21T08:00:02.871+00:00,2026-09-21T08:00:06.853+00:00,True,77,77.0,,77.0,97522.46194499999,101504.61285699999,101504.613076,1318.24172825974,0.0,97522.46194499999,11107.775981382812,80.43469280000001,52.396722526315784,26.485786355104235,0.7585862142883875,2,64,,False,True,,157,59.56268577710819
76,2026-09-21T07:58:25.741+00:00,2026-09-21T08:00:04.001+00:00,2026-09-21T08:00:06.543+00:00,True,40,40.0,,40.0,98259.289573,100801.520613,100801.520497,2520.038012425,45.503544000000005,98259.289573,15525.853650555926,77.9772585,65.18541128205128,9.019249368894084,0.39681941062743603,2,64,,False,True,,360,59.56268577710819
77,2026-09-21T07:58:26.111+00:00,2026-09-21T08:00:05.649+00:00,2026-09-21T08:00:08.761+00:00,True,52,52.0,,52.0,99538.41811,102649.934782,102649.934604,1974.037203923077,46.051584000000005,99538.41811,13795.037108477065,75.759609,61.010130823529416,8.678783816421516,0.5065760646651514,2,64,,False,True,,208,59.56268577710819
78,2026-09-21T07:58:26.477+00:00,2026-09-21T08:00:07.602+00:00,2026-09-21T08:00:12.705+00:00,True,82,82.0,,82.0,101124.79876399999,106228.058924,106228.05870299999,1295.4641305243902,44.729282,101124.79876399999,11160.412219573132,77.03929509999999,63.00321185185185,9.398599257186966,0.771924111487966,2,64,,True,True,,164,59.56268577710819
79,2026-09-21T07:58:26.703+00:00,2026-09-21T08:00:08.969+00:00,2026-09-21T08:00:11.357+00:00,True,39,39.0,,39.0,102265.605752,104653.97285600001,104653.97297,2683.4352043589743,43.861624000000006,102265.605752,16365.541149984105,78.2411929,62.85176589473684,9.772270397261138,0.37265666018873983,2,64,,True,True,,172,59.56268577710819
80,2026-09-21T07:58:27.091+00:00,2026-09-21T08:00:11.080+00:00,2026-09-21T08:00:13.207+00:00,True,34,34.0,,34.0,103989.134066,106116.372466,106116.372573,3121.0697815588237,42.549271999999995,103989.134066,17822.937124596465,79.92970865000001,64.4617696969697,10.262277859804762,0.32040296148357034,2,64,,True,True,,340,59.56268577710819
81,2026-09-21T07:58:27.413+00:00,2026-09-21T08:00:12.647+00:00,2026-09-21T08:00:15.050+00:00,True,39,39.0,,39.0,105234.670371,107637.431587,107637.431792,2759.9341485128207,44.048353999999996,105234.670371,16840.911001219418,76.13904600000001,63.23055831578947,9.321497104024399,0.3623274861262135,2,64,,True,True,,98,59.56268577710819
82,2026-09-21T07:58:27.799+00:00,2026-09-21T08:00:14.917+00:00,2026-09-21T08:00:19.749+00:00,True,77,77.0,,77.0,107117.719839,111949.194015,111949.19411699999,1453.885637883117,44.422723,107117.719839,12199.956189478065,77.9227438,63.572028631578945,9.68386736965597,0.6878120086302972,2,64,,True,True,,386,59.56268577710819
83,2026-09-21T07:58:28.186+00:00,2026-09-21T08:00:16.795+00:00,2026-09-21T08:00:22.025+00:00,True,83,83.0,,83.0,108609.81491500001,113838.90905900001,113838.909276,1371.553123807229,43.970983,108609.81491500001,11914.480097250142,78.598518,63.769440780487805,9.500069321468395,0.729100451559871,2,64,,True,True,,251,59.56268577710819
84,2026-09-21T07:58:28.548+00:00,2026-09-21T08:00:18.525+00:00,2026-09-21T08:00:21.152+00:00,True,42,42.0,,42.0,109976.902838,112604.40543,112604.405544,2681.0572748571426,44.271784,109976.902838,16959.91815807382,77.26956055000001,64.08542907317073,8.80233826112344,0.372987183224453,2,64,,True,True,,126,59.56268577710819
85,2026-09-21T07:58:28.777+00:00,2026-09-21T08:00:19.743+00:00,2026-09-21T08:00:23.358+00:00,True,59,59.0,,59.0,110966.148935,114580.928839,114580.928923,1942.049642762712,44.732354,110966.148935,14438.451577439168,77.905253,62.32379144827586,9.934123939021255,0.5149198963372177,2,64,,True,True,,118,59.56268577710819
86,2026-09-21T07:58:29.021+00:00,2026-09-21T08:00:20.873+00:00,2026-09-21T08:00:21.100+00:00,True,5,5.0,,5.0,111851.74624400001,112078.94803600002,112078.947891,22415.7895782,53.402314,111851.74624400001,49996.21975898538,89493.59541620001,56.800448,3.1542208159573524,0.0446114108636529,2,64,,True,True,,15,59.56268577710819
87,2026-09-21T07:58:29.302+00:00,2026-09-21T08:00:22.079+00:00,2026-09-21T08:00:25.873+00:00,True,62,62.0,,62.0,112777.25677400001,116571.67879,116571.67860600002,1880.1883646129033,43.149274,112777.25677400001,14314.828730094565,77.063787,62.203639606557374,8.810379881084135,0.5318616034662325,2,64,,True,True,,742,59.56268577710819
88,2026-09-21T07:58:29.600+00:00,2026-09-21T08:00:23.696+00:00,2026-09-21T08:00:24.869+00:00,True,20,20.0,,20.0,114096.461824,115269.629696,115269.629861,5763.48149305,46.785432,114096.461824,25498.939162563092,5776.73438145,61.74567747368421,8.849047992254908,0.17350623969857365,2,64,,True,True,,63,59.56268577710819
89,2026-09-21T07:58:29.972+00:00,2026-09-21T08:00:25.930+00:00,2026-09-21T08:00:31.532+00:00,True,90,90.0,,90.0,115958.12378,121559.73427599999,121559.734468,1350.663716311111,46.650844,115958.12378,12216.428626407996,76.85487499999999,62.9394437752809,9.363887063025993,0.7403767418218934,2,64,,True,True,,532,59.56268577710819
90,2026-09-21T07:58:30.362+00:00,2026-09-21T08:00:27.755+00:00,2026-09-21T08:00:28.241+00:00,True,9,9.0,,9.0,117392.805065,117878.53460099999,117878.53478199999,13097.614975777777,45.333784,117392.805065,39110.69782848922,70466.38079339999,60.716192,11.752429836902033,0.07634977844323873,2,64,,True,True,,27,59.56268577710819
91,2026-09-21T07:58:30.772+00:00,2026-09-21T08:00:29.931+00:00,2026-09-21T08:00:36.187+00:00,True,100,100.0,,100.0,119159.44886599999,125415.48956999999,125415.489519,1254.15489519,40.64996300000001,119159.44886599999,11909.62921944325,77.21526505,63.19233034343434,9.262934697269781,0.7973496762071445,2,64,,True,True,,234,59.56268577710819
92,2026-09-21T07:58:31.077+00:00,2026-09-21T08:00:31.533+00:00,2026-09-21T08:00:33.819+00:00,True,36,36.0,,36.0,120456.00115299999,122741.474177,122741.474003,3409.485388972222,44.059364,120456.00115299999,20065.119377751227,78.65507925,65.29922925714285,9.935642595460745,0.2932993940425223,2,64,,True,True,,37,59.56268577710819
93,2026-09-21T07:58:31.470+00:00,2026-09-21T08:00:33.426+00:00,2026-09-21T08:00:36.487+00:00,True,50,50.0,,50.0,121955.971132,125017.431612,125017.431609,2500.34863218,42.746523,121955.971132,17238.34557272792,76.90847004999999,62.478785306122454,9.50787248998658,0.39994422661935947,2,64,,True,True,,100,59.56268577710819
94,2026-09-21T07:58:31.857+00:00,2026-09-21T08:00:35.109+00:00,2026-09-21T08:00:41.309+00:00,True,99,99.0,,99.0,123252.511357,129452.511357,129452.511229,1307.6011235252524,41.839123,123252.511357,12380.988644889547,76.74459110000001,63.26530612244898,9.454872171363721,0.7647592075443091,2,64,,True,True,,108,59.56268577710819
95,2026-09-21T07:58:32.262+00:00,2026-09-21T08:00:37.352+00:00,2026-09-21T08:00:39.520+00:00,True,35,35.0,,35.0,125090.096311,127257.14834300001,127257.148312,3635.9185232,42.349303,125090.096311,21133.31437238596,77.47795,63.73682447058824,10.302964427910474,0.27503366573690186,2,64,,True,True,,94,59.56268577710819
96,2026-09-21T07:58:32.512+00:00,2026-09-21T08:00:38.733+00:00,2026-09-21T08:00:45.058+00:00,True,98,98.0,,98.0,126220.671168,132545.618112,132545.618058,1352.5063067142858,45.328204,126220.671168,12743.630053858567,79.43858265,65.20563859793815,9.631869432175876,0.7393680862176129,2,64,,True,True,,579,59.56268577710819
97,2026-09-21T07:58:32.780+00:00,2026-09-21T08:00:40.229+00:00,2026-09-21T08:00:41.023+00:00,True,13,13.0,,13.0,127448.746761,128242.440201,128242.44007,9864.803082307693,50.127084,127448.746761,35329.579022951315,51024.8369754,66.14112,8.082777248330338,0.10137049778236074,2,64,,True,True,,26,59.56268577710819
99,2026-09-21T07:58:33.497+00:00,2026-09-21T08:00:42.709+00:00,2026-09-21T08:00:44.756+00:00,True,32,32.0,,32.0,129211.849601,131258.279809,131258.279684,4101.821240125,44.047883,129211.849601,22829.976581453066,82.21679594999999,66.01387767741936,10.926226374515892,0.24379414423657453,2,64,,True,True,,176,59.56268577710819
98,2026-09-21T07:58:33.448+00:00,2026-09-21T08:00:44.018+00:00,2026-09-21T08:00:47.756+00:00,True,59,59.0,,59.0,130570.10325399999,134308.715478,134308.715531,2276.4189073050843,47.842513,130570.10325399999,16990.39006882235,78.809529,64.45883144827586,9.004059146427743,0.43928645873814715,2,64,,True,True,,291,59.56268577710819
100,2026-09-21T07:58:33.872+00:00,2026-09-21T08:00:46.212+00:00,2026-09-21T08:00:51.963+00:00,True,91,91.0,,91.0,132339.223373,138090.874957,138090.87495,1517.4821423076921,43.482743,132339.223373,13866.224314106074,79.61437099999999,63.90723982222222,9.902463117260307,0.6589863380063051,2,64,,True,True,,273,59.56268577710819
101,2026-09-21T07:58:34.238+00:00,2026-09-21T08:00:48.167+00:00,2026-09-21T08:00:50.812+00:00,True,43,43.0,,43.0,133929.1465,136573.95981200002,136573.959746,3176.1385987441863,47.386144,133929.1465,20414.401912674253,78.0975399,62.971745523809524,8.29840611338936,0.3148477210384129,2,64,,True,True,,86,59.56268577710819
102,2026-09-21T07:58:34.471+00:00,2026-09-21T08:00:49.586+00:00,2026-09-21T08:00:49.782+00:00,True,4,4.0,,4.0,135115.647831,135311.012439,135311.01248600002,33827.753121500005,59.463785,135115.647831,67525.2632630536,114858.64227810001,65.121536,4.999586886178498,0.029561525909084837,2,64,,True,True,,10,59.56268577710819
103,2026-09-21T07:58:34.779+00:00,2026-09-21T08:00:51.182+00:00,2026-09-21T08:00:51.502+00:00,True,6,6.0,,6.0,136403.72019800002,136723.29984600004,136723.29967200002,22787.216612000004,56.010895,136403.72019800002,55660.49239659564,102320.85000750002,63.9159296,7.152407158071246,0.0438842538671768,2,64,,True,True,,11,59.56268577710819
104,2026-09-21T07:58:35.173+00:00,2026-09-21T08:00:53.176+00:00,2026-09-21T08:00:58.293+00:00,True,82,82.0,,82.0,138003.111505,143120.108369,143120.108516,1745.3671770243902,43.070543,138003.111505,15232.920193882492,75.99655849999999,63.17280079012345,8.342619227539092,0.5729453459368767,2,64,,True,True,,175,59.56268577710819
105,2026-09-21T07:58:35.587+00:00,2026-09-21T08:00:55.320+00:00,2026-09-21T08:01:00.739+00:00,True,87,87.0,,87.0,139733.117671,145152.453351,145152.45354400002,1668.4190062528737,42.753932999999996,139733.117671,14974.210110800072,78.022749,63.0155311627907,10.129708865289642,0.599369821119187,2,64,,True,True,,181,59.56268577710819
106,2026-09-21T07:58:35.888+00:00,2026-09-21T08:00:56.979+00:00,2026-09-21T08:01:03.326+00:00,True,100,100.0,,100.0,141091.215274,147438.290346,147438.290246,1474.38290246,43.837333,141091.215274,14102.713745600035,76.33600545,64.11186941414141,9.8499080064904,0.6782498614527173,2,64,,True,True,,431,59.56268577710819
107,2026-09-21T07:58:36.146+00:00,2026-09-21T08:00:58.362+00:00,2026-09-21T08:01:00.234+00:00,True,30,30.0,,30.0,142216.48909000002,144088.01267400003,144088.01271900002,4802.9337573,43.435393,142216.48909000002,25953.279396635488,79.78772149999999,64.535296,10.796213753839234,0.20820607796066407,2,64,,True,True,,150,59.56268577710819
108,2026-09-21T07:58:36.373+00:00,2026-09-21T08:00:59.349+00:00,2026-09-21T08:01:05.328+00:00,True,95,95.0,,95.0,142975.366541,148954.408589,148954.408523,1567.9411423473684,40.419593,142975.366541,14662.440593584222,79.290853,63.60683029787234,10.070247646161672,0.637779041922332,2,64,,True,True,,385,59.56268577710819
109,2026-09-21T07:58:36.605+00:00,2026-09-21T08:01:00.443+00:00,2026-09-21T08:01:01.795+00:00,True,22,22.0,,22.0,143837.81607600002,145189.530892,145189.530827,6599.524128500001,43.593394,143837.81607600002,30652.604444462795,79.56973950000001,64.36737219047619,11.865623535262424,0.15152607674147534,2,64,,True,True,,84,59.56268577710819
110,2026-09-21T07:58:36.980+00:00,2026-09-21T08:01:02.459+00:00,2026-09-21T08:01:07.654+00:00,True,84,84.0,,84.0,145478.957317,150674.428933,150674.429153,1793.7432042023809,43.747453,145478.957317,15866.228282313123,76.07844465,62.59604356626506,8.96303730445085,0.5574934021309751,2,64,,True,True,,420,59.56268577710819
111,2026-09-21T07:58:37.258+00:00,2026-09-21T08:01:03.801+00:00,2026-09-21T08:01:08.757+00:00,True,80,80.0,,80.0,146542.535618,151498.98669,151498.986816,1893.7373352,43.295902999999996,146542.535618,16376.942015946159,77.6665261,62.73988698734177,9.954221443081533,0.5280563371931819,2,64,,True,True,,240,59.56268577710819
112,2026-09-21T07:58:37.668+00:00,2026-09-21T08:01:06.023+00:00,2026-09-21T08:01:10.310+00:00,True,69,69.0,,69.0,148355.78175099997,152642.462071,152642.46214999998,2212.209596376811,43.034473,148355.78175099997,17852.351217484862,77.404774,63.039416470588236,10.295835759060743,0.4520367338408457,2,64,,True,True,,138,59.56268577710819
113,2026-09-21T07:58:38.044+00:00,2026-09-21T08:01:08.485+00:00,2026-09-21T08:01:13.705+00:00,True,83,83.0,,83.0,150440.717045,155661.234677,155661.234572,1875.4365611084338,42.043834000000004,150440.717045,16506.029416710706,79.1081391,63.664849170731706,10.911885740682353,0.5332091844975183,2,64,,True,True,,413,59.56268577710819
114,2026-09-21T07:58:38.294+00:00,2026-09-21T08:01:09.771+00:00,2026-09-21T08:01:15.551+00:00,True,91,91.0,,91.0,151477.037274,157256.86217,157256.862133,1728.0973860769232,43.649823,151477.037274,15872.37940838334,78.04816550000001,64.22027662222223,10.437965068891087,0.5786710910054018,2,64,,True,True,,306,59.56268577710819
115,2026-09-21T07:58:38.605+00:00,2026-09-21T08:01:11.655+00:00,2026-09-21T08:01:14.028+00:00,True,38,38.0,,38.0,153049.55275099998,155422.446959,155422.446947,4090.0643933421047,51.145984,153049.55275099998,24817.5149095604,82.42927114999999,64.1322758918919,11.489596078498709,0.24449492813624468,2,64,,True,True,,119,59.56268577710819
116,2026-09-21T07:58:38.933+00:00,2026-09-21T08:01:13.261+00:00,2026-09-21T08:01:15.152+00:00,True,30,30.0,,30.0,154327.85992699998,156219.49563899997,156219.49565799997,5207.316521933333,46.509682999999995,154327.85992699998,28164.375987694504,80.08250305,65.22881765517242,9.983008448445961,0.19203749107810167,2,64,,True,True,,295,59.56268577710819
117,2026-09-21T07:58:39.191+00:00,2026-09-21T08:01:14.710+00:00,2026-09-21T08:01:16.838+00:00,True,35,35.0,,35.0,155519.307769,157646.972665,157646.972806,4504.199223028571,45.617972,155519.307769,26276.98512685329,79.3116697,62.578379294117646,10.072121031108585,0.22201504671057043,2,64,,True,True,,39,59.56268577710819
118,2026-09-21T07:58:39.454+00:00,2026-09-21T08:01:16.147+00:00,2026-09-21T08:01:17.539+00:00,True,23,23.0,,23.0,156693.094137,158084.833273,158084.83327,6873.2536204347825,53.122644,156693.094137,32659.57878911983,77.99387010000001,63.26086981818182,7.76676013108882,0.14549150303546718,2,64,,True,True,,95,59.56268577710819
119,2026-09-21T07:58:39.802+00:00,2026-09-21T08:01:17.850+00:00,2026-09-21T08:01:21.050+00:00,True,52,52.0,,52.0,158047.863047,161247.82131899998,161247.82140699998,3100.9196424423076,43.067432999999994,158047.863047,21908.597077017534,76.15111954999999,62.74427984313726,11.544602628530303,0.32248497731406434,2,64,,True,True,,156,59.56268577710819
120,2026-09-21T07:58:40.164+00:00,2026-09-21T08:01:19.776+00:00,2026-09-21T08:01:23.765+00:00,True,64,64.0,,64.0,159612.014873,163601.33762500001,163601.337602,2556.27090003125,45.157844,159612.014873,19943.588796224143,75.58604034999999,63.32258336507937,9.570670534411903,0.39119484552564027,2,64,,True,True,,67,59.56268577710819
121,2026-09-21T07:58:40.422+00:00,2026-09-21T08:01:21.198+00:00,2026-09-21T08:01:25.846+00:00,True,74,74.0,,74.0,160775.512192,165423.257984,165423.257819,2235.4494299864864,41.347693,160775.512192,18682.374745416982,78.0642003,63.66775057534247,9.356104986102649,0.44733733878677084,2,64,,True,True,,149,59.56268577710819
122,2026-09-21T07:58:40.817+00:00,2026-09-21T08:01:23.290+00:00,2026-09-21T08:01:26.717+00:00,True,55,55.0,,55.0,162472.581198,165899.864654,165899.864494,3016.3611726181816,46.141983,162472.581198,21899.242271807812,77.70108640000001,63.46821214814815,9.313620722769015,0.3315252855371989,2,64,,True,True,,165,59.56268577710819
123,2026-09-21T07:58:41.067+00:00,2026-09-21T08:01:24.628+00:00,2026-09-21T08:01:27.809+00:00,True,52,52.0,,52.0,163560.590255,166742.09092699998,166742.090817,3206.578669557692,47.733633000000005,163560.590255,22673.123783649185,78.04905049999999,62.38236611764706,9.083150771326817,0.3118588696525684,2,64,,True,True,,114,59.56268577710819
124,2026-09-21T07:58:41.318+00:00,2026-09-21T08:01:25.768+00:00,2026-09-21T08:01:29.691+00:00,True,64,64.0,,64.0,164450.12985,168372.858554,168372.858732,2630.8259176875,44.060061999999995,164450.12985,20548.485218330912,77.34043954999999,62.26553498412699,9.539772692599767,0.3801087690120443,2,64,,True,True,,200,59.56268577710819
125,2026-09-21T07:58:41.566+00:00,2026-09-21T08:01:27.018+00:00,2026-09-21T08:01:30.346+00:00,True,54,54.0,,54.0,165452.277712,168779.76136,168779.76139200001,3125.5511368888892,40.451882,165452.277712,22506.661607354887,77.01685850000001,62.78271033962264,9.7587064398275,0.319943573594824,2,64,,True,True,,54,59.56268577710819
126,2026-09-21T07:58:41.978+00:00,2026-09-21T08:01:28.953+00:00,2026-09-21T08:01:33.625+00:00,True,76,76.0,,76.0,166974.97997400002,171647.558022,171647.55814600002,2258.520501921053,45.322872000000004,166974.97997400002,19146.199012991372,75.22886650000001,62.301040640000004,7.998094795520569,0.4427677321821212,2,64,,True,True,,257,59.56268577710819
127,2026-09-21T07:58:42.336+00:00,2026-09-21T08:01:30.663+00:00,2026-09-21T08:01:33.488+00:00,True,47,47.0,,47.0,168326.765739,171152.288427,171152.288531,3641.5380538510635,46.692003,168326.765739,24544.024139229965,78.04950400000001,61.42440626086956,8.838097769636345,0.27460924088109095,2,64,,True,True,,47,59.56268577710819
128,2026-09-21T07:58:42.729+00:00,2026-09-21T08:01:32.976+00:00,2026-09-21T08:01:38.612+00:00,True,89,89.0,,89.0,170246.595953,175883.12459300002,175883.12459700002,1976.2148831123598,44.107803,170246.595953,18039.316177785553,77.378488,64.05146181818182,9.628334788530468,0.5060178468283939,2,64,,True,True,,266,59.56268577710819
129,2026-09-21T07:58:43.593+00:00,2026-09-21T08:01:34.145+00:00,2026-09-21T08:01:38.677+00:00,True,72,72.0,,72.0,170552.464967,175084.16160700002,175084.161612,2431.7244668333333,44.511792,170552.464967,20092.280970872198,76.678588,63.82671323943662,9.612064332855482,0.41123080088542613,2,64,,True,True,,154,59.56268577710819
131,2026-09-21T07:58:43.704+00:00,2026-09-21T08:01:37.405+00:00,2026-09-21T08:01:37.670+00:00,True,5,5.0,,5.0,173700.831421,173965.505469,173965.505345,34793.101069000004,58.162411999999996,173700.831421,77651.7821121772,138975.3872256,66.168512,6.3602565101547075,0.028741329992519587,2,64,,True,True,,5,59.56268577710819
130,2026-09-21T07:58:43.700+00:00,2026-09-21T08:01:38.133+00:00,2026-09-21T08:01:43.278+00:00,True,84,84.0,,84.0,174433.206882,179578.336866,179578.336739,2137.8373421309525,42.465802000000004,174433.206882,19025.46174763063,76.20421334999999,61.98951787951807,9.125047761051905,0.46776243430008024,2,64,,True,True,,530,59.56268577710819
132,2026-09-21T07:58:43.899+00:00,2026-09-21T08:01:38.886+00:00,2026-09-21T08:01:43.486+00:00,True,75,75.0,,75.0,174987.01459099998,179587.173311,179587.17325,2394.495643333333,42.844462,174987.01459099998,20198.58414404862,75.27023600000001,62.16430702702703,9.62885855201332,0.4176244807312535,2,64,,True,True,,375,59.56268577710819
133,2026-09-21T07:58:44.210+00:00,2026-09-21T08:01:40.278+00:00,2026-09-21T08:01:41.160+00:00,True,15,15.0,,15.0,176068.128214,176950.139862,176950.139872,11796.675991466667,51.727342,176068.128214,45444.3293075619,52873.9770997,63.000832,9.002010499790368,0.08476964195506265,2,64,,True,True,,105,59.56268577710819
134,2026-09-21T07:58:44.568+00:00,2026-09-21T08:01:41.814+00:00,2026-09-21T08:01:47.435+00:00,True,92,92.0,,92.0,177246.175499,182867.292171,182867.292273,1987.6879594891304,42.906022,177246.175499,18472.753311887915,76.2700605,61.77051287912088,8.897341559424937,0.5030970760696254,2,64,,True,True,,102,59.56268577710819
135,2026-09-21T07:58:44.795+00:00,2026-09-21T08:01:43.224+00:00,2026-09-21T08:01:43.746+00:00,True,9,9.0,,9.0,178429.415683,178950.970371,178950.970601,19883.44117788889,53.381172,178429.415683,59454.74093436644,107088.8295838,65.194336,8.20132588357259,0.050293105320084366,2,64,,True,True,,81,59.56268577710819
136,2026-09-21T07:58:45.025+00:00,2026-09-21T08:01:44.430+00:00,2026-09-21T08:01:49.189+00:00,True,77,77.0,,77.0,179405.047834,184163.83209,184163.831951,2391.738077285714,45.467341999999995,179405.047834,20437.968974896237,75.9930416,62.615582315789474,9.128133396626936,0.41810598273373495,2,64,,True,True,,77,59.56268577710819
137,2026-09-21T07:58:45.268+00:00,2026-09-21T08:01:45.502+00:00,2026-09-21T08:01:51.414+00:00,True,94,94.0,,94.0,180233.830207,186145.554239,186145.554237,1980.2718535851063,45.081803,180233.830207,18583.145912117736,78.12561364999999,63.56692507526882,9.014292076673627,0.5049811712360829,2,64,,True,True,,559,59.56268577710819
138,2026-09-21T07:58:45.674+00:00,2026-09-21T08:01:47.626+00:00,2026-09-21T08:01:52.462+00:00,True,77,77.0,,77.0,181951.59480000002,186788.361264,186788.36113200002,2425.822871844156,44.388323,181951.59480000002,20728.058132664304,77.43102800000001,63.641664,9.485976826648931,0.41223125187747084,2,64,,True,True,,490,59.56268577710819
139,2026-09-21T07:58:45.923+00:00,2026-09-21T08:01:48.968+00:00,2026-09-21T08:01:55.211+00:00,True,99,99.0,,99.0,183045.287576,189288.289944,189288.289854,1912.002927818182,41.139883000000005,183045.287576,18390.34309266687,77.65036989999999,63.704105795918366,8.629976439383373,0.5230117511721865,2,64,,True,True,,297,59.56268577710819
140,2026-09-21T07:58:46.321+00:00,2026-09-21T08:01:51.054+00:00,2026-09-21T08:01:51.811+00:00,True,12,12.0,,12.0,184732.684597,185489.561909,185489.56186800002,15457.463489000002,55.199672,184732.684597,53307.87014366736,83173.23117685001,68.80702836363636,7.106822498772616,0.06469366726892764,2,64,,True,True,,156,59.56268577710819
141,2026-09-21T07:58:46.674+00:00,2026-09-21T08:01:52.521+00:00,2026-09-21T08:01:58.284+00:00,True,92,92.0,,92.0,185847.448841,191610.161417,191610.161482,2082.7191465434785,41.167642,185847.448841,19369.335648811797,77.2433575,63.326511824175824,8.727457436553905,0.4801415505296766,2,64,,True,True,,276,59.56268577710819
142,2026-09-21T07:58:46.972+00:00,2026-09-21T08:01:54.177+00:00,2026-09-21T08:01:58.768+00:00,True,73,73.0,,73.0,187205.616259,191796.193667,191796.19371700002,2627.345119410959,44.474942000000006,187205.616259,21903.29950831361,78.153606,63.75801955555555,8.77071651631399,0.38061235003831156,2,64,,True,True,,275,59.56268577710819
143,2026-09-21T07:58:47.383+00:00,2026-09-21T08:01:56.031+00:00,2026-09-21T08:02:01.763+00:00,True,92,92.0,,92.0,188647.595976,194380.43488800002,194380.434916,2112.8308143043478,44.995841999999996,188647.595976,19661.30534719762,76.26174499999999,62.9982298021978,8.686087251298515,0.4732986632785827,2,64,,True,True,,1104,59.56268577710819
144,2026-09-21T07:58:47.707+00:00,2026-09-21T08:01:58.031+00:00,2026-09-21T08:01:58.348+00:00,True,6,6.0,,6.0,190323.1979,190640.934348,190640.934317,31773.489052833334,49.915423000000004,190323.1979,77673.17756188608,142760.706856,63.5472896,9.383220329933472,0.03147277902576512,2,64,,True,True,,12,59.56268577710819
145,2026-09-21T07:58:47.948+00:00,2026-09-21T08:01:59.034+00:00,2026-09-21T08:02:04.617+00:00,True,91,91.0,,91.0,191085.79675,196668.43867,196668.43861100002,2161.191633087912,41.441752,191085.79675,20024.733813867897,77.0232295,62.02935466666666,8.846530139711465,0.46270769532417727,2,64,,True,True,,731,59.56268577710819
146,2026-09-21T07:58:48.236+00:00,2026-09-21T08:02:00.683+00:00,2026-09-21T08:02:04.296+00:00,True,60,60.0,,60.0,192447.429539,196060.365987,196060.36600500002,3267.67276675,42.846392,192447.429539,24836.95229434214,76.1383875,61.236210983050846,8.805310544116558,0.30602819543843124,2,64,,True,True,,240,59.56268577710819
147,2026-09-21T07:58:48.510+00:00,2026-09-21T08:02:02.648+00:00,2026-09-21T08:02:05.847+00:00,True,51,51.0,,51.0,194138.488517,197336.817605,197336.81758,3869.3493643137253,47.102532,194138.488517,27175.869938545296,76.08703450000002,63.96658176,7.986765523665563,0.25844138270276734,2,64,,True,True,,153,59.56268577710819
148,2026-09-21T07:58:48.766+00:00,2026-09-21T08:02:03.935+00:00,2026-09-21T08:02:05.898+00:00,True,32,32.0,,32.0,195168.95163,197132.16443,197132.164606,6160.3801439375,46.362582,195168.95163,34490.12835125628,80.54297145000001,63.32944516129032,9.358222976430582,0.16232764497121388,2,64,,True,True,,256,59.56268577710819
149,2026-09-21T07:58:49.030+00:00,2026-09-21T08:02:05.271+00:00,2026-09-21T08:02:07.960+00:00,True,44,44.0,,44.0,196241.216755,198930.239987,198930.24006,4521.141819545454,48.286242,196241.216755,29575.05045451895,77.97801399999999,62.535424,9.409271501985526,0.2211830639870307,2,64,,True,True,,434,59.56268577710819
150,2026-09-21T07:58:49.274+00:00,2026-09-21T08:02:06.516+00:00,2026-09-21T08:02:06.937+00:00,True,8,8.0,,8.0,197242.021067,197663.713483,197663.71356899999,24707.964196124998,48.571423,197242.021067,69714.28708638882,128233.38442845,60.24177371428571,8.634963513754796,0.04047278005170148,2,64,,True,True,,16,59.56268577710819
151,2026-09-21T07:58:49.511+00:00,2026-09-21T08:02:07.961+00:00,2026-09-21T08:02:13.195+00:00,True,84,84.0,,84.0,198449.47938,203683.88373200002,203683.883823,2424.80814075,45.861841999999996,198449.47938,21645.73401511554,76.54026749999998,63.065112674698796,8.448227715043805,0.41240376244261034,2,64,,True,True,,336,59.56268577710819
152,2026-09-21T07:58:49.775+00:00,2026-09-21T08:02:09.134+00:00,2026-09-21T08:02:10.803+00:00,True,28,28.0,,28.0,199359.079176,201027.468552,201027.468688,7179.552453142857,43.229952,199359.079176,37663.647909754094,75.9182255,61.79219911111111,8.33687187992171,0.13928444804923365,2,64,,True,True,,168,59.56268577710819
153,2026-09-21T07:58:50.056+00:00,2026-09-21T08:02:10.799+00:00,2026-09-21T08:02:12.766+00:00,True,32,32.0,,32.0,200742.87691800002,202710.23103000002,202710.23096400002,6334.6947176250005,42.922782,200742.87691800002,35475.4444978908,76.467168,63.46303587096774,8.1111505811554,0.15786080375619607,2,64,,True,True,,192,59.56268577710819
154,2026-09-21T07:58:50.321+00:00,2026-09-21T08:02:12.505+00:00,2026-09-21T08:02:13.800+00:00,True,21,21.0,,21.0,202183.709742,203479.18647800002,203479.186502,9689.48507152381,49.262052000000004,202183.709742,44105.96879831142,81.073825,64.7738368,9.77290966585641,0.10320465873432465,2,64,,True,True,,112,59.56268577710819
155,2026-09-21T07:58:50.568+00:00,2026-09-21T08:02:13.798+00:00,2026-09-21T08:02:14.310+00:00,True,10,10.0,,10.0,203230.121717,203741.628661,203741.628645,20374.162864500002,46.231211,203230.121717,64249.035421690314,111808.21347065,56.83410488888889,9.039483684254046,0.049081771190897475,2,64,,True,True,,10,59.56268577710819
156,2026-09-21T07:58:50.941+00:00,2026-09-21T08:02:15.941+00:00,2026-09-21T08:02:18.545+00:00,True,42,42.0,,42.0,204999.037924,207603.921636,207603.921614,4942.950514619048,45.780053,204999.037924,31622.236032874753,76.8664971,63.53374907317073,8.865472379776953,0.20230831705404978,2,64,,True,True,,250,59.56268577710819
157,2026-09-21T07:58:51.334+00:00,2026-09-21T08:02:17.995+00:00,2026-09-21T08:02:20.881+00:00,True,47,47.0,,47.0,206661.721124,209547.714596,209547.71457,4458.462012127659,43.51405200000001,206661.721124,30135.560282294,78.41159739999999,62.73898852173913,9.643855662358698,0.22429259174033087,2,64,,True,True,,48,59.56268577710819
158,2026-09-21T07:58:51.653+00:00,2026-09-21T08:02:19.565+00:00,2026-09-21T08:02:22.818+00:00,True,53,53.0,,53.0,207912.169295,211165.146959,211165.146883,3984.2480543962265,45.34748200000001,207912.169295,28550.341465930673,78.262238,62.55726276923077,9.470320547620348,0.2509883887718011,2,64,,True,True,,299,59.56268577710819
159,2026-09-21T07:58:52.000+00:00,2026-09-21T08:02:21.487+00:00,2026-09-21T08:02:25.547+00:00,True,67,67.0,,67.0,209486.796304,213546.473232,213546.473244,3187.260794686567,40.208451999999994,209486.796304,25585.37276843983,77.70823999999999,61.51025648484848,10.034350820825118,0.3137490354486456,2,64,,True,True,,274,59.56268577710819
160,2026-09-21T07:58:52.225+00:00,2026-09-21T08:02:22.876+00:00,2026-09-21T08:02:24.416+00:00,True,26,26.0,,26.0,210650.820115,212191.118867,212191.11883800002,8161.196878384616,45.358723,210650.820115,41299.94294940095,77.148439,61.61195008,10.745823928220991,0.1225310471938113,2,64,,True,True,,60,59.56268577710819
161,2026-09-21T07:58:52.451+00:00,2026-09-21T08:02:23.714+00:00,2026-09-21T08:02:27.744+00:00,True,67,67.0,,67.0,211263.496929,215293.94224099998,215293.942136,3213.3424199402984,43.003822,211263.496929,25802.485006325012,77.9533653,61.06735321212121,8.977613237624693,0.31120243933756486,2,64,,True,True,,337,59.56268577710819
162,2026-09-21T07:58:52.855+00:00,2026-09-21T08:02:25.812+00:00,2026-09-21T08:02:29.043+00:00,True,54,54.0,,54.0,212957.320539,216187.906139,216187.90613000002,4003.4797431481484,44.756862,212957.320539,28971.527130723192,75.554418,60.95444528301886,8.749046092127047,0.24978270507546432,2,64,,True,True,,261,59.56268577710819
163,2026-09-21T07:58:53.627+00:00,2026-09-21T08:02:25.949+00:00,2026-09-21T08:02:31.258+00:00,True,87,87.0,,87.0,212322.09182600002,217631.32113800003,217631.32125700003,2501.5094397356324,42.976862000000004,212322.09182600002,22756.70084546471,78.437305,61.735224558139535,9.474728740765027,0.3997586355910292,2,64,,True,True,,180,59.56268577710819
164,2026-09-21T07:58:53.663+00:00,2026-09-21T08:02:27.562+00:00,2026-09-21T08:02:32.926+00:00,True,86,86.0,,86.0,213898.88629300002,219263.08110900002,219263.081042,2549.570709790698,41.091493,213898.88629300002,23058.506878091284,78.54441299999999,63.10817430588235,9.44925936888134,0.3922228929969642,2,64,,True,True,,172,59.56268577710819
165,2026-09-21T07:58:53.780+00:00,2026-09-21T08:02:29.494+00:00,2026-09-21T08:02:29.710+00:00,True,4,4.0,,4.0,215714.169739,215930.03789900002,215930.037767,53982.50944175,66.42871099999999,215714.169739,107821.10697255746,183368.77035775,71.95605333333333,5.903008657483515,0.018524518584445284,2,64,,True,True,,8,59.56268577710819
166,2026-09-21T07:58:54.004+00:00,2026-09-21T08:02:31.879+00:00,2026-09-21T08:02:33.365+00:00,True,24,24.0,,24.0,217874.25597,219360.82032199999,219360.820402,9140.034183416667,48.848582,217874.25597,44460.203912685356,75.05909635,64.63323269565217,8.883185244215513,0.10940878122524511,2,64,,True,True,,144,59.56268577710819
167,2026-09-21T07:58:54.303+00:00,2026-09-21T08:02:33.552+00:00,2026-09-21T08:02:35.952+00:00,True,38,38.0,,38.0,219249.135837,221649.60559700002,221649.605461,5832.884354236842,48.950341,219249.135837,35556.383121071536,77.045293,64.87756108108108,9.571499941251082,0.1714417668267411,2,64,,True,True,,80,59.56268577710819
168,2026-09-21T07:58:54.547+00:00,2026-09-21T08:02:34.744+00:00,2026-09-21T08:02:39.731+00:00,True,80,80.0,,80.0,220197.135974,225184.909158,225184.909188,2814.8113648500002,45.491361,220197.135974,24611.731315192283,77.2641506,63.13636941772152,9.863619426652633,0.3552635933692535,2,64,,True,True,,166,59.56268577710819
169,2026-09-21T07:58:54.908+00:00,2026-09-21T08:02:36.727+00:00,2026-09-21T08:02:42.873+00:00,True,98,98.0,,98.0,221819.064885,227965.556021,227965.556051,2326.179143377551,42.125211,221819.064885,22400.710297517307,76.610516,63.365888,9.362706742186328,0.42988950484683014,2,64,,True,True,,101,59.56268577710819
170,2026-09-21T07:58:55.258+00:00,2026-09-21T08:02:38.471+00:00,2026-09-21T08:02:39.546+00:00,True,18,18.0,,18.0,223212.71337,224287.34735400003,224287.34735700002,12460.4081865,52.817602,223212.71337,52596.84201999313,33546.05938955,63.21376376470588,7.888157748182331,0.08025419272354234,2,64,,True,True,,193,59.56268577710819
171,2026-09-21T07:58:55.540+00:00,2026-09-21T08:02:39.734+00:00,2026-09-21T08:02:44.170+00:00,True,70,70.0,,70.0,224194.202325,228630.04437299998,228630.04437,3266.143491,42.907321,224194.202325,26788.650815987792,81.391943,64.28756591304348,10.894530689119598,0.30617148411955014,2,64,,True,True,,490,59.56268577710819
172,2026-09-21T07:58:55.844+00:00,2026-09-21T08:02:41.171+00:00,2026-09-21T08:02:41.695+00:00,True,10,10.0,,10.0,225327.823324,225851.535836,225851.535882,22585.1535882,45.195731,225327.823324,71236.51355902757,123963.33434604999,58.19027911111111,10.974433413587013,0.044276874022505686,2,64,,True,True,,30,59.56268577710819
173,2026-09-21T07:58:56.081+00:00,2026-09-21T08:02:42.378+00:00,2026-09-21T08:02:45.661+00:00,True,53,53.0,,53.0,226296.96380199998,229579.81308199998,229579.81299699997,4331.694584849056,44.779341,226296.96380199998,31075.608601065804,77.728137,63.13171692307692,10.802150736353582,0.23085653432895586,2,64,,True,True,,158,59.56268577710819
174,2026-09-21T07:58:56.445+00:00,2026-09-21T08:02:44.475+00:00,2026-09-21T08:02:47.339+00:00,True,46,46.0,,46.0,228029.31433700002,230893.25673700002,230893.256747,5019.418624934783,44.726222,228029.31433700002,33611.70598542818,77.491553,63.643164444444444,10.126713151982935,0.19922626000462412,2,64,,True,True,,48,59.56268577710819
175,2026-09-21T07:58:56.836+00:00,2026-09-21T08:02:46.746+00:00,2026-09-21T08:02:47.059+00:00,True,6,6.0,,6.0,229909.735017,230223.402857,230223.402998,38370.567166333334,46.890731,229909.735017,93834.64593711814,172451.424886,62.733568,11.24282576363078,0.026061642411422503,2,64,,True,True,,38,59.56268577710819
176,2026-09-21T07:58:57.112+00:00,2026-09-21T08:02:47.834+00:00,2026-09-21T08:02:51.794+00:00,True,65,65.0,,65.0,230722.366956,234681.909228,234681.90905400002,3610.490908523077,42.889841,230722.366956,28609.915309885884,77.14278680000001,61.867848,9.407366131212198,0.27697064598554416,2,64,,True,True,,0,59.56268577710819
177,2026-09-21T07:58:57.451+00:00,2026-09-21T08:02:49.591+00:00,2026-09-21T08:02:50.012+00:00,True,8,8.0,,8.0,232140.316452,232561.090084,232561.090017,29070.136252125,46.995221,232140.316452,82052.74413502833,150916.67840435,60.11051885714286,9.119567801533789,0.034399563560311985,2,64,,True,True,,16,59.56268577710819
178,2026-09-21T07:58:57.732+00:00,2026-09-21T08:02:51.135+00:00,2026-09-21T08:02:51.276+00:00,True,3,3.0,,3.0,233403.736287,233544.61897500002,233544.61893300002,77848.206311,67.92442299999999,233403.736287,134715.04068187956,210070.65848060002,70.441344,3.5593832034485975,0.01284551111974512,2,64,,True,True,,9,59.56268577710819
179,2026-09-21T07:58:58.007+00:00,2026-09-21T08:02:52.803+00:00,2026-09-21T08:02:57.728+00:00,True,79,79.0,,79.0,234796.727837,239721.293085,239721.293019,3034.4467470759496,41.319751,234796.727837,26409.59429213435,78.03826090000001,63.1354518974359,9.864595500333662,0.32954936536233476,2,64,,True,True,,318,59.56268577710819
180,2026-09-21T07:58:58.249+00:00,2026-09-21T08:02:53.986+00:00,2026-09-21T08:02:56.923+00:00,True,49,49.0,,49.0,235737.637353,238673.951209,238673.95116599998,4870.896962571429,46.523802,235737.637353,33668.067525905404,75.8822686,61.173205333333335,9.155694744859026,0.20530099640866167,2,64,,True,True,,99,59.56268577710819
181,2026-09-21T07:58:58.516+00:00,2026-09-21T08:02:55.349+00:00,2026-09-21T08:02:58.535+00:00,True,51,51.0,,51.0,236833.428723,240019.775987,240019.776184,4706.270121254902,48.383072,236833.428723,33154.39095527305,78.231227,63.72694528,8.881287503769974,0.21248249145421363,2,64,,True,True,,255,59.56268577710819
182,2026-09-21T07:58:58.844+00:00,2026-09-21T08:02:57.318+00:00,2026-09-21T08:02:59.895+00:00,True,42,42.0,,42.0,238474.416878,241051.472622,241051.472728,5739.320779238095,44.725072,238474.416878,36787.703690930284,76.44525645,62.855018146341465,8.799166589488172,0.17423664557263024,2,64,,True,True,,42,59.56268577710819
183,2026-09-21T07:58:59.127+00:00,2026-09-21T08:02:58.647+00:00,2026-09-21T08:02:58.997+00:00,True,7,7.0,,7.0,239519.735625,239869.90880900002,239869.908927,34267.129846714284,47.722282,239519.735625,90507.89239959088,167687.8599504,58.362197333333334,11.353029052731728,0.029182484934255987,2,64,,True,True,,24,59.56268577710819
184,2026-09-21T07:58:59.504+00:00,2026-09-21T08:03:00.432+00:00,2026-09-21T08:03:00.538+00:00,True,3,3.0,,3.0,240927.39506900002,241033.94124500002,241033.94137200003,80344.64712400001,47.725041,240927.39506900002,139068.73924055358,216840.5376883,53.273088,7.846102098879927,0.012446379893654217,2,64,,True,True,,13,59.56268577710819
185,2026-09-21T07:58:59.829+00:00,2026-09-21T08:03:02.291+00:00,2026-09-21T08:03:08.396+00:00,True,95,95.0,,95.0,242461.7787,248566.657804,248566.657844,2616.4911352,44.455771,242461.7787,24869.39179749602,77.91299,64.94552238297872,8.544199018984797,0.38219124334410726,2,64,,True,True,,288,59.56268577710819
186,2026-09-21T07:59:00.060+00:00,2026-09-21T08:03:03.457+00:00,2026-09-21T08:03:08.833+00:00,True,84,84.0,,84.0,243396.735067,248772.80981900002,248772.809895,2961.5810701785713,45.414072,243396.735067,26549.695365976786,79.0006975,64.77198496385542,9.158774602067512,0.33765747977488375,2,64,,True,True,,92,59.56268577710819
187,2026-09-21T07:59:00.388+00:00,2026-09-21T08:03:05.120+00:00,2026-09-21T08:03:09.139+00:00,True,63,63.0,,63.0,244732.299681,248751.064993,248751.064992,3948.429603047619,45.035191,244732.299681,30825.206573726966,77.99181300000001,64.81879535483871,9.417052621651424,0.25326524733380684,2,64,,True,True,,128,59.56268577710819
188,2026-09-21T07:59:00.630+00:00,2026-09-21T08:03:06.390+00:00,2026-09-21T08:03:07.482+00:00,True,18,18.0,,18.0,245760.482781,246852.277213,246852.277109,13714.015394944445,51.011952,245760.482781,57911.164199394196,36929.3103022,64.22320188235294,7.395352125622432,0.07291810390903723,2,64,,True,True,,72,59.56268577710819
190,2026-09-21T07:59:01.416+00:00,2026-09-21T08:03:09.605+00:00,2026-09-21T08:03:09.932+00:00,True,6,6.0,,6.0,248188.910021,248516.158917,248516.15905299998,41419.35984216667,51.996082,248188.910021,101295.97883072228,186160.18861375,65.44977920000001,9.733678792838974,0.02414329927738781,2,64,,True,True,,33,59.56268577710819
191,2026-09-21T07:59:01.678+00:00,2026-09-21T08:03:10.807+00:00,2026-09-21T08:03:13.896+00:00,True,50,50.0,,50.0,249128.67138699998,252218.256539,252218.25663499997,5044.3651327,43.024930999999995,249128.67138699998,35223.19906672976,77.85043095,63.052758204081634,10.34599867785329,0.19824100240050865,2,64,,True,True,,50,59.56268577710819
192,2026-09-21T07:59:02.013+00:00,2026-09-21T08:03:12.694+00:00,2026-09-21T08:03:15.917+00:00,True,51,51.0,,51.0,250680.134958,253903.92503800002,253903.92505000002,4978.508334313726,43.523801,250680.134958,35093.21288018839,77.6886375,64.4758016,9.476806815028267,0.2008633777219757,2,64,,True,True,,153,59.56268577710819
189,2026-09-21T07:59:01.029+00:00,2026-09-21T08:03:13.438+00:00,2026-09-21T08:03:15.524+00:00,True,33,33.0,,33.0,252408.462856,254494.555912,254494.555919,7711.956239969697,43.906921000000004,252408.462856,43927.32628381319,77.43408,65.190408,9.133794767479795,0.1296687855728075,2,64,,True,True,,275,59.56268577710819
193,2026-09-21T07:59:02.380+00:00,2026-09-21T08:03:15.594+00:00,2026-09-21T08:03:20.932+00:00,True,87,87.0,,87.0,253213.826021,258552.267749,258552.26778899998,2971.865147,44.689871,253213.826021,27140.71820550497,77.74260770000001,62.07490381395349,9.509724261217071,0.3364890231187558,2,64,,True,True,,139,59.56268577710819
194,2026-09-21T07:59:02.673+00:00,2026-09-21T08:03:17.055+00:00,2026-09-21T08:03:21.989+00:00,True,79,79.0,,79.0,254382.28670199998,259315.52062199998,259315.520475,3282.474942721519,44.063911999999995,254382.28670199998,28613.12946387729,78.4844289,63.24658871794872,10.667461623304272,0.3046481745886588,2,64,,True,True,,317,59.56268577710819
195,2026-09-21T07:59:02.986+00:00,2026-09-21T08:03:18.871+00:00,2026-09-21T08:03:23.688+00:00,True,76,76.0,,76.0,255884.070814,260701.745822,260701.745893,3430.2861301710527,42.307182,255884.070814,29344.549638327884,77.5756605,64.23566677333334,10.985787536204324,0.2915208709491754,2,64,,True,True,,248,59.56268577710819
196,2026-09-21T07:59:03.398+00:00,2026-09-21T08:03:21.119+00:00,2026-09-21T08:03:22.650+00:00,True,25,25.0,,25.0,257720.795709,259252.234813,259252.234823,10370.08939292,48.889171000000005,257720.795709,51531.398051498254,79.631395,63.809962666666664,9.850793370145462,0.09643118416330194,2,64,,True,True,,92,59.56268577710819
197,2026-09-21T07:59:03.721+00:00,2026-09-21T08:03:22.647+00:00,2026-09-21T08:03:25.692+00:00,True,49,49.0,,49.0,258925.98075999998,261971.24565599998,261971.245767,5346.351954428571,46.496992,258925.98075999998,36980.36348316661,77.663529,63.44301866666667,8.466623708782123,0.18704342866828574,2,64,,True,True,,98,59.56268577710819
198,2026-09-21T07:59:04.053+00:00,2026-09-21T08:03:24.111+00:00,2026-09-21T08:03:27.169+00:00,True,50,50.0,,50.0,260057.808547,263115.955107,263115.95528399997,5262.31910568,42.723902,260057.808547,36768.903107237646,78.20564499999999,62.41115428571428,10.226130732121641,0.19003028523932256,2,64,,True,True,,105,59.56268577710819
199,2026-09-21T07:59:04.286+00:00,2026-09-21T08:03:25.314+00:00,2026-09-21T08:03:26.061+00:00,True,13,13.0,,13.0,261028.452865,261775.517953,261775.517911,20136.578300846155,49.826052000000004,261028.452865,72379.00076806483,104454.90643719998,62.255424,6.914547719231126,0.04966087012894025,2,64,,True,True,,65,59.56268577710819
200,2026-09-21T07:59:04.654+00:00,2026-09-21T08:03:27.494+00:00,2026-09-21T08:03:33.069+00:00,True,89,89.0,,89.0,262840.404093,268415.457405,268415.457259,3015.9040141460673,41.873091,262840.404093,27854.313220217675,76.451524,63.352878545454544,9.193295234485783,0.3315755391304157,2,64,,True,True,,610,59.56268577710819
201,2026-09-21T07:59:05.560+00:00,2026-09-21T08:03:27.940+00:00,2026-09-21T08:03:32.949+00:00,True,80,80.0,,80.0,262379.780745,267389.033609,267389.033703,3342.3629212875,42.653991000000005,262379.780745,29327.863725590203,79.80745915000001,63.40826410126583,10.054859554964592,0.2991895326454679,2,64,,True,True,,640,59.56268577710819
202,2026-09-21T07:59:05.570+00:00,2026-09-21T08:03:28.012+00:00,2026-09-21T08:03:34.165+00:00,True,98,98.0,,98.0,262441.699056,268595.156464,268595.15643699997,2740.766902418367,45.273970999999996,262441.699056,26504.20853263212,77.99602999999999,63.4377052371134,9.538632372605157,0.3648613820522672,2,64,,True,True,,439,59.56268577710819
203,2026-09-21T07:59:05.626+00:00,2026-09-21T08:03:31.311+00:00,2026-09-21T08:03:31.761+00:00,True,8,8.0,,8.0,265684.995131,266135.013179,266135.012951,33266.876618875,46.463891000000004,265684.995131,93911.10219851966,172721.63462035,64.28829257142857,12.139255666620626,0.030059930500836704,2,64,,True,True,,29,59.56268577710819
204,2026-09-21T07:59:05.839+00:00,2026-09-21T08:03:32.947+00:00,2026-09-21T08:03:34.616+00:00,True,27,27.0,,27.0,267108.314654,268777.356574,268777.356459,9954.716905888889,46.769481,267108.314654,51392.665777506765,77.53432600000001,64.19392,9.128686313734796,0.10045489078454548,2,64,,True,True,,126,59.56268577710819
205,2026-09-21T07:59:06.102+00:00,2026-09-21T08:03:35.251+00:00,2026-09-21T08:03:38.747+00:00,True,56,56.0,,56.0,269149.111085,272644.712237,272644.712398,4868.655578535714,42.096271,269149.111085,35958.07096484999,77.42609625000001,63.55638458181818,9.376458650698778,0.20539551103166548,2,64,,True,True,,113,59.56268577710819
206,2026-09-21T07:59:06.463+00:00,2026-09-21T08:03:37.235+00:00,2026-09-21T08:03:42.028+00:00,True,76,76.0,,76.0,270771.70416799997,275565.45316,275565.453277,3625.861227328947,46.338431,270771.70416799997,31052.31464767984,76.822727,63.91665322666667,10.582719599176006,0.2757965453524124,2,64,,True,True,,76,59.56268577710819
207,2026-09-21T07:59:06.715+00:00,2026-09-21T08:03:38.563+00:00,2026-09-21T08:03:40.295+00:00,True,28,28.0,,28.0,271848.31524,273580.286312,273580.286356,9770.724512714287,43.678071,271848.31524,51362.38089405058,78.95297849999999,64.14707674074074,10.05798758103576,0.1023465556581364,2,64,,True,True,,97,59.56268577710819
208,2026-09-21T07:59:07.013+00:00,2026-09-21T08:03:39.989+00:00,2026-09-21T08:03:42.708+00:00,True,43,43.0,,43.0,272976.24930900004,275695.141085,275695.14097600005,6411.514906418605,47.166801,272976.24930900004,41618.617275176555,82.19252999999999,64.73551847619048,11.659819799112872,0.15596937918736334,2,64,,True,True,,53,59.56268577710819
209,2026-09-21T07:59:07.323+00:00,2026-09-21T08:03:41.594+00:00,2026-09-21T08:03:43.248+00:00,True,26,26.0,,26.0,274271.35879100004,275925.49178300006,275925.491845,10612.518917115385,45.619029000000005,274271.35879100004,53776.06358702486,77.91266675000001,66.16531968,9.520820697045112,0.09422833617869401,2,64,,True,True,,104,59.56268577710819
210,2026-09-21T07:59:07.673+00:00,2026-09-21T08:03:43.377+00:00,2026-09-21T08:03:48.686+00:00,True,85,85.0,,85.0,275703.938161,281012.88075300003,281012.88092200004,3306.0338932000004,42.106061000000004,275703.938161,29897.43706076673,77.8767238,63.20169752380952,9.475700185808977,0.3024772379551949,2,64,,True,True,,255,59.56268577710819
211,2026-09-21T07:59:07.898+00:00,2026-09-21T08:03:44.898+00:00,2026-09-21T08:03:45.153+00:00,True,5,5.0,,5.0,276999.67006,277254.65041199996,277254.65050499997,55450.930101,49.82425,276999.67006,123849.51140554361,221615.18105239997,63.745088,15.053194142504285,0.01803396261368388,2,64,,True,True,,10,59.56268577710819
212,2026-09-21T07:59:08.306+00:00,2026-09-21T08:03:46.837+00:00,2026-09-21T08:03:50.199+00:00,True,54,54.0,,54.0,278531.071648,281893.068192,281893.068249,5220.242004611111,43.659662,278531.071648,37894.6466908068,76.4388905,63.433897056603776,8.805892089531039,0.1915620002518831,2,64,,True,True,,118,59.56268577710819
213,2026-09-21T07:59:08.654+00:00,2026-09-21T08:03:48.557+00:00,2026-09-21T08:03:52.611+00:00,True,65,65.0,,65.0,279902.813098,283956.61252200004,283956.612653,4368.563271584616,46.724671,279902.813098,34709.81591246991,77.29057379999999,63.340616,9.259726252276765,0.22890821038712034,2,64,,True,True,,325,59.56268577710819
214,2026-09-21T07:59:08.899+00:00,2026-09-21T08:03:49.881+00:00,2026-09-21T08:03:53.007+00:00,True,50,50.0,,50.0,280981.17155,284107.077982,284107.077966,5682.141559320001,45.443691,280981.17155,39727.717532385584,76.561839,63.79400881632653,9.050334323368796,0.17598998361866866,2,64,,True,True,,150,59.56268577710819
215,2026-09-21T07:59:09.178+00:00,2026-09-21T08:03:51.221+00:00,2026-09-21T08:03:53.933+00:00,True,43,43.0,,43.0,282042.45585900004,284754.71979500004,284754.71979600005,6622.202785953489,40.480311,282042.45585900004,43001.224383594315,77.66061900000001,64.57771276190476,9.848198253616706,0.15100715461698566,2,64,,True,True,,127,59.56268577710819
216,2026-09-21T07:59:09.583+00:00,2026-09-21T08:03:53.286+00:00,2026-09-21T08:03:57.797+00:00,True,73,73.0,,73.0,283703.28913,288213.91953,288213.91961499996,3948.135885136986,43.694621,283703.28913,33197.62747196217,77.068928,62.647644444444445,9.71302130675568,0.2532840888429106,2,64,,True,True,,657,59.56268577710819
217,2026-09-21T07:59:09.843+00:00,2026-09-21T08:03:54.413+00:00,2026-09-21T08:03:59.540+00:00,True,83,83.0,,83.0,284569.941717,289697.510869,289697.510784,3490.3314552289153,44.348781,284569.941717,31228.74662803692,75.8069269,62.531331121951226,8.944579901523966,0.2865057409400119,2,64,,True,True,,178,59.56268577710819
219,2026-09-21T07:59:10.631+00:00,2026-09-21T08:03:56.591+00:00,2026-09-21T08:03:59.716+00:00,True,51,51.0,,51.0,285960.69714099995,289084.77240499994,289084.77241599996,5668.32887090196,48.397591,285960.69714099995,40033.758557031055,76.34275650000001,62.48150528,8.163464347901742,0.1764188392758038,2,64,,True,True,,357,59.56268577710819
220,2026-09-21T07:59:10.891+00:00,2026-09-21T08:03:58.051+00:00,2026-09-21T08:04:00.335+00:00,True,36,36.0,,36.0,287160.605294,289444.289902,289444.28989200003,8040.119163666667,43.478891000000004,287160.605294,47849.22705504087,79.45606625,65.24813165714285,9.211216628108778,0.12437626602407281,2,64,,True,True,,87,59.56268577710819
221,2026-09-21T07:59:11.241+00:00,2026-09-21T08:04:01.677+00:00,2026-09-21T08:04:07.314+00:00,True,91,91.0,,91.0,290435.844274,296072.75793799997,296072.75799199997,3253.546791120879,45.951071000000006,290435.844274,30439.38484399046,76.93145200000001,62.63237404444444,9.087927658645004,0.307356882928946,2,64,,True,True,,455,59.56268577710819
218,2026-09-21T07:59:10.259+00:00,2026-09-21T08:04:01.950+00:00,2026-09-21T08:04:02.063+00:00,True,3,3.0,,3.0,291690.80177200004,291803.036268,291803.03626400005,97267.67875466667,55.805991,291690.80177200004,168375.3636164054,262527.3644449,56.117248,0.440239025112495,0.01028090741744276,2,64,,True,True,,3,59.56268577710819
222,2026-09-21T07:59:11.570+00:00,2026-09-21T08:04:03.511+00:00,2026-09-21T08:04:07.899+00:00,True,72,72.0,,72.0,291940.638218,296328.72013800003,296328.72016,4115.676668888889,41.001571000000006,291940.638218,34398.251799473524,78.47758805000001,61.80397070422536,9.534081529014536,0.24297341130643582,2,64,,True,True,,144,59.56268577710819
223,2026-09-21T07:59:11.934+00:00,2026-09-21T08:04:05.509+00:00,2026-09-21T08:04:07.135+00:00,True,27,27.0,,27.0,293574.443524,295200.982532,295200.982408,10933.369718814814,47.768671000000005,293574.443524,56486.389290262065,78.382585,62.55919261538462,9.773344473111813,0.09146311021194918,2,64,,True,True,,81,59.56268577710819
224,2026-09-21T07:59:12.331+00:00,2026-09-21T08:04:07.638+00:00,2026-09-21T08:04:12.395+00:00,False,77,76.0,,76.0,295306.607914,300063.492394,300063.492373,3896.928472376623,0.03382,295306.607914,33646.180346981375,76.48924699999999,62.5905852631579,11.489494711755247,0.25327972887887273,2,64,,True,False,Request timeout: 300.0s exceeded,152,59.56268577710819
225,2026-09-21T07:59:12.630+00:00,2026-09-21T08:04:09.294+00:00,2026-09-21T08:04:10.491+00:00,True,20,20.0,,20.0,296663.42130299995,297861.095543,297861.09556799993,14893.054778399997,46.973631000000005,296663.42130299995,66321.8632799632,14909.540484049996,63.03548631578948,10.559542488338177,0.06714539192686461,2,64,,True,True,,49,59.56268577710819
226,2026-09-21T07:59:12.982+00:00,2026-09-21T08:04:11.206+00:00,2026-09-21T08:04:13.025+00:00,False,32,31.0,,31.0,298223.17745200003,300042.55076400004,300042.55084000004,9376.329713750001,0.03796,298223.17745200003,52708.534770553095,77.71905349999999,58.68946167741936,14.496719303679336,0.10331867903757158,2,64,,True,False,Request timeout: 300.0s exceeded,115,59.56268577710819
227,2026-09-21T07:59:13.271+00:00,2026-09-21T08:04:12.970+00:00,2026-09-21T08:04:13.330+00:00,False,8,7.0,,7.0,299698.314643,300058.44776300003,300058.447751,37507.305968875,0.03481,299698.314643,105941.16817048746,194829.15632880002,51.447588571428575,24.061706198048206,0.023328788281704774,2,64,,True,False,Request timeout: 300.0s exceeded,28,59.56268577710819
228,2026-09-21T07:59:13.561+00:00,2026-09-21T08:04:13.576+00:00,2026-09-21T08:04:13.576+00:00,False,1,0.0,,0.0,300014.83676,300014.83676,300014.83676,300014.83676,300014.83676,300014.83676,nan,300014.83676,nan,nan,0.0,2,64,,True,False,"HTTPConnectionPool(host='gpu06', port=9004): Read timed out.",0,59.56268577710819
229,2026-09-21T07:59:13.964+00:00,2026-09-21T08:04:14.045+00:00,2026-09-21T08:04:14.045+00:00,False,1,0.0,,0.0,300081.661915,300081.661915,300081.661915,300081.661915,300081.661915,300081.661915,nan,300081.661915,nan,nan,0.0,2,64,,True,False,"HTTPConnectionPool(host='gpu06', port=9004): Read timed out.",0,59.56268577710819
230,2026-09-21T07:59:14.341+00:00,2026-09-21T08:04:14.452+00:00,2026-09-21T08:04:14.452+00:00,False,1,0.0,,0.0,300110.782509,300110.782509,300110.782509,300110.782509,300110.782509,300110.782509,nan,300110.782509,nan,nan,0.0,2,64,,True,False,"HTTPConnectionPool(host='gpu06', port=9004): Read timed out.",0,59.56268577710819
231,2026-09-21T07:59:14.692+00:00,2026-09-21T08:04:14.796+00:00,2026-09-21T08:04:14.796+00:00,False,1,0.0,,0.0,300103.834197,300103.834197,300103.834197,300103.834197,300103.834197,300103.834197,nan,300103.834197,nan,nan,0.0,2,64,,True,False,"HTTPConnectionPool(host='gpu06', port=9004): Read timed out.",0,59.56268577710819
232,2026-09-21T07:59:14.971+00:00,2026-09-21T08:04:15.061+00:00,2026-09-21T08:04:15.061+00:00,False,1,0.0,,0.0,300090.415547,300090.415547,300090.415547,300090.415547,300090.415547,300090.415547,nan,300090.415547,nan,nan,0.0,2,64,,True,False,"HTTPConnectionPool(host='gpu06', port=9004): Read timed out.",0,59.56268577710819
233,2026-09-21T07:59:15.297+00:00,2026-09-21T08:04:15.372+00:00,2026-09-21T08:04:15.372+00:00,False,1,0.0,,0.0,300074.275835,300074.275835,300074.275835,300074.275835,300074.275835,300074.275835,nan,300074.275835,nan,nan,0.0,2,64,,True,False,"HTTPConnectionPool(host='gpu06', port=9004): Read timed out.",0,59.56268577710819
234,2026-09-21T07:59:15.626+00:00,2026-09-21T08:04:15.646+00:00,2026-09-21T08:04:15.646+00:00,False,1,0.0,,0.0,300019.244741,300019.244741,300019.244741,300019.244741,300019.244741,300019.244741,nan,300019.244741,nan,nan,0.0,2,64,,True,False,TTFT timeout: 300.0s exceeded (TTFT: 300.012s),0,59.56268577710819
235,2026-09-21T07:59:15.989+00:00,2026-09-21T08:04:16.095+00:00,2026-09-21T08:04:16.095+00:00,False,1,0.0,,0.0,300106.40563,300106.40563,300106.40563,300106.40563,300106.40563,300106.40563,nan,300106.40563,nan,nan,0.0,2,64,,True,False,"HTTPConnectionPool(host='gpu06', port=9004): Read timed out.",0,59.56268577710819
236,2026-09-21T07:59:16.396+00:00,2026-09-21T08:04:16.501+00:00,2026-09-21T08:04:16.501+00:00,False,1,0.0,,0.0,300105.051592,300105.051592,300105.051592,300105.051592,300105.051592,300105.051592,nan,300105.051592,nan,nan,0.0,2,64,,True,False,"HTTPConnectionPool(host='gpu06', port=9004): Read timed out.",0,59.56268577710819
237,2026-09-21T07:59:16.692+00:00,2026-09-21T08:04:16.786+00:00,2026-09-21T08:04:16.786+00:00,False,1,0.0,,0.0,300093.859132,300093.859132,300093.859132,300093.859132,300093.859132,300093.859132,nan,300093.859132,nan,nan,0.0,2,64,,True,False,"HTTPConnectionPool(host='gpu06', port=9004): Read timed out.",0,59.56268577710819
238,2026-09-21T07:59:16.974+00:00,2026-09-21T08:04:17.085+00:00,2026-09-21T08:04:17.085+00:00,False,1,0.0,,0.0,300111.054334,300111.054334,300111.054334,300111.054334,300111.054334,300111.054334,nan,300111.054334,nan,nan,0.0,2,64,,True,False,TTFT timeout: 300.0s exceeded (TTFT: 300.097s),0,59.56268577710819
239,2026-09-21T07:59:17.207+00:00,2026-09-21T08:04:17.319+00:00,2026-09-21T08:04:17.319+00:00,False,1,0.0,,0.0,300111.679098,300111.679098,300111.679098,300111.679098,300111.679098,300111.679098,nan,300111.679098,nan,nan,0.0,2,64,,True,False,"HTTPConnectionPool(host='gpu06', port=9004): Read timed out.",0,59.56268577710819
240,2026-09-21T07:59:17.461+00:00,2026-09-21T08:04:17.547+00:00,2026-09-21T08:04:17.547+00:00,False,1,0.0,,0.0,300085.94711,300085.94711,300085.94711,300085.94711,300085.94711,300085.94711,nan,300085.94711,nan,nan,0.0,2,64,,True,False,TTFT timeout: 300.0s exceeded (TTFT: 300.080s),0,59.56268577710819
241,2026-09-21T07:59:17.689+00:00,2026-09-21T08:04:17.800+00:00,2026-09-21T08:04:17.800+00:00,False,1,0.0,,0.0,300110.569136,300110.569136,300110.569136,300110.569136,300110.569136,300110.569136,nan,300110.569136,nan,nan,0.0,2,64,,True,False,"HTTPConnectionPool(host='gpu06', port=9004): Read timed out.",0,59.56268577710819
242,2026-09-21T07:59:18.078+00:00,2026-09-21T08:04:18.157+00:00,2026-09-21T08:04:18.157+00:00,False,1,0.0,,0.0,300079.375569,300079.375569,300079.375569,300079.375569,300079.375569,300079.375569,nan,300079.375569,nan,nan,0.0,2,64,,True,False,TTFT timeout: 300.0s exceeded (TTFT: 300.070s),0,59.56268577710819
243,2026-09-21T07:59:19.525+00:00,2026-09-21T08:04:20.016+00:00,2026-09-21T08:04:20.016+00:00,False,1,0.0,,0.0,300491.607181,300491.607181,300491.607181,300491.607181,300491.607181,300491.607181,nan,300491.607181,nan,nan,0.0,2,64,,True,False,"HTTPConnectionPool(host='gpu06', port=9004): Read timed out.",0,59.56268577710819
246,2026-09-21T07:59:19.860+00:00,2026-09-21T08:04:20.400+00:00,2026-09-21T08:04:20.400+00:00,False,1,0.0,,0.0,300539.863389,300539.863389,300539.863389,300539.863389,300539.863389,300539.863389,nan,300539.863389,nan,nan,0.0,2,64,,True,False,"HTTPConnectionPool(host='gpu06', port=9004): Read timed out.",0,59.56268577710819
244,2026-09-21T07:59:19.692+00:00,2026-09-21T08:04:20.400+00:00,2026-09-21T08:04:20.400+00:00,False,1,0.0,,0.0,300708.156684,300708.156684,300708.156684,300708.156684,300708.156684,300708.156684,nan,300708.156684,nan,nan,0.0,2,64,,True,False,"HTTPConnectionPool(host='gpu06', port=9004): Read timed out.",0,59.56268577710819
245,2026-09-21T07:59:19.821+00:00,2026-09-21T08:04:20.401+00:00,2026-09-21T08:04:20.401+00:00,False,1,0.0,,0.0,300580.298403,300580.298403,300580.298403,300580.298403,300580.298403,300580.298403,nan,300580.298403,nan,nan,0.0,2,64,,True,False,"HTTPConnectionPool(host='gpu06', port=9004): Read timed out.",0,59.56268577710819
249,2026-09-21T07:59:20.108+00:00,2026-09-21T08:04:20.647+00:00,2026-09-21T08:04:21.360+00:00,False,10,9.0,,9.0,300539.928792,301252.138968,301252.138917,30125.213891699997,0.02515,300539.928792,95014.05609258094,165375.54789689998,79.134464,46.98137897888516,0.02987530654829976,2,64,,True,False,Request timeout: 300.0s exceeded,28,59.56268577710819
247,2026-09-21T07:59:19.926+00:00,2026-09-21T08:04:20.717+00:00,2026-09-21T08:04:21.358+00:00,False,9,8.0,,8.0,300790.53008,301431.553056,301431.552993,33492.394777,0.0275,300790.53008,100236.81194246087,180544.5850016,80.127872,50.66492626949367,0.026540021835450515,2,64,,True,False,Request timeout: 300.0s exceeded,25,59.56268577710819
248,2026-09-21T07:59:20.083+00:00,2026-09-21T08:04:21.215+00:00,2026-09-21T08:04:21.406+00:00,False,5,4.0,,4.0,301132.284917,301322.671605,301322.671561,60264.5343122,0.03688,301132.284917,134649.17030622944,240925.10922399999,47.596672,39.390627888196285,0.013274805970270795,2,64,,True,False,Request timeout: 300.0s exceeded,16,59.56268577710819
250,2026-09-21T07:59:20.352+00:00,2026-09-21T08:04:21.526+00:00,2026-09-21T08:04:21.526+00:00,False,1,0.0,,0.0,301173.91512900003,301173.91512900003,301173.91512900003,301173.91512900003,301173.91512900003,301173.91512900003,nan,301173.91512900003,nan,nan,0.0,2,64,,True,False,"HTTPConnectionPool(host='gpu06', port=9004): Read timed out.",0,59.56268577710819
254,2026-09-21T07:59:21.657+00:00,2026-09-21T08:04:21.899+00:00,2026-09-21T08:04:21.899+00:00,False,1,0.0,,0.0,300241.46545200003,300241.46545200003,300241.46545200003,300241.46545200003,300241.46545200003,300241.46545200003,nan,300241.46545200003,nan,nan,0.0,2,64,,True,False,"HTTPConnectionPool(host='gpu06', port=9004): Read timed out.",0,59.56268577710819
253,2026-09-21T07:59:21.378+00:00,2026-09-21T08:04:21.899+00:00,2026-09-21T08:04:21.899+00:00,False,1,0.0,,0.0,300521.067917,300521.067917,300521.067917,300521.067917,300521.067917,300521.067917,nan,300521.067917,nan,nan,0.0,2,64,,True,False,"HTTPConnectionPool(host='gpu06', port=9004): Read timed out.",0,59.56268577710819
251,2026-09-21T07:59:20.758+00:00,2026-09-21T08:04:21.904+00:00,2026-09-21T08:04:21.904+00:00,False,1,0.0,,0.0,301145.650391,301145.650391,301145.650391,301145.650391,301145.650391,301145.650391,nan,301145.650391,nan,nan,0.0,2,64,,True,False,"HTTPConnectionPool(host='gpu06', port=9004): Read timed out.",0,59.56268577710819
256,2026-09-21T07:59:22.197+00:00,2026-09-21T08:04:23.294+00:00,2026-09-21T08:04:23.294+00:00,False,1,0.0,,0.0,301097.096295,301097.096295,301097.096295,301097.096295,301097.096295,301097.096295,nan,301097.096295,nan,nan,0.0,2,64,,True,False,"HTTPConnectionPool(host='gpu06', port=9004): Read timed out.",0,59.56268577710819
259,2026-09-21T07:59:23.007+00:00,2026-09-21T08:04:23.309+00:00,2026-09-21T08:04:23.309+00:00,False,1,0.0,,0.0,300302.096773,300302.096773,300302.096773,300302.096773,300302.096773,300302.096773,nan,300302.096773,nan,nan,0.0,2,64,,True,False,"HTTPConnectionPool(host='gpu06', port=9004): Read timed out.",0,59.56268577710819
257,2026-09-21T07:59:22.449+00:00,2026-09-21T08:04:23.319+00:00,2026-09-21T08:04:23.319+00:00,False,1,0.0,,0.0,300870.42538200004,300870.42538200004,300870.42538200004,300870.42538200004,300870.42538200004,300870.42538200004,nan,300870.42538200004,nan,nan,0.0,2,64,,True,False,"HTTPConnectionPool(host='gpu06', port=9004): Read timed out.",0,59.56268577710819
258,2026-09-21T07:59:22.718+00:00,2026-09-21T08:04:23.321+00:00,2026-09-21T08:04:23.321+00:00,False,1,0.0,,0.0,300602.782779,300602.782779,300602.782779,300602.782779,300602.782779,300602.782779,nan,300602.782779,nan,nan,0.0,2,64,,True,False,"HTTPConnectionPool(host='gpu06', port=9004): Read timed out.",0,59.56268577710819
255,2026-09-21T07:59:21.913+00:00,2026-09-21T08:04:23.321+00:00,2026-09-21T08:04:23.321+00:00,False,1,0.0,,0.0,301408.66074,301408.66074,301408.66074,301408.66074,301408.66074,301408.66074,nan,301408.66074,nan,nan,0.0,2,64,,True,False,"HTTPConnectionPool(host='gpu06', port=9004): Read timed out.",0,59.56268577710819
252,2026-09-21T07:59:21.065+00:00,2026-09-21T08:04:23.323+00:00,2026-09-21T08:04:23.323+00:00,False,1,0.0,,0.0,302257.32662400004,302257.32662400004,302257.32662400004,302257.32662400004,302257.32662400004,302257.32662400004,nan,302257.32662400004,nan,nan,0.0,2,64,,True,False,"HTTPConnectionPool(host='gpu06', port=9004): Read timed out.",0,59.56268577710819
260,2026-09-21T07:59:23.317+00:00,2026-09-21T08:04:23.423+00:00,2026-09-21T08:04:23.423+00:00,False,1,0.0,,0.0,300105.894648,300105.894648,300105.894648,300105.894648,300105.894648,300105.894648,nan,300105.894648,nan,nan,0.0,2,64,,True,False,"HTTPConnectionPool(host='gpu06', port=9004): Read timed out.",0,59.56268577710819
261,2026-09-21T07:59:23.599+00:00,2026-09-21T08:04:23.633+00:00,2026-09-21T08:04:23.633+00:00,False,1,0.0,,0.0,300033.14085799997,300033.14085799997,300033.14085799997,300033.14085799997,300033.14085799997,300033.14085799997,nan,300033.14085799997,nan,nan,0.0,2,64,,True,False,"HTTPConnectionPool(host='gpu06', port=9004): Read timed out.",0,59.56268577710819
262,2026-09-21T07:59:24.018+00:00,2026-09-21T08:04:24.031+00:00,2026-09-21T08:04:24.031+00:00,False,1,0.0,,0.0,300013.553569,300013.553569,300013.553569,300013.553569,300013.553569,300013.553569,nan,300013.553569,nan,nan,0.0,2,64,,True,False,"HTTPConnectionPool(host='gpu06', port=9004): Read timed out.",0,59.56268577710819
263,2026-09-21T07:59:24.387+00:00,2026-09-21T08:04:24.488+00:00,2026-09-21T08:04:24.488+00:00,False,1,0.0,,0.0,300100.801217,300100.801217,300100.801217,300100.801217,300100.801217,300100.801217,nan,300100.801217,nan,nan,0.0,2,64,,True,False,"HTTPConnectionPool(host='gpu06', port=9004): Read timed out.",0,59.56268577710819
264,2026-09-21T07:59:24.670+00:00,2026-09-21T08:04:24.771+00:00,2026-09-21T08:04:24.771+00:00,False,1,0.0,,0.0,300100.869227,300100.869227,300100.869227,300100.869227,300100.869227,300100.869227,nan,300100.869227,nan,nan,0.0,2,64,,True,False,"HTTPConnectionPool(host='gpu06', port=9004): Read timed out.",0,59.56268577710819
265,2026-09-21T07:59:24.979+00:00,2026-09-21T08:04:25.080+00:00,2026-09-21T08:04:25.080+00:00,False,1,0.0,,0.0,300101.455677,300101.455677,300101.455677,300101.455677,300101.455677,300101.455677,nan,300101.455677,nan,nan,0.0,2,64,,True,False,"HTTPConnectionPool(host='gpu06', port=9004): Read timed out.",0,59.56268577710819
266,2026-09-21T07:59:25.372+00:00,2026-09-21T08:04:25.327+00:00,2026-09-21T08:04:25.529+00:00,False,3,2.0,,2.0,299955.194207,300157.441375,300157.441521,100052.480507,0.04464,299955.194207,173120.85785784395,269979.8950537,101.123584,142.94734923965257,0.006663169804613677,2,64,,True,False,Request timeout: 300.0s exceeded,8,59.56268577710819
267,2026-09-21T07:59:25.713+00:00,2026-09-21T08:04:25.639+00:00,2026-09-21T08:04:25.787+00:00,False,4,3.0,,3.0,299925.548534,300074.166518,300074.166767,75018.54169175,0.029589999999999998,299925.548534,149938.0086825378,254948.44681955,49.539328,43.054674287918886,0.009997528393768093,2,64,,True,False,Request timeout: 300.0s exceeded,11,59.56268577710819
268,2026-09-21T07:59:25.987+00:00,2026-09-21T08:04:26.089+00:00,2026-09-21T08:04:26.089+00:00,False,1,0.0,,0.0,300102.364099,300102.364099,300102.364099,300102.364099,300102.364099,300102.364099,nan,300102.364099,nan,nan,0.0,2,64,,True,False,"HTTPConnectionPool(host='gpu06', port=9004): Read timed out.",0,59.56268577710819
269,2026-09-21T07:59:26.310+00:00,2026-09-21T08:04:26.347+00:00,2026-09-21T08:04:26.347+00:00,False,1,0.0,,0.0,300036.745466,300036.745466,300036.745466,300036.745466,300036.745466,300036.745466,nan,300036.745466,nan,nan,0.0,2,64,,True,False,"HTTPConnectionPool(host='gpu06', port=9004): Read timed out.",0,59.56268577710819
270,2026-09-21T07:59:26.609+00:00,2026-09-21T08:04:26.713+00:00,2026-09-21T08:04:26.713+00:00,False,1,0.0,,0.0,300104.38367799995,300104.38367799995,300104.38367799995,300104.38367799995,300104.38367799995,300104.38367799995,nan,300104.38367799995,nan,nan,0.0,2,64,,True,False,"HTTPConnectionPool(host='gpu06', port=9004): Read timed out.",0,59.56268577710819
271,2026-09-21T07:59:26.891+00:00,2026-09-21T08:04:27.002+00:00,2026-09-21T08:04:27.002+00:00,False,1,0.0,,0.0,300111.098229,300111.098229,300111.098229,300111.098229,300111.098229,300111.098229,nan,300111.098229,nan,nan,0.0,2,64,,True,False,"HTTPConnectionPool(host='gpu06', port=9004): Read timed out.",0,59.56268577710819
272,2026-09-21T07:59:27.248+00:00,2026-09-21T08:04:27.289+00:00,2026-09-21T08:04:27.289+00:00,False,1,0.0,,0.0,300041.436353,300041.436353,300041.436353,300041.436353,300041.436353,300041.436353,nan,300041.436353,nan,nan,0.0,2,64,,True,False,TTFT timeout: 300.0s exceeded (TTFT: 300.029s),0,59.56268577710819
273,2026-09-21T07:59:27.587+00:00,2026-09-21T08:04:27.659+00:00,2026-09-21T08:04:27.659+00:00,False,1,0.0,,0.0,300072.086962,300072.086962,300072.086962,300072.086962,300072.086962,300072.086962,nan,300072.086962,nan,nan,0.0,2,64,,True,False,TTFT timeout: 300.0s exceeded (TTFT: 300.053s),0,59.56268577710819
274,2026-09-21T07:59:27.869+00:00,2026-09-21T08:04:27.969+00:00,2026-09-21T08:04:27.969+00:00,False,1,0.0,,0.0,300100.693633,300100.693633,300100.693633,300100.693633,300100.693633,300100.693633,nan,300100.693633,nan,nan,0.0,2,64,,True,False,"HTTPConnectionPool(host='gpu06', port=9004): Read timed out.",0,59.56268577710819
275,2026-09-21T07:59:28.279+00:00,2026-09-21T08:04:28.308+00:00,2026-09-21T08:04:28.308+00:00,False,1,0.0,,0.0,300029.284934,300029.284934,300029.284934,300029.284934,300029.284934,300029.284934,nan,300029.284934,nan,nan,0.0,2,64,,True,False,"HTTPConnectionPool(host='gpu06', port=9004): Read timed out.",0,59.56268577710819
276,2026-09-21T07:59:28.566+00:00,2026-09-21T08:04:28.667+00:00,2026-09-21T08:04:28.667+00:00,False,1,0.0,,0.0,300101.52357599995,300101.52357599995,300101.52357599995,300101.52357599995,300101.52357599995,300101.52357599995,nan,300101.52357599995,nan,nan,0.0,2,64,,True,False,"HTTPConnectionPool(host='gpu06', port=9004): Read timed out.",0,59.56268577710819
277,2026-09-21T07:59:28.882+00:00,2026-09-21T08:04:28.949+00:00,2026-09-21T08:04:28.949+00:00,False,1,0.0,,0.0,300066.54351499997,300066.54351499997,300066.54351499997,300066.54351499997,300066.54351499997,300066.54351499997,nan,300066.54351499997,nan,nan,0.0,2,64,,True,False,"HTTPConnectionPool(host='gpu06', port=9004): Read timed out.",0,59.56268577710819
278,2026-09-21T07:59:29.270+00:00,2026-09-21T08:04:29.265+00:00,2026-09-21T08:04:29.454+00:00,False,3,2.0,,2.0,299995.15225700004,300183.61459300003,300183.614561,100061.20485366668,0.02779,299995.15225700004,173147.9031564707,270014.48048270005,94.231168,133.2238956072851,0.0066625888382071535,2,64,,True,False,Request timeout: 300.0s exceeded,6,59.56268577710819
279,2026-09-21T07:59:29.650+00:00,2026-09-21T08:04:29.607+00:00,2026-09-21T08:04:29.752+00:00,False,4,3.0,,3.0,299957.008051,300101.516467,300101.516374,75025.3790935,0.0222,299957.008051,149954.4251922913,254978.81788165,48.169472,51.46330629123628,0.009996617262445218,2,64,,True,False,Request timeout: 300.0s exceeded,11,59.56268577710819
280,2026-09-21T07:59:29.995+00:00,2026-09-21T08:04:30.105+00:00,2026-09-21T08:04:30.105+00:00,False,1,0.0,,0.0,300109.922121,300109.922121,300109.922121,300109.922121,300109.922121,300109.922121,nan,300109.922121,nan,nan,0.0,2,64,,True,False,"HTTPConnectionPool(host='gpu06', port=9004): Read timed out.",0,59.56268577710819
281,2026-09-21T07:59:30.246+00:00,2026-09-21T08:04:30.356+00:00,2026-09-21T08:04:30.356+00:00,False,1,0.0,,0.0,300110.216094,300110.216094,300110.216094,300110.216094,300110.216094,300110.216094,nan,300110.216094,nan,nan,0.0,2,64,,True,False,"HTTPConnectionPool(host='gpu06', port=9004): Read timed out.",0,59.56268577710819
282,2026-09-21T07:59:30.578+00:00,2026-09-21T08:04:30.684+00:00,2026-09-21T08:04:30.684+00:00,False,1,0.0,,0.0,300105.507421,300105.507421,300105.507421,300105.507421,300105.507421,300105.507421,nan,300105.507421,nan,nan,0.0,2,64,,True,False,"HTTPConnectionPool(host='gpu06', port=9004): Read timed out.",0,59.56268577710819
283,2026-09-21T07:59:30.909+00:00,2026-09-21T08:04:30.938+00:00,2026-09-21T08:04:30.938+00:00,False,1,0.0,,0.0,300028.391667,300028.391667,300028.391667,300028.391667,300028.391667,300028.391667,nan,300028.391667,nan,nan,0.0,2,64,,True,False,"HTTPConnectionPool(host='gpu06', port=9004): Read timed out.",0,59.56268577710819
284,2026-09-21T07:59:31.255+00:00,2026-09-21T08:04:31.374+00:00,2026-09-21T08:04:31.374+00:00,False,1,0.0,,0.0,300119.160727,300119.160727,300119.160727,300119.160727,300119.160727,300119.160727,nan,300119.160727,nan,nan,0.0,2,64,,True,False,"HTTPConnectionPool(host='gpu06', port=9004): Read timed out.",0,59.56268577710819
285,2026-09-21T07:59:31.574+00:00,2026-09-21T08:04:31.692+00:00,2026-09-21T08:04:32.859+00:00,False,20,19.0,,19.0,300117.888955,301284.61125899997,301284.61140999995,15064.230570499998,0.03215,300117.888955,67094.67768152354,15181.345534049997,61.40643705263158,34.66434961046808,0.06306329394190867,2,64,,True,False,Request timeout: 300.0s exceeded,153,59.56268577710819
286,2026-09-21T07:59:31.874+00:00,2026-09-21T08:04:31.878+00:00,2026-09-21T08:04:32.960+00:00,False,21,20.0,,20.0,300003.352502,301085.915062,301085.914975,14337.424522619047,0.03897,300003.352502,65454.288868572665,82.556391,54.128128,16.378861913917063,0.0664262225480776,2,64,,True,False,Request timeout: 300.0s exceeded,160,59.56268577710819
287,2026-09-21T07:59:32.106+00:00,2026-09-21T08:04:32.407+00:00,2026-09-21T08:04:33.013+00:00,False,13,12.0,,12.0,300300.307823,300906.828399,300906.828376,23146.679105846153,0.03318,300300.307823,83274.30346489129,120168.1273178,50.543381333333336,18.274993867131624,0.039879453928802495,2,64,,True,False,Request timeout: 300.0s exceeded,27,59.56268577710819
290,2026-09-21T07:59:33.041+00:00,2026-09-21T08:04:33.051+00:00,2026-09-21T08:04:33.051+00:00,False,1,0.0,,0.0,300009.633775,300009.633775,300009.633775,300009.633775,300009.633775,300009.633775,nan,300009.633775,nan,nan,0.0,2,64,,True,False,"HTTPConnectionPool(host='gpu06', port=9004): Read timed out.",0,59.56268577710819
288,2026-09-21T07:59:32.378+00:00,2026-09-21T08:04:33.430+00:00,2026-09-21T08:04:33.430+00:00,False,1,0.0,,0.0,301051.872371,301051.872371,301051.872371,301051.872371,301051.872371,301051.872371,nan,301051.872371,nan,nan,0.0,2,64,,True,False,"HTTPConnectionPool(host='gpu06', port=9004): Read timed out.",0,59.56268577710819
291,2026-09-21T07:59:33.424+00:00,2026-09-21T08:04:33.453+00:00,2026-09-21T08:04:33.453+00:00,False,1,0.0,,0.0,300029.078889,300029.078889,300029.078889,300029.078889,300029.078889,300029.078889,nan,300029.078889,nan,nan,0.0,2,64,,True,False,"HTTPConnectionPool(host='gpu06', port=9004): Read timed out.",0,59.56268577710819
289,2026-09-21T07:59:32.693+00:00,2026-09-21T08:04:33.916+00:00,2026-09-21T08:04:34.983+00:00,False,17,16.0,,16.0,301223.48010399996,302290.70698399993,302290.70699599996,17781.80629388235,0.02552,301223.48010399996,73041.26084877049,60419.33331279999,66.70168,45.626369997594054,0.052929182506582545,2,64,,True,False,Request timeout: 300.0s exceeded,196,59.56268577710819
293,2026-09-21T07:59:35.186+00:00,2026-09-21T08:04:35.405+00:00,2026-09-21T08:04:35.405+00:00,False,1,0.0,,0.0,300218.836525,300218.836525,300218.836525,300218.836525,300218.836525,300218.836525,nan,300218.836525,nan,nan,0.0,2,64,,True,False,"HTTPConnectionPool(host='gpu06', port=9004): Read timed out.",0,59.56268577710819
295,2026-09-21T07:59:35.266+00:00,2026-09-21T08:04:35.490+00:00,2026-09-21T08:04:35.490+00:00,False,1,0.0,,0.0,300223.83275,300223.83275,300223.83275,300223.83275,300223.83275,300223.83275,nan,300223.83275,nan,nan,0.0,2,64,,True,False,"HTTPConnectionPool(host='gpu06', port=9004): Read timed out.",0,59.56268577710819
292,2026-09-21T07:59:34.947+00:00,2026-09-21T08:04:35.547+00:00,2026-09-21T08:04:35.547+00:00,False,1,0.0,,0.0,300599.94909899996,300599.94909899996,300599.94909899996,300599.94909899996,300599.94909899996,300599.94909899996,nan,300599.94909899996,nan,nan,0.0,2,64,,True,False,"HTTPConnectionPool(host='gpu06', port=9004): Read timed out.",0,59.56268577710819
294,2026-09-21T07:59:35.192+00:00,2026-09-21T08:04:35.547+00:00,2026-09-21T08:04:35.547+00:00,False,1,0.0,,0.0,300355.456418,300355.456418,300355.456418,300355.456418,300355.456418,300355.456418,nan,300355.456418,nan,nan,0.0,2,64,,True,False,"HTTPConnectionPool(host='gpu06', port=9004): Read timed out.",0,59.56268577710819
296,2026-09-21T07:59:35.281+00:00,2026-09-21T08:04:35.610+00:00,2026-09-21T08:04:35.610+00:00,False,1,0.0,,0.0,300328.380051,300328.380051,300328.380051,300328.380051,300328.380051,300328.380051,nan,300328.380051,nan,nan,0.0,2,64,,True,False,"HTTPConnectionPool(host='gpu06', port=9004): Read timed out.",0,59.56268577710819
297,2026-09-21T07:59:35.362+00:00,2026-09-21T08:04:35.675+00:00,2026-09-21T08:04:35.675+00:00,False,1,0.0,,0.0,300313.079116,300313.079116,300313.079116,300313.079116,300313.079116,300313.079116,nan,300313.079116,nan,nan,0.0,2,64,,True,False,"HTTPConnectionPool(host='gpu06', port=9004): Read timed out.",0,59.56268577710819
298,2026-09-21T07:59:35.612+00:00,2026-09-21T08:04:35.854+00:00,2026-09-21T08:04:35.854+00:00,False,1,0.0,,0.0,300241.842742,300241.842742,300241.842742,300241.842742,300241.842742,300241.842742,nan,300241.842742,nan,nan,0.0,2,64,,True,False,"HTTPConnectionPool(host='gpu06', port=9004): Read timed out.",0,59.56268577710819
299,2026-09-21T07:59:35.939+00:00,2026-09-21T08:04:36.161+00:00,2026-09-21T08:04:36.161+00:00,False,1,0.0,,0.0,300221.786244,300221.786244,300221.786244,300221.786244,300221.786244,300221.786244,nan,300221.786244,nan,nan,0.0,2,64,,True,False,"HTTPConnectionPool(host='gpu06', port=9004): Read timed out.",0,59.56268577710819
300,2026-09-21T07:59:36.247+00:00,2026-09-21T08:04:36.362+00:00,2026-09-21T08:04:36.362+00:00,False,1,0.0,,0.0,300115.39210500004,300115.39210500004,300115.39210500004,300115.39210500004,300115.39210500004,300115.39210500004,nan,300115.39210500004,nan,nan,0.0,2,64,,True,False,"HTTPConnectionPool(host='gpu06', port=9004): Read timed out.",0,59.56268577710819
301,2026-09-21T07:59:36.497+00:00,2026-09-21T08:04:36.609+00:00,2026-09-21T08:04:36.609+00:00,False,1,0.0,,0.0,300112.55794800003,300112.55794800003,300112.55794800003,300112.55794800003,300112.55794800003,300112.55794800003,nan,300112.55794800003,nan,nan,0.0,2,64,,True,False,"HTTPConnectionPool(host='gpu06', port=9004): Read timed out.",0,59.56268577710819
302,2026-09-21T07:59:36.797+00:00,2026-09-21T08:04:36.899+00:00,2026-09-21T08:04:36.899+00:00,False,1,0.0,,0.0,300101.614543,300101.614543,300101.614543,300101.614543,300101.614543,300101.614543,nan,300101.614543,nan,nan,0.0,2,64,,True,False,"HTTPConnectionPool(host='gpu06', port=9004): Read timed out.",0,59.56268577710819
303,2026-09-21T07:59:37.206+00:00,2026-09-21T08:04:37.309+00:00,2026-09-21T08:04:37.309+00:00,False,1,0.0,,0.0,300103.269203,300103.269203,300103.269203,300103.269203,300103.269203,300103.269203,nan,300103.269203,nan,nan,0.0,2,64,,True,False,"HTTPConnectionPool(host='gpu06', port=9004): Read timed out.",0,59.56268577710819
304,2026-09-21T07:59:37.533+00:00,2026-09-21T08:04:37.633+00:00,2026-09-21T08:04:37.633+00:00,False,1,0.0,,0.0,300100.595494,300100.595494,300100.595494,300100.595494,300100.595494,300100.595494,nan,300100.595494,nan,nan,0.0,2,64,,True,False,"HTTPConnectionPool(host='gpu06', port=9004): Read timed out.",0,59.56268577710819
305,2026-09-21T07:59:37.827+00:00,2026-09-21T08:04:37.912+00:00,2026-09-21T08:04:37.912+00:00,False,1,0.0,,0.0,300084.34258099995,300084.34258099995,300084.34258099995,300084.34258099995,300084.34258099995,300084.34258099995,nan,300084.34258099995,nan,nan,0.0,2,64,,True,False,TTFT timeout: 300.0s exceeded (TTFT: 300.078s),0,59.56268577710819
306,2026-09-21T07:59:38.226+00:00,2026-09-21T08:04:38.251+00:00,2026-09-21T08:04:38.251+00:00,False,1,0.0,,0.0,300024.957886,300024.957886,300024.957886,300024.957886,300024.957886,300024.957886,nan,300024.957886,nan,nan,0.0,2,64,,True,False,TTFT timeout: 300.0s exceeded (TTFT: 300.008s),0,59.56268577710819
307,2026-09-21T07:59:38.585+00:00,2026-09-21T08:04:38.690+00:00,2026-09-21T08:04:38.690+00:00,False,1,0.0,,0.0,300104.928997,300104.928997,300104.928997,300104.928997,300104.928997,300104.928997,nan,300104.928997,nan,nan,0.0,2,64,,True,False,"HTTPConnectionPool(host='gpu06', port=9004): Read timed out.",0,59.56268577710819
308,2026-09-21T07:59:38.865+00:00,2026-09-21T08:04:38.969+00:00,2026-09-21T08:04:38.969+00:00,False,1,0.0,,0.0,300104.44388599996,300104.44388599996,300104.44388599996,300104.44388599996,300104.44388599996,300104.44388599996,nan,300104.44388599996,nan,nan,0.0,2,64,,True,False,"HTTPConnectionPool(host='gpu06', port=9004): Read timed out.",0,59.56268577710819
309,2026-09-21T07:59:39.248+00:00,2026-09-21T08:04:39.353+00:00,2026-09-21T08:04:39.353+00:00,False,1,0.0,,0.0,300104.976998,300104.976998,300104.976998,300104.976998,300104.976998,300104.976998,nan,300104.976998,nan,nan,0.0,2,64,,True,False,"HTTPConnectionPool(host='gpu06', port=9004): Read timed out.",0,59.56268577710819
310,2026-09-21T07:59:39.658+00:00,2026-09-21T08:04:39.760+00:00,2026-09-21T08:04:39.760+00:00,False,1,0.0,,0.0,300102.472327,300102.472327,300102.472327,300102.472327,300102.472327,300102.472327,nan,300102.472327,nan,nan,0.0,2,64,,True,False,"HTTPConnectionPool(host='gpu06', port=9004): Read timed out.",0,59.56268577710819
311,2026-09-21T07:59:39.959+00:00,2026-09-21T08:04:40.043+00:00,2026-09-21T08:04:40.043+00:00,False,1,0.0,,0.0,300083.343643,300083.343643,300083.343643,300083.343643,300083.343643,300083.343643,nan,300083.343643,nan,nan,0.0,2,64,,True,False,TTFT timeout: 300.0s exceeded (TTFT: 300.078s),0,59.56268577710819
312,2026-09-21T07:59:40.228+00:00,2026-09-21T08:04:40.332+00:00,2026-09-21T08:04:40.332+00:00,False,1,0.0,,0.0,300104.414632,300104.414632,300104.414632,300104.414632,300104.414632,300104.414632,nan,300104.414632,nan,nan,0.0,2,64,,True,False,"HTTPConnectionPool(host='gpu06', port=9004): Read timed out.",0,59.56268577710819
313,2026-09-21T07:59:40.617+00:00,2026-09-21T08:04:40.625+00:00,2026-09-21T08:04:40.625+00:00,False,1,0.0,,0.0,300007.47141,300007.47141,300007.47141,300007.47141,300007.47141,300007.47141,nan,300007.47141,nan,nan,0.0,2,64,,True,False,TTFT timeout: 300.0s exceeded (TTFT: 300.002s),0,59.56268577710819
314,2026-09-21T07:59:40.986+00:00,2026-09-21T08:04:41.074+00:00,2026-09-21T08:04:41.074+00:00,False,1,0.0,,0.0,300087.67274,300087.67274,300087.67274,300087.67274,300087.67274,300087.67274,nan,300087.67274,nan,nan,0.0,2,64,,True,False,"HTTPConnectionPool(host='gpu06', port=9004): Read timed out.",0,59.56268577710819
315,2026-09-21T07:59:41.337+00:00,2026-09-21T08:04:41.399+00:00,2026-09-21T08:04:41.399+00:00,False,1,0.0,,0.0,300062.048809,300062.048809,300062.048809,300062.048809,300062.048809,300062.048809,nan,300062.048809,nan,nan,0.0,2,64,,True,False,"HTTPConnectionPool(host='gpu06', port=9004): Read timed out.",0,59.56268577710819
316,2026-09-21T07:59:41.665+00:00,2026-09-21T08:04:41.779+00:00,2026-09-21T08:04:41.779+00:00,False,1,0.0,,0.0,300113.940877,300113.940877,300113.940877,300113.940877,300113.940877,300113.940877,nan,300113.940877,nan,nan,0.0,2,64,,True,False,"HTTPConnectionPool(host='gpu06', port=9004): Read timed out.",0,59.56268577710819
317,2026-09-21T07:59:41.903+00:00,2026-09-21T08:04:42.003+00:00,2026-09-21T08:04:42.003+00:00,False,1,0.0,,0.0,300099.896542,300099.896542,300099.896542,300099.896542,300099.896542,300099.896542,nan,300099.896542,nan,nan,0.0,2,64,,True,False,TTFT timeout: 300.0s exceeded (TTFT: 300.095s),0,59.56268577710819
318,2026-09-21T07:59:42.135+00:00,2026-09-21T08:04:42.195+00:00,2026-09-21T08:04:42.195+00:00,False,1,0.0,,0.0,300059.23183099995,300059.23183099995,300059.23183099995,300059.23183099995,300059.23183099995,300059.23183099995,nan,300059.23183099995,nan,nan,0.0,2,64,,True,False,TTFT timeout: 300.0s exceeded (TTFT: 300.051s),0,59.56268577710819
319,2026-09-21T07:59:42.477+00:00,2026-09-21T08:04:42.456+00:00,2026-09-21T08:04:42.456+00:00,True,1,1.0,,1.0,299979.115584,299979.115584,299979.115584,299979.115584,299979.115584,299979.115584,nan,299979.115584,nan,nan,0.0033335653985551556,2,64,,True,True,,10,59.56268577710819
320,2026-09-21T07:59:42.701+00:00,2026-09-21T08:04:42.769+00:00,2026-09-21T08:04:42.769+00:00,False,1,0.0,,0.0,300068.475555,300068.475555,300068.475555,300068.475555,300068.475555,300068.475555,nan,300068.475555,nan,nan,0.0,2,64,,True,False,TTFT timeout: 300.0s exceeded (TTFT: 300.064s),0,59.56268577710819
321,2026-09-21T07:59:43.017+00:00,2026-09-21T08:04:43.139+00:00,2026-09-21T08:04:43.139+00:00,False,1,0.0,,0.0,300121.810505,300121.810505,300121.810505,300121.810505,300121.810505,300121.810505,nan,300121.810505,nan,nan,0.0,2,64,,True,False,"HTTPConnectionPool(host='gpu06', port=9004): Read timed out.",0,59.56268577710819
322,2026-09-21T07:59:43.337+00:00,2026-09-21T08:04:43.444+00:00,2026-09-21T08:04:43.444+00:00,False,1,0.0,,0.0,300106.957968,300106.957968,300106.957968,300106.957968,300106.957968,300106.957968,nan,300106.957968,nan,nan,0.0,2,64,,True,False,"HTTPConnectionPool(host='gpu06', port=9004): Read timed out.",0,59.56268577710819
323,2026-09-21T07:59:43.563+00:00,2026-09-21T08:04:43.670+00:00,2026-09-21T08:04:43.670+00:00,False,1,0.0,,0.0,300106.789254,300106.789254,300106.789254,300106.789254,300106.789254,300106.789254,nan,300106.789254,nan,nan,0.0,2,64,,True,False,"HTTPConnectionPool(host='gpu06', port=9004): Read timed out.",0,59.56268577710819
324,2026-09-21T07:59:43.961+00:00,2026-09-21T08:04:44.066+00:00,2026-09-21T08:04:44.066+00:00,False,1,0.0,,0.0,300104.969815,300104.969815,300104.969815,300104.969815,300104.969815,300104.969815,nan,300104.969815,nan,nan,0.0,2,64,,True,False,"HTTPConnectionPool(host='gpu06', port=9004): Read timed out.",0,59.56268577710819
325,2026-09-21T07:59:44.346+00:00,2026-09-21T08:04:44.408+00:00,2026-09-21T08:04:44.408+00:00,False,1,0.0,,0.0,300062.798191,300062.798191,300062.798191,300062.798191,300062.798191,300062.798191,nan,300062.798191,nan,nan,0.0,2,64,,True,False,TTFT timeout: 300.0s exceeded (TTFT: 300.057s),0,59.56268577710819
326,2026-09-21T07:59:44.612+00:00,2026-09-21T08:04:44.637+00:00,2026-09-21T08:04:44.637+00:00,False,1,0.0,,0.0,300024.526903,300024.526903,300024.526903,300024.526903,300024.526903,300024.526903,nan,300024.526903,nan,nan,0.0,2,64,,True,False,TTFT timeout: 300.0s exceeded (TTFT: 300.007s),0,59.56268577710819
327,2026-09-21T07:59:44.888+00:00,2026-09-21T08:04:44.921+00:00,2026-09-21T08:04:44.921+00:00,False,1,0.0,,0.0,300032.804122,300032.804122,300032.804122,300032.804122,300032.804122,300032.804122,nan,300032.804122,nan,nan,0.0,2,64,,True,False,TTFT timeout: 300.0s exceeded (TTFT: 300.025s),0,59.56268577710819
328,2026-09-21T07:59:45.296+00:00,2026-09-21T08:04:45.604+00:00,2026-09-21T08:04:47.032+00:00,False,22,21.0,,21.0,300308.559574,301736.16072600003,301736.16059700004,13715.280027136365,0.0384,300308.559574,64011.51492375021,167.9853502,67.98100723809524,33.78848478983136,0.06959722676086423,2,64,,True,False,Request timeout: 300.0s exceeded,44,59.56268577710819
329,2026-09-21T07:59:45.676+00:00,2026-09-21T08:04:46.203+00:00,2026-09-21T08:04:46.517+00:00,True,6,6.0,,6.0,300526.02269300004,300840.818213,300840.81815400004,50140.136359000004,50.417357,300526.02269300004,122663.53250193146,225413.30132375003,62.959104,11.60760795152145,0.019944102118988075,2,64,,True,True,,18,59.56268577710819
330,2026-09-21T07:59:46.020+00:00,2026-09-21T08:04:47.231+00:00,2026-09-21T08:04:47.231+00:00,False,1,0.0,,0.0,301210.955221,301210.955221,301210.955221,301210.955221,301210.955221,301210.955221,nan,301210.955221,nan,nan,0.0,2,64,,True,False,"HTTPConnectionPool(host='gpu06', port=9004): Read timed out.",0,59.56268577710819
333,2026-09-21T07:59:47.113+00:00,2026-09-21T08:04:47.231+00:00,2026-09-21T08:04:47.231+00:00,False,1,0.0,,0.0,300118.804625,300118.804625,300118.804625,300118.804625,300118.804625,300118.804625,nan,300118.804625,nan,nan,0.0,2,64,,True,False,"HTTPConnectionPool(host='gpu06', port=9004): Read timed out.",0,59.56268577710819
331,2026-09-21T07:59:46.391+00:00,2026-09-21T08:04:47.507+00:00,2026-09-21T08:04:47.507+00:00,False,1,0.0,,0.0,301116.166402,301116.166402,301116.166402,301116.166402,301116.166402,301116.166402,nan,301116.166402,nan,nan,0.0,2,64,,True,False,"HTTPConnectionPool(host='gpu06', port=9004): Read timed out.",0,59.56268577710819
334,2026-09-21T07:59:47.492+00:00,2026-09-21T08:04:47.529+00:00,2026-09-21T08:04:47.529+00:00,False,1,0.0,,0.0,300036.26120300003,300036.26120300003,300036.26120300003,300036.26120300003,300036.26120300003,300036.26120300003,nan,300036.26120300003,nan,nan,0.0,2,64,,True,False,"HTTPConnectionPool(host='gpu06', port=9004): Read timed out.",0,59.56268577710819
332,2026-09-21T07:59:46.712+00:00,2026-09-21T08:04:47.785+00:00,2026-09-21T08:04:47.785+00:00,False,1,0.0,,0.0,301073.11958600004,301073.11958600004,301073.11958600004,301073.11958600004,301073.11958600004,301073.11958600004,nan,301073.11958600004,nan,nan,0.0,2,64,,True,False,"HTTPConnectionPool(host='gpu06', port=9004): Read timed out.",0,59.56268577710819
335,2026-09-21T07:59:47.825+00:00,2026-09-21T08:04:47.843+00:00,2026-09-21T08:04:47.843+00:00,False,1,0.0,,0.0,300018.727585,300018.727585,300018.727585,300018.727585,300018.727585,300018.727585,nan,300018.727585,nan,nan,0.0,2,64,,True,False,"HTTPConnectionPool(host='gpu06', port=9004): Read timed out.",0,59.56268577710819
336,2026-09-21T07:59:48.216+00:00,2026-09-21T08:04:48.322+00:00,2026-09-21T08:04:48.322+00:00,False,1,0.0,,0.0,300106.49926099996,300106.49926099996,300106.49926099996,300106.49926099996,300106.49926099996,300106.49926099996,nan,300106.49926099996,nan,nan,0.0,2,64,,True,False,"HTTPConnectionPool(host='gpu06', port=9004): Read timed out.",0,59.56268577710819
337,2026-09-21T07:59:48.482+00:00,2026-09-21T08:04:48.567+00:00,2026-09-21T08:04:48.567+00:00,False,1,0.0,,0.0,300085.20970300003,300085.20970300003,300085.20970300003,300085.20970300003,300085.20970300003,300085.20970300003,nan,300085.20970300003,nan,nan,0.0,2,64,,True,False,TTFT timeout: 300.0s exceeded (TTFT: 300.078s),0,59.56268577710819
338,2026-09-21T07:59:48.786+00:00,2026-09-21T08:04:48.758+00:00,2026-09-21T08:04:49.024+00:00,False,3,2.0,,2.0,299971.72304400004,300238.58410000004,300238.58408800006,100079.52802933335,0.02867,299971.72304400004,173111.77030141617,270001.23397700005,133.430528,188.65871400094264,0.006661369010899222,2,64,,True,False,Request timeout: 300.0s exceeded,9,59.56268577710819
339,2026-09-21T07:59:49.095+00:00,2026-09-21T08:04:49.138+00:00,2026-09-21T08:04:49.138+00:00,False,1,0.0,,0.0,300042.99536400003,300042.99536400003,300042.99536400003,300042.99536400003,300042.99536400003,300042.99536400003,nan,300042.99536400003,nan,nan,0.0,2,64,,True,False,TTFT timeout: 300.0s exceeded (TTFT: 300.041s),0,59.56268577710819
340,2026-09-21T07:59:49.369+00:00,2026-09-21T08:04:49.283+00:00,2026-09-21T08:04:49.407+00:00,False,4,3.0,,3.0,299914.778341,300038.63088500005,300038.63081400003,75009.65770350001,0.04088,299914.778341,149936.75016195912,254938.38664525002,41.284181333333336,37.162458434233294,0.009998712469628124,2,64,,True,False,Request timeout: 300.0s exceeded,6,59.56268577710819
341,2026-09-21T07:59:49.747+00:00,2026-09-21T08:04:49.849+00:00,2026-09-21T08:04:49.849+00:00,False,1,0.0,,0.0,300101.686773,300101.686773,300101.686773,300101.686773,300101.686773,300101.686773,nan,300101.686773,nan,nan,0.0,2,64,,True,False,"HTTPConnectionPool(host='gpu06', port=9004): Read timed out.",0,59.56268577710819
342,2026-09-21T07:59:50.012+00:00,2026-09-21T08:04:50.067+00:00,2026-09-21T08:04:50.067+00:00,False,1,0.0,,0.0,300054.11046600004,300054.11046600004,300054.11046600004,300054.11046600004,300054.11046600004,300054.11046600004,nan,300054.11046600004,nan,nan,0.0,2,64,,True,False,"HTTPConnectionPool(host='gpu06', port=9004): Read timed out.",0,59.56268577710819
343,2026-09-21T07:59:50.303+00:00,2026-09-21T08:04:50.419+00:00,2026-09-21T08:04:50.419+00:00,False,1,0.0,,0.0,300116.48558,300116.48558,300116.48558,300116.48558,300116.48558,300116.48558,nan,300116.48558,nan,nan,0.0,2,64,,True,False,"HTTPConnectionPool(host='gpu06', port=9004): Read timed out.",0,59.56268577710819
344,2026-09-21T07:59:50.642+00:00,2026-09-21T08:04:50.722+00:00,2026-09-21T08:04:50.722+00:00,False,1,0.0,,0.0,300080.154791,300080.154791,300080.154791,300080.154791,300080.154791,300080.154791,nan,300080.154791,nan,nan,0.0,2,64,,True,False,"HTTPConnectionPool(host='gpu06', port=9004): Read timed out.",0,59.56268577710819
345,2026-09-21T07:59:50.888+00:00,2026-09-21T08:04:50.904+00:00,2026-09-21T08:04:51.073+00:00,False,3,2.0,,2.0,300016.025688,300184.93884,300184.938808,100061.64626933335,0.04994,300016.025688,173165.59274580382,270031.3094372,84.456576,119.36903766976037,0.006662559446615039,2,64,,True,False,Request timeout: 300.0s exceeded,10,59.56268577710819
346,2026-09-21T07:59:51.246+00:00,2026-09-21T08:04:51.339+00:00,2026-09-21T08:04:51.339+00:00,False,1,0.0,,0.0,300093.11513,300093.11513,300093.11513,300093.11513,300093.11513,300093.11513,nan,300093.11513,nan,nan,0.0,2,64,,True,False,TTFT timeout: 300.0s exceeded (TTFT: 300.084s),0,59.56268577710819
347,2026-09-21T07:59:51.641+00:00,2026-09-21T08:04:51.564+00:00,2026-09-21T08:04:51.657+00:00,False,4,3.0,,3.0,299923.55632200005,300016.09597,300016.09597600007,75004.02399400002,0.032850000000000004,299923.55632200005,149946.35646850688,254941.99767675006,30.846549333333332,26.68664317328542,0.009999463496451816,2,64,,True,False,Request timeout: 300.0s exceeded,15,59.56268577710819
348,2026-09-21T07:59:52.047+00:00,2026-09-21T08:04:52.094+00:00,2026-09-21T08:04:52.094+00:00,False,1,0.0,,0.0,300046.869953,300046.869953,300046.869953,300046.869953,300046.869953,300046.869953,nan,300046.869953,nan,nan,0.0,2,64,,True,False,"HTTPConnectionPool(host='gpu06', port=9004): Read timed out.",0,59.56268577710819
349,2026-09-21T07:59:52.287+00:00,2026-09-21T08:04:52.392+00:00,2026-09-21T08:04:52.392+00:00,False,1,0.0,,0.0,300105.01035399997,300105.01035399997,300105.01035399997,300105.01035399997,300105.01035399997,300105.01035399997,nan,300105.01035399997,nan,nan,0.0,2,64,,True,False,"HTTPConnectionPool(host='gpu06', port=9004): Read timed out.",0,59.56268577710819
350,2026-09-21T07:59:52.603+00:00,2026-09-21T08:04:52.712+00:00,2026-09-21T08:04:52.712+00:00,False,1,0.0,,0.0,300109.44353600004,300109.44353600004,300109.44353600004,300109.44353600004,300109.44353600004,300109.44353600004,nan,300109.44353600004,nan,nan,0.0,2,64,,True,False,"HTTPConnectionPool(host='gpu06', port=9004): Read timed out.",0,59.56268577710819
351,2026-09-21T07:59:54.125+00:00,2026-09-21T08:04:52.866+00:00,2026-09-21T08:04:54.399+00:00,False,23,22.0,,22.0,298740.83291299996,300274.07860899996,300274.078649,13055.394723869564,0.03467,298740.83291299996,62277.266739153114,309.3593774,69.69298618181818,61.51694765722852,0.07326639749229624,2,64,,True,False,Request timeout: 300.0s exceeded,22,59.56268577710819
352,2026-09-21T07:59:54.130+00:00,2026-09-21T08:04:53.199+00:00,2026-09-21T08:04:54.508+00:00,False,24,23.0,,23.0,299068.36131300003,300377.868129,300377.86817300005,12515.744507208334,0.03349,299068.36131300003,61035.45407271332,94.01393564999998,56.93507895652174,17.052302601827492,0.07657022184511424,2,64,,True,False,Request timeout: 300.0s exceeded,92,59.56268577710819
354,2026-09-21T07:59:54.264+00:00,2026-09-21T08:04:54.044+00:00,2026-09-21T08:04:54.689+00:00,False,13,12.0,,12.0,299779.29935900006,300424.79567900003,300424.79558000003,23109.599660000003,0.03389,299779.29935900006,83128.90104539256,119956.73735120002,53.79136,19.01120812704146,0.039943440663339394,2,64,,True,False,Request timeout: 300.0s exceeded,56,59.56268577710819
353,2026-09-21T07:59:54.238+00:00,2026-09-21T08:04:54.858+00:00,2026-09-21T08:04:54.858+00:00,False,1,0.0,,0.0,300619.917081,300619.917081,300619.917081,300619.917081,300619.917081,300619.917081,nan,300619.917081,nan,nan,0.0,2,64,,True,False,"HTTPConnectionPool(host='gpu06', port=9004): Read timed out.",0,59.56268577710819
356,2026-09-21T07:59:54.889+00:00,2026-09-21T08:04:55.010+00:00,2026-09-21T08:04:55.010+00:00,False,1,0.0,,0.0,300121.219205,300121.219205,300121.219205,300121.219205,300121.219205,300121.219205,nan,300121.219205,nan,nan,0.0,2,64,,True,False,"HTTPConnectionPool(host='gpu06', port=9004): Read timed out.",0,59.56268577710819
355,2026-09-21T07:59:54.565+00:00,2026-09-21T08:04:55.075+00:00,2026-09-21T08:04:55.199+00:00,False,4,3.0,,3.0,300509.51308,300633.676664,300633.676722,75158.4191805,0.0809,300509.51308,150234.0654412525,255442.54299490002,41.38786133333333,35.78697574780307,0.009978921966726029,2,64,,True,False,Request timeout: 300.0s exceeded,10,59.56268577710819
357,2026-09-21T07:59:55.295+00:00,2026-09-21T08:04:55.556+00:00,2026-09-21T08:04:55.556+00:00,False,1,0.0,,0.0,300260.63233600004,300260.63233600004,300260.63233600004,300260.63233600004,300260.63233600004,300260.63233600004,nan,300260.63233600004,nan,nan,0.0,2,64,,True,False,"HTTPConnectionPool(host='gpu06', port=9004): Read timed out.",0,59.56268577710819
358,2026-09-21T07:59:55.642+00:00,2026-09-21T08:04:55.768+00:00,2026-09-21T08:04:55.768+00:00,False,1,0.0,,0.0,300125.675603,300125.675603,300125.675603,300125.675603,300125.675603,300125.675603,nan,300125.675603,nan,nan,0.0,2,64,,True,False,"HTTPConnectionPool(host='gpu06', port=9004): Read timed out.",0,59.56268577710819
359,2026-09-21T07:59:56.014+00:00,2026-09-21T08:04:56.119+00:00,2026-09-21T08:04:56.119+00:00,False,1,0.0,,0.0,300104.843158,300104.843158,300104.843158,300104.843158,300104.843158,300104.843158,nan,300104.843158,nan,nan,0.0,2,64,,True,False,"HTTPConnectionPool(host='gpu06', port=9004): Read timed out.",0,59.56268577710819
360,2026-09-21T07:59:56.262+00:00,2026-09-21T08:04:56.375+00:00,2026-09-21T08:04:56.375+00:00,False,1,0.0,,0.0,300113.039881,300113.039881,300113.039881,300113.039881,300113.039881,300113.039881,nan,300113.039881,nan,nan,0.0,2,64,,True,False,"HTTPConnectionPool(host='gpu06', port=9004): Read timed out.",0,59.56268577710819
361,2026-09-21T07:59:56.572+00:00,2026-09-21T08:04:56.677+00:00,2026-09-21T08:04:56.677+00:00,False,1,0.0,,0.0,300104.877505,300104.877505,300104.877505,300104.877505,300104.877505,300104.877505,nan,300104.877505,nan,nan,0.0,2,64,,True,False,"HTTPConnectionPool(host='gpu06', port=9004): Read timed out.",0,59.56268577710819
362,2026-09-21T07:59:56.932+00:00,2026-09-21T08:04:56.916+00:00,2026-09-21T08:04:57.188+00:00,False,3,2.0,,2.0,299984.57443800004,300256.22295,300256.222812,100085.407604,0.07426,299984.57443800004,173117.80989759028,270013.27440560004,135.824256,191.97915168089267,0.006660977682161307,2,64,,True,False,Request timeout: 300.0s exceeded,3,59.56268577710819
363,2026-09-21T07:59:57.253+00:00,2026-09-21T08:04:57.350+00:00,2026-09-21T08:04:57.350+00:00,False,1,0.0,,0.0,300096.28403399995,300096.28403399995,300096.28403399995,300096.28403399995,300096.28403399995,300096.28403399995,nan,300096.28403399995,nan,nan,0.0,2,64,,True,False,"HTTPConnectionPool(host='gpu06', port=9004): Read timed out.",0,59.56268577710819
364,2026-09-21T07:59:57.501+00:00,2026-09-21T08:04:57.447+00:00,2026-09-21T08:04:57.584+00:00,False,4,3.0,,3.0,299946.192156,300082.97398,300082.973948,75020.743487,0.0385,299946.192156,149950.3031798532,254966.99818785,45.59394133333333,42.774222824025465,0.009997234965419747,2,64,,True,False,Request timeout: 300.0s exceeded,12,59.56268577710819
365,2026-09-21T07:59:57.813+00:00,2026-09-21T08:04:57.918+00:00,2026-09-21T08:04:57.918+00:00,False,1,0.0,,0.0,300105.14183,300105.14183,300105.14183,300105.14183,300105.14183,300105.14183,nan,300105.14183,nan,nan,0.0,2,64,,True,False,"HTTPConnectionPool(host='gpu06', port=9004): Read timed out.",0,59.56268577710819
366,2026-09-21T07:59:58.128+00:00,2026-09-21T08:04:58.230+00:00,2026-09-21T08:04:58.230+00:00,False,1,0.0,,0.0,300101.78645300004,300101.78645300004,300101.78645300004,300101.78645300004,300101.78645300004,300101.78645300004,nan,300101.78645300004,nan,nan,0.0,2,64,,True,False,"HTTPConnectionPool(host='gpu06', port=9004): Read timed out.",0,59.56268577710819
367,2026-09-21T07:59:58.445+00:00,2026-09-21T08:04:58.555+00:00,2026-09-21T08:04:58.555+00:00,False,1,0.0,,0.0,300110.169295,300110.169295,300110.169295,300110.169295,300110.169295,300110.169295,nan,300110.169295,nan,nan,0.0,2,64,,True,False,"HTTPConnectionPool(host='gpu06', port=9004): Read timed out.",0,59.56268577710819
368,2026-09-21T07:59:58.770+00:00,2026-09-21T08:04:58.874+00:00,2026-09-21T08:04:58.874+00:00,False,1,0.0,,0.0,300103.990268,300103.990268,300103.990268,300103.990268,300103.990268,300103.990268,nan,300103.990268,nan,nan,0.0,2,64,,True,False,"HTTPConnectionPool(host='gpu06', port=9004): Read timed out.",0,59.56268577710819
369,2026-09-21T07:59:59.073+00:00,2026-09-21T08:04:59.067+00:00,2026-09-21T08:04:59.214+00:00,False,3,2.0,,2.0,299994.627729,300141.382545,300141.3827,100047.12756666666,0.04535,299994.627729,173159.63009164928,270009.83591819997,73.377408,103.7072447204458,0.006663526312304307,2,64,,True,False,Request timeout: 300.0s exceeded,2,59.56268577710819
370,2026-09-21T07:59:59.319+00:00,2026-09-21T08:04:59.372+00:00,2026-09-21T08:04:59.372+00:00,False,1,0.0,,0.0,300052.424468,300052.424468,300052.424468,300052.424468,300052.424468,300052.424468,nan,300052.424468,nan,nan,0.0,2,64,,True,False,TTFT timeout: 300.0s exceeded (TTFT: 300.048s),0,59.56268577710819
371,2026-09-21T07:59:59.683+00:00,2026-09-21T08:04:59.789+00:00,2026-09-21T08:04:59.789+00:00,False,1,0.0,,0.0,300106.123291,300106.123291,300106.123291,300106.123291,300106.123291,300106.123291,nan,300106.123291,nan,nan,0.0,2,64,,True,False,"HTTPConnectionPool(host='gpu06', port=9004): Read timed out.",0,59.56268577710819
372,2026-09-21T07:59:59.963+00:00,2026-09-21T08:05:00.068+00:00,2026-09-21T08:05:00.068+00:00,False,1,0.0,,0.0,300105.20442,300105.20442,300105.20442,300105.20442,300105.20442,300105.20442,nan,300105.20442,nan,nan,0.0,2,64,,True,False,"HTTPConnectionPool(host='gpu06', port=9004): Read timed out.",0,59.56268577710819
373,2026-09-21T08:00:00.232+00:00,2026-09-21T08:05:00.286+00:00,2026-09-21T08:05:00.286+00:00,False,1,0.0,,0.0,300054.378602,300054.378602,300054.378602,300054.378602,300054.378602,300054.378602,nan,300054.378602,nan,nan,0.0,2,64,,True,False,"HTTPConnectionPool(host='gpu06', port=9004): Read timed out.",0,59.56268577710819
374,2026-09-21T08:00:00.642+00:00,2026-09-21T08:05:00.731+00:00,2026-09-21T08:05:00.731+00:00,False,1,0.0,,0.0,300089.855779,300089.855779,300089.855779,300089.855779,300089.855779,300089.855779,nan,300089.855779,nan,nan,0.0,2,64,,True,False,"HTTPConnectionPool(host='gpu06', port=9004): Read timed out.",0,59.56268577710819
375,2026-09-21T08:00:00.887+00:00,2026-09-21T08:05:00.974+00:00,2026-09-21T08:05:00.974+00:00,False,1,0.0,,0.0,300087.142153,300087.142153,300087.142153,300087.142153,300087.142153,300087.142153,nan,300087.142153,nan,nan,0.0,2,64,,True,False,"HTTPConnectionPool(host='gpu06', port=9004): Read timed out.",0,59.56268577710819
376,2026-09-21T08:00:01.186+00:00,2026-09-21T08:05:01.168+00:00,2026-09-21T08:05:02.969+00:00,False,29,28.0,,28.0,299981.854065,301782.498673,301782.49861400004,10406.293055655173,0.03773,299981.854065,55693.300891826475,175.93881279999997,64.308736,35.46128617078744,0.09278205370795783,2,64,,True,False,Request timeout: 300.0s exceeded,58,59.56268577710819
377,2026-09-21T08:00:01.548+00:00,2026-09-21T08:05:01.486+00:00,2026-09-21T08:05:03.023+00:00,False,28,27.0,,27.0,299937.264033,301474.802593,301474.80264899996,10766.957237464285,0.02708,299937.264033,56672.05556194467,96.1685887,56.945872592592586,16.640834093448735,0.08955972362456709,2,64,,True,False,Request timeout: 300.0s exceeded,119,59.56268577710819
378,2026-09-21T08:00:01.886+00:00,2026-09-21T08:05:02.778+00:00,2026-09-21T08:05:03.067+00:00,False,7,6.0,,6.0,300891.800225,301181.425569,301181.42542700004,43025.91791814286,0.05299,300891.800225,113708.1683937807,210646.22072630003,48.270890666666666,25.387389502092084,0.01992154724901989,2,64,,True,False,Request timeout: 300.0s exceeded,6,59.56268577710819
0,2026-09-21T07:58:02.099+00:00,2026-09-21T07:58:02.255+00:00,2026-09-21T07:58:02.382+00:00,True,4,4.0,,4.0,156.12107,283.342062,283.341889,70.83547225,25.173342,156.12107,59.434697477511385,142.61589275,42.40699733333334,21.204628911449436,14.11721214903843,3,64,,False,True,,16,59.56268577710819
2,2026-09-21T07:58:02.744+00:00,2026-09-21T07:58:03.489+00:00,2026-09-21T07:58:05.974+00:00,True,42,42.0,,42.0,744.74672,3229.8424,3229.842338,76.90100804761904,40.618542999999995,744.74672,106.05199061008089,81.35637545,60.61208975609756,10.285446184631876,13.003730460656532,3,64,,False,True,,42,59.56268577710819
3,2026-09-21T07:58:03.123+00:00,2026-09-21T07:58:03.491+00:00,2026-09-21T07:58:05.774+00:00,True,39,39.0,,39.0,368.57028399999996,2651.004588,2651.004728,67.9744802051282,37.029663,368.57028399999996,50.58125532118667,78.8762589,60.06406063157895,11.010964326964283,14.711404188637339,3,64,,False,True,,117,59.56268577710819
5,2026-09-21T07:58:03.591+00:00,2026-09-21T07:58:03.741+00:00,2026-09-21T07:58:05.281+00:00,True,27,27.0,,27.0,150.79738,1690.456388,1690.456404,62.609496444444446,40.941343,150.79738,19.727287800222356,73.91595699999999,59.217654153846155,9.037913520511866,15.972018084384912,3,64,,False,True,,84,59.56268577710819
1,2026-09-21T07:58:02.366+00:00,2026-09-21T07:58:06.825+00:00,2026-09-21T07:58:08.124+00:00,True,22,22.0,,22.0,4458.814067,5757.545843,5757.545842,261.7066291818182,46.743035000000006,4458.814067,937.4982217056578,80.61579345,61.844370285714284,10.970422091708855,3.8210724846850344,3,64,,False,True,,66,59.56268577710819
4,2026-09-21T07:58:03.292+00:00,2026-09-21T07:58:08.116+00:00,2026-09-21T07:58:14.100+00:00,True,94,94.0,,94.0,4824.143439,10807.215695,10807.215610000001,114.97037882978724,0.016890000000000002,4824.143439,492.3378069989011,80.6377095,64.3341102795699,37.31625584432303,8.697892468592947,3,64,,False,True,,188,59.56268577710819
6,2026-09-21T07:58:03.857+00:00,2026-09-21T07:58:08.492+00:00,2026-09-21T07:58:12.690+00:00,True,67,67.0,,67.0,4634.653230000001,8833.38091,8833.380806000001,131.84150456716418,42.176035000000006,4634.653230000001,558.5518381078361,80.7126863,63.61708606060606,11.21475018030593,7.58486480800928,3,64,,False,True,,682,59.56268577710819
7,2026-09-21T07:58:04.185+00:00,2026-09-21T07:58:10.460+00:00,2026-09-21T07:58:10.507+00:00,True,2,2.0,,2.0,6274.609682,6322.209042,6322.209017,3161.1045085,47.599334999999996,6274.609682,4403.1612428824965,5963.2591646500005,47.59936,nan,0.3163451234708477,3,64,,False,True,,8,59.56268577710819
8,2026-09-21T07:58:04.497+00:00,2026-09-21T07:58:12.354+00:00,2026-09-21T07:58:18.415+00:00,True,98,98.0,,98.0,7857.491398,13918.12167,13918.121637,142.02164935714285,0.01846,7857.491398,788.251134878173,78.06783915,62.48072445360825,36.48581132290536,7.0411800042843,3,64,,False,True,,202,59.56268577710819
9,2026-09-21T07:58:04.766+00:00,2026-09-21T07:58:13.749+00:00,2026-09-21T07:58:17.544+00:00,True,63,63.0,,63.0,8983.652285,12778.498749,12778.498599,202.8333110952381,36.120734,8983.652285,1124.1694682118432,79.393236,61.20720103225806,10.36896949451741,4.930156604267004,3,64,,False,True,,249,59.56268577710819
10,2026-09-21T07:58:05.028+00:00,2026-09-21T07:58:15.872+00:00,2026-09-21T07:58:17.894+00:00,True,34,34.0,,34.0,10844.545917,12866.024061,12866.024027,378.4124713823529,45.629785000000005,10844.545917,1849.337094928079,74.03917,61.256913454545455,8.351819684172655,2.642619028131786,3,64,,False,True,,115,59.56268577710819
11,2026-09-21T07:58:05.381+00:00,2026-09-21T07:58:17.839+00:00,2026-09-21T07:58:20.201+00:00,True,38,38.0,,38.0,12457.623757,14819.876812999999,14819.876723,389.996755868421,45.628864,12457.623757,2010.5623142787276,79.8337745,63.84467718918919,10.33768870006422,2.5641238776469715,3,64,,False,True,,228,59.56268577710819
12,2026-09-21T07:58:05.643+00:00,2026-09-21T07:58:19.121+00:00,2026-09-21T07:58:20.437+00:00,True,22,22.0,,22.0,13478.100104000001,14793.398408000001,14793.39844,672.4272018181819,43.276154000000005,13478.100104000001,2860.2039621317335,76.972045,62.63325257142858,10.051135729950703,1.4871498348954626,3,64,,False,True,,157,59.56268577710819
13,2026-09-21T07:58:05.989+00:00,2026-09-21T07:58:20.914+00:00,2026-09-21T07:58:22.736+00:00,True,29,29.0,,29.0,14924.065526,16746.286326,16746.286425000002,577.4581525862069,30.290803,14924.065526,2759.2687585927347,86.6983966,65.07931428571429,11.790175448811429,1.731727228082509,3,64,,False,True,,87,59.56268577710819
14,2026-09-21T07:58:06.230+00:00,2026-09-21T07:58:22.127+00:00,2026-09-21T07:58:26.234+00:00,True,65,65.0,,65.0,15896.698776000001,20003.5862,20003.586342000002,307.7474821846154,0.0,15896.698776000001,1965.1680602327062,81.0358988,64.170116,74.3388014008216,3.249417346975514,3,64,,False,True,,642,59.56268577710819
15,2026-09-21T07:58:06.593+00:00,2026-09-21T07:58:23.885+00:00,2026-09-21T07:58:27.734+00:00,True,64,64.0,,64.0,17291.402594,21140.30269,21140.302824,330.317231625,0.0,17291.402594,2154.3904992361686,78.6918115,61.09365231746032,51.33068886498287,3.0273927927377273,3,64,,False,True,,72,59.56268577710819
16,2026-09-21T07:58:06.886+00:00,2026-09-21T07:58:25.379+00:00,2026-09-21T07:58:29.749+00:00,True,72,72.0,,72.0,18493.342370000002,22863.219362000003,22863.219464,317.5447147777778,0.0,18493.342370000002,2172.7579806533136,79.540839,61.54756326760563,49.238681735653834,3.149162804240429,3,64,,False,True,,324,59.56268577710819
17,2026-09-21T07:58:07.245+00:00,2026-09-21T07:58:27.472+00:00,2026-09-21T07:58:29.489+00:00,True,34,34.0,,34.0,20226.896961,22244.485184999998,22244.485129999997,654.2495626470587,42.544455,20226.896961,3458.4137719715955,78.94040435,61.13903709090909,10.281385815647582,1.5284687290909764,3,64,,False,True,,137,59.56268577710819
18,2026-09-21T07:58:07.463+00:00,2026-09-21T07:58:28.631+00:00,2026-09-21T07:58:33.390+00:00,True,75,75.0,,75.0,21167.603288,25926.505304,25926.505212,345.68673615999995,0.0,21167.603288,2438.2066523264775,80.311911,64.3094867027027,83.4201904700696,2.892792496350398,3,64,,False,True,,300,59.56268577710819
19,2026-09-21T07:58:07.815+00:00,2026-09-21T07:58:30.403+00:00,2026-09-21T07:58:36.772+00:00,True,100,100.0,,100.0,22587.479515,28956.506330999997,28956.506355999998,289.56506356,0.0,22587.479515,2254.3898842680856,81.75162255000001,64.33360420202021,97.20169543388155,3.453455291080571,3,64,,False,True,,304,59.56268577710819
20,2026-09-21T07:58:08.068+00:00,2026-09-21T07:58:31.762+00:00,2026-09-21T07:58:36.891+00:00,True,81,81.0,,81.0,23693.33303,28822.473254,28822.473322,355.83300397530866,0.0,23693.33303,2626.887672787791,79.17586800000001,64.1142528,86.87351218894143,2.8103070574888562,3,64,,False,True,,81,59.56268577710819
21,2026-09-21T07:58:08.403+00:00,2026-09-21T07:58:33.509+00:00,2026-09-21T07:58:34.619+00:00,True,19,19.0,,19.0,25106.305936,26215.71368,26215.713562,1379.774398,31.824343000000002,25106.305936,5745.651122727231,2577.0863938,61.633763555555554,10.623270239548152,0.7247561608248385,3,64,,False,True,,141,59.56268577710819
22,2026-09-21T07:58:08.767+00:00,2026-09-21T07:58:35.376+00:00,2026-09-21T07:58:41.372+00:00,True,96,96.0,,96.0,26608.916022999998,32604.768311,32604.768495999997,339.63300516666663,0.0,26608.916022999998,2710.0238402199893,80.086408,63.11423461052632,62.10793797609439,2.9443546135432004,3,64,,False,True,,1152,59.56268577710819
23,2026-09-21T07:58:08.995+00:00,2026-09-21T07:58:36.315+00:00,2026-09-21T07:58:39.360+00:00,True,49,49.0,,49.0,27319.954096999998,30365.288880999997,30365.288772999997,619.699770877551,44.243654,27319.954096999998,3893.7971981358373,76.966382,63.444474666666665,8.96655370785034,1.6136846315550784,3,64,,False,True,,196,59.56268577710819
24,2026-09-21T07:58:09.221+00:00,2026-09-21T07:58:37.449+00:00,2026-09-21T07:58:37.591+00:00,True,3,3.0,,3.0,28228.299321,28369.559609,28369.559755,9456.519918333333,68.628687,28228.299321,16256.837960160263,25412.7325636,70.630144,2.8304183374420115,0.10574714734197974,3,64,,False,True,,19,59.56268577710819
25,2026-09-21T07:58:09.502+00:00,2026-09-21T07:58:38.976+00:00,2026-09-21T07:58:41.750+00:00,True,45,45.0,,45.0,29474.257120000002,32247.650784,32247.650658000002,716.6144590666668,0.0,29474.257120000002,4385.282849343729,80.853158,63.03167418181818,90.67417797955703,1.395450487274788,3,64,,False,True,,180,59.56268577710819
26,2026-09-21T07:58:09.808+00:00,2026-09-21T07:58:40.859+00:00,2026-09-21T07:58:44.328+00:00,True,55,55.0,,55.0,31050.841743999998,34519.960975999995,34519.960783999995,627.6356506181818,0.01602,31050.841743999998,4179.376475549892,88.87289360000001,64.24294874074074,98.71396637780585,1.5932810595654716,3,64,,False,True,,330,59.56268577710819
27,2026-09-21T07:58:10.073+00:00,2026-09-21T07:58:42.139+00:00,2026-09-21T07:58:43.571+00:00,True,22,22.0,,22.0,32066.614499000003,33498.402019,33498.401948000006,1522.6546340000002,0.015449999999999998,32066.614499000003,6823.929495003941,729.5615184,68.18035809523809,162.38851814601782,0.6567477453856393,3,64,,False,True,,99,59.56268577710819
28,2026-09-21T07:58:10.350+00:00,2026-09-21T07:58:43.498+00:00,2026-09-21T07:58:46.498+00:00,True,40,40.0,,40.0,33147.878491,36148.173659,36148.173483000006,903.7043370750001,0.045880000000000004,33147.878491,5230.082971031379,131.7484778,76.93064533333333,109.00815727503743,1.106556596118404,3,64,,False,True,,202,59.56268577710819
29,2026-09-21T07:58:10.624+00:00,2026-09-21T07:58:44.971+00:00,2026-09-21T07:58:45.503+00:00,True,10,10.0,,10.0,34346.758795999995,34878.65844399999,34878.658242,3487.8658241999997,47.283714999999994,34346.758795999995,10842.712791872302,18923.340379399997,59.09996088888889,8.596790361785443,0.2867082750919352,3,64,,False,True,,68,59.56268577710819
30,2026-09-21T07:58:10.850+00:00,2026-09-21T07:58:46.502+00:00,2026-09-21T07:58:50.076+00:00,True,61,61.0,,61.0,35652.442011,39226.465179,39226.465282,643.0568079016393,0.0,35652.442011,4557.240105651409,77.177598,59.5670528,19.12182049150381,1.555072569543088,3,64,,False,True,,62,59.56268577710819
31,2026-09-21T07:58:11.243+00:00,2026-09-21T07:58:48.025+00:00,2026-09-21T07:58:53.687+00:00,True,85,85.0,,85.0,36782.481328,42443.80664,42443.806666000004,499.33890195294117,0.0,36782.481328,3984.0281813169577,81.12429,67.39672990476191,117.69486956499085,2.0026478944490824,3,64,,False,True,,342,59.56268577710819
32,2026-09-21T07:58:11.584+00:00,2026-09-21T07:58:49.520+00:00,2026-09-21T07:58:54.346+00:00,True,77,77.0,,77.0,37935.477319,42761.825351,42761.825209999995,555.3483793506493,0.0,37935.477319,4317.572327280146,92.29829,63.504579368421055,120.52754071247897,1.800671495380852,3,64,,False,True,,358,59.56268577710819
33,2026-09-21T07:58:11.931+00:00,2026-09-21T07:58:51.526+00:00,2026-09-21T07:58:53.717+00:00,True,20,20.0,,20.0,39594.196020999996,41785.728309,41785.728288,2089.2864144,0.0,39594.196020999996,8831.056467351216,3060.5089246499997,115.34380463157895,248.64346003130282,0.4786323180034727,3,64,,False,True,,41,59.56268577710819
34,2026-09-21T07:58:12.184+00:00,2026-09-21T07:58:53.680+00:00,2026-09-21T07:58:55.252+00:00,True,40,40.0,,40.0,41496.506719,43068.557151,43068.557182,1076.7139295499999,0.0,41496.506719,6554.880663859638,85.07384370000001,40.30898543589743,32.862552957877064,0.9287518005248813,3,64,,False,True,,356,59.56268577710819
35,2026-09-21T07:58:12.449+00:00,2026-09-21T07:58:54.153+00:00,2026-09-21T07:58:56.996+00:00,True,46,46.0,,46.0,41703.34018,44546.546067999996,44546.546085,968.4031757608695,35.007294,41703.34018,6139.515650730777,79.129728,63.18235306666667,10.822182421952636,1.0326277581606735,3,64,,False,True,,115,59.56268577710819
36,2026-09-21T07:58:13.209+00:00,2026-09-21T07:58:57.364+00:00,2026-09-21T07:58:58.490+00:00,True,19,19.0,,19.0,44155.214584,45281.367544,45281.367691,2383.2298784736845,44.449214999999995,44155.214584,10115.55294477044,4485.0503356,62.564053333333334,10.52045550206389,0.4195986347262516,3,64,,False,True,,71,59.56268577710819
37,2026-09-21T07:58:13.219+00:00,2026-09-21T07:58:58.346+00:00,2026-09-21T07:58:59.640+00:00,True,21,21.0,,21.0,45126.469335,46420.746711,46420.746869,2210.511755666667,52.729696000000004,45126.469335,9833.285492302319,81.390348,64.7138688,9.41940554383599,0.4523839336480078,3,64,,False,True,,42,59.56268577710819
38,2026-09-21T07:58:13.588+00:00,2026-09-21T07:59:00.324+00:00,2026-09-21T07:59:06.022+00:00,True,93,93.0,,93.0,46736.632713,52433.894025,52433.893964,563.8053114408602,0.0,46736.632713,4841.641021665774,104.2888028,61.92675339130435,128.9745681734928,1.773661898077958,3,64,,False,True,,374,59.56268577710819
39,2026-09-21T07:58:13.902+00:00,2026-09-21T07:59:01.771+00:00,2026-09-21T07:59:07.790+00:00,True,98,98.0,,98.0,47868.97214,53888.051051999995,53888.051025,549.8780716836734,0.01542,47868.97214,4830.055450896402,77.5792955,62.05235991752578,89.85666190844113,1.8185849754602108,3,64,,False,True,,441,59.56268577710819
40,2026-09-21T07:58:14.164+00:00,2026-09-21T07:59:03.130+00:00,2026-09-21T07:59:08.893+00:00,True,93,93.0,,93.0,48965.670564,54728.51242,54728.512412,588.4786280860216,0.0159,48965.670564,5071.923062782579,79.04372660000001,62.63958539130435,96.86352592105419,1.69929705536842,3,64,,False,True,,279,59.56268577710819
41,2026-09-21T07:58:14.534+00:00,2026-09-21T07:59:05.665+00:00,2026-09-21T07:59:08.523+00:00,True,54,54.0,,54.0,51131.059999,53989.018911,53989.018886,999.796646037037,0.01574,51131.059999,6950.761640028663,83.434611,53.92375305660377,24.90846642762839,1.000203394861057,3,64,,False,True,,113,59.56268577710819
42,2026-09-21T07:58:14.836+00:00,2026-09-21T07:59:06.866+00:00,2026-09-21T07:59:07.397+00:00,True,9,9.0,,9.0,52030.618542000004,52561.455278,52561.455117000005,5840.161679666667,58.791106,52030.618542000004,17321.42214358912,31248.049924000003,66.354592,5.698553456137945,0.17122813575839135,3,64,,False,True,,63,59.56268577710819
43,2026-09-21T07:58:15.187+00:00,2026-09-21T07:59:08.668+00:00,2026-09-21T07:59:10.319+00:00,True,20,20.0,,20.0,53481.219133,55131.746877,55131.746933999995,2756.5873467,0.0,53481.219133,11941.607277286615,3684.9474456,86.8698812631579,239.09528537542067,0.3627673914381924,3,64,,False,True,,74,59.56268577710819
44,2026-09-21T07:58:15.577+00:00,2026-09-21T07:59:10.725+00:00,2026-09-21T07:59:13.899+00:00,True,51,51.0,,51.0,55148.968927,58322.008799,58322.008793,1143.5687998627452,41.921485000000004,55148.968927,7713.521245405129,76.46261150000001,63.46079744,10.683183220904128,0.8744554765897304,3,64,,False,True,,557,59.56268577710819
45,2026-09-21T07:58:15.851+00:00,2026-09-21T07:59:12.541+00:00,2026-09-21T07:59:19.539+00:00,True,96,96.0,,96.0,56689.639884000004,63688.345036000006,63688.345120000005,663.4202616666668,0.01858,56689.639884000004,5779.809437392303,80.42307699999999,73.67058054736842,130.87257484224847,1.5073401569115312,3,64,,False,True,,192,59.56268577710819
46,2026-09-21T07:58:16.218+00:00,2026-09-21T07:59:14.446+00:00,2026-09-21T07:59:15.020+00:00,True,10,10.0,,10.0,58228.183244,58802.17646,58802.176444,5880.2176444,50.354104,58228.183244,18393.20262987312,32060.895807350003,63.777024,9.942481754050746,0.17006173243948663,3,64,,False,True,,10,59.56268577710819
47,2026-09-21T07:58:16.469+00:00,2026-09-21T07:59:15.851+00:00,2026-09-21T07:59:19.367+00:00,True,45,45.0,,45.0,59381.890531000005,62897.93251500001,62897.93247000001,1397.7318326666668,0.018600000000000002,59381.890531000005,8841.75067010557,82.801739,79.9100450909091,166.5636250919447,0.7154448198956035,3,64,,False,True,,45,59.56268577710819
48,2026-09-21T07:58:16.824+00:00,2026-09-21T07:59:17.767+00:00,2026-09-21T07:59:21.337+00:00,True,43,43.0,,43.0,60942.461143,64512.904663,64512.904667,1500.3001085348837,0.0,60942.461143,9284.33174744977,1115.4095707,85.01056,263.7392752482026,0.6665333118175616,3,64,,False,True,,215,59.56268577710819
49,2026-09-21T07:58:17.055+00:00,2026-09-21T07:59:19.430+00:00,2026-09-21T07:59:21.321+00:00,True,25,25.0,,25.0,62375.208895,64265.458879000005,64265.458831,2570.61835324,0.0,62375.208895,12461.20736544095,897.2803049999999,78.760416,223.30936541463134,0.3890114602164498,3,64,,False,True,,225,59.56268577710819
50,2026-09-21T07:58:17.440+00:00,2026-09-21T07:59:21.304+00:00,2026-09-21T07:59:22.693+00:00,True,31,31.0,,31.0,63864.38389,65252.82677,65252.826691999995,2104.9298932903225,0.0,63864.38389,11462.10453078197,77.92187600000001,46.281429333333335,28.794758500520306,0.4750752041634502,3,64,,False,True,,160,59.56268577710819
51,2026-09-21T07:58:17.744+00:00,2026-09-21T07:59:22.326+00:00,2026-09-21T07:59:25.732+00:00,True,54,54.0,,54.0,64582.449089,67988.399809,67988.399678,1259.0444384814816,39.927723,64582.449089,8779.82012431351,79.056625,64.26322113207547,11.269281869020496,0.7942531395311899,3,64,,False,True,,162,59.56268577710819
52,2026-09-21T07:58:17.998+00:00,2026-09-21T07:59:24.043+00:00,2026-09-21T07:59:30.170+00:00,True,96,96.0,,96.0,66044.903193,72172.01410500001,72172.01413200001,751.791813875,40.032133,66044.903193,6734.104639186813,78.913377,64.4959043368421,10.11673480443329,1.330155479107645,3,64,,False,True,,290,59.56268577710819
53,2026-09-21T07:58:18.226+00:00,2026-09-21T07:59:25.224+00:00,2026-09-21T07:59:27.332+00:00,True,34,34.0,,34.0,66998.071253,69106.127317,69106.127318,2032.5331564117648,38.042963,66998.071253,11479.123361208281,81.02959249999999,63.88048678787879,10.1450078607197,0.49199689405306973,3,64,,False,True,,128,59.56268577710819
54,2026-09-21T07:58:18.558+00:00,2026-09-21T07:59:26.906+00:00,2026-09-21T07:59:32.816+00:00,True,91,91.0,,91.0,68347.847007,74258.274911,74258.274846,816.0249983076924,0.0,68347.847007,7159.233110324786,78.533257,65.67142115555555,138.04239684570737,1.2254526530419039,3,64,,False,True,,366,59.56268577710819
55,2026-09-21T07:58:18.849+00:00,2026-09-21T07:59:28.439+00:00,2026-09-21T07:59:29.539+00:00,True,18,18.0,,18.0,69589.738951,70689.99034300001,70689.99026800001,3927.2216815555557,45.260633999999996,69589.738951,16387.207397363,10510.3259176,64.72067011764706,10.934475248862938,0.2546329390152821,3,64,,False,True,,27,59.56268577710819
56,2026-09-21T07:58:19.109+00:00,2026-09-21T07:59:29.719+00:00,2026-09-21T07:59:35.780+00:00,True,96,96.0,,96.0,70610.285167,76671.362927,76671.36306999999,798.6600319791667,0.0,70610.285167,7202.426446201,168.38180950000003,63.80081852631579,183.21066700793503,1.2520972151154155,3,64,,False,True,,206,59.56268577710819
57,2026-09-21T07:58:19.477+00:00,2026-09-21T07:59:32.847+00:00,2026-09-21T07:59:35.815+00:00,True,64,64.0,,64.0,73369.945154,76338.248258,76338.248315,1192.785129921875,0.0,73369.945154,9166.742512495992,284.1377006,47.115922285714284,160.84570962649207,0.8383739666608475,3,64,,False,True,,256,59.56268577710819
58,2026-09-21T07:58:19.874+00:00,2026-09-21T07:59:34.920+00:00,2026-09-21T07:59:39.368+00:00,True,89,89.0,,89.0,75045.435884,79493.695212,79493.695066,893.187585011236,0.020460000000000002,75045.435884,7949.638292212679,149.8917374,50.548401454545456,56.15987980576276,1.1195856446558163,3,64,,False,True,,357,59.56268577710819
59,2026-09-21T07:58:20.102+00:00,2026-09-21T07:59:35.156+00:00,2026-09-21T07:59:38.486+00:00,True,56,56.0,,56.0,75054.001012,78384.834164,78384.834255,1399.729183125,0.02682,75054.001012,10021.496474075013,167.599962,60.56060276363637,39.50897430965399,0.7144239137233419,3,64,,False,True,,170,59.56268577710819
60,2026-09-21T07:58:20.331+00:00,2026-09-21T07:59:36.308+00:00,2026-09-21T07:59:41.837+00:00,True,88,88.0,,88.0,75976.677759,81506.091903,81506.091976,926.2055906363636,8.202251,75976.677759,8092.383274203068,78.70971250000001,63.5564844137931,16.85730024538225,1.07967389854403,3,64,,False,True,,308,59.56268577710819
61,2026-09-21T07:58:20.697+00:00,2026-09-21T07:59:38.444+00:00,2026-09-21T07:59:39.044+00:00,True,11,11.0,,11.0,77747.257359,78347.12142299999,78347.121252,7122.465568363636,49.135104,77747.257359,23423.59512140266,38912.488568,59.9864064,9.111021073075781,0.14040081882026598,3,64,,False,True,,0,59.56268577710819
62,2026-09-21T07:58:20.941+00:00,2026-09-21T07:59:39.627+00:00,2026-09-21T07:59:46.973+00:00,True,93,93.0,,93.0,78686.585458,86032.344946,86032.344984,925.0789783225806,0.0,78686.585458,8153.013246167592,83.21460160000001,79.84521182608695,175.75452378106868,1.0809887846062245,3,64,,False,True,,279,59.56268577710819
63,2026-09-21T07:58:21.286+00:00,2026-09-21T07:59:41.305+00:00,2026-09-21T07:59:43.547+00:00,True,35,35.0,,35.0,80019.11511,82261.784422,82261.784367,2350.3366962,48.333114,80019.11511,13514.55663814432,92.9798912,65.96086211764705,13.901576419361392,0.4254709552670443,3,64,,False,True,,137,59.56268577710819
64,2026-09-21T07:58:21.627+00:00,2026-09-21T07:59:42.871+00:00,2026-09-21T07:59:48.639+00:00,True,90,90.0,,90.0,81243.460862,87011.56940600001,87011.56942900001,966.7952158777779,0.0,81243.460862,8558.897037650508,81.271225,64.81020835955057,182.11355332550832,1.0343452096589114,3,64,,False,True,,362,59.56268577710819
65,2026-09-21T07:58:21.993+00:00,2026-09-21T07:59:44.704+00:00,2026-09-21T07:59:50.603+00:00,True,94,94.0,,94.0,82711.71213500001,88610.17255100001,88610.17254400002,942.6614100425533,0.0,82711.71213500001,8526.378594924832,75.54059785,63.424305548387096,178.98359161348878,1.06082628318885,3,64,,False,True,,282,59.56268577710819
66,2026-09-21T07:58:22.221+00:00,2026-09-21T07:59:46.961+00:00,2026-09-21T07:59:49.030+00:00,True,46,46.0,,46.0,84739.53589,86809.13845,86809.138563,1887.1551861521739,0.0,84739.53589,12487.416384849937,76.82213600000001,45.991168,29.675639209296918,0.5298981284844212,3,64,,False,True,,49,59.56268577710819
67,2026-09-21T07:58:22.539+00:00,2026-09-21T07:59:47.692+00:00,2026-09-21T07:59:49.032+00:00,True,22,22.0,,22.0,85153.345772,86493.426924,86493.42682,3931.519400909091,42.499063,85153.345772,18141.152703202733,78.37556294999999,63.813388190476196,11.453680515161192,0.254354588347285,3,64,,False,True,,44,59.56268577710819
68,2026-09-21T07:58:22.771+00:00,2026-09-21T07:59:48.644+00:00,2026-09-21T07:59:51.243+00:00,True,43,43.0,,43.0,85873.229451,88472.07412300001,88472.07388000001,2057.4900902325585,38.378593,85873.229451,13086.112667235462,75.708277,61.877254095238094,10.532923332914645,0.486029071051487,3,64,,False,True,,387,59.56268577710819
69,2026-09-21T07:58:23.280+00:00,2026-09-21T07:59:50.155+00:00,2026-09-21T07:59:55.140+00:00,True,77,77.0,,77.0,86875.217821,91860.466077,91860.466,1192.993064935065,0.0152,86875.217821,9894.1808189408,150.5820032,65.59537178947369,161.83481661622804,0.8382278393346759,3,64,,False,True,,77,59.56268577710819
70,2026-09-21T07:58:23.418+00:00,2026-09-21T07:59:52.184+00:00,2026-09-21T07:59:55.827+00:00,True,58,58.0,,58.0,88766.062005,92408.553141,92408.553095,1593.2509154310344,0.01568,88766.062005,11648.684813710996,181.23157500000002,63.903353263157896,189.8956720033592,0.6276475285951258,3,64,,False,True,,120,59.56268577710819
71,2026-09-21T07:58:23.795+00:00,2026-09-21T07:59:54.189+00:00,2026-09-21T07:59:56.673+00:00,True,45,45.0,,45.0,90394.106902,92877.49890199999,92877.498871,2063.9444193555555,0.01626,90394.106902,13466.92788687056,159.465504,56.44072727272727,71.15718801307838,0.48450917102625585,3,64,,False,True,,90,59.56268577710819
72,2026-09-21T07:58:24.123+00:00,2026-09-21T07:59:55.958+00:00,2026-09-21T08:00:00.421+00:00,True,72,72.0,,72.0,91834.345834,96298.025834,96298.025867,1337.4725814861113,38.550642999999994,91834.345834,10815.377156804696,79.84030605000001,62.8687323943662,10.326592520608378,0.7476788789431125,3,64,,False,True,,216,59.56268577710819
73,2026-09-21T07:58:24.367+00:00,2026-09-21T07:59:57.017+00:00,2026-09-21T07:59:58.390+00:00,True,23,23.0,,23.0,92650.06222200001,94022.53147,94022.53142300001,4087.9361488260874,47.009704,92650.06222200001,19305.867482316662,78.011253,62.38496581818182,9.454650363451535,0.2446222159774401,3,64,,False,True,,312,59.56268577710819
74,2026-09-21T07:58:24.637+00:00,2026-09-21T07:59:58.390+00:00,2026-09-21T08:00:02.873+00:00,True,53,53.0,,53.0,93752.49492499999,98235.60302099999,98235.60311899999,1853.5019456415093,0.0,93752.49492499999,12868.552867321674,82.10727340000001,86.21361723076923,256.10283982734757,0.5395192615519457,3,64,,False,True,,93,59.56268577710819
75,2026-09-21T07:58:24.940+00:00,2026-09-21T07:59:59.957+00:00,2026-09-21T08:00:04.377+00:00,True,70,70.0,,70.0,95016.813481,99436.79376900001,99436.793659,1420.5256237,0.0,95016.813481,11351.275942029974,79.794223,64.05768533333334,227.7012984273737,0.703964773468218,3,64,,False,True,,240,59.56268577710819
76,2026-09-21T07:58:25.308+00:00,2026-09-21T08:00:02.890+00:00,2026-09-21T08:00:04.001+00:00,True,36,36.0,,36.0,97582.213051,98693.616571,98693.616608,2741.489350222222,0.0,97582.213051,16258.441453683266,76.1475195,31.754386285714286,32.562433633618106,0.3647652325528234,3,64,,False,True,,392,59.56268577710819
77,2026-09-21T07:58:25.539+00:00,2026-09-21T08:00:03.037+00:00,2026-09-21T08:00:05.852+00:00,True,44,44.0,,44.0,97498.45477,100312.968946,100312.969017,2279.840204931818,44.794154,97498.45477,14688.580258561153,77.38368065,65.45381804651163,9.00677955672636,0.43862723297209827,3,64,,False,True,,528,59.56268577710819
78,2026-09-21T07:58:25.906+00:00,2026-09-21T08:00:04.829+00:00,2026-09-21T08:00:06.042+00:00,True,19,19.0,,19.0,98923.19434900001,100135.54942100002,100135.549406,5270.292074000001,51.418254,98923.19434900001,22679.086894063537,9963.523463200001,67.35305955555555,8.53575019357199,0.1897428047268036,3,64,,False,True,,162,59.56268577710819
79,2026-09-21T07:58:26.179+00:00,2026-09-21T08:00:05.909+00:00,2026-09-21T08:00:09.150+00:00,True,54,54.0,,54.0,99730.936917,102971.637845,102971.637932,1906.8821839259258,40.795593000000004,99730.936917,13563.344151116728,78.50528599999998,61.14530052830189,9.797551149490932,0.5244162483001826,3,64,,False,True,,114,59.56268577710819
80,2026-09-21T07:58:26.472+00:00,2026-09-21T08:00:07.599+00:00,2026-09-21T08:00:12.851+00:00,True,84,84.0,,84.0,101127.288064,106379.115008,106379.114966,1266.4180353095237,42.022283,101127.288064,11026.992278267153,77.20212765000001,63.27502342168675,9.939854134913006,0.7896286784645931,3,64,,True,True,,176,59.56268577710819
81,2026-09-21T07:58:26.704+00:00,2026-09-21T08:00:08.964+00:00,2026-09-21T08:00:10.382+00:00,True,24,24.0,,24.0,102259.579972,103677.932612,103677.932585,4319.913857708334,41.107153,102259.579972,20861.063939181968,78.53489965,61.66750608695652,10.257852424778333,0.23148609733391004,3,64,,True,True,,48,59.56268577710819
82,2026-09-21T07:58:26.973+00:00,2026-09-21T08:00:10.319+00:00,2026-09-21T08:00:12.520+00:00,True,35,35.0,,35.0,103345.722931,105546.718259,105546.71810499999,3015.6205172857144,46.507752,103345.722931,17457.67543979532,78.0209716,64.73515670588236,8.87395477331864,0.3316067100647683,3,64,,True,True,,113,59.56268577710819
83,2026-09-21T07:58:27.313+00:00,2026-09-21T08:00:11.845+00:00,2026-09-21T08:00:15.594+00:00,True,61,61.0,,61.0,104531.86489,108280.70328999999,108280.7035,1775.0935,42.029593999999996,104531.86489,13375.937078888133,75.789827,62.48064,9.141106736017205,0.5633506076944137,3,64,,True,True,,143,59.56268577710819
84,2026-09-21T07:58:27.660+00:00,2026-09-21T08:00:13.934+00:00,2026-09-21T08:00:16.341+00:00,True,40,40.0,,40.0,106273.693098,108681.060266,108681.06027,2717.02650675,42.206314,106273.693098,16793.588941232134,76.44261599999999,61.72736328205128,9.497888919310409,0.3680494089963684,3,64,,True,True,,197,59.56268577710819
85,2026-09-21T07:58:27.879+00:00,2026-09-21T08:00:15.332+00:00,2026-09-21T08:00:17.882+00:00,True,41,41.0,,41.0,107453.10881800001,110003.22977800001,110003.22974000001,2683.005603414634,39.481964,107453.10881800001,16771.402501347427,78.531007,63.753024,9.849783338369996,0.3727163291727254,3,64,,True,True,,358,59.56268577710819
86,2026-09-21T07:58:28.161+00:00,2026-09-21T08:00:16.622+00:00,2026-09-21T08:00:20.328+00:00,True,59,59.0,,59.0,108460.579742,112166.690462,112166.690422,1901.1303461355933,44.145103000000006,108460.579742,14112.048987208742,77.43987800000001,63.89846068965517,9.431213611882207,0.5260028601805641,3,64,,True,True,,274,59.56268577710819
87,2026-09-21T07:58:28.556+00:00,2026-09-21T08:00:18.580+00:00,2026-09-21T08:00:18.580+00:00,True,1,1.0,,1.0,110024.29712199999,110024.29712199999,110024.29712199999,110024.29712199999,110024.29712199999,110024.29712199999,nan,110024.29712199999,nan,nan,0.009088901507738369,3,64,,True,True,,2,59.56268577710819
88,2026-09-21T07:58:28.919+00:00,2026-09-21T08:00:20.410+00:00,2026-09-21T08:00:24.625+00:00,True,69,69.0,,69.0,111490.80559999999,115705.27318399999,115705.27323199999,1676.8880178550723,44.010053,111490.80559999999,13414.458226376479,79.35962599999999,61.97746447058824,10.02788626272387,0.596342743085468,3,64,,True,True,,262,59.56268577710819
89,2026-09-21T07:58:29.222+00:00,2026-09-21T08:00:21.654+00:00,2026-09-21T08:00:24.197+00:00,True,42,42.0,,42.0,112431.98082099999,114974.99496499999,114974.99505099999,2737.4998821666663,45.724002999999996,112431.98082099999,17339.063364087513,78.97725600000001,62.024735219512195,9.806083244224729,0.3652968196500934,3,64,,True,True,,83,59.56268577710819
90,2026-09-21T07:58:29.496+00:00,2026-09-21T08:00:23.241+00:00,2026-09-21T08:00:27.362+00:00,True,66,66.0,,66.0,113745.1147,117866.344524,117866.34454600001,1785.8537052424244,42.960813,113745.1147,13993.254066439591,76.76569099999999,63.40353575384616,8.828549123960286,0.5599562815538158,3,64,,True,True,,352,59.56268577710819
91,2026-09-21T07:58:29.810+00:00,2026-09-21T08:00:24.986+00:00,2026-09-21T08:00:29.228+00:00,True,68,68.0,,68.0,115176.16657700001,119418.02667300001,119418.026813,1756.1474531323531,43.021843999999994,115176.16657700001,13959.487529113007,78.98258185,63.311344716417906,9.791364257272944,0.569428267192884,3,64,,True,True,,68,59.56268577710819
92,2026-09-21T07:58:30.054+00:00,2026-09-21T08:00:26.256+00:00,2026-09-21T08:00:27.935+00:00,True,27,27.0,,27.0,116202.148876,117881.55444400001,117881.554491,4365.983499666667,41.937373,116202.148876,22350.68584488134,82.04677899999999,64.59252184615384,11.211642830396523,0.22904346763450964,3,64,,True,True,,135,59.56268577710819
93,2026-09-21T07:58:30.382+00:00,2026-09-21T08:00:27.861+00:00,2026-09-21T08:00:32.650+00:00,True,77,77.0,,77.0,117479.880561,122268.47678499999,122268.47678699999,1587.902295935065,46.161074,117479.880561,13380.897694993742,75.9666518,63.00784505263158,9.3071143606732,0.6297616689492155,3,64,,True,True,,371,59.56268577710819
94,2026-09-21T07:58:30.650+00:00,2026-09-21T08:00:29.066+00:00,2026-09-21T08:00:34.109+00:00,True,80,80.0,,80.0,118415.751034,123458.924922,123458.924899,1543.2365612375,42.201743,118415.751034,13232.14984722281,77.08773545,63.837644151898736,9.913871413779196,0.6479887950631606,3,64,,True,True,,376,59.56268577710819
95,2026-09-21T07:58:30.940+00:00,2026-09-21T08:00:30.842+00:00,2026-09-21T08:00:33.824+00:00,True,47,47.0,,47.0,119901.87314499999,122883.843321,122883.84342699999,2614.5498601489357,47.808133999999995,119901.87314499999,17480.031672112473,77.0373897,64.82543860869565,7.857485977566659,0.3824750164854913,3,64,,True,True,,94,59.56268577710819
96,2026-09-21T07:58:31.271+00:00,2026-09-21T08:00:32.575+00:00,2026-09-21T08:00:32.924+00:00,True,6,6.0,,6.0,121303.92377,121652.72684199999,121652.726726,20275.454454333332,59.687175,121303.92377,49493.64014899704,90996.683949,69.76061440000001,5.942927331363626,0.04932071936038618,3,64,,True,True,,33,59.56268577710819
97,2026-09-21T07:58:31.521+00:00,2026-09-21T08:00:33.571+00:00,2026-09-21T08:00:38.529+00:00,True,81,81.0,,81.0,122049.944178,127008.41483400001,127008.41483600001,1568.0051214320988,42.629583,122049.944178,13554.22132179793,75.552706,61.9808832,9.340176030058737,0.6377530190095435,3,64,,True,True,,81,59.56268577710819
98,2026-09-21T07:58:31.823+00:00,2026-09-21T08:00:34.971+00:00,2026-09-21T08:00:37.302+00:00,True,39,39.0,,39.0,123148.15302099999,125478.352061,125478.35206299998,3217.3936426410255,41.827603,123148.15302099999,19709.66924555912,76.31612390000001,61.321027368421056,9.178048323161994,0.310810584928949,3,64,,True,True,,429,59.56268577710819
99,2026-09-21T07:58:32.043+00:00,2026-09-21T08:00:36.250+00:00,2026-09-21T08:00:38.011+00:00,True,30,30.0,,30.0,124207.214103,125967.37922300001,125967.37943300001,4198.912647766667,42.309563000000004,124207.214103,22665.951656824047,78.4174295,60.69534896551724,9.86404385536408,0.2381568957379911,3,64,,True,True,,103,59.56268577710819
100,2026-09-21T07:58:32.291+00:00,2026-09-21T08:00:37.774+00:00,2026-09-21T08:00:38.534+00:00,True,13,13.0,,13.0,125483.08812999999,126243.60345799998,126243.60346599999,9711.046420461538,44.244064,125483.08812999999,34785.17098397993,50240.454835599994,63.376277333333334,11.007888819373704,0.10297551435407952,3,64,,True,True,,47,59.56268577710819
101,2026-09-21T07:58:32.648+00:00,2026-09-21T08:00:39.387+00:00,2026-09-21T08:00:41.740+00:00,True,37,37.0,,37.0,126738.618902,129092.222486,129092.222397,3488.978983702703,51.095064,126738.618902,20824.953904800626,76.32404180000002,65.37787733333333,7.6364947469882996,0.28661680221682323,3,64,,True,True,,80,59.56268577710819
102,2026-09-21T07:58:33.374+00:00,2026-09-21T08:00:40.492+00:00,2026-09-21T08:00:46.916+00:00,True,100,100.0,,100.0,127117.224959,133541.312767,133541.312617,1335.41312617,46.257713,127117.224959,12705.236673820604,77.26753705,64.88977583838384,8.999852544618733,0.7488319376826694,3,64,,True,True,,700,59.56268577710819
103,2026-09-21T07:58:33.380+00:00,2026-09-21T08:00:40.559+00:00,2026-09-21T08:00:43.877+00:00,True,52,52.0,,52.0,127179.395363,130497.391907,130497.39188000001,2509.5652284615385,44.494703,127179.395363,17627.589614945042,80.0194975,65.05875576470588,9.944588549908463,0.3984753966351926,3,64,,True,True,,156,59.56268577710819
104,2026-09-21T07:58:33.545+00:00,2026-09-21T08:00:44.017+00:00,2026-09-21T08:00:47.454+00:00,True,54,54.0,,54.0,130471.885534,133909.082078,133909.081959,2479.7978140555556,41.660683,130471.885534,17746.152304467418,80.042564,64.85276498113207,10.254201963593474,0.40325868239874735,3,64,,True,True,,214,59.56268577710819
105,2026-09-21T07:58:33.856+00:00,2026-09-21T08:00:46.150+00:00,2026-09-21T08:00:46.918+00:00,True,13,13.0,,13.0,132294.15028,133061.69536800002,133061.695407,10235.515031307692,45.395333,132294.15028,36674.05707872047,52964.6984356,63.96209066666666,10.628781100336726,0.09769904076486288,3,64,,True,True,,38,59.56268577710819
106,2026-09-21T07:58:34.210+00:00,2026-09-21T08:00:47.887+00:00,2026-09-21T08:00:50.040+00:00,True,35,35.0,,35.0,133677.05322200002,135829.78922200002,135829.78938200002,3880.8511252000003,41.800123,133677.05322200002,22584.84521443073,75.67954,63.31576470588236,8.284592056882666,0.2576754348252433,3,64,,True,True,,75,59.56268577710819
107,2026-09-21T07:58:34.596+00:00,2026-09-21T08:00:50.100+00:00,2026-09-21T08:00:53.905+00:00,True,61,61.0,,61.0,135503.869106,139308.631986,139308.631799,2283.7480622786884,44.044793,135503.869106,17341.37659189187,80.024626,63.412714666666666,10.52120135923224,0.437876670888063,3,64,,True,True,,125,59.56268577710819
108,2026-09-21T07:58:34.838+00:00,2026-09-21T08:00:51.431+00:00,2026-09-21T08:00:52.629+00:00,True,20,20.0,,20.0,136593.39664199998,137791.191458,137791.19150899997,6889.559575449999,45.268923,136593.39664199998,30529.11738888893,6906.8087547999985,63.04183242105263,11.22456611108568,0.14514715917886653,3,64,,True,True,,80,59.56268577710819
109,2026-09-21T07:58:35.157+00:00,2026-09-21T08:00:52.985+00:00,2026-09-21T08:00:57.366+00:00,True,70,70.0,,70.0,137828.336943,142209.352239,142209.35228,2031.5621754285714,42.647332999999996,137828.336943,16466.05088734092,76.51775749999999,63.49297530434783,9.32170978422314,0.4922320430962694,3,64,,True,True,,378,59.56268577710819
110,2026-09-21T07:58:35.392+00:00,2026-09-21T08:00:54.294+00:00,2026-09-21T08:00:59.006+00:00,True,76,76.0,,76.0,138902.537185,143614.708193,143614.708226,1889.6672135,42.987413000000004,138902.537185,15926.009411808382,76.876071,62.828946773333335,9.221154033562797,0.5291937083342857,3,64,,True,True,,530,59.56268577710819
111,2026-09-21T07:58:35.593+00:00,2026-09-21T08:00:55.378+00:00,2026-09-21T08:01:01.002+00:00,True,90,90.0,,90.0,139784.169315,145408.540003,145408.540193,1615.650446588889,40.918752999999995,139784.169315,14727.887318501947,78.02699705,63.19517626966292,10.181200392625575,0.6189457647958171,3,64,,True,True,,450,59.56268577710819
112,2026-09-21T07:58:35.938+00:00,2026-09-21T08:00:57.169+00:00,2026-09-21T08:00:59.664+00:00,True,40,40.0,,40.0,141231.774732,143726.737676,143726.737608,3593.1684401999996,46.273283000000006,141231.774732,22320.591728225383,79.0470115,63.97340882051282,10.713024733283408,0.2783059063802806,3,64,,True,True,,240,59.56268577710819
113,2026-09-21T07:58:36.206+00:00,2026-09-21T08:00:58.626+00:00,2026-09-21T08:01:04.637+00:00,True,95,95.0,,95.0,142420.149744,148431.074288,148431.07439,1562.432362,40.054673,142420.149744,14605.44223052533,78.41239270000001,63.94600578723404,10.728718539086211,0.6400277061639534,3,64,,True,True,,573,59.56268577710819
114,2026-09-21T07:58:36.599+00:00,2026-09-21T08:01:00.444+00:00,2026-09-21T08:01:06.456+00:00,True,96,96.0,,96.0,143845.240157,149856.50825299998,149856.508264,1561.0052944166666,39.429263,143845.240157,14674.688758724282,78.7719085,63.27650627368421,10.25248431307655,0.640612817682399,3,64,,True,True,,960,59.56268577710819
115,2026-09-21T07:58:36.969+00:00,2026-09-21T08:01:02.384+00:00,2026-09-21T08:01:05.772+00:00,True,55,55.0,,55.0,145415.307133,148803.059581,148803.059435,2705.5101715454543,41.402523,145415.307133,19599.33892283839,76.5111283,62.73615644444445,9.48005961479336,0.3696160559794209,3,64,,True,True,,325,59.56268577710819
116,2026-09-21T07:58:37.366+00:00,2026-09-21T08:01:04.441+00:00,2026-09-21T08:01:06.684+00:00,True,37,37.0,,37.0,147075.100245,149318.122325,149318.122451,4035.6249311081083,48.165283,147075.100245,24168.75589433119,75.21007200000001,62.30616888888889,8.425644253198262,0.24779309720669568,3,64,,True,True,,81,59.56268577710819
117,2026-09-21T07:58:37.732+00:00,2026-09-21T08:01:06.571+00:00,2026-09-21T08:01:12.669+00:00,True,97,97.0,,97.0,148838.89478499998,154936.67321699997,154936.673307,1597.285291824742,40.725002999999994,148838.89478499998,15105.853892375055,78.26386,63.518525333333336,9.755535460763786,0.6260622355311871,3,64,,True,True,,530,59.56268577710819
118,2026-09-21T07:58:38.106+00:00,2026-09-21T08:01:08.807+00:00,2026-09-21T08:01:14.506+00:00,True,90,90.0,,90.0,150701.180072,156400.3578,156400.35798499998,1737.7817553888888,42.847634,150701.180072,15878.552602834012,77.852776,64.03570480898877,10.432899521595155,0.5754462538703988,3,64,,True,True,,90,59.56268577710819
119,2026-09-21T07:58:38.452+00:00,2026-09-21T08:01:10.615+00:00,2026-09-21T08:01:15.493+00:00,True,77,77.0,,77.0,152163.2091,157040.970636,157040.970542,2039.493123922078,48.518773,152163.2091,17333.295814820598,78.2658038,64.18107284210527,10.096275753653488,0.49031790677399534,3,64,,True,True,,154,59.56268577710819
120,2026-09-21T07:58:38.783+00:00,2026-09-21T08:01:12.604+00:00,2026-09-21T08:01:14.175+00:00,True,25,25.0,,25.0,153821.352544,155391.89872,155391.89847,6215.6759388,48.833594,153821.352544,30751.185190059026,102.281666,65.439424,12.827592840667048,0.16088354802232896,3,64,,True,True,,125,59.56268577710819
121,2026-09-21T07:58:39.091+00:00,2026-09-21T08:01:14.378+00:00,2026-09-21T08:01:16.017+00:00,True,27,27.0,,27.0,155287.337424,156926.643664,156926.64358499998,5812.097910555555,42.11566199999999,155287.337424,29872.92974407492,79.6166813,63.05024,10.41780692948002,0.17205491285348873,3,64,,True,True,,318,59.56268577710819
122,2026-09-21T07:58:39.476+00:00,2026-09-21T08:01:16.280+00:00,2026-09-21T08:01:16.280+00:00,True,1,1.0,,1.0,156804.109515,156804.109515,156804.109515,156804.109515,156804.109515,156804.109515,nan,156804.109515,nan,nan,0.006377383877839881,3,64,,True,True,,1,59.56268577710819
123,2026-09-21T07:58:39.738+00:00,2026-09-21T08:01:17.482+00:00,2026-09-21T08:01:17.787+00:00,True,6,6.0,,6.0,157743.582887,158048.996007,158048.99615,26341.499358333334,42.727744,157743.582887,64373.612174666574,118326.13523399999,61.082624,12.799065783507794,0.03796291119580576,3,64,,True,True,,30,59.56268577710819
124,2026-09-21T07:58:39.986+00:00,2026-09-21T08:01:18.852+00:00,2026-09-21T08:01:19.371+00:00,True,10,10.0,,10.0,158866.06936300002,159385.53457900003,159385.53443300002,15938.553443300001,47.891824,158866.06936300002,50219.61045181655,87406.01459440001,57.71835733333334,6.58145921926498,0.06274095090507391,3,64,,True,True,,21,59.56268577710819
125,2026-09-21T07:58:40.366+00:00,2026-09-21T08:01:20.915+00:00,2026-09-21T08:01:23.365+00:00,True,39,39.0,,39.0,160548.659358,162998.24323,162998.24331,4179.442136153846,44.663062,160548.659358,25698.04002321457,76.77648409999999,64.46273347368421,10.022940774775712,0.23926638242946419,3,64,,True,True,,221,59.56268577710819
126,2026-09-21T07:58:40.729+00:00,2026-09-21T08:01:22.952+00:00,2026-09-21T08:01:29.023+00:00,True,97,97.0,,97.0,162222.85311899998,168293.57875099996,168293.57873699997,1734.9853478041234,44.019022,162222.85311899998,16464.816959011565,77.1663804,63.23672533333333,9.110878270810973,0.5763737435491647,3,64,,True,True,,143,59.56268577710819
127,2026-09-21T07:58:41.020+00:00,2026-09-21T08:01:24.283+00:00,2026-09-21T08:01:28.491+00:00,True,69,69.0,,69.0,163263.34413100002,167471.184899,167471.18468900002,2427.1186186811597,44.976942,163263.34413100002,19647.149740509358,79.1452792,61.880011294117644,9.48791022893619,0.4120111769771804,3,64,,True,True,,69,59.56268577710819
128,2026-09-21T07:58:41.381+00:00,2026-09-21T08:01:25.981+00:00,2026-09-21T08:01:28.829+00:00,True,47,47.0,,47.0,164599.826545,167448.30116899998,167448.301059,3562.7298097659573,44.604743,164599.826545,24000.321942531908,78.99038689999999,61.923361391304354,10.134511013879889,0.2806836478595532,3,64,,True,True,,60,59.56268577710819
129,2026-09-21T07:58:41.636+00:00,2026-09-21T08:01:27.318+00:00,2026-09-21T08:01:33.487+00:00,True,100,100.0,,100.0,165682.084991,171850.20863900002,171850.20862400002,1718.5020862400002,43.885883,165682.084991,16561.980765658845,77.0663345,62.30427927272727,9.495375595777022,0.5819021157551613,3,64,,True,True,,488,59.56268577710819
130,2026-09-21T07:58:41.923+00:00,2026-09-21T08:01:28.630+00:00,2026-09-21T08:01:33.870+00:00,True,85,85.0,,85.0,166707.41108199998,171947.30125799996,171947.30115499996,2022.9094253529408,43.110721,166707.41108199998,18075.19344616993,77.120776,62.37964495238096,8.478051135854326,0.4943375056085408,3,64,,True,True,,770,59.56268577710819
131,2026-09-21T07:58:42.317+00:00,2026-09-21T08:01:30.550+00:00,2026-09-21T08:01:31.774+00:00,True,21,21.0,,21.0,168232.369655,169456.803575,169456.80369099998,8069.3716043333325,46.793752999999995,168232.369655,36697.954190334654,76.48449400000001,61.221696,9.157443836505653,0.12392538721943729,3,64,,True,True,,152,59.56268577710819
132,2026-09-21T07:58:42.551+00:00,2026-09-21T08:01:31.893+00:00,2026-09-21T08:01:33.870+00:00,True,33,33.0,,33.0,169341.166053,171318.467557,171318.46739,5191.468708787878,44.837790999999996,169341.166053,29467.75832190598,77.58724639999998,61.790672,9.401966316094219,0.192623716932446,3,64,,True,True,,102,59.56268577710819
133,2026-09-21T07:58:42.798+00:00,2026-09-21T08:01:33.414+00:00,2026-09-21T08:01:34.710+00:00,True,21,21.0,,21.0,170616.91527,171912.196166,171912.19628899998,8186.295061380953,46.496072999999996,170616.91527,37217.531862613076,80.688254,64.7640448,9.890128182613195,0.12215538204003983,3,64,,True,True,,42,59.56268577710819
134,2026-09-21T07:58:43.668+00:00,2026-09-21T08:01:37.268+00:00,2026-09-21T08:01:38.674+00:00,True,23,23.0,,23.0,173599.592389,175006.56045299998,175006.560444,7608.980888869565,47.022472,173599.592389,36184.68364191823,79.3232741,63.95309381818182,10.650496796213368,0.13142364457918085,3,64,,True,True,,129,59.56268577710819
135,2026-09-21T07:58:43.731+00:00,2026-09-21T08:01:37.409+00:00,2026-09-21T08:01:39.547+00:00,True,34,34.0,,34.0,173678.018928,175815.60484800002,175815.605004,5171.047206,45.951752,173678.018928,29774.42723812378,77.95597835,64.77533090909091,9.91245751553747,0.19338442699323777,3,64,,True,True,,71,59.56268577710819
136,2026-09-21T07:58:43.737+00:00,2026-09-21T08:01:38.001+00:00,2026-09-21T08:01:39.799+00:00,True,29,29.0,,29.0,174263.103321,176061.450841,176061.451017,6071.084517827586,48.969972999999996,174263.103321,32347.920493303496,76.97743240000001,64.22669714285715,8.934350733239341,0.16471521654214766,3,64,,True,True,,116,59.56268577710819
137,2026-09-21T07:58:44.095+00:00,2026-09-21T08:01:39.543+00:00,2026-09-21T08:01:43.936+00:00,True,72,72.0,,72.0,175448.272426,179840.908586,179840.908613,2497.790397402778,43.151773,175448.272426,20669.48786113466,76.72109549999999,61.86811492957746,8.906297556638359,0.4003538492220727,3,64,,True,True,,144,59.56268577710819
138,2026-09-21T07:58:44.415+00:00,2026-09-21T08:01:41.105+00:00,2026-09-21T08:01:42.898+00:00,True,31,31.0,,31.0,176689.90961700003,178483.11537700004,178483.11523400003,5757.519846258066,44.257462,176689.90961700003,31723.71014263327,76.01005249999999,59.77352533333334,8.882238567188114,0.17368589703580872,3,64,,True,True,,248,59.56268577710819
139,2026-09-21T07:58:44.735+00:00,2026-09-21T08:01:43.100+00:00,2026-09-21T08:01:46.707+00:00,True,59,59.0,,59.0,178365.23111199998,181971.3234,181971.32331699997,3084.259717237288,41.230822,178365.23111199998,23213.082720444574,77.53094200000001,62.17400496551724,9.45143491988954,0.3242269105792523,3,64,,True,True,,366,59.56268577710819
140,2026-09-21T07:58:45.103+00:00,2026-09-21T08:01:44.624+00:00,2026-09-21T08:01:47.816+00:00,True,52,52.0,,52.0,179520.21818700002,182712.69793100003,182712.69788900003,3513.7057286346158,44.796003,179520.21818700002,24886.295705063687,76.78096754999999,62.597642039215685,8.346945756834657,0.2845998148395651,3,64,,True,True,,102,59.56268577710819
141,2026-09-21T07:58:45.416+00:00,2026-09-21T08:01:46.323+00:00,2026-09-21T08:01:52.358+00:00,True,95,95.0,,95.0,180906.793865,186941.910409,186941.910432,1967.809583494737,45.955433,180906.793865,18554.06036232137,77.30216100000001,64.20336748936171,8.798141960651547,0.5081792509349813,3,64,,True,True,,380,59.56268577710819
142,2026-09-21T07:58:45.706+00:00,2026-09-21T08:01:47.815+00:00,2026-09-21T08:01:53.846+00:00,True,96,96.0,,96.0,182108.30431600002,188139.813564,188139.81343200002,1959.7897232500002,43.801853,182108.30431600002,18579.87308238749,76.788254,63.48957103157895,8.623993314336902,0.5102588239109923,3,64,,True,True,,336,59.56268577710819
143,2026-09-21T07:58:45.946+00:00,2026-09-21T08:01:49.252+00:00,2026-09-21T08:01:52.815+00:00,True,57,57.0,,57.0,183305.546979,186868.952291,186868.952272,3278.4026714385964,41.724212,183305.546979,24270.986594309838,79.9689848,63.632237714285715,10.114094171983773,0.3050265937769976,3,64,,True,True,,114,59.56268577710819
144,2026-09-21T07:58:46.199+00:00,2026-09-21T08:01:50.785+00:00,2026-09-21T08:01:53.593+00:00,True,45,45.0,,45.0,184586.185746,187394.013202,187394.013227,4164.311405044445,47.919951999999995,184586.185746,27506.972695437216,78.17264060000001,63.814260363636365,9.573462560721014,0.24013573983013312,3,64,,True,True,,268,59.56268577710819
145,2026-09-21T07:58:46.510+00:00,2026-09-21T08:01:51.608+00:00,2026-09-21T08:01:54.373+00:00,True,45,45.0,,45.0,185098.22038800002,187862.65635600002,187862.65631800002,4174.725695955556,41.343443,185098.22038800002,27583.449374800988,77.8656022,62.82809018181818,9.73815599314088,0.23953669597178978,3,64,,True,True,,179,59.56268577710819
146,2026-09-21T07:58:46.874+00:00,2026-09-21T08:01:53.406+00:00,2026-09-21T08:01:57.968+00:00,True,73,73.0,,73.0,186531.891497,191093.959209,191093.959064,2617.725466630137,46.753932,186531.891497,21824.492115794623,74.937186,63.36205155555555,8.184375374824551,0.38201102903603407,3,64,,True,True,,365,59.56268577710819
147,2026-09-21T07:58:47.251+00:00,2026-09-21T08:01:55.603+00:00,2026-09-21T08:01:56.274+00:00,True,12,12.0,,12.0,188352.572887,189022.911191,189022.911173,15751.909264416665,44.134893,188352.572887,54355.11372406778,84802.28673285,60.93984581818182,12.040565772101225,0.06348436771177694,3,64,,True,True,,56,59.56268577710819
148,2026-09-21T07:58:47.588+00:00,2026-09-21T08:01:57.358+00:00,2026-09-21T08:02:00.180+00:00,True,45,45.0,,45.0,189770.005287,192592.07530300002,192592.075259,4279.823894644444,46.498982000000005,189770.005287,28279.682184427893,79.18812,64.13795490909091,8.259023340988984,0.2336544737326429,3,64,,True,True,,178,59.56268577710819
149,2026-09-21T07:58:47.928+00:00,2026-09-21T08:01:58.902+00:00,2026-09-21T08:02:00.554+00:00,True,27,27.0,,27.0,190974.092556,192626.21774,192626.217855,7134.304365,42.746822,190974.092556,36740.75358181557,76.689415,63.5432763076923,9.747930081678767,0.14016783549393905,3,64,,True,True,,128,59.56268577710819
150,2026-09-21T07:58:48.284+00:00,2026-09-21T08:02:01.028+00:00,2026-09-21T08:02:02.126+00:00,True,19,19.0,,19.0,192744.199893,193842.462933,193842.462892,10202.234889052632,50.031363,192744.199893,44204.55508337286,19345.4757849,61.01461333333334,8.25175929779803,0.09801773931528711,3,64,,True,True,,78,59.56268577710819
151,2026-09-21T07:58:48.597+00:00,2026-09-21T08:02:03.047+00:00,2026-09-21T08:02:05.136+00:00,True,34,34.0,,34.0,194449.732639,196539.600927,196539.600892,5780.576496823529,47.266353,194449.732639,33336.993948062365,75.67808649999999,63.32934206060606,7.4697972930823315,0.17299312626888105,3,64,,True,True,,170,59.56268577710819
152,2026-09-21T07:58:48.902+00:00,2026-09-21T08:02:04.691+00:00,2026-09-21T08:02:06.274+00:00,True,26,26.0,,26.0,195789.037736,197372.546216,197372.546182,7591.251776230769,47.990902999999996,195789.037736,38384.968183693534,77.543294,63.3403392,8.306151318297381,0.1317305800551724,3,64,,True,True,,130,59.56268577710819
153,2026-09-21T07:58:49.123+00:00,2026-09-21T08:02:05.541+00:00,2026-09-21T08:02:07.286+00:00,True,30,30.0,,30.0,196417.52789899998,198162.40444299998,198162.40445299997,6605.413481766666,49.666873,196417.52789899998,35849.7857619093,76.20057000000001,60.16815668965517,7.076247463884882,0.15139097693290904,3,64,,True,True,,69,59.56268577710819
154,2026-09-21T07:58:49.446+00:00,2026-09-21T08:02:07.420+00:00,2026-09-21T08:02:09.061+00:00,True,26,26.0,,26.0,197973.353688,199614.67413600002,199614.674186,7677.487468692308,43.076942,197973.353688,38812.89442066514,78.2580365,65.65281792,9.04752350361498,0.1302509452901537,3,64,,True,True,,141,59.56268577710819
155,2026-09-21T07:58:49.759+00:00,2026-09-21T08:02:09.056+00:00,2026-09-21T08:02:15.118+00:00,True,98,98.0,,98.0,199296.728084,205359.361556,205359.361623,2095.5036900306122,41.486531,199296.728084,20125.6980762157,76.2083185,62.501376,8.949211243283212,0.4772122354562157,3,64,,True,True,,201,59.56268577710819
156,2026-09-21T07:58:50.082+00:00,2026-09-21T08:02:10.921+00:00,2026-09-21T08:02:11.731+00:00,True,14,14.0,,14.0,200839.22919100002,201649.44999100003,201649.450115,14403.53215107143,45.072163,200839.22919100002,53659.88558970613,70342.83325395,62.32467692307692,9.303517676030884,0.06942741475677143,3,64,,True,True,,63,59.56268577710819
157,2026-09-21T07:58:50.398+00:00,2026-09-21T08:02:12.694+00:00,2026-09-21T08:02:13.127+00:00,True,8,8.0,,8.0,202295.88789399998,202729.450774,202729.45097799998,25341.181372249997,45.916782,202295.88789399998,71500.49972512892,131521.47826535,61.937554285714285,12.251894605160974,0.039461459444875086,3,64,,True,True,,70,59.56268577710819
158,2026-09-21T07:58:50.791+00:00,2026-09-21T08:02:14.990+00:00,2026-09-21T08:02:16.328+00:00,True,21,21.0,,21.0,204199.020318,205537.657886,205537.65794,9787.50752095238,52.018043,204199.020318,44545.27447687175,78.503624,66.9318784,8.708602675273072,0.10217105817001915,3,64,,True,True,,84,59.56268577710819
159,2026-09-21T07:58:51.034+00:00,2026-09-21T08:02:16.398+00:00,2026-09-21T08:02:19.806+00:00,True,55,55.0,,55.0,205363.871459,208771.731683,208771.731603,3795.8496655090908,48.081793,205363.871459,27682.750556781986,77.44027299999999,63.108522666666666,8.660163427103235,0.2634456281826137,3,64,,True,True,,129,59.56268577710819
160,2026-09-21T07:58:51.305+00:00,2026-09-21T08:02:17.806+00:00,2026-09-21T08:02:18.718+00:00,True,16,16.0,,16.0,206501.029606,207413.96247,207413.962586,12963.372661625,49.004813,206501.029606,51610.04250733071,51682.933237,60.86219093333333,8.514281451932591,0.07714041913795563,3,64,,True,True,,26,59.56268577710819
161,2026-09-21T07:58:51.620+00:00,2026-09-21T08:02:19.376+00:00,2026-09-21T08:02:25.346+00:00,True,97,97.0,,97.0,207756.916408,213726.355896,213726.35603199998,2203.3644951752576,46.570513,207756.916408,21088.20721367058,76.004532,62.18166133333334,9.161857027114554,0.45385137267394643,3,64,,True,True,,727,59.56268577710819
162,2026-09-21T07:58:51.921+00:00,2026-09-21T08:02:21.140+00:00,2026-09-21T08:02:22.413+00:00,True,21,21.0,,21.0,209218.718173,210491.690461,210491.690422,10023.413829619049,44.868222,209218.718173,45641.37894394594,76.556935,63.6486144,9.464750306380841,0.09976640861217698,3,64,,True,True,,147,59.56268577710819
163,2026-09-21T07:58:52.232+00:00,2026-09-21T08:02:22.946+00:00,2026-09-21T08:02:25.396+00:00,True,41,41.0,,41.0,210713.483799,213163.506711,213163.50695100002,5199.109925634147,43.025962,210713.483799,32898.3532004319,79.823414,61.2505728,10.021446549173625,0.19234061511094597,3,64,,True,True,,246,59.56268577710819
164,2026-09-21T07:58:52.610+00:00,2026-09-21T08:02:24.733+00:00,2026-09-21T08:02:26.631+00:00,True,31,31.0,,31.0,212122.937925,214021.37658100002,214021.376448,6903.915369290323,48.666492,212122.937925,38087.03978962737,77.120504,63.28128853333333,9.356452375450843,0.1448453444007614,3,64,,True,True,,98,59.56268577710819
166,2026-09-21T07:58:53.634+00:00,2026-09-21T08:02:26.505+00:00,2026-09-21T08:02:31.635+00:00,True,84,84.0,,84.0,212871.811736,218001.588888,218001.58885,2595.2570101190477,42.567211,212871.811736,23219.477124123307,76.711733,61.804544,9.014584950760476,0.38531829253389366,3,64,,True,True,,213,59.56268577710819
165,2026-09-21T07:58:52.865+00:00,2026-09-21T08:02:27.504+00:00,2026-09-21T08:02:27.504+00:00,True,1,1.0,,1.0,214639.130965,214639.130965,214639.130965,214639.130965,214639.130965,214639.130965,nan,214639.130965,nan,nan,0.004658982709742076,3,64,,True,True,,6,59.56268577710819
168,2026-09-21T07:58:53.795+00:00,2026-09-21T08:02:29.302+00:00,2026-09-21T08:02:32.521+00:00,True,52,52.0,,52.0,215506.755611,218725.123611,218725.123583,4206.252376596154,44.557622,215506.755611,29876.660049376645,76.45329305,63.105254901960784,8.788616825119151,0.2377413218084694,3,64,,True,True,,82,59.56268577710819
167,2026-09-21T07:58:53.790+00:00,2026-09-21T08:02:30.354+00:00,2026-09-21T08:02:34.120+00:00,True,60,60.0,,60.0,216563.124699,220330.090715,220330.09081,3672.168180166667,40.066751,216563.124699,27949.93865823348,79.40182295,63.84688162711865,10.866827313931807,0.2723186824155164,3,64,,True,True,,72,59.56268577710819
169,2026-09-21T07:58:54.029+00:00,2026-09-21T08:02:32.214+00:00,2026-09-21T08:02:36.310+00:00,True,64,64.0,,64.0,218184.845879,222280.358711,222280.358663,3473.130604109375,40.829302000000006,218184.845879,27264.981675324183,77.44006934999999,65.0081401904762,10.415624131552626,0.2879246748166815,3,64,,True,True,,192,59.56268577710819
170,2026-09-21T07:58:54.341+00:00,2026-09-21T08:02:33.672+00:00,2026-09-21T08:02:34.375+00:00,True,12,12.0,,12.0,219331.391468,220033.74589999998,220033.74581199998,18336.145484333334,46.383732,219331.391468,63297.087875666446,98741.6034152,63.8504029090909,11.466123414111062,0.05453708907657151,3,64,,True,True,,20,59.56268577710819
171,2026-09-21T07:58:54.611+00:00,2026-09-21T08:02:35.249+00:00,2026-09-21T08:02:36.547+00:00,True,21,21.0,,21.0,220637.784915,221936.142675,221936.142761,10568.387750523809,42.476311,220637.784915,48132.94768883791,109.453963,64.917888,14.249662535700239,0.09462181214328884,3,64,,True,True,,21,59.56268577710819
172,2026-09-21T07:58:54.962+00:00,2026-09-21T08:02:36.990+00:00,2026-09-21T08:02:43.081+00:00,True,97,97.0,,97.0,222027.303119,228118.82311899998,228118.82314199998,2351.7404447628865,41.485621,222027.303119,22537.01670961411,78.3815988,63.45333333333333,10.327939945421791,0.4252169929414338,3,64,,True,True,,291,59.56268577710819
173,2026-09-21T07:58:55.205+00:00,2026-09-21T08:02:38.134+00:00,2026-09-21T08:02:39.295+00:00,True,20,20.0,,20.0,222929.197924,224090.401636,224090.401705,11204.52008525,45.192631,222929.197924,49834.8188177339,11217.464693600003,61.11598484210526,8.553721698706887,0.08924969500695924,3,64,,True,True,,40,59.56268577710819
174,2026-09-21T07:58:55.421+00:00,2026-09-21T08:02:39.064+00:00,2026-09-21T08:02:40.908+00:00,True,30,30.0,,30.0,223642.737965,225486.887725,225486.887848,7516.229594933334,47.830212,223642.737965,40819.7817873266,83.407916,63.59137103448276,9.770567037001086,0.13304543028057353,3,64,,True,True,,325,59.56268577710819
175,2026-09-21T07:58:55.690+00:00,2026-09-21T08:02:40.497+00:00,2026-09-21T08:02:42.629+00:00,True,34,34.0,,34.0,224807.727957,226939.857493,226939.857661,6674.701695911765,47.763031000000005,224807.727957,38543.12777622627,77.082308,64.60998593939394,9.024753015283917,0.14981942958631117,3,64,,True,True,,340,59.56268577710819
176,2026-09-21T07:58:56.087+00:00,2026-09-21T08:02:42.447+00:00,2026-09-21T08:02:42.623+00:00,True,4,4.0,,4.0,226359.908413,226535.961661,226535.96184899998,56633.990462249996,46.056491,226359.908413,113150.61231982529,192415.72191085,58.684416,10.941219253177955,0.017657240690049047,3,64,,True,True,,8,59.56268577710819
177,2026-09-21T07:58:56.428+00:00,2026-09-21T08:02:44.363+00:00,2026-09-21T08:02:46.607+00:00,True,37,37.0,,37.0,227934.801285,230178.939525,230178.939376,6221.052415567568,43.940991000000004,227934.801285,37462.00347406123,75.88483539999999,62.33717333333333,9.367472803887852,0.160744506323444,3,64,,True,True,,162,59.56268577710819
178,2026-09-21T07:58:56.670+00:00,2026-09-21T08:02:45.897+00:00,2026-09-21T08:02:46.155+00:00,True,5,5.0,,5.0,229226.59419499998,229484.389267,229484.389183,45896.8778366,48.876552000000004,229226.59419499998,102484.42744326842,183395.9956422,64.448768,10.776888553937017,0.021787974406322737,3,64,,True,True,,7,59.56268577710819
179,2026-09-21T07:58:56.900+00:00,2026-09-21T08:02:46.988+00:00,2026-09-21T08:02:51.450+00:00,True,72,72.0,,72.0,230087.26479800002,234549.73161400002,234549.731644,3257.6351617222226,40.717262000000005,230087.26479800002,27108.638793534028,78.47138349999999,62.851645295774645,9.75503338980419,0.30697114639419354,3,64,,True,True,,288,59.56268577710819
180,2026-09-21T07:58:57.205+00:00,2026-09-21T08:02:48.295+00:00,2026-09-21T08:02:50.151+00:00,True,31,31.0,,31.0,231090.310472,232946.060104,232946.06029700002,7514.38904183871,45.183951,231090.310472,41493.93574082779,76.14006799999999,61.85832106666667,8.3730565718514,0.13307801808779202,3,64,,True,True,,103,59.56268577710819
181,2026-09-21T07:58:57.517+00:00,2026-09-21T08:02:49.895+00:00,2026-09-21T08:02:51.276+00:00,True,23,23.0,,23.0,232377.170606,233758.522542,233758.522575,10163.414025,46.111151,232377.170606,48440.89800488358,78.41051499999999,62.78872436363637,8.95506015437256,0.09839213454075255,3,64,,True,True,,74,59.56268577710819
182,2026-09-21T07:58:57.823+00:00,2026-09-21T08:02:51.612+00:00,2026-09-21T08:02:56.025+00:00,True,71,71.0,,71.0,233789.025794,238202.78272199997,238202.78279,3354.968771690141,41.165110999999996,233789.025794,27738.17172020393,80.099062,63.0536704,10.726439041049078,0.29806536761941266,3,64,,True,True,,426,59.56268577710819
183,2026-09-21T07:58:58.161+00:00,2026-09-21T08:02:53.495+00:00,2026-09-21T08:02:57.576+00:00,True,67,67.0,,67.0,235333.883465,239415.71898499998,239415.719098,3573.368941761194,42.329982,235333.883465,28743.05575227733,77.405041,61.84599272727273,9.849247821768081,0.27984795770321885,3,64,,True,True,,67,59.56268577710819
184,2026-09-21T07:58:58.509+00:00,2026-09-21T08:02:55.347+00:00,2026-09-21T08:02:58.894+00:00,True,57,57.0,,57.0,236838.117714,240384.719698,240384.719708,4217.275784350877,45.581263,236838.117714,31361.587805031428,77.484044,63.332178285714285,9.20629108800516,0.23711989710331924,3,64,,True,True,,70,59.56268577710819
185,2026-09-21T07:58:58.900+00:00,2026-09-21T08:02:57.504+00:00,2026-09-21T08:03:02.826+00:00,True,85,85.0,,85.0,238604.55114899998,243925.94583699998,243925.945915,2869.7170107647057,43.890761,238604.55114899998,25873.427804141797,77.8218142,63.349936761904765,9.737256271616806,0.3484664155276046,3,64,,True,True,,425,59.56268577710819
186,2026-09-21T07:58:59.245+00:00,2026-09-21T08:02:59.378+00:00,2026-09-21T08:03:01.173+00:00,True,29,29.0,,29.0,240133.216188,241927.69708399998,241927.697111,8342.334383137932,43.528521,240133.216188,44579.7188742238,79.5099466,64.08860342857143,9.814223008597521,0.11987052474579162,3,64,,True,True,,68,59.56268577710819
187,2026-09-21T07:58:59.630+00:00,2026-09-21T08:03:01.171+00:00,2026-09-21T08:03:04.931+00:00,True,61,61.0,,61.0,241541.752982,245301.722774,245301.722803,4021.3397180819675,44.986571000000005,241541.752982,30918.230268291143,77.812382,62.6661632,9.459755836085735,0.24867334525897392,3,64,,True,True,,603,59.56268577710819
188,2026-09-21T07:58:59.900+00:00,2026-09-21T08:03:02.771+00:00,2026-09-21T08:03:04.101+00:00,True,22,22.0,,22.0,242871.094859,244200.809803,244200.809835,11100.036810681819,47.789722000000005,242871.094859,51766.79236356272,80.10934850000001,63.31975923809524,9.184206296083696,0.09008979133913474,3,64,,True,True,,36,59.56268577710819
189,2026-09-21T07:59:00.240+00:00,2026-09-21T08:03:04.385+00:00,2026-09-21T08:03:08.211+00:00,True,60,60.0,,60.0,244144.59488,247971.05580799998,247971.055834,4132.850930566667,40.185222,244144.59488,31510.5601976162,77.485511,64.8552699661017,9.161066237872424,0.24196372356641913,3,64,,True,True,,122,59.56268577710819
190,2026-09-21T07:59:00.556+00:00,2026-09-21T08:03:05.996+00:00,2026-09-21T08:03:11.755+00:00,True,91,91.0,,91.0,245439.409634,251198.69283400002,251198.69297600002,2760.425197538462,42.939172,245439.409634,25722.334721806536,76.990288,63.99203555555555,9.58145386531785,0.3622630315999919,3,64,,True,True,,185,59.56268577710819
191,2026-09-21T07:59:00.824+00:00,2026-09-21T08:03:07.744+00:00,2026-09-21T08:03:11.109+00:00,True,54,54.0,,54.0,246920.126727,250285.26106299998,250285.26090599998,4634.912239,43.816190999999996,246920.126727,33592.934291205434,77.6312825,63.49310067924529,9.796879953752239,0.2157538153491488,3,64,,True,True,,108,59.56268577710819
193,2026-09-21T07:59:01.410+00:00,2026-09-21T08:03:09.543+00:00,2026-09-21T08:03:11.157+00:00,True,27,27.0,,27.0,248133.18147,249746.926622,249746.926737,9249.886175444444,46.112691,248133.18147,47741.309210760126,79.05123999999999,62.06712123076923,9.944110213222782,0.10810943848316247,3,64,,True,True,,46,59.56268577710819
194,2026-09-21T07:59:01.755+00:00,2026-09-21T08:03:11.287+00:00,2026-09-21T08:03:15.096+00:00,True,60,60.0,,60.0,249532.255585,253340.68924900002,253340.689309,4222.344821816667,43.744750999999994,249532.255585,32206.143976715397,78.861401,64.54972311864407,10.354135746486888,0.23683522839486723,3,64,,True,True,,660,59.56268577710819
195,2026-09-21T07:59:02.062+00:00,2026-09-21T08:03:13.043+00:00,2026-09-21T08:03:14.758+00:00,True,27,27.0,,27.0,250980.867585,252695.378177,252695.377965,9359.088072777779,44.989212,250980.867585,48288.60064531592,79.35323729999999,65.94271507692308,9.174147136715124,0.1068480167495897,3,64,,True,True,,135,59.56268577710819
192,2026-09-21T07:59:01.161+00:00,2026-09-21T08:03:14.489+00:00,2026-09-21T08:03:16.256+00:00,True,29,29.0,,29.0,253327.44408000002,255094.707568,255094.707601,8796.36922762069,43.524422,253327.44408000002,47030.00609973236,78.607834,63.11655314285714,10.598988244898589,0.11368326797712781,3,64,,True,True,,174,59.56268577710819
196,2026-09-21T07:59:02.319+00:00,2026-09-21T08:03:15.225+00:00,2026-09-21T08:03:21.173+00:00,True,96,96.0,,96.0,252906.79195500002,258853.94203500001,258853.941954,2696.3952286875,40.637750999999994,252906.79195500002,25805.804179840357,77.6000075,62.60157978947368,10.368767907718999,0.3708655129811379,3,64,,True,True,,288,59.56268577710819
197,2026-09-21T07:59:02.584+00:00,2026-09-21T08:03:16.328+00:00,2026-09-21T08:03:18.335+00:00,True,34,34.0,,34.0,253743.773906,255750.84693,255750.846906,7522.0837325294115,46.783002,253743.773906,43506.268364381176,78.4329015,60.820394666666665,8.270496874227247,0.1329418862464449,3,64,,True,True,,34,59.56268577710819
198,2026-09-21T07:59:02.975+00:00,2026-09-21T08:03:18.796+00:00,2026-09-21T08:03:22.576+00:00,True,60,60.0,,60.0,255821.188123,259601.048859,259601.048875,4326.684147916667,42.362342,255821.188123,33018.10438064505,77.10944544999998,64.06543620338984,11.055071098265046,0.23112387358877146,3,64,,True,True,,540,59.56268577710819
199,2026-09-21T07:59:03.255+00:00,2026-09-21T08:03:20.435+00:00,2026-09-21T08:03:24.042+00:00,True,57,57.0,,57.0,257180.24145,260786.76817,260786.768327,4575.206461877193,44.430542,257180.24145,34055.82675758083,79.77694100000001,64.40226285714286,11.497690604784053,0.21856937144465552,3,64,,True,True,,228,59.56268577710819
200,2026-09-21T07:59:03.541+00:00,2026-09-21T08:03:21.987+00:00,2026-09-21T08:03:25.434+00:00,True,55,55.0,,55.0,258445.359565,261892.204749,261892.204616,4761.676447563636,47.929702,258445.359565,34840.159572730874,80.053209,63.830466370370374,9.59265047781918,0.21001006903856698,3,64,,True,True,,165,59.56268577710819
201,2026-09-21T07:59:03.870+00:00,2026-09-21T08:03:23.415+00:00,2026-09-21T08:03:24.778+00:00,True,23,23.0,,23.0,259544.529463,260907.85925500002,260907.859379,11343.819973000001,49.225932,259544.529463,54105.85459879973,77.94429299999999,61.969536,8.641877710373564,0.08815372624525196,3,64,,True,True,,69,59.56268577710819
202,2026-09-21T07:59:04.213+00:00,2026-09-21T08:03:25.107+00:00,2026-09-21T08:03:28.853+00:00,True,60,60.0,,60.0,260894.177896,264639.91895200004,264639.918957,4410.66531595,42.898781,260894.177896,33673.0988276565,79.1289115,63.48713654237288,9.948267320459486,0.2267231649616803,3,64,,True,True,,120,59.56268577710819
203,2026-09-21T07:59:04.530+00:00,2026-09-21T08:03:26.809+00:00,2026-09-21T08:03:30.592+00:00,True,61,61.0,,61.0,262279.303882,266061.83546599996,266061.835365,4361.669432213114,42.415762,262279.303882,33573.353558282804,76.521133,63.04219306666667,10.267157685627865,0.22927001121059015,3,64,,True,True,,122,59.56268577710819
205,2026-09-21T07:59:05.748+00:00,2026-09-21T08:03:29.718+00:00,2026-09-21T08:03:31.312+00:00,True,26,26.0,,26.0,263969.152067,265563.792195,265563.792428,10213.992016461538,44.944441,263969.152067,51756.101330725585,79.05121199999999,63.78560512,9.401983380246214,0.09790491310994891,3,64,,True,True,,26,59.56268577710819
206,2026-09-21T07:59:05.871+00:00,2026-09-21T08:03:33.178+00:00,2026-09-21T08:03:35.424+00:00,True,36,36.0,,36.0,267307.141606,269553.03728600004,269553.037392,7487.584372,46.795181,267307.141606,44540.49647493034,79.02447425,64.168448,9.329198715004893,0.13355442165470177,3,64,,True,True,,144,59.56268577710819
204,2026-09-21T07:59:05.678+00:00,2026-09-21T08:03:33.254+00:00,2026-09-21T08:03:37.289+00:00,True,64,64.0,,64.0,267576.414537,271611.417161,271611.417121,4243.928392515625,45.264821000000005,267576.414537,33439.04704750009,78.84353850000001,64.0476606984127,8.98470306067375,0.23563074287876287,3,64,,True,True,,109,59.56268577710819
207,2026-09-21T07:59:05.896+00:00,2026-09-21T08:03:33.541+00:00,2026-09-21T08:03:39.852+00:00,True,100,100.0,,100.0,267644.9512,273956.303008,273956.303092,2739.56303092,43.573330999999996,267644.9512,26758.121584229022,76.59131649999999,63.751028363636365,9.204576092786732,0.3650217166096004,3,64,,True,True,,300,59.56268577710819
208,2026-09-21T07:59:05.995+00:00,2026-09-21T08:03:34.680+00:00,2026-09-21T08:03:35.364+00:00,True,12,12.0,,12.0,268685.201404,269369.736444,269369.736338,22447.478028166664,46.824262000000004,268685.201404,77544.77287065047,120952.76793779999,62.23045818181818,9.902718899986425,0.0445484342763008,3,64,,True,True,,68,59.56268577710819
209,2026-09-21T07:59:06.227+00:00,2026-09-21T08:03:36.189+00:00,2026-09-21T08:03:36.382+00:00,True,4,4.0,,4.0,269961.731051,270154.660843,270154.660815,67538.66520375,47.984871,269961.731051,134948.7110588516,229478.39442365,64.30993066666666,14.142171537535434,0.01480633348141491,3,64,,True,True,,19,59.56268577710819
210,2026-09-21T07:59:06.599+00:00,2026-09-21T08:03:37.922+00:00,2026-09-21T08:03:39.718+00:00,True,29,29.0,,29.0,271323.077239,273119.010167,273119.010166,9417.896902275863,46.639970999999996,271323.077239,50371.52078764216,77.5649074,64.14046171428572,9.080405359944736,0.10618081832629593,3,64,,True,True,,32,59.56268577710819
211,2026-09-21T07:59:06.958+00:00,2026-09-21T08:03:39.712+00:00,2026-09-21T08:03:42.176+00:00,True,39,39.0,,39.0,272754.35534899996,275218.443413,275218.44347899995,7056.883166128204,45.841801,272754.35534899996,43665.2694016925,80.8948,64.8444227368421,11.424978462579341,0.14170561942128124,3,64,,True,True,,279,59.56268577710819
212,2026-09-21T07:59:07.188+00:00,2026-09-21T08:03:41.034+00:00,2026-09-21T08:03:46.133+00:00,True,80,80.0,,80.0,273845.532303,278944.888463,278944.8885,3486.8111062499997,42.899521,273845.532303,30609.646104331412,79.94219405,64.54881215189873,9.96889130186227,0.28679500255697077,3,64,,True,True,,560,59.56268577710819
213,2026-09-21T07:59:07.549+00:00,2026-09-21T08:03:42.784+00:00,2026-09-21T08:03:44.103+00:00,True,22,22.0,,22.0,275235.01269199996,276553.68379599997,276553.683829,12570.62199222727,45.340691,275235.01269199996,58666.91502396027,81.51654095,62.7938620952381,10.224837666950696,0.0795505584956457,3,64,,True,True,,87,59.56268577710819
214,2026-09-21T07:59:07.921+00:00,2026-09-21T08:03:45.027+00:00,2026-09-21T08:03:48.686+00:00,True,59,59.0,,59.0,277106.18913,280765.370442,280765.37025700003,4758.735089101695,39.36242,277106.18913,36067.94079356817,77.70547510000002,63.08933296551724,9.90211278324106,0.21013987553777794,3,64,,True,True,,413,59.56268577710819
215,2026-09-21T07:59:08.250+00:00,2026-09-21T08:03:46.362+00:00,2026-09-21T08:03:49.753+00:00,True,55,55.0,,55.0,278111.104473,281502.63036099996,281502.63025399996,5118.229640981818,41.821180999999996,278111.104473,37492.026161947135,77.82151400000001,62.80603496296296,9.767133105720825,0.19538005712226494,3,64,,True,True,,110,59.56268577710819
216,2026-09-21T07:59:08.620+00:00,2026-09-21T08:03:48.419+00:00,2026-09-21T08:03:49.109+00:00,True,11,11.0,,11.0,279798.922889,280489.09428099997,280489.094313,25499.00857390909,58.047021,279798.922889,84341.74026154987,139938.8192255,69.0171392,6.9979536092429,0.039217211022757145,3,64,,True,True,,65,59.56268577710819
217,2026-09-21T07:59:08.938+00:00,2026-09-21T08:03:50.129+00:00,2026-09-21T08:03:53.289+00:00,True,50,50.0,,50.0,281190.479721,284350.900841,284350.900818,5687.01801636,42.611961,281190.479721,39757.21870426198,78.47143799999999,64.49839020408163,9.665198671847397,0.17583907718287278,3,64,,True,True,,349,59.56268577710819
218,2026-09-21T07:59:09.216+00:00,2026-09-21T08:03:51.554+00:00,2026-09-21T08:03:54.012+00:00,True,39,39.0,,39.0,282337.677292,284795.882988,284795.88288399996,7302.458535487179,44.878301,282337.677292,45199.85342302183,77.249236,64.68962357894736,9.817787185467187,0.1369401818271484,3,64,,True,True,,97,59.56268577710819
219,2026-09-21T07:59:09.454+00:00,2026-09-21T08:03:52.814+00:00,2026-09-21T08:03:53.618+00:00,True,13,13.0,,13.0,283360.04078399995,284163.23975999997,284163.23988999997,21858.710760769227,49.279421,283360.04078399995,78571.37180566805,113392.38989279998,66.933248,10.465718464822983,0.04574835228856346,3,64,,True,True,,30,59.56268577710819
220,2026-09-21T07:59:09.723+00:00,2026-09-21T08:03:54.012+00:00,2026-09-21T08:03:54.214+00:00,True,4,4.0,,4.0,284288.785682,284491.05486599996,284491.054646,71122.7636615,56.149500999999994,284288.785682,142110.68157061326,241656.44507750002,67.42306133333332,9.763947464816745,0.014060196029305971,3,64,,True,True,,18,59.56268577710819
223,2026-09-21T07:59:10.521+00:00,2026-09-21T08:03:56.227+00:00,2026-09-21T08:04:02.431+00:00,True,99,99.0,,99.0,285706.570844,291910.058332,291910.05834499997,2948.5864479292927,42.500261,285706.570844,28708.230150978674,76.72007199999999,63.300892734693875,8.860698273516716,0.33914555930581763,3,64,,True,True,,792,59.56268577710819
224,2026-09-21T07:59:10.887+00:00,2026-09-21T08:03:57.937+00:00,2026-09-21T08:03:59.463+00:00,True,25,25.0,,25.0,287050.726203,288576.553275,288576.553375,11543.062135,49.547381,287050.726203,57397.43071792542,79.13557399999999,63.576128,9.181553853338542,0.08663212487736716,3,64,,True,True,,62,59.56268577710819
221,2026-09-21T07:59:09.997+00:00,2026-09-21T08:03:59.364+00:00,2026-09-21T08:04:03.366+00:00,True,63,63.0,,63.0,289366.92626499996,293368.70188099996,293368.701769,4656.646059825396,42.794091,289366.92626499996,36448.67510908788,77.35415710000001,64.544768,8.839495685443673,0.21474683426030527,3,64,,True,True,,252,59.56268577710819
225,2026-09-21T07:59:11.191+00:00,2026-09-21T08:04:00.794+00:00,2026-09-21T08:04:06.506+00:00,True,92,92.0,,92.0,289603.678051,295314.792547,295314.79251,3209.943396847826,40.351220999999995,289603.678051,30186.728897100293,76.23213505,62.75949995604396,9.272432057829104,0.31153197307364144,3,64,,True,True,,523,59.56268577710819
222,2026-09-21T07:59:10.243+00:00,2026-09-21T08:04:01.879+00:00,2026-09-21T08:04:07.827+00:00,True,96,96.0,,96.0,291635.968092,297583.447388,297583.447347,3099.82757653125,44.813781000000006,291635.968092,29758.58316316817,75.82532675,62.605045221052634,9.212515556962085,0.3225985882031663,3,64,,True,True,,384,59.56268577710819
226,2026-09-21T07:59:11.567+00:00,2026-09-21T08:04:03.434+00:00,2026-09-21T08:04:05.453+00:00,True,34,34.0,,34.0,291867.905397,293885.99691700004,293885.996869,8643.705790264707,41.542171,291867.905397,50044.44568601744,74.4899145,61.154288484848486,8.713710856070895,0.11569111953844591,3,64,,True,True,,432,59.56268577710819
227,2026-09-21T07:59:11.897+00:00,2026-09-21T08:04:05.454+00:00,2026-09-21T08:04:05.833+00:00,True,7,7.0,,7.0,293557.059536,293935.589584,293935.58960400004,41990.798514857146,50.348091000000004,293557.059536,110930.29475343254,205514.36337980002,63.08834133333333,12.64634251845506,0.023814741215607584,3,64,,True,True,,14,59.56268577710819
228,2026-09-21T07:59:12.266+00:00,2026-09-21T08:04:07.377+00:00,2026-09-21T08:04:07.377+00:00,True,1,1.0,,1.0,295110.956104,295110.956104,295110.956104,295110.956104,295110.956104,295110.956104,nan,295110.956104,nan,nan,0.0033885559967065074,3,64,,True,True,,4,59.56268577710819
229,2026-09-21T07:59:12.580+00:00,2026-09-21T08:04:09.055+00:00,2026-09-21T08:04:11.285+00:00,True,36,36.0,,36.0,296475.345622,298705.707222,298705.707238,8297.380756611112,41.189721,296475.345622,49401.93786395629,79.6152335,63.72461714285714,10.234736028191909,0.12051996038108696,3,64,,True,True,,240,59.56268577710819
230,2026-09-21T07:59:12.940+00:00,2026-09-21T08:04:11.019+00:00,2026-09-21T08:04:11.065+00:00,True,2,2.0,,2.0,298079.391512,298125.153816,298125.153683,149062.5768415,45.762171,298079.391512,210741.6003286591,283177.71004495,45.762304,nan,0.006708591926578531,3,64,,True,True,,18,59.56268577710819
231,2026-09-21T07:59:13.179+00:00,2026-09-21T08:04:12.255+00:00,2026-09-21T08:04:13.210+00:00,False,18,17.0,,17.0,299076.490756,300031.50669199997,300031.50660699996,16668.41703372222,0.03375,299076.490756,70479.76565864768,44929.1216896,56.177408,16.856390742231387,0.05666071602757207,3,64,,True,False,Request timeout: 300.0s exceeded,86,59.56268577710819
232,2026-09-21T07:59:13.529+00:00,2026-09-21T08:04:13.555+00:00,2026-09-21T08:04:13.555+00:00,False,1,0.0,,0.0,300025.89680299995,300025.89680299995,300025.89680299995,300025.89680299995,300025.89680299995,300025.89680299995,nan,300025.89680299995,nan,nan,0.0,3,64,,True,False,"HTTPConnectionPool(host='gpu06', port=9004): Read timed out.",0,59.56268577710819
233,2026-09-21T07:59:13.822+00:00,2026-09-21T08:04:13.894+00:00,2026-09-21T08:04:13.894+00:00,False,1,0.0,,0.0,300071.879514,300071.879514,300071.879514,300071.879514,300071.879514,300071.879514,nan,300071.879514,nan,nan,0.0,3,64,,True,False,"HTTPConnectionPool(host='gpu06', port=9004): Read timed out.",0,59.56268577710819
234,2026-09-21T07:59:14.118+00:00,2026-09-21T08:04:14.226+00:00,2026-09-21T08:04:14.226+00:00,False,1,0.0,,0.0,300108.281795,300108.281795,300108.281795,300108.281795,300108.281795,300108.281795,nan,300108.281795,nan,nan,0.0,3,64,,True,False,"HTTPConnectionPool(host='gpu06', port=9004): Read timed out.",0,59.56268577710819
235,2026-09-21T07:59:14.490+00:00,2026-09-21T08:04:14.596+00:00,2026-09-21T08:04:14.596+00:00,False,1,0.0,,0.0,300106.56838,300106.56838,300106.56838,300106.56838,300106.56838,300106.56838,nan,300106.56838,nan,nan,0.0,3,64,,True,False,"HTTPConnectionPool(host='gpu06', port=9004): Read timed out.",0,59.56268577710819
236,2026-09-21T07:59:14.734+00:00,2026-09-21T08:04:14.842+00:00,2026-09-21T08:04:14.842+00:00,False,1,0.0,,0.0,300108.371204,300108.371204,300108.371204,300108.371204,300108.371204,300108.371204,nan,300108.371204,nan,nan,0.0,3,64,,True,False,"HTTPConnectionPool(host='gpu06', port=9004): Read timed out.",0,59.56268577710819
237,2026-09-21T07:59:15.077+00:00,2026-09-21T08:04:15.180+00:00,2026-09-21T08:04:15.180+00:00,False,1,0.0,,0.0,300103.485651,300103.485651,300103.485651,300103.485651,300103.485651,300103.485651,nan,300103.485651,nan,nan,0.0,3,64,,True,False,TTFT timeout: 300.0s exceeded (TTFT: 300.089s),0,59.56268577710819
238,2026-09-21T07:59:15.313+00:00,2026-09-21T08:04:15.417+00:00,2026-09-21T08:04:15.417+00:00,False,1,0.0,,0.0,300104.265335,300104.265335,300104.265335,300104.265335,300104.265335,300104.265335,nan,300104.265335,nan,nan,0.0,3,64,,True,False,"HTTPConnectionPool(host='gpu06', port=9004): Read timed out.",0,59.56268577710819
239,2026-09-21T07:59:15.665+00:00,2026-09-21T08:04:15.647+00:00,2026-09-21T08:04:15.803+00:00,False,3,2.0,,2.0,299981.955478,300137.63727,300137.637462,100045.879154,0.02641,299981.955478,173149.73871475068,269999.32548759994,77.840896,110.04636084726096,0.006663609463283758,3,64,,True,False,Request timeout: 300.0s exceeded,11,59.56268577710819
240,2026-09-21T07:59:16.020+00:00,2026-09-21T08:04:16.120+00:00,2026-09-21T08:04:16.120+00:00,False,1,0.0,,0.0,300099.826637,300099.826637,300099.826637,300099.826637,300099.826637,300099.826637,nan,300099.826637,nan,nan,0.0,3,64,,True,False,"HTTPConnectionPool(host='gpu06', port=9004): Read timed out.",0,59.56268577710819
241,2026-09-21T07:59:16.386+00:00,2026-09-21T08:04:16.494+00:00,2026-09-21T08:04:16.494+00:00,False,1,0.0,,0.0,300108.13539300003,300108.13539300003,300108.13539300003,300108.13539300003,300108.13539300003,300108.13539300003,nan,300108.13539300003,nan,nan,0.0,3,64,,True,False,"HTTPConnectionPool(host='gpu06', port=9004): Read timed out.",0,59.56268577710819
242,2026-09-21T07:59:16.696+00:00,2026-09-21T08:04:16.804+00:00,2026-09-21T08:04:16.804+00:00,False,1,0.0,,0.0,300107.299832,300107.299832,300107.299832,300107.299832,300107.299832,300107.299832,nan,300107.299832,nan,nan,0.0,3,64,,True,False,"HTTPConnectionPool(host='gpu06', port=9004): Read timed out.",0,59.56268577710819
243,2026-09-21T07:59:17.093+00:00,2026-09-21T08:04:17.185+00:00,2026-09-21T08:04:17.185+00:00,False,1,0.0,,0.0,300091.545016,300091.545016,300091.545016,300091.545016,300091.545016,300091.545016,nan,300091.545016,nan,nan,0.0,3,64,,True,False,"HTTPConnectionPool(host='gpu06', port=9004): Read timed out.",0,59.56268577710819
244,2026-09-21T07:59:17.345+00:00,2026-09-21T08:04:17.342+00:00,2026-09-21T08:04:17.548+00:00,False,3,2.0,,2.0,299997.064796,300202.90390000003,300202.90377000003,100067.63459,0.03381,299997.064796,173143.99609092544,270017.9388328,102.919552,145.5024371670633,0.006662160738678984,3,64,,True,False,Request timeout: 300.0s exceeded,20,59.56268577710819
245,2026-09-21T07:59:17.672+00:00,2026-09-21T08:04:17.752+00:00,2026-09-21T08:04:17.752+00:00,False,1,0.0,,0.0,300080.27951599995,300080.27951599995,300080.27951599995,300080.27951599995,300080.27951599995,300080.27951599995,nan,300080.27951599995,nan,nan,0.0,3,64,,True,False,"HTTPConnectionPool(host='gpu06', port=9004): Read timed out.",0,59.56268577710819
246,2026-09-21T07:59:17.906+00:00,2026-09-21T08:04:17.918+00:00,2026-09-21T08:04:17.918+00:00,False,1,0.0,,0.0,300011.713519,300011.713519,300011.713519,300011.713519,300011.713519,300011.713519,nan,300011.713519,nan,nan,0.0,3,64,,True,False,TTFT timeout: 300.0s exceeded (TTFT: 300.007s),0,59.56268577710819
247,2026-09-21T07:59:18.151+00:00,2026-09-21T08:04:18.256+00:00,2026-09-21T08:04:18.256+00:00,False,1,0.0,,0.0,300105.440345,300105.440345,300105.440345,300105.440345,300105.440345,300105.440345,nan,300105.440345,nan,nan,0.0,3,64,,True,False,"HTTPConnectionPool(host='gpu06', port=9004): Read timed out.",0,59.56268577710819
248,2026-09-21T07:59:19.545+00:00,2026-09-21T08:04:20.400+00:00,2026-09-21T08:04:20.400+00:00,False,1,0.0,,0.0,300854.981457,300854.981457,300854.981457,300854.981457,300854.981457,300854.981457,nan,300854.981457,nan,nan,0.0,3,64,,True,False,"HTTPConnectionPool(host='gpu06', port=9004): Read timed out.",0,59.56268577710819
249,2026-09-21T07:59:19.729+00:00,2026-09-21T08:04:20.401+00:00,2026-09-21T08:04:20.401+00:00,False,1,0.0,,0.0,300671.52478100004,300671.52478100004,300671.52478100004,300671.52478100004,300671.52478100004,300671.52478100004,nan,300671.52478100004,nan,nan,0.0,3,64,,True,False,TTFT timeout: 300.0s exceeded (TTFT: 300.168s),0,59.56268577710819
250,2026-09-21T07:59:20.018+00:00,2026-09-21T08:04:20.401+00:00,2026-09-21T08:04:20.401+00:00,False,1,0.0,,0.0,300383.28689499997,300383.28689499997,300383.28689499997,300383.28689499997,300383.28689499997,300383.28689499997,nan,300383.28689499997,nan,nan,0.0,3,64,,True,False,"HTTPConnectionPool(host='gpu06', port=9004): Read timed out.",0,59.56268577710819
252,2026-09-21T07:59:20.076+00:00,2026-09-21T08:04:20.862+00:00,2026-09-21T08:04:21.360+00:00,False,7,6.0,,6.0,300785.75599000003,301283.63375000004,301283.63377,43040.51911000001,0.023329999999999997,300785.75599000003,113654.9786138704,210600.88301320001,82.97962666666668,57.72160938072408,0.019914789015651267,3,64,,True,False,Request timeout: 300.0s exceeded,8,59.56268577710819
251,2026-09-21T07:59:20.076+00:00,2026-09-21T08:04:20.863+00:00,2026-09-21T08:04:21.360+00:00,False,7,6.0,,6.0,300787.89099,301284.36715,301284.36715999997,43040.62388,0.03196,300787.89099,113655.87445784049,210603.8121102,82.74602666666667,59.11500238831998,0.019914740538173326,3,64,,True,False,Request timeout: 300.0s exceeded,18,59.56268577710819
253,2026-09-21T07:59:20.218+00:00,2026-09-21T08:04:21.213+00:00,2026-09-21T08:04:21.402+00:00,False,5,4.0,,4.0,300995.781665,301184.250401,301184.25063900003,60236.850127800004,0.02984,300995.781665,134588.3388945855,240816.42764640003,47.117184,40.7100951883532,0.013280906935453484,3,64,,True,False,Request timeout: 300.0s exceeded,2,59.56268577710819
254,2026-09-21T07:59:20.268+00:00,2026-09-21T08:04:21.525+00:00,2026-09-21T08:04:21.525+00:00,False,1,0.0,,0.0,301257.21676700003,301257.21676700003,301257.21676700003,301257.21676700003,301257.21676700003,301257.21676700003,nan,301257.21676700003,nan,nan,0.0,3,64,,True,False,"HTTPConnectionPool(host='gpu06', port=9004): Read timed out.",0,59.56268577710819
258,2026-09-21T07:59:21.350+00:00,2026-09-21T08:04:21.526+00:00,2026-09-21T08:04:21.526+00:00,False,1,0.0,,0.0,300176.442531,300176.442531,300176.442531,300176.442531,300176.442531,300176.442531,nan,300176.442531,nan,nan,0.0,3,64,,True,False,"HTTPConnectionPool(host='gpu06', port=9004): Read timed out.",0,59.56268577710819
259,2026-09-21T07:59:21.696+00:00,2026-09-21T08:04:21.899+00:00,2026-09-21T08:04:21.899+00:00,False,1,0.0,,0.0,300203.15282899997,300203.15282899997,300203.15282899997,300203.15282899997,300203.15282899997,300203.15282899997,nan,300203.15282899997,nan,nan,0.0,3,64,,True,False,"HTTPConnectionPool(host='gpu06', port=9004): Read timed out.",0,59.56268577710819
255,2026-09-21T07:59:20.601+00:00,2026-09-21T08:04:21.899+00:00,2026-09-21T08:04:21.899+00:00,False,1,0.0,,0.0,301298.25866500003,301298.25866500003,301298.25866500003,301298.25866500003,301298.25866500003,301298.25866500003,nan,301298.25866500003,nan,nan,0.0,3,64,,True,False,"HTTPConnectionPool(host='gpu06', port=9004): Read timed out.",0,59.56268577710819
260,2026-09-21T07:59:21.955+00:00,2026-09-21T08:04:23.272+00:00,2026-09-21T08:04:23.272+00:00,False,1,0.0,,0.0,301316.964565,301316.964565,301316.964565,301316.964565,301316.964565,301316.964565,nan,301316.964565,nan,nan,0.0,3,64,,True,False,"HTTPConnectionPool(host='gpu06', port=9004): Read timed out.",0,59.56268577710819
263,2026-09-21T07:59:22.916+00:00,2026-09-21T08:04:23.276+00:00,2026-09-21T08:04:23.276+00:00,False,1,0.0,,0.0,300359.63233999995,300359.63233999995,300359.63233999995,300359.63233999995,300359.63233999995,300359.63233999995,nan,300359.63233999995,nan,nan,0.0,3,64,,True,False,"HTTPConnectionPool(host='gpu06', port=9004): Read timed out.",0,59.56268577710819
257,2026-09-21T07:59:21.056+00:00,2026-09-21T08:04:23.314+00:00,2026-09-21T08:04:23.314+00:00,False,1,0.0,,0.0,302257.745005,302257.745005,302257.745005,302257.745005,302257.745005,302257.745005,nan,302257.745005,nan,nan,0.0,3,64,,True,False,"HTTPConnectionPool(host='gpu06', port=9004): Read timed out.",0,59.56268577710819
261,2026-09-21T07:59:22.221+00:00,2026-09-21T08:04:23.314+00:00,2026-09-21T08:04:23.314+00:00,False,1,0.0,,0.0,301092.70501200005,301092.70501200005,301092.70501200005,301092.70501200005,301092.70501200005,301092.70501200005,nan,301092.70501200005,nan,nan,0.0,3,64,,True,False,"HTTPConnectionPool(host='gpu06', port=9004): Read timed out.",0,59.56268577710819
262,2026-09-21T07:59:22.587+00:00,2026-09-21T08:04:23.318+00:00,2026-09-21T08:04:23.318+00:00,False,1,0.0,,0.0,300730.72604000004,300730.72604000004,300730.72604000004,300730.72604000004,300730.72604000004,300730.72604000004,nan,300730.72604000004,nan,nan,0.0,3,64,,True,False,"HTTPConnectionPool(host='gpu06', port=9004): Read timed out.",0,59.56268577710819
264,2026-09-21T07:59:23.204+00:00,2026-09-21T08:04:23.318+00:00,2026-09-21T08:04:23.318+00:00,False,1,0.0,,0.0,300113.378706,300113.378706,300113.378706,300113.378706,300113.378706,300113.378706,nan,300113.378706,nan,nan,0.0,3,64,,True,False,"HTTPConnectionPool(host='gpu06', port=9004): Read timed out.",0,59.56268577710819
256,2026-09-21T07:59:20.824+00:00,2026-09-21T08:04:23.322+00:00,2026-09-21T08:04:23.322+00:00,False,1,0.0,,0.0,302498.581245,302498.581245,302498.581245,302498.581245,302498.581245,302498.581245,nan,302498.581245,nan,nan,0.0,3,64,,True,False,"HTTPConnectionPool(host='gpu06', port=9004): Read timed out.",0,59.56268577710819
265,2026-09-21T07:59:23.468+00:00,2026-09-21T08:04:23.577+00:00,2026-09-21T08:04:23.577+00:00,False,1,0.0,,0.0,300108.567298,300108.567298,300108.567298,300108.567298,300108.567298,300108.567298,nan,300108.567298,nan,nan,0.0,3,64,,True,False,"HTTPConnectionPool(host='gpu06', port=9004): Read timed out.",0,59.56268577710819
266,2026-09-21T07:59:23.802+00:00,2026-09-21T08:04:23.880+00:00,2026-09-21T08:04:23.880+00:00,False,1,0.0,,0.0,300077.685115,300077.685115,300077.685115,300077.685115,300077.685115,300077.685115,nan,300077.685115,nan,nan,0.0,3,64,,True,False,"HTTPConnectionPool(host='gpu06', port=9004): Read timed out.",0,59.56268577710819
267,2026-09-21T07:59:24.101+00:00,2026-09-21T08:04:24.144+00:00,2026-09-21T08:04:24.144+00:00,False,1,0.0,,0.0,300043.526304,300043.526304,300043.526304,300043.526304,300043.526304,300043.526304,nan,300043.526304,nan,nan,0.0,3,64,,True,False,"HTTPConnectionPool(host='gpu06', port=9004): Read timed out.",0,59.56268577710819
268,2026-09-21T07:59:24.411+00:00,2026-09-21T08:04:24.509+00:00,2026-09-21T08:04:24.509+00:00,False,1,0.0,,0.0,300098.190245,300098.190245,300098.190245,300098.190245,300098.190245,300098.190245,nan,300098.190245,nan,nan,0.0,3,64,,True,False,"HTTPConnectionPool(host='gpu06', port=9004): Read timed out.",0,59.56268577710819
269,2026-09-21T07:59:24.749+00:00,2026-09-21T08:04:24.855+00:00,2026-09-21T08:04:24.855+00:00,False,1,0.0,,0.0,300105.71088200004,300105.71088200004,300105.71088200004,300105.71088200004,300105.71088200004,300105.71088200004,nan,300105.71088200004,nan,nan,0.0,3,64,,True,False,"HTTPConnectionPool(host='gpu06', port=9004): Read timed out.",0,59.56268577710819
270,2026-09-21T07:59:25.110+00:00,2026-09-21T08:04:25.199+00:00,2026-09-21T08:04:25.199+00:00,False,1,0.0,,0.0,300088.507997,300088.507997,300088.507997,300088.507997,300088.507997,300088.507997,nan,300088.507997,nan,nan,0.0,3,64,,True,False,"HTTPConnectionPool(host='gpu06', port=9004): Read timed out.",0,59.56268577710819
271,2026-09-21T07:59:25.419+00:00,2026-09-21T08:04:25.519+00:00,2026-09-21T08:04:25.519+00:00,False,1,0.0,,0.0,300099.953567,300099.953567,300099.953567,300099.953567,300099.953567,300099.953567,nan,300099.953567,nan,nan,0.0,3,64,,True,False,"HTTPConnectionPool(host='gpu06', port=9004): Read timed out.",0,59.56268577710819
272,2026-09-21T07:59:25.787+00:00,2026-09-21T08:04:25.856+00:00,2026-09-21T08:04:25.856+00:00,False,1,0.0,,0.0,300068.914912,300068.914912,300068.914912,300068.914912,300068.914912,300068.914912,nan,300068.914912,nan,nan,0.0,3,64,,True,False,TTFT timeout: 300.0s exceeded (TTFT: 300.063s),0,59.56268577710819
273,2026-09-21T07:59:26.104+00:00,2026-09-21T08:04:26.204+00:00,2026-09-21T08:04:26.204+00:00,False,1,0.0,,0.0,300099.837121,300099.837121,300099.837121,300099.837121,300099.837121,300099.837121,nan,300099.837121,nan,nan,0.0,3,64,,True,False,"HTTPConnectionPool(host='gpu06', port=9004): Read timed out.",0,59.56268577710819
274,2026-09-21T07:59:26.335+00:00,2026-09-21T08:04:26.347+00:00,2026-09-21T08:04:26.347+00:00,False,1,0.0,,0.0,300012.198134,300012.198134,300012.198134,300012.198134,300012.198134,300012.198134,nan,300012.198134,nan,nan,0.0,3,64,,True,False,"HTTPConnectionPool(host='gpu06', port=9004): Read timed out.",0,59.56268577710819
275,2026-09-21T07:59:26.667+00:00,2026-09-21T08:04:26.766+00:00,2026-09-21T08:04:26.766+00:00,False,1,0.0,,0.0,300098.78628299996,300098.78628299996,300098.78628299996,300098.78628299996,300098.78628299996,300098.78628299996,nan,300098.78628299996,nan,nan,0.0,3,64,,True,False,"HTTPConnectionPool(host='gpu06', port=9004): Read timed out.",0,59.56268577710819
276,2026-09-21T07:59:27.058+00:00,2026-09-21T08:04:27.085+00:00,2026-09-21T08:04:27.085+00:00,False,1,0.0,,0.0,300026.86939600005,300026.86939600005,300026.86939600005,300026.86939600005,300026.86939600005,300026.86939600005,nan,300026.86939600005,nan,nan,0.0,3,64,,True,False,TTFT timeout: 300.0s exceeded (TTFT: 300.003s),0,59.56268577710819
277,2026-09-21T07:59:27.404+00:00,2026-09-21T08:04:27.489+00:00,2026-09-21T08:04:27.489+00:00,False,1,0.0,,0.0,300084.685054,300084.685054,300084.685054,300084.685054,300084.685054,300084.685054,nan,300084.685054,nan,nan,0.0,3,64,,True,False,"HTTPConnectionPool(host='gpu06', port=9004): Read timed out.",0,59.56268577710819
278,2026-09-21T07:59:27.708+00:00,2026-09-21T08:04:27.661+00:00,2026-09-21T08:04:27.764+00:00,False,3,2.0,,2.0,299952.266681,300055.500729,300055.500693,100018.500231,0.037149999999999996,299952.266681,173147.7285026977,269967.3596991,51.617024,72.94463774403029,0.006665433545263789,3,64,,True,False,Request timeout: 300.0s exceeded,4,59.56268577710819
279,2026-09-21T07:59:28.007+00:00,2026-09-21T08:04:28.113+00:00,2026-09-21T08:04:28.113+00:00,False,1,0.0,,0.0,300106.21916399995,300106.21916399995,300106.21916399995,300106.21916399995,300106.21916399995,300106.21916399995,nan,300106.21916399995,nan,nan,0.0,3,64,,True,False,"HTTPConnectionPool(host='gpu06', port=9004): Read timed out.",0,59.56268577710819
280,2026-09-21T07:59:28.280+00:00,2026-09-21T08:04:28.308+00:00,2026-09-21T08:04:28.308+00:00,False,1,0.0,,0.0,300028.113514,300028.113514,300028.113514,300028.113514,300028.113514,300028.113514,nan,300028.113514,nan,nan,0.0,3,64,,True,False,"HTTPConnectionPool(host='gpu06', port=9004): Read timed out.",0,59.56268577710819
281,2026-09-21T07:59:28.622+00:00,2026-09-21T08:04:28.718+00:00,2026-09-21T08:04:28.718+00:00,False,1,0.0,,0.0,300095.941403,300095.941403,300095.941403,300095.941403,300095.941403,300095.941403,nan,300095.941403,nan,nan,0.0,3,64,,True,False,"HTTPConnectionPool(host='gpu06', port=9004): Read timed out.",0,59.56268577710819
282,2026-09-21T07:59:28.961+00:00,2026-09-21T08:04:29.068+00:00,2026-09-21T08:04:29.068+00:00,False,1,0.0,,0.0,300107.59849,300107.59849,300107.59849,300107.59849,300107.59849,300107.59849,nan,300107.59849,nan,nan,0.0,3,64,,True,False,"HTTPConnectionPool(host='gpu06', port=9004): Read timed out.",0,59.56268577710819
283,2026-09-21T07:59:29.307+00:00,2026-09-21T08:04:29.417+00:00,2026-09-21T08:04:29.417+00:00,False,1,0.0,,0.0,300109.616087,300109.616087,300109.616087,300109.616087,300109.616087,300109.616087,nan,300109.616087,nan,nan,0.0,3,64,,True,False,"HTTPConnectionPool(host='gpu06', port=9004): Read timed out.",0,59.56268577710819
284,2026-09-21T07:59:29.544+00:00,2026-09-21T08:04:29.605+00:00,2026-09-21T08:04:29.605+00:00,False,1,0.0,,0.0,300060.81714999996,300060.81714999996,300060.81714999996,300060.81714999996,300060.81714999996,300060.81714999996,nan,300060.81714999996,nan,nan,0.0,3,64,,True,False,TTFT timeout: 300.0s exceeded (TTFT: 300.040s),0,59.56268577710819
285,2026-09-21T07:59:29.879+00:00,2026-09-21T08:04:29.897+00:00,2026-09-21T08:04:29.897+00:00,False,1,0.0,,0.0,300018.613067,300018.613067,300018.613067,300018.613067,300018.613067,300018.613067,nan,300018.613067,nan,nan,0.0,3,64,,True,False,TTFT timeout: 300.0s exceeded (TTFT: 300.007s),0,59.56268577710819
286,2026-09-21T07:59:30.227+00:00,2026-09-21T08:04:30.349+00:00,2026-09-21T08:04:30.349+00:00,False,1,0.0,,0.0,300122.087955,300122.087955,300122.087955,300122.087955,300122.087955,300122.087955,nan,300122.087955,nan,nan,0.0,3,64,,True,False,"HTTPConnectionPool(host='gpu06', port=9004): Read timed out.",0,59.56268577710819
287,2026-09-21T07:59:30.456+00:00,2026-09-21T08:04:30.560+00:00,2026-09-21T08:04:30.560+00:00,False,1,0.0,,0.0,300104.12785000005,300104.12785000005,300104.12785000005,300104.12785000005,300104.12785000005,300104.12785000005,nan,300104.12785000005,nan,nan,0.0,3,64,,True,False,"HTTPConnectionPool(host='gpu06', port=9004): Read timed out.",0,59.56268577710819
288,2026-09-21T07:59:30.736+00:00,2026-09-21T08:04:30.842+00:00,2026-09-21T08:04:30.842+00:00,False,1,0.0,,0.0,300106.758142,300106.758142,300106.758142,300106.758142,300106.758142,300106.758142,nan,300106.758142,nan,nan,0.0,3,64,,True,False,"HTTPConnectionPool(host='gpu06', port=9004): Read timed out.",0,59.56268577710819
289,2026-09-21T07:59:30.973+00:00,2026-09-21T08:04:31.081+00:00,2026-09-21T08:04:31.081+00:00,False,1,0.0,,0.0,300108.027386,300108.027386,300108.027386,300108.027386,300108.027386,300108.027386,nan,300108.027386,nan,nan,0.0,3,64,,True,False,"HTTPConnectionPool(host='gpu06', port=9004): Read timed out.",0,59.56268577710819
290,2026-09-21T07:59:31.270+00:00,2026-09-21T08:04:31.378+00:00,2026-09-21T08:04:31.378+00:00,False,1,0.0,,0.0,300108.279036,300108.279036,300108.279036,300108.279036,300108.279036,300108.279036,nan,300108.279036,nan,nan,0.0,3,64,,True,False,"HTTPConnectionPool(host='gpu06', port=9004): Read timed out.",0,59.56268577710819
291,2026-09-21T07:59:31.501+00:00,2026-09-21T08:04:31.512+00:00,2026-09-21T08:04:32.858+00:00,False,21,20.0,,20.0,300010.331977,301356.350793,301356.350886,14350.302423142857,0.037020000000000004,300010.331977,65452.94830777643,183.63233400000001,67.30094079999999,42.13679656409003,0.06636661197738582,3,64,,True,False,Request timeout: 300.0s exceeded,60,59.56268577710819
292,2026-09-21T07:59:31.872+00:00,2026-09-21T08:04:31.877+00:00,2026-09-21T08:04:32.960+00:00,False,21,20.0,,20.0,300005.083653,301087.450373,301087.450376,14337.497636952381,0.02558,300005.083653,65454.668649856845,78.932661,54.118336,15.854611279129747,0.06642588382618786,3,64,,True,False,Request timeout: 300.0s exceeded,40,59.56268577710819
296,2026-09-21T07:59:32.935+00:00,2026-09-21T08:04:33.030+00:00,2026-09-21T08:04:33.030+00:00,False,1,0.0,,0.0,300094.508583,300094.508583,300094.508583,300094.508583,300094.508583,300094.508583,nan,300094.508583,nan,nan,0.0,3,64,,True,False,"HTTPConnectionPool(host='gpu06', port=9004): Read timed out.",0,59.56268577710819
297,2026-09-21T07:59:33.178+00:00,2026-09-21T08:04:33.195+00:00,2026-09-21T08:04:33.195+00:00,False,1,0.0,,0.0,300016.531416,300016.531416,300016.531416,300016.531416,300016.531416,300016.531416,nan,300016.531416,nan,nan,0.0,3,64,,True,False,"HTTPConnectionPool(host='gpu06', port=9004): Read timed out.",0,59.56268577710819
293,2026-09-21T07:59:32.224+00:00,2026-09-21T08:04:33.305+00:00,2026-09-21T08:04:33.305+00:00,False,1,0.0,,0.0,301080.404822,301080.404822,301080.404822,301080.404822,301080.404822,301080.404822,nan,301080.404822,nan,nan,0.0,3,64,,True,False,"HTTPConnectionPool(host='gpu06', port=9004): Read timed out.",0,59.56268577710819
298,2026-09-21T07:59:33.473+00:00,2026-09-21T08:04:33.501+00:00,2026-09-21T08:04:33.501+00:00,False,1,0.0,,0.0,300028.065886,300028.065886,300028.065886,300028.065886,300028.065886,300028.065886,nan,300028.065886,nan,nan,0.0,3,64,,True,False,"HTTPConnectionPool(host='gpu06', port=9004): Read timed out.",0,59.56268577710819
294,2026-09-21T07:59:32.481+00:00,2026-09-21T08:04:33.542+00:00,2026-09-21T08:04:33.542+00:00,False,1,0.0,,0.0,301061.56348400004,301061.56348400004,301061.56348400004,301061.56348400004,301061.56348400004,301061.56348400004,nan,301061.56348400004,nan,nan,0.0,3,64,,True,False,"HTTPConnectionPool(host='gpu06', port=9004): Read timed out.",0,59.56268577710819
295,2026-09-21T07:59:32.700+00:00,2026-09-21T08:04:34.281+00:00,2026-09-21T08:04:34.980+00:00,False,14,13.0,,13.0,301580.96592,302279.82032,302279.820425,21591.415744642858,0.04083,301580.96592,80586.53900492749,105623.51603895,53.75803076923077,22.719400837773247,0.043006509618266665,3,64,,True,False,Request timeout: 300.0s exceeded,13,59.56268577710819
299,2026-09-21T07:59:34.872+00:00,2026-09-21T08:04:34.281+00:00,2026-09-21T08:04:34.281+00:00,True,1,1.0,,1.0,299408.929539,299408.929539,299408.929539,299408.929539,299408.929539,299408.929539,nan,299408.929539,nan,nan,0.003339913747862164,3,64,,True,True,,3,59.56268577710819
300,2026-09-21T07:59:35.220+00:00,2026-09-21T08:04:35.286+00:00,2026-09-21T08:04:35.286+00:00,False,1,0.0,,0.0,300066.542639,300066.542639,300066.542639,300066.542639,300066.542639,300066.542639,nan,300066.542639,nan,nan,0.0,3,64,,True,False,"HTTPConnectionPool(host='gpu06', port=9004): Read timed out.",0,59.56268577710819
302,2026-09-21T07:59:35.845+00:00,2026-09-21T08:04:36.091+00:00,2026-09-21T08:04:36.091+00:00,False,1,0.0,,0.0,300246.349387,300246.349387,300246.349387,300246.349387,300246.349387,300246.349387,nan,300246.349387,nan,nan,0.0,3,64,,True,False,"HTTPConnectionPool(host='gpu06', port=9004): Read timed out.",0,59.56268577710819
301,2026-09-21T07:59:35.833+00:00,2026-09-21T08:04:36.134+00:00,2026-09-21T08:04:36.134+00:00,False,1,0.0,,0.0,300301.33359500003,300301.33359500003,300301.33359500003,300301.33359500003,300301.33359500003,300301.33359500003,nan,300301.33359500003,nan,nan,0.0,3,64,,True,False,"HTTPConnectionPool(host='gpu06', port=9004): Read timed out.",0,59.56268577710819
303,2026-09-21T07:59:35.931+00:00,2026-09-21T08:04:36.182+00:00,2026-09-21T08:04:36.182+00:00,False,1,0.0,,0.0,300250.763294,300250.763294,300250.763294,300250.763294,300250.763294,300250.763294,nan,300250.763294,nan,nan,0.0,3,64,,True,False,"HTTPConnectionPool(host='gpu06', port=9004): Read timed out.",0,59.56268577710819
304,2026-09-21T07:59:35.979+00:00,2026-09-21T08:04:36.205+00:00,2026-09-21T08:04:36.205+00:00,False,1,0.0,,0.0,300226.010798,300226.010798,300226.010798,300226.010798,300226.010798,300226.010798,nan,300226.010798,nan,nan,0.0,3,64,,True,False,"HTTPConnectionPool(host='gpu06', port=9004): Read timed out.",0,59.56268577710819
305,2026-09-21T07:59:36.077+00:00,2026-09-21T08:04:36.227+00:00,2026-09-21T08:04:36.227+00:00,False,1,0.0,,0.0,300149.66944800003,300149.66944800003,300149.66944800003,300149.66944800003,300149.66944800003,300149.66944800003,nan,300149.66944800003,nan,nan,0.0,3,64,,True,False,"HTTPConnectionPool(host='gpu06', port=9004): Read timed out.",0,59.56268577710819
306,2026-09-21T07:59:36.086+00:00,2026-09-21T08:04:36.246+00:00,2026-09-21T08:04:36.246+00:00,False,1,0.0,,0.0,300160.362466,300160.362466,300160.362466,300160.362466,300160.362466,300160.362466,nan,300160.362466,nan,nan,0.0,3,64,,True,False,"HTTPConnectionPool(host='gpu06', port=9004): Read timed out.",0,59.56268577710819
307,2026-09-21T07:59:36.207+00:00,2026-09-21T08:04:36.323+00:00,2026-09-21T08:04:36.323+00:00,False,1,0.0,,0.0,300115.97294999997,300115.97294999997,300115.97294999997,300115.97294999997,300115.97294999997,300115.97294999997,nan,300115.97294999997,nan,nan,0.0,3,64,,True,False,"HTTPConnectionPool(host='gpu06', port=9004): Read timed out.",0,59.56268577710819
308,2026-09-21T07:59:36.510+00:00,2026-09-21T08:04:36.609+00:00,2026-09-21T08:04:36.609+00:00,False,1,0.0,,0.0,300098.73757700005,300098.73757700005,300098.73757700005,300098.73757700005,300098.73757700005,300098.73757700005,nan,300098.73757700005,nan,nan,0.0,3,64,,True,False,"HTTPConnectionPool(host='gpu06', port=9004): Read timed out.",0,59.56268577710819
309,2026-09-21T07:59:36.868+00:00,2026-09-21T08:04:36.977+00:00,2026-09-21T08:04:36.977+00:00,False,1,0.0,,0.0,300108.70931199996,300108.70931199996,300108.70931199996,300108.70931199996,300108.70931199996,300108.70931199996,nan,300108.70931199996,nan,nan,0.0,3,64,,True,False,"HTTPConnectionPool(host='gpu06', port=9004): Read timed out.",0,59.56268577710819
310,2026-09-21T07:59:37.182+00:00,2026-09-21T08:04:37.283+00:00,2026-09-21T08:04:37.283+00:00,False,1,0.0,,0.0,300101.500677,300101.500677,300101.500677,300101.500677,300101.500677,300101.500677,nan,300101.500677,nan,nan,0.0,3,64,,True,False,"HTTPConnectionPool(host='gpu06', port=9004): Read timed out.",0,59.56268577710819
311,2026-09-21T07:59:37.478+00:00,2026-09-21T08:04:37.580+00:00,2026-09-21T08:04:37.580+00:00,False,1,0.0,,0.0,300102.463393,300102.463393,300102.463393,300102.463393,300102.463393,300102.463393,nan,300102.463393,nan,nan,0.0,3,64,,True,False,"HTTPConnectionPool(host='gpu06', port=9004): Read timed out.",0,59.56268577710819
312,2026-09-21T07:59:37.869+00:00,2026-09-21T08:04:37.911+00:00,2026-09-21T08:04:37.911+00:00,False,1,0.0,,0.0,300041.35834700003,300041.35834700003,300041.35834700003,300041.35834700003,300041.35834700003,300041.35834700003,nan,300041.35834700003,nan,nan,0.0,3,64,,True,False,TTFT timeout: 300.0s exceeded (TTFT: 300.036s),0,59.56268577710819
313,2026-09-21T07:59:38.088+00:00,2026-09-21T08:04:38.079+00:00,2026-09-21T08:04:38.254+00:00,False,3,2.0,,2.0,299990.567428,300165.979396,300165.979337,100055.32644566667,0.03984,299990.567428,173149.0199953364,270009.0478921,87.705984,123.9788760799227,0.006662980275194546,3,64,,True,False,Request timeout: 300.0s exceeded,2,59.56268577710819
314,2026-09-21T07:59:38.468+00:00,2026-09-21T08:04:38.593+00:00,2026-09-21T08:04:38.593+00:00,False,1,0.0,,0.0,300125.615604,300125.615604,300125.615604,300125.615604,300125.615604,300125.615604,nan,300125.615604,nan,nan,0.0,3,64,,True,False,"HTTPConnectionPool(host='gpu06', port=9004): Read timed out.",0,59.56268577710819
315,2026-09-21T07:59:38.834+00:00,2026-09-21T08:04:38.943+00:00,2026-09-21T08:04:38.943+00:00,False,1,0.0,,0.0,300109.22171899996,300109.22171899996,300109.22171899996,300109.22171899996,300109.22171899996,300109.22171899996,nan,300109.22171899996,nan,nan,0.0,3,64,,True,False,"HTTPConnectionPool(host='gpu06', port=9004): Read timed out.",0,59.56268577710819
316,2026-09-21T07:59:39.116+00:00,2026-09-21T08:04:39.151+00:00,2026-09-21T08:04:39.151+00:00,False,1,0.0,,0.0,300034.574282,300034.574282,300034.574282,300034.574282,300034.574282,300034.574282,nan,300034.574282,nan,nan,0.0,3,64,,True,False,"HTTPConnectionPool(host='gpu06', port=9004): Read timed out.",0,59.56268577710819
317,2026-09-21T07:59:39.385+00:00,2026-09-21T08:04:39.453+00:00,2026-09-21T08:04:39.453+00:00,False,1,0.0,,0.0,300068.74411,300068.74411,300068.74411,300068.74411,300068.74411,300068.74411,nan,300068.74411,nan,nan,0.0,3,64,,True,False,"HTTPConnectionPool(host='gpu06', port=9004): Read timed out.",0,59.56268577710819
318,2026-09-21T07:59:39.663+00:00,2026-09-21T08:04:39.760+00:00,2026-09-21T08:04:39.760+00:00,False,1,0.0,,0.0,300096.440026,300096.440026,300096.440026,300096.440026,300096.440026,300096.440026,nan,300096.440026,nan,nan,0.0,3,64,,True,False,"HTTPConnectionPool(host='gpu06', port=9004): Read timed out.",0,59.56268577710819
319,2026-09-21T07:59:40.031+00:00,2026-09-21T08:04:40.042+00:00,2026-09-21T08:04:40.154+00:00,False,3,2.0,,2.0,300011.691837,300123.599165,300123.59932000004,100041.19977333334,0.06112,300011.691837,173179.53515390863,270021.7072896,55.953664,79.04390325066696,0.006663921149700903,3,64,,True,False,Request timeout: 300.0s exceeded,11,59.56268577710819
320,2026-09-21T07:59:40.366+00:00,2026-09-21T08:04:40.462+00:00,2026-09-21T08:04:40.462+00:00,False,1,0.0,,0.0,300095.90486199997,300095.90486199997,300095.90486199997,300095.90486199997,300095.90486199997,300095.90486199997,nan,300095.90486199997,nan,nan,0.0,3,64,,True,False,TTFT timeout: 300.0s exceeded (TTFT: 300.090s),0,59.56268577710819
321,2026-09-21T07:59:40.652+00:00,2026-09-21T08:04:40.624+00:00,2026-09-21T08:04:40.698+00:00,False,3,2.0,,2.0,299972.441147,300046.329915,300046.330062,100015.443354,0.08646,299972.441147,173167.84367573657,269982.5772778,36.944384,52.12524187386652,0.006665637271972562,3,64,,True,False,Request timeout: 300.0s exceeded,4,59.56268577710819
322,2026-09-21T07:59:40.978+00:00,2026-09-21T08:04:41.063+00:00,2026-09-21T08:04:41.063+00:00,False,1,0.0,,0.0,300085.232142,300085.232142,300085.232142,300085.232142,300085.232142,300085.232142,nan,300085.232142,nan,nan,0.0,3,64,,True,False,"HTTPConnectionPool(host='gpu06', port=9004): Read timed out.",0,59.56268577710819
323,2026-09-21T07:59:41.208+00:00,2026-09-21T08:04:41.238+00:00,2026-09-21T08:04:41.238+00:00,False,1,0.0,,0.0,300029.974591,300029.974591,300029.974591,300029.974591,300029.974591,300029.974591,nan,300029.974591,nan,nan,0.0,3,64,,True,False,"HTTPConnectionPool(host='gpu06', port=9004): Read timed out.",0,59.56268577710819
324,2026-09-21T07:59:41.512+00:00,2026-09-21T08:04:41.624+00:00,2026-09-21T08:04:41.624+00:00,False,1,0.0,,0.0,300112.0661,300112.0661,300112.0661,300112.0661,300112.0661,300112.0661,nan,300112.0661,nan,nan,0.0,3,64,,True,False,"HTTPConnectionPool(host='gpu06', port=9004): Read timed out.",0,59.56268577710819
325,2026-09-21T07:59:41.793+00:00,2026-09-21T08:04:41.897+00:00,2026-09-21T08:04:41.897+00:00,False,1,0.0,,0.0,300103.827499,300103.827499,300103.827499,300103.827499,300103.827499,300103.827499,nan,300103.827499,nan,nan,0.0,3,64,,True,False,"HTTPConnectionPool(host='gpu06', port=9004): Read timed out.",0,59.56268577710819
326,2026-09-21T07:59:42.136+00:00,2026-09-21T08:04:42.194+00:00,2026-09-21T08:04:42.194+00:00,False,1,0.0,,0.0,300057.907141,300057.907141,300057.907141,300057.907141,300057.907141,300057.907141,nan,300057.907141,nan,nan,0.0,3,64,,True,False,TTFT timeout: 300.0s exceeded (TTFT: 300.050s),0,59.56268577710819
327,2026-09-21T07:59:42.520+00:00,2026-09-21T08:04:42.560+00:00,2026-09-21T08:04:42.560+00:00,False,1,0.0,,0.0,300039.15817400004,300039.15817400004,300039.15817400004,300039.15817400004,300039.15817400004,300039.15817400004,nan,300039.15817400004,nan,nan,0.0,3,64,,True,False,"HTTPConnectionPool(host='gpu06', port=9004): Read timed out.",0,59.56268577710819
328,2026-09-21T07:59:42.797+00:00,2026-09-21T08:04:42.840+00:00,2026-09-21T08:04:42.840+00:00,False,1,0.0,,0.0,300042.582833,300042.582833,300042.582833,300042.582833,300042.582833,300042.582833,nan,300042.582833,nan,nan,0.0,3,64,,True,False,TTFT timeout: 300.0s exceeded (TTFT: 300.027s),0,59.56268577710819
329,2026-09-21T07:59:43.048+00:00,2026-09-21T08:04:43.155+00:00,2026-09-21T08:04:43.155+00:00,False,1,0.0,,0.0,300107.401232,300107.401232,300107.401232,300107.401232,300107.401232,300107.401232,nan,300107.401232,nan,nan,0.0,3,64,,True,False,"HTTPConnectionPool(host='gpu06', port=9004): Read timed out.",0,59.56268577710819
330,2026-09-21T07:59:43.388+00:00,2026-09-21T08:04:43.494+00:00,2026-09-21T08:04:43.494+00:00,False,1,0.0,,0.0,300106.715131,300106.715131,300106.715131,300106.715131,300106.715131,300106.715131,nan,300106.715131,nan,nan,0.0,3,64,,True,False,"HTTPConnectionPool(host='gpu06', port=9004): Read timed out.",0,59.56268577710819
331,2026-09-21T07:59:43.780+00:00,2026-09-21T08:04:43.885+00:00,2026-09-21T08:04:43.885+00:00,False,1,0.0,,0.0,300105.46074199997,300105.46074199997,300105.46074199997,300105.46074199997,300105.46074199997,300105.46074199997,nan,300105.46074199997,nan,nan,0.0,3,64,,True,False,"HTTPConnectionPool(host='gpu06', port=9004): Read timed out.",0,59.56268577710819
332,2026-09-21T07:59:44.115+00:00,2026-09-21T08:04:44.232+00:00,2026-09-21T08:04:44.232+00:00,False,1,0.0,,0.0,300117.391982,300117.391982,300117.391982,300117.391982,300117.391982,300117.391982,nan,300117.391982,nan,nan,0.0,3,64,,True,False,"HTTPConnectionPool(host='gpu06', port=9004): Read timed out.",0,59.56268577710819
333,2026-09-21T07:59:44.471+00:00,2026-09-21T08:04:44.576+00:00,2026-09-21T08:04:44.576+00:00,False,1,0.0,,0.0,300104.99254,300104.99254,300104.99254,300104.99254,300104.99254,300104.99254,nan,300104.99254,nan,nan,0.0,3,64,,True,False,"HTTPConnectionPool(host='gpu06', port=9004): Read timed out.",0,59.56268577710819
334,2026-09-21T07:59:44.708+00:00,2026-09-21T08:04:44.636+00:00,2026-09-21T08:04:44.750+00:00,False,3,2.0,,2.0,299927.431325,300042.156701,300042.156838,100014.05227933334,0.02341,299927.431325,173130.07430511015,269946.15840280004,57.362688,81.09014582462734,0.006665729982713906,3,64,,True,False,Request timeout: 300.0s exceeded,7,59.56268577710819
335,2026-09-21T07:59:45.087+00:00,2026-09-21T08:04:45.175+00:00,2026-09-21T08:04:45.175+00:00,False,1,0.0,,0.0,300087.425768,300087.425768,300087.425768,300087.425768,300087.425768,300087.425768,nan,300087.425768,nan,nan,0.0,3,64,,True,False,"HTTPConnectionPool(host='gpu06', port=9004): Read timed out.",0,59.56268577710819
336,2026-09-21T07:59:45.402+00:00,2026-09-21T08:04:45.709+00:00,2026-09-21T08:04:46.521+00:00,True,11,11.0,,11.0,300307.823379,301119.126547,301119.126429,27374.466039,44.919487000000004,300307.823379,90521.76180516047,150241.386984,81.1303168,39.859857023261746,0.03653039289180812,3,64,,True,True,,110,59.56268577710819
337,2026-09-21T07:59:45.789+00:00,2026-09-21T08:04:46.202+00:00,2026-09-21T08:04:47.130+00:00,False,18,17.0,,17.0,300413.75360399997,301341.32403599995,301341.324088,16741.184671555555,0.02852,300413.75360399997,70795.3419303403,45123.94267169999,54.5629665882353,16.30543342671374,0.056414433215834295,3,64,,True,False,Request timeout: 300.0s exceeded,81,59.56268577710819
341,2026-09-21T07:59:46.892+00:00,2026-09-21T08:04:46.412+00:00,2026-09-21T08:04:47.127+00:00,False,15,14.0,,14.0,299520.594185,300235.254281,300235.254351,20015.6836234,0.027620000000000002,299520.594185,77322.70608293133,89899.5463397,51.047149714285716,15.945095341545091,0.04663010023099067,3,64,,True,False,Request timeout: 300.0s exceeded,40,59.56268577710819
342,2026-09-21T07:59:47.152+00:00,2026-09-21T08:04:47.230+00:00,2026-09-21T08:04:47.230+00:00,False,1,0.0,,0.0,300078.295232,300078.295232,300078.295232,300078.295232,300078.295232,300078.295232,nan,300078.295232,nan,nan,0.0,3,64,,True,False,"HTTPConnectionPool(host='gpu06', port=9004): Read timed out.",0,59.56268577710819
338,2026-09-21T07:59:46.097+00:00,2026-09-21T08:04:47.301+00:00,2026-09-21T08:04:47.301+00:00,False,1,0.0,,0.0,301204.50402999995,301204.50402999995,301204.50402999995,301204.50402999995,301204.50402999995,301204.50402999995,nan,301204.50402999995,nan,nan,0.0,3,64,,True,False,"HTTPConnectionPool(host='gpu06', port=9004): Read timed out.",0,59.56268577710819
339,2026-09-21T07:59:46.314+00:00,2026-09-21T08:04:47.452+00:00,2026-09-21T08:04:47.452+00:00,False,1,0.0,,0.0,301138.000911,301138.000911,301138.000911,301138.000911,301138.000911,301138.000911,nan,301138.000911,nan,nan,0.0,3,64,,True,False,"HTTPConnectionPool(host='gpu06', port=9004): Read timed out.",0,59.56268577710819
343,2026-09-21T07:59:47.477+00:00,2026-09-21T08:04:47.508+00:00,2026-09-21T08:04:47.508+00:00,False,1,0.0,,0.0,300030.331936,300030.331936,300030.331936,300030.331936,300030.331936,300030.331936,nan,300030.331936,nan,nan,0.0,3,64,,True,False,"HTTPConnectionPool(host='gpu06', port=9004): Read timed out.",0,59.56268577710819
340,2026-09-21T07:59:46.622+00:00,2026-09-21T08:04:47.676+00:00,2026-09-21T08:04:47.676+00:00,False,1,0.0,,0.0,301053.90083999996,301053.90083999996,301053.90083999996,301053.90083999996,301053.90083999996,301053.90083999996,nan,301053.90083999996,nan,nan,0.0,3,64,,True,False,"HTTPConnectionPool(host='gpu06', port=9004): Read timed out.",0,59.56268577710819
344,2026-09-21T07:59:47.721+00:00,2026-09-21T08:04:47.749+00:00,2026-09-21T08:04:47.749+00:00,False,1,0.0,,0.0,300027.62372000003,300027.62372000003,300027.62372000003,300027.62372000003,300027.62372000003,300027.62372000003,nan,300027.62372000003,nan,nan,0.0,3,64,,True,False,"HTTPConnectionPool(host='gpu06', port=9004): Read timed out.",0,59.56268577710819
345,2026-09-21T07:59:47.978+00:00,2026-09-21T08:04:48.092+00:00,2026-09-21T08:04:48.092+00:00,False,1,0.0,,0.0,300114.538896,300114.538896,300114.538896,300114.538896,300114.538896,300114.538896,nan,300114.538896,nan,nan,0.0,3,64,,True,False,"HTTPConnectionPool(host='gpu06', port=9004): Read timed out.",0,59.56268577710819
346,2026-09-21T07:59:48.326+00:00,2026-09-21T08:04:48.411+00:00,2026-09-21T08:04:48.411+00:00,False,1,0.0,,0.0,300085.803466,300085.803466,300085.803466,300085.803466,300085.803466,300085.803466,nan,300085.803466,nan,nan,0.0,3,64,,True,False,"HTTPConnectionPool(host='gpu06', port=9004): Read timed out.",0,59.56268577710819
347,2026-09-21T07:59:48.645+00:00,2026-09-21T08:04:48.753+00:00,2026-09-21T08:04:48.753+00:00,False,1,0.0,,0.0,300107.78533700004,300107.78533700004,300107.78533700004,300107.78533700004,300107.78533700004,300107.78533700004,nan,300107.78533700004,nan,nan,0.0,3,64,,True,False,"HTTPConnectionPool(host='gpu06', port=9004): Read timed out.",0,59.56268577710819
348,2026-09-21T07:59:49.031+00:00,2026-09-21T08:04:49.022+00:00,2026-09-21T08:04:49.138+00:00,False,3,2.0,,2.0,299990.53290600004,300106.38519400003,300106.38521900005,100035.46173966667,0.0368,299990.53290600004,173166.18092175986,270003.06116670003,57.926144,81.86780489201357,0.006664303389303513,3,64,,True,False,Request timeout: 300.0s exceeded,6,59.56268577710819
349,2026-09-21T07:59:49.358+00:00,2026-09-21T08:04:49.281+00:00,2026-09-21T08:04:49.406+00:00,False,4,3.0,,3.0,299923.546002,300048.630674,300048.630765,75012.15769125,0.06942,299923.546002,149940.92869435862,254946.0276981,41.694890666666666,37.665322909366346,0.009998379240262126,3,64,,True,False,Request timeout: 300.0s exceeded,12,59.56268577710819
350,2026-09-21T07:59:49.593+00:00,2026-09-21T08:04:49.698+00:00,2026-09-21T08:04:49.698+00:00,False,1,0.0,,0.0,300104.64838599996,300104.64838599996,300104.64838599996,300104.64838599996,300104.64838599996,300104.64838599996,nan,300104.64838599996,nan,nan,0.0,3,64,,True,False,"HTTPConnectionPool(host='gpu06', port=9004): Read timed out.",0,59.56268577710819
351,2026-09-21T07:59:49.923+00:00,2026-09-21T08:04:50.028+00:00,2026-09-21T08:04:50.028+00:00,False,1,0.0,,0.0,300105.336157,300105.336157,300105.336157,300105.336157,300105.336157,300105.336157,nan,300105.336157,nan,nan,0.0,3,64,,True,False,"HTTPConnectionPool(host='gpu06', port=9004): Read timed out.",0,59.56268577710819
352,2026-09-21T07:59:50.293+00:00,2026-09-21T08:04:50.408+00:00,2026-09-21T08:04:50.408+00:00,False,1,0.0,,0.0,300115.31856,300115.31856,300115.31856,300115.31856,300115.31856,300115.31856,nan,300115.31856,nan,nan,0.0,3,64,,True,False,"HTTPConnectionPool(host='gpu06', port=9004): Read timed out.",0,59.56268577710819
353,2026-09-21T07:59:50.588+00:00,2026-09-21T08:04:50.709+00:00,2026-09-21T08:04:50.709+00:00,False,1,0.0,,0.0,300121.508807,300121.508807,300121.508807,300121.508807,300121.508807,300121.508807,nan,300121.508807,nan,nan,0.0,3,64,,True,False,"HTTPConnectionPool(host='gpu06', port=9004): Read timed out.",0,59.56268577710819
354,2026-09-21T07:59:50.923+00:00,2026-09-21T08:04:51.030+00:00,2026-09-21T08:04:51.030+00:00,False,1,0.0,,0.0,300107.671007,300107.671007,300107.671007,300107.671007,300107.671007,300107.671007,nan,300107.671007,nan,nan,0.0,3,64,,True,False,"HTTPConnectionPool(host='gpu06', port=9004): Read timed out.",0,59.56268577710819
355,2026-09-21T07:59:51.249+00:00,2026-09-21T08:04:51.339+00:00,2026-09-21T08:04:51.339+00:00,False,1,0.0,,0.0,300090.243379,300090.243379,300090.243379,300090.243379,300090.243379,300090.243379,nan,300090.243379,nan,nan,0.0,3,64,,True,False,TTFT timeout: 300.0s exceeded (TTFT: 300.079s),0,59.56268577710819
356,2026-09-21T07:59:51.601+00:00,2026-09-21T08:04:51.565+00:00,2026-09-21T08:04:51.657+00:00,False,4,3.0,,3.0,299964.684255,300056.31228699995,300056.31221899996,75014.07805474999,0.032909999999999995,299964.684255,149967.07235199757,254976.88018829998,30.542677333333334,26.42283896096234,0.009998123276042062,3,64,,True,False,Request timeout: 300.0s exceeded,7,59.56268577710819
357,2026-09-21T07:59:51.966+00:00,2026-09-21T08:04:52.070+00:00,2026-09-21T08:04:52.070+00:00,False,1,0.0,,0.0,300104.271352,300104.271352,300104.271352,300104.271352,300104.271352,300104.271352,nan,300104.271352,nan,nan,0.0,3,64,,True,False,"HTTPConnectionPool(host='gpu06', port=9004): Read timed out.",0,59.56268577710819
358,2026-09-21T07:59:52.303+00:00,2026-09-21T08:04:52.382+00:00,2026-09-21T08:04:52.382+00:00,False,1,0.0,,0.0,300079.252554,300079.252554,300079.252554,300079.252554,300079.252554,300079.252554,nan,300079.252554,nan,nan,0.0,3,64,,True,False,"HTTPConnectionPool(host='gpu06', port=9004): Read timed out.",0,59.56268577710819
359,2026-09-21T07:59:52.577+00:00,2026-09-21T08:04:52.691+00:00,2026-09-21T08:04:52.691+00:00,False,1,0.0,,0.0,300113.873921,300113.873921,300113.873921,300113.873921,300113.873921,300113.873921,nan,300113.873921,nan,nan,0.0,3,64,,True,False,"HTTPConnectionPool(host='gpu06', port=9004): Read timed out.",0,59.56268577710819
361,2026-09-21T07:59:54.227+00:00,2026-09-21T08:04:53.200+00:00,2026-09-21T08:04:53.347+00:00,True,3,3.0,,3.0,298973.402194,299119.778386,299119.77846500004,99706.59282166668,54.826527,298973.402194,172570.1200243572,269085.216949,73.188096,25.96722374686982,0.01002942706158548,3,64,,True,True,,15,59.56268577710819
362,2026-09-21T07:59:54.308+00:00,2026-09-21T08:04:53.201+00:00,2026-09-21T08:04:54.565+00:00,False,25,24.0,,24.0,298893.215327,300257.272671,300257.272743,12010.29090972,0.03091,298893.215327,59767.277999566286,88.16963439999999,56.83572266666666,16.10450070156688,0.07993145273885655,3,64,,True,False,Request timeout: 300.0s exceeded,96,59.56268577710819
360,2026-09-21T07:59:54.182+00:00,2026-09-21T08:04:53.202+00:00,2026-09-21T08:04:54.456+00:00,False,23,22.0,,22.0,299020.31335799996,300274.65242999996,300274.65255099995,13055.419676130432,0.02817,299020.31335799996,62338.15916701907,91.08012610000002,57.015412363636365,17.228265186040222,0.07326625748115266,3,64,,True,False,Request timeout: 300.0s exceeded,43,59.56268577710819
363,2026-09-21T07:59:54.410+00:00,2026-09-21T08:04:54.147+00:00,2026-09-21T08:04:54.632+00:00,False,10,9.0,,9.0,299736.77263,300222.329366,300222.32932,30022.232932000003,0.02633,299736.77263,94768.03156029283,164888.45708875,53.95074844444445,22.056030842247246,0.029977783527980462,3,64,,True,False,Request timeout: 300.0s exceeded,37,59.56268577710819
365,2026-09-21T07:59:54.964+00:00,2026-09-21T08:04:55.093+00:00,2026-09-21T08:04:55.093+00:00,False,1,0.0,,0.0,300129.423464,300129.423464,300129.423464,300129.423464,300129.423464,300129.423464,nan,300129.423464,nan,nan,0.0,3,64,,True,False,"HTTPConnectionPool(host='gpu06', port=9004): Read timed out.",0,59.56268577710819
368,2026-09-21T07:59:55.090+00:00,2026-09-21T08:04:55.158+00:00,2026-09-21T08:04:55.158+00:00,False,1,0.0,,0.0,300068.039828,300068.039828,300068.039828,300068.039828,300068.039828,300068.039828,nan,300068.039828,nan,nan,0.0,3,64,,True,False,"HTTPConnectionPool(host='gpu06', port=9004): Read timed out.",0,59.56268577710819
364,2026-09-21T07:59:54.937+00:00,2026-09-21T08:04:55.409+00:00,2026-09-21T08:04:55.409+00:00,False,1,0.0,,0.0,300472.403477,300472.403477,300472.403477,300472.403477,300472.403477,300472.403477,nan,300472.403477,nan,nan,0.0,3,64,,True,False,"HTTPConnectionPool(host='gpu06', port=9004): Read timed out.",0,59.56268577710819
367,2026-09-21T07:59:55.034+00:00,2026-09-21T08:04:55.461+00:00,2026-09-21T08:04:55.461+00:00,False,1,0.0,,0.0,300427.086805,300427.086805,300427.086805,300427.086805,300427.086805,300427.086805,nan,300427.086805,nan,nan,0.0,3,64,,True,False,"HTTPConnectionPool(host='gpu06', port=9004): Read timed out.",0,59.56268577710819
366,2026-09-21T07:59:55.024+00:00,2026-09-21T08:04:55.485+00:00,2026-09-21T08:04:55.485+00:00,False,1,0.0,,0.0,300460.80685399997,300460.80685399997,300460.80685399997,300460.80685399997,300460.80685399997,300460.80685399997,nan,300460.80685399997,nan,nan,0.0,3,64,,True,False,"HTTPConnectionPool(host='gpu06', port=9004): Read timed out.",0,59.56268577710819
369,2026-09-21T07:59:55.304+00:00,2026-09-21T08:04:55.516+00:00,2026-09-21T08:04:55.516+00:00,False,1,0.0,,0.0,300211.882568,300211.882568,300211.882568,300211.882568,300211.882568,300211.882568,nan,300211.882568,nan,nan,0.0,3,64,,True,False,"HTTPConnectionPool(host='gpu06', port=9004): Read timed out.",0,59.56268577710819
370,2026-09-21T07:59:55.591+00:00,2026-09-21T08:04:55.739+00:00,2026-09-21T08:04:55.739+00:00,False,1,0.0,,0.0,300148.572178,300148.572178,300148.572178,300148.572178,300148.572178,300148.572178,nan,300148.572178,nan,nan,0.0,3,64,,True,False,"HTTPConnectionPool(host='gpu06', port=9004): Read timed out.",0,59.56268577710819
371,2026-09-21T07:59:55.843+00:00,2026-09-21T08:04:55.949+00:00,2026-09-21T08:04:55.949+00:00,False,1,0.0,,0.0,300105.801584,300105.801584,300105.801584,300105.801584,300105.801584,300105.801584,nan,300105.801584,nan,nan,0.0,3,64,,True,False,"HTTPConnectionPool(host='gpu06', port=9004): Read timed out.",0,59.56268577710819
372,2026-09-21T07:59:56.242+00:00,2026-09-21T08:04:56.349+00:00,2026-09-21T08:04:56.349+00:00,False,1,0.0,,0.0,300107.237914,300107.237914,300107.237914,300107.237914,300107.237914,300107.237914,nan,300107.237914,nan,nan,0.0,3,64,,True,False,"HTTPConnectionPool(host='gpu06', port=9004): Read timed out.",0,59.56268577710819
373,2026-09-21T07:59:56.618+00:00,2026-09-21T08:04:56.724+00:00,2026-09-21T08:04:56.724+00:00,False,1,0.0,,0.0,300105.739658,300105.739658,300105.739658,300105.739658,300105.739658,300105.739658,nan,300105.739658,nan,nan,0.0,3,64,,True,False,"HTTPConnectionPool(host='gpu06', port=9004): Read timed out.",0,59.56268577710819
374,2026-09-21T07:59:56.988+00:00,2026-09-21T08:04:57.062+00:00,2026-09-21T08:04:57.062+00:00,False,1,0.0,,0.0,300074.087146,300074.087146,300074.087146,300074.087146,300074.087146,300074.087146,nan,300074.087146,nan,nan,0.0,3,64,,True,False,"HTTPConnectionPool(host='gpu06', port=9004): Read timed out.",0,59.56268577710819
375,2026-09-21T07:59:57.374+00:00,2026-09-21T08:04:57.359+00:00,2026-09-21T08:04:57.448+00:00,False,3,2.0,,2.0,299985.18292299996,300074.140875,300074.140928,100024.71364266665,0.02828,299985.18292299996,173170.85185438994,269995.55760319997,44.478976,62.862584807079,0.006665019498741572,3,64,,True,False,Request timeout: 300.0s exceeded,8,59.56268577710819
376,2026-09-21T07:59:57.636+00:00,2026-09-21T08:04:57.726+00:00,2026-09-21T08:04:57.726+00:00,False,1,0.0,,0.0,300090.809228,300090.809228,300090.809228,300090.809228,300090.809228,300090.809228,nan,300090.809228,nan,nan,0.0,3,64,,True,False,"HTTPConnectionPool(host='gpu06', port=9004): Read timed out.",0,59.56268577710819
377,2026-09-21T07:59:57.994+00:00,2026-09-21T08:04:58.114+00:00,2026-09-21T08:04:58.114+00:00,False,1,0.0,,0.0,300119.863732,300119.863732,300119.863732,300119.863732,300119.863732,300119.863732,nan,300119.863732,nan,nan,0.0,3,64,,True,False,"HTTPConnectionPool(host='gpu06', port=9004): Read timed out.",0,59.56268577710819
378,2026-09-21T07:59:58.294+00:00,2026-09-21T08:04:58.377+00:00,2026-09-21T08:04:58.377+00:00,False,1,0.0,,0.0,300083.82023,300083.82023,300083.82023,300083.82023,300083.82023,300083.82023,nan,300083.82023,nan,nan,0.0,3,64,,True,False,"HTTPConnectionPool(host='gpu06', port=9004): Read timed out.",0,59.56268577710819
379,2026-09-21T07:59:58.675+00:00,2026-09-21T08:04:58.784+00:00,2026-09-21T08:04:58.784+00:00,False,1,0.0,,0.0,300109.336781,300109.336781,300109.336781,300109.336781,300109.336781,300109.336781,nan,300109.336781,nan,nan,0.0,3,64,,True,False,"HTTPConnectionPool(host='gpu06', port=9004): Read timed out.",0,59.56268577710819
380,2026-09-21T07:59:59.032+00:00,2026-09-21T08:04:59.069+00:00,2026-09-21T08:04:59.069+00:00,False,1,0.0,,0.0,300037.763773,300037.763773,300037.763773,300037.763773,300037.763773,300037.763773,nan,300037.763773,nan,nan,0.0,3,64,,True,False,TTFT timeout: 300.0s exceeded (TTFT: 300.025s),0,59.56268577710819
381,2026-09-21T07:59:59.348+00:00,2026-09-21T08:04:59.373+00:00,2026-09-21T08:04:59.373+00:00,False,1,0.0,,0.0,300024.717416,300024.717416,300024.717416,300024.717416,300024.717416,300024.717416,nan,300024.717416,nan,nan,0.0,3,64,,True,False,TTFT timeout: 300.0s exceeded (TTFT: 300.010s),0,59.56268577710819
382,2026-09-21T07:59:59.665+00:00,2026-09-21T08:04:59.781+00:00,2026-09-21T08:04:59.781+00:00,False,1,0.0,,0.0,300115.57912300003,300115.57912300003,300115.57912300003,300115.57912300003,300115.57912300003,300115.57912300003,nan,300115.57912300003,nan,nan,0.0,3,64,,True,False,"HTTPConnectionPool(host='gpu06', port=9004): Read timed out.",0,59.56268577710819
383,2026-09-21T08:00:00.036+00:00,2026-09-21T08:05:00.136+00:00,2026-09-21T08:05:00.136+00:00,False,1,0.0,,0.0,300099.44385900005,300099.44385900005,300099.44385900005,300099.44385900005,300099.44385900005,300099.44385900005,nan,300099.44385900005,nan,nan,0.0,3,64,,True,False,"HTTPConnectionPool(host='gpu06', port=9004): Read timed out.",0,59.56268577710819
384,2026-09-21T08:00:00.343+00:00,2026-09-21T08:05:00.460+00:00,2026-09-21T08:05:00.460+00:00,False,1,0.0,,0.0,300117.572992,300117.572992,300117.572992,300117.572992,300117.572992,300117.572992,nan,300117.572992,nan,nan,0.0,3,64,,True,False,"HTTPConnectionPool(host='gpu06', port=9004): Read timed out.",0,59.56268577710819
385,2026-09-21T08:00:00.726+00:00,2026-09-21T08:05:00.831+00:00,2026-09-21T08:05:00.831+00:00,False,1,0.0,,0.0,300105.362236,300105.362236,300105.362236,300105.362236,300105.362236,300105.362236,nan,300105.362236,nan,nan,0.0,3,64,,True,False,"HTTPConnectionPool(host='gpu06', port=9004): Read timed out.",0,59.56268577710819
386,2026-09-21T08:00:00.957+00:00,2026-09-21T08:05:00.977+00:00,2026-09-21T08:05:00.977+00:00,False,1,0.0,,0.0,300019.347596,300019.347596,300019.347596,300019.347596,300019.347596,300019.347596,nan,300019.347596,nan,nan,0.0,3,64,,True,False,TTFT timeout: 300.0s exceeded (TTFT: 300.014s),0,59.56268577710819
387,2026-09-21T08:00:01.326+00:00,2026-09-21T08:05:01.382+00:00,2026-09-21T08:05:02.966+00:00,False,28,27.0,,27.0,300055.851059,301640.267315,301640.26743300003,10772.866694035714,0.03368,300055.851059,56694.1390927961,109.33664485,58.68208355555555,19.27609598980315,0.08951059565201937,3,64,,True,False,Request timeout: 300.0s exceeded,108,59.56268577710819
388,2026-09-21T08:00:01.615+00:00,2026-09-21T08:05:01.875+00:00,2026-09-21T08:05:03.026+00:00,False,21,20.0,,20.0,300259.856853,301410.10555700003,301410.105393,14352.86216157143,0.03198,300259.856853,65509.525144961335,109.898673,57.512435200000006,20.000254648677867,0.06635477587269474,3,64,,True,False,Request timeout: 300.0s exceeded,90,59.56268577710819
389,2026-09-21T08:00:01.891+00:00,2026-09-21T08:05:02.618+00:00,2026-09-21T08:05:03.068+00:00,False,10,9.0,,9.0,300726.99915399996,301176.48779399996,301176.48777599994,30117.648777599996,0.03417,300726.99915399996,95082.43565115402,165431.52614394997,49.94318222222223,20.414649019270364,0.02988281079283938,3,64,,True,False,Request timeout: 300.0s exceeded,9,59.56268577710819
0,2026-09-21T07:58:02.100+00:00,2026-09-21T07:58:02.255+00:00,2026-09-21T07:58:06.243+00:00,True,70,70.0,,70.0,154.98926999999998,4142.874326,4142.874209,59.18391727142857,0.01834,216.686115,33.80827942600505,97.92035254999999,57.7954355942029,31.982361775961934,16.896481643358445,4,64,,False,True,,211,59.56268577710819
2,2026-09-21T07:58:02.734+00:00,2026-09-21T07:58:02.853+00:00,2026-09-21T07:58:08.569+00:00,True,95,95.0,,95.0,118.435648,5834.369344,5834.369484,61.41441562105263,0.016489999999999998,233.39455600000002,28.95440839352332,80.61163640000001,60.807805276595744,28.496283074105822,16.282822426677004,4,64,,False,True,,223,59.56268577710819
5,2026-09-21T07:58:03.677+00:00,2026-09-21T07:58:03.852+00:00,2026-09-21T07:58:05.099+00:00,True,22,22.0,,22.0,174.492252,1421.991772,1421.991816,64.63599163636364,33.303753,174.492252,26.52334698744402,72.61055499999999,59.404739047619046,10.320296230027655,15.471256889944929,4,64,,False,True,,133,59.56268577710819
3,2026-09-21T07:58:03.122+00:00,2026-09-21T07:58:06.171+00:00,2026-09-21T07:58:08.436+00:00,True,37,37.0,,37.0,3048.9313859999997,5314.484538,5314.484624,143.63471956756757,42.885934,3048.9313859999997,491.0546726057229,86.9502966,62.932032,12.688511380939396,6.962105117709913,4,64,,False,True,,39,59.56268577710819
1,2026-09-21T07:58:02.437+00:00,2026-09-21T07:58:06.315+00:00,2026-09-21T07:58:10.817+00:00,True,73,73.0,,73.0,3878.050912,8379.621984,8379.621977,114.78934215068493,43.102674,3878.050912,446.7016052069006,79.51808700000001,62.52182044444445,10.755516489826734,8.711610158475617,4,64,,False,True,,145,59.56268577710819
4,2026-09-21T07:58:03.334+00:00,2026-09-21T07:58:08.688+00:00,2026-09-21T07:58:11.947+00:00,True,53,53.0,,53.0,5353.522675,8613.414387,8613.414394,162.51725271698115,41.077434999999994,5353.522675,726.8274966902092,79.281631,62.69022523076923,10.596865103932712,6.153192870877256,4,64,,False,True,,228,59.56268577710819
7,2026-09-21T07:58:04.145+00:00,2026-09-21T07:58:10.323+00:00,2026-09-21T07:58:12.217+00:00,True,31,31.0,,31.0,6177.903181,8072.2786049999995,8072.278628,260.3960847741935,43.207585,6177.903181,1098.283325035212,76.6559025,63.145847466666666,9.591627437722575,3.840303527283918,4,64,,False,True,,108,59.56268577710819
8,2026-09-21T07:58:04.397+00:00,2026-09-21T07:58:11.830+00:00,2026-09-21T07:58:15.520+00:00,True,59,59.0,,59.0,7433.286639999999,11123.098608,11123.098484,188.52709294915252,0.01599,7433.286639999999,961.0817903027821,85.024195,63.61744772413793,56.48393369942081,5.3042773492600155,4,64,,False,True,,118,59.56268577710819
9,2026-09-21T07:58:04.705+00:00,2026-09-21T07:58:13.472+00:00,2026-09-21T07:58:16.059+00:00,True,43,43.0,,43.0,8766.19388,11353.107416,11353.107359000001,264.02575253488374,42.705664,8766.19388,1327.4803201382613,82.51733990000001,61.593179428571425,10.57997052333844,3.7875093068704566,4,64,,False,True,,202,59.56268577710819
10,2026-09-21T07:58:04.959+00:00,2026-09-21T07:58:14.809+00:00,2026-09-21T07:58:16.494+00:00,True,29,29.0,,29.0,9849.328872,11534.587624,11534.587557,397.7443985172414,37.955154,9849.328872,1817.831358084902,80.00848660000001,60.18781257142857,11.238174704397334,2.5141774413902533,4,64,,False,True,,29,59.56268577710819
6,2026-09-21T07:58:03.953+00:00,2026-09-21T07:58:15.479+00:00,2026-09-21T07:58:18.935+00:00,True,57,57.0,,57.0,11526.263659,14981.927275,14981.927178,262.8408276842105,41.516745,11526.263659,1518.5424502003084,76.09059799999999,61.70827885714286,8.791398548557748,3.8045839466271203,4,64,,False,True,,114,59.56268577710819
11,2026-09-21T07:58:05.287+00:00,2026-09-21T07:58:17.181+00:00,2026-09-21T07:58:22.188+00:00,True,80,80.0,,80.0,11893.101796,16900.205540000003,16900.205436,211.25256795,31.804854,11893.101796,1322.6461915158798,76.10485345000001,63.38106005063291,10.758887972495556,4.733670239137221,4,64,,False,True,,220,59.56268577710819
12,2026-09-21T07:58:05.611+00:00,2026-09-21T07:58:18.933+00:00,2026-09-21T07:58:22.131+00:00,True,51,51.0,,51.0,13322.051466,16520.332938,16520.332758,323.9280932941177,27.987163,13322.051466,1856.5424106532487,84.818374,63.96562944,12.16442921453107,3.0871048538428676,4,64,,False,True,,408,59.56268577710819
13,2026-09-21T07:58:05.878+00:00,2026-09-21T07:58:20.438+00:00,2026-09-21T07:58:25.184+00:00,True,74,74.0,,74.0,14559.759664000001,19305.775408,19305.775257,260.8888548243243,0.0,14559.759664000001,1686.383735544624,95.82550135,65.01391430136987,69.27007769710873,3.8330498742534624,4,64,,False,True,,962,59.56268577710819
14,2026-09-21T07:58:06.099+00:00,2026-09-21T07:58:21.449+00:00,2026-09-21T07:58:23.311+00:00,True,24,24.0,,24.0,15349.985494,17212.48943,17212.489458,717.18706075,0.04828,15349.985494,3118.0623877330418,432.61480605,80.978432,91.67571423744836,1.3943363682286367,4,64,,False,True,,112,59.56268577710819
15,2026-09-21T07:58:06.311+00:00,2026-09-21T07:58:22.457+00:00,2026-09-21T07:58:26.974+00:00,True,68,68.0,,68.0,16145.998955000001,20662.839659,20662.839804,303.86529123529414,0.0,16145.998955000001,1951.667324590089,293.26156995,67.41553289552239,85.66057687969467,3.2909319881588304,4,64,,False,True,,289,59.56268577710819
16,2026-09-21T07:58:06.534+00:00,2026-09-21T07:58:23.788+00:00,2026-09-21T07:58:25.066+00:00,True,24,24.0,,24.0,17254.037588,18532.729428,18532.729301,772.1970542083333,0.0,17254.037588,3510.683399506821,74.89423049999999,55.59529739130435,22.021744217171094,1.2950062263219484,4,64,,False,True,,48,59.56268577710819
17,2026-09-21T07:58:06.818+00:00,2026-09-21T07:58:24.973+00:00,2026-09-21T07:58:29.290+00:00,True,72,72.0,,72.0,18155.295935,22471.981503,22471.981462999996,312.11085365277773,0.0,18155.295935,2132.9947159372045,77.1686765,60.798388281690144,48.23305899108246,3.203989821297603,4,64,,False,True,,288,59.56268577710819
18,2026-09-21T07:58:07.061+00:00,2026-09-21T07:58:26.343+00:00,2026-09-21T07:58:29.617+00:00,True,54,54.0,,54.0,19281.265182,22555.424285999998,22555.424381999997,417.6930441111111,0.0,19281.265182,2616.018766706186,78.72931650000001,61.77658686792453,55.498180683587314,2.3941026032269073,4,64,,False,True,,535,59.56268577710819
19,2026-09-21T07:58:07.362+00:00,2026-09-21T07:58:28.165+00:00,2026-09-21T07:58:34.189+00:00,True,95,95.0,,95.0,20802.87615,26826.625014,26826.625195,282.38552836842103,0.0,20802.87615,2129.1062558631165,78.26755000000001,64.08243472340426,76.23973398336378,3.5412579834557043,4,64,,False,True,,285,59.56268577710819
20,2026-09-21T07:58:07.626+00:00,2026-09-21T07:58:29.610+00:00,2026-09-21T07:58:33.459+00:00,True,60,60.0,,60.0,21983.814223,25833.269071000002,25833.269172,430.55448620000004,0.0,21983.814223,2831.280592763846,101.9739349,65.24499742372882,96.1520564985566,2.3225864227673374,4,64,,False,True,,240,59.56268577710819
21,2026-09-21T07:58:07.952+00:00,2026-09-21T07:58:31.347+00:00,2026-09-21T07:58:33.669+00:00,True,38,38.0,,38.0,23394.952548999998,25717.186404999997,25717.18638,676.7680626315789,0.01593,23394.952548999998,3786.3776977744874,191.17834555,62.76307718918919,104.25525250474585,1.4776110963916314,4,64,,False,True,,114,59.56268577710819
22,2026-09-21T07:58:08.264+00:00,2026-09-21T07:58:32.703+00:00,2026-09-21T07:58:36.180+00:00,True,55,55.0,,55.0,24438.873128,27915.333672,27915.333639,507.5515207090909,0.0,24438.873128,3288.5186992673393,232.6482,64.37889896296296,111.70400635705748,1.9702433310036633,4,64,,False,True,,273,59.56268577710819
23,2026-09-21T07:58:08.478+00:00,2026-09-21T07:58:33.941+00:00,2026-09-21T07:58:34.192+00:00,True,5,5.0,,5.0,25463.618044,25714.8887,25714.888649999997,5142.97773,56.589815,25463.618044,11359.584275236886,20384.7938168,62.817664,5.512403048532645,0.19443988493716483,4,64,,False,True,,5,59.56268577710819
24,2026-09-21T07:58:08.730+00:00,2026-09-21T07:58:35.379+00:00,2026-09-21T07:58:37.117+00:00,True,32,32.0,,32.0,26648.651607,28386.602839,28386.602887,887.08134021875,0.0,26648.651607,4700.998053928806,78.72663495,56.06294296774194,21.61974333599378,1.1272923421479515,4,64,,False,True,,225,59.56268577710819
25,2026-09-21T07:58:09.025+00:00,2026-09-21T07:58:36.512+00:00,2026-09-21T07:58:37.075+00:00,True,10,10.0,,10.0,27487.103614,28050.692734,28050.692613,2805.0692613,48.891945,27487.103614,8672.386524468948,15150.60453535,62.62101333333334,8.443058652809656,0.35649743465618894,4,64,,False,True,,10,59.56268577710819
26,2026-09-21T07:58:09.352+00:00,2026-09-21T07:58:38.033+00:00,2026-09-21T07:58:41.940+00:00,True,63,63.0,,63.0,28681.302618,32588.463706000002,32588.463714,517.2772018095238,0.0,28681.302618,3606.3365086455738,77.331823,63.01872722580645,75.20811732182709,1.9331994465391384,4,64,,False,True,,131,59.56268577710819
27,2026-09-21T07:58:09.670+00:00,2026-09-21T07:58:40.541+00:00,2026-09-21T07:58:40.541+00:00,True,5,5.0,,5.0,30870.601026,30870.601026,30870.601026,6174.1202052,0.0,30870.601026,13805.75248008215,24696.4808208,0.0,0.0,0.16196639630659843,4,64,,False,True,,10,59.56268577710819
28,2026-09-21T07:58:09.965+00:00,2026-09-21T07:58:41.510+00:00,2026-09-21T07:58:47.643+00:00,True,97,97.0,,97.0,31544.996935,37678.062663,37678.062562,388.4336346597938,0.0,31544.996935,3198.106917610154,81.0236782,63.886101333333336,104.32802040795947,2.5744423450745617,4,64,,False,True,,430,59.56268577710819
29,2026-09-21T07:58:10.156+00:00,2026-09-21T07:58:42.696+00:00,2026-09-21T07:58:44.143+00:00,True,23,23.0,,23.0,32539.600717999998,33986.326605999995,33986.326578,1477.6663729565216,0.01654,32539.600717999998,6773.39156997126,756.7107972000001,65.76026763636364,173.7587220459492,0.676742746182506,4,64,,False,True,,71,59.56268577710819
30,2026-09-21T07:58:10.375+00:00,2026-09-21T07:58:43.540+00:00,2026-09-21T07:58:44.595+00:00,True,18,18.0,,18.0,33164.769404,34220.544636,34220.544783,1901.1413768333332,30.010344,33164.769404,7802.385301608211,5056.913657599999,62.1044254117647,14.305558779834428,0.5259998106828495,4,64,,False,True,,193,59.56268577710819
31,2026-09-21T07:58:10.575+00:00,2026-09-21T07:58:44.657+00:00,2026-09-21T07:58:47.386+00:00,True,44,44.0,,44.0,34081.562139,36810.837019,36810.837032,836.6099325454546,0.0,34081.562139,5129.545849024463,78.43097235,63.4715088372093,108.73179730852934,1.1953001768824028,4,64,,False,True,,93,59.56268577710819
32,2026-09-21T07:58:10.908+00:00,2026-09-21T07:58:46.523+00:00,2026-09-21T07:58:47.380+00:00,True,14,14.0,,14.0,35614.874758,36471.804806,36471.804706999996,2605.128907642857,41.506944000000004,35614.874758,9500.864234191522,12517.69865665,65.917696,10.94469791059665,0.38385816316106325,4,64,,False,True,,56,59.56268577710819
33,2026-09-21T07:58:11.186+00:00,2026-09-21T07:58:47.760+00:00,2026-09-21T07:58:48.215+00:00,True,8,8.0,,8.0,36574.021397,37028.966421,37028.966444,4628.6208055,54.497485,36574.021397,12907.893425623799,23799.7889365,64.99214628571428,8.409268566149887,0.21604707809135637,4,64,,False,True,,48,59.56268577710819
34,2026-09-21T07:58:11.378+00:00,2026-09-21T07:58:48.684+00:00,2026-09-21T07:58:52.440+00:00,True,60,60.0,,60.0,37305.459512999994,41062.01656899999,41062.016693,684.3669448833332,42.891285,37305.459512999994,4807.904360390219,78.97260750000001,63.67045857627119,9.923582064306105,1.4612044174493208,4,64,,False,True,,237,59.56268577710819
35,2026-09-21T07:58:11.701+00:00,2026-09-21T07:58:50.221+00:00,2026-09-21T07:58:55.703+00:00,True,88,88.0,,88.0,38519.706939,44001.712187000005,44001.712289,500.0194578295455,0.0,38519.706939,4101.044472897424,78.74881365000002,63.01155457471264,113.28508521128762,1.99992217634656,4,64,,False,True,,525,59.56268577710819
36,2026-09-21T07:58:11.899+00:00,2026-09-21T07:58:51.330+00:00,2026-09-21T07:58:54.024+00:00,True,43,43.0,,43.0,39430.727104000005,42124.602816000006,42124.602793000005,979.6419254186047,0.0,39430.727104000005,6005.600279596497,132.26791799999998,64.13989790476191,166.44491357688742,1.0207811379925342,4,64,,False,True,,44,59.56268577710819
37,2026-09-21T07:58:12.208+00:00,2026-09-21T07:58:53.690+00:00,2026-09-21T07:58:54.909+00:00,True,32,32.0,,32.0,41482.500327,42701.654503,42701.654513,1334.42670353125,0.0,41482.500327,7326.271867484443,103.69477810000001,39.32755406451613,35.81997122429528,0.7493854833599444,4,64,,False,True,,165,59.56268577710819
38,2026-09-21T07:58:12.495+00:00,2026-09-21T07:58:54.349+00:00,2026-09-21T07:58:58.424+00:00,True,66,66.0,,66.0,41854.485115999996,45928.959612,45928.959629,695.8933277121212,40.509264,41854.485115999996,5144.225059580302,77.5625505,62.68422301538462,10.21034411947095,1.4370018515019003,4,64,,False,True,,264,59.56268577710819
39,2026-09-21T07:58:12.717+00:00,2026-09-21T07:58:55.708+00:00,2026-09-21T07:59:01.285+00:00,True,75,75.0,,75.0,42991.676754,48568.667474,48568.667433,647.58223244,33.791644,42991.676754,4956.537146624538,80.55129129999999,75.36473945945946,99.65032716436811,1.5442054291514038,4,64,,False,True,,223,59.56268577710819
40,2026-09-21T07:58:13.149+00:00,2026-09-21T07:58:56.610+00:00,2026-09-21T07:58:59.852+00:00,True,52,52.0,,52.0,43461.678713,46703.424377,46703.424360000005,898.1427761538462,33.465593999999996,43461.678713,6018.244208150749,77.23086649999999,63.56364047058824,10.19834819916928,1.1134087209589796,4,64,,False,True,,78,59.56268577710819
41,2026-09-21T07:58:13.256+00:00,2026-09-21T07:58:58.553+00:00,2026-09-21T07:59:03.964+00:00,True,87,87.0,,87.0,45297.638214,50708.269126,50708.268895,582.8536654597701,0.0,45297.638214,4850.593003638966,80.9804003,62.914312930232555,95.10243892009954,1.7156965027503157,4,64,,False,True,,666,59.56268577710819
42,2026-09-21T07:58:13.491+00:00,2026-09-21T07:58:59.789+00:00,2026-09-21T07:58:59.991+00:00,True,4,4.0,,4.0,46298.035937,46500.677089,46500.677148,11625.169287,60.342805999999996,46298.035937,23115.24503935055,39364.26697115,67.54705066666668,6.4826727112194495,0.08602025283081788,4,64,,False,True,,12,59.56268577710819
43,2026-09-21T07:58:13.761+00:00,2026-09-21T07:59:01.270+00:00,2026-09-21T07:59:01.406+00:00,True,8,8.0,,8.0,47508.982673,47645.184401,47645.184357,5955.648044625,0.0,47508.982673,16790.10169384804,30903.2411304,19.457389714285714,27.290203063798444,0.1679078400173448,4,64,,False,True,,21,59.56268577710819
44,2026-09-21T07:58:14.011+00:00,2026-09-21T07:59:02.587+00:00,2026-09-21T07:59:07.204+00:00,True,76,76.0,,76.0,48576.419023999995,53192.8532,53192.85329299999,699.9059643815789,0.015560000000000001,48576.419023999995,5565.952764175499,88.86963175,61.55245568,101.64991749472611,1.4287633662786867,4,64,,False,True,,204,59.56268577710819
45,2026-09-21T07:58:14.340+00:00,2026-09-21T07:59:04.328+00:00,2026-09-21T07:59:06.317+00:00,True,33,33.0,,33.0,49987.98096,51977.05616,51977.056317,1575.0623126363637,0.0152,49987.98096,8692.263522275833,422.4484355999999,62.1586,152.34390228902652,0.6348955180996922,4,64,,False,True,,99,59.56268577710819
46,2026-09-21T07:58:14.624+00:00,2026-09-21T07:59:05.959+00:00,2026-09-21T07:59:06.255+00:00,True,6,6.0,,6.0,51334.977740999995,51631.115980999995,51631.11595099999,8605.185991833332,46.822195,51334.977740999995,20933.238607563133,38517.880289999994,59.227648,8.20803178685463,0.11620899308486711,4,64,,False,True,,6,59.56268577710819
47,2026-09-21T07:58:14.920+00:00,2026-09-21T07:59:07.202+00:00,2026-09-21T07:59:09.093+00:00,True,30,30.0,,30.0,52281.166208999995,54173.111424999996,54173.111444999995,1805.7703814999998,42.521074999999996,52281.166208999995,9533.287202686492,86.08518759999998,65.23949020689655,11.668299666411706,0.553780264985029,4,64,,False,True,,112,59.56268577710819
48,2026-09-21T07:58:15.182+00:00,2026-09-21T07:59:08.676+00:00,2026-09-21T07:59:08.817+00:00,True,3,3.0,,3.0,53494.657725000005,53635.373757,53635.373849,17878.457949666667,65.278256,53494.657725000005,30844.534209998532,48152.735739300006,70.358016,7.183933367851347,0.055933235658835456,4,64,,False,True,,7,59.56268577710819
49,2026-09-21T07:58:15.439+00:00,2026-09-21T07:59:10.340+00:00,2026-09-21T07:59:11.361+00:00,True,23,23.0,,23.0,54900.51111,55921.80135,55921.801397,2431.3826694347827,0.0,54900.51111,11437.912664331769,116.9913065,46.42228363636363,32.6471291720826,0.4112886109667495,4,64,,False,True,,45,59.56268577710819
50,2026-09-21T07:58:15.672+00:00,2026-09-21T07:59:11.559+00:00,2026-09-21T07:59:12.546+00:00,True,17,17.0,,17.0,55886.857773,56873.681709000004,56873.681734000005,3345.5106902352945,46.397444,55886.857773,13539.598923182142,11240.2545602,61.676496,10.323631183119087,0.2989080272133996,4,64,,False,True,,51,59.56268577710819
51,2026-09-21T07:58:15.976+00:00,2026-09-21T07:59:13.405+00:00,2026-09-21T07:59:15.205+00:00,True,28,28.0,,28.0,57428.869047,59228.777911,59228.777875,2115.313495535714,49.420114,57428.869047,10840.441857176993,82.02381315000001,66.66329125925927,9.397370239620807,0.4727431662033302,4,64,,False,True,,130,59.56268577710819
52,2026-09-21T07:58:16.307+00:00,2026-09-21T07:59:14.958+00:00,2026-09-21T07:59:19.958+00:00,True,80,80.0,,80.0,58650.106869999996,63650.632181999994,63650.63215899999,795.6329019875,0.0173,58650.106869999996,6551.467047893029,85.26826095,63.29778875949367,129.4414342205042,1.2568610437560352,4,64,,False,True,,160,59.56268577710819
53,2026-09-21T07:58:16.565+00:00,2026-09-21T07:59:16.171+00:00,2026-09-21T07:59:16.597+00:00,True,8,8.0,,8.0,59605.775019,60031.838635,60031.838657,7503.979832125,44.108273000000004,59605.775019,21052.307207769743,38769.4379618,60.86623085714286,11.757674412305343,0.13326261833559447,4,64,,False,True,,24,59.56268577710819
54,2026-09-21T07:58:16.869+00:00,2026-09-21T07:59:17.961+00:00,2026-09-21T07:59:22.893+00:00,True,78,78.0,,78.0,61092.812835000004,66024.782883,66024.78284900001,846.4715749871796,0.0,61092.812835000004,6912.476545826471,146.02481025,64.05155906493506,180.64159236811386,1.1813745777584885,4,64,,False,True,,1014,59.56268577710819
55,2026-09-21T07:58:17.207+00:00,2026-09-21T07:59:19.405+00:00,2026-09-21T07:59:19.605+00:00,True,4,4.0,,4.0,62198.469197,62398.633293,62398.633283999996,15599.658320999999,0.038520000000000006,62198.469197,31065.9135610189,52886.55329044999,66.72136533333334,60.78418265614111,0.06410396813048032,4,64,,False,True,,8,59.56268577710819
56,2026-09-21T07:58:17.393+00:00,2026-09-21T07:59:21.301+00:00,2026-09-21T07:59:22.193+00:00,True,27,27.0,,27.0,63907.326105,64799.262873,64799.262993,2399.9727034444445,0.0,63907.326105,12292.410100824156,83.690373,34.30526030769231,32.57767224652351,0.4166714064775284,4,64,,False,True,,113,59.56268577710819
57,2026-09-21T07:58:17.721+00:00,2026-09-21T07:59:22.190+00:00,2026-09-21T07:59:25.879+00:00,True,58,58.0,,58.0,64469.17743900001,68158.31023900001,68158.31028300001,1175.1432807413794,43.626824,64469.17743900001,8456.725227160085,79.939848,64.72162807017544,10.056416598268804,0.8509600633674828,4,64,,False,True,,177,59.56268577710819
58,2026-09-21T07:58:17.985+00:00,2026-09-21T07:59:23.917+00:00,2026-09-21T07:59:24.886+00:00,True,16,16.0,,16.0,65932.529004,66901.098092,66901.098069,4181.3186293125,46.087844,65932.529004,16466.99123630403,16539.7533555,64.57127253333333,7.976430816918822,0.23915900420643876,4,64,,False,True,,46,59.56268577710819
59,2026-09-21T07:58:18.190+00:00,2026-09-21T07:59:25.031+00:00,2026-09-21T07:59:27.213+00:00,True,35,35.0,,35.0,66840.54698,69022.756004,69022.756052,1972.0787443428571,43.715814,66840.54698,11287.269020720158,77.13841400000001,64.18261835294118,8.80043135721534,0.50707914355045,4,64,,False,True,,166,59.56268577710819
60,2026-09-21T07:58:18.478+00:00,2026-09-21T07:59:26.383+00:00,2026-09-21T07:59:31.228+00:00,True,77,77.0,,77.0,67905.342469,72749.848581,72749.848545,944.8032278571428,44.062114,67905.342469,7731.27335389077,77.116797,63.74350147368421,9.390236984559458,1.05842144694319,4,64,,False,True,,154,59.56268577710819
61,2026-09-21T07:58:18.806+00:00,2026-09-21T07:59:28.188+00:00,2026-09-21T07:59:29.658+00:00,True,24,24.0,,24.0,69381.412113,70851.70280099999,70851.702863,2952.1542859583333,45.177844,69381.412113,14149.376764454419,79.8695685,63.92568208695652,11.010478164333389,0.33873568384670166,4,64,,False,True,,24,59.56268577710819
62,2026-09-21T07:58:19.070+00:00,2026-09-21T07:59:29.549+00:00,2026-09-21T07:59:32.813+00:00,True,38,38.0,,38.0,70479.781506,73743.447938,73743.447803,1940.6170474473683,0.0,70479.781506,11420.935329173912,267.46571800000004,88.20720086486487,211.97303778240456,0.5153000173242319,4,64,,False,True,,38,59.56268577710819
63,2026-09-21T07:58:19.335+00:00,2026-09-21T07:59:31.014+00:00,2026-09-21T07:59:36.605+00:00,True,90,90.0,,90.0,71678.748237,77270.139981,77270.139999,858.5571111,0.0,71678.748237,7551.300101160649,168.7324065,62.824626337078655,188.18686566551452,1.1647448810385248,4,64,,False,True,,159,59.56268577710819
64,2026-09-21T07:58:19.657+00:00,2026-09-21T07:59:32.818+00:00,2026-09-21T07:59:35.446+00:00,True,45,45.0,,45.0,73160.743082,75789.09841,75789.098564,1684.202190311111,0.0,73160.743082,10899.704401729712,105.70425500000002,59.73534836363637,233.74095773994136,0.5937529399882987,4,64,,False,True,,112,59.56268577710819
65,2026-09-21T07:58:19.864+00:00,2026-09-21T07:59:33.567+00:00,2026-09-21T07:59:35.226+00:00,True,21,21.0,,21.0,73703.55315600001,75362.25754,75362.25755200001,3588.6789310476192,0.02078,73703.55315600001,16069.400378460801,1658.2425959999998,82.9352192,370.78887368929804,0.2786540728142842,4,64,,False,True,,177,59.56268577710819
66,2026-09-21T07:58:20.137+00:00,2026-09-21T07:59:35.461+00:00,2026-09-21T07:59:40.582+00:00,True,83,83.0,,83.0,75323.86752500001,80444.56358900001,80444.56368500002,969.2116106626507,0.03321,75323.86752500001,8261.050593914897,108.89662489999999,62.447512975609754,24.715295577087648,1.0317664276737952,4,64,,False,True,,747,59.56268577710819
67,2026-09-21T07:58:20.373+00:00,2026-09-21T07:59:36.674+00:00,2026-09-21T07:59:42.733+00:00,True,96,96.0,,96.0,76300.769688,82360.622488,82360.622451,857.92315053125,8.237051,76300.769688,7780.921490472576,78.2909045,63.78792421052632,16.409707032564306,1.165605566106391,4,64,,False,True,,576,59.56268577710819
68,2026-09-21T07:58:20.600+00:00,2026-09-21T07:59:37.574+00:00,2026-09-21T07:59:38.986+00:00,True,24,24.0,,24.0,76974.303083,78386.54423500001,78386.54423700001,3266.1060098750004,37.562934,76974.303083,15699.784243417489,81.83181300000001,61.401789217391304,11.472590134566154,0.30617499768900225,4,64,,False,True,,147,59.56268577710819
69,2026-09-21T07:58:20.918+00:00,2026-09-21T07:59:39.505+00:00,2026-09-21T07:59:44.504+00:00,True,79,79.0,,79.0,78586.91431000001,83585.952006,83585.951889,1058.0500239113926,41.297774,78586.91431000001,8834.51504394996,80.95590299999999,64.09022687179487,11.282096877123083,0.9451348953270183,4,64,,False,True,,237,59.56268577710819
70,2026-09-21T07:58:21.208+00:00,2026-09-21T07:59:40.889+00:00,2026-09-21T07:59:44.123+00:00,True,50,50.0,,50.0,79681.149291,82914.51812299999,82914.518046,1658.2903609199998,41.119664,79681.149291,11259.290621892625,80.21494150000001,65.98711902040816,12.139078422748863,0.603030701159322,4,64,,False,True,,225,59.56268577710819
71,2026-09-21T07:58:21.550+00:00,2026-09-21T07:59:42.537+00:00,2026-09-21T07:59:47.010+00:00,True,58,58.0,,58.0,80986.40528,85459.646624,85459.64678400001,1473.4421859310346,0.0,80986.40528,10626.184978460326,86.53749545,78.47791831578948,230.37113997834157,0.6786828905949585,4,64,,False,True,,234,59.56268577710819
72,2026-09-21T07:58:21.841+00:00,2026-09-21T07:59:44.123+00:00,2026-09-21T07:59:46.982+00:00,True,31,31.0,,31.0,82281.91,85141.494768,85141.49472100001,2746.4998297096777,0.0,82281.91,14764.36108726383,911.53892,95.31949226666667,313.3007189210089,0.3640997857093201,4,64,,False,True,,68,59.56268577710819
73,2026-09-21T07:58:22.091+00:00,2026-09-21T07:59:46.959+00:00,2026-09-21T07:59:47.350+00:00,True,30,30.0,,30.0,84867.584413,85258.635421,85258.635328,2841.9545109333335,0.0,84867.584413,15492.188579298658,71.7022825,13.484517517241379,25.570893418731817,0.3518705155420623,4,64,,False,True,,240,59.56268577710819
74,2026-09-21T07:58:22.322+00:00,2026-09-21T07:59:46.970+00:00,2026-09-21T07:59:46.970+00:00,True,3,3.0,,3.0,84647.59723999999,84647.59723999999,84647.59723999999,28215.865746666663,0.0,84647.59723999999,48871.313052769015,76182.83751599999,0.0,0.0,0.03544105323502743,4,64,,False,True,,15,59.56268577710819
75,2026-09-21T07:58:22.619+00:00,2026-09-21T07:59:47.974+00:00,2026-09-21T07:59:52.331+00:00,True,70,70.0,,70.0,85354.991478,89711.992182,89711.992141,1281.5998877285713,43.551474,85354.991478,10194.329364944193,78.68497805,63.144937739130434,8.927149802435409,0.7802747246766073,4,64,,False,True,,208,59.56268577710819
76,2026-09-21T07:58:23.259+00:00,2026-09-21T07:59:49.839+00:00,2026-09-21T07:59:50.362+00:00,True,9,9.0,,9.0,86580.60324600001,87102.81380600002,87102.81397200002,9678.090441333336,53.989554,86580.60324600001,28838.443570185795,51979.20544240001,65.27632,9.143932508635315,0.10332616831466863,4,64,,False,True,,19,59.56268577710819
77,2026-09-21T07:58:23.294+00:00,2026-09-21T07:59:50.027+00:00,2026-09-21T07:59:52.660+00:00,True,42,42.0,,42.0,86733.396618,89366.24321,89366.24318,2127.7676947619047,47.976904000000005,86733.396618,13373.347607307067,78.33724495,64.21577053658537,8.545968642653154,0.4699761172829545,4,64,,False,True,,92,59.56268577710819
78,2026-09-21T07:58:23.324+00:00,2026-09-21T07:59:51.371+00:00,2026-09-21T07:59:51.794+00:00,True,8,8.0,,8.0,88046.922043,88469.577019,88469.576791,11058.697098875,46.990505,88046.922043,31107.941727492467,57257.56809205,60.37928228571428,9.318635478175935,0.0904265654879518,4,64,,False,True,,56,59.56268577710819
80,2026-09-21T07:58:23.838+00:00,2026-09-21T07:59:54.128+00:00,2026-09-21T07:59:55.238+00:00,True,18,18.0,,18.0,90289.49612299999,91400.30265099999,91400.30265099999,5077.794591722221,0.0214,90289.49612299999,21266.165019009084,13731.531440599998,65.34156047058823,76.00948021076195,0.19693589055969132,4,64,,False,True,,144,59.56268577710819
79,2026-09-21T07:58:23.651+00:00,2026-09-21T07:59:54.448+00:00,2026-09-21T07:59:55.593+00:00,True,40,40.0,,40.0,90797.16264,91942.102416,91942.10251099999,2298.552562775,0.01482,90797.16264,14351.699757217973,116.54860605000002,29.357430153846153,38.2341510206294,0.43505639906967253,4,64,,False,True,,440,59.56268577710819
81,2026-09-21T07:58:24.040+00:00,2026-09-21T07:59:55.261+00:00,2026-09-21T08:00:00.025+00:00,True,77,77.0,,77.0,91220.96476199999,95985.71970599999,95985.71958099998,1246.5677867662337,0.04599,91220.96476199999,10388.461883638021,82.29077099999999,62.694144,16.425626164725234,0.8022026634362652,4,64,,False,True,,153,59.56268577710819
82,2026-09-21T07:58:24.252+00:00,2026-09-21T07:59:56.601+00:00,2026-09-21T07:59:58.523+00:00,True,31,31.0,,31.0,92348.377637,94270.089509,94270.089326,3040.970623419355,46.078084000000004,92348.377637,16574.756380134288,82.30344699999999,64.05706239999999,10.326993443754665,0.32884237366763525,4,64,,False,True,,152,59.56268577710819
83,2026-09-21T07:58:24.561+00:00,2026-09-21T07:59:57.965+00:00,2026-09-21T08:00:02.879+00:00,True,70,70.0,,70.0,93403.967135,98317.857695,98317.857668,1404.5408238285713,0.0,93403.967135,11157.629954624506,76.60213800000001,71.21580521739129,224.82506887283483,0.7119764571879995,4,64,,False,True,,324,59.56268577710819
84,2026-09-21T07:58:24.805+00:00,2026-09-21T07:59:59.424+00:00,2026-09-21T08:00:05.234+00:00,True,92,92.0,,92.0,94618.51441799999,100428.766194,100428.76618899999,1091.6170237934782,0.0,94618.51441799999,9859.984573330425,76.89426304999999,63.848920615384614,198.64592015664059,0.9160721921275226,4,64,,False,True,,0,59.56268577710819
85,2026-09-21T07:58:25.106+00:00,2026-09-21T08:00:00.982+00:00,2026-09-21T08:00:02.882+00:00,True,29,29.0,,29.0,95875.735964,97775.76796400001,97775.76784100001,3371.5782014137935,0.0,95875.735964,17794.570018781662,1140.0191262,67.85828571428571,359.072296790334,0.2965970056167443,4,64,,False,True,,174,59.56268577710819
86,2026-09-21T07:58:25.343+00:00,2026-09-21T08:00:02.898+00:00,2026-09-21T08:00:07.424+00:00,True,88,88.0,,88.0,97554.76796699999,102080.929119,102080.929116,1160.0105581363634,0.0,97554.76796699999,10393.85831815796,75.59461315,52.0248408275862,25.523324408090673,0.8620611191480706,4,64,,False,True,,264,59.56268577710819
87,2026-09-21T07:58:25.557+00:00,2026-09-21T08:00:03.111+00:00,2026-09-21T08:00:08.098+00:00,True,80,80.0,,80.0,97554.654004,102540.77214799999,102540.77213299999,1281.7596516625,46.570474000000004,97554.654004,10899.889609507807,77.4922815,63.1154195443038,9.668914863137932,0.780177468183424,4,64,,False,True,,159,59.56268577710819
88,2026-09-21T07:58:25.858+00:00,2026-09-21T08:00:04.566+00:00,2026-09-21T08:00:10.770+00:00,True,100,100.0,,100.0,98708.367981,104911.966829,104911.966988,1049.11966988,44.249303999999995,98708.367981,9864.574417991995,77.07612650000002,62.66261462626263,8.795493895110258,0.9531801092147458,4,64,,False,True,,100,59.56268577710819
89,2026-09-21T07:58:26.079+00:00,2026-09-21T08:00:05.575+00:00,2026-09-21T08:00:09.910+00:00,True,72,72.0,,72.0,99495.534777,103831.14463299999,103831.144638,1442.0992310833333,42.731924,99495.534777,11718.468262914945,77.11332545,61.064927549295774,9.264411049612526,0.6934335574792142,4,64,,False,True,,288,59.56268577710819
90,2026-09-21T07:58:26.417+00:00,2026-09-21T08:00:07.166+00:00,2026-09-21T08:00:11.840+00:00,True,76,76.0,,76.0,100748.829182,105422.504958,105422.504883,1387.1382221447368,41.271644,100748.829182,11549.539286084368,76.60166899999999,62.315677013333335,9.78849904159375,0.7209086905142138,4,64,,True,True,,456,59.56268577710819
91,2026-09-21T07:58:26.646+00:00,2026-09-21T08:00:08.644+00:00,2026-09-21T08:00:08.765+00:00,True,3,3.0,,3.0,101997.226438,102119.05479,102119.054699,34039.68489966667,58.746126,101997.226438,58852.957390864976,91803.8120077,60.914176,3.066105512892862,0.029377475204498023,4,64,,True,True,,6,59.56268577710819
92,2026-09-21T07:58:26.904+00:00,2026-09-21T08:00:09.981+00:00,2026-09-21T08:00:15.598+00:00,True,89,89.0,,89.0,103077.03648800001,108693.93914400002,108693.93914200002,1221.2802150786517,43.183384,103077.03648800001,10919.382380644407,78.70900699999999,63.82843927272727,9.593269309221892,0.8188129043891852,4,64,,True,True,,358,59.56268577710819
93,2026-09-21T07:58:27.108+00:00,2026-09-21T08:00:11.154+00:00,2026-09-21T08:00:13.719+00:00,True,41,41.0,,41.0,104046.26526,106611.198124,106611.198156,2600.2731257560977,43.349872000000005,104046.26526,16239.284960249508,76.730778,64.1233216,9.456647067511415,0.38457498575630583,4,64,,True,True,,143,59.56268577710819
94,2026-09-21T07:58:27.329+00:00,2026-09-21T08:00:12.033+00:00,2026-09-21T08:00:13.038+00:00,True,17,17.0,,17.0,104704.063975,105709.51319099999,105709.513424,6218.206672,48.910682,104704.063975,25379.226266529713,21002.4681606,62.840576,9.729523485364437,0.16081807102151488,4,64,,True,True,,114,59.56268577710819
95,2026-09-21T07:58:27.517+00:00,2026-09-21T08:00:13.277+00:00,2026-09-21T08:00:15.652+00:00,True,39,39.0,,39.0,105759.26291599999,108135.13721999999,108135.13718399999,2772.695825230769,48.14180399999999,105759.26291599999,16925.026348557512,78.0370221,62.523008,9.366777570890832,0.36065982808765334,4,64,,True,True,,39,59.56268577710819
96,2026-09-21T07:58:27.788+00:00,2026-09-21T08:00:14.741+00:00,2026-09-21T08:00:20.408+00:00,True,90,90.0,,90.0,106953.566986,112619.73863400001,112619.738698,1251.3304299777778,43.258345,106953.566986,11267.189255071156,78.05391345,63.664849977528085,9.862224895227964,0.7991494305673065,4,64,,True,True,,227,59.56268577710819
97,2026-09-21T07:58:28.001+00:00,2026-09-21T08:00:15.852+00:00,2026-09-21T08:00:17.644+00:00,True,29,29.0,,29.0,107850.84047,109642.11573399999,109642.115819,3780.7626144482756,44.252635000000005,107850.84047,20015.520848355452,76.0775494,63.974116571428574,9.66546038299071,0.2644969025438745,4,64,,True,True,,319,59.56268577710819
98,2026-09-21T07:58:28.280+00:00,2026-09-21T08:00:17.156+00:00,2026-09-21T08:00:17.965+00:00,True,13,13.0,,13.0,108876.005055,109684.191423,109684.191555,8437.24550423077,47.809544,108876.005055,30178.09316152805,43598.790147600004,67.348864,10.562670754418678,0.11852209357923928,4,64,,True,True,,74,59.56268577710819
99,2026-09-21T07:58:28.611+00:00,2026-09-21T08:00:18.807+00:00,2026-09-21T08:00:19.357+00:00,True,10,10.0,,10.0,110195.722723,110745.566947,110745.566983,11074.5566983,52.257234,110195.722723,34827.62851094138,60641.172351400004,61.09380266666666,8.149965093948317,0.09029706809651121,4,64,,True,True,,59,59.56268577710819
100,2026-09-21T07:58:28.915+00:00,2026-09-21T08:00:20.405+00:00,2026-09-21T08:00:22.152+00:00,True,29,29.0,,29.0,111489.61545999999,113237.06608399999,113237.06590999999,3904.7264106896546,49.966803999999996,111489.61545999999,20691.51477675047,78.3742342,62.408950857142855,9.219858189205096,0.2560998885160766,4,64,,True,True,,217,59.56268577710819
101,2026-09-21T07:58:29.116+00:00,2026-09-21T08:00:21.277+00:00,2026-09-21T08:00:21.339+00:00,True,2,2.0,,2.0,112161.311684,112223.419076,112223.419249,56111.7096245,62.107565,112161.311684,79266.10739815986,106556.35147805,62.107392,nan,0.01782159211033803,4,64,,True,True,,11,59.56268577710819
102,2026-09-21T07:58:29.416+00:00,2026-09-21T08:00:22.940+00:00,2026-09-21T08:00:24.622+00:00,True,28,28.0,,28.0,113524.082897,115205.668049,115205.667881,4114.488138607143,45.731722999999995,113524.082897,21442.267295204965,81.00926365,62.280931555555554,9.899933345572123,0.2430435973696265,4,64,,True,True,,336,59.56268577710819
103,2026-09-21T07:58:29.662+00:00,2026-09-21T08:00:24.201+00:00,2026-09-21T08:00:27.758+00:00,True,57,57.0,,57.0,114538.568755,118096.033075,118096.033059,2071.860229105263,44.847344,114538.568755,15162.59249552691,78.07294,63.52614857142857,9.121424172392455,0.48265804122142403,4,64,,True,True,,118,59.56268577710819
104,2026-09-21T07:58:29.933+00:00,2026-09-21T08:00:25.688+00:00,2026-09-21T08:00:26.705+00:00,True,17,17.0,,17.0,115754.613697,116772.041665,116772.04157199999,6868.943621882353,48.053974000000004,115754.613697,28059.196306575654,23211.591607399998,63.589248,9.086627558491141,0.14558279325774087,4,64,,True,True,,34,59.56268577710819
105,2026-09-21T07:58:30.275+00:00,2026-09-21T08:00:27.360+00:00,2026-09-21T08:00:29.660+00:00,True,38,38.0,,38.0,117085.089085,119384.890941,119384.890898,3141.7076552105264,47.503264,117085.089085,18983.62854319219,76.471046,62.156806918918925,9.18925217428625,0.3182982343953356,4,64,,True,True,,228,59.56268577710819
106,2026-09-21T07:58:30.496+00:00,2026-09-21T08:00:28.610+00:00,2026-09-21T08:00:32.982+00:00,True,70,70.0,,70.0,118114.065066,122486.085546,122486.085771,1749.8012253,42.903403,118114.065066,14109.76084876837,77.0621611,63.362615652173915,9.507981895193279,0.571493485876086,4,64,,True,True,,140,59.56268577710819
107,2026-09-21T07:58:30.711+00:00,2026-09-21T08:00:29.539+00:00,2026-09-21T08:00:35.821+00:00,True,100,100.0,,100.0,118827.46348199999,125109.97330599999,125109.97332899999,1251.09973329,43.090213000000006,118827.46348199999,11876.40442987852,78.53494845,63.459695191919195,9.859491977669537,0.7992967895166534,4,64,,True,True,,300,59.56268577710819
108,2026-09-21T07:58:30.951+00:00,2026-09-21T08:00:30.909+00:00,2026-09-21T08:00:34.573+00:00,True,57,57.0,,57.0,119958.150599,123621.487559,123621.487571,2168.7980275614036,45.646714,119958.150599,15880.18303179937,78.46310299999999,65.41673142857142,8.979431533305036,0.4610848900584212,4,64,,True,True,,250,59.56268577710819
109,2026-09-21T07:58:31.197+00:00,2026-09-21T08:00:32.208+00:00,2026-09-21T08:00:32.854+00:00,True,11,11.0,,11.0,121010.82270100001,121657.59082900001,121657.59072900002,11059.780975363637,41.282463,121010.82270100001,36466.63686063515,60543.89872800001,64.6768128,12.041835743962896,0.09041770369644608,4,64,,True,True,,94,59.56268577710819
110,2026-09-21T07:58:31.421+00:00,2026-09-21T08:00:33.112+00:00,2026-09-21T08:00:35.285+00:00,True,35,35.0,,35.0,121690.975824,123863.93531199999,123863.935455,3538.969584428571,44.079214,121690.975824,20558.72834001709,77.50057729999999,63.910573176470585,9.212405864598733,0.2825681253533464,4,64,,True,True,,114,59.56268577710819
111,2026-09-21T07:58:31.756+00:00,2026-09-21T08:00:34.572+00:00,2026-09-21T08:00:38.911+00:00,True,72,72.0,,72.0,122815.393338,127154.781498,127154.78154,1766.0386325,40.280584000000005,122815.393338,14466.73352475094,78.35342695,61.11814309859155,10.07159678969535,0.5662390289360254,4,64,,True,True,,216,59.56268577710819
112,2026-09-21T07:58:31.991+00:00,2026-09-21T08:00:36.060+00:00,2026-09-21T08:00:39.967+00:00,True,63,63.0,,63.0,124069.280214,127976.424406,127976.424493,2031.3718173492064,40.224314,124069.280214,15623.32351142695,77.38645589999999,63.01845470967742,9.846891463060913,0.49227816992397805,4,64,,True,True,,128,59.56268577710819
113,2026-09-21T07:58:32.268+00:00,2026-09-21T08:00:37.415+00:00,2026-09-21T08:00:40.565+00:00,True,50,50.0,,50.0,125147.207716,128297.440036,128297.44004,2565.9488008000003,47.811853,125147.207716,17689.398191026088,78.152476,64.29045551020408,9.290581397885267,0.3897193894591357,4,64,,True,True,,199,59.56268577710819
114,2026-09-21T07:58:32.499+00:00,2026-09-21T08:00:38.655+00:00,2026-09-21T08:00:44.953+00:00,True,97,97.0,,97.0,126156.80419400001,132454.71958600002,132454.719732,1365.512574556701,46.519293,126156.80419400001,12802.624615671919,77.653024,65.60328533333333,8.641225278200984,0.7323257359434443,4,64,,True,True,,632,59.56268577710819
115,2026-09-21T07:58:32.736+00:00,2026-09-21T08:00:39.824+00:00,2026-09-21T08:00:46.016+00:00,True,96,96.0,,96.0,127087.61204600001,133279.849102,133279.848976,1388.3317601666668,45.223473,127087.61204600001,12964.17607540713,77.6663125,65.18144269473684,9.630221778346208,0.7202889307484923,4,64,,True,True,,480,59.56268577710819
116,2026-09-21T07:58:33.407+00:00,2026-09-21T08:00:41.472+00:00,2026-09-21T08:00:46.872+00:00,True,84,84.0,,84.0,128065.50491799999,133465.71765399998,133465.71773,1588.8775920238095,46.095784,128065.50491799999,13965.99655459648,79.235266,65.06280404819277,9.71900626626726,0.6293751045325647,4,64,,True,True,,201,59.56268577710819
118,2026-09-21T07:58:33.464+00:00,2026-09-21T08:00:41.811+00:00,2026-09-21T08:00:47.453+00:00,True,88,88.0,,88.0,128346.650309,133988.881861,133988.881857,1522.600930193182,40.634313,128346.650309,13674.889027600064,79.0500515,64.85323622988506,9.857381696584042,0.6567709109722338,4,64,,True,True,,97,59.56268577710819
117,2026-09-21T07:58:33.428+00:00,2026-09-21T08:00:42.017+00:00,2026-09-21T08:00:47.888+00:00,True,92,92.0,,92.0,128588.94199699999,134459.42596499997,134459.42576299998,1461.5154974239128,44.433873,128588.94199699999,13399.60179069186,78.44786549999999,64.51081283516484,9.822035030449308,0.6842212759702526,4,64,,True,True,,184,59.56268577710819
119,2026-09-21T07:58:33.646+00:00,2026-09-21T08:00:44.881+00:00,2026-09-21T08:00:46.403+00:00,True,25,25.0,,25.0,131234.349688,132757.162872,132757.16295,5310.286518,46.131252999999994,131234.349688,26234.181212245727,78.51350980000001,63.450549333333335,8.708479186785109,0.188313756178295,4,64,,True,True,,58,59.56268577710819
120,2026-09-21T07:58:33.901+00:00,2026-09-21T08:00:46.283+00:00,2026-09-21T08:00:48.601+00:00,True,37,37.0,,37.0,132381.682585,134700.497049,134700.497027,3640.553973702703,40.721173,132381.682585,21752.82767932821,79.40781999999999,64.4115128888889,10.171382611283038,0.27468347044436303,4,64,,True,True,,259,59.56268577710819
121,2026-09-21T07:58:34.117+00:00,2026-09-21T08:00:47.695+00:00,2026-09-21T08:00:49.219+00:00,True,25,25.0,,25.0,133577.590628,135101.6513,135101.651371,5404.06605484,45.424583,133577.590628,26702.819564882248,79.184532,63.502528,10.412315933117632,0.18504585073121163,4,64,,True,True,,71,59.56268577710819
122,2026-09-21T07:58:34.406+00:00,2026-09-21T08:00:48.974+00:00,2026-09-21T08:00:53.654+00:00,True,75,75.0,,75.0,134567.261542,139247.649382,139247.64933,1856.6353244,43.913053999999995,134567.261542,15531.188402593356,78.9987646,63.24848432432432,9.344851049631087,0.5386087329506832,4,64,,True,True,,156,59.56268577710819
123,2026-09-21T07:58:34.647+00:00,2026-09-21T08:00:50.451+00:00,2026-09-21T08:00:55.806+00:00,True,86,86.0,,86.0,135804.04139700002,141159.11646900003,141159.116505,1641.3850756395352,42.005943,135804.04139700002,14637.33583329986,77.3511835,63.000883200000004,9.42271245423049,0.6092415576919998,4,64,,True,True,,258,59.56268577710819
124,2026-09-21T07:58:34.870+00:00,2026-09-21T08:00:51.585+00:00,2026-09-21T08:00:56.541+00:00,True,80,80.0,,80.0,136714.91128799997,141670.97298399996,141670.97288599997,1770.8871610749998,42.829893,136714.91128799997,15278.180741192498,77.49795205000001,62.73495817721519,9.577124939043618,0.5646887172083941,4,64,,True,True,,317,59.56268577710819
125,2026-09-21T07:58:35.145+00:00,2026-09-21T08:00:52.912+00:00,2026-09-21T08:00:56.802+00:00,True,62,62.0,,62.0,137766.585318,141656.770278,141656.770038,2284.786613516129,46.634974,137766.585318,17488.27668017064,78.2266845,63.77352393442623,8.62815889317584,0.43767763360922046,4,64,,True,True,,246,59.56268577710819
126,2026-09-21T07:58:35.469+00:00,2026-09-21T08:00:54.645+00:00,2026-09-21T08:00:54.712+00:00,True,2,2.0,,2.0,139176.70831299998,139243.59112899998,139243.59119799998,69621.79559899999,66.882885,139176.70831299998,98365.50088981561,132221.2170416,66.882816,nan,0.014363318151907847,4,64,,True,True,,15,59.56268577710819
127,2026-09-21T07:58:35.790+00:00,2026-09-21T08:00:56.466+00:00,2026-09-21T08:00:57.929+00:00,True,24,24.0,,24.0,140676.09837599998,142138.78227999998,142138.78222499997,5922.449259374999,42.423023,140676.09837599998,28702.408898645455,77.20320965,63.59495234782609,10.473713250666627,0.16884906156521212,4,64,,True,True,,16,59.56268577710819
128,2026-09-21T07:58:35.976+00:00,2026-09-21T08:00:57.363+00:00,2026-09-21T08:00:58.818+00:00,True,24,24.0,,24.0,141387.228435,142842.38030699998,142842.380292,5951.7658455,47.017273,141387.228435,28847.634470821282,78.2049655,63.267472695652174,10.240156129959146,0.16801736255317695,4,64,,True,True,,145,59.56268577710819
129,2026-09-21T07:58:36.291+00:00,2026-09-21T08:00:58.957+00:00,2026-09-21T08:00:59.011+00:00,True,2,2.0,,2.0,142665.379109,142719.803173,142719.803053,71359.9015265,54.423944000000006,142665.379109,100841.1734686622,135534.83135075,54.424064,nan,0.014013472240959226,4,64,,True,True,,5,59.56268577710819
130,2026-09-21T07:58:36.629+00:00,2026-09-21T08:01:00.692+00:00,2026-09-21T08:01:03.677+00:00,True,47,47.0,,47.0,144062.23158300002,147047.97903900003,147047.97898500002,3128.6804039361705,41.008733,144062.23158300002,21004.170882570725,77.91613670000001,64.90755339130435,10.230000712707827,0.3196235698522226,4,64,,True,True,,188,59.56268577710819
131,2026-09-21T07:58:36.967+00:00,2026-09-21T08:01:02.314+00:00,2026-09-21T08:01:02.314+00:00,True,1,1.0,,1.0,145347.22331799997,145347.22331799997,145347.22331799997,145347.22331799997,145347.22331799997,145347.22331799997,nan,145347.22331799997,nan,nan,0.006880076393424701,4,64,,True,True,,7,59.56268577710819
132,2026-09-21T07:58:37.201+00:00,2026-09-21T08:01:03.543+00:00,2026-09-21T08:01:08.068+00:00,True,74,74.0,,74.0,146341.50626499997,150867.07631299997,150867.07639099998,2038.7442755540537,45.652453,146341.50626499997,17004.650420442682,77.33360990000001,61.99411024657534,9.351203397034606,0.4904980053200882,4,64,,True,True,,83,59.56268577710819
133,2026-09-21T07:58:37.403+00:00,2026-09-21T08:01:04.636+00:00,2026-09-21T08:01:05.961+00:00,True,22,22.0,,22.0,147233.084535,148558.014071,148558.013954,6752.636997909091,40.707893,147233.084535,31376.74969948681,80.6124295,63.09188266666666,11.007174785912348,0.14809029413576832,4,64,,True,True,,55,59.56268577710819
134,2026-09-21T07:58:37.612+00:00,2026-09-21T08:01:05.826+00:00,2026-09-21T08:01:08.337+00:00,True,41,41.0,,41.0,148214.339553,150725.567201,150725.567129,3676.233344609756,45.600753,148214.339553,23137.38792307678,76.45034600000001,62.7806912,8.837812747012833,0.27201755323517524,4,64,,True,True,,110,59.56268577710819
135,2026-09-21T07:58:37.865+00:00,2026-09-21T08:01:07.078+00:00,2026-09-21T08:01:09.118+00:00,True,33,33.0,,33.0,149213.153218,151253.518786,151253.51898999998,4583.4399693939395,44.675133,149213.153218,25963.578285327167,77.0324362,63.761424,9.756123059000156,0.21817674236517975,4,64,,True,True,,363,59.56268577710819
136,2026-09-21T07:58:38.093+00:00,2026-09-21T08:01:08.682+00:00,2026-09-21T08:01:09.526+00:00,True,15,15.0,,15.0,150588.261384,151432.722952,151432.72305700002,10095.514870466668,48.307453,150588.261384,38866.14839181433,45226.82953840001,60.318683428571426,7.723219870121347,0.09905388813984799,4,64,,True,True,,55,59.56268577710819
137,2026-09-21T07:58:38.315+00:00,2026-09-21T08:01:09.899+00:00,2026-09-21T08:01:13.769+00:00,True,61,61.0,,61.0,151584.162772,155454.438868,155454.438629,2548.4334201475413,47.379752999999994,151584.162772,19400.10705850985,82.789837,64.5046016,10.468478055834598,0.39239792986417404,4,64,,True,True,,122,59.56268577710819
138,2026-09-21T07:58:38.519+00:00,2026-09-21T08:01:11.166+00:00,2026-09-21T08:01:15.269+00:00,True,65,65.0,,65.0,152647.679485,156750.242557,156750.242538,2411.542192892308,46.480832,152647.679485,18925.666349731455,77.7605778,64.102548,10.526441958089979,0.41467240458249166,4,64,,True,True,,130,59.56268577710819
139,2026-09-21T07:58:38.785+00:00,2026-09-21T08:01:12.607+00:00,2026-09-21T08:01:18.416+00:00,True,92,92.0,,92.0,153821.91984400002,159630.73443600003,159630.73454600002,1735.1166798478264,43.303673,153821.91984400002,16030.391528110065,76.165567,63.83312738461538,9.610381140154693,0.5763301179127576,4,64,,True,True,,276,59.56268577710819
140,2026-09-21T07:58:39.095+00:00,2026-09-21T08:01:14.373+00:00,2026-09-21T08:01:16.762+00:00,True,39,39.0,,39.0,155277.640304,157667.188848,157667.18879000001,4042.7484305128205,42.046593,155277.640304,24854.254443314923,78.0617099,62.88285642105264,9.822021223935014,0.24735647464101224,4,64,,True,True,,351,59.56268577710819
141,2026-09-21T07:58:39.391+00:00,2026-09-21T08:01:16.017+00:00,2026-09-21T08:01:18.905+00:00,True,46,46.0,,46.0,156626.19461399998,159513.81163799998,159513.811619,3467.691556934782,49.019743999999996,156626.19461399998,23083.813728090536,77.31578325,64.16926720000001,10.758473579722208,0.28837628245253283,4,64,,True,True,,138,59.56268577710819
142,2026-09-21T07:58:39.580+00:00,2026-09-21T08:01:16.835+00:00,2026-09-21T08:01:18.358+00:00,True,25,25.0,,25.0,157255.02554499998,158778.12672899998,158778.12667799997,6351.12506712,47.298764000000006,157255.02554499998,31438.313779776796,77.156308,63.462549333333335,8.799711122160213,0.1574524181323137,4,64,,True,True,,67,59.56268577710819
143,2026-09-21T07:58:39.885+00:00,2026-09-21T08:01:18.412+00:00,2026-09-21T08:01:19.772+00:00,True,22,22.0,,22.0,158527.171802,159887.27241,159887.272562,7267.603298272727,46.210884,158527.171802,33784.30052857017,102.78314390000001,64.76669561904762,12.62327347313239,0.1375969435740029,4,64,,True,True,,22,59.56268577710819
144,2026-09-21T07:58:40.173+00:00,2026-09-21T08:01:19.833+00:00,2026-09-21T08:01:23.768+00:00,True,63,63.0,,63.0,159659.846177,163594.825761,163594.825821,2596.743267,43.073363,159659.846177,20107.2560665648,78.155293,63.467412645161296,9.770200509289296,0.38509775420427034,4,64,,True,True,,315,59.56268577710819
145,2026-09-21T07:58:40.426+00:00,2026-09-21T08:01:21.250+00:00,2026-09-21T08:01:21.849+00:00,True,10,10.0,,10.0,160824.272006,161423.280774,161423.280831,16142.328083100001,55.703644,160824.272006,50836.053592539734,88486.71695705,66.55652977777778,6.412773114975802,0.06194893296711308,4,64,,True,True,,24,59.56268577710819
146,2026-09-21T07:58:40.694+00:00,2026-09-21T08:01:22.536+00:00,2026-09-21T08:01:25.320+00:00,True,45,45.0,,45.0,161841.809381,164625.686245,164625.686331,3658.3485851333335,44.130792,161841.809381,24116.522530953345,77.8908438,63.26992872727273,9.32944302043041,0.27334737990419,4,64,,True,True,,222,59.56268577710819
147,2026-09-21T07:58:40.927+00:00,2026-09-21T08:01:23.763+00:00,2026-09-21T08:01:26.715+00:00,True,48,48.0,,48.0,162835.560212,165788.182036,165788.182032,3453.9204590000004,43.170892,162835.560212,23494.222712831954,76.72804330000001,62.821740936170215,8.81787998604378,0.2895260651906844,4,64,,True,True,,285,59.56268577710819
148,2026-09-21T07:58:41.245+00:00,2026-09-21T08:01:25.398+00:00,2026-09-21T08:01:28.187+00:00,True,46,46.0,,46.0,164152.381977,166941.787417,166941.787458,3629.169292565218,42.650271999999994,164152.381977,24193.81083327681,77.80841725,61.98678755555555,9.89983602156378,0.2755451508680548,4,64,,True,True,,184,59.56268577710819
149,2026-09-21T07:58:41.509+00:00,2026-09-21T08:01:26.774+00:00,2026-09-21T08:01:31.957+00:00,True,84,84.0,,84.0,165264.55385499998,170447.85139099997,170447.85150499997,2029.1410893452378,44.960062,165264.55385499998,18025.029523797104,75.95956919999999,62.44936790361446,8.902766710930567,0.4928193539225534,4,64,,True,True,,336,59.56268577710819
150,2026-09-21T07:58:41.835+00:00,2026-09-21T08:01:28.316+00:00,2026-09-21T08:01:30.405+00:00,True,34,34.0,,34.0,166481.180266,168570.093162,168570.093167,4957.9439166764705,43.582873,166481.180266,28540.432427980064,77.08672965,63.30039078787879,9.355814874131728,0.20169651307794653,4,64,,True,True,,170,59.56268577710819
151,2026-09-21T07:58:42.151+00:00,2026-09-21T08:01:29.828+00:00,2026-09-21T08:01:30.088+00:00,True,5,5.0,,5.0,167677.084403,167937.001715,167937.001577,33587.400315399995,53.279173,167677.084403,74958.41253369483,134156.36694719997,64.979328,8.463531079214633,0.029773069358980966,4,64,,True,True,,18,59.56268577710819
152,2026-09-21T07:58:42.469+00:00,2026-09-21T08:01:31.343+00:00,2026-09-21T08:01:36.322+00:00,True,80,80.0,,80.0,168874.862182,173853.514854,173853.51488,2173.168936,44.221722,168874.862182,18873.73982025619,76.15771149999999,63.02091989873418,9.164539574224925,0.4601575071242189,4,64,,True,True,,400,59.56268577710819
153,2026-09-21T07:58:42.764+00:00,2026-09-21T08:01:33.165+00:00,2026-09-21T08:01:37.057+00:00,True,62,62.0,,62.0,170401.10381,174293.404354,174293.40432,2811.1839406451613,42.963352,170401.10381,21632.86051181181,78.0895675,63.80820563934426,10.139159892036115,0.3557220092739391,4,64,,True,True,,187,59.56268577710819
155,2026-09-21T07:58:43.600+00:00,2026-09-21T08:01:35.324+00:00,2026-09-21T08:01:36.323+00:00,True,17,17.0,,17.0,171724.005399,172722.95733499998,172722.957383,10160.173963705882,41.599372,171724.005399,41634.04769159063,34404.989987,62.434496,10.739861002170038,0.09842351162982999,4,64,,True,True,,8,59.56268577710819
154,2026-09-21T07:58:43.512+00:00,2026-09-21T08:01:35.461+00:00,2026-09-21T08:01:37.329+00:00,True,31,31.0,,31.0,171948.769576,173817.41444,173817.414517,5607.013371516129,44.703432,171948.769576,30871.725291223887,78.460695,62.28816213333333,10.966929853205635,0.17834806771159795,4,64,,True,True,,155,59.56268577710819
156,2026-09-21T07:58:43.691+00:00,2026-09-21T08:01:36.592+00:00,2026-09-21T08:01:38.058+00:00,True,24,24.0,,24.0,172901.09343900002,174367.02470300003,174367.02466800003,7265.292694500001,48.948932,172901.09343900002,35280.27884793202,76.92864,63.736141913043475,8.696418641835322,0.13764070380210527,4,64,,True,True,,96,59.56268577710819
157,2026-09-21T07:58:43.858+00:00,2026-09-21T08:01:38.671+00:00,2026-09-21T08:01:42.449+00:00,True,61,61.0,,61.0,174813.663013,178590.87926900003,178590.879328,2927.719333245902,43.382123,174813.663013,22374.537252750644,77.132824,62.953604266666666,8.67612412262179,0.34156279564601727,4,64,,True,True,,122,59.56268577710819
158,2026-09-21T07:58:44.153+00:00,2026-09-21T08:01:39.989+00:00,2026-09-21T08:01:41.036+00:00,True,18,18.0,,18.0,175835.507434,176882.857706,176882.85774,9826.82543,52.062822,175835.507434,41430.30603037606,26439.588192500003,61.60883952941176,8.46337853409593,0.10176226364410114,4,64,,True,True,,18,59.56268577710819
159,2026-09-21T07:58:44.490+00:00,2026-09-21T08:01:41.517+00:00,2026-09-21T08:01:46.088+00:00,True,76,76.0,,76.0,177027.51186199998,181598.008886,181598.00887,2389.4474851315786,45.608992,177027.51186199998,20299.460012190943,76.68151600000002,60.93996032,9.140541179137752,0.41850679127054624,4,64,,True,True,,228,59.56268577710819
160,2026-09-21T07:58:44.793+00:00,2026-09-21T08:01:43.228+00:00,2026-09-21T08:01:44.431+00:00,True,20,20.0,,20.0,178434.97760299998,179638.144323,179638.144098,8981.907204899999,44.690453,178434.97760299998,39885.11539765326,8996.6871535,63.32456421052632,10.257740034359614,0.11133492875565905,4,64,,True,True,,40,59.56268577710819
161,2026-09-21T07:58:45.053+00:00,2026-09-21T08:01:44.427+00:00,2026-09-21T08:01:45.251+00:00,True,14,14.0,,14.0,179373.62203099998,180197.766159,180197.76623699997,12871.26901692857,48.313652000000005,179373.62203099998,47922.67457355474,62830.51531265,63.39570215384615,9.107872978455598,0.07769241705053605,4,64,,True,True,,28,59.56268577710819
162,2026-09-21T07:58:45.392+00:00,2026-09-21T08:01:46.217+00:00,2026-09-21T08:01:51.132+00:00,True,78,78.0,,78.0,180824.628563,185739.561811,185739.561698,2381.276432025641,46.480722,180824.628563,20467.131961659623,78.8514978,63.83030192207792,8.893261319076375,0.419942844914048,4,64,,True,True,,467,59.56268577710819
163,2026-09-21T07:58:45.658+00:00,2026-09-21T08:01:47.552+00:00,2026-09-21T08:01:48.517+00:00,True,16,16.0,,16.0,181893.258737,182858.946033,182858.945829,11428.6841143125,48.906932999999995,181893.258737,45457.22051977812,45529.2310805,64.37915306666667,7.773818349089089,0.0874991371606863,4,64,,True,True,,48,59.56268577710819
164,2026-09-21T07:58:45.942+00:00,2026-09-21T08:01:49.079+00:00,2026-09-21T08:01:54.621+00:00,True,88,88.0,,88.0,183137.47494999997,188679.29894999997,188679.29890999998,2144.0829421590906,41.697211,183137.47494999997,19515.732371986687,77.99935864999999,63.699126436781604,9.521846956036313,0.4663998673395538,4,64,,True,True,,350,59.56268577710819
165,2026-09-21T07:58:46.205+00:00,2026-09-21T08:01:50.785+00:00,2026-09-21T08:01:52.359+00:00,True,25,25.0,,25.0,184580.42366499998,186154.239473,186154.2394,7446.169575999999,51.480682,184580.42366499998,36902.97083555773,79.05150800000001,65.57565866666667,9.747415484418951,0.1342972369083543,4,64,,True,True,,54,59.56268577710819
167,2026-09-21T07:58:46.726+00:00,2026-09-21T08:01:52.766+00:00,2026-09-21T08:01:53.084+00:00,True,6,6.0,,6.0,186040.031398,186358.125734,186358.125565,31059.687594166666,50.147943,186040.031398,75924.55299273095,139548.554577,63.618867200000004,9.709023897684627,0.03219607396440634,4,64,,True,True,,6,59.56268577710819
168,2026-09-21T07:58:46.957+00:00,2026-09-21T08:01:54.059+00:00,2026-09-21T08:01:54.443+00:00,True,7,7.0,,7.0,187102.404985,187486.676601,187486.676644,26783.81094914286,51.085561,187102.404985,70693.85549675101,130992.8953477,64.04526933333334,8.610840929317384,0.03733598635863101,4,64,,True,True,,42,59.56268577710819
169,2026-09-21T07:58:47.255+00:00,2026-09-21T08:01:55.609+00:00,2026-09-21T08:01:58.623+00:00,True,49,49.0,,49.0,188353.708016,191367.629552,191367.62961899998,3905.4618289591835,45.745353,188353.708016,26898.703998734614,77.1107786,62.790032,8.863168699449602,0.25605166409131547,4,64,,True,True,,147,59.56268577710819
166,2026-09-21T07:58:46.468+00:00,2026-09-21T08:01:56.535+00:00,2026-09-21T08:02:02.359+00:00,True,94,94.0,,94.0,190066.33419800003,195890.21874200003,195890.21859300003,2083.938495670213,44.932153,190066.33419800003,19597.38858222472,77.67875400000001,62.622414451612904,9.038486710843792,0.4798606107219882,4,64,,True,True,,656,59.56268577710819
170,2026-09-21T07:58:47.509+00:00,2026-09-21T08:01:56.645+00:00,2026-09-21T08:02:02.651+00:00,True,97,97.0,,97.0,189136.024696,195142.062968,195142.06291100002,2011.7738444432991,44.501502,189136.024696,19197.503438999112,76.18948379999999,62.56289866666666,8.814462581910014,0.49707376525944774,4,64,,True,True,,291,59.56268577710819
171,2026-09-21T07:58:47.832+00:00,2026-09-21T08:01:58.497+00:00,2026-09-21T08:01:59.535+00:00,True,17,17.0,,17.0,190665.622924,191703.393932,191703.39369,11276.670217058823,52.731043,190665.622924,46227.475724819386,38193.589732,64.860688,8.425533405172446,0.08867865952352491,4,64,,True,True,,68,59.56268577710819
172,2026-09-21T07:58:48.059+00:00,2026-09-21T08:01:59.794+00:00,2026-09-21T08:02:02.582+00:00,True,47,47.0,,47.0,191734.9198,194523.223928,194523.22403,4138.792000638298,45.137053,191734.9198,27958.572040875817,76.05009799999999,60.61530713043478,8.439181071220824,0.24161639443831334,4,64,,True,True,,411,59.56268577710819
173,2026-09-21T07:58:48.381+00:00,2026-09-21T08:02:01.647+00:00,2026-09-21T08:02:01.826+00:00,True,4,4.0,,4.0,193265.67097600002,193444.65107200004,193444.65105500002,48361.162763750006,56.995663,193265.67097600002,96603.00553893305,164285.51522155,59.660032,4.310033881645015,0.0206777493088253,4,64,,True,True,,16,59.56268577710819
174,2026-09-21T07:58:48.617+00:00,2026-09-21T08:02:03.174+00:00,2026-09-21T08:02:06.143+00:00,True,48,48.0,,48.0,194557.311854,197525.351534,197525.351285,4115.111485104167,43.812703,194557.311854,28072.81559509343,76.257231,63.149780425531915,8.920280816969413,0.2430067817990329,4,64,,True,True,,96,59.56268577710819
175,2026-09-21T07:58:48.847+00:00,2026-09-21T08:02:04.230+00:00,2026-09-21T08:02:05.545+00:00,True,21,21.0,,21.0,195382.40045699998,196697.97268099998,196697.97264899997,9366.570126142857,48.337292999999995,195382.40045699998,42621.5820579348,80.990485,65.7786112,9.038195975066108,0.10676266620224548,4,64,,True,True,,21,59.56268577710819
176,2026-09-21T07:58:49.081+00:00,2026-09-21T08:02:05.349+00:00,2026-09-21T08:02:06.390+00:00,True,18,18.0,,18.0,196268.116844,197309.520236,197309.52031,10961.640017222222,50.548713000000006,196268.116844,46246.40046976767,29503.237176000002,61.25902305882352,7.532124309934288,0.09122722501413198,4,64,,True,True,,62,59.56268577710819
177,2026-09-21T07:58:49.312+00:00,2026-09-21T08:02:06.763+00:00,2026-09-21T08:02:12.578+00:00,True,93,93.0,,93.0,197450.33737599998,203265.214304,203265.21446099997,2185.6474673225803,44.945712,197450.33737599998,20468.093735275423,76.37392,63.205184,8.165353961719571,0.45753032715627767,4,64,,True,True,,185,59.56268577710819
178,2026-09-21T07:58:49.649+00:00,2026-09-21T08:02:08.545+00:00,2026-09-21T08:02:11.593+00:00,True,50,50.0,,50.0,198896.373877,201944.21925300002,201944.219132,4038.8843826400002,41.985062,198896.373877,28119.400007810906,76.93632105,62.20092604081633,9.591404105327719,0.24759312341275258,4,64,,True,True,,130,59.56268577710819
179,2026-09-21T07:58:49.985+00:00,2026-09-21T08:02:10.230+00:00,2026-09-21T08:02:12.824+00:00,True,42,42.0,,42.0,200245.099124,202839.250804,202839.25077400001,4829.505970809524,45.782112,200245.099124,30888.72757805843,77.18121400000001,63.27199219512195,8.153903635567051,0.20706051631290956,4,64,,True,True,,366,59.56268577710819
180,2026-09-21T07:58:50.296+00:00,2026-09-21T08:02:12.449+00:00,2026-09-21T08:02:13.652+00:00,True,20,20.0,,20.0,202152.60724200003,203355.89684200002,203355.89677700002,10167.79483885,47.821092,202152.60724200003,45188.536957154276,10182.149249400001,63.33103157894737,9.976736974383192,0.09834974205611188,4,64,,True,True,,60,59.56268577710819
181,2026-09-21T07:58:50.629+00:00,2026-09-21T08:02:14.042+00:00,2026-09-21T08:02:19.499+00:00,True,87,87.0,,87.0,203412.984653,208869.523789,208869.523578,2400.7991215862066,43.317302000000005,203412.984653,21801.360841064426,78.37384100000001,63.448129488372096,9.704463884065365,0.4165279760387035,4,64,,True,True,,264,59.56268577710819
182,2026-09-21T07:58:50.865+00:00,2026-09-21T08:02:15.489+00:00,2026-09-21T08:02:18.182+00:00,True,43,43.0,,43.0,204623.89212799998,207316.78736,207316.78749299998,4821.320639372093,46.362063,204623.89212799998,31195.074742633347,78.0594722,64.11655314285714,9.527831852604484,0.20741205064755158,4,64,,True,True,,86,59.56268577710819
183,2026-09-21T07:58:51.060+00:00,2026-09-21T08:02:16.534+00:00,2026-09-21T08:02:17.654+00:00,True,19,19.0,,19.0,205474.671273,206594.164649,206594.16468400002,10873.37708863158,52.147583,205474.671273,47124.85498245219,20620.3487169,62.19407644444445,8.826521263031548,0.0919677476480552,4,64,,True,True,,115,59.56268577710819
184,2026-09-21T07:58:51.341+00:00,2026-09-21T08:02:17.991+00:00,2026-09-21T08:02:24.070+00:00,True,98,98.0,,98.0,206649.748352,212728.766592,212728.766722,2170.701701244898,41.286812,206649.748352,20868.448562842037,76.37347635,62.670291134020616,9.86036811588442,0.4606805255819381,4,64,,True,True,,349,59.56268577710819
185,2026-09-21T07:58:51.608+00:00,2026-09-21T08:02:19.304+00:00,2026-09-21T08:02:23.775+00:00,True,72,72.0,,72.0,207696.471096,212166.990904,212166.99114899998,2946.7637659583334,45.516733,207696.471096,24469.845307400396,77.25962899999999,62.965067718309854,9.852224484135359,0.33935533370776844,4,64,,True,True,,499,59.56268577710819
186,2026-09-21T07:58:51.924+00:00,2026-09-21T08:02:21.211+00:00,2026-09-21T08:02:26.228+00:00,True,82,82.0,,82.0,209287.670527,214304.354047,214304.354119,2613.4677331585367,42.951043,209287.670527,23105.119366549017,77.4522855,61.93436444444445,9.74113512178321,0.3826333830903698,4,64,,True,True,,163,59.56268577710819
187,2026-09-21T07:58:52.161+00:00,2026-09-21T08:02:22.360+00:00,2026-09-21T08:02:27.217+00:00,True,80,80.0,,80.0,210199.30120500003,215056.793173,215056.79327700002,2688.2099159625004,46.134692,210199.30120500003,23494.123681135494,77.8410085,61.487240101265826,9.377639071204026,0.3719947592431777,4,64,,True,True,,400,59.56268577710819
188,2026-09-21T07:58:52.374+00:00,2026-09-21T08:02:23.438+00:00,2026-09-21T08:02:26.232+00:00,True,46,46.0,,46.0,211063.254151,213857.477255,213857.477312,4649.07559373913,48.191983,211063.254151,31110.425270694777,76.8948765,62.09384675555555,9.588108586490202,0.21509652405162522,4,64,,True,True,,172,59.56268577710819
189,2026-09-21T07:58:52.584+00:00,2026-09-21T08:02:24.608+00:00,2026-09-21T08:02:29.831+00:00,True,85,85.0,,85.0,212023.498952,217246.99616799998,217246.996115,2555.847013117647,40.150852,212023.498952,22990.434364648827,77.16829080000001,62.18449066666666,9.33247265963239,0.39125972510233636,4,64,,True,True,,172,59.56268577710819
191,2026-09-21T07:58:53.633+00:00,2026-09-21T08:02:26.814+00:00,2026-09-21T08:02:26.814+00:00,True,1,1.0,,1.0,213180.8145,213180.8145,213180.8145,213180.8145,213180.8145,213180.8145,nan,213180.8145,nan,nan,0.00469085364152223,4,64,,True,True,,2,59.56268577710819
190,2026-09-21T07:58:53.617+00:00,2026-09-21T08:02:28.241+00:00,2026-09-21T08:02:30.057+00:00,True,30,30.0,,30.0,214623.566433,216439.579489,216439.579466,7214.652648866667,44.082531,214623.566433,39173.29116322206,77.728204,62.621139862068965,10.128232214139217,0.13860681152138662,4,64,,True,True,,180,59.56268577710819
192,2026-09-21T07:58:53.638+00:00,2026-09-21T08:02:29.225+00:00,2026-09-21T08:02:34.310+00:00,True,81,81.0,,81.0,215586.79821500002,220672.39539900003,220672.39544300002,2724.3505610246916,40.327002,215586.79821500002,23947.027443545703,77.070083,63.569964799999994,10.049893612994683,0.3670599571529691,4,64,,True,True,,324,59.56268577710819
193,2026-09-21T07:58:53.871+00:00,2026-09-21T08:02:29.835+00:00,2026-09-21T08:02:32.216+00:00,True,39,39.0,,39.0,215963.90717199998,218345.59574799996,218345.59566599998,5598.605017076922,46.743622,215963.90717199998,34571.866889239485,76.751884,62.67601515789474,9.75302222788905,0.17861592246179867,4,64,,True,True,,252,59.56268577710819
194,2026-09-21T07:58:53.965+00:00,2026-09-21T08:02:31.256+00:00,2026-09-21T08:02:34.591+00:00,True,53,53.0,,53.0,217290.979962,220625.72889,220625.72892000002,4162.749602264151,42.921052,217290.979962,29838.404155870317,77.2685426,64.12978707692308,9.588940733446373,0.2402258352489108,4,64,,True,True,,106,59.56268577710819
195,2026-09-21T07:58:54.154+00:00,2026-09-21T08:02:32.744+00:00,2026-09-21T08:02:38.006+00:00,True,83,83.0,,83.0,218590.060514,223851.36637,223851.366428,2697.0044147951808,38.728602,218590.060514,23986.336061185677,79.4173918,64.16226653658536,11.131735651707727,0.3707817439131051,4,64,,True,True,,599,59.56268577710819
196,2026-09-21T07:58:54.348+00:00,2026-09-21T08:02:33.675+00:00,2026-09-21T08:02:34.181+00:00,True,9,9.0,,9.0,219326.993257,219832.994665,219832.994674,24425.88829711111,44.892252,219326.993257,73087.91517272306,131626.83977939998,63.250176,11.65238543745575,0.040940169212155604,4,64,,True,True,,81,59.56268577710819
197,2026-09-21T07:58:54.673+00:00,2026-09-21T08:02:35.698+00:00,2026-09-21T08:02:36.186+00:00,True,8,8.0,,8.0,221024.624783,221512.818831,221512.81896,27689.10237,49.289442,221024.624783,78119.34971063264,143702.96082849998,69.74200685714285,17.827026110291413,0.03611529139586041,4,64,,True,True,,16,59.56268577710819
198,2026-09-21T07:58:54.980+00:00,2026-09-21T08:02:37.110+00:00,2026-09-21T08:02:38.598+00:00,True,25,25.0,,25.0,222129.60603099997,223618.38273499996,223618.38269299996,8944.735307719999,45.972812,222129.60603099997,44413.51569966533,76.558133,62.032362666666664,9.460707872364228,0.11179760668257033,4,64,,True,True,,132,59.56268577710819
199,2026-09-21T07:58:55.181+00:00,2026-09-21T08:02:37.891+00:00,2026-09-21T08:02:41.903+00:00,True,65,65.0,,65.0,222710.102847,226721.724735,226721.724628,3488.0265327384614,45.110201,222710.102847,27616.015648530618,79.08214699999999,62.681592,10.177252815857873,0.2866950667209955,4,64,,True,True,,130,59.56268577710819
200,2026-09-21T07:58:55.467+00:00,2026-09-21T08:02:39.422+00:00,2026-09-21T08:02:40.356+00:00,True,16,16.0,,16.0,223955.26490200002,224888.99008600003,224888.98995500003,14055.561872187502,42.760951999999996,223955.26490200002,55973.25472087652,56046.774224500004,62.2483456,8.337703329043187,0.07114621304440659,4,64,,True,True,,18,59.56268577710819
201,2026-09-21T07:58:55.657+00:00,2026-09-21T08:02:40.292+00:00,2026-09-21T08:02:42.799+00:00,True,40,40.0,,40.0,224635.134853,227141.833093,227141.83312999998,5678.54582825,41.465171000000005,224635.134853,35507.772645881225,80.82117554999999,64.27431384615385,11.69207677425523,0.17610142286569716,4,64,,True,True,,120,59.56268577710819
202,2026-09-21T07:58:55.877+00:00,2026-09-21T08:02:41.303+00:00,2026-09-21T08:02:45.206+00:00,True,63,63.0,,63.0,225425.76269499998,229328.640903,229328.641121,3640.1371606507932,41.426271,225425.76269499998,28393.04753433106,79.89636689999999,62.94964851612903,10.504369636435506,0.2747149233167407,4,64,,True,True,,126,59.56268577710819
203,2026-09-21T07:58:56.110+00:00,2026-09-21T08:02:42.519+00:00,2026-09-21T08:02:42.804+00:00,True,6,6.0,,6.0,226409.779534,226694.063182,226694.063263,37782.34387716667,48.954781000000004,226409.779534,92408.19422887242,169825.87400375,56.8567296,10.298567834354289,0.026467389201908366,4,64,,True,True,,18,59.56268577710819
204,2026-09-21T07:58:56.367+00:00,2026-09-21T08:02:44.062+00:00,2026-09-21T08:02:44.062+00:00,True,1,1.0,,1.0,227695.30218,227695.30218,227695.30218,227695.30218,227695.30218,227695.30218,nan,227695.30218,nan,nan,0.004391834132833667,4,64,,True,True,,6,59.56268577710819
205,2026-09-21T07:58:56.579+00:00,2026-09-21T08:02:45.202+00:00,2026-09-21T08:02:50.270+00:00,True,81,81.0,,81.0,228623.243128,233691.224184,233691.224226,2885.0768422962965,44.538111,228623.243128,25395.545388416995,77.195122,63.349763200000005,9.299161265408417,0.34661121864047206,4,64,,True,True,,162,59.56268577710819
206,2026-09-21T07:58:56.803+00:00,2026-09-21T08:02:46.543+00:00,2026-09-21T08:02:49.458+00:00,True,47,47.0,,47.0,229739.547792,232655.42952,232655.429365,4950.115518404255,48.189262,229739.547792,33501.71205329145,78.22583569999999,63.388733217391305,8.538435486518296,0.202015487439805,4,64,,True,True,,94,59.56268577710819
207,2026-09-21T07:58:57.131+00:00,2026-09-21T08:02:48.014+00:00,2026-09-21T08:02:53.547+00:00,True,89,89.0,,89.0,230883.21906,236415.329908,236415.329934,2656.352021730337,45.927722,230883.21906,24466.910048351612,75.8528746,62.864896,8.444667513505522,0.37645612928160777,4,64,,True,True,,267,59.56268577710819
208,2026-09-21T07:58:57.364+00:00,2026-09-21T08:02:49.126+00:00,2026-09-21T08:02:54.305+00:00,True,83,83.0,,83.0,231761.557225,236940.345321,236940.34524599998,2854.7029547710845,43.645790999999996,231761.557225,25432.205060374694,76.35047910000002,63.155952390243904,8.799634425449861,0.35029914338798646,4,64,,True,True,,549,59.56268577710819
209,2026-09-21T07:58:57.651+00:00,2026-09-21T08:02:50.721+00:00,2026-09-21T08:02:55.035+00:00,True,70,70.0,,70.0,233069.87000099997,237383.60670499998,237383.606522,3391.194378885714,43.008211,233069.87000099997,27849.706992726944,78.3059945,62.51792324637681,9.667293764869799,0.2948813566852154,4,64,,True,True,,71,59.56268577710819
210,2026-09-21T07:58:57.934+00:00,2026-09-21T08:02:52.473+00:00,2026-09-21T08:02:53.033+00:00,True,9,9.0,,9.0,234538.91094600002,235099.16464200002,235099.164603,26122.129400333335,55.648301,234538.91094600002,78156.29336006878,140754.06255280002,70.031712,7.078084276296397,0.03828171832811424,4,64,,True,True,,72,59.56268577710819
211,2026-09-21T07:58:58.163+00:00,2026-09-21T08:02:53.492+00:00,2026-09-21T08:02:54.842+00:00,True,23,23.0,,23.0,235329.177015,236679.46309499998,236679.463132,10290.411440521739,45.556062,235329.177015,49056.7283288762,73.30186499999999,61.37664,8.997058181725041,0.09717784424231225,4,64,,True,True,,47,59.56268577710819
212,2026-09-21T07:58:58.503+00:00,2026-09-21T08:02:55.272+00:00,2026-09-21T08:02:59.554+00:00,True,69,69.0,,69.0,236769.88186199998,241051.34183,241051.34194199997,3493.4977093043476,47.131862,236769.88186199998,28496.165965540134,76.8139446,62.962646588235295,9.513451773210276,0.28624607304058003,4,64,,True,True,,345,59.56268577710819
213,2026-09-21T07:58:58.748+00:00,2026-09-21T08:02:56.387+00:00,2026-09-21T08:02:58.643+00:00,True,36,36.0,,36.0,237638.321035,239895.133323,239895.133314,6663.753703166667,52.090822,237638.321035,39595.64089384554,78.39976449999999,64.48035108571429,7.973121957981819,0.1500655703237165,4,64,,True,True,,36,59.56268577710819
214,2026-09-21T07:58:58.967+00:00,2026-09-21T08:02:57.787+00:00,2026-09-21T08:03:03.027+00:00,True,84,84.0,,84.0,238819.597641,244059.798601,244059.798705,2905.473794107143,42.010290999999995,238819.597641,26050.467526637145,76.37001135,63.13495132530121,9.586360643770947,0.34417794524745554,4,64,,True,True,,252,59.56268577710819
215,2026-09-21T07:58:59.280+00:00,2026-09-21T08:02:59.435+00:00,2026-09-21T08:03:02.566+00:00,True,51,51.0,,51.0,240155.153097,243286.342089,243286.342006,4770.320431490196,41.768422,240155.153097,33619.68025642653,78.816558,62.623779840000005,10.290927743168181,0.20962952363903342,4,64,,True,True,,51,59.56268577710819
216,2026-09-21T07:58:59.534+00:00,2026-09-21T08:03:00.614+00:00,2026-09-21T08:03:03.379+00:00,True,45,45.0,,45.0,241079.972082,243844.903666,243844.903479,5418.7756328666665,42.162622000000006,241079.972082,35928.714285678085,78.547747,62.83935418181818,10.326507322147148,0.1845435328910443,4,64,,True,True,,169,59.56268577710819
217,2026-09-21T07:58:59.831+00:00,2026-09-21T08:03:02.365+00:00,2026-09-21T08:03:05.789+00:00,True,54,54.0,,54.0,242533.488292,245957.49034,245957.490292,4554.768338740741,46.480841,242533.488292,32995.837149799896,77.682157,64.6038122264151,9.314219773666183,0.2195501341526658,4,64,,True,True,,126,59.56268577710819
218,2026-09-21T07:59:00.167+00:00,2026-09-21T08:03:04.045+00:00,2026-09-21T08:03:09.714+00:00,True,89,89.0,,89.0,243877.936286,249547.24495800002,249547.244795,2803.9016269101126,45.170072,243877.936286,25844.18260087316,80.10269699999999,64.42396218181818,10.181275779108802,0.3566458929048851,4,64,,True,True,,89,59.56268577710819
219,2026-09-21T07:59:00.424+00:00,2026-09-21T08:03:05.393+00:00,2026-09-21T08:03:07.407+00:00,True,32,32.0,,32.0,244968.35340599998,246983.23673399998,246983.236637,7718.22614490625,42.340742,244968.35340599998,43293.20722144506,78.22077000000002,64.99623638709677,9.79994416593332,0.12956344901441177,4,64,,True,True,,32,59.56268577710819
220,2026-09-21T07:59:00.741+00:00,2026-09-21T08:03:07.297+00:00,2026-09-21T08:03:11.941+00:00,True,74,74.0,,74.0,246555.68623,251200.320342,251200.320293,3394.5989228783783,44.761622,246555.68623,28654.12137570577,76.532297,63.62512482191781,8.701325480165089,0.2945856115917835,4,64,,True,True,,302,59.56268577710819
222,2026-09-21T07:59:01.362+00:00,2026-09-21T08:03:09.337+00:00,2026-09-21T08:03:13.781+00:00,True,71,71.0,,71.0,247974.317618,252419.087154,252419.087034,3555.1984089295775,44.032430999999995,247974.317618,29421.60301947071,78.3071535,63.496707657142856,9.484352347832406,0.28127825356044944,4,64,,True,True,,431,59.56268577710819
223,2026-09-21T07:59:01.643+00:00,2026-09-21T08:03:10.678+00:00,2026-09-21T08:03:11.106+00:00,True,8,8.0,,8.0,249035.15901499998,249462.77962299998,249462.77976099998,31182.847470124998,51.060872,249035.15901499998,88025.62718109204,161898.9566443,61.08865828571428,9.545608374971982,0.032068912292607256,4,64,,True,True,,22,59.56268577710819
224,2026-09-21T07:59:01.974+00:00,2026-09-21T08:03:12.368+00:00,2026-09-21T08:03:14.359+00:00,True,32,32.0,,32.0,250393.93370199998,252385.28218199997,252385.28199999998,7887.040062499999,47.045121,250393.93370199998,44252.457471276,77.81320600000001,64.23704774193548,9.375342335822321,0.1267902776395819,4,64,,True,True,,186,59.56268577710819
221,2026-09-21T07:59:01.031+00:00,2026-09-21T08:03:13.381+00:00,2026-09-21T08:03:18.799+00:00,True,87,87.0,,87.0,252350.083164,257768.205404,257768.205205,2962.8529333908045,43.234761,252350.083164,27048.015872954504,79.1471363,63.00142139534884,9.361852417310105,0.3375125332608222,4,64,,True,True,,348,59.56268577710819
225,2026-09-21T07:59:02.289+00:00,2026-09-21T08:03:15.018+00:00,2026-09-21T08:03:15.527+00:00,True,9,9.0,,9.0,252729.034021,253238.051877,253238.051948,28137.561327555555,48.079161,252729.034021,84221.80294159501,151668.2503294,63.627232,11.454388062735186,0.035539682655477786,4,64,,True,True,,18,59.56268577710819
226,2026-09-21T07:59:02.509+00:00,2026-09-21T08:03:16.198+00:00,2026-09-21T08:03:20.605+00:00,True,72,72.0,,72.0,253689.136919,258096.36047100002,258096.36054400002,3584.6716742222225,43.290502000000004,253689.136919,29890.237669473383,77.23021400000002,62.07357115492958,9.865957423361142,0.27896557653353654,4,64,,True,True,,180,59.56268577710819
227,2026-09-21T07:59:02.802+00:00,2026-09-21T08:03:17.866+00:00,2026-09-21T08:03:23.107+00:00,True,83,83.0,,83.0,255064.002097,260305.40164899998,260305.401721,3136.2096592891567,42.733582000000006,255064.002097,27989.897406775006,76.89073600000002,63.91950673170732,10.762784400841287,0.3188562337708172,4,64,,True,True,,498,59.56268577710819
228,2026-09-21T07:59:03.125+00:00,2026-09-21T08:03:19.612+00:00,2026-09-21T08:03:22.368+00:00,True,44,44.0,,44.0,256487.184655,259243.240719,259243.240772,5891.891835727272,46.181872000000006,256487.184655,38657.23709061434,79.717617,64.09432706976744,11.661494434935216,0.1697247722948066,4,64,,True,True,,134,59.56268577710819
229,2026-09-21T07:59:03.342+00:00,2026-09-21T08:03:20.792+00:00,2026-09-21T08:03:20.863+00:00,True,2,2.0,,2.0,257450.096096,257521.392864,257521.392928,128760.696464,71.296832,257450.096096,181994.29429322557,244581.15613279998,71.296768,nan,0.007766345070431577,4,64,,True,True,,12,59.56268577710819
230,2026-09-21T07:59:03.678+00:00,2026-09-21T08:03:22.519+00:00,2026-09-21T08:03:25.176+00:00,True,43,43.0,,43.0,258840.54953999998,261497.60809999998,261497.60791299999,6081.3397189069765,46.484522,258840.54953999998,39463.16729914232,79.73840600000001,63.26329904761904,9.4826344511851,0.1644374505466079,4,64,,True,True,,172,59.56268577710819
231,2026-09-21T07:59:03.987+00:00,2026-09-21T08:03:23.617+00:00,2026-09-21T08:03:25.627+00:00,True,33,33.0,,33.0,259630.447906,261640.20765,261640.207677,7928.491141727272,48.531332,259630.447906,45184.92770983011,78.43168299999999,62.804992,9.006461204190002,0.12612740333910985,4,64,,True,True,,132,59.56268577710819
232,2026-09-21T07:59:04.300+00:00,2026-09-21T08:03:25.438+00:00,2026-09-21T08:03:29.905+00:00,True,72,72.0,,72.0,261138.644588,265605.480556,265605.480465,3688.9650064583334,42.402232000000005,261138.644588,30768.07149013617,77.54086054999999,62.913182647887325,9.600300624564484,0.27107874374158325,4,64,,True,True,,30,59.56268577710819
233,2026-09-21T07:59:04.617+00:00,2026-09-21T08:03:27.301+00:00,2026-09-21T08:03:33.399+00:00,True,97,97.0,,97.0,262684.65119999996,268781.891776,268781.89177999995,2770.947337938144,41.220612,262684.65119999996,26665.138211623052,76.9110402,63.51292266666666,9.425066317963667,0.36088740710567957,4,64,,True,True,,294,59.56268577710819
234,2026-09-21T07:59:05.567+00:00,2026-09-21T08:03:28.730+00:00,2026-09-21T08:03:33.473+00:00,True,76,76.0,,76.0,263162.79122099996,267906.276149,267906.27609299996,3525.082580171052,44.829731,263162.79122099996,30179.589296384627,78.81618175,63.24646570666666,10.27489173386789,0.28368129740167597,4,64,,True,True,,228,59.56268577710819
235,2026-09-21T07:59:05.628+00:00,2026-09-21T08:03:29.105+00:00,2026-09-21T08:03:32.411+00:00,True,53,53.0,,53.0,263476.528609,266782.581985,266782.58203399996,5033.633623283018,44.898101000000004,263476.528609,36182.55276234209,78.40570220000001,63.57794953846154,9.825797803375986,0.19866364440156725,4,64,,True,True,,106,59.56268577710819
236,2026-09-21T07:59:05.689+00:00,2026-09-21T08:03:29.960+00:00,2026-09-21T08:03:33.248+00:00,True,53,53.0,,53.0,264271.535402,267558.809642,267558.809825,5048.279430660377,45.881901,264271.535402,36291.80456023397,76.2852978,63.2168123076923,8.248280690195283,0.19808729180293203,4,64,,True,True,,214,59.56268577710819
237,2026-09-21T07:59:05.797+00:00,2026-09-21T08:03:32.710+00:00,2026-09-21T08:03:33.120+00:00,True,8,8.0,,8.0,266912.962923,267322.947179,267322.947131,33415.368391375,46.593951000000004,266912.962923,94347.27599903518,173517.44319815,58.569179428571424,8.043018613599392,0.02992634969957586,4,64,,True,True,,0,59.56268577710819
238,2026-09-21T07:59:06.096+00:00,2026-09-21T08:03:35.252+00:00,2026-09-21T08:03:39.581+00:00,True,69,69.0,,69.0,269155.791495,273485.103239,273485.103185,3963.552220072464,44.233540999999995,269155.791495,32394.886305767526,77.1790034,63.66634917647058,9.107193155029972,0.2522989339558307,4,64,,True,True,,276,59.56268577710819
239,2026-09-21T07:59:06.345+00:00,2026-09-21T08:03:36.716+00:00,2026-09-21T08:03:37.015+00:00,True,6,6.0,,6.0,270370.582939,270669.834651,270669.83449599997,45111.63908266666,49.077650999999996,270370.582939,110353.89462743588,202794.06155224997,59.850342399999995,6.1743293504286605,0.02216722823116349,4,64,,True,True,,12,59.56268577710819
240,2026-09-21T07:59:06.600+00:00,2026-09-21T08:03:37.927+00:00,2026-09-21T08:03:42.098+00:00,True,66,66.0,,66.0,271327.545789,275498.743229,275498.743084,4174.223380060606,42.248791,271327.545789,33390.214841903275,78.37792200000001,64.1722683076923,10.884875198875463,0.23956552115789323,4,64,,True,True,,198,59.56268577710819
241,2026-09-21T07:59:06.937+00:00,2026-09-21T08:03:39.582+00:00,2026-09-21T08:03:40.436+00:00,True,14,14.0,,14.0,272645.31871799997,273498.59999799996,273498.59990599996,19535.614278999998,48.772551,272645.31871799997,72849.98462227256,95474.18491795,65.63702153846154,7.642968056417444,0.05118856184310405,4,64,,True,True,,14,59.56268577710819
242,2026-09-21T07:59:07.129+00:00,2026-09-21T08:03:40.548+00:00,2026-09-21T08:03:42.711+00:00,True,34,34.0,,34.0,273418.50396899995,275581.55548899993,275581.55558399996,8105.339870117646,47.925678,273418.50396899995,46879.64682152209,88.2144865,65.54701575757576,11.881377695994768,0.12337545573276634,4,64,,True,True,,136,59.56268577710819
243,2026-09-21T07:59:07.444+00:00,2026-09-21T08:03:42.307+00:00,2026-09-21T08:03:46.304+00:00,True,63,63.0,,63.0,274862.588591,278860.156079,278860.156156,4426.351685015873,42.078661,274862.588591,34621.3091222775,80.25859390000001,64.47689496774194,9.560425770500142,0.22591968994721623,4,64,,True,True,,129,59.56268577710819
244,2026-09-21T07:59:07.753+00:00,2026-09-21T08:03:43.750+00:00,2026-09-21T08:03:46.246+00:00,True,40,40.0,,40.0,275996.50007099996,278492.69360699994,278492.693613,6962.317340324999,46.702481,275996.50007099996,43628.75926075379,78.70928055,64.00496246153847,9.515044505467799,0.14363033902945668,4,64,,True,True,,119,59.56268577710819
245,2026-09-21T07:59:08.067+00:00,2026-09-21T08:03:45.709+00:00,2026-09-21T08:03:50.324+00:00,True,74,74.0,,74.0,277641.90367,282256.74706200004,282256.746946,3814.2803641351356,42.610471,277641.90367,32267.86810355349,78.08831249999999,63.21703276712329,8.92061817057711,0.26217265227585607,4,64,,True,True,,206,59.56268577710819
246,2026-09-21T07:59:08.258+00:00,2026-09-21T08:03:46.497+00:00,2026-09-21T08:03:46.898+00:00,True,8,8.0,,8.0,278238.348346,278639.716666,278639.716595,34829.964574375,43.421371,278238.348346,98351.83972985485,180879.25008825,57.33833142857142,10.013785216554341,0.028710910618637484,4,64,,True,True,,32,59.56268577710819
247,2026-09-21T07:59:08.600+00:00,2026-09-21T08:03:48.341+00:00,2026-09-21T08:03:50.917+00:00,True,41,41.0,,41.0,279740.539429,282317.079845,282317.079663,6885.782430804878,48.463871,279740.539429,43678.07375396262,76.612571,64.41351039999999,9.736687702425879,0.14522677842413978,4,64,,True,True,,136,59.56268577710819
248,2026-09-21T07:59:08.808+00:00,2026-09-21T08:03:49.311+00:00,2026-09-21T08:03:53.079+00:00,True,61,61.0,,61.0,280503.344987,284270.494299,284270.494447,4660.172040114754,43.732001,280503.344987,35906.73533243927,76.03219100000001,62.785821866666666,9.086776497868946,0.2145843526617971,4,64,,True,True,,451,59.56268577710819
249,2026-09-21T07:59:09.136+00:00,2026-09-21T08:03:51.117+00:00,2026-09-21T08:03:56.087+00:00,True,79,79.0,,79.0,281980.18538200005,286950.963494,286950.963326,3632.290675012659,43.915471,281980.18538200005,31718.080795748436,77.3860959,63.727924512820515,8.997398760399843,0.27530836292749317,4,64,,True,True,,79,59.56268577710819
250,2026-09-21T07:59:09.413+00:00,2026-09-21T08:03:52.670+00:00,2026-09-21T08:03:54.577+00:00,True,30,30.0,,30.0,283257.22820599994,285164.03498999996,285164.03492599993,9505.467830866664,47.146371,283257.22820599994,51703.45386557309,77.0868935,65.75195806896552,8.367738142241487,0.10520260733809589,4,64,,True,True,,48,59.56268577710819
251,2026-09-21T07:59:09.692+00:00,2026-09-21T08:03:53.817+00:00,2026-09-21T08:03:57.138+00:00,True,54,54.0,,54.0,284124.73134,287445.762764,287445.76279,5323.069681296296,44.208961,284124.73134,38655.95272923652,77.57211685,62.66097026415094,9.688702925659712,0.18786152726952987,4,64,,True,True,,637,59.56268577710819
254,2026-09-21T07:59:10.464+00:00,2026-09-21T08:03:55.830+00:00,2026-09-21T08:04:00.536+00:00,True,75,75.0,,75.0,285365.401713,290072.26148900006,290072.261691,3867.6301558800005,46.341750999999995,285365.401713,32943.814765768046,75.901904,63.60621318918919,8.491812274901163,0.258556263239407,4,64,,True,True,,443,59.56268577710819
255,2026-09-21T07:59:10.801+00:00,2026-09-21T08:03:57.388+00:00,2026-09-21T08:03:57.690+00:00,True,6,6.0,,6.0,286587.41988,286888.977896,286888.977896,47814.82964933333,54.888742,286587.41988,116974.20228236017,214958.596608,60.3116032,6.771701236707006,0.020914013650866214,4,64,,True,True,,18,59.56268577710819
256,2026-09-21T07:59:10.991+00:00,2026-09-21T08:03:58.950+00:00,2026-09-21T08:04:03.928+00:00,True,78,78.0,,78.0,287959.547833,292937.42994500004,292937.429927,3755.6080759871797,40.798871,287959.547833,32597.67963144648,76.90804834999999,64.64781963636364,9.188442082442903,0.2662684656400678,4,64,,True,True,,538,59.56268577710819
252,2026-09-21T07:59:10.031+00:00,2026-09-21T08:03:59.293+00:00,2026-09-21T08:04:04.856+00:00,True,88,88.0,,88.0,289262.10102999996,294824.94698199996,294824.94698699994,3350.283488488636,44.462031,289262.10102999996,30828.62867841528,75.69848,63.940758068965515,8.684149255791963,0.2984822041038905,4,64,,True,True,,440,59.56268577710819
257,2026-09-21T07:59:11.226+00:00,2026-09-21T08:04:01.169+00:00,2026-09-21T08:04:06.103+00:00,True,80,80.0,,80.0,289943.852546,294877.34093,294877.340959,3685.9667619875,44.067961000000004,289943.852546,32409.727523383488,76.47868299999999,62.44922005063291,9.45231875652149,0.27129924512915,4,64,,True,True,,566,59.56268577710819
253,2026-09-21T07:59:10.228+00:00,2026-09-21T08:04:01.357+00:00,2026-09-21T08:04:06.565+00:00,True,84,84.0,,84.0,291129.684223,296336.966399,296336.966611,3527.8210310833338,44.444131,291129.684223,31758.008789998352,77.585139,62.73833946987951,9.371993901733353,0.28346109167797523,4,64,,True,True,,840,59.56268577710819
258,2026-09-21T07:59:11.502+00:00,2026-09-21T08:04:03.234+00:00,2026-09-21T08:04:05.581+00:00,True,39,39.0,,39.0,291732.47004000004,294078.992152,294078.992359,7540.486983564104,47.563731,291732.47004000004,46704.69472624363,78.044823,61.75058189473684,9.298580138424446,0.1326174294688896,4,64,,True,True,,117,59.56268577710819
259,2026-09-21T07:59:11.842+00:00,2026-09-21T08:04:05.255+00:00,2026-09-21T08:04:10.626+00:00,True,86,86.0,,86.0,293412.59341699997,298783.69741699996,298783.69763899996,3474.229042313953,42.282000999999994,293412.59341699997,31632.681333897894,79.2584285,63.189458823529414,10.08207952331685,0.28783364267687395,4,64,,True,True,,258,59.56268577710819
260,2026-09-21T07:59:12.036+00:00,2026-09-21T08:04:06.175+00:00,2026-09-21T08:04:07.520+00:00,True,22,22.0,,22.0,294138.686709,295484.215797,295484.21574699995,13431.100715772725,47.686031,294138.686709,62696.918992691666,76.65319655000002,64.07281371428572,9.234708394380892,0.07445406158383153,4,64,,True,True,,66,59.56268577710819
261,2026-09-21T07:59:12.334+00:00,2026-09-21T08:04:07.701+00:00,2026-09-21T08:04:08.290+00:00,True,10,10.0,,10.0,295367.006255,295955.508271,295955.508378,29595.5508378,54.211541,295367.006255,93382.57098988083,162486.71913515002,65.38911288888889,7.987271344068831,0.03378886258418012,4,64,,True,True,,44,59.56268577710819
262,2026-09-21T07:59:12.545+00:00,2026-09-21T08:04:08.794+00:00,2026-09-21T08:04:11.728+00:00,True,47,47.0,,47.0,296249.595439,299182.685743,299182.685811,6365.589059808511,41.686771,296249.595439,43203.14519995286,81.34361729999999,63.76283269565217,10.487576490251634,0.15709465233015965,4,64,,True,True,,139,59.56268577710819
263,2026-09-21T07:59:12.817+00:00,2026-09-21T08:04:10.436+00:00,2026-09-21T08:04:12.824+00:00,False,41,40.0,,40.0,297618.9185,300006.423652,300006.42388,7317.229850731708,0.03302,297618.9185,46470.946292081026,77.930152,59.6876288,13.182973816495002,0.1333304784380184,4,64,,True,False,Request timeout: 300.0s exceeded,119,59.56268577710819
264,2026-09-21T07:59:13.111+00:00,2026-09-21T08:04:11.838+00:00,2026-09-21T08:04:13.149+00:00,False,24,23.0,,23.0,298726.94348400005,300038.12556400005,300038.125461,12501.588560875001,0.03354,298726.94348400005,60965.7471373374,75.17823664999999,57.00791652173913,15.282742072145956,0.07665692470503704,4,64,,True,False,Request timeout: 300.0s exceeded,69,59.56268577710819
265,2026-09-21T07:59:13.445+00:00,2026-09-21T08:04:13.451+00:00,2026-09-21T08:04:13.451+00:00,False,1,0.0,,0.0,300005.744468,300005.744468,300005.744468,300005.744468,300005.744468,300005.744468,nan,300005.744468,nan,nan,0.0,4,64,,True,False,"HTTPConnectionPool(host='gpu06', port=9004): Read timed out.",0,59.56268577710819
266,2026-09-21T07:59:13.642+00:00,2026-09-21T08:04:13.748+00:00,2026-09-21T08:04:13.748+00:00,False,1,0.0,,0.0,300106.58705699997,300106.58705699997,300106.58705699997,300106.58705699997,300106.58705699997,300106.58705699997,nan,300106.58705699997,nan,nan,0.0,4,64,,True,False,"HTTPConnectionPool(host='gpu06', port=9004): Read timed out.",0,59.56268577710819
267,2026-09-21T07:59:13.910+00:00,2026-09-21T08:04:14.015+00:00,2026-09-21T08:04:14.015+00:00,False,1,0.0,,0.0,300104.882458,300104.882458,300104.882458,300104.882458,300104.882458,300104.882458,nan,300104.882458,nan,nan,0.0,4,64,,True,False,"HTTPConnectionPool(host='gpu06', port=9004): Read timed out.",0,59.56268577710819
268,2026-09-21T07:59:14.192+00:00,2026-09-21T08:04:14.242+00:00,2026-09-21T08:04:14.242+00:00,False,1,0.0,,0.0,300050.136389,300050.136389,300050.136389,300050.136389,300050.136389,300050.136389,nan,300050.136389,nan,nan,0.0,4,64,,True,False,"HTTPConnectionPool(host='gpu06', port=9004): Read timed out.",0,59.56268577710819
269,2026-09-21T07:59:14.437+00:00,2026-09-21T08:04:14.550+00:00,2026-09-21T08:04:14.550+00:00,False,1,0.0,,0.0,300113.308513,300113.308513,300113.308513,300113.308513,300113.308513,300113.308513,nan,300113.308513,nan,nan,0.0,4,64,,True,False,"HTTPConnectionPool(host='gpu06', port=9004): Read timed out.",0,59.56268577710819
270,2026-09-21T07:59:14.728+00:00,2026-09-21T08:04:14.841+00:00,2026-09-21T08:04:14.841+00:00,False,1,0.0,,0.0,300112.95042400004,300112.95042400004,300112.95042400004,300112.95042400004,300112.95042400004,300112.95042400004,nan,300112.95042400004,nan,nan,0.0,4,64,,True,False,"HTTPConnectionPool(host='gpu06', port=9004): Read timed out.",0,59.56268577710819
271,2026-09-21T07:59:15.066+00:00,2026-09-21T08:04:15.171+00:00,2026-09-21T08:04:15.171+00:00,False,1,0.0,,0.0,300105.339331,300105.339331,300105.339331,300105.339331,300105.339331,300105.339331,nan,300105.339331,nan,nan,0.0,4,64,,True,False,"HTTPConnectionPool(host='gpu06', port=9004): Read timed out.",0,59.56268577710819
272,2026-09-21T07:59:15.268+00:00,2026-09-21T08:04:15.371+00:00,2026-09-21T08:04:15.371+00:00,False,1,0.0,,0.0,300103.67661799997,300103.67661799997,300103.67661799997,300103.67661799997,300103.67661799997,300103.67661799997,nan,300103.67661799997,nan,nan,0.0,4,64,,True,False,"HTTPConnectionPool(host='gpu06', port=9004): Read timed out.",0,59.56268577710819
273,2026-09-21T07:59:15.607+00:00,2026-09-21T08:04:15.647+00:00,2026-09-21T08:04:15.647+00:00,False,1,0.0,,0.0,300040.33483300003,300040.33483300003,300040.33483300003,300040.33483300003,300040.33483300003,300040.33483300003,nan,300040.33483300003,nan,nan,0.0,4,64,,True,False,TTFT timeout: 300.0s exceeded (TTFT: 300.036s),0,59.56268577710819
274,2026-09-21T07:59:15.900+00:00,2026-09-21T08:04:15.802+00:00,2026-09-21T08:04:15.916+00:00,False,4,3.0,,3.0,299901.992611,300016.03062700003,300016.030763,75004.00769075,0.02568,299901.992611,149931.9923745555,254925.71227000002,38.012672,33.04514580847674,0.009999465674318584,4,64,,True,False,Request timeout: 300.0s exceeded,16,59.56268577710819
275,2026-09-21T07:59:16.145+00:00,2026-09-21T08:04:16.226+00:00,2026-09-21T08:04:16.226+00:00,False,1,0.0,,0.0,300081.176189,300081.176189,300081.176189,300081.176189,300081.176189,300081.176189,nan,300081.176189,nan,nan,0.0,4,64,,True,False,"HTTPConnectionPool(host='gpu06', port=9004): Read timed out.",0,59.56268577710819
276,2026-09-21T07:59:16.446+00:00,2026-09-21T08:04:16.543+00:00,2026-09-21T08:04:16.543+00:00,False,1,0.0,,0.0,300097.29436799994,300097.29436799994,300097.29436799994,300097.29436799994,300097.29436799994,300097.29436799994,nan,300097.29436799994,nan,nan,0.0,4,64,,True,False,"HTTPConnectionPool(host='gpu06', port=9004): Read timed out.",0,59.56268577710819
277,2026-09-21T07:59:16.756+00:00,2026-09-21T08:04:16.857+00:00,2026-09-21T08:04:16.857+00:00,False,1,0.0,,0.0,300100.84605800005,300100.84605800005,300100.84605800005,300100.84605800005,300100.84605800005,300100.84605800005,nan,300100.84605800005,nan,nan,0.0,4,64,,True,False,"HTTPConnectionPool(host='gpu06', port=9004): Read timed out.",0,59.56268577710819
278,2026-09-21T07:59:16.958+00:00,2026-09-21T08:04:17.040+00:00,2026-09-21T08:04:17.040+00:00,False,1,0.0,,0.0,300081.99981400004,300081.99981400004,300081.99981400004,300081.99981400004,300081.99981400004,300081.99981400004,nan,300081.99981400004,nan,nan,0.0,4,64,,True,False,"HTTPConnectionPool(host='gpu06', port=9004): Read timed out.",0,59.56268577710819
279,2026-09-21T07:59:17.234+00:00,2026-09-21T08:04:17.339+00:00,2026-09-21T08:04:17.339+00:00,False,1,0.0,,0.0,300105.348426,300105.348426,300105.348426,300105.348426,300105.348426,300105.348426,nan,300105.348426,nan,nan,0.0,4,64,,True,False,"HTTPConnectionPool(host='gpu06', port=9004): Read timed out.",0,59.56268577710819
280,2026-09-21T07:59:17.462+00:00,2026-09-21T08:04:17.547+00:00,2026-09-21T08:04:17.547+00:00,False,1,0.0,,0.0,300084.28450999997,300084.28450999997,300084.28450999997,300084.28450999997,300084.28450999997,300084.28450999997,nan,300084.28450999997,nan,nan,0.0,4,64,,True,False,TTFT timeout: 300.0s exceeded (TTFT: 300.076s),0,59.56268577710819
281,2026-09-21T07:59:17.657+00:00,2026-09-21T08:04:17.761+00:00,2026-09-21T08:04:17.761+00:00,False,1,0.0,,0.0,300104.861448,300104.861448,300104.861448,300104.861448,300104.861448,300104.861448,nan,300104.861448,nan,nan,0.0,4,64,,True,False,"HTTPConnectionPool(host='gpu06', port=9004): Read timed out.",0,59.56268577710819
282,2026-09-21T07:59:17.916+00:00,2026-09-21T08:04:17.916+00:00,2026-09-21T08:04:18.032+00:00,False,3,2.0,,2.0,300000.422528,300116.02828800003,300116.02817,100038.67605666668,0.0495,300000.422528,173171.96185972323,270011.9358894,57.80288,81.67538133786283,0.00666408925710806,4,64,,True,False,Request timeout: 300.0s exceeded,19,59.56268577710819
283,2026-09-21T07:59:18.109+00:00,2026-09-21T08:04:18.216+00:00,2026-09-21T08:04:18.216+00:00,False,1,0.0,,0.0,300106.51861699997,300106.51861699997,300106.51861699997,300106.51861699997,300106.51861699997,300106.51861699997,nan,300106.51861699997,nan,nan,0.0,4,64,,True,False,"HTTPConnectionPool(host='gpu06', port=9004): Read timed out.",0,59.56268577710819
284,2026-09-21T07:59:19.551+00:00,2026-09-21T08:04:18.822+00:00,2026-09-21T08:04:19.641+00:00,False,13,12.0,,12.0,299271.679893,300090.01768499997,300090.01768,23083.847513846154,0.02022,299271.679893,82984.12180066801,119778.73449300001,68.194816,32.56954747511797,0.039988001242334634,4,64,,True,False,Request timeout: 300.0s exceeded,96,59.56268577710819
285,2026-09-21T07:59:19.569+00:00,2026-09-21T08:04:19.740+00:00,2026-09-21T08:04:19.903+00:00,False,5,4.0,,4.0,300171.454441,300334.031081,300334.030975,60066.806195000005,0.03151,300171.454441,134222.58123362946,240151.3314012,40.64416,29.526313750966835,0.013318504019017416,4,64,,True,False,Request timeout: 300.0s exceeded,12,59.56268577710819
287,2026-09-21T07:59:19.892+00:00,2026-09-21T08:04:20.040+00:00,2026-09-21T08:04:20.040+00:00,False,1,0.0,,0.0,300148.154258,300148.154258,300148.154258,300148.154258,300148.154258,300148.154258,nan,300148.154258,nan,nan,0.0,4,64,,True,False,"HTTPConnectionPool(host='gpu06', port=9004): Read timed out.",0,59.56268577710819
286,2026-09-21T07:59:19.793+00:00,2026-09-21T08:04:20.040+00:00,2026-09-21T08:04:20.040+00:00,False,1,0.0,,0.0,300246.882827,300246.882827,300246.882827,300246.882827,300246.882827,300246.882827,nan,300246.882827,nan,nan,0.0,4,64,,True,False,"HTTPConnectionPool(host='gpu06', port=9004): Read timed out.",0,59.56268577710819
290,2026-09-21T07:59:20.021+00:00,2026-09-21T08:04:20.861+00:00,2026-09-21T08:04:21.361+00:00,False,7,6.0,,6.0,300839.842675,301339.873395,301339.873435,43048.553347857145,0.02009,300839.842675,113675.28620669432,210640.3330567,83.33845333333333,58.600180090137286,0.019911072279953895,4,64,,True,False,Request timeout: 300.0s exceeded,24,59.56268577710819
288,2026-09-21T07:59:19.966+00:00,2026-09-21T08:04:21.040+00:00,2026-09-21T08:04:21.360+00:00,False,5,4.0,,4.0,301073.687803,301394.20287499996,301394.20277,60278.840553999995,0.03338,301073.687803,134608.4267814644,240893.56910519997,80.128768,73.40580862187326,0.013271655399619473,4,64,,True,False,Request timeout: 300.0s exceeded,22,59.56268577710819
291,2026-09-21T07:59:20.114+00:00,2026-09-21T08:04:21.041+00:00,2026-09-21T08:04:21.403+00:00,False,6,5.0,,5.0,300926.99896,301288.535984,301288.536098,50214.75601633333,0.0255,300926.99896,122823.42805669266,225738.75944349996,72.3074048,66.86513534904996,0.016595387486849238,4,64,,True,False,Request timeout: 300.0s exceeded,5,59.56268577710819
289,2026-09-21T07:59:20.012+00:00,2026-09-21T08:04:21.041+00:00,2026-09-21T08:04:21.363+00:00,False,5,4.0,,4.0,301029.634279,301350.848743,301350.84867599997,60270.1697352,0.0275,301029.634279,134588.64726368635,240857.93667800003,80.303616,73.43882432332443,0.013273564739189787,4,64,,True,False,Request timeout: 300.0s exceeded,14,59.56268577710819
292,2026-09-21T07:59:20.395+00:00,2026-09-21T08:04:21.525+00:00,2026-09-21T08:04:21.525+00:00,False,1,0.0,,0.0,301129.785366,301129.785366,301129.785366,301129.785366,301129.785366,301129.785366,nan,301129.785366,nan,nan,0.0,4,64,,True,False,"HTTPConnectionPool(host='gpu06', port=9004): Read timed out.",0,59.56268577710819
293,2026-09-21T07:59:20.683+00:00,2026-09-21T08:04:21.896+00:00,2026-09-21T08:04:21.896+00:00,False,1,0.0,,0.0,301213.741108,301213.741108,301213.741108,301213.741108,301213.741108,301213.741108,nan,301213.741108,nan,nan,0.0,4,64,,True,False,"HTTPConnectionPool(host='gpu06', port=9004): Read timed out.",0,59.56268577710819
297,2026-09-21T07:59:21.611+00:00,2026-09-21T08:04:21.898+00:00,2026-09-21T08:04:21.898+00:00,False,1,0.0,,0.0,300286.511786,300286.511786,300286.511786,300286.511786,300286.511786,300286.511786,nan,300286.511786,nan,nan,0.0,4,64,,True,False,"HTTPConnectionPool(host='gpu06', port=9004): Read timed out.",0,59.56268577710819
296,2026-09-21T07:59:21.349+00:00,2026-09-21T08:04:21.899+00:00,2026-09-21T08:04:21.899+00:00,False,1,0.0,,0.0,300550.010389,300550.010389,300550.010389,300550.010389,300550.010389,300550.010389,nan,300550.010389,nan,nan,0.0,4,64,,True,False,"HTTPConnectionPool(host='gpu06', port=9004): Read timed out.",0,59.56268577710819
294,2026-09-21T07:59:20.900+00:00,2026-09-21T08:04:21.939+00:00,2026-09-21T08:04:21.939+00:00,False,1,0.0,,0.0,301038.83248000004,301038.83248000004,301038.83248000004,301038.83248000004,301038.83248000004,301038.83248000004,nan,301038.83248000004,nan,nan,0.0,4,64,,True,False,"HTTPConnectionPool(host='gpu06', port=9004): Read timed out.",0,59.56268577710819
295,2026-09-21T07:59:21.091+00:00,2026-09-21T08:04:23.281+00:00,2026-09-21T08:04:23.281+00:00,False,1,0.0,,0.0,302189.892241,302189.892241,302189.892241,302189.892241,302189.892241,302189.892241,nan,302189.892241,nan,nan,0.0,4,64,,True,False,"HTTPConnectionPool(host='gpu06', port=9004): Read timed out.",0,59.56268577710819
301,2026-09-21T07:59:22.778+00:00,2026-09-21T08:04:23.288+00:00,2026-09-21T08:04:23.288+00:00,False,1,0.0,,0.0,300509.875283,300509.875283,300509.875283,300509.875283,300509.875283,300509.875283,nan,300509.875283,nan,nan,0.0,4,64,,True,False,"HTTPConnectionPool(host='gpu06', port=9004): Read timed out.",0,59.56268577710819
300,2026-09-21T07:59:22.545+00:00,2026-09-21T08:04:23.299+00:00,2026-09-21T08:04:23.299+00:00,False,1,0.0,,0.0,300754.68840399996,300754.68840399996,300754.68840399996,300754.68840399996,300754.68840399996,300754.68840399996,nan,300754.68840399996,nan,nan,0.0,4,64,,True,False,"HTTPConnectionPool(host='gpu06', port=9004): Read timed out.",0,59.56268577710819
302,2026-09-21T07:59:23.052+00:00,2026-09-21T08:04:23.304+00:00,2026-09-21T08:04:23.304+00:00,False,1,0.0,,0.0,300252.31392000004,300252.31392000004,300252.31392000004,300252.31392000004,300252.31392000004,300252.31392000004,nan,300252.31392000004,nan,nan,0.0,4,64,,True,False,"HTTPConnectionPool(host='gpu06', port=9004): Read timed out.",0,59.56268577710819
298,2026-09-21T07:59:21.904+00:00,2026-09-21T08:04:23.310+00:00,2026-09-21T08:04:23.310+00:00,False,1,0.0,,0.0,301406.61186,301406.61186,301406.61186,301406.61186,301406.61186,301406.61186,nan,301406.61186,nan,nan,0.0,4,64,,True,False,"HTTPConnectionPool(host='gpu06', port=9004): Read timed out.",0,59.56268577710819
299,2026-09-21T07:59:22.224+00:00,2026-09-21T08:04:23.323+00:00,2026-09-21T08:04:23.323+00:00,False,1,0.0,,0.0,301098.472912,301098.472912,301098.472912,301098.472912,301098.472912,301098.472912,nan,301098.472912,nan,nan,0.0,4,64,,True,False,"HTTPConnectionPool(host='gpu06', port=9004): Read timed out.",0,59.56268577710819
303,2026-09-21T07:59:23.265+00:00,2026-09-21T08:04:23.368+00:00,2026-09-21T08:04:23.368+00:00,False,1,0.0,,0.0,300102.605872,300102.605872,300102.605872,300102.605872,300102.605872,300102.605872,nan,300102.605872,nan,nan,0.0,4,64,,True,False,"HTTPConnectionPool(host='gpu06', port=9004): Read timed out.",0,59.56268577710819
304,2026-09-21T07:59:23.602+00:00,2026-09-21T08:04:23.737+00:00,2026-09-21T08:04:23.737+00:00,False,1,0.0,,0.0,300134.9432,300134.9432,300134.9432,300134.9432,300134.9432,300134.9432,nan,300134.9432,nan,nan,0.0,4,64,,True,False,"HTTPConnectionPool(host='gpu06', port=9004): Read timed out.",0,59.56268577710819
305,2026-09-21T07:59:23.910+00:00,2026-09-21T08:04:23.963+00:00,2026-09-21T08:04:23.963+00:00,False,1,0.0,,0.0,300052.970178,300052.970178,300052.970178,300052.970178,300052.970178,300052.970178,nan,300052.970178,nan,nan,0.0,4,64,,True,False,"HTTPConnectionPool(host='gpu06', port=9004): Read timed out.",0,59.56268577710819
306,2026-09-21T07:59:24.244+00:00,2026-09-21T08:04:24.347+00:00,2026-09-21T08:04:24.347+00:00,False,1,0.0,,0.0,300103.332727,300103.332727,300103.332727,300103.332727,300103.332727,300103.332727,nan,300103.332727,nan,nan,0.0,4,64,,True,False,"HTTPConnectionPool(host='gpu06', port=9004): Read timed out.",0,59.56268577710819
307,2026-09-21T07:59:24.525+00:00,2026-09-21T08:04:24.628+00:00,2026-09-21T08:04:24.628+00:00,False,1,0.0,,0.0,300102.320877,300102.320877,300102.320877,300102.320877,300102.320877,300102.320877,nan,300102.320877,nan,nan,0.0,4,64,,True,False,"HTTPConnectionPool(host='gpu06', port=9004): Read timed out.",0,59.56268577710819
308,2026-09-21T07:59:24.762+00:00,2026-09-21T08:04:24.874+00:00,2026-09-21T08:04:24.874+00:00,False,1,0.0,,0.0,300111.641452,300111.641452,300111.641452,300111.641452,300111.641452,300111.641452,nan,300111.641452,nan,nan,0.0,4,64,,True,False,TTFT timeout: 300.0s exceeded (TTFT: 300.097s),0,59.56268577710819
309,2026-09-21T07:59:24.975+00:00,2026-09-21T08:04:25.079+00:00,2026-09-21T08:04:25.079+00:00,False,1,0.0,,0.0,300103.792927,300103.792927,300103.792927,300103.792927,300103.792927,300103.792927,nan,300103.792927,nan,nan,0.0,4,64,,True,False,"HTTPConnectionPool(host='gpu06', port=9004): Read timed out.",0,59.56268577710819
310,2026-09-21T07:59:25.273+00:00,2026-09-21T08:04:25.326+00:00,2026-09-21T08:04:25.326+00:00,False,1,0.0,,0.0,300052.79390600004,300052.79390600004,300052.79390600004,300052.79390600004,300052.79390600004,300052.79390600004,nan,300052.79390600004,nan,nan,0.0,4,64,,True,False,TTFT timeout: 300.0s exceeded (TTFT: 300.039s),0,59.56268577710819
311,2026-09-21T07:59:25.553+00:00,2026-09-21T08:04:25.531+00:00,2026-09-21T08:04:25.638+00:00,False,3,2.0,,2.0,299978.12828500004,300084.88898900006,300084.88902800006,100028.29634266668,0.04856,299978.12828500004,173161.64215728504,269990.98667480005,53.380352,75.42243041497593,0.00666478077832607,4,64,,True,False,Request timeout: 300.0s exceeded,0,59.56268577710819
312,2026-09-21T07:59:25.873+00:00,2026-09-21T08:04:25.984+00:00,2026-09-21T08:04:25.984+00:00,False,1,0.0,,0.0,300111.540837,300111.540837,300111.540837,300111.540837,300111.540837,300111.540837,nan,300111.540837,nan,nan,0.0,4,64,,True,False,"HTTPConnectionPool(host='gpu06', port=9004): Read timed out.",0,59.56268577710819
313,2026-09-21T07:59:26.144+00:00,2026-09-21T08:04:26.248+00:00,2026-09-21T08:04:26.248+00:00,False,1,0.0,,0.0,300104.121119,300104.121119,300104.121119,300104.121119,300104.121119,300104.121119,nan,300104.121119,nan,nan,0.0,4,64,,True,False,"HTTPConnectionPool(host='gpu06', port=9004): Read timed out.",0,59.56268577710819
314,2026-09-21T07:59:26.475+00:00,2026-09-21T08:04:26.579+00:00,2026-09-21T08:04:26.579+00:00,False,1,0.0,,0.0,300104.047306,300104.047306,300104.047306,300104.047306,300104.047306,300104.047306,nan,300104.047306,nan,nan,0.0,4,64,,True,False,"HTTPConnectionPool(host='gpu06', port=9004): Read timed out.",0,59.56268577710819
315,2026-09-21T07:59:26.679+00:00,2026-09-21T08:04:26.784+00:00,2026-09-21T08:04:26.784+00:00,False,1,0.0,,0.0,300104.65842299996,300104.65842299996,300104.65842299996,300104.65842299996,300104.65842299996,300104.65842299996,nan,300104.65842299996,nan,nan,0.0,4,64,,True,False,"HTTPConnectionPool(host='gpu06', port=9004): Read timed out.",0,59.56268577710819
316,2026-09-21T07:59:26.948+00:00,2026-09-21T08:04:27.002+00:00,2026-09-21T08:04:27.002+00:00,False,1,0.0,,0.0,300054.404154,300054.404154,300054.404154,300054.404154,300054.404154,300054.404154,nan,300054.404154,nan,nan,0.0,4,64,,True,False,"HTTPConnectionPool(host='gpu06', port=9004): Read timed out.",0,59.56268577710819
317,2026-09-21T07:59:27.255+00:00,2026-09-21T08:04:27.288+00:00,2026-09-21T08:04:27.288+00:00,False,1,0.0,,0.0,300033.49050300004,300033.49050300004,300033.49050300004,300033.49050300004,300033.49050300004,300033.49050300004,nan,300033.49050300004,nan,nan,0.0,4,64,,True,False,TTFT timeout: 300.0s exceeded (TTFT: 300.028s),0,59.56268577710819
318,2026-09-21T07:59:27.458+00:00,2026-09-21T08:04:27.517+00:00,2026-09-21T08:04:27.517+00:00,False,1,0.0,,0.0,300058.90252,300058.90252,300058.90252,300058.90252,300058.90252,300058.90252,nan,300058.90252,nan,nan,0.0,4,64,,True,False,TTFT timeout: 300.0s exceeded (TTFT: 300.037s),0,59.56268577710819
319,2026-09-21T07:59:27.710+00:00,2026-09-21T08:04:27.660+00:00,2026-09-21T08:04:27.764+00:00,False,3,2.0,,2.0,299949.825061,300053.937701,300053.93783300003,100017.97927766667,0.02391,299949.825061,173146.0652920721,269965.25144110003,52.05632,73.58508415474081,0.006665468266552046,4,64,,True,False,Request timeout: 300.0s exceeded,12,59.56268577710819
320,2026-09-21T07:59:27.919+00:00,2026-09-21T08:04:28.015+00:00,2026-09-21T08:04:28.015+00:00,False,1,0.0,,0.0,300095.749519,300095.749519,300095.749519,300095.749519,300095.749519,300095.749519,nan,300095.749519,nan,nan,0.0,4,64,,True,False,"HTTPConnectionPool(host='gpu06', port=9004): Read timed out.",0,59.56268577710819
321,2026-09-21T07:59:28.124+00:00,2026-09-21T08:04:28.230+00:00,2026-09-21T08:04:28.230+00:00,False,1,0.0,,0.0,300105.678006,300105.678006,300105.678006,300105.678006,300105.678006,300105.678006,nan,300105.678006,nan,nan,0.0,4,64,,True,False,"HTTPConnectionPool(host='gpu06', port=9004): Read timed out.",0,59.56268577710819
322,2026-09-21T07:59:28.459+00:00,2026-09-21T08:04:28.565+00:00,2026-09-21T08:04:28.565+00:00,False,1,0.0,,0.0,300106.080004,300106.080004,300106.080004,300106.080004,300106.080004,300106.080004,nan,300106.080004,nan,nan,0.0,4,64,,True,False,"HTTPConnectionPool(host='gpu06', port=9004): Read timed out.",0,59.56268577710819
323,2026-09-21T07:59:28.720+00:00,2026-09-21T08:04:28.805+00:00,2026-09-21T08:04:28.805+00:00,False,1,0.0,,0.0,300085.649226,300085.649226,300085.649226,300085.649226,300085.649226,300085.649226,nan,300085.649226,nan,nan,0.0,4,64,,True,False,"HTTPConnectionPool(host='gpu06', port=9004): Read timed out.",0,59.56268577710819
324,2026-09-21T07:59:29.012+00:00,2026-09-21T08:04:29.113+00:00,2026-09-21T08:04:29.113+00:00,False,1,0.0,,0.0,300101.354216,300101.354216,300101.354216,300101.354216,300101.354216,300101.354216,nan,300101.354216,nan,nan,0.0,4,64,,True,False,"HTTPConnectionPool(host='gpu06', port=9004): Read timed out.",0,59.56268577710819
325,2026-09-21T07:59:29.246+00:00,2026-09-21T08:04:29.266+00:00,2026-09-21T08:04:29.266+00:00,False,1,0.0,,0.0,300019.614819,300019.614819,300019.614819,300019.614819,300019.614819,300019.614819,nan,300019.614819,nan,nan,0.0,4,64,,True,False,TTFT timeout: 300.0s exceeded (TTFT: 300.013s),0,59.56268577710819
326,2026-09-21T07:59:29.517+00:00,2026-09-21T08:04:29.606+00:00,2026-09-21T08:04:29.606+00:00,False,1,0.0,,0.0,300089.543983,300089.543983,300089.543983,300089.543983,300089.543983,300089.543983,nan,300089.543983,nan,nan,0.0,4,64,,True,False,TTFT timeout: 300.0s exceeded (TTFT: 300.085s),0,59.56268577710819
327,2026-09-21T07:59:29.831+00:00,2026-09-21T08:04:29.752+00:00,2026-09-21T08:04:29.897+00:00,False,4,3.0,,3.0,299921.399718,300066.286246,300066.28616099997,75016.57154024999,0.027710000000000002,299921.399718,149936.55600648015,254944.23896144997,48.295509333333335,41.81934543091775,0.0099977909465662,4,64,,True,False,Request timeout: 300.0s exceeded,12,59.56268577710819
328,2026-09-21T07:59:30.135+00:00,2026-09-21T08:04:30.236+00:00,2026-09-21T08:04:30.236+00:00,False,1,0.0,,0.0,300101.198871,300101.198871,300101.198871,300101.198871,300101.198871,300101.198871,nan,300101.198871,nan,nan,0.0,4,64,,True,False,"HTTPConnectionPool(host='gpu06', port=9004): Read timed out.",0,59.56268577710819
329,2026-09-21T07:59:30.361+00:00,2026-09-21T08:04:30.471+00:00,2026-09-21T08:04:30.471+00:00,False,1,0.0,,0.0,300109.943307,300109.943307,300109.943307,300109.943307,300109.943307,300109.943307,nan,300109.943307,nan,nan,0.0,4,64,,True,False,"HTTPConnectionPool(host='gpu06', port=9004): Read timed out.",0,59.56268577710819
330,2026-09-21T07:59:30.560+00:00,2026-09-21T08:04:30.673+00:00,2026-09-21T08:04:30.673+00:00,False,1,0.0,,0.0,300113.319443,300113.319443,300113.319443,300113.319443,300113.319443,300113.319443,nan,300113.319443,nan,nan,0.0,4,64,,True,False,"HTTPConnectionPool(host='gpu06', port=9004): Read timed out.",0,59.56268577710819
331,2026-09-21T07:59:30.831+00:00,2026-09-21T08:04:30.938+00:00,2026-09-21T08:04:30.938+00:00,False,1,0.0,,0.0,300107.039294,300107.039294,300107.039294,300107.039294,300107.039294,300107.039294,nan,300107.039294,nan,nan,0.0,4,64,,True,False,"HTTPConnectionPool(host='gpu06', port=9004): Read timed out.",0,59.56268577710819
332,2026-09-21T07:59:31.146+00:00,2026-09-21T08:04:31.260+00:00,2026-09-21T08:04:31.260+00:00,False,1,0.0,,0.0,300114.700004,300114.700004,300114.700004,300114.700004,300114.700004,300114.700004,nan,300114.700004,nan,nan,0.0,4,64,,True,False,"HTTPConnectionPool(host='gpu06', port=9004): Read timed out.",0,59.56268577710819
333,2026-09-21T07:59:31.466+00:00,2026-09-21T08:04:31.512+00:00,2026-09-21T08:04:31.512+00:00,False,1,0.0,,0.0,300045.17923,300045.17923,300045.17923,300045.17923,300045.17923,300045.17923,nan,300045.17923,nan,nan,0.0,4,64,,True,False,TTFT timeout: 300.0s exceeded (TTFT: 300.027s),0,59.56268577710819
334,2026-09-21T07:59:31.802+00:00,2026-09-21T08:04:31.878+00:00,2026-09-21T08:04:32.911+00:00,False,20,19.0,,19.0,300076.264189,301109.407229,301109.407431,15055.47037155,0.027800000000000002,300076.264189,67086.93556703888,15081.59444235,54.375949473684216,16.34039683944343,0.06309998805699917,4,64,,True,False,Request timeout: 300.0s exceeded,94,59.56268577710819
335,2026-09-21T07:59:32.091+00:00,2026-09-21T08:04:32.407+00:00,2026-09-21T08:04:33.013+00:00,False,13,12.0,,12.0,300315.454424,300922.160856,300922.161027,23147.858540538462,0.03116,300315.454424,83278.49996043615,120171.40878619999,50.558869333333334,17.691295093279034,0.03987742200795358,4,64,,True,False,Request timeout: 300.0s exceeded,12,59.56268577710819
339,2026-09-21T07:59:33.120+00:00,2026-09-21T08:04:33.143+00:00,2026-09-21T08:04:33.143+00:00,False,1,0.0,,0.0,300022.904,300022.904,300022.904,300022.904,300022.904,300022.904,nan,300022.904,nan,nan,0.0,4,64,,True,False,"HTTPConnectionPool(host='gpu06', port=9004): Read timed out.",0,59.56268577710819
340,2026-09-21T07:59:33.327+00:00,2026-09-21T08:04:33.347+00:00,2026-09-21T08:04:33.347+00:00,False,1,0.0,,0.0,300019.812846,300019.812846,300019.812846,300019.812846,300019.812846,300019.812846,nan,300019.812846,nan,nan,0.0,4,64,,True,False,"HTTPConnectionPool(host='gpu06', port=9004): Read timed out.",0,59.56268577710819
336,2026-09-21T07:59:32.332+00:00,2026-09-21T08:04:33.474+00:00,2026-09-21T08:04:33.474+00:00,False,1,0.0,,0.0,301142.264046,301142.264046,301142.264046,301142.264046,301142.264046,301142.264046,nan,301142.264046,nan,nan,0.0,4,64,,True,False,"HTTPConnectionPool(host='gpu06', port=9004): Read timed out.",0,59.56268577710819
337,2026-09-21T07:59:32.565+00:00,2026-09-21T08:04:33.640+00:00,2026-09-21T08:04:33.640+00:00,False,1,0.0,,0.0,301074.293819,301074.293819,301074.293819,301074.293819,301074.293819,301074.293819,nan,301074.293819,nan,nan,0.0,4,64,,True,False,"HTTPConnectionPool(host='gpu06', port=9004): Read timed out.",0,59.56268577710819
338,2026-09-21T07:59:32.802+00:00,2026-09-21T08:04:34.063+00:00,2026-09-21T08:04:35.050+00:00,False,16,15.0,,15.0,301261.611497,302248.54730499996,302248.547378,18890.534211125,0.03413,301261.611497,75298.96787120478,75481.17724549999,65.79572053333334,47.40676260548695,0.04962803008896997,4,64,,True,False,Request timeout: 300.0s exceeded,66,59.56268577710819
343,2026-09-21T07:59:35.121+00:00,2026-09-21T08:04:34.384+00:00,2026-09-21T08:04:35.320+00:00,False,19,18.0,,18.0,299262.98966,300198.838108,300198.83806900005,15799.938845736844,0.02865,299262.98966,68643.71221241576,29988.6507959,51.991580444444445,14.792655753750548,0.059960258718670625,4,64,,True,False,Request timeout: 300.0s exceeded,71,59.56268577710819
342,2026-09-21T07:59:34.971+00:00,2026-09-21T08:04:34.389+00:00,2026-09-21T08:04:35.051+00:00,True,13,13.0,,13.0,299418.45541299996,300079.78021299996,300079.780247,23083.060018999997,43.799631,299418.45541299996,83028.4534921992,119810.76844839998,55.1104,8.32203911128534,0.04332181258854714,4,64,,True,True,,117,59.56268577710819
341,2026-09-21T07:59:34.931+00:00,2026-09-21T08:04:35.366+00:00,2026-09-21T08:04:35.366+00:00,False,1,0.0,,0.0,300434.64617699996,300434.64617699996,300434.64617699996,300434.64617699996,300434.64617699996,300434.64617699996,nan,300434.64617699996,nan,nan,0.0,4,64,,True,False,"HTTPConnectionPool(host='gpu06', port=9004): Read timed out.",0,59.56268577710819
344,2026-09-21T07:59:35.127+00:00,2026-09-21T08:04:35.465+00:00,2026-09-21T08:04:35.465+00:00,False,1,0.0,,0.0,300337.25432099996,300337.25432099996,300337.25432099996,300337.25432099996,300337.25432099996,300337.25432099996,nan,300337.25432099996,nan,nan,0.0,4,64,,True,False,"HTTPConnectionPool(host='gpu06', port=9004): Read timed out.",0,59.56268577710819
345,2026-09-21T07:59:35.200+00:00,2026-09-21T08:04:35.756+00:00,2026-09-21T08:04:35.756+00:00,False,1,0.0,,0.0,300555.911071,300555.911071,300555.911071,300555.911071,300555.911071,300555.911071,nan,300555.911071,nan,nan,0.0,4,64,,True,False,"HTTPConnectionPool(host='gpu06', port=9004): Read timed out.",0,59.56268577710819
348,2026-09-21T07:59:35.819+00:00,2026-09-21T08:04:36.017+00:00,2026-09-21T08:04:36.017+00:00,False,1,0.0,,0.0,300197.908404,300197.908404,300197.908404,300197.908404,300197.908404,300197.908404,nan,300197.908404,nan,nan,0.0,4,64,,True,False,"HTTPConnectionPool(host='gpu06', port=9004): Read timed out.",0,59.56268577710819
346,2026-09-21T07:59:35.503+00:00,2026-09-21T08:04:36.080+00:00,2026-09-21T08:04:36.080+00:00,False,1,0.0,,0.0,300577.039357,300577.039357,300577.039357,300577.039357,300577.039357,300577.039357,nan,300577.039357,nan,nan,0.0,4,64,,True,False,"HTTPConnectionPool(host='gpu06', port=9004): Read timed out.",0,59.56268577710819
347,2026-09-21T07:59:35.665+00:00,2026-09-21T08:04:36.145+00:00,2026-09-21T08:04:36.145+00:00,False,1,0.0,,0.0,300479.672759,300479.672759,300479.672759,300479.672759,300479.672759,300479.672759,nan,300479.672759,nan,nan,0.0,4,64,,True,False,"HTTPConnectionPool(host='gpu06', port=9004): Read timed out.",0,59.56268577710819
349,2026-09-21T07:59:35.912+00:00,2026-09-21T08:04:36.157+00:00,2026-09-21T08:04:36.157+00:00,False,1,0.0,,0.0,300245.151687,300245.151687,300245.151687,300245.151687,300245.151687,300245.151687,nan,300245.151687,nan,nan,0.0,4,64,,True,False,"HTTPConnectionPool(host='gpu06', port=9004): Read timed out.",0,59.56268577710819
350,2026-09-21T07:59:36.108+00:00,2026-09-21T08:04:36.243+00:00,2026-09-21T08:04:36.243+00:00,False,1,0.0,,0.0,300134.710184,300134.710184,300134.710184,300134.710184,300134.710184,300134.710184,nan,300134.710184,nan,nan,0.0,4,64,,True,False,"HTTPConnectionPool(host='gpu06', port=9004): Read timed out.",0,59.56268577710819
351,2026-09-21T07:59:36.383+00:00,2026-09-21T08:04:36.489+00:00,2026-09-21T08:04:36.489+00:00,False,1,0.0,,0.0,300105.891255,300105.891255,300105.891255,300105.891255,300105.891255,300105.891255,nan,300105.891255,nan,nan,0.0,4,64,,True,False,"HTTPConnectionPool(host='gpu06', port=9004): Read timed out.",0,59.56268577710819
352,2026-09-21T07:59:36.633+00:00,2026-09-21T08:04:36.697+00:00,2026-09-21T08:04:36.697+00:00,False,1,0.0,,0.0,300063.916531,300063.916531,300063.916531,300063.916531,300063.916531,300063.916531,nan,300063.916531,nan,nan,0.0,4,64,,True,False,"HTTPConnectionPool(host='gpu06', port=9004): Read timed out.",0,59.56268577710819
353,2026-09-21T07:59:36.898+00:00,2026-09-21T08:04:36.999+00:00,2026-09-21T08:04:36.999+00:00,False,1,0.0,,0.0,300101.38189899997,300101.38189899997,300101.38189899997,300101.38189899997,300101.38189899997,300101.38189899997,nan,300101.38189899997,nan,nan,0.0,4,64,,True,False,"HTTPConnectionPool(host='gpu06', port=9004): Read timed out.",0,59.56268577710819
354,2026-09-21T07:59:37.115+00:00,2026-09-21T08:04:37.227+00:00,2026-09-21T08:04:37.227+00:00,False,1,0.0,,0.0,300112.20122600003,300112.20122600003,300112.20122600003,300112.20122600003,300112.20122600003,300112.20122600003,nan,300112.20122600003,nan,nan,0.0,4,64,,True,False,"HTTPConnectionPool(host='gpu06', port=9004): Read timed out.",0,59.56268577710819
355,2026-09-21T07:59:37.380+00:00,2026-09-21T08:04:37.466+00:00,2026-09-21T08:04:37.466+00:00,False,1,0.0,,0.0,300085.955408,300085.955408,300085.955408,300085.955408,300085.955408,300085.955408,nan,300085.955408,nan,nan,0.0,4,64,,True,False,"HTTPConnectionPool(host='gpu06', port=9004): Read timed out.",0,59.56268577710819
356,2026-09-21T07:59:37.683+00:00,2026-09-21T08:04:37.776+00:00,2026-09-21T08:04:37.776+00:00,False,1,0.0,,0.0,300092.863553,300092.863553,300092.863553,300092.863553,300092.863553,300092.863553,nan,300092.863553,nan,nan,0.0,4,64,,True,False,"HTTPConnectionPool(host='gpu06', port=9004): Read timed out.",0,59.56268577710819
357,2026-09-21T07:59:37.934+00:00,2026-09-21T08:04:37.911+00:00,2026-09-21T08:04:38.080+00:00,False,3,2.0,,2.0,299977.022521,300146.274361,300146.274361,100048.75812033334,0.024460000000000003,299977.022521,173142.97657457605,269996.2430069,84.62592,119.64473011846364,0.006663417709441585,4,64,,True,False,Request timeout: 300.0s exceeded,6,59.56268577710819
358,2026-09-21T07:59:38.265+00:00,2026-09-21T08:04:38.252+00:00,2026-09-21T08:04:38.298+00:00,False,3,2.0,,2.0,299987.031852,300032.949036,300032.948949,100010.982983,0.039799999999999995,299987.031852,173184.33998549505,269992.91639649996,22.958592,32.411874146563505,0.006665934546275537,4,64,,True,False,Request timeout: 300.0s exceeded,15,59.56268577710819
359,2026-09-21T07:59:38.481+00:00,2026-09-21T08:04:38.566+00:00,2026-09-21T08:04:38.566+00:00,False,1,0.0,,0.0,300084.55595300003,300084.55595300003,300084.55595300003,300084.55595300003,300084.55595300003,300084.55595300003,nan,300084.55595300003,nan,nan,0.0,4,64,,True,False,"HTTPConnectionPool(host='gpu06', port=9004): Read timed out.",0,59.56268577710819
360,2026-09-21T07:59:38.779+00:00,2026-09-21T08:04:38.884+00:00,2026-09-21T08:04:38.884+00:00,False,1,0.0,,0.0,300105.267778,300105.267778,300105.267778,300105.267778,300105.267778,300105.267778,nan,300105.267778,nan,nan,0.0,4,64,,True,False,"HTTPConnectionPool(host='gpu06', port=9004): Read timed out.",0,59.56268577710819
361,2026-09-21T07:59:39.118+00:00,2026-09-21T08:04:39.141+00:00,2026-09-21T08:04:39.141+00:00,False,1,0.0,,0.0,300023.77795200003,300023.77795200003,300023.77795200003,300023.77795200003,300023.77795200003,300023.77795200003,nan,300023.77795200003,nan,nan,0.0,4,64,,True,False,"HTTPConnectionPool(host='gpu06', port=9004): Read timed out.",0,59.56268577710819
362,2026-09-21T07:59:39.456+00:00,2026-09-21T08:04:39.562+00:00,2026-09-21T08:04:39.562+00:00,False,1,0.0,,0.0,300105.984267,300105.984267,300105.984267,300105.984267,300105.984267,300105.984267,nan,300105.984267,nan,nan,0.0,4,64,,True,False,"HTTPConnectionPool(host='gpu06', port=9004): Read timed out.",0,59.56268577710819
363,2026-09-21T07:59:39.703+00:00,2026-09-21T08:04:39.808+00:00,2026-09-21T08:04:39.808+00:00,False,1,0.0,,0.0,300104.7845,300104.7845,300104.7845,300104.7845,300104.7845,300104.7845,nan,300104.7845,nan,nan,0.0,4,64,,True,False,"HTTPConnectionPool(host='gpu06', port=9004): Read timed out.",0,59.56268577710819
364,2026-09-21T07:59:39.994+00:00,2026-09-21T08:04:40.044+00:00,2026-09-21T08:04:40.044+00:00,False,1,0.0,,0.0,300050.46225,300050.46225,300050.46225,300050.46225,300050.46225,300050.46225,nan,300050.46225,nan,nan,0.0,4,64,,True,False,TTFT timeout: 300.0s exceeded (TTFT: 300.046s),0,59.56268577710819
365,2026-09-21T07:59:40.220+00:00,2026-09-21T08:04:40.319+00:00,2026-09-21T08:04:40.319+00:00,False,1,0.0,,0.0,300098.583953,300098.583953,300098.583953,300098.583953,300098.583953,300098.583953,nan,300098.583953,nan,nan,0.0,4,64,,True,False,"HTTPConnectionPool(host='gpu06', port=9004): Read timed out.",0,59.56268577710819
366,2026-09-21T07:59:40.535+00:00,2026-09-21T08:04:40.461+00:00,2026-09-21T08:04:40.625+00:00,False,4,3.0,,3.0,299925.226208,300089.241568,300089.24144799996,75022.31036199999,0.02948,299925.226208,149935.28406638256,254953.0767329,54.67178666666666,55.4502828895838,0.009997026165698787,4,64,,True,False,Request timeout: 300.0s exceeded,8,59.56268577710819
367,2026-09-21T07:59:40.845+00:00,2026-09-21T08:04:40.947+00:00,2026-09-21T08:04:40.947+00:00,False,1,0.0,,0.0,300101.91505,300101.91505,300101.91505,300101.91505,300101.91505,300101.91505,nan,300101.91505,nan,nan,0.0,4,64,,True,False,"HTTPConnectionPool(host='gpu06', port=9004): Read timed out.",0,59.56268577710819
368,2026-09-21T07:59:41.119+00:00,2026-09-21T08:04:41.221+00:00,2026-09-21T08:04:41.221+00:00,False,1,0.0,,0.0,300102.020539,300102.020539,300102.020539,300102.020539,300102.020539,300102.020539,nan,300102.020539,nan,nan,0.0,4,64,,True,False,"HTTPConnectionPool(host='gpu06', port=9004): Read timed out.",0,59.56268577710819
369,2026-09-21T07:59:41.354+00:00,2026-09-21T08:04:41.459+00:00,2026-09-21T08:04:41.459+00:00,False,1,0.0,,0.0,300104.855904,300104.855904,300104.855904,300104.855904,300104.855904,300104.855904,nan,300104.855904,nan,nan,0.0,4,64,,True,False,"HTTPConnectionPool(host='gpu06', port=9004): Read timed out.",0,59.56268577710819
370,2026-09-21T07:59:41.586+00:00,2026-09-21T08:04:41.644+00:00,2026-09-21T08:04:41.644+00:00,False,1,0.0,,0.0,300058.266182,300058.266182,300058.266182,300058.266182,300058.266182,300058.266182,nan,300058.266182,nan,nan,0.0,4,64,,True,False,"HTTPConnectionPool(host='gpu06', port=9004): Read timed out.",0,59.56268577710819
371,2026-09-21T07:59:41.788+00:00,2026-09-21T08:04:41.892+00:00,2026-09-21T08:04:41.892+00:00,False,1,0.0,,0.0,300103.97954900004,300103.97954900004,300103.97954900004,300103.97954900004,300103.97954900004,300103.97954900004,nan,300103.97954900004,nan,nan,0.0,4,64,,True,False,"HTTPConnectionPool(host='gpu06', port=9004): Read timed out.",0,59.56268577710819
372,2026-09-21T07:59:42.086+00:00,2026-09-21T08:04:42.190+00:00,2026-09-21T08:04:42.190+00:00,False,1,0.0,,0.0,300104.027435,300104.027435,300104.027435,300104.027435,300104.027435,300104.027435,nan,300104.027435,nan,nan,0.0,4,64,,True,False,"HTTPConnectionPool(host='gpu06', port=9004): Read timed out.",0,59.56268577710819
373,2026-09-21T07:59:42.289+00:00,2026-09-21T08:04:42.379+00:00,2026-09-21T08:04:42.379+00:00,False,1,0.0,,0.0,300090.095405,300090.095405,300090.095405,300090.095405,300090.095405,300090.095405,nan,300090.095405,nan,nan,0.0,4,64,,True,False,"HTTPConnectionPool(host='gpu06', port=9004): Read timed out.",0,59.56268577710819
374,2026-09-21T07:59:42.496+00:00,2026-09-21T08:04:42.456+00:00,2026-09-21T08:04:42.600+00:00,False,3,2.0,,2.0,299959.624503,300103.919415,300103.919504,100034.63983466667,0.041030000000000004,299959.624503,173140.1305888328,269978.0874498,72.147456,101.97398457840133,0.00666435814600039,4,64,,True,False,Request timeout: 300.0s exceeded,4,59.56268577710819
375,2026-09-21T07:59:42.800+00:00,2026-09-21T08:04:42.890+00:00,2026-09-21T08:04:42.890+00:00,False,1,0.0,,0.0,300089.970199,300089.970199,300089.970199,300089.970199,300089.970199,300089.970199,nan,300089.970199,nan,nan,0.0,4,64,,True,False,"HTTPConnectionPool(host='gpu06', port=9004): Read timed out.",0,59.56268577710819
376,2026-09-21T07:59:43.111+00:00,2026-09-21T08:04:43.210+00:00,2026-09-21T08:04:43.210+00:00,False,1,0.0,,0.0,300098.522542,300098.522542,300098.522542,300098.522542,300098.522542,300098.522542,nan,300098.522542,nan,nan,0.0,4,64,,True,False,"HTTPConnectionPool(host='gpu06', port=9004): Read timed out.",0,59.56268577710819
377,2026-09-21T07:59:43.309+00:00,2026-09-21T08:04:43.415+00:00,2026-09-21T08:04:43.415+00:00,False,1,0.0,,0.0,300105.949023,300105.949023,300105.949023,300105.949023,300105.949023,300105.949023,nan,300105.949023,nan,nan,0.0,4,64,,True,False,"HTTPConnectionPool(host='gpu06', port=9004): Read timed out.",0,59.56268577710819
378,2026-09-21T07:59:43.588+00:00,2026-09-21T08:04:43.671+00:00,2026-09-21T08:04:43.671+00:00,False,1,0.0,,0.0,300083.814492,300083.814492,300083.814492,300083.814492,300083.814492,300083.814492,nan,300083.814492,nan,nan,0.0,4,64,,True,False,"HTTPConnectionPool(host='gpu06', port=9004): Read timed out.",0,59.56268577710819
379,2026-09-21T07:59:43.809+00:00,2026-09-21T08:04:43.922+00:00,2026-09-21T08:04:43.922+00:00,False,1,0.0,,0.0,300113.243538,300113.243538,300113.243538,300113.243538,300113.243538,300113.243538,nan,300113.243538,nan,nan,0.0,4,64,,True,False,"HTTPConnectionPool(host='gpu06', port=9004): Read timed out.",0,59.56268577710819
380,2026-09-21T07:59:44.137+00:00,2026-09-21T08:04:44.237+00:00,2026-09-21T08:04:44.237+00:00,False,1,0.0,,0.0,300099.64693,300099.64693,300099.64693,300099.64693,300099.64693,300099.64693,nan,300099.64693,nan,nan,0.0,4,64,,True,False,TTFT timeout: 300.0s exceeded (TTFT: 300.094s),0,59.56268577710819
381,2026-09-21T07:59:44.468+00:00,2026-09-21T08:04:44.560+00:00,2026-09-21T08:04:44.560+00:00,False,1,0.0,,0.0,300092.151821,300092.151821,300092.151821,300092.151821,300092.151821,300092.151821,nan,300092.151821,nan,nan,0.0,4,64,,True,False,"HTTPConnectionPool(host='gpu06', port=9004): Read timed out.",0,59.56268577710819
382,2026-09-21T07:59:44.704+00:00,2026-09-21T08:04:44.635+00:00,2026-09-21T08:04:44.749+00:00,False,3,2.0,,2.0,299931.300935,300045.051719,300045.051638,100015.01721266667,0.026,299931.300935,173132.58966716845,269949.54331180005,56.875392,80.39702278714554,0.006665665667677974,4,64,,True,False,Request timeout: 300.0s exceeded,22,59.56268577710819
383,2026-09-21T07:59:45.019+00:00,2026-09-21T08:04:45.010+00:00,2026-09-21T08:04:45.064+00:00,False,3,2.0,,2.0,299991.62049400003,300045.101198,300045.10124100005,100015.03374700001,0.07381,299991.62049400003,173184.8063380299,269997.79913830006,26.740352,37.71230132350387,0.006665664568474986,4,64,,True,False,Request timeout: 300.0s exceeded,8,59.56268577710819
384,2026-09-21T07:59:45.343+00:00,2026-09-21T08:04:45.710+00:00,2026-09-21T08:04:47.030+00:00,False,21,20.0,,20.0,300366.551494,301687.272646,301687.27243300003,14366.06059204762,0.02484,300366.551494,65530.95289320062,169.35274900000002,66.0360576,33.17089974327115,0.06629381420232469,4,64,,True,False,Request timeout: 300.0s exceeded,42,59.56268577710819
385,2026-09-21T07:59:45.685+00:00,2026-09-21T08:04:46.200+00:00,2026-09-21T08:04:47.076+00:00,False,17,16.0,,16.0,300515.735404,301391.000172,301391.00036999997,17728.88237470588,0.02666,300515.735404,72872.5058813594,60165.280828799994,54.704048,16.93766472612861,0.05308718571844881,4,64,,True,False,Request timeout: 300.0s exceeded,17,59.56268577710819
389,2026-09-21T07:59:46.960+00:00,2026-09-21T08:04:46.629+00:00,2026-09-21T08:04:47.189+00:00,False,12,11.0,,11.0,299668.851065,300228.874105,300228.874151,25019.072845916668,0.02979,299668.851065,86492.25087587709,134886.92398105,50.91118545454545,18.276008529562578,0.036638714490042475,4,64,,True,False,Request timeout: 300.0s exceeded,44,59.56268577710819
386,2026-09-21T07:59:45.968+00:00,2026-09-21T08:04:46.745+00:00,2026-09-21T08:04:47.189+00:00,False,10,9.0,,9.0,300776.509775,301220.689999,301220.689998,30122.068999799998,0.02312,300776.509775,95098.27872095238,165456.65753795,49.35335822222223,19.98521628769497,0.029878425681947273,4,64,,True,False,Request timeout: 300.0s exceeded,21,59.56268577710819
390,2026-09-21T07:59:47.171+00:00,2026-09-21T08:04:47.251+00:00,2026-09-21T08:04:47.251+00:00,False,1,0.0,,0.0,300079.527378,300079.527378,300079.527378,300079.527378,300079.527378,300079.527378,nan,300079.527378,nan,nan,0.0,4,64,,True,False,"HTTPConnectionPool(host='gpu06', port=9004): Read timed out.",0,59.56268577710819
387,2026-09-21T07:59:46.292+00:00,2026-09-21T08:04:47.388+00:00,2026-09-21T08:04:47.388+00:00,False,1,0.0,,0.0,301095.841117,301095.841117,301095.841117,301095.841117,301095.841117,301095.841117,nan,301095.841117,nan,nan,0.0,4,64,,True,False,"HTTPConnectionPool(host='gpu06', port=9004): Read timed out.",0,59.56268577710819
391,2026-09-21T07:59:47.481+00:00,2026-09-21T08:04:47.526+00:00,2026-09-21T08:04:47.526+00:00,False,1,0.0,,0.0,300045.159385,300045.159385,300045.159385,300045.159385,300045.159385,300045.159385,nan,300045.159385,nan,nan,0.0,4,64,,True,False,"HTTPConnectionPool(host='gpu06', port=9004): Read timed out.",0,59.56268577710819
388,2026-09-21T07:59:46.624+00:00,2026-09-21T08:04:47.686+00:00,2026-09-21T08:04:47.686+00:00,False,1,0.0,,0.0,301061.82944,301061.82944,301061.82944,301061.82944,301061.82944,301061.82944,nan,301061.82944,nan,nan,0.0,4,64,,True,False,"HTTPConnectionPool(host='gpu06', port=9004): Read timed out.",0,59.56268577710819
392,2026-09-21T07:59:47.816+00:00,2026-09-21T08:04:47.822+00:00,2026-09-21T08:04:47.822+00:00,False,1,0.0,,0.0,300006.722226,300006.722226,300006.722226,300006.722226,300006.722226,300006.722226,nan,300006.722226,nan,nan,0.0,4,64,,True,False,"HTTPConnectionPool(host='gpu06', port=9004): Read timed out.",0,59.56268577710819
393,2026-09-21T07:59:48.038+00:00,2026-09-21T08:04:48.140+00:00,2026-09-21T08:04:48.140+00:00,False,1,0.0,,0.0,300102.46379799995,300102.46379799995,300102.46379799995,300102.46379799995,300102.46379799995,300102.46379799995,nan,300102.46379799995,nan,nan,0.0,4,64,,True,False,"HTTPConnectionPool(host='gpu06', port=9004): Read timed out.",0,59.56268577710819
394,2026-09-21T07:59:48.333+00:00,2026-09-21T08:04:48.433+00:00,2026-09-21T08:04:48.433+00:00,False,1,0.0,,0.0,300100.03223400004,300100.03223400004,300100.03223400004,300100.03223400004,300100.03223400004,300100.03223400004,nan,300100.03223400004,nan,nan,0.0,4,64,,True,False,"HTTPConnectionPool(host='gpu06', port=9004): Read timed out.",0,59.56268577710819
395,2026-09-21T07:59:48.553+00:00,2026-09-21T08:04:48.572+00:00,2026-09-21T08:04:48.572+00:00,False,1,0.0,,0.0,300019.07434600004,300019.07434600004,300019.07434600004,300019.07434600004,300019.07434600004,300019.07434600004,nan,300019.07434600004,nan,nan,0.0,4,64,,True,False,"HTTPConnectionPool(host='gpu06', port=9004): Read timed out.",0,59.56268577710819
396,2026-09-21T07:59:48.876+00:00,2026-09-21T08:04:48.969+00:00,2026-09-21T08:04:48.969+00:00,False,1,0.0,,0.0,300093.472363,300093.472363,300093.472363,300093.472363,300093.472363,300093.472363,nan,300093.472363,nan,nan,0.0,4,64,,True,False,"HTTPConnectionPool(host='gpu06', port=9004): Read timed out.",0,59.56268577710819
397,2026-09-21T07:59:49.139+00:00,2026-09-21T08:04:49.136+00:00,2026-09-21T08:04:49.282+00:00,False,3,2.0,,2.0,299997.12748,300143.160632,300143.160701,100047.72023366668,0.02549,299997.12748,173161.28153061157,270012.0155051,73.016576,103.22482819004908,0.006663486836710443,4,64,,True,False,Request timeout: 300.0s exceeded,13,59.56268577710819
398,2026-09-21T07:59:49.436+00:00,2026-09-21T08:04:49.461+00:00,2026-09-21T08:04:49.461+00:00,False,1,0.0,,0.0,300024.374724,300024.374724,300024.374724,300024.374724,300024.374724,300024.374724,nan,300024.374724,nan,nan,0.0,4,64,,True,False,TTFT timeout: 300.0s exceeded (TTFT: 300.022s),0,59.56268577710819
399,2026-09-21T07:59:49.693+00:00,2026-09-21T08:04:49.757+00:00,2026-09-21T08:04:49.757+00:00,False,1,0.0,,0.0,300063.865963,300063.865963,300063.865963,300063.865963,300063.865963,300063.865963,nan,300063.865963,nan,nan,0.0,4,64,,True,False,"HTTPConnectionPool(host='gpu06', port=9004): Read timed out.",0,59.56268577710819
400,2026-09-21T07:59:49.918+00:00,2026-09-21T08:04:50.027+00:00,2026-09-21T08:04:50.027+00:00,False,1,0.0,,0.0,300108.947537,300108.947537,300108.947537,300108.947537,300108.947537,300108.947537,nan,300108.947537,nan,nan,0.0,4,64,,True,False,"HTTPConnectionPool(host='gpu06', port=9004): Read timed out.",0,59.56268577710819
401,2026-09-21T07:59:50.198+00:00,2026-09-21T08:04:50.303+00:00,2026-09-21T08:04:50.303+00:00,False,1,0.0,,0.0,300104.666246,300104.666246,300104.666246,300104.666246,300104.666246,300104.666246,nan,300104.666246,nan,nan,0.0,4,64,,True,False,"HTTPConnectionPool(host='gpu06', port=9004): Read timed out.",0,59.56268577710819
402,2026-09-21T07:59:50.449+00:00,2026-09-21T08:04:50.536+00:00,2026-09-21T08:04:50.536+00:00,False,1,0.0,,0.0,300087.10306,300087.10306,300087.10306,300087.10306,300087.10306,300087.10306,nan,300087.10306,nan,nan,0.0,4,64,,True,False,"HTTPConnectionPool(host='gpu06', port=9004): Read timed out.",0,59.56268577710819
403,2026-09-21T07:59:50.677+00:00,2026-09-21T08:04:50.782+00:00,2026-09-21T08:04:50.782+00:00,False,1,0.0,,0.0,300105.02418400004,300105.02418400004,300105.02418400004,300105.02418400004,300105.02418400004,300105.02418400004,nan,300105.02418400004,nan,nan,0.0,4,64,,True,False,"HTTPConnectionPool(host='gpu06', port=9004): Read timed out.",0,59.56268577710819
404,2026-09-21T07:59:50.982+00:00,2026-09-21T08:04:51.074+00:00,2026-09-21T08:04:51.074+00:00,False,1,0.0,,0.0,300092.79230000003,300092.79230000003,300092.79230000003,300092.79230000003,300092.79230000003,300092.79230000003,nan,300092.79230000003,nan,nan,0.0,4,64,,True,False,TTFT timeout: 300.0s exceeded (TTFT: 300.086s),0,59.56268577710819
405,2026-09-21T07:59:51.198+00:00,2026-09-21T08:04:51.303+00:00,2026-09-21T08:04:51.303+00:00,False,1,0.0,,0.0,300104.691207,300104.691207,300104.691207,300104.691207,300104.691207,300104.691207,nan,300104.691207,nan,nan,0.0,4,64,,True,False,"HTTPConnectionPool(host='gpu06', port=9004): Read timed out.",0,59.56268577710819
406,2026-09-21T07:59:51.424+00:00,2026-09-21T08:04:51.462+00:00,2026-09-21T08:04:51.462+00:00,False,1,0.0,,0.0,300038.126017,300038.126017,300038.126017,300038.126017,300038.126017,300038.126017,nan,300038.126017,nan,nan,0.0,4,64,,True,False,TTFT timeout: 300.0s exceeded (TTFT: 300.022s),0,59.56268577710819
407,2026-09-21T07:59:51.639+00:00,2026-09-21T08:04:51.565+00:00,2026-09-21T08:04:51.656+00:00,False,4,3.0,,3.0,299926.04152200004,300017.04414600006,300017.04410600004,75004.26102650001,0.05063,299926.04152200004,149947.85519447402,254944.09111425,30.334208,26.241603096708555,0.009999431894076266,4,64,,True,False,Request timeout: 300.0s exceeded,12,59.56268577710819
408,2026-09-21T07:59:51.934+00:00,2026-09-21T08:04:52.038+00:00,2026-09-21T08:04:52.038+00:00,False,1,0.0,,0.0,300103.96841699997,300103.96841699997,300103.96841699997,300103.96841699997,300103.96841699997,300103.96841699997,nan,300103.96841699997,nan,nan,0.0,4,64,,True,False,"HTTPConnectionPool(host='gpu06', port=9004): Read timed out.",0,59.56268577710819
409,2026-09-21T07:59:52.135+00:00,2026-09-21T08:04:52.239+00:00,2026-09-21T08:04:52.239+00:00,False,1,0.0,,0.0,300104.543136,300104.543136,300104.543136,300104.543136,300104.543136,300104.543136,nan,300104.543136,nan,nan,0.0,4,64,,True,False,"HTTPConnectionPool(host='gpu06', port=9004): Read timed out.",0,59.56268577710819
410,2026-09-21T07:59:52.333+00:00,2026-09-21T08:04:52.392+00:00,2026-09-21T08:04:52.392+00:00,False,1,0.0,,0.0,300058.20634,300058.20634,300058.20634,300058.20634,300058.20634,300058.20634,nan,300058.20634,nan,nan,0.0,4,64,,True,False,"HTTPConnectionPool(host='gpu06', port=9004): Read timed out.",0,59.56268577710819
411,2026-09-21T07:59:52.597+00:00,2026-09-21T08:04:52.703+00:00,2026-09-21T08:04:52.703+00:00,False,1,0.0,,0.0,300105.698088,300105.698088,300105.698088,300105.698088,300105.698088,300105.698088,nan,300105.698088,nan,nan,0.0,4,64,,True,False,"HTTPConnectionPool(host='gpu06', port=9004): Read timed out.",0,59.56268577710819
412,2026-09-21T07:59:54.102+00:00,2026-09-21T08:04:53.200+00:00,2026-09-21T08:04:54.687+00:00,False,27,26.0,,26.0,299098.156555,300584.65665099997,300584.656474,11132.765054592592,0.02828,299098.156555,57550.466262494425,85.7664773,57.17308061538461,16.074744051398998,0.08649809437940752,4,64,,True,False,Request timeout: 300.0s exceeded,130,59.56268577710819
413,2026-09-21T07:59:54.234+00:00,2026-09-21T08:04:53.202+00:00,2026-09-21T08:04:54.634+00:00,False,26,25.0,,25.0,298967.68686400005,300399.72628800006,300399.72626600007,11553.835625615386,0.03605,298967.68686400005,58621.155692400665,90.32947175,57.28157696,16.594175027587532,0.08322244600193786,4,64,,True,False,Request timeout: 300.0s exceeded,196,59.56268577710819
414,2026-09-21T07:59:54.291+00:00,2026-09-21T08:04:53.203+00:00,2026-09-21T08:04:54.687+00:00,False,27,26.0,,26.0,298911.74444800004,300395.61977600004,300395.619798,11125.763696222224,0.03013,298911.74444800004,57514.610546487405,86.002206,57.072128,15.63141402856827,0.08655252702881541,4,64,,True,False,Request timeout: 300.0s exceeded,52,59.56268577710819
415,2026-09-21T07:59:54.313+00:00,2026-09-21T08:04:53.872+00:00,2026-09-21T08:04:54.688+00:00,True,15,15.0,,15.0,299558.80194599996,300374.76789799996,300374.76793599996,20024.984529066664,45.924857,299558.80194599996,77330.70184389329,89920.42781829998,58.283282285714286,8.627776059340611,0.04993761661463402,4,64,,True,True,,43,59.56268577710819
418,2026-09-21T07:59:54.677+00:00,2026-09-21T08:04:54.826+00:00,2026-09-21T08:04:54.826+00:00,False,1,0.0,,0.0,300148.788635,300148.788635,300148.788635,300148.788635,300148.788635,300148.788635,nan,300148.788635,nan,nan,0.0,4,64,,True,False,"HTTPConnectionPool(host='gpu06', port=9004): Read timed out.",0,59.56268577710819
417,2026-09-21T07:59:54.518+00:00,2026-09-21T08:04:55.143+00:00,2026-09-21T08:04:55.143+00:00,False,1,0.0,,0.0,300624.94757,300624.94757,300624.94757,300624.94757,300624.94757,300624.94757,nan,300624.94757,nan,nan,0.0,4,64,,True,False,"HTTPConnectionPool(host='gpu06', port=9004): Read timed out.",0,59.56268577710819
416,2026-09-21T07:59:54.494+00:00,2026-09-21T08:04:55.204+00:00,2026-09-21T08:04:55.204+00:00,False,1,0.0,,0.0,300710.267018,300710.267018,300710.267018,300710.267018,300710.267018,300710.267018,nan,300710.267018,nan,nan,0.0,4,64,,True,False,"HTTPConnectionPool(host='gpu06', port=9004): Read timed out.",0,59.56268577710819
419,2026-09-21T07:59:54.891+00:00,2026-09-21T08:04:55.343+00:00,2026-09-21T08:04:55.343+00:00,False,1,0.0,,0.0,300452.074595,300452.074595,300452.074595,300452.074595,300452.074595,300452.074595,nan,300452.074595,nan,nan,0.0,4,64,,True,False,"HTTPConnectionPool(host='gpu06', port=9004): Read timed out.",0,59.56268577710819
420,2026-09-21T07:59:55.249+00:00,2026-09-21T08:04:55.506+00:00,2026-09-21T08:04:55.506+00:00,False,1,0.0,,0.0,300257.023053,300257.023053,300257.023053,300257.023053,300257.023053,300257.023053,nan,300257.023053,nan,nan,0.0,4,64,,True,False,"HTTPConnectionPool(host='gpu06', port=9004): Read timed out.",0,59.56268577710819
421,2026-09-21T07:59:55.348+00:00,2026-09-21T08:04:55.520+00:00,2026-09-21T08:04:55.520+00:00,False,1,0.0,,0.0,300171.875194,300171.875194,300171.875194,300171.875194,300171.875194,300171.875194,nan,300171.875194,nan,nan,0.0,4,64,,True,False,"HTTPConnectionPool(host='gpu06', port=9004): Read timed out.",0,59.56268577710819
422,2026-09-21T07:59:55.641+00:00,2026-09-21T08:04:55.764+00:00,2026-09-21T08:04:55.764+00:00,False,1,0.0,,0.0,300123.41180299997,300123.41180299997,300123.41180299997,300123.41180299997,300123.41180299997,300123.41180299997,nan,300123.41180299997,nan,nan,0.0,4,64,,True,False,"HTTPConnectionPool(host='gpu06', port=9004): Read timed out.",0,59.56268577710819
423,2026-09-21T07:59:55.922+00:00,2026-09-21T08:04:56.026+00:00,2026-09-21T08:04:56.026+00:00,False,1,0.0,,0.0,300104.243692,300104.243692,300104.243692,300104.243692,300104.243692,300104.243692,nan,300104.243692,nan,nan,0.0,4,64,,True,False,"HTTPConnectionPool(host='gpu06', port=9004): Read timed out.",0,59.56268577710819
424,2026-09-21T07:59:56.122+00:00,2026-09-21T08:04:56.229+00:00,2026-09-21T08:04:56.229+00:00,False,1,0.0,,0.0,300107.123963,300107.123963,300107.123963,300107.123963,300107.123963,300107.123963,nan,300107.123963,nan,nan,0.0,4,64,,True,False,"HTTPConnectionPool(host='gpu06', port=9004): Read timed out.",0,59.56268577710819
425,2026-09-21T07:59:56.325+00:00,2026-09-21T08:04:56.432+00:00,2026-09-21T08:04:56.432+00:00,False,1,0.0,,0.0,300106.667102,300106.667102,300106.667102,300106.667102,300106.667102,300106.667102,nan,300106.667102,nan,nan,0.0,4,64,,True,False,"HTTPConnectionPool(host='gpu06', port=9004): Read timed out.",0,59.56268577710819
426,2026-09-21T07:59:56.579+00:00,2026-09-21T08:04:56.690+00:00,2026-09-21T08:04:56.690+00:00,False,1,0.0,,0.0,300110.768453,300110.768453,300110.768453,300110.768453,300110.768453,300110.768453,nan,300110.768453,nan,nan,0.0,4,64,,True,False,"HTTPConnectionPool(host='gpu06', port=9004): Read timed out.",0,59.56268577710819
427,2026-09-21T07:59:56.817+00:00,2026-09-21T08:04:56.917+00:00,2026-09-21T08:04:56.917+00:00,False,1,0.0,,0.0,300100.458389,300100.458389,300100.458389,300100.458389,300100.458389,300100.458389,nan,300100.458389,nan,nan,0.0,4,64,,True,False,TTFT timeout: 300.0s exceeded (TTFT: 300.094s),0,59.56268577710819
428,2026-09-21T07:59:57.032+00:00,2026-09-21T08:04:57.113+00:00,2026-09-21T08:04:57.113+00:00,False,1,0.0,,0.0,300080.761388,300080.761388,300080.761388,300080.761388,300080.761388,300080.761388,nan,300080.761388,nan,nan,0.0,4,64,,True,False,"HTTPConnectionPool(host='gpu06', port=9004): Read timed out.",0,59.56268577710819
429,2026-09-21T07:59:57.320+00:00,2026-09-21T08:04:57.357+00:00,2026-09-21T08:04:57.357+00:00,False,1,0.0,,0.0,300037.15691799996,300037.15691799996,300037.15691799996,300037.15691799996,300037.15691799996,300037.15691799996,nan,300037.15691799996,nan,nan,0.0,4,64,,True,False,TTFT timeout: 300.0s exceeded (TTFT: 300.029s),0,59.56268577710819
430,2026-09-21T07:59:57.600+00:00,2026-09-21T08:04:57.718+00:00,2026-09-21T08:04:57.718+00:00,False,1,0.0,,0.0,300117.98057099996,300117.98057099996,300117.98057099996,300117.98057099996,300117.98057099996,300117.98057099996,nan,300117.98057099996,nan,nan,0.0,4,64,,True,False,"HTTPConnectionPool(host='gpu06', port=9004): Read timed out.",0,59.56268577710819
431,2026-09-21T07:59:57.797+00:00,2026-09-21T08:04:57.894+00:00,2026-09-21T08:04:57.894+00:00,False,1,0.0,,0.0,300097.884423,300097.884423,300097.884423,300097.884423,300097.884423,300097.884423,nan,300097.884423,nan,nan,0.0,4,64,,True,False,"HTTPConnectionPool(host='gpu06', port=9004): Read timed out.",0,59.56268577710819
432,2026-09-21T07:59:58.088+00:00,2026-09-21T08:04:58.197+00:00,2026-09-21T08:04:58.197+00:00,False,1,0.0,,0.0,300109.52720899996,300109.52720899996,300109.52720899996,300109.52720899996,300109.52720899996,300109.52720899996,nan,300109.52720899996,nan,nan,0.0,4,64,,True,False,TTFT timeout: 300.0s exceeded (TTFT: 300.099s),0,59.56268577710819
433,2026-09-21T07:59:58.382+00:00,2026-09-21T08:04:58.495+00:00,2026-09-21T08:04:58.495+00:00,False,1,0.0,,0.0,300112.679715,300112.679715,300112.679715,300112.679715,300112.679715,300112.679715,nan,300112.679715,nan,nan,0.0,4,64,,True,False,"HTTPConnectionPool(host='gpu06', port=9004): Read timed out.",0,59.56268577710819
434,2026-09-21T07:59:58.689+00:00,2026-09-21T08:04:58.794+00:00,2026-09-21T08:04:58.794+00:00,False,1,0.0,,0.0,300104.62627,300104.62627,300104.62627,300104.62627,300104.62627,300104.62627,nan,300104.62627,nan,nan,0.0,4,64,,True,False,"HTTPConnectionPool(host='gpu06', port=9004): Read timed out.",0,59.56268577710819
435,2026-09-21T07:59:58.988+00:00,2026-09-21T08:04:59.068+00:00,2026-09-21T08:04:59.068+00:00,False,1,0.0,,0.0,300079.569537,300079.569537,300079.569537,300079.569537,300079.569537,300079.569537,nan,300079.569537,nan,nan,0.0,4,64,,True,False,TTFT timeout: 300.0s exceeded (TTFT: 300.050s),0,59.56268577710819
436,2026-09-21T07:59:59.245+00:00,2026-09-21T08:04:59.214+00:00,2026-09-21T08:04:59.374+00:00,False,3,2.0,,2.0,299968.718295,300128.74210300006,300128.74199500005,100042.91399833334,0.02544,299968.718295,173140.84386873475,269987.8462915,80.011904,113.11771592089734,0.006663806958260691,4,64,,True,False,Request timeout: 300.0s exceeded,5,59.56268577710819
437,2026-09-21T07:59:59.517+00:00,2026-09-21T08:04:59.606+00:00,2026-09-21T08:04:59.606+00:00,False,1,0.0,,0.0,300088.474867,300088.474867,300088.474867,300088.474867,300088.474867,300088.474867,nan,300088.474867,nan,nan,0.0,4,64,,True,False,TTFT timeout: 300.0s exceeded (TTFT: 300.083s),0,59.56268577710819
438,2026-09-21T07:59:59.735+00:00,2026-09-21T08:04:59.841+00:00,2026-09-21T08:04:59.841+00:00,False,1,0.0,,0.0,300105.844434,300105.844434,300105.844434,300105.844434,300105.844434,300105.844434,nan,300105.844434,nan,nan,0.0,4,64,,True,False,"HTTPConnectionPool(host='gpu06', port=9004): Read timed out.",0,59.56268577710819
439,2026-09-21T07:59:59.944+00:00,2026-09-21T08:05:00.053+00:00,2026-09-21T08:05:00.053+00:00,False,1,0.0,,0.0,300109.22556199995,300109.22556199995,300109.22556199995,300109.22556199995,300109.22556199995,300109.22556199995,nan,300109.22556199995,nan,nan,0.0,4,64,,True,False,"HTTPConnectionPool(host='gpu06', port=9004): Read timed out.",0,59.56268577710819
440,2026-09-21T08:00:00.155+00:00,2026-09-21T08:05:00.265+00:00,2026-09-21T08:05:00.265+00:00,False,1,0.0,,0.0,300109.820981,300109.820981,300109.820981,300109.820981,300109.820981,300109.820981,nan,300109.820981,nan,nan,0.0,4,64,,True,False,"HTTPConnectionPool(host='gpu06', port=9004): Read timed out.",0,59.56268577710819
441,2026-09-21T08:00:00.406+00:00,2026-09-21T08:05:00.523+00:00,2026-09-21T08:05:00.523+00:00,False,1,0.0,,0.0,300116.66848299996,300116.66848299996,300116.66848299996,300116.66848299996,300116.66848299996,300116.66848299996,nan,300116.66848299996,nan,nan,0.0,4,64,,True,False,"HTTPConnectionPool(host='gpu06', port=9004): Read timed out.",0,59.56268577710819
442,2026-09-21T08:00:00.596+00:00,2026-09-21T08:05:00.685+00:00,2026-09-21T08:05:00.685+00:00,False,1,0.0,,0.0,300089.163416,300089.163416,300089.163416,300089.163416,300089.163416,300089.163416,nan,300089.163416,nan,nan,0.0,4,64,,True,False,"HTTPConnectionPool(host='gpu06', port=9004): Read timed out.",0,59.56268577710819
443,2026-09-21T08:00:00.835+00:00,2026-09-21T08:05:00.947+00:00,2026-09-21T08:05:00.947+00:00,False,1,0.0,,0.0,300111.916659,300111.916659,300111.916659,300111.916659,300111.916659,300111.916659,nan,300111.916659,nan,nan,0.0,4,64,,True,False,"HTTPConnectionPool(host='gpu06', port=9004): Read timed out.",0,59.56268577710819
444,2026-09-21T08:00:01.143+00:00,2026-09-21T08:05:01.167+00:00,2026-09-21T08:05:01.953+00:00,True,11,11.0,,11.0,300024.189379,300809.774275,300809.774421,27346.343129181816,45.872427,300024.189379,90437.02373464355,150120.6334275,78.55848959999999,51.64065328815002,0.036567960687154434,4,64,,True,True,,24,59.56268577710819
445,2026-09-21T08:00:01.444+00:00,2026-09-21T08:05:01.385+00:00,2026-09-21T08:05:02.785+00:00,True,24,24.0,,24.0,299941.632929,301341.01161700004,301341.011814,12555.875492250001,44.259837,299941.632929,61212.91185724739,105.93062115000001,60.84255165217392,15.394952993298878,0.07964398828827071,4,64,,True,True,,120,59.56268577710819
446,2026-09-21T08:00:01.638+00:00,2026-09-21T08:05:02.176+00:00,2026-09-21T08:05:03.069+00:00,False,18,17.0,,17.0,300538.311283,301430.863219,301430.863258,16746.159069888887,0.02529,300538.311283,70825.1856761967,45141.97241855,52.50305505882353,14.826710811751576,0.05639767546845032,4,64,,True,False,Request timeout: 300.0s exceeded,101,59.56268577710819
447,2026-09-21T08:00:01.832+00:00,2026-09-21T08:05:02.178+00:00,2026-09-21T08:05:03.068+00:00,False,18,17.0,,17.0,300346.362726,301236.441958,301236.44200100005,16735.357888944447,0.03811,300346.362726,70779.97745820221,45115.33060015,52.35760188235294,15.838347216271154,0.056434075138791576,4,64,,True,False,Request timeout: 300.0s exceeded,21,59.56268577710819
0,2026-09-21T07:58:02.101+00:00,2026-09-21T07:58:02.257+00:00,2026-09-21T07:58:03.156+00:00,True,17,17.0,,17.0,155.68526,1054.576268,1054.576331,62.03390182352941,0.01982,264.918528,64.55949030177358,177.53191359999997,56.180688,61.84287366700254,16.1202186279428,5,64,,False,True,,102,59.56268577710819
2,2026-09-21T07:58:03.122+00:00,2026-09-21T07:58:05.155+00:00,2026-09-21T07:58:10.174+00:00,True,81,81.0,,81.0,2033.939067,7052.760699,7052.760735,87.07112018518518,41.934743000000005,2033.939067,219.29673893170852,79.930188,62.7352704,11.030061732522853,11.484864361197575,5,64,,False,True,,1053,59.56268577710819
1,2026-09-21T07:58:02.553+00:00,2026-09-21T07:58:06.033+00:00,2026-09-21T07:58:09.929+00:00,True,63,63.0,,63.0,3480.7352349999996,7376.422403,7376.422277,117.08606788888888,41.869364000000004,3480.7352349999996,430.77412199116304,81.3153116,62.833664,11.798585979682308,8.540725646944761,5,64,,False,True,,189,59.56268577710819
3,2026-09-21T07:58:03.269+00:00,2026-09-21T07:58:08.067+00:00,2026-09-21T07:58:11.403+00:00,True,54,54.0,,54.0,4797.648166,8133.2470140000005,8133.246902,150.61568337037036,42.342214999999996,4797.648166,644.3914569936182,78.36769400000001,62.93582732075471,10.168305853314079,6.639414726621261,5,64,,False,True,,270,59.56268577710819
6,2026-09-21T07:58:04.219+00:00,2026-09-21T07:58:10.884+00:00,2026-09-21T07:58:12.003+00:00,True,19,19.0,,19.0,6664.559814,7783.832006000001,7783.83202,409.6753694736842,45.099885,6664.559814,1514.7219229833286,739.4177736,62.18178844444445,10.213784810469647,2.4409570999675037,5,64,,False,True,,133,59.56268577710819
7,2026-09-21T07:58:04.533+00:00,2026-09-21T07:58:12.558+00:00,2026-09-21T07:58:15.150+00:00,True,42,42.0,,42.0,8025.161707,10617.437163,10617.437106,252.79612157142859,0.01722,8025.161707,1229.890358403029,80.97962250000002,63.22623063414634,58.044962726212056,3.955756870063051,5,64,,False,True,,137,59.56268577710819
8,2026-09-21T07:58:04.878+00:00,2026-09-21T07:58:14.281+00:00,2026-09-21T07:58:19.331+00:00,True,83,83.0,,83.0,9402.874211999999,14453.560676,14453.560555999999,174.1392838072289,35.154773999999996,9402.874211999999,1025.3885345319875,77.419641,61.59373736585366,10.167502328926423,5.742529599493135,5,64,,False,True,,166,59.56268577710819
5,2026-09-21T07:58:03.950+00:00,2026-09-21T07:58:15.286+00:00,2026-09-21T07:58:18.159+00:00,True,48,48.0,,48.0,11335.932009,14208.884329,14208.884278,296.01842245833336,37.796274,11335.932009,1627.4129269676685,77.5471925,61.12664510638298,10.780709048562935,3.378168115707236,5,64,,False,True,,96,59.56268577710819
4,2026-09-21T07:58:03.652+00:00,2026-09-21T07:58:15.393+00:00,2026-09-21T07:58:18.082+00:00,True,45,45.0,,45.0,11740.80615,14430.125318,14430.12544,320.6694542222222,42.174493999999996,11740.80615,1741.1379382517405,80.6212602,61.12089018181818,10.886182291946735,3.118476035954271,5,64,,False,True,,225,59.56268577710819
9,2026-09-21T07:58:05.127+00:00,2026-09-21T07:58:16.325+00:00,2026-09-21T07:58:16.630+00:00,True,6,6.0,,6.0,11197.421327,11502.638863,11502.638789,1917.1064648333333,52.114875999999995,11197.421327,4546.416508780105,8417.48034975,61.0435072,10.279003105234827,0.5216194363277734,5,64,,False,True,,12,59.56268577710819
10,2026-09-21T07:58:05.547+00:00,2026-09-21T07:58:18.538+00:00,2026-09-21T07:58:18.795+00:00,True,5,5.0,,5.0,12990.638918999999,13248.070983,13248.071016,2649.6142032,57.121006,12990.638918999999,5780.811939022008,10406.657456599998,64.358016,7.222163975939621,0.3774134367498505,5,64,,False,True,,31,59.56268577710819
11,2026-09-21T07:58:05.982+00:00,2026-09-21T07:58:20.852+00:00,2026-09-21T07:58:22.600+00:00,True,28,28.0,,28.0,14870.17693,16618.639522,16618.639492,593.522839,26.711383,14870.17693,2797.985088391709,87.04545415000001,64.75787377777777,11.780747725276333,1.6848551268551908,5,64,,False,True,,135,59.56268577710819
12,2026-09-21T07:58:06.430+00:00,2026-09-21T07:58:23.318+00:00,2026-09-21T07:58:25.429+00:00,True,39,39.0,,39.0,16887.817276,18999.230012,18999.230035,487.1597444871795,0.0,16887.817276,2696.0983546213242,111.73909429999999,55.56349305263158,65.74541769353324,2.0527147666177745,5,64,,False,True,,108,59.56268577710819
13,2026-09-21T07:58:06.681+00:00,2026-09-21T07:58:24.442+00:00,2026-09-21T07:58:25.567+00:00,True,19,19.0,,19.0,17760.580004,18885.165476,18885.165591,993.9560837368421,39.697874000000006,17760.580004,4060.2427127718615,1850.5453565,62.476970666666666,12.9215041364716,1.0060806734336503,5,64,,False,True,,166,59.56268577710819
14,2026-09-21T07:58:07.076+00:00,2026-09-21T07:58:26.533+00:00,2026-09-21T07:58:28.388+00:00,True,31,31.0,,31.0,19457.59521,21312.133194,21312.133383,687.4881736451613,0.0,19457.59521,3484.3408720202424,252.82940650000003,61.817932799999994,73.84138529792514,1.4545704889235314,5,64,,False,True,,145,59.56268577710819
15,2026-09-21T07:58:07.399+00:00,2026-09-21T07:58:28.314+00:00,2026-09-21T07:58:32.570+00:00,True,68,68.0,,68.0,20914.701462,25171.280278000002,25171.280394,370.1658881470588,0.0,20914.701462,2529.0900284300856,81.24996215,63.531027104477616,51.38155716408392,2.7014915113170788,5,64,,False,True,,510,59.56268577710819
16,2026-09-21T07:58:07.817+00:00,2026-09-21T07:58:30.396+00:00,2026-09-21T07:58:30.917+00:00,True,4,4.0,,4.0,22578.591994,23099.85561,23099.855578,5774.9638945,0.0,22578.591994,11204.145303731633,19259.115032799997,173.75453866666666,240.89380788682806,0.1731612555304626,5,64,,False,True,,26,59.56268577710819
17,2026-09-21T07:58:08.066+00:00,2026-09-21T07:58:31.707+00:00,2026-09-21T07:58:33.576+00:00,True,30,30.0,,30.0,23640.684694,25509.866134,25509.865948,850.3288649333333,0.01577,23640.684694,4305.986646368294,398.30448505,64.4545324137931,118.5378479557466,1.176015579321895,5,64,,False,True,,52,59.56268577710819
18,2026-09-21T07:58:08.452+00:00,2026-09-21T07:58:33.792+00:00,2026-09-21T07:58:34.253+00:00,True,8,8.0,,8.0,25340.115981,25801.214476999998,25801.214629,3225.151828625,52.282045,25340.115981,8935.79840730853,16497.98941395,65.87121371428572,8.521615522266142,0.3100629238647447,5,64,,False,True,,16,59.56268577710819
19,2026-09-21T07:58:08.845+00:00,2026-09-21T07:58:35.838+00:00,2026-09-21T07:58:41.559+00:00,True,91,91.0,,91.0,26993.134132,32714.226228,32714.226336,359.4969927032967,0.0,26993.134132,2823.671947472377,76.4383325,63.56768995555556,62.60210698173901,2.781664446708307,5,64,,False,True,,182,59.56268577710819
20,2026-09-21T07:58:09.213+00:00,2026-09-21T07:58:37.377+00:00,2026-09-21T07:58:40.542+00:00,True,48,48.0,,48.0,28164.075074,31329.270338000002,31329.270303,652.6931313125,0.0,28164.075074,4056.288839080931,81.48267865,67.34458008510639,85.1642701409624,1.5321135628805145,5,64,,False,True,,236,59.56268577710819
21,2026-09-21T07:58:09.497+00:00,2026-09-21T07:58:38.901+00:00,2026-09-21T07:58:41.752+00:00,True,46,46.0,,46.0,29404.786583,32255.305879,32255.305759000003,701.2022991086957,0.0,29404.786583,4327.090959039898,80.437499,63.34487324444444,90.78977505893951,1.4261219587425635,5,64,,False,True,,230,59.56268577710819
22,2026-09-21T07:58:09.872+00:00,2026-09-21T07:58:41.194+00:00,2026-09-21T07:58:43.527+00:00,True,32,32.0,,32.0,31321.734042,33654.607514,33654.607334,1051.7064791875,0.01718,31321.734042,5525.130429498432,384.6232584,75.25398296774193,130.03094966191003,0.9508356318429295,5,64,,False,True,,157,59.56268577710819
23,2026-09-21T07:58:10.135+00:00,2026-09-21T07:58:42.565+00:00,2026-09-21T07:58:43.523+00:00,True,6,6.0,,6.0,32429.310958000002,33387.948782,33387.948707,5564.658117833334,61.496426,32429.310958000002,13163.301735821624,24494.617813999997,191.7275648,278.87111543122853,0.1797055590080065,5,64,,False,True,,6,59.56268577710819
24,2026-09-21T07:58:10.435+00:00,2026-09-21T07:58:43.745+00:00,2026-09-21T07:58:48.943+00:00,True,83,83.0,,83.0,33310.353008,38508.276079999996,38508.276187999996,463.9551347951807,0.0,33310.353008,3650.1630332788113,77.33103200000001,63.38930575609756,78.53567191899481,2.1553808284631994,5,64,,False,True,,575,59.56268577710819
25,2026-09-21T07:58:10.818+00:00,2026-09-21T07:58:46.485+00:00,2026-09-21T07:58:51.407+00:00,True,87,87.0,,87.0,35666.690224,40588.955056,40588.954935,466.5397118965517,0.0,35666.690224,3817.7969047642614,81.031775,57.23563758139535,21.998548178200405,2.143440250678229,5,64,,False,True,,402,59.56268577710819
26,2026-09-21T07:58:11.179+00:00,2026-09-21T07:58:47.764+00:00,2026-09-21T07:58:48.296+00:00,True,9,9.0,,9.0,36584.878328,37116.060664,37116.060774,4124.006752666666,57.994096,36584.878328,12172.82819186256,21981.128952000003,66.397792,6.131303771791073,0.24248262986404093,5,64,,False,True,,17,59.56268577710819
27,2026-09-21T07:58:11.599+00:00,2026-09-21T07:58:49.524+00:00,2026-09-21T07:58:51.842+00:00,True,38,38.0,,38.0,37925.216737,40243.006177,40243.006318,1059.0264820526315,46.593105,37925.216737,6142.128189532804,80.3059265,62.64295783783784,9.83672997884582,0.9442634537008832,5,64,,False,True,,375,59.56268577710819
28,2026-09-21T07:58:12.036+00:00,2026-09-21T07:58:52.051+00:00,2026-09-21T07:58:53.662+00:00,True,23,23.0,,23.0,40015.679885,41626.017165,41626.017302,1809.8268392173911,0.0,40015.679885,8331.565836679865,984.0796065999998,73.1971490909091,228.15399735148318,0.5525390504892903,5,64,,False,True,,245,59.56268577710819
29,2026-09-21T07:58:12.428+00:00,2026-09-21T07:58:53.942+00:00,2026-09-21T07:58:59.634+00:00,True,92,92.0,,92.0,41513.34106,47205.858435999995,47205.858541,513.1071580543478,38.592644,41513.34106,4321.5559850822365,78.89210605,62.555136,10.582907578654412,1.94891064473979,5,64,,False,True,,460,59.56268577710819
30,2026-09-21T07:58:12.787+00:00,2026-09-21T07:58:56.088+00:00,2026-09-21T07:59:02.251+00:00,True,98,98.0,,98.0,43300.993626,49463.798618,49463.798666,504.7326394489796,0.0,43300.993626,4368.550001678457,79.19833665,63.534072082474225,89.47885565478778,1.9812469470215246,5,64,,False,True,,475,59.56268577710819
31,2026-09-21T07:58:13.156+00:00,2026-09-21T07:58:57.414+00:00,2026-09-21T07:58:59.639+00:00,True,36,36.0,,36.0,44258.967485,46483.478461,46483.478586,1291.2077385,45.066714999999995,44258.967485,7365.907743379598,79.31136149999999,63.55745645714286,9.596413762983792,0.7744687186051337,5,64,,False,True,,156,59.56268577710819
32,2026-09-21T07:58:13.367+00:00,2026-09-21T07:58:59.253+00:00,2026-09-21T07:59:03.786+00:00,True,73,73.0,,73.0,45885.569854,50418.346814000004,50418.346805,690.662285,0.0,45885.569854,5364.138934070927,82.46474239999999,62.955235555555554,104.69242247575652,1.4478856331665677,5,64,,False,True,,505,59.56268577710819
33,2026-09-21T07:58:13.651+00:00,2026-09-21T07:59:01.287+00:00,2026-09-21T07:59:06.252+00:00,True,93,93.0,,93.0,47636.251906000005,52601.056514,52601.056361,565.6027565698926,0.0,47636.251906000005,4935.150126530912,84.1367244,53.96526747826087,104.61351603422395,1.7680253242679191,5,64,,False,True,,279,59.56268577710819
34,2026-09-21T07:58:14.104+00:00,2026-09-21T07:59:02.847+00:00,2026-09-21T07:59:06.026+00:00,True,53,53.0,,53.0,48742.301121,51921.870785,51921.870900999995,979.6579415283019,0.015560000000000001,48742.301121,6688.2105360032665,86.0611368,61.14557046153846,135.1590729272235,1.0207644524108994,5,64,,False,True,,213,59.56268577710819
35,2026-09-21T07:58:14.533+00:00,2026-09-21T07:59:05.675+00:00,2026-09-21T07:59:10.475+00:00,True,84,84.0,,84.0,51142.60887,55942.582758,55942.582679,665.9831271309523,0.0,51142.60887,5574.99566254394,79.81457165,57.831010698795176,115.85563282233548,1.5015395403421499,5,64,,False,True,,94,59.56268577710819
36,2026-09-21T07:58:14.797+00:00,2026-09-21T07:59:06.563+00:00,2026-09-21T07:59:11.812+00:00,True,84,84.0,,84.0,51766.12796500001,57015.66678100001,57015.666860000005,678.7579388095239,0.0,51766.12796500001,5642.37010573511,82.95911749999999,63.24745561445783,113.26990819183283,1.4732792711632778,5,64,,False,True,,560,59.56268577710819
37,2026-09-21T07:58:15.253+00:00,2026-09-21T07:59:09.037+00:00,2026-09-21T07:59:11.247+00:00,True,37,37.0,,37.0,53784.492514,55993.822434,55993.822543999995,1513.346555243243,0.0,53784.492514,8833.690773668128,306.63952140000004,61.37027555555555,173.87784774906277,0.6607871795788178,5,64,,False,True,,410,59.56268577710819
38,2026-09-21T07:58:15.580+00:00,2026-09-21T07:59:10.773+00:00,2026-09-21T07:59:11.362+00:00,True,11,11.0,,11.0,55193.31219,55782.260414,55782.260431999995,5071.114584727273,44.263385,55193.31219,16623.655687138922,27637.637133999997,58.894822399999995,11.165372483745578,0.19719530758275378,5,64,,False,True,,55,59.56268577710819
39,2026-09-21T07:58:16.029+00:00,2026-09-21T07:59:13.617+00:00,2026-09-21T07:59:15.084+00:00,True,23,23.0,,23.0,57588.862021,59055.257413,59055.25749,2567.619890869565,47.221944,57588.862021,11994.212535064175,84.3664479,66.654336,8.833615376138281,0.38946574797144046,5,64,,False,True,,161,59.56268577710819
40,2026-09-21T07:58:16.277+00:00,2026-09-21T07:59:14.645+00:00,2026-09-21T07:59:21.304+00:00,True,95,95.0,,95.0,58367.891395000006,65027.025091,65027.025051000004,684.4950005368422,0.0,58367.891395000006,5983.6519464856965,104.7723331,70.84184782978724,173.90827380270386,1.4609310493145777,5,64,,False,True,,380,59.56268577710819
41,2026-09-21T07:58:16.547+00:00,2026-09-21T07:59:16.112+00:00,2026-09-21T07:59:19.755+00:00,True,58,58.0,,58.0,59565.613486,63208.508846000004,63208.508767,1089.8018752931034,0.02047,59565.613486,7814.68006902166,86.55321365,63.9104449122807,165.58467444061566,0.917597979432011,5,64,,False,True,,522,59.56268577710819
42,2026-09-21T07:58:16.972+00:00,2026-09-21T07:59:19.760+00:00,2026-09-21T07:59:19.760+00:00,True,9,9.0,,9.0,62787.185433,62787.370009,62787.370113,6976.374457,0.01607,62787.185433,20929.054116003917,37672.333875799995,0.023072,0.013705950991136244,0.14334092985117758,5,64,,False,True,,27,59.56268577710819
43,2026-09-21T07:58:17.316+00:00,2026-09-21T07:59:20.216+00:00,2026-09-21T07:59:21.305+00:00,True,13,13.0,,13.0,62899.842587,63989.072667,63989.072773,4922.236367153846,0.0,62899.842587,17422.70376731598,25813.4751464,90.76917333333333,314.4336399487188,0.20315968739931856,5,64,,False,True,,26,59.56268577710819
44,2026-09-21T07:58:17.563+00:00,2026-09-21T07:59:21.541+00:00,2026-09-21T07:59:26.330+00:00,True,75,75.0,,75.0,63977.813178000004,68766.568378,68766.568339,916.8875778533334,40.236473,63977.813178000004,7380.056953420078,81.35056770000001,64.71290810810811,10.81981880509141,1.090646251063972,5,64,,False,True,,229,59.56268577710819
45,2026-09-21T07:58:17.897+00:00,2026-09-21T07:59:23.243+00:00,2026-09-21T07:59:25.282+00:00,True,33,33.0,,33.0,65345.687983,67385.266863,67385.266933,2041.977785848485,43.044074,65345.687983,11364.133419582324,76.56788500000002,63.73684,10.14728387108989,0.48972129274329085,5,64,,False,True,,165,59.56268577710819
46,2026-09-21T07:58:18.311+00:00,2026-09-21T07:59:25.675+00:00,2026-09-21T07:59:27.928+00:00,True,36,36.0,,36.0,67363.630104,69616.87707999999,69616.877133,1933.8021425833333,47.516594,67363.630104,11216.545518629284,80.9093395,64.37848502857143,9.095462611722958,0.5171159855192976,5,64,,False,True,,223,59.56268577710819
47,2026-09-21T07:58:18.597+00:00,2026-09-21T07:59:27.272+00:00,2026-09-21T07:59:27.272+00:00,True,1,1.0,,1.0,68674.42936499999,68674.42936499999,68674.42936499999,68674.42936499999,68674.42936499999,68674.42936499999,nan,68674.42936499999,nan,nan,0.014561460637482213,5,64,,False,True,,1,59.56268577710819
48,2026-09-21T07:58:18.950+00:00,2026-09-21T07:59:28.968+00:00,2026-09-21T07:59:34.930+00:00,True,92,92.0,,92.0,70017.284057,75980.05832899999,75980.058301,825.870198923913,0.0,70017.284057,7295.558743795165,79.149237,65.524992,195.22151755231604,1.2108440296483103,5,64,,False,True,,460,59.56268577710819
49,2026-09-21T07:58:19.318+00:00,2026-09-21T07:59:30.893+00:00,2026-09-21T07:59:30.936+00:00,True,2,2.0,,2.0,71575.502058,71618.38129,71618.381172,35809.190586,42.879114,71575.502058,50581.20275976282,67998.8709108,42.879232,nan,0.02792579173077817,5,64,,False,True,,8,59.56268577710819
50,2026-09-21T07:58:19.650+00:00,2026-09-21T07:59:32.828+00:00,2026-09-21T07:59:34.747+00:00,True,20,20.0,,20.0,73178.27663400001,75097.12361000001,75097.123483,3754.8561741500002,0.0,73178.27663400001,16342.572199693519,4776.437129050001,100.99194610526315,262.3181763723819,0.2663217848910631,5,64,,False,True,,40,59.56268577710819
51,2026-09-21T07:58:19.966+00:00,2026-09-21T07:59:34.764+00:00,2026-09-21T07:59:39.220+00:00,True,78,78.0,,78.0,74798.145802,79254.58305,79254.58302399999,1016.0843977435898,0.01785,74798.145802,8462.76902061143,125.1726556,57.875808415584416,41.38891730264188,0.9841702144946177,5,64,,False,True,,312,59.56268577710819
52,2026-09-21T07:58:20.325+00:00,2026-09-21T07:59:36.198+00:00,2026-09-21T07:59:40.209+00:00,True,65,65.0,,65.0,75873.31966,79883.68535599999,79883.685283,1228.9797735846153,11.864841,75873.31966,9403.172286652565,78.140869,62.661964,18.274452055331587,0.8136830406650476,5,64,,False,True,,127,59.56268577710819
53,2026-09-21T07:58:20.757+00:00,2026-09-21T07:59:38.906+00:00,2026-09-21T07:59:43.279+00:00,True,69,69.0,,69.0,78148.605964,82521.702924,82521.702809,1195.9667073768117,46.550834,78148.605964,9400.251220941424,80.471583,64.3102494117647,11.280176008638454,0.8361436756043065,5,64,,False,True,,81,59.56268577710819
54,2026-09-21T07:58:21.131+00:00,2026-09-21T07:59:40.532+00:00,2026-09-21T07:59:42.863+00:00,True,37,37.0,,37.0,79400.590958,81732.06948600001,81732.069433,2208.9748495405406,42.791554,79400.590958,13042.73301083508,76.867103,64.76329244444445,9.388775039810321,0.4526986803672918,5,64,,False,True,,148,59.56268577710819
55,2026-09-21T07:58:21.568+00:00,2026-09-21T07:59:42.611+00:00,2026-09-21T07:59:47.043+00:00,True,70,70.0,,70.0,81043.24474600001,85474.49364200002,85474.49345600001,1221.0641922285715,0.0,81043.24474600001,9680.986378632431,81.71012999999999,64.22099849275362,205.1203606272184,0.8189577617527267,5,64,,False,True,,454,59.56268577710819
56,2026-09-21T07:58:21.944+00:00,2026-09-21T07:59:44.505+00:00,2026-09-21T07:59:46.968+00:00,True,35,35.0,,35.0,82561.069442,85024.16320200001,85024.163159,2429.261804542857,0.0,82561.069442,13946.139829350057,570.7893925000001,72.44393411764705,294.44746870460835,0.4116476855743603,5,64,,False,True,,129,59.56268577710819
57,2026-09-21T07:58:22.280+00:00,2026-09-21T07:59:46.984+00:00,2026-09-21T07:59:48.701+00:00,True,36,36.0,,36.0,84703.663356,86420.985852,86420.985857,2400.582940472222,0.0,84703.663356,14109.130927271277,80.4879545,49.066357028571424,30.21442280055852,0.4165654863235614,5,64,,False,True,,36,59.56268577710819
58,2026-09-21T07:58:22.573+00:00,2026-09-21T07:59:47.764+00:00,2026-09-21T07:59:49.019+00:00,True,21,21.0,,21.0,85191.412274,86445.69477,86445.69489500001,4116.461661666667,46.497904000000005,85191.412274,18576.60764091668,82.509348,62.7141248,10.339688386907369,0.24292707758174917,5,64,,False,True,,218,59.56268577710819
59,2026-09-21T07:58:23.278+00:00,2026-09-21T07:59:49.454+00:00,2026-09-21T07:59:51.607+00:00,True,35,35.0,,35.0,86175.7779,88328.804716,88328.804589,2523.680131114286,47.458234,86175.7779,14555.663955272687,79.504621,63.32431811764706,8.913084585797819,0.39624672962046836,5,64,,False,True,,98,59.56268577710819
60,2026-09-21T07:58:23.336+00:00,2026-09-21T07:59:50.727+00:00,2026-09-21T07:59:54.414+00:00,True,41,41.0,,41.0,87390.936686,91077.964398,91077.96441,2221.413766097561,0.01587,87390.936686,13636.163962124121,80.141347,92.1756928,258.44102929913765,0.4501637720056503,5,64,,False,True,,242,59.56268577710819
61,2026-09-21T07:58:23.633+00:00,2026-09-21T07:59:54.326+00:00,2026-09-21T07:59:58.011+00:00,True,80,80.0,,80.0,90693.440861,94378.195549,94378.19566499999,1179.7274458125,0.01914,90693.440861,10134.86777111969,113.18183730000001,46.64246440506329,71.2975562812744,0.8476534175572893,5,64,,False,True,,95,59.56268577710819
62,2026-09-21T07:58:23.938+00:00,2026-09-21T07:59:54.741+00:00,2026-09-21T07:59:57.678+00:00,True,47,47.0,,47.0,90802.851326,93740.23167800001,93740.231834,1994.4730177446809,0.023960000000000002,90802.851326,13235.665663858686,115.39071340000001,63.85609460869565,24.891080009284718,0.5013855754212999,5,64,,False,True,,335,59.56268577710819
63,2026-09-21T07:58:24.347+00:00,2026-09-21T07:59:56.948+00:00,2026-09-21T08:00:02.896+00:00,True,90,90.0,,90.0,92601.743098,98549.30841000001,98549.308531,1094.9923170111113,0.0,92601.743098,9756.054480467506,78.450294,66.82657653932584,199.53836462808604,0.9132484179956711,5,64,,False,True,,715,59.56268577710819
64,2026-09-21T07:58:24.634+00:00,2026-09-21T07:59:58.266+00:00,2026-09-21T07:59:59.280+00:00,True,18,18.0,,18.0,93632.181834,94645.554762,94645.554753,5258.086375166667,45.150474,93632.181834,22055.26946295422,14115.226134900002,59.610172235294115,11.478302734050576,0.19018325842416597,5,64,,False,True,,84,59.56268577710819
65,2026-09-21T07:58:25.051+00:00,2026-09-21T08:00:00.564+00:00,2026-09-21T08:00:02.878+00:00,True,29,29.0,,29.0,95512.895423,97826.49337499999,97826.49341699999,3373.3273592068963,0.0,95512.895423,17724.39702636465,1164.6734609999999,82.62849828571429,355.6644631441656,0.29644321287111663,5,64,,False,True,,145,59.56268577710819
66,2026-09-21T07:58:25.490+00:00,2026-09-21T08:00:02.894+00:00,2026-09-21T08:00:06.933+00:00,True,65,65.0,,65.0,97403.895862,101443.003702,101443.00368800001,1560.6615952,0.047740000000000005,97403.895862,12073.645263902605,76.862983,63.11106,12.968713522704983,0.64075389753782,5,64,,False,True,,585,59.56268577710819
67,2026-09-21T07:58:25.940+00:00,2026-09-21T08:00:04.900+00:00,2026-09-21T08:00:06.604+00:00,True,27,27.0,,27.0,98960.50845200001,100663.85565200001,100663.85577200001,3728.290954518519,54.728425,98960.50845200001,19032.352086483264,78.41597370000001,65.51335384615385,7.462960551756279,0.2682194102850615,5,64,,False,True,,135,59.56268577710819
68,2026-09-21T07:58:26.251+00:00,2026-09-21T08:00:06.357+00:00,2026-09-21T08:00:10.956+00:00,True,76,76.0,,76.0,100105.869888,104705.262656,104705.262762,1377.7008258157896,45.20880399999999,100105.869888,11475.900017405513,77.84874175,61.32523690666667,9.280015661248285,0.7258469925212008,5,64,,False,True,,152,59.56268577710819
69,2026-09-21T07:58:26.635+00:00,2026-09-21T08:00:08.578+00:00,2026-09-21T08:00:12.104+00:00,True,56,56.0,,56.0,101942.912083,105468.810835,105468.810885,1883.3716229464287,43.995993999999996,101942.912083,13614.13103818924,76.816392,64.10725003636364,9.251386227759363,0.5309626567005561,5,64,,True,True,,56,59.56268577710819
70,2026-09-21T07:58:26.904+00:00,2026-09-21T08:00:09.981+00:00,2026-09-21T08:00:16.027+00:00,True,96,96.0,,96.0,103077.038038,109123.016918,109123.01685,1136.6980921875,41.046864,103077.038038,10513.765062052948,77.685337,63.64188294736842,9.607178961280317,0.8797410730692937,5,64,,True,True,,258,59.56268577710819
71,2026-09-21T07:58:27.250+00:00,2026-09-21T08:00:11.637+00:00,2026-09-21T08:00:14.048+00:00,True,39,39.0,,39.0,104387.164739,106798.538051,106798.538011,2738.4240515641027,46.275022,104387.164739,16705.165025409704,75.0540968,63.45719242105263,8.95624414437313,0.3651735380626292,5,64,,True,True,,336,59.56268577710819
72,2026-09-21T07:58:27.547+00:00,2026-09-21T08:00:13.405+00:00,2026-09-21T08:00:17.450+00:00,True,65,65.0,,65.0,105858.22250399999,109902.72656799998,109902.72657199999,1690.811178030769,46.987464,105858.22250399999,13122.261495891364,77.6657574,63.195376,9.500190060253647,0.5914320966348604,5,64,,True,True,,185,59.56268577710819
73,2026-09-21T07:58:27.908+00:00,2026-09-21T08:00:15.520+00:00,2026-09-21T08:00:17.890+00:00,True,38,38.0,,38.0,107612.60223100001,109982.270071,109982.26998800001,2894.2702628421057,44.227224,107612.60223100001,17446.682281888214,78.23192685,64.04507675675676,9.467594215015806,0.3455102351994442,5,64,,True,True,,114,59.56268577710819
74,2026-09-21T07:58:28.342+00:00,2026-09-21T08:00:17.509+00:00,2026-09-21T08:00:19.486+00:00,True,32,32.0,,32.0,109166.84682400001,111144.29271200001,111144.29267200001,3473.2591460000003,44.342572999999994,109166.84682400001,19286.880996003718,78.83834089999999,63.78857703225806,10.773840046514197,0.2879140189673908,5,64,,True,True,,128,59.56268577710819
75,2026-09-21T07:58:28.676+00:00,2026-09-21T08:00:19.161+00:00,2026-09-21T08:00:19.615+00:00,True,8,8.0,,8.0,110484.59854199999,110938.890766,110938.890586,13867.36132325,45.456053999999995,110484.59854199999,39039.2603890412,71841.68712405,64.89888914285714,10.364959395818127,0.07211177202838773,5,64,,True,True,,66,59.56268577710819
76,2026-09-21T07:58:29.034+00:00,2026-09-21T08:00:20.981+00:00,2026-09-21T08:00:21.403+00:00,True,8,8.0,,8.0,111947.01604,112369.10013600001,112369.100151,14046.137518875,52.651334000000006,111947.01604,39557.929345028046,72792.3221001,60.297728,8.175972099125257,0.07119394914008942,5,64,,True,True,,17,59.56268577710819
77,2026-09-21T07:58:29.479+00:00,2026-09-21T08:00:23.068+00:00,2026-09-21T08:00:26.443+00:00,True,55,55.0,,55.0,113588.328169,116963.259881,116963.25975,2126.604722727273,43.592873,113588.328169,15307.82225496848,75.78336669999999,62.49873540740741,8.89524848942399,0.47023313180530146,5,64,,True,True,,55,59.56268577710819
78,2026-09-21T07:58:29.816+00:00,2026-09-21T08:00:25.053+00:00,2026-09-21T08:00:25.333+00:00,True,5,5.0,,5.0,115237.544881,115517.578161,115517.578352,23103.5156704,53.664394,115237.544881,51504.488979646165,92205.39874579999,70.00832,11.060409753092515,0.043283455899944194,5,64,,True,True,,10,59.56268577710819
79,2026-09-21T07:58:30.173+00:00,2026-09-21T08:00:26.899+00:00,2026-09-21T08:00:31.173+00:00,True,69,69.0,,69.0,116725.760142,120999.457166,120999.4572,1753.6153217391304,40.057703000000004,116725.760142,14044.56751343016,78.100357,62.84848564705882,9.802075924956421,0.5702504921599642,5,64,,True,True,,186,59.56268577710819
80,2026-09-21T07:58:30.568+00:00,2026-09-21T08:00:28.810+00:00,2026-09-21T08:00:33.055+00:00,True,68,68.0,,68.0,118241.757353,122487.207337,122487.20753799999,1801.2824637941176,45.246404000000005,118241.757353,14331.23799133125,77.18719835,63.36492513432836,9.114401596136107,0.5551600161224272,5,64,,True,True,,204,59.56268577710819
81,2026-09-21T07:58:30.962+00:00,2026-09-21T08:00:31.034+00:00,2026-09-21T08:00:31.734+00:00,True,12,12.0,,12.0,120072.38759700001,120771.846413,120771.84643900002,10064.320536583335,53.595833,120072.38759700001,34643.5575345468,54073.372530399996,63.587165090909096,8.364485659996763,0.09936090534679701,5,64,,True,True,,53,59.56268577710819
82,2026-09-21T07:58:31.309+00:00,2026-09-21T08:00:32.852+00:00,2026-09-21T08:00:36.061+00:00,True,52,52.0,,52.0,121543.421816,124752.256632,124752.256825,2399.081862019231,41.068593,121543.421816,16846.317229049073,77.3027845,62.918329725490196,9.174512570280054,0.4168261272691204,5,64,,True,True,,120,59.56268577710819
83,2026-09-21T07:58:31.578+00:00,2026-09-21T08:00:33.973+00:00,2026-09-21T08:00:38.534+00:00,True,75,75.0,,75.0,122395.096332,126956.051212,126956.05106,1692.7473474666667,45.363344,122395.096332,14125.854772180443,76.8027037,61.634525405405405,9.79627058221913,0.5907556141200375,5,64,,True,True,,525,59.56268577710819
84,2026-09-21T07:58:31.858+00:00,2026-09-21T08:00:35.215+00:00,2026-09-21T08:00:37.114+00:00,True,32,32.0,,32.0,123357.302855,125256.140615,125256.140646,3914.2543951875,43.885993,123357.302855,21795.870696889368,80.22144695,61.252830967741936,10.463753780685629,0.2554764967440475,5,64,,True,True,,66,59.56268577710819
85,2026-09-21T07:58:32.170+00:00,2026-09-21T08:00:36.928+00:00,2026-09-21T08:00:38.276+00:00,True,23,23.0,,23.0,124757.72252,126105.898904,126105.89882999999,5482.8651665217385,45.935263,124757.72252,26001.007343745063,77.193782,61.280744727272726,10.042620835121145,0.18238639270561874,5,64,,True,True,,104,59.56268577710819
86,2026-09-21T07:58:32.505+00:00,2026-09-21T08:00:38.728+00:00,2026-09-21T08:00:39.690+00:00,True,16,16.0,,16.0,126223.405368,127185.20300000001,127185.20297000001,7949.075185625001,51.623093,126223.405368,31539.823019239695,31617.581499750006,64.11984213333334,10.51925832794644,0.12580079775475136,5,64,,True,True,,53,59.56268577710819
87,2026-09-21T07:58:33.408+00:00,2026-09-21T08:00:42.088+00:00,2026-09-21T08:00:47.069+00:00,True,78,78.0,,78.0,128680.405094,133661.26423,133661.264145,1713.605950576923,42.625374,128680.405094,14562.86637363868,80.591199,64.68648228571428,10.771822279255103,0.5835647332033319,5,64,,True,True,,231,59.56268577710819
88,2026-09-21T07:58:33.423+00:00,2026-09-21T08:00:42.934+00:00,2026-09-21T08:00:45.881+00:00,True,47,47.0,,47.0,129511.04985600001,132457.78547200002,132457.785485,2818.2507550000005,47.796193,129511.04985600001,18881.786746237078,80.340291,64.05946991304347,10.00710889947948,0.3548300300546338,5,64,,True,True,,121,59.56268577710819
89,2026-09-21T07:58:33.636+00:00,2026-09-21T08:00:44.880+00:00,2026-09-21T08:00:50.179+00:00,True,84,84.0,,84.0,131243.86897,136543.13706600002,136543.137202,1625.5135381190478,42.557154000000004,131243.86897,14312.916590262183,78.404873,63.84660356626506,8.893076477185874,0.6151902014628347,5,64,,True,True,,336,59.56268577710819
90,2026-09-21T07:58:34.046+00:00,2026-09-21T08:00:47.191+00:00,2026-09-21T08:00:48.218+00:00,True,17,17.0,,17.0,133144.45854700002,134172.30494700003,134172.30497400003,7892.488527882354,47.486083,133144.45854700002,32276.694899360882,26690.103050200007,64.2404,8.345662306957596,0.12670274992082192,5,64,,True,True,,34,59.56268577710819
91,2026-09-21T07:58:34.358+00:00,2026-09-21T08:00:48.723+00:00,2026-09-21T08:00:50.644+00:00,True,31,31.0,,31.0,134365.023909,136286.33616500002,136286.33621200002,4396.333426193549,49.882974000000004,134365.023909,24121.169095186742,77.471096,64.04374186666666,7.029177777526589,0.2274622744459776,5,64,,True,True,,34,59.56268577710819
92,2026-09-21T07:58:34.625+00:00,2026-09-21T08:00:50.250+00:00,2026-09-21T08:00:51.112+00:00,True,15,15.0,,15.0,135625.410425,136487.395193,136487.39498900002,9099.159665933334,46.834303999999996,135625.410425,35002.43423359134,40742.072575700004,61.570340571428574,9.630278815125534,0.10990025839960717,5,64,,True,True,,15,59.56268577710819
93,2026-09-21T07:58:34.867+00:00,2026-09-21T08:00:51.579+00:00,2026-09-21T08:00:56.659+00:00,True,82,82.0,,82.0,136712.003038,141791.898078,141791.898147,1729.1694895975609,43.214423000000004,136712.003038,15090.392257948179,78.60679300000001,62.714753580246914,9.275984512417466,0.5783123091764498,5,64,,True,True,,225,59.56268577710819
94,2026-09-21T07:58:35.126+00:00,2026-09-21T08:00:52.859+00:00,2026-09-21T08:00:53.510+00:00,True,11,11.0,,11.0,137732.57094600002,138383.38643400001,138383.38643500002,12580.307857727275,50.369263,137732.57094600002,41508.311452336966,68908.4740215,65.0815488,12.222489968873216,0.07948931070021395,5,64,,True,True,,55,59.56268577710819
95,2026-09-21T07:58:35.446+00:00,2026-09-21T08:00:54.444+00:00,2026-09-21T08:00:59.009+00:00,True,74,74.0,,74.0,138998.562751,143563.38655899998,143563.38649099998,1940.0457633918918,42.361892999999995,138998.562751,16150.988498469053,77.08580635,62.53183298630137,9.858706269814599,0.5154517580956365,5,64,,True,True,,221,59.56268577710819
96,2026-09-21T07:58:35.856+00:00,2026-09-21T08:00:56.918+00:00,2026-09-21T08:00:58.426+00:00,True,25,25.0,,25.0,141062.73135299998,142570.15509699998,142570.15510499998,5702.806204199999,47.727964,141062.73135299998,28199.986034557878,78.47267,62.80932266666667,9.789986126419565,0.17535226768176576,5,64,,True,True,,28,59.56268577710819
97,2026-09-21T07:58:36.135+00:00,2026-09-21T08:00:58.294+00:00,2026-09-21T08:01:01.283+00:00,True,47,47.0,,47.0,142158.825636,145147.857572,145147.857608,3088.252289531915,40.942763,142158.825636,20726.520434041824,78.94283,64.97895513043478,10.688639482830089,0.3238077418861373,5,64,,True,True,,376,59.56268577710819
98,2026-09-21T07:58:36.536+00:00,2026-09-21T08:01:00.040+00:00,2026-09-21T08:01:04.878+00:00,True,77,77.0,,77.0,143504.519783,148342.01251899998,148342.012463,1926.5196423766233,43.698414,143504.519783,16346.607223183206,78.317538,63.65122021052632,10.221674172363626,0.519070752057767,5,64,,True,True,,154,59.56268577710819
99,2026-09-21T07:58:36.917+00:00,2026-09-21T08:01:01.941+00:00,2026-09-21T08:01:06.880+00:00,True,80,80.0,,80.0,145023.379906,149962.58963399997,149962.589693,1874.5323711624999,42.047593,145023.379906,16207.11913922388,76.29985454999999,62.52164212658228,9.026034580742811,0.5334663811504503,5,64,,True,True,,244,59.56268577710819
100,2026-09-21T07:58:37.199+00:00,2026-09-21T08:01:03.538+00:00,2026-09-21T08:01:03.604+00:00,True,2,2.0,,2.0,146339.051155,146405.308307,146405.308279,73202.6541395,66.25712399999999,146339.051155,103430.48456242324,139025.41145344998,66.257152,nan,0.01366070686321129,5,64,,True,True,,6,59.56268577710819
101,2026-09-21T07:58:37.654+00:00,2026-09-21T08:01:05.906+00:00,2026-09-21T08:01:11.478+00:00,True,89,89.0,,89.0,148252.379194,153823.831354,153823.831249,1728.3576544831462,42.000093,148252.379194,15708.012541920896,78.3673488,63.31195636363637,9.484097179898795,0.5785839503319956,5,64,,True,True,,534,59.56268577710819
102,2026-09-21T07:58:37.938+00:00,2026-09-21T08:01:07.955+00:00,2026-09-21T08:01:13.261+00:00,True,84,84.0,,84.0,150016.825296,155323.242704,155323.24265,1849.0862220238096,39.818733,150016.825296,16361.205584312058,79.49518299999998,63.93273985542169,11.010244333548854,0.5408076636674337,5,64,,True,True,,524,59.56268577710819
103,2026-09-21T07:58:38.380+00:00,2026-09-21T08:01:10.099+00:00,2026-09-21T08:01:13.769+00:00,True,58,58.0,,58.0,151718.88843000002,155388.45259000003,155388.45263200003,2679.1112522758626,44.524533000000005,151718.88843000002,19913.215609060964,79.07263685,64.37831859649123,10.766182493042834,0.373258109166167,5,64,,True,True,,60,59.56268577710819
104,2026-09-21T07:58:38.785+00:00,2026-09-21T08:01:12.604+00:00,2026-09-21T08:01:13.099+00:00,True,9,9.0,,9.0,153819.259874,154314.14806600002,154314.14827,17146.016474444445,51.663273999999994,153819.259874,51252.4670029011,92321.7959464,61.861024,9.235399651420769,0.058322584888008504,5,64,,True,True,,21,59.56268577710819
105,2026-09-21T07:58:39.062+00:00,2026-09-21T08:01:14.295+00:00,2026-09-21T08:01:17.105+00:00,True,45,45.0,,45.0,155233.27636000002,158043.22964,158043.22982900002,3512.0717739777783,40.872983,155233.27636000002,23131.292705748838,80.49080520000001,63.86257454545455,10.257988715724956,0.2847322223324821,5,64,,True,True,,93,59.56268577710819
106,2026-09-21T07:58:39.348+00:00,2026-09-21T08:01:15.685+00:00,2026-09-21T08:01:21.633+00:00,True,95,95.0,,95.0,156337.52944299998,162285.40349099998,162285.40370599998,1708.2674074315787,44.389841999999994,156337.52944299998,16033.403218256562,76.16074569999999,63.275255829787234,9.926406018496333,0.585388445025917,5,64,,True,True,,384,59.56268577710819
107,2026-09-21T07:58:39.686+00:00,2026-09-21T08:01:17.249+00:00,2026-09-21T08:01:23.290+00:00,True,97,97.0,,97.0,157562.587414,163603.62139800002,163603.621275,1686.6352708762888,45.050093000000004,157562.587414,15991.670844183163,76.56546980000002,62.92743733333334,10.276217176153574,0.592896411284364,5,64,,True,True,,211,59.56268577710819
108,2026-09-21T07:58:40.104+00:00,2026-09-21T08:01:19.509+00:00,2026-09-21T08:01:22.881+00:00,True,55,55.0,,55.0,159404.61169,162777.176426,162777.17624099998,2959.5850225636364,42.086182,159404.61169,21485.69440473133,76.5063424,62.454902518518516,10.178121840669116,0.3378852072974955,5,64,,True,True,,220,59.56268577710819
109,2026-09-21T07:58:40.506+00:00,2026-09-21T08:01:21.706+00:00,2026-09-21T08:01:27.806+00:00,True,98,98.0,,98.0,161199.95793099998,167299.161259,167299.16131399997,1707.1342991224487,44.779262,161199.95793099998,16277.30592635878,77.19989134999999,62.87838482474226,9.654896899614652,0.585776995308923,5,64,,True,True,,552,59.56268577710819
110,2026-09-21T07:58:40.872+00:00,2026-09-21T08:01:23.503+00:00,2026-09-21T08:01:25.769+00:00,True,37,37.0,,37.0,162630.851884,164896.966956,164896.967156,4456.674788,44.950182,162630.851884,26726.00013501972,75.99153,62.94764088888889,8.486647815879603,0.22438253827841984,5,64,,True,True,,42,59.56268577710819
111,2026-09-21T07:58:41.223+00:00,2026-09-21T08:01:25.271+00:00,2026-09-21T08:01:26.774+00:00,True,25,25.0,,25.0,164048.036923,165551.37618700002,165551.376035,6622.0550414,42.650832,164048.036923,32797.08100215252,80.7157604,62.639136,9.93984582369676,0.15101052359577508,5,64,,True,True,,75,59.56268577710819
112,2026-09-21T07:58:41.540+00:00,2026-09-21T08:01:26.833+00:00,2026-09-21T08:01:30.798+00:00,True,64,64.0,,64.0,165292.40123500003,169257.55144300003,169257.55160900002,2644.6492438906253,44.194722999999996,165292.40123500003,20653.684943894965,78.07922785000001,62.938892190476196,9.502680875495495,0.378121977154756,5,64,,True,True,,288,59.56268577710819
113,2026-09-21T07:58:41.850+00:00,2026-09-21T08:01:28.314+00:00,2026-09-21T08:01:28.694+00:00,True,7,7.0,,7.0,166464.462875,166844.116763,166844.116614,23834.873802,47.165682999999994,166464.462875,62893.73767566705,116547.29230969999,63.275648,9.735563973013582,0.04195533013575428,5,64,,True,True,,21,59.56268577710819
114,2026-09-21T07:58:42.118+00:00,2026-09-21T08:01:29.563+00:00,2026-09-21T08:01:33.168+00:00,True,59,59.0,,59.0,167445.112012,171050.444748,171050.444667,2899.160079101695,43.785663,167445.112012,21791.40556103842,74.27328700000001,62.160909241379315,7.991353580832943,0.3449274866658296,5,64,,True,True,,63,59.56268577710819
115,2026-09-21T07:58:42.416+00:00,2026-09-21T08:01:31.047+00:00,2026-09-21T08:01:37.003+00:00,True,96,96.0,,96.0,168631.218482,174586.59461,174586.59467299999,1818.6103611770834,42.385423,168631.218482,17204.45595497806,75.7567565,62.688169768421055,9.085153003802766,0.5498703964897732,5,64,,True,True,,972,59.56268577710819
117,2026-09-21T07:58:43.527+00:00,2026-09-21T08:01:34.010+00:00,2026-09-21T08:01:34.977+00:00,True,16,16.0,,16.0,170482.822706,171449.842226,171449.84235700002,10715.615147312501,45.385272,170482.822706,42604.589820385474,42679.318277000006,64.467968,10.19316406433006,0.09332175400260376,5,64,,True,True,,198,59.56268577710819
116,2026-09-21T07:58:43.486+00:00,2026-09-21T08:01:34.268+00:00,2026-09-21T08:01:34.582+00:00,True,6,6.0,,6.0,170781.189934,171095.33163,171095.331711,28515.888618499997,47.176313,170781.189934,69695.48034047068,128104.64581650001,62.8283392,13.687374746371313,0.03506816897246046,5,64,,True,True,,51,59.56268577710819
118,2026-09-21T07:58:43.616+00:00,2026-09-21T08:01:35.456+00:00,2026-09-21T08:01:39.213+00:00,True,60,60.0,,60.0,171839.909614,175597.651182,175597.65105800002,2926.6275176333334,42.414612999999996,171839.909614,22176.217060542283,77.82108505000001,63.69053505084746,10.693830278171282,0.34169021963632296,5,64,,True,True,,192,59.56268577710819
119,2026-09-21T07:58:43.929+00:00,2026-09-21T08:01:39.008+00:00,2026-09-21T08:01:42.324+00:00,True,54,54.0,,54.0,175079.104225,178395.632097,178395.632055,3303.6228158333333,45.585634,175079.104225,23816.73438150452,76.15467500000001,62.575997584905664,8.714276209505918,0.3026979941450489,5,64,,True,True,,187,59.56268577710819
120,2026-09-21T07:58:44.177+00:00,2026-09-21T08:01:40.046+00:00,2026-09-21T08:01:42.279+00:00,True,37,37.0,,37.0,175869.561235,178102.321811,178102.321695,4813.576262027027,45.956343000000004,175869.561235,28902.582753741084,75.40888220000001,62.02112711111111,8.442670275552025,0.20774574763412657,5,64,,True,True,,148,59.56268577710819
121,2026-09-21T07:58:44.572+00:00,2026-09-21T08:01:41.814+00:00,2026-09-21T08:01:44.682+00:00,True,48,48.0,,48.0,177241.45611899998,180109.995511,180109.99560599998,3752.291575125,41.004122,177241.45611899998,25573.793291124766,76.19886799999999,61.03275302127659,10.249081484999232,0.2665038098736084,5,64,,True,True,,48,59.56268577710819
122,2026-09-21T07:58:44.859+00:00,2026-09-21T08:01:43.558+00:00,2026-09-21T08:01:48.642+00:00,True,82,82.0,,82.0,178699.255514,183783.335898,183783.33593899998,2241.2601943780487,40.943652,178699.255514,19727.10203230905,76.50219809999999,62.76642449382717,8.779572985398172,0.4461775579343609,5,64,,True,True,,88,59.56268577710819
123,2026-09-21T07:58:45.303+00:00,2026-09-21T08:01:45.666+00:00,2026-09-21T08:01:47.954+00:00,True,37,37.0,,37.0,180363.32111199998,182651.29115999996,182651.29116499997,4936.521382837837,48.267802,180363.32111199998,29641.100219358745,77.9214042,63.554723555555555,8.602806675666104,0.20257179549630733,5,64,,True,True,,37,59.56268577710819
124,2026-09-21T07:58:45.610+00:00,2026-09-21T08:01:47.180+00:00,2026-09-21T08:01:51.880+00:00,True,74,74.0,,74.0,181569.943862,186269.779254,186269.779066,2517.1591765675676,43.887813,181569.943862,21099.594821803832,76.19960565,64.38130673972603,8.666783028110768,0.3972732468807654,5,64,,True,True,,74,59.56268577710819
125,2026-09-21T07:58:45.896+00:00,2026-09-21T08:01:48.836+00:00,2026-09-21T08:01:50.911+00:00,True,34,34.0,,34.0,182939.463981,185014.439469,185014.43933300002,5441.601156852941,49.637583,182939.463981,31363.07697349418,77.9677255,62.87804509090909,8.916587846104768,0.1837694403614203,5,64,,True,True,,136,59.56268577710819
126,2026-09-21T07:58:46.330+00:00,2026-09-21T08:01:51.056+00:00,2026-09-21T08:01:51.273+00:00,True,4,4.0,,4.0,184726.632106,184943.574186,184943.574158,46235.8935395,63.909624,184726.632106,92327.15923698593,157029.2078947,72.31402666666668,7.304878975498317,0.02162821832337441,5,64,,True,True,,16,59.56268577710819
127,2026-09-21T07:58:46.676+00:00,2026-09-21T08:01:52.584+00:00,2026-09-21T08:01:57.039+00:00,True,71,71.0,,71.0,185908.744554,190363.676778,190363.676684,2681.1785448450705,44.019031999999996,185908.744554,22055.75746258756,74.38859349999998,63.641888914285715,8.332828005326116,0.3729703124131155,5,64,,True,True,,81,59.56268577710819
128,2026-09-21T07:58:46.996+00:00,2026-09-21T08:01:54.233+00:00,2026-09-21T08:01:57.905+00:00,True,59,59.0,,59.0,187236.62933899998,190908.63855499998,190908.63848799997,3235.7396353898303,42.630332,187236.62933899998,24367.892268341777,75.5060908,63.31050372413793,9.247310924218693,0.3090483513295934,5,64,,True,True,,118,59.56268577710819
129,2026-09-21T07:58:47.282+00:00,2026-09-21T08:01:55.664+00:00,2026-09-21T08:01:56.335+00:00,True,12,12.0,,12.0,188382.001629,189053.076189,189053.076314,15754.423026166667,43.376943,188382.001629,54363.58956734556,84813.25860564999,61.00677818181818,11.126080512031447,0.06347423825044438,5,64,,True,True,,96,59.56268577710819
130,2026-09-21T07:58:47.666+00:00,2026-09-21T08:01:57.848+00:00,2026-09-21T08:01:58.349+00:00,True,9,9.0,,9.0,190181.86892500002,190682.622077,190682.62205300003,21186.95800588889,55.590523000000005,190181.86892500002,63373.09182354586,114137.1622886,62.594144,5.75789164176591,0.047198847498361375,5,64,,True,True,,19,59.56268577710819
131,2026-09-21T07:58:47.956+00:00,2026-09-21T08:01:59.094+00:00,2026-09-21T08:02:03.866+00:00,True,78,78.0,,78.0,191137.956583,195909.447911,195909.44774099998,2511.6595864230767,42.458182,191137.956583,21635.09712354941,76.0046585,61.96741984415584,8.614387407391048,0.3981431259784609,5,64,,True,True,,340,59.56268577710819
132,2026-09-21T07:58:48.221+00:00,2026-09-21T08:02:00.553+00:00,2026-09-21T08:02:04.615+00:00,True,67,67.0,,67.0,192331.669943,196393.64165499998,196393.64162299997,2931.2483824328356,44.992753,192331.669943,23489.535800911766,75.177993,61.54502593939394,8.383602713619581,0.3411515741313932,5,64,,True,True,,138,59.56268577710819
133,2026-09-21T07:58:48.485+00:00,2026-09-21T08:02:02.200+00:00,2026-09-21T08:02:03.415+00:00,True,21,21.0,,21.0,193714.42473600002,194929.610912,194929.610791,9282.362418619048,41.280021999999995,193714.42473600002,42258.695615924196,78.331214,60.7593088,10.789940063341973,0.10773119538765377,5,64,,True,True,,115,59.56268577710819
134,2026-09-21T07:58:48.854+00:00,2026-09-21T08:02:04.294+00:00,2026-09-21T08:02:07.904+00:00,True,58,58.0,,58.0,195440.71941,199050.66014599998,199050.660145,3431.9079335344827,50.273013,195440.71941,25654.30905400363,78.40052565,63.33229361403509,8.208847651435887,0.29138310798596734,5,64,,True,True,,348,59.56268577710819
135,2026-09-21T07:58:49.165+00:00,2026-09-21T08:02:05.843+00:00,2026-09-21T08:02:05.904+00:00,True,2,2.0,,2.0,196677.92121200002,196739.039932,196739.03994500003,98369.51997250001,61.118733,196677.92121200002,139029.0743281169,186847.08108805,61.11872,nan,0.010165750532742615,5,64,,True,True,,7,59.56268577710819
136,2026-09-21T07:58:49.525+00:00,2026-09-21T08:02:08.037+00:00,2026-09-21T08:02:09.134+00:00,True,18,18.0,,18.0,198512.027783,199609.385863,199609.385832,11089.410324,50.465503,198512.027783,46774.51969427405,29843.059639349998,64.55047529411765,8.47502811978205,0.09017612033711746,5,64,,True,True,,126,59.56268577710819
137,2026-09-21T07:58:49.775+00:00,2026-09-21T08:02:09.131+00:00,2026-09-21T08:02:14.702+00:00,True,90,90.0,,90.0,199356.696306,204927.20229,204927.202148,2276.9689127555557,43.463452,199356.696306,21007.44542649809,77.2298885,62.58995487640449,9.406727866575517,0.43918034792002725,5,64,,True,True,,275,59.56268577710819
138,2026-09-21T07:58:50.033+00:00,2026-09-21T08:02:10.637+00:00,2026-09-21T08:02:13.189+00:00,True,42,42.0,,42.0,200604.49747099998,203156.52486299997,203156.52498899997,4837.060118785714,44.056372,200604.49747099998,30944.342640279658,77.5833595,62.24457053658537,8.758489649779841,0.20673714530371592,5,64,,True,True,,89,59.56268577710819
139,2026-09-21T07:58:50.365+00:00,2026-09-21T08:02:12.576+00:00,2026-09-21T08:02:14.935+00:00,True,39,39.0,,39.0,202211.295882,204569.80493800002,204569.80486,5245.379611794872,42.529981,202211.295882,32369.784464811753,78.57188500000001,62.06602778947368,9.969382030102864,0.19064397119516208,5,64,,True,True,,80,59.56268577710819
140,2026-09-21T07:58:50.814+00:00,2026-09-21T08:02:15.123+00:00,2026-09-21T08:02:17.920+00:00,True,44,44.0,,44.0,204309.589113,207106.280569,207106.280544,4706.960921454545,47.457175,204309.589113,30791.02582950151,78.50913320000001,65.03933618604651,9.45021467567821,0.21245130702514287,5,64,,True,True,,288,59.56268577710819
141,2026-09-21T07:58:51.157+00:00,2026-09-21T08:02:16.984+00:00,2026-09-21T08:02:18.058+00:00,True,18,18.0,,18.0,205827.87255700002,206901.89956500003,206901.89946500002,11494.54997027778,50.504363,205827.87255700002,48499.20427521053,30938.462740450002,63.178059294117645,8.316631687784692,0.08699775129104188,5,64,,True,True,,165,59.56268577710819
142,2026-09-21T07:58:51.441+00:00,2026-09-21T08:02:18.542+00:00,2026-09-21T08:02:23.137+00:00,True,74,74.0,,74.0,207101.636722,211696.502386,211696.50242099998,2860.76354622973,43.187843,207101.636722,24067.761100295276,76.7613565,62.94336526027397,9.550721500191255,0.34955702699835345,5,64,,True,True,,148,59.56268577710819
143,2026-09-21T07:58:51.736+00:00,2026-09-21T08:02:20.175+00:00,2026-09-21T08:02:22.994+00:00,True,46,46.0,,46.0,208439.063269,211258.269157,211258.26913200002,4592.571068086957,43.353602,208439.063269,30723.427725097896,81.06209075,62.64901973333333,10.0009470346445,0.21774295597307178,5,64,,True,True,,414,59.56268577710819
144,2026-09-21T07:58:52.136+00:00,2026-09-21T08:02:22.236+00:00,2026-09-21T08:02:27.744+00:00,True,91,91.0,,91.0,210099.723,215608.1518,215608.151709,2369.3203484505493,43.587673,210099.723,22018.021473555138,76.64588400000001,61.20476444444445,9.656633502292859,0.42206196398553797,5,64,,True,True,,273,59.56268577710819
145,2026-09-21T07:58:52.391+00:00,2026-09-21T08:02:23.572+00:00,2026-09-21T08:02:29.100+00:00,True,91,91.0,,91.0,211181.549296,216709.53444800002,216709.53455,2381.4234565934066,44.085362,211181.549296,22131.40477684892,76.728165,61.422057244444446,9.380376838110418,0.4199169188923511,5,64,,True,True,,193,59.56268577710819
146,2026-09-21T07:58:52.751+00:00,2026-09-21T08:02:25.473+00:00,2026-09-21T08:02:30.120+00:00,True,76,76.0,,76.0,212721.516732,217368.34348399998,217368.34335799998,2860.1097810263154,43.515150999999996,212721.516732,24393.72594480368,78.52736275000001,61.95769002666666,8.736226723144789,0.3496369286431729,5,64,,True,True,,152,59.56268577710819
148,2026-09-21T07:58:53.695+00:00,2026-09-21T08:02:28.428+00:00,2026-09-21T08:02:31.379+00:00,True,48,48.0,,48.0,214732.98769100002,217684.17975500002,217684.179715,4535.087077395834,44.159613,214732.98769100002,30984.975427327627,80.30269165,62.79132051063829,9.78390437174745,0.22050293252372868,5,64,,True,True,,240,59.56268577710819
149,2026-09-21T07:58:53.824+00:00,2026-09-21T08:02:28.492+00:00,2026-09-21T08:02:29.494+00:00,True,17,17.0,,17.0,214668.19576899998,215670.75756099998,215670.757524,12686.515148470588,42.106571,214668.19576899998,52049.48866732795,42993.193900199985,62.660112,10.216221018881114,0.07882385258090331,5,64,,True,True,,17,59.56268577710819
147,2026-09-21T07:58:53.613+00:00,2026-09-21T08:02:29.500+00:00,2026-09-21T08:02:31.582+00:00,True,34,34.0,,34.0,215886.353577,217969.113001,217969.11289,6410.856261470588,40.323843000000004,215886.353577,37013.381449101376,79.31964699999999,63.11392193939394,9.598314698157179,0.15598540330732097,5,64,,True,True,,102,59.56268577710819
150,2026-09-21T07:58:54.008+00:00,2026-09-21T08:02:32.140+00:00,2026-09-21T08:02:36.669+00:00,True,71,71.0,,71.0,218131.90332800001,222660.988256,222660.988206,3136.0702564225353,44.282151,218131.90332800001,25879.818067140863,81.00679249999999,64.70121325714285,11.44538624285491,0.31887040723258253,5,64,,True,True,,428,59.56268577710819
151,2026-09-21T07:58:54.258+00:00,2026-09-21T08:02:33.247+00:00,2026-09-21T08:02:37.179+00:00,True,62,62.0,,62.0,218989.489231,222921.435215,222921.43535800002,3595.507021903226,41.529771999999994,218989.489231,27803.509012995124,79.27824845,64.45813088524591,11.303507617859514,0.27812489157986603,5,64,,True,True,,62,59.56268577710819
152,2026-09-21T07:58:54.673+00:00,2026-09-21T08:02:35.692+00:00,2026-09-21T08:02:39.795+00:00,True,66,66.0,,66.0,221019.359343,225122.076015,225122.076087,3410.940546772727,41.017371,221019.359343,27197.83477885153,76.475885,63.11871803076923,9.631836501163631,0.29317426868257196,5,64,,True,True,,136,59.56268577710819
153,2026-09-21T07:58:54.930+00:00,2026-09-21T08:02:36.846+00:00,2026-09-21T08:02:39.861+00:00,True,49,49.0,,49.0,221915.59720699998,224930.143639,224930.143652,4590.411094938775,44.038951000000004,221915.59720699998,31693.257605614035,78.145765,62.803050666666664,9.165170943101268,0.21784541283467188,5,64,,True,True,,196,59.56268577710819
154,2026-09-21T07:58:55.366+00:00,2026-09-21T08:02:38.740+00:00,2026-09-21T08:02:39.733+00:00,True,17,17.0,,17.0,223374.36149799998,224367.15074599997,224367.15079299998,13198.067693705882,49.918371,223374.36149799998,54161.19163275505,44734.054670000005,62.049328,6.991171116891934,0.07576866730925885,5,64,,True,True,,98,59.56268577710819
155,2026-09-21T07:58:55.783+00:00,2026-09-21T08:02:40.836+00:00,2026-09-21T08:02:44.476+00:00,True,58,58.0,,58.0,225053.29041800002,228692.95326600003,228692.95331600003,3942.9819537241383,43.148811,225053.29041800002,29542.562452614846,77.6989385,63.853734175438596,11.213083591924876,0.2536151602910928,5,64,,True,True,,161,59.56268577710819
156,2026-09-21T07:58:56.131+00:00,2026-09-21T08:02:42.756+00:00,2026-09-21T08:02:46.603+00:00,True,62,62.0,,62.0,226624.26636,230471.957624,230471.957497,3717.2896370483872,45.659931,226624.26636,28773.30146385067,78.0523644,63.076905967213115,9.76430679776918,0.26901320507351684,5,64,,True,True,,148,59.56268577710819
157,2026-09-21T07:58:56.570+00:00,2026-09-21T08:02:45.096+00:00,2026-09-21T08:02:49.460+00:00,True,70,70.0,,70.0,228525.680396,232889.783052,232889.782929,3326.9968989857143,44.982561000000004,228525.680396,27306.485026573373,75.95615345,63.247864579710146,9.039080854633559,0.3005713650579952,5,64,,True,True,,74,59.56268577710819
158,2026-09-21T07:58:57.004+00:00,2026-09-21T08:02:47.270+00:00,2026-09-21T08:02:47.887+00:00,True,11,11.0,,11.0,230266.078627,230882.909859,230882.909889,20989.355444454548,53.262132,230266.078627,69409.23703603174,115168.60289450001,61.683123200000004,5.836762968521903,0.04764319718041362,5,64,,True,True,,88,59.56268577710819
159,2026-09-21T07:58:57.460+00:00,2026-09-21T08:02:49.646+00:00,2026-09-21T08:02:54.784+00:00,True,83,83.0,,83.0,232186.210693,237324.342661,237324.342603,2859.329428951807,41.263861,232186.210693,25478.87152056176,77.7929991,62.66014595121951,9.551519402630802,0.34973234970067635,5,64,,True,True,,332,59.56268577710819
160,2026-09-21T07:58:57.818+00:00,2026-09-21T08:02:51.557+00:00,2026-09-21T08:02:52.662+00:00,True,19,19.0,,19.0,233739.08328299999,234844.42446699998,234844.424553,12360.232871210526,47.477441,233739.08328299999,53609.33606588999,23441.269523099996,61.40784355555555,8.701083943530431,0.08090462459614345,5,64,,True,True,,75,59.56268577710819
161,2026-09-21T07:58:58.137+00:00,2026-09-21T08:02:53.368+00:00,2026-09-21T08:02:56.811+00:00,True,57,57.0,,57.0,235231.85943399998,238674.08740199998,238674.08741399998,4187.264691473684,43.836353,235231.85943399998,31149.080733407267,77.401671,61.46835657142857,9.731069572439841,0.23881939015857476,5,64,,True,True,,176,59.56268577710819
162,2026-09-21T07:58:58.531+00:00,2026-09-21T08:02:55.466+00:00,2026-09-21T08:02:58.456+00:00,True,48,48.0,,48.0,236934.695556,239925.003396,239925.00344099998,4998.4375716875,43.555721,236934.695556,34189.39572782834,78.44682165,63.623571063829786,10.011200705902173,0.2000625167055859,5,64,,True,True,,240,59.56268577710819
163,2026-09-21T07:58:58.889+00:00,2026-09-21T08:02:57.505+00:00,2026-09-21T08:02:59.058+00:00,True,25,25.0,,25.0,238615.964191,240169.59619100002,240169.596305,9606.7838522,45.843191,238615.964191,47710.24660143141,77.537336,64.73466666666667,8.333709354084888,0.10409310918821804,5,64,,True,True,,51,59.56268577710819
164,2026-09-21T07:58:59.189+00:00,2026-09-21T08:02:59.059+00:00,2026-09-21T08:03:03.089+00:00,True,65,65.0,,65.0,239870.172853,243899.75723699998,243899.757174,3752.303956523077,47.535061999999996,239870.172853,29744.425101225104,77.27627899999999,62.962256,9.139254976250102,0.26650293028721145,5,64,,True,True,,260,59.56268577710819
165,2026-09-21T07:58:59.502+00:00,2026-09-21T08:03:00.361+00:00,2026-09-21T08:03:00.741+00:00,True,7,7.0,,7.0,240859.276386,241239.370338,241239.37018,34462.76716857143,49.949881,240859.276386,91012.3062512369,168623.77700610002,63.348992,9.815133297334356,0.02901682254514391,5,64,,True,True,,52,59.56268577710819
166,2026-09-21T07:58:59.923+00:00,2026-09-21T08:03:02.889+00:00,2026-09-21T08:03:03.632+00:00,True,13,13.0,,13.0,242966.02859099998,243708.48388699998,243708.483957,18746.806458230767,52.875772,242966.02859099998,67369.49223642242,97231.59498419998,61.871274666666665,7.418288837396071,0.053342418748243886,5,64,,True,True,,56,59.56268577710819
167,2026-09-21T07:59:00.335+00:00,2026-09-21T08:03:04.694+00:00,2026-09-21T08:03:10.995+00:00,True,99,99.0,,99.0,244358.347231,250659.335135,250659.335352,2531.91247830303,43.030391,244358.347231,24552.477922031067,77.8267469,64.29579493877551,9.832306650914155,0.39495836030475634,5,64,,True,True,,394,59.56268577710819
168,2026-09-21T07:59:00.739+00:00,2026-09-21T08:03:07.234+00:00,2026-09-21T08:03:11.159+00:00,True,63,63.0,,63.0,246495.055548,250420.185276,250420.185256,3974.9235754920637,43.400242,246495.055548,31047.48331499828,79.551632,63.308544,9.789936904982527,0.2515771639197723,5,64,,True,True,,315,59.56268577710819
170,2026-09-21T07:59:01.356+00:00,2026-09-21T08:03:09.213+00:00,2026-09-21T08:03:13.386+00:00,True,67,67.0,,67.0,247857.021514,252030.891338,252030.89127,3761.6550935820896,45.053352,247857.021514,30272.830116786983,76.83469529999999,63.24045187878787,9.822413321930972,0.2658404279106641,5,64,,True,True,,335,59.56268577710819
171,2026-09-21T07:59:01.726+00:00,2026-09-21T08:03:11.223+00:00,2026-09-21T08:03:14.886+00:00,True,58,58.0,,58.0,249496.882006,253160.17263,253160.172695,4364.830563706896,47.281701,249496.882006,32752.10813320044,79.3263457,64.2682565614035,9.602752752463296,0.22910396764805685,5,64,,True,True,,116,59.56268577710819
169,2026-09-21T07:59:01.021+00:00,2026-09-21T08:03:12.906+00:00,2026-09-21T08:03:14.156+00:00,True,20,20.0,,20.0,251884.54743799998,253135.07748599997,253135.077352,12656.753867599999,50.894161,251884.54743799998,56308.38047530739,12669.768695749997,65.81737094736842,8.653717630088607,0.07900920014179438,5,64,,True,True,,60,59.56268577710819
172,2026-09-21T07:59:02.151+00:00,2026-09-21T08:03:13.894+00:00,2026-09-21T08:03:19.282+00:00,True,87,87.0,,87.0,251742.797276,257131.046108,257131.046105,2955.5292655747126,43.707252,251742.797276,26982.945281775526,76.892397,62.65405618604651,9.492213769861605,0.3383488743069101,5,64,,True,True,,90,59.56268577710819
173,2026-09-21T07:59:02.431+00:00,2026-09-21T08:03:15.718+00:00,2026-09-21T08:03:18.869+00:00,True,52,52.0,,52.0,253287.105591,256438.032439,256438.032482,4931.500624653846,42.751701000000004,253287.105591,35116.03531592856,79.75365355,61.78287937254902,9.52590661510924,0.20277803376287198,5,64,,True,True,,118,59.56268577710819
174,2026-09-21T07:59:02.820+00:00,2026-09-21T08:03:17.938+00:00,2026-09-21T08:03:19.475+00:00,True,26,26.0,,26.0,255118.745868,256655.186444,256655.186472,9871.353325846154,46.816042,255118.745868,50020.85055112992,81.173011,61.45762304,9.907475787563333,0.10130323240388903,5,64,,True,True,,57,59.56268577710819
175,2026-09-21T07:59:03.204+00:00,2026-09-21T08:03:19.945+00:00,2026-09-21T08:03:21.484+00:00,True,25,25.0,,25.0,256741.55793799998,258280.04011399997,258280.04001199998,10331.201600479999,44.624421999999996,256741.55793799998,51335.49254251414,99.28915699999999,64.103424,13.250660130526853,0.09679416182901887,5,64,,True,True,,225,59.56268577710819
176,2026-09-21T07:59:03.455+00:00,2026-09-21T08:03:21.481+00:00,2026-09-21T08:03:26.639+00:00,True,82,82.0,,82.0,258025.50216600002,263184.223958,263184.22393700003,3209.563706548781,41.243601000000005,258025.50216600002,28487.118592728933,78.77116945,63.6879233580247,10.124247535381965,0.31156882721468093,5,64,,True,True,,83,59.56268577710819
177,2026-09-21T07:59:03.889+00:00,2026-09-21T08:03:23.414+00:00,2026-09-21T08:03:28.523+00:00,True,82,82.0,,82.0,259524.61709,264633.75501,264633.75505800004,3227.2409153414637,45.134031,259524.61709,28652.7354193409,75.85321499999999,63.075776790123456,9.186393020238018,0.309862209365171,5,64,,True,True,,82,59.56268577710819
178,2026-09-21T07:59:04.228+00:00,2026-09-21T08:03:25.108+00:00,2026-09-21T08:03:25.176+00:00,True,2,2.0,,2.0,260879.547354,260948.042458,260948.042456,130474.021228,68.495102,260879.547354,184421.26365578818,247838.99474140003,68.495104,nan,0.007664361001374068,5,64,,True,True,,11,59.56268577710819
179,2026-09-21T07:59:04.476+00:00,2026-09-21T08:03:26.559+00:00,2026-09-21T08:03:29.589+00:00,True,49,49.0,,49.0,262083.570218,265113.375274,265113.375265,5410.47704622449,43.778110999999996,262083.570218,37431.49397476278,75.81130660000001,63.12093866666667,9.66009384617791,0.18482658579318195,5,64,,True,True,,58,59.56268577710819
180,2026-09-21T07:59:05.575+00:00,2026-09-21T08:03:28.800+00:00,2026-09-21T08:03:34.936+00:00,True,98,98.0,,98.0,263224.533803,269360.993067,269360.993032,2748.5815615510205,43.721521,263224.533803,26583.30442240392,77.5543578,63.26246663917526,9.373553268121306,0.36382402249171913,5,64,,True,True,,231,59.56268577710819
181,2026-09-21T07:59:05.646+00:00,2026-09-21T08:03:28.970+00:00,2026-09-21T08:03:30.860+00:00,True,31,31.0,,31.0,263324.231352,265213.46476,265213.46473899996,8555.273056096774,45.158121,263324.231352,47283.11833184119,77.2552175,62.97444693333333,8.697842042273145,0.11688697641370838,5,64,,True,True,,79,59.56268577710819
182,2026-09-21T07:59:05.752+00:00,2026-09-21T08:03:31.432+00:00,2026-09-21T08:03:31.689+00:00,True,5,5.0,,5.0,265679.655821,265936.743565,265936.743546,53187.3487092,41.429631,265679.655821,118786.81181185246,212559.75731119997,64.271936,17.46018483947674,0.01880146358480886,5,64,,True,True,,25,59.56268577710819
183,2026-09-21T07:59:06.043+00:00,2026-09-21T08:03:34.930+00:00,2026-09-21T08:03:38.096+00:00,True,51,51.0,,51.0,268886.56374400004,272052.75152000005,272052.75151000003,5334.367676666668,48.582831,268886.56374400004,37642.78373885173,74.925956,63.323755520000006,7.989219749082298,0.1874636434112695,5,64,,True,True,,127,59.56268577710819
184,2026-09-21T07:59:06.333+00:00,2026-09-21T08:03:36.585+00:00,2026-09-21T08:03:41.279+00:00,True,74,74.0,,74.0,270251.466139,274945.670043,274945.670087,3715.482028202703,44.502190999999996,270251.466139,31408.621326607175,77.0833515,64.30416306849315,10.490994680990454,0.26914408213239654,5,64,,True,True,,296,59.56268577710819
185,2026-09-21T07:59:06.770+00:00,2026-09-21T08:03:38.879+00:00,2026-09-21T08:03:40.604+00:00,True,28,28.0,,28.0,272108.206421,273833.05019700003,273833.050187,9779.751792392857,49.561971,272108.206421,51411.545323563296,76.72288785,63.88310281481481,8.486206142357032,0.10225208381477816,5,64,,True,True,,92,59.56268577710819
186,2026-09-21T07:59:07.158+00:00,2026-09-21T08:03:40.708+00:00,2026-09-21T08:03:42.580+00:00,True,30,30.0,,30.0,273549.663939,275421.091267,275421.091308,9180.7030436,44.627781000000006,273549.663939,49931.32621874383,78.30246100000001,64.5319768275862,9.717621923687496,0.10892412001562095,5,64,,True,True,,130,59.56268577710819
187,2026-09-21T07:59:07.418+00:00,2026-09-21T08:03:42.171+00:00,2026-09-21T08:03:45.712+00:00,True,56,56.0,,56.0,274753.220901,278294.24848500005,278294.248657,4969.540154589286,44.094901,274753.220901,36706.84133433045,77.78217875,64.38231970909091,9.727153603445926,0.2012258618525434,5,64,,True,True,,446,59.56268577710819
188,2026-09-21T07:59:07.788+00:00,2026-09-21T08:03:44.170+00:00,2026-09-21T08:03:49.885+00:00,True,91,91.0,,91.0,276382.770207,282097.455135,282097.455046,3099.9720334725275,42.561191,276382.770207,28966.13195785146,78.35745700000001,63.4964992,9.328920209228869,0.32258355523431154,5,64,,True,True,,455,59.56268577710819
189,2026-09-21T07:59:08.209+00:00,2026-09-21T08:03:46.183+00:00,2026-09-21T08:03:46.713+00:00,True,10,10.0,,10.0,277974.469205,278504.15368499997,278504.15354599996,27850.415354599998,41.95545,277974.469205,87884.63453001218,152915.81030719998,58.85383111111111,8.129803150443873,0.035906107207687915,5,64,,True,True,,40,59.56268577710819
190,2026-09-21T07:59:08.616+00:00,2026-09-21T08:03:48.341+00:00,2026-09-21T08:03:51.495+00:00,True,50,50.0,,50.0,279724.738758,282878.987206,282878.987114,5657.579742280001,44.239401,279724.738758,39549.94956629709,80.93328445,64.37241730612246,10.135883777088916,0.17675402649680963,5,64,,True,True,,203,59.56268577710819
191,2026-09-21T07:59:08.966+00:00,2026-09-21T08:03:50.194+00:00,2026-09-21T08:03:52.061+00:00,True,30,30.0,,30.0,281228.04876,283094.57804,283094.57815899997,9436.485938633332,48.212641000000005,281228.04876,51333.231837382824,80.06545694999998,64.36307862068965,9.442325760712757,0.10597165162153382,5,64,,True,True,,120,59.56268577710819
192,2026-09-21T07:59:09.385+00:00,2026-09-21T08:03:52.399+00:00,2026-09-21T08:03:57.270+00:00,True,78,78.0,,78.0,283013.230473,287884.737929,287884.73795499996,3690.8299737820507,42.194001,283013.230473,32037.776064157053,77.0098535,63.26633059740259,9.679219611511877,0.2709417684352439,5,64,,True,True,,166,59.56268577710819
193,2026-09-21T07:59:09.674+00:00,2026-09-21T08:03:53.612+00:00,2026-09-21T08:03:55.265+00:00,True,27,27.0,,27.0,283937.36205800006,285590.97844200005,285590.97846300004,10577.44364677778,45.885691,283937.36205800006,54631.53190759385,80.143301,63.600630153846154,10.917980060323817,0.09454080148922968,5,64,,True,True,,108,59.56268577710819
196,2026-09-21T07:59:10.585+00:00,2026-09-21T08:03:56.303+00:00,2026-09-21T08:03:59.594+00:00,True,54,54.0,,54.0,285718.832769,289009.57273699995,289009.572839,5352.029126648147,44.09257100000001,285718.832769,38872.96008258397,77.46325,62.08943335849057,9.081374857427937,0.1868450220821587,5,64,,True,True,,57,59.56268577710819
197,2026-09-21T07:59:10.835+00:00,2026-09-21T08:03:57.691+00:00,2026-09-21T08:04:00.866+00:00,True,50,50.0,,50.0,286856.075392,290030.756224,290030.75628900004,5800.61512578,43.956981,286856.075392,40558.41368632247,77.65095105,64.78940473469387,9.391598942624402,0.1723955095348005,5,64,,True,True,,249,59.56268577710819
194,2026-09-21T07:59:09.992+00:00,2026-09-21T08:03:59.293+00:00,2026-09-21T08:04:01.306+00:00,True,32,32.0,,32.0,289301.647574,291314.424534,291314.424576,9103.575768,47.292171,289301.647574,51130.3119163022,75.5896385,64.92828903225806,7.433359878772306,0.1098469464778089,5,64,,True,True,,128,59.56268577710819
198,2026-09-21T07:59:11.120+00:00,2026-09-21T08:03:59.938+00:00,2026-09-21T08:04:01.303+00:00,True,22,22.0,,22.0,288817.85887,290182.794806,290182.794818,13190.127037181817,49.036221,288817.85887,61562.317500820325,77.826596,64.99694933333333,7.956913314875948,0.07581428118337605,5,64,,True,True,,91,59.56268577710819
195,2026-09-21T07:59:10.276+00:00,2026-09-21T08:04:02.132+00:00,2026-09-21T08:04:03.158+00:00,True,17,17.0,,17.0,291855.930904,292881.93666400004,292881.936745,17228.34922029412,40.060671,291855.930904,70769.90882876325,58433.53550240001,64.12536,11.604072857686017,0.05804386639078646,5,64,,True,True,,61,59.56268577710819
199,2026-09-21T07:59:11.415+00:00,2026-09-21T08:04:02.720+00:00,2026-09-21T08:04:08.482+00:00,True,93,93.0,,93.0,291305.511528,297067.10436,297067.104309,3194.2699388064516,45.450641000000005,291305.511528,30200.481741686825,76.23800099999998,62.626009043478255,9.146225384689307,0.31306058003412657,5,64,,True,True,,519,59.56268577710819
200,2026-09-21T07:59:11.691+00:00,2026-09-21T08:04:04.159+00:00,2026-09-21T08:04:08.087+00:00,True,64,64.0,,64.0,292468.165759,296395.421567,296395.421681,4631.178463765625,45.407961,292468.165759,36550.72981789655,78.50325484999999,62.33739377777778,9.72211691399811,0.2159277618447721,5,64,,True,True,,320,59.56268577710819
201,2026-09-21T07:59:11.972+00:00,2026-09-21T08:04:05.785+00:00,2026-09-21T08:04:11.995+00:00,True,100,100.0,,100.0,293812.27305699995,300023.05782499997,300023.05797699996,3000.2305797699996,44.254621,293812.27305699995,29374.955333810143,77.95477105,62.73519967676768,9.58575598921336,0.3333077154967498,5,64,,True,True,,378,59.56268577710819
202,2026-09-21T07:59:12.313+00:00,2026-09-21T08:04:07.524+00:00,2026-09-21T08:04:08.926+00:00,True,23,23.0,,23.0,295210.104733,296612.50908499997,296612.509093,12896.196047521738,50.329831,295210.104733,61542.27076561874,78.2483289,63.74565236363637,9.090849357246169,0.07754224550728207,5,64,,True,True,,218,59.56268577710819
203,2026-09-21T07:59:12.682+00:00,2026-09-21T08:04:09.483+00:00,2026-09-21T08:04:12.703+00:00,False,54,53.0,,53.0,296800.480212,300020.43490000005,300020.434879,5555.933979240741,0.02435,296800.480212,40381.164098647845,77.405497,60.75386203773585,13.14844231584197,0.17665463360075942,5,64,,True,False,Request timeout: 300.0s exceeded,210,59.56268577710819
204,2026-09-21T07:59:12.973+00:00,2026-09-21T08:04:11.208+00:00,2026-09-21T08:04:13.027+00:00,False,32,31.0,,31.0,298235.584133,300053.85434099997,300053.85434099997,9376.682948156249,0.03687,298235.584133,52710.73419035799,79.96296855,58.65387767741936,14.181276922994668,0.10331478683413164,5,64,,True,False,Request timeout: 300.0s exceeded,31,59.56268577710819
205,2026-09-21T07:59:13.396+00:00,2026-09-21T08:04:13.385+00:00,2026-09-21T08:04:13.460+00:00,False,3,2.0,,2.0,299989.403391,300064.076287,300064.076253,100021.358751,0.05154,299989.403391,173177.4106170371,269997.9251841,37.336448,52.72894135937235,0.006665243053243986,5,64,,True,False,Request timeout: 300.0s exceeded,6,59.56268577710819
206,2026-09-21T07:59:13.710+00:00,2026-09-21T08:04:13.820+00:00,2026-09-21T08:04:13.820+00:00,False,1,0.0,,0.0,300110.506902,300110.506902,300110.506902,300110.506902,300110.506902,300110.506902,nan,300110.506902,nan,nan,0.0,5,64,,True,False,"HTTPConnectionPool(host='gpu06', port=9004): Read timed out.",0,59.56268577710819
207,2026-09-21T07:59:14.111+00:00,2026-09-21T08:04:14.221+00:00,2026-09-21T08:04:14.221+00:00,False,1,0.0,,0.0,300109.702236,300109.702236,300109.702236,300109.702236,300109.702236,300109.702236,nan,300109.702236,nan,nan,0.0,5,64,,True,False,"HTTPConnectionPool(host='gpu06', port=9004): Read timed out.",0,59.56268577710819
208,2026-09-21T07:59:14.542+00:00,2026-09-21T08:04:14.651+00:00,2026-09-21T08:04:14.651+00:00,False,1,0.0,,0.0,300109.025027,300109.025027,300109.025027,300109.025027,300109.025027,300109.025027,nan,300109.025027,nan,nan,0.0,5,64,,True,False,"HTTPConnectionPool(host='gpu06', port=9004): Read timed out.",0,59.56268577710819
209,2026-09-21T07:59:14.820+00:00,2026-09-21T08:04:14.928+00:00,2026-09-21T08:04:14.928+00:00,False,1,0.0,,0.0,300107.876467,300107.876467,300107.876467,300107.876467,300107.876467,300107.876467,nan,300107.876467,nan,nan,0.0,5,64,,True,False,"HTTPConnectionPool(host='gpu06', port=9004): Read timed out.",0,59.56268577710819
210,2026-09-21T07:59:15.090+00:00,2026-09-21T08:04:15.181+00:00,2026-09-21T08:04:15.181+00:00,False,1,0.0,,0.0,300091.62635000004,300091.62635000004,300091.62635000004,300091.62635000004,300091.62635000004,300091.62635000004,nan,300091.62635000004,nan,nan,0.0,5,64,,True,False,TTFT timeout: 300.0s exceeded (TTFT: 300.084s),0,59.56268577710819
211,2026-09-21T07:59:15.474+00:00,2026-09-21T08:04:15.488+00:00,2026-09-21T08:04:15.488+00:00,False,1,0.0,,0.0,300014.438402,300014.438402,300014.438402,300014.438402,300014.438402,300014.438402,nan,300014.438402,nan,nan,0.0,5,64,,True,False,TTFT timeout: 300.0s exceeded (TTFT: 300.010s),0,59.56268577710819
212,2026-09-21T07:59:15.931+00:00,2026-09-21T08:04:15.997+00:00,2026-09-21T08:04:15.997+00:00,False,1,0.0,,0.0,300066.206543,300066.206543,300066.206543,300066.206543,300066.206543,300066.206543,nan,300066.206543,nan,nan,0.0,5,64,,True,False,"HTTPConnectionPool(host='gpu06', port=9004): Read timed out.",0,59.56268577710819
213,2026-09-21T07:59:16.179+00:00,2026-09-21T08:04:16.226+00:00,2026-09-21T08:04:16.226+00:00,False,1,0.0,,0.0,300046.990226,300046.990226,300046.990226,300046.990226,300046.990226,300046.990226,nan,300046.990226,nan,nan,0.0,5,64,,True,False,"HTTPConnectionPool(host='gpu06', port=9004): Read timed out.",0,59.56268577710819
214,2026-09-21T07:59:16.515+00:00,2026-09-21T08:04:16.630+00:00,2026-09-21T08:04:16.630+00:00,False,1,0.0,,0.0,300115.07754400006,300115.07754400006,300115.07754400006,300115.07754400006,300115.07754400006,300115.07754400006,nan,300115.07754400006,nan,nan,0.0,5,64,,True,False,"HTTPConnectionPool(host='gpu06', port=9004): Read timed out.",0,59.56268577710819
215,2026-09-21T07:59:16.943+00:00,2026-09-21T08:04:17.019+00:00,2026-09-21T08:04:17.019+00:00,False,1,0.0,,0.0,300076.265795,300076.265795,300076.265795,300076.265795,300076.265795,300076.265795,nan,300076.265795,nan,nan,0.0,5,64,,True,False,"HTTPConnectionPool(host='gpu06', port=9004): Read timed out.",0,59.56268577710819
216,2026-09-21T07:59:17.348+00:00,2026-09-21T08:04:17.343+00:00,2026-09-21T08:04:17.549+00:00,False,3,2.0,,2.0,299994.966366,300200.76323,300200.7633,100066.9211,0.0261,299994.966366,173142.79669000587,270016.0468128,102.898432,145.483430136785,0.006662208245179217,5,64,,True,False,Request timeout: 300.0s exceeded,2,59.56268577710819
217,2026-09-21T07:59:17.645+00:00,2026-09-21T08:04:17.752+00:00,2026-09-21T08:04:17.752+00:00,False,1,0.0,,0.0,300107.224248,300107.224248,300107.224248,300107.224248,300107.224248,300107.224248,nan,300107.224248,nan,nan,0.0,5,64,,True,False,"HTTPConnectionPool(host='gpu06', port=9004): Read timed out.",0,59.56268577710819
218,2026-09-21T07:59:17.896+00:00,2026-09-21T08:04:17.918+00:00,2026-09-21T08:04:17.918+00:00,False,1,0.0,,0.0,300022.07488,300022.07488,300022.07488,300022.07488,300022.07488,300022.07488,nan,300022.07488,nan,nan,0.0,5,64,,True,False,TTFT timeout: 300.0s exceeded (TTFT: 300.015s),0,59.56268577710819
219,2026-09-21T07:59:19.448+00:00,2026-09-21T08:04:18.820+00:00,2026-09-21T08:04:19.638+00:00,False,13,12.0,,12.0,299372.52506300004,300190.468103,300190.46799000003,23091.574460769232,0.03125,299372.52506300004,83012.10039727554,119818.39946900003,68.16192,32.720947116075855,0.03997462036630228,5,64,,True,False,Request timeout: 300.0s exceeded,55,59.56268577710819
220,2026-09-21T07:59:19.624+00:00,2026-09-21T08:04:18.996+00:00,2026-09-21T08:04:19.978+00:00,False,17,16.0,,16.0,299371.729621,300353.212885,300353.212921,17667.83605417647,0.03306,299371.729621,72593.43640468906,59967.909557800005,61.342704,26.79026814951851,0.053270613776074775,5,64,,True,False,Request timeout: 300.0s exceeded,39,59.56268577710819
221,2026-09-21T07:59:19.741+00:00,2026-09-21T08:04:19.360+00:00,2026-09-21T08:04:19.859+00:00,False,11,10.0,,10.0,299618.547128,300118.185912,300118.185919,27283.47144718182,0.02379,299618.547128,90323.32851959823,149846.76668,49.9638784,20.970610363327875,0.033320206736596025,5,64,,True,False,Request timeout: 300.0s exceeded,45,59.56268577710819
222,2026-09-21T07:59:19.887+00:00,2026-09-21T08:04:20.401+00:00,2026-09-21T08:04:20.401+00:00,False,1,0.0,,0.0,300513.72014700004,300513.72014700004,300513.72014700004,300513.72014700004,300513.72014700004,300513.72014700004,nan,300513.72014700004,nan,nan,0.0,5,64,,True,False,"HTTPConnectionPool(host='gpu06', port=9004): Read timed out.",0,59.56268577710819
223,2026-09-21T07:59:19.998+00:00,2026-09-21T08:04:20.861+00:00,2026-09-21T08:04:21.361+00:00,False,7,6.0,,6.0,300863.267107,301363.427363,301363.427437,43051.918205285714,0.0297,300863.267107,113684.13148441217,210656.81590209997,83.36004266666667,58.22123829351978,0.019909516070020155,5,64,,True,False,Request timeout: 300.0s exceeded,22,59.56268577710819
224,2026-09-21T07:59:20.046+00:00,2026-09-21T08:04:21.311+00:00,2026-09-21T08:04:21.402+00:00,False,4,3.0,,3.0,301265.430392,301356.34725600004,301356.347134,75339.0867835,0.04229,301265.430392,150617.56393839518,256082.78851234997,30.30562133333333,26.31675866186118,0.009954991913448969,5,64,,True,False,Request timeout: 300.0s exceeded,6,59.56268577710819
225,2026-09-21T07:59:20.393+00:00,2026-09-21T08:04:21.568+00:00,2026-09-21T08:04:21.568+00:00,False,1,0.0,,0.0,301174.627996,301174.627996,301174.627996,301174.627996,301174.627996,301174.627996,nan,301174.627996,nan,nan,0.0,5,64,,True,False,"HTTPConnectionPool(host='gpu06', port=9004): Read timed out.",0,59.56268577710819
228,2026-09-21T07:59:21.637+00:00,2026-09-21T08:04:21.897+00:00,2026-09-21T08:04:21.897+00:00,False,1,0.0,,0.0,300260.172094,300260.172094,300260.172094,300260.172094,300260.172094,300260.172094,nan,300260.172094,nan,nan,0.0,5,64,,True,False,"HTTPConnectionPool(host='gpu06', port=9004): Read timed out.",0,59.56268577710819
230,2026-09-21T07:59:22.443+00:00,2026-09-21T08:04:23.292+00:00,2026-09-21T08:04:23.292+00:00,False,1,0.0,,0.0,300849.010333,300849.010333,300849.010333,300849.010333,300849.010333,300849.010333,nan,300849.010333,nan,nan,0.0,5,64,,True,False,"HTTPConnectionPool(host='gpu06', port=9004): Read timed out.",0,59.56268577710819
232,2026-09-21T07:59:23.107+00:00,2026-09-21T08:04:23.294+00:00,2026-09-21T08:04:23.294+00:00,False,1,0.0,,0.0,300187.236835,300187.236835,300187.236835,300187.236835,300187.236835,300187.236835,nan,300187.236835,nan,nan,0.0,5,64,,True,False,"HTTPConnectionPool(host='gpu06', port=9004): Read timed out.",0,59.56268577710819
231,2026-09-21T07:59:22.710+00:00,2026-09-21T08:04:23.295+00:00,2026-09-21T08:04:23.295+00:00,False,1,0.0,,0.0,300585.14391000004,300585.14391000004,300585.14391000004,300585.14391000004,300585.14391000004,300585.14391000004,nan,300585.14391000004,nan,nan,0.0,5,64,,True,False,"HTTPConnectionPool(host='gpu06', port=9004): Read timed out.",0,59.56268577710819
226,2026-09-21T07:59:20.840+00:00,2026-09-21T08:04:23.315+00:00,2026-09-21T08:04:23.315+00:00,False,1,0.0,,0.0,302475.099894,302475.099894,302475.099894,302475.099894,302475.099894,302475.099894,nan,302475.099894,nan,nan,0.0,5,64,,True,False,"HTTPConnectionPool(host='gpu06', port=9004): Read timed out.",0,59.56268577710819
229,2026-09-21T07:59:22.027+00:00,2026-09-21T08:04:23.315+00:00,2026-09-21T08:04:23.315+00:00,False,1,0.0,,0.0,301288.23913,301288.23913,301288.23913,301288.23913,301288.23913,301288.23913,nan,301288.23913,nan,nan,0.0,5,64,,True,False,"HTTPConnectionPool(host='gpu06', port=9004): Read timed out.",0,59.56268577710819
227,2026-09-21T07:59:21.189+00:00,2026-09-21T08:04:23.319+00:00,2026-09-21T08:04:23.319+00:00,False,1,0.0,,0.0,302130.607553,302130.607553,302130.607553,302130.607553,302130.607553,302130.607553,nan,302130.607553,nan,nan,0.0,5,64,,True,False,"HTTPConnectionPool(host='gpu06', port=9004): Read timed out.",0,59.56268577710819
233,2026-09-21T07:59:23.492+00:00,2026-09-21T08:04:23.511+00:00,2026-09-21T08:04:23.511+00:00,False,1,0.0,,0.0,300019.211125,300019.211125,300019.211125,300019.211125,300019.211125,300019.211125,nan,300019.211125,nan,nan,0.0,5,64,,True,False,"HTTPConnectionPool(host='gpu06', port=9004): Read timed out.",0,59.56268577710819
234,2026-09-21T07:59:23.882+00:00,2026-09-21T08:04:23.969+00:00,2026-09-21T08:04:23.969+00:00,False,1,0.0,,0.0,300087.17156,300087.17156,300087.17156,300087.17156,300087.17156,300087.17156,nan,300087.17156,nan,nan,0.0,5,64,,True,False,"HTTPConnectionPool(host='gpu06', port=9004): Read timed out.",0,59.56268577710819
235,2026-09-21T07:59:24.175+00:00,2026-09-21T08:04:24.282+00:00,2026-09-21T08:04:24.282+00:00,False,1,0.0,,0.0,300107.515331,300107.515331,300107.515331,300107.515331,300107.515331,300107.515331,nan,300107.515331,nan,nan,0.0,5,64,,True,False,"HTTPConnectionPool(host='gpu06', port=9004): Read timed out.",0,59.56268577710819
236,2026-09-21T07:59:24.453+00:00,2026-09-21T08:04:24.554+00:00,2026-09-21T08:04:24.554+00:00,False,1,0.0,,0.0,300101.11075199995,300101.11075199995,300101.11075199995,300101.11075199995,300101.11075199995,300101.11075199995,nan,300101.11075199995,nan,nan,0.0,5,64,,True,False,"HTTPConnectionPool(host='gpu06', port=9004): Read timed out.",0,59.56268577710819
237,2026-09-21T07:59:24.771+00:00,2026-09-21T08:04:24.807+00:00,2026-09-21T08:04:24.807+00:00,False,1,0.0,,0.0,300036.02626899997,300036.02626899997,300036.02626899997,300036.02626899997,300036.02626899997,300036.02626899997,nan,300036.02626899997,nan,nan,0.0,5,64,,True,False,"HTTPConnectionPool(host='gpu06', port=9004): Read timed out.",0,59.56268577710819
238,2026-09-21T07:59:25.209+00:00,2026-09-21T08:04:25.321+00:00,2026-09-21T08:04:25.321+00:00,False,1,0.0,,0.0,300111.759102,300111.759102,300111.759102,300111.759102,300111.759102,300111.759102,nan,300111.759102,nan,nan,0.0,5,64,,True,False,"HTTPConnectionPool(host='gpu06', port=9004): Read timed out.",0,59.56268577710819
239,2026-09-21T07:59:25.473+00:00,2026-09-21T08:04:25.530+00:00,2026-09-21T08:04:25.530+00:00,False,1,0.0,,0.0,300056.67829199997,300056.67829199997,300056.67829199997,300056.67829199997,300056.67829199997,300056.67829199997,nan,300056.67829199997,nan,nan,0.0,5,64,,True,False,TTFT timeout: 300.0s exceeded (TTFT: 300.051s),0,59.56268577710819
240,2026-09-21T07:59:25.721+00:00,2026-09-21T08:04:25.639+00:00,2026-09-21T08:04:25.788+00:00,False,4,3.0,,3.0,299917.82649400004,300066.239934,300066.23987700004,75016.55996925001,0.02249,299917.82649400004,149934.1817908385,254941.83836305,49.47114666666666,42.984183828872744,0.009997792489617807,5,64,,True,False,Request timeout: 300.0s exceeded,18,59.56268577710819
241,2026-09-21T07:59:26.049+00:00,2026-09-21T08:04:26.152+00:00,2026-09-21T08:04:26.152+00:00,False,1,0.0,,0.0,300103.71552499995,300103.71552499995,300103.71552499995,300103.71552499995,300103.71552499995,300103.71552499995,nan,300103.71552499995,nan,nan,0.0,5,64,,True,False,"HTTPConnectionPool(host='gpu06', port=9004): Read timed out.",0,59.56268577710819
242,2026-09-21T07:59:26.314+00:00,2026-09-21T08:04:26.347+00:00,2026-09-21T08:04:26.347+00:00,False,1,0.0,,0.0,300033.15777600004,300033.15777600004,300033.15777600004,300033.15777600004,300033.15777600004,300033.15777600004,nan,300033.15777600004,nan,nan,0.0,5,64,,True,False,"HTTPConnectionPool(host='gpu06', port=9004): Read timed out.",0,59.56268577710819
243,2026-09-21T07:59:26.641+00:00,2026-09-21T08:04:26.745+00:00,2026-09-21T08:04:26.745+00:00,False,1,0.0,,0.0,300104.174416,300104.174416,300104.174416,300104.174416,300104.174416,300104.174416,nan,300104.174416,nan,nan,0.0,5,64,,True,False,"HTTPConnectionPool(host='gpu06', port=9004): Read timed out.",0,59.56268577710819
244,2026-09-21T07:59:27.062+00:00,2026-09-21T08:04:27.085+00:00,2026-09-21T08:04:27.085+00:00,False,1,0.0,,0.0,300023.325116,300023.325116,300023.325116,300023.325116,300023.325116,300023.325116,nan,300023.325116,nan,nan,0.0,5,64,,True,False,TTFT timeout: 300.0s exceeded (TTFT: 300.008s),0,59.56268577710819
245,2026-09-21T07:59:27.488+00:00,2026-09-21T08:04:27.517+00:00,2026-09-21T08:04:27.517+00:00,False,1,0.0,,0.0,300028.51745700004,300028.51745700004,300028.51745700004,300028.51745700004,300028.51745700004,300028.51745700004,nan,300028.51745700004,nan,nan,0.0,5,64,,True,False,TTFT timeout: 300.0s exceeded (TTFT: 300.023s),0,59.56268577710819
246,2026-09-21T07:59:27.934+00:00,2026-09-21T08:04:28.044+00:00,2026-09-21T08:04:28.044+00:00,False,1,0.0,,0.0,300110.471079,300110.471079,300110.471079,300110.471079,300110.471079,300110.471079,nan,300110.471079,nan,nan,0.0,5,64,,True,False,"HTTPConnectionPool(host='gpu06', port=9004): Read timed out.",0,59.56268577710819
247,2026-09-21T07:59:28.269+00:00,2026-09-21T08:04:28.325+00:00,2026-09-21T08:04:28.325+00:00,False,1,0.0,,0.0,300056.587056,300056.587056,300056.587056,300056.587056,300056.587056,300056.587056,nan,300056.587056,nan,nan,0.0,5,64,,True,False,"HTTPConnectionPool(host='gpu06', port=9004): Read timed out.",0,59.56268577710819
248,2026-09-21T07:59:28.723+00:00,2026-09-21T08:04:28.784+00:00,2026-09-21T08:04:28.784+00:00,False,1,0.0,,0.0,300061.116495,300061.116495,300061.116495,300061.116495,300061.116495,300061.116495,nan,300061.116495,nan,nan,0.0,5,64,,True,False,"HTTPConnectionPool(host='gpu06', port=9004): Read timed out.",0,59.56268577710819
249,2026-09-21T07:59:29.177+00:00,2026-09-21T08:04:29.265+00:00,2026-09-21T08:04:29.265+00:00,False,1,0.0,,0.0,300087.85182499996,300087.85182499996,300087.85182499996,300087.85182499996,300087.85182499996,300087.85182499996,nan,300087.85182499996,nan,nan,0.0,5,64,,True,False,TTFT timeout: 300.0s exceeded (TTFT: 300.081s),0,59.56268577710819
250,2026-09-21T07:59:29.615+00:00,2026-09-21T08:04:29.605+00:00,2026-09-21T08:04:29.649+00:00,False,3,2.0,,2.0,299989.835894,300034.57087,300034.570895,100011.52363166667,0.03057,299989.835894,173186.30006558527,269995.32274770003,22.367488,31.58896024518135,0.006665898513630174,5,64,,True,False,Request timeout: 300.0s exceeded,8,59.56268577710819
251,2026-09-21T07:59:29.996+00:00,2026-09-21T08:04:30.106+00:00,2026-09-21T08:04:30.106+00:00,False,1,0.0,,0.0,300109.685091,300109.685091,300109.685091,300109.685091,300109.685091,300109.685091,nan,300109.685091,nan,nan,0.0,5,64,,True,False,"HTTPConnectionPool(host='gpu06', port=9004): Read timed out.",0,59.56268577710819
252,2026-09-21T07:59:30.339+00:00,2026-09-21T08:04:30.417+00:00,2026-09-21T08:04:30.417+00:00,False,1,0.0,,0.0,300078.047567,300078.047567,300078.047567,300078.047567,300078.047567,300078.047567,nan,300078.047567,nan,nan,0.0,5,64,,True,False,"HTTPConnectionPool(host='gpu06', port=9004): Read timed out.",0,59.56268577710819
253,2026-09-21T07:59:30.604+00:00,2026-09-21T08:04:30.721+00:00,2026-09-21T08:04:30.721+00:00,False,1,0.0,,0.0,300116.81294,300116.81294,300116.81294,300116.81294,300116.81294,300116.81294,nan,300116.81294,nan,nan,0.0,5,64,,True,False,"HTTPConnectionPool(host='gpu06', port=9004): Read timed out.",0,59.56268577710819
254,2026-09-21T07:59:30.920+00:00,2026-09-21T08:04:31.025+00:00,2026-09-21T08:04:31.025+00:00,False,1,0.0,,0.0,300105.194878,300105.194878,300105.194878,300105.194878,300105.194878,300105.194878,nan,300105.194878,nan,nan,0.0,5,64,,True,False,"HTTPConnectionPool(host='gpu06', port=9004): Read timed out.",0,59.56268577710819
255,2026-09-21T07:59:31.250+00:00,2026-09-21T08:04:31.374+00:00,2026-09-21T08:04:31.374+00:00,False,1,0.0,,0.0,300124.241907,300124.241907,300124.241907,300124.241907,300124.241907,300124.241907,nan,300124.241907,nan,nan,0.0,5,64,,True,False,"HTTPConnectionPool(host='gpu06', port=9004): Read timed out.",0,59.56268577710819
256,2026-09-21T07:59:31.618+00:00,2026-09-21T08:04:31.692+00:00,2026-09-21T08:04:32.911+00:00,False,21,20.0,,20.0,300073.658041,301293.262009,301293.261987,14347.298189857143,0.039299999999999995,300073.658041,65468.14159566227,185.202534,60.9801984,33.19035254400829,0.06638050869986789,5,64,,True,False,Request timeout: 300.0s exceeded,80,59.56268577710819
257,2026-09-21T07:59:32.028+00:00,2026-09-21T08:04:32.073+00:00,2026-09-21T08:04:32.612+00:00,True,11,11.0,,11.0,300045.020013,300584.505709,300584.505795,27325.864163181817,43.397301,300045.020013,90450.71180966221,150059.5067125,53.9485696,10.025286344714317,0.03659536599883579,5,64,,True,True,,55,59.56268577710819
260,2026-09-21T07:59:32.947+00:00,2026-09-21T08:04:33.101+00:00,2026-09-21T08:04:33.101+00:00,False,1,0.0,,0.0,300154.82568400004,300154.82568400004,300154.82568400004,300154.82568400004,300154.82568400004,300154.82568400004,nan,300154.82568400004,nan,nan,0.0,5,64,,True,False,"HTTPConnectionPool(host='gpu06', port=9004): Read timed out.",0,59.56268577710819
261,2026-09-21T07:59:33.227+00:00,2026-09-21T08:04:33.264+00:00,2026-09-21T08:04:33.264+00:00,False,1,0.0,,0.0,300037.176232,300037.176232,300037.176232,300037.176232,300037.176232,300037.176232,nan,300037.176232,nan,nan,0.0,5,64,,True,False,"HTTPConnectionPool(host='gpu06', port=9004): Read timed out.",0,59.56268577710819
258,2026-09-21T07:59:32.310+00:00,2026-09-21T08:04:33.431+00:00,2026-09-21T08:04:33.431+00:00,False,1,0.0,,0.0,301121.126977,301121.126977,301121.126977,301121.126977,301121.126977,301121.126977,nan,301121.126977,nan,nan,0.0,5,64,,True,False,"HTTPConnectionPool(host='gpu06', port=9004): Read timed out.",0,59.56268577710819
259,2026-09-21T07:59:32.645+00:00,2026-09-21T08:04:33.917+00:00,2026-09-21T08:04:34.980+00:00,False,17,16.0,,16.0,301272.36730800004,302335.36506800004,302335.36514000007,17784.433243529413,0.03673,301272.36730800004,73053.18208530269,60430.34232160001,66.43736,46.04126843114268,0.05292136431476134,5,64,,True,False,Request timeout: 300.0s exceeded,64,59.56268577710819
264,2026-09-21T07:59:35.320+00:00,2026-09-21T08:04:35.465+00:00,2026-09-21T08:04:35.465+00:00,False,1,0.0,,0.0,300144.763154,300144.763154,300144.763154,300144.763154,300144.763154,300144.763154,nan,300144.763154,nan,nan,0.0,5,64,,True,False,"HTTPConnectionPool(host='gpu06', port=9004): Read timed out.",0,59.56268577710819
263,2026-09-21T07:59:35.224+00:00,2026-09-21T08:04:35.762+00:00,2026-09-21T08:04:35.762+00:00,False,1,0.0,,0.0,300538.186229,300538.186229,300538.186229,300538.186229,300538.186229,300538.186229,nan,300538.186229,nan,nan,0.0,5,64,,True,False,"HTTPConnectionPool(host='gpu06', port=9004): Read timed out.",0,59.56268577710819
266,2026-09-21T07:59:35.331+00:00,2026-09-21T08:04:35.813+00:00,2026-09-21T08:04:35.813+00:00,False,1,0.0,,0.0,300482.59496899997,300482.59496899997,300482.59496899997,300482.59496899997,300482.59496899997,300482.59496899997,nan,300482.59496899997,nan,nan,0.0,5,64,,True,False,"HTTPConnectionPool(host='gpu06', port=9004): Read timed out.",0,59.56268577710819
262,2026-09-21T07:59:34.866+00:00,2026-09-21T08:04:35.826+00:00,2026-09-21T08:04:35.826+00:00,False,1,0.0,,0.0,300959.605449,300959.605449,300959.605449,300959.605449,300959.605449,300959.605449,nan,300959.605449,nan,nan,0.0,5,64,,True,False,"HTTPConnectionPool(host='gpu06', port=9004): Read timed out.",0,59.56268577710819
265,2026-09-21T07:59:35.321+00:00,2026-09-21T08:04:35.893+00:00,2026-09-21T08:04:35.893+00:00,False,1,0.0,,0.0,300572.370085,300572.370085,300572.370085,300572.370085,300572.370085,300572.370085,nan,300572.370085,nan,nan,0.0,5,64,,True,False,"HTTPConnectionPool(host='gpu06', port=9004): Read timed out.",0,59.56268577710819
268,2026-09-21T07:59:35.855+00:00,2026-09-21T08:04:36.062+00:00,2026-09-21T08:04:36.062+00:00,False,1,0.0,,0.0,300207.236447,300207.236447,300207.236447,300207.236447,300207.236447,300207.236447,nan,300207.236447,nan,nan,0.0,5,64,,True,False,"HTTPConnectionPool(host='gpu06', port=9004): Read timed out.",0,59.56268577710819
267,2026-09-21T07:59:35.455+00:00,2026-09-21T08:04:36.185+00:00,2026-09-21T08:04:36.185+00:00,False,1,0.0,,0.0,300730.04743599996,300730.04743599996,300730.04743599996,300730.04743599996,300730.04743599996,300730.04743599996,nan,300730.04743599996,nan,nan,0.0,5,64,,True,False,"HTTPConnectionPool(host='gpu06', port=9004): Read timed out.",0,59.56268577710819
269,2026-09-21T07:59:36.230+00:00,2026-09-21T08:04:36.339+00:00,2026-09-21T08:04:36.339+00:00,False,1,0.0,,0.0,300108.669277,300108.669277,300108.669277,300108.669277,300108.669277,300108.669277,nan,300108.669277,nan,nan,0.0,5,64,,True,False,"HTTPConnectionPool(host='gpu06', port=9004): Read timed out.",0,59.56268577710819
270,2026-09-21T07:59:36.543+00:00,2026-09-21T08:04:36.652+00:00,2026-09-21T08:04:36.652+00:00,False,1,0.0,,0.0,300108.956681,300108.956681,300108.956681,300108.956681,300108.956681,300108.956681,nan,300108.956681,nan,nan,0.0,5,64,,True,False,"HTTPConnectionPool(host='gpu06', port=9004): Read timed out.",0,59.56268577710819
271,2026-09-21T07:59:36.827+00:00,2026-09-21T08:04:36.928+00:00,2026-09-21T08:04:36.928+00:00,False,1,0.0,,0.0,300101.461949,300101.461949,300101.461949,300101.461949,300101.461949,300101.461949,nan,300101.461949,nan,nan,0.0,5,64,,True,False,"HTTPConnectionPool(host='gpu06', port=9004): Read timed out.",0,59.56268577710819
272,2026-09-21T07:59:37.272+00:00,2026-09-21T08:04:37.376+00:00,2026-09-21T08:04:37.376+00:00,False,1,0.0,,0.0,300104.507323,300104.507323,300104.507323,300104.507323,300104.507323,300104.507323,nan,300104.507323,nan,nan,0.0,5,64,,True,False,"HTTPConnectionPool(host='gpu06', port=9004): Read timed out.",0,59.56268577710819
273,2026-09-21T07:59:37.527+00:00,2026-09-21T08:04:37.634+00:00,2026-09-21T08:04:37.634+00:00,False,1,0.0,,0.0,300106.812894,300106.812894,300106.812894,300106.812894,300106.812894,300106.812894,nan,300106.812894,nan,nan,0.0,5,64,,True,False,"HTTPConnectionPool(host='gpu06', port=9004): Read timed out.",0,59.56268577710819
274,2026-09-21T07:59:37.823+00:00,2026-09-21T08:04:37.880+00:00,2026-09-21T08:04:37.880+00:00,False,1,0.0,,0.0,300057.059963,300057.059963,300057.059963,300057.059963,300057.059963,300057.059963,nan,300057.059963,nan,nan,0.0,5,64,,True,False,"HTTPConnectionPool(host='gpu06', port=9004): Read timed out.",0,59.56268577710819
275,2026-09-21T07:59:38.157+00:00,2026-09-21T08:04:38.079+00:00,2026-09-21T08:04:38.254+00:00,False,3,2.0,,2.0,299921.505522,300096.14590600005,300096.145831,100032.04861033334,0.02589,299921.505522,173109.3696442206,269946.8164117,87.320192,123.45283388955392,0.006664530775501747,5,64,,True,False,Request timeout: 300.0s exceeded,5,59.56268577710819
276,2026-09-21T07:59:38.599+00:00,2026-09-21T08:04:38.714+00:00,2026-09-21T08:04:38.714+00:00,False,1,0.0,,0.0,300114.733444,300114.733444,300114.733444,300114.733444,300114.733444,300114.733444,nan,300114.733444,nan,nan,0.0,5,64,,True,False,"HTTPConnectionPool(host='gpu06', port=9004): Read timed out.",0,59.56268577710819
277,2026-09-21T07:59:38.928+00:00,2026-09-21T08:04:38.949+00:00,2026-09-21T08:04:38.949+00:00,False,1,0.0,,0.0,300020.73345099995,300020.73345099995,300020.73345099995,300020.73345099995,300020.73345099995,300020.73345099995,nan,300020.73345099995,nan,nan,0.0,5,64,,True,False,"HTTPConnectionPool(host='gpu06', port=9004): Read timed out.",0,59.56268577710819
278,2026-09-21T07:59:39.376+00:00,2026-09-21T08:04:39.453+00:00,2026-09-21T08:04:39.453+00:00,False,1,0.0,,0.0,300077.00115100003,300077.00115100003,300077.00115100003,300077.00115100003,300077.00115100003,300077.00115100003,nan,300077.00115100003,nan,nan,0.0,5,64,,True,False,"HTTPConnectionPool(host='gpu06', port=9004): Read timed out.",0,59.56268577710819
279,2026-09-21T07:59:39.797+00:00,2026-09-21T08:04:39.915+00:00,2026-09-21T08:04:39.915+00:00,False,1,0.0,,0.0,300118.085706,300118.085706,300118.085706,300118.085706,300118.085706,300118.085706,nan,300118.085706,nan,nan,0.0,5,64,,True,False,"HTTPConnectionPool(host='gpu06', port=9004): Read timed out.",0,59.56268577710819
280,2026-09-21T07:59:40.224+00:00,2026-09-21T08:04:40.328+00:00,2026-09-21T08:04:40.328+00:00,False,1,0.0,,0.0,300104.02912300004,300104.02912300004,300104.02912300004,300104.02912300004,300104.02912300004,300104.02912300004,nan,300104.02912300004,nan,nan,0.0,5,64,,True,False,"HTTPConnectionPool(host='gpu06', port=9004): Read timed out.",0,59.56268577710819
281,2026-09-21T07:59:40.480+00:00,2026-09-21T08:04:40.459+00:00,2026-09-21T08:04:40.513+00:00,False,3,2.0,,2.0,299979.379653,300033.126085,300033.12614899996,100011.04204966666,0.026609999999999998,299979.379653,173177.66239796198,269986.8136763,26.873216,37.966814509897034,0.00666593061271973,5,64,,True,False,Request timeout: 300.0s exceeded,8,59.56268577710819
282,2026-09-21T07:59:40.747+00:00,2026-09-21T08:04:40.857+00:00,2026-09-21T08:04:40.857+00:00,False,1,0.0,,0.0,300110.305814,300110.305814,300110.305814,300110.305814,300110.305814,300110.305814,nan,300110.305814,nan,nan,0.0,5,64,,True,False,"HTTPConnectionPool(host='gpu06', port=9004): Read timed out.",0,59.56268577710819
283,2026-09-21T07:59:40.994+00:00,2026-09-21T08:04:41.064+00:00,2026-09-21T08:04:41.064+00:00,False,1,0.0,,0.0,300069.50829,300069.50829,300069.50829,300069.50829,300069.50829,300069.50829,nan,300069.50829,nan,nan,0.0,5,64,,True,False,"HTTPConnectionPool(host='gpu06', port=9004): Read timed out.",0,59.56268577710819
284,2026-09-21T07:59:41.435+00:00,2026-09-21T08:04:41.538+00:00,2026-09-21T08:04:41.538+00:00,False,1,0.0,,0.0,300102.99783300003,300102.99783300003,300102.99783300003,300102.99783300003,300102.99783300003,300102.99783300003,nan,300102.99783300003,nan,nan,0.0,5,64,,True,False,"HTTPConnectionPool(host='gpu06', port=9004): Read timed out.",0,59.56268577710819
285,2026-09-21T07:59:41.684+00:00,2026-09-21T08:04:41.789+00:00,2026-09-21T08:04:41.789+00:00,False,1,0.0,,0.0,300105.270425,300105.270425,300105.270425,300105.270425,300105.270425,300105.270425,nan,300105.270425,nan,nan,0.0,5,64,,True,False,"HTTPConnectionPool(host='gpu06', port=9004): Read timed out.",0,59.56268577710819
286,2026-09-21T07:59:41.933+00:00,2026-09-21T08:04:42.004+00:00,2026-09-21T08:04:42.004+00:00,False,1,0.0,,0.0,300070.93592,300070.93592,300070.93592,300070.93592,300070.93592,300070.93592,nan,300070.93592,nan,nan,0.0,5,64,,True,False,TTFT timeout: 300.0s exceeded (TTFT: 300.063s),0,59.56268577710819
287,2026-09-21T07:59:42.390+00:00,2026-09-21T08:04:42.455+00:00,2026-09-21T08:04:42.455+00:00,False,1,0.0,,0.0,300064.726503,300064.726503,300064.726503,300064.726503,300064.726503,300064.726503,nan,300064.726503,nan,nan,0.0,5,64,,True,False,TTFT timeout: 300.0s exceeded (TTFT: 300.050s),0,59.56268577710819
288,2026-09-21T07:59:42.707+00:00,2026-09-21T08:04:42.768+00:00,2026-09-21T08:04:42.768+00:00,False,1,0.0,,0.0,300060.740745,300060.740745,300060.740745,300060.740745,300060.740745,300060.740745,nan,300060.740745,nan,nan,0.0,5,64,,True,False,TTFT timeout: 300.0s exceeded (TTFT: 300.055s),0,59.56268577710819
289,2026-09-21T07:59:43.010+00:00,2026-09-21T08:04:43.139+00:00,2026-09-21T08:04:43.139+00:00,False,1,0.0,,0.0,300129.052396,300129.052396,300129.052396,300129.052396,300129.052396,300129.052396,nan,300129.052396,nan,nan,0.0,5,64,,True,False,"HTTPConnectionPool(host='gpu06', port=9004): Read timed out.",0,59.56268577710819
290,2026-09-21T07:59:43.325+00:00,2026-09-21T08:04:43.430+00:00,2026-09-21T08:04:43.430+00:00,False,1,0.0,,0.0,300105.22342,300105.22342,300105.22342,300105.22342,300105.22342,300105.22342,nan,300105.22342,nan,nan,0.0,5,64,,True,False,"HTTPConnectionPool(host='gpu06', port=9004): Read timed out.",0,59.56268577710819
291,2026-09-21T07:59:43.580+00:00,2026-09-21T08:04:43.652+00:00,2026-09-21T08:04:43.652+00:00,False,1,0.0,,0.0,300071.77427399997,300071.77427399997,300071.77427399997,300071.77427399997,300071.77427399997,300071.77427399997,nan,300071.77427399997,nan,nan,0.0,5,64,,True,False,"HTTPConnectionPool(host='gpu06', port=9004): Read timed out.",0,59.56268577710819
292,2026-09-21T07:59:43.866+00:00,2026-09-21T08:04:43.976+00:00,2026-09-21T08:04:43.976+00:00,False,1,0.0,,0.0,300110.45307,300110.45307,300110.45307,300110.45307,300110.45307,300110.45307,nan,300110.45307,nan,nan,0.0,5,64,,True,False,"HTTPConnectionPool(host='gpu06', port=9004): Read timed out.",0,59.56268577710819
293,2026-09-21T07:59:44.203+00:00,2026-09-21T08:04:44.270+00:00,2026-09-21T08:04:44.270+00:00,False,1,0.0,,0.0,300067.04293199995,300067.04293199995,300067.04293199995,300067.04293199995,300067.04293199995,300067.04293199995,nan,300067.04293199995,nan,nan,0.0,5,64,,True,False,"HTTPConnectionPool(host='gpu06', port=9004): Read timed out.",0,59.56268577710819
294,2026-09-21T07:59:44.465+00:00,2026-09-21T08:04:44.572+00:00,2026-09-21T08:04:44.572+00:00,False,1,0.0,,0.0,300107.29366,300107.29366,300107.29366,300107.29366,300107.29366,300107.29366,nan,300107.29366,nan,nan,0.0,5,64,,True,False,"HTTPConnectionPool(host='gpu06', port=9004): Read timed out.",0,59.56268577710819
295,2026-09-21T07:59:44.788+00:00,2026-09-21T08:04:44.749+00:00,2026-09-21T08:04:44.921+00:00,False,3,2.0,,2.0,299960.673141,300132.77093299996,300132.770851,100044.25695033332,0.0348,299960.673141,173132.71642098017,269981.81211789994,86.048896,121.6422784910444,0.006663717506697958,5,64,,True,False,Request timeout: 300.0s exceeded,11,59.56268577710819
296,2026-09-21T07:59:45.087+00:00,2026-09-21T08:04:45.192+00:00,2026-09-21T08:04:45.192+00:00,False,1,0.0,,0.0,300105.194887,300105.194887,300105.194887,300105.194887,300105.194887,300105.194887,nan,300105.194887,nan,nan,0.0,5,64,,True,False,"HTTPConnectionPool(host='gpu06', port=9004): Read timed out.",0,59.56268577710819
297,2026-09-21T07:59:45.490+00:00,2026-09-21T08:04:45.883+00:00,2026-09-21T08:04:47.075+00:00,False,20,19.0,,19.0,300393.63878,301585.20460399997,301585.204707,15079.260235349999,0.03448,300393.63878,67156.04385406757,15184.248671049998,62.713990736842106,32.603687159314866,0.0630004380518208,5,64,,True,False,Request timeout: 300.0s exceeded,57,59.56268577710819
298,2026-09-21T07:59:45.784+00:00,2026-09-21T08:04:46.204+00:00,2026-09-21T08:04:46.906+00:00,True,13,13.0,,13.0,300420.48708399996,301122.437292,301122.43715099996,23163.264396230767,43.178347,300420.48708399996,83305.4282234037,120212.29525119998,58.49585066666666,9.362651240026302,0.04317180784304636,5,64,,True,True,,37,59.56268577710819
302,2026-09-21T07:59:47.103+00:00,2026-09-21T08:04:47.294+00:00,2026-09-21T08:04:47.294+00:00,False,1,0.0,,0.0,300190.670592,300190.670592,300190.670592,300190.670592,300190.670592,300190.670592,nan,300190.670592,nan,nan,0.0,5,64,,True,False,"HTTPConnectionPool(host='gpu06', port=9004): Read timed out.",0,59.56268577710819
299,2026-09-21T07:59:46.087+00:00,2026-09-21T08:04:47.304+00:00,2026-09-21T08:04:47.304+00:00,False,1,0.0,,0.0,301216.60575,301216.60575,301216.60575,301216.60575,301216.60575,301216.60575,nan,301216.60575,nan,nan,0.0,5,64,,True,False,"HTTPConnectionPool(host='gpu06', port=9004): Read timed out.",0,59.56268577710819
303,2026-09-21T07:59:47.375+00:00,2026-09-21T08:04:47.454+00:00,2026-09-21T08:04:47.454+00:00,False,1,0.0,,0.0,300078.90217799996,300078.90217799996,300078.90217799996,300078.90217799996,300078.90217799996,300078.90217799996,nan,300078.90217799996,nan,nan,0.0,5,64,,True,False,"HTTPConnectionPool(host='gpu06', port=9004): Read timed out.",0,59.56268577710819
300,2026-09-21T07:59:46.508+00:00,2026-09-21T08:04:47.549+00:00,2026-09-21T08:04:47.549+00:00,False,1,0.0,,0.0,301041.653838,301041.653838,301041.653838,301041.653838,301041.653838,301041.653838,nan,301041.653838,nan,nan,0.0,5,64,,True,False,"HTTPConnectionPool(host='gpu06', port=9004): Read timed out.",0,59.56268577710819
304,2026-09-21T07:59:47.685+00:00,2026-09-21T08:04:47.717+00:00,2026-09-21T08:04:47.717+00:00,False,1,0.0,,0.0,300032.755805,300032.755805,300032.755805,300032.755805,300032.755805,300032.755805,nan,300032.755805,nan,nan,0.0,5,64,,True,False,"HTTPConnectionPool(host='gpu06', port=9004): Read timed out.",0,59.56268577710819
301,2026-09-21T07:59:46.804+00:00,2026-09-21T08:04:47.945+00:00,2026-09-21T08:04:47.945+00:00,False,1,0.0,,0.0,301140.56290799996,301140.56290799996,301140.56290799996,301140.56290799996,301140.56290799996,301140.56290799996,nan,301140.56290799996,nan,nan,0.0,5,64,,True,False,"HTTPConnectionPool(host='gpu06', port=9004): Read timed out.",0,59.56268577710819
305,2026-09-21T07:59:48.018+00:00,2026-09-21T08:04:48.114+00:00,2026-09-21T08:04:48.114+00:00,False,1,0.0,,0.0,300095.691472,300095.691472,300095.691472,300095.691472,300095.691472,300095.691472,nan,300095.691472,nan,nan,0.0,5,64,,True,False,"HTTPConnectionPool(host='gpu06', port=9004): Read timed out.",0,59.56268577710819
306,2026-09-21T07:59:48.446+00:00,2026-09-21T08:04:48.552+00:00,2026-09-21T08:04:48.552+00:00,False,1,0.0,,0.0,300106.143837,300106.143837,300106.143837,300106.143837,300106.143837,300106.143837,nan,300106.143837,nan,nan,0.0,5,64,,True,False,"HTTPConnectionPool(host='gpu06', port=9004): Read timed out.",0,59.56268577710819
307,2026-09-21T07:59:48.772+00:00,2026-09-21T08:04:48.757+00:00,2026-09-21T08:04:49.023+00:00,False,3,2.0,,2.0,299985.113915,300251.149627,300251.149459,100083.71648633333,0.0419,299985.113915,173119.73949562435,270013.20188789995,133.017856,188.0562816507887,0.0066610902322425305,5,64,,True,False,Request timeout: 300.0s exceeded,6,59.56268577710819
308,2026-09-21T07:59:49.130+00:00,2026-09-21T08:04:49.135+00:00,2026-09-21T08:04:49.135+00:00,False,1,0.0,,0.0,300004.93748100003,300004.93748100003,300004.93748100003,300004.93748100003,300004.93748100003,300004.93748100003,nan,300004.93748100003,nan,nan,0.0,5,64,,True,False,TTFT timeout: 300.0s exceeded (TTFT: 300.002s),0,59.56268577710819
309,2026-09-21T07:59:49.459+00:00,2026-09-21T08:04:49.562+00:00,2026-09-21T08:04:49.562+00:00,False,1,0.0,,0.0,300103.156056,300103.156056,300103.156056,300103.156056,300103.156056,300103.156056,nan,300103.156056,nan,nan,0.0,5,64,,True,False,"HTTPConnectionPool(host='gpu06', port=9004): Read timed out.",0,59.56268577710819
310,2026-09-21T07:59:49.817+00:00,2026-09-21T08:04:49.921+00:00,2026-09-21T08:04:49.921+00:00,False,1,0.0,,0.0,300104.394402,300104.394402,300104.394402,300104.394402,300104.394402,300104.394402,nan,300104.394402,nan,nan,0.0,5,64,,True,False,"HTTPConnectionPool(host='gpu06', port=9004): Read timed out.",0,59.56268577710819
311,2026-09-21T07:59:50.163+00:00,2026-09-21T08:04:50.205+00:00,2026-09-21T08:04:50.205+00:00,False,1,0.0,,0.0,300041.469695,300041.469695,300041.469695,300041.469695,300041.469695,300041.469695,nan,300041.469695,nan,nan,0.0,5,64,,True,False,"HTTPConnectionPool(host='gpu06', port=9004): Read timed out.",0,59.56268577710819
312,2026-09-21T07:59:50.573+00:00,2026-09-21T08:04:50.682+00:00,2026-09-21T08:04:50.682+00:00,False,1,0.0,,0.0,300109.1189,300109.1189,300109.1189,300109.1189,300109.1189,300109.1189,nan,300109.1189,nan,nan,0.0,5,64,,True,False,"HTTPConnectionPool(host='gpu06', port=9004): Read timed out.",0,59.56268577710819
313,2026-09-21T07:59:50.955+00:00,2026-09-21T08:04:51.061+00:00,2026-09-21T08:04:51.061+00:00,False,1,0.0,,0.0,300106.453262,300106.453262,300106.453262,300106.453262,300106.453262,300106.453262,nan,300106.453262,nan,nan,0.0,5,64,,True,False,"HTTPConnectionPool(host='gpu06', port=9004): Read timed out.",0,59.56268577710819
314,2026-09-21T07:59:51.217+00:00,2026-09-21T08:04:51.321+00:00,2026-09-21T08:04:51.321+00:00,False,1,0.0,,0.0,300104.635754,300104.635754,300104.635754,300104.635754,300104.635754,300104.635754,nan,300104.635754,nan,nan,0.0,5,64,,True,False,"HTTPConnectionPool(host='gpu06', port=9004): Read timed out.",0,59.56268577710819
315,2026-09-21T07:59:51.509+00:00,2026-09-21T08:04:51.567+00:00,2026-09-21T08:04:51.567+00:00,False,1,0.0,,0.0,300057.954892,300057.954892,300057.954892,300057.954892,300057.954892,300057.954892,nan,300057.954892,nan,nan,0.0,5,64,,True,False,TTFT timeout: 300.0s exceeded (TTFT: 300.015s),0,59.56268577710819
316,2026-09-21T07:59:51.835+00:00,2026-09-21T08:04:51.954+00:00,2026-09-21T08:04:51.954+00:00,False,1,0.0,,0.0,300118.971671,300118.971671,300118.971671,300118.971671,300118.971671,300118.971671,nan,300118.971671,nan,nan,0.0,5,64,,True,False,"HTTPConnectionPool(host='gpu06', port=9004): Read timed out.",0,59.56268577710819
317,2026-09-21T07:59:52.260+00:00,2026-09-21T08:04:52.360+00:00,2026-09-21T08:04:52.360+00:00,False,1,0.0,,0.0,300100.302368,300100.302368,300100.302368,300100.302368,300100.302368,300100.302368,nan,300100.302368,nan,nan,0.0,5,64,,True,False,"HTTPConnectionPool(host='gpu06', port=9004): Read timed out.",0,59.56268577710819
318,2026-09-21T07:59:52.649+00:00,2026-09-21T08:04:52.721+00:00,2026-09-21T08:04:52.721+00:00,False,1,0.0,,0.0,300071.71364200005,300071.71364200005,300071.71364200005,300071.71364200005,300071.71364200005,300071.71364200005,nan,300071.71364200005,nan,nan,0.0,5,64,,True,False,TTFT timeout: 300.0s exceeded (TTFT: 300.053s),0,59.56268577710819
319,2026-09-21T07:59:54.240+00:00,2026-09-21T08:04:53.200+00:00,2026-09-21T08:04:54.509+00:00,True,23,23.0,,23.0,298959.711193,300268.131545,300268.131683,13055.136160130436,43.700868,298959.711193,62325.00905500308,90.9486921,59.47365236363637,12.328916962551626,0.07659820534951801,5,64,,True,True,,23,59.56268577710819
320,2026-09-21T07:59:54.507+00:00,2026-09-21T08:04:55.037+00:00,2026-09-21T08:04:55.037+00:00,False,1,0.0,,0.0,300530.866727,300530.866727,300530.866727,300530.866727,300530.866727,300530.866727,nan,300530.866727,nan,nan,0.0,5,64,,True,False,"HTTPConnectionPool(host='gpu06', port=9004): Read timed out.",0,59.56268577710819
321,2026-09-21T07:59:54.676+00:00,2026-09-21T08:04:55.143+00:00,2026-09-21T08:04:55.143+00:00,False,1,0.0,,0.0,300466.905466,300466.905466,300466.905466,300466.905466,300466.905466,300466.905466,nan,300466.905466,nan,nan,0.0,5,64,,True,False,"HTTPConnectionPool(host='gpu06', port=9004): Read timed out.",0,59.56268577710819
323,2026-09-21T07:59:54.697+00:00,2026-09-21T08:04:55.396+00:00,2026-09-21T08:04:55.396+00:00,False,1,0.0,,0.0,300699.449578,300699.449578,300699.449578,300699.449578,300699.449578,300699.449578,nan,300699.449578,nan,nan,0.0,5,64,,True,False,"HTTPConnectionPool(host='gpu06', port=9004): Read timed out.",0,59.56268577710819
324,2026-09-21T07:59:54.980+00:00,2026-09-21T08:04:55.462+00:00,2026-09-21T08:04:55.462+00:00,False,1,0.0,,0.0,300482.57571899996,300482.57571899996,300482.57571899996,300482.57571899996,300482.57571899996,300482.57571899996,nan,300482.57571899996,nan,nan,0.0,5,64,,True,False,"HTTPConnectionPool(host='gpu06', port=9004): Read timed out.",0,59.56268577710819
322,2026-09-21T07:59:54.691+00:00,2026-09-21T08:04:55.467+00:00,2026-09-21T08:04:55.467+00:00,False,1,0.0,,0.0,300775.732785,300775.732785,300775.732785,300775.732785,300775.732785,300775.732785,nan,300775.732785,nan,nan,0.0,5,64,,True,False,"HTTPConnectionPool(host='gpu06', port=9004): Read timed out.",0,59.56268577710819
325,2026-09-21T07:59:55.299+00:00,2026-09-21T08:04:55.582+00:00,2026-09-21T08:04:55.582+00:00,False,1,0.0,,0.0,300283.670304,300283.670304,300283.670304,300283.670304,300283.670304,300283.670304,nan,300283.670304,nan,nan,0.0,5,64,,True,False,"HTTPConnectionPool(host='gpu06', port=9004): Read timed out.",0,59.56268577710819
326,2026-09-21T07:59:55.559+00:00,2026-09-21T08:04:55.723+00:00,2026-09-21T08:04:55.723+00:00,False,1,0.0,,0.0,300164.12732200004,300164.12732200004,300164.12732200004,300164.12732200004,300164.12732200004,300164.12732200004,nan,300164.12732200004,nan,nan,0.0,5,64,,True,False,"HTTPConnectionPool(host='gpu06', port=9004): Read timed out.",0,59.56268577710819
327,2026-09-21T07:59:55.933+00:00,2026-09-21T08:04:56.038+00:00,2026-09-21T08:04:56.038+00:00,False,1,0.0,,0.0,300105.59775,300105.59775,300105.59775,300105.59775,300105.59775,300105.59775,nan,300105.59775,nan,nan,0.0,5,64,,True,False,"HTTPConnectionPool(host='gpu06', port=9004): Read timed out.",0,59.56268577710819
328,2026-09-21T07:59:56.356+00:00,2026-09-21T08:04:56.467+00:00,2026-09-21T08:04:56.467+00:00,False,1,0.0,,0.0,300111.06269700004,300111.06269700004,300111.06269700004,300111.06269700004,300111.06269700004,300111.06269700004,nan,300111.06269700004,nan,nan,0.0,5,64,,True,False,"HTTPConnectionPool(host='gpu06', port=9004): Read timed out.",0,59.56268577710819
329,2026-09-21T07:59:56.649+00:00,2026-09-21T08:04:56.754+00:00,2026-09-21T08:04:56.754+00:00,False,1,0.0,,0.0,300105.546443,300105.546443,300105.546443,300105.546443,300105.546443,300105.546443,nan,300105.546443,nan,nan,0.0,5,64,,True,False,"HTTPConnectionPool(host='gpu06', port=9004): Read timed out.",0,59.56268577710819
330,2026-09-21T07:59:56.958+00:00,2026-09-21T08:04:57.062+00:00,2026-09-21T08:04:57.062+00:00,False,1,0.0,,0.0,300103.188418,300103.188418,300103.188418,300103.188418,300103.188418,300103.188418,nan,300103.188418,nan,nan,0.0,5,64,,True,False,"HTTPConnectionPool(host='gpu06', port=9004): Read timed out.",0,59.56268577710819
331,2026-09-21T07:59:57.404+00:00,2026-09-21T08:04:57.358+00:00,2026-09-21T08:04:57.446+00:00,False,3,2.0,,2.0,299954.91312,300042.93872,300042.938815,100014.31293833333,0.03492,299954.91312,173153.6445900343,269968.22088549996,44.0128,62.19426141862698,0.006665712609442209,5,64,,True,False,Request timeout: 300.0s exceeded,9,59.56268577710819
332,2026-09-21T07:59:57.836+00:00,2026-09-21T08:04:57.944+00:00,2026-09-21T08:04:57.944+00:00,False,1,0.0,,0.0,300107.740107,300107.740107,300107.740107,300107.740107,300107.740107,300107.740107,nan,300107.740107,nan,nan,0.0,5,64,,True,False,"HTTPConnectionPool(host='gpu06', port=9004): Read timed out.",0,59.56268577710819
333,2026-09-21T07:59:58.244+00:00,2026-09-21T08:04:58.263+00:00,2026-09-21T08:04:58.263+00:00,False,1,0.0,,0.0,300019.018161,300019.018161,300019.018161,300019.018161,300019.018161,300019.018161,nan,300019.018161,nan,nan,0.0,5,64,,True,False,"HTTPConnectionPool(host='gpu06', port=9004): Read timed out.",0,59.56268577710819
334,2026-09-21T07:59:58.685+00:00,2026-09-21T08:04:58.790+00:00,2026-09-21T08:04:58.790+00:00,False,1,0.0,,0.0,300105.01430000004,300105.01430000004,300105.01430000004,300105.01430000004,300105.01430000004,300105.01430000004,nan,300105.01430000004,nan,nan,0.0,5,64,,True,False,"HTTPConnectionPool(host='gpu06', port=9004): Read timed out.",0,59.56268577710819
335,2026-09-21T07:59:58.952+00:00,2026-09-21T08:04:59.069+00:00,2026-09-21T08:04:59.069+00:00,False,1,0.0,,0.0,300116.99031,300116.99031,300116.99031,300116.99031,300116.99031,300116.99031,nan,300116.99031,nan,nan,0.0,5,64,,True,False,TTFT timeout: 300.0s exceeded (TTFT: 300.084s),0,59.56268577710819
336,2026-09-21T07:59:59.403+00:00,2026-09-21T08:04:59.373+00:00,2026-09-21T08:04:59.434+00:00,False,3,2.0,,2.0,299969.326241,300030.56297699997,300030.562988,100010.18766266666,0.03848,299969.326241,173169.69642772872,269978.5134436,30.618368,43.24624344386328,0.006665987558585216,5,64,,True,False,Request timeout: 300.0s exceeded,20,59.56268577710819
337,2026-09-21T07:59:59.688+00:00,2026-09-21T08:04:59.797+00:00,2026-09-21T08:04:59.797+00:00,False,1,0.0,,0.0,300108.9073,300108.9073,300108.9073,300108.9073,300108.9073,300108.9073,nan,300108.9073,nan,nan,0.0,5,64,,True,False,"HTTPConnectionPool(host='gpu06', port=9004): Read timed out.",0,59.56268577710819
338,2026-09-21T07:59:59.979+00:00,2026-09-21T08:05:00.084+00:00,2026-09-21T08:05:00.084+00:00,False,1,0.0,,0.0,300104.666757,300104.666757,300104.666757,300104.666757,300104.666757,300104.666757,nan,300104.666757,nan,nan,0.0,5,64,,True,False,"HTTPConnectionPool(host='gpu06', port=9004): Read timed out.",0,59.56268577710819
339,2026-09-21T08:00:00.359+00:00,2026-09-21T08:05:00.472+00:00,2026-09-21T08:05:00.472+00:00,False,1,0.0,,0.0,300113.1336,300113.1336,300113.1336,300113.1336,300113.1336,300113.1336,nan,300113.1336,nan,nan,0.0,5,64,,True,False,"HTTPConnectionPool(host='gpu06', port=9004): Read timed out.",0,59.56268577710819
340,2026-09-21T08:00:00.740+00:00,2026-09-21T08:05:00.855+00:00,2026-09-21T08:05:00.855+00:00,False,1,0.0,,0.0,300115.523883,300115.523883,300115.523883,300115.523883,300115.523883,300115.523883,nan,300115.523883,nan,nan,0.0,5,64,,True,False,"HTTPConnectionPool(host='gpu06', port=9004): Read timed out.",0,59.56268577710819
341,2026-09-21T08:00:01.128+00:00,2026-09-21T08:05:01.168+00:00,2026-09-21T08:05:02.968+00:00,False,29,28.0,,28.0,300039.66023000004,301839.78234200005,301839.78235000005,10408.268356896553,0.02541,300039.66023000004,55704.03863172185,173.4078108,64.29007542857143,35.36646268687005,0.09276444537146716,5,64,,True,False,Request timeout: 300.0s exceeded,170,59.56268577710819
342,2026-09-21T08:00:01.441+00:00,2026-09-21T08:05:01.383+00:00,2026-09-21T08:05:03.021+00:00,False,29,28.0,,28.0,299941.615209,301580.030057,301580.03006900003,10399.311381689655,0.04978,299941.615209,55686.89694359637,110.10927740000001,58.514816,19.23273989925261,0.09284434382047071,5,64,,True,False,Request timeout: 300.0s exceeded,28,59.56268577710819
344,2026-09-21T08:00:02.097+00:00,2026-09-21T08:05:03.273+00:00,2026-09-21T08:05:03.273+00:00,False,1,0.0,,0.0,301175.378256,301175.378256,301175.378256,301175.378256,301175.378256,301175.378256,nan,301175.378256,nan,nan,0.0,5,64,,True,False,"HTTPConnectionPool(host='gpu06', port=9004): Read timed out.",0,59.56268577710819
343,2026-09-21T08:00:01.747+00:00,2026-09-21T08:05:03.715+00:00,2026-09-21T08:05:04.834+00:00,False,29,28.0,,28.0,301967.64324,303086.264424,303086.264441,10451.250497965517,0.02026,301967.64324,56066.572842967435,112.7979694,39.95075657142858,30.275550688943365,0.09238293940245881,5,64,,True,False,Request timeout: 300.0s exceeded,32,59.56268577710819
0,2026-09-21T07:58:02.102+00:00,2026-09-21T07:58:02.256+00:00,2026-09-21T07:58:07.183+00:00,True,85,85.0,,85.0,154.40212,5081.3602,5081.360232,59.78070861176471,0.01567,226.229565,32.46045524073709,100.3419068,58.65426285714286,30.938998753065547,16.727804496126844,6,64,,False,True,,227,59.56268577710819
3,2026-09-21T07:58:03.125+00:00,2026-09-21T07:58:03.494+00:00,2026-09-21T07:58:05.447+00:00,True,34,34.0,,34.0,369.509115,2321.919227,2321.919456,68.29174870588236,36.446173,369.509115,54.220039770488206,76.938465,59.16394278787879,10.506637272824474,14.643058899137149,6,64,,False,True,,168,59.56268577710819
2,2026-09-21T07:58:02.774+00:00,2026-09-21T07:58:03.573+00:00,2026-09-21T07:58:08.181+00:00,True,76,76.0,,76.0,798.991794,5406.846385999999,5406.846361,71.14271527631578,42.786823,798.991794,85.32779688357603,77.7316355,61.43806122666667,11.171078402513132,14.056252864292123,6,64,,False,True,,76,59.56268577710819
4,2026-09-21T07:58:03.350+00:00,2026-09-21T07:58:05.403+00:00,2026-09-21T07:58:07.478+00:00,True,34,34.0,,34.0,2053.398518,4128.318454,4128.318429,121.42113026470588,41.762783000000006,2053.398518,341.5781187891402,86.2058763,62.876361696969695,12.056332868749063,8.235798758949132,6,64,,False,True,,136,59.56268577710819
1,2026-09-21T07:58:02.423+00:00,2026-09-21T07:58:07.308+00:00,2026-09-21T07:58:12.351+00:00,True,81,81.0,,81.0,4884.302814000001,9927.434462000001,9927.434438,122.56091898765433,42.871975,4884.302814000001,535.7886454590374,77.088558,63.039145600000005,10.028186381650848,8.159207729857084,6,64,,False,True,,567,59.56268577710819
5,2026-09-21T07:58:03.658+00:00,2026-09-21T07:58:09.301+00:00,2026-09-21T07:58:14.686+00:00,True,85,85.0,,85.0,5642.993728,11028.4112,11028.411217,129.74601431764705,0.0165,5642.993728,606.5606664461105,81.55870300000001,64.11211276190475,42.10921022832276,7.707365862455328,6,64,,False,True,,170,59.56268577710819
6,2026-09-21T07:58:03.944+00:00,2026-09-21T07:58:09.492+00:00,2026-09-21T07:58:09.800+00:00,True,6,6.0,,6.0,5547.435168,5855.743904,5855.74383,975.957305,46.657965,5547.435168,2239.5763223297927,4178.5438305,61.6617472,10.230918560860662,1.0246349735174485,6,64,,False,True,,19,59.56268577710819
7,2026-09-21T07:58:04.290+00:00,2026-09-21T07:58:11.398+00:00,2026-09-21T07:58:17.001+00:00,True,90,90.0,,90.0,7107.438083,12710.322435,12710.322544,141.22580604444445,0.01704,7107.438083,743.5731954409948,78.2801205,62.95375676404494,39.14201909999938,7.08085892079102,6,64,,False,True,,540,59.56268577710819
8,2026-09-21T07:58:04.546+00:00,2026-09-21T07:58:12.688+00:00,2026-09-21T07:58:17.004+00:00,True,70,70.0,,70.0,8142.0396,12458.2828,12458.282938,177.97547054285715,0.019370000000000002,8142.0396,966.7412106144363,80.8175105,62.554249275362324,45.54762185252217,5.618751887699964,6,64,,False,True,,420,59.56268577710819
9,2026-09-21T07:58:04.869+00:00,2026-09-21T07:58:14.285+00:00,2026-09-21T07:58:18.023+00:00,True,63,63.0,,63.0,9416.350743,13154.783255,13154.783241000001,208.80608319047622,40.851365,9416.350743,1178.7888720349415,74.515781,60.29729858064516,9.407664817688449,4.789132498709497,6,64,,False,True,,126,59.56268577710819
10,2026-09-21T07:58:05.082+00:00,2026-09-21T07:58:16.186+00:00,2026-09-21T07:58:20.317+00:00,True,67,67.0,,67.0,11104.263386,15235.004122,15235.004135000001,227.38812141791047,41.236354,11104.263386,1348.9834958790725,76.55346800000001,62.58698084848485,8.761986478820702,4.397767106820084,6,64,,False,True,,402,59.56268577710819
11,2026-09-21T07:58:05.371+00:00,2026-09-21T07:58:17.762+00:00,2026-09-21T07:58:19.574+00:00,True,29,29.0,,29.0,12391.30474,14202.916132,14202.916088,489.7557271724138,49.197505,12391.30474,2289.0073610141635,79.63817,64.70040685714285,8.268431331081231,2.0418342071781517,6,64,,False,True,,3,59.56268577710819
12,2026-09-21T07:58:05.585+00:00,2026-09-21T07:58:18.724+00:00,2026-09-21T07:58:20.371+00:00,True,27,27.0,,27.0,13139.344315999999,14786.094012,14786.093886999999,547.6331069259259,46.358885,13139.344315999999,2516.493643033921,80.12553,63.336526769230765,8.79261081037647,1.8260400602138416,6,64,,False,True,,81,59.56268577710819
13,2026-09-21T07:58:05.804+00:00,2026-09-21T07:58:20.014+00:00,2026-09-21T07:58:24.570+00:00,True,71,71.0,,71.0,14209.380015,18765.617583,18765.617498,264.3044718028169,0.0,14209.380015,1680.0591828857719,97.19623500000002,65.08910811428572,70.06362167228032,3.783515233962764,6,64,,False,True,,640,59.56268577710819
14,2026-09-21T07:58:06.155+00:00,2026-09-21T07:58:21.826+00:00,2026-09-21T07:58:22.465+00:00,True,11,11.0,,11.0,15671.179098999999,16310.045531,16310.045705999999,1482.7314278181818,50.685226,15671.179098999999,4705.79012936023,7878.802468999999,63.8866432,12.271745000241713,0.6744309805323744,6,64,,False,True,,14,59.56268577710819
15,2026-09-21T07:58:06.452+00:00,2026-09-21T07:58:23.268+00:00,2026-09-21T07:58:23.268+00:00,True,2,2.0,,2.0,16815.456309,16815.500853,16815.500849,8407.7504245,0.044539999999999996,16815.456309,11890.29169030398,15974.685720550002,0.044544,nan,0.11893787865635809,6,64,,False,True,,8,59.56268577710819
16,2026-09-21T07:58:06.757+00:00,2026-09-21T07:58:24.702+00:00,2026-09-21T07:58:27.209+00:00,True,42,42.0,,42.0,17944.661643,20451.901835,20451.901853,486.9500441190476,0.0,17944.661643,2760.2368128327776,76.776777,61.15219980487805,65.20112663304863,2.0535987478740996,6,64,,False,True,,126,59.56268577710819
17,2026-09-21T07:58:07.004+00:00,2026-09-21T07:58:26.116+00:00,2026-09-21T07:58:29.050+00:00,True,49,49.0,,49.0,19112.927875,22046.009475000003,22046.009419,449.9185595714286,0.0,19112.927875,2722.301512056847,80.831114,61.105866666666664,58.36304965108952,2.222624464330636,6,64,,False,True,,539,59.56268577710819
18,2026-09-21T07:58:07.258+00:00,2026-09-21T07:58:27.589+00:00,2026-09-21T07:58:29.807+00:00,True,37,37.0,,37.0,20330.853931,22549.165355,22549.165131,609.4368954324325,43.521904,20330.853931,3332.2587498791577,79.19834420000001,61.619761777777775,10.85141756042914,1.6408589594113605,6,64,,False,True,,148,59.56268577710819
19,2026-09-21T07:58:07.564+00:00,2026-09-21T07:58:29.432+00:00,2026-09-21T07:58:34.323+00:00,True,77,77.0,,77.0,21867.538239999998,26758.790208,26758.790147999996,347.51675516883114,0.0,21867.538239999998,2486.107255812456,86.14443500000002,64.35857852631578,84.10557803375775,2.877559089983804,6,64,,False,True,,323,59.56268577710819
20,2026-09-21T07:58:07.916+00:00,2026-09-21T07:58:31.001+00:00,2026-09-21T07:58:31.951+00:00,True,16,16.0,,16.0,23084.774167,24035.185687,24035.185556,1502.19909725,48.195575,23084.774167,5755.363922770366,5833.702156,63.360768,11.417927477686757,0.6656907172826203,6,64,,False,True,,80,59.56268577710819
21,2026-09-21T07:58:08.163+00:00,2026-09-21T07:58:32.352+00:00,2026-09-21T07:58:33.673+00:00,True,22,22.0,,22.0,24188.610511,25509.542094999997,25509.541918,1159.5246326363635,0.01599,24188.610511,5145.347176244158,611.2392384,62.901504,136.66092218107886,0.8624223797538143,6,64,,False,True,,51,59.56268577710819
22,2026-09-21T07:58:08.367+00:00,2026-09-21T07:58:33.389+00:00,2026-09-21T07:58:33.730+00:00,True,10,10.0,,10.0,25022.081388,25362.675563999997,25362.675453,2536.2675452999997,0.01759,25022.081388,7900.762910124357,13798.111021499999,37.843797333333335,30.77196326188162,0.3942801686977413,6,64,,False,True,,66,59.56268577710819
23,2026-09-21T07:58:08.680+00:00,2026-09-21T07:58:34.799+00:00,2026-09-21T07:58:37.526+00:00,True,43,43.0,,43.0,26119.685322,28846.10657,28846.106645,670.8396894186047,0.0,26119.685322,3974.176738364117,83.0016849,64.91479161904762,83.7473117609251,1.4906691097342084,6,64,,False,True,,175,59.56268577710819
24,2026-09-21T07:58:08.915+00:00,2026-09-21T07:58:35.974+00:00,2026-09-21T07:58:40.551+00:00,True,66,66.0,,66.0,27059.531779,31635.974659,31635.974644,479.33294915151515,0.0,27059.531779,3322.87982356081,77.05874800000001,70.40681353846153,71.0593116193549,2.0862325473264316,6,64,,False,True,,264,59.56268577710819
25,2026-09-21T07:58:09.180+00:00,2026-09-21T07:58:37.252+00:00,2026-09-21T07:58:38.845+00:00,True,26,26.0,,26.0,28072.429075,29665.520659,29665.52072,1140.9815661538462,48.225935,28072.429075,5492.965418222749,76.8741555,63.723663359999996,8.533281886377182,0.876438350732673,6,64,,False,True,,66,59.56268577710819
26,2026-09-21T07:58:09.492+00:00,2026-09-21T07:58:38.851+00:00,2026-09-21T07:58:43.503+00:00,True,69,69.0,,69.0,29358.800638,34010.946302,34010.946501,492.91226813043477,0.0,29358.800638,3527.6838060183068,75.0185754,68.4139068235294,104.8504824704337,2.0287586057534215,6,64,,False,True,,482,59.56268577710819
27,2026-09-21T07:58:09.731+00:00,2026-09-21T07:58:40.551+00:00,2026-09-21T07:58:41.633+00:00,True,23,23.0,,23.0,30820.04416,31901.835136,31901.835233,1387.036314478261,0.0,30820.04416,6416.232854419998,78.76719299999999,49.1723170909091,28.99645971579826,0.7209616594766167,6,64,,False,True,,230,59.56268577710819
28,2026-09-21T07:58:10.009+00:00,2026-09-21T07:58:41.810+00:00,2026-09-21T07:58:43.500+00:00,True,25,25.0,,25.0,31800.589792,33490.253536,33490.253458,1339.61013832,0.01661,31800.589792,6347.317034916691,546.7562986,70.402656,130.18720952523648,0.746485838726975,6,64,,False,True,,28,59.56268577710819
29,2026-09-21T07:58:10.334+00:00,2026-09-21T07:58:43.483+00:00,2026-09-21T07:58:46.926+00:00,True,59,59.0,,59.0,33149.115532,36591.788940000006,36591.789069000006,620.1998147288136,0.0,33149.115532,4308.935382154493,87.3563669,59.35643806896552,94.36907040715776,1.6123835895736882,6,64,,False,True,,236,59.56268577710819
30,2026-09-21T07:58:10.590+00:00,2026-09-21T07:58:44.734+00:00,2026-09-21T07:58:49.208+00:00,True,71,71.0,,71.0,34143.327325000006,38617.755229,38617.75502900001,543.9120426619719,0.0,34143.327325000006,4045.3626090754697,79.932669,63.92039862857143,85.03697085416505,1.8385325500919472,6,64,,False,True,,71,59.56268577710819
31,2026-09-21T07:58:10.944+00:00,2026-09-21T07:58:46.723+00:00,2026-09-21T07:58:48.943+00:00,True,35,35.0,,35.0,35779.079574,37999.138198,37999.138195,1085.6896627142858,41.172425000000004,35779.079574,6036.738043035609,77.65645799999999,65.29584188235295,9.18921969414426,0.9210735206053212,6,64,,False,True,,73,59.56268577710819
32,2026-09-21T07:58:11.152+00:00,2026-09-21T07:58:47.645+00:00,2026-09-21T07:58:51.154+00:00,True,56,56.0,,56.0,36492.338468999995,40001.53782899999,40001.537903,714.3131768392856,45.240564,36492.338468999995,4867.974780336058,79.42538125000002,63.80362472727273,8.360442144298034,1.399946178054224,6,64,,False,True,,177,59.56268577710819
33,2026-09-21T07:58:11.349+00:00,2026-09-21T07:58:48.605+00:00,2026-09-21T07:58:53.656+00:00,True,79,79.0,,79.0,37255.686998000005,42307.293014,42307.292902,535.5353531898735,0.0,37255.686998000005,4185.968975674533,79.8252711,64.76417969230769,118.75450376584887,1.867290350480659,6,64,,False,True,,80,59.56268577710819
34,2026-09-21T07:58:11.688+00:00,2026-09-21T07:58:50.158+00:00,2026-09-21T07:58:53.708+00:00,True,45,45.0,,45.0,38470.142714,42019.718394,42019.718233,933.771516288889,0.0,38470.142714,5725.049156322394,80.30474999999998,80.67217454545455,163.59684608943797,1.0709257872233993,6,64,,False,True,,90,59.56268577710819
35,2026-09-21T07:58:11.901+00:00,2026-09-21T07:58:51.407+00:00,2026-09-21T07:58:57.156+00:00,True,92,92.0,,92.0,39506.141822,45254.795646,45254.795508999996,491.8999511847826,0.0,39506.141822,4113.846813405277,83.93492445,63.17202004395604,116.5416377714195,2.032933718663952,6,64,,False,True,,701,59.56268577710819
36,2026-09-21T07:58:12.116+00:00,2026-09-21T07:58:52.399+00:00,2026-09-21T07:58:55.504+00:00,True,51,51.0,,51.0,40282.359733000005,43387.086261000004,43387.086325000004,850.7271828431374,0.0,40282.359733000005,5634.357953382161,106.49609099999998,62.09453056,165.90868208002374,1.1754649688435779,6,64,,False,True,,152,59.56268577710819
37,2026-09-21T07:58:12.346+00:00,2026-09-21T07:58:53.612+00:00,2026-09-21T07:58:58.345+00:00,True,78,78.0,,78.0,41265.709145,45998.711385,45998.711486,589.7270703333334,0.03825,41265.709145,4665.500219727519,79.490643,61.46756155844156,19.096406291514345,1.6956996761747438,6,64,,False,True,,460,59.56268577710819
38,2026-09-21T07:58:12.694+00:00,2026-09-21T07:58:55.569+00:00,2026-09-21T07:59:01.270+00:00,True,77,77.0,,77.0,42874.84218199999,48576.432197999995,48576.432133999995,630.8627549870129,32.934163999999996,42874.84218199999,4878.458923911442,79.588228,75.02092126315789,97.75500593331249,1.5851308240618436,6,64,,False,True,,193,59.56268577710819
40,2026-09-21T07:58:13.191+00:00,2026-09-21T07:58:57.673+00:00,2026-09-21T07:58:59.708+00:00,True,33,33.0,,33.0,44481.724088,46516.55468,46516.55479,1409.5925693939396,45.483163999999995,44481.724088,7732.211071359499,80.0050984,63.588456,9.899599278780297,0.709424853732525,6,64,,False,True,,66,59.56268577710819
39,2026-09-21T07:58:13.133+00:00,2026-09-21T07:58:57.931+00:00,2026-09-21T07:59:02.947+00:00,True,80,80.0,,80.0,44797.967700999994,49813.78107699999,49813.781061999995,622.672263275,0.0,44797.967700999994,5002.445231068668,79.30393505,63.491308556962025,99.58207445494763,1.605981282094195,6,64,,False,True,,320,59.56268577710819
41,2026-09-21T07:58:13.412+00:00,2026-09-21T07:58:59.493+00:00,2026-09-21T07:59:01.274+00:00,True,24,24.0,,24.0,46081.057764,47862.355683999995,47862.355638999994,1994.2648182916666,0.0,46081.057764,9392.164125580526,781.1127056,77.4477356521739,183.59414899595953,0.5014379183184042,6,64,,False,True,,24,59.56268577710819
42,2026-09-21T07:58:13.622+00:00,2026-09-21T07:59:01.263+00:00,2026-09-21T07:59:06.066+00:00,True,92,92.0,,92.0,47641.661457,52444.350993,52444.351156000004,570.0472951739131,0.0,47641.661457,4962.413170444873,84.16607095,52.77680808791209,96.54766283462496,1.75424041403963,6,64,,False,True,,183,59.56268577710819
43,2026-09-21T07:58:13.971+00:00,2026-09-21T07:59:02.387+00:00,2026-09-21T07:59:04.390+00:00,True,34,34.0,,34.0,48415.63866700001,50418.423947,50418.42394500001,1482.894821911765,38.599034,48415.63866700001,8292.813413655867,82.33111885,60.69046303030303,11.851505872635721,0.674356660488652,6,64,,False,True,,132,59.56268577710819
44,2026-09-21T07:58:14.291+00:00,2026-09-21T07:59:04.087+00:00,2026-09-21T07:59:05.803+00:00,True,28,28.0,,28.0,49796.23425,51512.212746000005,51512.212818,1839.721886357143,0.016030000000000003,49796.23425,9400.204847060384,638.7396588500001,63.55475911111111,177.3873021663211,0.5435604200903646,6,64,,False,True,,119,59.56268577710819
45,2026-09-21T07:58:14.547+00:00,2026-09-21T07:59:05.597+00:00,2026-09-21T07:59:11.435+00:00,True,96,96.0,,96.0,51050.510511,56888.244399,56888.244397,592.5858791354167,0.0,51050.510511,5205.153111453072,94.17499724999999,61.449830399999996,107.7633471922905,1.6875191177755438,6,64,,False,True,,308,59.56268577710819
46,2026-09-21T07:58:14.788+00:00,2026-09-21T07:59:06.504+00:00,2026-09-21T07:59:06.800+00:00,True,6,6.0,,6.0,51715.744039,52012.656935,52012.65696,8668.77616,49.869175000000006,51715.744039,21088.62240937016,38804.2581935,59.3825792,7.799574458680371,0.11535653730395228,6,64,,False,True,,14,59.56268577710819
47,2026-09-21T07:58:15.091+00:00,2026-09-21T07:59:08.351+00:00,2026-09-21T07:59:10.823+00:00,True,40,40.0,,40.0,53260.159270000004,55732.026150000005,55732.026007,1393.300650175,0.0,53260.159270000004,8412.761862992282,172.08777985,63.381202051282045,166.87191614197684,0.7177201828683201,6,64,,False,True,,151,59.56268577710819
48,2026-09-21T07:58:15.300+00:00,2026-09-21T07:59:09.223+00:00,2026-09-21T07:59:12.742+00:00,True,58,58.0,,58.0,53923.015618,57441.814977999995,57441.815049,990.3761215344828,0.0,53923.015618,7073.663597666709,83.9089426,61.733322105263156,138.4230548208894,1.0097173987662782,6,64,,False,True,,638,59.56268577710819
49,2026-09-21T07:58:15.639+00:00,2026-09-21T07:59:11.441+00:00,2026-09-21T07:59:12.853+00:00,True,24,24.0,,24.0,55802.279974,57214.414886,57214.415043999994,2383.9339601666666,44.265724999999996,55802.279974,11378.063221922606,76.22151370000002,61.39717008695652,8.679428816484924,0.419474708389837,6,64,,False,True,,68,59.56268577710819
50,2026-09-21T07:58:15.839+00:00,2026-09-21T07:59:12.425+00:00,2026-09-21T07:59:14.500+00:00,True,32,32.0,,32.0,56586.182915,58661.328899,58661.328787,1833.16652459375,51.056125,56586.182915,9991.28920690031,82.5444615,66.94019303225807,9.375798388365197,0.5455041779755097,6,64,,False,True,,71,59.56268577710819
51,2026-09-21T07:58:16.160+00:00,2026-09-21T07:59:14.263+00:00,2026-09-21T07:59:16.457+00:00,True,36,36.0,,36.0,58103.036474,60297.542714,60297.542667,1674.93174075,48.169214,58103.036474,9673.394294841724,79.20509525,62.70017828571429,9.890718214464844,0.5970392553267589,6,64,,False,True,,75,59.56268577710819
52,2026-09-21T07:58:16.353+00:00,2026-09-21T07:59:15.084+00:00,2026-09-21T07:59:16.327+00:00,True,21,21.0,,21.0,58730.681836,59974.006764000005,59974.006665,2855.9050792857142,49.251564,58730.681836,12802.523092025327,75.713267,62.1662464,9.566761762525072,0.3501516929265006,6,64,,False,True,,123,59.56268577710819
53,2026-09-21T07:58:16.635+00:00,2026-09-21T07:59:16.531+00:00,2026-09-21T07:59:16.531+00:00,True,1,1.0,,1.0,59895.996434,59895.996434,59895.996434,59895.996434,59895.996434,59895.996434,nan,59895.996434,nan,nan,0.016695606710573886,6,64,,False,True,,5,59.56268577710819
54,2026-09-21T07:58:16.934+00:00,2026-09-21T07:59:18.214+00:00,2026-09-21T07:59:24.561+00:00,True,100,100.0,,100.0,61279.963211,67626.951755,67626.951749,676.26951749,0.0,61279.963211,6124.7940998460745,80.011561,64.11099539393939,199.24389522678752,1.478700390966631,6,64,,False,True,,306,59.56268577710819
55,2026-09-21T07:58:17.194+00:00,2026-09-21T07:59:19.505+00:00,2026-09-21T07:59:23.979+00:00,True,74,74.0,,74.0,62311.094637999995,66785.09041399999,66785.090331,902.5012206891892,0.0,62311.094637999995,7237.55235775638,138.7819239,61.28761336986301,130.43153668569613,1.1080317409361111,6,64,,False,True,,160,59.56268577710819
56,2026-09-21T07:58:17.527+00:00,2026-09-21T07:59:21.301+00:00,2026-09-21T07:59:22.250+00:00,True,17,17.0,,17.0,63774.873541,64723.097541,64723.097464,3807.241027294118,7.52043,63774.873541,15453.314079905134,12818.178361799999,59.264,17.123474194328672,0.2626573919647626,6,64,,False,True,,85,59.56268577710819
57,2026-09-21T07:58:17.768+00:00,2026-09-21T07:59:22.382+00:00,2026-09-21T07:59:25.343+00:00,True,47,47.0,,47.0,64613.804241,67575.145425,67575.145451,1437.7690521489362,39.543543,64613.804241,9415.506553941736,79.05646800000001,64.37698226086957,9.707731847226333,0.6955219956154465,6,64,,False,True,,191,59.56268577710819
58,2026-09-21T07:58:18.008+00:00,2026-09-21T07:59:24.102+00:00,2026-09-21T07:59:27.013+00:00,True,46,46.0,,46.0,66094.341487,69005.607023,69005.607183,1500.1218952826086,43.261694000000006,66094.341487,9735.544918807698,78.3940295,64.69478968888889,9.61871641626105,0.6666124969332986,6,64,,False,True,,46,59.56268577710819
59,2026-09-21T07:58:18.259+00:00,2026-09-21T07:59:25.489+00:00,2026-09-21T07:59:25.546+00:00,True,2,2.0,,2.0,67229.799073,67286.54582500001,67286.545608,33643.272804,56.746535,67229.799073,47498.52096262003,63871.1464461,56.746752,nan,0.029723624172975593,6,64,,False,True,,10,59.56268577710819
60,2026-09-21T07:58:18.595+00:00,2026-09-21T07:59:27.208+00:00,2026-09-21T07:59:28.837+00:00,True,26,26.0,,26.0,68612.33842900001,70241.505021,70241.50495200002,2701.5963443076926,51.286125,68612.33842900001,13443.208676210677,83.928055,65.16666368,7.981141445961216,0.37015152212679403,6,64,,False,True,,78,59.56268577710819
61,2026-09-21T07:58:18.940+00:00,2026-09-21T07:59:28.831+00:00,2026-09-21T07:59:34.787+00:00,True,87,87.0,,87.0,69891.090866,75847.87909,75847.87904,871.8147016091954,0.0,69891.090866,7488.13709713699,81.289267,69.26497934883722,192.7227280098633,1.1470327324086023,6,64,,False,True,,218,59.56268577710819
62,2026-09-21T07:58:19.259+00:00,2026-09-21T07:59:30.689+00:00,2026-09-21T07:59:35.059+00:00,True,69,69.0,,69.0,71429.238536,75799.648776,75799.648591,1098.5456317536232,0.0,71429.238536,8594.618741245216,80.190441,64.27073882352941,239.41514848437538,0.9102944553728205,6,64,,False,True,,897,59.56268577710819
63,2026-09-21T07:58:19.582+00:00,2026-09-21T07:59:32.857+00:00,2026-09-21T07:59:36.561+00:00,True,67,67.0,,67.0,73275.690714,76978.929882,76978.92988,1148.9392519402984,0.0,73275.690714,8946.538048515462,169.74797720000004,56.10968436363637,156.17143325007825,0.8703680358080247,6,64,,False,True,,74,59.56268577710819
64,2026-09-21T07:58:19.909+00:00,2026-09-21T07:59:34.965+00:00,2026-09-21T07:59:35.157+00:00,True,15,15.0,,15.0,75056.259565,75247.637229,75247.637352,5016.5091568,0.01591,75056.259565,19375.948554942035,22612.8793989,13.669833142857144,38.330045201616905,0.19934180729623077,6,64,,False,True,,29,59.56268577710819
65,2026-09-21T07:58:20.180+00:00,2026-09-21T07:59:35.568+00:00,2026-09-21T07:59:39.628+00:00,True,65,65.0,,65.0,75388.37243999999,79448.613848,79448.61391799999,1222.2863679692307,8.187581,75388.37243999999,9342.932079289445,98.2622914,63.441272,21.44813737854835,0.8181388806147973,6,64,,False,True,,230,59.56268577710819
66,2026-09-21T07:58:20.473+00:00,2026-09-21T07:59:37.298+00:00,2026-09-21T07:59:42.610+00:00,True,86,86.0,,86.0,76824.13014200001,82136.93987,82136.939729,955.0806945232559,10.27826,76824.13014200001,8277.427657318996,78.308882,62.50364385882353,12.000154287211103,1.047031946114795,6,64,,False,True,,602,59.56268577710819
67,2026-09-21T07:58:20.699+00:00,2026-09-21T07:59:38.551+00:00,2026-09-21T07:59:39.224+00:00,True,12,12.0,,12.0,77851.76568899999,78525.41560899999,78525.41579799999,6543.784649833333,48.927544999999995,77851.76568899999,22456.191710946398,35078.3571419,61.24090181818182,8.616408293280882,0.15281676520823978,6,64,,False,True,,36,59.56268577710819
68,2026-09-21T07:58:20.983+00:00,2026-09-21T07:59:39.800+00:00,2026-09-21T07:59:40.760+00:00,True,17,17.0,,17.0,78816.556249,79776.905945,79776.905923,4692.759171941177,39.580543,78816.556249,19101.267039921036,15826.3848474,60.021856,8.432279491795986,0.2130942507562299,6,64,,False,True,,21,59.56268577710819
69,2026-09-21T07:58:21.329+00:00,2026-09-21T07:59:41.576+00:00,2026-09-21T07:59:46.965+00:00,True,64,64.0,,64.0,80246.92903900001,85635.78715100001,85635.78712300002,1338.0591737968753,0.0,80246.92903900001,10022.36817751347,80.71759449999999,85.53743034920635,211.39345422760655,0.747351103191823,6,64,,False,True,,128,59.56268577710819
70,2026-09-21T07:58:21.620+00:00,2026-09-21T07:59:42.806+00:00,2026-09-21T07:59:47.047+00:00,True,67,67.0,,67.0,81185.465637,85426.841125,85426.84105,1275.027478358209,0.0,81185.465637,9912.734544868921,78.088124,64.26326496969696,210.54439191157564,0.7842968219082675,6,64,,False,True,,72,59.56268577710819
71,2026-09-21T07:58:21.827+00:00,2026-09-21T07:59:43.929+00:00,2026-09-21T07:59:50.228+00:00,True,100,100.0,,100.0,82101.371794,88400.480914,88400.48089800001,884.00480898,0.0,82101.371794,8205.614124942314,79.36999399999999,63.62736484848485,174.63133834115436,1.1312155654139997,6,64,,False,True,,594,59.56268577710819
72,2026-09-21T07:58:22.049+00:00,2026-09-21T07:59:46.964+00:00,2026-09-21T07:59:47.689+00:00,True,37,37.0,,37.0,84915.037549,85640.294509,85640.294283,2314.6025481891893,0.0,84915.037549,13956.665816902334,76.3905042,20.146026666666668,30.131375570768494,0.43203961653952094,6,64,,False,True,,75,59.56268577710819
73,2026-09-21T07:58:22.391+00:00,2026-09-21T07:59:46.990+00:00,2026-09-21T07:59:49.961+00:00,True,49,49.0,,49.0,84598.639305,87569.564105,87569.56407600001,1787.133960734694,0.07454999999999999,84598.639305,12076.684974825013,76.140536,61.89426666666667,13.245222569282392,0.5595551433971592,6,64,,False,True,,245,59.56268577710819
74,2026-09-21T07:58:22.620+00:00,2026-09-21T07:59:48.044+00:00,2026-09-21T07:59:50.483+00:00,True,40,40.0,,40.0,85423.673624,87862.870808,87862.87068800001,2196.5717672,42.641704,85423.673624,13496.78342676195,77.13401449999999,62.543517538461536,10.106879706775937,0.45525487196302666,6,64,,False,True,,160,59.56268577710819
75,2026-09-21T07:58:22.832+00:00,2026-09-21T07:59:49.144+00:00,2026-09-21T07:59:51.238+00:00,True,34,34.0,,34.0,86311.996849,88406.211249,88406.211423,2600.1826889117647,47.167593999999994,86311.996849,14791.50463168289,78.77448899999999,63.46104242424242,9.194599958313027,0.38458836228415555,6,64,,False,True,,68,59.56268577710819
76,2026-09-21T07:58:23.266+00:00,2026-09-21T07:59:49.727+00:00,2026-09-21T07:59:51.793+00:00,True,34,34.0,,34.0,86461.031815,88526.867847,88526.86779599999,2603.731405764706,47.367984,86461.031815,14817.211168602858,77.38017400000001,62.60109187878788,8.811755806286081,0.3840641923394581,6,64,,False,True,,70,59.56268577710819
77,2026-09-21T07:58:23.363+00:00,2026-09-21T07:59:51.744+00:00,2026-09-21T07:59:52.591+00:00,True,14,14.0,,14.0,88381.25559199999,89228.08157599998,89228.08163699998,6373.434402642856,42.513534,88381.25559199999,23603.478110108124,30990.937480249995,65.14046030769231,13.379603607705022,0.1569012776328213,6,64,,False,True,,32,59.56268577710819
78,2026-09-21T07:58:23.695+00:00,2026-09-21T07:59:54.114+00:00,2026-09-21T07:59:54.358+00:00,True,12,12.0,,12.0,90419.11657700001,90662.967585,90662.967558,7555.247296500001,0.01528,90419.11657700001,26095.445197868605,40822.602584700006,22.168273454545453,73.45269553700943,0.1323583412240454,6,64,,False,True,,72,59.56268577710819
79,2026-09-21T07:58:23.894+00:00,2026-09-21T07:59:54.455+00:00,2026-09-21T07:59:56.875+00:00,True,40,40.0,,40.0,90561.38482600001,92981.50309800002,92981.50322900001,2324.537580725,0.01952,90561.38482600001,14309.270226616696,187.81074805,62.05431466666666,45.2363670606912,0.43019308859570776,6,64,,False,True,,383,59.56268577710819
80,2026-09-21T07:58:24.222+00:00,2026-09-21T07:59:56.465+00:00,2026-09-21T07:59:59.720+00:00,True,53,53.0,,53.0,92242.825648,95497.924016,95497.924065,1801.8476238679245,40.974633999999995,92242.825648,12661.93218406707,77.650157,62.598045538461534,10.333830207937199,0.554985886301782,6,64,,False,True,,472,59.56268577710819
81,2026-09-21T07:58:24.455+00:00,2026-09-21T07:59:57.440+00:00,2026-09-21T07:59:58.705+00:00,True,22,22.0,,22.0,92985.34517,94250.351762,94250.351672,4284.1068941818185,45.227644,92985.34517,19811.70101989386,81.27255695,60.238409142857144,8.385520496316984,0.23342087948439882,6,64,,False,True,,44,59.56268577710819
82,2026-09-21T07:58:24.685+00:00,2026-09-21T07:59:58.645+00:00,2026-09-21T08:00:00.422+00:00,True,30,30.0,,30.0,93959.718632,95736.48893600001,95736.488909,3191.216296966667,43.237353000000006,93959.718632,17143.435875957606,77.5677185,61.26794151724138,9.773334217173844,0.3133601444278476,6,64,,False,True,,72,59.56268577710819
83,2026-09-21T07:58:24.956+00:00,2026-09-21T08:00:00.025+00:00,2026-09-21T08:00:00.208+00:00,True,4,4.0,,4.0,95069.63997599999,95252.32771999999,95252.32776199999,23813.081940499997,42.181384,95069.63997599999,47504.37386868101,80819.80890149999,60.89591466666666,16.215379441642348,0.041993724413310334,6,64,,False,True,,23,59.56268577710819
84,2026-09-21T07:58:25.259+00:00,2026-09-21T08:00:02.881+00:00,2026-09-21T08:00:03.733+00:00,True,35,35.0,,35.0,97622.08897499999,98474.43559899999,98474.43565999999,2813.555304571428,0.0,97622.08897499999,16496.935456492218,74.226521,25.06901835294118,30.919722646670547,0.3554221944721197,6,64,,False,True,,175,59.56268577710819
85,2026-09-21T07:58:25.515+00:00,2026-09-21T08:00:02.922+00:00,2026-09-21T08:00:02.922+00:00,True,1,1.0,,1.0,97406.208072,97406.208072,97406.208072,97406.208072,97406.208072,97406.208072,nan,97406.208072,nan,nan,0.010266286100171638,6,64,,False,True,,4,59.56268577710819
86,2026-09-21T07:58:25.724+00:00,2026-09-21T08:00:04.001+00:00,2026-09-21T08:00:05.576+00:00,True,25,25.0,,25.0,98277.045385,99852.037769,99852.03772400001,3994.08150896,51.318354,98277.045385,19642.285972757963,79.280309,65.62468266666666,8.665756241590211,0.25037045370907274,6,64,,False,True,,175,59.56268577710819
87,2026-09-21T07:58:25.929+00:00,2026-09-21T08:00:04.896+00:00,2026-09-21T08:00:08.513+00:00,True,59,59.0,,59.0,98966.714353,102583.504625,102583.504781,1738.7034708644069,44.878244,98966.714353,12876.253609171066,78.89080410000001,62.35845296551724,9.19093891880799,0.5751412004851847,6,64,,False,True,,278,59.56268577710819
88,2026-09-21T07:58:26.141+00:00,2026-09-21T08:00:05.722+00:00,2026-09-21T08:00:06.046+00:00,True,6,6.0,,6.0,99580.99569400001,99904.44171000001,99904.44169300002,16650.74028216667,55.065815,99580.99569400001,40627.36262889242,74704.54985450002,64.68920320000001,7.9951356094137145,0.060057389814725574,6,64,,False,True,,6,59.56268577710819
89,2026-09-21T07:58:26.411+00:00,2026-09-21T08:00:07.043+00:00,2026-09-21T08:00:07.671+00:00,True,12,12.0,,12.0,100632.747073,101260.150081,101260.15015700001,8438.345846416667,41.886343999999994,100632.747073,29033.70775449705,45323.612556650005,57.036637090909096,8.029796623605376,0.11850663849896491,6,64,,False,True,,36,59.56268577710819
90,2026-09-21T07:58:26.628+00:00,2026-09-21T08:00:08.517+00:00,2026-09-21T08:00:08.969+00:00,True,8,8.0,,8.0,101888.610119,102341.04583100001,102341.04577000001,12792.630721250001,58.400695,101888.610119,36000.21272045573,66253.31834965,64.63367314285715,7.10673594205149,0.0781700043715669,6,64,,True,True,,64,59.56268577710819
91,2026-09-21T07:58:26.819+00:00,2026-09-21T08:00:09.407+00:00,2026-09-21T08:00:13.794+00:00,True,70,70.0,,70.0,102588.216527,106975.501007,106975.50102299999,1528.2214431857142,41.025824,102588.216527,12254.04130289759,78.9348269,63.58383304347826,9.832046752348127,0.6543554303654956,6,64,,True,True,,281,59.56268577710819
92,2026-09-21T07:58:27.112+00:00,2026-09-21T08:00:11.148+00:00,2026-09-21T08:00:11.487+00:00,True,6,6.0,,6.0,104035.95933,104374.721058,104374.72091,17395.786818333334,52.817106,104035.95933,42444.84365069599,78046.478869,67.7523456,9.633769803715925,0.05748518356916959,6,64,,True,True,,30,59.56268577710819
93,2026-09-21T07:58:27.395+00:00,2026-09-21T08:00:12.572+00:00,2026-09-21T08:00:12.778+00:00,True,4,4.0,,4.0,105177.591966,105382.95132600001,105382.951174,26345.7377935,52.907084000000005,105177.591966,52554.57074327152,89413.10499165,68.45312,14.288717723984613,0.03795680373029297,6,64,,True,True,,4,59.56268577710819
94,2026-09-21T07:58:27.717+00:00,2026-09-21T08:00:14.247+00:00,2026-09-21T08:00:18.399+00:00,True,67,67.0,,67.0,106529.62752,110681.80876799999,110681.808595,1651.9672924626864,45.484144,106529.62752,13006.982890548592,76.992407,62.911837090909096,9.466679515874764,0.6053388605207801,6,64,,True,True,,591,59.56268577710819
95,2026-09-21T07:58:27.935+00:00,2026-09-21T08:00:15.654+00:00,2026-09-21T08:00:20.872+00:00,True,82,82.0,,82.0,107719.33917,112936.96861000001,112936.968716,1377.280106292683,41.198364,107719.33917,11888.50141785441,76.7341144,64.41517827160494,9.65495588088747,0.7260687178807392,6,64,,True,True,,246,59.56268577710819
96,2026-09-21T07:58:28.173+00:00,2026-09-21T08:00:16.795+00:00,2026-09-21T08:00:17.959+00:00,True,19,19.0,,19.0,108622.532167,109786.725447,109786.725515,5778.2487113157895,47.537943,108622.532167,24904.88161822809,10931.1280702,64.67740444444445,9.472425461585384,0.1730628172271367,6,64,,True,True,,88,59.56268577710819
97,2026-09-21T07:58:28.452+00:00,2026-09-21T08:00:18.093+00:00,2026-09-21T08:00:24.139+00:00,True,97,97.0,,97.0,109641.572106,115686.91431400001,115686.91442500001,1192.6486023195878,41.638523,109641.572106,11126.025601235422,78.4511218,62.97231466666666,10.051906559126227,0.838469939104093,6,64,,True,True,,324,59.56268577710819
98,2026-09-21T07:58:28.788+00:00,2026-09-21T08:00:19.879+00:00,2026-09-21T08:00:26.045+00:00,True,100,100.0,,100.0,111090.213454,117257.109582,117257.10958199999,1172.57109582,41.133603,111090.213454,11102.795629085851,76.75791754999999,62.29188008080808,8.824816355021799,0.8528267527357751,6,64,,True,True,,600,59.56268577710819
99,2026-09-21T07:58:29.130+00:00,2026-09-21T08:00:21.400+00:00,2026-09-21T08:00:24.760+00:00,True,55,55.0,,55.0,112270.166491,115630.034907,115630.03489,2102.3642707272725,43.806593,112270.166491,15130.119405561602,77.269786,62.21978548148149,9.550279041250223,0.47565496321293954,6,64,,True,True,,55,59.56268577710819
100,2026-09-21T07:58:29.337+00:00,2026-09-21T08:00:22.324+00:00,2026-09-21T08:00:27.631+00:00,True,85,85.0,,85.0,112986.835949,118294.349549,118294.349633,1391.6982309764705,45.357163,112986.835949,12248.292990794142,78.015018,63.18468571428571,9.055122685963578,0.7185465774490878,6,64,,True,True,,935,59.56268577710819
101,2026-09-21T07:58:29.532+00:00,2026-09-21T08:00:23.494+00:00,2026-09-21T08:00:28.816+00:00,True,85,85.0,,85.0,113961.36044599999,119283.62809399999,119283.62800099999,1403.3368000117646,43.062473,113961.36044599999,12353.976004499968,77.14424799999999,63.36032914285714,9.151681981225446,0.712587312761956,6,64,,True,True,,340,59.56268577710819
102,2026-09-21T07:58:29.757+00:00,2026-09-21T08:00:24.629+00:00,2026-09-21T08:00:26.979+00:00,True,38,38.0,,38.0,114871.628336,117222.468144,117222.46797099999,3084.801788710526,50.524193,114871.628336,18624.33387277341,77.30115550000001,63.53621102702703,8.772486207173243,0.32416993603410166,6,64,,True,True,,190,59.56268577710819
103,2026-09-21T07:58:30.081+00:00,2026-09-21T08:00:26.518+00:00,2026-09-21T08:00:29.977+00:00,True,56,56.0,,56.0,116437.094023,119896.620679,119896.620491,2141.0110801964283,45.975693,116437.094023,15551.158898601512,77.7622635,62.90048465454546,9.993035529787608,0.46706904400524485,6,64,,True,True,,71,59.56268577710819
104,2026-09-21T07:58:30.306+00:00,2026-09-21T08:00:27.495+00:00,2026-09-21T08:00:29.662+00:00,True,36,36.0,,36.0,117189.661712,119356.306448,119356.306445,3315.4529568055555,42.239892999999995,117189.661712,19521.29548384781,78.05276875,61.90413531428572,10.13230816730048,0.30161791254561093,6,64,,True,True,,108,59.56268577710819
105,2026-09-21T07:58:30.629+00:00,2026-09-21T08:00:29.009+00:00,2026-09-21T08:00:34.171+00:00,True,82,82.0,,82.0,118380.124222,123542.67731,123542.677235,1506.6180150609755,42.960463000000004,118380.124222,13065.862817212324,76.95154500000001,63.73522330864198,9.51295259368793,0.6637382464542284,6,64,,True,True,,738,59.56268577710819
106,2026-09-21T07:58:30.947+00:00,2026-09-21T08:00:30.906+00:00,2026-09-21T08:00:34.975+00:00,True,64,64.0,,64.0,119959.19877,124028.022578,124028.022692,1937.9378545625,46.271814,119959.19877,14986.829423391258,77.89290215,64.58450488888889,8.96777208418911,0.5160124193687844,6,64,,True,True,,319,59.56268577710819
107,2026-09-21T07:58:31.203+00:00,2026-09-21T08:00:32.281+00:00,2026-09-21T08:00:33.501+00:00,True,20,20.0,,20.0,121078.489565,122298.310365,122298.310526,6114.9155263,41.913533,121078.489565,27059.61913366406,6125.795127499999,64.20109473684211,9.586446501881062,0.16353455693958394,6,64,,True,True,,71,59.56268577710819
108,2026-09-21T07:58:31.541+00:00,2026-09-21T08:00:33.710+00:00,2026-09-21T08:00:37.230+00:00,True,58,58.0,,58.0,122168.470698,125688.482474,125688.482487,2167.0428015,44.552413,122168.470698,16033.399732845603,76.6343145,61.754592561403506,8.874368015306473,0.46145835209680347,6,64,,True,True,,237,59.56268577710819
109,2026-09-21T07:58:31.773+00:00,2026-09-21T08:00:34.624+00:00,2026-09-21T08:00:36.194+00:00,True,27,27.0,,27.0,122851.09823,124421.07813400001,124421.07808600001,4608.188077259259,43.009783000000006,122851.09823,23631.08546900362,73.9602897,60.383842461538464,8.49090774573194,0.21700503166289334,6,64,,True,True,,162,59.56268577710819
110,2026-09-21T07:58:32.004+00:00,2026-09-21T08:00:36.121+00:00,2026-09-21T08:00:40.428+00:00,True,69,69.0,,69.0,124117.487427,128424.31443500001,128424.314617,1861.2219509710144,43.410493,124117.487427,14934.368021825676,76.61646339999999,63.335691294117645,9.75114036459168,0.5372814354007962,6,64,,True,True,,342,59.56268577710819
111,2026-09-21T07:58:32.344+00:00,2026-09-21T08:00:38.140+00:00,2026-09-21T08:00:39.392+00:00,True,20,20.0,,20.0,125796.071882,127047.609546,127047.609645,6352.380482250001,46.126324000000004,125796.071882,28114.129103486033,6363.583049850001,65.87040336842105,9.022441572589024,0.15742130112852395,6,64,,True,True,,31,59.56268577710819
112,2026-09-21T07:58:32.644+00:00,2026-09-21T08:00:39.315+00:00,2026-09-21T08:00:41.026+00:00,True,27,27.0,,27.0,126670.654687,128381.929695,128381.929734,4754.8862864444445,53.291964,126670.654687,24365.113460589,76.6440597,65.81826953846154,8.21642791717468,0.21030997169262483,6,64,,True,True,,31,59.56268577710819
113,2026-09-21T07:58:33.358+00:00,2026-09-21T08:00:41.735+00:00,2026-09-21T08:00:45.619+00:00,True,61,61.0,,61.0,128377.59514300001,132261.250823,132261.25093200002,2168.217228393443,42.666264000000005,128377.59514300001,16428.782143114768,77.350576,64.72759466666666,9.889935277408158,0.46120840095209653,6,64,,True,True,,542,59.56268577710819
114,2026-09-21T07:58:33.544+00:00,2026-09-21T08:00:44.406+00:00,2026-09-21T08:00:45.310+00:00,True,15,15.0,,15.0,130861.810703,131766.248463,131766.24842,8784.416561333333,46.307783,130861.810703,33771.69499125027,39310.4433704,64.60269714285714,8.950330096359599,0.1138379530036632,6,64,,True,True,,110,59.56268577710819
115,2026-09-21T07:58:33.554+00:00,2026-09-21T08:00:44.552+00:00,2026-09-21T08:00:50.817+00:00,True,99,99.0,,99.0,130997.968983,137262.259799,137262.259838,1386.487473111111,41.418853000000006,130997.968983,13159.37007195256,78.604845,63.92133485714286,9.15613623556476,0.7212470503179145,6,64,,True,True,,341,59.56268577710819
116,2026-09-21T07:58:33.648+00:00,2026-09-21T08:00:44.949+00:00,2026-09-21T08:00:48.783+00:00,True,61,61.0,,61.0,131301.482022,135134.96554200002,135134.965407,2215.3273017540987,40.998752999999994,131301.482022,16803.254658263842,80.571426,63.891392,10.165689487907269,0.4514005665028357,6,64,,True,True,,122,59.56268577710819
117,2026-09-21T07:58:33.944+00:00,2026-09-21T08:00:46.602+00:00,2026-09-21T08:00:49.588+00:00,True,48,48.0,,48.0,132658.315134,135644.114814,135644.114845,2825.9190592708333,44.925243,132658.315134,19138.411234915326,78.38555065,63.52765276595745,9.2200318689341,0.35386717710399224,6,64,,True,True,,96,59.56268577710819
118,2026-09-21T07:58:34.169+00:00,2026-09-21T08:00:47.760+00:00,2026-09-21T08:00:51.904+00:00,True,66,66.0,,66.0,133591.223167,137734.517119,137734.51693399998,2086.886620212121,44.640823,133591.223167,16436.099191244626,77.98494825,63.74298387692308,9.260104279157172,0.4791827159997755,6,64,,True,True,,134,59.56268577710819
119,2026-09-21T07:58:34.461+00:00,2026-09-21T08:00:49.525+00:00,2026-09-21T08:00:53.508+00:00,True,64,64.0,,64.0,135064.014958,139046.890606,139046.890404,2172.6076625625,42.321463,135064.014958,16875.102215068164,78.76985514999998,63.220248380952384,9.931235712322474,0.4602763838951918,6,64,,True,True,,390,59.56268577710819
120,2026-09-21T07:58:34.734+00:00,2026-09-21T08:00:50.858+00:00,2026-09-21T08:00:56.353+00:00,True,88,88.0,,88.0,136124.391109,141619.78336499998,141619.783378,1609.3157202045454,46.806543,136124.391109,14504.178213623356,79.5318235,63.16542822988506,9.100132069112053,0.6213821113763148,6,64,,True,True,,339,59.56268577710819
121,2026-09-21T07:58:35.024+00:00,2026-09-21T08:00:52.391+00:00,2026-09-21T08:00:55.983+00:00,True,58,58.0,,58.0,137367.395162,140959.390042,140959.389999,2430.334310327586,47.452013,137367.395162,18028.950106194377,78.44278950000002,63.01745403508772,8.680879268662432,0.41146602565971957,6,64,,True,True,,406,59.56268577710819
122,2026-09-21T07:58:35.319+00:00,2026-09-21T08:00:53.958+00:00,2026-09-21T08:00:55.072+00:00,True,18,18.0,,18.0,138639.54948800002,139753.583664,139753.58380100003,7764.087988944446,47.150723,138639.54948800002,32662.2104136326,20859.704579300003,65.53142211764705,8.8377389358607,0.12879812830614898,6,64,,True,True,,39,59.56268577710819
123,2026-09-21T07:58:35.522+00:00,2026-09-21T08:00:54.902+00:00,2026-09-21T08:01:00.947+00:00,True,97,97.0,,97.0,139379.750617,145424.686809,145424.68696700002,1499.2235769793815,40.369063000000004,139379.750617,14145.479703865283,77.838236,62.968085333333335,10.167177969126524,0.667011922999011,6,64,,True,True,,582,59.56268577710819
124,2026-09-21T07:58:35.821+00:00,2026-09-21T08:00:56.656+00:00,2026-09-21T08:00:59.055+00:00,True,39,39.0,,39.0,140834.90372799998,143233.355184,143233.35535499998,3672.6501373076917,42.848862999999994,140834.90372799998,22541.529135453467,80.4245669,63.11714357894736,11.472353177509733,0.27228294659368935,6,64,,True,True,,230,59.56268577710819
125,2026-09-21T07:58:36.067+00:00,2026-09-21T08:00:57.856+00:00,2026-09-21T08:01:03.676+00:00,True,91,91.0,,91.0,141789.00669,147608.711522,147608.711473,1622.0737524505496,42.684353,141789.00669,14856.751505953574,76.60235999999999,64.66338702222222,10.252132573669018,0.6164947790797369,6,64,,True,True,,538,59.56268577710819
126,2026-09-21T07:58:36.318+00:00,2026-09-21T08:00:59.202+00:00,2026-09-21T08:01:00.363+00:00,True,19,19.0,,19.0,142884.009165,144045.322445,144045.322631,7581.3327700526315,46.872813,142884.009165,32765.040054254434,14359.3915719,64.51740444444445,10.348194544715462,0.13190292942177737,6,64,,True,True,,53,59.56268577710819
127,2026-09-21T07:58:36.545+00:00,2026-09-21T08:01:00.234+00:00,2026-09-21T08:01:04.830+00:00,True,73,73.0,,73.0,143688.728417,148284.914529,148284.914458,2031.3001980547947,44.085123,143688.728417,16810.024916567483,76.788758,63.835918222222226,9.651940131908605,0.4922955260275207,6,64,,True,True,,584,59.56268577710819
128,2026-09-21T07:58:36.831+00:00,2026-09-21T08:01:01.530+00:00,2026-09-21T08:01:07.479+00:00,True,95,95.0,,95.0,144699.17284599997,150647.44778999998,150647.44786599997,1585.7626091157892,43.463843000000004,144699.17284599997,14839.332745183427,77.9021667,63.279520680851064,9.792461603410597,0.6306114135596138,6,64,,True,True,,473,59.56268577710819
129,2026-09-21T07:58:37.109+00:00,2026-09-21T08:01:03.137+00:00,2026-09-21T08:01:04.150+00:00,True,17,17.0,,17.0,146028.908505,147041.552345,147041.5524,8649.503082352941,44.753823,146028.908505,35401.86361973784,29267.7509458,63.29024,9.363349662154999,0.11561357812731271,6,64,,True,True,,23,59.56268577710819
130,2026-09-21T07:58:37.370+00:00,2026-09-21T08:01:04.499+00:00,2026-09-21T08:01:09.834+00:00,True,86,86.0,,86.0,147129.565259,152464.29037899998,152464.290225,1772.840584011628,44.154963,147129.565259,15858.624375745543,77.03743825,62.761472,9.937661022331525,0.5640665088606572,6,64,,True,True,,344,59.56268577710819
131,2026-09-21T07:58:37.610+00:00,2026-09-21T08:01:05.826+00:00,2026-09-21T08:01:10.175+00:00,True,70,70.0,,70.0,148216.004993,152564.675457,152564.675445,2179.4953635,42.620363,148216.004993,17707.670542927,77.41747450000001,63.024209623188405,9.332983353522126,0.4588218064916956,6,64,,True,True,,70,59.56268577710819
132,2026-09-21T07:58:37.919+00:00,2026-09-21T08:01:07.656+00:00,2026-09-21T08:01:13.103+00:00,True,87,87.0,,87.0,149737.22047600002,155183.96274800002,155183.96255000003,1783.7237074712646,43.707124,149737.22047600002,16046.727478152783,76.8201597,63.33421246511628,9.041888441001701,0.5606249412594101,6,64,,True,True,,619,59.56268577710819
133,2026-09-21T07:58:38.229+00:00,2026-09-21T08:01:09.236+00:00,2026-09-21T08:01:11.903+00:00,True,43,43.0,,43.0,151006.80939100002,153673.38091100001,153673.38096900002,3573.799557418605,43.073154,151006.80939100002,23018.642501016133,78.26036690000001,63.4897980952381,9.861367373031873,0.27981423812692363,6,64,,True,True,,196,59.56268577710819
134,2026-09-21T07:58:38.554+00:00,2026-09-21T08:01:11.296+00:00,2026-09-21T08:01:15.944+00:00,True,74,74.0,,74.0,152742.444171,157390.581643,157390.58181600002,2126.8997542702705,42.480052,152742.444171,17748.54931152933,77.42497064999999,63.67311605479452,9.840038232363588,0.47016790475970116,6,64,,True,True,,227,59.56268577710819
135,2026-09-21T07:58:38.830+00:00,2026-09-21T08:01:12.813+00:00,2026-09-21T08:01:17.541+00:00,True,75,75.0,,75.0,153982.644954,158711.141082,158711.14111499998,2116.1485482,43.233372,153982.644954,17773.009150125403,79.79023299999999,63.89859632432432,10.774209929835486,0.47255661756757433,6,64,,True,True,,596,59.56268577710819
136,2026-09-21T07:58:39.027+00:00,2026-09-21T08:01:13.899+00:00,2026-09-21T08:01:19.309+00:00,True,86,86.0,,86.0,154872.201735,160282.14477500002,160282.14484700002,1863.7458703139537,39.920612999999996,154872.201735,16693.438999515543,77.83367324999999,63.64638870588236,10.334026008160905,0.5365538383624988,6,64,,True,True,,258,59.56268577710819
137,2026-09-21T07:58:39.367+00:00,2026-09-21T08:01:15.873+00:00,2026-09-21T08:01:16.760+00:00,True,15,15.0,,15.0,156505.85964500002,157392.79852500002,157392.798611,10492.853240733335,43.543224,156505.85964500002,40393.28266214369,47004.46885600001,63.35277714285714,9.69865193962922,0.09530296265503801,6,64,,True,True,,74,59.56268577710819
138,2026-09-21T07:58:39.571+00:00,2026-09-21T08:01:16.835+00:00,2026-09-21T08:01:22.955+00:00,True,98,98.0,,98.0,157263.584106,163383.430506,163383.43041899998,1667.1778614183672,42.416642,157263.584106,15879.651397398715,78.56584265000001,63.0912,10.75709221268821,0.5998160259978206,6,64,,True,True,,392,59.56268577710819
139,2026-09-21T07:58:39.910+00:00,2026-09-21T08:01:18.558+00:00,2026-09-21T08:01:18.690+00:00,True,3,3.0,,3.0,158647.719169,158779.697409,158779.697399,52926.56579966666,54.944285,158647.719169,91557.20520141954,142790.6506466,65.98912,15.619796463366352,0.018894103269842567,6,64,,True,True,,6,59.56268577710819
140,2026-09-21T07:58:40.240+00:00,2026-09-21T08:01:20.232+00:00,2026-09-21T08:01:20.870+00:00,True,12,12.0,,12.0,159992.44538,160630.65184399998,160630.65199699998,13385.887666416666,44.755103000000005,159992.44538,46169.09304440807,72036.1786663,58.018769454545456,9.668268391285839,0.07470554257386733,6,64,,True,True,,78,59.56268577710819
141,2026-09-21T07:58:40.457+00:00,2026-09-21T08:01:21.383+00:00,2026-09-21T08:01:24.812+00:00,True,55,55.0,,55.0,160925.838922,164354.71521,164354.715138,2988.2675479636364,44.266672,160925.838922,21690.675832247758,78.338871,63.49770903703704,9.788606471355946,0.3346420571489243,6,64,,True,True,,363,59.56268577710819
142,2026-09-21T07:58:40.715+00:00,2026-09-21T08:01:22.881+00:00,2026-09-21T08:01:25.920+00:00,True,48,48.0,,48.0,162166.014267,165204.361531,165204.36164,3441.7575341666666,45.598782,162166.014267,23397.31908092502,79.87809185,64.6456864680851,9.492843521494652,0.29054922978527403,6,64,,True,True,,238,59.56268577710819
143,2026-09-21T07:58:41.007+00:00,2026-09-21T08:01:24.169+00:00,2026-09-21T08:01:27.445+00:00,True,54,54.0,,54.0,163161.78571599998,166437.61496399998,166437.615053,3082.178056537037,41.514661999999994,163161.78571599998,22195.097835264532,78.6805864,61.80809901886793,9.87776994332942,0.3244458893002045,6,64,,True,True,,126,59.56268577710819
144,2026-09-21T07:58:41.277+00:00,2026-09-21T08:01:25.545+00:00,2026-09-21T08:01:28.563+00:00,True,50,50.0,,50.0,164268.584882,167286.162866,167286.163016,3345.72326032,41.047463,164268.584882,23222.379367591737,78.81969194999999,61.5832241632653,10.865177753465487,0.2988890362680572,6,64,,True,True,,222,59.56268577710819
145,2026-09-21T07:58:41.539+00:00,2026-09-21T08:01:26.834+00:00,2026-09-21T08:01:27.380+00:00,True,10,10.0,,10.0,165295.120335,165840.461007,165840.46121500002,16584.046121500003,51.293313000000005,165295.120335,52251.74604591924,90947.26550805001,60.593408,9.290992987065268,0.060298915833198914,6,64,,True,True,,60,59.56268577710819
146,2026-09-21T07:58:41.829+00:00,2026-09-21T08:01:28.248+00:00,2026-09-21T08:01:34.273+00:00,True,97,97.0,,97.0,166419.576642,172444.469058,172444.469117,1777.7780321340206,45.323872,166419.576642,16890.97779234906,75.909458,62.759296,8.544790888036179,0.5624999197125599,6,64,,True,True,,159,59.56268577710819
147,2026-09-21T07:58:42.158+00:00,2026-09-21T08:01:29.826+00:00,2026-09-21T08:01:31.773+00:00,True,32,32.0,,32.0,167667.734792,169614.379528,169614.37955800002,5300.4493611875005,49.874872,167667.734792,29628.64854761082,76.04540150000001,62.794991483870966,8.480247192041436,0.18866324947831106,6,64,,True,True,,59,59.56268577710819
148,2026-09-21T07:58:42.442+00:00,2026-09-21T08:01:31.162+00:00,2026-09-21T08:01:33.866+00:00,True,45,45.0,,45.0,168720.84864500002,171424.828421,171424.82856100003,3809.4406346888895,45.639542,168720.84864500002,25142.259433539602,77.085396,61.454085818181824,8.330732409097694,0.26250573160548885,6,64,,True,True,,270,59.56268577710819
149,2026-09-21T07:58:42.703+00:00,2026-09-21T08:01:32.621+00:00,2026-09-21T08:01:37.007+00:00,True,70,70.0,,70.0,169918.272606,174304.544094,174304.54415300002,2490.0649164714287,43.559142,169918.272606,20301.52229305615,76.7913315,63.569152,9.506089410660666,0.4015959558819647,6,64,,True,True,,356,59.56268577710819
150,2026-09-21T07:58:43.486+00:00,2026-09-21T08:01:35.112+00:00,2026-09-21T08:01:39.150+00:00,True,64,64.0,,64.0,171626.11203,175664.090654,175664.090658,2744.75141653125,43.487032,171626.11203,21445.254304320355,77.193013,64.09489879365078,9.709043148412333,0.36433171834793926,6,64,,True,True,,572,59.56268577710819
151,2026-09-21T07:58:43.511+00:00,2026-09-21T08:01:35.589+00:00,2026-09-21T08:01:35.643+00:00,True,2,2.0,,2.0,172077.444002,172131.700642,172131.700615,86065.8503075,54.256612999999994,172077.444002,121638.76232408608,163476.28463255,54.25664,nan,0.01161901028422188,6,64,,True,True,,18,59.56268577710819
152,2026-09-21T07:58:43.653+00:00,2026-09-21T08:01:36.454+00:00,2026-09-21T08:01:36.454+00:00,True,1,1.0,,1.0,172801.373874,172801.373874,172801.373874,172801.373874,172801.373874,172801.373874,nan,172801.373874,nan,nan,0.005786991026640568,6,64,,True,True,,1,59.56268577710819
153,2026-09-21T07:58:43.840+00:00,2026-09-21T08:01:38.610+00:00,2026-09-21T08:01:40.222+00:00,True,26,26.0,,26.0,174770.641102,176382.895054,176382.895069,6783.957502653846,48.039262,174770.641102,34262.69604597432,75.0698565,64.49015808,8.183087713621154,0.14740658379623514,6,64,,True,True,,92,59.56268577710819
154,2026-09-21T07:58:44.112+00:00,2026-09-21T08:01:39.729+00:00,2026-09-21T08:01:40.709+00:00,True,17,17.0,,17.0,175617.17744499998,176596.21974899998,176596.219578,10388.01291635294,44.305172,175617.17744499998,42578.58198178121,35186.750261,61.190144,8.891088872317587,0.09626480127469585,6,64,,True,True,,153,59.56268577710819
155,2026-09-21T07:58:44.401+00:00,2026-09-21T08:01:41.033+00:00,2026-09-21T08:01:41.642+00:00,True,10,10.0,,10.0,176631.352445,177240.514941,177240.514878,17724.0514878,48.120173,176631.352445,55834.33526120242,97183.52876405,67.68472177777778,11.513139618490015,0.05642050861412138,6,64,,True,True,,66,59.56268577710819
156,2026-09-21T07:58:44.722+00:00,2026-09-21T08:01:43.028+00:00,2026-09-21T08:01:43.231+00:00,True,4,4.0,,4.0,178306.460849,178509.94756899998,178509.94767,44627.4869175,50.816722999999996,178306.460849,89119.31679630095,151572.36743674998,67.82890666666667,15.003484234614483,0.02240771483311241,6,64,,True,True,,18,59.56268577710819
157,2026-09-21T07:58:44.932+00:00,2026-09-21T08:01:43.802+00:00,2026-09-21T08:01:49.443+00:00,True,91,91.0,,91.0,178870.22440200002,184510.72001800002,184510.719955,2027.5903291758243,41.922551,178870.22440200002,18744.126453121466,75.35415549999999,62.67217351111111,8.450686933929846,0.49319627602733573,6,64,,True,True,,93,59.56268577710819
158,2026-09-21T07:58:45.207+00:00,2026-09-21T08:01:45.130+00:00,2026-09-21T08:01:46.221+00:00,True,19,19.0,,19.0,179923.20612299998,181014.12733899997,181014.12730199998,9527.05933168421,48.610023,179923.20612299998,41263.3110617752,18057.2799771,60.60673422222222,8.499050960551658,0.10496418306852451,6,64,,True,True,,137,59.56268577710819
159,2026-09-21T07:58:45.524+00:00,2026-09-21T08:01:46.839+00:00,2026-09-21T08:01:47.229+00:00,True,7,7.0,,7.0,181314.216002,181705.110594,181705.110543,25957.872934714287,55.047793,181314.216002,68505.70875945705,126944.8624859,65.14909866666666,10.733389197416791,0.03852395773083525,6,64,,True,True,,37,59.56268577710819
160,2026-09-21T07:58:45.839+00:00,2026-09-21T08:01:48.518+00:00,2026-09-21T08:01:52.522+00:00,True,64,64.0,,64.0,182678.24019,186682.829246,186682.829207,2916.919206359375,43.983053,182678.24019,22826.836353555944,77.08404499999999,63.56490565079365,9.493835838572274,0.34282745905711787,6,64,,True,True,,303,59.56268577710819
161,2026-09-21T07:58:46.098+00:00,2026-09-21T08:01:49.882+00:00,2026-09-21T08:01:50.322+00:00,True,8,8.0,,8.0,183784.10963800002,184224.66464600002,184224.664702,23028.08308775,51.271473,183784.10963800002,64955.244462841445,119486.74878510002,62.936429714285715,10.69085094659737,0.043425238500895275,6,64,,True,True,,34,59.56268577710819
162,2026-09-21T07:58:46.435+00:00,2026-09-21T08:01:51.543+00:00,2026-09-21T08:01:54.060+00:00,True,41,41.0,,41.0,185107.70563299998,187624.54531299998,187624.54536,4576.208423414633,41.333853000000005,185107.70563299998,28899.141568226518,76.42821400000001,62.920992,9.217245752601782,0.218521515570379,6,64,,True,True,,205,59.56268577710819
163,2026-09-21T07:58:46.639+00:00,2026-09-21T08:01:52.256+00:00,2026-09-21T08:01:58.089+00:00,True,94,94.0,,94.0,185617.314029,191450.698733,191450.698714,2036.709560787234,42.974812,185617.314029,19138.496846103513,76.3502265,62.72456670967742,9.340649378401114,0.49098802261930524,6,64,,True,True,,376,59.56268577710819
164,2026-09-21T07:58:46.971+00:00,2026-09-21T08:01:54.063+00:00,2026-09-21T08:01:54.948+00:00,True,15,15.0,,15.0,187092.348684,187976.880908,187976.88085,12531.792056666667,41.832191,187092.348684,48290.72457089739,56181.593303,63.180873142857145,10.651212129068957,0.07979704699612145,6,64,,True,True,,165,59.56268577710819
165,2026-09-21T07:58:47.312+00:00,2026-09-21T08:01:55.910+00:00,2026-09-21T08:01:56.104+00:00,True,4,4.0,,4.0,188597.605266,188791.113362,188791.113327,47197.77833175,50.083922,188597.605266,94266.55187212222,160319.16726284998,64.50269866666666,12.835961212245126,0.021187437950694995,6,64,,True,True,,18,59.56268577710819
166,2026-09-21T07:58:47.578+00:00,2026-09-21T08:01:57.189+00:00,2026-09-21T08:02:00.297+00:00,True,50,50.0,,50.0,189611.63214899998,192719.48725299997,192719.48727599997,3854.3897455199995,43.370892,189611.63214899998,26806.1661340418,77.29848895,63.425614367346945,9.627639813114873,0.2594444428671635,6,64,,True,True,,200,59.56268577710819
167,2026-09-21T07:58:47.773+00:00,2026-09-21T08:01:58.348+00:00,2026-09-21T08:02:03.545+00:00,True,84,84.0,,84.0,190575.115541,195772.285205,195772.285152,2330.6224422857144,44.814201999999995,190575.115541,20786.619516824194,75.81176415,62.61650197590362,8.494686786050917,0.4290699263792148,6,64,,True,True,,252,59.56268577710819
168,2026-09-21T07:58:48.056+00:00,2026-09-21T08:01:59.666+00:00,2026-09-21T08:02:01.522+00:00,True,31,31.0,,31.0,191609.59413299998,193465.87138099998,193465.871333,6240.834559129032,44.654553,191609.59413299998,34402.98685950408,77.3604995,61.87590826666666,8.747127804489342,0.16023497983760907,6,64,,True,True,,303,59.56268577710819
169,2026-09-21T07:58:48.356+00:00,2026-09-21T08:02:01.578+00:00,2026-09-21T08:02:04.558+00:00,True,49,49.0,,49.0,193221.861665,196201.942305,196201.942486,4004.12127522449,43.200143,193221.861665,27594.255254694683,77.356298,62.085013333333336,9.033526835649381,0.24974268564491822,6,64,,True,True,,437,59.56268577710819
170,2026-09-21T07:58:48.622+00:00,2026-09-21T08:02:03.177+00:00,2026-09-21T08:02:05.467+00:00,True,37,37.0,,37.0,194554.386393,196845.195737,196845.195817,5320.140427486486,47.492663,194554.386393,31974.084047945664,78.7931588,63.63359288888889,9.059163351760313,0.18796496333816948,6,64,,True,True,,37,59.56268577710819
171,2026-09-21T07:58:48.885+00:00,2026-09-21T08:02:04.498+00:00,2026-09-21T08:02:06.384+00:00,True,31,31.0,,31.0,195613.003108,197499.502436,197499.50233000002,6370.951688064516,53.222792999999996,195613.003108,35121.83919797076,78.49627950000001,62.88331093333333,7.950210817023898,0.15696242075367048,6,64,,True,True,,121,59.56268577710819
172,2026-09-21T07:58:49.104+00:00,2026-09-21T08:02:05.467+00:00,2026-09-21T08:02:10.503+00:00,True,81,81.0,,81.0,196363.263697,201398.86612899997,201398.86617999998,2486.405755308642,43.949132,196363.263697,21811.148176202274,77.062505,62.9450304,8.55749609366657,0.4021869713413277,6,64,,True,True,,243,59.56268577710819
173,2026-09-21T07:58:49.351+00:00,2026-09-21T08:02:07.058+00:00,2026-09-21T08:02:13.069+00:00,True,96,96.0,,96.0,197706.82007800002,203718.19979,203718.19983300002,2122.06458159375,45.764513,197706.82007800002,20171.911279898028,76.822914,63.27768117894737,8.334711910627263,0.471239192663985,6,64,,True,True,,288,59.56268577710819
174,2026-09-21T07:58:49.577+00:00,2026-09-21T08:02:08.232+00:00,2026-09-21T08:02:14.250+00:00,True,97,97.0,,97.0,198654.145308,204672.81538800002,204672.815385,2110.029024587629,42.695692,198654.145308,20163.90884569529,77.623696,62.69448,9.124618621293639,0.47392713006911186,6,64,,True,True,,485,59.56268577710819
175,2026-09-21T07:58:49.834+00:00,2026-09-21T08:02:09.505+00:00,2026-09-21T08:02:09.799+00:00,True,6,6.0,,6.0,199671.494901,199965.193973,199965.194146,33327.53235766666,47.606412,199671.494901,81491.56657492195,149771.78399924998,58.7398144,10.777675496324651,0.03000522181280279,6,64,,True,True,,30,59.56268577710819
176,2026-09-21T07:58:50.123+00:00,2026-09-21T08:02:11.298+00:00,2026-09-21T08:02:15.485+00:00,True,67,67.0,,67.0,201174.622578,205361.629298,205361.62921400002,3065.0989434925373,41.610082000000006,201174.622578,24569.643497192206,77.53275,63.439495757575756,10.004588000661146,0.32625374189438466,6,64,,True,True,,168,59.56268577710819
177,2026-09-21T07:58:50.377+00:00,2026-09-21T08:02:12.633+00:00,2026-09-21T08:02:17.167+00:00,True,72,72.0,,72.0,202256.45854300002,206789.807919,206789.80789800003,2872.08066525,44.835334,202256.45854300002,23828.629248318986,77.60002904999999,63.84999121126761,9.36100962007322,0.3481796357594304,6,64,,True,True,,432,59.56268577710819
178,2026-09-21T07:58:50.663+00:00,2026-09-21T08:02:14.252+00:00,2026-09-21T08:02:19.098+00:00,True,77,77.0,,77.0,203589.398973,208435.360445,208435.360503,2706.952733805195,42.651241999999996,203589.398973,23193.90058363796,76.86492759999999,63.76265094736842,9.054613566845287,0.36941908434158444,6,64,,True,True,,154,59.56268577710819
179,2026-09-21T07:58:50.911+00:00,2026-09-21T08:02:15.731+00:00,2026-09-21T08:02:16.589+00:00,True,14,14.0,,14.0,204819.87778600003,205677.68924200002,205677.68942200002,14691.263530142858,50.925272,204819.87778600003,54722.78032366891,71738.98109635,65.98549661538462,9.66411275510516,0.06806766476031158,6,64,,True,True,,28,59.56268577710819
180,2026-09-21T07:58:51.228+00:00,2026-09-21T08:02:17.353+00:00,2026-09-21T08:02:22.999+00:00,True,91,91.0,,91.0,206124.123311,211770.913455,211770.913456,2327.1528951208793,41.914182000000004,206124.123311,21601.104462390413,79.42982400000001,62.74211271111111,10.084833925455678,0.4297096259129889,6,64,,True,True,,273,59.56268577710819
181,2026-09-21T07:58:51.492+00:00,2026-09-21T08:02:18.796+00:00,2026-09-21T08:02:23.965+00:00,True,83,83.0,,83.0,207303.13744999998,212472.80221799997,212472.80216,2559.9132790361446,43.202682,207303.13744999998,22747.557402772258,76.45711709999999,63.044692292682925,9.551738819905028,0.39063823291058625,6,64,,True,True,,494,59.56268577710819
182,2026-09-21T07:58:51.803+00:00,2026-09-21T08:02:20.301+00:00,2026-09-21T08:02:25.048+00:00,True,77,77.0,,77.0,208498.147379,213245.298483,213245.29840600002,2769.4194598181816,43.859112,208498.147379,23753.45296757227,77.747526,62.462514526315786,10.210290279648808,0.36108650717163865,6,64,,True,True,,232,59.56268577710819
183,2026-09-21T07:58:52.120+00:00,2026-09-21T08:02:22.122+00:00,2026-09-21T08:02:22.761+00:00,True,12,12.0,,12.0,210002.747395,210640.96998700002,210640.97014000002,17553.414178333336,43.521222,210002.747395,60605.8232536607,94543.16104850001,58.02023563636363,10.877900540434366,0.056968974272861524,6,64,,True,True,,45,59.56268577710819
184,2026-09-21T07:58:52.464+00:00,2026-09-21T08:02:23.841+00:00,2026-09-21T08:02:27.741+00:00,True,65,65.0,,65.0,211376.98166299998,215276.830623,215276.83069499998,3311.9512414615383,41.510732000000004,211376.98166299998,26210.53140509322,75.89829800000001,60.93514,9.40303743860088,0.30193681229834796,6,64,,True,True,,443,59.56268577710819
185,2026-09-21T07:58:52.666+00:00,2026-09-21T08:02:24.925+00:00,2026-09-21T08:02:30.735+00:00,True,95,95.0,,95.0,212259.441031,218069.397127,218069.396969,2295.4673365157896,45.032682,212259.441031,21771.019513162322,76.8082313,61.80804357446809,8.730994198473903,0.4356411364987338,6,64,,True,True,,665,59.56268577710819
186,2026-09-21T07:58:53.721+00:00,2026-09-21T08:02:27.858+00:00,2026-09-21T08:02:31.632+00:00,True,61,61.0,,61.0,214137.03643799998,217910.565014,217910.56506,3572.3043452459015,43.448001,214137.03643799998,27409.387219699805,78.605754,62.89214293333333,9.76350929863191,0.2799313562244261,6,64,,True,True,,244,59.56268577710819
187,2026-09-21T07:58:53.767+00:00,2026-09-21T08:02:29.227+00:00,2026-09-21T08:02:30.539+00:00,True,22,22.0,,22.0,215460.351451,216771.441371,216771.441397,9853.247336227272,43.632731,215460.351451,45922.99129998953,77.42342505,62.432853333333334,8.525670806150313,0.10148938375303526,6,64,,True,True,,95,59.56268577710819
188,2026-09-21T07:58:53.773+00:00,2026-09-21T08:02:29.565+00:00,2026-09-21T08:02:32.008+00:00,True,40,40.0,,40.0,215792.248693,218235.520885,218235.520908,5455.8880227,39.771953,215792.248693,34109.84657911577,80.52836345,62.64800492307692,11.020221273082983,0.1832882192495059,6,64,,True,True,,440,59.56268577710819
189,2026-09-21T07:58:53.788+00:00,2026-09-21T08:02:30.480+00:00,2026-09-21T08:02:35.425+00:00,True,78,78.0,,78.0,216692.304393,221636.501001,221636.500976,2841.49360225641,42.699631000000004,216692.304393,24528.303518643974,77.57290285,64.21034555844156,9.805720046198344,0.3519275915642075,6,64,,True,True,,101,59.56268577710819
190,2026-09-21T07:58:53.950+00:00,2026-09-21T08:02:31.380+00:00,2026-09-21T08:02:35.828+00:00,True,70,70.0,,70.0,217430.518778,221878.267642,221878.26768299998,3169.6895383285714,40.037561000000004,217430.518778,25980.215175200512,79.99260545,64.46012846376811,10.206146865376917,0.31548831142374345,6,64,,True,True,,184,59.56268577710819
191,2026-09-21T07:58:54.275+00:00,2026-09-21T08:02:33.319+00:00,2026-09-21T08:02:39.616+00:00,True,100,100.0,,100.0,219044.297602,225340.865922,225340.866144,2253.4086614400003,43.790432,219044.297602,21898.07208835785,79.0651605,63.601700202020204,10.513666689399573,0.4437721475456397,6,64,,True,True,,388,59.56268577710819
192,2026-09-21T07:58:54.614+00:00,2026-09-21T08:02:35.249+00:00,2026-09-21T08:02:40.418+00:00,True,83,83.0,,83.0,220634.730484,225804.2949,225804.294925,2720.5336737951807,44.846432,220634.730484,24210.89004185283,76.6351542,63.04346848780487,10.004770728790321,0.36757493933743596,6,64,,True,True,,498,59.56268577710819
193,2026-09-21T07:58:54.878+00:00,2026-09-21T08:02:36.664+00:00,2026-09-21T08:02:38.075+00:00,True,23,23.0,,23.0,221785.277696,223196.75494400001,223196.75495600002,9704.206737217391,50.184211000000005,221785.277696,46232.05017186278,78.01880709999999,64.15805672727272,8.946654930519728,0.1030480931757753,6,64,,True,True,,46,59.56268577710819
194,2026-09-21T07:58:55.161+00:00,2026-09-21T08:02:37.840+00:00,2026-09-21T08:02:38.407+00:00,True,11,11.0,,11.0,222678.83961899998,223245.87245099997,223245.87237799997,20295.079307090906,45.266881999999995,222678.83961899998,67123.1002284556,111376.54562099998,56.7032832,9.195442155810078,0.049273027443830476,6,64,,True,True,,38,59.56268577710819
195,2026-09-21T07:58:55.414+00:00,2026-09-21T08:02:39.066+00:00,2026-09-21T08:02:43.319+00:00,True,68,68.0,,68.0,223652.067416,227905.337176,227905.337234,3351.5490769705884,44.936113,223652.067416,27114.100427310295,78.365115,63.48163820895522,9.747920549595454,0.2983694934159746,6,64,,True,True,,68,59.56268577710819
196,2026-09-21T07:58:55.629+00:00,2026-09-21T08:02:39.997+00:00,2026-09-21T08:02:40.416+00:00,True,8,8.0,,8.0,224368.027215,224786.392655,224786.39275,28098.29909375,48.522341999999995,224368.027215,79304.94637405974,145862.90588995,59.76649142857143,6.962301382687932,0.03558934286684481,6,64,,True,True,,24,59.56268577710819
197,2026-09-21T07:58:55.820+00:00,2026-09-21T08:02:41.047+00:00,2026-09-21T08:02:41.982+00:00,True,16,16.0,,16.0,225227.74562200002,226162.491478,226162.491375,14135.1557109375,43.119601,225227.74562200002,56291.358562449415,56369.12658775001,62.316390399999996,12.293187408223588,0.07074559488374049,6,64,,True,True,,112,59.56268577710819
198,2026-09-21T07:58:56.090+00:00,2026-09-21T08:02:42.447+00:00,2026-09-21T08:02:44.900+00:00,True,40,40.0,,40.0,226356.804283,228810.13650700002,228810.136519,5720.253412975,46.794941,226356.804283,35780.208547376795,81.45129999999999,62.905954461538464,10.777641948940452,0.1748174299034006,6,64,,True,True,,83,59.56268577710819
199,2026-09-21T07:58:56.410+00:00,2026-09-21T08:02:44.238+00:00,2026-09-21T08:02:47.474+00:00,True,52,52.0,,52.0,227828.446803,231063.750227,231063.750216,4443.533658,44.471540999999995,227828.446803,31585.32544788454,78.68736354999999,63.43732203921569,10.105122950390733,0.22504611800386054,6,64,,True,True,,104,59.56268577710819
200,2026-09-21T07:58:56.629+00:00,2026-09-21T08:02:45.609+00:00,2026-09-21T08:02:51.271+00:00,True,91,91.0,,91.0,228980.020328,234642.29924000002,234642.299176,2578.486804131868,44.525362,228980.020328,23997.034730987598,76.1604715,62.914210133333334,8.839467588799947,0.38782436199588266,6,64,,True,True,,912,59.56268577710819
201,2026-09-21T07:58:56.823+00:00,2026-09-21T08:02:46.674+00:00,2026-09-21T08:02:50.015+00:00,True,54,54.0,,54.0,229850.952646,233191.75623,233191.756122,4318.365854111111,44.549872,229850.952646,31270.1762628449,78.71218365,63.03402988679245,9.036805985200697,0.2315690780541106,6,64,,True,True,,180,59.56268577710819
202,2026-09-21T07:58:57.121+00:00,2026-09-21T08:02:47.951+00:00,2026-09-21T08:02:50.269+00:00,True,38,38.0,,38.0,230829.75639899998,233147.66769499998,233147.66765999998,6135.464938421052,42.275101,230829.75639899998,37435.369671451575,77.29643200000001,62.64625124324324,9.254059911182182,0.1629868330903099,6,64,,True,True,,157,59.56268577710819
203,2026-09-21T07:58:57.413+00:00,2026-09-21T08:02:49.519+00:00,2026-09-21T08:02:55.088+00:00,True,90,90.0,,90.0,232105.42699399998,237675.16753799998,237675.16748899998,2640.835194322222,41.682821000000004,232105.42699399998,24459.46536439883,76.48777199999999,62.58135442696629,9.433569925463072,0.3786680827125561,6,64,,True,True,,448,59.56268577710819
204,2026-09-21T07:58:57.674+00:00,2026-09-21T08:02:50.898+00:00,2026-09-21T08:02:55.729+00:00,True,78,78.0,,78.0,233223.642585,238055.147993,238055.148069,3051.9890778076924,40.803231,233223.642585,26400.27470773168,78.6047215,62.74682348051948,10.22582528706841,0.32765517006292,6,64,,True,True,,85,59.56268577710819
205,2026-09-21T07:58:57.865+00:00,2026-09-21T08:02:51.847+00:00,2026-09-21T08:02:53.105+00:00,True,20,20.0,,20.0,233982.040538,235240.06396200001,235240.064022,11762.0032011,44.448260999999995,233982.040538,52305.17019757855,11771.56538875,66.21175915789473,9.292559088125277,0.08501953138063566,6,64,,True,True,,61,59.56268577710819
206,2026-09-21T07:58:58.056+00:00,2026-09-21T08:02:53.105+00:00,2026-09-21T08:02:58.326+00:00,True,84,84.0,,84.0,235049.182512,240269.585456,240269.585356,2860.3522066190476,46.48148200000001,235049.182512,25639.107298118714,77.58203135,62.896421012048194,8.839456442332095,0.34960729565741366,6,64,,True,True,,336,59.56268577710819
207,2026-09-21T07:58:58.255+00:00,2026-09-21T08:02:54.044+00:00,2026-09-21T08:02:57.445+00:00,True,56,56.0,,56.0,235788.33987400003,239189.47881800003,239189.47877300004,4271.240692375,43.650411999999996,235788.33987400003,31500.280002438987,75.2076005,61.838889890909094,9.13325270483872,0.23412401028981114,6,64,,True,True,,140,59.56268577710819
208,2026-09-21T07:58:58.604+00:00,2026-09-21T08:02:55.855+00:00,2026-09-21T08:03:00.229+00:00,True,71,71.0,,71.0,237251.112515,241624.654147,241624.65393499998,3403.1641399295772,45.919581,237251.112515,28149.11334795599,77.746093,62.47916617142857,8.905369108708706,0.2938441867641739,6,64,,True,True,,478,59.56268577710819
209,2026-09-21T07:58:58.829+00:00,2026-09-21T08:02:57.181+00:00,2026-09-21T08:02:58.382+00:00,True,19,19.0,,19.0,238352.276645,239552.765861,239552.766058,12608.040318842106,57.765473,238352.276645,54666.46224490411,23903.3820653,66.69384533333334,6.793377247833554,0.079314467239442,6,64,,True,True,,38,59.56268577710819
210,2026-09-21T07:58:59.136+00:00,2026-09-21T08:02:58.706+00:00,2026-09-21T08:03:04.255+00:00,True,89,89.0,,89.0,239569.978847,245119.33231899998,245119.33223099998,2754.1498003483143,46.509012000000006,239569.978847,25387.684394524505,79.198279,63.06083490909091,9.775011800133555,0.3630884563775443,6,64,,True,True,,183,59.56268577710819
211,2026-09-21T07:58:59.378+00:00,2026-09-21T08:03:00.033+00:00,2026-09-21T08:03:05.397+00:00,True,85,85.0,,85.0,240655.137818,246018.39849,246018.398256,2894.3340971294115,42.079702,240655.137818,26095.791135873547,80.11242700000001,63.84834133333334,9.882273224881772,0.3455026149333097,6,64,,True,True,,425,59.56268577710819
212,2026-09-21T07:58:59.587+00:00,2026-09-21T08:03:01.025+00:00,2026-09-21T08:03:02.161+00:00,True,20,20.0,,20.0,241437.848841,242573.847817,242573.8478,12128.69239,46.658122000000006,241437.848841,53973.77542047191,12141.617818399998,59.78941978947368,7.593100650201102,0.0824491188146885,6,64,,True,True,,140,59.56268577710819
213,2026-09-21T07:58:59.862+00:00,2026-09-21T08:03:02.642+00:00,2026-09-21T08:03:03.828+00:00,True,20,20.0,,20.0,242779.93170800002,243965.767484,243965.76767000003,12198.288383500001,50.571852,242779.93170800002,54273.28763744654,12211.842911250002,62.4124092631579,6.696916182455863,0.08197871449858907,6,64,,True,True,,65,59.56268577710819
214,2026-09-21T07:59:00.188+00:00,2026-09-21T08:03:04.178+00:00,2026-09-21T08:03:06.328+00:00,True,34,34.0,,34.0,243989.20819900002,246139.352711,246139.352894,7239.392732176471,44.586962,243989.20819900002,41832.63088434201,79.0463395,65.15589430303031,9.439844305754997,0.13813313322522822,6,64,,True,True,,255,59.56268577710819
215,2026-09-21T07:59:00.522+00:00,2026-09-21T08:03:05.920+00:00,2026-09-21T08:03:12.054+00:00,True,97,97.0,,97.0,245398.37296500002,251532.475493,251532.47551000002,2593.1183042268044,42.540582,245398.37296500002,24909.943676327817,77.87501420000001,63.89690133333334,9.337095827683722,0.38563608858013826,6,64,,True,True,,202,59.56268577710819
216,2026-09-21T07:59:00.794+00:00,2026-09-21T08:03:07.562+00:00,2026-09-21T08:03:11.360+00:00,True,61,61.0,,61.0,246768.197065,250565.832393,250565.83235799999,4107.636596032787,43.537091000000004,246768.197065,31587.327660242674,77.860493,63.29392213333333,10.13109796245776,0.2434489946910421,6,64,,True,True,,409,59.56268577710819
218,2026-09-21T07:59:01.413+00:00,2026-09-21T08:03:09.540+00:00,2026-09-21T08:03:13.382+00:00,True,62,62.0,,62.0,248126.814459,251968.73087499998,251968.73078399998,4064.0117868387097,44.136631,248126.814459,31504.13970321367,76.25854165000001,62.98223632786885,9.823928674864812,0.24606227838150993,6,64,,True,True,,307,59.56268577710819
219,2026-09-21T07:59:01.708+00:00,2026-09-21T08:03:11.000+00:00,2026-09-21T08:03:13.249+00:00,True,37,37.0,,37.0,249292.12346,251540.93754,251540.937669,6798.403720783784,42.287352,249292.12346,40973.10444306031,78.31737079999999,62.467057777777775,10.566554186931992,0.14709335331993928,6,64,,True,True,,172,59.56268577710819
220,2026-09-21T07:59:01.916+00:00,2026-09-21T08:03:11.937+00:00,2026-09-21T08:03:13.973+00:00,True,33,33.0,,33.0,250020.62218099998,252056.86717299998,252056.867243,7638.086886151515,42.950731,250020.62218099998,43511.928108647306,81.898775,63.632656,10.734688447690104,0.13092283646194156,6,64,,True,True,,131,59.56268577710819
217,2026-09-21T07:59:01.136+00:00,2026-09-21T08:03:13.774+00:00,2026-09-21T08:03:16.449+00:00,True,43,43.0,,43.0,252637.925557,255312.788405,255312.788471,5937.506708627907,40.071141000000004,252637.925557,38517.21157185384,80.90377709999999,63.687210666666665,10.211705408331484,0.16842086238073414,6,64,,True,True,,100,59.56268577710819
221,2026-09-21T07:59:02.235+00:00,2026-09-21T08:03:14.709+00:00,2026-09-21T08:03:16.256+00:00,True,26,26.0,,26.0,252473.947725,254021.210701,254021.210739,9770.046566884615,43.814862,252473.947725,49502.078051255055,77.212037,61.89051904,9.793602524988053,0.10235365750856035,6,64,,True,True,,51,59.56268577710819
222,2026-09-21T07:59:02.477+00:00,2026-09-21T08:03:16.038+00:00,2026-09-21T08:03:16.934+00:00,True,16,16.0,,16.0,253561.55896700002,254457.389239,254457.38903800002,15903.586814875001,42.002151,253561.55896700002,63375.459953938094,63447.512451500006,59.722018133333336,9.842711393048317,0.06287889712242525,6,64,,True,True,,33,59.56268577710819
223,2026-09-21T07:59:02.759+00:00,2026-09-21T08:03:17.534+00:00,2026-09-21T08:03:18.647+00:00,True,19,19.0,,19.0,254775.28879,255888.505558,255888.505472,13467.816077473684,46.303002,254775.28879,58435.2721339456,25547.5412227,61.845376,8.510671564194713,0.07425108821737769,6,64,,True,True,,114,59.56268577710819
224,2026-09-21T07:59:02.953+00:00,2026-09-21T08:03:18.646+00:00,2026-09-21T08:03:23.986+00:00,True,84,84.0,,84.0,255692.598631,261032.429159,261032.429186,3107.5289188809525,43.461762,255692.598631,27891.332213980157,76.6641815,64.33530756626506,10.786058910393292,0.32179909703416176,6,64,,True,True,,746,59.56268577710819
225,2026-09-21T07:59:03.208+00:00,2026-09-21T08:03:19.942+00:00,2026-09-21T08:03:25.752+00:00,True,92,92.0,,92.0,256734.257768,262544.23152800003,262544.231632,2853.7416481739133,41.032351999999996,256734.257768,26759.742269385646,78.04578004999999,63.845865494505496,10.397247694983346,0.35041714481618047,6,64,,True,True,,215,59.56268577710819
226,2026-09-21T07:59:03.495+00:00,2026-09-21T08:03:21.629+00:00,2026-09-21T08:03:23.113+00:00,True,24,24.0,,24.0,258133.771057,259617.624625,259617.624719,10817.401029958333,50.158461,258133.771057,52678.167104076114,81.5795215,64.51537252173914,9.832168348723032,0.09244364682354045,6,64,,True,True,,127,59.56268577710819
227,2026-09-21T07:59:03.776+00:00,2026-09-21T08:03:22.902+00:00,2026-09-21T08:03:22.957+00:00,True,2,2.0,,2.0,259126.453433,259181.645497,259181.64559499998,129590.82279749999,55.192161999999996,259126.453433,183191.04565527587,246172.89036944997,55.192064,nan,0.007716595811269166,6,64,,True,True,,12,59.56268577710819
228,2026-09-21T07:59:04.117+00:00,2026-09-21T08:03:24.601+00:00,2026-09-21T08:03:24.601+00:00,True,1,1.0,,1.0,260484.570588,260484.570588,260484.570588,260484.570588,260484.570588,260484.570588,nan,260484.570588,nan,nan,0.003838998976955405,6,64,,True,True,,5,59.56268577710819
229,2026-09-21T07:59:04.439+00:00,2026-09-21T08:03:26.387+00:00,2026-09-21T08:03:31.049+00:00,True,75,75.0,,75.0,261947.244526,266610.036974,266610.036769,3554.8004902533335,42.628661,261947.244526,30239.788320447955,77.3645983,63.01070875675676,10.334182071974098,0.2813097393153059,6,64,,True,True,,300,59.56268577710819
231,2026-09-21T07:59:05.573+00:00,2026-09-21T08:03:28.085+00:00,2026-09-21T08:03:32.590+00:00,True,72,72.0,,72.0,262511.743548,267016.640316,267016.640303,3708.5644486527776,41.380342,262511.743548,30929.82972008929,78.3291335,63.44925025352113,10.077529050894778,0.2696461161176766,6,64,,True,True,,216,59.56268577710819
230,2026-09-21T07:59:05.563+00:00,2026-09-21T08:03:28.662+00:00,2026-09-21T08:03:31.757+00:00,True,50,50.0,,50.0,263099.39979,266194.545262,266194.545228,5323.89090456,43.278741000000004,263099.39979,37198.9420441288,76.67039995,63.166234122448984,9.36592479224453,0.18783254912600808,6,64,,True,True,,593,59.56268577710819
232,2026-09-21T07:59:05.609+00:00,2026-09-21T08:03:29.157+00:00,2026-09-21T08:03:35.126+00:00,True,95,95.0,,95.0,263548.409523,269517.341363,269517.34142300003,2837.024646557895,43.730941,263548.409523,27032.98307157015,77.42691310000001,63.49927489361702,9.553267311276734,0.35248195726318426,6,64,,True,True,,380,59.56268577710819
233,2026-09-21T07:59:05.629+00:00,2026-09-21T08:03:30.397+00:00,2026-09-21T08:03:32.094+00:00,True,27,27.0,,27.0,264768.131154,266464.608594,266464.608448,9869.059572148148,47.776970999999996,264768.131154,50942.094453910904,78.937225,65.2491323076923,10.57796736613239,0.1013267770998387,6,64,,True,True,,270,59.56268577710819
234,2026-09-21T07:59:05.784+00:00,2026-09-21T08:03:32.410+00:00,2026-09-21T08:03:36.116+00:00,True,60,60.0,,60.0,266626.005628,270331.945084,270331.94489600003,4505.532414933334,43.567631,266626.005628,34413.16141489687,76.86906454999999,62.81253315254237,9.020512101493102,0.22194935186574513,6,64,,True,True,,122,59.56268577710819
235,2026-09-21T07:59:06.023+00:00,2026-09-21T08:03:34.868+00:00,2026-09-21T08:03:37.236+00:00,True,38,38.0,,38.0,268844.537844,271212.832756,271212.83274399996,7137.179809052631,49.245000999999995,268844.537844,43601.96029455304,76.90985,64.0079705945946,8.286616158270112,0.1401113642516583,6,64,,True,True,,76,59.56268577710819
236,2026-09-21T07:59:06.249+00:00,2026-09-21T08:03:36.268+00:00,2026-09-21T08:03:38.802+00:00,True,41,41.0,,41.0,270018.93541000003,272552.69899400003,272552.69919300004,6647.626809585367,45.707800999999996,270018.93541000003,42159.98136145104,78.18816199999999,63.344089600000004,9.854306659546735,0.15042962389047035,6,64,,True,True,,45,59.56268577710819
237,2026-09-21T07:59:06.531+00:00,2026-09-21T08:03:37.622+00:00,2026-09-21T08:03:38.222+00:00,True,11,11.0,,11.0,271090.752369,271690.677105,271690.677212,24699.15247381818,48.300411,271090.752369,81718.84926531753,135582.30278549998,59.992473600000004,8.842329673826955,0.040487219205349624,6,64,,True,True,,40,59.56268577710819
238,2026-09-21T07:59:06.831+00:00,2026-09-21T08:03:38.934+00:00,2026-09-21T08:03:39.780+00:00,True,14,14.0,,14.0,272103.13388599997,272949.10431799997,272949.10449399997,19496.364606714284,43.487721,272103.13388599997,72705.23017820637,95286.96876039999,65.07464861538462,9.903363075973447,0.05129161363244215,6,64,,True,True,,14,59.56268577710819
239,2026-09-21T07:59:07.048+00:00,2026-09-21T08:03:40.110+00:00,2026-09-21T08:03:44.779+00:00,True,73,73.0,,73.0,273062.316548,277730.673924,277730.67405499995,3804.529781575342,48.310139,273062.316548,31951.939816709444,77.83212999999999,64.83829688888889,10.742439928977431,0.2628445715721562,6,64,,True,True,,146,59.56268577710819
240,2026-09-21T07:59:07.353+00:00,2026-09-21T08:03:41.869+00:00,2026-09-21T08:03:42.308+00:00,True,8,8.0,,8.0,274516.251323,274954.771131,274954.771061,34369.346382625,47.252391,274516.251323,97034.00353827408,178464.05233865,62.645686857142856,12.602987978110315,0.029095694419459493,6,64,,True,True,,31,59.56268577710819
241,2026-09-21T07:59:07.565+00:00,2026-09-21T08:03:42.850+00:00,2026-09-21T08:03:45.456+00:00,True,42,42.0,,42.0,275284.765592,277891.238296,277891.238156,6616.458051333333,46.142072,275284.765592,42467.55303444126,77.84032755,63.57250497560976,9.142141409068175,0.15113826638630137,6,64,,True,True,,84,59.56268577710819
242,2026-09-21T07:59:07.766+00:00,2026-09-21T08:03:43.824+00:00,2026-09-21T08:03:48.346+00:00,True,73,73.0,,73.0,276058.182431,280579.845663,280579.845516,3843.559527616438,45.211191,276058.182431,32302.81741717964,76.793157,62.800878222222224,9.366775894028969,0.2601754941717344,6,64,,True,True,,83,59.56268577710819
243,2026-09-21T07:59:08.105+00:00,2026-09-21T08:03:45.907+00:00,2026-09-21T08:03:48.890+00:00,True,48,48.0,,48.0,277802.34218000004,280785.59978000005,280785.59964200004,5849.699992541668,43.23014,277802.34218000004,40088.153710626655,77.318463,63.47356595744681,9.364618527331121,0.17094893768629432,6,64,,True,True,,523,59.56268577710819
244,2026-09-21T07:59:08.320+00:00,2026-09-21T08:03:46.838+00:00,2026-09-21T08:03:47.395+00:00,True,10,10.0,,10.0,278518.648566,279075.78622999997,279075.786188,27907.5786188,47.373452,278518.648566,88055.7545883052,153217.75706625,61.904184888888885,8.66391665425142,0.03583256052088486,6,64,,True,True,,38,59.56268577710819
245,2026-09-21T07:59:08.625+00:00,2026-09-21T08:03:48.478+00:00,2026-09-21T08:03:49.693+00:00,True,20,20.0,,20.0,279853.04468,281067.45107999997,281067.451015,14053.37255075,43.635431,279853.04468,62562.75182564963,14067.270080900002,63.91612631578948,9.911112506879432,0.07115729666722391,6,64,,True,True,,90,59.56268577710819
246,2026-09-21T07:59:08.877+00:00,2026-09-21T08:03:49.813+00:00,2026-09-21T08:03:52.063+00:00,True,36,36.0,,36.0,280936.305831,283185.527975,283185.52791799995,7866.264664388888,46.580180999999996,280936.305831,46812.007955695735,80.72066175,64.26348982857144,9.306005502568523,0.12712514038915906,6,64,,True,True,,252,59.56268577710819
247,2026-09-21T07:59:09.234+00:00,2026-09-21T08:03:51.627+00:00,2026-09-21T08:03:53.342+00:00,True,28,28.0,,28.0,282392.793252,284107.684772,284107.684878,10146.703031357143,47.440881000000005,282392.793252,53355.219415343934,79.65515465,63.514500740740736,9.913912983598696,0.09855418033648175,6,64,,True,True,,112,59.56268577710819
248,2026-09-21T07:59:09.558+00:00,2026-09-21T08:03:53.209+00:00,2026-09-21T08:03:56.028+00:00,True,45,45.0,,45.0,283651.494092,286470.337228,286470.337281,6366.007495133334,44.124091,283651.494092,42274.719144772134,78.093487,64.06461672727272,9.989992963922983,0.1570843265499589,6,64,,True,True,,404,59.56268577710819
249,2026-09-21T07:59:09.844+00:00,2026-09-21T08:03:54.527+00:00,2026-09-21T08:04:00.796+00:00,True,100,100.0,,100.0,284682.800629,290951.811829,290951.811921,2909.51811921,45.735861,284682.800629,28461.949233457686,76.5735255,63.32334545454545,9.303520737924531,0.3436995266376709,6,64,,True,True,,201,59.56268577710819
251,2026-09-21T07:59:10.438+00:00,2026-09-21T08:03:55.526+00:00,2026-09-21T08:03:58.535+00:00,True,50,50.0,,50.0,285087.867028,288096.51496400003,288096.51504100004,5761.93030082,45.109261,285087.867028,40308.83032010998,76.6089415,61.40097828571428,8.739355276384485,0.17355294980311683,6,64,,True,True,,150,59.56268577710819
252,2026-09-21T07:59:10.674+00:00,2026-09-21T08:03:57.000+00:00,2026-09-21T08:04:00.398+00:00,True,54,54.0,,54.0,286325.711055,289723.89473500004,289723.89492600004,5365.257313444445,45.601211000000006,286325.711055,38955.269927418085,78.00090949999999,64.11667320754718,9.27774002909739,0.1863843506915156,6,64,,True,True,,190,59.56268577710819
253,2026-09-21T07:59:10.892+00:00,2026-09-21T08:03:58.049+00:00,2026-09-21T08:04:01.954+00:00,True,61,61.0,,61.0,287156.917184,291061.64883200004,291061.648646,4771.502436819673,44.265781000000004,287156.917184,36758.34441518459,77.52739100000001,65.0788608,9.39926623323628,0.20957759376677285,6,64,,True,True,,215,59.56268577710819
250,2026-09-21T07:59:10.101+00:00,2026-09-21T08:03:59.716+00:00,2026-09-21T08:04:00.333+00:00,True,10,10.0,,10.0,289614.42469099996,290231.72901099996,290231.72893399996,29023.172893399995,55.956202,289614.42469099996,91562.43294687073,159322.466441,68.5893688888889,7.605526196907555,0.03445522663588926,6,64,,True,True,,20,59.56268577710819
254,2026-09-21T07:59:11.156+00:00,2026-09-21T08:04:00.266+00:00,2026-09-21T08:04:03.307+00:00,True,48,48.0,,48.0,289110.761264,292151.490352,292151.490297,6086.489381187499,40.225361,289110.761264,41720.20679940155,78.0755455,64.69636357446808,9.021339995508551,0.16429832325060875,6,64,,True,True,,96,59.56268577710819
255,2026-09-21T07:59:11.494+00:00,2026-09-21T08:04:03.105+00:00,2026-09-21T08:04:07.255+00:00,True,68,68.0,,68.0,291610.53823799995,295760.85811,295760.85798499995,4349.424382132353,43.978561,291610.53823799995,35355.46122681325,76.41882385000001,61.94507271641791,8.84826876857765,0.22991548115778493,6,64,,True,True,,408,59.56268577710819
256,2026-09-21T07:59:11.692+00:00,2026-09-21T08:04:04.237+00:00,2026-09-21T08:04:05.069+00:00,True,15,15.0,,15.0,292544.82927100005,293377.48411900003,293377.48422800004,19558.498948533335,49.056731,292544.82927100005,75519.39417504975,87815.86646270001,59.47534628571428,9.25322402362303,0.051128668053870445,6,64,,True,True,,89,59.56268577710819
257,2026-09-21T07:59:11.978+00:00,2026-09-21T08:04:05.784+00:00,2026-09-21T08:04:09.219+00:00,True,56,56.0,,56.0,293805.93740600004,297241.09286200005,297241.09294800006,5307.876659785715,42.945951,293805.93740600004,39253.124752521035,77.68149925,62.45737192727273,9.437724574624667,0.18839925348410383,6,64,,True,True,,60,59.56268577710819
258,2026-09-21T07:59:12.295+00:00,2026-09-21T08:04:07.517+00:00,2026-09-21T08:04:12.318+00:00,False,78,77.0,,77.0,295222.43882499996,300022.91216899996,300022.91207599995,3846.447590717948,0.027620000000000002,295222.43882499996,33420.30179711155,77.6934735,62.34380966233766,11.921844016411791,0.2566470655302041,6,64,,True,False,Request timeout: 300.0s exceeded,149,59.56268577710819
259,2026-09-21T07:59:12.491+00:00,2026-09-21T08:04:08.430+00:00,2026-09-21T08:04:09.957+00:00,True,26,26.0,,26.0,295938.879496,297465.973256,297465.973109,11440.998965730769,45.205431,295938.879496,58026.41036143312,75.16786625,61.0837504,8.412703075186556,0.08740495497824327,6,64,,True,True,,78,59.56268577710819
260,2026-09-21T07:59:12.759+00:00,2026-09-21T08:04:10.086+00:00,2026-09-21T08:04:12.765+00:00,False,45,44.0,,44.0,297327.718138,300006.235642,300006.235754,6666.805238977778,0.02915,297327.718138,44313.92660203404,77.5778392,60.87539781818182,13.737134163115572,0.14666361819394175,6,64,,True,False,Request timeout: 300.0s exceeded,132,59.56268577710819
261,2026-09-21T07:59:13.090+00:00,2026-09-21T08:04:11.726+00:00,2026-09-21T08:04:13.148+00:00,False,26,25.0,,25.0,298636.188054,300057.492374,300057.49229300005,11540.672780500001,0.03065,298636.188054,58556.22718530107,77.13611675,56.8521728,14.81642129886827,0.08331736628938864,6,64,,True,False,Request timeout: 300.0s exceeded,97,59.56268577710819
262,2026-09-21T07:59:13.402+00:00,2026-09-21T08:04:13.520+00:00,2026-09-21T08:04:13.520+00:00,False,1,0.0,,0.0,300118.755403,300118.755403,300118.755403,300118.755403,300118.755403,300118.755403,nan,300118.755403,nan,nan,0.0,6,64,,True,False,"HTTPConnectionPool(host='gpu06', port=9004): Read timed out.",0,59.56268577710819
263,2026-09-21T07:59:13.725+00:00,2026-09-21T08:04:13.831+00:00,2026-09-21T08:04:13.831+00:00,False,1,0.0,,0.0,300106.43225199997,300106.43225199997,300106.43225199997,300106.43225199997,300106.43225199997,300106.43225199997,nan,300106.43225199997,nan,nan,0.0,6,64,,True,False,"HTTPConnectionPool(host='gpu06', port=9004): Read timed out.",0,59.56268577710819
264,2026-09-21T07:59:13.956+00:00,2026-09-21T08:04:14.060+00:00,2026-09-21T08:04:14.060+00:00,False,1,0.0,,0.0,300103.512555,300103.512555,300103.512555,300103.512555,300103.512555,300103.512555,nan,300103.512555,nan,nan,0.0,6,64,,True,False,"HTTPConnectionPool(host='gpu06', port=9004): Read timed out.",0,59.56268577710819
265,2026-09-21T07:59:14.256+00:00,2026-09-21T08:04:14.350+00:00,2026-09-21T08:04:14.350+00:00,False,1,0.0,,0.0,300094.186485,300094.186485,300094.186485,300094.186485,300094.186485,300094.186485,nan,300094.186485,nan,nan,0.0,6,64,,True,False,"HTTPConnectionPool(host='gpu06', port=9004): Read timed out.",0,59.56268577710819
266,2026-09-21T07:59:14.515+00:00,2026-09-21T08:04:14.624+00:00,2026-09-21T08:04:14.624+00:00,False,1,0.0,,0.0,300108.655578,300108.655578,300108.655578,300108.655578,300108.655578,300108.655578,nan,300108.655578,nan,nan,0.0,6,64,,True,False,"HTTPConnectionPool(host='gpu06', port=9004): Read timed out.",0,59.56268577710819
267,2026-09-21T07:59:14.771+00:00,2026-09-21T08:04:14.878+00:00,2026-09-21T08:04:14.878+00:00,False,1,0.0,,0.0,300106.845071,300106.845071,300106.845071,300106.845071,300106.845071,300106.845071,nan,300106.845071,nan,nan,0.0,6,64,,True,False,"HTTPConnectionPool(host='gpu06', port=9004): Read timed out.",0,59.56268577710819
268,2026-09-21T07:59:14.985+00:00,2026-09-21T08:04:15.061+00:00,2026-09-21T08:04:15.061+00:00,False,1,0.0,,0.0,300075.498586,300075.498586,300075.498586,300075.498586,300075.498586,300075.498586,nan,300075.498586,nan,nan,0.0,6,64,,True,False,"HTTPConnectionPool(host='gpu06', port=9004): Read timed out.",0,59.56268577710819
269,2026-09-21T07:59:15.254+00:00,2026-09-21T08:04:15.359+00:00,2026-09-21T08:04:15.359+00:00,False,1,0.0,,0.0,300105.17019800004,300105.17019800004,300105.17019800004,300105.17019800004,300105.17019800004,300105.17019800004,nan,300105.17019800004,nan,nan,0.0,6,64,,True,False,"HTTPConnectionPool(host='gpu06', port=9004): Read timed out.",0,59.56268577710819
270,2026-09-21T07:59:15.592+00:00,2026-09-21T08:04:15.646+00:00,2026-09-21T08:04:15.646+00:00,False,1,0.0,,0.0,300054.423305,300054.423305,300054.423305,300054.423305,300054.423305,300054.423305,nan,300054.423305,nan,nan,0.0,6,64,,True,False,TTFT timeout: 300.0s exceeded (TTFT: 300.045s),0,59.56268577710819
271,2026-09-21T07:59:15.910+00:00,2026-09-21T08:04:15.916+00:00,2026-09-21T08:04:15.971+00:00,False,3,2.0,,2.0,300006.200892,300061.369916,300061.369863,100020.456621,0.060899999999999996,300006.200892,173192.73712043214,270011.0916099,27.584512,38.92422577791512,0.0066653031696812075,6,64,,True,False,Request timeout: 300.0s exceeded,9,59.56268577710819
272,2026-09-21T07:59:16.143+00:00,2026-09-21T08:04:16.250+00:00,2026-09-21T08:04:16.250+00:00,False,1,0.0,,0.0,300106.888439,300106.888439,300106.888439,300106.888439,300106.888439,300106.888439,nan,300106.888439,nan,nan,0.0,6,64,,True,False,"HTTPConnectionPool(host='gpu06', port=9004): Read timed out.",0,59.56268577710819
273,2026-09-21T07:59:16.387+00:00,2026-09-21T08:04:16.494+00:00,2026-09-21T08:04:16.494+00:00,False,1,0.0,,0.0,300107.286743,300107.286743,300107.286743,300107.286743,300107.286743,300107.286743,nan,300107.286743,nan,nan,0.0,6,64,,True,False,"HTTPConnectionPool(host='gpu06', port=9004): Read timed out.",0,59.56268577710819
274,2026-09-21T07:59:16.581+00:00,2026-09-21T08:04:16.682+00:00,2026-09-21T08:04:16.682+00:00,False,1,0.0,,0.0,300100.62289,300100.62289,300100.62289,300100.62289,300100.62289,300100.62289,nan,300100.62289,nan,nan,0.0,6,64,,True,False,"HTTPConnectionPool(host='gpu06', port=9004): Read timed out.",0,59.56268577710819
275,2026-09-21T07:59:16.825+00:00,2026-09-21T08:04:16.927+00:00,2026-09-21T08:04:16.927+00:00,False,1,0.0,,0.0,300101.931423,300101.931423,300101.931423,300101.931423,300101.931423,300101.931423,nan,300101.931423,nan,nan,0.0,6,64,,True,False,"HTTPConnectionPool(host='gpu06', port=9004): Read timed out.",0,59.56268577710819
276,2026-09-21T07:59:17.135+00:00,2026-09-21T08:04:17.251+00:00,2026-09-21T08:04:17.251+00:00,False,1,0.0,,0.0,300116.320193,300116.320193,300116.320193,300116.320193,300116.320193,300116.320193,nan,300116.320193,nan,nan,0.0,6,64,,True,False,"HTTPConnectionPool(host='gpu06', port=9004): Read timed out.",0,59.56268577710819
277,2026-09-21T07:59:17.340+00:00,2026-09-21T08:04:17.343+00:00,2026-09-21T08:04:17.547+00:00,False,3,2.0,,2.0,300003.03913700004,300206.943649,300206.943741,100068.98124700002,0.04389,300003.03913700004,173148.00320418325,270023.1212947001,101.952256,144.1203545368273,0.006662071088996485,6,64,,True,False,Request timeout: 300.0s exceeded,10,59.56268577710819
278,2026-09-21T07:59:17.552+00:00,2026-09-21T08:04:17.548+00:00,2026-09-21T08:04:17.804+00:00,False,3,2.0,,2.0,299996.127272,300251.855656,300251.855608,100083.95186933334,0.04206,299996.127272,173129.06961039564,270022.0831724,127.864192,180.76790012607472,0.006661074568982546,6,64,,True,False,Request timeout: 300.0s exceeded,10,59.56268577710819
279,2026-09-21T07:59:17.781+00:00,2026-09-21T08:04:17.803+00:00,2026-09-21T08:04:17.803+00:00,False,1,0.0,,0.0,300022.39591799997,300022.39591799997,300022.39591799997,300022.39591799997,300022.39591799997,300022.39591799997,nan,300022.39591799997,nan,nan,0.0,6,64,,True,False,TTFT timeout: 300.0s exceeded (TTFT: 300.017s),0,59.56268577710819
280,2026-09-21T07:59:18.072+00:00,2026-09-21T08:04:18.157+00:00,2026-09-21T08:04:18.157+00:00,False,1,0.0,,0.0,300084.954359,300084.954359,300084.954359,300084.954359,300084.954359,300084.954359,nan,300084.954359,nan,nan,0.0,6,64,,True,False,TTFT timeout: 300.0s exceeded (TTFT: 300.069s),0,59.56268577710819
281,2026-09-21T07:59:18.263+00:00,2026-09-21T08:04:18.822+00:00,2026-09-21T08:04:19.742+00:00,False,15,14.0,,14.0,300559.469367,301479.580471,301479.58053599996,20098.6387024,0.04256,300559.469367,77587.1575929603,90248.4358302,65.72222171428572,30.877408948981582,0.04643763925280734,6,64,,True,False,Request timeout: 300.0s exceeded,28,59.56268577710819
282,2026-09-21T07:59:19.953+00:00,2026-09-21T08:04:20.861+00:00,2026-09-21T08:04:21.362+00:00,False,7,6.0,,6.0,300908.44650099997,301409.19350899995,301409.19347099995,43058.45621014285,0.0292,300908.44650099997,113701.17108195343,210688.36423989997,83.45783466666667,59.03214345913338,0.01990649299760275,6,64,,True,False,Request timeout: 300.0s exceeded,36,59.56268577710819
284,2026-09-21T07:59:20.081+00:00,2026-09-21T08:04:21.211+00:00,2026-09-21T08:04:21.403+00:00,False,5,4.0,,4.0,301129.853487,301322.669871,301322.669861,60264.5339722,0.023690000000000003,301129.853487,134647.81153983503,240923.71685999996,48.204096,40.53246933097398,0.01327480604666237,6,64,,True,False,Request timeout: 300.0s exceeded,17,59.56268577710819
286,2026-09-21T07:59:20.228+00:00,2026-09-21T08:04:21.213+00:00,2026-09-21T08:04:21.406+00:00,False,5,4.0,,4.0,300985.359874,301178.612738,301178.612748,60235.7225496,0.04113,300985.359874,134583.14337155264,240808.38240360003,48.313216,41.14722317283634,0.013281155536364938,6,64,,True,False,Request timeout: 300.0s exceeded,24,59.56268577710819
283,2026-09-21T07:59:20.033+00:00,2026-09-21T08:04:21.213+00:00,2026-09-21T08:04:21.404+00:00,False,5,4.0,,4.0,301180.333231,301371.124399,301371.124425,60274.224884999996,0.046270000000000006,301180.333231,134670.6129621121,240963.6257352,47.697792,39.5150966019481,0.01327267171988317,6,64,,True,False,Request timeout: 300.0s exceeded,22,59.56268577710819
287,2026-09-21T07:59:20.231+00:00,2026-09-21T08:04:21.356+00:00,2026-09-21T08:04:21.401+00:00,False,3,2.0,,2.0,301125.24675700004,301170.97424500005,301170.97422800004,100390.32474266668,0.04856,301125.24675700004,173841.54338824656,271017.28997240006,22.863744,32.26542950375265,0.0066407461908099315,6,64,,True,False,Request timeout: 300.0s exceeded,4,59.56268577710819
288,2026-09-21T07:59:20.272+00:00,2026-09-21T08:04:21.525+00:00,2026-09-21T08:04:21.525+00:00,False,1,0.0,,0.0,301252.97633700003,301252.97633700003,301252.97633700003,301252.97633700003,301252.97633700003,301252.97633700003,nan,301252.97633700003,nan,nan,0.0,6,64,,True,False,"HTTPConnectionPool(host='gpu06', port=9004): Read timed out.",0,59.56268577710819
285,2026-09-21T07:59:20.213+00:00,2026-09-21T08:04:21.526+00:00,2026-09-21T08:04:21.526+00:00,False,1,0.0,,0.0,301312.745321,301312.745321,301312.745321,301312.745321,301312.745321,301312.745321,nan,301312.745321,nan,nan,0.0,6,64,,True,False,"HTTPConnectionPool(host='gpu06', port=9004): Read timed out.",0,59.56268577710819
289,2026-09-21T07:59:20.355+00:00,2026-09-21T08:04:21.560+00:00,2026-09-21T08:04:21.560+00:00,False,1,0.0,,0.0,301205.48462,301205.48462,301205.48462,301205.48462,301205.48462,301205.48462,nan,301205.48462,nan,nan,0.0,6,64,,True,False,"HTTPConnectionPool(host='gpu06', port=9004): Read timed out.",0,59.56268577710819
293,2026-09-21T07:59:21.507+00:00,2026-09-21T08:04:21.898+00:00,2026-09-21T08:04:21.898+00:00,False,1,0.0,,0.0,300390.651235,300390.651235,300390.651235,300390.651235,300390.651235,300390.651235,nan,300390.651235,nan,nan,0.0,6,64,,True,False,"HTTPConnectionPool(host='gpu06', port=9004): Read timed out.",0,59.56268577710819
290,2026-09-21T07:59:20.657+00:00,2026-09-21T08:04:21.898+00:00,2026-09-21T08:04:21.898+00:00,False,1,0.0,,0.0,301240.52974,301240.52974,301240.52974,301240.52974,301240.52974,301240.52974,nan,301240.52974,nan,nan,0.0,6,64,,True,False,"HTTPConnectionPool(host='gpu06', port=9004): Read timed out.",0,59.56268577710819
297,2026-09-21T07:59:22.616+00:00,2026-09-21T08:04:23.285+00:00,2026-09-21T08:04:23.285+00:00,False,1,0.0,,0.0,300668.973637,300668.973637,300668.973637,300668.973637,300668.973637,300668.973637,nan,300668.973637,nan,nan,0.0,6,64,,True,False,"HTTPConnectionPool(host='gpu06', port=9004): Read timed out.",0,59.56268577710819
291,2026-09-21T07:59:20.930+00:00,2026-09-21T08:04:23.289+00:00,2026-09-21T08:04:23.289+00:00,False,1,0.0,,0.0,302359.473565,302359.473565,302359.473565,302359.473565,302359.473565,302359.473565,nan,302359.473565,nan,nan,0.0,6,64,,True,False,"HTTPConnectionPool(host='gpu06', port=9004): Read timed out.",0,59.56268577710819
292,2026-09-21T07:59:21.190+00:00,2026-09-21T08:04:23.298+00:00,2026-09-21T08:04:23.298+00:00,False,1,0.0,,0.0,302107.30136299995,302107.30136299995,302107.30136299995,302107.30136299995,302107.30136299995,302107.30136299995,nan,302107.30136299995,nan,nan,0.0,6,64,,True,False,"HTTPConnectionPool(host='gpu06', port=9004): Read timed out.",0,59.56268577710819
298,2026-09-21T07:59:22.838+00:00,2026-09-21T08:04:23.304+00:00,2026-09-21T08:04:23.304+00:00,False,1,0.0,,0.0,300465.850718,300465.850718,300465.850718,300465.850718,300465.850718,300465.850718,nan,300465.850718,nan,nan,0.0,6,64,,True,False,"HTTPConnectionPool(host='gpu06', port=9004): Read timed out.",0,59.56268577710819
294,2026-09-21T07:59:21.840+00:00,2026-09-21T08:04:23.305+00:00,2026-09-21T08:04:23.305+00:00,False,1,0.0,,0.0,301464.726156,301464.726156,301464.726156,301464.726156,301464.726156,301464.726156,nan,301464.726156,nan,nan,0.0,6,64,,True,False,"HTTPConnectionPool(host='gpu06', port=9004): Read timed out.",0,59.56268577710819
296,2026-09-21T07:59:22.355+00:00,2026-09-21T08:04:23.306+00:00,2026-09-21T08:04:23.306+00:00,False,1,0.0,,0.0,300950.401171,300950.401171,300950.401171,300950.401171,300950.401171,300950.401171,nan,300950.401171,nan,nan,0.0,6,64,,True,False,"HTTPConnectionPool(host='gpu06', port=9004): Read timed out.",0,59.56268577710819
299,2026-09-21T07:59:23.186+00:00,2026-09-21T08:04:23.306+00:00,2026-09-21T08:04:23.306+00:00,False,1,0.0,,0.0,300120.099218,300120.099218,300120.099218,300120.099218,300120.099218,300120.099218,nan,300120.099218,nan,nan,0.0,6,64,,True,False,"HTTPConnectionPool(host='gpu06', port=9004): Read timed out.",0,59.56268577710819
295,2026-09-21T07:59:22.072+00:00,2026-09-21T08:04:23.323+00:00,2026-09-21T08:04:23.323+00:00,False,1,0.0,,0.0,301250.60458600003,301250.60458600003,301250.60458600003,301250.60458600003,301250.60458600003,301250.60458600003,nan,301250.60458600003,nan,nan,0.0,6,64,,True,False,"HTTPConnectionPool(host='gpu06', port=9004): Read timed out.",0,59.56268577710819
300,2026-09-21T07:59:23.410+00:00,2026-09-21T08:04:23.490+00:00,2026-09-21T08:04:23.490+00:00,False,1,0.0,,0.0,300079.971152,300079.971152,300079.971152,300079.971152,300079.971152,300079.971152,nan,300079.971152,nan,nan,0.0,6,64,,True,False,"HTTPConnectionPool(host='gpu06', port=9004): Read timed out.",0,59.56268577710819
301,2026-09-21T07:59:23.713+00:00,2026-09-21T08:04:23.783+00:00,2026-09-21T08:04:23.783+00:00,False,1,0.0,,0.0,300070.313791,300070.313791,300070.313791,300070.313791,300070.313791,300070.313791,nan,300070.313791,nan,nan,0.0,6,64,,True,False,"HTTPConnectionPool(host='gpu06', port=9004): Read timed out.",0,59.56268577710819
302,2026-09-21T07:59:23.942+00:00,2026-09-21T08:04:23.969+00:00,2026-09-21T08:04:23.969+00:00,False,1,0.0,,0.0,300026.717795,300026.717795,300026.717795,300026.717795,300026.717795,300026.717795,nan,300026.717795,nan,nan,0.0,6,64,,True,False,"HTTPConnectionPool(host='gpu06', port=9004): Read timed out.",0,59.56268577710819
303,2026-09-21T07:59:24.189+00:00,2026-09-21T08:04:24.294+00:00,2026-09-21T08:04:24.294+00:00,False,1,0.0,,0.0,300105.186889,300105.186889,300105.186889,300105.186889,300105.186889,300105.186889,nan,300105.186889,nan,nan,0.0,6,64,,True,False,"HTTPConnectionPool(host='gpu06', port=9004): Read timed out.",0,59.56268577710819
304,2026-09-21T07:59:24.470+00:00,2026-09-21T08:04:24.571+00:00,2026-09-21T08:04:24.571+00:00,False,1,0.0,,0.0,300101.293051,300101.293051,300101.293051,300101.293051,300101.293051,300101.293051,nan,300101.293051,nan,nan,0.0,6,64,,True,False,"HTTPConnectionPool(host='gpu06', port=9004): Read timed out.",0,59.56268577710819
305,2026-09-21T07:59:24.685+00:00,2026-09-21T08:04:24.787+00:00,2026-09-21T08:04:24.787+00:00,False,1,0.0,,0.0,300101.690207,300101.690207,300101.690207,300101.690207,300101.690207,300101.690207,nan,300101.690207,nan,nan,0.0,6,64,,True,False,"HTTPConnectionPool(host='gpu06', port=9004): Read timed out.",0,59.56268577710819
306,2026-09-21T07:59:25.034+00:00,2026-09-21T08:04:25.135+00:00,2026-09-21T08:04:25.135+00:00,False,1,0.0,,0.0,300100.95148299995,300100.95148299995,300100.95148299995,300100.95148299995,300100.95148299995,300100.95148299995,nan,300100.95148299995,nan,nan,0.0,6,64,,True,False,TTFT timeout: 300.0s exceeded (TTFT: 300.097s),0,59.56268577710819
307,2026-09-21T07:59:25.372+00:00,2026-09-21T08:04:25.463+00:00,2026-09-21T08:04:25.463+00:00,False,1,0.0,,0.0,300090.43494,300090.43494,300090.43494,300090.43494,300090.43494,300090.43494,nan,300090.43494,nan,nan,0.0,6,64,,True,False,"HTTPConnectionPool(host='gpu06', port=9004): Read timed out.",0,59.56268577710819
308,2026-09-21T07:59:25.682+00:00,2026-09-21T08:04:25.640+00:00,2026-09-21T08:04:25.718+00:00,False,3,2.0,,2.0,299957.750297,300035.689497,300035.689568,100011.89652266666,0.02373,299957.750297,173158.19312970398,269969.76682140003,38.9696,55.078029282433555,0.006665873661073235,6,64,,True,False,Request timeout: 300.0s exceeded,18,59.56268577710819
309,2026-09-21T07:59:25.987+00:00,2026-09-21T08:04:26.092+00:00,2026-09-21T08:04:26.092+00:00,False,1,0.0,,0.0,300105.47629900003,300105.47629900003,300105.47629900003,300105.47629900003,300105.47629900003,300105.47629900003,nan,300105.47629900003,nan,nan,0.0,6,64,,True,False,"HTTPConnectionPool(host='gpu06', port=9004): Read timed out.",0,59.56268577710819
310,2026-09-21T07:59:26.297+00:00,2026-09-21T08:04:26.347+00:00,2026-09-21T08:04:26.347+00:00,False,1,0.0,,0.0,300050.41980699997,300050.41980699997,300050.41980699997,300050.41980699997,300050.41980699997,300050.41980699997,nan,300050.41980699997,nan,nan,0.0,6,64,,True,False,"HTTPConnectionPool(host='gpu06', port=9004): Read timed out.",0,59.56268577710819
311,2026-09-21T07:59:26.604+00:00,2026-09-21T08:04:26.672+00:00,2026-09-21T08:04:26.672+00:00,False,1,0.0,,0.0,300068.375107,300068.375107,300068.375107,300068.375107,300068.375107,300068.375107,nan,300068.375107,nan,nan,0.0,6,64,,True,False,"HTTPConnectionPool(host='gpu06', port=9004): Read timed out.",0,59.56268577710819
312,2026-09-21T07:59:26.874+00:00,2026-09-21T08:04:26.979+00:00,2026-09-21T08:04:26.979+00:00,False,1,0.0,,0.0,300105.36345999996,300105.36345999996,300105.36345999996,300105.36345999996,300105.36345999996,300105.36345999996,nan,300105.36345999996,nan,nan,0.0,6,64,,True,False,"HTTPConnectionPool(host='gpu06', port=9004): Read timed out.",0,59.56268577710819
313,2026-09-21T07:59:27.216+00:00,2026-09-21T08:04:27.289+00:00,2026-09-21T08:04:27.289+00:00,False,1,0.0,,0.0,300073.053736,300073.053736,300073.053736,300073.053736,300073.053736,300073.053736,nan,300073.053736,nan,nan,0.0,6,64,,True,False,TTFT timeout: 300.0s exceeded (TTFT: 300.064s),0,59.56268577710819
314,2026-09-21T07:59:27.470+00:00,2026-09-21T08:04:27.516+00:00,2026-09-21T08:04:27.516+00:00,False,1,0.0,,0.0,300046.73136900004,300046.73136900004,300046.73136900004,300046.73136900004,300046.73136900004,300046.73136900004,nan,300046.73136900004,nan,nan,0.0,6,64,,True,False,TTFT timeout: 300.0s exceeded (TTFT: 300.036s),0,59.56268577710819
315,2026-09-21T07:59:27.772+00:00,2026-09-21T08:04:27.764+00:00,2026-09-21T08:04:27.834+00:00,False,3,2.0,,2.0,299992.406227,300061.887699,300061.887658,100020.62921933334,0.08208,299992.406227,173180.642396672,270000.1055394,34.740736,49.01460560432166,0.0066652916681183205,6,64,,True,False,Request timeout: 300.0s exceeded,8,59.56268577710819
316,2026-09-21T07:59:28.014+00:00,2026-09-21T08:04:28.120+00:00,2026-09-21T08:04:28.120+00:00,False,1,0.0,,0.0,300105.35741299996,300105.35741299996,300105.35741299996,300105.35741299996,300105.35741299996,300105.35741299996,nan,300105.35741299996,nan,nan,0.0,6,64,,True,False,"HTTPConnectionPool(host='gpu06', port=9004): Read timed out.",0,59.56268577710819
317,2026-09-21T07:59:28.275+00:00,2026-09-21T08:04:28.381+00:00,2026-09-21T08:04:28.381+00:00,False,1,0.0,,0.0,300106.32351599995,300106.32351599995,300106.32351599995,300106.32351599995,300106.32351599995,300106.32351599995,nan,300106.32351599995,nan,nan,0.0,6,64,,True,False,"HTTPConnectionPool(host='gpu06', port=9004): Read timed out.",0,59.56268577710819
318,2026-09-21T07:59:28.550+00:00,2026-09-21T08:04:28.607+00:00,2026-09-21T08:04:28.607+00:00,False,1,0.0,,0.0,300056.681247,300056.681247,300056.681247,300056.681247,300056.681247,300056.681247,nan,300056.681247,nan,nan,0.0,6,64,,True,False,"HTTPConnectionPool(host='gpu06', port=9004): Read timed out.",0,59.56268577710819
319,2026-09-21T07:59:28.897+00:00,2026-09-21T08:04:29.004+00:00,2026-09-21T08:04:29.004+00:00,False,1,0.0,,0.0,300106.161764,300106.161764,300106.161764,300106.161764,300106.161764,300106.161764,nan,300106.161764,nan,nan,0.0,6,64,,True,False,"HTTPConnectionPool(host='gpu06', port=9004): Read timed out.",0,59.56268577710819
320,2026-09-21T07:59:29.218+00:00,2026-09-21T08:04:29.265+00:00,2026-09-21T08:04:29.265+00:00,False,1,0.0,,0.0,300047.151781,300047.151781,300047.151781,300047.151781,300047.151781,300047.151781,nan,300047.151781,nan,nan,0.0,6,64,,True,False,TTFT timeout: 300.0s exceeded (TTFT: 300.031s),0,59.56268577710819
321,2026-09-21T07:59:29.483+00:00,2026-09-21T08:04:29.586+00:00,2026-09-21T08:04:29.586+00:00,False,1,0.0,,0.0,300103.186955,300103.186955,300103.186955,300103.186955,300103.186955,300103.186955,nan,300103.186955,nan,nan,0.0,6,64,,True,False,"HTTPConnectionPool(host='gpu06', port=9004): Read timed out.",0,59.56268577710819
322,2026-09-21T07:59:29.814+00:00,2026-09-21T08:04:29.751+00:00,2026-09-21T08:04:29.825+00:00,False,3,2.0,,2.0,299937.62829,300011.03705800005,300011.037031,100003.67901033335,0.02934,299937.62829,173147.8830392711,269951.2034011,36.704384,51.86620320407376,0.006666421407734233,6,64,,True,False,Request timeout: 300.0s exceeded,10,59.56268577710819
323,2026-09-21T07:59:30.065+00:00,2026-09-21T08:04:30.172+00:00,2026-09-21T08:04:30.172+00:00,False,1,0.0,,0.0,300107.21841699997,300107.21841699997,300107.21841699997,300107.21841699997,300107.21841699997,300107.21841699997,nan,300107.21841699997,nan,nan,0.0,6,64,,True,False,"HTTPConnectionPool(host='gpu06', port=9004): Read timed out.",0,59.56268577710819
324,2026-09-21T07:59:30.305+00:00,2026-09-21T08:04:30.414+00:00,2026-09-21T08:04:30.414+00:00,False,1,0.0,,0.0,300109.582159,300109.582159,300109.582159,300109.582159,300109.582159,300109.582159,nan,300109.582159,nan,nan,0.0,6,64,,True,False,"HTTPConnectionPool(host='gpu06', port=9004): Read timed out.",0,59.56268577710819
325,2026-09-21T07:59:30.588+00:00,2026-09-21T08:04:30.693+00:00,2026-09-21T08:04:30.693+00:00,False,1,0.0,,0.0,300105.153311,300105.153311,300105.153311,300105.153311,300105.153311,300105.153311,nan,300105.153311,nan,nan,0.0,6,64,,True,False,"HTTPConnectionPool(host='gpu06', port=9004): Read timed out.",0,59.56268577710819
326,2026-09-21T07:59:30.903+00:00,2026-09-21T08:04:31.004+00:00,2026-09-21T08:04:31.004+00:00,False,1,0.0,,0.0,300101.05531,300101.05531,300101.05531,300101.05531,300101.05531,300101.05531,nan,300101.05531,nan,nan,0.0,6,64,,True,False,"HTTPConnectionPool(host='gpu06', port=9004): Read timed out.",0,59.56268577710819
327,2026-09-21T07:59:31.148+00:00,2026-09-21T08:04:31.262+00:00,2026-09-21T08:04:31.262+00:00,False,1,0.0,,0.0,300114.598173,300114.598173,300114.598173,300114.598173,300114.598173,300114.598173,nan,300114.598173,nan,nan,0.0,6,64,,True,False,"HTTPConnectionPool(host='gpu06', port=9004): Read timed out.",0,59.56268577710819
328,2026-09-21T07:59:31.495+00:00,2026-09-21T08:04:31.512+00:00,2026-09-21T08:04:32.860+00:00,False,21,20.0,,20.0,300017.360018,301365.318034,301365.317927,14350.729425095238,0.03472,300017.360018,65454.46069361971,182.74471400000002,67.3979008,41.969792073234544,0.06636463721330935,6,64,,True,False,Request timeout: 300.0s exceeded,70,59.56268577710819
330,2026-09-21T07:59:31.983+00:00,2026-09-21T08:04:31.872+00:00,2026-09-21T08:04:32.959+00:00,False,21,20.0,,20.0,299888.887883,300975.890251,300975.890176,14332.18524647619,0.032159999999999994,299888.887883,65429.26225402059,81.818822,54.3501184,16.607578722194027,0.06645050533224081,6,64,,True,False,Request timeout: 300.0s exceeded,144,59.56268577710819
329,2026-09-21T07:59:31.752+00:00,2026-09-21T08:04:31.875+00:00,2026-09-21T08:04:32.912+00:00,False,20,19.0,,19.0,300123.724573,301160.519965,301160.520125,15058.02600625,0.06011,300123.724573,67097.5051920362,15080.26015305,54.56817852631578,16.953209355772255,0.06308927877468178,6,64,,True,False,Request timeout: 300.0s exceeded,50,59.56268577710819
333,2026-09-21T07:59:32.891+00:00,2026-09-21T08:04:33.068+00:00,2026-09-21T08:04:33.068+00:00,False,1,0.0,,0.0,300177.27711799997,300177.27711799997,300177.27711799997,300177.27711799997,300177.27711799997,300177.27711799997,nan,300177.27711799997,nan,nan,0.0,6,64,,True,False,TTFT timeout: 300.0s exceeded (TTFT: 300.068s),0,59.56268577710819
334,2026-09-21T07:59:33.183+00:00,2026-09-21T08:04:33.195+00:00,2026-09-21T08:04:33.195+00:00,False,1,0.0,,0.0,300012.052255,300012.052255,300012.052255,300012.052255,300012.052255,300012.052255,nan,300012.052255,nan,nan,0.0,6,64,,True,False,"HTTPConnectionPool(host='gpu06', port=9004): Read timed out.",0,59.56268577710819
331,2026-09-21T07:59:32.332+00:00,2026-09-21T08:04:33.501+00:00,2026-09-21T08:04:33.501+00:00,False,1,0.0,,0.0,301168.906706,301168.906706,301168.906706,301168.906706,301168.906706,301168.906706,nan,301168.906706,nan,nan,0.0,6,64,,True,False,"HTTPConnectionPool(host='gpu06', port=9004): Read timed out.",0,59.56268577710819
335,2026-09-21T07:59:33.541+00:00,2026-09-21T08:04:33.563+00:00,2026-09-21T08:04:33.563+00:00,False,1,0.0,,0.0,300022.33046100003,300022.33046100003,300022.33046100003,300022.33046100003,300022.33046100003,300022.33046100003,nan,300022.33046100003,nan,nan,0.0,6,64,,True,False,"HTTPConnectionPool(host='gpu06', port=9004): Read timed out.",0,59.56268577710819
332,2026-09-21T07:59:32.567+00:00,2026-09-21T08:04:33.603+00:00,2026-09-21T08:04:33.603+00:00,False,1,0.0,,0.0,301036.452148,301036.452148,301036.452148,301036.452148,301036.452148,301036.452148,nan,301036.452148,nan,nan,0.0,6,64,,True,False,"HTTPConnectionPool(host='gpu06', port=9004): Read timed out.",0,59.56268577710819
336,2026-09-21T07:59:34.899+00:00,2026-09-21T08:04:34.282+00:00,2026-09-21T08:04:35.098+00:00,False,16,15.0,,15.0,299382.38570700004,300198.298155,300198.29811300006,18762.393632062503,0.031100000000000003,299382.38570700004,74832.00070421517,74923.47992325001,54.3941632,21.25583680689842,0.049966972138713185,6,64,,True,False,Request timeout: 300.0s exceeded,15,59.56268577710819
338,2026-09-21T07:59:35.141+00:00,2026-09-21T08:04:35.328+00:00,2026-09-21T08:04:35.328+00:00,False,1,0.0,,0.0,300187.11626700003,300187.11626700003,300187.11626700003,300187.11626700003,300187.11626700003,300187.11626700003,nan,300187.11626700003,nan,nan,0.0,6,64,,True,False,"HTTPConnectionPool(host='gpu06', port=9004): Read timed out.",0,59.56268577710819
337,2026-09-21T07:59:35.073+00:00,2026-09-21T08:04:35.427+00:00,2026-09-21T08:04:35.427+00:00,False,1,0.0,,0.0,300354.459995,300354.459995,300354.459995,300354.459995,300354.459995,300354.459995,nan,300354.459995,nan,nan,0.0,6,64,,True,False,"HTTPConnectionPool(host='gpu06', port=9004): Read timed out.",0,59.56268577710819
340,2026-09-21T07:59:35.673+00:00,2026-09-21T08:04:35.907+00:00,2026-09-21T08:04:35.907+00:00,False,1,0.0,,0.0,300233.842053,300233.842053,300233.842053,300233.842053,300233.842053,300233.842053,nan,300233.842053,nan,nan,0.0,6,64,,True,False,"HTTPConnectionPool(host='gpu06', port=9004): Read timed out.",0,59.56268577710819
341,2026-09-21T07:59:35.683+00:00,2026-09-21T08:04:36.011+00:00,2026-09-21T08:04:36.011+00:00,False,1,0.0,,0.0,300327.784266,300327.784266,300327.784266,300327.784266,300327.784266,300327.784266,nan,300327.784266,nan,nan,0.0,6,64,,True,False,"HTTPConnectionPool(host='gpu06', port=9004): Read timed out.",0,59.56268577710819
342,2026-09-21T07:59:35.705+00:00,2026-09-21T08:04:36.074+00:00,2026-09-21T08:04:36.074+00:00,False,1,0.0,,0.0,300369.59702100005,300369.59702100005,300369.59702100005,300369.59702100005,300369.59702100005,300369.59702100005,nan,300369.59702100005,nan,nan,0.0,6,64,,True,False,"HTTPConnectionPool(host='gpu06', port=9004): Read timed out.",0,59.56268577710819
343,2026-09-21T07:59:35.808+00:00,2026-09-21T08:04:36.074+00:00,2026-09-21T08:04:36.074+00:00,False,1,0.0,,0.0,300266.315571,300266.315571,300266.315571,300266.315571,300266.315571,300266.315571,nan,300266.315571,nan,nan,0.0,6,64,,True,False,"HTTPConnectionPool(host='gpu06', port=9004): Read timed out.",0,59.56268577710819
339,2026-09-21T07:59:35.658+00:00,2026-09-21T08:04:36.117+00:00,2026-09-21T08:04:36.117+00:00,False,1,0.0,,0.0,300459.532322,300459.532322,300459.532322,300459.532322,300459.532322,300459.532322,nan,300459.532322,nan,nan,0.0,6,64,,True,False,"HTTPConnectionPool(host='gpu06', port=9004): Read timed out.",0,59.56268577710819
344,2026-09-21T07:59:36.083+00:00,2026-09-21T08:04:36.266+00:00,2026-09-21T08:04:36.266+00:00,False,1,0.0,,0.0,300182.497165,300182.497165,300182.497165,300182.497165,300182.497165,300182.497165,nan,300182.497165,nan,nan,0.0,6,64,,True,False,"HTTPConnectionPool(host='gpu06', port=9004): Read timed out.",0,59.56268577710819
345,2026-09-21T07:59:36.271+00:00,2026-09-21T08:04:36.367+00:00,2026-09-21T08:04:36.367+00:00,False,1,0.0,,0.0,300095.959783,300095.959783,300095.959783,300095.959783,300095.959783,300095.959783,nan,300095.959783,nan,nan,0.0,6,64,,True,False,"HTTPConnectionPool(host='gpu06', port=9004): Read timed out.",0,59.56268577710819
346,2026-09-21T07:59:36.498+00:00,2026-09-21T08:04:36.614+00:00,2026-09-21T08:04:36.614+00:00,False,1,0.0,,0.0,300115.708938,300115.708938,300115.708938,300115.708938,300115.708938,300115.708938,nan,300115.708938,nan,nan,0.0,6,64,,True,False,"HTTPConnectionPool(host='gpu06', port=9004): Read timed out.",0,59.56268577710819
347,2026-09-21T07:59:36.746+00:00,2026-09-21T08:04:36.852+00:00,2026-09-21T08:04:36.852+00:00,False,1,0.0,,0.0,300106.010991,300106.010991,300106.010991,300106.010991,300106.010991,300106.010991,nan,300106.010991,nan,nan,0.0,6,64,,True,False,"HTTPConnectionPool(host='gpu06', port=9004): Read timed out.",0,59.56268577710819
348,2026-09-21T07:59:37.046+00:00,2026-09-21T08:04:37.155+00:00,2026-09-21T08:04:37.155+00:00,False,1,0.0,,0.0,300108.543037,300108.543037,300108.543037,300108.543037,300108.543037,300108.543037,nan,300108.543037,nan,nan,0.0,6,64,,True,False,"HTTPConnectionPool(host='gpu06', port=9004): Read timed out.",0,59.56268577710819
349,2026-09-21T07:59:37.322+00:00,2026-09-21T08:04:37.423+00:00,2026-09-21T08:04:37.423+00:00,False,1,0.0,,0.0,300101.873585,300101.873585,300101.873585,300101.873585,300101.873585,300101.873585,nan,300101.873585,nan,nan,0.0,6,64,,True,False,"HTTPConnectionPool(host='gpu06', port=9004): Read timed out.",0,59.56268577710819
350,2026-09-21T07:59:37.613+00:00,2026-09-21T08:04:37.656+00:00,2026-09-21T08:04:37.656+00:00,False,1,0.0,,0.0,300042.787126,300042.787126,300042.787126,300042.787126,300042.787126,300042.787126,nan,300042.787126,nan,nan,0.0,6,64,,True,False,TTFT timeout: 300.0s exceeded (TTFT: 300.039s),0,59.56268577710819
351,2026-09-21T07:59:37.806+00:00,2026-09-21T08:04:37.880+00:00,2026-09-21T08:04:37.880+00:00,False,1,0.0,,0.0,300074.59221499995,300074.59221499995,300074.59221499995,300074.59221499995,300074.59221499995,300074.59221499995,nan,300074.59221499995,nan,nan,0.0,6,64,,True,False,"HTTPConnectionPool(host='gpu06', port=9004): Read timed out.",0,59.56268577710819
352,2026-09-21T07:59:38.028+00:00,2026-09-21T08:04:38.080+00:00,2026-09-21T08:04:38.080+00:00,False,1,0.0,,0.0,300051.84530299995,300051.84530299995,300051.84530299995,300051.84530299995,300051.84530299995,300051.84530299995,nan,300051.84530299995,nan,nan,0.0,6,64,,True,False,TTFT timeout: 300.0s exceeded (TTFT: 300.039s),0,59.56268577710819
353,2026-09-21T07:59:38.237+00:00,2026-09-21T08:04:38.252+00:00,2026-09-21T08:04:38.299+00:00,False,3,2.0,,2.0,300014.936815,300062.33803100005,300062.337942,100020.77931400001,0.033600000000000005,300014.936815,173200.02262132146,270018.1798862,23.700608,33.47029420406053,0.006665281664883169,6,64,,True,False,Request timeout: 300.0s exceeded,9,59.56268577710819
354,2026-09-21T07:59:38.574+00:00,2026-09-21T08:04:38.680+00:00,2026-09-21T08:04:38.680+00:00,False,1,0.0,,0.0,300106.232938,300106.232938,300106.232938,300106.232938,300106.232938,300106.232938,nan,300106.232938,nan,nan,0.0,6,64,,True,False,"HTTPConnectionPool(host='gpu06', port=9004): Read timed out.",0,59.56268577710819
355,2026-09-21T07:59:38.919+00:00,2026-09-21T08:04:38.928+00:00,2026-09-21T08:04:38.928+00:00,False,1,0.0,,0.0,300009.325313,300009.325313,300009.325313,300009.325313,300009.325313,300009.325313,nan,300009.325313,nan,nan,0.0,6,64,,True,False,"HTTPConnectionPool(host='gpu06', port=9004): Read timed out.",0,59.56268577710819
356,2026-09-21T07:59:39.235+00:00,2026-09-21T08:04:39.336+00:00,2026-09-21T08:04:39.336+00:00,False,1,0.0,,0.0,300100.59567,300100.59567,300100.59567,300100.59567,300100.59567,300100.59567,nan,300100.59567,nan,nan,0.0,6,64,,True,False,"HTTPConnectionPool(host='gpu06', port=9004): Read timed out.",0,59.56268577710819
357,2026-09-21T07:59:39.560+00:00,2026-09-21T08:04:39.635+00:00,2026-09-21T08:04:39.635+00:00,False,1,0.0,,0.0,300074.243283,300074.243283,300074.243283,300074.243283,300074.243283,300074.243283,nan,300074.243283,nan,nan,0.0,6,64,,True,False,"HTTPConnectionPool(host='gpu06', port=9004): Read timed out.",0,59.56268577710819
358,2026-09-21T07:59:39.894+00:00,2026-09-21T08:04:39.953+00:00,2026-09-21T08:04:39.953+00:00,False,1,0.0,,0.0,300058.65184500004,300058.65184500004,300058.65184500004,300058.65184500004,300058.65184500004,300058.65184500004,nan,300058.65184500004,nan,nan,0.0,6,64,,True,False,"HTTPConnectionPool(host='gpu06', port=9004): Read timed out.",0,59.56268577710819
359,2026-09-21T07:59:40.148+00:00,2026-09-21T08:04:40.156+00:00,2026-09-21T08:04:40.461+00:00,False,3,2.0,,2.0,300007.99133,300313.148194,300313.148071,100104.38269033332,0.03425,300007.99133,173121.67059637408,270037.70444609993,152.578432,215.7299746779774,0.006659715074173227,6,64,,True,False,Request timeout: 300.0s exceeded,10,59.56268577710819
360,2026-09-21T07:59:40.424+00:00,2026-09-21T08:04:40.460+00:00,2026-09-21T08:04:40.460+00:00,False,1,0.0,,0.0,300035.598977,300035.598977,300035.598977,300035.598977,300035.598977,300035.598977,nan,300035.598977,nan,nan,0.0,6,64,,True,False,TTFT timeout: 300.0s exceeded (TTFT: 300.031s),0,59.56268577710819
361,2026-09-21T07:59:40.727+00:00,2026-09-21T08:04:40.813+00:00,2026-09-21T08:04:40.813+00:00,False,1,0.0,,0.0,300085.913309,300085.913309,300085.913309,300085.913309,300085.913309,300085.913309,nan,300085.913309,nan,nan,0.0,6,64,,True,False,"HTTPConnectionPool(host='gpu06', port=9004): Read timed out.",0,59.56268577710819
362,2026-09-21T07:59:41.011+00:00,2026-09-21T08:04:41.126+00:00,2026-09-21T08:04:41.126+00:00,False,1,0.0,,0.0,300115.239255,300115.239255,300115.239255,300115.239255,300115.239255,300115.239255,nan,300115.239255,nan,nan,0.0,6,64,,True,False,"HTTPConnectionPool(host='gpu06', port=9004): Read timed out.",0,59.56268577710819
363,2026-09-21T07:59:41.230+00:00,2026-09-21T08:04:41.331+00:00,2026-09-21T08:04:41.331+00:00,False,1,0.0,,0.0,300101.278533,300101.278533,300101.278533,300101.278533,300101.278533,300101.278533,nan,300101.278533,nan,nan,0.0,6,64,,True,False,"HTTPConnectionPool(host='gpu06', port=9004): Read timed out.",0,59.56268577710819
364,2026-09-21T07:59:41.462+00:00,2026-09-21T08:04:41.546+00:00,2026-09-21T08:04:41.546+00:00,False,1,0.0,,0.0,300083.882179,300083.882179,300083.882179,300083.882179,300083.882179,300083.882179,nan,300083.882179,nan,nan,0.0,6,64,,True,False,"HTTPConnectionPool(host='gpu06', port=9004): Read timed out.",0,59.56268577710819
365,2026-09-21T07:59:41.663+00:00,2026-09-21T08:04:41.773+00:00,2026-09-21T08:04:41.773+00:00,False,1,0.0,,0.0,300110.228008,300110.228008,300110.228008,300110.228008,300110.228008,300110.228008,nan,300110.228008,nan,nan,0.0,6,64,,True,False,"HTTPConnectionPool(host='gpu06', port=9004): Read timed out.",0,59.56268577710819
366,2026-09-21T07:59:41.896+00:00,2026-09-21T08:04:42.002+00:00,2026-09-21T08:04:42.002+00:00,False,1,0.0,,0.0,300105.97087300004,300105.97087300004,300105.97087300004,300105.97087300004,300105.97087300004,300105.97087300004,nan,300105.97087300004,nan,nan,0.0,6,64,,True,False,"HTTPConnectionPool(host='gpu06', port=9004): Read timed out.",0,59.56268577710819
367,2026-09-21T07:59:42.227+00:00,2026-09-21T08:04:42.314+00:00,2026-09-21T08:04:42.314+00:00,False,1,0.0,,0.0,300087.192035,300087.192035,300087.192035,300087.192035,300087.192035,300087.192035,nan,300087.192035,nan,nan,0.0,6,64,,True,False,"HTTPConnectionPool(host='gpu06', port=9004): Read timed out.",0,59.56268577710819
368,2026-09-21T07:59:42.560+00:00,2026-09-21T08:04:42.601+00:00,2026-09-21T08:04:42.601+00:00,False,1,0.0,,0.0,300040.675949,300040.675949,300040.675949,300040.675949,300040.675949,300040.675949,nan,300040.675949,nan,nan,0.0,6,64,,True,False,TTFT timeout: 300.0s exceeded (TTFT: 300.035s),0,59.56268577710819
369,2026-09-21T07:59:42.779+00:00,2026-09-21T08:04:42.770+00:00,2026-09-21T08:04:42.839+00:00,False,3,2.0,,2.0,299990.796878,300060.525902,300060.525884,100020.17529466667,0.02594,299990.796878,173179.6418059698,269998.68749680003,34.864512,49.2692998100508,0.006665321917929323,6,64,,True,False,Request timeout: 300.0s exceeded,6,59.56268577710819
370,2026-09-21T07:59:43.007+00:00,2026-09-21T08:04:43.112+00:00,2026-09-21T08:04:43.112+00:00,False,1,0.0,,0.0,300105.017577,300105.017577,300105.017577,300105.017577,300105.017577,300105.017577,nan,300105.017577,nan,nan,0.0,6,64,,True,False,"HTTPConnectionPool(host='gpu06', port=9004): Read timed out.",0,59.56268577710819
371,2026-09-21T07:59:43.348+00:00,2026-09-21T08:04:43.459+00:00,2026-09-21T08:04:43.459+00:00,False,1,0.0,,0.0,300110.968456,300110.968456,300110.968456,300110.968456,300110.968456,300110.968456,nan,300110.968456,nan,nan,0.0,6,64,,True,False,"HTTPConnectionPool(host='gpu06', port=9004): Read timed out.",0,59.56268577710819
372,2026-09-21T07:59:43.591+00:00,2026-09-21T08:04:43.690+00:00,2026-09-21T08:04:43.690+00:00,False,1,0.0,,0.0,300098.936061,300098.936061,300098.936061,300098.936061,300098.936061,300098.936061,nan,300098.936061,nan,nan,0.0,6,64,,True,False,"HTTPConnectionPool(host='gpu06', port=9004): Read timed out.",0,59.56268577710819
373,2026-09-21T07:59:43.914+00:00,2026-09-21T08:04:44.031+00:00,2026-09-21T08:04:44.031+00:00,False,1,0.0,,0.0,300117.033022,300117.033022,300117.033022,300117.033022,300117.033022,300117.033022,nan,300117.033022,nan,nan,0.0,6,64,,True,False,"HTTPConnectionPool(host='gpu06', port=9004): Read timed out.",0,59.56268577710819
374,2026-09-21T07:59:44.209+00:00,2026-09-21T08:04:44.287+00:00,2026-09-21T08:04:44.287+00:00,False,1,0.0,,0.0,300078.42766000004,300078.42766000004,300078.42766000004,300078.42766000004,300078.42766000004,300078.42766000004,nan,300078.42766000004,nan,nan,0.0,6,64,,True,False,"HTTPConnectionPool(host='gpu06', port=9004): Read timed out.",0,59.56268577710819
375,2026-09-21T07:59:44.536+00:00,2026-09-21T08:04:44.635+00:00,2026-09-21T08:04:44.635+00:00,False,1,0.0,,0.0,300098.62197000004,300098.62197000004,300098.62197000004,300098.62197000004,300098.62197000004,300098.62197000004,nan,300098.62197000004,nan,nan,0.0,6,64,,True,False,TTFT timeout: 300.0s exceeded (TTFT: 300.092s),0,59.56268577710819
376,2026-09-21T07:59:44.811+00:00,2026-09-21T08:04:44.748+00:00,2026-09-21T08:04:44.921+00:00,False,3,2.0,,2.0,299936.82078899996,300109.231413,300109.231459,100036.41048633332,0.041409999999999995,299936.82078899996,173118.85499160056,269960.3756361,86.205312,121.85443315281735,0.006664240185426582,6,64,,True,False,Request timeout: 300.0s exceeded,9,59.56268577710819
377,2026-09-21T07:59:45.046+00:00,2026-09-21T08:04:45.153+00:00,2026-09-21T08:04:45.153+00:00,False,1,0.0,,0.0,300106.947934,300106.947934,300106.947934,300106.947934,300106.947934,300106.947934,nan,300106.947934,nan,nan,0.0,6,64,,True,False,"HTTPConnectionPool(host='gpu06', port=9004): Read timed out.",0,59.56268577710819
378,2026-09-21T07:59:45.254+00:00,2026-09-21T08:04:45.605+00:00,2026-09-21T08:04:46.514+00:00,True,12,12.0,,12.0,300351.224918,301260.531798,301260.531852,25105.044320999998,43.956657,300351.224918,86680.0750039822,135253.98228405,82.66426181818181,38.674274703360005,0.039832632334481144,6,64,,True,True,,36,59.56268577710819
379,2026-09-21T07:59:45.536+00:00,2026-09-21T08:04:45.988+00:00,2026-09-21T08:04:47.073+00:00,False,19,18.0,,18.0,300451.78714,301536.949636,301536.949523,15870.36576436842,0.03132,300451.78714,68914.54317306494,30195.735511,60.286805333333334,31.20837168781021,0.05969417685536941,6,64,,True,False,Request timeout: 300.0s exceeded,180,59.56268577710819
380,2026-09-21T07:59:45.755+00:00,2026-09-21T08:04:46.202+00:00,2026-09-21T08:04:46.795+00:00,True,11,11.0,,11.0,300447.146607,301039.953775,301039.95369099994,27367.268517363635,46.850967,300447.146607,90570.34989851958,150261.30340649997,59.2807168,10.584089977298703,0.03654000029584611,6,64,,True,True,,60,59.56268577710819
381,2026-09-21T07:59:45.953+00:00,2026-09-21T08:04:46.905+00:00,2026-09-21T08:04:47.127+00:00,True,5,5.0,,5.0,300952.447126,301173.58197400003,301173.581933,60234.716386600005,49.256966999999996,300952.447126,134565.30246504827,240774.985624,55.283712,6.943450870477974,0.016601721728805696,6,64,,True,True,,26,59.56268577710819
385,2026-09-21T07:59:47.005+00:00,2026-09-21T08:04:47.210+00:00,2026-09-21T08:04:47.210+00:00,False,1,0.0,,0.0,300204.21695599996,300204.21695599996,300204.21695599996,300204.21695599996,300204.21695599996,300204.21695599996,nan,300204.21695599996,nan,nan,0.0,6,64,,True,False,"HTTPConnectionPool(host='gpu06', port=9004): Read timed out.",0,59.56268577710819
382,2026-09-21T07:59:46.150+00:00,2026-09-21T08:04:47.352+00:00,2026-09-21T08:04:47.352+00:00,False,1,0.0,,0.0,301202.477642,301202.477642,301202.477642,301202.477642,301202.477642,301202.477642,nan,301202.477642,nan,nan,0.0,6,64,,True,False,"HTTPConnectionPool(host='gpu06', port=9004): Read timed out.",0,59.56268577710819
386,2026-09-21T07:59:47.307+00:00,2026-09-21T08:04:47.411+00:00,2026-09-21T08:04:47.411+00:00,False,1,0.0,,0.0,300104.173127,300104.173127,300104.173127,300104.173127,300104.173127,300104.173127,nan,300104.173127,nan,nan,0.0,6,64,,True,False,"HTTPConnectionPool(host='gpu06', port=9004): Read timed out.",0,59.56268577710819
383,2026-09-21T07:59:46.497+00:00,2026-09-21T08:04:47.550+00:00,2026-09-21T08:04:47.550+00:00,False,1,0.0,,0.0,301052.268639,301052.268639,301052.268639,301052.268639,301052.268639,301052.268639,nan,301052.268639,nan,nan,0.0,6,64,,True,False,"HTTPConnectionPool(host='gpu06', port=9004): Read timed out.",0,59.56268577710819
387,2026-09-21T07:59:47.623+00:00,2026-09-21T08:04:47.654+00:00,2026-09-21T08:04:47.654+00:00,False,1,0.0,,0.0,300031.00286400004,300031.00286400004,300031.00286400004,300031.00286400004,300031.00286400004,300031.00286400004,nan,300031.00286400004,nan,nan,0.0,6,64,,True,False,"HTTPConnectionPool(host='gpu06', port=9004): Read timed out.",0,59.56268577710819
384,2026-09-21T07:59:46.693+00:00,2026-09-21T08:04:47.739+00:00,2026-09-21T08:04:47.739+00:00,False,1,0.0,,0.0,301045.687821,301045.687821,301045.687821,301045.687821,301045.687821,301045.687821,nan,301045.687821,nan,nan,0.0,6,64,,True,False,"HTTPConnectionPool(host='gpu06', port=9004): Read timed out.",0,59.56268577710819
388,2026-09-21T07:59:47.855+00:00,2026-09-21T08:04:47.865+00:00,2026-09-21T08:04:47.865+00:00,False,1,0.0,,0.0,300009.93778100004,300009.93778100004,300009.93778100004,300009.93778100004,300009.93778100004,300009.93778100004,nan,300009.93778100004,nan,nan,0.0,6,64,,True,False,"HTTPConnectionPool(host='gpu06', port=9004): Read timed out.",0,59.56268577710819
389,2026-09-21T07:59:48.155+00:00,2026-09-21T08:04:48.261+00:00,2026-09-21T08:04:48.261+00:00,False,1,0.0,,0.0,300105.96882,300105.96882,300105.96882,300105.96882,300105.96882,300105.96882,nan,300105.96882,nan,nan,0.0,6,64,,True,False,"HTTPConnectionPool(host='gpu06', port=9004): Read timed out.",0,59.56268577710819
390,2026-09-21T07:59:48.376+00:00,2026-09-21T08:04:48.490+00:00,2026-09-21T08:04:48.490+00:00,False,1,0.0,,0.0,300113.851527,300113.851527,300113.851527,300113.851527,300113.851527,300113.851527,nan,300113.851527,nan,nan,0.0,6,64,,True,False,"HTTPConnectionPool(host='gpu06', port=9004): Read timed out.",0,59.56268577710819
391,2026-09-21T07:59:48.634+00:00,2026-09-21T08:04:48.745+00:00,2026-09-21T08:04:48.745+00:00,False,1,0.0,,0.0,300111.276848,300111.276848,300111.276848,300111.276848,300111.276848,300111.276848,nan,300111.276848,nan,nan,0.0,6,64,,True,False,"HTTPConnectionPool(host='gpu06', port=9004): Read timed out.",0,59.56268577710819
392,2026-09-21T07:59:48.967+00:00,2026-09-21T08:04:49.024+00:00,2026-09-21T08:04:49.024+00:00,False,1,0.0,,0.0,300056.94163200003,300056.94163200003,300056.94163200003,300056.94163200003,300056.94163200003,300056.94163200003,nan,300056.94163200003,nan,nan,0.0,6,64,,True,False,TTFT timeout: 300.0s exceeded (TTFT: 300.052s),0,59.56268577710819
393,2026-09-21T07:59:49.287+00:00,2026-09-21T08:04:49.284+00:00,2026-09-21T08:04:49.355+00:00,False,3,2.0,,2.0,299996.739298,300068.222946,300068.223104,100022.74103466667,0.02877,299996.739298,173182.5662747137,270004.2108718,35.741824,50.50602391349182,0.006665150945889789,6,64,,True,False,Request timeout: 300.0s exceeded,10,59.56268577710819
394,2026-09-21T07:59:49.592+00:00,2026-09-21T08:04:49.690+00:00,2026-09-21T08:04:49.690+00:00,False,1,0.0,,0.0,300097.500106,300097.500106,300097.500106,300097.500106,300097.500106,300097.500106,nan,300097.500106,nan,nan,0.0,6,64,,True,False,"HTTPConnectionPool(host='gpu06', port=9004): Read timed out.",0,59.56268577710819
395,2026-09-21T07:59:49.879+00:00,2026-09-21T08:04:49.984+00:00,2026-09-21T08:04:49.984+00:00,False,1,0.0,,0.0,300105.05967299995,300105.05967299995,300105.05967299995,300105.05967299995,300105.05967299995,300105.05967299995,nan,300105.05967299995,nan,nan,0.0,6,64,,True,False,"HTTPConnectionPool(host='gpu06', port=9004): Read timed out.",0,59.56268577710819
396,2026-09-21T07:59:50.079+00:00,2026-09-21T08:04:50.184+00:00,2026-09-21T08:04:50.184+00:00,False,1,0.0,,0.0,300104.82981300005,300104.82981300005,300104.82981300005,300104.82981300005,300104.82981300005,300104.82981300005,nan,300104.82981300005,nan,nan,0.0,6,64,,True,False,"HTTPConnectionPool(host='gpu06', port=9004): Read timed out.",0,59.56268577710819
397,2026-09-21T07:59:50.312+00:00,2026-09-21T08:04:50.423+00:00,2026-09-21T08:04:50.423+00:00,False,1,0.0,,0.0,300110.906198,300110.906198,300110.906198,300110.906198,300110.906198,300110.906198,nan,300110.906198,nan,nan,0.0,6,64,,True,False,"HTTPConnectionPool(host='gpu06', port=9004): Read timed out.",0,59.56268577710819
398,2026-09-21T07:59:50.509+00:00,2026-09-21T08:04:50.610+00:00,2026-09-21T08:04:50.610+00:00,False,1,0.0,,0.0,300101.615949,300101.615949,300101.615949,300101.615949,300101.615949,300101.615949,nan,300101.615949,nan,nan,0.0,6,64,,True,False,"HTTPConnectionPool(host='gpu06', port=9004): Read timed out.",0,59.56268577710819
399,2026-09-21T07:59:50.848+00:00,2026-09-21T08:04:50.905+00:00,2026-09-21T08:04:50.905+00:00,False,1,0.0,,0.0,300056.24212199997,300056.24212199997,300056.24212199997,300056.24212199997,300056.24212199997,300056.24212199997,nan,300056.24212199997,nan,nan,0.0,6,64,,True,False,TTFT timeout: 300.0s exceeded (TTFT: 300.052s),0,59.56268577710819
400,2026-09-21T07:59:51.073+00:00,2026-09-21T08:04:51.074+00:00,2026-09-21T08:04:51.339+00:00,False,3,2.0,,2.0,300001.275722,300266.518858,300266.518945,100088.83964833333,0.03622,300001.275722,173129.2989403207,270027.6688501,132.621568,187.50417267603822,0.006660749282359471,6,64,,True,False,Request timeout: 300.0s exceeded,5,59.56268577710819
401,2026-09-21T07:59:51.373+00:00,2026-09-21T08:04:51.338+00:00,2026-09-21T08:04:51.464+00:00,False,3,2.0,,2.0,299965.433518,300091.445934,300091.446061,100030.48202033334,0.03835,299965.433518,173148.75855096357,269981.4875855,63.006208,89.04992806650507,0.006664635154045229,6,64,,True,False,Request timeout: 300.0s exceeded,12,59.56268577710819
402,2026-09-21T07:59:51.670+00:00,2026-09-21T08:04:51.712+00:00,2026-09-21T08:04:51.712+00:00,False,1,0.0,,0.0,300041.7829,300041.7829,300041.7829,300041.7829,300041.7829,300041.7829,nan,300041.7829,nan,nan,0.0,6,64,,True,False,TTFT timeout: 300.0s exceeded (TTFT: 300.032s),0,59.56268577710819
403,2026-09-21T07:59:51.929+00:00,2026-09-21T08:04:52.028+00:00,2026-09-21T08:04:52.028+00:00,False,1,0.0,,0.0,300098.839707,300098.839707,300098.839707,300098.839707,300098.839707,300098.839707,nan,300098.839707,nan,nan,0.0,6,64,,True,False,"HTTPConnectionPool(host='gpu06', port=9004): Read timed out.",0,59.56268577710819
404,2026-09-21T07:59:52.148+00:00,2026-09-21T08:04:52.252+00:00,2026-09-21T08:04:52.252+00:00,False,1,0.0,,0.0,300104.38083499996,300104.38083499996,300104.38083499996,300104.38083499996,300104.38083499996,300104.38083499996,nan,300104.38083499996,nan,nan,0.0,6,64,,True,False,"HTTPConnectionPool(host='gpu06', port=9004): Read timed out.",0,59.56268577710819
405,2026-09-21T07:59:52.490+00:00,2026-09-21T08:04:52.596+00:00,2026-09-21T08:04:52.596+00:00,False,1,0.0,,0.0,300106.474444,300106.474444,300106.474444,300106.474444,300106.474444,300106.474444,nan,300106.474444,nan,nan,0.0,6,64,,True,False,"HTTPConnectionPool(host='gpu06', port=9004): Read timed out.",0,59.56268577710819
406,2026-09-21T07:59:54.244+00:00,2026-09-21T08:04:53.292+00:00,2026-09-21T08:04:54.689+00:00,False,26,25.0,,25.0,299048.279027,300445.544691,300445.54473200004,11555.597874307692,0.02948,299048.279027,58637.23339893478,72.94861825,55.89062656,14.623062362244232,0.08320975445221467,6,64,,True,False,Request timeout: 300.0s exceeded,158,59.56268577710819
407,2026-09-21T07:59:54.455+00:00,2026-09-21T08:04:53.871+00:00,2026-09-21T08:04:54.688+00:00,False,16,15.0,,15.0,299416.90291299997,300233.68985699996,300233.68999299995,18764.605624562497,0.03297,299416.90291299997,74840.61457801789,74911.6246345,54.45246293333333,17.764493469832072,0.04996108200630128,6,64,,True,False,Request timeout: 300.0s exceeded,60,59.56268577710819
408,2026-09-21T07:59:54.521+00:00,2026-09-21T08:04:54.940+00:00,2026-09-21T08:04:55.136+00:00,False,5,4.0,,4.0,300418.848822,300614.87391,300614.87373000005,60122.97474600001,0.054810000000000005,300418.848822,134329.48033494756,240349.5828468,49.006272,33.044435397222244,0.013306061499796398,6,64,,True,False,Request timeout: 300.0s exceeded,19,59.56268577710819
411,2026-09-21T07:59:54.999+00:00,2026-09-21T08:04:55.163+00:00,2026-09-21T08:04:55.163+00:00,False,1,0.0,,0.0,300163.55783600005,300163.55783600005,300163.55783600005,300163.55783600005,300163.55783600005,300163.55783600005,nan,300163.55783600005,nan,nan,0.0,6,64,,True,False,"HTTPConnectionPool(host='gpu06', port=9004): Read timed out.",0,59.56268577710819
410,2026-09-21T07:59:54.940+00:00,2026-09-21T08:04:55.163+00:00,2026-09-21T08:04:55.163+00:00,False,1,0.0,,0.0,300222.87839200004,300222.87839200004,300222.87839200004,300222.87839200004,300222.87839200004,300222.87839200004,nan,300222.87839200004,nan,nan,0.0,6,64,,True,False,"HTTPConnectionPool(host='gpu06', port=9004): Read timed out.",0,59.56268577710819
409,2026-09-21T07:59:54.775+00:00,2026-09-21T08:04:55.329+00:00,2026-09-21T08:04:55.329+00:00,False,1,0.0,,0.0,300554.239995,300554.239995,300554.239995,300554.239995,300554.239995,300554.239995,nan,300554.239995,nan,nan,0.0,6,64,,True,False,"HTTPConnectionPool(host='gpu06', port=9004): Read timed out.",0,59.56268577710819
412,2026-09-21T07:59:55.111+00:00,2026-09-21T08:04:55.525+00:00,2026-09-21T08:04:55.525+00:00,False,1,0.0,,0.0,300413.716535,300413.716535,300413.716535,300413.716535,300413.716535,300413.716535,nan,300413.716535,nan,nan,0.0,6,64,,True,False,"HTTPConnectionPool(host='gpu06', port=9004): Read timed out.",0,59.56268577710819
413,2026-09-21T07:59:55.279+00:00,2026-09-21T08:04:55.561+00:00,2026-09-21T08:04:55.561+00:00,False,1,0.0,,0.0,300282.461347,300282.461347,300282.461347,300282.461347,300282.461347,300282.461347,nan,300282.461347,nan,nan,0.0,6,64,,True,False,"HTTPConnectionPool(host='gpu06', port=9004): Read timed out.",0,59.56268577710819
415,2026-09-21T07:59:55.401+00:00,2026-09-21T08:04:55.582+00:00,2026-09-21T08:04:55.582+00:00,False,1,0.0,,0.0,300181.22936500004,300181.22936500004,300181.22936500004,300181.22936500004,300181.22936500004,300181.22936500004,nan,300181.22936500004,nan,nan,0.0,6,64,,True,False,"HTTPConnectionPool(host='gpu06', port=9004): Read timed out.",0,59.56268577710819
414,2026-09-21T07:59:55.377+00:00,2026-09-21T08:04:55.601+00:00,2026-09-21T08:04:55.601+00:00,False,1,0.0,,0.0,300224.14314600005,300224.14314600005,300224.14314600005,300224.14314600005,300224.14314600005,300224.14314600005,nan,300224.14314600005,nan,nan,0.0,6,64,,True,False,"HTTPConnectionPool(host='gpu06', port=9004): Read timed out.",0,59.56268577710819
416,2026-09-21T07:59:55.457+00:00,2026-09-21T08:04:55.636+00:00,2026-09-21T08:04:55.636+00:00,False,1,0.0,,0.0,300179.001247,300179.001247,300179.001247,300179.001247,300179.001247,300179.001247,nan,300179.001247,nan,nan,0.0,6,64,,True,False,"HTTPConnectionPool(host='gpu06', port=9004): Read timed out.",0,59.56268577710819
417,2026-09-21T07:59:55.592+00:00,2026-09-21T08:04:55.734+00:00,2026-09-21T08:04:55.734+00:00,False,1,0.0,,0.0,300141.795329,300141.795329,300141.795329,300141.795329,300141.795329,300141.795329,nan,300141.795329,nan,nan,0.0,6,64,,True,False,"HTTPConnectionPool(host='gpu06', port=9004): Read timed out.",0,59.56268577710819
418,2026-09-21T07:59:55.810+00:00,2026-09-21T08:04:55.924+00:00,2026-09-21T08:04:55.924+00:00,False,1,0.0,,0.0,300114.37730800005,300114.37730800005,300114.37730800005,300114.37730800005,300114.37730800005,300114.37730800005,nan,300114.37730800005,nan,nan,0.0,6,64,,True,False,"HTTPConnectionPool(host='gpu06', port=9004): Read timed out.",0,59.56268577710819
419,2026-09-21T07:59:56.009+00:00,2026-09-21T08:04:56.114+00:00,2026-09-21T08:04:56.114+00:00,False,1,0.0,,0.0,300104.89616,300104.89616,300104.89616,300104.89616,300104.89616,300104.89616,nan,300104.89616,nan,nan,0.0,6,64,,True,False,"HTTPConnectionPool(host='gpu06', port=9004): Read timed out.",0,59.56268577710819
420,2026-09-21T07:59:56.230+00:00,2026-09-21T08:04:56.341+00:00,2026-09-21T08:04:56.341+00:00,False,1,0.0,,0.0,300110.69633600005,300110.69633600005,300110.69633600005,300110.69633600005,300110.69633600005,300110.69633600005,nan,300110.69633600005,nan,nan,0.0,6,64,,True,False,"HTTPConnectionPool(host='gpu06', port=9004): Read timed out.",0,59.56268577710819
421,2026-09-21T07:59:56.490+00:00,2026-09-21T08:04:56.595+00:00,2026-09-21T08:04:56.595+00:00,False,1,0.0,,0.0,300104.916277,300104.916277,300104.916277,300104.916277,300104.916277,300104.916277,nan,300104.916277,nan,nan,0.0,6,64,,True,False,"HTTPConnectionPool(host='gpu06', port=9004): Read timed out.",0,59.56268577710819
422,2026-09-21T07:59:56.682+00:00,2026-09-21T08:04:56.788+00:00,2026-09-21T08:04:56.788+00:00,False,1,0.0,,0.0,300106.194608,300106.194608,300106.194608,300106.194608,300106.194608,300106.194608,nan,300106.194608,nan,nan,0.0,6,64,,True,False,"HTTPConnectionPool(host='gpu06', port=9004): Read timed out.",0,59.56268577710819
423,2026-09-21T07:59:56.884+00:00,2026-09-21T08:04:56.919+00:00,2026-09-21T08:04:56.919+00:00,False,1,0.0,,0.0,300034.203333,300034.203333,300034.203333,300034.203333,300034.203333,300034.203333,nan,300034.203333,nan,nan,0.0,6,64,,True,False,TTFT timeout: 300.0s exceeded (TTFT: 300.024s),0,59.56268577710819
424,2026-09-21T07:59:57.242+00:00,2026-09-21T08:04:57.349+00:00,2026-09-21T08:04:57.349+00:00,False,1,0.0,,0.0,300107.056355,300107.056355,300107.056355,300107.056355,300107.056355,300107.056355,nan,300107.056355,nan,nan,0.0,6,64,,True,False,"HTTPConnectionPool(host='gpu06', port=9004): Read timed out.",0,59.56268577710819
425,2026-09-21T07:59:57.568+00:00,2026-09-21T08:04:57.584+00:00,2026-09-21T08:04:57.584+00:00,False,1,0.0,,0.0,300015.688223,300015.688223,300015.688223,300015.688223,300015.688223,300015.688223,nan,300015.688223,nan,nan,0.0,6,64,,True,False,TTFT timeout: 300.0s exceeded (TTFT: 300.014s),0,59.56268577710819
426,2026-09-21T07:59:57.914+00:00,2026-09-21T08:04:57.965+00:00,2026-09-21T08:04:57.965+00:00,False,1,0.0,,0.0,300051.038248,300051.038248,300051.038248,300051.038248,300051.038248,300051.038248,nan,300051.038248,nan,nan,0.0,6,64,,True,False,"HTTPConnectionPool(host='gpu06', port=9004): Read timed out.",0,59.56268577710819
427,2026-09-21T07:59:58.145+00:00,2026-09-21T08:04:58.255+00:00,2026-09-21T08:04:58.255+00:00,False,1,0.0,,0.0,300109.70559100003,300109.70559100003,300109.70559100003,300109.70559100003,300109.70559100003,300109.70559100003,nan,300109.70559100003,nan,nan,0.0,6,64,,True,False,"HTTPConnectionPool(host='gpu06', port=9004): Read timed out.",0,59.56268577710819
428,2026-09-21T07:59:58.351+00:00,2026-09-21T08:04:58.464+00:00,2026-09-21T08:04:58.464+00:00,False,1,0.0,,0.0,300113.09880000004,300113.09880000004,300113.09880000004,300113.09880000004,300113.09880000004,300113.09880000004,nan,300113.09880000004,nan,nan,0.0,6,64,,True,False,"HTTPConnectionPool(host='gpu06', port=9004): Read timed out.",0,59.56268577710819
429,2026-09-21T07:59:58.682+00:00,2026-09-21T08:04:58.787+00:00,2026-09-21T08:04:58.787+00:00,False,1,0.0,,0.0,300105.145291,300105.145291,300105.145291,300105.145291,300105.145291,300105.145291,nan,300105.145291,nan,nan,0.0,6,64,,True,False,"HTTPConnectionPool(host='gpu06', port=9004): Read timed out.",0,59.56268577710819
430,2026-09-21T07:59:58.992+00:00,2026-09-21T08:04:59.069+00:00,2026-09-21T08:04:59.069+00:00,False,1,0.0,,0.0,300077.005886,300077.005886,300077.005886,300077.005886,300077.005886,300077.005886,nan,300077.005886,nan,nan,0.0,6,64,,True,False,TTFT timeout: 300.0s exceeded (TTFT: 300.049s),0,59.56268577710819
431,2026-09-21T07:59:59.239+00:00,2026-09-21T08:04:59.215+00:00,2026-09-21T08:04:59.373+00:00,False,3,2.0,,2.0,299976.496966,300134.754886,300134.754986,100044.91832866667,0.02845,299976.496966,173145.84418694762,269994.6702264,79.12896,111.86506211588974,0.006663673458142689,6,64,,True,False,Request timeout: 300.0s exceeded,5,59.56268577710819
432,2026-09-21T07:59:59.568+00:00,2026-09-21T08:04:59.660+00:00,2026-09-21T08:04:59.660+00:00,False,1,0.0,,0.0,300092.54631999996,300092.54631999996,300092.54631999996,300092.54631999996,300092.54631999996,300092.54631999996,nan,300092.54631999996,nan,nan,0.0,6,64,,True,False,"HTTPConnectionPool(host='gpu06', port=9004): Read timed out.",0,59.56268577710819
433,2026-09-21T07:59:59.837+00:00,2026-09-21T08:04:59.946+00:00,2026-09-21T08:04:59.946+00:00,False,1,0.0,,0.0,300109.221018,300109.221018,300109.221018,300109.221018,300109.221018,300109.221018,nan,300109.221018,nan,nan,0.0,6,64,,True,False,"HTTPConnectionPool(host='gpu06', port=9004): Read timed out.",0,59.56268577710819
434,2026-09-21T08:00:00.129+00:00,2026-09-21T08:05:00.236+00:00,2026-09-21T08:05:00.236+00:00,False,1,0.0,,0.0,300107.443494,300107.443494,300107.443494,300107.443494,300107.443494,300107.443494,nan,300107.443494,nan,nan,0.0,6,64,,True,False,"HTTPConnectionPool(host='gpu06', port=9004): Read timed out.",0,59.56268577710819
435,2026-09-21T08:00:00.349+00:00,2026-09-21T08:05:00.464+00:00,2026-09-21T08:05:00.464+00:00,False,1,0.0,,0.0,300115.11226200004,300115.11226200004,300115.11226200004,300115.11226200004,300115.11226200004,300115.11226200004,nan,300115.11226200004,nan,nan,0.0,6,64,,True,False,"HTTPConnectionPool(host='gpu06', port=9004): Read timed out.",0,59.56268577710819
436,2026-09-21T08:00:00.601+00:00,2026-09-21T08:05:00.685+00:00,2026-09-21T08:05:00.685+00:00,False,1,0.0,,0.0,300083.740776,300083.740776,300083.740776,300083.740776,300083.740776,300083.740776,nan,300083.740776,nan,nan,0.0,6,64,,True,False,"HTTPConnectionPool(host='gpu06', port=9004): Read timed out.",0,59.56268577710819
437,2026-09-21T08:00:00.920+00:00,2026-09-21T08:05:00.977+00:00,2026-09-21T08:05:00.977+00:00,False,1,0.0,,0.0,300057.59111000004,300057.59111000004,300057.59111000004,300057.59111000004,300057.59111000004,300057.59111000004,nan,300057.59111000004,nan,nan,0.0,6,64,,True,False,TTFT timeout: 300.0s exceeded (TTFT: 300.050s),0,59.56268577710819
438,2026-09-21T08:00:01.243+00:00,2026-09-21T08:05:01.167+00:00,2026-09-21T08:05:02.967+00:00,False,29,28.0,,28.0,299923.94512,301724.12688,301724.12695,10404.280239655172,0.02206,299923.94512,55682.55046600432,174.9263908,64.29220571428571,35.33801911124867,0.09280000339891945,6,64,,True,False,Request timeout: 300.0s exceeded,84,59.56268577710819
439,2026-09-21T08:00:01.567+00:00,2026-09-21T08:05:01.489+00:00,2026-09-21T08:05:03.024+00:00,False,28,27.0,,27.0,299921.899032,301457.53909599996,301457.539108,10766.34068242857,0.02391,299921.899032,56669.16532859824,99.5762357,56.875557925925925,17.30052025360363,0.08956485241990175,6,64,,True,False,Request timeout: 300.0s exceeded,133,59.56268577710819
440,2026-09-21T08:00:01.833+00:00,2026-09-21T08:05:02.176+00:00,2026-09-21T08:05:03.068+00:00,False,18,17.0,,17.0,300343.518886,301234.834086,301234.83399099996,16735.268555055554,0.04034,300343.518886,70779.2898202384,45111.23267864999,52.43030588235294,14.83871781722384,0.05643437636148894,6,64,,True,False,Request timeout: 300.0s exceeded,119,59.56268577710819
441,2026-09-21T08:00:02.088+00:00,2026-09-21T08:05:03.263+00:00,2026-09-21T08:05:03.263+00:00,False,1,0.0,,0.0,301174.828107,301174.828107,301174.828107,301174.828107,301174.828107,301174.828107,nan,301174.828107,nan,nan,0.0,6,64,,True,False,"HTTPConnectionPool(host='gpu06', port=9004): Read timed out.",0,59.56268577710819
0,2026-09-21T07:58:02.103+00:00,2026-09-21T07:58:02.255+00:00,2026-09-21T07:58:06.107+00:00,True,68,68.0,,68.0,151.94396,4003.892248,4003.89222,58.88076794117647,0.01909,239.273886,36.654336559765085,99.17044765,57.49176549253731,35.08154834517222,16.983474026796536,7,64,,False,True,,342,59.56268577710819
4,2026-09-21T07:58:03.469+00:00,2026-09-21T07:58:05.647+00:00,2026-09-21T07:58:09.933+00:00,True,69,69.0,,69.0,2177.436847,6463.386543,6463.3866849999995,93.67227079710145,44.440834,2177.436847,254.76606808283546,80.115283,63.028672,10.693885960341968,10.675518095808247,7,64,,False,True,,409,59.56268577710819
1,2026-09-21T07:58:02.586+00:00,2026-09-21T07:58:06.415+00:00,2026-09-21T07:58:12.142+00:00,True,93,93.0,,93.0,3828.157318,9555.367046,9555.367235,102.74588424731184,39.638444,3828.157318,390.64414952638174,79.093791,62.25227965217391,10.43908825210996,9.732750144739967,7,64,,False,True,,463,59.56268577710819
2,2026-09-21T07:58:03.121+00:00,2026-09-21T07:58:07.304+00:00,2026-09-21T07:58:11.828+00:00,True,73,73.0,,73.0,4182.959697,8707.123281,8707.123296,119.27566158904109,41.931295,4182.959697,482.33290754782536,78.9639264,62.83560533333333,10.318826570997796,8.383940096414491,7,64,,False,True,,365,59.56268577710819
3,2026-09-21T07:58:03.203+00:00,2026-09-21T07:58:08.744+00:00,2026-09-21T07:58:14.522+00:00,True,91,91.0,,91.0,5540.32361,11318.490394,11318.49033,124.37901461538462,0.015960000000000002,5540.32361,575.5008793695154,80.555969,64.20185315555555,41.01815365409994,8.039941443802403,7,64,,False,True,,273,59.56268577710819
6,2026-09-21T07:58:04.281+00:00,2026-09-21T07:58:11.288+00:00,2026-09-21T07:58:11.646+00:00,True,7,7.0,,7.0,7006.918681,7365.066777,7365.0669880000005,1052.152426857143,51.228685,7006.918681,2625.8179307191836,4927.9412251,59.691349333333335,8.990737138085413,0.950432658921702,7,64,,False,True,,14,59.56268577710819
7,2026-09-21T07:58:04.750+00:00,2026-09-21T07:58:13.538+00:00,2026-09-21T07:58:17.408+00:00,True,64,64.0,,64.0,8788.056794,12658.824154,12658.824246,197.79412884375,35.409293,8788.056794,1090.8799842412645,80.104896,61.440751746031744,10.83738444582966,5.0557618323323466,7,64,,False,True,,222,59.56268577710819
5,2026-09-21T07:58:03.932+00:00,2026-09-21T07:58:15.477+00:00,2026-09-21T07:58:18.156+00:00,True,45,45.0,,45.0,11544.735130000001,14223.756698000001,14223.756688000001,316.08348195555556,38.075334000000005,11544.735130000001,1711.9378443207547,77.427608,60.88685381818182,9.693164732804993,3.163721157176953,7,64,,False,True,,91,59.56268577710819
8,2026-09-21T07:58:05.115+00:00,2026-09-21T07:58:16.327+00:00,2026-09-21T07:58:19.750+00:00,True,56,56.0,,56.0,11211.355418,14634.975257999999,14634.975224,261.3388432857143,38.931184,11211.355418,1489.888820072889,74.802608,62.24763345454545,8.98893851380338,3.8264499264792677,7,64,,False,True,,112,59.56268577710819
9,2026-09-21T07:58:05.384+00:00,2026-09-21T07:58:17.840+00:00,2026-09-21T07:58:21.751+00:00,True,62,62.0,,62.0,12455.591676999999,16366.491133,16366.491113999999,263.9756631290322,29.700073,12455.591676999999,1573.7616315177559,79.98192405,64.11310583606557,11.631461566648772,3.7882280017241126,7,64,,False,True,,62,59.56268577710819
10,2026-09-21T07:58:05.862+00:00,2026-09-21T07:58:20.319+00:00,2026-09-21T07:58:25.068+00:00,True,74,74.0,,74.0,14456.675693,19205.638252999997,19205.638216,259.5356515675676,0.0,14456.675693,1674.4350355283896,96.22317919999999,65.05428164383562,69.9822993534725,3.85303518816621,7,64,,False,True,,151,59.56268577710819
11,2026-09-21T07:58:06.249+00:00,2026-09-21T07:58:22.190+00:00,2026-09-21T07:58:22.817+00:00,True,10,10.0,,10.0,15941.258161,16567.357361,16567.357526,1656.7357526,58.941126,15941.258161,5019.074437895271,8801.97105715,69.56657777777778,7.4169504893046465,0.6035965653484524,7,64,,False,True,,41,59.56268577710819
12,2026-09-21T07:58:06.615+00:00,2026-09-21T07:58:24.102+00:00,2026-09-21T07:58:28.551+00:00,True,73,73.0,,73.0,17486.781005,21936.349773,21936.349767,300.49794201369866,0.0,17486.781005,2040.0104658987316,78.8135704,61.799566222222225,48.58724056890083,3.3278098113593564,7,64,,False,True,,222,59.56268577710819
13,2026-09-21T07:58:06.958+00:00,2026-09-21T07:58:26.041+00:00,2026-09-21T07:58:30.023+00:00,True,65,65.0,,65.0,19082.952261,23065.095749,23065.095984,354.8476305230769,0.0,19082.952261,2359.7613644557755,80.29086799999999,62.220992,50.406480866646625,2.818110997992198,7,64,,False,True,,130,59.56268577710819
14,2026-09-21T07:58:07.244+00:00,2026-09-21T07:58:27.407+00:00,2026-09-21T07:58:33.410+00:00,True,94,94.0,,94.0,20162.700584,26165.650984,26165.651047,278.3579898617021,0.0,20162.700584,2074.3592823894987,80.35518865,64.54785376344086,76.42299875227094,3.592496133861907,7,64,,False,True,,188,59.56268577710819
15,2026-09-21T07:58:07.646+00:00,2026-09-21T07:58:29.608+00:00,2026-09-21T07:58:34.189+00:00,True,72,72.0,,72.0,21962.143350000002,26543.351670000004,26543.351606000004,368.6576611944445,0.0,21962.143350000002,2581.9648339829328,101.81371475,64.52406084507042,82.68544536104527,2.712543649164559,7,64,,False,True,,216,59.56268577710819
16,2026-09-21T07:58:07.990+00:00,2026-09-21T07:58:31.515+00:00,2026-09-21T07:58:33.736+00:00,True,36,36.0,,36.0,23525.178561999997,25745.912001999997,25745.911982999998,715.1642217499999,0.01676,23525.178561999997,3911.420726142632,215.15355275000002,63.44952685714286,95.49370986676387,1.3982802394882514,7,64,,False,True,,36,59.56268577710819
17,2026-09-21T07:58:08.352+00:00,2026-09-21T07:58:33.368+00:00,2026-09-21T07:58:34.623+00:00,True,24,24.0,,24.0,25016.078318,26271.073261999998,26271.073298,1094.6280540833334,0.01829,25016.078318,5095.350265137906,138.24238144999998,54.56499756521739,33.07712611378983,0.9135523227638739,7,64,,False,True,,48,59.56268577710819
18,2026-09-21T07:58:08.656+00:00,2026-09-21T07:58:34.732+00:00,2026-09-21T07:58:36.111+00:00,True,22,22.0,,22.0,26075.639227000003,27454.311355,27454.311340000004,1247.923242727273,0.0,26075.639227000003,5546.635267642113,557.5018709,65.65105371428572,122.43763973821925,0.8013313361070097,7,64,,False,True,,77,59.56268577710819
19,2026-09-21T07:58:08.941+00:00,2026-09-21T07:58:36.180+00:00,2026-09-21T07:58:40.557+00:00,True,68,68.0,,68.0,27239.113068,31615.619692,31615.619852,464.9355860588235,0.0,27239.113068,3296.104081509164,79.87292149999999,65.3209943880597,73.06180785171634,2.1508355889417117,7,64,,False,True,,742,59.56268577710819
20,2026-09-21T07:58:09.272+00:00,2026-09-21T07:58:37.593+00:00,2026-09-21T07:58:38.773+00:00,True,20,20.0,,20.0,28320.79897,29500.778234,29500.778043,1475.03890215,49.878795,28320.79897,6318.84164563156,1489.6509910999998,62.10417178947368,8.48024063715065,0.6779482168694031,7,64,,False,True,,49,59.56268577710819
21,2026-09-21T07:58:09.743+00:00,2026-09-21T07:58:40.549+00:00,2026-09-21T07:58:42.494+00:00,True,34,34.0,,34.0,30805.989618,32750.639602,32750.63958,963.2541052941176,0.0,30805.989618,5273.102539338741,77.073304,58.92878739393939,16.52526474401848,1.0381476640817635,7,64,,False,True,,71,59.56268577710819
22,2026-09-21T07:58:10.101+00:00,2026-09-21T07:58:42.376+00:00,2026-09-21T07:58:47.064+00:00,True,74,74.0,,74.0,32274.987661,36962.891405,36962.891448,499.49853308108106,0.0,32274.987661,3746.2574939638143,86.9481705,64.21785950684932,117.94153892955093,2.002007883776916,7,64,,False,True,,296,59.56268577710819
23,2026-09-21T07:58:10.405+00:00,2026-09-21T07:58:43.675+00:00,2026-09-21T07:58:45.577+00:00,True,32,32.0,,32.0,33270.136694,35171.787894,35171.787941,1099.11837315625,42.924045,33270.136694,5870.550579389235,77.2078954,61.34358709677419,10.94814314627132,0.9098201119727247,7,64,,False,True,,95,59.56268577710819
24,2026-09-21T07:58:10.764+00:00,2026-09-21T07:58:45.692+00:00,2026-09-21T07:58:47.064+00:00,True,22,22.0,,22.0,34927.652396,36299.488044,36299.488139,1649.976733590909,0.0,34927.652396,7434.2133834088745,693.4427371499999,65.32550704761904,155.06356546977554,0.6060691537393849,7,64,,False,True,,150,59.56268577710819
25,2026-09-21T07:58:11.176+00:00,2026-09-21T07:58:47.702+00:00,2026-09-21T07:58:51.406+00:00,True,59,59.0,,59.0,36525.997362,40229.844274,40229.844086000005,681.8617641694916,41.871474,36525.997362,4746.9750525647705,78.794202,63.85942951724138,9.336152160385812,1.4665729153252252,7,64,,False,True,,708,59.56268577710819
26,2026-09-21T07:58:11.531+00:00,2026-09-21T07:58:49.212+00:00,2026-09-21T07:58:55.078+00:00,True,94,94.0,,94.0,37681.349403,43547.749403,43547.749262,463.2739283191489,0.0,37681.349403,3881.4916365309473,80.54576284999999,63.07956989247312,107.15111840483598,2.1585501268987355,7,64,,False,True,,296,59.56268577710819
27,2026-09-21T07:58:11.893+00:00,2026-09-21T07:58:51.275+00:00,2026-09-21T07:58:56.085+00:00,True,77,77.0,,77.0,39381.775019,44191.307947,44191.307988,573.9130907532467,0.0,39381.775019,4482.563097194158,80.20083,63.283328,128.04527747374212,1.7424241005119938,7,64,,False,True,,226,59.56268577710819
28,2026-09-21T07:58:12.311+00:00,2026-09-21T07:58:53.664+00:00,2026-09-21T07:58:54.552+00:00,True,21,21.0,,21.0,41353.136984,42240.924759999994,42240.924906,2011.4726145714285,0.0,41353.136984,9014.36979551665,118.183923,44.3893888,34.3151781864715,0.49714820684716476,7,64,,False,True,,104,59.56268577710819
29,2026-09-21T07:58:12.729+00:00,2026-09-21T07:58:55.780+00:00,2026-09-21T07:58:59.500+00:00,True,60,60.0,,60.0,43050.88586,46771.573476000005,46771.573476000005,779.5262246000001,38.826215,43050.88586,5549.712435625646,78.72270144999999,63.0625019661017,9.682762431192806,1.2828304788759763,7,64,,False,True,,272,59.56268577710819
30,2026-09-21T07:58:13.148+00:00,2026-09-21T07:58:57.934+00:00,2026-09-21T07:59:01.261+00:00,True,44,44.0,,44.0,44786.31684000001,48113.865256000005,48113.86530600001,1093.4969387727274,0.0,44786.31684000001,6741.363776741402,79.2167095,77.38484688372094,130.7547654786528,0.9144973027190538,7,64,,False,True,,96,59.56268577710819
31,2026-09-21T07:58:13.379+00:00,2026-09-21T07:58:59.251+00:00,2026-09-21T07:59:02.708+00:00,True,55,55.0,,55.0,45872.729473,49329.029505,49329.029522,896.8914458545454,0.0,45872.729473,6178.000084137796,82.3856646,64.00555614814814,120.4743103612906,1.1149621338977527,7,64,,False,True,,55,59.56268577710819
32,2026-09-21T07:58:13.855+00:00,2026-09-21T07:59:01.635+00:00,2026-09-21T07:59:06.387+00:00,True,78,78.0,,78.0,47780.085921,52532.318113,52532.318004,673.4912564615385,0.015210000000000001,47780.085921,5403.987036348221,90.47899949999999,61.717301194805195,101.76044506559667,1.4848002677555094,7,64,,False,True,,237,59.56268577710819
33,2026-09-21T07:58:14.225+00:00,2026-09-21T07:59:03.534+00:00,2026-09-21T07:59:05.582+00:00,True,30,30.0,,30.0,49308.401,51356.57892,51356.578892,1711.8859630666666,0.01557,49308.401,8990.883135753138,516.8733221000001,70.6268248275862,157.7688252072333,0.5841510597256115,7,64,,False,True,,120,59.56268577710819
34,2026-09-21T07:58:14.525+00:00,2026-09-21T07:59:05.632+00:00,2026-09-21T07:59:06.808+00:00,True,30,30.0,,30.0,51107.839847,52283.624039,52283.624079,1742.7874693,0.016120000000000002,51107.839847,9323.6373127847,109.31230260000001,40.54428248275862,36.07986180558958,0.5737934305705751,7,64,,False,True,,360,59.56268577710819
35,2026-09-21T07:58:14.886+00:00,2026-09-21T07:59:07.124+00:00,2026-09-21T07:59:11.565+00:00,True,71,71.0,,71.0,52237.482354,56678.417522,56678.417485,798.2875702112676,0.0,52237.482354,6193.170277854544,82.18029849999999,63.441930971428576,125.36547180679504,1.2526814103876667,7,64,,False,True,,2171,59.56268577710819
36,2026-09-21T07:58:15.240+00:00,2026-09-21T07:59:08.894+00:00,2026-09-21T07:59:10.321+00:00,True,8,8.0,,8.0,53653.83697,55081.145002,55081.144999,6885.143124875,34.127413999999995,53653.83697,18900.670454959774,35247.2330725,203.90114742857142,379.41208770547723,0.14524026324633446,7,64,,False,True,,24,59.56268577710819
37,2026-09-21T07:58:15.617+00:00,2026-09-21T07:59:11.251+00:00,2026-09-21T07:59:15.707+00:00,True,70,70.0,,70.0,55634.081966,60089.918637999996,60089.918847,858.4274121,43.963654000000005,55634.081966,6641.8331133131705,78.85552455,64.57734307246376,9.672175270191966,1.1649208650406295,7,64,,False,True,,73,59.56268577710819
38,2026-09-21T07:58:16.060+00:00,2026-09-21T07:59:13.760+00:00,2026-09-21T07:59:16.385+00:00,True,42,42.0,,42.0,57699.504249,60324.458361,60324.45858,1436.2966328571429,45.073443,57699.504249,8893.35333282516,78.65888105,64.02327102439024,10.051804867957228,0.6962350121514421,7,64,,False,True,,149,59.56268577710819
39,2026-09-21T07:58:16.379+00:00,2026-09-21T07:59:15.207+00:00,2026-09-21T07:59:19.418+00:00,True,63,63.0,,63.0,58827.14002399999,63038.51179999999,63038.51177399999,1000.6112979999999,0.01934,58827.14002399999,7404.428712803646,79.67146000000001,67.92535122580645,148.41168627648955,0.999389075044757,7,64,,False,True,,219,59.56268577710819
40,2026-09-21T07:58:16.823+00:00,2026-09-21T07:59:17.711+00:00,2026-09-21T07:59:18.074+00:00,True,7,7.0,,7.0,60887.902947999995,61251.334372,61251.334489999994,8750.190641428571,38.994653,60887.902947999995,22990.57572920725,42647.087623,60.571904,17.60029849384115,0.11428322454963415,7,64,,False,True,,18,59.56268577710819
41,2026-09-21T07:58:17.190+00:00,2026-09-21T07:59:19.316+00:00,2026-09-21T07:59:25.226+00:00,True,94,94.0,,94.0,62126.313560999995,68035.78735299999,68035.78734099999,723.7849717127659,0.0,62126.313560999995,6402.554992509559,154.56805670000003,63.54272894623656,128.15623510789473,1.3816258127841765,7,64,,False,True,,97,59.56268577710819
42,2026-09-21T07:58:17.634+00:00,2026-09-21T07:59:21.979+00:00,2026-09-21T07:59:22.320+00:00,True,6,6.0,,6.0,64345.239099,64685.653563,64685.653739,10780.942289833332,64.237035,64345.239099,26241.039385185508,48277.38525575,68.0828928,4.149753633159829,0.09275627081909832,7,64,,False,True,,26,59.56268577710819
43,2026-09-21T07:58:17.907+00:00,2026-09-21T07:59:23.468+00:00,2026-09-21T07:59:28.376+00:00,True,77,77.0,,77.0,65560.931152,70469.03329600001,70469.03317400001,915.1822490129871,40.349822999999994,65560.931152,7464.007790169266,79.992373,64.58029136842106,9.439101085638166,1.0926785340813057,7,64,,False,True,,77,59.56268577710819
44,2026-09-21T07:58:18.237+00:00,2026-09-21T07:59:25.282+00:00,2026-09-21T07:59:28.774+00:00,True,55,55.0,,55.0,67044.806557,70537.28809300001,70537.288074,1282.4961468000001,41.576694,67044.806557,9031.604617660083,81.068763,64.675584,10.151691073738974,0.7797294379603189,7,64,,False,True,,275,59.56268577710819
45,2026-09-21T07:58:18.676+00:00,2026-09-21T07:59:27.724+00:00,2026-09-21T07:59:29.098+00:00,True,22,22.0,,22.0,69048.334666,70422.443338,70422.44337699999,3201.0201534999997,54.099015,69048.334666,14707.205758615964,77.012934,65.43374628571428,7.592822652760284,0.3124004075576967,7,64,,False,True,,79,59.56268577710819
46,2026-09-21T07:58:19.120+00:00,2026-09-21T07:59:29.785+00:00,2026-09-21T07:59:34.937+00:00,True,76,76.0,,76.0,70665.719082,75817.207338,75817.207145,997.5948308552631,0.0,70665.719082,8100.876777910048,79.14502949999999,68.68651008,215.99878777644037,1.0024109653786786,7,64,,False,True,,337,59.56268577710819
47,2026-09-21T07:58:19.463+00:00,2026-09-21T07:59:32.818+00:00,2026-09-21T07:59:37.048+00:00,True,86,86.0,,86.0,73354.704122,77584.598522,77584.59842499999,902.1464933139534,0.0,73354.704122,7906.035072470508,170.26424225,49.763463529411766,147.509496451197,1.1084674231524665,7,64,,False,True,,86,59.56268577710819
48,2026-09-21T07:58:19.825+00:00,2026-09-21T07:59:33.274+00:00,2026-09-21T07:59:36.793+00:00,True,57,57.0,,57.0,73448.950795,76968.241675,76968.241744,1350.3200305964913,0.01613,73448.950795,9722.31097780157,126.33511900000002,62.84448,203.10050271043386,0.740565183243807,7,64,,False,True,,190,59.56268577710819
49,2026-09-21T07:58:20.094+00:00,2026-09-21T07:59:34.936+00:00,2026-09-21T07:59:35.656+00:00,True,13,13.0,,13.0,74841.725183,75562.268671,75562.26846600001,5812.482189692308,0.022449999999999998,74841.725183,20740.820301170857,30092.196958999997,60.045290666666666,71.8377069616463,0.172043537451242,7,64,,False,True,,52,59.56268577710819
50,2026-09-21T07:58:20.359+00:00,2026-09-21T07:59:36.557+00:00,2026-09-21T07:59:41.019+00:00,True,72,72.0,,72.0,76198.349598,80660.588574,80660.588531,1120.2859518194446,5.68591,76198.349598,8972.672453392774,78.50481400000001,62.84843628169014,17.894847832278256,0.8926292415278553,7,64,,False,True,,150,59.56268577710819
51,2026-09-21T07:58:20.726+00:00,2026-09-21T07:59:38.732+00:00,2026-09-21T07:59:39.674+00:00,True,16,16.0,,16.0,78005.83637199999,78947.69698,78947.69702499999,4934.231064062499,42.962664,78005.83637199999,19485.764579308856,19559.749488249996,62.7907072,11.493845288942746,0.20266582322285245,7,64,,False,True,,88,59.56268577710819
52,2026-09-21T07:58:21.177+00:00,2026-09-21T07:59:40.820+00:00,2026-09-21T07:59:44.934+00:00,True,64,64.0,,64.0,79642.669628,83756.479292,83756.47933,1308.69498953125,43.817114000000004,79642.669628,9947.177641047303,80.382655,65.2985660952381,11.247850634383449,0.7641199885787576,7,64,,False,True,,96,59.56268577710819
53,2026-09-21T07:58:21.569+00:00,2026-09-21T07:59:42.662+00:00,2026-09-21T07:59:47.633+00:00,True,78,78.0,,78.0,81092.681559,86063.846487,86063.84641700001,1103.3826463717949,0.0,81092.681559,9176.745648455844,80.61903450000001,64.56058348051948,198.42419948773932,0.9063039032514303,7,64,,False,True,,545,59.56268577710819
54,2026-09-21T07:58:21.885+00:00,2026-09-21T07:59:44.308+00:00,2026-09-21T07:59:50.365+00:00,True,96,96.0,,96.0,82422.866712,88480.067608,88480.067395,921.6673686979167,0.0,82422.866712,8407.567529955104,78.074757,63.76000943157895,176.16617743601262,1.0849901293624247,7,64,,False,True,,233,59.56268577710819
55,2026-09-21T07:58:22.178+00:00,2026-09-21T07:59:46.998+00:00,2026-09-21T07:59:51.607+00:00,True,92,92.0,,92.0,84820.145848,89428.729784,89428.729813,972.0514110108695,0.0,84820.145848,8837.871019254877,76.1586495,50.64377951648351,26.567133524247364,1.0287521719497803,7,64,,False,True,,193,59.56268577710819
56,2026-09-21T07:58:22.536+00:00,2026-09-21T07:59:47.630+00:00,2026-09-21T07:59:50.302+00:00,True,43,43.0,,43.0,85094.156136,87765.585768,87765.585771,2041.0601342093025,44.267124,85094.156136,12967.04104672582,78.1715679,63.60546742857142,9.827239480487307,0.48994146878557177,7,64,,False,True,,128,59.56268577710819
57,2026-09-21T07:58:23.267+00:00,2026-09-21T07:59:50.426+00:00,2026-09-21T07:59:54.297+00:00,True,56,56.0,,56.0,87158.97972599999,91030.332302,91030.33221699999,1625.5416467321427,0.015349999999999999,87158.97972599999,11639.498044620892,80.53863475,70.38822865454546,206.31969519769774,0.615179562502483,7,64,,False,True,,616,59.56268577710819
58,2026-09-21T07:58:23.359+00:00,2026-09-21T07:59:50.839+00:00,2026-09-21T07:59:55.525+00:00,True,74,74.0,,74.0,87479.90066300001,92165.71416700001,92165.71407500001,1245.4826226351352,0.01511,87479.90066300001,10163.227052824,176.65934595,64.18922608219178,167.22565865659493,0.802901606837391,7,64,,False,True,,296,59.56268577710819
59,2026-09-21T07:58:23.821+00:00,2026-09-21T07:59:54.339+00:00,2026-09-21T07:59:55.884+00:00,True,32,32.0,,32.0,90517.854393,92063.491001,92063.490879,2876.98408996875,0.0159,90517.854393,15992.798074103448,247.18144124999998,49.85924541935484,73.81680368259863,0.34758621090799624,7,64,,False,True,,180,59.56268577710819
60,2026-09-21T07:58:24.203+00:00,2026-09-21T07:59:56.221+00:00,2026-09-21T07:59:57.842+00:00,True,26,26.0,,26.0,92018.13609900001,93638.628131,93638.628022,3601.4856931538466,49.744384,92018.13609900001,18033.53134618832,78.614102,64.81968128,9.328724382002555,0.277663187927381,7,64,,False,True,,51,59.56268577710819
61,2026-09-21T07:58:24.607+00:00,2026-09-21T07:59:58.082+00:00,2026-09-21T08:00:03.407+00:00,True,86,86.0,,86.0,93474.719091,98799.436147,98799.436159,1148.8306530116279,0.0,93474.719091,10074.93570121804,80.01262200000001,62.64373007058824,204.5654419433578,0.8704503118018184,7,64,,False,True,,452,59.56268577710819
62,2026-09-21T07:58:25.076+00:00,2026-09-21T08:00:00.741+00:00,2026-09-21T08:00:04.832+00:00,True,65,65.0,,65.0,95664.85096600001,99755.44373400001,99755.44387500001,1534.6991365384617,0.0,95664.85096600001,11860.098065811382,78.13308500000001,63.915512,233.4252541907909,0.6515935127643145,7,64,,False,True,,390,59.56268577710819
63,2026-09-21T07:58:25.472+00:00,2026-09-21T08:00:02.901+00:00,2026-09-21T08:00:06.109+00:00,True,53,53.0,,53.0,97428.813045,100636.889845,100636.889807,1898.8092416415095,0.0,97428.813045,13374.412703297103,77.112497,61.693784615384615,16.753626572331537,0.5266458460871566,7,64,,False,True,,213,59.56268577710819
64,2026-09-21T07:58:25.924+00:00,2026-09-21T08:00:04.896+00:00,2026-09-21T08:00:05.422+00:00,True,9,9.0,,9.0,98971.747493,99497.72253300001,99497.72242,11055.302491111112,50.065044,98971.747493,32968.668392585394,59414.7641106,65.74688,10.691412080985373,0.09045433172618607,7,64,,False,True,,24,59.56268577710819
65,2026-09-21T07:58:26.218+00:00,2026-09-21T08:00:06.105+00:00,2026-09-21T08:00:11.633+00:00,True,90,90.0,,90.0,99886.84815,105415.41775000001,105415.41773500001,1171.2824192777778,43.534163,99886.84815,10522.454366945978,77.03224205000001,62.1187595505618,9.20089765853369,0.8537650556339041,7,64,,False,True,,180,59.56268577710819
66,2026-09-21T07:58:26.545+00:00,2026-09-21T08:00:08.049+00:00,2026-09-21T08:00:10.635+00:00,True,43,43.0,,43.0,101504.368857,104089.89154499999,104089.891624,2420.6951540465116,44.488794,101504.368857,15469.885745654097,75.932954,61.560064,8.784056486709133,0.4131044750047636,7,64,,True,True,,258,59.56268577710819
67,2026-09-21T07:58:26.994+00:00,2026-09-21T08:00:10.511+00:00,2026-09-21T08:00:11.484+00:00,True,16,16.0,,16.0,103516.152006,104489.259718,104489.259651,6530.5787281875,43.910384,103516.152006,25862.820883968547,25935.61374675,64.87384746666667,8.627975692804474,0.1531257857810599,7,64,,True,True,,72,59.56268577710819
68,2026-09-21T07:58:27.452+00:00,2026-09-21T08:00:12.775+00:00,2026-09-21T08:00:15.787+00:00,True,49,49.0,,49.0,105322.576178,108335.256626,108335.256603,2210.923604142857,46.034524,105322.576178,15037.118260807985,76.160111,62.764176,8.332333432214368,0.4522996624188566,7,64,,True,True,,193,59.56268577710819
69,2026-09-21T07:58:27.721+00:00,2026-09-21T08:00:14.250+00:00,2026-09-21T08:00:17.105+00:00,True,47,47.0,,47.0,106529.03875,109384.240286,109384.240309,2327.324261893617,46.491934,106529.03875,15529.806382750216,76.53644530000001,62.06959860869565,9.483602262843721,0.42967798539453306,7,64,,True,True,,233,59.56268577710819
70,2026-09-21T07:58:28.142+00:00,2026-09-21T08:00:16.553+00:00,2026-09-21T08:00:19.283+00:00,True,44,44.0,,44.0,108411.346059,111140.92865100001,111140.92869700001,2525.930197659091,45.639494,108411.346059,16334.058382429494,77.66638255000001,63.478664930232554,9.66428382262835,0.39589375879849736,7,64,,True,True,,264,59.56268577710819
71,2026-09-21T07:58:28.453+00:00,2026-09-21T08:00:18.097+00:00,2026-09-21T08:00:18.804+00:00,True,12,12.0,,12.0,109643.359806,110351.02572599999,110351.025679,9195.918806583333,48.730614,109643.359806,31632.74193833122,49382.37972339999,64.33326545454545,10.882425531913189,0.10874389178579842,7,64,,True,True,,36,59.56268577710819
72,2026-09-21T07:58:28.929+00:00,2026-09-21T08:00:20.522+00:00,2026-09-21T08:00:22.738+00:00,True,37,37.0,,37.0,111592.66294699999,113808.52393899999,113808.52393099999,3075.906052189189,47.984364,111592.66294699999,18335.60387546315,76.244786,61.551694222222224,8.968435889198146,0.32510745873333313,7,64,,True,True,,148,59.56268577710819
73,2026-09-21T07:58:29.247+00:00,2026-09-21T08:00:21.787+00:00,2026-09-21T08:00:27.631+00:00,True,94,94.0,,94.0,112540.33907799999,118383.74208599998,118383.74210199999,1259.4015117234042,44.540874,112540.33907799999,11601.172263136967,76.33365235,62.83229040860215,8.717982723018581,0.794027949646275,7,64,,True,True,,846,59.56268577710819
74,2026-09-21T07:58:29.698+00:00,2026-09-21T08:00:24.323+00:00,2026-09-21T08:00:27.631+00:00,True,53,53.0,,53.0,114625.51302,117932.785724,117932.785785,2225.1469016037736,43.134142,114625.51302,15736.291274098927,77.6978716,63.601398153846155,8.933204761485863,0.44940853109360746,7,64,,True,True,,239,59.56268577710819
75,2026-09-21T07:58:29.986+00:00,2026-09-21T08:00:25.986+00:00,2026-09-21T08:00:31.815+00:00,True,93,93.0,,93.0,116000.518444,121829.20734,121829.207278,1309.991476107527,43.270373,116000.518444,12022.127588949983,77.4885556,63.355314086956525,9.62357393416173,0.7633637452836439,7,64,,True,True,,279,59.56268577710819
76,2026-09-21T07:58:30.328+00:00,2026-09-21T08:00:27.680+00:00,2026-09-21T08:00:30.655+00:00,True,49,49.0,,49.0,117352.39100399999,120327.31605999998,120327.31591499998,2455.6595084693877,41.020153,117352.39100399999,16755.77683777936,77.12658139999999,61.97760533333334,10.936360335058565,0.407222579248478,7,64,,True,True,,52,59.56268577710819
77,2026-09-21T07:58:30.797+00:00,2026-09-21T08:00:30.213+00:00,2026-09-21T08:00:34.226+00:00,True,63,63.0,,63.0,119415.504624,123428.995568,123428.995551,1959.1904055714285,43.910453000000004,119415.504624,15036.786141344017,77.24387490000001,64.7337249032258,8.563722377018802,0.5104149127203403,7,64,,True,True,,279,59.56268577710819
78,2026-09-21T07:58:31.151+00:00,2026-09-21T08:00:31.937+00:00,2026-09-21T08:00:36.802+00:00,True,78,78.0,,78.0,120785.818696,125650.66964000001,125650.669756,1610.9060225128205,44.288783,120785.818696,13669.149962708265,75.82021515000001,63.179882389610384,8.837691085271162,0.6207686773455066,7,64,,True,True,,468,59.56268577710819
79,2026-09-21T07:58:31.518+00:00,2026-09-21T08:00:33.573+00:00,2026-09-21T08:00:36.596+00:00,True,50,50.0,,50.0,122054.806008,125077.476344,125077.476523,2501.54953046,43.470523,122054.806008,17252.434687595014,76.61183650000001,61.68714971428572,9.132041720709486,0.3997522292701624,7,64,,True,True,,103,59.56268577710819
80,2026-09-21T07:58:31.828+00:00,2026-09-21T08:00:34.970+00:00,2026-09-21T08:00:39.630+00:00,True,76,76.0,,76.0,123142.80458,127802.119268,127802.119155,1681.6068309868422,44.219504,123142.80458,14118.325702679065,77.65969849999999,62.124195840000006,9.856480309679487,0.5946693250103985,7,64,,True,True,,76,59.56268577710819
81,2026-09-21T07:58:32.258+00:00,2026-09-21T08:00:37.303+00:00,2026-09-21T08:00:43.434+00:00,True,96,96.0,,96.0,125044.81723700001,131175.51112500002,131175.51113300002,1366.4115743020834,42.876313,125044.81723700001,12755.75070282882,77.746496,64.53361987368422,10.054255452989892,0.7318439179437959,7,64,,True,True,,1238,59.56268577710819
82,2026-09-21T07:58:32.679+00:00,2026-09-21T08:00:39.524+00:00,2026-09-21T08:00:43.488+00:00,True,62,62.0,,62.0,126845.21223,130809.72935000001,130809.729334,2109.834344096774,43.407042999999994,126845.21223,16101.107031592679,79.21411895,64.99208393442623,9.863895091995426,0.4739708606391976,7,64,,True,True,,278,59.56268577710819
83,2026-09-21T07:58:33.356+00:00,2026-09-21T08:00:40.968+00:00,2026-09-21T08:00:45.875+00:00,True,77,77.0,,77.0,127611.839007,132519.467551,132519.467742,1721.0320485974025,43.647043,127611.839007,14535.36364598472,79.97014399999999,64.57405978947368,10.590045596373315,0.5810467052349618,7,64,,True,True,,154,59.56268577710819
84,2026-09-21T07:58:33.456+00:00,2026-09-21T08:00:43.826+00:00,2026-09-21T08:00:45.507+00:00,True,27,27.0,,27.0,130370.271689,132051.251401,132051.251393,4890.78708862963,47.151144,130370.271689,25077.330122936954,80.396613,64.65306584615385,10.531983609789068,0.20446606687587618,7,64,,True,True,,196,59.56268577710819
85,2026-09-21T07:58:33.723+00:00,2026-09-21T08:00:45.370+00:00,2026-09-21T08:00:51.584+00:00,True,98,98.0,,98.0,131646.970265,137860.23439300002,137860.234357,1406.7370852755103,42.335083,131646.970265,13291.88477608495,78.09490615,64.05426936082475,9.028641572996808,0.7108648874093024,7,64,,True,True,,195,59.56268577710819
86,2026-09-21T07:58:34.072+00:00,2026-09-21T08:00:47.374+00:00,2026-09-21T08:00:53.507+00:00,True,98,98.0,,98.0,133301.480338,139434.34357,139434.343464,1422.7994231020407,45.098173,133301.480338,13459.09932004647,76.53730685000001,63.2253941443299,9.172904268140345,0.7028397559084948,7,64,,True,True,,196,59.56268577710819
87,2026-09-21T07:58:34.543+00:00,2026-09-21T08:00:49.843+00:00,2026-09-21T08:00:53.177+00:00,True,54,54.0,,54.0,135300.369053,138633.496221,138633.49631,2567.2869687037037,45.190764,135300.369053,18403.492477120788,77.8433915,62.8891918490566,9.666329612543212,0.3895162530844415,7,64,,True,True,,643,59.56268577710819
88,2026-09-21T07:58:34.831+00:00,2026-09-21T08:00:51.363+00:00,2026-09-21T08:00:54.154+00:00,True,45,45.0,,45.0,136532.027866,139323.596506,139323.596563,3096.079923622222,45.495833,136532.027866,20343.53743749464,78.53964979999999,63.44474181818182,9.55688407726204,0.32298907814988875,7,64,,True,True,,90,59.56268577710819
89,2026-09-21T07:58:35.147+00:00,2026-09-21T08:00:52.981+00:00,2026-09-21T08:00:56.106+00:00,True,50,50.0,,50.0,137834.338733,140959.588781,140959.588846,2819.1917769200004,42.878263,137834.338733,19483.70099999436,77.730982,63.78061322448979,8.51177880133478,0.3547115909771973,7,64,,True,True,,150,59.56268577710819
90,2026-09-21T07:58:35.472+00:00,2026-09-21T08:00:54.648+00:00,2026-09-21T08:00:57.741+00:00,True,51,51.0,,51.0,139175.503594,142268.408042,142268.407954,2789.5766265490197,41.876063,139175.503594,19479.80928732229,77.75550600000001,61.85808896,10.098761764308385,0.3584773366195533,7,64,,True,True,,289,59.56268577710819
91,2026-09-21T07:58:35.944+00:00,2026-09-21T08:00:57.294+00:00,2026-09-21T08:01:01.726+00:00,True,70,70.0,,70.0,141349.864322,145781.70381,145781.703811,2082.5957687285713,41.684663,141349.864322,16886.86662847089,77.6622665,64.22955779710145,10.71901723933317,0.48016999507175673,7,64,,True,True,,151,59.56268577710819
92,2026-09-21T07:58:36.354+00:00,2026-09-21T08:00:59.346+00:00,2026-09-21T08:00:59.663+00:00,True,6,6.0,,6.0,142992.337943,143308.45800699998,143308.458025,23884.743004166667,44.714444,142992.337943,58350.56768883375,107263.87225849999,63.2240128,13.615343934588623,0.04186773121030251,7,64,,True,True,,39,59.56268577710819
93,2026-09-21T07:58:36.787+00:00,2026-09-21T08:01:01.463+00:00,2026-09-21T08:01:02.501+00:00,True,17,17.0,,17.0,144675.918173,145714.09314900002,145714.09331000003,8571.417253529413,41.625263,144675.918173,35073.32866366591,28995.1952554,64.885936,10.856955307256708,0.11666682084495862,7,64,,True,True,,51,59.56268577710819
94,2026-09-21T07:58:37.219+00:00,2026-09-21T08:01:03.604+00:00,2026-09-21T08:01:07.811+00:00,True,69,69.0,,69.0,146385.673678,150591.985102,150591.985151,2182.4925384202897,44.008444000000004,146385.673678,17615.31974574437,77.624714,61.857520941176475,9.090256941860902,0.4581917155369487,7,64,,True,True,,313,59.56268577710819
95,2026-09-21T07:58:37.618+00:00,2026-09-21T08:01:05.901+00:00,2026-09-21T08:01:10.031+00:00,True,67,67.0,,67.0,148282.718958,152412.65457400001,152412.654534,2274.815739313433,41.644463,148282.718958,18107.975259039624,78.932127,62.57478206060606,9.782878747637332,0.4395960439588688,7,64,,True,True,,71,59.56268577710819
96,2026-09-21T07:58:38.035+00:00,2026-09-21T08:01:08.410+00:00,2026-09-21T08:01:14.236+00:00,True,92,92.0,,92.0,150375.12721,156201.51927400002,156201.519273,1697.8426007934784,43.249474,150375.12721,15671.01915674307,78.1634055,64.02628641758241,10.664815712079122,0.5889827475917101,7,64,,True,True,,736,59.56268577710819
97,2026-09-21T07:58:38.298+00:00,2026-09-21T08:01:09.829+00:00,2026-09-21T08:01:10.176+00:00,True,6,6.0,,6.0,151530.62275799998,151877.73469399998,151877.734844,25312.955807333332,63.424705,151530.62275799998,61833.77633927299,113667.41307499997,69.4223872,5.943658584115612,0.03950546149564761,7,64,,True,True,,11,59.56268577710819
98,2026-09-21T07:58:38.623+00:00,2026-09-21T08:01:11.716+00:00,2026-09-21T08:01:14.574+00:00,True,45,45.0,,45.0,153093.01005500002,155951.597191,155951.59699800002,3465.5910444000006,49.487984,153093.01005500002,22812.076544353953,80.9858728,64.96788945454546,11.623556802951803,0.2885510684759884,7,64,,True,True,,360,59.56268577710819
99,2026-09-21T07:58:39.024+00:00,2026-09-21T08:01:13.823+00:00,2026-09-21T08:01:18.299+00:00,True,71,71.0,,71.0,154798.91295899998,159275.174335,159275.17445199998,2243.312316225352,43.045722000000005,154798.91295899998,18363.664350068913,77.328961,63.94659108571429,9.364528938607904,0.44576940691753536,7,64,,True,True,,333,59.56268577710819
100,2026-09-21T07:58:39.334+00:00,2026-09-21T08:01:15.624+00:00,2026-09-21T08:01:21.045+00:00,True,87,87.0,,87.0,156290.05660100002,161711.269273,161711.269166,1858.7502202988508,40.639072999999996,156290.05660100002,16749.297723792894,77.816419,63.03735665116279,10.35294632474052,0.5379959009110683,7,64,,True,True,,174,59.56268577710819
101,2026-09-21T07:58:39.658+00:00,2026-09-21T08:01:17.180+00:00,2026-09-21T08:01:19.376+00:00,True,36,36.0,,36.0,157521.740492,159718.6091,159718.609257,4436.628034916667,48.618724,157521.740492,26243.16404911155,81.857243,62.767674514285716,10.16820524218605,0.22539640310453968,7,64,,True,True,,109,59.56268577710819
102,2026-09-21T07:58:40.104+00:00,2026-09-21T08:01:19.506+00:00,2026-09-21T08:01:25.767+00:00,True,100,100.0,,100.0,159401.9307,165663.093452,165663.093506,1656.63093506,43.499082,159401.9307,15933.87151591067,78.18230695,63.24406820202021,9.58330200770938,0.6036347499992475,7,64,,True,True,,500,59.56268577710819
103,2026-09-21T07:58:40.397+00:00,2026-09-21T08:01:21.125+00:00,2026-09-21T08:01:21.125+00:00,True,1,1.0,,1.0,160728.358729,160728.358729,160728.358729,160728.358729,160728.358729,160728.358729,nan,160728.358729,nan,nan,0.006221677418395559,7,64,,True,True,,3,59.56268577710819
104,2026-09-21T07:58:40.762+00:00,2026-09-21T08:01:23.165+00:00,2026-09-21T08:01:27.319+00:00,True,67,67.0,,67.0,162403.156758,166557.558294,166557.55828199998,2485.9337057014923,45.922962,162403.156758,19833.015592737105,77.810026,62.94547781818182,9.378734899312414,0.4022633417916381,7,64,,True,True,,201,59.56268577710819
105,2026-09-21T07:58:41.175+00:00,2026-09-21T08:01:25.132+00:00,2026-09-21T08:01:27.380+00:00,True,37,37.0,,37.0,163957.023981,166205.726445,166205.72652300002,4492.046662783784,44.328672,163957.023981,26944.101393491757,77.7056936,62.46395733333333,9.710195695864543,0.22261567511179503,7,64,,True,True,,104,59.56268577710819
106,2026-09-21T07:58:41.497+00:00,2026-09-21T08:01:26.712+00:00,2026-09-21T08:01:31.166+00:00,True,72,72.0,,72.0,165214.54766299998,169668.60820699998,169668.60836299998,2356.5084494861107,43.933782,165214.54766299998,19463.330030256177,76.0470205,62.73324709859155,8.990909612289483,0.42435663709905713,7,64,,True,True,,75,59.56268577710819
107,2026-09-21T07:58:41.902+00:00,2026-09-21T08:01:28.570+00:00,2026-09-21T08:01:29.751+00:00,True,20,20.0,,20.0,166667.240961,167848.604417,167848.604475,8392.43022375,45.846322,166667.240961,37254.025836239,8405.41128685,62.177024,8.872954582341105,0.11915499726356,7,64,,True,True,,34,59.56268577710819
108,2026-09-21T07:58:42.341+00:00,2026-09-21T08:01:30.741+00:00,2026-09-21T08:01:33.802+00:00,True,51,51.0,,51.0,168399.753453,171460.825837,171460.825878,3361.976978,41.326862999999996,168399.753453,23572.11074433596,75.00287399999999,61.22144768,8.119112482210149,0.2974440356917642,7,64,,True,True,,102,59.56268577710819
109,2026-09-21T07:58:42.673+00:00,2026-09-21T08:01:32.547+00:00,2026-09-21T08:01:34.641+00:00,True,34,34.0,,34.0,169873.92024500002,171967.57605300003,171967.57590800003,5057.869879647059,48.982372000000005,169873.92024500002,29122.2575795717,78.707713,63.44411539393939,8.419558085649633,0.19771168949617152,7,64,,True,True,,36,59.56268577710819
111,2026-09-21T07:58:43.575+00:00,2026-09-21T08:01:36.322+00:00,2026-09-21T08:01:41.515+00:00,True,82,82.0,,82.0,172747.15857499998,177939.86103899998,177939.860906,2169.998303731707,45.845542,172747.15857499998,19069.654835723704,76.992335,64.1074378271605,8.724663938326474,0.46082985296941215,7,64,,True,True,,410,59.56268577710819
110,2026-09-21T07:58:43.534+00:00,2026-09-21T08:01:36.323+00:00,2026-09-21T08:01:41.037+00:00,True,75,75.0,,75.0,172789.03434,177503.19114,177503.19135600002,2366.70921808,45.189602,172789.03434,19944.605071651145,76.82512799999999,63.704821621621626,8.932665009404895,0.4225276149590242,7,64,,True,True,,301,59.56268577710819
112,2026-09-21T07:58:43.751+00:00,2026-09-21T08:01:38.135+00:00,2026-09-21T08:01:38.931+00:00,True,14,14.0,,14.0,174383.573796,175180.17386,175180.173729,12512.86955207143,49.237743,174383.573796,46589.59445764765,61084.593467700004,61.276928,9.536738248506282,0.07991771951995254,7,64,,True,True,,46,59.56268577710819
113,2026-09-21T07:58:44.202+00:00,2026-09-21T08:01:40.217+00:00,2026-09-21T08:01:46.272+00:00,True,99,99.0,,99.0,176014.739081,182069.607561,182069.607599,1839.0869454444446,43.182252,176014.739081,17683.939896743377,75.2459811,61.78437224489796,9.597642567619022,0.5437480825394286,7,64,,True,True,,597,59.56268577710819
114,2026-09-21T07:58:44.608+00:00,2026-09-21T08:01:42.159+00:00,2026-09-21T08:01:47.764+00:00,True,91,91.0,,91.0,177550.65596399998,183155.90063599998,183155.900737,2012.7022059010985,42.644692000000006,177550.65596399998,18605.83975037005,77.2505945,62.280496355555556,9.661849401767766,0.49684448977077406,7,64,,True,True,,182,59.56268577710819
115,2026-09-21T07:58:45.042+00:00,2026-09-21T08:01:44.429+00:00,2026-09-21T08:01:46.709+00:00,True,38,38.0,,38.0,179387.708082,181666.810034,181666.810125,4780.705529605263,43.211683,179387.708082,29090.538051963347,76.61633920000001,61.597350054054054,9.544920641957916,0.20917414685097446,7,64,,True,True,,42,59.56268577710819
116,2026-09-21T07:58:45.409+00:00,2026-09-21T08:01:46.214+00:00,2026-09-21T08:01:50.836+00:00,True,74,74.0,,74.0,180805.25583,185427.513494,185427.513601,2505.7772108243244,45.171353,180805.25583,21010.82529800449,76.80253199999999,63.3185981369863,8.933034650492047,0.39907777764810753,7,64,,True,True,,444,59.56268577710819
117,2026-09-21T07:58:45.685+00:00,2026-09-21T08:01:47.700+00:00,2026-09-21T08:01:50.843+00:00,True,51,51.0,,51.0,182015.438813,185158.14934099998,185158.14933299998,3630.551947705882,43.346153,182015.438813,25478.459628292614,76.576669,62.854210560000006,9.07152270484205,0.27544021249680395,7,64,,True,True,,354,59.56268577710819
118,2026-09-21T07:58:46.022+00:00,2026-09-21T08:01:49.445+00:00,2026-09-21T08:01:49.937+00:00,True,9,9.0,,9.0,183422.651411,183914.716947,183914.716878,20434.968542,50.384832,183422.651411,61120.381478842195,110082.6868842,61.508192,7.5031160217291815,0.04893572493490878,7,64,,True,True,,40,59.56268577710819
119,2026-09-21T07:58:46.456+00:00,2026-09-21T08:01:51.539+00:00,2026-09-21T08:01:55.142+00:00,True,58,58.0,,58.0,185083.490769,188686.80417699998,188686.804194,3253.2207619655173,42.700881,185083.490769,24294.35402590384,76.523184,63.216024701754385,9.283300472158354,0.30738768539209765,7,64,,True,True,,116,59.56268577710819
120,2026-09-21T07:58:46.921+00:00,2026-09-21T08:01:53.768+00:00,2026-09-21T08:01:55.841+00:00,True,33,33.0,,33.0,186846.69279300002,188919.55730500002,188919.55724400003,5724.835068,46.150033,186846.69279300002,32514.55929528733,79.97552999999999,64.777016,9.05544134360926,0.1746775213257744,7,64,,True,True,,132,59.56268577710819
121,2026-09-21T07:58:47.260+00:00,2026-09-21T08:01:55.608+00:00,2026-09-21T08:01:59.798+00:00,True,67,67.0,,67.0,188347.76629600002,192537.14818400002,192537.14796300002,2873.6887755671646,42.536222,188347.76629600002,23002.589019050014,78.539285,63.47548315151515,9.243303953485604,0.3479847947886441,7,64,,True,True,,268,59.56268577710819
122,2026-09-21T07:58:47.550+00:00,2026-09-21T08:01:57.041+00:00,2026-09-21T08:01:59.667+00:00,True,42,42.0,,42.0,189491.445674,192116.85648999998,192116.85648599998,4574.210868714285,43.698551,189491.445674,29229.285337782236,76.801411,64.03441014634147,8.497636697667891,0.2186169437047091,7,64,,True,True,,42,59.56268577710819
123,2026-09-21T07:58:47.979+00:00,2026-09-21T08:01:59.331+00:00,2026-09-21T08:02:02.127+00:00,True,46,46.0,,46.0,191352.129743,194147.789775,194147.789553,4220.604120717391,40.648702,191352.129743,28204.17370765499,76.47453325,62.12577848888889,8.757900780379707,0.23693290587191285,7,64,,True,True,,91,59.56268577710819
124,2026-09-21T07:58:48.379+00:00,2026-09-21T08:02:01.642+00:00,2026-09-21T08:02:04.175+00:00,True,42,42.0,,42.0,193263.620956,195796.602716,195796.602644,4661.82387247619,47.312462,193263.620956,29811.692543931036,76.65008095,61.780042926829275,8.816616249026108,0.21450831841510734,7,64,,True,True,,366,59.56268577710819
125,2026-09-21T07:58:48.783+00:00,2026-09-21T08:02:03.996+00:00,2026-09-21T08:02:10.180+00:00,True,99,99.0,,99.0,195213.35256200001,201397.23685000002,201397.23670600003,2034.3155222828284,46.218182,195213.35256200001,19613.339829893215,76.40169099999999,63.10086008163265,7.882909432924552,0.49156583053686514,7,64,,True,True,,330,59.56268577710819
126,2026-09-21T07:58:49.149+00:00,2026-09-21T08:02:05.671+00:00,2026-09-21T08:02:09.387+00:00,True,60,60.0,,60.0,196522.283564,200238.323756,200238.323746,3337.305395766667,47.760873,196522.283564,25362.787788173195,76.17773555,62.98373206779661,7.997717329011754,0.2996429398455856,7,64,,True,True,,475,59.56268577710819
127,2026-09-21T07:58:49.547+00:00,2026-09-21T08:02:08.168+00:00,2026-09-21T08:02:13.606+00:00,True,87,87.0,,87.0,198621.118818,204059.481698,204059.481753,2345.511284517241,43.127102,198621.118818,21287.641229695502,77.7598837,63.236777674418605,8.822945431314483,0.42634627548822546,7,64,,True,True,,951,59.56268577710819
128,2026-09-21T07:58:49.901+00:00,2026-09-21T08:02:09.799+00:00,2026-09-21T08:02:10.975+00:00,True,20,20.0,,20.0,199897.449799,201073.411911,201073.411843,10053.67059215,45.828902,199897.449799,44684.58994293278,10067.62954525,61.8927427368421,9.47758259140885,0.0994661591998672,7,64,,True,True,,20,59.56268577710819
129,2026-09-21T07:58:50.232+00:00,2026-09-21T08:02:11.996+00:00,2026-09-21T08:02:15.617+00:00,True,58,58.0,,58.0,201764.176563,205384.80171499998,205384.801499,3541.117267224138,45.645613,201764.176563,26484.59567045574,77.76860414999999,63.51973950877193,10.166394935309569,0.28239674754747957,7,64,,True,True,,60,59.56268577710819
130,2026-09-21T07:58:50.533+00:00,2026-09-21T08:02:13.599+00:00,2026-09-21T08:02:19.159+00:00,True,89,89.0,,89.0,203066.483449,208626.692857,208626.69298999998,2344.120145955056,41.268112,203066.483449,21518.308884941947,76.71015799999999,63.18419781818182,9.788469613250605,0.4265992945639209,7,64,,True,True,,1049,59.56268577710819
131,2026-09-21T07:58:50.827+00:00,2026-09-21T08:02:15.189+00:00,2026-09-21T08:02:17.411+00:00,True,35,35.0,,35.0,204362.885205,206584.683349,206584.683345,5902.419524142857,46.669135000000004,204362.885205,34532.587906016364,79.662828,65.34700423529412,9.154850274144378,0.16942204732996446,7,64,,True,True,,175,59.56268577710819
132,2026-09-21T07:58:51.214+00:00,2026-09-21T08:02:17.293+00:00,2026-09-21T08:02:21.291+00:00,True,64,64.0,,64.0,206079.450988,210076.88561199998,210076.885774,3282.45134021875,41.784333,206079.450988,25752.001883535297,80.81684,63.45134323809524,10.045652313442869,0.3046503655723664,7,64,,True,True,,832,59.56268577710819
133,2026-09-21T07:58:51.635+00:00,2026-09-21T08:02:19.498+00:00,2026-09-21T08:02:23.716+00:00,True,68,68.0,,68.0,207863.374074,212081.422074,212081.42209399998,3118.8444425588236,45.658972999999996,207863.374074,25199.50406033387,79.57879430000001,62.95594029850746,9.892985511458237,0.3206315731713326,7,64,,True,True,,204,59.56268577710819
134,2026-09-21T07:58:51.959+00:00,2026-09-21T08:02:21.291+00:00,2026-09-21T08:02:24.856+00:00,True,59,59.0,,59.0,209332.579407,212897.03943900001,212897.03949000002,3608.4243981355935,42.324292,209332.579407,27244.781258365205,76.46337109999999,61.45620744827586,9.504908844367959,0.2771292647162662,7,64,,True,True,,177,59.56268577710819
135,2026-09-21T07:58:52.246+00:00,2026-09-21T08:02:22.949+00:00,2026-09-21T08:02:26.438+00:00,True,57,57.0,,57.0,210703.327517,214192.581917,214192.582016,3757.76459677193,44.460222,210703.327517,27900.08657086547,79.259348,62.30811428571428,10.602771379932738,0.26611565858096614,7,64,,True,True,,113,59.56268577710819
136,2026-09-21T07:58:52.545+00:00,2026-09-21T08:02:24.364+00:00,2026-09-21T08:02:24.603+00:00,True,5,5.0,,5.0,211818.387452,212057.75718,212057.75719499998,42411.551439,53.635642999999995,211818.387452,94701.30049683506,169468.07689240001,59.842432,7.147220026561003,0.023578481949876863,7,64,,True,True,,14,59.56268577710819
137,2026-09-21T07:58:52.822+00:00,2026-09-21T08:02:25.681+00:00,2026-09-21T08:02:31.071+00:00,True,88,88.0,,88.0,212859.020795,218249.43385099998,218249.433825,2480.1072025568183,43.468381,212859.020795,22684.244763157956,77.026664,61.95877075862069,8.91622787336124,0.4032083769806159,7,64,,True,True,,220,59.56268577710819
138,2026-09-21T07:58:53.690+00:00,2026-09-21T08:02:27.566+00:00,2026-09-21T08:02:29.493+00:00,True,32,32.0,,32.0,213875.93904,215802.323424,215802.323478,6743.8226086875,49.664322,213875.93904,37797.297337903416,76.62363845,62.141431741935484,7.846636445633602,0.1482838529830267,7,64,,True,True,,128,59.56268577710819
139,2026-09-21T07:58:53.897+00:00,2026-09-21T08:02:30.544+00:00,2026-09-21T08:02:31.957+00:00,True,23,23.0,,23.0,216646.922125,218059.44999700002,218059.450004,9480.845652347827,44.634921999999996,216646.922125,45160.6194758299,78.1571989,64.20581236363637,11.04422804550641,0.1054758232230542,7,64,,True,True,,69,59.56268577710819
140,2026-09-21T07:58:54.059+00:00,2026-09-21T08:02:32.342+00:00,2026-09-21T08:02:34.519+00:00,True,35,35.0,,35.0,218282.545751,220459.664727,220459.664558,6298.8475588,45.454032,218282.545751,36885.66225889102,78.48037699999999,64.03291105882353,10.094281190750026,0.15875919998037402,7,64,,True,True,,70,59.56268577710819
141,2026-09-21T07:58:54.324+00:00,2026-09-21T08:02:33.552+00:00,2026-09-21T08:02:34.672+00:00,True,18,18.0,,18.0,219228.060604,220348.01964399999,220348.019623,12241.556645722223,43.985492,219228.060604,51657.022309177904,32952.3115003,65.87994352941176,10.125552111278267,0.08168895744595876,7,64,,True,True,,72,59.56268577710819
142,2026-09-21T07:58:54.598+00:00,2026-09-21T08:02:35.189+00:00,2026-09-21T08:02:41.414+00:00,True,99,99.0,,99.0,220591.087684,226816.022596,226816.022512,2291.0709344646466,44.203881,220591.087684,22163.856809182565,77.0685999,63.519744,10.15005275740571,0.4364771009865417,7,64,,True,True,,299,59.56268577710819
143,2026-09-21T07:58:54.983+00:00,2026-09-21T08:02:37.176+00:00,2026-09-21T08:02:38.928+00:00,True,29,29.0,,29.0,222192.646903,223945.115127,223945.11513599998,7722.245349517241,41.462430999999995,222192.646903,41248.517566400915,78.305769,62.58815085714286,10.078073683853079,0.12949601505509065,7,64,,True,True,,61,59.56268577710819
144,2026-09-21T07:58:55.441+00:00,2026-09-21T08:02:39.187+00:00,2026-09-21T08:02:42.042+00:00,True,46,46.0,,46.0,223745.420706,226600.97705800002,226600.977086,4926.108197521739,45.985231,223745.420706,32980.107849084925,81.3202005,63.456807822222224,10.177490060166592,0.20300000731341064,7,64,,True,True,,92,59.56268577710819
145,2026-09-21T07:58:55.893+00:00,2026-09-21T08:02:41.416+00:00,2026-09-21T08:02:46.911+00:00,True,88,88.0,,88.0,225523.072008,231018.50010399998,231018.50030999997,2625.210230795454,44.836201,225523.072008,24034.109284920534,79.49641034999999,63.165840183908045,11.098202597428735,0.3809218740507108,7,64,,True,True,,92,59.56268577710819
146,2026-09-21T07:58:56.180+00:00,2026-09-21T08:02:43.025+00:00,2026-09-21T08:02:43.699+00:00,True,12,12.0,,12.0,226845.041314,227518.810786,227518.810938,18959.9009115,44.732211,226845.041314,65466.841721224584,102123.35085195002,61.25177018181818,10.426003821000084,0.05274289171319104,7,64,,True,True,,19,59.56268577710819
147,2026-09-21T07:58:56.469+00:00,2026-09-21T08:02:44.595+00:00,2026-09-21T08:02:46.863+00:00,True,37,37.0,,37.0,228126.711369,230394.072905,230394.072919,6226.866835648649,43.922581,228126.711369,37493.44756633337,79.02191619999999,62.982264888888885,10.61391232878384,0.1605944091072884,7,64,,True,True,,186,59.56268577710819
148,2026-09-21T07:58:56.840+00:00,2026-09-21T08:02:46.805+00:00,2026-09-21T08:02:50.194+00:00,True,55,55.0,,55.0,229964.913408,233354.135552,233354.135506,4242.802463745455,44.135261,229964.913408,31000.000808543686,77.957576,62.763373037037034,8.784934221353838,0.23569327310140578,7,64,,True,True,,220,59.56268577710819
149,2026-09-21T07:58:57.141+00:00,2026-09-21T08:02:48.073+00:00,2026-09-21T08:02:50.478+00:00,True,39,39.0,,39.0,230932.520981,233336.930069,233336.929975,5982.9982044871795,44.010091,230932.520981,36968.66733160603,75.6032071,63.27392336842106,8.841732802141543,0.16714028074538959,7,64,,True,True,,39,59.56268577710819
150,2026-09-21T07:58:57.463+00:00,2026-09-21T08:02:49.721+00:00,2026-09-21T08:02:54.161+00:00,True,72,72.0,,72.0,232258.479406,236698.470702,236698.470731,3287.478760152778,46.305321000000006,232258.479406,27364.55602336786,77.07829695000001,62.53508867605634,9.300646929969597,0.30418447481499356,7,64,,True,True,,144,59.56268577710819
151,2026-09-21T07:58:57.816+00:00,2026-09-21T08:02:51.499+00:00,2026-09-21T08:02:51.725+00:00,True,5,5.0,,5.0,233683.15095100002,233909.59114300003,233909.59100900003,46781.91820180001,44.460221,233683.15095100002,104480.96568918604,186959.92707140002,56.610048,9.334778399881309,0.0213757801703106,7,64,,True,True,,20,59.56268577710819
152,2026-09-21T07:58:58.176+00:00,2026-09-21T08:02:53.620+00:00,2026-09-21T08:02:59.059+00:00,True,88,88.0,,88.0,235443.97047799997,240882.46238199997,240882.46252899998,2737.300710556818,44.011222000000004,235443.97047799997,25091.749421262484,77.15611085,62.5114011954023,8.94315345816655,0.3653233993450568,7,64,,True,True,,177,59.56268577710819
153,2026-09-21T07:58:58.649+00:00,2026-09-21T08:02:56.027+00:00,2026-09-21T08:02:58.325+00:00,True,37,37.0,,37.0,237377.651924,239675.327188,239675.32703400002,6477.71154145946,43.715953,237377.651924,39014.153859267535,77.992863,63.82431288888889,8.619599342714672,0.15437550637399322,7,64,,True,True,,186,59.56268577710819
154,2026-09-21T07:58:59.114+00:00,2026-09-21T08:02:58.536+00:00,2026-09-21T08:02:59.786+00:00,True,22,22.0,,22.0,239421.87734200002,240672.52284600004,240672.522736,10939.660124363638,46.694982,239421.87734200002,51032.21942521212,77.3065445,59.554547809523804,8.880155782789082,0.09141051807595509,7,64,,True,True,,22,59.56268577710819
155,2026-09-21T07:58:59.582+00:00,2026-09-21T08:03:00.891+00:00,2026-09-21T08:03:02.638+00:00,True,29,29.0,,29.0,241309.125597,243055.768285,243055.768388,8381.233392689655,43.359351000000004,241309.125597,44798.39742455537,83.084449,62.380096,11.548270767307061,0.11931418128696891,7,64,,True,True,,121,59.56268577710819
156,2026-09-21T07:58:59.940+00:00,2026-09-21T08:03:03.023+00:00,2026-09-21T08:03:03.325+00:00,True,6,6.0,,6.0,243082.691784,243385.308104,243385.308104,40564.21801733333,56.072852,243082.691784,99213.38490959299,182328.15857099998,60.523264,4.060849188417615,0.024652268646537055,7,64,,True,True,,9,59.56268577710819
157,2026-09-21T07:59:00.350+00:00,2026-09-21T08:03:04.881+00:00,2026-09-21T08:03:10.605+00:00,True,90,90.0,,90.0,244531.027396,250254.948548,250254.948367,2780.610537411111,44.762040999999996,244531.027396,25769.055816169766,77.113999,64.31372080898876,9.052839650675406,0.35963324810233516,7,64,,True,True,,196,59.56268577710819
158,2026-09-21T07:59:00.721+00:00,2026-09-21T08:03:07.044+00:00,2026-09-21T08:03:08.399+00:00,True,22,22.0,,22.0,246323.526973,247678.734909,247678.734731,11258.124305954545,50.049002,246323.526973,52502.59450649912,83.09188594999999,64.53371123809524,8.985391473042597,0.08882474310151436,7,64,,True,True,,154,59.56268577710819
160,2026-09-21T07:59:01.412+00:00,2026-09-21T08:03:09.543+00:00,2026-09-21T08:03:11.363+00:00,True,30,30.0,,30.0,248130.83381,249950.78773,249950.787694,8331.692923133334,45.225112,248130.83381,45290.82811285913,77.9871095,62.75703172413793,9.505875478133538,0.12002362654046275,7,64,,True,True,,95,59.56268577710819
161,2026-09-21T07:59:01.877+00:00,2026-09-21T08:03:11.762+00:00,2026-09-21T08:03:17.171+00:00,True,87,87.0,,87.0,249884.924079,255294.65694299998,255294.657099,2934.421345965517,44.218362,249884.924079,26783.73369743167,77.33164760000001,62.90387051162791,9.775597905255474,0.3407826902520119,7,64,,True,True,,88,59.56268577710819
159,2026-09-21T07:59:00.993+00:00,2026-09-21T08:03:12.690+00:00,2026-09-21T08:03:15.096+00:00,True,38,38.0,,38.0,251696.45487400002,254102.29679400002,254102.29666800002,6686.902543894737,44.856930999999996,251696.45487400002,40820.00979888857,81.105139,65.0227545945946,10.358476202652126,0.14954607053712107,7,64,,True,True,,45,59.56268577710819
162,2026-09-21T07:59:02.330+00:00,2026-09-21T08:03:15.291+00:00,2026-09-21T08:03:17.405+00:00,True,36,36.0,,36.0,252961.062226,255074.31637000002,255074.31625,7085.397673611112,42.906922,252961.062226,42150.11500336223,77.4981805,60.37868982857143,9.681437855658976,0.14113533856454571,7,64,,True,True,,144,59.56268577710819
163,2026-09-21T07:59:02.712+00:00,2026-09-21T08:03:17.299+00:00,2026-09-21T08:03:22.373+00:00,True,81,81.0,,81.0,254587.079757,259661.094989,259661.09484499999,3205.692528950617,40.744131,254587.079757,28280.408209814228,77.199043,63.4251904,11.088444979474538,0.3119450759592283,7,64,,True,True,,165,59.56268577710819
164,2026-09-21T07:59:03.088+00:00,2026-09-21T08:03:19.427+00:00,2026-09-21T08:03:24.656+00:00,True,83,83.0,,83.0,256338.828542,261567.605246,261567.60527600002,3151.4169310361444,44.620442000000004,256338.828542,28129.844607312432,76.6180241,63.765569560975614,10.58269083542085,0.31731758189986825,7,64,,True,True,,181,59.56268577710819
165,2026-09-21T07:59:03.517+00:00,2026-09-21T08:03:21.799+00:00,2026-09-21T08:03:22.720+00:00,True,15,15.0,,15.0,258281.673151,259202.978239,259202.978174,17280.198544933333,51.694472000000005,258281.673151,66671.05045801036,77540.6487094,65.80750628571428,9.528327687887728,0.057869705440533714,7,64,,True,True,,15,59.56268577710819
166,2026-09-21T07:59:03.996+00:00,2026-09-21T08:03:23.742+00:00,2026-09-21T08:03:24.227+00:00,True,9,9.0,,9.0,259745.32453,260231.13240200002,260231.13230700002,28914.570256333336,49.557652000000004,259745.32453,86561.53308847571,155875.6120708,60.725984,6.831161234015111,0.03458463988119982,7,64,,True,True,,9,59.56268577710819
167,2026-09-21T07:59:04.391+00:00,2026-09-21T08:03:25.945+00:00,2026-09-21T08:03:27.557+00:00,True,27,27.0,,27.0,261554.276086,263166.573558,263166.57354199997,9746.910131185185,41.328782,261554.276086,50324.21096474079,78.3749103,62.01144123076923,11.066896272662497,0.10259661641279605,7,64,,True,True,,54,59.56268577710819
169,2026-09-21T07:59:05.571+00:00,2026-09-21T08:03:28.472+00:00,2026-09-21T08:03:33.475+00:00,True,80,80.0,,80.0,262900.894322,267904.048754,267904.048793,3348.8006099124996,44.644851,262900.894322,29386.13440234023,77.22358194999998,63.33106875949367,9.381810814743023,0.29861437470644253,7,64,,True,True,,80,59.56268577710819
170,2026-09-21T07:59:05.616+00:00,2026-09-21T08:03:29.351+00:00,2026-09-21T08:03:29.404+00:00,True,2,2.0,,2.0,263734.399998,263787.60115,263787.60128,131893.80064,53.201282,263734.399998,186450.76368348117,250550.34006219998,53.201152,nan,0.007581857491712514,7,64,,True,True,,4,59.56268577710819
168,2026-09-21T07:59:05.566+00:00,2026-09-21T08:03:30.334+00:00,2026-09-21T08:03:31.835+00:00,True,24,24.0,,24.0,264768.408558,266268.93873399997,266268.938768,11094.539115333333,44.841041,264768.408558,54032.3088839095,79.44216899999999,65.24044243478261,10.373217648466404,0.09013443368238969,7,64,,True,True,,74,59.56268577710819
171,2026-09-21T07:59:05.978+00:00,2026-09-21T08:03:34.298+00:00,2026-09-21T08:03:36.586+00:00,True,37,37.0,,37.0,268319.905257,270608.111593,270608.111575,7313.73274527027,48.380711000000005,268319.905257,44101.07215339028,76.9923088,63.56128711111111,8.865866368269128,0.1367290868784035,7,64,,True,True,,79,59.56268577710819
172,2026-09-21T07:59:06.325+00:00,2026-09-21T08:03:36.511+00:00,2026-09-21T08:03:39.277+00:00,True,44,44.0,,44.0,270185.593667,272951.511363,272951.511185,6203.443436022728,47.611921,270185.593667,40722.314875458025,79.1198355,64.3236673488372,10.0715912850546,0.16120079269861273,7,64,,True,True,,88,59.56268577710819
173,2026-09-21T07:59:06.752+00:00,2026-09-21T08:03:38.748+00:00,2026-09-21T08:03:44.360+00:00,True,88,88.0,,88.0,271995.24003,277607.39875,277607.398688,3154.6295305454546,46.598580999999996,271995.24003,28987.91520767858,77.55868415,64.50757149425287,10.067058570246648,0.3169944331319808,7,64,,True,True,,440,59.56268577710819
174,2026-09-21T07:59:07.066+00:00,2026-09-21T08:03:40.185+00:00,2026-09-21T08:03:41.920+00:00,True,28,28.0,,28.0,273118.96574699995,274853.12817899993,274853.12827099994,9816.183152535712,45.630179,273118.96574699995,51602.49646909835,96.430826,64.22823822222222,12.624764741224904,0.10187258986466696,7,64,,True,True,,65,59.56268577710819
175,2026-09-21T07:59:07.552+00:00,2026-09-21T08:03:42.781+00:00,2026-09-21T08:03:48.418+00:00,True,90,90.0,,90.0,275228.930991,280866.49643099995,280866.49639999995,3120.7388488888887,43.037551,275228.930991,29005.00141677849,79.7829875,63.34343191011236,10.095653483723812,0.32043693763278797,7,64,,True,True,,538,59.56268577710819
176,2026-09-21T07:59:07.855+00:00,2026-09-21T08:03:44.635+00:00,2026-09-21T08:03:46.555+00:00,True,31,31.0,,31.0,276779.67573799996,278699.32373799995,278699.32371799997,8990.300765096774,48.727501,276779.67573799996,49699.60544008785,78.6209665,63.98826666666666,9.160822121509751,0.11123098392998801,7,64,,True,True,,217,59.56268577710819
177,2026-09-21T07:59:08.182+00:00,2026-09-21T08:03:46.128+00:00,2026-09-21T08:03:49.035+00:00,True,47,47.0,,47.0,277945.64487699996,280852.65466899995,280852.65477699996,5975.588399510637,46.720152,277945.64487699996,40533.32198045455,77.03439199999998,63.19586504347826,8.723172394857537,0.16734753693317247,7,64,,True,True,,49,59.56268577710819
178,2026-09-21T07:59:08.665+00:00,2026-09-21T08:03:48.748+00:00,2026-09-21T08:03:52.508+00:00,True,60,60.0,,60.0,280083.30601999996,283843.197732,283843.19792899996,4730.719965483333,47.527821,280083.30601999996,36150.37335350071,77.58153044999999,63.726978169491524,9.180280060464336,0.21138431528188675,7,64,,True,True,,363,59.56268577710819
179,2026-09-21T07:59:09.118+00:00,2026-09-21T08:03:51.042+00:00,2026-09-21T08:03:51.170+00:00,True,3,3.0,,3.0,281924.70627200004,282052.738528,282052.738644,94017.57954800001,55.869750999999994,281924.70627200004,162732.3454990324,253739.45190690004,64.016128,11.520794619350179,0.010636308711826895,7,64,,True,True,,7,59.56268577710819
180,2026-09-21T07:59:09.605+00:00,2026-09-21T08:03:53.412+00:00,2026-09-21T08:03:54.528+00:00,True,18,18.0,,18.0,283807.56133099995,284923.7784189999,284923.7784349999,15829.098801944441,49.535191,283807.56133099995,66878.60820736222,42638.292556849985,65.65982870588236,9.644997545109923,0.06317479046459144,7,64,,True,True,,87,59.56268577710819
182,2026-09-21T07:59:10.485+00:00,2026-09-21T08:03:55.954+00:00,2026-09-21T08:04:02.011+00:00,True,96,96.0,,96.0,285469.560022,291525.776854,291525.776849,3036.726842177083,42.438361,285469.560022,29129.109790842944,75.43499375,63.749650863157896,8.571079221314506,0.32930192669747377,7,64,,True,True,,0,59.56268577710819
183,2026-09-21T07:59:10.957+00:00,2026-09-21T08:03:58.480+00:00,2026-09-21T08:04:03.510+00:00,True,78,78.0,,78.0,287523.147496,292552.79076,292552.790891,3750.6768062948718,46.389711000000005,287523.147496,32548.19071035139,78.5079905,65.32004238961039,8.437630906253204,0.266618547023154,7,64,,True,True,,162,59.56268577710819
181,2026-09-21T07:59:10.044+00:00,2026-09-21T08:03:59.361+00:00,2026-09-21T08:04:05.024+00:00,True,90,90.0,,90.0,289316.34088,294979.43438399996,294979.434278,3277.549269755555,47.531751,289316.34088,30489.914225874116,77.4127095,63.63026408988764,9.27526742917925,0.3051060159090254,7,64,,True,True,,1238,59.56268577710819
184,2026-09-21T07:59:11.275+00:00,2026-09-21T08:04:01.819+00:00,2026-09-21T08:04:01.819+00:00,True,1,1.0,,1.0,290543.76425300003,290543.76425300003,290543.76425300003,290543.76425300003,290543.76425300003,290543.76425300003,nan,290543.76425300003,nan,nan,0.0034418222761415694,7,64,,True,True,,7,59.56268577710819
185,2026-09-21T07:59:11.543+00:00,2026-09-21T08:04:03.363+00:00,2026-09-21T08:04:08.293+00:00,True,80,80.0,,80.0,291819.79532800004,296750.12032000005,296750.12042200007,3709.3765052750005,45.687911,291819.79532800004,32619.46879736101,77.23284095,62.40917711392405,9.545429016895701,0.2695870853017081,7,64,,True,True,,89,59.56268577710819
186,2026-09-21T07:59:11.820+00:00,2026-09-21T08:04:05.193+00:00,2026-09-21T08:04:07.970+00:00,True,45,45.0,,45.0,293373.208138,296149.887306,296149.887526,6581.108611688888,44.560001,293373.208138,43724.089364001076,77.709051,63.10634472727273,9.260028977984184,0.15195008314659014,7,64,,True,True,,586,59.56268577710819
187,2026-09-21T07:59:12.096+00:00,2026-09-21T08:04:06.441+00:00,2026-09-21T08:04:09.884+00:00,True,56,56.0,,56.0,294344.30007999996,297788.02488,297788.02494199993,5317.643302535714,42.866471,294344.30007999996,39325.04545847279,76.3260635,62.61317818181818,8.499822371565946,0.18805323022161954,7,64,,True,True,,111,59.56268577710819
188,2026-09-21T07:59:12.376+00:00,2026-09-21T08:04:07.973+00:00,2026-09-21T08:04:12.388+00:00,False,72,71.0,,71.0,295596.448727,300012.30818299996,300012.30819899996,4166.837613875,0.02486,295596.448727,34829.04787421923,77.60080205,62.1952036056338,12.135368256023408,0.23665695727620545,7,64,,True,False,Request timeout: 300.0s exceeded,440,59.56268577710819
189,2026-09-21T07:59:12.753+00:00,2026-09-21T08:04:10.028+00:00,2026-09-21T08:04:10.430+00:00,True,7,7.0,,7.0,297274.430347,297676.535691,297676.535755,42525.21939357143,51.664531000000004,297274.430347,112333.84348252052,208115.0356195,67.01755733333333,9.532911080895166,0.023515457756019698,7,64,,True,True,,17,59.56268577710819
190,2026-09-21T07:59:13.145+00:00,2026-09-21T08:04:12.111+00:00,2026-09-21T08:04:13.210+00:00,False,20,19.0,,19.0,298965.674707,300065.15272300004,300065.15260000003,15003.257630000002,0.02537,298965.674707,66837.8196572368,15020.058716750003,57.867264,16.84506392217426,0.06331958185607618,7,64,,True,False,Request timeout: 300.0s exceeded,159,59.56268577710819
191,2026-09-21T07:59:13.624+00:00,2026-09-21T08:04:13.731+00:00,2026-09-21T08:04:13.731+00:00,False,1,0.0,,0.0,300107.09522799996,300107.09522799996,300107.09522799996,300107.09522799996,300107.09522799996,300107.09522799996,nan,300107.09522799996,nan,nan,0.0,7,64,,True,False,"HTTPConnectionPool(host='gpu06', port=9004): Read timed out.",0,59.56268577710819
192,2026-09-21T07:59:14.055+00:00,2026-09-21T08:04:14.169+00:00,2026-09-21T08:04:14.169+00:00,False,1,0.0,,0.0,300114.95833,300114.95833,300114.95833,300114.95833,300114.95833,300114.95833,nan,300114.95833,nan,nan,0.0,7,64,,True,False,"HTTPConnectionPool(host='gpu06', port=9004): Read timed out.",0,59.56268577710819
193,2026-09-21T07:59:14.516+00:00,2026-09-21T08:04:14.621+00:00,2026-09-21T08:04:14.621+00:00,False,1,0.0,,0.0,300105.339638,300105.339638,300105.339638,300105.339638,300105.339638,300105.339638,nan,300105.339638,nan,nan,0.0,7,64,,True,False,"HTTPConnectionPool(host='gpu06', port=9004): Read timed out.",0,59.56268577710819
194,2026-09-21T07:59:14.817+00:00,2026-09-21T08:04:14.922+00:00,2026-09-21T08:04:14.922+00:00,False,1,0.0,,0.0,300105.05175800005,300105.05175800005,300105.05175800005,300105.05175800005,300105.05175800005,300105.05175800005,nan,300105.05175800005,nan,nan,0.0,7,64,,True,False,"HTTPConnectionPool(host='gpu06', port=9004): Read timed out.",0,59.56268577710819
195,2026-09-21T07:59:15.170+00:00,2026-09-21T08:04:15.182+00:00,2026-09-21T08:04:15.182+00:00,False,1,0.0,,0.0,300011.51468300004,300011.51468300004,300011.51468300004,300011.51468300004,300011.51468300004,300011.51468300004,nan,300011.51468300004,nan,nan,0.0,7,64,,True,False,TTFT timeout: 300.0s exceeded (TTFT: 300.007s),0,59.56268577710819
196,2026-09-21T07:59:15.650+00:00,2026-09-21T08:04:15.645+00:00,2026-09-21T08:04:15.803+00:00,False,3,2.0,,2.0,299995.812989,300153.415805,300153.415853,100051.13861766667,0.0348,299995.812989,173157.18527186854,270011.9884965,78.801408,111.39278266830813,0.0066632591691021615,7,64,,True,False,Request timeout: 300.0s exceeded,7,59.56268577710819
197,2026-09-21T07:59:16.129+00:00,2026-09-21T08:04:16.234+00:00,2026-09-21T08:04:16.234+00:00,False,1,0.0,,0.0,300105.09200999996,300105.09200999996,300105.09200999996,300105.09200999996,300105.09200999996,300105.09200999996,nan,300105.09200999996,nan,nan,0.0,7,64,,True,False,"HTTPConnectionPool(host='gpu06', port=9004): Read timed out.",0,59.56268577710819
198,2026-09-21T07:59:16.472+00:00,2026-09-21T08:04:16.529+00:00,2026-09-21T08:04:16.529+00:00,False,1,0.0,,0.0,300056.38520599995,300056.38520599995,300056.38520599995,300056.38520599995,300056.38520599995,300056.38520599995,nan,300056.38520599995,nan,nan,0.0,7,64,,True,False,"HTTPConnectionPool(host='gpu06', port=9004): Read timed out.",0,59.56268577710819
199,2026-09-21T07:59:16.840+00:00,2026-09-21T08:04:16.941+00:00,2026-09-21T08:04:16.941+00:00,False,1,0.0,,0.0,300101.407023,300101.407023,300101.407023,300101.407023,300101.407023,300101.407023,nan,300101.407023,nan,nan,0.0,7,64,,True,False,"HTTPConnectionPool(host='gpu06', port=9004): Read timed out.",0,59.56268577710819
200,2026-09-21T07:59:17.153+00:00,2026-09-21T08:04:17.258+00:00,2026-09-21T08:04:17.258+00:00,False,1,0.0,,0.0,300104.85603100003,300104.85603100003,300104.85603100003,300104.85603100003,300104.85603100003,300104.85603100003,nan,300104.85603100003,nan,nan,0.0,7,64,,True,False,"HTTPConnectionPool(host='gpu06', port=9004): Read timed out.",0,59.56268577710819
201,2026-09-21T07:59:17.505+00:00,2026-09-21T08:04:17.548+00:00,2026-09-21T08:04:17.548+00:00,False,1,0.0,,0.0,300042.165676,300042.165676,300042.165676,300042.165676,300042.165676,300042.165676,nan,300042.165676,nan,nan,0.0,7,64,,True,False,TTFT timeout: 300.0s exceeded (TTFT: 300.035s),0,59.56268577710819
202,2026-09-21T07:59:17.817+00:00,2026-09-21T08:04:17.805+00:00,2026-09-21T08:04:17.805+00:00,True,1,1.0,,1.0,299987.925375,299987.925375,299987.925375,299987.925375,299987.925375,299987.925375,nan,299987.925375,nan,nan,0.003333467501233424,7,64,,True,True,,4,59.56268577710819
203,2026-09-21T07:59:18.165+00:00,2026-09-21T08:04:18.273+00:00,2026-09-21T08:04:18.273+00:00,False,1,0.0,,0.0,300107.922073,300107.922073,300107.922073,300107.922073,300107.922073,300107.922073,nan,300107.922073,nan,nan,0.0,7,64,,True,False,"HTTPConnectionPool(host='gpu06', port=9004): Read timed out.",0,59.56268577710819
206,2026-09-21T07:59:19.361+00:00,2026-09-21T08:04:18.632+00:00,2026-09-21T08:04:19.688+00:00,False,16,15.0,,15.0,299271.729546,300327.11105,300327.11110800004,18770.444444250003,0.036899999999999995,299271.729546,74800.35001137687,74919.78636375001,70.35876693333334,34.24778393692847,0.049945540872274846,7,64,,True,False,Request timeout: 300.0s exceeded,29,59.56268577710819
204,2026-09-21T07:59:19.309+00:00,2026-09-21T08:04:18.822+00:00,2026-09-21T08:04:19.787+00:00,False,16,15.0,,15.0,299512.54829500004,300477.78247100004,300477.78232500004,18779.861395312502,0.04149,299512.54829500004,74862.05566925782,74967.427846,64.34894506666667,30.579980317243315,0.04992049620656293,7,64,,True,False,Request timeout: 300.0s exceeded,45,59.56268577710819
207,2026-09-21T07:59:19.643+00:00,2026-09-21T08:04:20.400+00:00,2026-09-21T08:04:20.400+00:00,False,1,0.0,,0.0,300757.07751800003,300757.07751800003,300757.07751800003,300757.07751800003,300757.07751800003,300757.07751800003,nan,300757.07751800003,nan,nan,0.0,7,64,,True,False,"HTTPConnectionPool(host='gpu06', port=9004): Read timed out.",0,59.56268577710819
205,2026-09-21T07:59:19.345+00:00,2026-09-21T08:04:20.401+00:00,2026-09-21T08:04:20.401+00:00,False,1,0.0,,0.0,301055.600085,301055.600085,301055.600085,301055.600085,301055.600085,301055.600085,nan,301055.600085,nan,nan,0.0,7,64,,True,False,"HTTPConnectionPool(host='gpu06', port=9004): Read timed out.",0,59.56268577710819
208,2026-09-21T07:59:20.112+00:00,2026-09-21T08:04:21.040+00:00,2026-09-21T08:04:21.359+00:00,False,5,4.0,,4.0,300927.75804000004,301246.65621600003,301246.656237,60249.33124740001,0.0288,300927.75804000004,134543.3457377751,240776.4387668,79.724544,73.31445658370997,0.013278155682272265,7,64,,True,False,Request timeout: 300.0s exceeded,8,59.56268577710819
212,2026-09-21T07:59:21.664+00:00,2026-09-21T08:04:21.897+00:00,2026-09-21T08:04:21.897+00:00,False,1,0.0,,0.0,300232.40909100004,300232.40909100004,300232.40909100004,300232.40909100004,300232.40909100004,300232.40909100004,nan,300232.40909100004,nan,nan,0.0,7,64,,True,False,"HTTPConnectionPool(host='gpu06', port=9004): Read timed out.",0,59.56268577710819
211,2026-09-21T07:59:21.363+00:00,2026-09-21T08:04:21.899+00:00,2026-09-21T08:04:21.899+00:00,False,1,0.0,,0.0,300535.443808,300535.443808,300535.443808,300535.443808,300535.443808,300535.443808,nan,300535.443808,nan,nan,0.0,7,64,,True,False,"HTTPConnectionPool(host='gpu06', port=9004): Read timed out.",0,59.56268577710819
209,2026-09-21T07:59:20.565+00:00,2026-09-21T08:04:21.899+00:00,2026-09-21T08:04:21.899+00:00,False,1,0.0,,0.0,301333.800358,301333.800358,301333.800358,301333.800358,301333.800358,301333.800358,nan,301333.800358,nan,nan,0.0,7,64,,True,False,"HTTPConnectionPool(host='gpu06', port=9004): Read timed out.",0,59.56268577710819
215,2026-09-21T07:59:22.804+00:00,2026-09-21T08:04:23.276+00:00,2026-09-21T08:04:23.276+00:00,False,1,0.0,,0.0,300471.47816,300471.47816,300471.47816,300471.47816,300471.47816,300471.47816,nan,300471.47816,nan,nan,0.0,7,64,,True,False,"HTTPConnectionPool(host='gpu06', port=9004): Read timed out.",0,59.56268577710819
214,2026-09-21T07:59:22.426+00:00,2026-09-21T08:04:23.290+00:00,2026-09-21T08:04:23.290+00:00,False,1,0.0,,0.0,300863.340843,300863.340843,300863.340843,300863.340843,300863.340843,300863.340843,nan,300863.340843,nan,nan,0.0,7,64,,True,False,"HTTPConnectionPool(host='gpu06', port=9004): Read timed out.",0,59.56268577710819
216,2026-09-21T07:59:23.087+00:00,2026-09-21T08:04:23.292+00:00,2026-09-21T08:04:23.292+00:00,False,1,0.0,,0.0,300205.394286,300205.394286,300205.394286,300205.394286,300205.394286,300205.394286,nan,300205.394286,nan,nan,0.0,7,64,,True,False,"HTTPConnectionPool(host='gpu06', port=9004): Read timed out.",0,59.56268577710819
213,2026-09-21T07:59:22.123+00:00,2026-09-21T08:04:23.305+00:00,2026-09-21T08:04:23.305+00:00,False,1,0.0,,0.0,301182.23495099996,301182.23495099996,301182.23495099996,301182.23495099996,301182.23495099996,301182.23495099996,nan,301182.23495099996,nan,nan,0.0,7,64,,True,False,"HTTPConnectionPool(host='gpu06', port=9004): Read timed out.",0,59.56268577710819
210,2026-09-21T07:59:21.040+00:00,2026-09-21T08:04:23.315+00:00,2026-09-21T08:04:23.315+00:00,False,1,0.0,,0.0,302275.61390600004,302275.61390600004,302275.61390600004,302275.61390600004,302275.61390600004,302275.61390600004,nan,302275.61390600004,nan,nan,0.0,7,64,,True,False,"HTTPConnectionPool(host='gpu06', port=9004): Read timed out.",0,59.56268577710819
217,2026-09-21T07:59:23.367+00:00,2026-09-21T08:04:23.388+00:00,2026-09-21T08:04:23.388+00:00,False,1,0.0,,0.0,300021.183044,300021.183044,300021.183044,300021.183044,300021.183044,300021.183044,nan,300021.183044,nan,nan,0.0,7,64,,True,False,"HTTPConnectionPool(host='gpu06', port=9004): Read timed out.",0,59.56268577710819
218,2026-09-21T07:59:23.811+00:00,2026-09-21T08:04:23.844+00:00,2026-09-21T08:04:23.844+00:00,False,1,0.0,,0.0,300033.58149400004,300033.58149400004,300033.58149400004,300033.58149400004,300033.58149400004,300033.58149400004,nan,300033.58149400004,nan,nan,0.0,7,64,,True,False,"HTTPConnectionPool(host='gpu06', port=9004): Read timed out.",0,59.56268577710819
219,2026-09-21T07:59:24.232+00:00,2026-09-21T08:04:24.336+00:00,2026-09-21T08:04:24.336+00:00,False,1,0.0,,0.0,300104.173327,300104.173327,300104.173327,300104.173327,300104.173327,300104.173327,nan,300104.173327,nan,nan,0.0,7,64,,True,False,"HTTPConnectionPool(host='gpu06', port=9004): Read timed out.",0,59.56268577710819
220,2026-09-21T07:59:24.535+00:00,2026-09-21T08:04:24.642+00:00,2026-09-21T08:04:24.642+00:00,False,1,0.0,,0.0,300106.611277,300106.611277,300106.611277,300106.611277,300106.611277,300106.611277,nan,300106.611277,nan,nan,0.0,7,64,,True,False,"HTTPConnectionPool(host='gpu06', port=9004): Read timed out.",0,59.56268577710819
221,2026-09-21T07:59:24.852+00:00,2026-09-21T08:04:24.955+00:00,2026-09-21T08:04:24.955+00:00,False,1,0.0,,0.0,300103.206635,300103.206635,300103.206635,300103.206635,300103.206635,300103.206635,nan,300103.206635,nan,nan,0.0,7,64,,True,False,"HTTPConnectionPool(host='gpu06', port=9004): Read timed out.",0,59.56268577710819
222,2026-09-21T07:59:25.317+00:00,2026-09-21T08:04:25.326+00:00,2026-09-21T08:04:25.530+00:00,False,3,2.0,,2.0,300008.116972,300212.517612,300212.517476,100070.83915866667,0.0308,300008.116972,173150.79189293776,270027.7422452,102.20032,144.48927194356222,0.006661947396160328,7,64,,True,False,Request timeout: 300.0s exceeded,7,59.56268577710819
223,2026-09-21T07:59:25.638+00:00,2026-09-21T08:04:25.639+00:00,2026-09-21T08:04:25.717+00:00,False,3,2.0,,2.0,300000.824211,300079.508883,300079.509022,100026.50300733333,0.02208,300000.824211,173182.84673066912,270008.608063,39.342336,55.60732982085006,0.006664900270747221,7,64,,True,False,Request timeout: 300.0s exceeded,3,59.56268577710819
224,2026-09-21T07:59:26.031+00:00,2026-09-21T08:04:26.149+00:00,2026-09-21T08:04:26.149+00:00,False,1,0.0,,0.0,300118.08790600003,300118.08790600003,300118.08790600003,300118.08790600003,300118.08790600003,300118.08790600003,nan,300118.08790600003,nan,nan,0.0,7,64,,True,False,"HTTPConnectionPool(host='gpu06', port=9004): Read timed out.",0,59.56268577710819
225,2026-09-21T07:59:26.399+00:00,2026-09-21T08:04:26.507+00:00,2026-09-21T08:04:26.507+00:00,False,1,0.0,,0.0,300108.149492,300108.149492,300108.149492,300108.149492,300108.149492,300108.149492,nan,300108.149492,nan,nan,0.0,7,64,,True,False,"HTTPConnectionPool(host='gpu06', port=9004): Read timed out.",0,59.56268577710819
226,2026-09-21T07:59:26.794+00:00,2026-09-21T08:04:26.829+00:00,2026-09-21T08:04:26.829+00:00,False,1,0.0,,0.0,300035.54533399997,300035.54533399997,300035.54533399997,300035.54533399997,300035.54533399997,300035.54533399997,nan,300035.54533399997,nan,nan,0.0,7,64,,True,False,"HTTPConnectionPool(host='gpu06', port=9004): Read timed out.",0,59.56268577710819
227,2026-09-21T07:59:27.174+00:00,2026-09-21T08:04:27.253+00:00,2026-09-21T08:04:27.253+00:00,False,1,0.0,,0.0,300079.240479,300079.240479,300079.240479,300079.240479,300079.240479,300079.240479,nan,300079.240479,nan,nan,0.0,7,64,,True,False,"HTTPConnectionPool(host='gpu06', port=9004): Read timed out.",0,59.56268577710819
228,2026-09-21T07:59:27.466+00:00,2026-09-21T08:04:27.515+00:00,2026-09-21T08:04:27.515+00:00,False,1,0.0,,0.0,300049.65509899997,300049.65509899997,300049.65509899997,300049.65509899997,300049.65509899997,300049.65509899997,nan,300049.65509899997,nan,nan,0.0,7,64,,True,False,TTFT timeout: 300.0s exceeded (TTFT: 300.035s),0,59.56268577710819
229,2026-09-21T07:59:27.949+00:00,2026-09-21T08:04:28.044+00:00,2026-09-21T08:04:28.044+00:00,False,1,0.0,,0.0,300094.92331800004,300094.92331800004,300094.92331800004,300094.92331800004,300094.92331800004,300094.92331800004,nan,300094.92331800004,nan,nan,0.0,7,64,,True,False,"HTTPConnectionPool(host='gpu06', port=9004): Read timed out.",0,59.56268577710819
230,2026-09-21T07:59:28.324+00:00,2026-09-21T08:04:28.431+00:00,2026-09-21T08:04:28.431+00:00,False,1,0.0,,0.0,300106.500993,300106.500993,300106.500993,300106.500993,300106.500993,300106.500993,nan,300106.500993,nan,nan,0.0,7,64,,True,False,"HTTPConnectionPool(host='gpu06', port=9004): Read timed out.",0,59.56268577710819
231,2026-09-21T07:59:28.664+00:00,2026-09-21T08:04:28.766+00:00,2026-09-21T08:04:28.766+00:00,False,1,0.0,,0.0,300102.37811,300102.37811,300102.37811,300102.37811,300102.37811,300102.37811,nan,300102.37811,nan,nan,0.0,7,64,,True,False,"HTTPConnectionPool(host='gpu06', port=9004): Read timed out.",0,59.56268577710819
232,2026-09-21T07:59:29.037+00:00,2026-09-21T08:04:29.134+00:00,2026-09-21T08:04:29.134+00:00,False,1,0.0,,0.0,300097.286585,300097.286585,300097.286585,300097.286585,300097.286585,300097.286585,nan,300097.286585,nan,nan,0.0,7,64,,True,False,"HTTPConnectionPool(host='gpu06', port=9004): Read timed out.",0,59.56268577710819
233,2026-09-21T07:59:29.498+00:00,2026-09-21T08:04:29.604+00:00,2026-09-21T08:04:29.604+00:00,False,1,0.0,,0.0,300106.43902399996,300106.43902399996,300106.43902399996,300106.43902399996,300106.43902399996,300106.43902399996,nan,300106.43902399996,nan,nan,0.0,7,64,,True,False,"HTTPConnectionPool(host='gpu06', port=9004): Read timed out.",0,59.56268577710819
234,2026-09-21T07:59:29.854+00:00,2026-09-21T08:04:29.826+00:00,2026-09-21T08:04:29.896+00:00,False,3,2.0,,2.0,299972.02063700004,300042.81794900005,300042.81817900005,100014.27272633335,0.04296,299972.02063700004,173168.4929834601,269981.89403150004,35.398656,50.00079894676116,0.006665715292475193,7,64,,True,False,Request timeout: 300.0s exceeded,9,59.56268577710819
235,2026-09-21T07:59:30.217+00:00,2026-09-21T08:04:30.334+00:00,2026-09-21T08:04:30.334+00:00,False,1,0.0,,0.0,300116.98318599997,300116.98318599997,300116.98318599997,300116.98318599997,300116.98318599997,300116.98318599997,nan,300116.98318599997,nan,nan,0.0,7,64,,True,False,"HTTPConnectionPool(host='gpu06', port=9004): Read timed out.",0,59.56268577710819
236,2026-09-21T07:59:30.519+00:00,2026-09-21T08:04:30.627+00:00,2026-09-21T08:04:30.627+00:00,False,1,0.0,,0.0,300107.984496,300107.984496,300107.984496,300107.984496,300107.984496,300107.984496,nan,300107.984496,nan,nan,0.0,7,64,,True,False,"HTTPConnectionPool(host='gpu06', port=9004): Read timed out.",0,59.56268577710819
237,2026-09-21T07:59:30.965+00:00,2026-09-21T08:04:31.071+00:00,2026-09-21T08:04:31.071+00:00,False,1,0.0,,0.0,300105.607305,300105.607305,300105.607305,300105.607305,300105.607305,300105.607305,nan,300105.607305,nan,nan,0.0,7,64,,True,False,"HTTPConnectionPool(host='gpu06', port=9004): Read timed out.",0,59.56268577710819
238,2026-09-21T07:59:31.248+00:00,2026-09-21T08:04:31.371+00:00,2026-09-21T08:04:31.371+00:00,False,1,0.0,,0.0,300123.271828,300123.271828,300123.271828,300123.271828,300123.271828,300123.271828,nan,300123.271828,nan,nan,0.0,7,64,,True,False,"HTTPConnectionPool(host='gpu06', port=9004): Read timed out.",0,59.56268577710819
239,2026-09-21T07:59:31.597+00:00,2026-09-21T08:04:31.691+00:00,2026-09-21T08:04:32.861+00:00,False,20,19.0,,19.0,300093.97917299997,301263.700517,301263.700408,15063.185020399998,0.03404,300093.97917299997,67089.29566470165,15179.18631745,61.564281263157895,33.9715269566374,0.0630676711711169,7,64,,True,False,Request timeout: 300.0s exceeded,19,59.56268577710819
240,2026-09-21T07:59:31.861+00:00,2026-09-21T08:04:31.876+00:00,2026-09-21T08:04:32.958+00:00,False,21,20.0,,20.0,300014.919344,301097.040048,301097.039917,14337.954281761904,0.02876,300014.919344,65456.81788312391,82.26527200000001,54.1060352,16.79933099851775,0.06642376822041046,7,64,,True,False,Request timeout: 300.0s exceeded,120,59.56268577710819
243,2026-09-21T07:59:32.874+00:00,2026-09-21T08:04:32.958+00:00,2026-09-21T08:04:33.014+00:00,False,3,2.0,,2.0,300083.682047,300139.823359,300139.823208,100046.60773599999,0.041350000000000005,300083.682047,173237.19031956204,270080.9238234,28.070656,39.639252155050954,0.006663560928426954,7,64,,True,False,Request timeout: 300.0s exceeded,2,59.56268577710819
241,2026-09-21T07:59:32.135+00:00,2026-09-21T08:04:33.222+00:00,2026-09-21T08:04:33.222+00:00,False,1,0.0,,0.0,301086.181888,301086.181888,301086.181888,301086.181888,301086.181888,301086.181888,nan,301086.181888,nan,nan,0.0,7,64,,True,False,"HTTPConnectionPool(host='gpu06', port=9004): Read timed out.",0,59.56268577710819
244,2026-09-21T07:59:33.241+00:00,2026-09-21T08:04:33.286+00:00,2026-09-21T08:04:33.286+00:00,False,1,0.0,,0.0,300044.60287199996,300044.60287199996,300044.60287199996,300044.60287199996,300044.60287199996,300044.60287199996,nan,300044.60287199996,nan,nan,0.0,7,64,,True,False,"HTTPConnectionPool(host='gpu06', port=9004): Read timed out.",0,59.56268577710819
242,2026-09-21T07:59:32.490+00:00,2026-09-21T08:04:33.619+00:00,2026-09-21T08:04:33.619+00:00,False,1,0.0,,0.0,301129.172115,301129.172115,301129.172115,301129.172115,301129.172115,301129.172115,nan,301129.172115,nan,nan,0.0,7,64,,True,False,"HTTPConnectionPool(host='gpu06', port=9004): Read timed out.",0,59.56268577710819
247,2026-09-21T07:59:35.010+00:00,2026-09-21T08:04:34.283+00:00,2026-09-21T08:04:35.098+00:00,False,16,15.0,,15.0,299273.43429799995,300088.55468199996,300088.55458399997,18755.534661499998,0.04445,299273.43429799995,74804.77595248578,74893.7164835,54.34135893333333,20.86568155034703,0.04998524524167645,7,64,,True,False,Request timeout: 300.0s exceeded,45,59.56268577710819
246,2026-09-21T07:59:34.830+00:00,2026-09-21T08:04:34.390+00:00,2026-09-21T08:04:35.218+00:00,True,16,16.0,,16.0,299560.156736,300387.900736,300387.90067299997,18774.243792062498,42.103001,299560.156736,74876.24383328574,74943.368513,55.18293333333334,7.824470763131291,0.053264462252964766,7,64,,True,True,,80,59.56268577710819
245,2026-09-21T07:59:34.787+00:00,2026-09-21T08:04:35.676+00:00,2026-09-21T08:04:35.676+00:00,False,1,0.0,,0.0,300888.998556,300888.998556,300888.998556,300888.998556,300888.998556,300888.998556,nan,300888.998556,nan,nan,0.0,7,64,,True,False,"HTTPConnectionPool(host='gpu06', port=9004): Read timed out.",0,59.56268577710819
248,2026-09-21T07:59:35.095+00:00,2026-09-21T08:04:35.693+00:00,2026-09-21T08:04:35.693+00:00,False,1,0.0,,0.0,300598.415819,300598.415819,300598.415819,300598.415819,300598.415819,300598.415819,nan,300598.415819,nan,nan,0.0,7,64,,True,False,"HTTPConnectionPool(host='gpu06', port=9004): Read timed out.",0,59.56268577710819
250,2026-09-21T07:59:35.639+00:00,2026-09-21T08:04:35.893+00:00,2026-09-21T08:04:35.893+00:00,False,1,0.0,,0.0,300253.992007,300253.992007,300253.992007,300253.992007,300253.992007,300253.992007,nan,300253.992007,nan,nan,0.0,7,64,,True,False,"HTTPConnectionPool(host='gpu06', port=9004): Read timed out.",0,59.56268577710819
249,2026-09-21T07:59:35.191+00:00,2026-09-21T08:04:36.141+00:00,2026-09-21T08:04:36.141+00:00,False,1,0.0,,0.0,300950.461312,300950.461312,300950.461312,300950.461312,300950.461312,300950.461312,nan,300950.461312,nan,nan,0.0,7,64,,True,False,"HTTPConnectionPool(host='gpu06', port=9004): Read timed out.",0,59.56268577710819
251,2026-09-21T07:59:35.939+00:00,2026-09-21T08:04:36.146+00:00,2026-09-21T08:04:36.146+00:00,False,1,0.0,,0.0,300207.52255500003,300207.52255500003,300207.52255500003,300207.52255500003,300207.52255500003,300207.52255500003,nan,300207.52255500003,nan,nan,0.0,7,64,,True,False,"HTTPConnectionPool(host='gpu06', port=9004): Read timed out.",0,59.56268577710819
252,2026-09-21T07:59:36.370+00:00,2026-09-21T08:04:36.476+00:00,2026-09-21T08:04:36.476+00:00,False,1,0.0,,0.0,300106.420727,300106.420727,300106.420727,300106.420727,300106.420727,300106.420727,nan,300106.420727,nan,nan,0.0,7,64,,True,False,"HTTPConnectionPool(host='gpu06', port=9004): Read timed out.",0,59.56268577710819
253,2026-09-21T07:59:36.836+00:00,2026-09-21T08:04:36.937+00:00,2026-09-21T08:04:36.937+00:00,False,1,0.0,,0.0,300101.587678,300101.587678,300101.587678,300101.587678,300101.587678,300101.587678,nan,300101.587678,nan,nan,0.0,7,64,,True,False,"HTTPConnectionPool(host='gpu06', port=9004): Read timed out.",0,59.56268577710819
254,2026-09-21T07:59:37.274+00:00,2026-09-21T08:04:37.377+00:00,2026-09-21T08:04:37.377+00:00,False,1,0.0,,0.0,300103.096403,300103.096403,300103.096403,300103.096403,300103.096403,300103.096403,nan,300103.096403,nan,nan,0.0,7,64,,True,False,"HTTPConnectionPool(host='gpu06', port=9004): Read timed out.",0,59.56268577710819
255,2026-09-21T07:59:37.706+00:00,2026-09-21T08:04:37.819+00:00,2026-09-21T08:04:37.819+00:00,False,1,0.0,,0.0,300113.436588,300113.436588,300113.436588,300113.436588,300113.436588,300113.436588,nan,300113.436588,nan,nan,0.0,7,64,,True,False,"HTTPConnectionPool(host='gpu06', port=9004): Read timed out.",0,59.56268577710819
256,2026-09-21T07:59:38.075+00:00,2026-09-21T08:04:38.081+00:00,2026-09-21T08:04:38.255+00:00,False,3,2.0,,2.0,300006.121369,300179.835801,300179.835878,100059.94529266667,0.04258,300006.121369,173158.48963434852,270022.87642499997,86.857216,122.77455443762278,0.006662672709721488,7,64,,True,False,Request timeout: 300.0s exceeded,2,59.56268577710819
257,2026-09-21T07:59:38.464+00:00,2026-09-21T08:04:38.569+00:00,2026-09-21T08:04:38.569+00:00,False,1,0.0,,0.0,300105.52693500003,300105.52693500003,300105.52693500003,300105.52693500003,300105.52693500003,300105.52693500003,nan,300105.52693500003,nan,nan,0.0,7,64,,True,False,"HTTPConnectionPool(host='gpu06', port=9004): Read timed out.",0,59.56268577710819
258,2026-09-21T07:59:38.910+00:00,2026-09-21T08:04:38.928+00:00,2026-09-21T08:04:38.928+00:00,False,1,0.0,,0.0,300018.517184,300018.517184,300018.517184,300018.517184,300018.517184,300018.517184,nan,300018.517184,nan,nan,0.0,7,64,,True,False,"HTTPConnectionPool(host='gpu06', port=9004): Read timed out.",0,59.56268577710819
259,2026-09-21T07:59:39.253+00:00,2026-09-21T08:04:39.357+00:00,2026-09-21T08:04:39.357+00:00,False,1,0.0,,0.0,300104.025197,300104.025197,300104.025197,300104.025197,300104.025197,300104.025197,nan,300104.025197,nan,nan,0.0,7,64,,True,False,"HTTPConnectionPool(host='gpu06', port=9004): Read timed out.",0,59.56268577710819
260,2026-09-21T07:59:39.683+00:00,2026-09-21T08:04:39.760+00:00,2026-09-21T08:04:39.760+00:00,False,1,0.0,,0.0,300077.36970499996,300077.36970499996,300077.36970499996,300077.36970499996,300077.36970499996,300077.36970499996,nan,300077.36970499996,nan,nan,0.0,7,64,,True,False,"HTTPConnectionPool(host='gpu06', port=9004): Read timed out.",0,59.56268577710819
261,2026-09-21T07:59:40.125+00:00,2026-09-21T08:04:40.156+00:00,2026-09-21T08:04:40.156+00:00,False,1,0.0,,0.0,300030.619482,300030.619482,300030.619482,300030.619482,300030.619482,300030.619482,nan,300030.619482,nan,nan,0.0,7,64,,True,False,TTFT timeout: 300.0s exceeded (TTFT: 300.025s),0,59.56268577710819
262,2026-09-21T07:59:40.535+00:00,2026-09-21T08:04:40.513+00:00,2026-09-21T08:04:40.624+00:00,False,3,2.0,,2.0,299977.890944,300089.12575999997,300089.125777,100029.70859233332,0.02786,299977.890944,173160.2142800138,269991.2225469,55.617408,78.6154304823934,0.006664686682447551,7,64,,True,False,Request timeout: 300.0s exceeded,4,59.56268577710819
263,2026-09-21T07:59:40.834+00:00,2026-09-21T08:04:40.935+00:00,2026-09-21T08:04:40.935+00:00,False,1,0.0,,0.0,300101.252042,300101.252042,300101.252042,300101.252042,300101.252042,300101.252042,nan,300101.252042,nan,nan,0.0,7,64,,True,False,"HTTPConnectionPool(host='gpu06', port=9004): Read timed out.",0,59.56268577710819
264,2026-09-21T07:59:41.144+00:00,2026-09-21T08:04:41.250+00:00,2026-09-21T08:04:41.250+00:00,False,1,0.0,,0.0,300106.118575,300106.118575,300106.118575,300106.118575,300106.118575,300106.118575,nan,300106.118575,nan,nan,0.0,7,64,,True,False,"HTTPConnectionPool(host='gpu06', port=9004): Read timed out.",0,59.56268577710819
265,2026-09-21T07:59:41.436+00:00,2026-09-21T08:04:41.539+00:00,2026-09-21T08:04:41.539+00:00,False,1,0.0,,0.0,300103.054042,300103.054042,300103.054042,300103.054042,300103.054042,300103.054042,nan,300103.054042,nan,nan,0.0,7,64,,True,False,"HTTPConnectionPool(host='gpu06', port=9004): Read timed out.",0,59.56268577710819
266,2026-09-21T07:59:41.765+00:00,2026-09-21T08:04:41.885+00:00,2026-09-21T08:04:41.885+00:00,False,1,0.0,,0.0,300119.882101,300119.882101,300119.882101,300119.882101,300119.882101,300119.882101,nan,300119.882101,nan,nan,0.0,7,64,,True,False,"HTTPConnectionPool(host='gpu06', port=9004): Read timed out.",0,59.56268577710819
267,2026-09-21T07:59:42.118+00:00,2026-09-21T08:04:42.193+00:00,2026-09-21T08:04:42.193+00:00,False,1,0.0,,0.0,300074.852792,300074.852792,300074.852792,300074.852792,300074.852792,300074.852792,nan,300074.852792,nan,nan,0.0,7,64,,True,False,TTFT timeout: 300.0s exceeded (TTFT: 300.068s),0,59.56268577710819
268,2026-09-21T07:59:42.486+00:00,2026-09-21T08:04:42.456+00:00,2026-09-21T08:04:42.600+00:00,False,3,2.0,,2.0,299970.867143,300114.460359,300114.460385,100038.15346166668,0.03485,299970.867143,173146.82396665058,269988.1362679,71.796608,101.48649950659707,0.006664124073220528,7,64,,True,False,Request timeout: 300.0s exceeded,6,59.56268577710819
269,2026-09-21T07:59:42.870+00:00,2026-09-21T08:04:42.980+00:00,2026-09-21T08:04:42.980+00:00,False,1,0.0,,0.0,300110.179987,300110.179987,300110.179987,300110.179987,300110.179987,300110.179987,nan,300110.179987,nan,nan,0.0,7,64,,True,False,"HTTPConnectionPool(host='gpu06', port=9004): Read timed out.",0,59.56268577710819
270,2026-09-21T07:59:43.312+00:00,2026-09-21T08:04:43.420+00:00,2026-09-21T08:04:43.420+00:00,False,1,0.0,,0.0,300108.196841,300108.196841,300108.196841,300108.196841,300108.196841,300108.196841,nan,300108.196841,nan,nan,0.0,7,64,,True,False,"HTTPConnectionPool(host='gpu06', port=9004): Read timed out.",0,59.56268577710819
271,2026-09-21T07:59:43.737+00:00,2026-09-21T08:04:43.854+00:00,2026-09-21T08:04:43.854+00:00,False,1,0.0,,0.0,300116.616998,300116.616998,300116.616998,300116.616998,300116.616998,300116.616998,nan,300116.616998,nan,nan,0.0,7,64,,True,False,"HTTPConnectionPool(host='gpu06', port=9004): Read timed out.",0,59.56268577710819
272,2026-09-21T07:59:44.056+00:00,2026-09-21T08:04:44.160+00:00,2026-09-21T08:04:44.160+00:00,False,1,0.0,,0.0,300104.384011,300104.384011,300104.384011,300104.384011,300104.384011,300104.384011,nan,300104.384011,nan,nan,0.0,7,64,,True,False,"HTTPConnectionPool(host='gpu06', port=9004): Read timed out.",0,59.56268577710819
273,2026-09-21T07:59:44.477+00:00,2026-09-21T08:04:44.531+00:00,2026-09-21T08:04:44.531+00:00,False,1,0.0,,0.0,300053.699162,300053.699162,300053.699162,300053.699162,300053.699162,300053.699162,nan,300053.699162,nan,nan,0.0,7,64,,True,False,"HTTPConnectionPool(host='gpu06', port=9004): Read timed out.",0,59.56268577710819
274,2026-09-21T07:59:44.842+00:00,2026-09-21T08:04:44.749+00:00,2026-09-21T08:04:44.921+00:00,False,3,2.0,,2.0,299906.946556,300079.42757999996,300079.427606,100026.47586866666,0.02095,299906.946556,173101.58680802886,269933.4979104,86.240512,121.93281452529831,0.00666490207652375,7,64,,True,False,Request timeout: 300.0s exceeded,2,59.56268577710819
275,2026-09-21T07:59:45.149+00:00,2026-09-21T08:04:45.250+00:00,2026-09-21T08:04:45.250+00:00,False,1,0.0,,0.0,300101.012179,300101.012179,300101.012179,300101.012179,300101.012179,300101.012179,nan,300101.012179,nan,nan,0.0,7,64,,True,False,"HTTPConnectionPool(host='gpu06', port=9004): Read timed out.",0,59.56268577710819
276,2026-09-21T07:59:45.548+00:00,2026-09-21T08:04:45.985+00:00,2026-09-21T08:04:47.076+00:00,False,19,18.0,,18.0,300436.763769,301528.08741700003,301528.087212,15869.899326947369,0.03434,300436.763769,68911.01831003756,30197.892393000002,60.629091555555554,31.80809733792163,0.05969593132830373,7,64,,True,False,Request timeout: 300.0s exceeded,36,59.56268577710819
280,2026-09-21T07:59:47.181+00:00,2026-09-21T08:04:47.232+00:00,2026-09-21T08:04:47.232+00:00,False,1,0.0,,0.0,300050.138999,300050.138999,300050.138999,300050.138999,300050.138999,300050.138999,nan,300050.138999,nan,nan,0.0,7,64,,True,False,"HTTPConnectionPool(host='gpu06', port=9004): Read timed out.",0,59.56268577710819
278,2026-09-21T07:59:46.321+00:00,2026-09-21T08:04:47.452+00:00,2026-09-21T08:04:47.452+00:00,False,1,0.0,,0.0,301131.539481,301131.539481,301131.539481,301131.539481,301131.539481,301131.539481,nan,301131.539481,nan,nan,0.0,7,64,,True,False,"HTTPConnectionPool(host='gpu06', port=9004): Read timed out.",0,59.56268577710819
281,2026-09-21T07:59:47.581+00:00,2026-09-21T08:04:47.591+00:00,2026-09-21T08:04:47.591+00:00,False,1,0.0,,0.0,300010.585812,300010.585812,300010.585812,300010.585812,300010.585812,300010.585812,nan,300010.585812,nan,nan,0.0,7,64,,True,False,"HTTPConnectionPool(host='gpu06', port=9004): Read timed out.",0,59.56268577710819
279,2026-09-21T07:59:46.786+00:00,2026-09-21T08:04:47.945+00:00,2026-09-21T08:04:47.945+00:00,False,1,0.0,,0.0,301159.20558999997,301159.20558999997,301159.20558999997,301159.20558999997,301159.20558999997,301159.20558999997,nan,301159.20558999997,nan,nan,0.0,7,64,,True,False,"HTTPConnectionPool(host='gpu06', port=9004): Read timed out.",0,59.56268577710819
282,2026-09-21T07:59:48.045+00:00,2026-09-21T08:04:48.148+00:00,2026-09-21T08:04:48.148+00:00,False,1,0.0,,0.0,300103.42956699996,300103.42956699996,300103.42956699996,300103.42956699996,300103.42956699996,300103.42956699996,nan,300103.42956699996,nan,nan,0.0,7,64,,True,False,"HTTPConnectionPool(host='gpu06', port=9004): Read timed out.",0,59.56268577710819
283,2026-09-21T07:59:48.375+00:00,2026-09-21T08:04:48.486+00:00,2026-09-21T08:04:48.486+00:00,False,1,0.0,,0.0,300111.123567,300111.123567,300111.123567,300111.123567,300111.123567,300111.123567,nan,300111.123567,nan,nan,0.0,7,64,,True,False,"HTTPConnectionPool(host='gpu06', port=9004): Read timed out.",0,59.56268577710819
284,2026-09-21T07:59:48.787+00:00,2026-09-21T08:04:48.757+00:00,2026-09-21T08:04:49.023+00:00,False,3,2.0,,2.0,299970.052764,300236.52649200003,300236.526388,100078.84212933334,0.02723,299970.052764,173110.91765552296,269999.692127,133.236864,188.38700397763103,0.0066614146631931905,7,64,,True,False,Request timeout: 300.0s exceeded,9,59.56268577710819
277,2026-09-21T07:59:45.906+00:00,2026-09-21T08:04:49.023+00:00,2026-09-21T08:04:49.023+00:00,False,1,0.0,,0.0,303116.645951,303116.645951,303116.645951,303116.645951,303116.645951,303116.645951,nan,303116.645951,nan,nan,0.0,7,64,,True,False,TTFT timeout: 300.0s exceeded (TTFT: 300.018s),0,59.56268577710819
285,2026-09-21T07:59:49.063+00:00,2026-09-21T08:04:49.023+00:00,2026-09-21T08:04:49.137+00:00,False,3,2.0,,2.0,299960.369344,300074.328512,300074.328577,100024.77619233333,0.03021,299960.369344,173149.31215548184,269975.7253119,56.979584,80.53857990788484,0.006665015331093276,7,64,,True,False,Request timeout: 300.0s exceeded,6,59.56268577710819
286,2026-09-21T07:59:49.546+00:00,2026-09-21T08:04:49.647+00:00,2026-09-21T08:04:49.647+00:00,False,1,0.0,,0.0,300101.594453,300101.594453,300101.594453,300101.594453,300101.594453,300101.594453,nan,300101.594453,nan,nan,0.0,7,64,,True,False,"HTTPConnectionPool(host='gpu06', port=9004): Read timed out.",0,59.56268577710819
287,2026-09-21T07:59:49.819+00:00,2026-09-21T08:04:49.869+00:00,2026-09-21T08:04:49.869+00:00,False,1,0.0,,0.0,300050.533245,300050.533245,300050.533245,300050.533245,300050.533245,300050.533245,nan,300050.533245,nan,nan,0.0,7,64,,True,False,"HTTPConnectionPool(host='gpu06', port=9004): Read timed out.",0,59.56268577710819
288,2026-09-21T07:59:50.217+00:00,2026-09-21T08:04:50.331+00:00,2026-09-21T08:04:50.331+00:00,False,1,0.0,,0.0,300113.195132,300113.195132,300113.195132,300113.195132,300113.195132,300113.195132,nan,300113.195132,nan,nan,0.0,7,64,,True,False,"HTTPConnectionPool(host='gpu06', port=9004): Read timed out.",0,59.56268577710819
289,2026-09-21T07:59:50.624+00:00,2026-09-21T08:04:50.730+00:00,2026-09-21T08:04:50.730+00:00,False,1,0.0,,0.0,300106.430422,300106.430422,300106.430422,300106.430422,300106.430422,300106.430422,nan,300106.430422,nan,nan,0.0,7,64,,True,False,"HTTPConnectionPool(host='gpu06', port=9004): Read timed out.",0,59.56268577710819
290,2026-09-21T07:59:51.038+00:00,2026-09-21T08:04:51.074+00:00,2026-09-21T08:04:51.074+00:00,False,1,0.0,,0.0,300035.905645,300035.905645,300035.905645,300035.905645,300035.905645,300035.905645,nan,300035.905645,nan,nan,0.0,7,64,,True,False,TTFT timeout: 300.0s exceeded (TTFT: 300.023s),0,59.56268577710819
291,2026-09-21T07:59:51.497+00:00,2026-09-21T08:04:51.464+00:00,2026-09-21T08:04:51.566+00:00,False,3,2.0,,2.0,299967.436981,300069.494709,300069.494955,100023.164985,0.02952,299967.436981,173156.82640009737,269980.8961283,51.028864,72.12407709401593,0.00666512269745897,7,64,,True,False,Request timeout: 300.0s exceeded,5,59.56268577710819
292,2026-09-21T07:59:51.826+00:00,2026-09-21T08:04:51.933+00:00,2026-09-21T08:04:51.933+00:00,False,1,0.0,,0.0,300107.57643300004,300107.57643300004,300107.57643300004,300107.57643300004,300107.57643300004,300107.57643300004,nan,300107.57643300004,nan,nan,0.0,7,64,,True,False,"HTTPConnectionPool(host='gpu06', port=9004): Read timed out.",0,59.56268577710819
293,2026-09-21T07:59:52.151+00:00,2026-09-21T08:04:52.255+00:00,2026-09-21T08:04:52.255+00:00,False,1,0.0,,0.0,300104.428884,300104.428884,300104.428884,300104.428884,300104.428884,300104.428884,nan,300104.428884,nan,nan,0.0,7,64,,True,False,"HTTPConnectionPool(host='gpu06', port=9004): Read timed out.",0,59.56268577710819
294,2026-09-21T07:59:52.475+00:00,2026-09-21T08:04:52.589+00:00,2026-09-21T08:04:52.589+00:00,False,1,0.0,,0.0,300114.035606,300114.035606,300114.035606,300114.035606,300114.035606,300114.035606,nan,300114.035606,nan,nan,0.0,7,64,,True,False,"HTTPConnectionPool(host='gpu06', port=9004): Read timed out.",0,59.56268577710819
295,2026-09-21T07:59:54.341+00:00,2026-09-21T08:04:54.768+00:00,2026-09-21T08:04:54.768+00:00,False,1,0.0,,0.0,300426.534298,300426.534298,300426.534298,300426.534298,300426.534298,300426.534298,nan,300426.534298,nan,nan,0.0,7,64,,True,False,"HTTPConnectionPool(host='gpu06', port=9004): Read timed out.",0,59.56268577710819
298,2026-09-21T07:59:54.663+00:00,2026-09-21T08:04:55.030+00:00,2026-09-21T08:04:55.030+00:00,False,1,0.0,,0.0,300367.111294,300367.111294,300367.111294,300367.111294,300367.111294,300367.111294,nan,300367.111294,nan,nan,0.0,7,64,,True,False,"HTTPConnectionPool(host='gpu06', port=9004): Read timed out.",0,59.56268577710819
297,2026-09-21T07:59:54.647+00:00,2026-09-21T08:04:55.184+00:00,2026-09-21T08:04:55.184+00:00,False,1,0.0,,0.0,300536.180175,300536.180175,300536.180175,300536.180175,300536.180175,300536.180175,nan,300536.180175,nan,nan,0.0,7,64,,True,False,"HTTPConnectionPool(host='gpu06', port=9004): Read timed out.",0,59.56268577710819
300,2026-09-21T07:59:54.967+00:00,2026-09-21T08:04:55.257+00:00,2026-09-21T08:04:55.257+00:00,False,1,0.0,,0.0,300290.489333,300290.489333,300290.489333,300290.489333,300290.489333,300290.489333,nan,300290.489333,nan,nan,0.0,7,64,,True,False,"HTTPConnectionPool(host='gpu06', port=9004): Read timed out.",0,59.56268577710819
296,2026-09-21T07:59:54.422+00:00,2026-09-21T08:04:55.298+00:00,2026-09-21T08:04:55.298+00:00,False,1,0.0,,0.0,300875.72003799997,300875.72003799997,300875.72003799997,300875.72003799997,300875.72003799997,300875.72003799997,nan,300875.72003799997,nan,nan,0.0,7,64,,True,False,"HTTPConnectionPool(host='gpu06', port=9004): Read timed out.",0,59.56268577710819
299,2026-09-21T07:59:54.954+00:00,2026-09-21T08:04:55.530+00:00,2026-09-21T08:04:55.530+00:00,False,1,0.0,,0.0,300576.58137699997,300576.58137699997,300576.58137699997,300576.58137699997,300576.58137699997,300576.58137699997,nan,300576.58137699997,nan,nan,0.0,7,64,,True,False,"HTTPConnectionPool(host='gpu06', port=9004): Read timed out.",0,59.56268577710819
301,2026-09-21T07:59:55.238+00:00,2026-09-21T08:04:55.560+00:00,2026-09-21T08:04:55.560+00:00,False,1,0.0,,0.0,300322.45442,300322.45442,300322.45442,300322.45442,300322.45442,300322.45442,nan,300322.45442,nan,nan,0.0,7,64,,True,False,"HTTPConnectionPool(host='gpu06', port=9004): Read timed out.",0,59.56268577710819
302,2026-09-21T07:59:55.575+00:00,2026-09-21T08:04:55.725+00:00,2026-09-21T08:04:55.725+00:00,False,1,0.0,,0.0,300150.395691,300150.395691,300150.395691,300150.395691,300150.395691,300150.395691,nan,300150.395691,nan,nan,0.0,7,64,,True,False,"HTTPConnectionPool(host='gpu06', port=9004): Read timed out.",0,59.56268577710819
303,2026-09-21T07:59:56.051+00:00,2026-09-21T08:04:56.155+00:00,2026-09-21T08:04:56.155+00:00,False,1,0.0,,0.0,300103.957093,300103.957093,300103.957093,300103.957093,300103.957093,300103.957093,nan,300103.957093,nan,nan,0.0,7,64,,True,False,"HTTPConnectionPool(host='gpu06', port=9004): Read timed out.",0,59.56268577710819
304,2026-09-21T07:59:56.356+00:00,2026-09-21T08:04:56.467+00:00,2026-09-21T08:04:56.467+00:00,False,1,0.0,,0.0,300111.021587,300111.021587,300111.021587,300111.021587,300111.021587,300111.021587,nan,300111.021587,nan,nan,0.0,7,64,,True,False,"HTTPConnectionPool(host='gpu06', port=9004): Read timed out.",0,59.56268577710819
305,2026-09-21T07:59:56.711+00:00,2026-09-21T08:04:56.796+00:00,2026-09-21T08:04:56.796+00:00,False,1,0.0,,0.0,300084.76787599997,300084.76787599997,300084.76787599997,300084.76787599997,300084.76787599997,300084.76787599997,nan,300084.76787599997,nan,nan,0.0,7,64,,True,False,"HTTPConnectionPool(host='gpu06', port=9004): Read timed out.",0,59.56268577710819
306,2026-09-21T07:59:57.031+00:00,2026-09-21T08:04:57.121+00:00,2026-09-21T08:04:57.121+00:00,False,1,0.0,,0.0,300090.566078,300090.566078,300090.566078,300090.566078,300090.566078,300090.566078,nan,300090.566078,nan,nan,0.0,7,64,,True,False,"HTTPConnectionPool(host='gpu06', port=9004): Read timed out.",0,59.56268577710819
307,2026-09-21T07:59:57.410+00:00,2026-09-21T08:04:57.357+00:00,2026-09-21T08:04:57.448+00:00,False,3,2.0,,2.0,299946.5015,300037.39737200004,300037.397504,100012.46583466667,0.03534,299946.5015,173147.95992266256,269960.9374164,45.447936,64.22312613633291,0.006665835717539933,7,64,,True,False,Request timeout: 300.0s exceeded,7,59.56268577710819
308,2026-09-21T07:59:57.768+00:00,2026-09-21T08:04:57.873+00:00,2026-09-21T08:04:57.873+00:00,False,1,0.0,,0.0,300105.624697,300105.624697,300105.624697,300105.624697,300105.624697,300105.624697,nan,300105.624697,nan,nan,0.0,7,64,,True,False,"HTTPConnectionPool(host='gpu06', port=9004): Read timed out.",0,59.56268577710819
309,2026-09-21T07:59:58.058+00:00,2026-09-21T08:04:58.166+00:00,2026-09-21T08:04:58.166+00:00,False,1,0.0,,0.0,300107.91404299997,300107.91404299997,300107.91404299997,300107.91404299997,300107.91404299997,300107.91404299997,nan,300107.91404299997,nan,nan,0.0,7,64,,True,False,"HTTPConnectionPool(host='gpu06', port=9004): Read timed out.",0,59.56268577710819
310,2026-09-21T07:59:58.354+00:00,2026-09-21T08:04:58.474+00:00,2026-09-21T08:04:58.474+00:00,False,1,0.0,,0.0,300120.657018,300120.657018,300120.657018,300120.657018,300120.657018,300120.657018,nan,300120.657018,nan,nan,0.0,7,64,,True,False,"HTTPConnectionPool(host='gpu06', port=9004): Read timed out.",0,59.56268577710819
311,2026-09-21T07:59:58.640+00:00,2026-09-21T08:04:58.755+00:00,2026-09-21T08:04:58.755+00:00,False,1,0.0,,0.0,300114.34147600003,300114.34147600003,300114.34147600003,300114.34147600003,300114.34147600003,300114.34147600003,nan,300114.34147600003,nan,nan,0.0,7,64,,True,False,"HTTPConnectionPool(host='gpu06', port=9004): Read timed out.",0,59.56268577710819
312,2026-09-21T07:59:58.998+00:00,2026-09-21T08:04:59.069+00:00,2026-09-21T08:04:59.069+00:00,False,1,0.0,,0.0,300071.088806,300071.088806,300071.088806,300071.088806,300071.088806,300071.088806,nan,300071.088806,nan,nan,0.0,7,64,,True,False,TTFT timeout: 300.0s exceeded (TTFT: 300.049s),0,59.56268577710819
313,2026-09-21T07:59:59.359+00:00,2026-09-21T08:04:59.375+00:00,2026-09-21T08:04:59.375+00:00,False,1,0.0,,0.0,300015.327735,300015.327735,300015.327735,300015.327735,300015.327735,300015.327735,nan,300015.327735,nan,nan,0.0,7,64,,True,False,TTFT timeout: 300.0s exceeded (TTFT: 300.009s),0,59.56268577710819
314,2026-09-21T07:59:59.790+00:00,2026-09-21T08:04:59.894+00:00,2026-09-21T08:04:59.894+00:00,False,1,0.0,,0.0,300104.50801499997,300104.50801499997,300104.50801499997,300104.50801499997,300104.50801499997,300104.50801499997,nan,300104.50801499997,nan,nan,0.0,7,64,,True,False,"HTTPConnectionPool(host='gpu06', port=9004): Read timed out.",0,59.56268577710819
315,2026-09-21T08:00:00.131+00:00,2026-09-21T08:05:00.240+00:00,2026-09-21T08:05:00.240+00:00,False,1,0.0,,0.0,300109.642964,300109.642964,300109.642964,300109.642964,300109.642964,300109.642964,nan,300109.642964,nan,nan,0.0,7,64,,True,False,"HTTPConnectionPool(host='gpu06', port=9004): Read timed out.",0,59.56268577710819
316,2026-09-21T08:00:00.430+00:00,2026-09-21T08:05:00.545+00:00,2026-09-21T08:05:00.545+00:00,False,1,0.0,,0.0,300115.53164,300115.53164,300115.53164,300115.53164,300115.53164,300115.53164,nan,300115.53164,nan,nan,0.0,7,64,,True,False,"HTTPConnectionPool(host='gpu06', port=9004): Read timed out.",0,59.56268577710819
317,2026-09-21T08:00:00.782+00:00,2026-09-21T08:05:00.895+00:00,2026-09-21T08:05:00.895+00:00,False,1,0.0,,0.0,300112.935797,300112.935797,300112.935797,300112.935797,300112.935797,300112.935797,nan,300112.935797,nan,nan,0.0,7,64,,True,False,"HTTPConnectionPool(host='gpu06', port=9004): Read timed out.",0,59.56268577710819
318,2026-09-21T08:00:01.163+00:00,2026-09-21T08:05:01.168+00:00,2026-09-21T08:05:02.965+00:00,False,29,28.0,,28.0,300004.50430699997,301802.008819,301802.00884699996,10406.965822310343,0.027809999999999998,300004.50430699997,55697.52774552113,175.24755279999997,64.19658971428572,35.43803405611565,0.09277605576440172,7,64,,True,False,Request timeout: 300.0s exceeded,95,59.56268577710819
319,2026-09-21T08:00:01.610+00:00,2026-09-21T08:05:01.877+00:00,2026-09-21T08:05:03.024+00:00,False,21,20.0,,20.0,300267.71804400004,301414.734492,301414.73447400006,14353.082594000001,0.02532,300267.71804400004,65511.275929305964,114.429613,57.3508224,20.228939328422562,0.066353756838423,7,64,,True,False,Request timeout: 300.0s exceeded,80,59.56268577710819
320,2026-09-21T08:00:01.876+00:00,2026-09-21T08:05:02.179+00:00,2026-09-21T08:05:03.068+00:00,False,18,17.0,,17.0,300302.590893,301192.284589,301192.28464800003,16732.904702666667,0.02518,300302.590893,70769.66556610099,45108.738339200005,52.334923294117644,15.270136645444678,0.056442348857633606,7,64,,True,False,Request timeout: 300.0s exceeded,68,59.56268577710819
0,2026-09-21T07:58:02.106+00:00,2026-09-21T07:58:02.255+00:00,2026-09-21T07:58:02.578+00:00,True,6,6.0,,6.0,149.51239999999999,472.32327999999995,472.32316199999997,78.720527,24.989372,149.51239999999999,46.11144660168224,136.95384674999997,64.562176,33.97624507285289,12.703163816104937,8,64,,False,True,,30,59.56268577710819
4,2026-09-21T07:58:03.123+00:00,2026-09-21T07:58:03.494+00:00,2026-09-21T07:58:07.228+00:00,True,62,62.0,,62.0,370.93371399999995,4104.981202,4104.981218,66.20937448387096,39.586163,370.93371399999995,40.909460606157026,78.61017895,61.21389324590164,11.335378096107933,15.103601441534687,8,64,,False,True,,79,59.56268577710819
1,2026-09-21T07:58:02.356+00:00,2026-09-21T07:58:03.494+00:00,2026-09-21T07:58:07.356+00:00,True,64,64.0,,64.0,1138.055527,4999.8736389999995,4999.873583,78.123024734375,35.617923000000005,1138.055527,135.13776693410045,78.80933884999999,61.2987001904762,12.201300072825417,12.800323492335364,8,64,,False,True,,65,59.56268577710819
3,2026-09-21T07:58:02.804+00:00,2026-09-21T07:58:03.570+00:00,2026-09-21T07:58:05.149+00:00,True,28,28.0,,28.0,765.749042,2345.111858,2345.111768,83.75399171428572,45.276663,765.749042,133.89777941987109,74.31897315,58.49491911111111,8.154264003864053,11.939728974753237,8,64,,False,True,,56,59.56268577710819
6,2026-09-21T07:58:03.658+00:00,2026-09-21T07:58:05.840+00:00,2026-09-21T07:58:11.698+00:00,True,94,94.0,,94.0,2181.651446,8040.056054,8040.056106,85.53251176595745,37.527243999999996,2181.651446,218.79191196421093,78.330331,62.993597935483876,10.905683386945752,11.69146077697234,8,64,,False,True,,187,59.56268577710819
2,2026-09-21T07:58:02.548+00:00,2026-09-21T07:58:06.419+00:00,2026-09-21T07:58:10.114+00:00,True,61,61.0,,61.0,3870.964341,7565.512309,7565.512356,124.02479272131147,37.444523999999994,3870.964341,487.85570036145805,76.924708,61.575799466666666,10.610584709702843,8.062904071603171,8,64,,False,True,,366,59.56268577710819
5,2026-09-21T07:58:03.352+00:00,2026-09-21T07:58:08.248+00:00,2026-09-21T07:58:11.951+00:00,True,60,60.0,,60.0,4896.043239,8599.178726999999,8599.178763,143.31964605,43.850764000000005,4896.043239,624.0650578230229,80.51768745000001,62.76500827118644,10.77922214529866,6.977410506844093,8,64,,False,True,,300,59.56268577710819
7,2026-09-21T07:58:03.921+00:00,2026-09-21T07:58:08.937+00:00,2026-09-21T07:58:13.274+00:00,True,69,69.0,,69.0,5015.840932,9352.76842,9352.768492,135.54736944927535,0.01695,5015.840932,598.181666959411,79.26159600000001,63.778345411764704,49.52455327123626,7.377494758926149,8,64,,False,True,,345,59.56268577710819
8,2026-09-21T07:58:04.267+00:00,2026-09-21T07:58:11.082+00:00,2026-09-21T07:58:14.849+00:00,True,60,60.0,,60.0,6814.866150999999,10582.096614999999,10582.096582,176.36827636666666,0.01704,6814.866150999999,872.8614829131802,79.28132755,63.85136379661017,48.19956390824063,5.669953902608553,8,64,,False,True,,120,59.56268577710819
9,2026-09-21T07:58:04.493+00:00,2026-09-21T07:58:12.350+00:00,2026-09-21T07:58:16.495+00:00,True,67,67.0,,67.0,7856.338857,12001.079721,12001.079638,179.12059161194028,0.016579999999999998,7856.338857,953.5960125511439,80.9346313,62.799104,53.217649939971416,5.582831008343403,8,64,,False,True,,458,59.56268577710819
10,2026-09-21T07:58:04.844+00:00,2026-09-21T07:58:14.020+00:00,2026-09-21T07:58:18.994+00:00,True,82,82.0,,82.0,9176.164438,14149.999446,14149.999474,172.56096919512194,37.746124,9176.164438,1006.6082440656593,77.545869,61.4053704691358,10.244746840341593,5.795053230421166,8,64,,False,True,,562,59.56268577710819
11,2026-09-21T07:58:05.046+00:00,2026-09-21T07:58:15.998+00:00,2026-09-21T07:58:21.751+00:00,True,92,92.0,,92.0,10952.622889,16705.477417000002,16705.477207,181.58127398913044,30.386973,10952.622889,1135.3573589665516,80.021449,63.21818162637363,11.583030830518084,5.507175742632653,8,64,,False,True,,361,59.56268577710819
12,2026-09-21T07:58:05.300+00:00,2026-09-21T07:58:17.177+00:00,2026-09-21T07:58:19.122+00:00,True,32,32.0,,32.0,11876.964865,13821.654017,13821.654127,431.92669146875,45.369095,11876.964865,2088.50599458454,78.887598,62.73190812903226,10.374354381651681,2.3152077139712417,8,64,,False,True,,64,59.56268577710819
13,2026-09-21T07:58:05.547+00:00,2026-09-21T07:58:18.535+00:00,2026-09-21T07:58:23.283+00:00,True,73,73.0,,73.0,12987.679839,17735.641951,17735.641932,242.95399906849315,0.01598,12987.679839,1513.2568896536438,85.65481299999999,65.94391822222222,52.02384385190907,4.116005510355039,8,64,,False,True,,506,59.56268577710819
14,2026-09-21T07:58:05.742+00:00,2026-09-21T07:58:19.521+00:00,2026-09-21T07:58:22.533+00:00,True,48,48.0,,48.0,13779.034668,16790.764332,16790.764401,349.8075916875,37.033464,13779.034668,1979.6216918704104,83.94781915,64.0793545531915,12.464552361232656,2.858714412930038,8,64,,False,True,,191,59.56268577710819
15,2026-09-21T07:58:05.994+00:00,2026-09-21T07:58:20.922+00:00,2026-09-21T07:58:21.049+00:00,True,3,3.0,,3.0,14927.158486,15054.500054,15054.50005,5018.166683333334,61.636827,14927.158486,8581.438868043013,13441.013111100001,63.670784,2.8763972487818856,0.19927596328267946,8,64,,False,True,,5,59.56268577710819
16,2026-09-21T07:58:06.231+00:00,2026-09-21T07:58:22.127+00:00,2026-09-21T07:58:24.511+00:00,True,37,37.0,,37.0,15895.834416,18280.545584,18280.545643,494.0688011621622,0.0,15895.834416,2604.164206185346,423.6864644,66.24197688888889,98.05115087064092,2.024009613388353,8,64,,False,True,,112,59.56268577710819
17,2026-09-21T07:58:06.440+00:00,2026-09-21T07:58:23.326+00:00,2026-09-21T07:58:26.962+00:00,True,61,61.0,,61.0,16886.429776,20522.122832,20522.122754,336.42824186885247,0.0,16886.429776,2155.5119101222135,77.91215799999999,60.59488426666667,72.05250670167737,2.9724020511602793,8,64,,False,True,,536,59.56268577710819
18,2026-09-21T07:58:06.640+00:00,2026-09-21T07:58:24.107+00:00,2026-09-21T07:58:26.408+00:00,True,38,38.0,,38.0,17467.125903,19767.766671,19767.766742,520.2043879473684,41.444044000000005,17467.125903,2823.4720375492134,76.91985964999999,62.17948021621621,9.902126693022755,1.9223213543767348,8,64,,False,True,,76,59.56268577710819
19,2026-09-21T07:58:06.937+00:00,2026-09-21T07:58:25.824+00:00,2026-09-21T07:58:28.092+00:00,True,39,39.0,,39.0,18887.017151,21155.611327,21155.611307,542.451571974359,0.0,18887.017151,3015.4932246036597,113.2584577,59.699846736842105,66.29576662133535,1.843482535067468,8,64,,False,True,,139,59.56268577710819
20,2026-09-21T07:58:07.239+00:00,2026-09-21T07:58:27.411+00:00,2026-09-21T07:58:30.267+00:00,True,47,47.0,,47.0,20171.697134,23028.091374,23028.091381,489.95939108510635,38.645734,20171.697134,2933.3077577575496,80.894767,62.095526956521745,11.19279536907721,2.040985474509,8,64,,False,True,,564,59.56268577710819
21,2026-09-21T07:58:07.558+00:00,2026-09-21T07:58:29.352+00:00,2026-09-21T07:58:31.451+00:00,True,33,33.0,,33.0,21793.501173,23892.829429,23892.829491,724.0251360909091,0.0,21793.501173,3783.067981145514,227.28440419999998,65.604008,75.32693799847402,1.3811675213294805,8,64,,False,True,,55,59.56268577710819
22,2026-09-21T07:58:07.844+00:00,2026-09-21T07:58:30.914+00:00,2026-09-21T07:58:31.267+00:00,True,10,10.0,,10.0,23069.904755,23423.509875,23423.509742,2342.3509742,0.0,23069.904755,7282.985149340995,12721.508047849999,39.28945777777778,32.66629165289351,0.4269215012338111,8,64,,False,True,,55,59.56268577710819
23,2026-09-21T07:58:08.095+00:00,2026-09-21T07:58:31.956+00:00,2026-09-21T07:58:33.396+00:00,True,20,20.0,,20.0,23860.544407,25300.730263,25300.730157,1265.0365078500001,0.01788,23860.544407,5319.984806634119,1769.4650597,75.79925557894737,132.10509508240008,0.7904910171406462,8,64,,False,True,,100,59.56268577710819
24,2026-09-21T07:58:08.326+00:00,2026-09-21T07:58:33.481+00:00,2026-09-21T07:58:34.003+00:00,True,17,17.0,,17.0,25154.612300999997,25677.148492999997,25677.148445999996,1510.4204968235292,0.01559,25154.612300999997,6093.0569073929455,5088.1797466,32.658512,33.84835226565497,0.6620672854166214,8,64,,False,True,,93,59.56268577710819
25,2026-09-21T07:58:08.655+00:00,2026-09-21T07:58:34.729+00:00,2026-09-21T07:58:38.290+00:00,True,56,56.0,,56.0,26074.119787,29635.489643,29635.489707,529.2051733392857,0.0,26074.119787,3476.4065103350495,81.39161574999999,64.7521792,73.28885436454902,1.8896262783101134,8,64,,False,True,,168,59.56268577710819
26,2026-09-21T07:58:08.964+00:00,2026-09-21T07:58:36.183+00:00,2026-09-21T07:58:37.448+00:00,True,21,21.0,,21.0,27218.485146000003,28483.657882000003,28483.657957000003,1356.3646646190477,45.630114999999996,27218.485146000003,5925.762357356351,73.63574700000001,63.2586368,8.738100204291365,0.7372648585724927,8,64,,False,True,,84,59.56268577710819
27,2026-09-21T07:58:09.308+00:00,2026-09-21T07:58:37.784+00:00,2026-09-21T07:58:44.018+00:00,True,99,99.0,,99.0,28476.205826,34709.633794,34709.633833,350.60236194949493,0.0,28476.205826,2857.246095127581,80.393072,63.6064078367347,98.24804290418697,2.852234068142586,8,64,,False,True,,300,59.56268577710819
28,2026-09-21T07:58:09.597+00:00,2026-09-21T07:58:39.618+00:00,2026-09-21T07:58:41.372+00:00,True,29,29.0,,29.0,30021.177117,31774.669084999998,31774.669029,1095.6782423793104,0.0,30021.177117,5564.272936202649,403.6889746,62.62471314285714,113.14672884596074,0.9126766960946936,8,64,,False,True,,142,59.56268577710819
29,2026-09-21T07:58:09.870+00:00,2026-09-21T07:58:41.122+00:00,2026-09-21T07:58:47.434+00:00,True,100,100.0,,100.0,31252.686635000002,37563.921963,37563.92198,375.63921980000003,0.0,31252.686635000002,3120.4151799041274,80.22288400000001,63.749851797979794,97.92846361115534,2.662128839967743,8,64,,False,True,,200,59.56268577710819
30,2026-09-21T07:58:10.061+00:00,2026-09-21T07:58:42.007+00:00,2026-09-21T07:58:47.899+00:00,True,93,93.0,,93.0,31946.279577,37837.345689,37837.345578,406.85317825806453,0.0,31946.279577,3307.806306513631,80.871552,64.03332730434782,108.83178244796443,2.4578891121064226,8,64,,False,True,,190,59.56268577710819
31,2026-09-21T07:58:10.325+00:00,2026-09-21T07:58:43.496+00:00,2026-09-21T07:58:44.089+00:00,True,15,15.0,,15.0,33170.928144,33763.749904,33763.749906,2250.9166603999997,0.01729,33170.928144,8553.810717663368,10007.761526499999,42.344411428571426,29.482267183350086,0.4442634494879655,8,64,,False,True,,177,59.56268577710819
32,2026-09-21T07:58:10.543+00:00,2026-09-21T07:58:44.395+00:00,2026-09-21T07:58:48.098+00:00,True,59,59.0,,59.0,33851.676495,37554.963279,37554.963408999996,636.5248035423729,0.0,33851.676495,4399.774453142546,81.3498691,63.84977213793103,93.38602589361011,1.5710306933781941,8,64,,False,True,,117,59.56268577710819
33,2026-09-21T07:58:10.831+00:00,2026-09-21T07:58:46.500+00:00,2026-09-21T07:58:48.811+00:00,True,44,44.0,,44.0,35668.353743,37980.013007,37980.012893,863.1821112045454,0.0,35668.353743,5369.165708837072,79.10835535,53.759517767441864,26.445326649714975,1.1585040792874524,8,64,,False,True,,140,59.56268577710819
34,2026-09-21T07:58:11.089+00:00,2026-09-21T07:58:47.202+00:00,2026-09-21T07:58:49.267+00:00,True,33,33.0,,33.0,36112.240709,38177.240901,38177.240713,1156.8860822121212,44.544445,36112.240709,6275.108537100321,78.2220424,64.531256,10.034191272168885,0.8643893382859842,8,64,,False,True,,44,59.56268577710819
35,2026-09-21T07:58:11.374+00:00,2026-09-21T07:58:48.678+00:00,2026-09-21T07:58:53.732+00:00,True,75,75.0,,75.0,37304.301313,42358.395649000006,42358.395768,564.77861024,0.0,37304.301313,4301.584704971206,80.689104,68.2985721081081,130.10660779605885,1.770605303880781,8,64,,False,True,,450,59.56268577710819
36,2026-09-21T07:58:11.649+00:00,2026-09-21T07:58:49.793+00:00,2026-09-21T07:58:54.211+00:00,True,71,71.0,,71.0,38144.32569,42561.976122,42561.976119,599.4644523802816,0.0,38144.32569,4521.342939946502,84.7288885,63.109291885714285,133.18577831244951,1.6681556278422087,8,64,,False,True,,591,59.56268577710819
37,2026-09-21T07:58:11.955+00:00,2026-09-21T07:58:51.526+00:00,2026-09-21T07:58:52.052+00:00,True,9,9.0,,9.0,39570.575169,40096.714561,40096.714474,4455.190497111112,48.761775,39570.575169,13168.273036330958,23772.334568600003,65.767424,10.672629109270392,0.22445729278662235,8,64,,False,True,,18,59.56268577710819
38,2026-09-21T07:58:12.179+00:00,2026-09-21T07:58:53.670+00:00,2026-09-21T07:58:54.150+00:00,True,23,23.0,,23.0,41491.703268,41971.613156,41971.613097999994,1824.8527433913043,0.0,41491.703268,8647.139941923728,111.00875070000001,21.814085818181816,35.68794803737237,0.5479894211955507,8,64,,False,True,,92,59.56268577710819
39,2026-09-21T07:58:12.446+00:00,2026-09-21T07:58:54.148+00:00,2026-09-21T07:58:57.220+00:00,True,50,50.0,,50.0,41701.526739,44773.371859,44773.371638000004,895.4674327600001,41.01098399999999,41701.526739,5888.6282341377655,77.2350675,62.69071673469388,9.540661587888046,1.11673519156564,8,64,,False,True,,197,59.56268577710819
40,2026-09-21T07:58:12.736+00:00,2026-09-21T07:58:55.776+00:00,2026-09-21T07:58:59.851+00:00,True,65,65.0,,65.0,43039.864698,47115.260281999996,47115.260211,724.8501570923077,43.494465,43039.864698,5330.549358931113,78.42437799999999,63.678056,10.119343950690624,1.3795954773666554,8,64,,False,True,,356,59.56268577710819
41,2026-09-21T07:58:13.171+00:00,2026-09-21T07:58:57.788+00:00,2026-09-21T07:59:02.257+00:00,True,71,71.0,,71.0,44617.050802,49085.728689999996,49085.728806,691.3482930422535,0.0,44617.050802,5288.546698336761,84.264869,63.83825554285714,106.29957182057642,1.446448935257724,8,64,,False,True,,144,59.56268577710819
42,2026-09-21T07:58:13.289+00:00,2026-09-21T07:58:58.628+00:00,2026-09-21T07:59:01.263+00:00,True,33,33.0,,33.0,45338.810047,47973.587135,47973.587201,1453.7450666969696,0.0,45338.810047,7879.568320284542,410.28233339999997,82.336784,152.38232380093356,0.6878785175504262,8,64,,False,True,,66,59.56268577710819
43,2026-09-21T07:58:13.544+00:00,2026-09-21T07:59:00.045+00:00,2026-09-21T07:59:01.271+00:00,True,15,15.0,,15.0,46500.630979,47726.754499,47726.754426,3181.7836284,0.0,46500.630979,11986.03097343292,14590.3183672,87.58025142857143,240.07678824390635,0.31428912687357125,8,64,,False,True,,25,59.56268577710819
44,2026-09-21T07:58:13.889+00:00,2026-09-21T07:59:01.767+00:00,2026-09-21T07:59:02.384+00:00,True,11,11.0,,11.0,47878.135691,48495.741067,48495.740985000004,4408.703725909091,40.670444,47878.135691,14417.187215808155,23982.7537505,61.7605376,15.653356131045658,0.22682404182261673,8,64,,False,True,,11,59.56268577710819
45,2026-09-21T07:58:14.107+00:00,2026-09-21T07:59:02.839+00:00,2026-09-21T07:59:02.941+00:00,True,3,3.0,,3.0,48732.64468,48834.299463999996,48834.29932,16278.099773333333,42.907314,48732.64468,28106.46147330943,43865.2549446,50.827392,11.200571413994911,0.061432231708608016,8,64,,False,True,,9,59.56268577710819
46,2026-09-21T07:58:14.365+00:00,2026-09-21T07:59:04.520+00:00,2026-09-21T07:59:09.041+00:00,True,72,72.0,,72.0,50154.929917,54676.221693,54676.221807,759.3919695416666,0.01563,50154.929917,5904.23107799351,88.4396745,63.68016585915493,105.00613330502445,1.3168430036053114,8,64,,False,True,,504,59.56268577710819
47,2026-09-21T07:58:14.574+00:00,2026-09-21T07:59:05.654+00:00,2026-09-21T07:59:10.330+00:00,True,62,62.0,,62.0,51079.966444,55755.49054,55755.490619,899.2821067580645,0.0,51079.966444,6478.73281249472,85.73607395,76.647936,131.10325492396063,1.111998108159771,8,64,,False,True,,189,59.56268577710819
48,2026-09-21T07:58:14.812+00:00,2026-09-21T07:59:06.801+00:00,2026-09-21T07:59:09.095+00:00,True,36,36.0,,36.0,51988.491988,54282.905812000005,54282.905706000005,1507.8584918333333,44.670815000000005,51988.491988,8653.828225147612,84.06914825,65.55468068571429,9.754142469642394,0.6631922050134923,8,64,,False,True,,144,59.56268577710819
49,2026-09-21T07:58:15.056+00:00,2026-09-21T07:59:08.238+00:00,2026-09-21T07:59:12.620+00:00,True,71,71.0,,71.0,53182.118272,57564.732288,57564.732164,810.7708755492957,0.0,53182.118272,6305.334244903893,86.96406899999998,62.60877165714285,124.32487373921595,1.2333940796385972,8,64,,False,True,,142,59.56268577710819
50,2026-09-21T07:58:15.357+00:00,2026-09-21T07:59:10.326+00:00,2026-09-21T07:59:13.830+00:00,True,69,69.0,,69.0,54969.137747,58473.460307,58473.460279,847.4414533188406,0.0,54969.137747,6611.362742475241,78.040187,51.534155294117646,28.41968450623455,1.1800225202636048,8,64,,False,True,,143,59.56268577710819
51,2026-09-21T07:58:15.666+00:00,2026-09-21T07:59:11.561+00:00,2026-09-21T07:59:15.981+00:00,True,69,69.0,,69.0,55894.806353,60315.305297,60315.305276,874.1348590724638,44.082904,55894.806353,6721.125539830286,80.480787,65.00733741176471,10.15423631726247,1.1439882407995035,8,64,,False,True,,69,59.56268577710819
52,2026-09-21T07:58:15.939+00:00,2026-09-21T07:59:13.126+00:00,2026-09-21T07:59:16.055+00:00,True,45,45.0,,45.0,57186.983967,60116.108831,60116.108804,1335.9135289777778,48.081885,57186.983967,8515.014105798991,83.807067,66.57101963636363,9.956581465198934,0.7485514427839166,8,64,,False,True,,495,59.56268577710819
53,2026-09-21T07:58:16.290+00:00,2026-09-21T07:59:14.709+00:00,2026-09-21T07:59:16.525+00:00,True,30,30.0,,30.0,58418.796919,60234.956407,60234.956468000004,2007.8318822666668,49.498114,58418.796919,10654.33386445948,78.32708410000001,62.626189241379315,8.79566069711073,0.4980496673276193,8,64,,False,True,,61,59.56268577710819
54,2026-09-21T07:58:16.612+00:00,2026-09-21T07:59:16.453+00:00,2026-09-21T07:59:22.112+00:00,True,90,90.0,,90.0,59840.835409,65499.604049,65499.604096999996,727.7733788555555,0.0,59840.835409,6303.557702990849,127.9462813,63.581670112359554,177.87336227534436,1.3740541077572217,8,64,,False,True,,630,59.56268577710819
55,2026-09-21T07:58:16.908+00:00,2026-09-21T07:59:18.133+00:00,2026-09-21T07:59:22.891+00:00,True,75,75.0,,75.0,61224.563716,65982.627588,65982.627624,879.7683683199999,0.0,61224.563716,7064.524081754229,158.9617016,64.29816043243244,183.24804840940897,1.1366628268929375,8,64,,False,True,,302,59.56268577710819
56,2026-09-21T07:58:17.202+00:00,2026-09-21T07:59:19.357+00:00,2026-09-21T07:59:22.524+00:00,True,51,51.0,,51.0,62154.481114,65321.585626,65321.585662000005,1280.8154051372549,0.0,62154.481114,8696.03835920533,337.1912345,63.342090240000005,165.3022277378497,0.7807526334709859,8,64,,False,True,,238,59.56268577710819
57,2026-09-21T07:58:17.463+00:00,2026-09-21T07:59:21.302+00:00,2026-09-21T07:59:26.197+00:00,True,82,82.0,,82.0,63838.415158,68733.27135000001,68733.271358,838.2106263170732,0.0,63838.415158,7043.122996736582,81.14625794999999,60.430323358024694,18.033337798510264,1.1930175647023091,8,64,,False,True,,288,59.56268577710819
58,2026-09-21T07:58:17.722+00:00,2026-09-21T07:59:22.188+00:00,2026-09-21T07:59:25.222+00:00,True,48,48.0,,48.0,64465.777889,67500.029409,67500.029345,1406.2506113541667,44.215563,64465.777889,9295.52036263431,81.717967,64.55854297872341,9.775776315398044,0.7111108012880363,8,64,,False,True,,48,59.56268577710819
59,2026-09-21T07:58:18.029+00:00,2026-09-21T07:59:24.278+00:00,2026-09-21T07:59:25.883+00:00,True,25,25.0,,25.0,66249.78693999999,67854.12921199999,67854.12901199999,2714.1651604799995,43.183704,66249.78693999999,13236.591468278742,81.310475,66.84759466666667,9.968899438345563,0.36843741553135656,8,64,,False,True,,300,59.56268577710819
60,2026-09-21T07:58:18.245+00:00,2026-09-21T07:59:25.405+00:00,2026-09-21T07:59:28.250+00:00,True,45,45.0,,45.0,67159.702726,70004.498118,70004.498227,1555.6555161555557,44.966514000000004,67159.702726,10001.945199226142,82.41158100000001,64.65444072727273,11.025047914696241,0.6428158362645173,8,64,,False,True,,101,59.56268577710819
61,2026-09-21T07:58:18.579+00:00,2026-09-21T07:59:27.149+00:00,2026-09-21T07:59:32.837+00:00,True,77,77.0,,77.0,68570.00311599999,74257.7891,74257.78895599999,964.3868695584415,0.0,68570.00311599999,7807.181572782151,83.69035319999999,74.8392892631579,150.58253117159362,1.0369282594221487,8,64,,False,True,,343,59.56268577710819
62,2026-09-21T07:58:18.829+00:00,2026-09-21T07:59:28.321+00:00,2026-09-21T07:59:32.814+00:00,True,71,71.0,,71.0,69492.129183,73985.147807,73985.147818,1042.0443354647887,0.0,69492.129183,8241.04359408963,77.458002,64.18598034285715,156.37946775486273,0.9596520667257818,8,64,,False,True,,325,59.56268577710819
63,2026-09-21T07:58:19.027+00:00,2026-09-21T07:59:29.295+00:00,2026-09-21T07:59:34.850+00:00,True,89,89.0,,89.0,70267.537398,75822.95679,75822.956746,851.9433342247191,0.0,70267.537398,7444.169020123052,79.039547,63.12976581818182,194.66297357970691,1.1737869870532123,8,64,,False,True,,288,59.56268577710819
64,2026-09-21T07:58:19.308+00:00,2026-09-21T07:59:30.883+00:00,2026-09-21T07:59:35.655+00:00,True,73,73.0,,73.0,71574.079888,76346.56065599999,76346.560588,1045.8432957260272,0.0,71574.079888,8372.162768977134,336.72794139999996,66.28445511111111,218.35375673304537,0.9561661897111671,8,64,,False,True,,657,59.56268577710819
65,2026-09-21T07:58:19.588+00:00,2026-09-21T07:59:32.814+00:00,2026-09-21T07:59:32.814+00:00,True,7,7.0,,7.0,73226.099069,73226.099069,73226.099069,10460.871295571429,0.0,73226.099069,27676.86394513605,51258.269348300004,0.0,0.0,0.09559433165221584,8,64,,False,True,,35,59.56268577710819
66,2026-09-21T07:58:19.919+00:00,2026-09-21T07:59:35.011+00:00,2026-09-21T07:59:37.124+00:00,True,46,46.0,,46.0,75091.964058,77205.209498,77205.209504,1678.374119652174,0.01627,75091.964058,11064.90390846499,160.12898925000002,46.961009777777775,52.51665047377807,0.5958147163785836,8,64,,False,True,,49,59.56268577710819
67,2026-09-21T07:58:20.132+00:00,2026-09-21T07:59:35.329+00:00,2026-09-21T07:59:37.452+00:00,True,34,34.0,,34.0,75196.74228399999,77319.980172,77319.98031099999,2274.117067970588,0.03692,75196.74228399999,12885.13661662141,143.49721325000002,64.34054206060607,30.93954891390778,0.43973110086637696,8,64,,False,True,,442,59.56268577710819
68,2026-09-21T07:58:20.382+00:00,2026-09-21T07:59:36.738+00:00,2026-09-21T07:59:37.776+00:00,True,16,16.0,,16.0,76356.124012,77394.143084,77394.143184,4837.133949,10.891651,76356.124012,19071.755526530844,19214.01903925,69.20127146666667,31.86361887578898,0.2067339899691679,8,64,,False,True,,27,59.56268577710819
69,2026-09-21T07:58:20.616+00:00,2026-09-21T07:59:37.629+00:00,2026-09-21T07:59:40.761+00:00,True,52,52.0,,52.0,77013.392646,80144.947462,80144.94750099999,1541.248990403846,39.295443,77013.392646,10671.325615756981,78.51451000000002,61.40303560784314,10.09541194226682,0.6488244318165576,8,64,,False,True,,676,59.56268577710819
70,2026-09-21T07:58:20.805+00:00,2026-09-21T07:59:38.986+00:00,2026-09-21T07:59:41.650+00:00,True,43,43.0,,43.0,78180.245626,80844.34674600001,80844.34692,1880.1010911627907,44.329194,78180.245626,11912.706761695728,79.08613489999999,63.43097904761905,10.136338357412862,0.5318862942278341,8,64,,False,True,,51,59.56268577710819
71,2026-09-21T07:58:21.083+00:00,2026-09-21T07:59:40.344+00:00,2026-09-21T07:59:40.711+00:00,True,7,7.0,,7.0,79261.140117,79627.636373,79627.636359,11375.376622714286,53.384135,79261.140117,29934.808931537278,55505.562276,61.082709333333334,8.349146250105782,0.08790917725109755,8,64,,False,True,,34,59.56268577710819
72,2026-09-21T07:58:21.432+00:00,2026-09-21T07:59:41.841+00:00,2026-09-21T07:59:42.317+00:00,True,9,9.0,,9.0,80408.774542,80885.031054,80885.031244,8987.225693777778,43.990674,80408.774542,26783.083159177062,48276.31452000001,59.532064,11.971566054020789,0.11126904301973341,8,64,,False,True,,27,59.56268577710819
73,2026-09-21T07:58:21.714+00:00,2026-09-21T07:59:43.279+00:00,2026-09-21T07:59:49.029+00:00,True,91,91.0,,91.0,81565.711479,87315.45023100001,87315.45020400001,959.5104418021979,0.0,81565.711479,8545.582327429162,76.601117,63.88598613333333,179.74475567999318,1.0421981420155564,8,64,,False,True,,182,59.56268577710819
74,2026-09-21T07:58:21.982+00:00,2026-09-21T07:59:44.620+00:00,2026-09-21T07:59:46.972+00:00,True,12,12.0,,12.0,82638.56973999999,84990.050572,84990.050796,7082.504233,45.498924,82638.56973999999,23798.823834681472,38138.973182099995,213.77098472727272,503.0588916607484,0.14119299752427028,8,64,,False,True,,34,59.56268577710819
75,2026-09-21T07:58:22.176+00:00,2026-09-21T07:59:46.972+00:00,2026-09-21T07:59:47.487+00:00,True,27,27.0,,27.0,84795.250715,85310.61429900001,85310.61430100001,3159.6523815185187,0.0,84795.250715,16315.064453365943,70.854143,19.821676307692307,29.432980679234923,0.31649051201728934,8,64,,False,True,,135,59.56268577710819
76,2026-09-21T07:58:22.407+00:00,2026-09-21T07:59:46.985+00:00,2026-09-21T07:59:49.591+00:00,True,43,43.0,,43.0,84577.927603,87184.090035,87184.090182,2027.5369809767442,5.09165,84577.927603,12888.557434530829,78.566547,62.051486476190476,13.747123606275366,0.49320925392164644,8,64,,False,True,,140,59.56268577710819
77,2026-09-21T07:58:22.671+00:00,2026-09-21T07:59:48.249+00:00,2026-09-21T07:59:54.209+00:00,True,76,76.0,,76.0,85578.035467,91538.692619,91538.692661,1204.4564823815788,0.01688,85578.035467,9808.705334724933,78.66282199999999,79.47542869333333,163.69950001706368,0.8302500049495491,8,64,,False,True,,339,59.56268577710819
78,2026-09-21T07:58:23.288+00:00,2026-09-21T07:59:50.228+00:00,2026-09-21T07:59:54.851+00:00,True,72,72.0,,72.0,86939.970007,91562.901207,91562.901293,1271.7069624027777,0.01487,86939.970007,10240.331083782656,81.44578595000002,65.11170704225353,205.38529008756586,0.7863446772752062,8,64,,False,True,,144,59.56268577710819
79,2026-09-21T07:58:23.333+00:00,2026-09-21T07:59:50.303+00:00,2026-09-21T07:59:56.322+00:00,True,96,96.0,,96.0,86969.804988,92988.428732,92988.428738,968.6294660208333,0.01532,86969.804988,8871.297493896736,125.64285625000001,63.35393414736842,160.96041124856066,1.0323865163554875,8,64,,False,True,,637,59.56268577710819
81,2026-09-21T07:58:23.863+00:00,2026-09-21T07:59:54.238+00:00,2026-09-21T07:59:56.036+00:00,True,30,30.0,,30.0,90374.93542000001,92172.671868,92172.67188800001,3072.422396266667,0.02094,90374.93542000001,16488.893126113708,200.20423855,61.990912,52.53746418911357,0.3254760808383947,8,64,,False,True,,240,59.56268577710819
80,2026-09-21T07:58:23.567+00:00,2026-09-21T07:59:54.275+00:00,2026-09-21T07:59:54.276+00:00,True,20,20.0,,20.0,90708.075104,90708.46448000001,90708.464444,4535.4232222,0.01572,90708.075104,20282.93762201496,4535.4492506999995,0.020493473684210527,0.007404098349851182,0.22048658980893376,8,64,,False,True,,50,59.56268577710819
82,2026-09-21T07:58:24.166+00:00,2026-09-21T07:59:56.037+00:00,2026-09-21T08:00:00.643+00:00,True,74,74.0,,74.0,91870.661807,96476.87671899999,96476.876852,1303.741579081081,39.881214,91870.661807,10672.417505067186,80.0081965,63.0988344109589,10.496355975001329,0.7670231719413297,8,64,,False,True,,77,59.56268577710819
83,2026-09-21T07:58:24.419+00:00,2026-09-21T07:59:57.170+00:00,2026-09-21T08:00:00.847+00:00,True,61,61.0,,61.0,92750.15900900001,96427.343009,96427.34317300002,1580.7761175901642,40.890303,92750.15900900001,11867.598074289257,77.821917,61.2864,9.852082084307746,0.6326006513972556,8,64,,False,True,,122,59.56268577710819
84,2026-09-21T07:58:24.752+00:00,2026-09-21T07:59:59.176+00:00,2026-09-21T08:00:02.895+00:00,True,33,33.0,,33.0,94423.756732,98142.783164,98142.78313899999,2974.023731484848,0.0,94423.756732,16420.003748992236,813.2797999999999,116.219576,327.7315514146529,0.3362447949418334,8,64,,False,True,,165,59.56268577710819
85,2026-09-21T07:58:25.087+00:00,2026-09-21T08:00:00.992+00:00,2026-09-21T08:00:04.752+00:00,True,60,60.0,,60.0,95904.541337,99664.875929,99664.875788,1661.0812631333333,0.0,95904.541337,12375.409685160259,75.6420045,63.734484610169496,246.55816931441305,0.6020175055728082,8,64,,False,True,,540,59.56268577710819
86,2026-09-21T07:58:25.422+00:00,2026-09-21T08:00:02.870+00:00,2026-09-21T08:00:03.036+00:00,True,10,10.0,,10.0,97448.221817,97614.254969,97614.254942,9761.4254942,0.0,97448.221817,30810.009324795603,53629.413533,18.448128,25.85980594277815,0.10244405392609682,8,64,,False,True,,30,59.56268577710819
87,2026-09-21T07:58:25.618+00:00,2026-09-21T08:00:03.478+00:00,2026-09-21T08:00:03.861+00:00,True,7,7.0,,7.0,97859.3445,98242.918772,98242.918714,14034.702673428572,45.657954,97859.3445,36963.1943901301,68524.8095301,63.929045333333335,12.357543939140442,0.07125195472098549,8,64,,False,True,,24,59.56268577710819
88,2026-09-21T07:58:25.964+00:00,2026-09-21T08:00:05.088+00:00,2026-09-21T08:00:05.234+00:00,True,3,3.0,,3.0,99123.999536,99270.096944,99270.097029,33090.032343,70.93126600000001,99123.999536,57187.09314100844,89219.11620510001,73.048704,2.9946028751792784,0.030220580943850116,8,64,,False,True,,14,59.56268577710819
89,2026-09-21T07:58:26.286+00:00,2026-09-21T08:00:06.546+00:00,2026-09-21T08:00:12.649+00:00,True,99,99.0,,99.0,100260.21819099999,106363.398735,106363.39894799999,1074.3777671515152,43.089743999999996,100260.21819099999,10070.276348754665,76.57482089999999,62.277352489795916,9.455244763737461,0.9307713102197346,8,64,,False,True,,495,59.56268577710819
90,2026-09-21T07:58:26.501+00:00,2026-09-21T08:00:07.795+00:00,2026-09-21T08:00:11.839+00:00,True,65,65.0,,65.0,101294.725538,105338.876322,105338.87622399999,1620.598095753846,41.695572999999996,101294.725538,12556.229972184577,76.43965779999999,63.189856,9.191452385605379,0.6170561360585235,8,64,,True,True,,260,59.56268577710819
91,2026-09-21T07:58:26.810+00:00,2026-09-21T08:00:09.410+00:00,2026-09-21T08:00:14.797+00:00,True,86,86.0,,86.0,102600.75376800001,107987.40004000001,107987.40006200002,1255.6674425813956,44.967244,102600.75376800001,11056.893826414056,76.65819200000001,63.37230908235294,9.00859143076469,0.7963892080756128,8,64,,True,True,,172,59.56268577710819
92,2026-09-21T07:58:27.051+00:00,2026-09-21T08:00:10.842+00:00,2026-09-21T08:00:13.411+00:00,True,41,41.0,,41.0,103790.953429,106359.285461,106359.285405,2594.128912317073,47.934832,103790.953429,16199.398349130503,77.258996,64.2083008,8.843893750313642,0.385485854124452,8,64,,True,True,,82,59.56268577710819
93,2026-09-21T07:58:27.261+00:00,2026-09-21T08:00:11.634+00:00,2026-09-21T08:00:16.843+00:00,True,84,84.0,,84.0,104372.455806,109581.58707,109581.587055,1304.5427030357143,43.787834000000004,104372.455806,11381.124470772882,77.22603585,62.760617638554216,9.186875827136099,0.766552139332873,8,64,,True,True,,918,59.56268577710819
94,2026-09-21T07:58:27.567+00:00,2026-09-21T08:00:13.528+00:00,2026-09-21T08:00:17.379+00:00,True,62,62.0,,62.0,105961.23247300001,109812.00418500001,109812.00439500001,1771.1613612096776,43.864074,105961.23247300001,13449.076389172858,77.56919300000001,63.1274051147541,9.917799227824423,0.5646012970999852,8,64,,True,True,,128,59.56268577710819
95,2026-09-21T07:58:27.819+00:00,2026-09-21T08:00:14.980+00:00,2026-09-21T08:00:17.515+00:00,True,41,41.0,,41.0,107160.983543,109695.40607099999,109695.40604799999,2675.4977084878046,39.743544,107160.983543,16725.840974581584,76.395606,63.3605632,8.891754217460981,0.3737622337025024,8,64,,True,True,,165,59.56268577710819
96,2026-09-21T07:58:28.064+00:00,2026-09-21T08:00:16.210+00:00,2026-09-21T08:00:18.806+00:00,True,41,41.0,,41.0,108146.519706,110742.365338,110742.36548000001,2701.033304390244,46.421923,108146.519706,16879.516917224675,79.936606,64.8961408,10.484170559174997,0.3702286823553272,8,64,,True,True,,205,59.56268577710819
97,2026-09-21T07:58:28.413+00:00,2026-09-21T08:00:17.836+00:00,2026-09-21T08:00:22.735+00:00,True,79,79.0,,79.0,109422.901511,114321.103879,114321.103705,1447.102578544304,46.610464,109422.901511,12303.976632655429,77.48913000000002,62.79746625641025,9.528085210745703,0.6910360145193782,8,64,,True,True,,392,59.56268577710819
98,2026-09-21T07:58:28.724+00:00,2026-09-21T08:00:19.481+00:00,2026-09-21T08:00:21.277+00:00,True,29,29.0,,29.0,110756.457641,112552.977833,112552.977674,3881.137161172414,50.548924,110756.457641,20555.045557852525,78.4446354,64.16143542857142,9.63901736427303,0.2576564437329115,8,64,,True,True,,162,59.56268577710819
99,2026-09-21T07:58:29.047+00:00,2026-09-21T08:00:21.100+00:00,2026-09-21T08:00:21.532+00:00,True,8,8.0,,8.0,112052.38729799999,112484.94460999999,112484.94453099999,14060.618066374998,52.067394,112052.38729799999,39594.6549222496,72859.69225929999,61.79390171428572,9.16139719366367,0.07112062887826497,8,64,,True,True,,42,59.56268577710819
100,2026-09-21T07:58:29.311+00:00,2026-09-21T08:00:22.206+00:00,2026-09-21T08:00:23.364+00:00,True,20,20.0,,20.0,112895.421853,114053.746589,114053.74643900001,5702.68732195,44.756703,112895.421853,25230.55361529273,5718.773476350001,60.964459789473686,10.112748524690822,0.17535592295859675,8,64,,True,True,,60,59.56268577710819
101,2026-09-21T07:58:29.574+00:00,2026-09-21T08:00:23.552+00:00,2026-09-21T08:00:27.940+00:00,True,70,70.0,,70.0,113977.81258499999,118365.320809,118365.32073099999,1690.9331533,47.227734,113977.81258499999,13615.357258292981,78.35766600000001,63.58707571014493,9.291262694944683,0.5913894333371121,8,64,,True,True,,211,59.56268577710819
102,2026-09-21T07:58:29.870+00:00,2026-09-21T08:00:25.385+00:00,2026-09-21T08:00:30.786+00:00,True,87,87.0,,87.0,115515.838911,120916.82143899999,120916.821563,1389.8485237126436,45.796824,115515.838911,12377.868038854365,76.4553823,62.80212241860465,9.01734101329718,0.7195028695315951,8,64,,True,True,,345,59.56268577710819
103,2026-09-21T07:58:30.168+00:00,2026-09-21T08:00:26.902+00:00,2026-09-21T08:00:30.101+00:00,True,52,52.0,,52.0,116734.023433,119933.210633,119933.210781,2306.407899634615,43.899553999999995,116734.023433,16179.400527308595,77.87537504999999,62.72916078431372,10.067933842130987,0.4335746514709916,8,64,,True,True,,105,59.56268577710819
104,2026-09-21T07:58:30.472+00:00,2026-09-21T08:00:28.462+00:00,2026-09-21T08:00:28.612+00:00,True,3,3.0,,3.0,117989.379367,118139.051047,118139.051008,39379.68366933333,72.118235,117989.379367,68077.99351218487,106198.1967709,74.83584,3.843221522271127,0.025393804786924278,8,64,,True,True,,15,59.56268577710819
105,2026-09-21T07:58:30.725+00:00,2026-09-21T08:00:29.721+00:00,2026-09-21T08:00:34.574+00:00,True,76,76.0,,76.0,118995.194745,123849.114489,123849.114435,1629.5936109868421,43.899794,118995.194745,13642.264205976735,78.2303575,64.71892992000001,9.125730425944184,0.6136499264736378,8,64,,True,True,,153,59.56268577710819
106,2026-09-21T07:58:31.013+00:00,2026-09-21T08:00:31.175+00:00,2026-09-21T08:00:32.721+00:00,True,25,25.0,,25.0,120162.31108300001,121708.104363,121708.10436800001,4868.32417472,49.826673,120162.31108300001,24019.58227108455,78.3944066,64.40805333333334,9.136304268070774,0.2054094929080183,8,64,,True,True,,150,59.56268577710819
107,2026-09-21T07:58:31.347+00:00,2026-09-21T08:00:32.921+00:00,2026-09-21T08:00:38.321+00:00,True,88,88.0,,88.0,121573.288258,126973.801794,126973.801688,1442.8841100909092,43.250913,121573.288258,12953.14221817031,78.25454835000001,62.074868229885055,9.367232730033393,0.6930563530165822,8,64,,True,True,,398,59.56268577710819
108,2026-09-21T07:58:31.538+00:00,2026-09-21T08:00:33.715+00:00,2026-09-21T08:00:35.821+00:00,True,35,35.0,,35.0,122177.607748,124283.739204,124283.739273,3550.963979228571,48.710663000000004,122177.607748,20641.316281395397,79.56510899999999,61.94504282352941,8.991750433385619,0.28161367065526416,8,64,,True,True,,71,59.56268577710819
109,2026-09-21T07:58:31.794+00:00,2026-09-21T08:00:34.810+00:00,2026-09-21T08:00:40.627+00:00,True,94,94.0,,94.0,123016.024172,128832.40202800001,128832.40206400001,1370.5574687659575,45.261464,123016.024172,12681.686825485425,76.36283250000001,62.54169737634408,9.354391004925612,0.7296301126138309,8,64,,True,True,,188,59.56268577710819
110,2026-09-21T07:58:32.015+00:00,2026-09-21T08:00:36.191+00:00,2026-09-21T08:00:38.585+00:00,True,40,40.0,,40.0,124175.80025100001,126569.40178700001,126569.40192900001,3164.2350482250004,41.295763,124175.80025100001,19624.216552690174,77.94412005000001,61.37439835897436,10.514095668000373,0.3160321486492829,8,64,,True,True,,165,59.56268577710819
111,2026-09-21T07:58:32.325+00:00,2026-09-21T08:00:38.013+00:00,2026-09-21T08:00:43.489+00:00,True,85,85.0,,85.0,125688.33553499999,131164.117935,131164.117941,1543.1072698941175,47.207274,125688.33553499999,13625.747020322331,78.73110580000001,65.18788571428571,9.900762285652778,0.6480430878368947,8,64,,True,True,,339,59.56268577710819
112,2026-09-21T07:58:32.524+00:00,2026-09-21T08:00:38.801+00:00,2026-09-21T08:00:44.227+00:00,True,84,84.0,,84.0,126277.097802,131702.963786,131702.963835,1567.8924266071429,40.216843,126277.097802,13770.831800113445,77.969248,65.37187932530121,9.910550678181128,0.6377988587750307,8,64,,True,True,,84,59.56268577710819
113,2026-09-21T07:58:32.801+00:00,2026-09-21T08:00:40.301+00:00,2026-09-21T08:00:43.433+00:00,True,49,49.0,,49.0,127500.521294,130632.41070200001,130632.410587,2665.967563,44.069683,127500.521294,18205.042131600414,82.012858,65.247696,10.642307577937538,0.3750983369033838,8,64,,True,True,,99,59.56268577710819
115,2026-09-21T07:58:33.398+00:00,2026-09-21T08:00:41.086+00:00,2026-09-21T08:00:42.021+00:00,True,15,15.0,,15.0,127688.03878100001,128622.99353300002,128622.99349000001,8574.866232666667,50.721613,127688.03878100001,32951.66762492075,38361.3121912,66.78248228571428,8.166457852254347,0.11661989499685793,8,64,,True,True,,31,59.56268577710819
114,2026-09-21T07:58:33.368+00:00,2026-09-21T08:00:41.155+00:00,2026-09-21T08:00:42.452+00:00,True,21,21.0,,21.0,127786.762979,129084.222947,129084.22294600001,6146.867759333333,42.127973,127786.762979,27871.20357715523,80.798208,64.8729984,11.383981868002753,0.1626844824299115,8,64,,True,True,,124,59.56268577710819
116,2026-09-21T07:58:33.601+00:00,2026-09-21T08:00:44.350+00:00,2026-09-21T08:00:49.651+00:00,True,84,84.0,,84.0,130749.45450200001,136049.76375,136049.763736,1619.6400444761905,44.836223,130749.45450200001,14258.970224697263,78.05683135,63.85914756626506,8.947506389099326,0.6174211383002125,8,64,,True,True,,252,59.56268577710819
117,2026-09-21T07:58:33.824+00:00,2026-09-21T08:00:46.015+00:00,2026-09-21T08:00:48.597+00:00,True,41,41.0,,41.0,132191.046913,134773.012993,134773.013055,3287.146659878049,49.428124000000004,132191.046913,20634.69427320989,80.282136,64.549152,9.36712420978959,0.3042152066610658,8,64,,True,True,,369,59.56268577710819
118,2026-09-21T07:58:34.021+00:00,2026-09-21T08:00:47.133+00:00,2026-09-21T08:00:49.583+00:00,True,40,40.0,,40.0,133111.56580500002,135561.64836500003,135561.64846700002,3389.0412116750003,46.673973,133111.56580500002,21036.855016123096,77.508855,62.822629743589744,8.32163774728806,0.2950687047733435,8,64,,True,True,,40,59.56268577710819
119,2026-09-21T07:58:34.231+00:00,2026-09-21T08:00:48.093+00:00,2026-09-21T08:00:54.028+00:00,True,95,95.0,,95.0,133861.787145,139796.901385,139796.90143600001,1471.5463309052632,42.701693,133861.787145,13727.454799775192,77.96997999999999,63.139513191489364,9.421890372460481,0.6795572652813702,8,64,,True,True,,199,59.56268577710819
120,2026-09-21T07:58:34.563+00:00,2026-09-21T08:00:49.918+00:00,2026-09-21T08:00:53.176+00:00,True,53,53.0,,53.0,135355.93606600002,138613.601602,138613.601698,2615.3509754339625,43.734123,135355.93606600002,18583.96515181181,78.08723400000001,62.64741415384615,10.160940681880906,0.38235785945580164,8,64,,True,True,,257,59.56268577710819
121,2026-09-21T07:58:34.913+00:00,2026-09-21T08:00:51.727+00:00,2026-09-21T08:00:57.216+00:00,True,89,89.0,,89.0,136814.344844,142302.782348,142302.782323,1598.9076665505618,41.730024,136814.344844,14495.683271343354,77.48441999999999,62.368608,9.031615123206402,0.6254269841495538,8,64,,True,True,,356,59.56268577710819
122,2026-09-21T07:58:35.164+00:00,2026-09-21T08:00:53.038+00:00,2026-09-21T08:00:57.291+00:00,True,68,68.0,,68.0,137874.488956,142126.672508,142126.672432,2090.0981239999996,44.628123,137874.488956,16712.043471063218,76.66062984999999,63.46542614925373,8.454409459530364,0.4784464365488641,8,64,,True,True,,272,59.56268577710819
123,2026-09-21T07:58:35.405+00:00,2026-09-21T08:00:54.295+00:00,2026-09-21T08:01:00.302+00:00,True,96,96.0,,96.0,138889.558894,144896.782958,144896.78287099997,1509.3414882395832,44.035343,138889.558894,14168.905671147735,77.0337935,63.23393751578947,9.591617414152674,0.6625405895162401,8,64,,True,True,,144,59.56268577710819
124,2026-09-21T07:58:35.619+00:00,2026-09-21T08:00:55.613+00:00,2026-09-21T08:00:56.230+00:00,True,11,11.0,,11.0,139993.661049,140610.950265,140610.950266,12782.813660545453,46.171193,139993.661049,42191.06568420957,70033.41452199999,61.7289216,7.979715861094626,0.07823003812483338,8,64,,True,True,,44,59.56268577710819
125,2026-09-21T07:58:35.891+00:00,2026-09-21T08:00:56.982+00:00,2026-09-21T08:01:01.727+00:00,True,75,75.0,,75.0,141091.32030300001,145836.501231,145836.50127600002,1944.4866836800002,41.717973,141091.32030300001,16284.421391350985,77.99830600000001,64.1240665945946,10.671544725028644,0.5142745428402906,8,64,,True,True,,231,59.56268577710819
126,2026-09-21T07:58:36.160+00:00,2026-09-21T08:00:58.421+00:00,2026-09-21T08:00:59.054+00:00,True,11,11.0,,11.0,142260.575003,142893.671451,142893.671599,12990.333781727273,43.698733,142260.575003,42874.09028379484,71169.10643900001,63.309644799999994,12.403785904759784,0.07698031612108193,8,64,,True,True,,43,59.56268577710819
127,2026-09-21T07:58:36.461+00:00,2026-09-21T08:00:59.791+00:00,2026-09-21T08:01:01.071+00:00,True,21,21.0,,21.0,143330.397793,144610.39267300002,144610.39273800002,6886.209178000001,44.213833,143330.397793,31263.292866884956,79.272035,63.999744,10.71267797752421,0.1452177786937223,8,64,,True,True,,63,59.56268577710819
128,2026-09-21T07:58:36.754+00:00,2026-09-21T08:01:01.277+00:00,2026-09-21T08:01:02.313+00:00,True,17,17.0,,17.0,144523.144153,145558.774745,145558.77468,8562.280863529411,51.119084,144523.144153,35036.31349997898,28965.1814834,64.726912,8.565932889301246,0.1167913101067372,8,64,,True,True,,53,59.56268577710819
129,2026-09-21T07:58:37.027+00:00,2026-09-21T08:01:02.579+00:00,2026-09-21T08:01:07.649+00:00,True,82,82.0,,82.0,145552.015431,150621.962567,150621.962638,1836.853202902439,44.637584000000004,145552.015431,16066.621564279458,75.18702305,62.59193995061728,9.019638570677929,0.5444093185515664,8,64,,True,True,,839,59.56268577710819
130,2026-09-21T07:58:37.275+00:00,2026-09-21T08:01:03.977+00:00,2026-09-21T08:01:10.177+00:00,True,100,100.0,,100.0,146701.15295,152901.751222,152901.751241,1529.0175124099999,43.750593,146701.15295,14663.854882915646,77.260629,62.63230577777777,9.138038002907745,0.6540147460757904,8,64,,True,True,,102,59.56268577710819
131,2026-09-21T07:58:37.498+00:00,2026-09-21T08:01:05.077+00:00,2026-09-21T08:01:05.330+00:00,True,5,5.0,,5.0,147579.444668,147831.576508,147831.57653700002,29566.315307400004,47.306773,147579.444668,65971.34571143443,118078.29785360002,63.03296,12.152603724178945,0.0338222734148372,8,64,,True,True,,48,59.56268577710819
132,2026-09-21T07:58:37.760+00:00,2026-09-21T08:01:06.761+00:00,2026-09-21T08:01:12.986+00:00,True,99,99.0,,99.0,149001.468906,155226.497514,155226.497648,1567.9444206868686,44.054693,149001.468906,14968.830117434118,78.5215941,63.520700081632654,9.699017924519186,0.6377777092539959,8,64,,True,True,,297,59.56268577710819
133,2026-09-21T07:58:38.109+00:00,2026-09-21T08:01:08.886+00:00,2026-09-21T08:01:12.606+00:00,True,60,60.0,,60.0,150777.408318,154497.36275,154497.362974,2574.9560495666665,41.371143,150777.408318,19457.14275479054,78.429377,63.05007511864407,10.47457721535124,0.3883561436390926,8,64,,True,True,,591,59.56268577710819
134,2026-09-21T07:58:38.457+00:00,2026-09-21T08:01:10.765+00:00,2026-09-21T08:01:15.269+00:00,True,71,71.0,,71.0,152307.66925099998,156811.976707,156811.97680499998,2208.619391619718,47.878744,152307.66925099998,18067.960760347218,78.1062405,64.34724937142857,9.663162596651159,0.45277153882615784,8,64,,True,True,,220,59.56268577710819
135,2026-09-21T07:58:38.684+00:00,2026-09-21T08:01:12.218+00:00,2026-09-21T08:01:14.237+00:00,True,32,32.0,,32.0,153533.264625,155553.154801,155553.15462500002,4861.036082031251,51.049705,153533.264625,27129.586759019032,90.192438,65.15774761290322,10.56502694073442,0.2057174606386979,8,64,,True,True,,32,59.56268577710819
136,2026-09-21T07:58:38.899+00:00,2026-09-21T08:01:13.098+00:00,2026-09-21T08:01:16.460+00:00,True,53,53.0,,53.0,154199.488858,157561.256794,157561.256898,2972.853903735849,45.182444000000004,154199.488858,21172.05174266728,78.47322600000001,64.64938338461539,11.879326947565467,0.3363771086777614,8,64,,True,True,,106,59.56268577710819
137,2026-09-21T07:58:39.156+00:00,2026-09-21T08:01:14.646+00:00,2026-09-21T08:01:19.253+00:00,True,74,74.0,,74.0,155489.950256,160096.9836,160096.98365900002,2163.472752148649,42.390283000000004,155489.950256,18068.006391825398,78.6181025,63.110045808219176,10.86169025783137,0.4622198266076513,8,64,,True,True,,373,59.56268577710819
138,2026-09-21T07:58:39.429+00:00,2026-09-21T08:01:16.091+00:00,2026-09-21T08:01:16.464+00:00,True,7,7.0,,7.0,156662.40945500002,157034.93476700003,157034.934653,22433.562093285716,45.798093,156662.40945500002,59189.35966499105,109687.83353300001,62.087552,14.678125787896928,0.04457606844226237,8,64,,True,True,,36,59.56268577710819
139,2026-09-21T07:58:39.746+00:00,2026-09-21T08:01:17.664+00:00,2026-09-21T08:01:19.776+00:00,True,34,34.0,,34.0,157917.977789,160030.507965,160030.50803599998,4706.779648117647,43.977644,157917.977789,27071.73330980085,85.24570635,64.01606593939394,11.122249902443844,0.21245948933334688,8,64,,True,True,,75,59.56268577710819
140,2026-09-21T07:58:39.942+00:00,2026-09-21T08:01:18.636+00:00,2026-09-21T08:01:20.092+00:00,True,24,24.0,,24.0,158693.336632,160149.43416799998,160149.434201,6672.893091708333,47.539324,158693.336632,32380.221299159886,104.76553955,63.30858852173913,12.792085848617457,0.1498600361885982,8,64,,True,True,,132,59.56268577710819
141,2026-09-21T07:58:40.186+00:00,2026-09-21T08:01:19.965+00:00,2026-09-21T08:01:20.489+00:00,True,10,10.0,,10.0,159779.316995,160302.333187,160302.333203,16030.2333203,44.656892,159779.316995,50508.280400546624,87912.08598095,58.112910222222226,9.815943908392123,0.06238212383555604,8,64,,True,True,,13,59.56268577710819
142,2026-09-21T07:58:40.506+00:00,2026-09-21T08:01:21.628+00:00,2026-09-21T08:01:22.272+00:00,True,11,11.0,,11.0,161122.515945,161765.732329,161765.732226,14705.97565690909,48.576493,161122.515945,48560.87358839076,80599.4767455,64.3216384,9.659490735761674,0.06799956852189278,8,64,,True,True,,34,59.56268577710819
143,2026-09-21T07:58:40.755+00:00,2026-09-21T08:01:23.099+00:00,2026-09-21T08:01:28.953+00:00,True,94,94.0,,94.0,162343.96061399998,168197.80279,168197.802741,1789.3383270319148,43.981512,162343.96061399998,16738.011435433364,77.54373385,62.94453952688172,9.47152962129536,0.5588658022920895,8,64,,True,True,,376,59.56268577710819
144,2026-09-21T07:58:41.089+00:00,2026-09-21T08:01:24.755+00:00,2026-09-21T08:01:30.220+00:00,True,88,88.0,,88.0,163666.33505899998,169131.47630699998,169131.47611499997,1921.9485922159088,42.554722999999996,163666.33505899998,17440.196007836985,76.53888665000001,62.81771549425287,9.316149769632474,0.5203052791915934,8,64,,True,True,,176,59.56268577710819
145,2026-09-21T07:58:41.341+00:00,2026-09-21T08:01:25.921+00:00,2026-09-21T08:01:29.097+00:00,True,52,52.0,,52.0,164580.146475,167755.267115,167755.267087,3226.0628285961534,44.396122000000005,164580.146475,22814.528738740148,79.87901395,62.25726745098039,10.529474263594908,0.30997536407815346,8,64,,True,True,,376,59.56268577710819
146,2026-09-21T07:58:41.638+00:00,2026-09-21T08:01:27.379+00:00,2026-09-21T08:01:29.628+00:00,True,37,37.0,,37.0,165740.895355,167990.520699,167990.520796,4540.2843458378375,41.999882,165740.895355,27237.363925178182,76.513072,62.489592888888886,10.042594337279853,0.22025052274405063,8,64,,True,True,,74,59.56268577710819
147,2026-09-21T07:58:41.879+00:00,2026-09-21T08:01:28.318+00:00,2026-09-21T08:01:28.949+00:00,True,11,11.0,,11.0,166438.871192,167070.35765599998,167070.357644,15188.214331272726,45.533462,166438.871192,50164.16886971707,83256.20906299999,63.1486464,10.867970328795254,0.06584052464081715,8,64,,True,True,,132,59.56268577710819
148,2026-09-21T07:58:42.184+00:00,2026-09-21T08:01:29.828+00:00,2026-09-21T08:01:30.991+00:00,True,19,19.0,,19.0,167644.77039,168807.936086,168807.935903,8884.628205421051,51.749843,167644.77039,38445.5238567804,16838.330953499997,64.62031644444444,7.778556798612348,0.11255395001287356,8,64,,True,True,,59,59.56268577710819
149,2026-09-21T07:58:42.424+00:00,2026-09-21T08:01:31.109+00:00,2026-09-21T08:01:35.325+00:00,True,68,68.0,,68.0,168684.694224,172900.68296,172900.683071,2542.6571039852943,43.476241,168684.694224,20448.395327146838,78.301715,62.925205014925375,9.676735974868445,0.3932893661023396,8,64,,True,True,,68,59.56268577710819
150,2026-09-21T07:58:42.673+00:00,2026-09-21T08:01:32.547+00:00,2026-09-21T08:01:36.253+00:00,True,59,59.0,,59.0,169874.871375,173580.654927,173580.654846,2942.0449973898303,42.554432999999996,169874.871375,22107.508089762516,76.26523900000001,63.89281986206897,8.793984186866533,0.339899627782904,8,64,,True,True,,438,59.56268577710819
151,2026-09-21T07:58:43.484+00:00,2026-09-21T08:01:34.831+00:00,2026-09-21T08:01:36.207+00:00,True,22,22.0,,22.0,171347.553765,172722.816229,172722.816309,7851.037104954545,44.946483,171347.553765,36517.460064419,76.193153,65.48868876190475,9.151541100302582,0.1273717073419639,8,64,,True,True,,224,59.56268577710819
152,2026-09-21T07:58:43.666+00:00,2026-09-21T08:01:37.129+00:00,2026-09-21T08:01:37.403+00:00,True,5,5.0,,5.0,173463.20294,173736.516476,173736.516625,34747.303325,58.167102,173463.20294,77544.54566417582,138786.03894119998,68.328384,8.973207490585441,0.028779211770892744,8,64,,True,True,,10,59.56268577710819
154,2026-09-21T07:58:43.716+00:00,2026-09-21T08:01:37.548+00:00,2026-09-21T08:01:41.517+00:00,True,63,63.0,,63.0,173831.755428,177801.120676,177801.120822,2822.240013047619,44.038332000000004,173831.755428,21892.678482550426,77.444947,64.02202012903226,9.167185223758624,0.354328475323856,8,64,,True,True,,756,59.56268577710819
153,2026-09-21T07:58:43.702+00:00,2026-09-21T08:01:37.872+00:00,2026-09-21T08:01:40.707+00:00,True,46,46.0,,46.0,174170.144416,177004.664992,177004.66489,3847.9274976086954,40.689542,174170.144416,25670.700965659347,75.85748,62.989346133333335,8.699313575685157,0.2598801562776836,8,64,,True,True,,92,59.56268577710819
155,2026-09-21T07:58:43.933+00:00,2026-09-21T08:01:39.007+00:00,2026-09-21T08:01:39.399+00:00,True,7,7.0,,7.0,175073.882004,175465.74402,175465.743885,25066.53484071429,54.340322,175073.882004,66147.02291928533,122574.041301,65.310336,7.434759021441488,0.03989382679277912,8,64,,True,True,,21,59.56268577710819
156,2026-09-21T07:58:44.247+00:00,2026-09-21T08:01:40.463+00:00,2026-09-21T08:01:43.613+00:00,True,52,52.0,,52.0,176216.01504,179366.392,179366.392151,3449.3536952115383,44.986254,176216.01504,24428.200234034364,77.64154295,61.77209725490196,9.865021972312332,0.28990938280121065,8,64,,True,True,,406,59.56268577710819
157,2026-09-21T07:58:44.516+00:00,2026-09-21T08:01:41.639+00:00,2026-09-21T08:01:43.805+00:00,True,37,37.0,,37.0,177123.59247600002,179288.81257200002,179288.81280500002,4845.643589324325,47.780463000000005,177123.59247600002,29109.05248268953,75.55154220000001,60.14500266666666,7.854833104396416,0.2063709356385039,8,64,,True,True,,46,59.56268577710819
158,2026-09-21T07:58:44.715+00:00,2026-09-21T08:01:42.954+00:00,2026-09-21T08:01:46.535+00:00,True,58,58.0,,58.0,178238.53628600002,181819.634782,181819.63497,3134.821292586207,42.119351,178238.53628600002,23395.618650819673,76.359901,62.826289403508774,9.127751464199415,0.31899745079535247,8,64,,True,True,,232,59.56268577710819
159,2026-09-21T07:58:44.984+00:00,2026-09-21T08:01:44.168+00:00,2026-09-21T08:01:48.522+00:00,True,70,70.0,,70.0,179183.759124,183538.154004,183538.154099,2621.9736299857145,45.317851000000005,179183.759124,21409.01456526063,76.77634555,63.10717217391305,8.823418441028222,0.38139208918094725,8,64,,True,True,,490,59.56268577710819
160,2026-09-21T07:58:45.183+00:00,2026-09-21T08:01:45.001+00:00,2026-09-21T08:01:47.047+00:00,True,34,34.0,,34.0,179817.984189,181864.105661,181864.10565,5348.94428382353,42.650373,179817.984189,30827.897866895633,79.67893885,62.003680969696966,9.891469979571642,0.18695277925473097,8,64,,True,True,,136,59.56268577710819
161,2026-09-21T07:58:45.506+00:00,2026-09-21T08:01:46.777+00:00,2026-09-21T08:01:50.786+00:00,True,64,64.0,,64.0,181270.302241,185280.085793,185280.085638,2895.00133809375,47.693152999999995,181270.302241,22650.83360986196,77.579116,63.64735796825397,8.97322569923837,0.3454229834041774,8,64,,True,True,,384,59.56268577710819
162,2026-09-21T07:58:45.751+00:00,2026-09-21T08:01:48.028+00:00,2026-09-21T08:01:48.969+00:00,True,16,16.0,,16.0,182277.275143,183218.072839,183218.073024,11451.129564,49.666443,182277.275143,45553.63945740852,45624.98055625,62.7198464,7.88141333891092,0.08732762959503318,8,64,,True,True,,26,59.56268577710819
163,2026-09-21T07:58:46.061+00:00,2026-09-21T08:01:49.570+00:00,2026-09-21T08:01:53.846+00:00,True,68,68.0,,68.0,183508.819254,187784.646966,187784.646975,2761.5389261029413,42.020902,183508.819254,22245.976001129657,78.56538685,63.818324059701496,9.554030371288865,0.362116930743076,8,64,,True,True,,272,59.56268577710819
164,2026-09-21T07:58:46.266+00:00,2026-09-21T08:01:50.907+00:00,2026-09-21T08:01:56.402+00:00,True,87,87.0,,87.0,184641.011665,190135.871185,190135.871233,2185.469784287356,44.439712,184641.011665,19788.746321001247,78.2657767,63.89371534883721,9.259723922884884,0.4575675250429206,8,64,,True,True,,372,59.56268577710819
165,2026-09-21T07:58:46.594+00:00,2026-09-21T08:01:52.009+00:00,2026-09-21T08:01:52.009+00:00,True,1,1.0,,1.0,185414.75737099999,185414.75737099999,185414.75737099999,185414.75737099999,185414.75737099999,185414.75737099999,nan,185414.75737099999,nan,nan,0.005393313963672701,8,64,,True,True,,6,59.56268577710819
166,2026-09-21T07:58:46.903+00:00,2026-09-21T08:01:53.592+00:00,2026-09-21T08:01:55.007+00:00,True,23,23.0,,23.0,186688.87096399997,188104.32952399997,188104.32949099998,8178.449108304347,42.092631999999995,186688.87096399997,38913.90611721815,77.41658880000001,64.33902545454545,9.854529385877768,0.12227257106841584,8,64,,True,True,,46,59.56268577710819
167,2026-09-21T07:58:47.192+00:00,2026-09-21T08:01:55.141+00:00,2026-09-21T08:01:57.036+00:00,True,31,31.0,,31.0,187948.822768,189843.8684,189843.86847000002,6123.9957570967745,45.75223200000001,187948.822768,33745.26112417005,77.957109,63.16818773333333,9.841287371909102,0.1632920792294601,8,64,,True,True,,64,59.56268577710819
168,2026-09-21T07:58:47.526+00:00,2026-09-21T08:01:56.724+00:00,2026-09-21T08:02:02.008+00:00,True,85,85.0,,85.0,189198.349299,194481.897203,194481.89730399998,2288.022321223529,47.087252,189198.349299,20514.621721111584,76.5004768,62.89937980952381,8.766741468680117,0.4370586734418633,8,64,,True,True,,392,59.56268577710819
169,2026-09-21T07:58:47.829+00:00,2026-09-21T08:01:58.494+00:00,2026-09-21T08:01:59.031+00:00,True,9,9.0,,9.0,190665.11632300002,191201.28809900003,191201.28802300003,21244.587558111114,57.988604,190665.11632300002,63532.698607859624,114430.03247940002,67.021472,6.827747676915175,0.04707081259483978,8,64,,True,True,,25,59.56268577710819
170,2026-09-21T07:58:48.162+00:00,2026-09-21T08:02:00.184+00:00,2026-09-21T08:02:06.330+00:00,True,100,100.0,,100.0,192021.891819,198168.730347,198168.730282,1981.68730282,46.854783000000005,192021.891819,19195.982138482017,76.91702905,62.08927806060606,8.54875941617085,0.5046204808644467,8,64,,True,True,,1200,59.56268577710819
171,2026-09-21T07:58:48.477+00:00,2026-09-21T08:02:02.128+00:00,2026-09-21T08:02:02.863+00:00,True,13,13.0,,13.0,193650.561053,194385.90185300002,194385.90187200002,14952.76168246154,45.378303,193650.561053,53692.00755669348,77505.33458960001,61.2784,10.929885218473547,0.06687727801284149,8,64,,True,True,,65,59.56268577710819
172,2026-09-21T07:58:48.827+00:00,2026-09-21T08:02:04.125+00:00,2026-09-21T08:02:08.233+00:00,True,66,66.0,,66.0,195297.587834,199405.966458,199405.966366,3021.3025206969696,48.535493,195297.587834,24031.69255363362,75.89818650000001,63.20582498461538,8.212109183028621,0.33098307524264214,8,64,,True,True,,297,59.56268577710819
173,2026-09-21T07:58:49.159+00:00,2026-09-21T08:02:05.669+00:00,2026-09-21T08:02:07.564+00:00,True,32,32.0,,32.0,196510.05613299998,198404.91974899996,198404.91965599998,6200.1537392499995,47.811273,196510.05613299998,34727.59363520162,74.21062355,61.12463277419355,7.235815507451724,0.16128632314401717,8,64,,True,True,,121,59.56268577710819
174,2026-09-21T07:58:49.351+00:00,2026-09-21T08:02:07.060+00:00,2026-09-21T08:02:07.356+00:00,True,6,6.0,,6.0,197708.47869800002,198004.84580200003,198004.84577400002,33000.807629,51.798103000000005,197708.47869800002,80689.95035343441,148298.32328175,59.2734208,6.111969819804021,0.030302288692468933,8,64,,True,True,,0,59.56268577710819
175,2026-09-21T07:58:49.637+00:00,2026-09-21T08:02:08.543+00:00,2026-09-21T08:02:09.557+00:00,True,17,17.0,,17.0,198906.593548,199920.158988,199920.158953,11760.009350176471,42.112421999999995,198906.593548,48226.5716866818,39844.4675456,63.34784,9.095539297622675,0.08503394598150758,8,64,,True,True,,85,59.56268577710819
176,2026-09-21T07:58:49.895+00:00,2026-09-21T08:02:09.688+00:00,2026-09-21T08:02:15.938+00:00,True,100,100.0,,100.0,199792.391263,206042.742623,206042.742562,2060.42742562,43.546283,199792.391263,19972.927839968957,76.89084,63.134862222222225,9.42181516079495,0.4853361915443522,8,64,,True,True,,500,59.56268577710819
177,2026-09-21T07:58:50.174+00:00,2026-09-21T08:02:11.543+00:00,2026-09-21T08:02:13.607+00:00,True,33,33.0,,33.0,201369.396575,203432.91631899998,203432.916077,6164.6338205151515,48.249862,201369.396575,35042.68841694751,77.55832999999998,64.484992,9.603810588015651,0.16221563647179502,8,64,,True,True,,429,59.56268577710819
178,2026-09-21T07:58:50.425+00:00,2026-09-21T08:02:12.883+00:00,2026-09-21T08:02:15.939+00:00,True,49,49.0,,49.0,202457.788731,205513.649211,205513.649257,4194.156107285715,40.998392,202457.788731,28913.44838963792,78.014612,63.66376,10.773478510203685,0.23842698617886887,8,64,,True,True,,294,59.56268577710819
179,2026-09-21T07:58:50.678+00:00,2026-09-21T08:02:14.383+00:00,2026-09-21T08:02:20.377+00:00,True,95,95.0,,95.0,203704.764657,209698.391281,209698.39137199998,2207.351488126316,43.902922,203704.764657,20893.128129889104,78.88336629999999,63.76198536170213,9.409217644305404,0.4530316108753458,8,64,,True,True,,190,59.56268577710819
180,2026-09-21T07:58:50.944+00:00,2026-09-21T08:02:15.941+00:00,2026-09-21T08:02:20.232+00:00,True,69,69.0,,69.0,204997.12777300001,209288.717405,209288.71725500003,3033.1698152898553,44.397433,204997.12777300001,24671.158310994062,78.834332,63.11161223529412,9.879221679843887,0.3296881019461566,8,64,,True,True,,257,59.56268577710819
181,2026-09-21T07:58:51.240+00:00,2026-09-21T08:02:17.539+00:00,2026-09-21T08:02:20.820+00:00,True,53,53.0,,53.0,206299.236219,209580.47961100002,209580.47959600002,3954.3486716226416,42.442603000000005,206299.236219,28328.713596568407,78.92045879999999,63.10083446153846,10.007048858342772,0.252886147118151,8,64,,True,True,,169,59.56268577710819
182,2026-09-21T07:58:51.500+00:00,2026-09-21T08:02:18.858+00:00,2026-09-21T08:02:21.073+00:00,True,36,36.0,,36.0,207357.711433,209572.70253699998,209572.702654,5821.463962611111,43.788152000000004,207357.711433,34549.07265745323,81.33200299999999,63.28546011428571,10.874544196784731,0.17177809688093426,8,64,,True,True,,116,59.56268577710819
183,2026-09-21T07:58:51.700+00:00,2026-09-21T08:02:20.057+00:00,2026-09-21T08:02:24.808+00:00,True,77,77.0,,77.0,208357.43602700002,213107.81042700002,213107.81042400002,2767.63390161039,42.440443,208357.43602700002,23737.412464356512,79.31971999999999,62.504926315789476,9.91262758816137,0.3613194647615992,8,64,,True,True,,383,59.56268577710819
184,2026-09-21T07:58:51.931+00:00,2026-09-21T08:02:21.205+00:00,2026-09-21T08:02:24.247+00:00,True,50,50.0,,50.0,209274.226766,212316.288334,212316.288191,4246.32576382,41.653432,209274.226766,29587.06684137172,76.65649055,62.08288914285714,10.17112447273935,0.23549771142072606,8,64,,True,True,,200,59.56268577710819
185,2026-09-21T07:58:52.174+00:00,2026-09-21T08:02:22.528+00:00,2026-09-21T08:02:24.201+00:00,True,28,28.0,,28.0,210353.909022,212027.140638,212027.14054300002,7572.397876535714,44.049212,210353.909022,39741.44194707431,78.37708935,61.971541333333334,10.28837001683016,0.1320585653126606,8,64,,True,True,,112,59.56268577710819
186,2026-09-21T07:58:52.468+00:00,2026-09-21T08:02:23.842+00:00,2026-09-21T08:02:29.416+00:00,True,92,92.0,,92.0,211374.009482,216948.209034,216948.20904299998,2358.1327069891304,44.298432999999996,211374.009482,22030.879642062377,77.4931405,61.25494013186813,9.54276743581348,0.42406434424900835,8,64,,True,True,,506,59.56268577710819
187,2026-09-21T07:58:52.724+00:00,2026-09-21T08:02:25.100+00:00,2026-09-21T08:02:30.121+00:00,True,82,82.0,,82.0,212375.730674,217397.43845,217397.438322,2651.188272219512,43.779421,212375.730674,23446.131403963915,79.43094745,61.9963922962963,9.037837312727815,0.3771893568969511,8,64,,True,True,,164,59.56268577710819
189,2026-09-21T07:58:53.679+00:00,2026-09-21T08:02:26.818+00:00,2026-09-21T08:02:28.096+00:00,True,23,23.0,,23.0,213139.754535,214417.46384699998,214417.46389999997,9322.498430434782,41.952122,213139.754535,44430.601783143735,78.93517689999999,58.077696,8.582583828048676,0.10726738199091802,8,64,,True,True,,50,59.56268577710819
190,2026-09-21T07:58:53.770+00:00,2026-09-21T08:02:26.953+00:00,2026-09-21T08:02:30.118+00:00,True,53,53.0,,53.0,213183.05438100002,216347.80702100002,216347.806982,4082.0340940000006,43.398031,213183.05438100002,29274.585968872107,74.158743,60.860627692307695,8.620519759902086,0.2449759058332193,8,64,,True,True,,212,59.56268577710819
188,2026-09-21T07:58:53.673+00:00,2026-09-21T08:02:27.324+00:00,2026-09-21T08:02:31.954+00:00,True,75,75.0,,75.0,213651.119954,218280.325458,218280.325366,2910.404338213333,46.491741999999995,213651.119954,24663.08469505757,78.4250097,62.556831135135134,9.518449945577858,0.3435948697741473,8,64,,True,True,,232,59.56268577710819
191,2026-09-21T07:58:53.790+00:00,2026-09-21T08:02:28.309+00:00,2026-09-21T08:02:32.407+00:00,True,66,66.0,,66.0,214519.253187,218617.317827,218617.31782999999,3312.383603484848,42.983353,214519.253187,26397.73606684747,78.438751,63.047148307692304,10.135343962838467,0.3018974007001049,8,64,,True,True,,335,59.56268577710819
192,2026-09-21T07:58:54.000+00:00,2026-09-21T08:02:32.080+00:00,2026-09-21T08:02:33.423+00:00,True,22,22.0,,22.0,218080.373947,219423.60441099998,219423.604364,9973.800198363635,42.814512,218080.373947,46481.25598928517,77.99764255000001,63.963355428571425,10.235999757306624,0.10026268622764958,8,64,,True,True,,358,59.56268577710819
193,2026-09-21T07:58:54.277+00:00,2026-09-21T08:02:33.430+00:00,2026-09-21T08:02:35.549+00:00,True,34,34.0,,34.0,219152.972455,221271.945639,221271.94562900002,6507.998400852942,45.148262,219152.972455,37573.41383295145,79.45181214999998,64.21130860606061,9.942779423574281,0.15365707524202007,8,64,,True,True,,168,59.56268577710819
194,2026-09-21T07:58:54.464+00:00,2026-09-21T08:02:34.310+00:00,2026-09-21T08:02:38.359+00:00,True,64,64.0,,64.0,219845.487647,223894.764063,223894.764089,3498.355688890625,43.258472000000005,219845.487647,27472.65340203442,78.28864469999999,64.27422882539683,9.813221295753042,0.2858485783168718,8,64,,True,True,,139,59.56268577710819
195,2026-09-21T07:58:54.748+00:00,2026-09-21T08:02:36.010+00:00,2026-09-21T08:02:38.078+00:00,True,33,33.0,,33.0,221262.17929600002,223330.14192000002,223330.14191900002,6767.580058151516,49.183771,221262.17929600002,38505.553487635196,86.998021,64.623832,11.026071979188798,0.14776330555425457,8,64,,True,True,,297,59.56268577710819
196,2026-09-21T07:58:55.064+00:00,2026-09-21T08:02:37.326+00:00,2026-09-21T08:02:37.402+00:00,True,2,2.0,,2.0,222262.55356,222338.066904,222338.067013,111169.0335065,75.513453,222262.55356,157109.9627514271,211153.20155465,75.513344,nan,0.0089953107349069,8,64,,True,True,,4,59.56268577710819
197,2026-09-21T07:58:55.379+00:00,2026-09-21T08:02:38.929+00:00,2026-09-21T08:02:43.921+00:00,True,79,79.0,,79.0,223550.382255,228542.060975,228542.060938,2892.937480227848,44.090981,223550.382255,25144.184927627186,78.47169500000001,63.995881025641026,10.079745685320448,0.3456694127241713,8,64,,True,True,,289,59.56268577710819
198,2026-09-21T07:58:55.669+00:00,2026-09-21T08:02:40.358+00:00,2026-09-21T08:02:44.243+00:00,True,61,61.0,,61.0,224688.562604,228573.99262,228573.99255,3747.1146319672134,44.049183,224688.562604,28760.133010762696,77.97162300000001,64.75716693333332,10.271963665804419,0.26687200630655894,8,64,,True,True,,184,59.56268577710819
199,2026-09-21T07:58:55.913+00:00,2026-09-21T08:02:41.653+00:00,2026-09-21T08:02:44.662+00:00,True,48,48.0,,48.0,225739.541213,228748.31612499998,228748.31612799998,4765.5899193333335,39.734631,225739.541213,32573.458066624342,80.45882999999999,64.01648748936171,11.034333282334106,0.2098376102308456,8,64,,True,True,,166,59.56268577710819
200,2026-09-21T07:58:56.132+00:00,2026-09-21T08:02:42.755+00:00,2026-09-21T08:02:46.987+00:00,True,68,68.0,,68.0,226622.27621,230854.611826,230854.61177800002,3394.9207614411766,44.465521,226622.27621,27474.32915541373,76.64601499999999,63.16918829850746,10.133018091748095,0.2945576848655423,8,64,,True,True,,362,59.56268577710819
201,2026-09-21T07:58:56.379+00:00,2026-09-21T08:02:44.066+00:00,2026-09-21T08:02:49.771+00:00,True,92,92.0,,92.0,227687.29403999998,233392.247896,233392.24776899998,2536.8722583586955,42.471451,227687.29403999998,23731.507127728353,77.32995399999999,62.691800615384615,9.415095985188211,0.39418618582822584,8,64,,True,True,,195,59.56268577710819
202,2026-09-21T07:58:56.703+00:00,2026-09-21T08:02:45.893+00:00,2026-09-21T08:02:46.867+00:00,True,16,16.0,,16.0,229190.63070100002,230164.074029,230164.07410400003,14385.254631500002,49.815032,229190.63070100002,57281.43431998608,57356.24566000001,64.89622186666666,9.279013309858433,0.06951562735192134,8,64,,True,True,,176,59.56268577710819
203,2026-09-21T07:58:56.899+00:00,2026-09-21T08:02:46.986+00:00,2026-09-21T08:02:51.016+00:00,True,65,65.0,,65.0,230087.02691800002,234116.95997400003,234116.96006900002,3601.7993856769235,42.847822,230087.02691800002,28530.974443410112,76.810689,62.967704,8.713711337460298,0.27763900576540296,8,64,,True,True,,195,59.56268577710819
204,2026-09-21T07:58:57.187+00:00,2026-09-21T08:02:48.294+00:00,2026-09-21T08:02:48.604+00:00,True,6,6.0,,6.0,231106.709394,231416.95221000002,231416.952265,38569.49204416667,50.404472999999996,231106.709394,94323.58827930308,173349.8836935,62.048563200000004,10.62584971255679,0.025927227641280498,8,64,,True,True,,44,59.56268577710819
205,2026-09-21T07:58:57.400+00:00,2026-09-21T08:02:49.402+00:00,2026-09-21T08:02:49.769+00:00,True,7,7.0,,7.0,232001.485311,232368.862463,232368.862413,33195.55177328571,45.800161,232001.485311,87665.17724559501,162424.27682459998,61.229525333333335,12.090529124134587,0.03012451808647386,8,64,,True,True,,16,59.56268577710819
206,2026-09-21T07:58:57.632+00:00,2026-09-21T08:02:50.591+00:00,2026-09-21T08:02:55.729+00:00,True,83,83.0,,83.0,232958.575468,238096.530028,238096.530213,2868.63289413253,46.086892,232958.575468,25563.649687033794,76.99769590000001,62.65798243902439,9.240897213470701,0.3485981084656683,8,64,,True,True,,493,59.56268577710819
207,2026-09-21T07:58:57.922+00:00,2026-09-21T08:02:52.476+00:00,2026-09-21T08:02:55.349+00:00,True,46,46.0,,46.0,234554.33539700002,237427.249573,237427.24962500003,5161.461948369566,46.609541,234554.33539700002,34573.73826187398,77.8324945,63.84253724444444,9.57009854018658,0.19374355758544354,8,64,,True,True,,46,59.56268577710819
208,2026-09-21T07:58:58.169+00:00,2026-09-21T08:02:53.619+00:00,2026-09-21T08:02:54.102+00:00,True,9,9.0,,9.0,235450.254898,235932.42936200002,235932.42925500002,26214.71436166667,47.142951999999994,235450.254898,78463.32848601833,141302.75205200003,60.271808,11.864461697164112,0.03814651518800309,8,64,,True,True,,24,59.56268577710819
209,2026-09-21T07:58:58.384+00:00,2026-09-21T08:02:54.666+00:00,2026-09-21T08:02:58.065+00:00,True,55,55.0,,55.0,236281.513034,239680.25249,239680.252532,4357.822773309091,44.748642,236281.513034,31851.707156349446,77.128238,62.93961955555555,8.880326303803596,0.22947238843673498,8,64,,True,True,,110,59.56268577710819
210,2026-09-21T07:58:58.598+00:00,2026-09-21T08:02:55.726+00:00,2026-09-21T08:02:58.709+00:00,True,48,48.0,,48.0,237128.56892199998,240111.17218599998,240111.17200299999,5002.316083395833,46.100462,237128.56892199998,34217.40208890434,76.61455114999998,63.45964391489362,8.038156499478958,0.19990739940587698,8,64,,True,True,,238,59.56268577710819
211,2026-09-21T07:58:58.799+00:00,2026-09-21T08:02:56.747+00:00,2026-09-21T08:02:59.843+00:00,True,50,50.0,,50.0,237948.255953,241043.57524900002,241043.575171,4820.87150342,47.612592,237948.255953,33642.03259121838,75.83675255000001,63.16978155102041,8.596840992374226,0.20743137396775493,8,64,,True,True,,200,59.56268577710819
212,2026-09-21T07:58:59.104+00:00,2026-09-21T08:02:58.534+00:00,2026-09-21T08:03:04.311+00:00,True,93,93.0,,93.0,239429.979923,245206.860307,245206.860215,2636.6329055376345,45.474501,239429.979923,24821.222882736198,79.14485699999999,62.792178086956525,9.460024834521045,0.379271607179194,8,64,,True,True,,1102,59.56268577710819
213,2026-09-21T07:58:59.428+00:00,2026-09-21T08:03:00.104+00:00,2026-09-21T08:03:06.071+00:00,True,94,94.0,,94.0,240675.81898399998,246643.23607199997,246643.23622299999,2623.864215138298,43.997282,240675.81898399998,24817.198817593617,78.70868300000001,64.16577513978494,9.224827219958367,0.3811172829915334,8,64,,True,True,,329,59.56268577710819
214,2026-09-21T07:58:59.713+00:00,2026-09-21T08:03:01.643+00:00,2026-09-21T08:03:05.789+00:00,True,66,66.0,,66.0,241929.96745,246075.830362,246075.830434,3728.4216732424243,40.527871,241929.96745,29771.671054243274,79.89866475000001,63.78250633846154,10.23481906193888,0.2682100062525766,8,64,,True,True,,264,59.56268577710819
215,2026-09-21T07:59:00.040+00:00,2026-09-21T08:03:03.383+00:00,2026-09-21T08:03:06.919+00:00,True,55,55.0,,55.0,243343.406816,246879.271392,246879.27146,4488.7140265454545,43.394922,243343.406816,32803.59047260462,80.522039,65.47897362962962,9.58511840430763,0.22278095560590774,8,64,,True,True,,58,59.56268577710819
216,2026-09-21T07:59:00.237+00:00,2026-09-21T08:03:04.386+00:00,2026-09-21T08:03:04.989+00:00,True,11,11.0,,11.0,244149.14272099998,244752.410817,244752.41089199999,22250.219171999997,44.961411,244149.14272099998,73595.54799525606,122114.32577699999,60.326809600000004,12.237470192384581,0.04494337752703338,8,64,,True,True,,22,59.56268577710819
217,2026-09-21T07:59:00.480+00:00,2026-09-21T08:03:05.652+00:00,2026-09-21T08:03:08.905+00:00,True,51,51.0,,51.0,245172.00696,248425.303856,248425.303704,4871.084386352941,45.972262,245172.00696,34321.8376764235,75.871888,65.06593792,7.846495817868617,0.20529309699289813,8,64,,True,True,,321,59.56268577710819
218,2026-09-21T07:59:00.814+00:00,2026-09-21T08:03:07.690+00:00,2026-09-21T08:03:10.117+00:00,True,39,39.0,,39.0,246875.670257,249302.621937,249302.62216199999,6392.374927230769,44.425290999999994,246875.670257,39521.51963324628,77.492216,63.867149473684215,10.134848666046556,0.15643638120202158,8,64,,True,True,,79,59.56268577710819
220,2026-09-21T07:59:01.392+00:00,2026-09-21T08:03:09.412+00:00,2026-09-21T08:03:13.636+00:00,True,68,68.0,,68.0,248020.053908,252243.81762,252243.817717,3709.467907602941,45.625531,248020.053908,30069.206080085485,78.6705565,63.04124943283582,9.74836894069892,0.2695804426114442,8,64,,True,True,,261,59.56268577710819
221,2026-09-21T07:59:01.696+00:00,2026-09-21T08:03:10.933+00:00,2026-09-21T08:03:11.998+00:00,True,18,18.0,,18.0,249237.29425900002,250302.252211,250302.252176,13905.680676444445,43.695001,249237.29425900002,58731.02892312299,37450.07019525,62.6445854117647,9.747560723487794,0.07191305647871815,8,64,,True,True,,54,59.56268577710819
222,2026-09-21T07:59:01.959+00:00,2026-09-21T08:03:12.244+00:00,2026-09-21T08:03:14.360+00:00,True,34,34.0,,34.0,250284.551761,252400.36206500002,252400.361952,7423.540057411765,42.955571000000006,250284.551761,42912.45187532325,77.8655765,64.11546375757575,9.758864852122196,0.13470662134487774,8,64,,True,True,,34,59.56268577710819
219,2026-09-21T07:59:01.101+00:00,2026-09-21T08:03:13.895+00:00,2026-09-21T08:03:18.720+00:00,True,78,78.0,,78.0,252794.093625,257619.26508100002,257619.265266,3302.8110931538463,44.764922,252794.093625,28616.200655836663,77.42434399999999,62.664564363636366,8.889842726663733,0.30277238767634645,8,64,,True,True,,312,59.56268577710819
223,2026-09-21T07:59:02.225+00:00,2026-09-21T08:03:14.713+00:00,2026-09-21T08:03:17.539+00:00,True,47,47.0,,47.0,252487.82253600002,255314.66644000003,255314.666426,5432.226945234043,45.876172,252487.82253600002,36820.17140497117,76.24684529999999,61.45312834782609,9.414516883032862,0.18408656523868436,8,64,,True,True,,221,59.56268577710819
224,2026-09-21T07:59:02.476+00:00,2026-09-21T08:03:15.959+00:00,2026-09-21T08:03:21.169+00:00,True,84,84.0,,84.0,253483.609784,258693.25356,258693.253528,3079.681589619048,43.400222,253483.609784,27650.48285457656,78.2529435,62.76679248192771,10.593403521946719,0.32470889303851697,8,64,,True,True,,252,59.56268577710819
225,2026-09-21T07:59:02.777+00:00,2026-09-21T08:03:17.671+00:00,2026-09-21T08:03:18.456+00:00,True,14,14.0,,14.0,254893.174553,255678.84828099998,255678.848251,18262.774875071427,41.448411,254893.174553,68106.9147471696,89263.69271699998,60.43644061538462,10.007564671554395,0.05475619158223644,8,64,,True,True,,28,59.56268577710819
226,2026-09-21T07:59:03.061+00:00,2026-09-21T08:03:19.167+00:00,2026-09-21T08:03:20.487+00:00,True,22,22.0,,22.0,256106.588506,257426.210906,257426.210932,11701.191406,50.085561999999996,256106.588506,54588.71153589869,74.63289555,62.8391619047619,9.319440923881013,0.08546138298261077,8,64,,True,True,,86,59.56268577710819
227,2026-09-21T07:59:03.280+00:00,2026-09-21T08:03:20.736+00:00,2026-09-21T08:03:20.736+00:00,True,1,1.0,,1.0,257455.718988,257455.718988,257455.718988,257455.718988,257455.718988,257455.718988,nan,257455.718988,nan,nan,0.0038841630861057314,8,64,,True,True,,2,59.56268577710819
228,2026-09-21T07:59:03.577+00:00,2026-09-21T08:03:22.110+00:00,2026-09-21T08:03:23.982+00:00,True,30,30.0,,30.0,258532.711346,260404.282034,260404.282132,8680.142737733333,47.180332,258532.711346,47189.6173401892,78.34368155,64.53692027586207,9.011451540716713,0.11520547882573995,8,64,,True,True,,92,59.56268577710819
229,2026-09-21T07:59:03.857+00:00,2026-09-21T08:03:23.232+00:00,2026-09-21T08:03:25.434+00:00,True,36,36.0,,36.0,259375.155367,261577.233063,261577.232914,7266.034247611111,46.914822,259375.155367,43218.70724982398,77.52197975,62.9165056,8.289236450260923,0.13762665648860015,8,64,,True,True,,324,59.56268577710819
230,2026-09-21T07:59:04.109+00:00,2026-09-21T08:03:24.605+00:00,2026-09-21T08:03:30.027+00:00,True,87,87.0,,87.0,260495.342108,265917.230876,265917.230758,3056.5198937701152,41.507051,260495.342108,27921.274948603717,78.001169,63.04521823255814,10.49973055401268,0.32716947191951246,8,64,,True,True,,342,59.56268577710819
231,2026-09-21T07:59:04.401+00:00,2026-09-21T08:03:25.942+00:00,2026-09-21T08:03:29.533+00:00,True,58,58.0,,58.0,261540.132635,265131.673883,265131.673791,4571.235755017241,41.840252,261540.132635,34333.629999316625,78.577414,63.009495578947366,10.853013648586005,0.2187592268798289,8,64,,True,True,,211,59.56268577710819
232,2026-09-21T07:59:04.670+00:00,2026-09-21T08:03:27.616+00:00,2026-09-21T08:03:33.469+00:00,True,93,93.0,,93.0,262945.594905,268798.810649,268798.810556,2890.3097909247313,41.398651,262945.594905,27259.592344377204,77.300795,63.62191026086956,9.400236860282272,0.34598367372034344,8,64,,True,True,,651,59.56268577710819
233,2026-09-21T07:59:05.655+00:00,2026-09-21T08:03:28.338+00:00,2026-09-21T08:03:33.071+00:00,True,76,76.0,,76.0,262682.962688,267415.610368,267415.610315,3518.626451513158,42.651851,262682.962688,30124.565445841374,77.56956975000001,63.10196906666667,9.271899537614672,0.2842018081719827,8,64,,True,True,,154,59.56268577710819
234,2026-09-21T07:59:05.731+00:00,2026-09-21T08:03:31.567+00:00,2026-09-21T08:03:34.760+00:00,True,51,51.0,,51.0,265835.884676,269028.779652,269028.779581,5275.074109431373,47.766131,265835.884676,37215.528702054304,78.215751,63.857899520000004,9.153447445790489,0.18957079635112137,8,64,,True,True,,102,59.56268577710819
235,2026-09-21T07:59:05.772+00:00,2026-09-21T08:03:32.591+00:00,2026-09-21T08:03:34.612+00:00,True,33,33.0,,33.0,266819.276123,268840.03081100003,268840.030676,8146.667596242425,47.703851,266819.276123,46436.28220591005,78.800146,63.148584,8.819546819211766,0.12274957676671175,8,64,,True,True,,36,59.56268577710819
236,2026-09-21T07:59:05.813+00:00,2026-09-21T08:03:32.771+00:00,2026-09-21T08:03:38.044+00:00,True,84,84.0,,84.0,266958.379493,272231.69302899996,272231.693043,3240.8534886071425,43.578271,266958.379493,29120.61637750501,78.44236885000001,63.53389802409639,8.812064437734515,0.30856069352311505,8,64,,True,True,,179,59.56268577710819
237,2026-09-21T07:59:06.078+00:00,2026-09-21T08:03:35.131+00:00,2026-09-21T08:03:39.349+00:00,True,67,67.0,,67.0,269052.769874,273271.001682,273271.001833,4078.6716691492534,45.737161,269052.769874,32862.22058489815,78.48068799999999,63.91260315151515,9.5070436400417,0.24517786222325394,8,64,,True,True,,134,59.56268577710819
238,2026-09-21T07:59:06.304+00:00,2026-09-21T08:03:36.459+00:00,2026-09-21T08:03:39.279+00:00,True,45,45.0,,45.0,270154.748869,272974.708677,272974.708748,6066.104638844445,45.047981,270154.748869,40262.7394087572,78.469136,64.08999563636364,9.890144268878469,0.16485043694376347,8,64,,True,True,,214,59.56268577710819
239,2026-09-21T07:59:06.548+00:00,2026-09-21T08:03:37.621+00:00,2026-09-21T08:03:41.336+00:00,True,59,59.0,,59.0,271072.864747,274787.634155,274787.634125,4657.417527542372,46.827671,271072.864747,35282.34417256482,77.6152509,64.0477484137931,10.101965544918826,0.21471126305021337,8,64,,True,True,,118,59.56268577710819
240,2026-09-21T07:59:06.740+00:00,2026-09-21T08:03:38.638+00:00,2026-09-21T08:03:40.712+00:00,True,33,33.0,,33.0,271897.55016900005,273971.56616900006,273971.56624200003,8302.168674000002,47.039331,271897.55016900005,47320.00727626318,90.359796,64.813,12.417129229901587,0.1204504557222696,8,64,,True,True,,194,59.56268577710819
241,2026-09-21T07:59:07.038+00:00,2026-09-21T08:03:40.110+00:00,2026-09-21T08:03:41.538+00:00,True,23,23.0,,23.0,273072.24885900004,274499.78063500003,274499.78067800007,11934.773072956523,45.789461,273072.24885900004,56925.97113849889,100.125864,64.887808,12.043529198241329,0.08378877369881363,8,64,,True,True,,268,59.56268577710819
242,2026-09-21T07:59:07.266+00:00,2026-09-21T08:03:41.408+00:00,2026-09-21T08:03:45.836+00:00,True,70,70.0,,70.0,274142.433723,278570.225851,278570.225905,3979.574655785714,45.584659,274142.433723,32758.619440619128,78.71794700000001,64.1709004057971,9.468259734244729,0.251283136186425,8,64,,True,True,,609,59.56268577710819
243,2026-09-21T07:59:07.513+00:00,2026-09-21T08:03:42.712+00:00,2026-09-21T08:03:46.360+00:00,True,58,58.0,,58.0,275198.205654,278847.134166,278847.13409999997,4807.709208620689,46.689201000000004,275198.205654,36126.890089723274,78.84766615000001,64.01628968421052,9.101587400440648,0.20799926875157385,8,64,,True,True,,118,59.56268577710819
244,2026-09-21T07:59:07.820+00:00,2026-09-21T08:03:44.486+00:00,2026-09-21T08:03:44.552+00:00,True,2,2.0,,2.0,276665.829639,276732.434183,276732.434381,138366.2171905,66.604742,276665.829639,195585.18759561164,262835.86839415005,66.604544,nan,0.007227197657204948,8,64,,True,True,,8,59.56268577710819
245,2026-09-21T07:59:08.065+00:00,2026-09-21T08:03:45.639+00:00,2026-09-21T08:03:50.845+00:00,True,83,83.0,,83.0,277573.989568,282779.180736,282779.180627,3406.9780798433735,42.91593099999999,277573.989568,30460.737383927135,78.41733909999999,63.477941073170726,9.40981155579751,0.2935152431801124,8,64,,True,True,,913,59.56268577710819
246,2026-09-21T07:59:08.257+00:00,2026-09-21T08:03:46.434+00:00,2026-09-21T08:03:51.173+00:00,True,76,76.0,,76.0,278177.22985500004,282916.73807900003,282916.73803400004,3722.5886583421056,41.276061,278177.22985500004,31901.869359085656,78.11929125,63.19344298666667,9.774425575759345,0.2686302709271948,8,64,,True,True,,304,59.56268577710819
247,2026-09-21T07:59:08.469+00:00,2026-09-21T08:03:47.560+00:00,2026-09-21T08:03:52.613+00:00,True,80,80.0,,80.0,279091.548986,284144.436026,284144.43605200003,3551.8054506500002,44.594181,279091.548986,31196.234150859294,78.50727950000001,63.960595443037974,9.368579219879745,0.28154695238403254,8,64,,True,True,,80,59.56268577710819
248,2026-09-21T07:59:08.670+00:00,2026-09-21T08:03:48.744+00:00,2026-09-21T08:03:49.637+00:00,True,15,15.0,,15.0,280074.01268,280967.09274399997,280967.092918,18731.139527866664,47.718411,280074.01268,72298.32893374695,84075.61504440001,63.791433142857144,10.389360980587956,0.05338703494955932,8,64,,True,True,,135,59.56268577710819
249,2026-09-21T07:59:08.969+00:00,2026-09-21T08:03:50.271+00:00,2026-09-21T08:03:55.063+00:00,True,76,76.0,,76.0,281301.584201,286093.554761,286093.55488199997,3764.3888800263157,44.772220999999995,281301.584201,32260.17708844573,77.94353425000001,63.8929408,9.6442655491628,0.26564736861510124,8,64,,True,True,,677,59.56268577710819
250,2026-09-21T07:59:09.283+00:00,2026-09-21T08:03:51.990+00:00,2026-09-21T08:03:57.002+00:00,True,80,80.0,,80.0,282706.477104,287718.438192,287718.438319,3596.4804789874997,43.668961,282706.477104,31600.453271704966,76.88991405,63.44254541772152,9.261098474482427,0.27804961163668795,8,64,,True,True,,560,59.56268577710819
251,2026-09-21T07:59:09.606+00:00,2026-09-21T08:03:53.415+00:00,2026-09-21T08:03:53.540+00:00,True,3,3.0,,3.0,283808.89721100003,283934.532283,283934.53243400005,94644.84414466668,54.611091,283808.89721100003,163820.87564382298,255435.10990310003,62.817536,11.605873707262543,0.010565815914951388,8,64,,True,True,,30,59.56268577710819
254,2026-09-21T07:59:10.521+00:00,2026-09-21T08:03:56.153+00:00,2026-09-21T08:04:00.338+00:00,True,67,67.0,,67.0,285632.275174,289816.685542,289816.685481,4325.622171358209,47.294011,285632.275174,34887.79190966839,77.68922129999999,63.40015709090909,8.920954259915666,0.23118061637721135,8,64,,True,True,,134,59.56268577710819
255,2026-09-21T07:59:10.724+00:00,2026-09-21T08:03:57.210+00:00,2026-09-21T08:04:01.952+00:00,True,75,75.0,,75.0,286486.054395,291227.577339,291227.577244,3883.034363253333,47.660741,286486.054395,33073.162592375644,77.602067,64.07463437837838,8.85313802802791,0.25753055629308463,8,64,,True,True,,532,59.56268577710819
252,2026-09-21T07:59:09.919+00:00,2026-09-21T08:03:58.687+00:00,2026-09-21T08:03:59.230+00:00,True,9,9.0,,9.0,288767.473819,289310.202523,289310.20275,32145.578083333334,57.193501,288767.473819,96233.21114184502,173291.61819220003,67.841088,7.280401086857627,0.03110847775679292,8,64,,True,True,,16,59.56268577710819
256,2026-09-21T07:59:11.075+00:00,2026-09-21T08:03:59.660+00:00,2026-09-21T08:04:02.010+00:00,True,37,37.0,,37.0,288585.43524900003,290935.39364900003,290935.39369800006,7863.118748594596,50.999641000000004,288585.43524900003,47432.422557898964,77.2940692,65.27662222222223,8.041332245171656,0.1271760012968335,8,64,,True,True,,110,59.56268577710819
253,2026-09-21T07:59:10.218+00:00,2026-09-21T08:04:01.239+00:00,2026-09-21T08:04:05.120+00:00,True,63,63.0,,63.0,291021.343181,294902.647757,294902.64768199995,4680.994407650794,41.084391000000004,291021.343181,36657.35680919952,74.60064399999999,62.60168670967742,8.676520790483565,0.21362982149930387,8,64,,True,True,,126,59.56268577710819
257,2026-09-21T07:59:11.341+00:00,2026-09-21T08:04:02.324+00:00,2026-09-21T08:04:07.701+00:00,True,87,87.0,,87.0,290983.675528,296360.260232,296360.26016,3406.439771954023,45.261621,290983.675528,31190.023251630093,76.43018699999999,62.518426790697674,9.174904314062164,0.2935616264201338,8,64,,True,True,,775,59.56268577710819
258,2026-09-21T07:59:11.577+00:00,2026-09-21T08:04:03.511+00:00,2026-09-21T08:04:04.298+00:00,True,14,14.0,,14.0,291934.493538,292721.013858,292721.013674,20908.643833857142,41.370621,291934.493538,78006.60625088918,102228.55020459999,60.50156307692308,10.641030535339723,0.04782710955897225,8,64,,True,True,,84,59.56268577710819
259,2026-09-21T07:59:11.879+00:00,2026-09-21T08:04:05.323+00:00,2026-09-21T08:04:07.001+00:00,True,28,28.0,,28.0,293444.440585,295122.25434499996,295122.254341,10540.08051217857,46.136281000000004,293444.440585,55444.04393902163,78.44514785,62.14125037037037,9.95076012789568,0.09487593560893515,8,64,,True,True,,84,59.56268577710819
260,2026-09-21T07:59:12.132+00:00,2026-09-21T08:04:06.621+00:00,2026-09-21T08:04:08.155+00:00,True,25,25.0,,25.0,294489.414671,296023.642895,296023.64294299996,11840.945717719998,45.620932,294489.414671,58885.09835322009,77.972469,63.926176,8.969196134398745,0.08445271382890025,8,64,,True,True,,125,59.56268577710819
261,2026-09-21T07:59:12.401+00:00,2026-09-21T08:04:08.084+00:00,2026-09-21T08:04:09.171+00:00,True,18,18.0,,18.0,295682.868917,296769.62859700003,296769.62867,16487.20159277778,50.628241,295682.868917,69678.05334388807,44420.16204525001,63.92704,8.848265310626259,0.0606531068731538,8,64,,True,True,,22,59.56268577710819
262,2026-09-21T07:59:12.603+00:00,2026-09-21T08:04:09.174+00:00,2026-09-21T08:04:10.159+00:00,True,17,17.0,,17.0,296570.827472,297555.619792,297555.61974299996,17503.271749588235,41.384591,296570.827472,71914.06394312688,59377.82296719999,61.54952,11.653677222799358,0.05713217586642623,8,64,,True,True,,34,59.56268577710819
263,2026-09-21T07:59:12.934+00:00,2026-09-21T08:04:10.964+00:00,2026-09-21T08:04:12.704+00:00,True,30,30.0,,30.0,298029.39662,299769.49262000003,299769.492707,9992.316423566666,45.143271,298029.39662,54401.52025734221,77.91379955000001,60.00331034482758,9.90497063340471,0.10007689487612141,8,64,,True,True,,120,59.56268577710819
264,2026-09-21T07:59:13.219+00:00,2026-09-21T08:04:12.767+00:00,2026-09-21T08:04:13.257+00:00,False,10,9.0,,9.0,299548.410763,300038.16666700004,300038.166723,30003.816672300003,0.03297,299548.410763,94708.31902614747,164788.59297505,54.417322666666664,23.29713020379291,0.029996183818803052,8,64,,True,False,Request timeout: 300.0s exceeded,23,59.56268577710819
265,2026-09-21T07:59:13.461+00:00,2026-09-21T08:04:13.471+00:00,2026-09-21T08:04:13.471+00:00,False,1,0.0,,0.0,300010.42674699996,300010.42674699996,300010.42674699996,300010.42674699996,300010.42674699996,300010.42674699996,nan,300010.42674699996,nan,nan,0.0,8,64,,True,False,"HTTPConnectionPool(host='gpu06', port=9004): Read timed out.",0,59.56268577710819
266,2026-09-21T07:59:13.703+00:00,2026-09-21T08:04:13.807+00:00,2026-09-21T08:04:13.807+00:00,False,1,0.0,,0.0,300104.273353,300104.273353,300104.273353,300104.273353,300104.273353,300104.273353,nan,300104.273353,nan,nan,0.0,8,64,,True,False,"HTTPConnectionPool(host='gpu06', port=9004): Read timed out.",0,59.56268577710819
267,2026-09-21T07:59:13.985+00:00,2026-09-21T08:04:14.045+00:00,2026-09-21T08:04:14.045+00:00,False,1,0.0,,0.0,300060.635313,300060.635313,300060.635313,300060.635313,300060.635313,300060.635313,nan,300060.635313,nan,nan,0.0,8,64,,True,False,"HTTPConnectionPool(host='gpu06', port=9004): Read timed out.",0,59.56268577710819
268,2026-09-21T07:59:14.219+00:00,2026-09-21T08:04:14.278+00:00,2026-09-21T08:04:14.278+00:00,False,1,0.0,,0.0,300058.66610699997,300058.66610699997,300058.66610699997,300058.66610699997,300058.66610699997,300058.66610699997,nan,300058.66610699997,nan,nan,0.0,8,64,,True,False,"HTTPConnectionPool(host='gpu06', port=9004): Read timed out.",0,59.56268577710819
269,2026-09-21T07:59:14.510+00:00,2026-09-21T08:04:14.614+00:00,2026-09-21T08:04:14.614+00:00,False,1,0.0,,0.0,300104.227019,300104.227019,300104.227019,300104.227019,300104.227019,300104.227019,nan,300104.227019,nan,nan,0.0,8,64,,True,False,"HTTPConnectionPool(host='gpu06', port=9004): Read timed out.",0,59.56268577710819
270,2026-09-21T07:59:14.712+00:00,2026-09-21T08:04:14.817+00:00,2026-09-21T08:04:14.817+00:00,False,1,0.0,,0.0,300105.115745,300105.115745,300105.115745,300105.115745,300105.115745,300105.115745,nan,300105.115745,nan,nan,0.0,8,64,,True,False,"HTTPConnectionPool(host='gpu06', port=9004): Read timed out.",0,59.56268577710819
271,2026-09-21T07:59:14.959+00:00,2026-09-21T08:04:15.061+00:00,2026-09-21T08:04:15.061+00:00,False,1,0.0,,0.0,300101.32311799994,300101.32311799994,300101.32311799994,300101.32311799994,300101.32311799994,300101.32311799994,nan,300101.32311799994,nan,nan,0.0,8,64,,True,False,"HTTPConnectionPool(host='gpu06', port=9004): Read timed out.",0,59.56268577710819
272,2026-09-21T07:59:15.155+00:00,2026-09-21T08:04:15.181+00:00,2026-09-21T08:04:15.181+00:00,False,1,0.0,,0.0,300026.985004,300026.985004,300026.985004,300026.985004,300026.985004,300026.985004,nan,300026.985004,nan,nan,0.0,8,64,,True,False,TTFT timeout: 300.0s exceeded (TTFT: 300.015s),0,59.56268577710819
273,2026-09-21T07:59:15.492+00:00,2026-09-21T08:04:15.487+00:00,2026-09-21T08:04:15.648+00:00,False,3,2.0,,2.0,299995.40135,300155.651462,300155.651573,100051.88385766666,0.03761,299995.40135,173156.18399125442,270011.8824763,80.125056,113.26072119632451,0.006663209538978819,8,64,,True,False,Request timeout: 300.0s exceeded,14,59.56268577710819
274,2026-09-21T07:59:15.809+00:00,2026-09-21T08:04:15.803+00:00,2026-09-21T08:04:15.856+00:00,False,3,2.0,,2.0,299994.571589,300047.201861,300047.20196,100015.73398666667,0.05864,299994.571589,173186.7555732582,270000.3716032,26.315136,37.13231537101192,0.006665617901434459,8,64,,True,False,Request timeout: 300.0s exceeded,18,59.56268577710819
275,2026-09-21T07:59:16.119+00:00,2026-09-21T08:04:16.226+00:00,2026-09-21T08:04:16.226+00:00,False,1,0.0,,0.0,300107.256311,300107.256311,300107.256311,300107.256311,300107.256311,300107.256311,nan,300107.256311,nan,nan,0.0,8,64,,True,False,"HTTPConnectionPool(host='gpu06', port=9004): Read timed out.",0,59.56268577710819
276,2026-09-21T07:59:16.382+00:00,2026-09-21T08:04:16.494+00:00,2026-09-21T08:04:16.494+00:00,False,1,0.0,,0.0,300111.877343,300111.877343,300111.877343,300111.877343,300111.877343,300111.877343,nan,300111.877343,nan,nan,0.0,8,64,,True,False,"HTTPConnectionPool(host='gpu06', port=9004): Read timed out.",0,59.56268577710819
277,2026-09-21T07:59:16.721+00:00,2026-09-21T08:04:16.823+00:00,2026-09-21T08:04:16.823+00:00,False,1,0.0,,0.0,300102.49770999997,300102.49770999997,300102.49770999997,300102.49770999997,300102.49770999997,300102.49770999997,nan,300102.49770999997,nan,nan,0.0,8,64,,True,False,"HTTPConnectionPool(host='gpu06', port=9004): Read timed out.",0,59.56268577710819
278,2026-09-21T07:59:17.022+00:00,2026-09-21T08:04:17.128+00:00,2026-09-21T08:04:17.128+00:00,False,1,0.0,,0.0,300105.81262,300105.81262,300105.81262,300105.81262,300105.81262,300105.81262,nan,300105.81262,nan,nan,0.0,8,64,,True,False,"HTTPConnectionPool(host='gpu06', port=9004): Read timed out.",0,59.56268577710819
279,2026-09-21T07:59:17.303+00:00,2026-09-21T08:04:17.342+00:00,2026-09-21T08:04:17.342+00:00,False,1,0.0,,0.0,300038.46264,300038.46264,300038.46264,300038.46264,300038.46264,300038.46264,nan,300038.46264,nan,nan,0.0,8,64,,True,False,TTFT timeout: 300.0s exceeded (TTFT: 300.028s),0,59.56268577710819
280,2026-09-21T07:59:17.565+00:00,2026-09-21T08:04:17.549+00:00,2026-09-21T08:04:17.805+00:00,False,3,2.0,,2.0,299983.919321,300239.895257,300239.895357,100079.965119,0.03535,299983.919321,173121.94994015558,270011.12145750003,127.987968,180.95235882944218,0.0066613399204926965,8,64,,True,False,Request timeout: 300.0s exceeded,11,59.56268577710819
281,2026-09-21T07:59:17.869+00:00,2026-09-21T08:04:17.917+00:00,2026-09-21T08:04:17.917+00:00,False,1,0.0,,0.0,300048.409072,300048.409072,300048.409072,300048.409072,300048.409072,300048.409072,nan,300048.409072,nan,nan,0.0,8,64,,True,False,TTFT timeout: 300.0s exceeded (TTFT: 300.044s),0,59.56268577710819
282,2026-09-21T07:59:18.065+00:00,2026-09-21T08:04:18.102+00:00,2026-09-21T08:04:18.102+00:00,False,1,0.0,,0.0,300037.075709,300037.075709,300037.075709,300037.075709,300037.075709,300037.075709,nan,300037.075709,nan,nan,0.0,8,64,,True,False,TTFT timeout: 300.0s exceeded (TTFT: 300.016s),0,59.56268577710819
283,2026-09-21T07:59:19.329+00:00,2026-09-21T08:04:19.158+00:00,2026-09-21T08:04:19.978+00:00,False,15,14.0,,14.0,299828.94191000005,300649.23784600006,300649.23779700004,20043.282519800003,0.03005,299828.94191000005,77400.37559780318,90030.4053694,58.592566857142856,26.515511215856584,0.04656589220150009,8,64,,True,False,Request timeout: 300.0s exceeded,56,59.56268577710819
287,2026-09-21T07:59:19.839+00:00,2026-09-21T08:04:19.856+00:00,2026-09-21T08:04:19.904+00:00,False,3,2.0,,2.0,300016.88035000005,300064.8836780001,300064.88375100004,100021.62791700002,0.03599,300016.88035000005,173200.97090131982,270019.9890561,24.001664,33.89243129557465,0.006665225118931951,8,64,,True,False,Request timeout: 300.0s exceeded,10,59.56268577710819
285,2026-09-21T07:59:19.559+00:00,2026-09-21T08:04:20.019+00:00,2026-09-21T08:04:20.019+00:00,False,1,0.0,,0.0,300459.99534799997,300459.99534799997,300459.99534799997,300459.99534799997,300459.99534799997,300459.99534799997,nan,300459.99534799997,nan,nan,0.0,8,64,,True,False,"HTTPConnectionPool(host='gpu06', port=9004): Read timed out.",0,59.56268577710819
284,2026-09-21T07:59:19.385+00:00,2026-09-21T08:04:20.392+00:00,2026-09-21T08:04:20.392+00:00,False,1,0.0,,0.0,301007.70464099996,301007.70464099996,301007.70464099996,301007.70464099996,301007.70464099996,301007.70464099996,nan,301007.70464099996,nan,nan,0.0,8,64,,True,False,"HTTPConnectionPool(host='gpu06', port=9004): Read timed out.",0,59.56268577710819
288,2026-09-21T07:59:19.861+00:00,2026-09-21T08:04:20.647+00:00,2026-09-21T08:04:21.405+00:00,False,11,10.0,,10.0,300786.017634,301544.075874,301544.07597999997,27413.097816363636,0.037200000000000004,300786.017634,90667.55030558542,150478.624439,75.805824,44.9265966376633,0.033162647851780365,8,64,,True,False,Request timeout: 300.0s exceeded,29,59.56268577710819
286,2026-09-21T07:59:19.612+00:00,2026-09-21T08:04:20.790+00:00,2026-09-21T08:04:21.357+00:00,False,8,7.0,,7.0,301177.56734899996,301745.26731699996,301745.267481,37718.158435125,0.0293,301177.56734899996,106453.6882747312,195825.41190724997,81.09999542857143,53.10711837578182,0.023198375445093945,8,64,,True,False,Request timeout: 300.0s exceeded,26,59.56268577710819
289,2026-09-21T07:59:20.148+00:00,2026-09-21T08:04:21.216+00:00,2026-09-21T08:04:21.405+00:00,False,5,4.0,,4.0,301068.380051,301257.07995499996,301257.079915,60251.415983,0.02904,301068.380051,134620.77953719665,240873.4600092,47.174976,38.31502809688474,0.01327769624732968,8,64,,True,False,Request timeout: 300.0s exceeded,36,59.56268577710819
294,2026-09-21T07:59:21.367+00:00,2026-09-21T08:04:21.525+00:00,2026-09-21T08:04:21.525+00:00,False,1,0.0,,0.0,300158.225731,300158.225731,300158.225731,300158.225731,300158.225731,300158.225731,nan,300158.225731,nan,nan,0.0,8,64,,True,False,"HTTPConnectionPool(host='gpu06', port=9004): Read timed out.",0,59.56268577710819
290,2026-09-21T07:59:20.294+00:00,2026-09-21T08:04:21.538+00:00,2026-09-21T08:04:21.538+00:00,False,1,0.0,,0.0,301244.529135,301244.529135,301244.529135,301244.529135,301244.529135,301244.529135,nan,301244.529135,nan,nan,0.0,8,64,,True,False,"HTTPConnectionPool(host='gpu06', port=9004): Read timed out.",0,59.56268577710819
291,2026-09-21T07:59:20.568+00:00,2026-09-21T08:04:21.896+00:00,2026-09-21T08:04:21.896+00:00,False,1,0.0,,0.0,301328.21928799996,301328.21928799996,301328.21928799996,301328.21928799996,301328.21928799996,301328.21928799996,nan,301328.21928799996,nan,nan,0.0,8,64,,True,False,"HTTPConnectionPool(host='gpu06', port=9004): Read timed out.",0,59.56268577710819
295,2026-09-21T07:59:21.567+00:00,2026-09-21T08:04:21.899+00:00,2026-09-21T08:04:21.899+00:00,False,1,0.0,,0.0,300331.79969,300331.79969,300331.79969,300331.79969,300331.79969,300331.79969,nan,300331.79969,nan,nan,0.0,8,64,,True,False,"HTTPConnectionPool(host='gpu06', port=9004): Read timed out.",0,59.56268577710819
296,2026-09-21T07:59:21.788+00:00,2026-09-21T08:04:21.900+00:00,2026-09-21T08:04:21.900+00:00,False,1,0.0,,0.0,300112.096211,300112.096211,300112.096211,300112.096211,300112.096211,300112.096211,nan,300112.096211,nan,nan,0.0,8,64,,True,False,"HTTPConnectionPool(host='gpu06', port=9004): Read timed out.",0,59.56268577710819
292,2026-09-21T07:59:20.916+00:00,2026-09-21T08:04:23.279+00:00,2026-09-21T08:04:23.279+00:00,False,1,0.0,,0.0,302363.38586599997,302363.38586599997,302363.38586599997,302363.38586599997,302363.38586599997,302363.38586599997,nan,302363.38586599997,nan,nan,0.0,8,64,,True,False,"HTTPConnectionPool(host='gpu06', port=9004): Read timed out.",0,59.56268577710819
299,2026-09-21T07:59:22.780+00:00,2026-09-21T08:04:23.286+00:00,2026-09-21T08:04:23.286+00:00,False,1,0.0,,0.0,300505.59165200003,300505.59165200003,300505.59165200003,300505.59165200003,300505.59165200003,300505.59165200003,nan,300505.59165200003,nan,nan,0.0,8,64,,True,False,"HTTPConnectionPool(host='gpu06', port=9004): Read timed out.",0,59.56268577710819
300,2026-09-21T07:59:23.074+00:00,2026-09-21T08:04:23.299+00:00,2026-09-21T08:04:23.299+00:00,False,1,0.0,,0.0,300224.719347,300224.719347,300224.719347,300224.719347,300224.719347,300224.719347,nan,300224.719347,nan,nan,0.0,8,64,,True,False,"HTTPConnectionPool(host='gpu06', port=9004): Read timed out.",0,59.56268577710819
298,2026-09-21T07:59:22.426+00:00,2026-09-21T08:04:23.300+00:00,2026-09-21T08:04:23.300+00:00,False,1,0.0,,0.0,300873.75955400005,300873.75955400005,300873.75955400005,300873.75955400005,300873.75955400005,300873.75955400005,nan,300873.75955400005,nan,nan,0.0,8,64,,True,False,"HTTPConnectionPool(host='gpu06', port=9004): Read timed out.",0,59.56268577710819
293,2026-09-21T07:59:21.116+00:00,2026-09-21T08:04:23.306+00:00,2026-09-21T08:04:23.306+00:00,False,1,0.0,,0.0,302190.03066000005,302190.03066000005,302190.03066000005,302190.03066000005,302190.03066000005,302190.03066000005,nan,302190.03066000005,nan,nan,0.0,8,64,,True,False,"HTTPConnectionPool(host='gpu06', port=9004): Read timed out.",0,59.56268577710819
297,2026-09-21T07:59:22.132+00:00,2026-09-21T08:04:23.307+00:00,2026-09-21T08:04:23.307+00:00,False,1,0.0,,0.0,301175.75246,301175.75246,301175.75246,301175.75246,301175.75246,301175.75246,nan,301175.75246,nan,nan,0.0,8,64,,True,False,"HTTPConnectionPool(host='gpu06', port=9004): Read timed out.",0,59.56268577710819
301,2026-09-21T07:59:23.380+00:00,2026-09-21T08:04:23.388+00:00,2026-09-21T08:04:23.388+00:00,False,1,0.0,,0.0,300008.692833,300008.692833,300008.692833,300008.692833,300008.692833,300008.692833,nan,300008.692833,nan,nan,0.0,8,64,,True,False,"HTTPConnectionPool(host='gpu06', port=9004): Read timed out.",0,59.56268577710819
302,2026-09-21T07:59:23.636+00:00,2026-09-21T08:04:23.653+00:00,2026-09-21T08:04:23.653+00:00,False,1,0.0,,0.0,300017.712615,300017.712615,300017.712615,300017.712615,300017.712615,300017.712615,nan,300017.712615,nan,nan,0.0,8,64,,True,False,"HTTPConnectionPool(host='gpu06', port=9004): Read timed out.",0,59.56268577710819
303,2026-09-21T07:59:23.873+00:00,2026-09-21T08:04:23.969+00:00,2026-09-21T08:04:23.969+00:00,False,1,0.0,,0.0,300095.672741,300095.672741,300095.672741,300095.672741,300095.672741,300095.672741,nan,300095.672741,nan,nan,0.0,8,64,,True,False,"HTTPConnectionPool(host='gpu06', port=9004): Read timed out.",0,59.56268577710819
304,2026-09-21T07:59:24.178+00:00,2026-09-21T08:04:24.287+00:00,2026-09-21T08:04:24.287+00:00,False,1,0.0,,0.0,300109.03029,300109.03029,300109.03029,300109.03029,300109.03029,300109.03029,nan,300109.03029,nan,nan,0.0,8,64,,True,False,"HTTPConnectionPool(host='gpu06', port=9004): Read timed out.",0,59.56268577710819
305,2026-09-21T07:59:24.410+00:00,2026-09-21T08:04:24.511+00:00,2026-09-21T08:04:24.511+00:00,False,1,0.0,,0.0,300101.464155,300101.464155,300101.464155,300101.464155,300101.464155,300101.464155,nan,300101.464155,nan,nan,0.0,8,64,,True,False,"HTTPConnectionPool(host='gpu06', port=9004): Read timed out.",0,59.56268577710819
306,2026-09-21T07:59:24.610+00:00,2026-09-21T08:04:24.668+00:00,2026-09-21T08:04:24.668+00:00,False,1,0.0,,0.0,300058.63906,300058.63906,300058.63906,300058.63906,300058.63906,300058.63906,nan,300058.63906,nan,nan,0.0,8,64,,True,False,"HTTPConnectionPool(host='gpu06', port=9004): Read timed out.",0,59.56268577710819
307,2026-09-21T07:59:24.871+00:00,2026-09-21T08:04:24.973+00:00,2026-09-21T08:04:24.973+00:00,False,1,0.0,,0.0,300102.038504,300102.038504,300102.038504,300102.038504,300102.038504,300102.038504,nan,300102.038504,nan,nan,0.0,8,64,,True,False,"HTTPConnectionPool(host='gpu06', port=9004): Read timed out.",0,59.56268577710819
308,2026-09-21T07:59:25.145+00:00,2026-09-21T08:04:25.199+00:00,2026-09-21T08:04:25.199+00:00,False,1,0.0,,0.0,300053.99111400003,300053.99111400003,300053.99111400003,300053.99111400003,300053.99111400003,300053.99111400003,nan,300053.99111400003,nan,nan,0.0,8,64,,True,False,"HTTPConnectionPool(host='gpu06', port=9004): Read timed out.",0,59.56268577710819
309,2026-09-21T07:59:25.438+00:00,2026-09-21T08:04:25.519+00:00,2026-09-21T08:04:25.519+00:00,False,1,0.0,,0.0,300081.90101599996,300081.90101599996,300081.90101599996,300081.90101599996,300081.90101599996,300081.90101599996,nan,300081.90101599996,nan,nan,0.0,8,64,,True,False,"HTTPConnectionPool(host='gpu06', port=9004): Read timed out.",0,59.56268577710819
310,2026-09-21T07:59:25.760+00:00,2026-09-21T08:04:25.788+00:00,2026-09-21T08:04:25.788+00:00,False,1,0.0,,0.0,300027.416103,300027.416103,300027.416103,300027.416103,300027.416103,300027.416103,nan,300027.416103,nan,nan,0.0,8,64,,True,False,TTFT timeout: 300.0s exceeded (TTFT: 300.022s),0,59.56268577710819
311,2026-09-21T07:59:26.074+00:00,2026-09-21T08:04:26.194+00:00,2026-09-21T08:04:26.194+00:00,False,1,0.0,,0.0,300120.404684,300120.404684,300120.404684,300120.404684,300120.404684,300120.404684,nan,300120.404684,nan,nan,0.0,8,64,,True,False,"HTTPConnectionPool(host='gpu06', port=9004): Read timed out.",0,59.56268577710819
312,2026-09-21T07:59:26.356+00:00,2026-09-21T08:04:26.380+00:00,2026-09-21T08:04:26.380+00:00,False,1,0.0,,0.0,300024.718713,300024.718713,300024.718713,300024.718713,300024.718713,300024.718713,nan,300024.718713,nan,nan,0.0,8,64,,True,False,"HTTPConnectionPool(host='gpu06', port=9004): Read timed out.",0,59.56268577710819
313,2026-09-21T07:59:26.695+00:00,2026-09-21T08:04:26.806+00:00,2026-09-21T08:04:26.806+00:00,False,1,0.0,,0.0,300111.291302,300111.291302,300111.291302,300111.291302,300111.291302,300111.291302,nan,300111.291302,nan,nan,0.0,8,64,,True,False,"HTTPConnectionPool(host='gpu06', port=9004): Read timed out.",0,59.56268577710819
314,2026-09-21T07:59:27.032+00:00,2026-09-21T08:04:27.081+00:00,2026-09-21T08:04:27.081+00:00,False,1,0.0,,0.0,300049.931098,300049.931098,300049.931098,300049.931098,300049.931098,300049.931098,nan,300049.931098,nan,nan,0.0,8,64,,True,False,"HTTPConnectionPool(host='gpu06', port=9004): Read timed out.",0,59.56268577710819
315,2026-09-21T07:59:27.318+00:00,2026-09-21T08:04:27.381+00:00,2026-09-21T08:04:27.381+00:00,False,1,0.0,,0.0,300063.106639,300063.106639,300063.106639,300063.106639,300063.106639,300063.106639,nan,300063.106639,nan,nan,0.0,8,64,,True,False,"HTTPConnectionPool(host='gpu06', port=9004): Read timed out.",0,59.56268577710819
316,2026-09-21T07:59:27.567+00:00,2026-09-21T08:04:27.517+00:00,2026-09-21T08:04:27.659+00:00,False,3,2.0,,2.0,299949.99242,300091.804132,300091.804053,100030.601351,0.03936,299949.99242,173135.28587813774,269969.1704053,70.905856,100.22026925139069,0.0066646271989496565,8,64,,True,False,Request timeout: 300.0s exceeded,8,59.56268577710819
317,2026-09-21T07:59:27.852+00:00,2026-09-21T08:04:27.948+00:00,2026-09-21T08:04:27.948+00:00,False,1,0.0,,0.0,300095.631474,300095.631474,300095.631474,300095.631474,300095.631474,300095.631474,nan,300095.631474,nan,nan,0.0,8,64,,True,False,"HTTPConnectionPool(host='gpu06', port=9004): Read timed out.",0,59.56268577710819
318,2026-09-21T07:59:28.199+00:00,2026-09-21T08:04:28.304+00:00,2026-09-21T08:04:28.304+00:00,False,1,0.0,,0.0,300105.215981,300105.215981,300105.215981,300105.215981,300105.215981,300105.215981,nan,300105.215981,nan,nan,0.0,8,64,,True,False,"HTTPConnectionPool(host='gpu06', port=9004): Read timed out.",0,59.56268577710819
319,2026-09-21T07:59:28.532+00:00,2026-09-21T08:04:28.549+00:00,2026-09-21T08:04:28.549+00:00,False,1,0.0,,0.0,300016.46913700004,300016.46913700004,300016.46913700004,300016.46913700004,300016.46913700004,300016.46913700004,nan,300016.46913700004,nan,nan,0.0,8,64,,True,False,"HTTPConnectionPool(host='gpu06', port=9004): Read timed out.",0,59.56268577710819
320,2026-09-21T07:59:28.801+00:00,2026-09-21T08:04:28.837+00:00,2026-09-21T08:04:28.837+00:00,False,1,0.0,,0.0,300035.69479000004,300035.69479000004,300035.69479000004,300035.69479000004,300035.69479000004,300035.69479000004,nan,300035.69479000004,nan,nan,0.0,8,64,,True,False,TTFT timeout: 300.0s exceeded (TTFT: 300.034s),0,59.56268577710819
321,2026-09-21T07:59:29.054+00:00,2026-09-21T08:04:29.157+00:00,2026-09-21T08:04:29.157+00:00,False,1,0.0,,0.0,300102.71931300004,300102.71931300004,300102.71931300004,300102.71931300004,300102.71931300004,300102.71931300004,nan,300102.71931300004,nan,nan,0.0,8,64,,True,False,"HTTPConnectionPool(host='gpu06', port=9004): Read timed out.",0,59.56268577710819
322,2026-09-21T07:59:29.356+00:00,2026-09-21T08:04:29.454+00:00,2026-09-21T08:04:29.454+00:00,False,1,0.0,,0.0,300097.77282300004,300097.77282300004,300097.77282300004,300097.77282300004,300097.77282300004,300097.77282300004,nan,300097.77282300004,nan,nan,0.0,8,64,,True,False,TTFT timeout: 300.0s exceeded (TTFT: 300.093s),0,59.56268577710819
323,2026-09-21T07:59:29.607+00:00,2026-09-21T08:04:29.605+00:00,2026-09-21T08:04:29.648+00:00,False,3,2.0,,2.0,299998.065525,300041.149813,300041.150026,100013.71667533333,0.03015,299998.065525,173191.52779910841,270002.5644076,21.542144,30.422833682773994,0.006665752351790732,8,64,,True,False,Request timeout: 300.0s exceeded,8,59.56268577710819
324,2026-09-21T07:59:29.902+00:00,2026-09-21T08:04:30.011+00:00,2026-09-21T08:04:30.011+00:00,False,1,0.0,,0.0,300109.548827,300109.548827,300109.548827,300109.548827,300109.548827,300109.548827,nan,300109.548827,nan,nan,0.0,8,64,,True,False,"HTTPConnectionPool(host='gpu06', port=9004): Read timed out.",0,59.56268577710819
325,2026-09-21T07:59:30.192+00:00,2026-09-21T08:04:30.298+00:00,2026-09-21T08:04:30.298+00:00,False,1,0.0,,0.0,300105.625957,300105.625957,300105.625957,300105.625957,300105.625957,300105.625957,nan,300105.625957,nan,nan,0.0,8,64,,True,False,"HTTPConnectionPool(host='gpu06', port=9004): Read timed out.",0,59.56268577710819
326,2026-09-21T07:59:30.447+00:00,2026-09-21T08:04:30.553+00:00,2026-09-21T08:04:30.553+00:00,False,1,0.0,,0.0,300105.71782,300105.71782,300105.71782,300105.71782,300105.71782,300105.71782,nan,300105.71782,nan,nan,0.0,8,64,,True,False,"HTTPConnectionPool(host='gpu06', port=9004): Read timed out.",0,59.56268577710819
327,2026-09-21T07:59:30.700+00:00,2026-09-21T08:04:30.806+00:00,2026-09-21T08:04:30.806+00:00,False,1,0.0,,0.0,300106.135464,300106.135464,300106.135464,300106.135464,300106.135464,300106.135464,nan,300106.135464,nan,nan,0.0,8,64,,True,False,"HTTPConnectionPool(host='gpu06', port=9004): Read timed out.",0,59.56268577710819
328,2026-09-21T07:59:30.949+00:00,2026-09-21T08:04:31.053+00:00,2026-09-21T08:04:31.053+00:00,False,1,0.0,,0.0,300104.622247,300104.622247,300104.622247,300104.622247,300104.622247,300104.622247,nan,300104.622247,nan,nan,0.0,8,64,,True,False,"HTTPConnectionPool(host='gpu06', port=9004): Read timed out.",0,59.56268577710819
329,2026-09-21T07:59:31.231+00:00,2026-09-21T08:04:31.349+00:00,2026-09-21T08:04:31.349+00:00,False,1,0.0,,0.0,300118.217418,300118.217418,300118.217418,300118.217418,300118.217418,300118.217418,nan,300118.217418,nan,nan,0.0,8,64,,True,False,"HTTPConnectionPool(host='gpu06', port=9004): Read timed out.",0,59.56268577710819
330,2026-09-21T07:59:31.514+00:00,2026-09-21T08:04:31.511+00:00,2026-09-21T08:04:32.915+00:00,False,22,21.0,,21.0,299997.431636,301401.08322,301401.083026,13700.049228454545,0.024300000000000002,299997.431636,63945.429750825926,185.13998800000005,66.84055161904762,41.5766431640682,0.06967460028891664,8,64,,True,False,Request timeout: 300.0s exceeded,168,59.56268577710819
331,2026-09-21T07:59:31.835+00:00,2026-09-21T08:04:31.872+00:00,2026-09-21T08:04:32.916+00:00,False,20,19.0,,19.0,300037.224356,301080.289444,301080.28948800004,15054.0144744,0.03168,300037.224356,67078.08924902447,15072.377752250002,54.89816252631579,16.436738115075006,0.06310609052185709,8,64,,True,False,Request timeout: 300.0s exceeded,149,59.56268577710819
335,2026-09-21T07:59:32.901+00:00,2026-09-21T08:04:33.102+00:00,2026-09-21T08:04:33.102+00:00,False,1,0.0,,0.0,300200.652248,300200.652248,300200.652248,300200.652248,300200.652248,300200.652248,nan,300200.652248,nan,nan,0.0,8,64,,True,False,"HTTPConnectionPool(host='gpu06', port=9004): Read timed out.",0,59.56268577710819
332,2026-09-21T07:59:32.151+00:00,2026-09-21T08:04:33.222+00:00,2026-09-21T08:04:33.222+00:00,False,1,0.0,,0.0,301071.154176,301071.154176,301071.154176,301071.154176,301071.154176,301071.154176,nan,301071.154176,nan,nan,0.0,8,64,,True,False,"HTTPConnectionPool(host='gpu06', port=9004): Read timed out.",0,59.56268577710819
336,2026-09-21T07:59:33.252+00:00,2026-09-21T08:04:33.264+00:00,2026-09-21T08:04:33.264+00:00,False,1,0.0,,0.0,300012.17854,300012.17854,300012.17854,300012.17854,300012.17854,300012.17854,nan,300012.17854,nan,nan,0.0,8,64,,True,False,"HTTPConnectionPool(host='gpu06', port=9004): Read timed out.",0,59.56268577710819
337,2026-09-21T07:59:33.468+00:00,2026-09-21T08:04:33.494+00:00,2026-09-21T08:04:33.494+00:00,False,1,0.0,,0.0,300026.333186,300026.333186,300026.333186,300026.333186,300026.333186,300026.333186,nan,300026.333186,nan,nan,0.0,8,64,,True,False,"HTTPConnectionPool(host='gpu06', port=9004): Read timed out.",0,59.56268577710819
333,2026-09-21T07:59:32.427+00:00,2026-09-21T08:04:33.502+00:00,2026-09-21T08:04:33.502+00:00,False,1,0.0,,0.0,301074.647588,301074.647588,301074.647588,301074.647588,301074.647588,301074.647588,nan,301074.647588,nan,nan,0.0,8,64,,True,False,"HTTPConnectionPool(host='gpu06', port=9004): Read timed out.",0,59.56268577710819
334,2026-09-21T07:59:32.705+00:00,2026-09-21T08:04:33.916+00:00,2026-09-21T08:04:34.978+00:00,False,17,16.0,,16.0,301210.718312,302272.738664,302272.738554,17780.74932670588,0.031059999999999997,301210.718312,73038.24491187843,60417.4307616,66.376272,46.181149056249254,0.05293232883229096,8,64,,True,False,Request timeout: 300.0s exceeded,32,59.56268577710819
339,2026-09-21T07:59:34.814+00:00,2026-09-21T08:04:34.286+00:00,2026-09-21T08:04:35.265+00:00,False,19,18.0,,18.0,299472.299665,300451.146385,300451.146415,15813.218232368421,0.03455,299472.299665,68691.18417823761,30039.159505300002,54.38037333333334,19.032917047719664,0.05990990620796197,8,64,,True,False,Request timeout: 300.0s exceeded,36,59.56268577710819
340,2026-09-21T07:59:34.962+00:00,2026-09-21T08:04:34.388+00:00,2026-09-21T08:04:34.812+00:00,True,9,9.0,,9.0,299425.333494,299849.943286,299849.943393,33316.660377,43.045730000000006,299425.333494,99790.75268829646,179682.3661648,53.076224,7.839175545893367,0.03001501318082861,8,64,,True,True,,27,59.56268577710819
338,2026-09-21T07:59:34.781+00:00,2026-09-21T08:04:35.490+00:00,2026-09-21T08:04:35.490+00:00,False,1,0.0,,0.0,300709.12730299996,300709.12730299996,300709.12730299996,300709.12730299996,300709.12730299996,300709.12730299996,nan,300709.12730299996,nan,nan,0.0,8,64,,True,False,"HTTPConnectionPool(host='gpu06', port=9004): Read timed out.",0,59.56268577710819
342,2026-09-21T07:59:35.379+00:00,2026-09-21T08:04:35.506+00:00,2026-09-21T08:04:35.506+00:00,False,1,0.0,,0.0,300127.01472000004,300127.01472000004,300127.01472000004,300127.01472000004,300127.01472000004,300127.01472000004,nan,300127.01472000004,nan,nan,0.0,8,64,,True,False,"HTTPConnectionPool(host='gpu06', port=9004): Read timed out.",0,59.56268577710819
341,2026-09-21T07:59:35.119+00:00,2026-09-21T08:04:35.526+00:00,2026-09-21T08:04:35.526+00:00,False,1,0.0,,0.0,300406.181894,300406.181894,300406.181894,300406.181894,300406.181894,300406.181894,nan,300406.181894,nan,nan,0.0,8,64,,True,False,"HTTPConnectionPool(host='gpu06', port=9004): Read timed out.",0,59.56268577710819
344,2026-09-21T07:59:35.440+00:00,2026-09-21T08:04:35.813+00:00,2026-09-21T08:04:35.813+00:00,False,1,0.0,,0.0,300373.14216000005,300373.14216000005,300373.14216000005,300373.14216000005,300373.14216000005,300373.14216000005,nan,300373.14216000005,nan,nan,0.0,8,64,,True,False,"HTTPConnectionPool(host='gpu06', port=9004): Read timed out.",0,59.56268577710819
343,2026-09-21T07:59:35.428+00:00,2026-09-21T08:04:35.893+00:00,2026-09-21T08:04:35.893+00:00,False,1,0.0,,0.0,300465.135106,300465.135106,300465.135106,300465.135106,300465.135106,300465.135106,nan,300465.135106,nan,nan,0.0,8,64,,True,False,"HTTPConnectionPool(host='gpu06', port=9004): Read timed out.",0,59.56268577710819
345,2026-09-21T07:59:35.857+00:00,2026-09-21T08:04:36.119+00:00,2026-09-21T08:04:36.119+00:00,False,1,0.0,,0.0,300262.101524,300262.101524,300262.101524,300262.101524,300262.101524,300262.101524,nan,300262.101524,nan,nan,0.0,8,64,,True,False,"HTTPConnectionPool(host='gpu06', port=9004): Read timed out.",0,59.56268577710819
346,2026-09-21T07:59:35.958+00:00,2026-09-21T08:04:36.158+00:00,2026-09-21T08:04:36.158+00:00,False,1,0.0,,0.0,300199.16856300004,300199.16856300004,300199.16856300004,300199.16856300004,300199.16856300004,300199.16856300004,nan,300199.16856300004,nan,nan,0.0,8,64,,True,False,"HTTPConnectionPool(host='gpu06', port=9004): Read timed out.",0,59.56268577710819
347,2026-09-21T07:59:36.119+00:00,2026-09-21T08:04:36.266+00:00,2026-09-21T08:04:36.266+00:00,False,1,0.0,,0.0,300147.43756199995,300147.43756199995,300147.43756199995,300147.43756199995,300147.43756199995,300147.43756199995,nan,300147.43756199995,nan,nan,0.0,8,64,,True,False,"HTTPConnectionPool(host='gpu06', port=9004): Read timed out.",0,59.56268577710819
348,2026-09-21T07:59:36.333+00:00,2026-09-21T08:04:36.432+00:00,2026-09-21T08:04:36.432+00:00,False,1,0.0,,0.0,300099.413173,300099.413173,300099.413173,300099.413173,300099.413173,300099.413173,nan,300099.413173,nan,nan,0.0,8,64,,True,False,"HTTPConnectionPool(host='gpu06', port=9004): Read timed out.",0,59.56268577710819
349,2026-09-21T07:59:36.541+00:00,2026-09-21T08:04:36.652+00:00,2026-09-21T08:04:36.652+00:00,False,1,0.0,,0.0,300110.472981,300110.472981,300110.472981,300110.472981,300110.472981,300110.472981,nan,300110.472981,nan,nan,0.0,8,64,,True,False,"HTTPConnectionPool(host='gpu06', port=9004): Read timed out.",0,59.56268577710819
350,2026-09-21T07:59:36.756+00:00,2026-09-21T08:04:36.859+00:00,2026-09-21T08:04:36.859+00:00,False,1,0.0,,0.0,300103.43541000003,300103.43541000003,300103.43541000003,300103.43541000003,300103.43541000003,300103.43541000003,nan,300103.43541000003,nan,nan,0.0,8,64,,True,False,"HTTPConnectionPool(host='gpu06', port=9004): Read timed out.",0,59.56268577710819
351,2026-09-21T07:59:36.955+00:00,2026-09-21T08:04:37.056+00:00,2026-09-21T08:04:37.056+00:00,False,1,0.0,,0.0,300101.399561,300101.399561,300101.399561,300101.399561,300101.399561,300101.399561,nan,300101.399561,nan,nan,0.0,8,64,,True,False,"HTTPConnectionPool(host='gpu06', port=9004): Read timed out.",0,59.56268577710819
352,2026-09-21T07:59:37.314+00:00,2026-09-21T08:04:37.412+00:00,2026-09-21T08:04:37.412+00:00,False,1,0.0,,0.0,300097.509217,300097.509217,300097.509217,300097.509217,300097.509217,300097.509217,nan,300097.509217,nan,nan,0.0,8,64,,True,False,"HTTPConnectionPool(host='gpu06', port=9004): Read timed out.",0,59.56268577710819
353,2026-09-21T07:59:37.615+00:00,2026-09-21T08:04:37.656+00:00,2026-09-21T08:04:37.656+00:00,False,1,0.0,,0.0,300040.835866,300040.835866,300040.835866,300040.835866,300040.835866,300040.835866,nan,300040.835866,nan,nan,0.0,8,64,,True,False,TTFT timeout: 300.0s exceeded (TTFT: 300.025s),0,59.56268577710819
354,2026-09-21T07:59:37.827+00:00,2026-09-21T08:04:37.880+00:00,2026-09-21T08:04:37.880+00:00,False,1,0.0,,0.0,300053.391363,300053.391363,300053.391363,300053.391363,300053.391363,300053.391363,nan,300053.391363,nan,nan,0.0,8,64,,True,False,"HTTPConnectionPool(host='gpu06', port=9004): Read timed out.",0,59.56268577710819
355,2026-09-21T07:59:38.101+00:00,2026-09-21T08:04:38.079+00:00,2026-09-21T08:04:38.254+00:00,False,3,2.0,,2.0,299978.078387,300153.539507,300153.539456,100051.17981866667,0.03138,299978.078387,173141.79527054174,269997.8135172,87.73056,124.02521702993455,0.0066632564229793375,8,64,,True,False,Request timeout: 300.0s exceeded,15,59.56268577710819
356,2026-09-21T07:59:38.447+00:00,2026-09-21T08:04:38.452+00:00,2026-09-21T08:04:38.508+00:00,False,3,2.0,,2.0,300005.86448299995,300061.41264299996,300061.41273,100020.47090999999,0.07083,300005.86448299995,173192.43343571117,270010.8257764,27.77408,39.17819590630033,0.006665302220580802,8,64,,True,False,Request timeout: 300.0s exceeded,8,59.56268577710819
357,2026-09-21T07:59:38.719+00:00,2026-09-21T08:04:38.836+00:00,2026-09-21T08:04:38.836+00:00,False,1,0.0,,0.0,300116.63152600004,300116.63152600004,300116.63152600004,300116.63152600004,300116.63152600004,300116.63152600004,nan,300116.63152600004,nan,nan,0.0,8,64,,True,False,"HTTPConnectionPool(host='gpu06', port=9004): Read timed out.",0,59.56268577710819
358,2026-09-21T07:59:38.921+00:00,2026-09-21T08:04:38.970+00:00,2026-09-21T08:04:38.970+00:00,False,1,0.0,,0.0,300049.41896100005,300049.41896100005,300049.41896100005,300049.41896100005,300049.41896100005,300049.41896100005,nan,300049.41896100005,nan,nan,0.0,8,64,,True,False,"HTTPConnectionPool(host='gpu06', port=9004): Read timed out.",0,59.56268577710819
359,2026-09-21T07:59:39.190+00:00,2026-09-21T08:04:39.295+00:00,2026-09-21T08:04:39.295+00:00,False,1,0.0,,0.0,300105.413787,300105.413787,300105.413787,300105.413787,300105.413787,300105.413787,nan,300105.413787,nan,nan,0.0,8,64,,True,False,"HTTPConnectionPool(host='gpu06', port=9004): Read timed out.",0,59.56268577710819
360,2026-09-21T07:59:39.502+00:00,2026-09-21T08:04:39.613+00:00,2026-09-21T08:04:39.613+00:00,False,1,0.0,,0.0,300111.27914,300111.27914,300111.27914,300111.27914,300111.27914,300111.27914,nan,300111.27914,nan,nan,0.0,8,64,,True,False,"HTTPConnectionPool(host='gpu06', port=9004): Read timed out.",0,59.56268577710819
361,2026-09-21T07:59:39.823+00:00,2026-09-21T08:04:39.929+00:00,2026-09-21T08:04:39.929+00:00,False,1,0.0,,0.0,300106.62030199997,300106.62030199997,300106.62030199997,300106.62030199997,300106.62030199997,300106.62030199997,nan,300106.62030199997,nan,nan,0.0,8,64,,True,False,"HTTPConnectionPool(host='gpu06', port=9004): Read timed out.",0,59.56268577710819
362,2026-09-21T07:59:40.075+00:00,2026-09-21T08:04:40.044+00:00,2026-09-21T08:04:40.157+00:00,False,3,2.0,,2.0,299968.860903,300081.444583,300081.444516,100027.148172,0.039700000000000006,299968.860903,173154.61163842498,269983.22920400003,56.29184,79.55256758478131,0.006664857278260726,8,64,,True,False,Request timeout: 300.0s exceeded,7,59.56268577710819
363,2026-09-21T07:59:40.288+00:00,2026-09-21T08:04:40.319+00:00,2026-09-21T08:04:40.319+00:00,False,1,0.0,,0.0,300031.427757,300031.427757,300031.427757,300031.427757,300031.427757,300031.427757,nan,300031.427757,nan,nan,0.0,8,64,,True,False,"HTTPConnectionPool(host='gpu06', port=9004): Read timed out.",0,59.56268577710819
364,2026-09-21T07:59:40.572+00:00,2026-09-21T08:04:40.624+00:00,2026-09-21T08:04:40.624+00:00,False,1,0.0,,0.0,300052.641525,300052.641525,300052.641525,300052.641525,300052.641525,300052.641525,nan,300052.641525,nan,nan,0.0,8,64,,True,False,TTFT timeout: 300.0s exceeded (TTFT: 300.039s),0,59.56268577710819
365,2026-09-21T07:59:40.903+00:00,2026-09-21T08:04:41.005+00:00,2026-09-21T08:04:41.005+00:00,False,1,0.0,,0.0,300101.628541,300101.628541,300101.628541,300101.628541,300101.628541,300101.628541,nan,300101.628541,nan,nan,0.0,8,64,,True,False,"HTTPConnectionPool(host='gpu06', port=9004): Read timed out.",0,59.56268577710819
366,2026-09-21T07:59:41.101+00:00,2026-09-21T08:04:41.203+00:00,2026-09-21T08:04:41.203+00:00,False,1,0.0,,0.0,300101.690412,300101.690412,300101.690412,300101.690412,300101.690412,300101.690412,nan,300101.690412,nan,nan,0.0,8,64,,True,False,"HTTPConnectionPool(host='gpu06', port=9004): Read timed out.",0,59.56268577710819
367,2026-09-21T07:59:41.416+00:00,2026-09-21T08:04:41.528+00:00,2026-09-21T08:04:41.528+00:00,False,1,0.0,,0.0,300112.13402399997,300112.13402399997,300112.13402399997,300112.13402399997,300112.13402399997,300112.13402399997,nan,300112.13402399997,nan,nan,0.0,8,64,,True,False,"HTTPConnectionPool(host='gpu06', port=9004): Read timed out.",0,59.56268577710819
368,2026-09-21T07:59:41.632+00:00,2026-09-21T08:04:41.739+00:00,2026-09-21T08:04:41.739+00:00,False,1,0.0,,0.0,300107.520732,300107.520732,300107.520732,300107.520732,300107.520732,300107.520732,nan,300107.520732,nan,nan,0.0,8,64,,True,False,"HTTPConnectionPool(host='gpu06', port=9004): Read timed out.",0,59.56268577710819
369,2026-09-21T07:59:41.850+00:00,2026-09-21T08:04:41.947+00:00,2026-09-21T08:04:41.947+00:00,False,1,0.0,,0.0,300096.779281,300096.779281,300096.779281,300096.779281,300096.779281,300096.779281,nan,300096.779281,nan,nan,0.0,8,64,,True,False,"HTTPConnectionPool(host='gpu06', port=9004): Read timed out.",0,59.56268577710819
370,2026-09-21T07:59:42.175+00:00,2026-09-21T08:04:42.195+00:00,2026-09-21T08:04:42.195+00:00,False,1,0.0,,0.0,300019.256796,300019.256796,300019.256796,300019.256796,300019.256796,300019.256796,nan,300019.256796,nan,nan,0.0,8,64,,True,False,TTFT timeout: 300.0s exceeded (TTFT: 300.007s),0,59.56268577710819
371,2026-09-21T07:59:42.485+00:00,2026-09-21T08:04:42.456+00:00,2026-09-21T08:04:42.600+00:00,False,3,2.0,,2.0,299971.356143,300115.275247,300115.27534500003,100038.425115,0.03807,299971.356143,173147.01226065634,269988.6086419,71.959552,101.71259265724078,0.006664105978457664,8,64,,True,False,Request timeout: 300.0s exceeded,9,59.56268577710819
372,2026-09-21T07:59:42.679+00:00,2026-09-21T08:04:42.769+00:00,2026-09-21T08:04:42.769+00:00,False,1,0.0,,0.0,300090.023667,300090.023667,300090.023667,300090.023667,300090.023667,300090.023667,nan,300090.023667,nan,nan,0.0,8,64,,True,False,TTFT timeout: 300.0s exceeded (TTFT: 300.078s),0,59.56268577710819
373,2026-09-21T07:59:42.955+00:00,2026-09-21T08:04:43.019+00:00,2026-09-21T08:04:43.019+00:00,False,1,0.0,,0.0,300064.66246799997,300064.66246799997,300064.66246799997,300064.66246799997,300064.66246799997,300064.66246799997,nan,300064.66246799997,nan,nan,0.0,8,64,,True,False,"HTTPConnectionPool(host='gpu06', port=9004): Read timed out.",0,59.56268577710819
374,2026-09-21T07:59:43.237+00:00,2026-09-21T08:04:43.248+00:00,2026-09-21T08:04:43.248+00:00,False,1,0.0,,0.0,300011.332689,300011.332689,300011.332689,300011.332689,300011.332689,300011.332689,nan,300011.332689,nan,nan,0.0,8,64,,True,False,"HTTPConnectionPool(host='gpu06', port=9004): Read timed out.",0,59.56268577710819
375,2026-09-21T07:59:43.531+00:00,2026-09-21T08:04:43.652+00:00,2026-09-21T08:04:43.652+00:00,False,1,0.0,,0.0,300121.40759799996,300121.40759799996,300121.40759799996,300121.40759799996,300121.40759799996,300121.40759799996,nan,300121.40759799996,nan,nan,0.0,8,64,,True,False,"HTTPConnectionPool(host='gpu06', port=9004): Read timed out.",0,59.56268577710819
376,2026-09-21T07:59:43.869+00:00,2026-09-21T08:04:43.978+00:00,2026-09-21T08:04:43.978+00:00,False,1,0.0,,0.0,300109.190168,300109.190168,300109.190168,300109.190168,300109.190168,300109.190168,nan,300109.190168,nan,nan,0.0,8,64,,True,False,"HTTPConnectionPool(host='gpu06', port=9004): Read timed out.",0,59.56268577710819
377,2026-09-21T07:59:44.186+00:00,2026-09-21T08:04:44.291+00:00,2026-09-21T08:04:44.291+00:00,False,1,0.0,,0.0,300105.33794199995,300105.33794199995,300105.33794199995,300105.33794199995,300105.33794199995,300105.33794199995,nan,300105.33794199995,nan,nan,0.0,8,64,,True,False,"HTTPConnectionPool(host='gpu06', port=9004): Read timed out.",0,59.56268577710819
378,2026-09-21T07:59:44.484+00:00,2026-09-21T08:04:44.551+00:00,2026-09-21T08:04:44.551+00:00,False,1,0.0,,0.0,300067.25689899997,300067.25689899997,300067.25689899997,300067.25689899997,300067.25689899997,300067.25689899997,nan,300067.25689899997,nan,nan,0.0,8,64,,True,False,"HTTPConnectionPool(host='gpu06', port=9004): Read timed out.",0,59.56268577710819
379,2026-09-21T07:59:44.724+00:00,2026-09-21T08:04:44.636+00:00,2026-09-21T08:04:44.747+00:00,False,3,2.0,,2.0,299912.557913,300023.618137,300023.618156,100007.87271866667,0.08078,299912.557913,173122.5445937461,269932.400068,55.530112,78.41739532882718,0.006666141860494257,8,64,,True,False,Request timeout: 300.0s exceeded,13,59.56268577710819
380,2026-09-21T07:59:44.959+00:00,2026-09-21T08:04:44.920+00:00,2026-09-21T08:04:45.011+00:00,False,4,3.0,,3.0,299960.62226599996,300051.402938,300051.40301999997,75012.85075499999,0.03403,299960.62226599996,149965.1829523583,254975.4016655,30.260224,29.58137839593767,0.00999828686226771,8,64,,True,False,Request timeout: 300.0s exceeded,6,59.56268577710819
381,2026-09-21T07:59:45.286+00:00,2026-09-21T08:04:45.605+00:00,2026-09-21T08:04:47.030+00:00,False,22,21.0,,21.0,300318.716905,301743.908329,301743.908458,13715.632202636363,0.039060000000000004,300318.716905,64013.70504640455,169.9963992,67.86625828571428,34.00813260241277,0.06959543977637851,8,64,,True,False,Request timeout: 300.0s exceeded,99,59.56268577710819
382,2026-09-21T07:59:45.479+00:00,2026-09-21T08:04:45.882+00:00,2026-09-21T08:04:47.076+00:00,False,20,19.0,,19.0,300402.86296,301597.060208,301597.060077,15079.85300385,0.02748,300402.86296,67158.07552541782,15183.39845255,62.8524867368421,32.70815140784211,0.06299796154145675,8,64,,True,False,Request timeout: 300.0s exceeded,133,59.56268577710819
383,2026-09-21T07:59:45.774+00:00,2026-09-21T08:04:46.204+00:00,2026-09-21T08:04:47.129+00:00,False,18,17.0,,17.0,300430.760435,301355.59064300003,301355.590679,16741.977259944444,0.026449999999999998,300430.760435,70799.3886575981,45127.096159349996,54.40177694117647,17.141457884666377,0.05641176247544383,8,64,,True,False,Request timeout: 300.0s exceeded,51,59.56268577710819
387,2026-09-21T07:59:47.022+00:00,2026-09-21T08:04:47.250+00:00,2026-09-21T08:04:47.250+00:00,False,1,0.0,,0.0,300227.58390100003,300227.58390100003,300227.58390100003,300227.58390100003,300227.58390100003,300227.58390100003,nan,300227.58390100003,nan,nan,0.0,8,64,,True,False,"HTTPConnectionPool(host='gpu06', port=9004): Read timed out.",0,59.56268577710819
384,2026-09-21T07:59:46.070+00:00,2026-09-21T08:04:47.283+00:00,2026-09-21T08:04:47.283+00:00,False,1,0.0,,0.0,301212.780913,301212.780913,301212.780913,301212.780913,301212.780913,301212.780913,nan,301212.780913,nan,nan,0.0,8,64,,True,False,"HTTPConnectionPool(host='gpu06', port=9004): Read timed out.",0,59.56268577710819
388,2026-09-21T07:59:47.312+00:00,2026-09-21T08:04:47.352+00:00,2026-09-21T08:04:47.352+00:00,False,1,0.0,,0.0,300040.74305,300040.74305,300040.74305,300040.74305,300040.74305,300040.74305,nan,300040.74305,nan,nan,0.0,8,64,,True,False,"HTTPConnectionPool(host='gpu06', port=9004): Read timed out.",0,59.56268577710819
385,2026-09-21T07:59:46.333+00:00,2026-09-21T08:04:47.508+00:00,2026-09-21T08:04:47.508+00:00,False,1,0.0,,0.0,301174.790387,301174.790387,301174.790387,301174.790387,301174.790387,301174.790387,nan,301174.790387,nan,nan,0.0,8,64,,True,False,"HTTPConnectionPool(host='gpu06', port=9004): Read timed out.",0,59.56268577710819
389,2026-09-21T07:59:47.660+00:00,2026-09-21T08:04:47.686+00:00,2026-09-21T08:04:47.686+00:00,False,1,0.0,,0.0,300026.067209,300026.067209,300026.067209,300026.067209,300026.067209,300026.067209,nan,300026.067209,nan,nan,0.0,8,64,,True,False,"HTTPConnectionPool(host='gpu06', port=9004): Read timed out.",0,59.56268577710819
386,2026-09-21T07:59:46.669+00:00,2026-09-21T08:04:47.738+00:00,2026-09-21T08:04:47.738+00:00,False,1,0.0,,0.0,301069.462003,301069.462003,301069.462003,301069.462003,301069.462003,301069.462003,nan,301069.462003,nan,nan,0.0,8,64,,True,False,"HTTPConnectionPool(host='gpu06', port=9004): Read timed out.",0,59.56268577710819
390,2026-09-21T07:59:47.901+00:00,2026-09-21T08:04:47.945+00:00,2026-09-21T08:04:47.945+00:00,False,1,0.0,,0.0,300043.834552,300043.834552,300043.834552,300043.834552,300043.834552,300043.834552,nan,300043.834552,nan,nan,0.0,8,64,,True,False,"HTTPConnectionPool(host='gpu06', port=9004): Read timed out.",0,59.56268577710819
391,2026-09-21T07:59:48.127+00:00,2026-09-21T08:04:48.235+00:00,2026-09-21T08:04:48.235+00:00,False,1,0.0,,0.0,300108.16330400005,300108.16330400005,300108.16330400005,300108.16330400005,300108.16330400005,300108.16330400005,nan,300108.16330400005,nan,nan,0.0,8,64,,True,False,"HTTPConnectionPool(host='gpu06', port=9004): Read timed out.",0,59.56268577710819
392,2026-09-21T07:59:48.387+00:00,2026-09-21T08:04:48.495+00:00,2026-09-21T08:04:48.495+00:00,False,1,0.0,,0.0,300107.851025,300107.851025,300107.851025,300107.851025,300107.851025,300107.851025,nan,300107.851025,nan,nan,0.0,8,64,,True,False,"HTTPConnectionPool(host='gpu06', port=9004): Read timed out.",0,59.56268577710819
393,2026-09-21T07:59:48.592+00:00,2026-09-21T08:04:48.697+00:00,2026-09-21T08:04:48.697+00:00,False,1,0.0,,0.0,300104.73814499995,300104.73814499995,300104.73814499995,300104.73814499995,300104.73814499995,300104.73814499995,nan,300104.73814499995,nan,nan,0.0,8,64,,True,False,"HTTPConnectionPool(host='gpu06', port=9004): Read timed out.",0,59.56268577710819
394,2026-09-21T07:59:48.815+00:00,2026-09-21T08:04:48.921+00:00,2026-09-21T08:04:48.921+00:00,False,1,0.0,,0.0,300105.538051,300105.538051,300105.538051,300105.538051,300105.538051,300105.538051,nan,300105.538051,nan,nan,0.0,8,64,,True,False,"HTTPConnectionPool(host='gpu06', port=9004): Read timed out.",0,59.56268577710819
395,2026-09-21T07:59:49.056+00:00,2026-09-21T08:04:49.023+00:00,2026-09-21T08:04:49.138+00:00,False,3,2.0,,2.0,299966.75004400004,300081.20790000004,300081.20803700003,100027.06934566668,0.02827,299966.75004400004,173152.85215738358,269981.5180119,57.228928,80.89410188375693,0.00666486253503247,8,64,,True,False,Request timeout: 300.0s exceeded,2,59.56268577710819
396,2026-09-21T07:59:49.368+00:00,2026-09-21T08:04:49.281+00:00,2026-09-21T08:04:49.407+00:00,True,3,3.0,,3.0,299913.078561,300038.676769,300038.676634,100012.89221133334,51.236817,299913.078561,173118.63998616242,269929.2068305,62.799104,16.351476619412693,0.009998710940555515,8,64,,True,True,,16,59.56268577710819
397,2026-09-21T07:59:49.654+00:00,2026-09-21T08:04:49.762+00:00,2026-09-21T08:04:49.762+00:00,False,1,0.0,,0.0,300108.23674699996,300108.23674699996,300108.23674699996,300108.23674699996,300108.23674699996,300108.23674699996,nan,300108.23674699996,nan,nan,0.0,8,64,,True,False,"HTTPConnectionPool(host='gpu06', port=9004): Read timed out.",0,59.56268577710819
398,2026-09-21T07:59:49.995+00:00,2026-09-21T08:04:50.066+00:00,2026-09-21T08:04:50.066+00:00,False,1,0.0,,0.0,300071.45653799997,300071.45653799997,300071.45653799997,300071.45653799997,300071.45653799997,300071.45653799997,nan,300071.45653799997,nan,nan,0.0,8,64,,True,False,"HTTPConnectionPool(host='gpu06', port=9004): Read timed out.",0,59.56268577710819
399,2026-09-21T07:59:50.338+00:00,2026-09-21T08:04:50.443+00:00,2026-09-21T08:04:50.443+00:00,False,1,0.0,,0.0,300105.070805,300105.070805,300105.070805,300105.070805,300105.070805,300105.070805,nan,300105.070805,nan,nan,0.0,8,64,,True,False,"HTTPConnectionPool(host='gpu06', port=9004): Read timed out.",0,59.56268577710819
400,2026-09-21T07:59:50.591+00:00,2026-09-21T08:04:50.699+00:00,2026-09-21T08:04:50.699+00:00,False,1,0.0,,0.0,300107.988917,300107.988917,300107.988917,300107.988917,300107.988917,300107.988917,nan,300107.988917,nan,nan,0.0,8,64,,True,False,"HTTPConnectionPool(host='gpu06', port=9004): Read timed out.",0,59.56268577710819
401,2026-09-21T07:59:50.864+00:00,2026-09-21T08:04:50.904+00:00,2026-09-21T08:04:50.904+00:00,False,1,0.0,,0.0,300040.21422,300040.21422,300040.21422,300040.21422,300040.21422,300040.21422,nan,300040.21422,nan,nan,0.0,8,64,,True,False,TTFT timeout: 300.0s exceeded (TTFT: 300.035s),0,59.56268577710819
402,2026-09-21T07:59:51.203+00:00,2026-09-21T08:04:51.308+00:00,2026-09-21T08:04:51.308+00:00,False,1,0.0,,0.0,300105.07503500005,300105.07503500005,300105.07503500005,300105.07503500005,300105.07503500005,300105.07503500005,nan,300105.07503500005,nan,nan,0.0,8,64,,True,False,"HTTPConnectionPool(host='gpu06', port=9004): Read timed out.",0,59.56268577710819
403,2026-09-21T07:59:51.539+00:00,2026-09-21T08:04:51.565+00:00,2026-09-21T08:04:51.565+00:00,False,1,0.0,,0.0,300026.404421,300026.404421,300026.404421,300026.404421,300026.404421,300026.404421,nan,300026.404421,nan,nan,0.0,8,64,,True,False,TTFT timeout: 300.0s exceeded (TTFT: 300.012s),0,59.56268577710819
404,2026-09-21T07:59:51.832+00:00,2026-09-21T08:04:51.948+00:00,2026-09-21T08:04:51.948+00:00,False,1,0.0,,0.0,300116.63040100003,300116.63040100003,300116.63040100003,300116.63040100003,300116.63040100003,300116.63040100003,nan,300116.63040100003,nan,nan,0.0,8,64,,True,False,"HTTPConnectionPool(host='gpu06', port=9004): Read timed out.",0,59.56268577710819
405,2026-09-21T07:59:52.174+00:00,2026-09-21T08:04:52.247+00:00,2026-09-21T08:04:52.247+00:00,False,1,0.0,,0.0,300073.298923,300073.298923,300073.298923,300073.298923,300073.298923,300073.298923,nan,300073.298923,nan,nan,0.0,8,64,,True,False,"HTTPConnectionPool(host='gpu06', port=9004): Read timed out.",0,59.56268577710819
406,2026-09-21T07:59:52.458+00:00,2026-09-21T08:04:52.582+00:00,2026-09-21T08:04:52.582+00:00,False,1,0.0,,0.0,300123.987617,300123.987617,300123.987617,300123.987617,300123.987617,300123.987617,nan,300123.987617,nan,nan,0.0,8,64,,True,False,"HTTPConnectionPool(host='gpu06', port=9004): Read timed out.",0,59.56268577710819
407,2026-09-21T07:59:52.768+00:00,2026-09-21T08:04:52.867+00:00,2026-09-21T08:04:52.867+00:00,False,1,0.0,,0.0,300098.548983,300098.548983,300098.548983,300098.548983,300098.548983,300098.548983,nan,300098.548983,nan,nan,0.0,8,64,,True,False,TTFT timeout: 300.0s exceeded (TTFT: 300.091s),0,59.56268577710819
409,2026-09-21T07:59:54.281+00:00,2026-09-21T08:04:53.198+00:00,2026-09-21T08:04:54.633+00:00,False,26,25.0,,25.0,298917.22695,300352.676294,300352.676392,11552.026015076923,0.020030000000000003,298917.22695,58611.23307469256,92.65308449999999,57.417973759999995,17.08641562971778,0.08323548272807388,8,64,,True,False,Request timeout: 300.0s exceeded,25,59.56268577710819
411,2026-09-21T07:59:54.551+00:00,2026-09-21T08:04:54.710+00:00,2026-09-21T08:04:54.710+00:00,False,1,0.0,,0.0,300159.212063,300159.212063,300159.212063,300159.212063,300159.212063,300159.212063,nan,300159.212063,nan,nan,0.0,8,64,,True,False,"HTTPConnectionPool(host='gpu06', port=9004): Read timed out.",0,59.56268577710819
408,2026-09-21T07:59:54.265+00:00,2026-09-21T08:04:54.817+00:00,2026-09-21T08:04:54.817+00:00,False,1,0.0,,0.0,300551.62527200003,300551.62527200003,300551.62527200003,300551.62527200003,300551.62527200003,300551.62527200003,nan,300551.62527200003,nan,nan,0.0,8,64,,True,False,"HTTPConnectionPool(host='gpu06', port=9004): Read timed out.",0,59.56268577710819
412,2026-09-21T07:59:54.590+00:00,2026-09-21T08:04:54.968+00:00,2026-09-21T08:04:54.968+00:00,False,1,0.0,,0.0,300377.64198400005,300377.64198400005,300377.64198400005,300377.64198400005,300377.64198400005,300377.64198400005,nan,300377.64198400005,nan,nan,0.0,8,64,,True,False,"HTTPConnectionPool(host='gpu06', port=9004): Read timed out.",0,59.56268577710819
410,2026-09-21T07:59:54.387+00:00,2026-09-21T08:04:55.072+00:00,2026-09-21T08:04:55.072+00:00,False,1,0.0,,0.0,300685.907125,300685.907125,300685.907125,300685.907125,300685.907125,300685.907125,nan,300685.907125,nan,nan,0.0,8,64,,True,False,"HTTPConnectionPool(host='gpu06', port=9004): Read timed out.",0,59.56268577710819
413,2026-09-21T07:59:54.653+00:00,2026-09-21T08:04:55.257+00:00,2026-09-21T08:04:55.257+00:00,False,1,0.0,,0.0,300604.42112099996,300604.42112099996,300604.42112099996,300604.42112099996,300604.42112099996,300604.42112099996,nan,300604.42112099996,nan,nan,0.0,8,64,,True,False,"HTTPConnectionPool(host='gpu06', port=9004): Read timed out.",0,59.56268577710819
414,2026-09-21T07:59:54.844+00:00,2026-09-21T08:04:55.268+00:00,2026-09-21T08:04:55.268+00:00,False,1,0.0,,0.0,300424.327563,300424.327563,300424.327563,300424.327563,300424.327563,300424.327563,nan,300424.327563,nan,nan,0.0,8,64,,True,False,"HTTPConnectionPool(host='gpu06', port=9004): Read timed out.",0,59.56268577710819
415,2026-09-21T07:59:54.911+00:00,2026-09-21T08:04:55.295+00:00,2026-09-21T08:04:55.295+00:00,False,1,0.0,,0.0,300384.10922600003,300384.10922600003,300384.10922600003,300384.10922600003,300384.10922600003,300384.10922600003,nan,300384.10922600003,nan,nan,0.0,8,64,,True,False,"HTTPConnectionPool(host='gpu06', port=9004): Read timed out.",0,59.56268577710819
416,2026-09-21T07:59:55.294+00:00,2026-09-21T08:04:55.577+00:00,2026-09-21T08:04:55.577+00:00,False,1,0.0,,0.0,300283.09810500004,300283.09810500004,300283.09810500004,300283.09810500004,300283.09810500004,300283.09810500004,nan,300283.09810500004,nan,nan,0.0,8,64,,True,False,"HTTPConnectionPool(host='gpu06', port=9004): Read timed out.",0,59.56268577710819
417,2026-09-21T07:59:55.513+00:00,2026-09-21T08:04:55.674+00:00,2026-09-21T08:04:55.674+00:00,False,1,0.0,,0.0,300160.655729,300160.655729,300160.655729,300160.655729,300160.655729,300160.655729,nan,300160.655729,nan,nan,0.0,8,64,,True,False,"HTTPConnectionPool(host='gpu06', port=9004): Read timed out.",0,59.56268577710819
418,2026-09-21T07:59:55.736+00:00,2026-09-21T08:04:55.843+00:00,2026-09-21T08:04:55.843+00:00,False,1,0.0,,0.0,300107.31832,300107.31832,300107.31832,300107.31832,300107.31832,300107.31832,nan,300107.31832,nan,nan,0.0,8,64,,True,False,"HTTPConnectionPool(host='gpu06', port=9004): Read timed out.",0,59.56268577710819
419,2026-09-21T07:59:56.021+00:00,2026-09-21T08:04:56.135+00:00,2026-09-21T08:04:56.135+00:00,False,1,0.0,,0.0,300113.97315700003,300113.97315700003,300113.97315700003,300113.97315700003,300113.97315700003,300113.97315700003,nan,300113.97315700003,nan,nan,0.0,8,64,,True,False,"HTTPConnectionPool(host='gpu06', port=9004): Read timed out.",0,59.56268577710819
420,2026-09-21T07:59:56.261+00:00,2026-09-21T08:04:56.377+00:00,2026-09-21T08:04:56.377+00:00,False,1,0.0,,0.0,300116.26032999996,300116.26032999996,300116.26032999996,300116.26032999996,300116.26032999996,300116.26032999996,nan,300116.26032999996,nan,nan,0.0,8,64,,True,False,"HTTPConnectionPool(host='gpu06', port=9004): Read timed out.",0,59.56268577710819
421,2026-09-21T07:59:56.489+00:00,2026-09-21T08:04:56.593+00:00,2026-09-21T08:04:56.593+00:00,False,1,0.0,,0.0,300104.130427,300104.130427,300104.130427,300104.130427,300104.130427,300104.130427,nan,300104.130427,nan,nan,0.0,8,64,,True,False,"HTTPConnectionPool(host='gpu06', port=9004): Read timed out.",0,59.56268577710819
422,2026-09-21T07:59:56.800+00:00,2026-09-21T08:04:56.917+00:00,2026-09-21T08:04:56.917+00:00,False,1,0.0,,0.0,300117.01301,300117.01301,300117.01301,300117.01301,300117.01301,300117.01301,nan,300117.01301,nan,nan,0.0,8,64,,True,False,TTFT timeout: 300.0s exceeded (TTFT: 300.099s),0,59.56268577710819
423,2026-09-21T07:59:57.039+00:00,2026-09-21T08:04:57.144+00:00,2026-09-21T08:04:57.144+00:00,False,1,0.0,,0.0,300104.836226,300104.836226,300104.836226,300104.836226,300104.836226,300104.836226,nan,300104.836226,nan,nan,0.0,8,64,,True,False,"HTTPConnectionPool(host='gpu06', port=9004): Read timed out.",0,59.56268577710819
424,2026-09-21T07:59:57.241+00:00,2026-09-21T08:04:57.326+00:00,2026-09-21T08:04:57.326+00:00,False,1,0.0,,0.0,300084.235546,300084.235546,300084.235546,300084.235546,300084.235546,300084.235546,nan,300084.235546,nan,nan,0.0,8,64,,True,False,"HTTPConnectionPool(host='gpu06', port=9004): Read timed out.",0,59.56268577710819
425,2026-09-21T07:59:57.589+00:00,2026-09-21T08:04:57.678+00:00,2026-09-21T08:04:57.678+00:00,False,1,0.0,,0.0,300088.404565,300088.404565,300088.404565,300088.404565,300088.404565,300088.404565,nan,300088.404565,nan,nan,0.0,8,64,,True,False,"HTTPConnectionPool(host='gpu06', port=9004): Read timed out.",0,59.56268577710819
426,2026-09-21T07:59:57.798+00:00,2026-09-21T08:04:57.874+00:00,2026-09-21T08:04:57.874+00:00,False,1,0.0,,0.0,300075.732404,300075.732404,300075.732404,300075.732404,300075.732404,300075.732404,nan,300075.732404,nan,nan,0.0,8,64,,True,False,"HTTPConnectionPool(host='gpu06', port=9004): Read timed out.",0,59.56268577710819
427,2026-09-21T07:59:58.130+00:00,2026-09-21T08:04:58.242+00:00,2026-09-21T08:04:58.242+00:00,False,1,0.0,,0.0,300112.662622,300112.662622,300112.662622,300112.662622,300112.662622,300112.662622,nan,300112.662622,nan,nan,0.0,8,64,,True,False,"HTTPConnectionPool(host='gpu06', port=9004): Read timed out.",0,59.56268577710819
428,2026-09-21T07:59:58.361+00:00,2026-09-21T08:04:58.474+00:00,2026-09-21T08:04:58.474+00:00,False,1,0.0,,0.0,300112.771138,300112.771138,300112.771138,300112.771138,300112.771138,300112.771138,nan,300112.771138,nan,nan,0.0,8,64,,True,False,"HTTPConnectionPool(host='gpu06', port=9004): Read timed out.",0,59.56268577710819
429,2026-09-21T07:59:58.687+00:00,2026-09-21T08:04:58.791+00:00,2026-09-21T08:04:58.791+00:00,False,1,0.0,,0.0,300103.13915,300103.13915,300103.13915,300103.13915,300103.13915,300103.13915,nan,300103.13915,nan,nan,0.0,8,64,,True,False,"HTTPConnectionPool(host='gpu06', port=9004): Read timed out.",0,59.56268577710819
430,2026-09-21T07:59:58.906+00:00,2026-09-21T08:04:59.003+00:00,2026-09-21T08:04:59.003+00:00,False,1,0.0,,0.0,300097.389768,300097.389768,300097.389768,300097.389768,300097.389768,300097.389768,nan,300097.389768,nan,nan,0.0,8,64,,True,False,"HTTPConnectionPool(host='gpu06', port=9004): Read timed out.",0,59.56268577710819
431,2026-09-21T07:59:59.125+00:00,2026-09-21T08:04:59.214+00:00,2026-09-21T08:04:59.214+00:00,False,1,0.0,,0.0,300089.270806,300089.270806,300089.270806,300089.270806,300089.270806,300089.270806,nan,300089.270806,nan,nan,0.0,8,64,,True,False,TTFT timeout: 300.0s exceeded (TTFT: 300.083s),0,59.56268577710819
432,2026-09-21T07:59:59.324+00:00,2026-09-21T08:04:59.374+00:00,2026-09-21T08:04:59.374+00:00,False,1,0.0,,0.0,300050.098358,300050.098358,300050.098358,300050.098358,300050.098358,300050.098358,nan,300050.098358,nan,nan,0.0,8,64,,True,False,TTFT timeout: 300.0s exceeded (TTFT: 300.045s),0,59.56268577710819
433,2026-09-21T07:59:59.516+00:00,2026-09-21T08:04:59.606+00:00,2026-09-21T08:04:59.606+00:00,False,1,0.0,,0.0,300089.735967,300089.735967,300089.735967,300089.735967,300089.735967,300089.735967,nan,300089.735967,nan,nan,0.0,8,64,,True,False,TTFT timeout: 300.0s exceeded (TTFT: 300.083s),0,59.56268577710819
434,2026-09-21T07:59:59.865+00:00,2026-09-21T08:04:59.977+00:00,2026-09-21T08:04:59.977+00:00,False,1,0.0,,0.0,300111.635383,300111.635383,300111.635383,300111.635383,300111.635383,300111.635383,nan,300111.635383,nan,nan,0.0,8,64,,True,False,"HTTPConnectionPool(host='gpu06', port=9004): Read timed out.",0,59.56268577710819
435,2026-09-21T08:00:00.152+00:00,2026-09-21T08:05:00.264+00:00,2026-09-21T08:05:00.264+00:00,False,1,0.0,,0.0,300112.713611,300112.713611,300112.713611,300112.713611,300112.713611,300112.713611,nan,300112.713611,nan,nan,0.0,8,64,,True,False,"HTTPConnectionPool(host='gpu06', port=9004): Read timed out.",0,59.56268577710819
436,2026-09-21T08:00:00.363+00:00,2026-09-21T08:05:00.471+00:00,2026-09-21T08:05:00.471+00:00,False,1,0.0,,0.0,300108.39456,300108.39456,300108.39456,300108.39456,300108.39456,300108.39456,nan,300108.39456,nan,nan,0.0,8,64,,True,False,"HTTPConnectionPool(host='gpu06', port=9004): Read timed out.",0,59.56268577710819
437,2026-09-21T08:00:00.700+00:00,2026-09-21T08:05:00.803+00:00,2026-09-21T08:05:00.803+00:00,False,1,0.0,,0.0,300103.10004000005,300103.10004000005,300103.10004000005,300103.10004000005,300103.10004000005,300103.10004000005,nan,300103.10004000005,nan,nan,0.0,8,64,,True,False,"HTTPConnectionPool(host='gpu06', port=9004): Read timed out.",0,59.56268577710819
438,2026-09-21T08:00:00.917+00:00,2026-09-21T08:05:00.978+00:00,2026-09-21T08:05:00.978+00:00,False,1,0.0,,0.0,300060.73449,300060.73449,300060.73449,300060.73449,300060.73449,300060.73449,nan,300060.73449,nan,nan,0.0,8,64,,True,False,TTFT timeout: 300.0s exceeded (TTFT: 300.052s),0,59.56268577710819
439,2026-09-21T08:00:01.131+00:00,2026-09-21T08:05:01.167+00:00,2026-09-21T08:05:01.656+00:00,True,6,6.0,,6.0,300036.13773,300525.82477,300525.82478,50087.63746333333,53.350477,300036.13773,122449.27391539449,225081.6396465,97.937408,70.83313155386922,0.019965006350425796,8,64,,True,True,,48,59.56268577710819
440,2026-09-21T08:00:01.473+00:00,2026-09-21T08:05:01.487+00:00,2026-09-21T08:05:03.025+00:00,False,28,27.0,,27.0,300013.98805,301551.80897799996,301551.809046,10769.707465928572,0.01796,300013.98805,56686.5532462797,100.3847617,56.956330666666666,17.28314650957897,0.08953685302537785,8,64,,True,False,Request timeout: 300.0s exceeded,82,59.56268577710819
442,2026-09-21T08:00:02.013+00:00,2026-09-21T08:05:03.225+00:00,2026-09-21T08:05:03.225+00:00,False,1,0.0,,0.0,301211.407136,301211.407136,301211.407136,301211.407136,301211.407136,301211.407136,nan,301211.407136,nan,nan,0.0,8,64,,True,False,"HTTPConnectionPool(host='gpu06', port=9004): Read timed out.",0,59.56268577710819
441,2026-09-21T08:00:01.784+00:00,2026-09-21T08:05:03.962+00:00,2026-09-21T08:05:04.882+00:00,False,26,25.0,,25.0,302178.15943199996,303098.70394399995,303098.70380499994,11657.64245403846,0.02547,302178.15943199996,59254.79805143432,108.47094874999999,36.821780479999994,28.640237835399628,0.08248138205374497,8,64,,True,False,Request timeout: 300.0s exceeded,99,59.56268577710819
0,2026-09-21T07:58:02.108+00:00,2026-09-21T07:58:02.256+00:00,2026-09-21T07:58:05.281+00:00,True,55,55.0,,55.0,148.29684,3173.566856,3173.567014,57.70121843636364,0.01662,222.418915,38.183388639657124,113.97855390000001,56.023518814814814,36.438343387020026,17.330657426049196,9,64,,False,True,,274,59.56268577710819
3,2026-09-21T07:58:03.115+00:00,2026-09-21T07:58:03.305+00:00,2026-09-21T07:58:09.039+00:00,True,92,92.0,,92.0,189.650433,5924.181761,5924.181807,64.39328051086956,36.033343,189.650433,21.56753709622807,78.80966900000001,63.01682778021978,17.148915745180638,15.52957078488936,9,64,,False,True,,720,59.56268577710819
1,2026-09-21T07:58:02.382+00:00,2026-09-21T07:58:03.491+00:00,2026-09-21T07:58:07.480+00:00,True,66,66.0,,66.0,1108.018354,5097.13605,5097.135964,77.22933278787879,42.604693,1108.018354,129.3121883217396,81.248094,61.371041476923075,11.204180086104909,12.9484477856933,9,64,,False,True,,198,59.56268577710819
4,2026-09-21T07:58:03.422+00:00,2026-09-21T07:58:04.298+00:00,2026-09-21T07:58:04.298+00:00,True,1,1.0,,1.0,876.320619,876.320619,876.320619,876.320619,876.320619,876.320619,nan,876.320619,nan,nan,1.1411348521516416,9,64,,False,True,,2,59.56268577710819
2,2026-09-21T07:58:02.704+00:00,2026-09-21T07:58:06.607+00:00,2026-09-21T07:58:09.042+00:00,True,41,41.0,,41.0,3902.9697429999997,6337.553295,6337.553115,154.57446621951217,38.566413999999995,3902.9697429999997,600.1296989477936,77.157898,60.8645888,10.738597044231218,6.469373603902767,9,64,,False,True,,164,59.56268577710819
6,2026-09-21T07:58:04.279+00:00,2026-09-21T07:58:11.223+00:00,2026-09-21T07:58:15.148+00:00,True,63,63.0,,63.0,6944.026415,10869.027119,10869.027353,172.5242436984127,0.016460000000000002,6944.026415,868.0497461933866,81.31901090000001,63.306462967741936,45.237496048103935,5.796286945486643,9,64,,False,True,,527,59.56268577710819
7,2026-09-21T07:58:04.584+00:00,2026-09-21T07:58:13.154+00:00,2026-09-21T07:58:13.745+00:00,True,13,13.0,,13.0,8570.519605000001,9160.858933000001,9160.858996,704.6814612307693,0.01609,8570.519605000001,2363.5828905445956,3475.6378828,49.194944,31.51978539715112,1.4190809066134975,9,64,,False,True,,39,59.56268577710819
5,2026-09-21T07:58:03.781+00:00,2026-09-21T07:58:15.686+00:00,2026-09-21T07:58:21.244+00:00,True,89,89.0,,89.0,11905.205152,17463.332000000002,17463.332149,196.21721515730337,28.915723000000003,11905.205152,1255.3015254591132,77.123784,63.160532363636364,10.96040180238897,5.096392830417471,9,64,,False,True,,266,59.56268577710819
8,2026-09-21T07:58:05.076+00:00,2026-09-21T07:58:16.127+00:00,2026-09-21T07:58:16.184+00:00,True,2,2.0,,2.0,11050.968031,11107.529183,11107.529277,5553.7646385,56.561246,11050.968031,7774.219592796889,10501.24769175,56.561152,nan,0.1800580459478771,9,64,,False,True,,6,59.56268577710819
9,2026-09-21T07:58:05.568+00:00,2026-09-21T07:58:18.666+00:00,2026-09-21T07:58:21.052+00:00,True,38,38.0,,38.0,13097.685811000001,15484.176947000002,15484.176869,407.47833865789477,43.550964,13097.685811000001,2114.2997306294387,87.8201773,64.49976043243244,12.811629204267254,2.454118170443819,9,64,,False,True,,152,59.56268577710819
10,2026-09-21T07:58:05.977+00:00,2026-09-21T07:58:20.687+00:00,2026-09-21T07:58:21.243+00:00,True,10,10.0,,10.0,14710.241423000001,15266.477455000002,15266.477451,1526.6477451,29.673143,14710.241423000001,4632.273001805179,8131.026928700001,61.80400355555555,17.78872066443503,0.6550299523564848,9,64,,False,True,,73,59.56268577710819
11,2026-09-21T07:58:06.423+00:00,2026-09-21T07:58:23.288+00:00,2026-09-21T07:58:26.973+00:00,True,64,64.0,,64.0,16865.266373,20550.435781,20550.435795999998,321.10055931249997,0.0,16865.266373,2102.0456338999825,94.6993027,58.49475250793651,71.56343052943733,3.1142891898755494,9,64,,False,True,,256,59.56268577710819
12,2026-09-21T07:58:06.889+00:00,2026-09-21T07:58:25.564+00:00,2026-09-21T07:58:29.107+00:00,True,59,59.0,,59.0,18674.595879,22217.957927,22217.958097,376.5755609661017,0.0,18674.595879,2423.8368011180823,76.335654,61.09244910344828,52.791691810244494,2.655509574455591,9,64,,False,True,,566,59.56268577710819
13,2026-09-21T07:58:07.184+00:00,2026-09-21T07:58:27.038+00:00,2026-09-21T07:58:30.395+00:00,True,55,55.0,,55.0,19853.387521,23210.598913,23210.598860000002,422.01088836363635,40.436175000000006,19853.387521,2668.668576627411,78.351962,62.17058133333334,10.794892705977526,2.369607100883343,9,64,,False,True,,55,59.56268577710819
14,2026-09-21T07:58:07.500+00:00,2026-09-21T07:58:28.949+00:00,2026-09-21T07:58:31.516+00:00,True,41,41.0,,41.0,21448.802677,24015.811189,24015.811283,585.7514947073171,0.0,21448.802677,3340.3394656406103,81.572919,64.1752128,65.26721500736957,1.7072086250736054,9,64,,False,True,,382,59.56268577710819
15,2026-09-21T07:58:08.001+00:00,2026-09-21T07:58:31.579+00:00,2026-09-21T07:58:35.369+00:00,True,53,53.0,,53.0,23578.286148,27367.808836,27367.808811,516.3737511509433,0.01705,23578.286148,3230.6356360257937,286.7648196,72.87543630769231,112.42611375955758,1.936581781815249,9,64,,False,True,,210,59.56268577710819
16,2026-09-21T07:58:08.409+00:00,2026-09-21T07:58:33.563+00:00,2026-09-21T07:58:37.121+00:00,True,57,57.0,,57.0,25154.507471999998,28712.687056,28712.686971,503.73135036842103,0.0,25154.507471999998,3324.164235288157,77.03091220000002,63.53892114285714,72.8574986648535,1.9851851513872467,9,64,,False,True,,70,59.56268577710819
17,2026-09-21T07:58:08.695+00:00,2026-09-21T07:58:35.378+00:00,2026-09-21T07:58:36.512+00:00,True,25,25.0,,25.0,26682.72639,27817.028854,27817.028838,1112.68115352,0.0,26682.72639,5327.1725786052275,86.2910326,47.262602666666666,29.78942790601989,0.8987300596053802,9,64,,False,True,,125,59.56268577710819
18,2026-09-21T07:58:09.001+00:00,2026-09-21T07:58:36.439+00:00,2026-09-21T07:58:36.693+00:00,True,5,5.0,,5.0,27438.457709,27691.617133,27691.617055,5538.323410999999,45.91278500000001,27438.457709,12242.553212575689,21966.2033308,63.289856,13.94997673461802,0.1805600581571496,9,64,,False,True,,5,59.56268577710819
19,2026-09-21T07:58:09.418+00:00,2026-09-21T07:58:38.233+00:00,2026-09-21T07:58:38.291+00:00,True,2,2.0,,2.0,28814.360142,28873.00155,28873.001728000003,14436.500864000001,58.641586000000004,28814.360142,20333.36358883944,27376.5742142,58.641408,nan,0.06926886338909229,9,64,,False,True,,4,59.56268577710819
20,2026-09-21T07:58:09.893+00:00,2026-09-21T07:58:41.257+00:00,2026-09-21T07:58:46.490+00:00,True,78,78.0,,78.0,31364.730537,36597.673897,36597.67374,469.20094538461535,0.0,31364.730537,3545.324074033302,89.96489304999999,67.96030337662337,109.27777377323504,2.131282994091978,9,64,,False,True,,156,59.56268577710819
21,2026-09-21T07:58:10.256+00:00,2026-09-21T07:58:43.544+00:00,2026-09-21T07:58:43.959+00:00,True,16,16.0,,16.0,33287.990856,33703.045192,33703.045078999996,2106.4403174374997,0.017,33287.990856,8315.143189930697,8391.040058999999,27.670289066666665,33.51666108463395,0.47473455021203476,9,64,,False,True,,32,59.56268577710819
22,2026-09-21T07:58:10.602+00:00,2026-09-21T07:58:44.727+00:00,2026-09-21T07:58:48.947+00:00,True,67,67.0,,67.0,34124.90208299999,38344.88544299999,38344.885260999996,572.3117203134327,0.0,34124.90208299999,4162.102990567817,78.81700070000001,63.93914181818182,86.92606951225918,1.7472995218513843,9,64,,False,True,,402,59.56268577710819
23,2026-09-21T07:58:11.023+00:00,2026-09-21T07:58:46.986+00:00,2026-09-21T07:58:50.903+00:00,True,62,62.0,,62.0,35962.478054,39879.69175,39879.69182,643.2208358064516,36.435764000000006,35962.478054,4559.095183465862,81.95279344999999,64.21661796721311,10.290054215028066,1.5546760087482372,9,64,,False,True,,187,59.56268577710819
24,2026-09-21T07:58:11.308+00:00,2026-09-21T07:58:48.293+00:00,2026-09-21T07:58:50.968+00:00,True,43,43.0,,43.0,36985.719189999996,39660.270229999995,39660.270427999996,922.3318704186046,44.228705000000005,36985.719189999996,5630.5658145706175,77.07826499999999,63.679786666666665,9.358703218143228,1.0842084471596403,9,64,,False,True,,65,59.56268577710819
25,2026-09-21T07:58:11.619+00:00,2026-09-21T07:58:49.718+00:00,2026-09-21T07:58:53.636+00:00,True,49,49.0,,49.0,38099.024605,42016.708572999996,42016.708721999996,857.4838514693877,0.0,38099.024605,5432.9327820377985,78.402068,81.618416,144.22438053585861,1.1662027242059478,9,64,,False,True,,167,59.56268577710819
26,2026-09-21T07:58:11.929+00:00,2026-09-21T07:58:51.454+00:00,2026-09-21T07:58:52.510+00:00,True,17,17.0,,17.0,39525.502274,40581.514817999996,40581.514683,2387.1479225294115,45.739544,39525.502274,9570.341936124456,7975.316613999999,66.000784,12.01999886174415,0.41890994153967914,9,64,,False,True,,17,59.56268577710819
27,2026-09-21T07:58:12.284+00:00,2026-09-21T07:58:53.715+00:00,2026-09-21T07:58:54.022+00:00,True,15,15.0,,15.0,41430.999901,41737.879133,41737.879103,2782.5252735333333,0.0,41430.999901,10691.82759335226,12500.393420000002,21.91994514285714,33.63365636171831,0.359385774063931,9,64,,False,True,,127,59.56268577710819
28,2026-09-21T07:58:12.638+00:00,2026-09-21T07:58:55.190+00:00,2026-09-21T07:59:01.268+00:00,True,92,92.0,,92.0,42552.022088,48629.887559999996,48629.88755,528.5857342391304,0.0,42552.022088,4430.343943107595,78.35751250000001,66.78973046153847,92.36161498838713,1.8918406892569837,9,64,,False,True,,460,59.56268577710819
29,2026-09-21T07:58:13.142+00:00,2026-09-21T07:58:56.402+00:00,2026-09-21T07:59:02.196+00:00,True,92,92.0,,92.0,43259.838701,49054.307053,49054.307193,533.1989912282609,0.0,43259.838701,4504.466091297921,77.89066550000001,63.67547639560439,93.25242271448968,1.87547242081312,9,64,,False,True,,278,59.56268577710819
30,2026-09-21T07:58:13.380+00:00,2026-09-21T07:58:59.316+00:00,2026-09-21T07:59:05.583+00:00,True,88,88.0,,88.0,45936.15209,52202.655514000005,52202.655341000005,593.2119925113636,0.0,45936.15209,4890.813247310639,85.368989,72.02877498850575,128.97273393863478,1.685737998067927,9,64,,False,True,,506,59.56268577710819
31,2026-09-21T07:58:13.732+00:00,2026-09-21T07:59:01.266+00:00,2026-09-21T07:59:06.137+00:00,True,87,87.0,,87.0,47534.27510499999,52405.294880999994,52405.294750999994,602.3597097816091,0.0,47534.27510499999,5091.351834232958,84.669313,56.6397648372093,111.87681606643882,1.660137591011679,9,64,,False,True,,191,59.56268577710819
32,2026-09-21T07:58:14.174+00:00,2026-09-21T07:59:03.291+00:00,2026-09-21T07:59:04.276+00:00,True,17,17.0,,17.0,49116.45983,50101.658934,50101.658862,2947.1564036470586,48.025324999999995,49116.45983,11897.56005173967,9887.2592684,61.574944,8.55529818554667,0.3393101218942564,9,64,,False,True,,86,59.56268577710819
33,2026-09-21T07:58:14.576+00:00,2026-09-21T07:59:05.670+00:00,2026-09-21T07:59:10.983+00:00,True,88,88.0,,88.0,51093.963965,56406.837181,56406.837186000004,640.9867862045455,0.0,51093.963965,5441.272890521881,89.37666280000002,61.06750822988506,112.40747829888677,1.5600945629626934,9,64,,False,True,,346,59.56268577710819
34,2026-09-21T07:58:15.037+00:00,2026-09-21T07:59:08.097+00:00,2026-09-21T07:59:12.855+00:00,True,77,77.0,,77.0,53059.340729999996,57817.73433,57817.734287,750.879666064935,0.0,53059.340729999996,6040.700178971612,88.77978319999998,62.61044210526316,119.27864381118503,1.331771313633901,9,64,,False,True,,539,59.56268577710819
35,2026-09-21T07:58:15.430+00:00,2026-09-21T07:59:10.323+00:00,2026-09-21T07:59:11.302+00:00,True,23,23.0,,23.0,54892.70514,55871.531124,55871.531040999995,2429.197001782609,0.0,54892.70514,11436.688408142774,116.5123716,44.49209018181818,32.983738425703045,0.41165866653903443,9,64,,False,True,,55,59.56268577710819
36,2026-09-21T07:58:15.704+00:00,2026-09-21T07:59:11.685+00:00,2026-09-21T07:59:16.600+00:00,True,77,77.0,,77.0,55980.527542,60896.197302,60896.197326,790.8597055324676,44.683444,55980.527542,6372.209111934173,79.486257,64.6798652631579,9.424346271307202,1.2644467702660822,9,64,,False,True,,153,59.56268577710819
37,2026-09-21T07:58:16.110+00:00,2026-09-21T07:59:13.976+00:00,2026-09-21T07:59:19.507+00:00,True,86,86.0,,86.0,57866.306883000005,63396.744771000005,63396.74489,737.1714522093024,0.01512,57866.306883000005,6233.94887990894,82.70403200000001,65.06397515294117,116.7542379861451,1.356536527398163,9,64,,False,True,,86,59.56268577710819
38,2026-09-21T07:58:16.608+00:00,2026-09-21T07:59:16.454+00:00,2026-09-21T07:59:17.848+00:00,True,23,23.0,,23.0,59845.458419,61239.835635,61239.835792000005,2662.601556173913,43.326994,59845.458419,12465.429771247727,81.61889900000001,63.380782545454544,11.29340794303283,0.375572529898414,9,64,,False,True,,92,59.56268577710819
39,2026-09-21T07:58:17.107+00:00,2026-09-21T07:59:19.502+00:00,2026-09-21T07:59:19.502+00:00,True,2,2.0,,2.0,62394.317246,62394.368702,62394.368716,31197.184358,0.05147,62394.317246,44119.408437365324,59274.60395719999,0.051456,nan,0.03205417478542245,9,64,,False,True,,6,59.56268577710819
40,2026-09-21T07:58:17.509+00:00,2026-09-21T07:59:21.323+00:00,2026-09-21T07:59:22.647+00:00,True,25,25.0,,25.0,63813.528414,65137.317214,65137.317351,2605.49269404,0.0,63813.528414,12751.696326345118,79.909461,55.15786666666666,24.31606569929769,0.3838045696273585,9,64,,False,True,,75,59.56268577710819
41,2026-09-21T07:58:18.013+00:00,2026-09-21T07:59:24.160+00:00,2026-09-21T07:59:24.635+00:00,True,8,8.0,,8.0,66146.769712,66621.91902399999,66621.91893399999,8327.739866749998,45.238634,66146.769712,23362.418306346055,43022.41414825,67.87847314285715,11.093758654785722,0.12008059985660374,9,64,,False,True,,38,59.56268577710819
42,2026-09-21T07:58:18.351+00:00,2026-09-21T07:59:25.880+00:00,2026-09-21T07:59:27.983+00:00,True,34,34.0,,34.0,67529.217537,69631.859201,69631.85934200001,2047.995863,44.022394,67529.217537,11570.242907150214,81.4282605,63.71641406060606,10.834866050193149,0.48828223732839404,9,64,,False,True,,94,59.56268577710819
43,2026-09-21T07:58:18.657+00:00,2026-09-21T07:59:27.536+00:00,2026-09-21T07:59:32.993+00:00,True,87,87.0,,87.0,68878.336202,74335.361994,74335.362112,854.4294495632184,0.0,68878.336202,7379.070679835322,77.13091800000001,63.45378827906977,141.49154560574047,1.1703716463642462,9,64,,False,True,,348,59.56268577710819
44,2026-09-21T07:58:18.941+00:00,2026-09-21T07:59:28.897+00:00,2026-09-21T07:59:32.821+00:00,True,62,62.0,,62.0,69956.017582,73880.194478,73880.194467,1191.6160397903225,0.0,69956.017582,8877.818794720793,81.78003149999999,64.33076878688524,168.1092317851302,0.8391964915368803,9,64,,False,True,,127,59.56268577710819
45,2026-09-21T07:58:19.291+00:00,2026-09-21T07:59:30.761+00:00,2026-09-21T07:59:33.454+00:00,True,44,44.0,,44.0,71470.07031,74163.21334999999,74163.213577,1685.5275812954544,0.0,71470.07031,10766.920615851768,85.380383,62.6312334883721,201.62658221906176,0.5932860512980996,9,64,,False,True,,44,59.56268577710819
46,2026-09-21T07:58:19.565+00:00,2026-09-21T07:59:32.842+00:00,2026-09-21T07:59:37.578+00:00,True,85,85.0,,85.0,73277.241515,78013.726635,78013.72666100001,917.8085489529412,0.0,73277.241515,7943.118160850477,173.78709500000002,56.38672761904762,138.9747353859802,1.0895518476855544,9,64,,False,True,,89,59.56268577710819
47,2026-09-21T07:58:20.056+00:00,2026-09-21T07:59:34.886+00:00,2026-09-21T07:59:36.866+00:00,True,34,34.0,,34.0,74830.382022,76810.43655,76810.436447,2259.130483735294,0.02727,74830.382022,12823.106268868523,176.4096573,60.00165236363637,49.2801635873894,0.44264818073085155,9,64,,False,True,,222,59.56268577710819
48,2026-09-21T07:58:20.556+00:00,2026-09-21T07:59:37.445+00:00,2026-09-21T07:59:40.094+00:00,True,44,44.0,,44.0,76888.576457,79537.950921,79537.951,1807.6807045454545,41.531943,76888.576457,11582.10479270212,79.02255050000001,61.61335962790698,10.123422642689137,0.5531950407385076,9,64,,False,True,,93,59.56268577710819
49,2026-09-21T07:58:20.849+00:00,2026-09-21T07:59:39.168+00:00,2026-09-21T07:59:44.885+00:00,True,90,90.0,,90.0,78319.04641699999,84035.89556899999,84035.89562999998,933.7321736666665,42.698294000000004,78319.04641699999,8248.788734775535,78.5564815,64.23426013483146,11.00505422533325,1.0709709153525118,9,64,,False,True,,446,59.56268577710819
50,2026-09-21T07:58:21.223+00:00,2026-09-21T07:59:41.024+00:00,2026-09-21T07:59:41.496+00:00,True,8,8.0,,8.0,79801.465091,80273.22726700001,80273.22718300001,10034.153397875001,45.477835,79801.465091,28190.253416207684,51901.434196600014,67.39459657142856,12.67613724951455,0.09965962840127106,9,64,,False,True,,70,59.56268577710819
51,2026-09-21T07:58:21.664+00:00,2026-09-21T07:59:43.042+00:00,2026-09-21T07:59:46.959+00:00,True,43,43.0,,43.0,81377.864754,85294.86417799999,85294.864108,1983.6014908837208,0.0,81377.864754,12398.406701700427,80.56513100000001,93.26189104761905,258.0115379479517,0.5041335186402811,9,64,,False,True,,258,59.56268577710819
52,2026-09-21T07:58:22.021+00:00,2026-09-21T07:59:44.936+00:00,2026-09-21T07:59:49.268+00:00,True,69,69.0,,69.0,82915.58153200001,87246.64175600001,87246.64181300001,1264.4440842463769,0.0,82915.58153200001,9976.357209430551,77.7061306,63.69206211764706,209.22033555942895,0.7908613857364294,9,64,,False,True,,817,59.56268577710819
53,2026-09-21T07:58:22.420+00:00,2026-09-21T07:59:47.041+00:00,2026-09-21T07:59:51.316+00:00,True,68,68.0,,68.0,84620.873167,88896.413391,88896.413243,1307.30019475,40.560483,84620.873167,10254.054476533332,79.054805,63.814033194029854,10.081663506943263,0.7649352477350275,9,64,,False,True,,676,59.56268577710819
54,2026-09-21T07:58:23.334+00:00,2026-09-21T07:59:51.112+00:00,2026-09-21T07:59:54.136+00:00,True,35,35.0,,35.0,87778.56278000001,90802.73404400001,90802.734116,2594.3638318857147,0.01747,87778.56278000001,14824.029030360662,479.20697049999995,88.94621364705883,233.07590315292632,0.38545094890028486,9,64,,False,True,,139,59.56268577710819
55,2026-09-21T07:58:23.384+00:00,2026-09-21T07:59:51.796+00:00,2026-09-21T07:59:56.279+00:00,True,71,71.0,,71.0,88411.85871500001,92895.463451,92895.46351900001,1308.3868101267608,0.015099999999999999,88411.85871500001,10486.731101267107,131.48793700000002,64.05149622857142,194.35137008643292,0.7642999707671484,9,64,,False,True,,426,59.56268577710819
56,2026-09-21T07:58:23.642+00:00,2026-09-21T07:59:54.141+00:00,2026-09-21T07:59:59.237+00:00,True,98,98.0,,98.0,90498.425044,95594.502612,95594.502512,975.4541072653061,0.01543,90498.425044,9136.744868027936,92.18317780000001,52.5368821443299,78.1118866076458,1.0251635535754964,9,64,,False,True,,390,59.56268577710819
57,2026-09-21T07:58:24.095+00:00,2026-09-21T07:59:55.594+00:00,2026-09-21T07:59:58.898+00:00,True,53,53.0,,53.0,91498.794955,94802.310859,94802.31069500001,1788.722843301887,42.639194,91498.794955,12559.603949145981,78.9758464,63.529152,10.46157755776969,0.5590581022737641,9,64,,False,True,,215,59.56268577710819
58,2026-09-21T07:58:24.557+00:00,2026-09-21T07:59:57.845+00:00,2026-09-21T08:00:02.882+00:00,True,80,80.0,,80.0,93288.260295,98324.949703,98324.949598,1229.061869975,0.0,93288.260295,10424.931848792163,78.7667655,63.75556212658228,211.34311549053825,0.813628689784716,9,64,,False,True,,224,59.56268577710819
59,2026-09-21T07:58:24.987+00:00,2026-09-21T08:00:00.163+00:00,2026-09-21T08:00:03.171+00:00,True,48,48.0,,48.0,95176.275764,98183.569204,98183.569268,2045.4910264166667,0.0,95176.275764,13730.972948072487,76.2095535,63.98496680851064,275.04036639041976,0.48888016996274036,9,64,,False,True,,336,59.56268577710819
60,2026-09-21T07:58:25.390+00:00,2026-09-21T08:00:02.872+00:00,2026-09-21T08:00:07.721+00:00,True,86,86.0,,86.0,97482.333731,102330.835747,102330.83578800001,1189.8934393953489,0.0,97482.333731,10505.659328752039,78.00473425000001,57.0412001882353,20.546213758453206,0.8404113908795202,9,64,,False,True,,206,59.56268577710819
61,2026-09-21T07:58:25.884+00:00,2026-09-21T08:00:04.711+00:00,2026-09-21T08:00:05.352+00:00,True,11,11.0,,11.0,98826.968111,99468.09476699999,99468.094747,9042.55406790909,41.334494,98826.968111,29778.12378111247,49455.26697899999,64.1126656,12.708942640503698,0.11058822455348177,9,64,,False,True,,23,59.56268577710819
62,2026-09-21T07:58:26.195+00:00,2026-09-21T08:00:06.042+00:00,2026-09-21T08:00:06.854+00:00,True,14,14.0,,14.0,99846.500906,100658.912298,100658.912228,7189.922302,52.020154000000005,99846.500906,26668.398989104946,34995.86287915,62.493184,8.19014519802134,0.13908356131003186,9,64,,False,True,,42,59.56268577710819
63,2026-09-21T07:58:26.539+00:00,2026-09-21T08:00:07.869+00:00,2026-09-21T08:00:09.411+00:00,True,26,26.0,,26.0,101330.309601,102871.696353,102871.696236,3956.6037013846153,48.699174,101330.309601,19860.418975849952,77.81526924999999,61.65547008,8.904046247317236,0.2527420167232595,9,64,,True,True,,91,59.56268577710819
64,2026-09-21T07:58:26.875+00:00,2026-09-21T08:00:09.909+00:00,2026-09-21T08:00:15.781+00:00,True,93,93.0,,93.0,103033.471215,108905.850863,108905.850932,1171.0306551827957,42.807074,103033.471215,10677.458705041085,77.295367,63.83021356521739,9.66964124236316,0.8539486103183838,9,64,,True,True,,281,59.56268577710819
65,2026-09-21T07:58:27.376+00:00,2026-09-21T08:00:12.335+00:00,2026-09-21T08:00:14.842+00:00,True,41,41.0,,41.0,104959.434226,107466.90635399999,107466.90615699999,2621.144052609756,43.711644,104959.434226,16382.121940536737,77.56801700000001,62.6868032,8.762472519379152,0.3815127967389745,9,64,,True,True,,719,59.56268577710819
66,2026-09-21T07:58:27.655+00:00,2026-09-21T08:00:13.932+00:00,2026-09-21T08:00:16.974+00:00,True,50,50.0,,50.0,106277.26167800001,109318.45207800002,109318.452065,2186.3690413000004,43.189454,106277.26167800001,15021.100191704378,76.57860595,62.065110204081634,9.655692471281144,0.4573793266330226,9,64,,True,True,,50,59.56268577710819
67,2026-09-21T07:58:28.087+00:00,2026-09-21T08:00:16.345+00:00,2026-09-21T08:00:19.279+00:00,True,47,47.0,,47.0,108257.631486,111191.898622,111191.898763,2365.78508006383,42.555932999999996,108257.631486,15781.69699774864,77.0579991,63.788416,9.836225319750435,0.4226926654052183,9,64,,True,True,,195,59.56268577710819
68,2026-09-21T07:58:28.449+00:00,2026-09-21T08:00:18.024+00:00,2026-09-21T08:00:21.221+00:00,True,51,51.0,,51.0,109575.065721,112772.02674500001,112772.026639,2211.2162086078433,44.203874000000006,109575.065721,15334.6281113528,77.93269049999999,63.939220479999996,9.959043091109315,0.4522398104569066,9,64,,True,True,,204,59.56268577710819
69,2026-09-21T07:58:28.927+00:00,2026-09-21T08:00:20.460+00:00,2026-09-21T08:00:21.592+00:00,True,19,19.0,,19.0,111533.07037199999,112665.724708,112665.72480699999,5929.774989842104,49.93757299999999,111533.07037199999,25573.006638208793,11221.9767996,62.92524088888889,8.981474060775922,0.1686404631865016,9,64,,True,True,,171,59.56268577710819
70,2026-09-21T07:58:29.386+00:00,2026-09-21T08:00:22.790+00:00,2026-09-21T08:00:27.435+00:00,True,74,74.0,,74.0,113403.530918,118049.26839,118049.26827300001,1595.2603820675677,45.968924,113403.530918,13175.497712052937,76.90855149999999,63.64023934246575,9.019583469950385,0.6268569132976395,9,64,,True,True,,151,59.56268577710819
71,2026-09-21T07:58:29.766+00:00,2026-09-21T08:00:24.699+00:00,2026-09-21T08:00:27.289+00:00,True,42,42.0,,42.0,114932.72642,117523.32226,117523.322283,2798.1743400714286,48.069874000000006,114932.72642,17724.757676578225,79.63178955000001,63.1852643902439,9.845571768983651,0.3573758739314931,9,64,,True,True,,57,59.56268577710819
72,2026-09-21T07:58:30.104+00:00,2026-09-21T08:00:26.580+00:00,2026-09-21T08:00:30.789+00:00,True,68,68.0,,68.0,116476.450205,120684.783005,120684.782878,1774.7762187941178,40.813343,116476.450205,14117.230848106645,77.80216300000001,62.81093731343284,9.967965949545674,0.5634513176129483,9,64,,True,True,,136,59.56268577710819
73,2026-09-21T07:58:30.417+00:00,2026-09-21T08:00:28.069+00:00,2026-09-21T08:00:33.357+00:00,True,85,85.0,,85.0,117651.953564,122939.25877999999,122939.25863699999,1446.3442192588234,41.960053,117651.953564,12754.322581770968,77.38886480000001,62.944109714285716,9.84430732418193,0.6913983445443384,9,64,,True,True,,383,59.56268577710819
74,2026-09-21T07:58:30.798+00:00,2026-09-21T08:00:30.208+00:00,2026-09-21T08:00:34.920+00:00,True,74,74.0,,74.0,119410.411193,124122.07583300001,124122.07583300001,1677.3253490945947,43.676513,119410.411193,13873.677884502318,76.42415265,64.54335123287672,8.476600572900558,0.596187257612121,9,64,,True,True,,308,59.56268577710819
75,2026-09-21T07:58:31.181+00:00,2026-09-21T08:00:32.208+00:00,2026-09-21T08:00:32.784+00:00,True,10,10.0,,10.0,121026.976632,121603.49375200001,121603.493854,12160.3493854,45.541774,121026.976632,38251.8347265486,66598.1015418,64.05745777777777,9.40977206634871,0.0822344793842367,9,64,,True,True,,30,59.56268577710819
76,2026-09-21T07:58:31.583+00:00,2026-09-21T08:00:33.976+00:00,2026-09-21T08:00:39.191+00:00,True,85,85.0,,85.0,122393.518652,127607.661116,127607.661049,1501.2666005764706,43.334002999999996,122393.518652,13268.711584088409,76.8959918,62.07312457142857,9.47408538236019,0.6661042076676879,9,64,,True,True,,340,59.56268577710819
77,2026-09-21T07:58:32.077+00:00,2026-09-21T08:00:36.329+00:00,2026-09-21T08:00:42.165+00:00,True,92,92.0,,92.0,124252.202084,130088.397412,130088.397358,1414.0043191086957,44.259754,124252.202084,12947.50422126892,76.279894,64.13401459340659,9.006377194697057,0.7072114180070102,9,64,,True,True,,276,59.56268577710819
78,2026-09-21T07:58:32.396+00:00,2026-09-21T08:00:38.276+00:00,2026-09-21T08:00:39.684+00:00,True,23,23.0,,23.0,125879.644556,127287.600524,127287.600551,5534.243502217391,43.287903,125879.644556,26234.37774304151,78.231919,63.99799854545455,10.278889142721326,0.1806931696828032,9,64,,True,True,,127,59.56268577710819
79,2026-09-21T07:58:32.790+00:00,2026-09-21T08:00:40.098+00:00,2026-09-21T08:00:40.303+00:00,True,4,4.0,,4.0,127307.42020000001,127512.41450400001,127512.414625,31878.10365625,58.710315,127307.42020000001,63619.54479084728,108222.80516275,68.33143466666667,9.041807224966774,0.0313694946139893,9,64,,True,True,,10,59.56268577710819
80,2026-09-21T07:58:33.382+00:00,2026-09-21T08:00:42.287+00:00,2026-09-21T08:00:42.642+00:00,True,7,7.0,,7.0,128904.77598199999,129259.38103799999,129259.38093999999,18465.625848571428,44.737724,128904.77598199999,48699.08926043228,90256.34646319998,59.100842666666665,13.46263564503502,0.054154676773070134,9,64,,True,True,,13,59.56268577710819
81,2026-09-21T07:58:33.675+00:00,2026-09-21T08:00:45.131+00:00,2026-09-21T08:00:45.425+00:00,True,6,6.0,,6.0,131455.911372,131749.58382,131749.583744,21958.263957333333,50.473465,131455.911372,53642.673268203645,98609.0488975,58.7344896,7.5759153556547085,0.045540940821470595,9,64,,True,True,,6,59.56268577710819
82,2026-09-21T07:58:34.161+00:00,2026-09-21T08:00:47.760+00:00,2026-09-21T08:00:52.271+00:00,True,72,72.0,,72.0,133598.669588,138109.10465999998,138109.104773,1918.182010736111,47.601363,133598.669588,15737.269888631366,79.47439204999999,63.52725453521126,8.832470234140914,0.5213269623117982,9,64,,True,True,,216,59.56268577710819
83,2026-09-21T07:58:34.639+00:00,2026-09-21T08:00:50.393+00:00,2026-09-21T08:00:54.840+00:00,True,71,71.0,,71.0,135753.996153,140200.05080899998,140200.050884,1974.6486039999998,42.427063000000004,135753.996153,16103.500473759872,78.759541,63.515066514285714,9.998099341128906,0.5064192173277176,9,64,,True,True,,304,59.56268577710819
84,2026-09-21T07:58:35.105+00:00,2026-09-21T08:00:52.798+00:00,2026-09-21T08:00:56.799+00:00,True,64,64.0,,64.0,137692.549584,141693.2948,141693.294642,2213.95772878125,42.815003,137692.549584,17203.63276313282,77.6612007,63.50389231746032,8.468779792304996,0.4516798066580071,9,64,,True,True,,320,59.56268577710819
85,2026-09-21T07:58:35.551+00:00,2026-09-21T08:00:55.202+00:00,2026-09-21T08:00:57.360+00:00,True,36,36.0,,36.0,139651.120887,141808.700919,141808.700899,3939.1305805277775,46.333273,139651.120887,23264.91391233907,75.8900335,61.64514377142857,7.855615189039386,0.2538631252292687,9,64,,True,True,,24,59.56268577710819
86,2026-09-21T07:58:36.034+00:00,2026-09-21T08:00:57.510+00:00,2026-09-21T08:01:03.256+00:00,True,91,91.0,,91.0,141476.35994800003,147222.762508,147222.76252400002,1617.8325552087915,41.510773,141476.35994800003,14824.06277761441,78.0188705,63.84891733333333,10.4953072424888,0.6181109391630598,9,64,,True,True,,91,59.56268577710819
87,2026-09-21T07:58:36.409+00:00,2026-09-21T08:00:59.603+00:00,2026-09-21T08:01:01.130+00:00,True,25,25.0,,25.0,143194.409335,144721.603703,144721.603708,5788.86414832,46.412594,143194.409335,28626.1568817777,79.69202720000001,63.63309866666666,9.881866890663272,0.1727454599750387,9,64,,True,True,,293,59.56268577710819
88,2026-09-21T07:58:36.869+00:00,2026-09-21T08:01:01.729+00:00,2026-09-21T08:01:03.540+00:00,True,29,29.0,,29.0,144860.39366499998,146670.80518499998,146670.80529999998,5057.613975862068,50.482644,144860.39366499998,26887.894757284717,78.83802,64.65755428571428,9.370101889150282,0.19772169358054242,9,64,,True,True,,219,59.56268577710819
89,2026-09-21T07:58:37.303+00:00,2026-09-21T08:01:04.146+00:00,2026-09-21T08:01:08.542+00:00,True,71,71.0,,71.0,146842.63237900002,151239.50354700003,151239.50349600002,2130.133852056338,43.134603000000006,146842.63237900002,17419.562454468218,79.425371,62.812445257142855,9.669400704934935,0.4694540667937041,9,64,,True,True,,284,59.56268577710819
90,2026-09-21T07:58:37.800+00:00,2026-09-21T08:01:06.943+00:00,2026-09-21T08:01:12.224+00:00,True,84,84.0,,84.0,149143.123247,154424.50359900002,154424.503648,1838.3869481904762,46.604053,149143.123247,16265.908915540858,77.77949885,63.63108857831325,9.580575320346254,0.5439551239751821,9,64,,True,True,,756,59.56268577710819
91,2026-09-21T07:58:38.234+00:00,2026-09-21T08:01:09.237+00:00,2026-09-21T08:01:12.483+00:00,True,52,52.0,,52.0,151003.259521,154248.563073,154248.562931,2966.318517903846,42.843674,151003.259521,20931.56241048511,77.2341715,63.633402980392155,10.025086715733114,0.33711821338258025,9,64,,True,True,,107,59.56268577710819
92,2026-09-21T07:58:38.689+00:00,2026-09-21T08:01:12.296+00:00,2026-09-21T08:01:14.178+00:00,True,30,30.0,,30.0,153606.184401,155488.212945,155488.21307,5182.940435666666,54.478704,153606.184401,28032.6772327978,90.91513300000001,64.897536,10.20124911565772,0.19294067011119187,9,64,,True,True,,92,59.56268577710819
93,2026-09-21T07:58:39.034+00:00,2026-09-21T08:01:13.902+00:00,2026-09-21T08:01:14.932+00:00,True,17,17.0,,17.0,154868.23008399998,155898.73632399997,155898.73613099998,9170.513890058823,43.896592,154868.23008399998,37545.443235847306,31038.233702399997,64.40664,9.622105572551737,0.10904514302585094,9,64,,True,True,,68,59.56268577710819
94,2026-09-21T07:58:39.470+00:00,2026-09-21T08:01:16.281+00:00,2026-09-21T08:01:21.253+00:00,True,80,80.0,,80.0,156811.883646,161783.547006,161783.547086,2022.294338575,42.731491999999996,156811.883646,17525.068279441606,75.82457299999999,62.932447594936704,9.908225498849133,0.4944878603572282,9,64,,True,True,,227,59.56268577710819
95,2026-09-21T07:58:39.873+00:00,2026-09-21T08:01:18.169+00:00,2026-09-21T08:01:22.016+00:00,True,62,62.0,,62.0,158295.31272400002,162143.19906,162143.19884800003,2615.2128846451615,45.735423000000004,158295.31272400002,20095.51676769836,77.32787849999998,63.08010386885246,11.307221908682184,0.3823780482896314,9,64,,True,True,,305,59.56268577710819
96,2026-09-21T07:58:40.345+00:00,2026-09-21T08:01:20.815+00:00,2026-09-21T08:01:25.773+00:00,True,79,79.0,,79.0,160469.689472,165427.758976,165427.758951,2094.022265202532,48.250313,160469.689472,18047.101256309346,77.1794291,63.56499364102564,9.10583302714238,0.4775498410243301,9,64,,True,True,,239,59.56268577710819
97,2026-09-21T07:58:40.636+00:00,2026-09-21T08:01:22.418+00:00,2026-09-21T08:01:24.107+00:00,True,27,27.0,,27.0,161782.29772099998,163470.546553,163470.54653099997,6054.464686333333,42.361292,161782.29772099998,31122.523249831658,79.2299,64.93264738461538,10.885266448521172,0.1651673684913394,9,64,,True,True,,162,59.56268577710819
98,2026-09-21T07:58:40.970+00:00,2026-09-21T08:01:23.895+00:00,2026-09-21T08:01:25.774+00:00,True,31,31.0,,31.0,162924.820115,164803.52629100002,164803.526366,5316.242786000001,46.800312,162924.820115,29250.915242775194,79.913025,62.6235392,8.657454157518364,0.18810277120686172,9,64,,True,True,,154,59.56268577710819
99,2026-09-21T07:58:41.285+00:00,2026-09-21T08:01:25.602+00:00,2026-09-21T08:01:27.750+00:00,True,36,36.0,,36.0,164317.115114,166465.26615399998,166465.26599999997,4624.035166666667,46.162713000000004,164317.115114,27375.958042981714,77.43810599999999,61.375744,9.135010884773065,0.216261330857428,9,64,,True,True,,72,59.56268577710819
100,2026-09-21T07:58:41.714+00:00,2026-09-21T08:01:27.806+00:00,2026-09-21T08:01:30.552+00:00,True,44,44.0,,44.0,166091.552299,168837.640491,168837.640518,3837.219102681818,47.768802,166091.552299,25029.61774223722,77.86686435,63.86251609302325,9.471924626966581,0.2606053950531573,9,64,,True,True,,186,59.56268577710819
101,2026-09-21T07:58:41.994+00:00,2026-09-21T08:01:29.024+00:00,2026-09-21T08:01:29.510+00:00,True,9,9.0,,9.0,167029.388156,167515.558524,167515.558363,18612.83981811111,47.130012,167029.388156,55656.20645578981,100248.05177959999,60.771296,10.269974892499564,0.05372635281940434,9,64,,True,True,,79,59.56268577710819
102,2026-09-21T07:58:42.356+00:00,2026-09-21T08:01:30.920+00:00,2026-09-21T08:01:34.147+00:00,True,53,53.0,,53.0,168564.08812099998,171791.15576899998,171791.15574499997,3241.3425612264145,48.440021,168564.08812099998,23145.535184060784,75.138744,62.05899323076923,8.234153126838086,0.30851413603193156,9,64,,True,True,,58,59.56268577710819
103,2026-09-21T07:58:42.708+00:00,2026-09-21T08:01:32.736+00:00,2026-09-21T08:01:38.885+00:00,True,97,97.0,,97.0,170028.473613,176177.711117,176177.71118500002,1816.2650637628867,43.732942,170028.473613,17257.274482356304,76.37542020000001,64.05455733333334,9.096961652587488,0.5505804303223243,9,64,,True,True,,195,59.56268577710819
105,2026-09-21T07:58:43.520+00:00,2026-09-21T08:01:34.014+00:00,2026-09-21T08:01:39.673+00:00,True,89,89.0,,89.0,170494.318547,176152.591315,176152.591353,1979.2425994719101,42.539892,170494.318547,18065.548352676014,76.4455824,64.29855418181818,9.295982090758361,0.5052437737963684,9,64,,True,True,,796,59.56268577710819
106,2026-09-21T07:58:43.635+00:00,2026-09-21T08:01:35.946+00:00,2026-09-21T08:01:38.136+00:00,True,35,35.0,,35.0,172311.596489,174501.944521,174501.944508,4985.769843085714,46.714521999999995,172311.596489,29115.08832600368,78.5251573,64.42200094117648,10.532961671240463,0.20057083086422578,9,64,,True,True,,114,59.56268577710819
104,2026-09-21T07:58:43.515+00:00,2026-09-21T08:01:36.132+00:00,2026-09-21T08:01:39.858+00:00,True,59,59.0,,59.0,172617.077482,176343.21508199998,176343.215135,2988.868053135593,44.528692,172617.077482,22464.467564971037,77.113904,64.24375172413794,9.692943644176996,0.3345748231513465,9,64,,True,True,,118,59.56268577710819
107,2026-09-21T07:58:44.099+00:00,2026-09-21T08:01:39.603+00:00,2026-09-21T08:01:40.338+00:00,True,13,13.0,,13.0,175504.18035100002,176238.779263,176238.77916900002,13556.829166846155,48.507692999999996,175504.18035100002,48659.12379985465,70247.24245480001,61.216576,7.857277135124286,0.07376356131359821,9,64,,True,True,,41,59.56268577710819
108,2026-09-21T07:58:44.539+00:00,2026-09-21T08:01:41.697+00:00,2026-09-21T08:01:45.001+00:00,True,55,55.0,,55.0,177158.177166,180462.64615800002,180462.646065,3281.1390193636366,44.342343,177158.177166,23879.753874017857,75.418057,61.19387022222222,8.593607636462556,0.3047722128148669,9,64,,True,True,,110,59.56268577710819
109,2026-09-21T07:58:44.901+00:00,2026-09-21T08:01:43.682+00:00,2026-09-21T08:01:48.403+00:00,True,76,76.0,,76.0,178780.95788600002,183502.21407800002,183502.214122,2414.502817394737,47.018021,178780.95788600002,20500.363279286063,77.59988475,62.950082560000006,8.699623940098576,0.4141639401020808,9,64,,True,True,,310,59.56268577710819
110,2026-09-21T07:58:45.388+00:00,2026-09-21T08:01:46.160+00:00,2026-09-21T08:01:47.434+00:00,True,21,21.0,,21.0,180772.02424,182046.075568,182046.075378,8668.860732285715,50.846123,180772.02424,39433.78948525492,76.729155,63.7025664,8.044258132888409,0.1153554117246314,9,64,,True,True,,21,59.56268577710819
111,2026-09-21T07:58:45.700+00:00,2026-09-21T08:01:47.818+00:00,2026-09-21T08:01:48.218+00:00,True,7,7.0,,7.0,182118.015007,182518.721055,182518.72118000002,26074.10302571429,57.679804,182118.015007,68808.89766488913,127505.0940691,66.78434133333333,5.9382854549204245,0.038352230168710345,9,64,,True,True,,14,59.56268577710819
112,2026-09-21T07:58:46.153+00:00,2026-09-21T08:01:50.508+00:00,2026-09-21T08:01:50.985+00:00,True,8,8.0,,8.0,184355.352426,184831.929962,184831.93001399998,23103.991251749998,49.135382,184355.352426,65155.390133672816,119858.81424580001,68.08250514285714,12.407453124876346,0.04328256487742533,9,64,,True,True,,31,59.56268577710819
113,2026-09-21T07:58:46.582+00:00,2026-09-21T08:01:51.941+00:00,2026-09-21T08:01:54.109+00:00,True,36,36.0,,36.0,185359.255398,187527.302502,187527.302605,5209.091739027778,43.360852,185359.255398,30882.886125978992,73.43820625,61.944202971428574,7.678536074398026,0.19197204630838252,9,64,,True,True,,72,59.56268577710819
114,2026-09-21T07:58:47.045+00:00,2026-09-21T08:01:54.508+00:00,2026-09-21T08:01:59.336+00:00,True,77,77.0,,77.0,187463.360169,192291.06346499998,192291.06338,2497.2865374025973,42.507852,187463.360169,21356.195370712405,77.313588,63.52241178947368,8.903008948931591,0.4004346255748657,9,64,,True,True,,693,59.56268577710819
115,2026-09-21T07:58:47.532+00:00,2026-09-21T08:01:56.725+00:00,2026-09-21T08:02:01.028+00:00,True,69,69.0,,69.0,189193.354489,193496.589561,193496.589541,2804.2983991449273,42.834122,189193.354489,22768.586558336032,76.26825260000001,63.28286870588236,8.442258000298557,0.35659543228408,9,64,,True,True,,140,59.56268577710819
116,2026-09-21T07:58:47.847+00:00,2026-09-21T08:01:58.559+00:00,2026-09-21T08:02:02.647+00:00,True,67,67.0,,67.0,190711.637885,194799.51679700002,194799.516856,2907.4554754626865,47.334323,190711.637885,23291.569497731594,78.23234570000001,61.93755927272727,8.541261637411564,0.34394335828779543,9,64,,True,True,,598,59.56268577710819
117,2026-09-21T07:58:48.198+00:00,2026-09-21T08:02:00.493+00:00,2026-09-21T08:02:05.846+00:00,True,87,87.0,,87.0,192294.66340299998,197647.638507,197647.63847299997,2271.8119364712643,44.982862999999995,192294.66340299998,20609.480268353596,75.62436770000001,62.24389655813953,8.20122840940895,0.44017728042280035,9,64,,True,True,,266,59.56268577710819
118,2026-09-21T07:58:48.520+00:00,2026-09-21T08:02:02.719+00:00,2026-09-21T08:02:07.835+00:00,True,82,82.0,,82.0,194198.73611000003,199314.14859000003,199314.14849600004,2430.6603475121956,47.156502999999994,194198.73611000003,21438.69009400284,76.73486995000002,63.15324049382716,7.829881021543492,0.4114108335012304,9,64,,True,True,,92,59.56268577710819
119,2026-09-21T07:58:48.821+00:00,2026-09-21T08:02:04.123+00:00,2026-09-21T08:02:05.793+00:00,True,27,27.0,,27.0,195302.409465,196972.007929,196972.007866,7295.259550592593,47.432852,195302.409465,37573.60869120539,77.51370800000001,64.21532553846154,7.44853063405994,0.13707531483220878,9,64,,True,True,,27,59.56268577710819
120,2026-09-21T07:58:49.251+00:00,2026-09-21T08:02:06.446+00:00,2026-09-21T08:02:09.505+00:00,True,49,49.0,,49.0,197194.577756,200253.61903600002,200253.619061,4086.8085522653064,45.002722999999996,197194.577756,28161.551059004592,77.68491399999999,63.73002666666667,8.920690295155312,0.24468971015795307,9,64,,True,True,,105,59.56268577710819
121,2026-09-21T07:58:49.598+00:00,2026-09-21T08:02:08.409+00:00,2026-09-21T08:02:13.726+00:00,True,85,85.0,,85.0,198810.79410499998,204128.04312899997,204128.04313299997,2401.5063898,47.246783,198810.79410499998,21557.193832770652,75.54852980000001,63.30058361904762,7.961939166407008,0.41640530471496134,9,64,,True,True,,297,59.56268577710819
122,2026-09-21T07:58:50.100+00:00,2026-09-21T08:02:11.097+00:00,2026-09-21T08:02:12.884+00:00,True,29,29.0,,29.0,200996.739419,202783.85698699998,202783.857015,6992.54679362069,46.481462,200996.739419,37312.30621571896,76.19085639999999,63.82562742857142,8.055343857659503,0.14300941125633648,9,64,,True,True,,225,59.56268577710819
123,2026-09-21T07:58:50.433+00:00,2026-09-21T08:02:13.021+00:00,2026-09-21T08:02:17.354+00:00,True,69,69.0,,69.0,202588.25609799998,206921.59395399998,206921.59372299997,2998.8636771449274,43.096182,202588.25609799998,24381.090684370494,78.446582,63.725556705882354,10.678127364167919,0.33345963889751956,9,64,,True,True,,343,59.56268577710819
124,2026-09-21T07:58:50.862+00:00,2026-09-21T08:02:15.410+00:00,2026-09-21T08:02:19.443+00:00,True,64,64.0,,64.0,204548.320893,208581.349245,208581.349301,3259.083582828125,42.662082999999996,204548.320893,25560.539624155772,78.1565175,64.01632304761904,8.981791539550677,0.30683472051389166,9,64,,True,True,,256,59.56268577710819
125,2026-09-21T07:58:51.293+00:00,2026-09-21T08:02:17.807+00:00,2026-09-21T08:02:20.591+00:00,True,45,45.0,,45.0,206514.410778,209298.27586599998,209298.27598799998,4651.072799733333,45.051112,206514.410778,30775.920546266865,79.2455938,63.269661090909096,9.747951634571864,0.21500416003813888,9,64,,True,True,,136,59.56268577710819
126,2026-09-21T07:58:51.673+00:00,2026-09-21T08:02:19.803+00:00,2026-09-21T08:02:25.347+00:00,True,90,90.0,,90.0,208130.174416,213673.79886399998,213673.798797,2374.1533199666665,43.694032,208130.174416,21932.282880582203,75.60563504999999,62.28791514606742,9.191791815945956,0.4212027889169677,9,64,,True,True,,630,59.56268577710819
127,2026-09-21T07:58:51.983+00:00,2026-09-21T08:02:21.410+00:00,2026-09-21T08:02:23.498+00:00,True,35,35.0,,35.0,209427.600942,211515.59198199998,211515.59200499998,6043.302628714286,45.125802,209427.600942,35389.34639405943,75.5666913,61.41150117647059,9.485120686420583,0.16547243478380783,9,64,,True,True,,246,59.56268577710819
128,2026-09-21T07:58:52.405+00:00,2026-09-21T08:02:23.569+00:00,2026-09-21T08:02:25.469+00:00,True,32,32.0,,32.0,211164.526105,213064.540185,213064.539977,6658.26687428125,41.669342,211164.526105,37318.13365323482,76.33662604999999,61.290776774193546,10.182258588191178,0.1501892336106937,9,64,,True,True,,168,59.56268577710819
129,2026-09-21T07:58:52.821+00:00,2026-09-21T08:02:25.681+00:00,2026-09-21T08:02:27.444+00:00,True,30,30.0,,30.0,212860.548026,214623.076538,214623.076467,7154.1025489,45.262542,212860.548026,38851.74622487032,80.61742199999999,60.77684524137931,10.050771994349324,0.13977993645379677,9,64,,True,True,,149,59.56268577710819
130,2026-09-21T07:58:53.727+00:00,2026-09-21T08:02:27.740+00:00,2026-09-21T08:02:28.312+00:00,True,10,10.0,,10.0,214012.473213,214585.254525,214585.254413,21458.5254413,50.743322,214012.473213,67656.561344854,117741.48936149999,63.642368,8.904713693646979,0.04660152451824206,9,64,,True,True,,19,59.56268577710819
131,2026-09-21T07:58:53.758+00:00,2026-09-21T08:02:28.615+00:00,2026-09-21T08:02:32.740+00:00,True,66,66.0,,66.0,214857.17251,218982.131998,218982.132105,3317.9110925,40.289351,214857.17251,26439.280090328146,78.09498475000001,63.4609152,10.041019352104525,0.3013944535009038,9,64,,True,True,,132,59.56268577710819
132,2026-09-21T07:58:53.769+00:00,2026-09-21T08:02:29.770+00:00,2026-09-21T08:02:32.976+00:00,True,52,52.0,,52.0,216001.46878999998,219206.940278,219206.940392,4215.518084461538,42.287701,216001.46878999998,29945.299748544337,77.07964755,62.85238211764706,9.653043450607651,0.23721876658673846,9,64,,True,True,,156,59.56268577710819
133,2026-09-21T07:58:54.115+00:00,2026-09-21T08:02:32.666+00:00,2026-09-21T08:02:34.187+00:00,True,25,25.0,,25.0,218550.605885,220071.709245,220071.709149,8802.86836596,41.214451999999994,218550.605885,43697.446527886816,80.10228479999999,63.379306666666665,10.510699701299247,0.1135993358063492,9,64,,True,True,,86,59.56268577710819
134,2026-09-21T07:58:54.558+00:00,2026-09-21T08:02:34.872+00:00,2026-09-21T08:02:39.241+00:00,True,70,70.0,,70.0,220313.717216,224683.04611199998,224683.0459,3209.7577985714283,46.520341,220313.717216,26324.959086004514,77.05567045,63.323607188405795,10.127357160637033,0.3115499865757847,9,64,,True,True,,272,59.56268577710819
135,2026-09-21T07:58:54.974+00:00,2026-09-21T08:02:36.990+00:00,2026-09-21T08:02:38.811+00:00,True,30,30.0,,30.0,222015.90406799997,223836.75757199997,223836.75752099996,7461.225250699999,48.230302,222015.90406799997,40522.910358646586,77.05618255000002,62.78805186206897,8.730881210934275,0.13402624450700468,9,64,,True,True,,150,59.56268577710819
136,2026-09-21T07:58:55.334+00:00,2026-09-21T08:02:38.671+00:00,2026-09-21T08:02:43.761+00:00,True,81,81.0,,81.0,223337.35409,228427.27409000002,228427.274088,2820.0898035555556,41.424231,223337.35409,24808.194334930628,77.88199300000001,63.624,10.278582384933532,0.3545986367988882,9,64,,True,True,,81,59.56268577710819
137,2026-09-21T07:58:55.736+00:00,2026-09-21T08:02:40.618+00:00,2026-09-21T08:02:45.760+00:00,True,82,82.0,,82.0,224881.577616,230023.766928,230023.766916,2805.1678892195123,41.237391,224881.577616,24827.007337753454,77.67775895,63.483818666666664,10.39776499405906,0.3564849019521836,9,64,,True,True,,452,59.56268577710819
138,2026-09-21T07:58:56.223+00:00,2026-09-21T08:02:43.206+00:00,2026-09-21T08:02:48.295+00:00,True,81,81.0,,81.0,226983.654955,232072.417579,232072.417674,2865.091576222222,43.281091,226983.654955,25213.340320436873,79.201833,63.6095328,9.954027208103929,0.34902898347420674,9,64,,True,True,,243,59.56268577710819
139,2026-09-21T07:58:56.625+00:00,2026-09-21T08:02:45.533+00:00,2026-09-21T08:02:49.956+00:00,True,71,71.0,,71.0,228908.397486,233330.972334,233330.972151,3286.35172043662,41.867421,228908.397486,27158.932366295467,79.194648,63.17964068571428,9.551435853688552,0.30428879325273434,9,64,,True,True,,264,59.56268577710819
140,2026-09-21T07:58:56.903+00:00,2026-09-21T08:02:47.054+00:00,2026-09-21T08:02:51.662+00:00,True,75,75.0,,75.0,230150.70192,234758.679136,234758.678952,3130.1157193599997,44.765641,230150.70192,26568.32519474634,76.285044,62.269962378378374,9.192622906541466,0.3194770062432969,9,64,,True,True,,97,59.56268577710819
141,2026-09-21T07:58:57.224+00:00,2026-09-21T08:02:48.417+00:00,2026-09-21T08:02:51.910+00:00,True,58,58.0,,58.0,231193.28836399998,234685.861036,234685.860876,4046.3079461379307,45.537301,231193.28836399998,30349.12186001547,76.35614015,61.27320477192982,9.397468440580775,0.2471388763854973,9,64,,True,True,,116,59.56268577710819
142,2026-09-21T07:58:57.685+00:00,2026-09-21T08:02:50.902+00:00,2026-09-21T08:02:53.373+00:00,True,40,40.0,,40.0,233216.97119299998,235687.42623299998,235687.42608999996,5892.185652249999,47.549842,233216.97119299998,36864.8262422248,77.46687655,63.345001025641025,8.98528275875414,0.1697163087540194,9,64,,True,True,,120,59.56268577710819
143,2026-09-21T07:58:58.051+00:00,2026-09-21T08:02:53.108+00:00,2026-09-21T08:02:54.895+00:00,True,30,30.0,,30.0,235057.937833,236844.980905,236844.980786,7894.832692866667,39.685932,235057.937833,42904.261870297385,76.55433405,61.62217489655172,8.762928369243756,0.1266651287494802,9,64,,True,True,,157,59.56268577710819
144,2026-09-21T07:58:58.382+00:00,2026-09-21T08:02:54.602+00:00,2026-09-21T08:02:56.028+00:00,True,24,24.0,,24.0,236220.528371,237646.103795,237646.10379199998,9901.920991333332,42.661952,236220.528371,48205.66252007789,84.37828209999999,61.98154017391305,10.084582668874772,0.10099050485886801,9,64,,True,True,,30,59.56268577710819
145,2026-09-21T07:58:58.749+00:00,2026-09-21T08:02:56.451+00:00,2026-09-21T08:03:01.219+00:00,True,76,76.0,,76.0,237702.332677,242469.960197,242469.960304,3190.394214526316,42.658822,237702.332677,27259.037092156268,76.10174525000001,63.56836693333333,8.595672536327651,0.31344088949514465,9,64,,True,True,,76,59.56268577710819
146,2026-09-21T07:58:59.200+00:00,2026-09-21T08:02:59.132+00:00,2026-09-21T08:03:00.958+00:00,True,30,30.0,,30.0,239931.97775400002,241758.41026600002,241758.41013800004,8058.613671266668,44.059411,239931.97775400002,43793.887952490004,78.99648944999998,62.980431448275866,9.798878599410195,0.12409082259844378,9,64,,True,True,,135,59.56268577710819
147,2026-09-21T07:58:59.642+00:00,2026-09-21T08:03:01.279+00:00,2026-09-21T08:03:07.352+00:00,True,96,96.0,,96.0,241636.264253,247709.962557,247709.96260600002,2580.3121104791667,43.387691,241636.264253,24655.374412561327,77.37672049999999,63.93366635789474,9.112582276991956,0.38755001619246404,9,64,,True,True,,288,59.56268577710819
148,2026-09-21T07:59:00.102+00:00,2026-09-21T08:03:03.693+00:00,2026-09-21T08:03:09.473+00:00,True,90,90.0,,90.0,243591.644551,249371.42131900002,249371.421444,2770.7935716,46.106162,243591.644551,25669.969890702734,76.40866105,64.941312,8.668763494386706,0.3609074348775136,9,64,,True,True,,90,59.56268577710819
149,2026-09-21T07:59:00.490+00:00,2026-09-21T08:03:05.789+00:00,2026-09-21T08:03:11.112+00:00,True,84,84.0,,84.0,245298.188253,250621.398237,250621.398311,2983.5880751309523,46.007352,245298.188253,26757.230493053125,77.56823649999998,64.13506004819277,9.431667184748706,0.3351669114884015,9,64,,True,True,,85,59.56268577710819
150,2026-09-21T07:59:00.977+00:00,2026-09-21T08:03:08.521+00:00,2026-09-21T08:03:10.805+00:00,True,37,37.0,,37.0,247544.396549,249828.458501,249828.458459,6752.120498891892,43.972662,247544.396549,40685.618723556945,75.96860099999999,63.44616533333333,9.607819400031682,0.14810162229717275,9,64,,True,True,,49,59.56268577710819
151,2026-09-21T07:59:01.416+00:00,2026-09-21T08:03:09.601+00:00,2026-09-21T08:03:11.365+00:00,True,29,29.0,,29.0,248184.790891,249948.986987,249948.987093,8618.930589413794,43.087341,248184.790891,46075.059711922964,77.23264499999999,63.00700342857142,10.458257490093063,0.11602367486893758,9,64,,True,True,,172,59.56268577710819
152,2026-09-21T07:59:01.891+00:00,2026-09-21T08:03:11.811+00:00,2026-09-21T08:03:16.939+00:00,True,82,82.0,,82.0,249919.82619999998,255047.12424799998,255047.12421999997,3110.3307831707316,42.623761,249919.82619999998,27592.03918548444,77.2832195,63.29997590123457,9.731005480491273,0.32150921223587575,9,64,,True,True,,492,59.56268577710819
153,2026-09-21T07:59:02.262+00:00,2026-09-21T08:03:14.884+00:00,2026-09-21T08:03:19.477+00:00,True,75,75.0,,75.0,252621.721469,257215.361149,257215.36107,3429.5381476000002,44.843122,252621.721469,29163.077252892836,76.9983187,62.07621189189189,9.155233291483977,0.2915844515077539,9,64,,True,True,,675,59.56268577710819
154,2026-09-21T07:59:02.692+00:00,2026-09-21T08:03:17.239+00:00,2026-09-21T08:03:19.003+00:00,True,29,29.0,,29.0,254547.04651699998,256311.330933,256311.330899,8838.321755137931,47.296932,254547.04651699998,47256.499975841914,79.6413926,63.01015771428572,8.761599419040333,0.11314365188006702,9,64,,True,True,,98,59.56268577710819
155,2026-09-21T07:59:03.161+00:00,2026-09-21T08:03:19.813+00:00,2026-09-21T08:03:25.754+00:00,True,94,94.0,,94.0,256652.093529,262593.371225,262593.371227,2793.546502414894,43.368412,256652.093529,26465.055108115128,79.16139650000001,63.88470640860215,10.590482976580931,0.35796790894411884,9,64,,True,True,,377,59.56268577710819
156,2026-09-21T07:59:03.483+00:00,2026-09-21T08:03:21.557+00:00,2026-09-21T08:03:26.316+00:00,True,76,76.0,,76.0,258074.16975600002,262833.11606000003,262833.115973,3458.3304733289474,42.438982,258074.16975600002,29595.860571755577,78.39270025,63.45261738666666,9.680884445740041,0.2891568655399215,9,64,,True,True,,85,59.56268577710819
157,2026-09-21T07:59:03.847+00:00,2026-09-21T08:03:23.232+00:00,2026-09-21T08:03:24.850+00:00,True,27,27.0,,27.0,259384.664508,261002.75628399997,261002.756214,9666.768748666665,48.602032,259384.664508,49906.625689406304,79.70030739999999,62.23429907692308,8.682463170876453,0.10344718341066483,9,64,,True,True,,276,59.56268577710819
158,2026-09-21T07:59:04.148+00:00,2026-09-21T08:03:24.662+00:00,2026-09-21T08:03:28.902+00:00,True,68,68.0,,68.0,260513.913056,264754.24048,264754.240384,3893.4447115294115,42.866991,260513.913056,31584.278931397228,76.70618635000001,63.288469014925376,9.537641567198296,0.256841967391026,9,64,,True,True,,204,59.56268577710819
159,2026-09-21T07:59:04.638+00:00,2026-09-21T08:03:27.296+00:00,2026-09-21T08:03:31.182+00:00,True,62,62.0,,62.0,262657.910037,266543.501333,266543.501401,4299.088732274194,42.358121,262657.910037,33349.49975989814,76.67252149999999,63.69821796721312,10.117358324229967,0.23260743439601525,9,64,,True,True,,366,59.56268577710819
160,2026-09-21T07:59:05.613+00:00,2026-09-21T08:03:28.011+00:00,2026-09-21T08:03:31.902+00:00,True,62,62.0,,62.0,262397.18213100004,266288.31147500005,266288.31150500005,4294.972766209678,43.389691,262397.18213100004,33316.37559265777,77.20498094999999,63.78900563934426,9.56103282869459,0.2328303471398171,9,64,,True,True,,208,59.56268577710819
162,2026-09-21T07:59:05.754+00:00,2026-09-21T08:03:29.717+00:00,2026-09-21T08:03:35.318+00:00,True,89,89.0,,89.0,263962.744687,269563.498351,269563.498262,3028.803351258427,44.987641,263962.744687,27973.250238898287,79.9977974,63.644928,9.547424569083253,0.33016339580261955,9,64,,True,True,,621,59.56268577710819
161,2026-09-21T07:59:05.655+00:00,2026-09-21T08:03:30.651+00:00,2026-09-21T08:03:32.415+00:00,True,28,28.0,,28.0,264996.88941999996,266760.02209199994,266760.02190099994,9527.143639321428,47.863521,264996.88941999996,50067.365005660606,80.01818635000001,65.30121007407408,9.90612121362149,0.10496325416536136,9,64,,True,True,,147,59.56268577710819
163,2026-09-21T07:59:06.153+00:00,2026-09-21T08:03:35.629+00:00,2026-09-21T08:03:40.368+00:00,True,75,75.0,,75.0,269476.278727,274215.396039,274215.396196,3656.205282613333,43.631261,269476.278727,31109.046782870148,77.48273369999998,64.04212583783784,9.118036288215217,0.2735076187674495,9,64,,True,True,,327,59.56268577710819
164,2026-09-21T07:59:06.624+00:00,2026-09-21T08:03:38.223+00:00,2026-09-21T08:03:42.637+00:00,True,69,69.0,,69.0,271598.526542,276012.975182,276012.975144,4000.1880455652176,46.23258800000001,271598.526542,32688.806597619416,77.29487999999999,64.91836235294117,10.093473943662321,0.24998824767024858,9,64,,True,True,,73,59.56268577710819
165,2026-09-21T07:59:07.088+00:00,2026-09-21T08:03:40.297+00:00,2026-09-21T08:03:40.548+00:00,True,5,5.0,,5.0,273208.541607,273460.312999,273460.313053,54692.0626106,51.977861,273208.541607,122154.42561636529,218581.138972,62.942848,9.990459093568557,0.01828418882859351,9,64,,True,True,,35,59.56268577710819
166,2026-09-21T07:59:07.427+00:00,2026-09-21T08:03:42.171+00:00,2026-09-21T08:03:43.441+00:00,True,20,20.0,,20.0,274743.51743,276014.322678,276014.322558,13800.716127900001,47.827180999999996,274743.51743,61419.56292155075,13810.4390564,66.8844867368421,8.900433149530052,0.07246000789361978,9,64,,True,True,,63,59.56268577710819
167,2026-09-21T07:59:07.850+00:00,2026-09-21T08:03:44.551+00:00,2026-09-21T08:03:45.907+00:00,True,22,22.0,,22.0,276701.357868,278057.298732,278057.298746,12638.968124818182,44.87532100000001,276701.357868,58979.16234314272,79.5867005,64.56861257142857,9.33591639969033,0.07912038310206078,9,64,,True,True,,44,59.56268577710819
168,2026-09-21T07:59:08.325+00:00,2026-09-21T08:03:46.832+00:00,2026-09-21T08:03:47.447+00:00,True,11,11.0,,11.0,278507.159626,279122.798922,279122.79900899995,25374.79990990909,46.324762,278507.159626,83954.50649897047,139290.7118235,61.5639296,10.142707473129287,0.03940917776148381,9,64,,True,True,,31,59.56268577710819
169,2026-09-21T07:59:08.729+00:00,2026-09-21T08:03:49.039+00:00,2026-09-21T08:03:54.086+00:00,True,80,80.0,,80.0,280309.25026,285357.05698,285357.057016,3566.9632127,45.198871,280309.25026,31332.384509433963,76.02573345,63.89628759493671,9.481516587334742,0.28035052241797903,9,64,,True,True,,214,59.56268577710819
170,2026-09-21T07:59:09.235+00:00,2026-09-21T08:03:51.622+00:00,2026-09-21T08:03:56.704+00:00,True,81,81.0,,81.0,282387.238182,287469.18711,287469.187188,3549.002310962963,41.735791,282387.238182,31369.30318487374,77.115932,63.5243616,10.236702739823292,0.28176932913858826,9,64,,True,True,,243,59.56268577710819
171,2026-09-21T07:59:09.730+00:00,2026-09-21T08:03:54.009+00:00,2026-09-21T08:03:59.793+00:00,True,93,93.0,,93.0,284279.334371,290063.049699,290063.049642,3118.957523032258,42.606080999999996,284279.334371,29471.87614749463,76.42877200000001,62.866470956521745,8.941041927203106,0.3206199483060893,9,64,,True,True,,415,59.56268577710819
173,2026-09-21T07:59:10.481+00:00,2026-09-21T08:03:55.895+00:00,2026-09-21T08:04:00.542+00:00,True,74,74.0,,74.0,285414.13519199996,290061.38716,290061.38713899994,3919.7484748513507,46.335301,285414.13519199996,33171.32009941245,76.02014035,63.6609858630137,9.200588467970226,0.25511841036318655,9,64,,True,True,,157,59.56268577710819
174,2026-09-21T07:59:10.797+00:00,2026-09-21T08:03:57.384+00:00,2026-09-21T08:03:59.995+00:00,True,42,42.0,,42.0,286586.51437,289197.479106,289197.479155,6885.654265595238,46.589851,286586.51437,44211.43383674432,79.534995,63.68206673170732,9.38549547834327,0.14522948170169103,9,64,,True,True,,90,59.56268577710819
172,2026-09-21T07:59:10.165+00:00,2026-09-21T08:04:00.670+00:00,2026-09-21T08:04:01.605+00:00,True,16,16.0,,16.0,290505.293805,291440.292077,291440.292045,18215.0182528125,49.268741,290505.293805,72610.74058683174,72682.64651025001,62.33321813333333,8.270229045407474,0.05489975283092537,9,64,,True,True,,30,59.56268577710819
175,2026-09-21T07:59:11.234+00:00,2026-09-21T08:04:01.244+00:00,2026-09-21T08:04:04.298+00:00,True,49,49.0,,49.0,290010.397786,293063.60969,293063.60982,5980.88999632653,40.391711,290010.397786,41420.970941375665,77.632222,63.60858133333333,9.449327393371332,0.16719919628312688,9,64,,True,True,,294,59.56268577710819
176,2026-09-21T07:59:11.527+00:00,2026-09-21T08:04:03.301+00:00,2026-09-21T08:04:09.290+00:00,True,97,97.0,,97.0,291774.074768,297763.00072,297763.000933,3069.721659103093,43.890481,291774.074768,29618.835863502154,75.55353179999999,62.38464533333334,8.735138322287025,0.3257624344376267,9,64,,True,True,,97,59.56268577710819
177,2026-09-21T07:59:11.814+00:00,2026-09-21T08:04:05.198+00:00,2026-09-21T08:04:10.437+00:00,True,84,84.0,,84.0,293384.16209899995,298622.70750699996,298622.7074879999,3555.0322319999996,43.651701,293384.16209899995,32003.951502234744,78.59944785000002,63.11500491566265,9.768578109137765,0.2812914017867545,9,64,,True,True,,176,59.56268577710819
178,2026-09-21T07:59:12.283+00:00,2026-09-21T08:04:07.446+00:00,2026-09-21T08:04:10.358+00:00,True,47,47.0,,47.0,295163.276775,298075.284711,298075.284736,6342.02733480851,45.404171000000005,295163.276775,43044.755914479385,78.279297,63.304520347826085,9.242101850170618,0.1576782860261931,9,64,,True,True,,393,59.56268577710819
179,2026-09-21T07:59:12.774+00:00,2026-09-21T08:04:10.161+00:00,2026-09-21T08:04:12.821+00:00,False,45,44.0,,44.0,297386.868728,300046.956792,300046.95677299995,6667.71015051111,0.03663,297386.868728,44322.80660336452,78.1442638,60.4565469090909,13.447994575927973,0.14664371360547374,9,64,,True,False,Request timeout: 300.0s exceeded,91,59.56268577710819
180,2026-09-21T07:59:13.276+00:00,2026-09-21T08:04:12.973+00:00,2026-09-21T08:04:13.330+00:00,False,8,7.0,,7.0,299696.498613,300054.41118899995,300054.41115999996,37506.801394999995,0.0305,299696.498613,105940.63831025512,194828.63309065,51.130368,24.30731826029859,0.02332910211938461,9,64,,True,False,Request timeout: 300.0s exceeded,49,59.56268577710819
181,2026-09-21T07:59:13.769+00:00,2026-09-21T08:04:13.861+00:00,2026-09-21T08:04:13.861+00:00,False,1,0.0,,0.0,300092.80580800003,300092.80580800003,300092.80580800003,300092.80580800003,300092.80580800003,300092.80580800003,nan,300092.80580800003,nan,nan,0.0,9,64,,True,False,"HTTPConnectionPool(host='gpu06', port=9004): Read timed out.",0,59.56268577710819
182,2026-09-21T07:59:14.244+00:00,2026-09-21T08:04:14.365+00:00,2026-09-21T08:04:14.365+00:00,False,1,0.0,,0.0,300121.152457,300121.152457,300121.152457,300121.152457,300121.152457,300121.152457,nan,300121.152457,nan,nan,0.0,9,64,,True,False,"HTTPConnectionPool(host='gpu06', port=9004): Read timed out.",0,59.56268577710819
183,2026-09-21T07:59:14.698+00:00,2026-09-21T08:04:14.807+00:00,2026-09-21T08:04:14.807+00:00,False,1,0.0,,0.0,300108.696726,300108.696726,300108.696726,300108.696726,300108.696726,300108.696726,nan,300108.696726,nan,nan,0.0,9,64,,True,False,"HTTPConnectionPool(host='gpu06', port=9004): Read timed out.",0,59.56268577710819
184,2026-09-21T07:59:15.027+00:00,2026-09-21T08:04:15.134+00:00,2026-09-21T08:04:15.134+00:00,False,1,0.0,,0.0,300107.187284,300107.187284,300107.187284,300107.187284,300107.187284,300107.187284,nan,300107.187284,nan,nan,0.0,9,64,,True,False,"HTTPConnectionPool(host='gpu06', port=9004): Read timed out.",0,59.56268577710819
185,2026-09-21T07:59:15.400+00:00,2026-09-21T08:04:15.487+00:00,2026-09-21T08:04:15.487+00:00,False,1,0.0,,0.0,300086.730438,300086.730438,300086.730438,300086.730438,300086.730438,300086.730438,nan,300086.730438,nan,nan,0.0,9,64,,True,False,TTFT timeout: 300.0s exceeded (TTFT: 300.082s),0,59.56268577710819
186,2026-09-21T07:59:15.681+00:00,2026-09-21T08:04:15.647+00:00,2026-09-21T08:04:15.804+00:00,False,3,2.0,,2.0,299966.735067,300123.27369099995,300123.273681,100041.091227,0.03326,299966.735067,173140.70410942638,269985.7120957,78.269312,110.64245752065546,0.006663928376508229,9,64,,True,False,Request timeout: 300.0s exceeded,6,59.56268577710819
187,2026-09-21T07:59:16.125+00:00,2026-09-21T08:04:16.229+00:00,2026-09-21T08:04:16.229+00:00,False,1,0.0,,0.0,300104.43351099995,300104.43351099995,300104.43351099995,300104.43351099995,300104.43351099995,300104.43351099995,nan,300104.43351099995,nan,nan,0.0,9,64,,True,False,"HTTPConnectionPool(host='gpu06', port=9004): Read timed out.",0,59.56268577710819
188,2026-09-21T07:59:16.628+00:00,2026-09-21T08:04:16.726+00:00,2026-09-21T08:04:16.726+00:00,False,1,0.0,,0.0,300098.725257,300098.725257,300098.725257,300098.725257,300098.725257,300098.725257,nan,300098.725257,nan,nan,0.0,9,64,,True,False,"HTTPConnectionPool(host='gpu06', port=9004): Read timed out.",0,59.56268577710819
189,2026-09-21T07:59:16.924+00:00,2026-09-21T08:04:17.016+00:00,2026-09-21T08:04:17.016+00:00,False,1,0.0,,0.0,300091.582366,300091.582366,300091.582366,300091.582366,300091.582366,300091.582366,nan,300091.582366,nan,nan,0.0,9,64,,True,False,"HTTPConnectionPool(host='gpu06', port=9004): Read timed out.",0,59.56268577710819
190,2026-09-21T07:59:17.417+00:00,2026-09-21T08:04:17.533+00:00,2026-09-21T08:04:17.533+00:00,False,1,0.0,,0.0,300115.906574,300115.906574,300115.906574,300115.906574,300115.906574,300115.906574,nan,300115.906574,nan,nan,0.0,9,64,,True,False,"HTTPConnectionPool(host='gpu06', port=9004): Read timed out.",0,59.56268577710819
191,2026-09-21T07:59:17.831+00:00,2026-09-21T08:04:17.805+00:00,2026-09-21T08:04:17.916+00:00,False,3,2.0,,2.0,299974.372004,300085.63754,300085.637576,100028.54585866666,0.04325,299974.372004,173158.17374557117,269988.0570358,55.632768,78.6154304823934,0.006664764153310766,9,64,,True,False,Request timeout: 300.0s exceeded,14,59.56268577710819
192,2026-09-21T07:59:18.247+00:00,2026-09-21T08:04:18.355+00:00,2026-09-21T08:04:18.355+00:00,False,1,0.0,,0.0,300108.78385799995,300108.78385799995,300108.78385799995,300108.78385799995,300108.78385799995,300108.78385799995,nan,300108.78385799995,nan,nan,0.0,9,64,,True,False,"HTTPConnectionPool(host='gpu06', port=9004): Read timed out.",0,59.56268577710819
194,2026-09-21T07:59:19.350+00:00,2026-09-21T08:04:18.632+00:00,2026-09-21T08:04:19.427+00:00,False,11,10.0,,10.0,299281.566917,300076.22624499997,300076.226394,27279.65694490909,0.02485,299281.566917,90212.83564170764,149708.11952,79.46593279999999,39.7406332524351,0.03332486590202387,9,64,,True,False,Request timeout: 300.0s exceeded,20,59.56268577710819
193,2026-09-21T07:59:19.334+00:00,2026-09-21T08:04:20.400+00:00,2026-09-21T08:04:20.400+00:00,False,1,0.0,,0.0,301065.68036500004,301065.68036500004,301065.68036500004,301065.68036500004,301065.68036500004,301065.68036500004,nan,301065.68036500004,nan,nan,0.0,9,64,,True,False,"HTTPConnectionPool(host='gpu06', port=9004): Read timed out.",0,59.56268577710819
195,2026-09-21T07:59:19.712+00:00,2026-09-21T08:04:20.400+00:00,2026-09-21T08:04:20.400+00:00,False,1,0.0,,0.0,300688.009282,300688.009282,300688.009282,300688.009282,300688.009282,300688.009282,nan,300688.009282,nan,nan,0.0,9,64,,True,False,"HTTPConnectionPool(host='gpu06', port=9004): Read timed out.",0,59.56268577710819
196,2026-09-21T07:59:19.981+00:00,2026-09-21T08:04:20.647+00:00,2026-09-21T08:04:21.403+00:00,False,11,10.0,,10.0,300666.09969400003,301422.51339000004,301422.51342000003,27402.046674545458,0.04455,300666.09969400003,90631.44374553768,150420.83394900002,75.64136959999999,45.963950414883755,0.03317602221391257,9,64,,True,False,Request timeout: 300.0s exceeded,45,59.56268577710819
197,2026-09-21T07:59:20.109+00:00,2026-09-21T08:04:21.212+00:00,2026-09-21T08:04:21.406+00:00,False,5,4.0,,4.0,301102.57791399996,301296.89881,301296.89880799997,60259.379761599994,0.032420000000000004,301102.57791399996,134635.4453292899,240901.91106359998,48.580224,40.561668335765084,0.013275941490929283,9,64,,True,False,Request timeout: 300.0s exceeded,16,59.56268577710819
200,2026-09-21T07:59:21.376+00:00,2026-09-21T08:04:21.525+00:00,2026-09-21T08:04:21.525+00:00,False,1,0.0,,0.0,300149.55426999996,300149.55426999996,300149.55426999996,300149.55426999996,300149.55426999996,300149.55426999996,nan,300149.55426999996,nan,nan,0.0,9,64,,True,False,"HTTPConnectionPool(host='gpu06', port=9004): Read timed out.",0,59.56268577710819
201,2026-09-21T07:59:21.745+00:00,2026-09-21T08:04:21.896+00:00,2026-09-21T08:04:21.896+00:00,False,1,0.0,,0.0,300150.993844,300150.993844,300150.993844,300150.993844,300150.993844,300150.993844,nan,300150.993844,nan,nan,0.0,9,64,,True,False,"HTTPConnectionPool(host='gpu06', port=9004): Read timed out.",0,59.56268577710819
198,2026-09-21T07:59:20.495+00:00,2026-09-21T08:04:21.898+00:00,2026-09-21T08:04:21.898+00:00,False,1,0.0,,0.0,301403.106524,301403.106524,301403.106524,301403.106524,301403.106524,301403.106524,nan,301403.106524,nan,nan,0.0,9,64,,True,False,"HTTPConnectionPool(host='gpu06', port=9004): Read timed out.",0,59.56268577710819
204,2026-09-21T07:59:22.796+00:00,2026-09-21T08:04:23.290+00:00,2026-09-21T08:04:23.290+00:00,False,1,0.0,,0.0,300493.809721,300493.809721,300493.809721,300493.809721,300493.809721,300493.809721,nan,300493.809721,nan,nan,0.0,9,64,,True,False,"HTTPConnectionPool(host='gpu06', port=9004): Read timed out.",0,59.56268577710819
199,2026-09-21T07:59:20.867+00:00,2026-09-21T08:04:23.296+00:00,2026-09-21T08:04:23.296+00:00,False,1,0.0,,0.0,302428.840982,302428.840982,302428.840982,302428.840982,302428.840982,302428.840982,nan,302428.840982,nan,nan,0.0,9,64,,True,False,"HTTPConnectionPool(host='gpu06', port=9004): Read timed out.",0,59.56268577710819
202,2026-09-21T07:59:22.115+00:00,2026-09-21T08:04:23.301+00:00,2026-09-21T08:04:23.301+00:00,False,1,0.0,,0.0,301185.999162,301185.999162,301185.999162,301185.999162,301185.999162,301185.999162,nan,301185.999162,nan,nan,0.0,9,64,,True,False,"HTTPConnectionPool(host='gpu06', port=9004): Read timed out.",0,59.56268577710819
203,2026-09-21T07:59:22.494+00:00,2026-09-21T08:04:23.301+00:00,2026-09-21T08:04:23.301+00:00,False,1,0.0,,0.0,300807.49796899996,300807.49796899996,300807.49796899996,300807.49796899996,300807.49796899996,300807.49796899996,nan,300807.49796899996,nan,nan,0.0,9,64,,True,False,"HTTPConnectionPool(host='gpu06', port=9004): Read timed out.",0,59.56268577710819
205,2026-09-21T07:59:23.213+00:00,2026-09-21T08:04:23.323+00:00,2026-09-21T08:04:23.323+00:00,False,1,0.0,,0.0,300109.350375,300109.350375,300109.350375,300109.350375,300109.350375,300109.350375,nan,300109.350375,nan,nan,0.0,9,64,,True,False,"HTTPConnectionPool(host='gpu06', port=9004): Read timed out.",0,59.56268577710819
206,2026-09-21T07:59:23.664+00:00,2026-09-21T08:04:23.782+00:00,2026-09-21T08:04:23.782+00:00,False,1,0.0,,0.0,300117.935216,300117.935216,300117.935216,300117.935216,300117.935216,300117.935216,nan,300117.935216,nan,nan,0.0,9,64,,True,False,"HTTPConnectionPool(host='gpu06', port=9004): Read timed out.",0,59.56268577710819
207,2026-09-21T07:59:24.128+00:00,2026-09-21T08:04:24.178+00:00,2026-09-21T08:04:24.178+00:00,False,1,0.0,,0.0,300049.632463,300049.632463,300049.632463,300049.632463,300049.632463,300049.632463,nan,300049.632463,nan,nan,0.0,9,64,,True,False,"HTTPConnectionPool(host='gpu06', port=9004): Read timed out.",0,59.56268577710819
208,2026-09-21T07:59:24.464+00:00,2026-09-21T08:04:24.566+00:00,2026-09-21T08:04:24.566+00:00,False,1,0.0,,0.0,300102.041941,300102.041941,300102.041941,300102.041941,300102.041941,300102.041941,nan,300102.041941,nan,nan,0.0,9,64,,True,False,"HTTPConnectionPool(host='gpu06', port=9004): Read timed out.",0,59.56268577710819
209,2026-09-21T07:59:24.750+00:00,2026-09-21T08:04:24.854+00:00,2026-09-21T08:04:24.854+00:00,False,1,0.0,,0.0,300104.324212,300104.324212,300104.324212,300104.324212,300104.324212,300104.324212,nan,300104.324212,nan,nan,0.0,9,64,,True,False,"HTTPConnectionPool(host='gpu06', port=9004): Read timed out.",0,59.56268577710819
210,2026-09-21T07:59:25.165+00:00,2026-09-21T08:04:25.219+00:00,2026-09-21T08:04:25.219+00:00,False,1,0.0,,0.0,300054.364504,300054.364504,300054.364504,300054.364504,300054.364504,300054.364504,nan,300054.364504,nan,nan,0.0,9,64,,True,False,"HTTPConnectionPool(host='gpu06', port=9004): Read timed out.",0,59.56268577710819
211,2026-09-21T07:59:25.579+00:00,2026-09-21T08:04:25.529+00:00,2026-09-21T08:04:25.638+00:00,False,3,2.0,,2.0,299950.48638300004,300059.448175,300059.448266,100019.81608866667,0.07773999999999999,299950.48638300004,173145.0480174481,269966.32615900005,54.480896,76.93756225715998,0.006665345857843358,9,64,,True,False,Request timeout: 300.0s exceeded,18,59.56268577710819
212,2026-09-21T07:59:25.998+00:00,2026-09-21T08:04:26.103+00:00,2026-09-21T08:04:26.103+00:00,False,1,0.0,,0.0,300104.749648,300104.749648,300104.749648,300104.749648,300104.749648,300104.749648,nan,300104.749648,nan,nan,0.0,9,64,,True,False,"HTTPConnectionPool(host='gpu06', port=9004): Read timed out.",0,59.56268577710819
213,2026-09-21T07:59:26.503+00:00,2026-09-21T08:04:26.617+00:00,2026-09-21T08:04:26.617+00:00,False,1,0.0,,0.0,300113.68159500003,300113.68159500003,300113.68159500003,300113.68159500003,300113.68159500003,300113.68159500003,nan,300113.68159500003,nan,nan,0.0,9,64,,True,False,"HTTPConnectionPool(host='gpu06', port=9004): Read timed out.",0,59.56268577710819
214,2026-09-21T07:59:27.007+00:00,2026-09-21T08:04:27.081+00:00,2026-09-21T08:04:27.081+00:00,False,1,0.0,,0.0,300074.50131099997,300074.50131099997,300074.50131099997,300074.50131099997,300074.50131099997,300074.50131099997,nan,300074.50131099997,nan,nan,0.0,9,64,,True,False,"HTTPConnectionPool(host='gpu06', port=9004): Read timed out.",0,59.56268577710819
215,2026-09-21T07:59:27.374+00:00,2026-09-21T08:04:27.463+00:00,2026-09-21T08:04:27.463+00:00,False,1,0.0,,0.0,300089.722266,300089.722266,300089.722266,300089.722266,300089.722266,300089.722266,nan,300089.722266,nan,nan,0.0,9,64,,True,False,"HTTPConnectionPool(host='gpu06', port=9004): Read timed out.",0,59.56268577710819
216,2026-09-21T07:59:27.826+00:00,2026-09-21T08:04:27.904+00:00,2026-09-21T08:04:27.904+00:00,False,1,0.0,,0.0,300078.813996,300078.813996,300078.813996,300078.813996,300078.813996,300078.813996,nan,300078.813996,nan,nan,0.0,9,64,,True,False,TTFT timeout: 300.0s exceeded (TTFT: 300.074s),0,59.56268577710819
217,2026-09-21T07:59:28.281+00:00,2026-09-21T08:04:28.308+00:00,2026-09-21T08:04:28.308+00:00,False,1,0.0,,0.0,300027.75840399996,300027.75840399996,300027.75840399996,300027.75840399996,300027.75840399996,300027.75840399996,nan,300027.75840399996,nan,nan,0.0,9,64,,True,False,"HTTPConnectionPool(host='gpu06', port=9004): Read timed out.",0,59.56268577710819
218,2026-09-21T07:59:28.576+00:00,2026-09-21T08:04:28.681+00:00,2026-09-21T08:04:28.681+00:00,False,1,0.0,,0.0,300104.84958499996,300104.84958499996,300104.84958499996,300104.84958499996,300104.84958499996,300104.84958499996,nan,300104.84958499996,nan,nan,0.0,9,64,,True,False,"HTTPConnectionPool(host='gpu06', port=9004): Read timed out.",0,59.56268577710819
219,2026-09-21T07:59:29.070+00:00,2026-09-21T08:04:29.161+00:00,2026-09-21T08:04:29.161+00:00,False,1,0.0,,0.0,300091.35975199996,300091.35975199996,300091.35975199996,300091.35975199996,300091.35975199996,300091.35975199996,nan,300091.35975199996,nan,nan,0.0,9,64,,True,False,"HTTPConnectionPool(host='gpu06', port=9004): Read timed out.",0,59.56268577710819
220,2026-09-21T07:59:29.427+00:00,2026-09-21T08:04:29.523+00:00,2026-09-21T08:04:29.523+00:00,False,1,0.0,,0.0,300096.307459,300096.307459,300096.307459,300096.307459,300096.307459,300096.307459,nan,300096.307459,nan,nan,0.0,9,64,,True,False,"HTTPConnectionPool(host='gpu06', port=9004): Read timed out.",0,59.56268577710819
221,2026-09-21T07:59:29.760+00:00,2026-09-21T08:04:29.752+00:00,2026-09-21T08:04:29.824+00:00,False,3,2.0,,2.0,299991.536654,300063.29243,300063.292245,100021.097415,0.03605,299991.536654,173179.48409586414,269999.55494269996,35.877888,50.6879483461555,0.006665260464895313,9,64,,True,False,Request timeout: 300.0s exceeded,22,59.56268577710819
222,2026-09-21T07:59:30.080+00:00,2026-09-21T08:04:30.186+00:00,2026-09-21T08:04:30.186+00:00,False,1,0.0,,0.0,300106.106795,300106.106795,300106.106795,300106.106795,300106.106795,300106.106795,nan,300106.106795,nan,nan,0.0,9,64,,True,False,"HTTPConnectionPool(host='gpu06', port=9004): Read timed out.",0,59.56268577710819
223,2026-09-21T07:59:30.511+00:00,2026-09-21T08:04:30.624+00:00,2026-09-21T08:04:30.624+00:00,False,1,0.0,,0.0,300113.159186,300113.159186,300113.159186,300113.159186,300113.159186,300113.159186,nan,300113.159186,nan,nan,0.0,9,64,,True,False,"HTTPConnectionPool(host='gpu06', port=9004): Read timed out.",0,59.56268577710819
224,2026-09-21T07:59:30.957+00:00,2026-09-21T08:04:31.062+00:00,2026-09-21T08:04:31.062+00:00,False,1,0.0,,0.0,300105.322756,300105.322756,300105.322756,300105.322756,300105.322756,300105.322756,nan,300105.322756,nan,nan,0.0,9,64,,True,False,"HTTPConnectionPool(host='gpu06', port=9004): Read timed out.",0,59.56268577710819
225,2026-09-21T07:59:31.273+00:00,2026-09-21T08:04:31.351+00:00,2026-09-21T08:04:31.351+00:00,False,1,0.0,,0.0,300077.70660399995,300077.70660399995,300077.70660399995,300077.70660399995,300077.70660399995,300077.70660399995,nan,300077.70660399995,nan,nan,0.0,9,64,,True,False,"HTTPConnectionPool(host='gpu06', port=9004): Read timed out.",0,59.56268577710819
226,2026-09-21T07:59:31.726+00:00,2026-09-21T08:04:31.692+00:00,2026-09-21T08:04:32.912+00:00,False,21,20.0,,20.0,299966.207001,301185.710617,301185.710707,14342.176700333333,0.03062,299966.207001,65444.69500692569,185.865124,60.9751808,33.3020624585329,0.06640421273316255,9,64,,True,False,Request timeout: 300.0s exceeded,40,59.56268577710819
229,2026-09-21T07:59:33.048+00:00,2026-09-21T08:04:33.149+00:00,2026-09-21T08:04:33.149+00:00,False,1,0.0,,0.0,300101.329106,300101.329106,300101.329106,300101.329106,300101.329106,300101.329106,nan,300101.329106,nan,nan,0.0,9,64,,True,False,"HTTPConnectionPool(host='gpu06', port=9004): Read timed out.",0,59.56268577710819
227,2026-09-21T07:59:32.223+00:00,2026-09-21T08:04:33.286+00:00,2026-09-21T08:04:33.286+00:00,False,1,0.0,,0.0,301062.805272,301062.805272,301062.805272,301062.805272,301062.805272,301062.805272,nan,301062.805272,nan,nan,0.0,9,64,,True,False,"HTTPConnectionPool(host='gpu06', port=9004): Read timed out.",0,59.56268577710819
230,2026-09-21T07:59:33.543+00:00,2026-09-21T08:04:33.584+00:00,2026-09-21T08:04:33.584+00:00,False,1,0.0,,0.0,300041.239282,300041.239282,300041.239282,300041.239282,300041.239282,300041.239282,nan,300041.239282,nan,nan,0.0,9,64,,True,False,"HTTPConnectionPool(host='gpu06', port=9004): Read timed out.",0,59.56268577710819
231,2026-09-21T07:59:34.787+00:00,2026-09-21T08:04:34.281+00:00,2026-09-21T08:04:35.159+00:00,False,17,16.0,,16.0,299494.556917,300372.385013,300372.38486499997,17668.963815588235,0.03163,299494.556917,72624.7956716326,59982.328673,54.864256,20.25936726420753,0.053267213626537364,9,64,,True,False,Request timeout: 300.0s exceeded,31,59.56268577710819
228,2026-09-21T07:59:32.658+00:00,2026-09-21T08:04:34.283+00:00,2026-09-21T08:04:35.320+00:00,False,20,19.0,,19.0,301625.461145,302662.185625,302662.185636,15133.1092818,0.03211,301625.461145,67433.30496630086,15180.262650650002,54.564446315789475,18.717686319567232,0.0627762598117926,9,64,,True,False,Request timeout: 300.0s exceeded,38,59.56268577710819
234,2026-09-21T07:59:35.143+00:00,2026-09-21T08:04:35.465+00:00,2026-09-21T08:04:35.465+00:00,False,1,0.0,,0.0,300321.53707,300321.53707,300321.53707,300321.53707,300321.53707,300321.53707,nan,300321.53707,nan,nan,0.0,9,64,,True,False,"HTTPConnectionPool(host='gpu06', port=9004): Read timed out.",0,59.56268577710819
233,2026-09-21T07:59:34.971+00:00,2026-09-21T08:04:35.762+00:00,2026-09-21T08:04:35.762+00:00,False,1,0.0,,0.0,300790.402591,300790.402591,300790.402591,300790.402591,300790.402591,300790.402591,nan,300790.402591,nan,nan,0.0,9,64,,True,False,"HTTPConnectionPool(host='gpu06', port=9004): Read timed out.",0,59.56268577710819
232,2026-09-21T07:59:34.823+00:00,2026-09-21T08:04:35.813+00:00,2026-09-21T08:04:35.813+00:00,False,1,0.0,,0.0,300989.573814,300989.573814,300989.573814,300989.573814,300989.573814,300989.573814,nan,300989.573814,nan,nan,0.0,9,64,,True,False,"HTTPConnectionPool(host='gpu06', port=9004): Read timed out.",0,59.56268577710819
235,2026-09-21T07:59:35.889+00:00,2026-09-21T08:04:36.141+00:00,2026-09-21T08:04:36.141+00:00,False,1,0.0,,0.0,300252.33107,300252.33107,300252.33107,300252.33107,300252.33107,300252.33107,nan,300252.33107,nan,nan,0.0,9,64,,True,False,"HTTPConnectionPool(host='gpu06', port=9004): Read timed out.",0,59.56268577710819
236,2026-09-21T07:59:35.905+00:00,2026-09-21T08:04:36.229+00:00,2026-09-21T08:04:36.229+00:00,False,1,0.0,,0.0,300323.876093,300323.876093,300323.876093,300323.876093,300323.876093,300323.876093,nan,300323.876093,nan,nan,0.0,9,64,,True,False,"HTTPConnectionPool(host='gpu06', port=9004): Read timed out.",0,59.56268577710819
237,2026-09-21T07:59:36.386+00:00,2026-09-21T08:04:36.492+00:00,2026-09-21T08:04:36.492+00:00,False,1,0.0,,0.0,300105.77359500004,300105.77359500004,300105.77359500004,300105.77359500004,300105.77359500004,300105.77359500004,nan,300105.77359500004,nan,nan,0.0,9,64,,True,False,"HTTPConnectionPool(host='gpu06', port=9004): Read timed out.",0,59.56268577710819
238,2026-09-21T07:59:36.814+00:00,2026-09-21T08:04:36.917+00:00,2026-09-21T08:04:36.917+00:00,False,1,0.0,,0.0,300103.357341,300103.357341,300103.357341,300103.357341,300103.357341,300103.357341,nan,300103.357341,nan,nan,0.0,9,64,,True,False,"HTTPConnectionPool(host='gpu06', port=9004): Read timed out.",0,59.56268577710819
239,2026-09-21T07:59:37.157+00:00,2026-09-21T08:04:37.258+00:00,2026-09-21T08:04:37.258+00:00,False,1,0.0,,0.0,300101.27495,300101.27495,300101.27495,300101.27495,300101.27495,300101.27495,nan,300101.27495,nan,nan,0.0,9,64,,True,False,"HTTPConnectionPool(host='gpu06', port=9004): Read timed out.",0,59.56268577710819
240,2026-09-21T07:59:37.505+00:00,2026-09-21T08:04:37.612+00:00,2026-09-21T08:04:37.612+00:00,False,1,0.0,,0.0,300106.82311799994,300106.82311799994,300106.82311799994,300106.82311799994,300106.82311799994,300106.82311799994,nan,300106.82311799994,nan,nan,0.0,9,64,,True,False,"HTTPConnectionPool(host='gpu06', port=9004): Read timed out.",0,59.56268577710819
241,2026-09-21T07:59:37.944+00:00,2026-09-21T08:04:37.911+00:00,2026-09-21T08:04:38.079+00:00,False,3,2.0,,2.0,299966.296861,300134.963229,300134.963081,100044.98769366667,0.02588,299966.296861,173136.95302301698,269986.53120890004,84.333184,119.22856666503698,0.006663668832457949,9,64,,True,False,Request timeout: 300.0s exceeded,6,59.56268577710819
242,2026-09-21T07:59:38.339+00:00,2026-09-21T08:04:38.251+00:00,2026-09-21T08:04:38.251+00:00,True,1,1.0,,1.0,299912.649566,299912.649566,299912.649566,299912.649566,299912.649566,299912.649566,nan,299912.649566,nan,nan,0.0033343041763896526,9,64,,True,True,,1,59.56268577710819
243,2026-09-21T07:59:38.674+00:00,2026-09-21T08:04:38.759+00:00,2026-09-21T08:04:38.759+00:00,False,1,0.0,,0.0,300085.357475,300085.357475,300085.357475,300085.357475,300085.357475,300085.357475,nan,300085.357475,nan,nan,0.0,9,64,,True,False,"HTTPConnectionPool(host='gpu06', port=9004): Read timed out.",0,59.56268577710819
244,2026-09-21T07:59:39.025+00:00,2026-09-21T08:04:39.100+00:00,2026-09-21T08:04:39.100+00:00,False,1,0.0,,0.0,300075.140334,300075.140334,300075.140334,300075.140334,300075.140334,300075.140334,nan,300075.140334,nan,nan,0.0,9,64,,True,False,"HTTPConnectionPool(host='gpu06', port=9004): Read timed out.",0,59.56268577710819
245,2026-09-21T07:59:39.435+00:00,2026-09-21T08:04:39.508+00:00,2026-09-21T08:04:39.508+00:00,False,1,0.0,,0.0,300072.84113200003,300072.84113200003,300072.84113200003,300072.84113200003,300072.84113200003,300072.84113200003,nan,300072.84113200003,nan,nan,0.0,9,64,,True,False,"HTTPConnectionPool(host='gpu06', port=9004): Read timed out.",0,59.56268577710819
246,2026-09-21T07:59:39.850+00:00,2026-09-21T08:04:39.953+00:00,2026-09-21T08:04:39.953+00:00,False,1,0.0,,0.0,300102.670049,300102.670049,300102.670049,300102.670049,300102.670049,300102.670049,nan,300102.670049,nan,nan,0.0,9,64,,True,False,"HTTPConnectionPool(host='gpu06', port=9004): Read timed out.",0,59.56268577710819
247,2026-09-21T07:59:40.142+00:00,2026-09-21T08:04:40.156+00:00,2026-09-21T08:04:40.462+00:00,False,3,2.0,,2.0,300013.33064999996,300319.801306,300319.80141099996,100106.60047033332,0.036770000000000004,300013.33064999996,173124.37450618786,270042.64098409994,153.235328,216.65534552352636,0.006659567538679118,9,64,,True,False,Request timeout: 300.0s exceeded,2,59.56268577710819
248,2026-09-21T07:59:40.504+00:00,2026-09-21T08:04:40.459+00:00,2026-09-21T08:04:40.513+00:00,False,3,2.0,,2.0,299955.6982,300009.215768,300009.215606,100003.07186866667,0.02794,299955.6982,173164.0560195217,269965.4773266,26.758784,37.80317303016772,0.006666461878113168,9,64,,True,False,Request timeout: 300.0s exceeded,18,59.56268577710819
249,2026-09-21T07:59:40.924+00:00,2026-09-21T08:04:41.028+00:00,2026-09-21T08:04:41.028+00:00,False,1,0.0,,0.0,300104.053348,300104.053348,300104.053348,300104.053348,300104.053348,300104.053348,nan,300104.053348,nan,nan,0.0,9,64,,True,False,"HTTPConnectionPool(host='gpu06', port=9004): Read timed out.",0,59.56268577710819
250,2026-09-21T07:59:41.344+00:00,2026-09-21T08:04:41.399+00:00,2026-09-21T08:04:41.399+00:00,False,1,0.0,,0.0,300055.261799,300055.261799,300055.261799,300055.261799,300055.261799,300055.261799,nan,300055.261799,nan,nan,0.0,9,64,,True,False,"HTTPConnectionPool(host='gpu06', port=9004): Read timed out.",0,59.56268577710819
251,2026-09-21T07:59:41.728+00:00,2026-09-21T08:04:41.833+00:00,2026-09-21T08:04:41.833+00:00,False,1,0.0,,0.0,300104.78953899996,300104.78953899996,300104.78953899996,300104.78953899996,300104.78953899996,300104.78953899996,nan,300104.78953899996,nan,nan,0.0,9,64,,True,False,"HTTPConnectionPool(host='gpu06', port=9004): Read timed out.",0,59.56268577710819
252,2026-09-21T07:59:42.040+00:00,2026-09-21T08:04:42.147+00:00,2026-09-21T08:04:42.147+00:00,False,1,0.0,,0.0,300106.553871,300106.553871,300106.553871,300106.553871,300106.553871,300106.553871,nan,300106.553871,nan,nan,0.0,9,64,,True,False,"HTTPConnectionPool(host='gpu06', port=9004): Read timed out.",0,59.56268577710819
253,2026-09-21T07:59:42.359+00:00,2026-09-21T08:04:42.414+00:00,2026-09-21T08:04:42.414+00:00,False,1,0.0,,0.0,300054.31481699995,300054.31481699995,300054.31481699995,300054.31481699995,300054.31481699995,300054.31481699995,nan,300054.31481699995,nan,nan,0.0,9,64,,True,False,"HTTPConnectionPool(host='gpu06', port=9004): Read timed out.",0,59.56268577710819
254,2026-09-21T07:59:42.786+00:00,2026-09-21T08:04:42.769+00:00,2026-09-21T08:04:42.839+00:00,False,3,2.0,,2.0,299983.05343800003,300052.96908600006,300052.969134,100017.65637800001,0.047619999999999996,299983.05343800003,173175.11725056407,269991.73490180005,34.957824,49.37048961886572,0.0066654897836613885,9,64,,True,False,Request timeout: 300.0s exceeded,5,59.56268577710819
255,2026-09-21T07:59:43.074+00:00,2026-09-21T08:04:43.180+00:00,2026-09-21T08:04:43.180+00:00,False,1,0.0,,0.0,300105.286517,300105.286517,300105.286517,300105.286517,300105.286517,300105.286517,nan,300105.286517,nan,nan,0.0,9,64,,True,False,"HTTPConnectionPool(host='gpu06', port=9004): Read timed out.",0,59.56268577710819
256,2026-09-21T07:59:43.456+00:00,2026-09-21T08:04:43.560+00:00,2026-09-21T08:04:43.560+00:00,False,1,0.0,,0.0,300103.763191,300103.763191,300103.763191,300103.763191,300103.763191,300103.763191,nan,300103.763191,nan,nan,0.0,9,64,,True,False,"HTTPConnectionPool(host='gpu06', port=9004): Read timed out.",0,59.56268577710819
257,2026-09-21T07:59:43.798+00:00,2026-09-21T08:04:43.914+00:00,2026-09-21T08:04:43.914+00:00,False,1,0.0,,0.0,300116.552739,300116.552739,300116.552739,300116.552739,300116.552739,300116.552739,nan,300116.552739,nan,nan,0.0,9,64,,True,False,"HTTPConnectionPool(host='gpu06', port=9004): Read timed out.",0,59.56268577710819
258,2026-09-21T07:59:44.140+00:00,2026-09-21T08:04:44.237+00:00,2026-09-21T08:04:44.237+00:00,False,1,0.0,,0.0,300096.96438,300096.96438,300096.96438,300096.96438,300096.96438,300096.96438,nan,300096.96438,nan,nan,0.0,9,64,,True,False,TTFT timeout: 300.0s exceeded (TTFT: 300.090s),0,59.56268577710819
259,2026-09-21T07:59:44.487+00:00,2026-09-21T08:04:44.606+00:00,2026-09-21T08:04:44.606+00:00,False,1,0.0,,0.0,300118.975476,300118.975476,300118.975476,300118.975476,300118.975476,300118.975476,nan,300118.975476,nan,nan,0.0,9,64,,True,False,"HTTPConnectionPool(host='gpu06', port=9004): Read timed out.",0,59.56268577710819
260,2026-09-21T07:59:44.852+00:00,2026-09-21T08:04:44.749+00:00,2026-09-21T08:04:44.920+00:00,False,3,2.0,,2.0,299896.384365,300068.025197,300068.025315,100022.675105,0.02739,299896.384365,173095.73102900802,269923.9072845,85.820416,121.32965809780043,0.006665155338316918,9,64,,True,False,Request timeout: 300.0s exceeded,6,59.56268577710819
261,2026-09-21T07:59:45.234+00:00,2026-09-21T08:04:45.335+00:00,2026-09-21T08:04:45.335+00:00,False,1,0.0,,0.0,300100.81886500004,300100.81886500004,300100.81886500004,300100.81886500004,300100.81886500004,300100.81886500004,nan,300100.81886500004,nan,nan,0.0,9,64,,True,False,"HTTPConnectionPool(host='gpu06', port=9004): Read timed out.",0,59.56268577710819
262,2026-09-21T07:59:45.567+00:00,2026-09-21T08:04:45.988+00:00,2026-09-21T08:04:47.074+00:00,False,19,18.0,,18.0,300420.364587,301506.769451,301506.76938,15868.777335789473,0.02093,300420.364587,68907.31891964251,30196.8077838,60.355825777777774,32.14994546982462,0.059700152115242336,9,64,,True,False,Request timeout: 300.0s exceeded,19,59.56268577710819
263,2026-09-21T07:59:46.013+00:00,2026-09-21T08:04:47.249+00:00,2026-09-21T08:04:47.249+00:00,False,1,0.0,,0.0,301235.9994,301235.9994,301235.9994,301235.9994,301235.9994,301235.9994,nan,301235.9994,nan,nan,0.0,9,64,,True,False,"HTTPConnectionPool(host='gpu06', port=9004): Read timed out.",0,59.56268577710819
266,2026-09-21T07:59:47.192+00:00,2026-09-21T08:04:47.389+00:00,2026-09-21T08:04:47.389+00:00,False,1,0.0,,0.0,300197.493558,300197.493558,300197.493558,300197.493558,300197.493558,300197.493558,nan,300197.493558,nan,nan,0.0,9,64,,True,False,"HTTPConnectionPool(host='gpu06', port=9004): Read timed out.",0,59.56268577710819
264,2026-09-21T07:59:46.474+00:00,2026-09-21T08:04:47.550+00:00,2026-09-21T08:04:47.550+00:00,False,1,0.0,,0.0,301075.536031,301075.536031,301075.536031,301075.536031,301075.536031,301075.536031,nan,301075.536031,nan,nan,0.0,9,64,,True,False,"HTTPConnectionPool(host='gpu06', port=9004): Read timed out.",0,59.56268577710819
267,2026-09-21T07:59:47.643+00:00,2026-09-21T08:04:47.655+00:00,2026-09-21T08:04:47.655+00:00,False,1,0.0,,0.0,300011.700463,300011.700463,300011.700463,300011.700463,300011.700463,300011.700463,nan,300011.700463,nan,nan,0.0,9,64,,True,False,"HTTPConnectionPool(host='gpu06', port=9004): Read timed out.",0,59.56268577710819
265,2026-09-21T07:59:46.883+00:00,2026-09-21T08:04:47.945+00:00,2026-09-21T08:04:47.945+00:00,False,1,0.0,,0.0,301061.64617100003,301061.64617100003,301061.64617100003,301061.64617100003,301061.64617100003,301061.64617100003,nan,301061.64617100003,nan,nan,0.0,9,64,,True,False,"HTTPConnectionPool(host='gpu06', port=9004): Read timed out.",0,59.56268577710819
268,2026-09-21T07:59:48.063+00:00,2026-09-21T08:04:48.168+00:00,2026-09-21T08:04:48.168+00:00,False,1,0.0,,0.0,300105.425774,300105.425774,300105.425774,300105.425774,300105.425774,300105.425774,nan,300105.425774,nan,nan,0.0,9,64,,True,False,"HTTPConnectionPool(host='gpu06', port=9004): Read timed out.",0,59.56268577710819
269,2026-09-21T07:59:48.366+00:00,2026-09-21T08:04:48.471+00:00,2026-09-21T08:04:48.471+00:00,False,1,0.0,,0.0,300105.759689,300105.759689,300105.759689,300105.759689,300105.759689,300105.759689,nan,300105.759689,nan,nan,0.0,9,64,,True,False,"HTTPConnectionPool(host='gpu06', port=9004): Read timed out.",0,59.56268577710819
270,2026-09-21T07:59:48.860+00:00,2026-09-21T08:04:48.963+00:00,2026-09-21T08:04:48.963+00:00,False,1,0.0,,0.0,300103.174836,300103.174836,300103.174836,300103.174836,300103.174836,300103.174836,nan,300103.174836,nan,nan,0.0,9,64,,True,False,"HTTPConnectionPool(host='gpu06', port=9004): Read timed out.",0,59.56268577710819
271,2026-09-21T07:59:49.206+00:00,2026-09-21T08:04:49.136+00:00,2026-09-21T08:04:49.283+00:00,False,3,2.0,,2.0,299929.28454400005,300076.4108160001,300076.410825,100025.47027500001,0.036789999999999996,299929.28454400005,173121.79708400488,269951.06503870006,73.563136,103.98185105313314,0.006664969080913041,9,64,,True,False,Request timeout: 300.0s exceeded,14,59.56268577710819
272,2026-09-21T07:59:49.654+00:00,2026-09-21T08:04:49.763+00:00,2026-09-21T08:04:49.763+00:00,False,1,0.0,,0.0,300108.811647,300108.811647,300108.811647,300108.811647,300108.811647,300108.811647,nan,300108.811647,nan,nan,0.0,9,64,,True,False,"HTTPConnectionPool(host='gpu06', port=9004): Read timed out.",0,59.56268577710819
273,2026-09-21T07:59:50.006+00:00,2026-09-21T08:04:50.111+00:00,2026-09-21T08:04:50.111+00:00,False,1,0.0,,0.0,300105.539415,300105.539415,300105.539415,300105.539415,300105.539415,300105.539415,nan,300105.539415,nan,nan,0.0,9,64,,True,False,"HTTPConnectionPool(host='gpu06', port=9004): Read timed out.",0,59.56268577710819
274,2026-09-21T07:59:50.358+00:00,2026-09-21T08:04:50.474+00:00,2026-09-21T08:04:50.474+00:00,False,1,0.0,,0.0,300115.762731,300115.762731,300115.762731,300115.762731,300115.762731,300115.762731,nan,300115.762731,nan,nan,0.0,9,64,,True,False,"HTTPConnectionPool(host='gpu06', port=9004): Read timed out.",0,59.56268577710819
275,2026-09-21T07:59:50.706+00:00,2026-09-21T08:04:50.822+00:00,2026-09-21T08:04:50.822+00:00,False,1,0.0,,0.0,300115.99121899996,300115.99121899996,300115.99121899996,300115.99121899996,300115.99121899996,300115.99121899996,nan,300115.99121899996,nan,nan,0.0,9,64,,True,False,"HTTPConnectionPool(host='gpu06', port=9004): Read timed out.",0,59.56268577710819
276,2026-09-21T07:59:51.054+00:00,2026-09-21T08:04:51.073+00:00,2026-09-21T08:04:51.073+00:00,False,1,0.0,,0.0,300019.097894,300019.097894,300019.097894,300019.097894,300019.097894,300019.097894,nan,300019.097894,nan,nan,0.0,9,64,,True,False,TTFT timeout: 300.0s exceeded (TTFT: 300.010s),0,59.56268577710819
277,2026-09-21T07:59:51.458+00:00,2026-09-21T08:04:51.463+00:00,2026-09-21T08:04:51.463+00:00,False,1,0.0,,0.0,300004.61304400006,300004.61304400006,300004.61304400006,300004.61304400006,300004.61304400006,300004.61304400006,nan,300004.61304400006,nan,nan,0.0,9,64,,True,False,TTFT timeout: 300.0s exceeded (TTFT: 300.000s),0,59.56268577710819
278,2026-09-21T07:59:51.919+00:00,2026-09-21T08:04:52.031+00:00,2026-09-21T08:04:52.031+00:00,False,1,0.0,,0.0,300111.84460799996,300111.84460799996,300111.84460799996,300111.84460799996,300111.84460799996,300111.84460799996,nan,300111.84460799996,nan,nan,0.0,9,64,,True,False,"HTTPConnectionPool(host='gpu06', port=9004): Read timed out.",0,59.56268577710819
279,2026-09-21T07:59:52.277+00:00,2026-09-21T08:04:52.360+00:00,2026-09-21T08:04:52.360+00:00,False,1,0.0,,0.0,300083.454857,300083.454857,300083.454857,300083.454857,300083.454857,300083.454857,nan,300083.454857,nan,nan,0.0,9,64,,True,False,"HTTPConnectionPool(host='gpu06', port=9004): Read timed out.",0,59.56268577710819
280,2026-09-21T07:59:52.582+00:00,2026-09-21T08:04:52.692+00:00,2026-09-21T08:04:52.692+00:00,False,1,0.0,,0.0,300110.24152,300110.24152,300110.24152,300110.24152,300110.24152,300110.24152,nan,300110.24152,nan,nan,0.0,9,64,,True,False,"HTTPConnectionPool(host='gpu06', port=9004): Read timed out.",0,59.56268577710819
283,2026-09-21T07:59:54.431+00:00,2026-09-21T08:04:54.045+00:00,2026-09-21T08:04:54.507+00:00,True,9,9.0,,9.0,299614.686404,300076.313796,300076.313896,33341.812655111105,47.512207000000004,299614.686404,99852.32805795418,179798.88142839997,57.703424,9.58005478406477,0.029992370561171464,9,64,,True,True,,18,59.56268577710819
281,2026-09-21T07:59:54.182+00:00,2026-09-21T08:04:54.858+00:00,2026-09-21T08:04:54.858+00:00,False,1,0.0,,0.0,300676.402136,300676.402136,300676.402136,300676.402136,300676.402136,300676.402136,nan,300676.402136,nan,nan,0.0,9,64,,True,False,"HTTPConnectionPool(host='gpu06', port=9004): Read timed out.",0,59.56268577710819
282,2026-09-21T07:59:54.291+00:00,2026-09-21T08:04:54.894+00:00,2026-09-21T08:04:54.894+00:00,False,1,0.0,,0.0,300603.14965499996,300603.14965499996,300603.14965499996,300603.14965499996,300603.14965499996,300603.14965499996,nan,300603.14965499996,nan,nan,0.0,9,64,,True,False,"HTTPConnectionPool(host='gpu06', port=9004): Read timed out.",0,59.56268577710819
285,2026-09-21T07:59:54.686+00:00,2026-09-21T08:04:55.017+00:00,2026-09-21T08:04:55.017+00:00,False,1,0.0,,0.0,300331.57682300004,300331.57682300004,300331.57682300004,300331.57682300004,300331.57682300004,300331.57682300004,nan,300331.57682300004,nan,nan,0.0,9,64,,True,False,"HTTPConnectionPool(host='gpu06', port=9004): Read timed out.",0,59.56268577710819
284,2026-09-21T07:59:54.595+00:00,2026-09-21T08:04:55.038+00:00,2026-09-21T08:04:55.038+00:00,False,1,0.0,,0.0,300442.67245899996,300442.67245899996,300442.67245899996,300442.67245899996,300442.67245899996,300442.67245899996,nan,300442.67245899996,nan,nan,0.0,9,64,,True,False,"HTTPConnectionPool(host='gpu06', port=9004): Read timed out.",0,59.56268577710819
287,2026-09-21T07:59:54.992+00:00,2026-09-21T08:04:55.142+00:00,2026-09-21T08:04:55.142+00:00,False,1,0.0,,0.0,300150.361158,300150.361158,300150.361158,300150.361158,300150.361158,300150.361158,nan,300150.361158,nan,nan,0.0,9,64,,True,False,"HTTPConnectionPool(host='gpu06', port=9004): Read timed out.",0,59.56268577710819
286,2026-09-21T07:59:54.753+00:00,2026-09-21T08:04:55.143+00:00,2026-09-21T08:04:55.143+00:00,False,1,0.0,,0.0,300389.15474900004,300389.15474900004,300389.15474900004,300389.15474900004,300389.15474900004,300389.15474900004,nan,300389.15474900004,nan,nan,0.0,9,64,,True,False,"HTTPConnectionPool(host='gpu06', port=9004): Read timed out.",0,59.56268577710819
288,2026-09-21T07:59:55.311+00:00,2026-09-21T08:04:55.499+00:00,2026-09-21T08:04:55.499+00:00,False,1,0.0,,0.0,300187.67937800003,300187.67937800003,300187.67937800003,300187.67937800003,300187.67937800003,300187.67937800003,nan,300187.67937800003,nan,nan,0.0,9,64,,True,False,"HTTPConnectionPool(host='gpu06', port=9004): Read timed out.",0,59.56268577710819
289,2026-09-21T07:59:55.672+00:00,2026-09-21T08:04:55.765+00:00,2026-09-21T08:04:55.765+00:00,False,1,0.0,,0.0,300092.93757,300092.93757,300092.93757,300092.93757,300092.93757,300092.93757,nan,300092.93757,nan,nan,0.0,9,64,,True,False,"HTTPConnectionPool(host='gpu06', port=9004): Read timed out.",0,59.56268577710819
290,2026-09-21T07:59:56.179+00:00,2026-09-21T08:04:56.285+00:00,2026-09-21T08:04:56.285+00:00,False,1,0.0,,0.0,300105.935064,300105.935064,300105.935064,300105.935064,300105.935064,300105.935064,nan,300105.935064,nan,nan,0.0,9,64,,True,False,"HTTPConnectionPool(host='gpu06', port=9004): Read timed out.",0,59.56268577710819
291,2026-09-21T07:59:56.450+00:00,2026-09-21T08:04:56.572+00:00,2026-09-21T08:04:56.572+00:00,False,1,0.0,,0.0,300122.567653,300122.567653,300122.567653,300122.567653,300122.567653,300122.567653,nan,300122.567653,nan,nan,0.0,9,64,,True,False,"HTTPConnectionPool(host='gpu06', port=9004): Read timed out.",0,59.56268577710819
292,2026-09-21T07:59:56.855+00:00,2026-09-21T08:04:56.917+00:00,2026-09-21T08:04:56.917+00:00,False,1,0.0,,0.0,300061.921265,300061.921265,300061.921265,300061.921265,300061.921265,300061.921265,nan,300061.921265,nan,nan,0.0,9,64,,True,False,TTFT timeout: 300.0s exceeded (TTFT: 300.057s),0,59.56268577710819
293,2026-09-21T07:59:57.209+00:00,2026-09-21T08:04:57.189+00:00,2026-09-21T08:04:57.358+00:00,False,3,2.0,,2.0,299980.574558,300149.02511800005,300149.025288,100049.675096,0.03779,299980.574558,173145.2584026229,269999.3583962,84.22528,119.05931358589217,0.006663356641634014,9,64,,True,False,Request timeout: 300.0s exceeded,5,59.56268577710819
294,2026-09-21T07:59:57.652+00:00,2026-09-21T08:04:57.755+00:00,2026-09-21T08:04:57.755+00:00,False,1,0.0,,0.0,300102.393294,300102.393294,300102.393294,300102.393294,300102.393294,300102.393294,nan,300102.393294,nan,nan,0.0,9,64,,True,False,"HTTPConnectionPool(host='gpu06', port=9004): Read timed out.",0,59.56268577710819
295,2026-09-21T07:59:58.055+00:00,2026-09-21T08:04:58.160+00:00,2026-09-21T08:04:58.160+00:00,False,1,0.0,,0.0,300105.243624,300105.243624,300105.243624,300105.243624,300105.243624,300105.243624,nan,300105.243624,nan,nan,0.0,9,64,,True,False,"HTTPConnectionPool(host='gpu06', port=9004): Read timed out.",0,59.56268577710819
296,2026-09-21T07:59:58.365+00:00,2026-09-21T08:04:58.488+00:00,2026-09-21T08:04:58.488+00:00,False,1,0.0,,0.0,300122.633416,300122.633416,300122.633416,300122.633416,300122.633416,300122.633416,nan,300122.633416,nan,nan,0.0,9,64,,True,False,"HTTPConnectionPool(host='gpu06', port=9004): Read timed out.",0,59.56268577710819
297,2026-09-21T07:59:58.756+00:00,2026-09-21T08:04:58.888+00:00,2026-09-21T08:04:58.888+00:00,False,1,0.0,,0.0,300131.296508,300131.296508,300131.296508,300131.296508,300131.296508,300131.296508,nan,300131.296508,nan,nan,0.0,9,64,,True,False,"HTTPConnectionPool(host='gpu06', port=9004): Read timed out.",0,59.56268577710819
298,2026-09-21T07:59:59.148+00:00,2026-09-21T08:04:59.214+00:00,2026-09-21T08:04:59.214+00:00,False,1,0.0,,0.0,300065.810474,300065.810474,300065.810474,300065.810474,300065.810474,300065.810474,nan,300065.810474,nan,nan,0.0,9,64,,True,False,TTFT timeout: 300.0s exceeded (TTFT: 300.059s),0,59.56268577710819
299,2026-09-21T07:59:59.482+00:00,2026-09-21T08:04:59.371+00:00,2026-09-21T08:04:59.534+00:00,False,5,4.0,,4.0,299888.91309399996,300051.93286999996,300051.93285399996,60010.386570799994,0.07947,299888.91309399996,134096.17507736795,239923.48793859995,40.754944,27.825987909768855,0.013331025605267584,9,64,,True,False,Request timeout: 300.0s exceeded,4,59.56268577710819
300,2026-09-21T07:59:59.972+00:00,2026-09-21T08:05:00.077+00:00,2026-09-21T08:05:00.077+00:00,False,1,0.0,,0.0,300105.155518,300105.155518,300105.155518,300105.155518,300105.155518,300105.155518,nan,300105.155518,nan,nan,0.0,9,64,,True,False,"HTTPConnectionPool(host='gpu06', port=9004): Read timed out.",0,59.56268577710819
301,2026-09-21T08:00:00.391+00:00,2026-09-21T08:05:00.497+00:00,2026-09-21T08:05:00.497+00:00,False,1,0.0,,0.0,300106.371925,300106.371925,300106.371925,300106.371925,300106.371925,300106.371925,nan,300106.371925,nan,nan,0.0,9,64,,True,False,"HTTPConnectionPool(host='gpu06', port=9004): Read timed out.",0,59.56268577710819
302,2026-09-21T08:00:00.778+00:00,2026-09-21T08:05:00.893+00:00,2026-09-21T08:05:00.893+00:00,False,1,0.0,,0.0,300115.182527,300115.182527,300115.182527,300115.182527,300115.182527,300115.182527,nan,300115.182527,nan,nan,0.0,9,64,,True,False,"HTTPConnectionPool(host='gpu06', port=9004): Read timed out.",0,59.56268577710819
303,2026-09-21T08:00:01.185+00:00,2026-09-21T08:05:01.168+00:00,2026-09-21T08:05:01.168+00:00,True,1,1.0,,1.0,299982.955475,299982.955475,299982.955475,299982.955475,299982.955475,299982.955475,nan,299982.955475,nan,nan,0.003333522727704901,9,64,,True,True,,2,59.56268577710819
304,2026-09-21T08:00:01.673+00:00,2026-09-21T08:05:02.176+00:00,2026-09-21T08:05:03.068+00:00,False,18,17.0,,17.0,300503.37299,301395.077822,301395.077795,16744.170988611113,0.03111,300503.37299,70816.96253106682,45135.08020025,52.453225411764706,15.537658142170136,0.0564043717065611,9,64,,True,False,Request timeout: 300.0s exceeded,85,59.56268577710819
305,2026-09-21T08:00:02.044+00:00,2026-09-21T08:05:03.225+00:00,2026-09-21T08:05:03.225+00:00,False,1,0.0,,0.0,301180.55315399996,301180.55315399996,301180.55315399996,301180.55315399996,301180.55315399996,301180.55315399996,nan,301180.55315399996,nan,nan,0.0,9,64,,True,False,"HTTPConnectionPool(host='gpu06', port=9004): Read timed out.",0,59.56268577710819
0,2026-09-21T07:58:02.109+00:00,2026-09-21T07:58:02.258+00:00,2026-09-21T07:58:05.904+00:00,True,65,65.0,,65.0,149.72891,3795.1891339999997,3795.189166,58.38752563076923,0.01657,231.105356,36.577804170595414,97.9499548,56.960316,34.995286620070225,17.126946169212975,10,64,,False,True,,197,59.56268577710819
1,2026-09-21T07:58:02.383+00:00,2026-09-21T07:58:02.616+00:00,2026-09-21T07:58:07.857+00:00,True,90,90.0,,90.0,233.46385500000002,5474.245167,5474.245353,60.82494836666667,0.016309999999999998,246.211167,35.87355433049957,83.27991695,58.88518328089888,30.96846559710338,16.4406228172864,10,64,,False,True,,900,59.56268577710819
3,2026-09-21T07:58:03.116+00:00,2026-09-21T07:58:03.490+00:00,2026-09-21T07:58:05.903+00:00,True,41,41.0,,41.0,374.447975,2787.818343,2787.818368,67.99556995121951,37.887313,374.447975,50.047690768957104,77.27376600000001,60.334259200000005,10.038353075211479,14.706840602777396,10,64,,False,True,,217,59.56268577710819
2,2026-09-21T07:58:02.677+00:00,2026-09-21T07:58:03.493+00:00,2026-09-21T07:58:03.962+00:00,True,9,9.0,,9.0,816.064875,1284.956011,1284.955997,142.77288855555557,44.983983,816.064875,252.6940501718325,521.8316754,58.611392,10.999296684128957,7.004130820786518,10,64,,False,True,,48,59.56268577710819
6,2026-09-21T07:58:03.825+00:00,2026-09-21T07:58:04.429+00:00,2026-09-21T07:58:08.304+00:00,True,63,63.0,,63.0,603.7104109999999,4478.334155,4478.334162,71.08466923809523,42.920454,603.7104109999999,69.10593941016619,78.38648170000002,62.49393135483871,11.324773885351382,14.067730950728933,10,64,,False,True,,315,59.56268577710819
4,2026-09-21T07:58:03.147+00:00,2026-09-21T07:58:06.666+00:00,2026-09-21T07:58:07.604+00:00,True,17,17.0,,17.0,3519.471658,4457.373482,4457.3734859999995,262.1984403529412,41.004084000000006,3519.471658,839.4586107114584,766.5208188,58.618864,11.857616946904635,3.813905222133683,10,64,,False,True,,68,59.56268577710819
5,2026-09-21T07:58:03.477+00:00,2026-09-21T07:58:09.245+00:00,2026-09-21T07:58:12.691+00:00,True,55,55.0,,55.0,5768.009384,9213.313448,9213.313542,167.51479167272728,43.542765,5768.009384,769.2186488602094,79.08718,63.80192711111111,9.97428494269759,5.969622146301691,10,64,,False,True,,228,59.56268577710819
7,2026-09-21T07:58:04.029+00:00,2026-09-21T07:58:09.932+00:00,2026-09-21T07:58:13.174+00:00,True,50,50.0,,50.0,5903.274407,9144.618407,9144.618394,182.89236788,0.0177,5903.274407,827.304072687088,77.98111850000001,66.14987755102041,55.26207078782872,5.467696712388363,10,64,,False,True,,100,59.56268577710819
8,2026-09-21T07:58:04.380+00:00,2026-09-21T07:58:11.768+00:00,2026-09-21T07:58:16.124+00:00,True,70,70.0,,70.0,7387.2361550000005,11743.287611,11743.287647000001,167.7612521,0.01747,7387.2361550000005,876.6477177853164,81.48858050000001,63.13118052173913,47.13595298015377,5.960852047465024,10,64,,False,True,,140,59.56268577710819
9,2026-09-21T07:58:04.669+00:00,2026-09-21T07:58:13.325+00:00,2026-09-21T07:58:14.211+00:00,True,14,14.0,,14.0,8655.549137,9542.036689,9542.036499,681.5740356428571,43.762684,8655.549137,2295.0847683467678,3083.5647852999996,68.19135015384616,9.155723294091787,1.4671920111289356,10,64,,False,True,,120,59.56268577710819
10,2026-09-21T07:58:04.968+00:00,2026-09-21T07:58:14.907+00:00,2026-09-21T07:58:20.440+00:00,True,90,90.0,,90.0,9939.735051000001,15472.921099000001,15472.921115000001,171.92134572222224,41.661553999999995,9939.735051000001,1041.2241306125902,77.362667,62.170629752808985,8.87750182544133,5.8166133869716825,10,64,,False,True,,1170,59.56268577710819
11,2026-09-21T07:58:05.237+00:00,2026-09-21T07:58:16.810+00:00,2026-09-21T07:58:20.371+00:00,True,58,58.0,,58.0,11573.209751,15134.662039,15134.66205,260.942449137931,43.225274,11573.209751,1511.4651571910026,78.73834899999999,62.4816190877193,10.000941733386483,3.8322626465355984,10,64,,False,True,,294,59.56268577710819
12,2026-09-21T07:58:05.522+00:00,2026-09-21T07:58:18.286+00:00,2026-09-21T07:58:24.301+00:00,True,94,94.0,,94.0,12764.107904999999,18778.455681,18778.455639,199.77080467021275,0.0,12764.107904999999,1311.3195226258383,83.23816385,64.67040619354839,62.464170770014654,5.005736445894696,10,64,,False,True,,283,59.56268577710819
13,2026-09-21T07:58:05.819+00:00,2026-09-21T07:58:20.139+00:00,2026-09-21T07:58:26.163+00:00,True,95,95.0,,95.0,14319.540167,20343.150279,20343.150273,214.1384239263158,0.0,14319.540167,1463.8415493687307,84.9141673,64.08095863829787,61.10421430566121,4.669876528320563,10,64,,False,True,,1045,59.56268577710819
14,2026-09-21T07:58:06.108+00:00,2026-09-21T07:58:21.557+00:00,2026-09-21T07:58:26.285+00:00,True,75,75.0,,75.0,15448.362084,20177.084004,20177.083955000002,269.0277860666667,0.0,15448.362084,1777.837782030436,78.38852400000002,63.901647567567565,70.85229076871191,3.7170881572942673,10,64,,False,True,,75,59.56268577710819
15,2026-09-21T07:58:06.356+00:00,2026-09-21T07:58:22.601+00:00,2026-09-21T07:58:23.811+00:00,True,19,19.0,,19.0,16244.100367000001,17455.025423,17455.025402,918.6855474736842,0.0,16244.100367000001,3713.887717056114,2071.7488465,67.27361422222222,144.859985504579,1.0885117345612245,10,64,,False,True,,43,59.56268577710819
16,2026-09-21T07:58:06.604+00:00,2026-09-21T07:58:23.942+00:00,2026-09-21T07:58:29.356+00:00,True,89,89.0,,89.0,17337.054809,22751.219289,22751.219431,255.63167900000002,0.0,17337.054809,1831.7079848199808,77.31442640000002,61.52459636363637,43.27448031779755,3.9118782544999973,10,64,,False,True,,890,59.56268577710819
17,2026-09-21T07:58:06.943+00:00,2026-09-21T07:58:25.823+00:00,2026-09-21T07:58:26.237+00:00,True,8,8.0,,8.0,18879.319760000002,19293.866192,19293.866203,2411.733275375,43.824633999999996,18879.319760000002,6653.921294234924,12297.772489800001,59.220918857142856,13.38428739429828,0.4146395502274767,10,64,,False,True,,24,59.56268577710819
18,2026-09-21T07:58:07.246+00:00,2026-09-21T07:58:27.411+00:00,2026-09-21T07:58:32.702+00:00,True,85,85.0,,85.0,20165.917124000003,25456.603076000003,25456.602974000005,299.4894467529412,0.0,20165.917124000003,2180.954094088621,77.55195000000002,62.98435657142858,46.26325309127002,3.339015804513854,10,64,,False,True,,261,59.56268577710819
19,2026-09-21T07:58:07.581+00:00,2026-09-21T07:58:29.431+00:00,2026-09-21T07:58:32.290+00:00,True,45,45.0,,45.0,21849.676208999997,24708.717232999996,24708.717385999997,549.0826085777777,0.0,21849.676208999997,3248.09482921415,80.16121420000002,64.9782050909091,64.39014074336707,1.8212195953215962,10,64,,False,True,,135,59.56268577710819
20,2026-09-21T07:58:07.924+00:00,2026-09-21T07:58:31.122+00:00,2026-09-21T07:58:36.771+00:00,True,89,89.0,,89.0,23198.489638,28846.770214,28846.770314999998,324.1210147752809,0.0,23198.489638,2453.639937133981,80.8732404,64.18500654545454,83.6037746897949,3.085267409132904,10,64,,False,True,,182,59.56268577710819
21,2026-09-21T07:58:08.253+00:00,2026-09-21T07:58:32.634+00:00,2026-09-21T07:58:36.107+00:00,True,55,55.0,,55.0,24380.650320999997,27854.277456999997,27854.277421999996,506.4414076727272,0.0,24380.650320999997,3280.5014691932906,237.6492507,64.32642844444445,106.24442833823554,1.9745620788371259,10,64,,False,True,,111,59.56268577710819
22,2026-09-21T07:58:08.595+00:00,2026-09-21T07:58:34.326+00:00,2026-09-21T07:58:39.235+00:00,True,78,78.0,,78.0,25730.621411,30639.498467,30639.498611,392.81408475641024,0.0,25730.621411,2906.853673464454,77.56345449999999,63.75165007792208,62.013046927113756,2.545733576024725,10,64,,False,True,,78,59.56268577710819
23,2026-09-21T07:58:08.821+00:00,2026-09-21T07:58:35.667+00:00,2026-09-21T07:58:36.043+00:00,True,7,7.0,,7.0,26846.865427,27222.144531,27222.144636,3888.877805142857,50.196545,26846.865427,10123.526086198695,18815.3987203,62.546517333333334,11.143852586849462,0.2571435910212198,10,64,,False,True,,21,59.56268577710819
24,2026-09-21T07:58:09.034+00:00,2026-09-21T07:58:36.569+00:00,2026-09-21T07:58:37.955+00:00,True,23,23.0,,23.0,27535.468818999998,28921.177107,28921.177262999998,1257.442489695652,44.342434999999995,27535.468818999998,5728.417104659684,78.9698479,62.986740363636365,10.161416347792311,0.79526500304281,10,64,,False,True,,138,59.56268577710819
25,2026-09-21T07:58:09.257+00:00,2026-09-21T07:58:37.595+00:00,2026-09-21T07:58:43.517+00:00,True,93,93.0,,93.0,28338.365322999998,34260.915083,34260.915188,368.39693750537634,0.0,28338.365322999998,2933.3052954512996,75.21184600000001,64.37554086956521,92.05562422001036,2.7144633987358344,10,64,,False,True,,508,59.56268577710819
26,2026-09-21T07:58:09.615+00:00,2026-09-21T07:58:39.685+00:00,2026-09-21T07:58:43.664+00:00,True,58,58.0,,58.0,30070.278013,34049.082237,34049.082336,587.053143724138,0.0,30070.278013,3941.382480044782,165.0907674,69.803582877193,130.62554771332907,1.7034232992328158,10,64,,False,True,,655,59.56268577710819
27,2026-09-21T07:58:09.888+00:00,2026-09-21T07:58:41.256+00:00,2026-09-21T07:58:43.955+00:00,True,43,43.0,,43.0,31367.533467,34066.943643,34066.943567,792.2545015581395,0.01878,31367.533467,4775.218695756839,82.64203990000001,64.27167085714285,121.77635106797162,1.2622206573801504,10,64,,False,True,,43,59.56268577710819
28,2026-09-21T07:58:10.116+00:00,2026-09-21T07:58:42.436+00:00,2026-09-21T07:58:48.683+00:00,True,98,98.0,,98.0,32319.912026,38566.920282,38566.920245,393.5400025,0.0,32319.912026,3260.003112688505,78.48975999999999,64.40214696907216,105.95598219106247,2.54103774124113,10,64,,False,True,,602,59.56268577710819
29,2026-09-21T07:58:10.420+00:00,2026-09-21T07:58:43.742+00:00,2026-09-21T07:58:49.388+00:00,True,90,90.0,,90.0,33321.87713,38968.05185,38968.051876,432.97835417777776,0.0,33321.87713,3506.5354584550614,76.27283804999999,63.44016539325843,74.77430546442842,2.309584280641938,10,64,,False,True,,184,59.56268577710819
30,2026-09-21T07:58:10.618+00:00,2026-09-21T07:58:44.850+00:00,2026-09-21T07:58:46.485+00:00,True,19,19.0,,19.0,34231.788714,35867.326634000005,35867.326714,1887.7540375789474,0.0,34231.788714,7833.993976869457,4073.9353059,90.86321777777778,159.2318778225422,0.5297300296138931,10,64,,False,True,,38,59.56268577710819
31,2026-09-21T07:58:10.836+00:00,2026-09-21T07:58:46.491+00:00,2026-09-21T07:58:47.127+00:00,True,17,17.0,,17.0,35655.213171999996,36290.55858,36290.558478,2134.7387339999996,0.0,35655.213171999996,8638.090878726183,7196.316552799999,39.709088,33.891982841972066,0.4684413981263113,10,64,,False,True,,69,59.56268577710819
32,2026-09-21T07:58:11.073+00:00,2026-09-21T07:58:47.129+00:00,2026-09-21T07:58:48.026+00:00,True,15,15.0,,15.0,36056.022644000004,36952.792692,36952.792667,2463.5195111333337,41.422544,36056.022644000004,9293.09251826611,10873.333780500001,64.05500342857142,11.347494677666946,0.40592331207615023,10,64,,False,True,,66,59.56268577710819
33,2026-09-21T07:58:11.307+00:00,2026-09-21T07:58:48.294+00:00,2026-09-21T07:58:49.387+00:00,True,18,18.0,,18.0,36987.16427,38079.783534,38079.783554,2115.543530777778,47.658355,36987.16427,8702.81341341754,5615.696177150001,64.2717214117647,8.79187798408337,0.47269176264955604,10,64,,False,True,,100,59.56268577710819
34,2026-09-21T07:58:11.569+00:00,2026-09-21T07:58:49.518+00:00,2026-09-21T07:58:52.575+00:00,True,49,49.0,,49.0,37948.851621,41006.120357,41006.120418,836.859600367347,43.382545,37948.851621,5412.1759008669,78.555872,63.693098666666664,10.72122451931698,1.1949435736276717,10,64,,False,True,,49,59.56268577710819
35,2026-09-21T07:58:11.832+00:00,2026-09-21T07:58:50.967+00:00,2026-09-21T07:58:56.085+00:00,True,82,82.0,,82.0,39135.529143,44253.838007,44253.837994,539.6809511463415,0.0,39135.529143,4316.595215288986,88.94579995,63.18899832098766,124.6206930720657,1.8529466300082125,10,64,,False,True,,163,59.56268577710819
36,2026-09-21T07:58:12.172+00:00,2026-09-21T07:58:53.640+00:00,2026-09-21T07:58:58.350+00:00,True,91,91.0,,91.0,41468.070346,46178.05793,46178.057885,507.45118554945054,0.0,41468.070346,4341.6574343811435,79.279763,52.33319537777778,30.867303627720034,1.9706328953448908,10,64,,False,True,,542,59.56268577710819
37,2026-09-21T07:58:12.517+00:00,2026-09-21T07:58:54.478+00:00,2026-09-21T07:58:59.567+00:00,True,82,82.0,,82.0,41960.871987000006,47049.331251,47049.331445,573.772334695122,37.204874000000004,41960.871987000006,4626.8770967769,79.49453600000001,62.82048474074074,10.303208771816577,1.7428515521834784,10,64,,False,True,,82,59.56268577710819
38,2026-09-21T07:58:12.817+00:00,2026-09-21T07:58:56.202+00:00,2026-09-21T07:58:56.202+00:00,True,1,1.0,,1.0,43384.969584,43384.969584,43384.969584,43384.969584,43384.969584,43384.969584,nan,43384.969584,nan,nan,0.023049457210378946,10,64,,False,True,,11,59.56268577710819
39,2026-09-21T07:58:13.181+00:00,2026-09-21T07:58:57.220+00:00,2026-09-21T07:59:01.350+00:00,True,65,65.0,,65.0,44039.025821999996,48168.605341999995,48168.605510999994,741.0554694,0.0,44039.025821999996,5455.458902015538,77.81434399999999,64.52468,110.0786408673485,1.3494266553597742,10,64,,False,True,,874,59.56268577710819
40,2026-09-21T07:58:13.363+00:00,2026-09-21T07:58:59.122+00:00,2026-09-21T07:59:01.276+00:00,True,23,23.0,,23.0,45758.253111,47912.842551,47912.842564,2083.1670679999997,0.0,45758.253111,9522.491069073356,823.5785295000001,97.93588363636364,181.8046943986633,0.4800383107205139,10,64,,False,True,,46,59.56268577710819
41,2026-09-21T07:58:13.617+00:00,2026-09-21T07:59:01.230+00:00,2026-09-21T07:59:04.197+00:00,True,63,63.0,,63.0,47613.091184,50580.15448,50580.154552,802.8595960634921,0.0,47613.091184,5992.712013449993,76.918407,47.855859612903224,26.035952209272757,1.245547797306767,10,64,,False,True,,189,59.56268577710819
42,2026-09-21T07:58:13.927+00:00,2026-09-21T07:59:01.938+00:00,2026-09-21T07:59:07.001+00:00,True,83,83.0,,83.0,48011.638495,53074.424543,53074.424641,639.4508992891566,0.01585,48011.638495,5264.027829436161,87.553575,61.74129326829268,94.7753466133704,1.5638417319580131,10,64,,False,True,,168,59.56268577710819
43,2026-09-21T07:58:14.251+00:00,2026-09-21T07:59:03.733+00:00,2026-09-21T07:59:06.676+00:00,True,49,49.0,,49.0,49482.731298,52425.228834,52425.228823,1069.9026290408162,0.01534,49482.731298,7061.238888505743,111.20349340000001,61.302032,122.15748877114966,0.934664494363092,10,64,,False,True,,56,59.56268577710819
44,2026-09-21T07:58:14.595+00:00,2026-09-21T07:59:05.778+00:00,2026-09-21T07:59:10.468+00:00,True,76,76.0,,76.0,51183.816234,55873.617706,55873.617731,735.1791806710526,0.0,51183.816234,5865.25545654449,86.3325365,62.53068629333334,121.50171399998408,1.3602126212750805,10,64,,False,True,,161,59.56268577710819
45,2026-09-21T07:58:14.875+00:00,2026-09-21T07:59:07.005+00:00,2026-09-21T07:59:10.328+00:00,True,38,38.0,,38.0,52130.473832,55453.711976000006,55453.712117,1459.3082136052633,0.0,52130.473832,8443.68237143131,231.21568695,89.81724713513513,165.23010997958755,0.6852562009996038,10,64,,False,True,,238,59.56268577710819
46,2026-09-21T07:58:15.129+00:00,2026-09-21T07:59:08.526+00:00,2026-09-21T07:59:14.649+00:00,True,96,96.0,,96.0,53396.928324,59520.3961,59520.396045,620.00412546875,0.0,53396.928324,5444.273631013791,82.22888750000001,64.45755553684211,107.54479374695268,1.612892492158667,10,64,,False,True,,193,59.56268577710819
47,2026-09-21T07:58:15.405+00:00,2026-09-21T07:59:10.342+00:00,2026-09-21T07:59:14.449+00:00,True,74,74.0,,74.0,54937.363824,59044.361072,59044.360908,797.8967690270271,0.0,54937.363824,6379.849561964786,79.8137823,56.2602362739726,25.650403575697112,1.2532949574941248,10,64,,False,True,,79,59.56268577710819
48,2026-09-21T07:58:15.614+00:00,2026-09-21T07:59:11.190+00:00,2026-09-21T07:59:16.969+00:00,True,91,91.0,,91.0,55575.515291,61355.43900300001,61355.438979000006,674.2355931758242,46.860254,55575.515291,5819.172090609598,79.6003275,64.22137457777778,9.283363030235213,1.4831610934370547,10,64,,False,True,,540,59.56268577710819
49,2026-09-21T07:58:15.830+00:00,2026-09-21T07:59:12.244+00:00,2026-09-21T07:59:14.109+00:00,True,29,29.0,,29.0,56413.28316,58278.707544,58278.707303999996,2009.610596689655,50.089815,56413.28316,10463.316394394531,78.89062300000002,66.62229942857142,9.489131010292297,0.4976088390104604,10,64,,False,True,,116,59.56268577710819
50,2026-09-21T07:58:16.034+00:00,2026-09-21T07:59:13.617+00:00,2026-09-21T07:59:19.344+00:00,True,90,90.0,,90.0,57582.969189999996,63309.957733999996,63309.957783,703.4439753666667,0.01478,57582.969189999996,6064.110719834036,79.300532,64.34818588764044,116.97908484113371,1.4215773192921652,10,64,,False,True,,271,59.56268577710819
51,2026-09-21T07:58:16.249+00:00,2026-09-21T07:59:14.577+00:00,2026-09-21T07:59:19.990+00:00,True,86,86.0,,86.0,58328.427132,63741.020796,63741.020928,741.1746619534883,0.01557,58328.427132,6284.231880964803,108.57407425,63.67757251764706,132.58582243074446,1.3492096443707542,10,64,,False,True,,286,59.56268577710819
52,2026-09-21T07:58:16.451+00:00,2026-09-21T07:59:15.644+00:00,2026-09-21T07:59:17.717+00:00,True,34,34.0,,34.0,59192.531135,61265.641918999994,61265.641797,1801.9306410882352,41.787733,59192.531135,10140.667189268774,82.04125485,62.821538909090904,10.873486591487353,0.5549603160112447,10,64,,False,True,,304,59.56268577710819
53,2026-09-21T07:58:16.683+00:00,2026-09-21T07:59:16.723+00:00,2026-09-21T07:59:19.472+00:00,True,29,29.0,,29.0,60040.297026,62788.494658,62788.494818,2165.120510965517,0.020550000000000002,60040.297026,11133.21493649004,787.7339192000001,98.14991542857143,227.29904589970917,0.4618680565278539,10,64,,False,True,,203,59.56268577710819
54,2026-09-21T07:58:17.023+00:00,2026-09-21T07:59:19.386+00:00,2026-09-21T07:59:19.386+00:00,True,10,10.0,,10.0,62363.050404,62363.2593,62363.259494,6236.3259494,0.01542,62363.050404,19720.920764583923,34299.7058292,0.023210666666666668,0.015295866108200608,0.16035082374214527,10,64,,False,True,,21,59.56268577710819
55,2026-09-21T07:58:17.305+00:00,2026-09-21T07:59:20.100+00:00,2026-09-21T07:59:21.319+00:00,True,4,4.0,,4.0,62795.322208,64014.107231999995,64014.107375,16003.52684375,0.0,62795.322208,31199.820740592564,53558.84165185,406.2616746666667,703.6658616906846,0.06248622644229335,10,64,,False,True,,17,59.56268577710819
56,2026-09-21T07:58:17.558+00:00,2026-09-21T07:59:21.479+00:00,2026-09-21T07:59:25.878+00:00,True,69,69.0,,69.0,63921.030423000004,68320.75189500001,68320.75189,990.1558244927537,40.106053,63921.030423000004,7687.40651097719,81.77471100000001,64.70178635294118,11.11210389496569,1.0099420466865456,10,64,,False,True,,552,59.56268577710819
57,2026-09-21T07:58:17.805+00:00,2026-09-21T07:59:22.973+00:00,2026-09-21T07:59:27.725+00:00,True,75,75.0,,75.0,65167.548689,69920.120849,69920.120777,932.2682770266667,44.558104,65167.548689,7517.491647874102,81.010577,64.2239481081081,10.500805881711758,1.072652608280963,10,64,,False,True,,375,59.56268577710819
58,2026-09-21T07:58:18.126+00:00,2026-09-21T07:59:24.704+00:00,2026-09-21T07:59:28.892+00:00,True,66,66.0,,66.0,66577.403228,70765.487964,70765.48806599999,1072.2043646363636,43.214783000000004,66577.403228,8187.186081702928,76.93415449999999,64.43207286153846,9.382045449507492,0.9326580215708494,10,64,,False,True,,462,59.56268577710819
59,2026-09-21T07:58:18.462+00:00,2026-09-21T07:59:26.325+00:00,2026-09-21T07:59:27.147+00:00,True,14,14.0,,14.0,67863.24927500001,68685.447035,68685.447018,4906.103358428572,47.322864,67863.24927500001,18120.315630633293,23801.317582650005,63.245981538461535,10.002643239668675,0.2038277481526185,10,64,,False,True,,84,59.56268577710819
60,2026-09-21T07:58:18.747+00:00,2026-09-21T07:59:27.988+00:00,2026-09-21T07:59:35.028+00:00,True,94,94.0,,94.0,69241.287532,76281.736556,76281.736451,811.5078345851064,0.0,69241.287532,7136.661596357345,79.74768599999999,75.70375294623656,200.12610811302068,1.232273991704327,10,64,,False,True,,376,59.56268577710819
61,2026-09-21T07:58:19.062+00:00,2026-09-21T07:59:29.412+00:00,2026-09-21T07:59:33.330+00:00,True,63,63.0,,63.0,70350.293135,74268.682895,74268.68292,1178.8679828571428,0.0,70350.293135,8856.924768328443,78.78411499999999,63.19983483870968,168.83399489703672,0.8482714051771792,10,64,,False,True,,189,59.56268577710819
62,2026-09-21T07:58:19.369+00:00,2026-09-21T07:59:31.288+00:00,2026-09-21T07:59:34.808+00:00,True,47,47.0,,47.0,71919.244978,75439.843506,75439.843528,1605.103053787234,0.0,71919.244978,10482.559347145818,889.2191204000001,76.53475060869566,262.796861064692,0.6230129572877748,10,64,,False,True,,188,59.56268577710819
63,2026-09-21T07:58:19.577+00:00,2026-09-21T07:59:32.816+00:00,2026-09-21T07:59:37.845+00:00,True,87,87.0,,87.0,73239.11619,78268.015774,78268.015583,899.6323630229886,0.0,73239.11619,7847.031933424508,179.37826500000003,58.47557655813953,140.52446667341425,1.1115651666858877,10,64,,False,True,,202,59.56268577710819
64,2026-09-21T07:58:19.798+00:00,2026-09-21T07:59:33.135+00:00,2026-09-21T07:59:36.061+00:00,True,46,46.0,,46.0,73336.93638500001,76262.863809,76262.86367300001,1657.8883407173914,0.02094,73336.93638500001,10805.66296202101,197.38084225000003,65.02060942222222,225.8655494916619,0.6031769291434793,10,64,,False,True,,138,59.56268577710819
65,2026-09-21T07:58:20.054+00:00,2026-09-21T07:59:35.289+00:00,2026-09-21T07:59:37.630+00:00,True,45,45.0,,45.0,75235.036299,77576.478091,77576.478075,1723.921735,0.01642,75235.036299,11207.545378883635,172.8255878,53.21458618181818,48.1570469916066,0.5800727373471812,10,64,,False,True,,96,59.56268577710819
66,2026-09-21T07:58:20.279+00:00,2026-09-21T07:59:36.079+00:00,2026-09-21T07:59:40.888+00:00,True,78,78.0,,78.0,75799.982494,80608.482462,80608.48254699999,1033.4420839358975,4.568600999999999,75799.982494,8575.605277700175,76.810243,62.44805153246753,17.779083648733117,0.9676400996231423,10,64,,False,True,,156,59.56268577710819
67,2026-09-21T07:58:20.620+00:00,2026-09-21T07:59:37.773+00:00,2026-09-21T07:59:40.052+00:00,True,38,38.0,,38.0,77153.079388,79431.597916,79431.597979,2090.305209973684,38.515123,77153.079388,12505.896797475101,79.8414625,61.58158183783784,10.715337566392602,0.47839903762461783,10,64,,False,True,,228,59.56268577710819
68,2026-09-21T07:58:20.849+00:00,2026-09-21T07:59:39.172+00:00,2026-09-21T07:59:40.094+00:00,True,16,16.0,,16.0,78322.643937,79244.520929,79244.520808,4952.7825505,47.975434,78322.643937,19565.2988459711,19640.4304845,61.45846613333333,10.189020982696661,0.201906703610908,10,64,,False,True,,34,59.56268577710819
69,2026-09-21T07:58:21.175+00:00,2026-09-21T07:59:40.819+00:00,2026-09-21T07:59:44.127+00:00,True,51,51.0,,51.0,79643.344058,82951.38297,82951.382909,1626.4977040980393,39.624563,79643.344058,11143.040346765367,84.849207,66.16077824,11.541562760551875,0.6148179593153321,10,64,,False,True,,102,59.56268577710819
70,2026-09-21T07:58:21.447+00:00,2026-09-21T07:59:41.890+00:00,2026-09-21T07:59:42.811+00:00,True,15,15.0,,15.0,80443.359265,81363.566625,81363.56681500001,5424.237787666667,42.861413999999996,80443.359265,20753.417940826203,24186.9326204,65.72909714285714,11.722968238151232,0.18435769991664866,10,64,,False,True,,60,59.56268577710819
71,2026-09-21T07:58:21.722+00:00,2026-09-21T07:59:43.363+00:00,2026-09-21T07:59:43.746+00:00,True,7,7.0,,7.0,81640.386775,82023.609559,82023.60965900001,11717.658522714286,46.792834,81640.386775,30833.02636910161,57169.68621130001,63.870464,10.098013024695106,0.08534128207275325,10,64,,False,True,,28,59.56268577710819
72,2026-09-21T07:58:21.935+00:00,2026-09-21T07:59:44.502+00:00,2026-09-21T07:59:50.227+00:00,True,91,91.0,,91.0,82567.224893,88292.464701,88292.464737,970.2468652417583,0.0,82567.224893,8650.651020050396,77.78943600000001,63.613775644444445,183.39289972884,1.0306655308374162,10,64,,False,True,,657,59.56268577710819
73,2026-09-21T07:58:22.278+00:00,2026-09-21T07:59:46.977+00:00,2026-09-21T07:59:48.962+00:00,True,41,41.0,,41.0,84698.79489599999,86683.63739199999,86683.63740099999,2114.2350585609756,0.0,84698.79489599999,13220.008200794788,75.138136,49.6210624,27.694083999805542,0.4729843051531185,10,64,,False,True,,64,59.56268577710819
74,2026-09-21T07:58:22.538+00:00,2026-09-21T07:59:47.687+00:00,2026-09-21T07:59:51.375+00:00,True,59,59.0,,59.0,85149.273611,88836.834315,88836.834346,1505.7090567118644,42.165262999999996,85149.273611,11077.218585601207,78.15208899999999,63.578632827586205,10.201370370331226,0.6641389290257264,10,64,,False,True,,59,59.56268577710819
75,2026-09-21T07:58:23.341+00:00,2026-09-21T07:59:50.779+00:00,2026-09-21T07:59:57.014+00:00,True,98,98.0,,98.0,87437.583699,93672.414035,93672.41408799999,955.8409600816326,0.01654,87437.583699,8827.165942260192,134.73182415,64.27660140206186,141.91453772293102,1.0461991506206196,10,64,,False,True,,834,59.56268577710819
76,2026-09-21T07:58:23.360+00:00,2026-09-21T07:59:51.044+00:00,2026-09-21T07:59:56.082+00:00,True,80,80.0,,80.0,87684.745881,92722.013849,92722.013794,1159.025172425,0.016329999999999997,87684.745881,9797.580221627091,218.6348457,63.76288567088608,157.9100145559442,0.8627940300162366,10,64,,False,True,,240,59.56268577710819
77,2026-09-21T07:58:23.479+00:00,2026-09-21T07:59:52.456+00:00,2026-09-21T07:59:56.272+00:00,True,61,61.0,,61.0,88977.03366300001,92792.38521500002,92792.385108,1521.1866411147541,0.01509,88977.03366300001,11385.700338398812,212.90842800000001,63.58919253333333,186.39007185175154,0.6573815282219868,10,64,,False,True,,302,59.56268577710819
78,2026-09-21T07:58:23.818+00:00,2026-09-21T07:59:54.197+00:00,2026-09-21T07:59:54.198+00:00,True,4,4.0,,4.0,90378.98946099999,90379.119253,90379.11918099999,22594.779795249997,0.03133,90378.98946099999,45189.47311050142,76822.14981984999,0.043264,0.013995967419224724,0.04425801040174693,10,64,,False,True,,8,59.56268577710819
79,2026-09-21T07:58:24.148+00:00,2026-09-21T07:59:56.041+00:00,2026-09-21T07:59:57.168+00:00,True,18,18.0,,18.0,91893.249799,93019.691527,93019.691508,5167.7606393333335,43.063064,91893.249799,21643.831543533972,13850.336910949998,66.26127811764707,11.314862786968838,0.19350741444649167,10,64,,False,True,,18,59.56268577710819
80,2026-09-21T07:58:24.447+00:00,2026-09-21T07:59:57.319+00:00,2026-09-21T08:00:00.422+00:00,True,52,52.0,,52.0,92871.887821,95974.925005,95974.925084,1845.671636230769,43.398944,92871.887821,12870.580160056028,82.69088295000002,60.84386635294118,10.358841819855845,0.5418081858078134,10,64,,False,True,,155,59.56268577710819
81,2026-09-21T07:58:24.749+00:00,2026-09-21T07:59:59.121+00:00,2026-09-21T08:00:03.552+00:00,True,71,71.0,,71.0,94372.427887,98803.356527,98803.356357,1391.5965684084506,0.0,94372.427887,11194.674743064961,80.154587,63.29898057142857,225.56771630653577,0.7185990688544861,10,64,,False,True,,216,59.56268577710819
82,2026-09-21T07:58:25.114+00:00,2026-09-21T08:00:02.873+00:00,2026-09-21T08:00:02.873+00:00,True,5,5.0,,5.0,97758.947399,97758.947399,97758.947399,19551.789479799998,0.0,97758.947399,43719.13035859805,78207.15791919999,0.0,0.0,0.0511462135490541,10,64,,False,True,,20,59.56268577710819
83,2026-09-21T07:58:25.309+00:00,2026-09-21T08:00:02.889+00:00,2026-09-21T08:00:06.545+00:00,True,74,74.0,,74.0,97579.270051,101235.357091,101235.356992,1368.0453647567567,0.0,97579.270051,11337.572079811656,76.50304665,50.08338410958904,28.13077251814371,0.7309699113668532,10,64,,False,True,,592,59.56268577710819
84,2026-09-21T07:58:25.659+00:00,2026-09-21T08:00:03.734+00:00,2026-09-21T08:00:04.435+00:00,True,12,12.0,,12.0,98074.838169,98775.827353,98775.82746,8231.318954999999,53.296994,98074.838169,28293.371732881533,44174.479396849994,63.72628945454545,7.153349475885046,0.12148721323401336,10,64,,False,True,,48,59.56268577710819
85,2026-09-21T07:58:26.000+00:00,2026-09-21T08:00:05.235+00:00,2026-09-21T08:00:06.486+00:00,True,20,20.0,,20.0,99235.602365,100486.027453,100486.027545,5024.30137725,53.320565,99235.602365,22175.040884575028,5036.9478299,65.8118467368421,8.639279523327039,0.1990326466966219,10,64,,False,True,,73,59.56268577710819
86,2026-09-21T07:58:26.274+00:00,2026-09-21T08:00:06.433+00:00,2026-09-21T08:00:07.046+00:00,True,11,11.0,,11.0,100158.47836200001,100771.470874,100771.47077700001,9161.042797909091,51.309504999999994,100158.47836200001,30180.43613809296,50117.046594,61.2992512,8.483278840358901,0.1091578787587004,10,64,,False,True,,25,59.56268577710819
87,2026-09-21T07:58:26.491+00:00,2026-09-21T08:00:07.790+00:00,2026-09-21T08:00:09.619+00:00,True,31,31.0,,31.0,101298.243219,103127.783315,103127.78336,3326.702689032258,45.653674,101298.243219,18182.75073063535,77.21149150000001,60.984669866666664,9.367982244597428,0.3005979475512593,10,64,,True,True,,155,59.56268577710819
88,2026-09-21T07:58:26.706+00:00,2026-09-21T08:00:08.964+00:00,2026-09-21T08:00:14.115+00:00,True,82,82.0,,82.0,102257.884032,107409.561728,107409.561523,1309.8727015,44.753074,102257.884032,11285.474201759269,76.6417716,63.60095920987654,9.026919857287986,0.7634329633301528,10,64,,True,True,,164,59.56268577710819
89,2026-09-21T07:58:26.937+00:00,2026-09-21T08:00:10.183+00:00,2026-09-21T08:00:12.214+00:00,True,32,32.0,,32.0,103246.50297300001,105277.109565,105277.109372,3289.909667875,44.176164,103246.50297300001,18239.998006036265,76.84220845,65.50343845161291,8.440278769022086,0.3039597129159651,10,64,,True,True,,64,59.56268577710819
90,2026-09-21T07:58:27.245+00:00,2026-09-21T08:00:11.638+00:00,2026-09-21T08:00:13.987+00:00,True,38,38.0,,38.0,104392.867639,106741.565239,106741.565166,2808.988557,46.394542,104392.867639,16924.46416584111,78.15978050000001,63.47831351351351,9.067640449118018,0.35600002599658337,10,64,,True,True,,76,59.56268577710819
91,2026-09-21T07:58:27.502+00:00,2026-09-21T08:00:13.095+00:00,2026-09-21T08:00:14.354+00:00,True,21,21.0,,21.0,105593.250141,106852.247133,106852.247321,5088.202253380952,41.875313999999996,105593.250141,23028.6017406413,76.249567,62.9498496,10.460821861852057,0.19653306845162652,10,64,,True,True,,45,59.56268577710819
92,2026-09-21T07:58:27.837+00:00,2026-09-21T08:00:15.109+00:00,2026-09-21T08:00:15.109+00:00,True,1,1.0,,1.0,107271.795493,107271.795493,107271.795493,107271.795493,107271.795493,107271.795493,nan,107271.795493,nan,nan,0.009322114870961164,10,64,,True,True,,5,59.56268577710819
93,2026-09-21T07:58:28.101+00:00,2026-09-21T08:00:16.417+00:00,2026-09-21T08:00:20.193+00:00,True,60,60.0,,60.0,108316.23958,112091.34767599999,112091.34768899999,1868.18912815,44.934093999999995,108316.23958,13975.30905896981,77.7355533,63.984882983050845,9.344781040459221,0.5352777109383142,10,64,,True,True,,60,59.56268577710819
94,2026-09-21T07:58:28.328+00:00,2026-09-21T08:00:17.377+00:00,2026-09-21T08:00:21.147+00:00,True,60,60.0,,60.0,109048.926226,112819.096594,112819.096596,1880.3182766,43.088612999999995,109048.926226,14069.909571479871,79.6062174,63.9011926779661,9.77814664734966,0.5318248577713832,10,64,,True,True,,141,59.56268577710819
95,2026-09-21T07:58:28.573+00:00,2026-09-21T08:00:18.735+00:00,2026-09-21T08:00:20.592+00:00,True,30,30.0,,30.0,110162.329381,112019.930917,112019.930959,3733.9976986333336,50.340794,110162.329381,20101.1048467787,78.618952,64.05522537931034,9.309032041350457,0.26780948492307305,10,64,,True,True,,210,59.56268577710819
96,2026-09-21T07:58:28.873+00:00,2026-09-21T08:00:20.140+00:00,2026-09-21T08:00:21.339+00:00,True,20,20.0,,20.0,111266.237035,112465.678443,112465.67853399999,5623.2839267,47.434973,111266.237035,24865.772795613626,5637.606958,63.12849515789474,9.710433319636685,0.1778320308638553,10,64,,True,True,,160,59.56268577710819
97,2026-09-21T07:58:29.146+00:00,2026-09-21T08:00:21.527+00:00,2026-09-21T08:00:27.361+00:00,True,94,94.0,,94.0,112380.55157099999,118215.132051,118215.13206299998,1257.6077879042552,43.326623,112380.55157099999,11584.70225693031,78.882127,62.73742451612903,10.003395905897301,0.7951604703148055,10,64,,True,True,,147,59.56268577710819
98,2026-09-21T07:58:29.397+00:00,2026-09-21T08:00:22.862+00:00,2026-09-21T08:00:27.937+00:00,True,81,81.0,,81.0,113464.915643,118540.016059,118540.01606,1463.4569883950617,41.427213,113464.915643,12600.167755157745,78.927356,63.4387552,9.659817834750257,0.6833135568303323,10,64,,True,True,,148,59.56268577710819
99,2026-09-21T07:58:29.625+00:00,2026-09-21T08:00:23.885+00:00,2026-09-21T08:00:28.688+00:00,True,77,77.0,,77.0,114260.488045,119063.070061,119063.07000200001,1546.2736363896104,45.730512000000004,114260.488045,13013.993640790508,78.905598,63.19186863157894,10.191841325039848,0.6467160636841492,10,64,,True,True,,153,59.56268577710819
100,2026-09-21T07:58:29.877+00:00,2026-09-21T08:00:25.388+00:00,2026-09-21T08:00:29.716+00:00,True,70,70.0,,70.0,115511.64366,119839.349004,119839.349073,1711.9907010428572,44.841223,115511.64366,13798.78915885286,79.30243195000001,62.720367304347825,9.97808155849353,0.5841153225695805,10,64,,True,True,,770,59.56268577710819
101,2026-09-21T07:58:30.116+00:00,2026-09-21T08:00:26.638+00:00,2026-09-21T08:00:26.972+00:00,True,6,6.0,,6.0,116521.92540800001,116856.09884800001,116856.09880400001,19476.016467333335,57.323084,116521.92540800001,47542.59214775946,87409.60758,66.834688,7.247417880093847,0.05134520199758226,10,64,,True,True,,12,59.56268577710819
102,2026-09-21T07:58:30.373+00:00,2026-09-21T08:00:27.758+00:00,2026-09-21T08:00:32.457+00:00,True,76,76.0,,76.0,117384.672895,122083.541887,122083.541894,1606.3623933421052,43.465033000000005,117384.672895,13457.762061744628,77.81218574999998,62.651586560000005,9.420059500471078,0.6225245338175499,10,64,,True,True,,152,59.56268577710819
103,2026-09-21T07:58:30.663+00:00,2026-09-21T08:00:29.229+00:00,2026-09-21T08:00:32.848+00:00,True,58,58.0,,58.0,118566.095694,122185.97691,122185.976903,2106.654774189655,43.533083,118566.095694,15560.154521130351,76.3224043,63.506688,8.487313521941457,0.47468622395777677,10,64,,True,True,,58,59.56268577710819
104,2026-09-21T07:58:30.919+00:00,2026-09-21T08:00:30.719+00:00,2026-09-21T08:00:33.191+00:00,True,39,39.0,,39.0,119800.244519,122271.692839,122271.692832,3135.171611076923,47.317214,119800.244519,19172.979479246536,79.1329451,65.03811368421053,8.722901163508347,0.31896180624040965,10,64,,True,True,,218,59.56268577710819
105,2026-09-21T07:58:31.155+00:00,2026-09-21T08:00:31.942+00:00,2026-09-21T08:00:33.713+00:00,True,28,28.0,,28.0,120787.133216,122557.269536,122557.269528,4377.045340285715,46.477324,120787.133216,22814.23407214308,76.15192864999999,65.56060444444445,7.804913399444054,0.2284646198957237,10,64,,True,True,,140,59.56268577710819
106,2026-09-21T07:58:31.413+00:00,2026-09-21T08:00:33.054+00:00,2026-09-21T08:00:38.656+00:00,True,91,91.0,,91.0,121640.90105,127243.281594,127243.281686,1398.2778207252748,40.033673,121640.90105,12744.909400115388,77.330091,62.24867271111111,9.6658350694335,0.7151654598971848,10,64,,True,True,,549,59.56268577710819
107,2026-09-21T07:58:31.753+00:00,2026-09-21T08:00:34.513+00:00,2026-09-21T08:00:40.097+00:00,True,91,91.0,,91.0,122760.058234,128343.92665,128343.926568,1410.3728194285713,40.866903,122760.058234,12862.250323468492,76.66513549999999,62.0429824,9.452792670310897,0.7090323817827496,10,64,,True,True,,811,59.56268577710819
108,2026-09-21T07:58:32.045+00:00,2026-09-21T08:00:36.250+00:00,2026-09-21T08:00:37.650+00:00,True,24,24.0,,24.0,124205.27919300001,125605.24949700001,125605.24947600001,5233.5520615000005,46.171682999999994,124205.27919300001,25340.87374559822,77.75699999999999,60.868274086956525,10.245862818938269,0.19107481650735642,10,64,,True,True,,144,59.56268577710819
109,2026-09-21T07:58:32.297+00:00,2026-09-21T08:00:37.770+00:00,2026-09-21T08:00:44.084+00:00,True,98,98.0,,98.0,125472.708698,131786.656346,131786.656358,1344.7617995714286,42.944493,125472.708698,12668.085832372386,77.5813225,65.09224379381443,9.527240532859105,0.7436261205588627,10,64,,True,True,,260,59.56268577710819
110,2026-09-21T07:58:32.643+00:00,2026-09-21T08:00:39.310+00:00,2026-09-21T08:00:41.305+00:00,True,31,31.0,,31.0,126667.230728,128662.123272,128662.123278,4150.391073483871,49.956824,126667.230728,22738.164730892735,79.527761,66.49641813333334,8.698627642845308,0.2409411504461496,10,64,,True,True,,186,59.56268577710819
112,2026-09-21T07:58:33.397+00:00,2026-09-21T08:00:41.814+00:00,2026-09-21T08:00:48.223+00:00,True,100,100.0,,100.0,128417.302886,134825.403238,134825.403291,1348.25403291,44.403603000000004,128417.302886,12835.261191492762,78.28305555,64.72828638383838,9.837115548659858,0.7416999882690904,10,64,,True,True,,200,59.56268577710819
111,2026-09-21T07:58:33.392+00:00,2026-09-21T08:00:43.634+00:00,2026-09-21T08:00:48.719+00:00,True,80,80.0,,80.0,130241.613281,135326.81724899999,135326.817499,1691.5852187374999,42.756223,130241.613281,14554.261350904004,78.12570595,64.36967048101266,9.497219565037215,0.5911614684087397,10,64,,True,True,,480,59.56268577710819
113,2026-09-21T07:58:33.538+00:00,2026-09-21T08:00:44.143+00:00,2026-09-21T08:00:50.175+00:00,True,95,95.0,,95.0,130605.051084,136637.359564,136637.359502,1438.2879947578947,42.477333,130605.051084,13393.214536554115,77.0788483,64.1734944680851,9.145970518355416,0.6952710466825338,10,64,,True,True,,524,59.56268577710819
114,2026-09-21T07:58:33.721+00:00,2026-09-21T08:00:45.310+00:00,2026-09-21T08:00:47.455+00:00,True,34,34.0,,34.0,131589.210712,133733.580376,133733.580371,3933.340599147059,44.661362999999994,131589.210712,22556.221589209883,80.46388350000001,64.98089890909091,10.263544066407826,0.25423681848946955,10,64,,True,True,,68,59.56268577710819
115,2026-09-21T07:58:33.957+00:00,2026-09-21T08:00:46.675+00:00,2026-09-21T08:00:52.855+00:00,True,99,99.0,,99.0,132717.729318,138897.60823,138897.608087,1403.0061422929293,43.344463000000005,132717.729318,13332.299579450877,78.46945,63.05998889795918,9.949554908353099,0.7127552537554591,10,64,,True,True,,396,59.56268577710819
116,2026-09-21T07:58:34.217+00:00,2026-09-21T08:00:47.959+00:00,2026-09-21T08:00:52.802+00:00,True,78,78.0,,78.0,133742.750476,138585.063436,138585.063416,1776.73158225641,45.137423000000005,133742.750476,15136.266726714688,78.43142764999999,62.8871812987013,9.288658312952052,0.56283121763711,10,64,,True,True,,312,59.56268577710819
117,2026-09-21T07:58:34.422+00:00,2026-09-21T08:00:49.219+00:00,2026-09-21T08:00:52.742+00:00,True,57,57.0,,57.0,134796.858629,138320.18253299998,138320.182731,2426.6698724736843,45.911174,134796.858629,17845.94884079262,77.55407799999999,62.91649828571428,9.03560854160918,0.41208736827976006,10,64,,True,True,,114,59.56268577710819
118,2026-09-21T07:58:34.684+00:00,2026-09-21T08:00:50.646+00:00,2026-09-21T08:00:54.089+00:00,True,56,56.0,,56.0,135962.151388,139405.33654,139405.336384,2489.381006857143,44.078002999999995,135962.151388,18160.343781513715,78.860836,62.6033664,10.161736528106124,0.4017062860712779,10,64,,True,True,,0,59.56268577710819
119,2026-09-21T07:58:35.040+00:00,2026-09-21T08:00:52.391+00:00,2026-09-21T08:00:57.365+00:00,True,80,80.0,,80.0,137351.640041,142325.72183300002,142325.721842,1779.071523025,44.407813000000004,137351.640041,15349.34331556917,76.36267205,62.963060658227846,8.994787712794478,0.5620909486330881,10,64,,True,True,,550,59.56268577710819
120,2026-09-21T07:58:35.296+00:00,2026-09-21T08:00:53.845+00:00,2026-09-21T08:00:56.922+00:00,True,50,50.0,,50.0,138549.151812,141626.224452,141626.224491,2832.52448982,43.958754,138549.151812,19584.9300170614,76.03501,62.79740081632653,8.843741086644611,0.35304196093249673,10,64,,True,True,,51,59.56268577710819
121,2026-09-21T07:58:35.658+00:00,2026-09-21T08:00:55.808+00:00,2026-09-21T08:00:56.106+00:00,True,6,6.0,,6.0,140150.102811,140447.538203,140447.53806299999,23407.9230105,46.617024,140150.102811,57191.75494384431,105129.9440295,59.4870784,8.864332070325704,0.04272057792374917,10,64,,True,True,,18,59.56268577710819
122,2026-09-21T07:58:36.003+00:00,2026-09-21T08:00:57.432+00:00,2026-09-21T08:00:58.624+00:00,True,20,20.0,,20.0,141428.544166,142620.063398,142620.06343500002,7131.003171750001,47.779383,141428.544166,31610.36274128737,7146.800518,62.711538526315785,10.322214323660443,0.14023272408866752,10,64,,True,True,,40,59.56268577710819
123,2026-09-21T07:58:36.334+00:00,2026-09-21T08:00:59.272+00:00,2026-09-21T08:01:05.588+00:00,True,100,100.0,,100.0,142938.56207800002,149253.88879800003,149253.88882700002,1492.5388882700001,40.821833,142938.56207800002,14287.480949689458,77.64079845,63.79117898989899,10.555539640173585,0.6699992931865235,10,64,,True,True,,900,59.56268577710819
124,2026-09-21T07:58:36.578+00:00,2026-09-21T08:01:00.441+00:00,2026-09-21T08:01:03.061+00:00,True,42,42.0,,42.0,143863.887919,146482.949423,146482.949304,3487.689269142857,43.264362999999996,143863.887919,22188.82553131202,77.52607895000001,63.87954887804878,10.695341663523294,0.28672279036870196,10,64,,True,True,,84,59.56268577710819
125,2026-09-21T07:58:36.841+00:00,2026-09-21T08:01:01.657+00:00,2026-09-21T08:01:02.180+00:00,True,9,9.0,,9.0,144816.082762,145339.600458,145339.600532,16148.844503555556,43.388923000000005,144816.082762,48250.21557542722,86921.46000359999,65.439712,11.639943932697957,0.0619239351948047,10,64,,True,True,,36,59.56268577710819
126,2026-09-21T07:58:37.172+00:00,2026-09-21T08:01:03.395+00:00,2026-09-21T08:01:08.886+00:00,True,88,88.0,,88.0,146222.722367,151713.655359,151713.655445,1724.0188118750002,42.677743,146222.722367,15580.669743327997,77.8571393,63.11417232183908,9.978762455824974,0.5800400747827584,10,64,,True,True,,176,59.56268577710819
127,2026-09-21T07:58:37.371+00:00,2026-09-21T08:01:04.503+00:00,2026-09-21T08:01:06.681+00:00,True,36,36.0,,36.0,147132.13954899998,149310.40335699997,149310.403351,4147.511204194444,40.629553,147132.13954899998,24511.65247020017,78.44790850000001,62.2361088,9.783797385529239,0.24110845052051924,10,64,,True,True,,108,59.56268577710819
128,2026-09-21T07:58:37.707+00:00,2026-09-21T08:01:06.379+00:00,2026-09-21T08:01:10.308+00:00,True,63,63.0,,63.0,148671.828764,152600.309532,152600.309556,2422.227135809524,42.632623,148671.828764,18722.909379368415,77.32018409999999,63.36259303225806,9.778631228130507,0.41284319929108015,10,64,,True,True,,126,59.56268577710819
129,2026-09-21T07:58:37.996+00:00,2026-09-21T08:01:08.261+00:00,2026-09-21T08:01:11.907+00:00,True,58,58.0,,58.0,150264.846153,153910.68448899998,153910.68444399998,2653.6324904137928,42.055413,150264.846153,19722.3448444309,81.90874215,63.96207607017544,10.10604039800369,0.376841933960376,10,64,,True,True,,123,59.56268577710819
130,2026-09-21T07:58:38.354+00:00,2026-09-21T08:01:09.971+00:00,2026-09-21T08:01:13.262+00:00,True,52,52.0,,52.0,151616.782703,154908.497775,154908.497917,2979.0095753269234,47.074273999999996,151616.782703,21016.517197418427,81.74380795,64.54343278431372,11.30783479694764,0.33568203647245004,10,64,,True,True,,208,59.56268577710819
131,2026-09-21T07:58:38.608+00:00,2026-09-21T08:01:11.716+00:00,2026-09-21T08:01:12.605+00:00,True,15,15.0,,15.0,153108.324706,153997.017698,153997.017842,10266.467856133335,51.260304,153108.324706,39516.0103589015,45987.57540400001,63.47807085714286,8.648618698603261,0.09740448369861392,10,64,,True,True,,15,59.56268577710819
132,2026-09-21T07:58:38.957+00:00,2026-09-21T08:01:13.258+00:00,2026-09-21T08:01:18.415+00:00,True,82,82.0,,82.0,154301.055954,159458.243794,159458.24373800002,1944.6127285121952,40.680493000000006,154301.055954,17032.672393871464,77.46207095,63.668985679012344,9.047117581555328,0.5142412085381656,10,64,,True,True,,325,59.56268577710819
133,2026-09-21T07:58:39.223+00:00,2026-09-21T08:01:14.938+00:00,2026-09-21T08:01:15.006+00:00,True,2,2.0,,2.0,155715.103622,155782.595462,155782.595626,77891.297813,67.492004,155715.103622,110059.48165057786,147932.7230411,67.49184,nan,0.01283840466304119,10,64,,True,True,,2,59.56268577710819
134,2026-09-21T07:58:39.500+00:00,2026-09-21T08:01:16.410+00:00,2026-09-21T08:01:17.101+00:00,True,12,12.0,,12.0,156909.754622,157600.798206,157600.798023,13133.39983525,51.206944,156909.754622,45277.81024347545,70651.1345062,62.822144,9.440950289427267,0.07614174634010927,10,64,,True,True,,48,59.56268577710819
135,2026-09-21T07:58:39.796+00:00,2026-09-21T08:01:17.791+00:00,2026-09-21T08:01:19.969+00:00,True,35,35.0,,35.0,157995.083854,160172.85435,160172.854356,4576.3672673142855,45.128744,157995.083854,26695.219099031183,85.6244433,64.05207341176471,11.505420805286393,0.2185139307283625,10,64,,True,True,,76,59.56268577710819
136,2026-09-21T07:58:40.030+00:00,2026-09-21T08:01:19.192+00:00,2026-09-21T08:01:23.899+00:00,True,75,75.0,,75.0,159162.375305,163869.23917699998,163869.239193,2184.92318924,43.023903,159162.375305,18371.146057069454,76.819396,63.60626854054054,9.8989688822006,0.45768199313472313,10,64,,True,True,,450,59.56268577710819
137,2026-09-21T07:58:40.239+00:00,2026-09-21T08:01:20.159+00:00,2026-09-21T08:01:23.963+00:00,True,61,61.0,,61.0,159920.34128400002,163723.95882000003,163723.95869500004,2683.9993228688527,40.682142999999996,159920.34128400002,20467.587589947496,78.95789500000001,63.3936256,10.749776128375908,0.37257833514192074,10,64,,True,True,,61,59.56268577710819
138,2026-09-21T07:58:40.570+00:00,2026-09-21T08:01:22.131+00:00,2026-09-21T08:01:25.918+00:00,True,60,60.0,,60.0,161560.694162,165347.30357,165347.303436,2755.7883906,44.544292,161560.694162,20849.112500878673,77.24107804999998,64.17982047457627,9.54987398908178,0.3628725640185534,10,64,,True,True,,240,59.56268577710819
139,2026-09-21T07:58:40.886+00:00,2026-09-21T08:01:23.503+00:00,2026-09-21T08:01:24.513+00:00,True,17,17.0,,17.0,162616.999333,163626.23914100003,163626.23892700003,9625.072878058825,48.236092,162616.999333,39425.11790423517,32586.611366600002,63.077488,8.525611226154318,0.10389531709123229,10,64,,True,True,,136,59.56268577710819
140,2026-09-21T07:58:41.212+00:00,2026-09-21T08:01:25.197+00:00,2026-09-21T08:01:28.566+00:00,True,55,55.0,,55.0,163985.34609,167353.73521,167353.73512300002,3042.7951840545456,43.961583,163985.34609,22103.37108318568,79.31482,62.3775762962963,10.648853919005864,0.32864518937079296,10,64,,True,True,,275,59.56268577710819
141,2026-09-21T07:58:41.423+00:00,2026-09-21T08:01:26.350+00:00,2026-09-21T08:01:31.776+00:00,True,88,88.0,,88.0,164926.705881,170352.831193,170352.831024,1935.8276252727273,42.393633,164926.705881,17574.599701948704,77.40522465,62.369256459770114,9.17381099140995,0.5165749191470792,10,64,,True,True,,102,59.56268577710819
142,2026-09-21T07:58:41.643+00:00,2026-09-21T08:01:27.444+00:00,2026-09-21T08:01:31.649+00:00,True,68,68.0,,68.0,165801.438717,170006.39334100002,170006.393504,2500.0940221176475,41.315313,165801.438717,20098.769026674676,76.548649,62.7605167761194,9.195108426082028,0.3999849574104259,10,64,,True,True,,78,59.56268577710819
143,2026-09-21T07:58:41.947+00:00,2026-09-21T08:01:28.766+00:00,2026-09-21T08:01:34.210+00:00,True,88,88.0,,88.0,166818.138047,172263.020735,172263.02080099998,1957.5343272840908,45.560593,166818.138047,17776.203822037725,77.2165355,62.58485848275862,8.740383077638333,0.5108467251098213,10,64,,True,True,,104,59.56268577710819
144,2026-09-21T07:58:42.233+00:00,2026-09-21T08:01:30.215+00:00,2026-09-21T08:01:31.218+00:00,True,17,17.0,,17.0,167982.075035,168984.687259,168984.68745,9940.27573235294,49.198423000000005,167982.075035,40726.440403929286,33657.5291542,62.663264,8.926912881533429,0.10060083120989764,10,64,,True,True,,106,59.56268577710819
145,2026-09-21T07:58:42.595+00:00,2026-09-21T08:01:32.246+00:00,2026-09-21T08:01:38.371+00:00,True,97,97.0,,97.0,169650.71613699998,175776.418537,175776.41866799997,1812.1280275051545,42.184841999999996,169650.71613699998,17218.944240143624,77.00086399999999,63.8094,9.691651574874983,0.5518373898349853,10,64,,True,True,,411,59.56268577710819
146,2026-09-21T07:58:43.528+00:00,2026-09-21T08:01:35.694+00:00,2026-09-21T08:01:36.206+00:00,True,9,9.0,,9.0,172166.12857600002,172678.51923200002,172678.51922400002,19186.502136000003,46.195043,172166.12857600002,57367.360879264714,103330.6067312,64.048832,11.244616227381961,0.05211997438956588,10,64,,True,True,,18,59.56268577710819
147,2026-09-21T07:58:43.646+00:00,2026-09-21T08:01:37.196+00:00,2026-09-21T08:01:41.816+00:00,True,73,73.0,,73.0,173549.582826,178170.003434,178170.003376,2440.684977753425,42.899372,173549.582826,20304.933240394057,76.99005,64.17250844444445,8.59761463088937,0.4097210450301281,10,64,,True,True,,232,59.56268577710819
148,2026-09-21T07:58:43.686+00:00,2026-09-21T08:01:37.474+00:00,2026-09-21T08:01:42.500+00:00,True,81,81.0,,81.0,173788.524347,178814.659387,178814.659198,2207.588385160494,43.876472,173788.524347,19302.85733578298,77.066484,62.826688,8.930585205873902,0.4529829952291304,10,64,,True,True,,244,59.56268577710819
149,2026-09-21T07:58:43.696+00:00,2026-09-21T08:01:37.547+00:00,2026-09-21T08:01:43.422+00:00,True,95,95.0,,95.0,173851.18282,179726.66697999998,179726.667028,1891.8596529263157,41.551542,173851.18282,17830.344657235353,75.252261,62.50515063829787,9.577070666691698,0.5285804360383071,10,64,,True,True,,365,59.56268577710819
150,2026-09-21T07:58:43.901+00:00,2026-09-21T08:01:38.929+00:00,2026-09-21T08:01:44.428+00:00,True,89,89.0,,89.0,175027.58031299998,180526.79029699997,180526.79034099999,2028.390902707865,40.146502,175027.58031299998,18546.26480890432,78.06972999999999,62.49102254545455,9.561418070805681,0.493001619613236,10,64,,True,True,,327,59.56268577710819
151,2026-09-21T07:58:44.118+00:00,2026-09-21T08:01:39.799+00:00,2026-09-21T08:01:44.548+00:00,True,78,78.0,,78.0,175681.213587,180430.10881900002,180430.108644,2313.2065210769233,43.110223,175681.213587,19884.999625449986,77.90521815,61.673964051948055,9.994313892113919,0.43230035447269144,10,64,,True,True,,312,59.56268577710819
152,2026-09-21T07:58:44.417+00:00,2026-09-21T08:01:41.165+00:00,2026-09-21T08:01:41.567+00:00,True,7,7.0,,7.0,176748.22973,177149.97564999998,177149.975812,25307.139401714285,56.122743,176748.22973,66779.24416536362,123745.7322212,66.95765333333334,6.752679013096792,0.039514541135642546,10,64,,True,True,,21,59.56268577710819
153,2026-09-21T07:58:44.663+00:00,2026-09-21T08:01:42.447+00:00,2026-09-21T08:01:47.490+00:00,True,82,82.0,,82.0,177783.612833,182826.98230499998,182826.982306,2229.5973451951218,40.476212,177783.612833,19626.042265368367,75.67988954999998,62.26382064197531,9.923537432469521,0.4485114777161503,10,64,,True,True,,164,59.56268577710819
154,2026-09-21T07:58:44.954+00:00,2026-09-21T08:01:43.861+00:00,2026-09-21T08:01:49.749+00:00,True,95,95.0,,95.0,178907.274721,184795.196129,184795.196229,1945.2125918842105,42.805413,178907.274721,18349.074795419176,78.7905033,62.637461787234045,8.98010497029634,0.5140826276332603,10,64,,True,True,,870,59.56268577710819
155,2026-09-21T07:58:45.302+00:00,2026-09-21T08:01:45.667+00:00,2026-09-21T08:01:49.184+00:00,True,57,57.0,,57.0,180365.348432,183882.359888,183882.359962,3226.006315122807,43.006561999999995,180365.348432,23881.65682664353,76.1781242,62.803776,8.195189752269338,0.30998079443138454,10,64,,True,True,,115,59.56268577710819
156,2026-09-21T07:58:45.604+00:00,2026-09-21T08:01:47.177+00:00,2026-09-21T08:01:50.841+00:00,True,59,59.0,,59.0,181572.656103,185236.31075899999,185236.310902,3139.5984898644065,42.115902,181572.656103,23630.524365964444,76.802712,63.1664595862069,8.70832291582569,0.3185120657944943,10,64,,True,True,,76,59.56268577710819
157,2026-09-21T07:58:45.956+00:00,2026-09-21T08:01:49.312+00:00,2026-09-21T08:01:51.940+00:00,True,41,41.0,,41.0,183356.071951,185984.91854299998,185984.91867299998,4536.217528609756,50.180982,183356.071951,28625.144927380104,79.68788400000001,65.7211648,8.829573682141936,0.2204479821331359,10,64,,True,True,,82,59.56268577710819
158,2026-09-21T07:58:46.243+00:00,2026-09-21T08:01:50.838+00:00,2026-09-21T08:01:51.135+00:00,True,5,5.0,,5.0,184594.825125,184891.272869,184891.27293,36978.254586,68.819121,184594.825125,82520.17174438143,147692.142525,74.111936,5.965674534344628,0.02704292053602023,10,64,,True,True,,7,59.56268577710819
160,2026-09-21T07:58:46.800+00:00,2026-09-21T08:01:53.199+00:00,2026-09-21T08:01:57.842+00:00,True,74,74.0,,74.0,186398.463804,191042.097724,191042.097715,2581.649969121622,41.771002,186398.463804,21660.98887566121,77.9335615,63.61142356164384,9.98695918912284,0.38734918052935313,10,64,,True,True,,74,59.56268577710819
161,2026-09-21T07:58:47.114+00:00,2026-09-21T08:01:54.743+00:00,2026-09-21T08:01:59.943+00:00,True,82,82.0,,82.0,187628.954084,192828.701924,192828.701956,2351.5695360487803,40.448542,187628.954084,20713.06476164487,78.813375,64.19441777777777,9.416189825283855,0.42524789713265215,10,64,,True,True,,238,59.56268577710819
162,2026-09-21T07:58:47.464+00:00,2026-09-21T08:01:56.398+00:00,2026-09-21T08:02:02.579+00:00,True,100,100.0,,100.0,188933.941129,195114.498953,195114.498962,1951.1449896200002,44.507161999999994,188933.941129,18887.15329537022,77.74340045,62.429877010101016,9.100202747756272,0.5125195745913707,10,64,,True,True,,300,59.56268577710819
159,2026-09-21T07:58:46.463+00:00,2026-09-21T08:01:56.468+00:00,2026-09-21T08:01:58.900+00:00,True,39,39.0,,39.0,190005.505556,192437.075732,192437.075827,4934.283995564102,45.207602,190005.505556,30414.98553088455,78.1845691,63.98868884210526,8.30644036793964,0.20266364915206805,10,64,,True,True,,78,59.56268577710819
163,2026-09-21T07:58:47.683+00:00,2026-09-21T08:01:57.969+00:00,2026-09-21T08:01:57.969+00:00,True,1,1.0,,1.0,190286.24362999998,190286.24362999998,190286.24362999998,190286.24362999998,190286.24362999998,190286.24362999998,nan,190286.24362999998,nan,nan,0.005255240636020117,10,64,,True,True,,5,59.56268577710819
164,2026-09-21T07:58:47.938+00:00,2026-09-21T08:01:58.974+00:00,2026-09-21T08:02:00.617+00:00,True,27,27.0,,27.0,191035.264827,192678.239803,192678.239896,7136.231107259259,43.991682,191035.264827,36752.59366926857,76.74746999999999,63.19134523076923,8.710433535527418,0.14012999095074571,10,64,,True,True,,162,59.56268577710819
165,2026-09-21T07:58:48.160+00:00,2026-09-21T08:02:00.181+00:00,2026-09-21T08:02:00.498+00:00,True,6,6.0,,6.0,192020.72147,192337.875262,192337.87517699998,32056.3125295,50.140542,192020.72147,78366.2363262435,144035.27976874998,63.4307584,10.325615003082616,0.031195103885944896,10,64,,True,True,,14,59.56268577710819
166,2026-09-21T07:58:48.499+00:00,2026-09-21T08:02:02.261+00:00,2026-09-21T08:02:04.001+00:00,True,29,29.0,,29.0,193761.89721700002,195501.60588900003,195501.605891,6741.434685896553,45.624462,193761.89721700002,35969.144348053844,76.96019000000001,62.13245257142857,8.745917706070388,0.14833637743346895,10,64,,True,True,,109,59.56268577710819
167,2026-09-21T07:58:48.704+00:00,2026-09-21T08:02:03.544+00:00,2026-09-21T08:02:09.059+00:00,True,88,88.0,,88.0,194839.833275,200354.83717900002,200354.83705300002,2276.759511965909,46.369862,194839.833275,20763.240084864803,76.06005300000001,63.39084947126437,8.088981499052213,0.4392207407569575,10,64,,True,True,,792,59.56268577710819
168,2026-09-21T07:58:48.953+00:00,2026-09-21T08:02:04.834+00:00,2026-09-21T08:02:05.194+00:00,True,7,7.0,,7.0,195880.881669,196241.224709,196241.22469899998,28034.460671285713,50.449013,195880.881669,74013.31512972641,137138.5585665,60.05717333333334,8.369645797415005,0.03567038480512992,10,64,,True,True,,17,59.56268577710819
169,2026-09-21T07:58:49.240+00:00,2026-09-21T08:02:06.331+00:00,2026-09-21T08:02:09.737+00:00,True,55,55.0,,55.0,197091.23977000001,200497.419098,200497.419074,3645.407619527273,45.526872000000004,197091.23977000001,26567.273341968063,75.96318600000001,63.07739496296296,8.539381537169785,0.2743177455721605,10,64,,True,True,,332,59.56268577710819
170,2026-09-21T07:58:49.483+00:00,2026-09-21T08:02:07.691+00:00,2026-09-21T08:02:11.292+00:00,True,58,58.0,,58.0,198207.82617800002,201808.580866,201808.58101400002,3479.458293344828,43.726182,198207.82617800002,26017.66908702691,75.0211225,63.17113487719298,8.115279410990384,0.28740105971267765,10,64,,True,True,,464,59.56268577710819
171,2026-09-21T07:58:49.808+00:00,2026-09-21T08:02:09.317+00:00,2026-09-21T08:02:14.752+00:00,True,88,88.0,,88.0,199509.41425200002,204944.82468400002,204944.82460700002,2328.918461443182,41.182092,199509.41425200002,21261.117086488986,76.80979364999999,62.47598197701149,9.343239128200493,0.42938386043992716,10,64,,True,True,,175,59.56268577710819
172,2026-09-21T07:58:50.086+00:00,2026-09-21T08:02:10.923+00:00,2026-09-21T08:02:15.489+00:00,True,73,73.0,,73.0,200836.18816999998,205402.52186599997,205402.52194799998,2813.733177369863,44.198531,200836.18816999998,23498.67695471623,77.799816,63.42130133333334,9.750425296919994,0.35539972604437436,10,64,,True,True,,219,59.56268577710819
173,2026-09-21T07:58:50.370+00:00,2026-09-21T08:02:12.632+00:00,2026-09-21T08:02:15.269+00:00,True,43,43.0,,43.0,202262.733474,204899.368354,204899.368507,4765.101593186047,41.608802000000004,202262.733474,30835.205953173776,78.050331,62.77702095238096,10.281612902725303,0.2098591144786248,10,64,,True,True,,387,59.56268577710819
174,2026-09-21T07:58:50.682+00:00,2026-09-21T08:02:14.386+00:00,2026-09-21T08:02:15.538+00:00,True,19,19.0,,19.0,203704.226247,204856.37549500001,204856.37561900003,10781.914506263158,45.701753,203704.226247,46718.27097760423,20439.957403200002,64.00829155555556,9.599124173462533,0.0927479066936032,10,64,,True,True,,38,59.56268577710819
175,2026-09-21T07:58:50.896+00:00,2026-09-21T08:02:15.678+00:00,2026-09-21T08:02:22.000+00:00,True,100,100.0,,100.0,204782.415255,211104.279959,211104.279896,2111.04279896,43.580152999999996,204782.415255,20471.85781404798,78.09212500000001,63.85721923232323,9.1188485552472,0.47369953853811814,10,64,,True,True,,690,59.56268577710819
176,2026-09-21T07:58:51.235+00:00,2026-09-21T08:02:17.479+00:00,2026-09-21T08:02:20.449+00:00,True,48,48.0,,48.0,206243.758016,209213.523136,209213.523286,4358.615068458334,42.746172,206243.758016,29759.60358527264,78.90482365,63.18649191489362,9.448319891200661,0.22943067580195298,10,64,,True,True,,96,59.56268577710819
177,2026-09-21T07:58:51.487+00:00,2026-09-21T08:02:18.797+00:00,2026-09-21T08:02:24.804+00:00,True,97,97.0,,97.0,207310.103241,213317.262537,213317.262546,2199.147036556701,43.864862,207310.103241,21042.800282516582,76.42057439999999,62.574576,9.074330502744512,0.4547217550345945,10,64,,True,True,,1261,59.56268577710819
178,2026-09-21T07:58:51.690+00:00,2026-09-21T08:02:19.990+00:00,2026-09-21T08:02:26.002+00:00,True,97,97.0,,97.0,208299.316405,214311.530677,214311.53071,2209.397223814433,41.670203,208299.316405,21143.234753934474,77.57219600000002,62.627232,10.07360414135085,0.45261213754379703,10,64,,True,True,,98,59.56268577710819
179,2026-09-21T07:58:51.915+00:00,2026-09-21T08:02:21.206+00:00,2026-09-21T08:02:22.355+00:00,True,19,19.0,,19.0,209290.631558,210439.959174,210439.959101,11075.787321105263,45.288812,209290.631558,47999.916216762955,21000.4245374,63.85153422222223,9.729510718399984,0.09028703519320709,10,64,,True,True,,96,59.56268577710819
180,2026-09-21T07:58:52.152+00:00,2026-09-21T08:02:22.358+00:00,2026-09-21T08:02:23.249+00:00,True,16,16.0,,16.0,210205.937026,211096.797314,211096.797233,13193.5498270625,45.049322000000004,210205.937026,52536.637564134355,52610.990902749996,59.390685866666665,10.491562534636556,0.07579461272546212,10,64,,True,True,,22,59.56268577710819
181,2026-09-21T07:58:52.377+00:00,2026-09-21T08:02:23.498+00:00,2026-09-21T08:02:29.500+00:00,True,98,98.0,,98.0,211121.227734,217123.84942999997,217123.84928599998,2215.549482510204,40.731361,211121.227734,21320.215807055843,80.0907603,61.88269789690722,10.089898393436593,0.45135529909437644,10,64,,True,True,,196,59.56268577710819
182,2026-09-21T07:58:52.739+00:00,2026-09-21T08:02:25.175+00:00,2026-09-21T08:02:29.419+00:00,True,70,70.0,,70.0,212436.390676,216679.804436,216679.804375,3095.4257767857143,43.598874,212436.390676,25383.656451272534,77.86030999999998,61.49875014492754,9.569712436960378,0.32305733421813043,10,64,,True,True,,280,59.56268577710819
185,2026-09-21T07:58:53.759+00:00,2026-09-21T08:02:28.092+00:00,2026-09-21T08:02:31.120+00:00,True,49,49.0,,49.0,214333.748982,217360.95717399998,217360.957149,4435.937901,42.606661,214333.748982,30610.098974510776,80.20244699999999,63.06683733333334,9.765206127996686,0.22543146955676555,10,64,,True,True,,233,59.56268577710819
183,2026-09-21T07:58:53.733+00:00,2026-09-21T08:02:28.868+00:00,2026-09-21T08:02:33.995+00:00,True,82,82.0,,82.0,215134.86999200002,220262.24970400002,220262.24963200002,2686.1249955121953,39.265162,215134.86999200002,23750.683785135436,79.32569095000001,63.30098409876543,10.2961168632442,0.37228349438088415,10,64,,True,True,,233,59.56268577710819
184,2026-09-21T07:58:53.753+00:00,2026-09-21T08:02:31.078+00:00,2026-09-21T08:02:32.082+00:00,True,17,17.0,,17.0,217324.643279,218328.31483100003,218328.314733,12842.842043117647,41.094371,217324.643279,52693.75526664356,43530.6167774,62.729472,11.630787881851099,0.07786438517220765,10,64,,True,True,,35,59.56268577710819
186,2026-09-21T07:58:53.989+00:00,2026-09-21T08:02:32.085+00:00,2026-09-21T08:02:36.312+00:00,True,66,66.0,,66.0,218096.41128799997,222323.13871199999,222323.13860699997,3368.5324031363634,44.854492,218096.41128799997,26837.81025118485,80.71977975,65.02657575384616,10.51054052936974,0.296865186333561,10,64,,True,True,,250,59.56268577710819
187,2026-09-21T07:58:54.246+00:00,2026-09-21T08:02:33.114+00:00,2026-09-21T08:02:37.763+00:00,True,73,73.0,,73.0,218867.32581799998,223516.902778,223516.90273099998,3061.875379876712,46.287302000000004,218867.32581799998,25608.92681721967,78.3029224,64.57745777777778,10.54129078553327,0.32659722415939424,10,64,,True,True,,803,59.56268577710819
188,2026-09-21T07:58:54.539+00:00,2026-09-21T08:02:34.670+00:00,2026-09-21T08:02:36.009+00:00,True,22,22.0,,22.0,220131.51759099998,221470.31259899997,221470.312568,10066.832389454545,49.005162,220131.51759099998,46918.60612779794,79.475543,63.752143238095236,9.349760713946823,0.0993361130068651,10,64,,True,True,,66,59.56268577710819
189,2026-09-21T07:58:54.869+00:00,2026-09-21T08:02:36.438+00:00,2026-09-21T08:02:39.791+00:00,True,55,55.0,,55.0,221568.95852000001,224921.66636,224921.66623700003,4089.4848406727274,46.926882,221568.95852000001,29867.981624982818,76.9199813,62.087182222222225,8.498086115384632,0.24452957729723268,10,64,,True,True,,118,59.56268577710819
190,2026-09-21T07:58:55.121+00:00,2026-09-21T08:02:37.643+00:00,2026-09-21T08:02:39.188+00:00,True,26,26.0,,26.0,222522.316325,224067.222821,224067.22285,8617.970109615384,42.459481,222522.316325,43628.098394617075,78.55865075,61.796259840000005,9.432287788574483,0.11603660576795095,10,64,,True,True,,78,59.56268577710819
191,2026-09-21T07:58:55.444+00:00,2026-09-21T08:02:39.295+00:00,2026-09-21T08:02:43.846+00:00,True,72,72.0,,72.0,223850.44209,228401.438826,228401.438839,3172.242206097222,43.859373,223850.44209,26373.475396441987,80.211452,64.09854557746479,10.0474613323867,0.31523444147324653,10,64,,True,True,,648,59.56268577710819
192,2026-09-21T07:58:55.772+00:00,2026-09-21T08:02:40.765+00:00,2026-09-21T08:02:46.915+00:00,True,98,98.0,,98.0,224992.528407,231142.890519,231142.890672,2358.60092522449,40.904271,224992.528407,22721.275203170902,79.87717350000001,63.40579496907216,11.027167611536962,0.4239801612757991,10,64,,True,True,,244,59.56268577710819
193,2026-09-21T07:58:55.991+00:00,2026-09-21T08:02:42.114+00:00,2026-09-21T08:02:48.359+00:00,True,99,99.0,,99.0,226122.968331,232367.653643,232367.65377,2347.148017878788,41.211051,226122.968331,22719.811262135598,78.35557800000001,63.72127869387755,9.782658523315751,0.4260489721693342,10,64,,True,True,,112,59.56268577710819
194,2026-09-21T07:58:56.247+00:00,2026-09-21T08:02:43.382+00:00,2026-09-21T08:02:44.419+00:00,True,17,17.0,,17.0,227135.33497999999,228171.78579599998,228171.785626,13421.869742705881,47.105562,227135.33497999999,55072.70053992342,45499.9778704,64.778176,11.448237416231652,0.07450526777749408,10,64,,True,True,,133,59.56268577710819
195,2026-09-21T07:58:56.466+00:00,2026-09-21T08:02:44.666+00:00,2026-09-21T08:02:45.207+00:00,True,10,10.0,,10.0,228199.991942,228740.91175,228740.91164,22874.091163999998,48.075351000000005,228199.991942,72144.16823990495,125543.43520444998,60.10220088888889,9.567186249084896,0.043717583896532665,10,64,,True,True,,50,59.56268577710819
196,2026-09-21T07:58:56.821+00:00,2026-09-21T08:02:46.678+00:00,2026-09-21T08:02:47.053+00:00,True,7,7.0,,7.0,229856.270006,230231.501238,230231.501208,32890.214458285714,47.004941,229856.270006,86853.8671688764,160921.1415851,62.53853866666667,10.727868228042825,0.03040417997693463,10,64,,True,True,,67,59.56268577710819
197,2026-09-21T07:58:57.120+00:00,2026-09-21T08:02:47.951+00:00,2026-09-21T08:02:52.281+00:00,True,71,71.0,,71.0,230831.721169,235161.483473,235161.483561,3312.13357128169,40.594371,230831.721169,27387.34613188615,77.0971475,61.8537472,9.250796740676773,0.3019201909744367,10,64,,True,True,,355,59.56268577710819
198,2026-09-21T07:58:57.328+00:00,2026-09-21T08:02:48.897+00:00,2026-09-21T08:02:49.517+00:00,True,11,11.0,,11.0,231569.417971,232189.90488299998,232189.904942,21108.173176545453,51.257771999999996,231569.417971,69802.09862665593,115825.21821699999,62.0486912,8.23532587702273,0.047375014023727166,10,64,,True,True,,11,59.56268577710819
199,2026-09-21T07:58:57.610+00:00,2026-09-21T08:02:50.335+00:00,2026-09-21T08:02:52.336+00:00,True,34,34.0,,34.0,232724.915591,234726.402183,234726.402071,6903.717707970588,43.081521,232724.915591,39901.59326469451,78.978181,60.65110884848485,9.480783323735638,0.14484949150923612,10,64,,True,True,,134,59.56268577710819
200,2026-09-21T07:58:57.944+00:00,2026-09-21T08:02:52.593+00:00,2026-09-21T08:02:56.031+00:00,True,55,55.0,,55.0,234649.51917800002,238087.483978,238087.48383800001,4328.863342509091,47.120281999999996,234649.51917800002,31631.551410200744,80.91445170000001,63.666014814814815,9.574331008035077,0.23100752328955756,10,64,,True,True,,55,59.56268577710819
201,2026-09-21T07:58:58.245+00:00,2026-09-21T08:02:53.984+00:00,2026-09-21T08:02:58.129+00:00,True,67,67.0,,67.0,235738.79207300002,239883.97479300003,239883.97464800003,3580.3578305671645,41.250902,235738.79207300002,28792.40568594241,76.2176533,62.805798787878786,9.029598195766086,0.2793016918192032,10,64,,True,True,,603,59.56268577710819
202,2026-09-21T07:58:58.608+00:00,2026-09-21T08:02:55.857+00:00,2026-09-21T08:02:59.323+00:00,True,56,56.0,,56.0,237248.513455,240715.01124700002,240715.01124300002,4298.482343625,46.756513,237248.513455,31695.244812045603,76.387307,63.027232581818176,8.060609473841428,0.2326402483579965,10,64,,True,True,,276,59.56268577710819
203,2026-09-21T07:58:58.842+00:00,2026-09-21T08:02:57.313+00:00,2026-09-21T08:03:00.541+00:00,True,52,52.0,,52.0,238471.164858,241699.44697,241699.447001,4648.066288480769,43.277871,238471.164858,33061.22356215092,76.854984,63.29964925490196,8.841321657311594,0.21514323119843257,10,64,,True,True,,258,59.56268577710819
204,2026-09-21T07:58:59.161+00:00,2026-09-21T08:02:58.891+00:00,2026-09-21T08:02:59.324+00:00,True,8,8.0,,8.0,239730.09505,240162.913738,240162.91362500002,30020.364203125002,48.337401,239730.09505,84735.52788651834,155850.96574505,61.831241142857145,10.83333435162064,0.033310721774167884,10,64,,True,True,,16,59.56268577710819
205,2026-09-21T07:58:59.497+00:00,2026-09-21T08:03:00.428+00:00,2026-09-21T08:03:02.828+00:00,True,39,39.0,,39.0,240931.38108899997,243331.62710499996,243331.627173,6239.272491615384,43.387561999999996,240931.38108899997,38569.784159058436,78.82450090000002,63.16436884210526,10.170399878014765,0.16027509643524934,10,64,,True,True,,312,59.56268577710819
206,2026-09-21T07:58:59.739+00:00,2026-09-21T08:03:01.822+00:00,2026-09-21T08:03:05.274+00:00,True,55,55.0,,55.0,242082.913632,245534.474336,245534.474113,4464.263165690909,45.265712,242082.913632,32633.83611284304,80.394578,63.917790814814815,9.546102703010334,0.22400113120056458,10,64,,True,True,,495,59.56268577710819
207,2026-09-21T07:59:00.048+00:00,2026-09-21T08:03:03.460+00:00,2026-09-21T08:03:09.286+00:00,True,91,91.0,,91.0,243411.61040799998,249237.27543199997,249237.27540199997,2738.871158263736,43.759951,243411.61040799998,25509.686274880798,79.242518,64.72961137777777,9.514363329380306,0.36511392544422094,10,64,,True,True,,227,59.56268577710819
208,2026-09-21T07:59:00.372+00:00,2026-09-21T08:03:05.065+00:00,2026-09-21T08:03:07.691+00:00,True,41,41.0,,41.0,244693.279201,247318.750945,247318.750843,6032.164654707317,43.725172,244693.279201,38204.42030617967,79.84033199999999,65.6367936,9.40652230553312,0.1657779680810283,10,64,,True,True,,224,59.56268577710819
209,2026-09-21T07:59:00.633+00:00,2026-09-21T08:03:06.388+00:00,2026-09-21T08:03:09.413+00:00,True,48,48.0,,48.0,245754.44545899998,248779.270035,248779.270076,5182.901459916667,49.752732,245754.44545899998,35462.3107152889,77.2221775,64.35796970212766,9.239852590262956,0.1929421209140417,10,64,,True,True,,98,59.56268577710819
210,2026-09-21T07:59:00.960+00:00,2026-09-21T08:03:08.212+00:00,2026-09-21T08:03:09.658+00:00,True,24,24.0,,24.0,247252.80909,248698.413698,248698.41374,10362.433905833333,48.252571,247252.80909,50457.43944768316,76.73989435,62.85237426086956,9.321179034286622,0.09650242493763443,10,64,,True,True,,72,59.56268577710819
212,2026-09-21T07:59:01.477+00:00,2026-09-21T08:03:09.786+00:00,2026-09-21T08:03:10.043+00:00,True,5,5.0,,5.0,248308.766382,248565.334446,248565.334331,49713.0668662,47.865080999999996,248308.766382,111018.37147537139,198661.69967019997,64.142016,11.364581728680617,0.020115435690756925,10,64,,True,True,,12,59.56268577710819
213,2026-09-21T07:59:01.839+00:00,2026-09-21T08:03:11.505+00:00,2026-09-21T08:03:16.935+00:00,True,87,87.0,,87.0,249666.77565400003,255096.44503000003,255096.44499400002,2932.143045908046,42.544961,249666.77565400003,26760.32096796075,76.9107113,63.135690418604646,10.017816991575446,0.3410474810410179,10,64,,True,True,,433,59.56268577710819
214,2026-09-21T07:59:02.172+00:00,2026-09-21T08:03:13.969+00:00,2026-09-21T08:03:14.209+00:00,True,5,5.0,,5.0,251796.81840599998,252036.93846999996,252036.93831499998,50407.387662999994,51.822622,251796.81840599998,112580.11438883143,201450.6080012,60.030016,5.901231553850434,0.019838361909776774,10,64,,True,True,,23,59.56268577710819
211,2026-09-21T07:59:01.175+00:00,2026-09-21T08:03:14.417+00:00,2026-09-21T08:03:18.455+00:00,True,66,66.0,,66.0,253242.042685,257280.80134099998,257280.801307,3898.1939591969694,42.854150999999995,253242.042685,31164.29373260273,77.4686205,62.13474855384615,9.341873237734065,0.2565290517442209,10,64,,True,True,,204,59.56268577710819
215,2026-09-21T07:59:02.432+00:00,2026-09-21T08:03:15.725+00:00,2026-09-21T08:03:19.818+00:00,True,67,67.0,,67.0,253292.765311,257386.543231,257386.543315,3841.590198731343,43.100592,253292.765311,30937.060096883437,76.730771,62.02693818181818,9.695047284534146,0.26030886913877493,10,64,,True,True,,268,59.56268577710819
216,2026-09-21T07:59:02.793+00:00,2026-09-21T08:03:17.751+00:00,2026-09-21T08:03:21.916+00:00,True,67,67.0,,67.0,254957.986574,259122.61812600002,259122.61803100002,3867.5017616567166,46.847872,254957.986574,31140.368464724746,78.381533,63.100478060606065,10.848240493928708,0.25856484657553447,10,64,,True,True,,134,59.56268577710819
217,2026-09-21T07:59:03.150+00:00,2026-09-21T08:03:19.738+00:00,2026-09-21T08:03:23.109+00:00,True,53,53.0,,53.0,256588.570467,259959.676259,259959.67626500002,4904.899552169812,45.369792000000004,256588.570467,35236.247580730116,79.816761,64.82895753846154,11.311788907691176,0.2038777735174422,10,64,,True,True,,106,59.56268577710819
218,2026-09-21T07:59:03.496+00:00,2026-09-21T08:03:21.632+00:00,2026-09-21T08:03:24.300+00:00,True,43,43.0,,43.0,258135.398357,260803.758805,260803.758761,6065.203692116279,47.022612,258135.398357,39355.591718616844,76.67596819999999,63.53239161904762,9.484598762376715,0.1648749243378452,10,64,,True,True,,86,59.56268577710819
219,2026-09-21T07:59:03.718+00:00,2026-09-21T08:03:22.652+00:00,2026-09-21T08:03:23.106+00:00,True,8,8.0,,8.0,258933.13499000002,259388.09358200003,259388.09349600002,32423.511687000002,51.886652000000005,258933.13499000002,91523.70943081359,168333.57138720003,64.99408457142857,10.258447484040829,0.03084181655959845,10,64,,True,True,,33,59.56268577710819
220,2026-09-21T07:59:03.926+00:00,2026-09-21T08:03:23.489+00:00,2026-09-21T08:03:28.522+00:00,True,81,81.0,,81.0,259562.91226800001,264596.20558,264596.20558400004,3266.6198220246915,43.110462,259562.91226800001,28833.334466230666,76.556733,62.9161664,9.563095340734758,0.30612683890325043,10,64,,True,True,,162,59.56268577710819
221,2026-09-21T07:59:04.175+00:00,2026-09-21T08:03:24.781+00:00,2026-09-21T08:03:30.858+00:00,True,97,97.0,,97.0,260605.50773800001,266682.44905,266682.449022,2749.3035981649487,44.772441,260605.50773800001,26454.054720774246,75.9084882,63.301472,9.59509787356072,0.3637284731167801,10,64,,True,True,,198,59.56268577710819
222,2026-09-21T07:59:04.493+00:00,2026-09-21T08:03:26.638+00:00,2026-09-21T08:03:31.182+00:00,True,73,73.0,,73.0,262145.38401,266689.32154599996,266689.32154699997,3653.278377356164,40.954352,262145.38401,30674.411524224444,76.5643226,63.11024355555555,9.797152451456547,0.2737267453260538,10,64,,True,True,,146,59.56268577710819
223,2026-09-21T07:59:05.631+00:00,2026-09-21T08:03:29.590+00:00,2026-09-21T08:03:32.096+00:00,True,40,40.0,,40.0,263959.464935,266465.203687,266465.20371699997,6661.630092925,44.864641000000006,263959.464935,41725.49824404988,80.17099055,64.2497115897436,9.518496082190772,0.15011340860469535,10,64,,True,True,,121,59.56268577710819
224,2026-09-21T07:59:05.737+00:00,2026-09-21T08:03:31.239+00:00,2026-09-21T08:03:37.357+00:00,True,97,97.0,,97.0,265501.826158,271619.916142,271619.91617599997,2800.2053214020616,40.47057100000001,265501.826158,26951.156843977762,78.35689119999999,63.730104,9.197753095814752,0.35711667015348547,10,64,,True,True,,538,59.56268577710819
225,2026-09-21T07:59:05.901+00:00,2026-09-21T08:03:32.041+00:00,2026-09-21T08:03:37.286+00:00,True,84,84.0,,84.0,266140.133688,271384.73324,271384.73327699996,3230.7706342499996,44.225951,266140.133688,29031.37606026754,75.71116165000001,63.187946409638556,8.363691566727963,0.3095236751056086,10,64,,True,True,,215,59.56268577710819
226,2026-09-21T07:59:05.925+00:00,2026-09-21T08:03:33.870+00:00,2026-09-21T08:03:35.370+00:00,True,25,25.0,,25.0,267944.82535400003,269444.717322,269444.717115,10777.788684600002,48.762992,267944.82535400003,53576.4666209484,76.50010400000001,62.49549866666666,8.512990439761507,0.0927834111890334,10,64,,True,True,,164,59.56268577710819
227,2026-09-21T07:59:05.959+00:00,2026-09-21T08:03:34.226+00:00,2026-09-21T08:03:36.314+00:00,True,34,34.0,,34.0,268266.562407,270354.367079,270354.367041,7951.599030617646,45.151071,268266.562407,45996.486540375416,76.74189,63.26680824242424,8.789987407568791,0.12576086847550308,10,64,,True,True,,136,59.56268577710819
228,2026-09-21T07:59:06.234+00:00,2026-09-21T08:03:36.192+00:00,2026-09-21T08:03:40.906+00:00,True,74,74.0,,74.0,269957.08034,274671.804692,274671.804519,3711.7811421486485,44.245221,269957.08034,31374.366808126313,78.02036815,64.5852650958904,9.900520804892128,0.26941243599057807,10,64,,True,True,,74,59.56268577710819
229,2026-09-21T07:59:06.465+00:00,2026-09-21T08:03:37.355+00:00,2026-09-21T08:03:42.715+00:00,True,84,84.0,,84.0,270890.016591,276249.44443100004,276249.44436300005,3288.683861464286,46.779071,270890.016591,29549.480489891535,79.426046,64.57141975903615,10.537008091365248,0.30407300971416446,10,64,,True,True,,242,59.56268577710819
230,2026-09-21T07:59:06.738+00:00,2026-09-21T08:03:38.632+00:00,2026-09-21T08:03:40.910+00:00,True,36,36.0,,36.0,271893.574209,274171.131969,274171.131736,7615.864770444444,49.145061,271893.574209,45304.751634433356,83.8888045,65.07307885714286,11.609456825828545,0.13130485234335484,10,64,,True,True,,108,59.56268577710819
231,2026-09-21T07:59:06.939+00:00,2026-09-21T08:03:39.639+00:00,2026-09-21T08:03:45.377+00:00,True,90,90.0,,90.0,272700.28516,278438.570216,278438.57024000003,3093.761891555556,44.018581,272700.28516,28738.339651751307,78.12004304999999,64.47511298876405,10.608455188185959,0.32323108084552393,10,64,,True,True,,273,59.56268577710819
232,2026-09-21T07:59:07.145+00:00,2026-09-21T08:03:40.708+00:00,2026-09-21T08:03:46.711+00:00,True,95,95.0,,95.0,273562.30682,279565.973508,279565.973566,2942.7997217473685,44.409621,273562.30682,28060.3494538806,79.29484099999999,63.86879455319149,10.04723660173922,0.33981245574322905,10,64,,True,True,,472,59.56268577710819
233,2026-09-21T07:59:07.493+00:00,2026-09-21T08:03:42.506+00:00,2026-09-21T08:03:43.687+00:00,True,19,19.0,,19.0,275013.35078100004,276194.8496610001,276194.8495770001,14536.571030368423,49.400822,275013.35078100004,63077.33156701558,27569.996394900005,65.63882666666666,7.769393319735771,0.06879201412814354,10,64,,True,True,,52,59.56268577710819
234,2026-09-21T07:59:07.696+00:00,2026-09-21T08:03:43.559+00:00,2026-09-21T08:03:48.271+00:00,True,76,76.0,,76.0,275862.969463,280574.134391,280574.134521,3691.764927907895,42.474231,275862.969463,31636.44898020246,78.5287235,62.81553237333333,10.20067693768001,0.2708731514576771,10,64,,True,True,,226,59.56268577710819
235,2026-09-21T07:59:07.908+00:00,2026-09-21T08:03:44.895+00:00,2026-09-21T08:03:50.585+00:00,True,91,91.0,,91.0,276986.874389,282677.173525,282677.173448,3106.3425653626373,44.401661,276986.874389,29029.48757751784,77.129596,63.22554595555556,8.988946432545555,0.3219219962660054,10,64,,True,True,,182,59.56268577710819
236,2026-09-21T07:59:08.240+00:00,2026-09-21T08:03:46.359+00:00,2026-09-21T08:03:48.271+00:00,True,32,32.0,,32.0,278118.377095,280030.99994300003,280031.000055,8750.96875171875,41.703091,278118.377095,49153.94197256042,80.17612449999999,61.69751122580645,10.333825835894155,0.1142730626484695,10,64,,True,True,,86,59.56268577710819
237,2026-09-21T07:59:08.587+00:00,2026-09-21T08:03:48.215+00:00,2026-09-21T08:03:50.635+00:00,True,39,39.0,,39.0,279628.348288,282048.909696,282048.909629,7232.023323820512,41.629540999999996,279628.348288,44766.17212154368,78.79957700000001,63.698984421052636,9.39108895986938,0.13827389030517884,10,64,,True,True,,43,59.56268577710819
238,2026-09-21T07:59:08.849+00:00,2026-09-21T08:03:49.592+00:00,2026-09-21T08:03:49.753+00:00,True,4,4.0,,4.0,280743.742318,280904.05259,280904.052732,70226.013183,43.756551,280743.742318,140345.15296350972,238641.53746944998,53.43675733333333,9.332014070241714,0.014239737601216785,10,64,,True,True,,7,59.56268577710819
239,2026-09-21T07:59:09.189+00:00,2026-09-21T08:03:51.287+00:00,2026-09-21T08:03:52.322+00:00,True,17,17.0,,17.0,282098.84612,283133.081256,283133.081261,16654.887133,52.222911,282098.84612,68403.34305491498,56482.38362559999,64.639696,8.696935613731846,0.0600424363150597,10,64,,True,True,,75,59.56268577710819
240,2026-09-21T07:59:09.410+00:00,2026-09-21T08:03:52.612+00:00,2026-09-21T08:03:54.949+00:00,True,37,37.0,,37.0,283202.38058399997,285539.043112,285539.04313299997,7717.2714360270265,46.287281,283202.38058399997,46547.514975779515,79.802056,64.90729244444445,10.256271730244093,0.1295794774569133,10,64,,True,True,,77,59.56268577710819
241,2026-09-21T07:59:09.749+00:00,2026-09-21T08:03:54.087+00:00,2026-09-21T08:03:54.293+00:00,True,4,4.0,,4.0,284337.68727,284544.055782,284544.055805,71136.01395125,58.810151,284337.68727,142134.44905886368,241698.30958980002,68.789504,8.75328765454078,0.014057577091206403,10,64,,True,True,,20,59.56268577710819
243,2026-09-21T07:59:10.290+00:00,2026-09-21T08:03:56.024+00:00,2026-09-21T08:03:59.013+00:00,True,49,49.0,,49.0,285734.31989499996,288723.027479,288723.02747699997,5892.306683204081,43.414881,285734.31989499996,40810.2945254094,77.584978,62.26474133333333,8.814215152664087,0.16971282279714933,10,64,,True,True,,196,59.56268577710819
244,2026-09-21T07:59:10.567+00:00,2026-09-21T08:03:56.224+00:00,2026-09-21T08:03:58.536+00:00,True,39,39.0,,39.0,285657.46902899997,287969.31235699996,287969.31224799994,7383.828519179487,43.762181,285657.46902899997,45732.062123829586,76.6232921,60.837982315789475,8.992802422268955,0.13543109743461518,10,64,,True,True,,130,59.56268577710819
245,2026-09-21T07:59:10.823+00:00,2026-09-21T08:03:57.613+00:00,2026-09-21T08:04:01.479+00:00,True,61,61.0,,61.0,286789.766701,290655.166253,290655.166223,4764.838790540984,47.388441,286789.766701,36711.41935551449,77.596582,64.42332586666667,8.606431579413751,0.20987068898993086,10,64,,True,True,,183,59.56268577710819
242,2026-09-21T07:59:09.984+00:00,2026-09-21T08:03:59.539+00:00,2026-09-21T08:04:02.721+00:00,True,50,50.0,,50.0,289555.308689,292737.38766500005,292737.387866,5854.74775732,43.341111,289555.308689,40940.121542062625,76.95270850000001,64.94038726530613,9.322582917845594,0.17080155151626383,10,64,,True,True,,98,59.56268577710819
246,2026-09-21T07:59:11.133+00:00,2026-09-21T08:04:00.204+00:00,2026-09-21T08:04:04.301+00:00,True,65,65.0,,65.0,289070.893064,293167.542792,293167.54279,4510.269889076923,42.496771,289070.893064,35846.89319658812,77.5281918,64.010152,9.271008596521504,0.22171622199704752,10,64,,True,True,,325,59.56268577710819
247,2026-09-21T07:59:11.400+00:00,2026-09-21T08:04:02.577+00:00,2026-09-21T08:04:03.103+00:00,True,9,9.0,,9.0,291176.454376,291702.242536,291702.242737,32411.36030411111,54.083110999999995,291176.454376,97036.91055756336,174736.2215464,65.72352,7.889112424267619,0.03085337953440409,10,64,,True,True,,9,59.56268577710819
248,2026-09-21T07:59:11.696+00:00,2026-09-21T08:04:04.302+00:00,2026-09-21T08:04:05.585+00:00,True,22,22.0,,22.0,292606.39007200004,293889.33253600006,293889.33245900006,13358.606020863637,49.059000999999995,292606.39007200004,62370.86770308163,79.18367750000002,61.092498285714285,9.528056594083859,0.07485811005850342,10,64,,True,True,,88,59.56268577710819
249,2026-09-21T07:59:11.942+00:00,2026-09-21T08:04:05.583+00:00,2026-09-21T08:04:07.521+00:00,True,32,32.0,,32.0,293640.394915,295578.935971,295578.936095,9236.84175296875,43.635721,293640.394915,51897.725159153146,77.87638595,62.53358245161291,10.465816809803245,0.10826211243665752,10,64,,True,True,,1,59.56268577710819
250,2026-09-21T07:59:12.196+00:00,2026-09-21T08:04:06.877+00:00,2026-09-21T08:04:08.988+00:00,True,34,34.0,,34.0,294680.34510000004,296791.9355,296791.93559400004,8729.17457629412,53.282601,294680.34510000004,50526.28897438646,76.94883385,63.98758787878788,7.23067527155469,0.11455836878694434,10,64,,True,True,,102,59.56268577710819
251,2026-09-21T07:59:12.462+00:00,2026-09-21T08:04:08.351+00:00,2026-09-21T08:04:12.497+00:00,False,68,67.0,,67.0,295889.244018,300034.981234,300034.981075,4412.279133455882,0.03866,295889.244018,35874.33976649341,77.2927615,61.87667486567164,12.205960452299625,0.22330729478422418,10,64,,True,False,Request timeout: 300.0s exceeded,201,59.56268577710819
252,2026-09-21T07:59:12.748+00:00,2026-09-21T08:04:10.031+00:00,2026-09-21T08:04:12.767+00:00,False,46,45.0,,45.0,297283.23327799997,300018.284542,300018.284445,6522.1366183695645,0.030440000000000002,297283.23327799997,43823.0619208133,75.5988435,60.778916977777776,12.82990471555092,0.1499908582861735,10,64,,True,False,Request timeout: 300.0s exceeded,45,59.56268577710819
253,2026-09-21T07:59:12.943+00:00,2026-09-21T08:04:11.019+00:00,2026-09-21T08:04:12.971+00:00,False,34,33.0,,33.0,298076.353721,300027.993529,300027.993452,8824.352748588235,0.02451,298076.353721,51109.53238740453,77.90578115,59.14060024242424,14.47871678846941,0.10998973666372333,10,64,,True,False,Request timeout: 300.0s exceeded,315,59.56268577710819
254,2026-09-21T07:59:13.150+00:00,2026-09-21T08:04:12.117+00:00,2026-09-21T08:04:13.211+00:00,False,20,19.0,,19.0,298967.798846,300061.599294,300061.599289,15003.07996445,0.03775,298967.798846,66838.3613689291,15023.208894699997,57.56844463157894,16.519976782436267,0.06332033170756989,10,64,,True,False,Request timeout: 300.0s exceeded,76,59.56268577710819
255,2026-09-21T07:59:13.514+00:00,2026-09-21T08:04:13.534+00:00,2026-09-21T08:04:13.534+00:00,False,1,0.0,,0.0,300020.553253,300020.553253,300020.553253,300020.553253,300020.553253,300020.553253,nan,300020.553253,nan,nan,0.0,10,64,,True,False,"HTTPConnectionPool(host='gpu06', port=9004): Read timed out.",0,59.56268577710819
256,2026-09-21T07:59:13.745+00:00,2026-09-21T08:04:13.860+00:00,2026-09-21T08:04:13.860+00:00,False,1,0.0,,0.0,300115.52841,300115.52841,300115.52841,300115.52841,300115.52841,300115.52841,nan,300115.52841,nan,nan,0.0,10,64,,True,False,"HTTPConnectionPool(host='gpu06', port=9004): Read timed out.",0,59.56268577710819
257,2026-09-21T07:59:14.054+00:00,2026-09-21T08:04:14.170+00:00,2026-09-21T08:04:14.170+00:00,False,1,0.0,,0.0,300116.1536,300116.1536,300116.1536,300116.1536,300116.1536,300116.1536,nan,300116.1536,nan,nan,0.0,10,64,,True,False,"HTTPConnectionPool(host='gpu06', port=9004): Read timed out.",0,59.56268577710819
258,2026-09-21T07:59:14.336+00:00,2026-09-21T08:04:14.407+00:00,2026-09-21T08:04:14.407+00:00,False,1,0.0,,0.0,300071.00594,300071.00594,300071.00594,300071.00594,300071.00594,300071.00594,nan,300071.00594,nan,nan,0.0,10,64,,True,False,"HTTPConnectionPool(host='gpu06', port=9004): Read timed out.",0,59.56268577710819
259,2026-09-21T07:59:14.590+00:00,2026-09-21T08:04:14.694+00:00,2026-09-21T08:04:14.694+00:00,False,1,0.0,,0.0,300103.808384,300103.808384,300103.808384,300103.808384,300103.808384,300103.808384,nan,300103.808384,nan,nan,0.0,10,64,,True,False,"HTTPConnectionPool(host='gpu06', port=9004): Read timed out.",0,59.56268577710819
260,2026-09-21T07:59:14.942+00:00,2026-09-21T08:04:15.060+00:00,2026-09-21T08:04:15.060+00:00,False,1,0.0,,0.0,300118.54315,300118.54315,300118.54315,300118.54315,300118.54315,300118.54315,nan,300118.54315,nan,nan,0.0,10,64,,True,False,"HTTPConnectionPool(host='gpu06', port=9004): Read timed out.",0,59.56268577710819
261,2026-09-21T07:59:15.153+00:00,2026-09-21T08:04:15.181+00:00,2026-09-21T08:04:15.181+00:00,False,1,0.0,,0.0,300027.212674,300027.212674,300027.212674,300027.212674,300027.212674,300027.212674,nan,300027.212674,nan,nan,0.0,10,64,,True,False,TTFT timeout: 300.0s exceeded (TTFT: 300.014s),0,59.56268577710819
262,2026-09-21T07:59:15.449+00:00,2026-09-21T08:04:15.488+00:00,2026-09-21T08:04:15.488+00:00,False,1,0.0,,0.0,300038.926444,300038.926444,300038.926444,300038.926444,300038.926444,300038.926444,nan,300038.926444,nan,nan,0.0,10,64,,True,False,TTFT timeout: 300.0s exceeded (TTFT: 300.032s),0,59.56268577710819
263,2026-09-21T07:59:15.661+00:00,2026-09-21T08:04:15.646+00:00,2026-09-21T08:04:15.802+00:00,False,3,2.0,,2.0,299985.56531800004,300141.42656600004,300141.42646200006,100047.14215400002,0.04604,299985.56531800004,173151.77116905383,270002.5902966,77.930624,110.14537842404407,0.006663525334981397,10,64,,True,False,Request timeout: 300.0s exceeded,8,59.56268577710819
264,2026-09-21T07:59:15.932+00:00,2026-09-21T08:04:15.977+00:00,2026-09-21T08:04:15.977+00:00,False,1,0.0,,0.0,300044.729232,300044.729232,300044.729232,300044.729232,300044.729232,300044.729232,nan,300044.729232,nan,nan,0.0,10,64,,True,False,"HTTPConnectionPool(host='gpu06', port=9004): Read timed out.",0,59.56268577710819
265,2026-09-21T07:59:16.297+00:00,2026-09-21T08:04:16.361+00:00,2026-09-21T08:04:16.361+00:00,False,1,0.0,,0.0,300064.352478,300064.352478,300064.352478,300064.352478,300064.352478,300064.352478,nan,300064.352478,nan,nan,0.0,10,64,,True,False,"HTTPConnectionPool(host='gpu06', port=9004): Read timed out.",0,59.56268577710819
266,2026-09-21T07:59:16.533+00:00,2026-09-21T08:04:16.630+00:00,2026-09-21T08:04:16.630+00:00,False,1,0.0,,0.0,300096.824853,300096.824853,300096.824853,300096.824853,300096.824853,300096.824853,nan,300096.824853,nan,nan,0.0,10,64,,True,False,"HTTPConnectionPool(host='gpu06', port=9004): Read timed out.",0,59.56268577710819
267,2026-09-21T07:59:16.746+00:00,2026-09-21T08:04:16.848+00:00,2026-09-21T08:04:16.848+00:00,False,1,0.0,,0.0,300101.87379900005,300101.87379900005,300101.87379900005,300101.87379900005,300101.87379900005,300101.87379900005,nan,300101.87379900005,nan,nan,0.0,10,64,,True,False,"HTTPConnectionPool(host='gpu06', port=9004): Read timed out.",0,59.56268577710819
268,2026-09-21T07:59:17.075+00:00,2026-09-21T08:04:17.184+00:00,2026-09-21T08:04:17.184+00:00,False,1,0.0,,0.0,300109.778927,300109.778927,300109.778927,300109.778927,300109.778927,300109.778927,nan,300109.778927,nan,nan,0.0,10,64,,True,False,"HTTPConnectionPool(host='gpu06', port=9004): Read timed out.",0,59.56268577710819
269,2026-09-21T07:59:17.352+00:00,2026-09-21T08:04:17.343+00:00,2026-09-21T08:04:17.548+00:00,False,3,2.0,,2.0,299990.857226,300196.247818,300196.24778,100065.41592666667,0.04517,299990.857226,173140.54145720566,270012.30604179995,102.695296,145.1689995501812,0.006662308455009539,10,64,,True,False,Request timeout: 300.0s exceeded,8,59.56268577710819
270,2026-09-21T07:59:17.669+00:00,2026-09-21T08:04:17.774+00:00,2026-09-21T08:04:17.774+00:00,False,1,0.0,,0.0,300105.432187,300105.432187,300105.432187,300105.432187,300105.432187,300105.432187,nan,300105.432187,nan,nan,0.0,10,64,,True,False,"HTTPConnectionPool(host='gpu06', port=9004): Read timed out.",0,59.56268577710819
271,2026-09-21T07:59:17.971+00:00,2026-09-21T08:04:18.033+00:00,2026-09-21T08:04:18.033+00:00,False,1,0.0,,0.0,300061.83898500004,300061.83898500004,300061.83898500004,300061.83898500004,300061.83898500004,300061.83898500004,nan,300061.83898500004,nan,nan,0.0,10,64,,True,False,TTFT timeout: 300.0s exceeded (TTFT: 300.049s),0,59.56268577710819
272,2026-09-21T07:59:19.306+00:00,2026-09-21T08:04:18.631+00:00,2026-09-21T08:04:19.471+00:00,False,12,11.0,,11.0,299324.30420099996,300164.46112899994,300164.46113799996,25013.70509483333,0.05152,299324.30420099996,86385.44353321013,134770.8475686,76.37790254545455,39.3125018892566,0.036646576875310345,10,64,,True,False,Request timeout: 300.0s exceeded,26,59.56268577710819
273,2026-09-21T07:59:19.360+00:00,2026-09-21T08:04:18.633+00:00,2026-09-21T08:04:19.577+00:00,False,14,13.0,,13.0,299272.409266,300216.91332999995,300216.913396,21444.065242571425,0.04675,299272.409266,79964.50606878761,104834.36732305,72.65415876923076,37.090544945318214,0.04330202404589489,10,64,,True,False,Request timeout: 300.0s exceeded,13,59.56268577710819
274,2026-09-21T07:59:19.447+00:00,2026-09-21T08:04:18.997+00:00,2026-09-21T08:04:19.785+00:00,False,14,13.0,,13.0,299549.338597,300337.315557,300337.315453,21452.665389499998,0.025070000000000002,299549.338597,80041.73346106856,104917.62667625,60.61361230769231,29.093600173987884,0.04328466469739347,10,64,,True,False,Request timeout: 300.0s exceeded,43,59.56268577710819
276,2026-09-21T07:59:19.632+00:00,2026-09-21T08:04:19.000+00:00,2026-09-21T08:04:19.784+00:00,False,14,13.0,,13.0,299367.14063,300151.673878,300151.673726,21439.405266142854,0.043340000000000004,299367.14063,79993.11006154737,104854.75143679998,60.348711384615385,29.83975518362816,0.04331143595515644,10,64,,True,False,Request timeout: 300.0s exceeded,42,59.56268577710819
275,2026-09-21T07:59:19.586+00:00,2026-09-21T08:04:20.400+00:00,2026-09-21T08:04:20.400+00:00,False,1,0.0,,0.0,300814.810053,300814.810053,300814.810053,300814.810053,300814.810053,300814.810053,nan,300814.810053,nan,nan,0.0,10,64,,True,False,"HTTPConnectionPool(host='gpu06', port=9004): Read timed out.",0,59.56268577710819
278,2026-09-21T07:59:19.961+00:00,2026-09-21T08:04:20.400+00:00,2026-09-21T08:04:20.400+00:00,False,1,0.0,,0.0,300438.94886,300438.94886,300438.94886,300438.94886,300438.94886,300438.94886,nan,300438.94886,nan,nan,0.0,10,64,,True,False,"HTTPConnectionPool(host='gpu06', port=9004): Read timed out.",0,59.56268577710819
277,2026-09-21T07:59:19.846+00:00,2026-09-21T08:04:20.967+00:00,2026-09-21T08:04:21.362+00:00,False,6,5.0,,5.0,301121.081672,301516.82388,301516.82385,50252.803975,0.03331,301121.081672,122899.86775174797,225883.629415,79.1484416,63.5637453446071,0.01658282259563048,10,64,,True,False,Request timeout: 300.0s exceeded,35,59.56268577710819
283,2026-09-21T07:59:21.411+00:00,2026-09-21T08:04:21.526+00:00,2026-09-21T08:04:21.526+00:00,False,1,0.0,,0.0,300115.487366,300115.487366,300115.487366,300115.487366,300115.487366,300115.487366,nan,300115.487366,nan,nan,0.0,10,64,,True,False,"HTTPConnectionPool(host='gpu06', port=9004): Read timed out.",0,59.56268577710819
279,2026-09-21T07:59:20.283+00:00,2026-09-21T08:04:21.539+00:00,2026-09-21T08:04:21.539+00:00,False,1,0.0,,0.0,301255.985836,301255.985836,301255.985836,301255.985836,301255.985836,301255.985836,nan,301255.985836,nan,nan,0.0,10,64,,True,False,"HTTPConnectionPool(host='gpu06', port=9004): Read timed out.",0,59.56268577710819
280,2026-09-21T07:59:20.639+00:00,2026-09-21T08:04:21.896+00:00,2026-09-21T08:04:21.896+00:00,False,1,0.0,,0.0,301256.69344199996,301256.69344199996,301256.69344199996,301256.69344199996,301256.69344199996,301256.69344199996,nan,301256.69344199996,nan,nan,0.0,10,64,,True,False,"HTTPConnectionPool(host='gpu06', port=9004): Read timed out.",0,59.56268577710819
284,2026-09-21T07:59:21.680+00:00,2026-09-21T08:04:21.900+00:00,2026-09-21T08:04:21.900+00:00,False,1,0.0,,0.0,300219.49759,300219.49759,300219.49759,300219.49759,300219.49759,300219.49759,nan,300219.49759,nan,nan,0.0,10,64,,True,False,"HTTPConnectionPool(host='gpu06', port=9004): Read timed out.",0,59.56268577710819
281,2026-09-21T07:59:20.929+00:00,2026-09-21T08:04:23.282+00:00,2026-09-21T08:04:23.282+00:00,False,1,0.0,,0.0,302353.081875,302353.081875,302353.081875,302353.081875,302353.081875,302353.081875,nan,302353.081875,nan,nan,0.0,10,64,,True,False,"HTTPConnectionPool(host='gpu06', port=9004): Read timed out.",0,59.56268577710819
285,2026-09-21T07:59:21.921+00:00,2026-09-21T08:04:23.305+00:00,2026-09-21T08:04:23.305+00:00,False,1,0.0,,0.0,301383.186529,301383.186529,301383.186529,301383.186529,301383.186529,301383.186529,nan,301383.186529,nan,nan,0.0,10,64,,True,False,"HTTPConnectionPool(host='gpu06', port=9004): Read timed out.",0,59.56268577710819
286,2026-09-21T07:59:22.266+00:00,2026-09-21T08:04:23.306+00:00,2026-09-21T08:04:23.306+00:00,False,1,0.0,,0.0,301039.687038,301039.687038,301039.687038,301039.687038,301039.687038,301039.687038,nan,301039.687038,nan,nan,0.0,10,64,,True,False,"HTTPConnectionPool(host='gpu06', port=9004): Read timed out.",0,59.56268577710819
288,2026-09-21T07:59:22.986+00:00,2026-09-21T08:04:23.313+00:00,2026-09-21T08:04:23.313+00:00,False,1,0.0,,0.0,300326.604265,300326.604265,300326.604265,300326.604265,300326.604265,300326.604265,nan,300326.604265,nan,nan,0.0,10,64,,True,False,"HTTPConnectionPool(host='gpu06', port=9004): Read timed out.",0,59.56268577710819
282,2026-09-21T07:59:21.162+00:00,2026-09-21T08:04:23.318+00:00,2026-09-21T08:04:23.318+00:00,False,1,0.0,,0.0,302156.108806,302156.108806,302156.108806,302156.108806,302156.108806,302156.108806,nan,302156.108806,nan,nan,0.0,10,64,,True,False,"HTTPConnectionPool(host='gpu06', port=9004): Read timed out.",0,59.56268577710819
287,2026-09-21T07:59:22.619+00:00,2026-09-21T08:04:23.320+00:00,2026-09-21T08:04:23.320+00:00,False,1,0.0,,0.0,300701.291418,300701.291418,300701.291418,300701.291418,300701.291418,300701.291418,nan,300701.291418,nan,nan,0.0,10,64,,True,False,"HTTPConnectionPool(host='gpu06', port=9004): Read timed out.",0,59.56268577710819
289,2026-09-21T07:59:23.186+00:00,2026-09-21T08:04:23.323+00:00,2026-09-21T08:04:23.323+00:00,False,1,0.0,,0.0,300136.611128,300136.611128,300136.611128,300136.611128,300136.611128,300136.611128,nan,300136.611128,nan,nan,0.0,10,64,,True,False,"HTTPConnectionPool(host='gpu06', port=9004): Read timed out.",0,59.56268577710819
290,2026-09-21T07:59:23.493+00:00,2026-09-21T08:04:23.597+00:00,2026-09-21T08:04:23.597+00:00,False,1,0.0,,0.0,300104.32226700004,300104.32226700004,300104.32226700004,300104.32226700004,300104.32226700004,300104.32226700004,nan,300104.32226700004,nan,nan,0.0,10,64,,True,False,"HTTPConnectionPool(host='gpu06', port=9004): Read timed out.",0,59.56268577710819
291,2026-09-21T07:59:23.747+00:00,2026-09-21T08:04:23.824+00:00,2026-09-21T08:04:23.824+00:00,False,1,0.0,,0.0,300076.476339,300076.476339,300076.476339,300076.476339,300076.476339,300076.476339,nan,300076.476339,nan,nan,0.0,10,64,,True,False,"HTTPConnectionPool(host='gpu06', port=9004): Read timed out.",0,59.56268577710819
292,2026-09-21T07:59:23.960+00:00,2026-09-21T08:04:23.969+00:00,2026-09-21T08:04:23.969+00:00,False,1,0.0,,0.0,300009.103564,300009.103564,300009.103564,300009.103564,300009.103564,300009.103564,nan,300009.103564,nan,nan,0.0,10,64,,True,False,"HTTPConnectionPool(host='gpu06', port=9004): Read timed out.",0,59.56268577710819
293,2026-09-21T07:59:24.323+00:00,2026-09-21T08:04:24.429+00:00,2026-09-21T08:04:24.429+00:00,False,1,0.0,,0.0,300106.420621,300106.420621,300106.420621,300106.420621,300106.420621,300106.420621,nan,300106.420621,nan,nan,0.0,10,64,,True,False,"HTTPConnectionPool(host='gpu06', port=9004): Read timed out.",0,59.56268577710819
294,2026-09-21T07:59:24.645+00:00,2026-09-21T08:04:24.746+00:00,2026-09-21T08:04:24.746+00:00,False,1,0.0,,0.0,300100.97372899996,300100.97372899996,300100.97372899996,300100.97372899996,300100.97372899996,300100.97372899996,nan,300100.97372899996,nan,nan,0.0,10,64,,True,False,"HTTPConnectionPool(host='gpu06', port=9004): Read timed out.",0,59.56268577710819
295,2026-09-21T07:59:24.920+00:00,2026-09-21T08:04:24.992+00:00,2026-09-21T08:04:24.992+00:00,False,1,0.0,,0.0,300072.62818,300072.62818,300072.62818,300072.62818,300072.62818,300072.62818,nan,300072.62818,nan,nan,0.0,10,64,,True,False,"HTTPConnectionPool(host='gpu06', port=9004): Read timed out.",0,59.56268577710819
296,2026-09-21T07:59:25.227+00:00,2026-09-21T08:04:25.325+00:00,2026-09-21T08:04:25.325+00:00,False,1,0.0,,0.0,300098.70912,300098.70912,300098.70912,300098.70912,300098.70912,300098.70912,nan,300098.70912,nan,nan,0.0,10,64,,True,False,TTFT timeout: 300.0s exceeded (TTFT: 300.093s),0,59.56268577710819
297,2026-09-21T07:59:25.574+00:00,2026-09-21T08:04:25.531+00:00,2026-09-21T08:04:25.638+00:00,False,3,2.0,,2.0,299956.603914,300064.123402,300064.123607,100021.37453566666,0.09318000000000001,299956.603914,173148.9960699633,269971.6861739,53.759744,75.89597699790944,0.006665242006691259,10,64,,True,False,Request timeout: 300.0s exceeded,4,59.56268577710819
298,2026-09-21T07:59:25.827+00:00,2026-09-21T08:04:25.933+00:00,2026-09-21T08:04:25.933+00:00,False,1,0.0,,0.0,300106.27615,300106.27615,300106.27615,300106.27615,300106.27615,300106.27615,nan,300106.27615,nan,nan,0.0,10,64,,True,False,"HTTPConnectionPool(host='gpu06', port=9004): Read timed out.",0,59.56268577710819
299,2026-09-21T07:59:26.047+00:00,2026-09-21T08:04:26.165+00:00,2026-09-21T08:04:26.165+00:00,False,1,0.0,,0.0,300118.294206,300118.294206,300118.294206,300118.294206,300118.294206,300118.294206,nan,300118.294206,nan,nan,0.0,10,64,,True,False,"HTTPConnectionPool(host='gpu06', port=9004): Read timed out.",0,59.56268577710819
300,2026-09-21T07:59:26.380+00:00,2026-09-21T08:04:26.495+00:00,2026-09-21T08:04:26.495+00:00,False,1,0.0,,0.0,300115.34554400004,300115.34554400004,300115.34554400004,300115.34554400004,300115.34554400004,300115.34554400004,nan,300115.34554400004,nan,nan,0.0,10,64,,True,False,"HTTPConnectionPool(host='gpu06', port=9004): Read timed out.",0,59.56268577710819
301,2026-09-21T07:59:26.726+00:00,2026-09-21T08:04:26.808+00:00,2026-09-21T08:04:26.808+00:00,False,1,0.0,,0.0,300081.892039,300081.892039,300081.892039,300081.892039,300081.892039,300081.892039,nan,300081.892039,nan,nan,0.0,10,64,,True,False,"HTTPConnectionPool(host='gpu06', port=9004): Read timed out.",0,59.56268577710819
302,2026-09-21T07:59:26.960+00:00,2026-09-21T08:04:27.067+00:00,2026-09-21T08:04:27.067+00:00,False,1,0.0,,0.0,300106.71065499994,300106.71065499994,300106.71065499994,300106.71065499994,300106.71065499994,300106.71065499994,nan,300106.71065499994,nan,nan,0.0,10,64,,True,False,"HTTPConnectionPool(host='gpu06', port=9004): Read timed out.",0,59.56268577710819
303,2026-09-21T07:59:27.222+00:00,2026-09-21T08:04:27.280+00:00,2026-09-21T08:04:27.280+00:00,False,1,0.0,,0.0,300058.42145599995,300058.42145599995,300058.42145599995,300058.42145599995,300058.42145599995,300058.42145599995,nan,300058.42145599995,nan,nan,0.0,10,64,,True,False,"HTTPConnectionPool(host='gpu06', port=9004): Read timed out.",0,59.56268577710819
304,2026-09-21T07:59:27.423+00:00,2026-09-21T08:04:27.513+00:00,2026-09-21T08:04:27.513+00:00,False,1,0.0,,0.0,300090.611483,300090.611483,300090.611483,300090.611483,300090.611483,300090.611483,nan,300090.611483,nan,nan,0.0,10,64,,True,False,"HTTPConnectionPool(host='gpu06', port=9004): Read timed out.",0,59.56268577710819
305,2026-09-21T07:59:27.684+00:00,2026-09-21T08:04:27.660+00:00,2026-09-21T08:04:27.764+00:00,False,3,2.0,,2.0,299976.157253,300080.07840500004,300080.078525,100026.69284166668,0.024079999999999997,299976.157253,173161.32344201504,269988.9312469,51.960576,73.44931965275299,0.00666488762143257,10,64,,True,False,Request timeout: 300.0s exceeded,9,59.56268577710819
306,2026-09-21T07:59:27.986+00:00,2026-09-21T08:04:28.100+00:00,2026-09-21T08:04:28.100+00:00,False,1,0.0,,0.0,300113.756695,300113.756695,300113.756695,300113.756695,300113.756695,300113.756695,nan,300113.756695,nan,nan,0.0,10,64,,True,False,"HTTPConnectionPool(host='gpu06', port=9004): Read timed out.",0,59.56268577710819
307,2026-09-21T07:59:28.244+00:00,2026-09-21T08:04:28.360+00:00,2026-09-21T08:04:28.360+00:00,False,1,0.0,,0.0,300116.093089,300116.093089,300116.093089,300116.093089,300116.093089,300116.093089,nan,300116.093089,nan,nan,0.0,10,64,,True,False,"HTTPConnectionPool(host='gpu06', port=9004): Read timed out.",0,59.56268577710819
308,2026-09-21T07:59:28.589+00:00,2026-09-21T08:04:28.691+00:00,2026-09-21T08:04:28.691+00:00,False,1,0.0,,0.0,300101.926624,300101.926624,300101.926624,300101.926624,300101.926624,300101.926624,nan,300101.926624,nan,nan,0.0,10,64,,True,False,"HTTPConnectionPool(host='gpu06', port=9004): Read timed out.",0,59.56268577710819
309,2026-09-21T07:59:28.914+00:00,2026-09-21T08:04:29.015+00:00,2026-09-21T08:04:29.015+00:00,False,1,0.0,,0.0,300101.416503,300101.416503,300101.416503,300101.416503,300101.416503,300101.416503,nan,300101.416503,nan,nan,0.0,10,64,,True,False,"HTTPConnectionPool(host='gpu06', port=9004): Read timed out.",0,59.56268577710819
310,2026-09-21T07:59:29.248+00:00,2026-09-21T08:04:29.266+00:00,2026-09-21T08:04:29.266+00:00,False,1,0.0,,0.0,300017.609768,300017.609768,300017.609768,300017.609768,300017.609768,300017.609768,nan,300017.609768,nan,nan,0.0,10,64,,True,False,TTFT timeout: 300.0s exceeded (TTFT: 300.012s),0,59.56268577710819
311,2026-09-21T07:59:29.502+00:00,2026-09-21T08:04:29.604+00:00,2026-09-21T08:04:29.604+00:00,False,1,0.0,,0.0,300102.37366399996,300102.37366399996,300102.37366399996,300102.37366399996,300102.37366399996,300102.37366399996,nan,300102.37366399996,nan,nan,0.0,10,64,,True,False,TTFT timeout: 300.0s exceeded (TTFT: 300.098s),0,59.56268577710819
312,2026-09-21T07:59:29.725+00:00,2026-09-21T08:04:29.606+00:00,2026-09-21T08:04:29.751+00:00,False,4,3.0,,3.0,299881.406615,300026.264727,300026.26471799996,75006.56617949999,0.036340000000000004,299881.406615,149916.56612475743,254914.50192905002,48.28603733333333,51.22517779165669,0.009999124585741722,10,64,,True,False,Request timeout: 300.0s exceeded,13,59.56268577710819
313,2026-09-21T07:59:30.044+00:00,2026-09-21T08:04:30.158+00:00,2026-09-21T08:04:30.158+00:00,False,1,0.0,,0.0,300113.711727,300113.711727,300113.711727,300113.711727,300113.711727,300113.711727,nan,300113.711727,nan,nan,0.0,10,64,,True,False,"HTTPConnectionPool(host='gpu06', port=9004): Read timed out.",0,59.56268577710819
314,2026-09-21T07:59:30.377+00:00,2026-09-21T08:04:30.485+00:00,2026-09-21T08:04:30.485+00:00,False,1,0.0,,0.0,300108.188725,300108.188725,300108.188725,300108.188725,300108.188725,300108.188725,nan,300108.188725,nan,nan,0.0,10,64,,True,False,"HTTPConnectionPool(host='gpu06', port=9004): Read timed out.",0,59.56268577710819
315,2026-09-21T07:59:30.740+00:00,2026-09-21T08:04:30.845+00:00,2026-09-21T08:04:30.845+00:00,False,1,0.0,,0.0,300104.70984100003,300104.70984100003,300104.70984100003,300104.70984100003,300104.70984100003,300104.70984100003,nan,300104.70984100003,nan,nan,0.0,10,64,,True,False,"HTTPConnectionPool(host='gpu06', port=9004): Read timed out.",0,59.56268577710819
316,2026-09-21T07:59:31.025+00:00,2026-09-21T08:04:31.131+00:00,2026-09-21T08:04:31.131+00:00,False,1,0.0,,0.0,300105.975082,300105.975082,300105.975082,300105.975082,300105.975082,300105.975082,nan,300105.975082,nan,nan,0.0,10,64,,True,False,"HTTPConnectionPool(host='gpu06', port=9004): Read timed out.",0,59.56268577710819
317,2026-09-21T07:59:31.238+00:00,2026-09-21T08:04:31.371+00:00,2026-09-21T08:04:31.371+00:00,False,1,0.0,,0.0,300133.486068,300133.486068,300133.486068,300133.486068,300133.486068,300133.486068,nan,300133.486068,nan,nan,0.0,10,64,,True,False,"HTTPConnectionPool(host='gpu06', port=9004): Read timed out.",0,59.56268577710819
318,2026-09-21T07:59:31.570+00:00,2026-09-21T08:04:31.692+00:00,2026-09-21T08:04:32.856+00:00,False,20,19.0,,19.0,300122.069555,301285.349171,301285.34917,15064.2674585,0.02526,300122.069555,67095.65270468056,15179.126098050001,61.22524294736842,34.03483499301541,0.06306313948646804,10,64,,True,False,Request timeout: 300.0s exceeded,114,59.56268577710819
319,2026-09-21T07:59:31.933+00:00,2026-09-21T08:04:31.874+00:00,2026-09-21T08:04:32.957+00:00,False,21,20.0,,20.0,299940.543067,301024.039003,301024.03912,14334.478053333332,0.06916,299940.543067,65440.57257067086,81.678412,54.174796799999996,16.505691270891994,0.0664398765834136,10,64,,True,False,Request timeout: 300.0s exceeded,20,59.56268577710819
322,2026-09-21T07:59:32.856+00:00,2026-09-21T08:04:32.692+00:00,2026-09-21T08:04:33.013+00:00,False,8,7.0,,7.0,299836.427363,300157.102435,300157.10242999997,37519.637803749996,0.0689,299836.427363,105991.99074347419,194914.65383615,45.81072457142857,20.878986111638714,0.023321120650529575,10,64,,True,False,Request timeout: 300.0s exceeded,30,59.56268577710819
323,2026-09-21T07:59:33.207+00:00,2026-09-21T08:04:33.222+00:00,2026-09-21T08:04:33.222+00:00,False,1,0.0,,0.0,300014.393503,300014.393503,300014.393503,300014.393503,300014.393503,300014.393503,nan,300014.393503,nan,nan,0.0,10,64,,True,False,"HTTPConnectionPool(host='gpu06', port=9004): Read timed out.",0,59.56268577710819
320,2026-09-21T07:59:32.294+00:00,2026-09-21T08:04:33.433+00:00,2026-09-21T08:04:33.433+00:00,False,1,0.0,,0.0,301138.995989,301138.995989,301138.995989,301138.995989,301138.995989,301138.995989,nan,301138.995989,nan,nan,0.0,10,64,,True,False,"HTTPConnectionPool(host='gpu06', port=9004): Read timed out.",0,59.56268577710819
324,2026-09-21T07:59:33.556+00:00,2026-09-21T08:04:33.639+00:00,2026-09-21T08:04:33.639+00:00,False,1,0.0,,0.0,300083.035472,300083.035472,300083.035472,300083.035472,300083.035472,300083.035472,nan,300083.035472,nan,nan,0.0,10,64,,True,False,"HTTPConnectionPool(host='gpu06', port=9004): Read timed out.",0,59.56268577710819
321,2026-09-21T07:59:32.554+00:00,2026-09-21T08:04:33.686+00:00,2026-09-21T08:04:33.686+00:00,False,1,0.0,,0.0,301131.979841,301131.979841,301131.979841,301131.979841,301131.979841,301131.979841,nan,301131.979841,nan,nan,0.0,10,64,,True,False,"HTTPConnectionPool(host='gpu06', port=9004): Read timed out.",0,59.56268577710819
326,2026-09-21T07:59:35.374+00:00,2026-09-21T08:04:35.528+00:00,2026-09-21T08:04:35.528+00:00,False,1,0.0,,0.0,300153.21682200005,300153.21682200005,300153.21682200005,300153.21682200005,300153.21682200005,300153.21682200005,nan,300153.21682200005,nan,nan,0.0,10,64,,True,False,"HTTPConnectionPool(host='gpu06', port=9004): Read timed out.",0,59.56268577710819
329,2026-09-21T07:59:35.738+00:00,2026-09-21T08:04:35.813+00:00,2026-09-21T08:04:35.813+00:00,False,1,0.0,,0.0,300075.979274,300075.979274,300075.979274,300075.979274,300075.979274,300075.979274,nan,300075.979274,nan,nan,0.0,10,64,,True,False,"HTTPConnectionPool(host='gpu06', port=9004): Read timed out.",0,59.56268577710819
330,2026-09-21T07:59:35.766+00:00,2026-09-21T08:04:35.939+00:00,2026-09-21T08:04:35.939+00:00,False,1,0.0,,0.0,300172.96331300004,300172.96331300004,300172.96331300004,300172.96331300004,300172.96331300004,300172.96331300004,nan,300172.96331300004,nan,nan,0.0,10,64,,True,False,"HTTPConnectionPool(host='gpu06', port=9004): Read timed out.",0,59.56268577710819
327,2026-09-21T07:59:35.571+00:00,2026-09-21T08:04:35.943+00:00,2026-09-21T08:04:35.943+00:00,False,1,0.0,,0.0,300371.78452,300371.78452,300371.78452,300371.78452,300371.78452,300371.78452,nan,300371.78452,nan,nan,0.0,10,64,,True,False,"HTTPConnectionPool(host='gpu06', port=9004): Read timed out.",0,59.56268577710819
328,2026-09-21T07:59:35.610+00:00,2026-09-21T08:04:35.996+00:00,2026-09-21T08:04:35.996+00:00,False,1,0.0,,0.0,300386.31812400004,300386.31812400004,300386.31812400004,300386.31812400004,300386.31812400004,300386.31812400004,nan,300386.31812400004,nan,nan,0.0,10,64,,True,False,"HTTPConnectionPool(host='gpu06', port=9004): Read timed out.",0,59.56268577710819
325,2026-09-21T07:59:35.245+00:00,2026-09-21T08:04:36.045+00:00,2026-09-21T08:04:36.045+00:00,False,1,0.0,,0.0,300799.61792299995,300799.61792299995,300799.61792299995,300799.61792299995,300799.61792299995,300799.61792299995,nan,300799.61792299995,nan,nan,0.0,10,64,,True,False,TTFT timeout: 300.0s exceeded (TTFT: 300.082s),0,59.56268577710819
331,2026-09-21T07:59:35.888+00:00,2026-09-21T08:04:36.168+00:00,2026-09-21T08:04:36.168+00:00,False,1,0.0,,0.0,300280.559588,300280.559588,300280.559588,300280.559588,300280.559588,300280.559588,nan,300280.559588,nan,nan,0.0,10,64,,True,False,"HTTPConnectionPool(host='gpu06', port=9004): Read timed out.",0,59.56268577710819
332,2026-09-21T07:59:35.904+00:00,2026-09-21T08:04:36.227+00:00,2026-09-21T08:04:36.227+00:00,False,1,0.0,,0.0,300323.028413,300323.028413,300323.028413,300323.028413,300323.028413,300323.028413,nan,300323.028413,nan,nan,0.0,10,64,,True,False,"HTTPConnectionPool(host='gpu06', port=9004): Read timed out.",0,59.56268577710819
333,2026-09-21T07:59:36.073+00:00,2026-09-21T08:04:36.255+00:00,2026-09-21T08:04:36.255+00:00,False,1,0.0,,0.0,300182.173047,300182.173047,300182.173047,300182.173047,300182.173047,300182.173047,nan,300182.173047,nan,nan,0.0,10,64,,True,False,"HTTPConnectionPool(host='gpu06', port=9004): Read timed out.",0,59.56268577710819
334,2026-09-21T07:59:36.375+00:00,2026-09-21T08:04:36.448+00:00,2026-09-21T08:04:36.448+00:00,False,1,0.0,,0.0,300073.50497899996,300073.50497899996,300073.50497899996,300073.50497899996,300073.50497899996,300073.50497899996,nan,300073.50497899996,nan,nan,0.0,10,64,,True,False,"HTTPConnectionPool(host='gpu06', port=9004): Read timed out.",0,59.56268577710819
335,2026-09-21T07:59:36.584+00:00,2026-09-21T08:04:36.690+00:00,2026-09-21T08:04:36.690+00:00,False,1,0.0,,0.0,300106.311015,300106.311015,300106.311015,300106.311015,300106.311015,300106.311015,nan,300106.311015,nan,nan,0.0,10,64,,True,False,"HTTPConnectionPool(host='gpu06', port=9004): Read timed out.",0,59.56268577710819
336,2026-09-21T07:59:36.856+00:00,2026-09-21T08:04:36.969+00:00,2026-09-21T08:04:36.969+00:00,False,1,0.0,,0.0,300112.957724,300112.957724,300112.957724,300112.957724,300112.957724,300112.957724,nan,300112.957724,nan,nan,0.0,10,64,,True,False,"HTTPConnectionPool(host='gpu06', port=9004): Read timed out.",0,59.56268577710819
337,2026-09-21T07:59:37.057+00:00,2026-09-21T08:04:37.161+00:00,2026-09-21T08:04:37.161+00:00,False,1,0.0,,0.0,300104.287715,300104.287715,300104.287715,300104.287715,300104.287715,300104.287715,nan,300104.287715,nan,nan,0.0,10,64,,True,False,"HTTPConnectionPool(host='gpu06', port=9004): Read timed out.",0,59.56268577710819
338,2026-09-21T07:59:37.390+00:00,2026-09-21T08:04:37.466+00:00,2026-09-21T08:04:37.466+00:00,False,1,0.0,,0.0,300075.85225700005,300075.85225700005,300075.85225700005,300075.85225700005,300075.85225700005,300075.85225700005,nan,300075.85225700005,nan,nan,0.0,10,64,,True,False,"HTTPConnectionPool(host='gpu06', port=9004): Read timed out.",0,59.56268577710819
339,2026-09-21T07:59:37.690+00:00,2026-09-21T08:04:37.797+00:00,2026-09-21T08:04:37.797+00:00,False,1,0.0,,0.0,300107.39,300107.39,300107.39,300107.39,300107.39,300107.39,nan,300107.39,nan,nan,0.0,10,64,,True,False,"HTTPConnectionPool(host='gpu06', port=9004): Read timed out.",0,59.56268577710819
340,2026-09-21T07:59:38.046+00:00,2026-09-21T08:04:38.078+00:00,2026-09-21T08:04:38.078+00:00,False,1,0.0,,0.0,300032.256402,300032.256402,300032.256402,300032.256402,300032.256402,300032.256402,nan,300032.256402,nan,nan,0.0,10,64,,True,False,TTFT timeout: 300.0s exceeded (TTFT: 300.025s),0,59.56268577710819
341,2026-09-21T07:59:38.356+00:00,2026-09-21T08:04:38.252+00:00,2026-09-21T08:04:38.398+00:00,False,5,4.0,,4.0,299895.527054,300042.15003,300042.149885,60008.429977,0.032670000000000005,299895.527054,134100.96569260294,239927.08746039998,36.655744,24.621886964294944,0.013331460261833399,10,64,,True,False,Request timeout: 300.0s exceeded,4,59.56268577710819
342,2026-09-21T07:59:38.589+00:00,2026-09-21T08:04:38.695+00:00,2026-09-21T08:04:38.695+00:00,False,1,0.0,,0.0,300105.936606,300105.936606,300105.936606,300105.936606,300105.936606,300105.936606,nan,300105.936606,nan,nan,0.0,10,64,,True,False,"HTTPConnectionPool(host='gpu06', port=9004): Read timed out.",0,59.56268577710819
343,2026-09-21T07:59:38.807+00:00,2026-09-21T08:04:38.915+00:00,2026-09-21T08:04:38.915+00:00,False,1,0.0,,0.0,300108.452464,300108.452464,300108.452464,300108.452464,300108.452464,300108.452464,nan,300108.452464,nan,nan,0.0,10,64,,True,False,"HTTPConnectionPool(host='gpu06', port=9004): Read timed out.",0,59.56268577710819
344,2026-09-21T07:59:39.085+00:00,2026-09-21T08:04:39.104+00:00,2026-09-21T08:04:39.104+00:00,False,1,0.0,,0.0,300018.670347,300018.670347,300018.670347,300018.670347,300018.670347,300018.670347,nan,300018.670347,nan,nan,0.0,10,64,,True,False,"HTTPConnectionPool(host='gpu06', port=9004): Read timed out.",0,59.56268577710819
345,2026-09-21T07:59:39.376+00:00,2026-09-21T08:04:39.453+00:00,2026-09-21T08:04:39.453+00:00,False,1,0.0,,0.0,300077.645771,300077.645771,300077.645771,300077.645771,300077.645771,300077.645771,nan,300077.645771,nan,nan,0.0,10,64,,True,False,"HTTPConnectionPool(host='gpu06', port=9004): Read timed out.",0,59.56268577710819
346,2026-09-21T07:59:39.720+00:00,2026-09-21T08:04:39.830+00:00,2026-09-21T08:04:39.830+00:00,False,1,0.0,,0.0,300109.51115700003,300109.51115700003,300109.51115700003,300109.51115700003,300109.51115700003,300109.51115700003,nan,300109.51115700003,nan,nan,0.0,10,64,,True,False,"HTTPConnectionPool(host='gpu06', port=9004): Read timed out.",0,59.56268577710819
347,2026-09-21T07:59:39.981+00:00,2026-09-21T08:04:40.043+00:00,2026-09-21T08:04:40.043+00:00,False,1,0.0,,0.0,300062.582881,300062.582881,300062.582881,300062.582881,300062.582881,300062.582881,nan,300062.582881,nan,nan,0.0,10,64,,True,False,TTFT timeout: 300.0s exceeded (TTFT: 300.057s),0,59.56268577710819
348,2026-09-21T07:59:40.194+00:00,2026-09-21T08:04:40.312+00:00,2026-09-21T08:04:40.312+00:00,False,1,0.0,,0.0,300117.591867,300117.591867,300117.591867,300117.591867,300117.591867,300117.591867,nan,300117.591867,nan,nan,0.0,10,64,,True,False,"HTTPConnectionPool(host='gpu06', port=9004): Read timed out.",0,59.56268577710819
349,2026-09-21T07:59:40.536+00:00,2026-09-21T08:04:40.624+00:00,2026-09-21T08:04:40.624+00:00,False,1,0.0,,0.0,300087.282718,300087.282718,300087.282718,300087.282718,300087.282718,300087.282718,nan,300087.282718,nan,nan,0.0,10,64,,True,False,TTFT timeout: 300.0s exceeded (TTFT: 300.072s),0,59.56268577710819
350,2026-09-21T07:59:40.827+00:00,2026-09-21T08:04:40.930+00:00,2026-09-21T08:04:40.930+00:00,False,1,0.0,,0.0,300103.202333,300103.202333,300103.202333,300103.202333,300103.202333,300103.202333,nan,300103.202333,nan,nan,0.0,10,64,,True,False,"HTTPConnectionPool(host='gpu06', port=9004): Read timed out.",0,59.56268577710819
351,2026-09-21T07:59:41.146+00:00,2026-09-21T08:04:41.237+00:00,2026-09-21T08:04:41.237+00:00,False,1,0.0,,0.0,300091.630806,300091.630806,300091.630806,300091.630806,300091.630806,300091.630806,nan,300091.630806,nan,nan,0.0,10,64,,True,False,"HTTPConnectionPool(host='gpu06', port=9004): Read timed out.",0,59.56268577710819
352,2026-09-21T07:59:41.462+00:00,2026-09-21T08:04:41.566+00:00,2026-09-21T08:04:41.566+00:00,False,1,0.0,,0.0,300103.782098,300103.782098,300103.782098,300103.782098,300103.782098,300103.782098,nan,300103.782098,nan,nan,0.0,10,64,,True,False,"HTTPConnectionPool(host='gpu06', port=9004): Read timed out.",0,59.56268577710819
353,2026-09-21T07:59:41.664+00:00,2026-09-21T08:04:41.775+00:00,2026-09-21T08:04:41.775+00:00,False,1,0.0,,0.0,300111.432797,300111.432797,300111.432797,300111.432797,300111.432797,300111.432797,nan,300111.432797,nan,nan,0.0,10,64,,True,False,"HTTPConnectionPool(host='gpu06', port=9004): Read timed out.",0,59.56268577710819
354,2026-09-21T07:59:41.987+00:00,2026-09-21T08:04:42.086+00:00,2026-09-21T08:04:42.086+00:00,False,1,0.0,,0.0,300098.51163,300098.51163,300098.51163,300098.51163,300098.51163,300098.51163,nan,300098.51163,nan,nan,0.0,10,64,,True,False,"HTTPConnectionPool(host='gpu06', port=9004): Read timed out.",0,59.56268577710819
355,2026-09-21T07:59:42.284+00:00,2026-09-21T08:04:42.388+00:00,2026-09-21T08:04:42.388+00:00,False,1,0.0,,0.0,300104.375896,300104.375896,300104.375896,300104.375896,300104.375896,300104.375896,nan,300104.375896,nan,nan,0.0,10,64,,True,False,"HTTPConnectionPool(host='gpu06', port=9004): Read timed out.",0,59.56268577710819
356,2026-09-21T07:59:42.648+00:00,2026-09-21T08:04:42.757+00:00,2026-09-21T08:04:42.757+00:00,False,1,0.0,,0.0,300108.822301,300108.822301,300108.822301,300108.822301,300108.822301,300108.822301,nan,300108.822301,nan,nan,0.0,10,64,,True,False,"HTTPConnectionPool(host='gpu06', port=9004): Read timed out.",0,59.56268577710819
357,2026-09-21T07:59:42.879+00:00,2026-09-21T08:04:42.984+00:00,2026-09-21T08:04:42.984+00:00,False,1,0.0,,0.0,300104.773496,300104.773496,300104.773496,300104.773496,300104.773496,300104.773496,nan,300104.773496,nan,nan,0.0,10,64,,True,False,"HTTPConnectionPool(host='gpu06', port=9004): Read timed out.",0,59.56268577710819
358,2026-09-21T07:59:43.225+00:00,2026-09-21T08:04:43.330+00:00,2026-09-21T08:04:43.330+00:00,False,1,0.0,,0.0,300105.597875,300105.597875,300105.597875,300105.597875,300105.597875,300105.597875,nan,300105.597875,nan,nan,0.0,10,64,,True,False,"HTTPConnectionPool(host='gpu06', port=9004): Read timed out.",0,59.56268577710819
359,2026-09-21T07:59:43.529+00:00,2026-09-21T08:04:43.635+00:00,2026-09-21T08:04:43.635+00:00,False,1,0.0,,0.0,300105.725129,300105.725129,300105.725129,300105.725129,300105.725129,300105.725129,nan,300105.725129,nan,nan,0.0,10,64,,True,False,"HTTPConnectionPool(host='gpu06', port=9004): Read timed out.",0,59.56268577710819
360,2026-09-21T07:59:43.821+00:00,2026-09-21T08:04:43.928+00:00,2026-09-21T08:04:43.928+00:00,False,1,0.0,,0.0,300106.89286699996,300106.89286699996,300106.89286699996,300106.89286699996,300106.89286699996,300106.89286699996,nan,300106.89286699996,nan,nan,0.0,10,64,,True,False,"HTTPConnectionPool(host='gpu06', port=9004): Read timed out.",0,59.56268577710819
361,2026-09-21T07:59:44.106+00:00,2026-09-21T08:04:44.222+00:00,2026-09-21T08:04:44.222+00:00,False,1,0.0,,0.0,300115.766184,300115.766184,300115.766184,300115.766184,300115.766184,300115.766184,nan,300115.766184,nan,nan,0.0,10,64,,True,False,"HTTPConnectionPool(host='gpu06', port=9004): Read timed out.",0,59.56268577710819
362,2026-09-21T07:59:44.371+00:00,2026-09-21T08:04:44.407+00:00,2026-09-21T08:04:44.407+00:00,False,1,0.0,,0.0,300036.542558,300036.542558,300036.542558,300036.542558,300036.542558,300036.542558,nan,300036.542558,nan,nan,0.0,10,64,,True,False,TTFT timeout: 300.0s exceeded (TTFT: 300.026s),0,59.56268577710819
363,2026-09-21T07:59:44.678+00:00,2026-09-21T08:04:44.636+00:00,2026-09-21T08:04:44.750+00:00,False,3,2.0,,2.0,299958.364107,300072.560331,300072.56019,100024.18673,0.023469999999999998,299958.364107,173148.0860999335,269973.94495760003,57.098112,80.71561681847696,0.006665054604772481,10,64,,True,False,Request timeout: 300.0s exceeded,2,59.56268577710819
364,2026-09-21T07:59:44.889+00:00,2026-09-21T08:04:44.921+00:00,2026-09-21T08:04:44.921+00:00,False,1,0.0,,0.0,300031.695322,300031.695322,300031.695322,300031.695322,300031.695322,300031.695322,nan,300031.695322,nan,nan,0.0,10,64,,True,False,TTFT timeout: 300.0s exceeded (TTFT: 300.025s),0,59.56268577710819
365,2026-09-21T07:59:45.168+00:00,2026-09-21T08:04:45.274+00:00,2026-09-21T08:04:45.274+00:00,False,1,0.0,,0.0,300105.724375,300105.724375,300105.724375,300105.724375,300105.724375,300105.724375,nan,300105.724375,nan,nan,0.0,10,64,,True,False,"HTTPConnectionPool(host='gpu06', port=9004): Read timed out.",0,59.56268577710819
366,2026-09-21T07:59:45.522+00:00,2026-09-21T08:04:45.884+00:00,2026-09-21T08:04:46.276+00:00,True,5,5.0,,5.0,300361.71098699997,300753.58989899996,300753.589833,60150.717966599994,46.270597,300361.71098699997,134282.03555277543,240323.7885554,97.969728,54.24938069857796,0.016624905463901916,10,64,,True,True,,17,59.56268577710819
367,2026-09-21T07:59:45.853+00:00,2026-09-21T08:04:46.277+00:00,2026-09-21T08:04:47.129+00:00,False,17,16.0,,16.0,300424.468574,301276.196446,301276.196392,17722.129199529412,0.036719999999999996,300424.468574,72850.72703220944,60143.595078800005,53.232992,16.09378320000979,0.05310741501898839,10,64,,True,False,Request timeout: 300.0s exceeded,80,59.56268577710819
371,2026-09-21T07:59:47.035+00:00,2026-09-21T08:04:47.250+00:00,2026-09-21T08:04:47.250+00:00,False,1,0.0,,0.0,300214.99883,300214.99883,300214.99883,300214.99883,300214.99883,300214.99883,nan,300214.99883,nan,nan,0.0,10,64,,True,False,"HTTPConnectionPool(host='gpu06', port=9004): Read timed out.",0,59.56268577710819
368,2026-09-21T07:59:46.169+00:00,2026-09-21T08:04:47.346+00:00,2026-09-21T08:04:47.346+00:00,False,1,0.0,,0.0,301176.295241,301176.295241,301176.295241,301176.295241,301176.295241,301176.295241,nan,301176.295241,nan,nan,0.0,10,64,,True,False,"HTTPConnectionPool(host='gpu06', port=9004): Read timed out.",0,59.56268577710819
372,2026-09-21T07:59:47.237+00:00,2026-09-21T08:04:47.352+00:00,2026-09-21T08:04:47.352+00:00,False,1,0.0,,0.0,300115.694406,300115.694406,300115.694406,300115.694406,300115.694406,300115.694406,nan,300115.694406,nan,nan,0.0,10,64,,True,False,"HTTPConnectionPool(host='gpu06', port=9004): Read timed out.",0,59.56268577710819
369,2026-09-21T07:59:46.457+00:00,2026-09-21T08:04:47.507+00:00,2026-09-21T08:04:47.507+00:00,False,1,0.0,,0.0,301050.573636,301050.573636,301050.573636,301050.573636,301050.573636,301050.573636,nan,301050.573636,nan,nan,0.0,10,64,,True,False,"HTTPConnectionPool(host='gpu06', port=9004): Read timed out.",0,59.56268577710819
373,2026-09-21T07:59:47.477+00:00,2026-09-21T08:04:47.528+00:00,2026-09-21T08:04:47.528+00:00,False,1,0.0,,0.0,300051.626494,300051.626494,300051.626494,300051.626494,300051.626494,300051.626494,nan,300051.626494,nan,nan,0.0,10,64,,True,False,"HTTPConnectionPool(host='gpu06', port=9004): Read timed out.",0,59.56268577710819
370,2026-09-21T07:59:46.768+00:00,2026-09-21T08:04:47.807+00:00,2026-09-21T08:04:47.807+00:00,False,1,0.0,,0.0,301039.5015,301039.5015,301039.5015,301039.5015,301039.5015,301039.5015,nan,301039.5015,nan,nan,0.0,10,64,,True,False,"HTTPConnectionPool(host='gpu06', port=9004): Read timed out.",0,59.56268577710819
374,2026-09-21T07:59:47.845+00:00,2026-09-21T08:04:47.865+00:00,2026-09-21T08:04:47.865+00:00,False,1,0.0,,0.0,300020.377932,300020.377932,300020.377932,300020.377932,300020.377932,300020.377932,nan,300020.377932,nan,nan,0.0,10,64,,True,False,"HTTPConnectionPool(host='gpu06', port=9004): Read timed out.",0,59.56268577710819
375,2026-09-21T07:59:48.176+00:00,2026-09-21T08:04:48.268+00:00,2026-09-21T08:04:48.268+00:00,False,1,0.0,,0.0,300091.798458,300091.798458,300091.798458,300091.798458,300091.798458,300091.798458,nan,300091.798458,nan,nan,0.0,10,64,,True,False,"HTTPConnectionPool(host='gpu06', port=9004): Read timed out.",0,59.56268577710819
376,2026-09-21T07:59:48.457+00:00,2026-09-21T08:04:48.561+00:00,2026-09-21T08:04:48.561+00:00,False,1,0.0,,0.0,300104.164225,300104.164225,300104.164225,300104.164225,300104.164225,300104.164225,nan,300104.164225,nan,nan,0.0,10,64,,True,False,"HTTPConnectionPool(host='gpu06', port=9004): Read timed out.",0,59.56268577710819
377,2026-09-21T07:59:48.716+00:00,2026-09-21T08:04:48.757+00:00,2026-09-21T08:04:48.757+00:00,False,1,0.0,,0.0,300040.85942,300040.85942,300040.85942,300040.85942,300040.85942,300040.85942,nan,300040.85942,nan,nan,0.0,10,64,,True,False,TTFT timeout: 300.0s exceeded (TTFT: 300.035s),0,59.56268577710819
378,2026-09-21T07:59:49.056+00:00,2026-09-21T08:04:49.022+00:00,2026-09-21T08:04:49.136+00:00,False,3,2.0,,2.0,299966.589604,300080.308132,300080.308187,100026.76939566666,0.03296,299966.589604,173152.97285330517,269981.29920589994,56.859264,80.36480134534042,0.006664882519116302,10,64,,True,False,Request timeout: 300.0s exceeded,7,59.56268577710819
379,2026-09-21T07:59:49.395+00:00,2026-09-21T08:04:49.284+00:00,2026-09-21T08:04:49.407+00:00,False,4,3.0,,3.0,299888.293458,300011.656786,300011.656631,75002.91415775,0.03551,299888.293458,149923.58917856068,254915.5856772,41.12110933333334,36.60043187769617,0.00999961145556393,10,64,,True,False,Request timeout: 300.0s exceeded,12,59.56268577710819
380,2026-09-21T07:59:49.666+00:00,2026-09-21T08:04:49.770+00:00,2026-09-21T08:04:49.770+00:00,False,1,0.0,,0.0,300104.715715,300104.715715,300104.715715,300104.715715,300104.715715,300104.715715,nan,300104.715715,nan,nan,0.0,10,64,,True,False,"HTTPConnectionPool(host='gpu06', port=9004): Read timed out.",0,59.56268577710819
381,2026-09-21T07:59:49.904+00:00,2026-09-21T08:04:50.016+00:00,2026-09-21T08:04:50.016+00:00,False,1,0.0,,0.0,300112.746869,300112.746869,300112.746869,300112.746869,300112.746869,300112.746869,nan,300112.746869,nan,nan,0.0,10,64,,True,False,"HTTPConnectionPool(host='gpu06', port=9004): Read timed out.",0,59.56268577710819
382,2026-09-21T07:59:50.168+00:00,2026-09-21T08:04:50.184+00:00,2026-09-21T08:04:50.184+00:00,False,1,0.0,,0.0,300015.75171499996,300015.75171499996,300015.75171499996,300015.75171499996,300015.75171499996,300015.75171499996,nan,300015.75171499996,nan,nan,0.0,10,64,,True,False,"HTTPConnectionPool(host='gpu06', port=9004): Read timed out.",0,59.56268577710819
383,2026-09-21T07:59:50.390+00:00,2026-09-21T08:04:50.482+00:00,2026-09-21T08:04:50.482+00:00,False,1,0.0,,0.0,300092.388568,300092.388568,300092.388568,300092.388568,300092.388568,300092.388568,nan,300092.388568,nan,nan,0.0,10,64,,True,False,"HTTPConnectionPool(host='gpu06', port=9004): Read timed out.",0,59.56268577710819
384,2026-09-21T07:59:50.748+00:00,2026-09-21T08:04:50.852+00:00,2026-09-21T08:04:50.852+00:00,False,1,0.0,,0.0,300104.572483,300104.572483,300104.572483,300104.572483,300104.572483,300104.572483,nan,300104.572483,nan,nan,0.0,10,64,,True,False,"HTTPConnectionPool(host='gpu06', port=9004): Read timed out.",0,59.56268577710819
385,2026-09-21T07:59:50.978+00:00,2026-09-21T08:04:51.074+00:00,2026-09-21T08:04:51.074+00:00,False,1,0.0,,0.0,300095.70937,300095.70937,300095.70937,300095.70937,300095.70937,300095.70937,nan,300095.70937,nan,nan,0.0,10,64,,True,False,TTFT timeout: 300.0s exceeded (TTFT: 300.084s),0,59.56268577710819
386,2026-09-21T07:59:51.218+00:00,2026-09-21T08:04:51.327+00:00,2026-09-21T08:04:51.327+00:00,False,1,0.0,,0.0,300108.641273,300108.641273,300108.641273,300108.641273,300108.641273,300108.641273,nan,300108.641273,nan,nan,0.0,10,64,,True,False,"HTTPConnectionPool(host='gpu06', port=9004): Read timed out.",0,59.56268577710819
387,2026-09-21T07:59:51.500+00:00,2026-09-21T08:04:51.463+00:00,2026-09-21T08:04:51.567+00:00,False,3,2.0,,2.0,299963.69899,300067.53515,300067.535113,100022.51170433333,0.02912,299963.69899,173154.15522696468,269977.7097913,51.91808,73.38234249843902,0.006665166223331107,10,64,,True,False,Request timeout: 300.0s exceeded,7,59.56268577710819
388,2026-09-21T07:59:51.694+00:00,2026-09-21T08:04:51.803+00:00,2026-09-21T08:04:51.803+00:00,False,1,0.0,,0.0,300109.05494199996,300109.05494199996,300109.05494199996,300109.05494199996,300109.05494199996,300109.05494199996,nan,300109.05494199996,nan,nan,0.0,10,64,,True,False,"HTTPConnectionPool(host='gpu06', port=9004): Read timed out.",0,59.56268577710819
389,2026-09-21T07:59:51.915+00:00,2026-09-21T08:04:52.030+00:00,2026-09-21T08:04:52.030+00:00,False,1,0.0,,0.0,300115.753209,300115.753209,300115.753209,300115.753209,300115.753209,300115.753209,nan,300115.753209,nan,nan,0.0,10,64,,True,False,"HTTPConnectionPool(host='gpu06', port=9004): Read timed out.",0,59.56268577710819
390,2026-09-21T07:59:52.121+00:00,2026-09-21T08:04:52.226+00:00,2026-09-21T08:04:52.226+00:00,False,1,0.0,,0.0,300105.287239,300105.287239,300105.287239,300105.287239,300105.287239,300105.287239,nan,300105.287239,nan,nan,0.0,10,64,,True,False,"HTTPConnectionPool(host='gpu06', port=9004): Read timed out.",0,59.56268577710819
391,2026-09-21T07:59:52.464+00:00,2026-09-21T08:04:52.587+00:00,2026-09-21T08:04:52.587+00:00,False,1,0.0,,0.0,300122.71620599995,300122.71620599995,300122.71620599995,300122.71620599995,300122.71620599995,300122.71620599995,nan,300122.71620599995,nan,nan,0.0,10,64,,True,False,"HTTPConnectionPool(host='gpu06', port=9004): Read timed out.",0,59.56268577710819
392,2026-09-21T07:59:52.780+00:00,2026-09-21T08:04:52.866+00:00,2026-09-21T08:04:52.866+00:00,False,1,0.0,,0.0,300085.76377200003,300085.76377200003,300085.76377200003,300085.76377200003,300085.76377200003,300085.76377200003,nan,300085.76377200003,nan,nan,0.0,10,64,,True,False,TTFT timeout: 300.0s exceeded (TTFT: 300.080s),0,59.56268577710819
393,2026-09-21T07:59:54.143+00:00,2026-09-21T08:04:53.202+00:00,2026-09-21T08:04:53.738+00:00,True,10,10.0,,10.0,299059.202582,299595.110422,299595.110509,29959.5110509,44.193708,299059.202582,94551.99465985507,164523.5947079,59.545315555555554,14.627501014732003,0.03337838186315632,10,64,,True,True,,25,59.56268577710819
394,2026-09-21T07:59:54.355+00:00,2026-09-21T08:04:53.292+00:00,2026-09-21T08:04:54.735+00:00,False,27,26.0,,26.0,298936.86494700005,300379.32843500003,300379.32832900004,11125.160308481483,0.031,298936.86494700005,57519.75107767593,72.97352,55.47936492307692,13.84875576189657,0.08655722128237668,10,64,,True,False,Request timeout: 300.0s exceeded,286,59.56268577710819
397,2026-09-21T07:59:54.919+00:00,2026-09-21T08:04:55.009+00:00,2026-09-21T08:04:55.009+00:00,False,1,0.0,,0.0,300090.576533,300090.576533,300090.576533,300090.576533,300090.576533,300090.576533,nan,300090.576533,nan,nan,0.0,10,64,,True,False,"HTTPConnectionPool(host='gpu06', port=9004): Read timed out.",0,59.56268577710819
395,2026-09-21T07:59:54.687+00:00,2026-09-21T08:04:55.011+00:00,2026-09-21T08:04:55.011+00:00,False,1,0.0,,0.0,300323.151853,300323.151853,300323.151853,300323.151853,300323.151853,300323.151853,nan,300323.151853,nan,nan,0.0,10,64,,True,False,"HTTPConnectionPool(host='gpu06', port=9004): Read timed out.",0,59.56268577710819
396,2026-09-21T07:59:54.913+00:00,2026-09-21T08:04:55.392+00:00,2026-09-21T08:04:55.392+00:00,False,1,0.0,,0.0,300479.56145,300479.56145,300479.56145,300479.56145,300479.56145,300479.56145,nan,300479.56145,nan,nan,0.0,10,64,,True,False,"HTTPConnectionPool(host='gpu06', port=9004): Read timed out.",0,59.56268577710819
398,2026-09-21T07:59:55.017+00:00,2026-09-21T08:04:55.415+00:00,2026-09-21T08:04:55.415+00:00,False,1,0.0,,0.0,300398.43242900004,300398.43242900004,300398.43242900004,300398.43242900004,300398.43242900004,300398.43242900004,nan,300398.43242900004,nan,nan,0.0,10,64,,True,False,"HTTPConnectionPool(host='gpu06', port=9004): Read timed out.",0,59.56268577710819
399,2026-09-21T07:59:55.103+00:00,2026-09-21T08:04:55.480+00:00,2026-09-21T08:04:55.480+00:00,False,1,0.0,,0.0,300377.311017,300377.311017,300377.311017,300377.311017,300377.311017,300377.311017,nan,300377.311017,nan,nan,0.0,10,64,,True,False,"HTTPConnectionPool(host='gpu06', port=9004): Read timed out.",0,59.56268577710819
400,2026-09-21T07:59:55.234+00:00,2026-09-21T08:04:55.488+00:00,2026-09-21T08:04:55.488+00:00,False,1,0.0,,0.0,300254.496856,300254.496856,300254.496856,300254.496856,300254.496856,300254.496856,nan,300254.496856,nan,nan,0.0,10,64,,True,False,"HTTPConnectionPool(host='gpu06', port=9004): Read timed out.",0,59.56268577710819
401,2026-09-21T07:59:55.553+00:00,2026-09-21T08:04:55.708+00:00,2026-09-21T08:04:55.708+00:00,False,1,0.0,,0.0,300154.829924,300154.829924,300154.829924,300154.829924,300154.829924,300154.829924,nan,300154.829924,nan,nan,0.0,10,64,,True,False,"HTTPConnectionPool(host='gpu06', port=9004): Read timed out.",0,59.56268577710819
402,2026-09-21T07:59:55.723+00:00,2026-09-21T08:04:55.834+00:00,2026-09-21T08:04:55.834+00:00,False,1,0.0,,0.0,300110.77236199996,300110.77236199996,300110.77236199996,300110.77236199996,300110.77236199996,300110.77236199996,nan,300110.77236199996,nan,nan,0.0,10,64,,True,False,"HTTPConnectionPool(host='gpu06', port=9004): Read timed out.",0,59.56268577710819
403,2026-09-21T07:59:55.997+00:00,2026-09-21T08:04:56.102+00:00,2026-09-21T08:04:56.102+00:00,False,1,0.0,,0.0,300105.103241,300105.103241,300105.103241,300105.103241,300105.103241,300105.103241,nan,300105.103241,nan,nan,0.0,10,64,,True,False,"HTTPConnectionPool(host='gpu06', port=9004): Read timed out.",0,59.56268577710819
404,2026-09-21T07:59:56.212+00:00,2026-09-21T08:04:56.325+00:00,2026-09-21T08:04:56.325+00:00,False,1,0.0,,0.0,300113.060009,300113.060009,300113.060009,300113.060009,300113.060009,300113.060009,nan,300113.060009,nan,nan,0.0,10,64,,True,False,"HTTPConnectionPool(host='gpu06', port=9004): Read timed out.",0,59.56268577710819
405,2026-09-21T07:59:56.535+00:00,2026-09-21T08:04:56.639+00:00,2026-09-21T08:04:56.639+00:00,False,1,0.0,,0.0,300104.50013999996,300104.50013999996,300104.50013999996,300104.50013999996,300104.50013999996,300104.50013999996,nan,300104.50013999996,nan,nan,0.0,10,64,,True,False,"HTTPConnectionPool(host='gpu06', port=9004): Read timed out.",0,59.56268577710819
406,2026-09-21T07:59:56.896+00:00,2026-09-21T08:04:56.918+00:00,2026-09-21T08:04:56.918+00:00,False,1,0.0,,0.0,300021.765342,300021.765342,300021.765342,300021.765342,300021.765342,300021.765342,nan,300021.765342,nan,nan,0.0,10,64,,True,False,TTFT timeout: 300.0s exceeded (TTFT: 300.013s),0,59.56268577710819
407,2026-09-21T07:59:57.233+00:00,2026-09-21T08:04:57.346+00:00,2026-09-21T08:04:57.346+00:00,False,1,0.0,,0.0,300113.336136,300113.336136,300113.336136,300113.336136,300113.336136,300113.336136,nan,300113.336136,nan,nan,0.0,10,64,,True,False,"HTTPConnectionPool(host='gpu06', port=9004): Read timed out.",0,59.56268577710819
408,2026-09-21T07:59:57.546+00:00,2026-09-21T08:04:57.583+00:00,2026-09-21T08:04:57.583+00:00,False,1,0.0,,0.0,300037.344365,300037.344365,300037.344365,300037.344365,300037.344365,300037.344365,nan,300037.344365,nan,nan,0.0,10,64,,True,False,TTFT timeout: 300.0s exceeded (TTFT: 300.028s),0,59.56268577710819
409,2026-09-21T07:59:57.773+00:00,2026-09-21T08:04:57.875+00:00,2026-09-21T08:04:57.875+00:00,False,1,0.0,,0.0,300102.45887599996,300102.45887599996,300102.45887599996,300102.45887599996,300102.45887599996,300102.45887599996,nan,300102.45887599996,nan,nan,0.0,10,64,,True,False,"HTTPConnectionPool(host='gpu06', port=9004): Read timed out.",0,59.56268577710819
410,2026-09-21T07:59:58.023+00:00,2026-09-21T08:04:58.118+00:00,2026-09-21T08:04:58.118+00:00,False,1,0.0,,0.0,300095.520809,300095.520809,300095.520809,300095.520809,300095.520809,300095.520809,nan,300095.520809,nan,nan,0.0,10,64,,True,False,"HTTPConnectionPool(host='gpu06', port=9004): Read timed out.",0,59.56268577710819
411,2026-09-21T07:59:58.372+00:00,2026-09-21T08:04:58.495+00:00,2026-09-21T08:04:58.495+00:00,False,1,0.0,,0.0,300123.45257599995,300123.45257599995,300123.45257599995,300123.45257599995,300123.45257599995,300123.45257599995,nan,300123.45257599995,nan,nan,0.0,10,64,,True,False,"HTTPConnectionPool(host='gpu06', port=9004): Read timed out.",0,59.56268577710819
412,2026-09-21T07:59:58.647+00:00,2026-09-21T08:04:58.769+00:00,2026-09-21T08:04:58.769+00:00,False,1,0.0,,0.0,300122.317695,300122.317695,300122.317695,300122.317695,300122.317695,300122.317695,nan,300122.317695,nan,nan,0.0,10,64,,True,False,"HTTPConnectionPool(host='gpu06', port=9004): Read timed out.",0,59.56268577710819
413,2026-09-21T07:59:58.876+00:00,2026-09-21T08:04:58.982+00:00,2026-09-21T08:04:58.982+00:00,False,1,0.0,,0.0,300105.840691,300105.840691,300105.840691,300105.840691,300105.840691,300105.840691,nan,300105.840691,nan,nan,0.0,10,64,,True,False,"HTTPConnectionPool(host='gpu06', port=9004): Read timed out.",0,59.56268577710819
414,2026-09-21T07:59:59.154+00:00,2026-09-21T08:04:59.213+00:00,2026-09-21T08:04:59.213+00:00,False,1,0.0,,0.0,300059.00441299996,300059.00441299996,300059.00441299996,300059.00441299996,300059.00441299996,300059.00441299996,nan,300059.00441299996,nan,nan,0.0,10,64,,True,False,TTFT timeout: 300.0s exceeded (TTFT: 300.054s),0,59.56268577710819
415,2026-09-21T07:59:59.434+00:00,2026-09-21T08:04:59.373+00:00,2026-09-21T08:04:59.488+00:00,False,4,3.0,,3.0,299939.315588,300054.436484,300054.436341,75013.60908525,0.10056999999999999,299939.315588,149950.47346430673,254957.49798785,38.373632,33.282850655511105,0.009998185779732575,10,64,,True,False,Request timeout: 300.0s exceeded,18,59.56268577710819
416,2026-09-21T07:59:59.783+00:00,2026-09-21T08:04:59.888+00:00,2026-09-21T08:04:59.888+00:00,False,1,0.0,,0.0,300105.10580699996,300105.10580699996,300105.10580699996,300105.10580699996,300105.10580699996,300105.10580699996,nan,300105.10580699996,nan,nan,0.0,10,64,,True,False,"HTTPConnectionPool(host='gpu06', port=9004): Read timed out.",0,59.56268577710819
417,2026-09-21T08:00:00.010+00:00,2026-09-21T08:05:00.136+00:00,2026-09-21T08:05:00.136+00:00,False,1,0.0,,0.0,300125.337912,300125.337912,300125.337912,300125.337912,300125.337912,300125.337912,nan,300125.337912,nan,nan,0.0,10,64,,True,False,"HTTPConnectionPool(host='gpu06', port=9004): Read timed out.",0,59.56268577710819
418,2026-09-21T08:00:00.326+00:00,2026-09-21T08:05:00.434+00:00,2026-09-21T08:05:00.434+00:00,False,1,0.0,,0.0,300108.715385,300108.715385,300108.715385,300108.715385,300108.715385,300108.715385,nan,300108.715385,nan,nan,0.0,10,64,,True,False,"HTTPConnectionPool(host='gpu06', port=9004): Read timed out.",0,59.56268577710819
419,2026-09-21T08:00:00.675+00:00,2026-09-21T08:05:00.784+00:00,2026-09-21T08:05:00.784+00:00,False,1,0.0,,0.0,300109.44114300003,300109.44114300003,300109.44114300003,300109.44114300003,300109.44114300003,300109.44114300003,nan,300109.44114300003,nan,nan,0.0,10,64,,True,False,"HTTPConnectionPool(host='gpu06', port=9004): Read timed out.",0,59.56268577710819
420,2026-09-21T08:00:00.900+00:00,2026-09-21T08:05:00.977+00:00,2026-09-21T08:05:00.977+00:00,False,1,0.0,,0.0,300076.728101,300076.728101,300076.728101,300076.728101,300076.728101,300076.728101,nan,300076.728101,nan,nan,0.0,10,64,,True,False,TTFT timeout: 300.0s exceeded (TTFT: 300.058s),0,59.56268577710819
421,2026-09-21T08:00:01.132+00:00,2026-09-21T08:05:01.166+00:00,2026-09-21T08:05:02.909+00:00,False,28,27.0,,27.0,300034.43861,301777.22977800004,301777.22966300003,10777.758202250001,0.02841,300034.43861,56688.99201341336,181.24878044999997,64.54782103703704,36.260467704526256,0.08946997101094184,10,64,,True,False,Request timeout: 300.0s exceeded,292,59.56268577710819
422,2026-09-21T08:00:01.487+00:00,2026-09-21T08:05:01.487+00:00,2026-09-21T08:05:03.022+00:00,False,28,27.0,,27.0,299999.18048900005,301534.326729,301534.3266750001,10769.083095535716,0.04704,299999.18048900005,56683.77359569756,99.86974819999999,56.85726814814815,17.260587707558816,0.08954204416091535,10,64,,True,False,Request timeout: 300.0s exceeded,106,59.56268577710819
423,2026-09-21T08:00:01.696+00:00,2026-09-21T08:05:02.175+00:00,2026-09-21T08:05:03.069+00:00,False,18,17.0,,17.0,300478.864248,301372.829816,301372.829893,16742.93499405556,0.02352,300478.864248,70811.15426525893,45133.160644300006,52.58620988235294,14.773853444274186,0.05640853560149788,10,64,,True,False,Request timeout: 300.0s exceeded,68,59.56268577710819
424,2026-09-21T08:00:02.056+00:00,2026-09-21T08:05:03.225+00:00,2026-09-21T08:05:03.225+00:00,False,1,0.0,,0.0,301168.918253,301168.918253,301168.918253,301168.918253,301168.918253,301168.918253,nan,301168.918253,nan,nan,0.0,10,64,,True,False,"HTTPConnectionPool(host='gpu06', port=9004): Read timed out.",0,59.56268577710819
0,2026-09-21T07:58:02.110+00:00,2026-09-21T07:58:02.255+00:00,2026-09-21T07:58:07.603+00:00,True,92,92.0,,92.0,145.12203,5493.031406,5493.031486,59.70686397826087,0.01638,228.524305,31.442855051906452,97.98677895,58.7682349010989,30.29328962299803,16.748493354599983,11,64,,False,True,,290,59.56268577710819
3,2026-09-21T07:58:03.115+00:00,2026-09-21T07:58:03.489+00:00,2026-09-21T07:58:05.399+00:00,True,33,33.0,,33.0,373.42665500000004,2283.430367,2283.430274,69.19485678787879,45.271333,373.42665500000004,55.39636203766959,79.0617494,59.687616,9.420036335275283,14.451940587685108,11,64,,False,True,,169,59.56268577710819
2,2026-09-21T07:58:02.802+00:00,2026-09-21T07:58:03.574+00:00,2026-09-21T07:58:04.969+00:00,True,25,25.0,,25.0,772.2692920000001,2167.226604,2167.226786,86.68907144,40.570052000000004,772.2692920000001,143.11994758753312,73.758811,58.12322133333333,9.313972878567464,11.535480394093574,11,64,,False,True,,37,59.56268577710819
1,2026-09-21T07:58:02.460+00:00,2026-09-21T07:58:05.521+00:00,2026-09-21T07:58:10.322+00:00,True,77,77.0,,77.0,3060.524606,7861.339966,7861.339944,102.09532394805194,44.139365,3060.524606,341.7559713039147,80.383532,63.168623157894736,11.025566337992444,9.794767855482922,11,64,,False,True,,77,59.56268577710819
4,2026-09-21T07:58:03.326+00:00,2026-09-21T07:58:07.802+00:00,2026-09-21T07:58:08.065+00:00,True,5,5.0,,5.0,4476.3125039999995,4739.124664,4739.124742,947.8249483999999,55.301856,4476.3125039999995,1972.5108207396545,3597.0261349999996,65.70304,11.76443174307007,1.055047156277972,11,64,,False,True,,15,59.56268577710819
5,2026-09-21T07:58:03.730+00:00,2026-09-21T07:58:08.563+00:00,2026-09-21T07:58:10.892+00:00,True,38,38.0,,38.0,4832.877306,7161.463034,7161.463088,188.45955494736842,41.534365,4832.877306,773.8600901412316,82.15885135,62.934749405405405,10.792681056173915,5.306178335291257,11,64,,False,True,,38,59.56268577710819
6,2026-09-21T07:58:04.165+00:00,2026-09-21T07:58:10.457+00:00,2026-09-21T07:58:15.574+00:00,True,82,82.0,,82.0,6291.749693,11408.981821,11408.981824,139.13392468292682,0.0172,6291.749693,689.48325527287,83.4338975,63.17570528395062,48.00228443331247,7.187319717616369,11,64,,False,True,,256,59.56268577710819
7,2026-09-21T07:58:04.552+00:00,2026-09-21T07:58:13.185+00:00,2026-09-21T07:58:13.956+00:00,True,18,18.0,,18.0,8632.44274,9403.375732,9403.375670000001,522.4097594444445,0.01657,8632.44274,2024.2427176802216,1362.0899011500003,45.34899952941176,32.483068508530096,1.9142061864810316,11,64,,False,True,,72,59.56268577710819
8,2026-09-21T07:58:04.828+00:00,2026-09-21T07:58:13.957+00:00,2026-09-21T07:58:17.836+00:00,True,65,65.0,,65.0,9128.612082,13007.754738,13007.754605,200.11930161538461,38.732894,9128.612082,1124.7958936981631,77.39579400000001,60.611604,10.56687229282459,4.997019186571321,11,64,,False,True,,153,59.56268577710819
9,2026-09-21T07:58:05.242+00:00,2026-09-21T07:58:16.885+00:00,2026-09-21T07:58:18.290+00:00,True,24,24.0,,24.0,11643.326168,13048.087255999999,13048.087324,543.6703051666666,44.657114,11643.326168,2364.236868875616,78.29464884999999,61.07656904347826,9.96067957542213,1.839350054082747,11,64,,False,True,,63,59.56268577710819
10,2026-09-21T07:58:05.567+00:00,2026-09-21T07:58:18.610+00:00,2026-09-21T07:58:19.265+00:00,True,11,11.0,,11.0,13042.763325,13697.708605,13697.708563,1245.246233,49.973074999999994,13042.763325,3912.8065520213595,6562.3249415,65.494528,10.544333404622598,0.8030540229177259,11,64,,False,True,,25,59.56268577710819
11,2026-09-21T07:58:06.004+00:00,2026-09-21T07:58:20.989+00:00,2026-09-21T07:58:21.877+00:00,True,15,15.0,,15.0,14985.668472,15873.198967999999,15873.199134999999,1058.2132756666667,29.915453000000003,14985.668472,3852.9377444752586,4561.0308969,63.395035428571425,13.909447867298598,0.9449890995658564,11,64,,False,True,,75,59.56268577710819
12,2026-09-21T07:58:06.383+00:00,2026-09-21T07:58:22.664+00:00,2026-09-21T07:58:26.970+00:00,True,65,65.0,,65.0,16280.266791,20586.476327,20586.476218,316.71501873846154,0.0,16280.266791,2012.8642832102757,348.38555419999994,67.284524,87.92727488775957,3.1574126124124438,11,64,,False,True,,455,59.56268577710819
13,2026-09-21T07:58:06.738+00:00,2026-09-21T07:58:24.648+00:00,2026-09-21T07:58:30.913+00:00,True,96,96.0,,96.0,17910.680969,24175.150473,24175.15034,251.82448270833333,0.0,17910.680969,1822.1899954790013,79.488038,65.94178425263158,58.16957798139466,3.9710197505168594,11,64,,False,True,,192,59.56268577710819
14,2026-09-21T07:58:07.083+00:00,2026-09-21T07:58:26.532+00:00,2026-09-21T07:58:32.774+00:00,True,100,100.0,,100.0,19448.440449,25690.378881,25690.378877000003,256.90378877,0.0,19448.440449,1939.4586789787984,81.83245895,63.04988315151515,60.02237007873833,3.8925077930227663,11,64,,False,True,,105,59.56268577710819
15,2026-09-21T07:58:07.453+00:00,2026-09-21T07:58:28.554+00:00,2026-09-21T07:58:29.053+00:00,True,9,9.0,,9.0,21101.178891,21600.351755,21600.351652999998,2400.0390725555553,51.312995,21101.178891,7012.933812191579,12690.8961898,62.396608,10.1130254272984,0.4166598813797882,11,64,,False,True,,36,59.56268577710819
16,2026-09-21T07:58:07.850+00:00,2026-09-21T07:58:30.927+00:00,2026-09-21T07:58:35.375+00:00,True,73,73.0,,73.0,23076.978035999997,27524.963443999997,27524.963347999997,377.05429243835613,0.0,23076.978035999997,2695.3206604034094,78.63874,61.77757511111111,93.36840269361227,2.6521379455605723,11,64,,False,True,,514,59.56268577710819
17,2026-09-21T07:58:08.192+00:00,2026-09-21T07:58:32.467+00:00,2026-09-21T07:58:33.673+00:00,True,20,20.0,,20.0,24274.907059999998,25480.729268,25480.729424999998,1274.03647125,0.01692,24274.907059999998,5415.563517926196,1808.66246125,63.464326736842104,140.23303197183245,0.7849068913862298,11,64,,False,True,,20,59.56268577710819
18,2026-09-21T07:58:08.452+00:00,2026-09-21T07:58:33.862+00:00,2026-09-21T07:58:36.310+00:00,True,39,39.0,,39.0,25409.883058,27857.35749,27857.357492,714.2912177435898,0.0,25409.883058,4059.4866522501716,129.4835432,64.40722189473684,89.57633294221861,1.3999892134061853,11,64,,False,True,,232,59.56268577710819
19,2026-09-21T07:58:08.810+00:00,2026-09-21T07:58:35.546+00:00,2026-09-21T07:58:36.692+00:00,True,19,19.0,,19.0,26735.630036,27882.10402,27882.104124999998,1467.4791644736842,49.727345,26735.630036,6118.968156828669,2749.1616437000002,63.692999111111114,8.926304794160057,0.6814406827537544,11,64,,False,True,,38,59.56268577710819
20,2026-09-21T07:58:09.058+00:00,2026-09-21T07:58:36.697+00:00,2026-09-21T07:58:39.687+00:00,True,48,48.0,,48.0,27638.965809,30629.457457,30629.457430000002,638.1136964583334,45.713555,27638.965809,3980.1677870076123,79.98109099999999,63.627481872340425,9.256776558394598,1.567118845228849,11,64,,False,True,,48,59.56268577710819
21,2026-09-21T07:58:09.454+00:00,2026-09-21T07:58:38.415+00:00,2026-09-21T07:58:40.937+00:00,True,41,41.0,,41.0,28960.533717,31482.334677,31482.334618999997,767.8618199756097,0.0,28960.533717,4513.988172449664,80.828188,63.045024,94.21084740684528,1.302317646408648,11,64,,False,True,,41,59.56268577710819
22,2026-09-21T07:58:09.808+00:00,2026-09-21T07:58:40.936+00:00,2026-09-21T07:58:40.987+00:00,True,2,2.0,,2.0,31127.650252,31178.508492,31178.508318,15589.254159,50.858066,31127.650252,21974.610492245713,29573.8106427,50.85824,nan,0.06414675033326799,11,64,,False,True,,22,59.56268577710819
23,2026-09-21T07:58:10.068+00:00,2026-09-21T07:58:42.064+00:00,2026-09-21T07:58:46.849+00:00,True,76,76.0,,76.0,31996.593953000003,36781.718561,36781.718489000006,483.9699801184211,0.0,31996.593953000003,3664.931235932699,77.72824075,63.80166144,121.53282169267777,2.066243856277654,11,64,,False,True,,722,59.56268577710819
24,2026-09-21T07:58:10.376+00:00,2026-09-21T07:58:43.651+00:00,2026-09-21T07:58:49.659+00:00,True,97,97.0,,97.0,33275.008095,39283.395935,39283.396039,404.9834643195876,0.0,33275.008095,3372.9623241158006,79.9981102,62.58737333333334,71.59076631854646,2.4692366250743794,11,64,,False,True,,880,59.56268577710819
25,2026-09-21T07:58:10.769+00:00,2026-09-21T07:58:45.692+00:00,2026-09-21T07:58:49.516+00:00,True,60,60.0,,60.0,34922.397926,38746.211301999996,38746.211433,645.7701905499999,0.0,34922.397926,4500.992630163786,77.9129015,64.81039620338983,90.64836963817235,1.548538501799347,11,64,,False,True,,240,59.56268577710819
26,2026-09-21T07:58:11.091+00:00,2026-09-21T07:58:47.206+00:00,2026-09-21T07:58:49.717+00:00,True,40,40.0,,40.0,36115.157589,38625.960533000005,38625.96057,965.64901425,41.701254,36115.157589,5700.1365456645,78.36126255,64.37956266666666,9.702964325000297,1.035572952699159,11,64,,False,True,,45,59.56268577710819
27,2026-09-21T07:58:11.386+00:00,2026-09-21T07:58:48.757+00:00,2026-09-21T07:58:49.005+00:00,True,5,5.0,,5.0,37371.307909999996,37618.941062,37618.941095999995,7523.788219199999,52.091316,37371.307909999996,16685.273079146573,29911.740191599998,61.908288,10.186411174301053,0.13291176888151823,11,64,,False,True,,12,59.56268577710819
28,2026-09-21T07:58:11.792+00:00,2026-09-21T07:58:50.711+00:00,2026-09-21T07:58:54.834+00:00,True,66,66.0,,66.0,38919.694761,43042.614697,43042.61464,652.1608278787878,0.0,38919.694761,4784.881655273867,97.29168725,63.42953747692308,139.61786584111618,1.5333640965961135,11,64,,False,True,,594,59.56268577710819
29,2026-09-21T07:58:12.079+00:00,2026-09-21T07:58:52.252+00:00,2026-09-21T07:58:53.657+00:00,True,21,21.0,,21.0,40173.436281,41578.601849,41578.601997000005,1979.9334284285715,0.0,40173.436281,8754.342733179365,1080.249732,70.25827840000001,239.4611189791966,0.5050674882302486,11,64,,False,True,,46,59.56268577710819
30,2026-09-21T07:58:12.505+00:00,2026-09-21T07:58:54.419+00:00,2026-09-21T07:58:59.493+00:00,True,82,82.0,,82.0,41913.476501000005,46987.672213000005,46987.672168000005,573.020392292683,37.375864,41913.476501000005,4621.661626211991,77.1124265,62.64439150617284,9.850885072361313,1.745138589293921,11,64,,False,True,,239,59.56268577710819
31,2026-09-21T07:58:13.176+00:00,2026-09-21T07:58:58.107+00:00,2026-09-21T07:59:01.265+00:00,True,40,40.0,,40.0,44930.883055,48089.318127,48089.318193,1202.232954825,0.0,44930.883055,7092.699308134648,122.15962479999999,80.98551466666667,137.98159522360092,0.8317855515098641,11,64,,False,True,,120,59.56268577710819
32,2026-09-21T07:58:13.366+00:00,2026-09-21T07:58:59.258+00:00,2026-09-21T07:59:01.522+00:00,True,36,36.0,,36.0,45891.921425,48156.156689,48156.15673,1337.6710202777779,0.0,45891.921425,7639.303975902119,288.003982,64.69243611428571,150.09287563706997,0.7475679637910814,11,64,,False,True,,225,59.56268577710819
33,2026-09-21T07:58:13.637+00:00,2026-09-21T07:59:01.265+00:00,2026-09-21T07:59:04.090+00:00,True,59,59.0,,59.0,47627.972195,50452.779107,50452.779039,855.1318481186441,0.0,47627.972195,6194.348246968321,83.618639,48.70356744827586,26.350035325494723,1.1694103088924614,11,64,,False,True,,125,59.56268577710819
34,2026-09-21T07:58:13.951+00:00,2026-09-21T07:59:02.257+00:00,2026-09-21T07:59:06.673+00:00,True,73,73.0,,73.0,48306.171604999996,52722.676692999994,52722.676724,722.2284482739725,0.01509,48306.171604999996,5647.558715943257,90.4530536,61.340348444444444,103.11295942945517,1.3846034491965054,11,64,,False,True,,292,59.56268577710819
35,2026-09-21T07:58:14.231+00:00,2026-09-21T07:59:03.655+00:00,2026-09-21T07:59:10.330+00:00,True,94,94.0,,94.0,49424.072081,56098.110608999996,56098.110854,596.7884133404256,0.0,49424.072081,5092.163134153041,95.351091,71.76385513978495,138.41131790620645,1.6756357563479025,11,64,,False,True,,103,59.56268577710819
36,2026-09-21T07:58:14.570+00:00,2026-09-21T07:59:05.574+00:00,2026-09-21T07:59:10.869+00:00,True,86,86.0,,86.0,51003.420556000005,56299.251596,56299.25163500001,654.6424608720931,0.0,51003.420556000005,5494.2651514474055,94.49316675,62.303894588235295,112.74356981890597,1.5275513894417416,11,64,,False,True,,1020,59.56268577710819
37,2026-09-21T07:58:14.910+00:00,2026-09-21T07:59:07.207+00:00,2026-09-21T07:59:10.338+00:00,True,50,50.0,,50.0,52296.80222,55427.930796,55427.930674999996,1108.5586134999999,0.0,52296.80222,7388.334155011754,84.55846805000002,63.90058318367347,149.72920515127433,0.9020722816448398,11,64,,False,True,,248,59.56268577710819
38,2026-09-21T07:58:15.194+00:00,2026-09-21T07:59:08.746+00:00,2026-09-21T07:59:11.434+00:00,True,44,44.0,,44.0,53552.45586,56239.770292,56239.770149,1278.1765942954546,0.0,53552.45586,8065.478120134823,118.95505174999998,62.49568446511628,160.66734915238416,0.7823645041853756,11,64,,False,True,,2,59.56268577710819
39,2026-09-21T07:58:15.633+00:00,2026-09-21T07:59:11.242+00:00,2026-09-21T07:59:13.404+00:00,True,35,35.0,,35.0,55609.112174,57771.46763,57771.467733000005,1650.6133638000001,45.083453999999996,55609.112174,9388.910715720256,79.6035463,63.59868988235294,10.131629140691029,0.6058353965344814,11,64,,False,True,,88,59.56268577710819
40,2026-09-21T07:58:16.061+00:00,2026-09-21T07:59:13.762+00:00,2026-09-21T07:59:15.581+00:00,True,29,29.0,,29.0,57701.22076,59520.016791999995,59520.01657,2052.4143644827586,47.522595,57701.22076,10702.789007115645,79.597755,64.95700114285714,8.83419092551613,0.4872310453362952,11,64,,False,True,,116,59.56268577710819
41,2026-09-21T07:58:16.422+00:00,2026-09-21T07:59:15.519+00:00,2026-09-21T07:59:21.317+00:00,True,86,86.0,,86.0,59097.381017,64895.362200999996,64895.362427,754.5972375232558,0.0,59097.381017,6367.708979971653,124.42449074999999,68.21154334117647,176.94258247873572,1.325210262847948,11,64,,False,True,,430,59.56268577710819
42,2026-09-21T07:58:16.783+00:00,2026-09-21T07:59:17.398+00:00,2026-09-21T07:59:19.695+00:00,True,36,36.0,,36.0,60615.146394,62912.205722000006,62912.205626,1747.561267388889,0.016800000000000002,60615.146394,10093.318136553402,406.52961775000006,65.63026651428571,189.71264466257378,0.5722260026786984,11,64,,False,True,,104,59.56268577710819
43,2026-09-21T07:58:17.161+00:00,2026-09-21T07:59:19.462+00:00,2026-09-21T07:59:21.322+00:00,True,20,20.0,,20.0,62300.361237000005,64161.110549000005,64161.11041,3208.0555205,0.0,62300.361237000005,13911.290268275405,4219.69071775,97.93417431578948,265.7385013925332,0.31171530275689274,11,64,,False,True,,40,59.56268577710819
44,2026-09-21T07:58:17.457+00:00,2026-09-21T07:59:21.308+00:00,2026-09-21T07:59:26.902+00:00,True,95,95.0,,95.0,63850.518938,69445.143706,69445.14384,731.0015141052631,0.0,63850.518938,6544.8471017486045,78.94946099999999,59.51728476595744,19.393143075844016,1.367986225245468,11,64,,False,True,,326,59.56268577710819
45,2026-09-21T07:58:17.770+00:00,2026-09-21T07:59:22.453+00:00,2026-09-21T07:59:24.497+00:00,True,33,33.0,,33.0,64682.755296999996,66726.535137,66726.53498699999,2022.0162117272725,43.067854,64682.755296999996,11248.710140604417,82.90153900000001,63.86812,11.535070241862819,0.4945558754436424,11,64,,False,True,,146,59.56268577710819
46,2026-09-21T07:58:18.210+00:00,2026-09-21T07:59:25.155+00:00,2026-09-21T07:59:30.767+00:00,True,88,88.0,,88.0,66945.01869900001,72556.72762700001,72556.727612,824.5082683181819,46.412853999999996,66945.01869900001,7129.4939574658365,80.86967399999999,64.50240147126436,10.023411040721559,1.21284411353818,11,64,,False,True,,179,59.56268577710819
47,2026-09-21T07:58:18.635+00:00,2026-09-21T07:59:27.413+00:00,2026-09-21T07:59:28.251+00:00,True,14,14.0,,14.0,68778.502993,69616.597073,69616.597167,4972.614083357143,50.257284,68778.502993,18364.599700078095,24124.329795600002,64.46877538461538,7.929400310492397,0.20110146988827382,11,64,,False,True,,31,59.56268577710819
48,2026-09-21T07:58:18.961+00:00,2026-09-21T07:59:29.031+00:00,2026-09-21T07:59:34.802+00:00,True,92,92.0,,92.0,70070.411361,75841.281377,75841.281269,824.3617529239131,0.0,70070.411361,7301.088326892859,75.54318945,63.41615402197802,186.43422126928135,1.213059673170295,11,64,,False,True,,638,59.56268577710819
49,2026-09-21T07:58:19.305+00:00,2026-09-21T07:59:30.762+00:00,2026-09-21T07:59:34.816+00:00,True,60,60.0,,60.0,71456.585228,75510.897676,75510.897654,1258.5149609,0.0,71456.585228,9219.124599685627,133.0709716,68.71716013559322,236.81310056335545,0.7945872959615218,11,64,,False,True,,357,59.56268577710819
50,2026-09-21T07:58:19.621+00:00,2026-09-21T07:59:32.827+00:00,2026-09-21T07:59:37.374+00:00,True,77,77.0,,77.0,73205.24138699999,77752.43473099999,77752.43463699998,1009.7718784025973,0.0,73205.24138699999,8337.606933951187,177.51633719999998,59.831491368421055,179.8215076164671,0.9903226859248436,11,64,,False,True,,385,59.56268577710819
51,2026-09-21T07:58:20.034+00:00,2026-09-21T07:59:34.753+00:00,2026-09-21T07:59:37.370+00:00,True,44,44.0,,44.0,74718.767324,77336.279772,77336.279824,1757.6427232727274,0.02129,74718.767324,11255.556444900021,162.60001749999998,60.872382511627904,102.43613252732473,0.5689438401965959,11,64,,False,True,,144,59.56268577710819
52,2026-09-21T07:58:20.438+00:00,2026-09-21T07:59:37.052+00:00,2026-09-21T07:59:42.174+00:00,True,82,82.0,,82.0,76613.55380400001,81735.94356400002,81735.94337400001,996.7797972439025,8.906011000000001,76613.55380400001,8453.58453840358,79.62341500000001,63.23937975308642,16.803738733871107,1.0032306036302527,11,64,,False,True,,330,59.56268577710819
53,2026-09-21T07:58:20.787+00:00,2026-09-21T07:59:38.908+00:00,2026-09-21T07:59:44.172+00:00,True,83,83.0,,83.0,78121.188191,83385.24886299999,83385.24898399999,1004.6415540240963,42.815864000000005,78121.188191,8567.8756589253,79.477616,64.19586185365853,11.526680888963885,0.9953798919083046,11,64,,False,True,,411,59.56268577710819
54,2026-09-21T07:58:21.234+00:00,2026-09-21T07:59:41.022+00:00,2026-09-21T07:59:43.041+00:00,True,31,31.0,,31.0,79788.07757,81807.46957,81807.469728,2638.9506363870964,44.803654,79788.07757,14318.279372267336,106.07713949999999,67.31306666666667,14.792752967835934,0.37893850235123466,11,64,,False,True,,271,59.56268577710819
55,2026-09-21T07:58:21.666+00:00,2026-09-21T07:59:43.036+00:00,2026-09-21T07:59:46.958+00:00,True,47,47.0,,47.0,81370.160052,85292.686516,85292.68651700001,1814.7380110000001,0.0,81370.160052,11859.169131207822,80.744138,85.27231443478261,248.61862744172578,0.5510437285989731,11,64,,False,True,,188,59.56268577710819
56,2026-09-21T07:58:22.013+00:00,2026-09-21T07:59:44.831+00:00,2026-09-21T07:59:50.717+00:00,True,94,94.0,,94.0,82818.403294,88704.370654,88704.370712,943.663518212766,0.0,82818.403294,8537.410543353635,77.07940484999999,63.28997161290322,179.76005798718816,1.0596997566969515,11,64,,False,True,,376,59.56268577710819
57,2026-09-21T07:58:22.472+00:00,2026-09-21T07:59:47.349+00:00,2026-09-21T07:59:50.974+00:00,True,58,58.0,,58.0,84876.34623899999,88501.83923099999,88501.83924799999,1525.893780137931,43.365843999999996,84876.34623899999,11136.463002762552,77.2307735,63.605140210526315,10.109434053199118,0.6553536119019325,11,64,,False,True,,232,59.56268577710819
58,2026-09-21T07:58:23.328+00:00,2026-09-21T07:59:50.484+00:00,2026-09-21T07:59:55.774+00:00,True,84,84.0,,84.0,87156.779855,92445.867087,92445.867291,1100.5460391785714,0.01622,87156.779855,9504.399790218016,146.78426385,63.72394255421687,184.4468496745557,0.9086398629475596,11,64,,False,True,,167,59.56268577710819
59,2026-09-21T07:58:23.342+00:00,2026-09-21T07:59:51.310+00:00,2026-09-21T07:59:56.735+00:00,True,86,86.0,,86.0,87968.880276,93393.76449999999,93393.764603,1085.974007011628,0.01582,87968.880276,9480.340407854877,237.10077825,63.822167341176474,157.57413358716204,0.9208323538559152,11,64,,False,True,,258,59.56268577710819
60,2026-09-21T07:58:23.589+00:00,2026-09-21T07:59:54.289+00:00,2026-09-21T07:59:59.006+00:00,True,99,99.0,,99.0,90699.80059299999,95416.58728099999,95416.58730799999,963.8039122020201,0.01573,90699.80059299999,9110.92816902462,83.48044320000001,48.13047640816326,41.27071365182227,1.0375554483880975,11,64,,False,True,,198,59.56268577710819
61,2026-09-21T07:58:23.892+00:00,2026-09-21T07:59:54.476+00:00,2026-09-21T07:59:59.280+00:00,True,81,81.0,,81.0,90584.274598,95388.493478,95388.49333,1177.6357201234568,0.02422,90584.274598,10058.318394358419,118.42324,60.052736,38.170144932759875,0.8491590237629814,11,64,,False,True,,372,59.56268577710819
62,2026-09-21T07:58:24.349+00:00,2026-09-21T07:59:57.023+00:00,2026-09-21T08:00:00.019+00:00,True,50,50.0,,50.0,92673.95086499999,95669.97646499999,95669.976468,1913.3995293599999,40.160074,92673.95086499999,13097.43251355238,80.53915455,61.143379591836734,9.91193266893207,0.5226300020915344,11,64,,False,True,,100,59.56268577710819
63,2026-09-21T07:58:24.800+00:00,2026-09-21T07:59:59.345+00:00,2026-09-21T08:00:03.353+00:00,True,64,64.0,,64.0,94545.097602,98552.976002,98552.97603399999,1539.8902505312499,0.0,94545.097602,11812.53106637133,78.6829185,63.61711746031746,237.30336575357427,0.6493969294108501,11,64,,False,True,,512,59.56268577710819
64,2026-09-21T07:58:25.100+00:00,2026-09-21T08:00:00.989+00:00,2026-09-21T08:00:03.224+00:00,True,36,36.0,,36.0,95888.996545,98124.145857,98124.145882,2725.6707189444446,0.0,95888.996545,15974.01604462195,535.6069825,63.86140891428571,322.36780473628744,0.3668821744697187,11,64,,False,True,,84,59.56268577710819
65,2026-09-21T07:58:25.463+00:00,2026-09-21T08:00:02.877+00:00,2026-09-21T08:00:05.425+00:00,True,44,44.0,,44.0,97414.34045399999,99961.72886999999,99961.728878,2271.8574744999996,0.0,97414.34045399999,14676.845198596635,82.05115385,59.241591069767445,18.846353794864363,0.4401684574425669,11,64,,False,True,,66,59.56268577710819
66,2026-09-21T07:58:25.744+00:00,2026-09-21T08:00:04.067+00:00,2026-09-21T08:00:06.241+00:00,True,34,34.0,,34.0,98323.047279,100497.02820700001,100497.02823200001,2955.794948,47.695754,98323.047279,16850.967616735248,77.58269784999999,65.87820993939394,8.626999859762844,0.33831846181528946,11,64,,False,True,,170,59.56268577710819
67,2026-09-21T07:58:26.194+00:00,2026-09-21T08:00:05.988+00:00,2026-09-21T08:00:07.718+00:00,True,30,30.0,,30.0,99793.887131,101524.69545099999,101524.695423,3384.1565140999996,46.517824,99793.887131,18208.89308864713,76.09036404999999,59.68304551724138,8.636759691618506,0.2954946071665809,11,64,,False,True,,35,59.56268577710819
68,2026-09-21T07:58:26.652+00:00,2026-09-21T08:00:08.647+00:00,2026-09-21T08:00:11.489+00:00,True,46,46.0,,46.0,101995.200078,104836.645966,104836.64589799999,2279.057519521739,42.604164,101995.200078,15029.064693537615,76.449327,63.14324195555556,9.341278822476138,0.43877786795009116,11,64,,True,True,,184,59.56268577710819
69,2026-09-21T07:58:26.913+00:00,2026-09-21T08:00:10.057+00:00,2026-09-21T08:00:14.245+00:00,True,66,66.0,,66.0,103144.258515,107332.36885099999,107332.368754,1626.2480114242423,45.521684,103144.258515,12688.252028229263,75.97022975,64.43246670769231,8.106665843367947,0.614912357814649,11,64,,True,True,,193,59.56268577710819
70,2026-09-21T07:58:27.326+00:00,2026-09-21T08:00:11.971+00:00,2026-09-21T08:00:17.889+00:00,True,95,95.0,,95.0,104644.7767,110563.017724,110563.01766900001,1163.8212386210525,43.966512,104644.7767,10729.871896506089,76.43136499999999,62.96001089361702,9.199753426383985,0.8592384863910808,11,64,,True,True,,478,59.56268577710819
71,2026-09-21T07:58:27.737+00:00,2026-09-21T08:00:14.358+00:00,2026-09-21T08:00:17.381+00:00,True,49,49.0,,49.0,106620.975317,109644.260309,109644.260337,2237.6379660612247,43.488324,106620.975317,15222.573295227301,76.81810660000001,62.985104,10.075468986083166,0.44689981821125846,11,64,,True,True,,98,59.56268577710819
72,2026-09-21T07:58:28.075+00:00,2026-09-21T08:00:16.276+00:00,2026-09-21T08:00:18.531+00:00,True,36,36.0,,36.0,108201.145182,110456.16086199999,110456.160928,3068.2266924444443,42.594493,108201.145182,18022.788458974635,76.11978575,64.42901942857142,9.499900361018884,0.32592115930026866,11,64,,True,True,,85,59.56268577710819
73,2026-09-21T07:58:28.333+00:00,2026-09-21T08:00:17.448+00:00,2026-09-21T08:00:19.746+00:00,True,37,37.0,,37.0,109115.03652,111413.34896799999,111413.34911099999,3011.1715975945945,43.606633,109115.03652,17927.908886117002,78.99588560000001,63.84201244444445,10.422224206076805,0.3320966503809799,11,64,,True,True,,253,59.56268577710819
74,2026-09-21T07:58:28.586+00:00,2026-09-21T08:00:18.733+00:00,2026-09-21T08:00:21.454+00:00,True,44,44.0,,44.0,110146.88311,112867.914534,112867.914443,2565.1798737045456,49.213553999999995,110146.88311,16595.730261445628,80.1177575,63.279800558139534,9.464841108450502,0.3898362097117119,11,64,,True,True,,129,59.56268577710819
75,2026-09-21T07:58:29.051+00:00,2026-09-21T08:00:21.095+00:00,2026-09-21T08:00:22.690+00:00,True,27,27.0,,27.0,112043.447486,113638.96083000001,113638.96084500001,4208.850401666667,50.122612999999994,112043.447486,21550.962784845084,74.57825199999999,61.36589784615385,7.133432386320109,0.23759456970388063,11,64,,True,True,,80,59.56268577710819
76,2026-09-21T07:58:29.470+00:00,2026-09-21T08:00:23.066+00:00,2026-09-21T08:00:26.520+00:00,True,56,56.0,,56.0,113596.8627,117050.595052,117050.595026,2090.189196892857,45.879733,113596.8627,15171.630932710077,77.8719585,62.795133672727275,9.603287845839795,0.4784255900204682,11,64,,True,True,,338,59.56268577710819
77,2026-09-21T07:58:29.761+00:00,2026-09-21T08:00:24.626+00:00,2026-09-21T08:00:29.661+00:00,True,81,81.0,,81.0,114865.06585500001,119900.53337500001,119900.53326200001,1480.2534970617285,43.736582999999996,114865.06585500001,12755.795069095284,77.681236,62.943344,9.74888137361938,0.6755599639132964,11,64,,True,True,,405,59.56268577710819
78,2026-09-21T07:58:30.151+00:00,2026-09-21T08:00:26.841+00:00,2026-09-21T08:00:32.285+00:00,True,87,87.0,,87.0,116690.23800900001,122134.08645700001,122134.086374,1403.840073264368,43.639014,116690.23800900001,12503.723900507764,77.569874,63.30056334883721,9.736652187135174,0.7123318520143863,11,64,,True,True,,262,59.56268577710819
79,2026-09-21T07:58:30.455+00:00,2026-09-21T08:00:28.194+00:00,2026-09-21T08:00:29.795+00:00,True,27,27.0,,27.0,117738.90319900001,119340.21571100001,119340.215628,4420.007986222223,44.904114,117738.90319900001,22647.011909163073,78.086689,61.58894276923077,10.227942594505953,0.22624393494800188,11,64,,True,True,,108,59.56268577710819
80,2026-09-21T07:58:30.715+00:00,2026-09-21T08:00:29.662+00:00,2026-09-21T08:00:32.461+00:00,True,45,45.0,,45.0,118947.231103,121746.604159,121746.60421,2705.4800935555554,44.064994,118947.231103,17722.124383242124,78.52938680000001,63.622114909090904,9.152302280709915,0.3696201656781358,11,64,,True,True,,98,59.56268577710819
81,2026-09-21T07:58:31.144+00:00,2026-09-21T08:00:31.887+00:00,2026-09-21T08:00:32.137+00:00,True,5,5.0,,5.0,120742.272452,120993.055428,120993.05546100001,24198.6110922,53.485913999999994,120742.272452,53969.547724521886,96607.77485080002,62.695744,6.841466543032618,0.04132468580376811,11,64,,True,True,,41,59.56268577710819
82,2026-09-21T07:58:31.600+00:00,2026-09-21T08:00:34.104+00:00,2026-09-21T08:00:38.861+00:00,True,78,78.0,,78.0,122504.540089,127261.000889,127261.00084200001,1631.551292846154,43.767063,122504.540089,13863.916595795394,77.02025035000001,61.77221818181818,9.466577215790334,0.6129136141875342,11,64,,True,True,,82,59.56268577710819
83,2026-09-21T07:58:32.047+00:00,2026-09-21T08:00:36.252+00:00,2026-09-21T08:00:37.167+00:00,True,16,16.0,,16.0,124205.197922,125120.358498,125120.35859,7820.022411875,48.838344,124205.197922,31036.04803237724,31107.027281750004,61.01070506666667,9.043304559240779,0.1278768714545823,11,64,,True,True,,16,59.56268577710819
84,2026-09-21T07:58:32.339+00:00,2026-09-21T08:00:38.066+00:00,2026-09-21T08:00:39.191+00:00,True,18,18.0,,18.0,125727.53849699999,126852.21689699999,126852.21674999999,7047.345374999999,46.228583,125727.53849699999,29618.67285069372,18926.192575999998,66.15755294117648,9.100000757690466,0.14189740187682676,11,64,,True,True,,60,59.56268577710819
85,2026-09-21T07:58:32.796+00:00,2026-09-21T08:00:40.302+00:00,2026-09-21T08:00:42.933+00:00,True,41,41.0,,41.0,127505.363285,130136.637781,130136.637711,3174.0643344146342,39.832883,127505.363285,19902.721387022397,80.448706,65.7818624,10.188180017944868,0.3150534753248867,11,64,,True,True,,357,59.56268577710819
86,2026-09-21T07:58:33.399+00:00,2026-09-21T08:00:40.896+00:00,2026-09-21T08:00:42.336+00:00,True,23,23.0,,23.0,127497.620517,128937.250597,128937.250724,5605.967422782609,46.589303,127497.620517,26571.448473164248,76.8762849,65.4377309090909,9.285567578425201,0.17838134358772456,11,64,,True,True,,153,59.56268577710819
87,2026-09-21T07:58:33.551+00:00,2026-09-21T08:00:44.018+00:00,2026-09-21T08:00:49.467+00:00,True,86,86.0,,86.0,130466.719963,135916.012507,135916.012468,1580.418749627907,45.091663,130466.719963,14061.678112214006,78.09908325,64.10932404705882,9.199692136809642,0.6327436952696857,11,64,,True,True,,264,59.56268577710819
88,2026-09-21T07:58:33.836+00:00,2026-09-21T08:00:46.088+00:00,2026-09-21T08:00:52.197+00:00,True,97,97.0,,97.0,132252.069927,138360.654375,138360.654311,1426.3984980515465,44.533252999999995,132252.069927,13421.705687038417,77.90090319999999,63.631088,9.377692680988067,0.7010663576156564,11,64,,True,True,,386,59.56268577710819
89,2026-09-21T07:58:34.112+00:00,2026-09-21T08:00:47.581+00:00,2026-09-21T08:00:49.407+00:00,True,30,30.0,,30.0,133469.103799,135294.870455,135294.870315,4509.829010500001,47.988273,133469.103799,24356.5201190257,79.2728675,62.95747089655172,8.891220208712406,0.2217378966335476,11,64,,True,True,,90,59.56268577710819
90,2026-09-21T07:58:34.470+00:00,2026-09-21T08:00:49.583+00:00,2026-09-21T08:00:52.986+00:00,True,55,55.0,,55.0,135113.24875099998,138515.55889499997,138515.55883399997,2518.464706072727,45.038483,135113.24875099998,18210.173519634016,77.2107063,63.00574340740741,9.568299405571498,0.3970673073751381,11,64,,True,True,,112,59.56268577710819
91,2026-09-21T07:58:34.832+00:00,2026-09-21T08:00:51.434+00:00,2026-09-21T08:00:51.582+00:00,True,3,3.0,,3.0,136602.168802,136750.811618,136750.811822,45583.60394066667,72.179114,136602.168802,78824.38941503079,122949.5983124,74.321408,3.0299016456961105,0.02193771257738642,11,64,,True,True,,12,59.56268577710819
92,2026-09-21T07:58:35.096+00:00,2026-09-21T08:00:52.467+00:00,2026-09-21T08:00:55.489+00:00,True,49,49.0,,49.0,137370.96736,140393.029184,140393.02929500001,2865.1638631632654,45.401063,137370.96736,19615.431759475483,79.0043926,62.95962133333334,9.135125849865073,0.34902017774529454,11,64,,True,True,,568,59.56268577710819
93,2026-09-21T07:58:35.460+00:00,2026-09-21T08:00:54.575+00:00,2026-09-21T08:00:55.143+00:00,True,10,10.0,,10.0,139115.613769,139683.566665,139683.566661,13968.356666099999,45.674943,139115.613769,43972.26482452164,76546.7933362,63.10587733333334,9.408751102751948,0.07159038273974475,11,64,,True,True,,90,59.56268577710819
94,2026-09-21T07:58:35.789+00:00,2026-09-21T08:00:56.467+00:00,2026-09-21T08:01:00.694+00:00,True,67,67.0,,67.0,140677.444436,144904.841044,144904.84084,2162.7588185074624,43.687143,140677.444436,17178.663354864882,77.9951444,64.05146375757576,10.674175382156633,0.46237240603752927,11,64,,True,True,,184,59.56268577710819
95,2026-09-21T07:58:36.069+00:00,2026-09-21T08:00:57.925+00:00,2026-09-21T08:00:59.793+00:00,True,30,30.0,,30.0,141856.11599599998,143723.28783599997,143723.28807399998,4790.776269133333,46.523224,141856.11599599998,25887.51172532002,78.69267199999999,64.38523586206897,10.160421285039064,0.20873443999021546,11,64,,True,True,,176,59.56268577710819
96,2026-09-21T07:58:36.333+00:00,2026-09-21T08:00:59.198+00:00,2026-09-21T08:01:02.935+00:00,True,59,59.0,,59.0,142865.105782,146602.02559,146602.02561,2484.780095084746,44.444503,142865.105782,18591.067038902616,76.659767,64.42965186206897,9.77645523865572,0.40245010096248285,11,64,,True,True,,177,59.56268577710819
97,2026-09-21T07:58:36.638+00:00,2026-09-21T08:01:00.696+00:00,2026-09-21T08:01:06.880+00:00,True,99,99.0,,99.0,144058.048912,150242.519184,150242.519162,1517.6012036565655,41.702443,144058.048912,14472.039735984046,77.744322,63.10683951020408,10.17019040437418,0.6589346380617861,11,64,,True,True,,825,59.56268577710819
98,2026-09-21T07:58:37.096+00:00,2026-09-21T08:01:03.061+00:00,2026-09-21T08:01:06.323+00:00,True,53,53.0,,53.0,145964.44786000001,149226.60594,149226.60591200003,2815.5963379622644,43.283913,145964.44786000001,20041.144302137745,78.130436,62.73380923076923,10.266338261557742,0.35516454767663796,11,64,,True,True,,265,59.56268577710819
99,2026-09-21T07:58:37.461+00:00,2026-09-21T08:01:04.828+00:00,2026-09-21T08:01:09.520+00:00,True,76,76.0,,76.0,147366.37936300001,152058.55958700003,152058.55963200002,2000.7705214736843,39.008143,147366.37936300001,16896.90971762422,77.461021,62.56240298666666,10.275559542939044,0.4998074439638286,11,64,,True,True,,304,59.56268577710819
100,2026-09-21T07:58:37.908+00:00,2026-09-21T08:01:07.481+00:00,2026-09-21T08:01:11.590+00:00,True,66,66.0,,66.0,149573.550084,153682.802692,153682.802649,2328.5273128636363,44.755124,149573.550084,18403.452059301166,77.40121350000001,63.21927089230769,9.710819731117232,0.42945598885434466,11,64,,True,True,,858,59.56268577710819
101,2026-09-21T07:58:38.226+00:00,2026-09-21T08:01:09.242+00:00,2026-09-21T08:01:14.504+00:00,True,83,83.0,,83.0,151015.99262200002,156277.73547,156277.73556300002,1882.8642838915664,46.522614000000004,151015.99262200002,16569.118575733217,80.2360631,64.16759570731708,10.373594553989028,0.5311057250118214,11,64,,True,True,,449,59.56268577710819
102,2026-09-21T07:58:38.557+00:00,2026-09-21T08:01:11.352+00:00,2026-09-21T08:01:15.272+00:00,True,62,62.0,,62.0,152795.076894,156715.00162999998,156715.001615,2527.6613163709676,45.095341999999995,152795.076894,19396.83556249879,78.83997294999999,64.26106124590164,10.038145152412161,0.39562262294697464,11,64,,True,True,,368,59.56268577710819
103,2026-09-21T07:58:38.821+00:00,2026-09-21T08:01:12.813+00:00,2026-09-21T08:01:18.355+00:00,True,88,88.0,,88.0,153992.169785,159534.131001,159534.130987,1812.887852125,43.317653,153992.169785,16408.8331935522,77.8580105,63.70070363218391,10.396490305517684,0.5516061011386234,11,64,,True,True,,528,59.56268577710819
104,2026-09-21T07:58:39.161+00:00,2026-09-21T08:01:14.642+00:00,2026-09-21T08:01:16.019+00:00,True,23,23.0,,23.0,155481.494046,156857.64995000002,156857.649818,6819.897818173913,42.034552000000005,155481.494046,32407.091104356543,80.288477,62.552541090909095,10.363736183353492,0.14662976276472,11,64,,True,True,,69,59.56268577710819
105,2026-09-21T07:58:39.485+00:00,2026-09-21T08:01:16.343+00:00,2026-09-21T08:01:17.043+00:00,True,12,12.0,,12.0,156857.338529,157557.415329,157557.41543,13129.784619166667,47.950024,156857.338529,45262.441804318914,70628.06964335,63.643345454545454,8.620249619923039,0.07616271170063603,11,64,,True,True,,126,59.56268577710819
106,2026-09-21T07:58:39.891+00:00,2026-09-21T08:01:18.420+00:00,2026-09-21T08:01:21.517+00:00,True,50,50.0,,50.0,158528.483631,161625.834287,161625.834482,3232.51668964,43.548512,158528.483631,22410.376326808186,78.0243209,63.21123787755102,10.883921840265579,0.30935648512238884,11,64,,True,True,,100,59.56268577710819
107,2026-09-21T07:58:40.251+00:00,2026-09-21T08:01:20.392+00:00,2026-09-21T08:01:22.421+00:00,True,33,33.0,,33.0,160140.886002,162169.75589,162169.755891,4914.235027000001,42.299392999999995,160140.886002,27865.91511003091,78.262296,63.402184,10.60714760632056,0.20349047095060038,11,64,,True,True,,165,59.56268577710819
108,2026-09-21T07:58:40.635+00:00,2026-09-21T08:01:22.339+00:00,2026-09-21T08:01:24.166+00:00,True,29,29.0,,29.0,161704.451196,163531.22495600002,163531.22510500002,5639.007762241379,46.065222999999996,161704.451196,30015.64908955186,77.3531826,65.24192,9.53816363469826,0.17733616321777562,11,64,,True,True,,204,59.56268577710819
109,2026-09-21T07:58:41.012+00:00,2026-09-21T08:01:24.221+00:00,2026-09-21T08:01:24.568+00:00,True,7,7.0,,7.0,163209.052009,163556.048233,163556.04812700002,23365.149732428574,48.452982000000006,163209.052009,61665.36485176346,114265.8969172,57.832704,5.701688716959284,0.042798784120950895,11,64,,True,True,,42,59.56268577710819
110,2026-09-21T07:58:41.317+00:00,2026-09-21T08:01:25.771+00:00,2026-09-21T08:01:28.450+00:00,True,44,44.0,,44.0,164454.58036000002,167132.92660000004,167132.92649500002,3798.4756021590915,46.207263,164454.58036000002,24783.072559027063,78.84514065,62.28712186046511,9.747787858005248,0.2632635046552221,11,64,,True,True,,196,59.56268577710819
111,2026-09-21T07:58:41.706+00:00,2026-09-21T08:01:27.748+00:00,2026-09-21T08:01:33.031+00:00,True,86,86.0,,86.0,166042.587187,171325.528115,171325.527993,1992.157302244186,43.521443,166042.587187,17898.13309317328,77.03965925,62.152246211764705,9.508171199449821,0.5019683928379526,11,64,,True,True,,425,59.56268577710819
112,2026-09-21T07:58:41.993+00:00,2026-09-21T08:01:29.021+00:00,2026-09-21T08:01:32.422+00:00,True,56,56.0,,56.0,167027.699226,170429.07676199998,170429.07682,3043.376371785714,42.812362,167027.699226,22311.752750354393,75.914469,61.84322792727273,8.880056442744728,0.3285824289138327,11,64,,True,True,,56,59.56268577710819
113,2026-09-21T07:58:42.452+00:00,2026-09-21T08:01:31.279+00:00,2026-09-21T08:01:34.903+00:00,True,59,59.0,,59.0,168827.76285,172451.704226,172451.704316,2922.9102426440677,40.955381,168827.76285,21971.3701119255,77.588005,62.481747862068964,9.347360934370673,0.3421247720618626,11,64,,True,True,,312,59.56268577710819
114,2026-09-21T07:58:42.708+00:00,2026-09-21T08:01:32.794+00:00,2026-09-21T08:01:38.006+00:00,True,82,82.0,,82.0,170086.400706,175298.25580999997,175298.25589799997,2137.783608512195,44.121001,170086.400706,18775.797803424128,78.43917549999999,64.34389017283951,9.948269513412834,0.46777419216810184,11,64,,True,True,,328,59.56268577710819
115,2026-09-21T07:58:43.503+00:00,2026-09-21T08:01:36.201+00:00,2026-09-21T08:01:37.269+00:00,True,18,18.0,,18.0,172697.55970699998,173765.141147,173765.14105599996,9653.618947555555,48.858673,172697.55970699998,40690.40451844295,25968.87634065,62.79890823529412,10.075632714874086,0.10358809529451336,11,64,,True,True,,18,59.56268577710819
116,2026-09-21T07:58:43.607+00:00,2026-09-21T08:01:36.457+00:00,2026-09-21T08:01:40.979+00:00,True,72,72.0,,72.0,172850.44272999998,177372.69322599997,177372.69316399997,2463.5096272777773,45.879542,172850.44272999998,20363.115885038096,77.34381745,63.693668957746475,9.586767845315016,0.4059249408152188,11,64,,True,True,,216,59.56268577710819
117,2026-09-21T07:58:43.901+00:00,2026-09-21T08:01:39.002+00:00,2026-09-21T08:01:39.341+00:00,True,6,6.0,,6.0,175101.42077700002,175439.69764100004,175439.69769600002,29239.949616000005,52.708403,175101.42077700002,71457.23598825505,131345.04239875003,67.6553728,9.384928459783334,0.034199785343210755,11,64,,True,True,,24,59.56268577710819
118,2026-09-21T07:58:44.353+00:00,2026-09-21T08:01:40.836+00:00,2026-09-21T08:01:41.160+00:00,True,6,6.0,,6.0,176482.49163,176806.698222,176806.698037,29467.78300616667,50.163042000000004,176482.49163,72022.20492208134,132381.55667375,64.84131839999999,11.694867367678729,0.033935365912813716,11,64,,True,True,,29,59.56268577710819
119,2026-09-21T07:58:44.817+00:00,2026-09-21T08:01:43.350+00:00,2026-09-21T08:01:44.941+00:00,True,26,26.0,,26.0,178532.549027,180123.159971,180123.159913,6927.813842807693,45.479161999999995,178532.549027,35000.63703161043,77.3207265,63.62443776,9.730335374267431,0.14434567994579947,11,64,,True,True,,78,59.56268577710819
120,2026-09-21T07:58:45.194+00:00,2026-09-21T08:01:45.070+00:00,2026-09-21T08:01:48.027+00:00,True,48,48.0,,48.0,179875.664401,182832.37300899997,182832.37303,3809.007771458333,49.626773,179875.664401,25953.73709230845,76.80220255,62.90869378723404,8.507073905309742,0.26253556309547643,11,64,,True,True,,51,59.56268577710819
121,2026-09-21T07:58:45.484+00:00,2026-09-21T08:01:46.648+00:00,2026-09-21T08:01:51.612+00:00,True,78,78.0,,78.0,181163.794426,186127.959034,186127.958854,2386.25588274359,43.135633,181163.794426,20505.46275749567,79.3810315,64.46967023376624,9.397050917292734,0.4190665411301896,11,64,,True,True,,78,59.56268577710819
122,2026-09-21T07:58:45.803+00:00,2026-09-21T08:01:48.357+00:00,2026-09-21T08:01:52.066+00:00,True,59,59.0,,59.0,182554.085555,186262.739891,186262.739856,3156.995590779661,42.235853000000006,182554.085555,23758.19479556014,78.288066,63.94231613793104,9.283475565807043,0.3167568566559608,11,64,,True,True,,407,59.56268577710819
123,2026-09-21T07:58:46.180+00:00,2026-09-21T08:01:50.653+00:00,2026-09-21T08:01:51.545+00:00,True,14,14.0,,14.0,184473.93172999998,185365.39208199998,185365.392019,13240.385144214284,54.279593,184473.93172999998,49284.40564830817,64617.643388599994,68.57387323076924,8.589360943675283,0.07552650385680855,11,64,,True,True,,28,59.56268577710819
125,2026-09-21T07:58:46.862+00:00,2026-09-21T08:01:53.410+00:00,2026-09-21T08:01:55.609+00:00,True,35,35.0,,35.0,186548.104159,188746.655967,188746.65597700002,5392.761599342857,49.631841,186548.104159,31521.455865861615,78.239362,64.66328847058824,8.711110849469527,0.18543374885602906,11,64,,True,True,,0,59.56268577710819
126,2026-09-21T07:58:47.290+00:00,2026-09-21T08:01:55.736+00:00,2026-09-21T08:01:56.153+00:00,True,8,8.0,,8.0,188446.00647,188862.994374,188862.994232,23607.874279,48.585762,188446.00647,66604.66408729058,122515.18138575001,59.56970057142858,9.80420306338526,0.04235874807829123,11,64,,True,True,,8,59.56268577710819
124,2026-09-21T07:58:46.468+00:00,2026-09-21T08:01:56.533+00:00,2026-09-21T08:01:57.419+00:00,True,15,15.0,,15.0,190064.847328,190950.98697600001,190950.98689600002,12730.065793066668,51.319623,190064.847328,49058.19047921654,57074.7822439,63.29568914285714,9.16154523365283,0.07855418941555561,11,64,,True,True,,30,59.56268577710819
127,2026-09-21T07:58:47.557+00:00,2026-09-21T08:01:57.114+00:00,2026-09-21T08:01:57.414+00:00,True,6,6.0,,6.0,189557.690067,189857.87669099998,189857.87660299998,31642.97943383333,49.080282,189557.690067,77362.09316321752,142186.3321535,60.0373248,8.540370133433985,0.031602586653621964,11,64,,True,True,,18,59.56268577710819
128,2026-09-21T07:58:47.995+00:00,2026-09-21T08:01:59.386+00:00,2026-09-21T08:02:02.722+00:00,True,55,55.0,,55.0,191391.526326,194727.42571799998,194727.425755,3540.498650090909,41.841612,191391.526326,25798.89989387412,76.38824499999998,61.775914666666665,9.204199828168026,0.2824460899495986,11,64,,True,True,,165,59.56268577710819
129,2026-09-21T07:58:48.265+00:00,2026-09-21T08:02:00.744+00:00,2026-09-21T08:02:05.346+00:00,True,75,75.0,,75.0,192479.432909,197080.931789,197080.931639,2627.7457551866664,44.269962,192479.432909,22218.43199127712,78.415852,62.1824172972973,8.795562262672043,0.3805543200916919,11,64,,True,True,,150,59.56268577710819
130,2026-09-21T07:58:48.549+00:00,2026-09-21T08:02:02.799+00:00,2026-09-21T08:02:06.207+00:00,True,55,55.0,,55.0,194249.76542100002,197657.91057300003,197657.91062500002,3593.7801931818185,49.303563000000004,194249.76542100002,26184.124087547825,78.598635,63.11379911111111,8.40671825436002,0.27825853182682064,11,64,,True,True,,378,59.56268577710819
131,2026-09-21T07:58:48.799+00:00,2026-09-21T08:02:04.060+00:00,2026-09-21T08:02:07.909+00:00,True,62,62.0,,62.0,195260.284703,199109.19299100002,199109.19320100002,3211.4386000161294,45.064161999999996,195260.284703,24790.069135549173,77.896692,63.09685718032787,8.664856288553061,0.3113869282911637,11,64,,True,True,,329,59.56268577710819
132,2026-09-21T07:58:49.131+00:00,2026-09-21T08:02:05.602+00:00,2026-09-21T08:02:10.740+00:00,True,83,83.0,,83.0,196470.31353299998,201608.210749,201608.21070999998,2429.0145868674695,43.065572,196470.31353299998,21558.54260449036,76.3200461,62.657283121951224,8.251472947789715,0.4116895819453211,11,64,,True,True,,415,59.56268577710819
133,2026-09-21T07:58:49.498+00:00,2026-09-21T08:02:07.763+00:00,2026-09-21T08:02:08.609+00:00,True,14,14.0,,14.0,198264.98888100003,199111.18664100004,199111.18675700002,14222.227625500002,51.664413,198264.98888100003,52971.151132753905,69444.41447445001,65.09213538461539,8.186914411999325,0.07031247332799123,11,64,,True,True,,60,59.56268577710819
134,2026-09-21T07:58:49.806+00:00,2026-09-21T08:02:09.253+00:00,2026-09-21T08:02:09.863+00:00,True,11,11.0,,11.0,199447.25902,200057.354124,200057.354033,18187.03218481818,45.163683,199447.25902,60117.21676290432,99761.52778749999,61.009510399999996,8.803974027977885,0.05498423213765966,11,64,,True,True,,55,59.56268577710819
135,2026-09-21T07:58:50.228+00:00,2026-09-21T08:02:11.937+00:00,2026-09-21T08:02:17.651+00:00,True,91,91.0,,91.0,201709.822321,207423.474033,207423.47416100002,2279.378836934066,45.860423000000004,201709.822321,21138.281854820554,79.006164,63.48501902222222,9.424360887733474,0.43871601526412757,11,64,,True,True,,188,59.56268577710819
136,2026-09-21T07:58:50.628+00:00,2026-09-21T08:02:14.042+00:00,2026-09-21T08:02:17.102+00:00,True,49,49.0,,49.0,203414.19923300002,206474.468545,206474.46855900003,4213.764664469388,41.257202,203414.19923300002,29050.065206003903,78.7425224,63.75561066666666,10.424496440523544,0.2373174772905189,11,64,,True,True,,245,59.56268577710819
137,2026-09-21T07:58:50.939+00:00,2026-09-21T08:02:15.941+00:00,2026-09-21T08:02:17.733+00:00,True,29,29.0,,29.0,205001.672824,206793.52076,206793.520621,7130.811055896552,51.725165000000004,205001.672824,38055.97244131325,79.188776,63.994569142857145,8.757404167919699,0.14023650205973698,11,64,,True,True,,162,59.56268577710819
138,2026-09-21T07:58:51.273+00:00,2026-09-21T08:02:17.658+00:00,2026-09-21T08:02:23.251+00:00,True,90,90.0,,90.0,206385.072592,211978.251472,211978.251434,2355.3139048222224,42.998292,206385.072592,21748.274337476047,78.409934,62.84470651685393,9.228911406308063,0.42457185760817545,11,64,,True,True,,180,59.56268577710819
139,2026-09-21T07:58:51.577+00:00,2026-09-21T08:02:19.303+00:00,2026-09-21T08:02:21.746+00:00,True,39,39.0,,39.0,207726.64868900002,210169.038961,210169.038942,5388.949716461539,41.930521999999996,207726.64868900002,33252.59405237271,78.261056,64.27342821052632,9.375810517730168,0.1855649157116669,11,64,,True,True,,78,59.56268577710819
140,2026-09-21T07:58:51.966+00:00,2026-09-21T08:02:21.290+00:00,2026-09-21T08:02:25.400+00:00,True,68,68.0,,68.0,209324.672756,213433.906164,213433.90628800003,3138.733916,42.635352,209324.672756,25376.90942041813,77.95980535000001,61.331841910447764,9.704172723751999,0.3185998008570842,11,64,,True,True,,141,59.56268577710819
141,2026-09-21T07:58:52.369+00:00,2026-09-21T08:02:23.433+00:00,2026-09-21T08:02:27.378+00:00,True,65,65.0,,65.0,211063.81366100002,215008.85122900002,215008.851312,3307.8284817230774,43.181492,211063.81366100002,26171.600384224203,76.712274,61.641212,10.122384223085557,0.3023131356149161,11,64,,True,True,,70,59.56268577710819
142,2026-09-21T07:58:52.623+00:00,2026-09-21T08:02:24.735+00:00,2026-09-21T08:02:29.303+00:00,True,75,75.0,,75.0,212111.725185,216679.537537,216679.537323,2889.06049764,41.251392,212111.725185,24485.42664883296,77.0405193,61.72719394594595,9.874378280170315,0.34613328444635927,11,64,,True,True,,490,59.56268577710819
144,2026-09-21T07:58:53.686+00:00,2026-09-21T08:02:27.690+00:00,2026-09-21T08:02:30.678+00:00,True,49,49.0,,49.0,214003.79674599998,216991.954186,216991.95420199996,4428.407228612245,47.201232000000005,214003.79674599998,30563.078949076295,76.4820006,62.25328,9.047031224164607,0.22581482425840751,11,64,,True,True,,441,59.56268577710819
143,2026-09-21T07:58:53.676+00:00,2026-09-21T08:02:28.564+00:00,2026-09-21T08:02:33.044+00:00,True,72,72.0,,72.0,214887.910728,219368.36179999998,219368.36168499998,3046.7828011805555,39.669470999999994,214887.910728,25317.347894172384,75.90154495,63.10494467605634,9.447485233120224,0.32821505986192767,11,64,,True,True,,294,59.56268577710819
145,2026-09-21T07:58:53.892+00:00,2026-09-21T08:02:31.447+00:00,2026-09-21T08:02:33.677+00:00,True,36,36.0,,36.0,217555.308896,219785.263968,219785.263954,6105.146220944444,47.123661999999996,217555.308896,36248.60038017565,77.36865474999999,63.71300205714285,8.91288350526188,0.1637962407035691,11,64,,True,True,,108,59.56268577710819
146,2026-09-21T07:58:54.219+00:00,2026-09-21T08:02:33.048+00:00,2026-09-21T08:02:37.047+00:00,True,63,63.0,,63.0,218829.259388,222827.454844,222827.45469800002,3536.9437253650794,45.971052,218829.259388,27561.772468956042,78.221963,64.48702348387097,10.140644947959046,0.28272997169090264,11,64,,True,True,,252,59.56268577710819
147,2026-09-21T07:58:54.537+00:00,2026-09-21T08:02:34.589+00:00,2026-09-21T08:02:36.487+00:00,True,30,30.0,,30.0,220051.867669,221949.435157,221949.435135,7398.3145045,41.636441,220051.867669,40163.84634817253,95.68204549999999,65.43336165517242,13.558479815493413,0.13516592181808865,11,64,,True,True,,59,59.56268577710819
148,2026-09-21T07:58:54.882+00:00,2026-09-21T08:02:36.666+00:00,2026-09-21T08:02:36.920+00:00,True,5,5.0,,5.0,221784.016095,222037.931231,222037.931164,44407.5862328,58.911082,221784.016095,99156.43891621834,177442.1820764,63.478784,7.65627174760353,0.022518674950174105,11,64,,True,True,,10,59.56268577710819
149,2026-09-21T07:58:55.262+00:00,2026-09-21T08:02:38.473+00:00,2026-09-21T08:02:39.062+00:00,True,10,10.0,,10.0,223211.29265000002,223800.03095400002,223800.031052,22380.0031052,53.527942,223211.29265000002,70564.92270093759,122800.1963669,65.41536711111111,8.313820133217648,0.044682746277436416,11,64,,True,True,,10,59.56268577710819
150,2026-09-21T07:58:55.653+00:00,2026-09-21T08:02:40.229+00:00,2026-09-21T08:02:45.463+00:00,True,83,83.0,,83.0,224576.20350099998,229810.43351699997,229810.43366399998,2768.800405590361,41.334430999999995,224576.20350099998,24643.436322033314,78.2832558,63.83207336585366,10.024292415977445,0.36116724001506295,11,64,,True,True,,262,59.56268577710819
151,2026-09-21T07:58:56.076+00:00,2026-09-21T08:02:42.372+00:00,2026-09-21T08:02:48.150+00:00,True,92,92.0,,92.0,226296.17068200003,232073.93324200003,232073.933194,2522.542752108696,42.626191,226296.17068200003,23586.38935479364,77.4017185,63.491896263736265,10.069830792380104,0.3964253921790736,11,64,,True,True,,193,59.56268577710819
152,2026-09-21T07:58:56.387+00:00,2026-09-21T08:02:44.165+00:00,2026-09-21T08:02:48.355+00:00,True,67,67.0,,67.0,227778.66365200002,231968.43875600002,231968.438739,3462.2155035671644,44.006391,227778.66365200002,27819.83877231041,76.5336193,63.48144096969697,9.175085147555421,0.288832396162631,11,64,,True,True,,335,59.56268577710819
153,2026-09-21T07:58:56.774+00:00,2026-09-21T08:02:46.283+00:00,2026-09-21T08:02:46.985+00:00,True,12,12.0,,12.0,229509.06790599998,230211.137922,230211.13809099997,19184.26150758333,40.191151,229509.06790599998,66235.1374151304,103320.67384184999,63.824546909090905,11.520052530097608,0.05212606178970295,11,64,,True,True,,46,59.56268577710819
154,2026-09-21T07:58:57.107+00:00,2026-09-21T08:02:47.779+00:00,2026-09-21T08:02:50.594+00:00,True,46,46.0,,46.0,230672.000565,233487.346741,233487.34681299998,5075.811887239131,42.956731,230672.000565,34001.50788519415,76.769468,62.56324835555556,9.652606239573334,0.1970128173627598,11,64,,True,True,,272,59.56268577710819
155,2026-09-21T07:58:57.559+00:00,2026-09-21T08:02:50.146+00:00,2026-09-21T08:02:53.102+00:00,True,48,48.0,,48.0,232587.555891,235543.68798699998,235543.687864,4907.160163833333,43.068701999999995,232587.555891,33562.04504445553,76.8375035,62.896427574468085,9.659475191222716,0.20378385177805824,11,64,,True,True,,192,59.56268577710819
156,2026-09-21T07:58:58.015+00:00,2026-09-21T08:02:52.884+00:00,2026-09-21T08:02:56.161+00:00,True,53,53.0,,53.0,234868.897069,238145.997357,238145.997223,4493.320702320755,47.164911999999994,234868.897069,32253.069034701253,79.03790839999999,63.02115938461539,9.935690412004131,0.2225525542658974,11,64,,True,True,,106,59.56268577710819
157,2026-09-21T07:58:58.399+00:00,2026-09-21T08:02:54.897+00:00,2026-09-21T08:02:57.932+00:00,True,49,49.0,,49.0,236498.522619,239533.330683,239533.330645,4888.435319285714,46.496610999999994,236498.522619,33776.47246519545,78.447239,63.225168,9.830131345854696,0.20456443310115754,11,64,,True,True,,188,59.56268577710819
158,2026-09-21T07:58:58.857+00:00,2026-09-21T08:02:57.388+00:00,2026-09-21T08:02:59.128+00:00,True,28,28.0,,28.0,238530.745219,240270.997379,240270.99746,8581.107052142857,50.747762,238530.745219,45065.89396220816,78.80217015,64.4537837037037,9.05682788112156,0.1165350804110294,11,64,,True,True,,35,59.56268577710819
159,2026-09-21T07:58:59.169+00:00,2026-09-21T08:02:58.892+00:00,2026-09-21T08:03:04.987+00:00,True,98,98.0,,98.0,239723.361129,245818.366057,245818.366102,2508.350674510204,44.897741,239723.361129,24209.370958081658,78.59938600000001,62.83510235051546,9.73890769911766,0.39866834025442954,11,64,,True,True,,392,59.56268577710819
160,2026-09-21T07:58:59.593+00:00,2026-09-21T08:03:01.026+00:00,2026-09-21T08:03:07.234+00:00,True,98,98.0,,98.0,241433.54587,247641.224078,247641.223917,2526.9512644591837,43.823201999999995,241433.54587,24382.008147714856,76.563412,63.99668255670103,9.202213748020096,0.39573378933522296,11,64,,True,True,,202,59.56268577710819
161,2026-09-21T07:58:59.905+00:00,2026-09-21T08:03:02.829+00:00,2026-09-21T08:03:07.560+00:00,True,74,74.0,,74.0,242924.082911,247655.102431,247655.10241700002,3346.6905732027026,44.225842,242924.082911,28231.818423378838,77.14815400000002,64.80848657534247,8.372508875091553,0.29880264639658444,11,64,,True,True,,296,59.56268577710819
162,2026-09-21T07:59:00.343+00:00,2026-09-21T08:03:04.691+00:00,2026-09-21T08:03:08.442+00:00,True,59,59.0,,59.0,244348.46448,248098.886496,248098.88668199998,4205.065875966102,41.666152000000004,244348.46448,31803.043407381767,77.60211699999999,64.66244855172414,8.99843630773088,0.23780840306573175,11,64,,True,True,,802,59.56268577710819
163,2026-09-21T07:59:00.610+00:00,2026-09-21T08:03:06.260+00:00,2026-09-21T08:03:06.807+00:00,True,9,9.0,,9.0,245650.769308,246197.12194799999,246197.121977,27355.23577522222,57.826642,245650.769308,81860.82540328868,147421.7996656,68.29408,7.839995555599907,0.03655607315304407,11,64,,True,True,,27,59.56268577710819
164,2026-09-21T07:59:00.885+00:00,2026-09-21T08:03:07.885+00:00,2026-09-21T08:03:12.367+00:00,True,72,72.0,,72.0,247000.344676,251482.062692,251482.062775,3492.8064274305557,41.607022,247000.344676,29101.83228335119,76.99322000000001,63.12278895774648,9.707337258072982,0.28630272564680387,11,64,,True,True,,196,59.56268577710819
165,2026-09-21T07:59:01.338+00:00,2026-09-21T08:03:09.141+00:00,2026-09-21T08:03:14.418+00:00,True,84,84.0,,84.0,247802.993533,253080.501629,253080.501458,3012.863112595238,43.752321,247802.993533,27030.587279315074,76.66614299999999,63.58443489156626,9.611506503859426,0.331910200348578,11,64,,True,True,,168,59.56268577710819
166,2026-09-21T07:59:01.640+00:00,2026-09-21T08:03:10.678+00:00,2026-09-21T08:03:13.306+00:00,True,43,43.0,,43.0,249037.661956,251665.820932,251665.820938,5852.693510186046,43.990661,249037.661956,37968.34598548395,77.14355409999999,62.57521371428572,9.69722409633136,0.17086150133839026,11,64,,True,True,,87,59.56268577710819
167,2026-09-21T07:59:01.965+00:00,2026-09-21T08:03:12.363+00:00,2026-09-21T08:03:16.496+00:00,True,66,66.0,,66.0,250398.210013,254531.913181,254531.913126,3856.544138272727,44.036221,250398.210013,30814.062377481405,76.63129450000001,63.595433353846154,9.444261040684927,0.25929950855736816,11,64,,True,True,,155,59.56268577710819
168,2026-09-21T07:59:02.345+00:00,2026-09-21T08:03:15.396+00:00,2026-09-21T08:03:16.091+00:00,True,12,12.0,,12.0,253051.40606799998,253746.167028,253746.167173,21145.513931083333,43.583271999999994,253051.40606799998,73031.41651899127,113914.61262675001,63.160087272727274,9.514323533163134,0.047291354744585526,11,64,,True,True,,36,59.56268577710819
169,2026-09-21T07:59:02.717+00:00,2026-09-21T08:03:17.463+00:00,2026-09-21T08:03:19.811+00:00,True,38,38.0,,38.0,254745.78845199998,257094.75664399998,257094.75644399997,6765.65148536842,48.747662,254745.78845199998,41314.92617233091,78.29661315,63.485626810810814,9.533922139787935,0.1478054258905744,11,64,,True,True,,243,59.56268577710819
170,2026-09-21T07:59:03.100+00:00,2026-09-21T08:03:19.536+00:00,2026-09-21T08:03:21.743+00:00,True,35,35.0,,35.0,256435.913695,258642.502111,258642.502092,7389.785774057143,47.410142,256435.913695,43334.612429197,88.8627903,64.89965929411764,12.56781236082556,0.13532192008017022,11,64,,True,True,,40,59.56268577710819
171,2026-09-21T07:59:03.524+00:00,2026-09-21T08:03:21.855+00:00,2026-09-21T08:03:26.757+00:00,True,78,78.0,,78.0,258330.635722,263232.42465,263232.424744,3374.7746762051283,42.105801,258330.635722,29242.978245098337,78.57524900000001,63.659596467532474,9.949918097080735,0.2963160792357197,11,64,,True,True,,78,59.56268577710819
172,2026-09-21T07:59:03.787+00:00,2026-09-21T08:03:23.034+00:00,2026-09-21T08:03:24.979+00:00,True,32,32.0,,32.0,259246.882417,261192.355441,261192.355365,8162.26110515625,46.608812,259246.882417,45817.71418069339,79.16032295,62.757194322580645,9.971399319847421,0.12251507110907152,11,64,,True,True,,109,59.56268577710819
173,2026-09-21T07:59:04.093+00:00,2026-09-21T08:03:24.363+00:00,2026-09-21T08:03:29.589+00:00,True,84,84.0,,84.0,260270.262331,265496.39634700003,265496.396115,3160.6713823214286,40.843271,260270.262331,28390.945462276974,78.372498,62.96547007228915,10.141422104483121,0.31638847515735463,11,64,,True,True,,84,59.56268577710819
174,2026-09-21T07:59:04.451+00:00,2026-09-21T08:03:26.385+00:00,2026-09-21T08:03:30.205+00:00,True,62,62.0,,62.0,261934.470245,265753.903973,265753.903979,4286.353289983871,42.098152,261934.470245,33257.760610780904,76.326861,62.61366767213115,10.296325224600196,0.23329854829263036,11,64,,True,True,,246,59.56268577710819
177,2026-09-21T07:59:05.709+00:00,2026-09-21T08:03:29.650+00:00,2026-09-21T08:03:34.003+00:00,True,69,69.0,,69.0,263940.49501899997,268293.84234699997,268293.84235899994,3888.316555927536,45.618131,263940.49501899997,31766.99576541246,77.58253,64.01981364705883,8.754531623570456,0.2571807067817766,11,64,,True,True,,222,59.56268577710819
176,2026-09-21T07:59:05.674+00:00,2026-09-21T08:03:30.401+00:00,2026-09-21T08:03:30.598+00:00,True,4,4.0,,4.0,264727.69637900003,264923.96825100004,264923.96839600004,66230.99209900001,50.623621,264727.69637900003,132331.1367631428,225030.67087145004,65.42395733333333,15.12808555281009,0.015098671616643735,11,64,,True,True,,15,59.56268577710819
178,2026-09-21T07:59:05.794+00:00,2026-09-21T08:03:30.915+00:00,2026-09-21T08:03:35.746+00:00,True,77,77.0,,77.0,265121.026674,269952.055922,269952.055926,3505.8708561818185,42.452101,265121.026674,30206.102430406318,77.323722,63.566174315789475,9.379030218398473,0.28523583470039726,11,64,,True,True,,467,59.56268577710819
175,2026-09-21T07:59:05.617+00:00,2026-09-21T08:03:31.762+00:00,2026-09-21T08:03:36.780+00:00,True,80,80.0,,80.0,266144.849192,271162.5114,271162.511387,3389.5313923374997,43.716260999999996,266144.849192,29748.798915766445,78.3789775,63.51471149367089,8.99822838563376,0.29502603286480694,11,64,,True,True,,327,59.56268577710819
179,2026-09-21T07:59:06.039+00:00,2026-09-21T08:03:34.935+00:00,2026-09-21T08:03:39.718+00:00,True,76,76.0,,76.0,268895.663894,273678.74127,273678.741294,3601.0360696578946,45.385061,268895.663894,30837.133865297295,76.963052,63.77436501333334,8.85098580827964,0.27769785715661993,11,64,,True,True,,452,59.56268577710819
180,2026-09-21T07:59:06.375+00:00,2026-09-21T08:03:36.842+00:00,2026-09-21T08:03:37.088+00:00,True,5,5.0,,5.0,270467.527279,270713.16721499996,270713.167384,54142.633476799994,54.726351,270467.527279,120929.29209912145,216388.0837574,61.409984,7.12305321863745,0.01846973330273591,11,64,,True,True,,8,59.56268577710819
181,2026-09-21T07:59:06.635+00:00,2026-09-21T08:03:38.281+00:00,2026-09-21T08:03:44.248+00:00,True,93,93.0,,93.0,271645.652562,277613.20917,277613.20913699997,2985.0882702903223,42.907771000000004,271645.652562,28161.617632726564,77.63111740000001,64.86474573913044,10.16462476045075,0.3349984688338452,11,64,,True,True,,100,59.56268577710819
182,2026-09-21T07:59:06.906+00:00,2026-09-21T08:03:39.458+00:00,2026-09-21T08:03:40.772+00:00,True,21,21.0,,21.0,272552.746049,273866.72928100004,273866.729096,13041.272814095239,45.844771,272552.746049,59461.549844798494,106.249342,65.6991616,13.020894467872598,0.07667963193314008,11,64,,True,True,,42,59.56268577710819
183,2026-09-21T07:59:07.257+00:00,2026-09-21T08:03:41.405+00:00,2026-09-21T08:03:45.148+00:00,True,59,59.0,,59.0,274147.694864,277891.194128,277891.194012,4710.020237491526,39.242411,274147.694864,35682.58869235314,79.532566,64.54309075862069,10.928031553499801,0.21231331271628526,11,64,,True,True,,177,59.56268577710819
184,2026-09-21T07:59:07.603+00:00,2026-09-21T08:03:43.028+00:00,2026-09-21T08:03:46.969+00:00,True,63,63.0,,63.0,275425.044111,279365.92295900005,279365.92287400004,4434.37972815873,45.204391,275425.044111,34692.28697715306,78.70976300000001,63.56256206451613,9.288600669439898,0.22551068266563754,11,64,,True,True,,126,59.56268577710819
185,2026-09-21T07:59:08.058+00:00,2026-09-21T08:03:45.590+00:00,2026-09-21T08:03:47.286+00:00,True,28,28.0,,28.0,277532.92736699997,279228.191879,279228.19191199995,9972.43542542857,46.501791,277532.92736699997,52436.928413843816,77.321333,62.78757451851852,9.5238091788569,0.10027640766349784,11,64,,True,True,,138,59.56268577710819
186,2026-09-21T07:59:08.485+00:00,2026-09-21T08:03:47.695+00:00,2026-09-21T08:03:50.636+00:00,True,47,47.0,,47.0,279210.55957700004,282151.474265,282151.47431900003,6003.222857851065,45.762111,279210.55957700004,40717.72130350282,77.25062770000001,63.932928,9.036107946274981,0.16657719093063125,11,64,,True,True,,471,59.56268577710819
187,2026-09-21T07:59:08.820+00:00,2026-09-21T08:03:49.312+00:00,2026-09-21T08:03:49.994+00:00,True,13,13.0,,13.0,280492.026385,281173.383185,281173.383301,21628.721792384615,47.462391000000004,280492.026385,77778.74336390683,112237.99930659999,56.77973333333333,5.730551047851084,0.046234817295798446,11,64,,True,True,,13,59.56268577710819
188,2026-09-21T07:59:09.281+00:00,2026-09-21T08:03:51.987+00:00,2026-09-21T08:03:57.135+00:00,True,82,82.0,,82.0,282706.089754,287854.222874,287854.222962,3510.4173531951224,43.778421,282706.089754,31212.6476029059,77.14681300000001,63.55719901234568,9.404501003417407,0.284866413218795,11,64,,True,True,,738,59.56268577710819
189,2026-09-21T07:59:09.539+00:00,2026-09-21T08:03:53.081+00:00,2026-09-21T08:03:58.755+00:00,True,91,91.0,,91.0,283541.921601,289215.897409,289215.89731000003,3178.1966737362636,43.119461,283541.921601,29716.66231092532,76.3094365,63.044175644444444,9.29398647270006,0.3146438380989502,11,64,,True,True,,273,59.56268577710819
190,2026-09-21T07:59:09.901+00:00,2026-09-21T08:03:55.002+00:00,2026-09-21T08:03:58.479+00:00,True,57,57.0,,57.0,285101.42868300003,288578.780619,288578.78044600005,5062.78562185965,45.479281,285101.42868300003,37754.38307902311,77.4061818,62.09557028571428,9.213753148604622,0.19751972018779512,11,64,,True,True,,342,59.56268577710819
191,2026-09-21T07:59:10.275+00:00,2026-09-21T08:03:55.005+00:00,2026-09-21T08:03:57.076+00:00,True,34,34.0,,34.0,284729.679375,286800.234511,286800.234428,8435.301012588236,42.580511,284729.679375,48819.97771373719,79.40108685,62.74409503030303,10.408556882652995,0.11854941491931018,11,64,,True,True,,112,59.56268577710819
192,2026-09-21T07:59:10.606+00:00,2026-09-21T08:03:56.458+00:00,2026-09-21T08:03:58.475+00:00,True,34,34.0,,34.0,285852.50945,287869.068554,287869.06864300004,8466.737313029413,46.644431,285852.50945,49012.82186911864,77.7003295,61.107851636363634,9.267246699128947,0.11810925074647989,11,64,,True,True,,103,59.56268577710819
193,2026-09-21T07:59:10.917+00:00,2026-09-21T08:03:58.288+00:00,2026-09-21T08:04:03.810+00:00,True,86,86.0,,86.0,287371.701237,292893.713909,292893.714033,3405.740860848837,45.924091,287371.701237,30981.083316223878,77.276097,64.96485496470588,8.57331342700097,0.29362187003685436,11,64,,True,True,,172,59.56268577710819
194,2026-09-21T07:59:11.249+00:00,2026-09-21T08:04:01.675+00:00,2026-09-21T08:04:03.925+00:00,True,36,36.0,,36.0,290426.278923,292676.75034699996,292676.75025,8129.909729166666,47.870921,290426.278923,48393.664005400584,78.7666495,64.29918354285714,8.44044676578919,0.12300259572145074,11,64,,True,True,,115,59.56268577710819
195,2026-09-21T07:59:11.660+00:00,2026-09-21T08:04:04.046+00:00,2026-09-21T08:04:05.383+00:00,True,23,23.0,,23.0,292385.26946,293722.287828,293722.287838,12770.534253826087,44.250261,292385.26946,60953.87162088134,78.12061399999999,60.77356218181818,9.07124587622454,0.07830525960450269,11,64,,True,True,,46,59.56268577710819
196,2026-09-21T07:59:12.000+00:00,2026-09-21T08:04:05.954+00:00,2026-09-21T08:04:06.557+00:00,True,11,11.0,,11.0,293954.449228,294557.41626800003,294557.41635,26777.946940909093,43.767561,293954.449228,88612.42167665827,147016.09407,60.296704,10.761129863792886,0.037344162436540936,11,64,,True,True,,29,59.56268577710819
197,2026-09-21T07:59:12.405+00:00,2026-09-21T08:04:08.156+00:00,2026-09-21T08:04:09.884+00:00,True,29,29.0,,29.0,295751.88507899997,297479.261975,297479.261885,10257.905582241377,45.528031000000006,295751.88507899997,54908.29103323761,74.9264614,61.692032,8.531556836806091,0.09748578710147918,11,64,,True,True,,69,59.56268577710819
198,2026-09-21T07:59:12.704+00:00,2026-09-21T08:04:09.665+00:00,2026-09-21T08:04:12.766+00:00,False,52,51.0,,51.0,296961.49536400003,300062.81043600006,300062.81041900004,5770.438661903847,0.0427,296961.49536400003,41172.719159349734,77.15158295,60.810099450980395,13.171072912360366,0.16996441486999173,11,64,,True,False,Request timeout: 300.0s exceeded,61,59.56268577710819
199,2026-09-21T07:59:13.161+00:00,2026-09-21T08:04:12.261+00:00,2026-09-21T08:04:13.210+00:00,False,18,17.0,,17.0,299100.696658,300049.212754,300049.212778,16669.40070988889,0.05829,299100.696658,70485.56115128998,44933.03843839999,55.79506447058824,16.80865706022905,0.05665737244889129,11,64,,True,False,Request timeout: 300.0s exceeded,85,59.56268577710819
200,2026-09-21T07:59:13.493+00:00,2026-09-21T08:04:13.599+00:00,2026-09-21T08:04:13.599+00:00,False,1,0.0,,0.0,300106.317907,300106.317907,300106.317907,300106.317907,300106.317907,300106.317907,nan,300106.317907,nan,nan,0.0,11,64,,True,False,"HTTPConnectionPool(host='gpu06', port=9004): Read timed out.",0,59.56268577710819
201,2026-09-21T07:59:13.881+00:00,2026-09-21T08:04:13.985+00:00,2026-09-21T08:04:13.985+00:00,False,1,0.0,,0.0,300104.02675099997,300104.02675099997,300104.02675099997,300104.02675099997,300104.02675099997,300104.02675099997,nan,300104.02675099997,nan,nan,0.0,11,64,,True,False,"HTTPConnectionPool(host='gpu06', port=9004): Read timed out.",0,59.56268577710819
202,2026-09-21T07:59:14.190+00:00,2026-09-21T08:04:14.278+00:00,2026-09-21T08:04:14.278+00:00,False,1,0.0,,0.0,300087.45804,300087.45804,300087.45804,300087.45804,300087.45804,300087.45804,nan,300087.45804,nan,nan,0.0,11,64,,True,False,"HTTPConnectionPool(host='gpu06', port=9004): Read timed out.",0,59.56268577710819
203,2026-09-21T07:59:14.608+00:00,2026-09-21T08:04:14.712+00:00,2026-09-21T08:04:14.712+00:00,False,1,0.0,,0.0,300104.541642,300104.541642,300104.541642,300104.541642,300104.541642,300104.541642,nan,300104.541642,nan,nan,0.0,11,64,,True,False,"HTTPConnectionPool(host='gpu06', port=9004): Read timed out.",0,59.56268577710819
204,2026-09-21T07:59:15.067+00:00,2026-09-21T08:04:15.172+00:00,2026-09-21T08:04:15.172+00:00,False,1,0.0,,0.0,300105.004691,300105.004691,300105.004691,300105.004691,300105.004691,300105.004691,nan,300105.004691,nan,nan,0.0,11,64,,True,False,"HTTPConnectionPool(host='gpu06', port=9004): Read timed out.",0,59.56268577710819
205,2026-09-21T07:59:15.520+00:00,2026-09-21T08:04:15.629+00:00,2026-09-21T08:04:15.629+00:00,False,1,0.0,,0.0,300109.020781,300109.020781,300109.020781,300109.020781,300109.020781,300109.020781,nan,300109.020781,nan,nan,0.0,11,64,,True,False,"HTTPConnectionPool(host='gpu06', port=9004): Read timed out.",0,59.56268577710819
206,2026-09-21T07:59:15.914+00:00,2026-09-21T08:04:15.916+00:00,2026-09-21T08:04:15.971+00:00,False,3,2.0,,2.0,300002.07591200003,300056.99738400005,300056.99755300005,100018.99918433334,0.06708,300002.07591200003,173190.42693958257,270007.35377690004,27.460736,38.74049115189161,0.006665400298732197,11,64,,True,False,Request timeout: 300.0s exceeded,12,59.56268577710819
207,2026-09-21T07:59:16.362+00:00,2026-09-21T08:04:16.463+00:00,2026-09-21T08:04:16.463+00:00,False,1,0.0,,0.0,300101.097105,300101.097105,300101.097105,300101.097105,300101.097105,300101.097105,nan,300101.097105,nan,nan,0.0,11,64,,True,False,"HTTPConnectionPool(host='gpu06', port=9004): Read timed out.",0,59.56268577710819
208,2026-09-21T07:59:16.667+00:00,2026-09-21T08:04:16.739+00:00,2026-09-21T08:04:16.739+00:00,False,1,0.0,,0.0,300072.78599299997,300072.78599299997,300072.78599299997,300072.78599299997,300072.78599299997,300072.78599299997,nan,300072.78599299997,nan,nan,0.0,11,64,,True,False,"HTTPConnectionPool(host='gpu06', port=9004): Read timed out.",0,59.56268577710819
209,2026-09-21T07:59:16.996+00:00,2026-09-21T08:04:17.096+00:00,2026-09-21T08:04:17.096+00:00,False,1,0.0,,0.0,300100.297402,300100.297402,300100.297402,300100.297402,300100.297402,300100.297402,nan,300100.297402,nan,nan,0.0,11,64,,True,False,"HTTPConnectionPool(host='gpu06', port=9004): Read timed out.",0,59.56268577710819
210,2026-09-21T07:59:17.345+00:00,2026-09-21T08:04:17.342+00:00,2026-09-21T08:04:17.547+00:00,False,3,2.0,,2.0,299997.579986,300202.14165,300202.14179,100067.38059666667,0.04446,299997.579986,173144.66183854477,270018.2737218,102.280832,144.5843070949537,0.006662177654720939,11,64,,True,False,Request timeout: 300.0s exceeded,2,59.56268577710819
211,2026-09-21T07:59:17.767+00:00,2026-09-21T08:04:17.805+00:00,2026-09-21T08:04:17.805+00:00,False,1,0.0,,0.0,300038.025629,300038.025629,300038.025629,300038.025629,300038.025629,300038.025629,nan,300038.025629,nan,nan,0.0,11,64,,True,False,TTFT timeout: 300.0s exceeded (TTFT: 300.027s),0,59.56268577710819
212,2026-09-21T07:59:18.188+00:00,2026-09-21T08:04:18.293+00:00,2026-09-21T08:04:18.293+00:00,False,1,0.0,,0.0,300104.871892,300104.871892,300104.871892,300104.871892,300104.871892,300104.871892,nan,300104.871892,nan,nan,0.0,11,64,,True,False,"HTTPConnectionPool(host='gpu06', port=9004): Read timed out.",0,59.56268577710819
213,2026-09-21T07:59:19.353+00:00,2026-09-21T08:04:18.632+00:00,2026-09-21T08:04:19.534+00:00,False,13,12.0,,12.0,299278.874277,300181.09942900005,300181.099416,23090.853801230773,0.03394,299278.874277,82984.17997022414,119791.92769260002,75.18542933333333,36.88041926196098,0.039975867977118544,11,64,,True,False,Request timeout: 300.0s exceeded,42,59.56268577710819
215,2026-09-21T07:59:19.426+00:00,2026-09-21T08:04:18.822+00:00,2026-09-21T08:04:19.859+00:00,False,17,16.0,,16.0,299396.401544,300433.420936,300433.42101600004,17672.554177411766,0.041729999999999996,299396.401544,72598.5795777473,59973.89746320001,64.813712,30.051442768995184,0.05325639188260752,11,64,,True,False,Request timeout: 300.0s exceeded,52,59.56268577710819
214,2026-09-21T07:59:19.358+00:00,2026-09-21T08:04:19.272+00:00,2026-09-21T08:04:19.855+00:00,False,12,11.0,,11.0,299913.801949,300497.427165,300497.427142,25041.452261833332,0.1024,299913.801949,86562.34344103222,135008.55212815,53.05683781818182,21.757311687292276,0.036605970652653926,11,64,,True,False,Request timeout: 300.0s exceeded,44,59.56268577710819
216,2026-09-21T07:59:19.798+00:00,2026-09-21T08:04:20.718+00:00,2026-09-21T08:04:21.362+00:00,False,9,8.0,,8.0,300920.350252,301563.67517999996,301563.67516499996,33507.07501833333,0.03074,300920.350252,100279.98846357505,180620.2098168,80.415616,48.473053945418826,0.026528394028972124,11,64,,True,False,Request timeout: 300.0s exceeded,20,59.56268577710819
217,2026-09-21T07:59:20.230+00:00,2026-09-21T08:04:21.362+00:00,2026-09-21T08:04:21.473+00:00,False,4,3.0,,3.0,301131.867247,301243.342191,301243.342419,75310.83560475,0.03452,301131.867247,150547.3571121903,255972.4497256,37.15831466666666,34.81708637018815,0.009958726318000691,11,64,,True,False,Request timeout: 300.0s exceeded,6,59.56268577710819
218,2026-09-21T07:59:20.402+00:00,2026-09-21T08:04:21.896+00:00,2026-09-21T08:04:21.896+00:00,False,1,0.0,,0.0,301494.06230299996,301494.06230299996,301494.06230299996,301494.06230299996,301494.06230299996,301494.06230299996,nan,301494.06230299996,nan,nan,0.0,11,64,,True,False,"HTTPConnectionPool(host='gpu06', port=9004): Read timed out.",0,59.56268577710819
221,2026-09-21T07:59:21.515+00:00,2026-09-21T08:04:21.898+00:00,2026-09-21T08:04:21.898+00:00,False,1,0.0,,0.0,300383.477695,300383.477695,300383.477695,300383.477695,300383.477695,300383.477695,nan,300383.477695,nan,nan,0.0,11,64,,True,False,"HTTPConnectionPool(host='gpu06', port=9004): Read timed out.",0,59.56268577710819
219,2026-09-21T07:59:20.830+00:00,2026-09-21T08:04:23.295+00:00,2026-09-21T08:04:23.295+00:00,False,1,0.0,,0.0,302464.581925,302464.581925,302464.581925,302464.581925,302464.581925,302464.581925,nan,302464.581925,nan,nan,0.0,11,64,,True,False,"HTTPConnectionPool(host='gpu06', port=9004): Read timed out.",0,59.56268577710819
224,2026-09-21T07:59:22.726+00:00,2026-09-21T08:04:23.295+00:00,2026-09-21T08:04:23.295+00:00,False,1,0.0,,0.0,300569.118548,300569.118548,300569.118548,300569.118548,300569.118548,300569.118548,nan,300569.118548,nan,nan,0.0,11,64,,True,False,"HTTPConnectionPool(host='gpu06', port=9004): Read timed out.",0,59.56268577710819
222,2026-09-21T07:59:21.890+00:00,2026-09-21T08:04:23.305+00:00,2026-09-21T08:04:23.305+00:00,False,1,0.0,,0.0,301415.106152,301415.106152,301415.106152,301415.106152,301415.106152,301415.106152,nan,301415.106152,nan,nan,0.0,11,64,,True,False,"HTTPConnectionPool(host='gpu06', port=9004): Read timed out.",0,59.56268577710819
220,2026-09-21T07:59:21.093+00:00,2026-09-21T08:04:23.307+00:00,2026-09-21T08:04:23.307+00:00,False,1,0.0,,0.0,302213.912082,302213.912082,302213.912082,302213.912082,302213.912082,302213.912082,nan,302213.912082,nan,nan,0.0,11,64,,True,False,"HTTPConnectionPool(host='gpu06', port=9004): Read timed out.",0,59.56268577710819
225,2026-09-21T07:59:22.983+00:00,2026-09-21T08:04:23.312+00:00,2026-09-21T08:04:23.312+00:00,False,1,0.0,,0.0,300329.023295,300329.023295,300329.023295,300329.023295,300329.023295,300329.023295,nan,300329.023295,nan,nan,0.0,11,64,,True,False,"HTTPConnectionPool(host='gpu06', port=9004): Read timed out.",0,59.56268577710819
223,2026-09-21T07:59:22.308+00:00,2026-09-21T08:04:23.319+00:00,2026-09-21T08:04:23.319+00:00,False,1,0.0,,0.0,301010.456995,301010.456995,301010.456995,301010.456995,301010.456995,301010.456995,nan,301010.456995,nan,nan,0.0,11,64,,True,False,"HTTPConnectionPool(host='gpu06', port=9004): Read timed out.",0,59.56268577710819
226,2026-09-21T07:59:23.331+00:00,2026-09-21T08:04:23.409+00:00,2026-09-21T08:04:23.409+00:00,False,1,0.0,,0.0,300077.712177,300077.712177,300077.712177,300077.712177,300077.712177,300077.712177,nan,300077.712177,nan,nan,0.0,11,64,,True,False,"HTTPConnectionPool(host='gpu06', port=9004): Read timed out.",0,59.56268577710819
227,2026-09-21T07:59:23.615+00:00,2026-09-21T08:04:23.737+00:00,2026-09-21T08:04:23.737+00:00,False,1,0.0,,0.0,300122.011319,300122.011319,300122.011319,300122.011319,300122.011319,300122.011319,nan,300122.011319,nan,nan,0.0,11,64,,True,False,"HTTPConnectionPool(host='gpu06', port=9004): Read timed out.",0,59.56268577710819
228,2026-09-21T07:59:23.969+00:00,2026-09-21T08:04:23.989+00:00,2026-09-21T08:04:23.989+00:00,False,1,0.0,,0.0,300020.251203,300020.251203,300020.251203,300020.251203,300020.251203,300020.251203,nan,300020.251203,nan,nan,0.0,11,64,,True,False,"HTTPConnectionPool(host='gpu06', port=9004): Read timed out.",0,59.56268577710819
229,2026-09-21T07:59:24.348+00:00,2026-09-21T08:04:24.464+00:00,2026-09-21T08:04:24.464+00:00,False,1,0.0,,0.0,300116.54724,300116.54724,300116.54724,300116.54724,300116.54724,300116.54724,nan,300116.54724,nan,nan,0.0,11,64,,True,False,"HTTPConnectionPool(host='gpu06', port=9004): Read timed out.",0,59.56268577710819
230,2026-09-21T07:59:24.604+00:00,2026-09-21T08:04:24.706+00:00,2026-09-21T08:04:24.706+00:00,False,1,0.0,,0.0,300101.914492,300101.914492,300101.914492,300101.914492,300101.914492,300101.914492,nan,300101.914492,nan,nan,0.0,11,64,,True,False,"HTTPConnectionPool(host='gpu06', port=9004): Read timed out.",0,59.56268577710819
231,2026-09-21T07:59:25.017+00:00,2026-09-21T08:04:25.130+00:00,2026-09-21T08:04:25.130+00:00,False,1,0.0,,0.0,300112.69307499996,300112.69307499996,300112.69307499996,300112.69307499996,300112.69307499996,300112.69307499996,nan,300112.69307499996,nan,nan,0.0,11,64,,True,False,"HTTPConnectionPool(host='gpu06', port=9004): Read timed out.",0,59.56268577710819
232,2026-09-21T07:59:25.296+00:00,2026-09-21T08:04:25.325+00:00,2026-09-21T08:04:25.325+00:00,False,1,0.0,,0.0,300028.477334,300028.477334,300028.477334,300028.477334,300028.477334,300028.477334,nan,300028.477334,nan,nan,0.0,11,64,,True,False,TTFT timeout: 300.0s exceeded (TTFT: 300.022s),0,59.56268577710819
233,2026-09-21T07:59:25.762+00:00,2026-09-21T08:04:25.787+00:00,2026-09-21T08:04:25.787+00:00,False,1,0.0,,0.0,300025.506273,300025.506273,300025.506273,300025.506273,300025.506273,300025.506273,nan,300025.506273,nan,nan,0.0,11,64,,True,False,TTFT timeout: 300.0s exceeded (TTFT: 300.019s),0,59.56268577710819
234,2026-09-21T07:59:26.060+00:00,2026-09-21T08:04:26.165+00:00,2026-09-21T08:04:26.165+00:00,False,1,0.0,,0.0,300105.277365,300105.277365,300105.277365,300105.277365,300105.277365,300105.277365,nan,300105.277365,nan,nan,0.0,11,64,,True,False,"HTTPConnectionPool(host='gpu06', port=9004): Read timed out.",0,59.56268577710819
235,2026-09-21T07:59:26.376+00:00,2026-09-21T08:04:26.490+00:00,2026-09-21T08:04:26.490+00:00,False,1,0.0,,0.0,300114.554723,300114.554723,300114.554723,300114.554723,300114.554723,300114.554723,nan,300114.554723,nan,nan,0.0,11,64,,True,False,"HTTPConnectionPool(host='gpu06', port=9004): Read timed out.",0,59.56268577710819
236,2026-09-21T07:59:26.742+00:00,2026-09-21T08:04:26.848+00:00,2026-09-21T08:04:26.848+00:00,False,1,0.0,,0.0,300105.83374900004,300105.83374900004,300105.83374900004,300105.83374900004,300105.83374900004,300105.83374900004,nan,300105.83374900004,nan,nan,0.0,11,64,,True,False,"HTTPConnectionPool(host='gpu06', port=9004): Read timed out.",0,59.56268577710819
237,2026-09-21T07:59:27.043+00:00,2026-09-21T08:04:27.085+00:00,2026-09-21T08:04:27.085+00:00,False,1,0.0,,0.0,300042.203117,300042.203117,300042.203117,300042.203117,300042.203117,300042.203117,nan,300042.203117,nan,nan,0.0,11,64,,True,False,TTFT timeout: 300.0s exceeded (TTFT: 300.038s),0,59.56268577710819
238,2026-09-21T07:59:27.298+00:00,2026-09-21T08:04:27.289+00:00,2026-09-21T08:04:27.517+00:00,False,3,2.0,,2.0,299990.814129,300218.074801,300218.074774,100072.69159133334,0.02407,299990.814129,173134.21006727623,270014.4563736,113.630336,160.6635306330468,0.006661824080131428,11,64,,True,False,Request timeout: 300.0s exceeded,6,59.56268577710819
239,2026-09-21T07:59:27.623+00:00,2026-09-21T08:04:27.658+00:00,2026-09-21T08:04:27.658+00:00,False,1,0.0,,0.0,300035.49216799997,300035.49216799997,300035.49216799997,300035.49216799997,300035.49216799997,300035.49216799997,nan,300035.49216799997,nan,nan,0.0,11,64,,True,False,TTFT timeout: 300.0s exceeded (TTFT: 300.030s),0,59.56268577710819
240,2026-09-21T07:59:27.972+00:00,2026-09-21T08:04:28.085+00:00,2026-09-21T08:04:28.085+00:00,False,1,0.0,,0.0,300112.814837,300112.814837,300112.814837,300112.814837,300112.814837,300112.814837,nan,300112.814837,nan,nan,0.0,11,64,,True,False,"HTTPConnectionPool(host='gpu06', port=9004): Read timed out.",0,59.56268577710819
241,2026-09-21T07:59:28.277+00:00,2026-09-21T08:04:28.387+00:00,2026-09-21T08:04:28.387+00:00,False,1,0.0,,0.0,300110.19781599997,300110.19781599997,300110.19781599997,300110.19781599997,300110.19781599997,300110.19781599997,nan,300110.19781599997,nan,nan,0.0,11,64,,True,False,"HTTPConnectionPool(host='gpu06', port=9004): Read timed out.",0,59.56268577710819
242,2026-09-21T07:59:28.717+00:00,2026-09-21T08:04:28.818+00:00,2026-09-21T08:04:28.818+00:00,False,1,0.0,,0.0,300100.88116600004,300100.88116600004,300100.88116600004,300100.88116600004,300100.88116600004,300100.88116600004,nan,300100.88116600004,nan,nan,0.0,11,64,,True,False,"HTTPConnectionPool(host='gpu06', port=9004): Read timed out.",0,59.56268577710819
243,2026-09-21T07:59:29.100+00:00,2026-09-21T08:04:29.208+00:00,2026-09-21T08:04:29.208+00:00,False,1,0.0,,0.0,300108.52181,300108.52181,300108.52181,300108.52181,300108.52181,300108.52181,nan,300108.52181,nan,nan,0.0,11,64,,True,False,"HTTPConnectionPool(host='gpu06', port=9004): Read timed out.",0,59.56268577710819
244,2026-09-21T07:59:29.497+00:00,2026-09-21T08:04:29.565+00:00,2026-09-21T08:04:29.565+00:00,False,1,0.0,,0.0,300068.200233,300068.200233,300068.200233,300068.200233,300068.200233,300068.200233,nan,300068.200233,nan,nan,0.0,11,64,,True,False,"HTTPConnectionPool(host='gpu06', port=9004): Read timed out.",0,59.56268577710819
245,2026-09-21T07:59:29.796+00:00,2026-09-21T08:04:29.750+00:00,2026-09-21T08:04:29.825+00:00,False,3,2.0,,2.0,299953.610601,300028.942953,300028.94284200005,100009.647614,0.02916,299953.610601,173156.5553704246,269965.77984900004,37.666176,53.226744533327675,0.0066660235519787935,11,64,,True,False,Request timeout: 300.0s exceeded,4,59.56268577710819
246,2026-09-21T07:59:30.188+00:00,2026-09-21T08:04:30.292+00:00,2026-09-21T08:04:30.292+00:00,False,1,0.0,,0.0,300104.257378,300104.257378,300104.257378,300104.257378,300104.257378,300104.257378,nan,300104.257378,nan,nan,0.0,11,64,,True,False,"HTTPConnectionPool(host='gpu06', port=9004): Read timed out.",0,59.56268577710819
247,2026-09-21T07:59:30.442+00:00,2026-09-21T08:04:30.539+00:00,2026-09-21T08:04:30.539+00:00,False,1,0.0,,0.0,300096.78504000005,300096.78504000005,300096.78504000005,300096.78504000005,300096.78504000005,300096.78504000005,nan,300096.78504000005,nan,nan,0.0,11,64,,True,False,"HTTPConnectionPool(host='gpu06', port=9004): Read timed out.",0,59.56268577710819
248,2026-09-21T07:59:30.709+00:00,2026-09-21T08:04:30.815+00:00,2026-09-21T08:04:30.815+00:00,False,1,0.0,,0.0,300105.679773,300105.679773,300105.679773,300105.679773,300105.679773,300105.679773,nan,300105.679773,nan,nan,0.0,11,64,,True,False,"HTTPConnectionPool(host='gpu06', port=9004): Read timed out.",0,59.56268577710819
249,2026-09-21T07:59:31.166+00:00,2026-09-21T08:04:31.281+00:00,2026-09-21T08:04:31.281+00:00,False,1,0.0,,0.0,300115.46810299996,300115.46810299996,300115.46810299996,300115.46810299996,300115.46810299996,300115.46810299996,nan,300115.46810299996,nan,nan,0.0,11,64,,True,False,"HTTPConnectionPool(host='gpu06', port=9004): Read timed out.",0,59.56268577710819
250,2026-09-21T07:59:31.460+00:00,2026-09-21T08:04:31.512+00:00,2026-09-21T08:04:31.512+00:00,False,1,0.0,,0.0,300052.151631,300052.151631,300052.151631,300052.151631,300052.151631,300052.151631,nan,300052.151631,nan,nan,0.0,11,64,,True,False,TTFT timeout: 300.0s exceeded (TTFT: 300.047s),0,59.56268577710819
251,2026-09-21T07:59:31.780+00:00,2026-09-21T08:04:31.873+00:00,2026-09-21T08:04:32.341+00:00,True,9,9.0,,9.0,300093.551801,300561.826489,300561.826521,33395.75850233334,41.607531,300093.551801,100011.67308354887,180084.95910940002,58.534336,11.67774134520434,0.029943922370758495,11,64,,True,True,,81,59.56268577710819
255,2026-09-21T07:59:33.163+00:00,2026-09-21T08:04:33.185+00:00,2026-09-21T08:04:33.185+00:00,False,1,0.0,,0.0,300022.47181699995,300022.47181699995,300022.47181699995,300022.47181699995,300022.47181699995,300022.47181699995,nan,300022.47181699995,nan,nan,0.0,11,64,,True,False,"HTTPConnectionPool(host='gpu06', port=9004): Read timed out.",0,59.56268577710819
252,2026-09-21T07:59:32.133+00:00,2026-09-21T08:04:33.222+00:00,2026-09-21T08:04:33.222+00:00,False,1,0.0,,0.0,301088.878578,301088.878578,301088.878578,301088.878578,301088.878578,301088.878578,nan,301088.878578,nan,nan,0.0,11,64,,True,False,"HTTPConnectionPool(host='gpu06', port=9004): Read timed out.",0,59.56268577710819
256,2026-09-21T07:59:33.465+00:00,2026-09-21T08:04:33.522+00:00,2026-09-21T08:04:33.522+00:00,False,1,0.0,,0.0,300056.661718,300056.661718,300056.661718,300056.661718,300056.661718,300056.661718,nan,300056.661718,nan,nan,0.0,11,64,,True,False,"HTTPConnectionPool(host='gpu06', port=9004): Read timed out.",0,59.56268577710819
253,2026-09-21T07:59:32.527+00:00,2026-09-21T08:04:33.686+00:00,2026-09-21T08:04:33.686+00:00,False,1,0.0,,0.0,301159.562803,301159.562803,301159.562803,301159.562803,301159.562803,301159.562803,nan,301159.562803,nan,nan,0.0,11,64,,True,False,"HTTPConnectionPool(host='gpu06', port=9004): Read timed out.",0,59.56268577710819
254,2026-09-21T07:59:32.802+00:00,2026-09-21T08:04:33.985+00:00,2026-09-21T08:04:34.926+00:00,False,15,14.0,,14.0,301182.87822500005,302123.99080100004,302123.99078500003,20141.599385666672,0.030780000000000002,301182.87822500005,77747.7426473526,90509.95632500002,67.22232685714285,49.460248371082706,0.046338590864243474,11,64,,True,False,Request timeout: 300.0s exceeded,42,59.56268577710819
259,2026-09-21T07:59:34.937+00:00,2026-09-21T08:04:34.284+00:00,2026-09-21T08:04:35.156+00:00,False,17,16.0,,16.0,299347.191444,300218.839188,300218.839262,17659.931721294117,0.039670000000000004,299347.191444,72589.14788246455,59950.2385544,54.477984,19.89409278137654,0.053294456947722196,11,64,,True,False,Request timeout: 300.0s exceeded,48,59.56268577710819
258,2026-09-21T07:59:34.885+00:00,2026-09-21T08:04:34.285+00:00,2026-09-21T08:04:35.391+00:00,False,21,20.0,,20.0,299399.908369,300506.308113,300506.308122,14309.824196285716,0.03669,299399.908369,65322.34713315581,105.11640200000002,55.3199872,18.92005910445503,0.0665543433200722,11,64,,True,False,Request timeout: 300.0s exceeded,6,59.56268577710819
257,2026-09-21T07:59:34.748+00:00,2026-09-21T08:04:34.285+00:00,2026-09-21T08:04:35.098+00:00,False,16,15.0,,15.0,299537.35356099997,300350.79304899997,300350.79308699997,18771.924567937498,0.022449999999999998,299537.35356099997,74870.78388352634,74961.88155924999,54.2292992,21.265652818699582,0.049941602776300525,11,64,,True,False,Request timeout: 300.0s exceeded,150,59.56268577710819
260,2026-09-21T07:59:35.030+00:00,2026-09-21T08:04:34.383+00:00,2026-09-21T08:04:35.156+00:00,False,16,15.0,,15.0,299353.424628,300126.57714,300126.577064,18757.9110665,0.05888,299353.424628,74825.4720055135,74892.53027775,51.5435008,16.618612511500586,0.0499789127072307,11,64,,True,False,Request timeout: 300.0s exceeded,77,59.56268577710819
261,2026-09-21T07:59:35.436+00:00,2026-09-21T08:04:35.676+00:00,2026-09-21T08:04:35.676+00:00,False,1,0.0,,0.0,300240.066639,300240.066639,300240.066639,300240.066639,300240.066639,300240.066639,nan,300240.066639,nan,nan,0.0,11,64,,True,False,"HTTPConnectionPool(host='gpu06', port=9004): Read timed out.",0,59.56268577710819
262,2026-09-21T07:59:35.789+00:00,2026-09-21T08:04:35.984+00:00,2026-09-21T08:04:35.984+00:00,False,1,0.0,,0.0,300195.44080800004,300195.44080800004,300195.44080800004,300195.44080800004,300195.44080800004,300195.44080800004,nan,300195.44080800004,nan,nan,0.0,11,64,,True,False,"HTTPConnectionPool(host='gpu06', port=9004): Read timed out.",0,59.56268577710819
263,2026-09-21T07:59:36.065+00:00,2026-09-21T08:04:36.206+00:00,2026-09-21T08:04:36.206+00:00,False,1,0.0,,0.0,300141.087291,300141.087291,300141.087291,300141.087291,300141.087291,300141.087291,nan,300141.087291,nan,nan,0.0,11,64,,True,False,"HTTPConnectionPool(host='gpu06', port=9004): Read timed out.",0,59.56268577710819
264,2026-09-21T07:59:36.310+00:00,2026-09-21T08:04:36.411+00:00,2026-09-21T08:04:36.411+00:00,False,1,0.0,,0.0,300100.89225599996,300100.89225599996,300100.89225599996,300100.89225599996,300100.89225599996,300100.89225599996,nan,300100.89225599996,nan,nan,0.0,11,64,,True,False,"HTTPConnectionPool(host='gpu06', port=9004): Read timed out.",0,59.56268577710819
265,2026-09-21T07:59:36.650+00:00,2026-09-21T08:04:36.757+00:00,2026-09-21T08:04:36.757+00:00,False,1,0.0,,0.0,300106.819235,300106.819235,300106.819235,300106.819235,300106.819235,300106.819235,nan,300106.819235,nan,nan,0.0,11,64,,True,False,"HTTPConnectionPool(host='gpu06', port=9004): Read timed out.",0,59.56268577710819
266,2026-09-21T07:59:37.004+00:00,2026-09-21T08:04:37.112+00:00,2026-09-21T08:04:37.112+00:00,False,1,0.0,,0.0,300108.047792,300108.047792,300108.047792,300108.047792,300108.047792,300108.047792,nan,300108.047792,nan,nan,0.0,11,64,,True,False,"HTTPConnectionPool(host='gpu06', port=9004): Read timed out.",0,59.56268577710819
267,2026-09-21T07:59:37.428+00:00,2026-09-21T08:04:37.526+00:00,2026-09-21T08:04:37.526+00:00,False,1,0.0,,0.0,300098.72292000003,300098.72292000003,300098.72292000003,300098.72292000003,300098.72292000003,300098.72292000003,nan,300098.72292000003,nan,nan,0.0,11,64,,True,False,"HTTPConnectionPool(host='gpu06', port=9004): Read timed out.",0,59.56268577710819
268,2026-09-21T07:59:37.874+00:00,2026-09-21T08:04:37.911+00:00,2026-09-21T08:04:37.911+00:00,False,1,0.0,,0.0,300037.03711699997,300037.03711699997,300037.03711699997,300037.03711699997,300037.03711699997,300037.03711699997,nan,300037.03711699997,nan,nan,0.0,11,64,,True,False,TTFT timeout: 300.0s exceeded (TTFT: 300.032s),0,59.56268577710819
269,2026-09-21T07:59:38.311+00:00,2026-09-21T08:04:38.253+00:00,2026-09-21T08:04:38.353+00:00,False,4,3.0,,3.0,299941.984157,300041.39510100003,300041.39517100004,75010.34879275001,0.0299,299941.984157,149954.42544677915,254958.80181185005,33.13698133333333,29.00889162888409,0.009998620353668664,11,64,,True,False,Request timeout: 300.0s exceeded,12,59.56268577710819
270,2026-09-21T07:59:38.749+00:00,2026-09-21T08:04:38.819+00:00,2026-09-21T08:04:38.819+00:00,False,1,0.0,,0.0,300069.51210500003,300069.51210500003,300069.51210500003,300069.51210500003,300069.51210500003,300069.51210500003,nan,300069.51210500003,nan,nan,0.0,11,64,,True,False,"HTTPConnectionPool(host='gpu06', port=9004): Read timed out.",0,59.56268577710819
271,2026-09-21T07:59:39.017+00:00,2026-09-21T08:04:39.100+00:00,2026-09-21T08:04:39.100+00:00,False,1,0.0,,0.0,300082.339954,300082.339954,300082.339954,300082.339954,300082.339954,300082.339954,nan,300082.339954,nan,nan,0.0,11,64,,True,False,"HTTPConnectionPool(host='gpu06', port=9004): Read timed out.",0,59.56268577710819
272,2026-09-21T07:59:39.308+00:00,2026-09-21T08:04:39.417+00:00,2026-09-21T08:04:39.417+00:00,False,1,0.0,,0.0,300108.778949,300108.778949,300108.778949,300108.778949,300108.778949,300108.778949,nan,300108.778949,nan,nan,0.0,11,64,,True,False,"HTTPConnectionPool(host='gpu06', port=9004): Read timed out.",0,59.56268577710819
273,2026-09-21T07:59:39.707+00:00,2026-09-21T08:04:39.812+00:00,2026-09-21T08:04:39.812+00:00,False,1,0.0,,0.0,300104.69729000004,300104.69729000004,300104.69729000004,300104.69729000004,300104.69729000004,300104.69729000004,nan,300104.69729000004,nan,nan,0.0,11,64,,True,False,"HTTPConnectionPool(host='gpu06', port=9004): Read timed out.",0,59.56268577710819
274,2026-09-21T07:59:40.170+00:00,2026-09-21T08:04:40.156+00:00,2026-09-21T08:04:40.460+00:00,False,3,2.0,,2.0,299985.786538,300290.04765799997,300290.04773,100096.68257666666,0.03637,299985.786538,173109.10878547703,270017.6303664,152.13056,215.0936917119945,0.006660227388813758,11,64,,True,False,Request timeout: 300.0s exceeded,4,59.56268577710819
275,2026-09-21T07:59:40.609+00:00,2026-09-21T08:04:40.624+00:00,2026-09-21T08:04:40.624+00:00,False,1,0.0,,0.0,300015.32478100003,300015.32478100003,300015.32478100003,300015.32478100003,300015.32478100003,300015.32478100003,nan,300015.32478100003,nan,nan,0.0,11,64,,True,False,TTFT timeout: 300.0s exceeded (TTFT: 300.009s),0,59.56268577710819
276,2026-09-21T07:59:40.991+00:00,2026-09-21T08:04:41.095+00:00,2026-09-21T08:04:41.095+00:00,False,1,0.0,,0.0,300104.31417900004,300104.31417900004,300104.31417900004,300104.31417900004,300104.31417900004,300104.31417900004,nan,300104.31417900004,nan,nan,0.0,11,64,,True,False,"HTTPConnectionPool(host='gpu06', port=9004): Read timed out.",0,59.56268577710819
277,2026-09-21T07:59:41.451+00:00,2026-09-21T08:04:41.534+00:00,2026-09-21T08:04:41.534+00:00,False,1,0.0,,0.0,300082.40172100003,300082.40172100003,300082.40172100003,300082.40172100003,300082.40172100003,300082.40172100003,nan,300082.40172100003,nan,nan,0.0,11,64,,True,False,"HTTPConnectionPool(host='gpu06', port=9004): Read timed out.",0,59.56268577710819
278,2026-09-21T07:59:41.885+00:00,2026-09-21T08:04:42.000+00:00,2026-09-21T08:04:42.000+00:00,False,1,0.0,,0.0,300115.520844,300115.520844,300115.520844,300115.520844,300115.520844,300115.520844,nan,300115.520844,nan,nan,0.0,11,64,,True,False,"HTTPConnectionPool(host='gpu06', port=9004): Read timed out.",0,59.56268577710819
279,2026-09-21T07:59:42.282+00:00,2026-09-21T08:04:42.314+00:00,2026-09-21T08:04:42.314+00:00,False,1,0.0,,0.0,300031.22076999996,300031.22076999996,300031.22076999996,300031.22076999996,300031.22076999996,300031.22076999996,nan,300031.22076999996,nan,nan,0.0,11,64,,True,False,"HTTPConnectionPool(host='gpu06', port=9004): Read timed out.",0,59.56268577710819
280,2026-09-21T07:59:42.593+00:00,2026-09-21T08:04:42.599+00:00,2026-09-21T08:04:42.768+00:00,False,3,2.0,,2.0,300006.043146,300175.77549800003,300175.775385,100058.591795,0.0225,300006.043146,173159.5930774849,270022.4098053,84.866176,119.98703768280892,0.006662762831817271,11,64,,True,False,Request timeout: 300.0s exceeded,10,59.56268577710819
281,2026-09-21T07:59:42.854+00:00,2026-09-21T08:04:42.968+00:00,2026-09-21T08:04:42.968+00:00,False,1,0.0,,0.0,300113.86973000003,300113.86973000003,300113.86973000003,300113.86973000003,300113.86973000003,300113.86973000003,nan,300113.86973000003,nan,nan,0.0,11,64,,True,False,"HTTPConnectionPool(host='gpu06', port=9004): Read timed out.",0,59.56268577710819
282,2026-09-21T07:59:43.318+00:00,2026-09-21T08:04:43.426+00:00,2026-09-21T08:04:43.426+00:00,False,1,0.0,,0.0,300107.841411,300107.841411,300107.841411,300107.841411,300107.841411,300107.841411,nan,300107.841411,nan,nan,0.0,11,64,,True,False,"HTTPConnectionPool(host='gpu06', port=9004): Read timed out.",0,59.56268577710819
283,2026-09-21T07:59:43.569+00:00,2026-09-21T08:04:43.671+00:00,2026-09-21T08:04:43.671+00:00,False,1,0.0,,0.0,300101.988174,300101.988174,300101.988174,300101.988174,300101.988174,300101.988174,nan,300101.988174,nan,nan,0.0,11,64,,True,False,"HTTPConnectionPool(host='gpu06', port=9004): Read timed out.",0,59.56268577710819
284,2026-09-21T07:59:44.023+00:00,2026-09-21T08:04:44.122+00:00,2026-09-21T08:04:44.122+00:00,False,1,0.0,,0.0,300099.413397,300099.413397,300099.413397,300099.413397,300099.413397,300099.413397,nan,300099.413397,nan,nan,0.0,11,64,,True,False,"HTTPConnectionPool(host='gpu06', port=9004): Read timed out.",0,59.56268577710819
285,2026-09-21T07:59:44.399+00:00,2026-09-21T08:04:44.408+00:00,2026-09-21T08:04:44.408+00:00,False,1,0.0,,0.0,300009.35089600005,300009.35089600005,300009.35089600005,300009.35089600005,300009.35089600005,300009.35089600005,nan,300009.35089600005,nan,nan,0.0,11,64,,True,False,TTFT timeout: 300.0s exceeded (TTFT: 300.004s),0,59.56268577710819
286,2026-09-21T07:59:44.743+00:00,2026-09-21T08:04:44.748+00:00,2026-09-21T08:04:44.919+00:00,False,3,2.0,,2.0,300005.360875,300176.710635,300176.710755,100058.90358500001,0.0469,300005.360875,173158.73258163326,270021.9550855,85.67488,121.09632417371738,0.0066627420753900555,11,64,,True,False,Request timeout: 300.0s exceeded,4,59.56268577710819
287,2026-09-21T07:59:45.010+00:00,2026-09-21T08:04:45.010+00:00,2026-09-21T08:04:45.064+00:00,False,3,2.0,,2.0,299999.523865,300053.475609,300053.475712,100017.82523733334,0.11123000000000001,299999.523865,173189.23338711596,270004.9555402,26.975872,37.99251925560672,0.006665478531587489,11,64,,True,False,Request timeout: 300.0s exceeded,14,59.56268577710819
288,2026-09-21T07:59:45.283+00:00,2026-09-21T08:04:45.605+00:00,2026-09-21T08:04:46.631+00:00,True,14,14.0,,14.0,300321.877875,301347.634803,301347.63481200003,21524.831058,45.883257,300321.877875,80243.31759799636,105225.5803256,78.90437907692308,36.41284683568677,0.046457972066554366,11,64,,True,True,,70,59.56268577710819
289,2026-09-21T07:59:45.708+00:00,2026-09-21T08:04:46.204+00:00,2026-09-21T08:04:47.128+00:00,False,18,17.0,,17.0,300496.54783099995,301420.64152699994,301420.64154499996,16745.591196944442,0.040299999999999996,300496.54783099995,70814.90494466375,45138.96811825,54.35845270588236,16.4134723999405,0.05639958801055506,11,64,,True,False,Request timeout: 300.0s exceeded,17,59.56268577710819
290,2026-09-21T07:59:46.127+00:00,2026-09-21T08:04:47.232+00:00,2026-09-21T08:04:47.232+00:00,False,1,0.0,,0.0,301105.026352,301105.026352,301105.026352,301105.026352,301105.026352,301105.026352,nan,301105.026352,nan,nan,0.0,11,64,,True,False,"HTTPConnectionPool(host='gpu06', port=9004): Read timed out.",0,59.56268577710819
293,2026-09-21T07:59:47.093+00:00,2026-09-21T08:04:47.251+00:00,2026-09-21T08:04:47.251+00:00,False,1,0.0,,0.0,300157.890585,300157.890585,300157.890585,300157.890585,300157.890585,300157.890585,nan,300157.890585,nan,nan,0.0,11,64,,True,False,"HTTPConnectionPool(host='gpu06', port=9004): Read timed out.",0,59.56268577710819
291,2026-09-21T07:59:46.447+00:00,2026-09-21T08:04:47.525+00:00,2026-09-21T08:04:47.525+00:00,False,1,0.0,,0.0,301077.801156,301077.801156,301077.801156,301077.801156,301077.801156,301077.801156,nan,301077.801156,nan,nan,0.0,11,64,,True,False,"HTTPConnectionPool(host='gpu06', port=9004): Read timed out.",0,59.56268577710819
294,2026-09-21T07:59:47.520+00:00,2026-09-21T08:04:47.547+00:00,2026-09-21T08:04:47.547+00:00,False,1,0.0,,0.0,300026.858959,300026.858959,300026.858959,300026.858959,300026.858959,300026.858959,nan,300026.858959,nan,nan,0.0,11,64,,True,False,"HTTPConnectionPool(host='gpu06', port=9004): Read timed out.",0,59.56268577710819
292,2026-09-21T07:59:46.831+00:00,2026-09-21T08:04:47.865+00:00,2026-09-21T08:04:47.865+00:00,False,1,0.0,,0.0,301033.370031,301033.370031,301033.370031,301033.370031,301033.370031,301033.370031,nan,301033.370031,nan,nan,0.0,11,64,,True,False,"HTTPConnectionPool(host='gpu06', port=9004): Read timed out.",0,59.56268577710819
295,2026-09-21T07:59:47.984+00:00,2026-09-21T08:04:48.093+00:00,2026-09-21T08:04:48.093+00:00,False,1,0.0,,0.0,300109.538436,300109.538436,300109.538436,300109.538436,300109.538436,300109.538436,nan,300109.538436,nan,nan,0.0,11,64,,True,False,"HTTPConnectionPool(host='gpu06', port=9004): Read timed out.",0,59.56268577710819
296,2026-09-21T07:59:48.414+00:00,2026-09-21T08:04:48.518+00:00,2026-09-21T08:04:48.518+00:00,False,1,0.0,,0.0,300104.47908200003,300104.47908200003,300104.47908200003,300104.47908200003,300104.47908200003,300104.47908200003,nan,300104.47908200003,nan,nan,0.0,11,64,,True,False,"HTTPConnectionPool(host='gpu06', port=9004): Read timed out.",0,59.56268577710819
297,2026-09-21T07:59:48.799+00:00,2026-09-21T08:04:48.848+00:00,2026-09-21T08:04:48.848+00:00,False,1,0.0,,0.0,300049.352888,300049.352888,300049.352888,300049.352888,300049.352888,300049.352888,nan,300049.352888,nan,nan,0.0,11,64,,True,False,"HTTPConnectionPool(host='gpu06', port=9004): Read timed out.",0,59.56268577710819
298,2026-09-21T07:59:49.065+00:00,2026-09-21T08:04:49.024+00:00,2026-09-21T08:04:49.137+00:00,False,3,2.0,,2.0,299959.03252300003,300072.198603,300072.198556,100024.06618533334,0.03306,299959.03252300003,173148.76918774363,269974.44256800006,56.58304,79.97379957961552,0.006665062639295118,11,64,,True,False,Request timeout: 300.0s exceeded,6,59.56268577710819
299,2026-09-21T07:59:49.450+00:00,2026-09-21T08:04:49.554+00:00,2026-09-21T08:04:49.554+00:00,False,1,0.0,,0.0,300104.298758,300104.298758,300104.298758,300104.298758,300104.298758,300104.298758,nan,300104.298758,nan,nan,0.0,11,64,,True,False,"HTTPConnectionPool(host='gpu06', port=9004): Read timed out.",0,59.56268577710819
300,2026-09-21T07:59:49.752+00:00,2026-09-21T08:04:49.853+00:00,2026-09-21T08:04:49.853+00:00,False,1,0.0,,0.0,300101.212322,300101.212322,300101.212322,300101.212322,300101.212322,300101.212322,nan,300101.212322,nan,nan,0.0,11,64,,True,False,"HTTPConnectionPool(host='gpu06', port=9004): Read timed out.",0,59.56268577710819
301,2026-09-21T07:59:50.127+00:00,2026-09-21T08:04:50.204+00:00,2026-09-21T08:04:50.204+00:00,False,1,0.0,,0.0,300077.20828799997,300077.20828799997,300077.20828799997,300077.20828799997,300077.20828799997,300077.20828799997,nan,300077.20828799997,nan,nan,0.0,11,64,,True,False,"HTTPConnectionPool(host='gpu06', port=9004): Read timed out.",0,59.56268577710819
302,2026-09-21T07:59:50.413+00:00,2026-09-21T08:04:50.529+00:00,2026-09-21T08:04:50.529+00:00,False,1,0.0,,0.0,300115.479123,300115.479123,300115.479123,300115.479123,300115.479123,300115.479123,nan,300115.479123,nan,nan,0.0,11,64,,True,False,"HTTPConnectionPool(host='gpu06', port=9004): Read timed out.",0,59.56268577710819
303,2026-09-21T07:59:50.762+00:00,2026-09-21T08:04:50.865+00:00,2026-09-21T08:04:50.865+00:00,False,1,0.0,,0.0,300103.427851,300103.427851,300103.427851,300103.427851,300103.427851,300103.427851,nan,300103.427851,nan,nan,0.0,11,64,,True,False,"HTTPConnectionPool(host='gpu06', port=9004): Read timed out.",0,59.56268577710819
304,2026-09-21T07:59:51.083+00:00,2026-09-21T08:04:51.074+00:00,2026-09-21T08:04:51.339+00:00,False,3,2.0,,2.0,299991.65202100005,300256.50936500006,300256.50956400007,100085.50318800002,0.03302,299991.65202100005,173123.85388665015,270018.9692712,132.428672,187.23572100077433,0.006660971328247692,11,64,,True,False,Request timeout: 300.0s exceeded,11,59.56268577710819
305,2026-09-21T07:59:51.508+00:00,2026-09-21T08:04:51.565+00:00,2026-09-21T08:04:51.565+00:00,False,1,0.0,,0.0,300056.822624,300056.822624,300056.822624,300056.822624,300056.822624,300056.822624,nan,300056.822624,nan,nan,0.0,11,64,,True,False,TTFT timeout: 300.0s exceeded (TTFT: 300.029s),0,59.56268577710819
306,2026-09-21T07:59:51.938+00:00,2026-09-21T08:04:52.043+00:00,2026-09-21T08:04:52.043+00:00,False,1,0.0,,0.0,300105.50558600004,300105.50558600004,300105.50558600004,300105.50558600004,300105.50558600004,300105.50558600004,nan,300105.50558600004,nan,nan,0.0,11,64,,True,False,"HTTPConnectionPool(host='gpu06', port=9004): Read timed out.",0,59.56268577710819
307,2026-09-21T07:59:52.242+00:00,2026-09-21T08:04:52.359+00:00,2026-09-21T08:04:52.359+00:00,False,1,0.0,,0.0,300116.90452,300116.90452,300116.90452,300116.90452,300116.90452,300116.90452,nan,300116.90452,nan,nan,0.0,11,64,,True,False,"HTTPConnectionPool(host='gpu06', port=9004): Read timed out.",0,59.56268577710819
308,2026-09-21T07:59:52.670+00:00,2026-09-21T08:04:52.721+00:00,2026-09-21T08:04:52.721+00:00,False,1,0.0,,0.0,300050.8103,300050.8103,300050.8103,300050.8103,300050.8103,300050.8103,nan,300050.8103,nan,nan,0.0,11,64,,True,False,TTFT timeout: 300.0s exceeded (TTFT: 300.036s),0,59.56268577710819
309,2026-09-21T07:59:54.154+00:00,2026-09-21T08:04:52.866+00:00,2026-09-21T08:04:53.739+00:00,True,11,11.0,,11.0,298712.10347100004,299584.59883100004,299584.598828,27234.963529818186,45.955168,298712.10347100004,90038.82023984555,149524.07548050003,87.249536,88.34279728414695,0.03671750831959575,11,64,,True,True,,26,59.56268577710819
310,2026-09-21T07:59:54.160+00:00,2026-09-21T08:04:52.867+00:00,2026-09-21T08:04:54.404+00:00,False,23,22.0,,22.0,298706.45307,300243.68699,300243.687056,13054.07335026087,0.037149999999999996,298706.45307,62270.060280511236,310.42500340000004,69.8742690909091,61.55000099841031,0.07327381374960512,11,64,,True,False,Request timeout: 300.0s exceeded,88,59.56268577710819
312,2026-09-21T07:59:54.418+00:00,2026-09-21T08:04:55.010+00:00,2026-09-21T08:04:55.010+00:00,False,1,0.0,,0.0,300592.024087,300592.024087,300592.024087,300592.024087,300592.024087,300592.024087,nan,300592.024087,nan,nan,0.0,11,64,,True,False,"HTTPConnectionPool(host='gpu06', port=9004): Read timed out.",0,59.56268577710819
311,2026-09-21T07:59:54.309+00:00,2026-09-21T08:04:55.037+00:00,2026-09-21T08:04:55.037+00:00,False,1,0.0,,0.0,300728.021484,300728.021484,300728.021484,300728.021484,300728.021484,300728.021484,nan,300728.021484,nan,nan,0.0,11,64,,True,False,"HTTPConnectionPool(host='gpu06', port=9004): Read timed out.",0,59.56268577710819
313,2026-09-21T07:59:54.674+00:00,2026-09-21T08:04:55.038+00:00,2026-09-21T08:04:55.038+00:00,False,1,0.0,,0.0,300364.30144199997,300364.30144199997,300364.30144199997,300364.30144199997,300364.30144199997,300364.30144199997,nan,300364.30144199997,nan,nan,0.0,11,64,,True,False,"HTTPConnectionPool(host='gpu06', port=9004): Read timed out.",0,59.56268577710819
314,2026-09-21T07:59:54.866+00:00,2026-09-21T08:04:55.367+00:00,2026-09-21T08:04:55.367+00:00,False,1,0.0,,0.0,300501.229935,300501.229935,300501.229935,300501.229935,300501.229935,300501.229935,nan,300501.229935,nan,nan,0.0,11,64,,True,False,"HTTPConnectionPool(host='gpu06', port=9004): Read timed out.",0,59.56268577710819
315,2026-09-21T07:59:55.229+00:00,2026-09-21T08:04:55.402+00:00,2026-09-21T08:04:55.402+00:00,False,1,0.0,,0.0,300172.999481,300172.999481,300172.999481,300172.999481,300172.999481,300172.999481,nan,300172.999481,nan,nan,0.0,11,64,,True,False,"HTTPConnectionPool(host='gpu06', port=9004): Read timed out.",0,59.56268577710819
316,2026-09-21T07:59:55.517+00:00,2026-09-21T08:04:55.679+00:00,2026-09-21T08:04:55.679+00:00,False,1,0.0,,0.0,300162.394379,300162.394379,300162.394379,300162.394379,300162.394379,300162.394379,nan,300162.394379,nan,nan,0.0,11,64,,True,False,"HTTPConnectionPool(host='gpu06', port=9004): Read timed out.",0,59.56268577710819
317,2026-09-21T07:59:55.961+00:00,2026-09-21T08:04:56.068+00:00,2026-09-21T08:04:56.068+00:00,False,1,0.0,,0.0,300106.644396,300106.644396,300106.644396,300106.644396,300106.644396,300106.644396,nan,300106.644396,nan,nan,0.0,11,64,,True,False,"HTTPConnectionPool(host='gpu06', port=9004): Read timed out.",0,59.56268577710819
318,2026-09-21T07:59:56.280+00:00,2026-09-21T08:04:56.387+00:00,2026-09-21T08:04:56.387+00:00,False,1,0.0,,0.0,300107.51773900003,300107.51773900003,300107.51773900003,300107.51773900003,300107.51773900003,300107.51773900003,nan,300107.51773900003,nan,nan,0.0,11,64,,True,False,"HTTPConnectionPool(host='gpu06', port=9004): Read timed out.",0,59.56268577710819
319,2026-09-21T07:59:56.610+00:00,2026-09-21T08:04:56.714+00:00,2026-09-21T08:04:56.714+00:00,False,1,0.0,,0.0,300104.29144,300104.29144,300104.29144,300104.29144,300104.29144,300104.29144,nan,300104.29144,nan,nan,0.0,11,64,,True,False,"HTTPConnectionPool(host='gpu06', port=9004): Read timed out.",0,59.56268577710819
320,2026-09-21T07:59:56.904+00:00,2026-09-21T08:04:56.918+00:00,2026-09-21T08:04:56.918+00:00,False,1,0.0,,0.0,300014.19345099997,300014.19345099997,300014.19345099997,300014.19345099997,300014.19345099997,300014.19345099997,nan,300014.19345099997,nan,nan,0.0,11,64,,True,False,TTFT timeout: 300.0s exceeded (TTFT: 300.008s),0,59.56268577710819
321,2026-09-21T07:59:57.334+00:00,2026-09-21T08:04:57.357+00:00,2026-09-21T08:04:57.357+00:00,False,1,0.0,,0.0,300022.23727700004,300022.23727700004,300022.23727700004,300022.23727700004,300022.23727700004,300022.23727700004,nan,300022.23727700004,nan,nan,0.0,11,64,,True,False,TTFT timeout: 300.0s exceeded (TTFT: 300.021s),0,59.56268577710819
322,2026-09-21T07:59:57.686+00:00,2026-09-21T08:04:57.788+00:00,2026-09-21T08:04:57.788+00:00,False,1,0.0,,0.0,300102.416769,300102.416769,300102.416769,300102.416769,300102.416769,300102.416769,nan,300102.416769,nan,nan,0.0,11,64,,True,False,"HTTPConnectionPool(host='gpu06', port=9004): Read timed out.",0,59.56268577710819
323,2026-09-21T07:59:58.087+00:00,2026-09-21T08:04:58.196+00:00,2026-09-21T08:04:58.196+00:00,False,1,0.0,,0.0,300109.576489,300109.576489,300109.576489,300109.576489,300109.576489,300109.576489,nan,300109.576489,nan,nan,0.0,11,64,,True,False,"HTTPConnectionPool(host='gpu06', port=9004): Read timed out.",0,59.56268577710819
324,2026-09-21T07:59:58.525+00:00,2026-09-21T08:04:58.633+00:00,2026-09-21T08:04:58.633+00:00,False,1,0.0,,0.0,300107.682034,300107.682034,300107.682034,300107.682034,300107.682034,300107.682034,nan,300107.682034,nan,nan,0.0,11,64,,True,False,"HTTPConnectionPool(host='gpu06', port=9004): Read timed out.",0,59.56268577710819
325,2026-09-21T07:59:58.963+00:00,2026-09-21T08:04:59.068+00:00,2026-09-21T08:04:59.068+00:00,False,1,0.0,,0.0,300105.05621899996,300105.05621899996,300105.05621899996,300105.05621899996,300105.05621899996,300105.05621899996,nan,300105.05621899996,nan,nan,0.0,11,64,,True,False,TTFT timeout: 300.0s exceeded (TTFT: 300.065s),0,59.56268577710819
326,2026-09-21T07:59:59.343+00:00,2026-09-21T08:04:59.374+00:00,2026-09-21T08:04:59.374+00:00,False,1,0.0,,0.0,300030.652756,300030.652756,300030.652756,300030.652756,300030.652756,300030.652756,nan,300030.652756,nan,nan,0.0,11,64,,True,False,TTFT timeout: 300.0s exceeded (TTFT: 300.017s),0,59.56268577710819
327,2026-09-21T07:59:59.632+00:00,2026-09-21T08:04:59.727+00:00,2026-09-21T08:04:59.727+00:00,False,1,0.0,,0.0,300094.9739,300094.9739,300094.9739,300094.9739,300094.9739,300094.9739,nan,300094.9739,nan,nan,0.0,11,64,,True,False,"HTTPConnectionPool(host='gpu06', port=9004): Read timed out.",0,59.56268577710819
328,2026-09-21T08:00:00.036+00:00,2026-09-21T08:05:00.137+00:00,2026-09-21T08:05:00.137+00:00,False,1,0.0,,0.0,300100.546829,300100.546829,300100.546829,300100.546829,300100.546829,300100.546829,nan,300100.546829,nan,nan,0.0,11,64,,True,False,"HTTPConnectionPool(host='gpu06', port=9004): Read timed out.",0,59.56268577710819
329,2026-09-21T08:00:00.442+00:00,2026-09-21T08:05:00.549+00:00,2026-09-21T08:05:00.549+00:00,False,1,0.0,,0.0,300106.769998,300106.769998,300106.769998,300106.769998,300106.769998,300106.769998,nan,300106.769998,nan,nan,0.0,11,64,,True,False,"HTTPConnectionPool(host='gpu06', port=9004): Read timed out.",0,59.56268577710819
330,2026-09-21T08:00:00.723+00:00,2026-09-21T08:05:00.829+00:00,2026-09-21T08:05:00.829+00:00,False,1,0.0,,0.0,300106.04014600004,300106.04014600004,300106.04014600004,300106.04014600004,300106.04014600004,300106.04014600004,nan,300106.04014600004,nan,nan,0.0,11,64,,True,False,"HTTPConnectionPool(host='gpu06', port=9004): Read timed out.",0,59.56268577710819
331,2026-09-21T08:00:01.130+00:00,2026-09-21T08:05:01.168+00:00,2026-09-21T08:05:02.673+00:00,True,23,23.0,,23.0,300038.39434,301543.019492,301543.019437,13110.566062478261,42.717908,300038.39434,62548.07997725123,207.6435337,68.39205236363635,37.47319381609299,0.07627435726665925,11,64,,True,True,,45,59.56268577710819
332,2026-09-21T08:00:01.572+00:00,2026-09-21T08:05:01.489+00:00,2026-09-21T08:05:02.177+00:00,True,12,12.0,,12.0,299916.692121,300604.770713,300604.77055899997,25050.397546583332,45.667737,299916.692121,86560.4359384935,135024.34307759997,62.55259927272727,18.765627733979066,0.0399195261323943,11,64,,True,True,,108,59.56268577710819
333,2026-09-21T08:00:01.978+00:00,2026-09-21T08:05:02.966+00:00,2026-09-21T08:05:03.069+00:00,False,4,3.0,,3.0,300987.783086,301091.290798,301091.290849,75272.82271225,0.023350000000000003,300987.783086,150476.6423526549,255848.518967,34.502570666666664,30.815251983201133,0.009963755484421098,11,64,,True,False,Request timeout: 300.0s exceeded,9,59.56268577710819
0,2026-09-21T07:58:02.112+00:00,2026-09-21T07:58:02.256+00:00,2026-09-21T07:58:02.316+00:00,True,3,3.0,,3.0,144.21732,204.213992,204.214024,68.07134133333334,24.511101999999998,144.21732,66.17225599064038,133.3441482,29.998336,7.759936894951659,14.690472335509705,12,64,,False,True,,11,59.56268577710819
2,2026-09-21T07:58:02.742+00:00,2026-09-21T07:58:03.576+00:00,2026-09-21T07:58:09.037+00:00,True,90,90.0,,90.0,833.381386,6294.84801,6294.848072,69.94275635555556,36.115093,833.381386,82.26285503142222,79.4669433,61.36479352808989,12.10349270058144,14.29740636422451,12,64,,False,True,,644,59.56268577710819
1,2026-09-21T07:58:02.481+00:00,2026-09-21T07:58:04.962+00:00,2026-09-21T07:58:06.419+00:00,True,23,23.0,,23.0,2480.2298769999998,3937.3470609999995,3937.347035,171.18900152173913,47.135334,2480.2298769999998,503.4802255623311,101.2797948,66.23259927272727,11.5738854846219,5.841496734646121,12,64,,False,True,,111,59.56268577710819
4,2026-09-21T07:58:03.520+00:00,2026-09-21T07:58:05.284+00:00,2026-09-21T07:58:10.056+00:00,True,77,77.0,,77.0,1763.798649,6535.665785,6535.665915,84.87877811688311,39.595313000000004,1763.798649,194.22730639556102,79.936956,62.78772547368421,12.210217658568387,11.781508194118896,12,64,,False,True,,154,59.56268577710819
5,2026-09-21T07:58:03.983+00:00,2026-09-21T07:58:09.613+00:00,2026-09-21T07:58:11.829+00:00,True,36,36.0,,36.0,5629.822768,7845.726256,7845.726098,217.93683605555555,45.956534,5629.822768,927.8080329856808,79.6027755,63.31152822857143,10.357192621685902,4.5884853518141915,12,64,,False,True,,144,59.56268577710819
6,2026-09-21T07:58:04.234+00:00,2026-09-21T07:58:10.941+00:00,2026-09-21T07:58:13.194+00:00,True,34,34.0,,34.0,6707.147849,8960.194121,8960.194083,263.5351200882353,0.01629,6707.147849,1140.6781110629374,203.17024379999998,68.27412945454546,70.60121825816984,3.794560646885342,12,64,,False,True,,119,59.56268577710819
7,2026-09-21T07:58:04.608+00:00,2026-09-21T07:58:13.164+00:00,2026-09-21T07:58:19.052+00:00,True,97,97.0,,97.0,8556.657824,14444.341408,14444.341435,148.91073644329896,0.03096,8556.657824,862.6526140272518,77.718494,61.33003733333334,12.01214159893707,6.715432518527742,12,64,,False,True,,873,59.56268577710819
3,2026-09-21T07:58:03.206+00:00,2026-09-21T07:58:15.686+00:00,2026-09-21T07:58:20.321+00:00,True,75,75.0,,75.0,12480.686700999999,17115.360365,17115.360561999998,228.2048074933333,43.595574,12480.686700999999,1433.938572315931,76.266994,62.630725189189185,8.52185308959135,4.382028680703153,12,64,,False,True,,150,59.56268577710819
8,2026-09-21T07:58:05.029+00:00,2026-09-21T07:58:15.870+00:00,2026-09-21T07:58:20.917+00:00,True,81,81.0,,81.0,10841.033926999999,15887.169990999999,15887.169950999998,196.1379006296296,45.579495,10841.033926999999,1197.5936740120312,77.945208,63.0767008,10.197177027331255,5.098453660776972,12,64,,False,True,,248,59.56268577710819
9,2026-09-21T07:58:05.451+00:00,2026-09-21T07:58:18.025+00:00,2026-09-21T07:58:22.741+00:00,True,74,74.0,,74.0,12574.160763,17290.153595,17290.153682,233.65072543243244,33.809543,12574.160763,1454.2492314584713,82.744048,64.60264153424657,11.213113071739269,4.279892575471363,12,64,,False,True,,74,59.56268577710819
10,2026-09-21T07:58:05.908+00:00,2026-09-21T07:58:20.544+00:00,2026-09-21T07:58:22.601+00:00,True,33,33.0,,33.0,14635.718313,16693.011881,16693.011907,505.84884566666665,29.541783,14635.718313,2536.586286642391,84.2038144,64.290424,11.730401604145678,1.976875128062458,12,64,,False,True,,130,59.56268577710819
11,2026-09-21T07:58:06.315+00:00,2026-09-21T07:58:22.457+00:00,2026-09-21T07:58:28.037+00:00,True,90,90.0,,90.0,16142.451895,21721.780151,21721.780174,241.35311304444446,0.0,16142.451895,1696.7330850652304,80.47657054999999,62.689081528089886,78.07952864453615,4.143306827265569,12,64,,False,True,,540,59.56268577710819
12,2026-09-21T07:58:06.614+00:00,2026-09-21T07:58:24.036+00:00,2026-09-21T07:58:25.632+00:00,True,26,26.0,,26.0,17422.073118,19018.491166,19018.491324,731.4804355384615,41.179284,17422.073118,3404.2423786376794,76.6726355,63.85672192,10.674845620009508,1.367090573750723,12,64,,False,True,,109,59.56268577710819
13,2026-09-21T07:58:06.904+00:00,2026-09-21T07:58:25.632+00:00,2026-09-21T07:58:25.871+00:00,True,5,5.0,,5.0,18728.002044,18967.017468000002,18967.017269,3793.4034538,44.937064,18728.002044,8348.703216715121,14997.5258928,59.753856,13.997378711133406,0.26361551089599067,12,64,,False,True,,20,59.56268577710819
14,2026-09-21T07:58:07.188+00:00,2026-09-21T07:58:27.155+00:00,2026-09-21T07:58:29.876+00:00,True,45,45.0,,45.0,19967.496483,22687.869731,22687.869785,504.1748841111111,41.530494,19967.496483,2967.3779723804196,79.897922,61.82666472727273,9.831221278610776,1.983438750907204,12,64,,False,True,,255,59.56268577710819
15,2026-09-21T07:58:07.654+00:00,2026-09-21T07:58:29.745+00:00,2026-09-21T07:58:34.126+00:00,True,69,69.0,,69.0,22090.580482999998,26471.897858999997,26471.898017999996,383.6506959130434,0.0,22090.580482999998,2653.1566933129034,84.20541860000002,64.43113788235294,90.46089569534516,2.60653770906498,12,64,,False,True,,139,59.56268577710819
16,2026-09-21T07:58:07.946+00:00,2026-09-21T07:58:31.268+00:00,2026-09-21T07:58:34.254+00:00,True,48,48.0,,48.0,23322.203832,26308.24876,26308.248671999998,548.088514,0.01611,23322.203832,3358.2205730496717,83.38279200000001,63.53287080851064,87.68518241730128,1.8245228117570835,12,64,,False,True,,197,59.56268577710819
17,2026-09-21T07:58:08.288+00:00,2026-09-21T07:58:33.411+00:00,2026-09-21T07:58:37.323+00:00,True,71,71.0,,71.0,25123.030708000002,29035.085236000003,29035.085334000003,408.94486385915496,0.0,25123.030708000002,2975.724087859381,80.78590849999999,55.88649325714286,69.55504090383702,2.4453174296856743,12,64,,False,True,,425,59.56268577710819
18,2026-09-21T07:58:08.629+00:00,2026-09-21T07:58:34.456+00:00,2026-09-21T07:58:36.252+00:00,True,29,29.0,,29.0,25826.531852,27622.727436,27622.727368,952.5078402758621,0.0,25826.531852,4785.051334855786,378.1085592,64.14984228571429,104.3404416955581,1.0498601221472805,12,64,,False,True,,58,59.56268577710819
19,2026-09-21T07:58:08.942+00:00,2026-09-21T07:58:36.112+00:00,2026-09-21T07:58:41.431+00:00,True,85,85.0,,85.0,27169.919541000003,32489.299765000003,32489.299883000003,382.2270574470589,0.0,27169.919541000003,2940.8687625122357,75.64572600000001,63.32595504761905,66.62874570885192,2.6162459829795592,12,64,,False,True,,273,59.56268577710819
20,2026-09-21T07:58:09.361+00:00,2026-09-21T07:58:38.027+00:00,2026-09-21T07:58:41.502+00:00,True,56,56.0,,56.0,28665.440846,32140.330830000003,32140.330877,573.9344799464286,0.0,28665.440846,3822.9845987153426,79.26918825,63.17981789090909,81.19712327818776,1.742359165380128,12,64,,False,True,,504,59.56268577710819
21,2026-09-21T07:58:09.615+00:00,2026-09-21T07:58:39.805+00:00,2026-09-21T07:58:46.488+00:00,True,98,98.0,,98.0,30190.252964000003,36873.388708000006,36873.388738,376.2590687551021,0.0,30190.252964000003,3044.786420518389,86.6714283,68.89830663917525,112.84105065114572,2.6577432515373354,12,64,,False,True,,339,59.56268577710819
22,2026-09-21T07:58:09.992+00:00,2026-09-21T07:58:41.694+00:00,2026-09-21T07:58:46.488+00:00,True,70,70.0,,70.0,31701.247261,36495.770397,36495.770409,521.3681487,0.0,31701.247261,3782.3298422127014,134.42565205,69.48584255072464,111.19777400033455,1.9180304796567356,12,64,,False,True,,280,59.56268577710819
23,2026-09-21T07:58:10.304+00:00,2026-09-21T07:58:43.562+00:00,2026-09-21T07:58:45.131+00:00,True,33,33.0,,33.0,33258.002473,34827.028009,34827.028186,1055.3644904848486,0.01583,33258.002473,5780.992510941993,74.24471799999999,49.032048,25.099152280457456,0.9475399391378483,12,64,,False,True,,66,59.56268577710819
24,2026-09-21T07:58:10.716+00:00,2026-09-21T07:58:45.365+00:00,2026-09-21T07:58:49.917+00:00,True,71,71.0,,71.0,34649.873517,39201.518445,39201.51854,552.134063943662,0.0,34649.873517,4105.347100542038,80.084423,65.02349897142857,85.63758398145157,1.811154333208125,12,64,,False,True,,142,59.56268577710819
25,2026-09-21T07:58:11.078+00:00,2026-09-21T07:58:47.133+00:00,2026-09-21T07:58:50.514+00:00,True,54,54.0,,54.0,36054.945514,39435.492842,39435.492925,730.2869060185185,46.472275,36054.945514,4897.785541568071,79.04405535,63.7839118490566,9.37851665562609,1.3693248418715933,12,64,,False,True,,159,59.56268577710819
26,2026-09-21T07:58:11.457+00:00,2026-09-21T07:58:48.946+00:00,2026-09-21T07:58:51.271+00:00,True,38,38.0,,38.0,37489.442601999996,39814.664489999996,39814.664344,1047.7543248421052,45.204983999999996,37489.442601999996,6071.402256810539,78.53579715,62.84383481081081,8.807756835762685,0.954422208167652,12,64,,False,True,,77,59.56268577710819
27,2026-09-21T07:58:11.736+00:00,2026-09-21T07:58:50.457+00:00,2026-09-21T07:58:54.732+00:00,True,68,68.0,,68.0,38721.05787,42996.06331,42996.063363999994,632.2950494705882,0.0,38721.05787,4690.02943537145,82.33777985,63.80605134328358,143.0354523002018,1.5815401403082547,12,64,,False,True,,272,59.56268577710819
28,2026-09-21T07:58:12.129+00:00,2026-09-21T07:58:52.510+00:00,2026-09-21T07:58:55.904+00:00,True,55,55.0,,55.0,40381.331212,43775.499788,43775.499895,795.9181799090909,0.0,40381.331212,5438.736434205342,83.68352660000001,62.854973629629626,155.9258067927035,1.2564105553645084,12,64,,False,True,,684,59.56268577710819
29,2026-09-21T07:58:12.493+00:00,2026-09-21T07:58:54.344+00:00,2026-09-21T07:59:01.262+00:00,True,98,98.0,,98.0,41850.855006,48769.396574,48769.396594,497.64690402040816,0.0,41850.855006,4221.249424250948,80.08938735,71.32517080412372,86.61687265521816,2.0094568906814376,12,64,,False,True,,99,59.56268577710819
30,2026-09-21T07:58:13.125+00:00,2026-09-21T07:58:57.672+00:00,2026-09-21T07:59:02.078+00:00,True,70,70.0,,70.0,44546.724604999996,48953.180668999994,48953.180703,699.3311528999999,0.0,44546.724604999996,5317.768435896672,83.18292949999999,63.86168208695652,106.41388851824736,1.4299377291397959,12,64,,False,True,,163,59.56268577710819
31,2026-09-21T07:58:13.247+00:00,2026-09-21T07:58:58.491+00:00,2026-09-21T07:59:00.254+00:00,True,28,28.0,,28.0,45243.923417000005,47006.616025,47006.616180000005,1678.807720714286,47.152585,45243.923417000005,8537.966102461287,81.99584115000002,65.2849114074074,10.277408752042552,0.5956608317669257,12,64,,False,True,,112,59.56268577710819
32,2026-09-21T07:58:13.629+00:00,2026-09-21T07:59:01.271+00:00,2026-09-21T07:59:03.399+00:00,True,49,49.0,,49.0,47642.054016999995,49769.864320999994,49769.864367999995,1015.7115177142856,0.0,47642.054016999995,6799.733235079313,83.1403786,44.32938133333334,28.45237434691665,0.9845315165813069,12,64,,False,True,,436,59.56268577710819
33,2026-09-21T07:58:14.067+00:00,2026-09-21T07:59:02.713+00:00,2026-09-21T07:59:06.861+00:00,True,69,69.0,,69.0,48645.727181,52794.042317,52794.042431,765.1310497246377,0.01525,48645.727181,5849.849037154265,110.3162478,61.004634352941174,105.40731347181003,1.306965653163891,12,64,,False,True,,443,59.56268577710819
34,2026-09-21T07:58:14.403+00:00,2026-09-21T07:59:04.637+00:00,2026-09-21T07:59:08.024+00:00,True,55,55.0,,55.0,50233.608275,53620.378451,53620.378517,974.9159730363637,0.01599,50233.608275,6766.068868915705,111.4799629,62.71796622222222,119.01327709386648,1.0257294258051675,12,64,,False,True,,220,59.56268577710819
35,2026-09-21T07:58:14.864+00:00,2026-09-21T07:59:06.938+00:00,2026-09-21T07:59:10.346+00:00,True,47,47.0,,47.0,52073.984167,55482.270119,55482.270051,1180.4738308723404,0.0,52073.984167,7586.44572145301,90.24883170000001,74.09317286956522,151.6069293974775,0.8471174647178824,12,64,,False,True,,235,59.56268577710819
36,2026-09-21T07:58:15.122+00:00,2026-09-21T07:59:08.475+00:00,2026-09-21T07:59:13.000+00:00,True,73,73.0,,73.0,53352.91388,57878.541272,57878.541361,792.8567309726027,0.0,53352.91388,6238.309359284473,89.14550100000001,62.855936,122.17356438732945,1.2612619184187237,12,64,,False,True,,73,59.56268577710819
37,2026-09-21T07:58:15.452+00:00,2026-09-21T07:59:10.335+00:00,2026-09-21T07:59:13.683+00:00,True,57,57.0,,57.0,54883.062899,58230.58597099999,58230.586106999996,1021.5892299473684,0.0,54883.062899,7261.548544329675,77.95634100000001,59.77719771428572,19.967030417760657,0.9788670172130356,12,64,,False,True,,228,59.56268577710819
38,2026-09-21T07:58:15.907+00:00,2026-09-21T07:59:13.000+00:00,2026-09-21T07:59:18.078+00:00,True,80,80.0,,80.0,57092.862068999995,62171.027829,62171.027825,777.1378478124999,40.148253,57092.862068999995,6375.995791713978,76.40008705000001,64.28057924050633,9.196322810389235,1.286773000118933,12,64,,False,True,,360,59.56268577710819
39,2026-09-21T07:58:16.231+00:00,2026-09-21T07:59:14.498+00:00,2026-09-21T07:59:15.777+00:00,True,21,21.0,,21.0,58266.926847,59546.538239,59546.538420000004,2835.549448571429,52.345644,58266.926847,12700.926844964455,79.10776700000001,63.9805696,8.504221617160256,0.3526653374158038,12,64,,False,True,,136,59.56268577710819
40,2026-09-21T07:58:16.548+00:00,2026-09-21T07:59:16.110+00:00,2026-09-21T07:59:21.840+00:00,True,92,92.0,,92.0,59561.793096,65292.048968,65292.04897,709.6961844565218,0.0,59561.793096,6205.855739880738,118.916898,62.96984474725275,183.1885856791575,1.4090536513119647,12,64,,False,True,,828,59.56268577710819
41,2026-09-21T07:58:16.901+00:00,2026-09-21T07:59:17.967+00:00,2026-09-21T07:59:23.920+00:00,True,94,94.0,,94.0,61065.945652,67018.62046800001,67018.620636,712.964049319149,0.0,61065.945652,6294.167185372695,164.41512835,64.0072560860215,170.97565766252035,1.402595268950411,12,64,,False,True,,189,59.56268577710819
42,2026-09-21T07:58:17.179+00:00,2026-09-21T07:59:19.441+00:00,2026-09-21T07:59:23.616+00:00,True,69,69.0,,69.0,62261.150913000005,66436.926657,66436.92658,962.8540084057972,0.0,62261.150913000005,7489.309060990325,133.0638134,61.408466823529416,142.7205971964891,1.0385790474058594,12,64,,False,True,,207,59.56268577710819
43,2026-09-21T07:58:17.578+00:00,2026-09-21T07:59:21.550+00:00,2026-09-21T07:59:22.834+00:00,True,21,21.0,,21.0,63971.202587,65255.329819,65255.32984,3107.396659047619,40.762404000000004,63971.202587,13945.654487332235,78.766127,64.20636160000001,11.621166426135982,0.32181279380930444,12,64,,False,True,,64,59.56268577710819
44,2026-09-21T07:58:17.902+00:00,2026-09-21T07:59:23.350+00:00,2026-09-21T07:59:29.536+00:00,True,97,97.0,,97.0,65448.593572,71633.983908,71633.984096,738.4946814020618,42.928414,65448.593572,6638.762372568156,77.329551,64.43114933333334,9.349618906145928,1.3541058965054598,12,64,,False,True,,291,59.56268577710819
45,2026-09-21T07:58:18.348+00:00,2026-09-21T07:59:25.808+00:00,2026-09-21T07:59:30.558+00:00,True,75,75.0,,75.0,67459.653112,72209.519096,72209.51886,962.7935848,39.387564,67459.653112,7782.164315056696,79.292236,64.18737816216216,9.936597798856326,1.038644225012635,12,64,,False,True,,227,59.56268577710819
46,2026-09-21T07:58:18.733+00:00,2026-09-21T07:59:27.848+00:00,2026-09-21T07:59:29.161+00:00,True,21,21.0,,21.0,69115.86881100001,70428.601739,70428.601517,3353.742929380953,48.009864,69115.86881100001,15067.99865376595,79.143987,65.6366464,9.199884439547949,0.29817431386503307,12,64,,False,True,,42,59.56268577710819
47,2026-09-21T07:58:19.001+00:00,2026-09-21T07:59:29.162+00:00,2026-09-21T07:59:31.076+00:00,True,31,31.0,,31.0,70160.736069,72074.44589300001,72074.44588700001,2324.982125387097,46.800474,70160.736069,12589.786474413922,76.50755699999999,63.79032746666667,9.359819120403275,0.4301108335403903,12,64,,False,True,,61,59.56268577710819
48,2026-09-21T07:58:19.452+00:00,2026-09-21T07:59:32.842+00:00,2026-09-21T07:59:36.742+00:00,True,82,82.0,,82.0,73390.180856,77290.52031200001,77290.520199,942.5673195,0.0,73390.180856,8100.671213556331,162.8221588,48.152338962962965,151.48700544786848,1.0609321773095737,12,64,,False,True,,245,59.56268577710819
49,2026-09-21T07:58:19.755+00:00,2026-09-21T07:59:32.993+00:00,2026-09-21T07:59:35.162+00:00,True,34,34.0,,34.0,73237.807988,75407.26386,75407.263859,2217.8607017352942,0.015609999999999999,73237.807988,12551.042203356626,630.5813711,65.74108703030304,235.15009363872352,0.4508849447597501,12,64,,False,True,,153,59.56268577710819
50,2026-09-21T07:58:20.093+00:00,2026-09-21T07:59:34.904+00:00,2026-09-21T07:59:36.198+00:00,True,21,21.0,,21.0,74811.68812100001,76105.708217,76105.70833500002,3624.081349285715,0.016550000000000002,74811.68812100001,16311.425510581617,359.857971,64.70100479999999,100.76499387147335,0.2759319963244118,12,64,,False,True,,21,59.56268577710819
51,2026-09-21T07:58:20.391+00:00,2026-09-21T07:59:36.869+00:00,2026-09-21T07:59:42.459+00:00,True,89,89.0,,89.0,76478.570843,82068.03004299999,82068.03027399999,922.1126997078651,6.8732299999999995,76478.570843,8099.99626404202,78.17374899999999,63.51658181818182,16.548566781355902,1.084466142947113,12,64,,False,True,,446,59.56268577710819
52,2026-09-21T07:58:20.788+00:00,2026-09-21T07:59:38.981+00:00,2026-09-21T07:59:42.929+00:00,True,63,63.0,,63.0,78193.133567,82140.580607,82140.580684,1303.818741015873,39.973144,78193.133567,9843.392299324509,78.3525799,63.668500645161295,9.938227441004392,0.7669777780293796,12,64,,False,True,,317,59.56268577710819
53,2026-09-21T07:58:21.112+00:00,2026-09-21T07:59:40.346+00:00,2026-09-21T07:59:41.227+00:00,True,15,15.0,,15.0,79234.440824,80115.00453600001,80115.004581,5341.0003054,52.044255,79234.440824,20442.00635727224,23823.406119100004,62.897408,8.774146935402438,0.18723084504425996,12,64,,False,True,,53,59.56268577710819
54,2026-09-21T07:58:21.395+00:00,2026-09-21T07:59:41.761+00:00,2026-09-21T07:59:42.665+00:00,True,15,15.0,,15.0,80365.489968,81270.10488,81270.104958,5418.006997199999,42.287544000000004,80365.489968,20733.599967998092,24164.5814273,64.61535085714286,12.135076049011888,0.1845697138221781,12,64,,False,True,,30,59.56268577710819
55,2026-09-21T07:58:21.737+00:00,2026-09-21T07:59:43.475+00:00,2026-09-21T07:59:44.878+00:00,True,23,23.0,,23.0,81737.771804,83141.59055600001,83141.590567,3614.851763782609,40.429044000000005,81737.771804,17030.20205430109,85.39953600000001,63.809943272727274,11.572639395253,0.27663651664816724,12,64,,False,True,,86,59.56268577710819
56,2026-09-21T07:58:22.046+00:00,2026-09-21T07:59:45.240+00:00,2026-09-21T07:59:47.056+00:00,True,29,29.0,,29.0,83194.29688699999,85010.01605499999,85010.01594699999,2931.379860241379,0.0,83194.29688699999,15440.166250127622,1076.4262968,64.84711314285714,330.6792875239855,0.3411362724744989,12,64,,False,True,,196,59.56268577710819
57,2026-09-21T07:58:22.502+00:00,2026-09-21T07:59:47.557+00:00,2026-09-21T07:59:49.454+00:00,True,31,31.0,,31.0,85054.874323,86951.321555,86951.3216,2804.8813419354838,44.342664,85054.874323,15264.955469688939,80.419042,63.214907733333334,9.42212241217699,0.3565213207299135,12,64,,False,True,,31,59.56268577710819
58,2026-09-21T07:58:23.319+00:00,2026-09-21T07:59:50.536+00:00,2026-09-21T07:59:54.171+00:00,True,48,48.0,,48.0,87217.50370100001,90852.519125,90852.519121,1892.7608150208334,0.01623,87217.50370100001,12579.217910279647,80.5950835,77.34075370212767,203.9817445810929,0.5283287735143469,12,64,,False,True,,48,59.56268577710819
59,2026-09-21T07:58:23.357+00:00,2026-09-21T07:59:51.110+00:00,2026-09-21T07:59:54.254+00:00,True,42,42.0,,42.0,87753.093557,90897.608373,90897.608224,2164.2287672380953,0.01572,87753.093557,13530.725841582054,79.4280215,76.69548331707317,233.38988228044292,0.4620583616199475,12,64,,False,True,,42,59.56268577710819
60,2026-09-21T07:58:23.547+00:00,2026-09-21T07:59:52.732+00:00,2026-09-21T07:59:54.103+00:00,True,2,2.0,,2.0,89185.39691,90556.34474999999,90556.344961,45278.1724805,1370.948051,89185.39691,62094.192274358174,84794.67446705,1370.94784,nan,0.022085697093024506,12,64,,False,True,,11,59.56268577710819
61,2026-09-21T07:58:23.877+00:00,2026-09-21T07:59:54.268+00:00,2026-09-21T07:59:55.022+00:00,True,14,14.0,,14.0,90391.11228100001,91145.41551300001,91145.41547800001,6510.386819857144,0.01832,90391.11228100001,24142.634604704108,31766.63774705,58.023325538461535,72.708641476972,0.15360070411882853,12,64,,False,True,,21,59.56268577710819
62,2026-09-21T07:58:24.129+00:00,2026-09-21T07:59:55.958+00:00,2026-09-21T08:00:02.900+00:00,True,82,82.0,,82.0,91828.63167399999,98771.41516199999,98771.415134,1204.5294528536583,38.538822999999994,91828.63167399999,10133.384400268596,76.5304025,85.71337639506173,206.28335314896873,0.8301997077343445,12,64,,False,True,,168,59.56268577710819
63,2026-09-21T07:58:24.401+00:00,2026-09-21T07:59:57.168+00:00,2026-09-21T08:00:02.870+00:00,True,67,67.0,,67.0,92767.13162100001,98468.811493,98468.811673,1469.683756313433,0.0,92767.13162100001,11324.97205089,77.729987,86.38908896969697,225.80485702323074,0.6804184897140038,12,64,,False,True,,469,59.56268577710819
64,2026-09-21T07:58:24.866+00:00,2026-09-21T07:59:59.603+00:00,2026-09-21T08:00:05.655+00:00,True,95,95.0,,95.0,94737.440848,100789.453392,100789.45363,1060.9416171578948,0.0,94737.440848,9715.186980376971,78.479166,64.38311217021277,194.99209156402483,0.9425589365041688,12,64,,False,True,,521,59.56268577710819
65,2026-09-21T07:58:25.322+00:00,2026-09-21T08:00:02.878+00:00,2026-09-21T08:00:05.086+00:00,True,52,52.0,,52.0,97555.970529,99763.745761,99763.745863,1918.5335742884615,0.0,97555.970529,13522.609819040981,78.813998,43.28971043137255,30.636035558109505,0.5212314313515685,12,64,,False,True,,468,59.56268577710819
66,2026-09-21T07:58:25.641+00:00,2026-09-21T08:00:03.676+00:00,2026-09-21T08:00:05.352+00:00,True,27,27.0,,27.0,98034.725936,99710.10692800001,99710.106813,3692.966919,47.511314,98034.725936,18854.39240809633,80.97986999999999,64.43773046153846,8.047139581698636,0.27078498691708874,12,64,,False,True,,81,59.56268577710819
67,2026-09-21T07:58:26.026+00:00,2026-09-21T08:00:05.422+00:00,2026-09-21T08:00:11.224+00:00,True,94,94.0,,94.0,99396.45383,105198.718918,105198.719101,1119.1353095851064,43.830243,99396.45383,10245.531057356491,78.38791950000001,62.389947182795694,9.82579302179339,0.893547002918076,12,64,,False,True,,376,59.56268577710819
68,2026-09-21T07:58:26.423+00:00,2026-09-21T08:00:07.162+00:00,2026-09-21T08:00:11.228+00:00,True,67,67.0,,67.0,100739.029671,104805.40586299999,104805.405929,1564.2597899850746,42.877464,100739.029671,12299.707740377571,76.88044529999999,61.61176048484848,9.396834409507354,0.6392800013348678,12,64,,True,True,,134,59.56268577710819
69,2026-09-21T07:58:26.850+00:00,2026-09-21T08:00:09.738+00:00,2026-09-21T08:00:11.149+00:00,True,23,23.0,,23.0,102888.065443,104299.058083,104299.058067,4534.741655086957,47.184184,102888.065443,21440.27278006377,74.77945319999999,64.13602909090909,7.893839465234519,0.22051972877546855,12,64,,True,True,,115,59.56268577710819
70,2026-09-21T07:58:27.104+00:00,2026-09-21T08:00:11.148+00:00,2026-09-21T08:00:16.683+00:00,True,88,88.0,,88.0,104043.911331,109578.561955,109578.561948,1245.2109312272726,45.082944000000005,104043.911331,11084.340152139472,77.11484865,63.61667383908046,8.85739101418651,0.803076791937993,12,64,,True,True,,271,59.56268577710819
71,2026-09-21T07:58:27.557+00:00,2026-09-21T08:00:13.470+00:00,2026-09-21T08:00:18.730+00:00,True,84,84.0,,84.0,105912.967869,111172.515005,111172.515026,1323.4823217380952,42.035633000000004,105912.967869,11549.142064353204,75.9380307,63.36803778313253,9.53132635125251,0.7555824386650072,12,64,,True,True,,502,59.56268577710819
72,2026-09-21T07:58:28.026+00:00,2026-09-21T08:00:15.920+00:00,2026-09-21T08:00:16.975+00:00,True,18,18.0,,18.0,107893.91967399999,108948.914618,108948.91466699999,6052.7174815,41.973085,107893.91967399999,25416.21519495444,16249.046487049998,62.05852611764706,9.806097265566777,0.16521504654830338,12,64,,True,True,,18,59.56268577710819
73,2026-09-21T07:58:28.373+00:00,2026-09-21T08:00:17.645+00:00,2026-09-21T08:00:21.224+00:00,True,57,57.0,,57.0,109272.737021,112851.082237,112851.082167,1979.8435467894735,40.875623,109272.737021,14465.067466764442,76.300715,63.899021714285716,10.162108052850519,0.5050904153519199,12,64,,True,True,,228,59.56268577710819
74,2026-09-21T07:58:28.841+00:00,2026-09-21T08:00:20.066+00:00,2026-09-21T08:00:23.362+00:00,True,54,54.0,,54.0,111224.847822,114520.74106999999,114520.740987,2120.7544627222223,44.248593,111224.847822,15127.324857561629,76.23613284999999,62.18666505660377,9.175887898862964,0.47153030530070433,12,64,,True,True,,113,59.56268577710819
75,2026-09-21T07:58:29.132+00:00,2026-09-21T08:00:21.399+00:00,2026-09-21T08:00:26.841+00:00,True,88,88.0,,88.0,112266.857481,117708.270089,117708.269865,1337.5939757386363,41.377623,112266.857481,11961.023292854292,77.02068600000001,62.544972505747126,9.057628987767394,0.7476110211581788,12,64,,True,True,,655,59.56268577710819
76,2026-09-21T07:58:29.408+00:00,2026-09-21T08:00:22.862+00:00,2026-09-21T08:00:28.405+00:00,True,89,89.0,,89.0,113453.737471,118996.979967,118996.979953,1337.0447185730336,43.319143,113453.737471,12019.39898017224,78.573984,62.991392,9.781042757300064,0.7479181406509753,12,64,,True,True,,445,59.56268577710819
77,2026-09-21T07:58:29.687+00:00,2026-09-21T08:00:24.198+00:00,2026-09-21T08:00:28.688+00:00,True,72,72.0,,72.0,114511.372912,119001.1964,119001.196475,1652.7943954861112,46.279362,114511.372912,13487.845133814893,78.8344415,63.236950535211264,9.002201869324123,0.6050359339076359,12,64,,True,True,,271,59.56268577710819
78,2026-09-21T07:58:29.989+00:00,2026-09-21T08:00:26.041+00:00,2026-09-21T08:00:30.653+00:00,True,74,74.0,,74.0,116051.677587,120663.599763,120663.59979,1630.5891863513514,42.704034,116051.677587,13483.39288603511,76.71569299999999,63.17701610958904,9.884219400920507,0.613275255713788,12,64,,True,True,,294,59.56268577710819
79,2026-09-21T07:58:30.313+00:00,2026-09-21T08:00:27.495+00:00,2026-09-21T08:00:30.397+00:00,True,48,48.0,,48.0,117182.022281,120083.59847299999,120083.598457,2501.7416345208335,41.827003,117182.022281,16904.859920661,76.74261800000001,61.73566365957447,9.602230487394888,0.3997215324188714,12,64,,True,True,,55,59.56268577710819
80,2026-09-21T07:58:30.778+00:00,2026-09-21T08:00:30.042+00:00,2026-09-21T08:00:35.819+00:00,True,92,92.0,,92.0,119264.619823,125041.420591,125041.420512,1359.145875130435,45.860253,119264.619823,12427.580997648613,77.30811305000002,63.48132712087912,9.00038380865839,0.7357561963481227,12,64,,True,True,,322,59.56268577710819
81,2026-09-21T07:58:31.145+00:00,2026-09-21T08:00:31.883+00:00,2026-09-21T08:00:34.169+00:00,True,36,36.0,,36.0,120738.636971,123024.133803,123024.133771,3417.3370491944443,48.225614,120738.636971,20112.22454805557,78.94970775,65.29990948571428,8.400679805423206,0.2926255108420209,12,64,,True,True,,36,59.56268577710819
82,2026-09-21T07:58:31.481+00:00,2026-09-21T08:00:33.426+00:00,2026-09-21T08:00:38.588+00:00,True,84,84.0,,84.0,121944.127261,127106.618397,127106.618324,1513.1740276666667,44.140173000000004,121944.127261,13298.412126968631,77.06025285000001,62.19868838554217,9.667122101450534,0.6608625188787383,12,64,,True,True,,756,59.56268577710819
83,2026-09-21T07:58:31.779+00:00,2026-09-21T08:00:34.752+00:00,2026-09-21T08:00:39.137+00:00,True,72,72.0,,72.0,122972.730879,127358.25996699999,127358.259794,1768.8647193611112,45.046163,122972.730879,14485.199067410258,77.1181175,61.76801532394366,9.66643723375714,0.5653343569443869,12,64,,True,True,,261,59.56268577710819
84,2026-09-21T07:58:32.199+00:00,2026-09-21T08:00:37.063+00:00,2026-09-21T08:00:43.437+00:00,True,100,100.0,,100.0,124863.82060699999,131238.58259099998,131238.58259099998,1312.3858259099998,44.899392999999996,124863.82060699999,12479.94684277285,77.60907455,64.39153519191919,9.961643379981298,0.7619710456005623,12,64,,True,True,,207,59.56268577710819
85,2026-09-21T07:58:32.668+00:00,2026-09-21T08:00:39.445+00:00,2026-09-21T08:00:42.511+00:00,True,48,48.0,,48.0,126777.796085,129842.937077,129842.937073,2705.0611890208334,44.122743,126777.796085,18289.38803756519,77.91880085000001,65.21576578723405,9.56570971372925,0.3696774047211736,12,64,,True,True,,56,59.56268577710819
86,2026-09-21T07:58:33.468+00:00,2026-09-21T08:00:42.288+00:00,2026-09-21T08:00:42.792+00:00,True,9,9.0,,9.0,128819.76332299999,129324.05311499999,129324.05312099999,14369.339235666666,42.053963,128819.76332299999,42918.910788761124,77326.6773126,63.036224,13.124932881454768,0.06959262243348381,12,64,,True,True,,37,59.56268577710819
87,2026-09-21T07:58:33.524+00:00,2026-09-21T08:00:43.753+00:00,2026-09-21T08:00:49.786+00:00,True,95,95.0,,95.0,130229.584646,136262.330118,136262.33021400002,1434.3403180421053,47.619893,130229.584646,13354.691737409534,77.20127099999999,64.17814331914893,8.711811018739912,0.6971846138087628,12,64,,True,True,,265,59.56268577710819
88,2026-09-21T07:58:33.801+00:00,2026-09-21T08:00:45.877+00:00,2026-09-21T08:00:49.980+00:00,True,65,65.0,,65.0,132075.471795,136179.14078699998,136179.14091999998,2095.0637064615385,43.255203,132075.471795,16373.995562653346,78.948604,64.119828,9.226579264490626,0.4773124549351325,12,64,,True,True,,74,59.56268577710819
89,2026-09-21T07:58:34.256+00:00,2026-09-21T08:00:48.218+00:00,2026-09-21T08:00:49.649+00:00,True,24,24.0,,24.0,133962.590822,135393.743974,135393.743798,5641.405991583333,46.825423,133962.590822,27332.29905623694,78.67419385,62.224050086956524,8.075556208001515,0.17726077509614313,12,64,,True,True,,96,59.56268577710819
90,2026-09-21T07:58:34.635+00:00,2026-09-21T08:00:50.394+00:00,2026-09-21T08:00:53.432+00:00,True,50,50.0,,50.0,135758.28270399998,138796.874704,138796.87464999998,2775.9374929999994,44.544543,135758.28270399998,19190.35289628106,76.66675455,62.01208163265306,9.427394407837191,0.3602386588792482,12,64,,True,True,,250,59.56268577710819
91,2026-09-21T07:58:35.102+00:00,2026-09-21T08:00:52.690+00:00,2026-09-21T08:00:53.095+00:00,True,8,8.0,,8.0,137588.343156,137993.342068,137993.342246,17249.16778075,50.832483999999994,137588.343156,48624.369928521846,89456.38107814999,57.85698742857142,5.24722519403792,0.05797381149054119,12,64,,True,True,,104,59.56268577710819
92,2026-09-21T07:58:35.378+00:00,2026-09-21T08:00:54.151+00:00,2026-09-21T08:01:00.158+00:00,True,96,96.0,,96.0,138772.767267,144779.66288299998,144779.662903,1508.1214885729166,41.844902999999995,138772.767267,14156.986192540657,77.05779999999999,63.23048016842105,9.82952176387685,0.6630765543195107,12,64,,True,True,,384,59.56268577710819
93,2026-09-21T07:58:35.717+00:00,2026-09-21T08:00:56.108+00:00,2026-09-21T08:00:57.933+00:00,True,30,30.0,,30.0,140391.036906,142215.937258,142215.937092,4740.5312364,42.281553,140391.036906,25620.292178064654,79.19389849999999,62.92759834482759,9.963090746279635,0.21094682198364112,12,64,,True,True,,30,59.56268577710819
94,2026-09-21T07:58:36.081+00:00,2026-09-21T08:00:57.981+00:00,2026-09-21T08:00:59.793+00:00,True,29,29.0,,29.0,141899.86408899998,143711.78549699998,143711.78554299998,4955.578811827586,45.325523000000004,141899.86408899998,26338.128240381022,76.70224759999999,64.71147885714286,9.382083649333424,0.20179277503030804,12,64,,True,True,,174,59.56268577710819
95,2026-09-21T07:58:36.389+00:00,2026-09-21T08:00:59.480+00:00,2026-09-21T08:01:04.832+00:00,True,85,85.0,,85.0,143091.032228,148443.283108,148443.283066,1746.391565482353,42.538494,143091.032228,15513.493619053688,79.0420458,63.71727238095238,9.964474735856205,0.572609270155782,12,64,,True,True,,172,59.56268577710819
96,2026-09-21T07:58:36.772+00:00,2026-09-21T08:01:01.391+00:00,2026-09-21T08:01:07.217+00:00,True,93,93.0,,93.0,144619.07477,150445.085394,150445.085442,1617.6890907741936,42.623222999999996,144619.07477,14989.735584291044,76.50213140000001,63.32620243478261,9.110206059196702,0.6181657563385518,12,64,,True,True,,279,59.56268577710819
97,2026-09-21T07:58:37.211+00:00,2026-09-21T08:01:03.606+00:00,2026-09-21T08:01:07.808+00:00,True,69,69.0,,69.0,146394.53301800002,150596.56258600001,150596.56259000002,2182.558878115942,43.042513,146394.53301800002,17616.39379129503,76.3647176,61.794552470588236,8.943351543766404,0.4581777884910003,12,64,,True,True,,140,59.56268577710819
98,2026-09-21T07:58:37.551+00:00,2026-09-21T08:01:05.462+00:00,2026-09-21T08:01:08.544+00:00,True,50,50.0,,50.0,147911.33076100002,150993.33677700002,150993.33697000003,3019.8667394000004,45.283843,147911.33076100002,20908.92809726643,80.141832,62.89808195918367,9.758613814699508,0.33114044014964916,12,64,,True,True,,184,59.56268577710819
99,2026-09-21T07:58:37.880+00:00,2026-09-21T08:01:07.216+00:00,2026-09-21T08:01:12.874+00:00,True,90,90.0,,90.0,149336.881657,154993.917433,154993.917548,1722.154639422222,39.647363,149336.881657,15734.793064225863,79.306484,63.56219973033708,10.7314409782586,0.5806679480754768,12,64,,True,True,,270,59.56268577710819
100,2026-09-21T07:58:38.283+00:00,2026-09-21T08:01:09.651+00:00,2026-09-21T08:01:13.105+00:00,True,55,55.0,,55.0,151367.793606,154822.040518,154822.04036299998,2814.9461884181815,44.327504,151367.793606,20401.806039426054,79.2946496,63.96753540740741,9.76498335232544,0.3552465773993307,12,64,,True,True,,649,59.56268577710819
101,2026-09-21T07:58:38.583+00:00,2026-09-21T08:01:11.538+00:00,2026-09-21T08:01:16.149+00:00,True,73,73.0,,73.0,152954.58666600002,157565.439786,157565.439818,2158.4306824383566,48.773404,152954.58666600002,17894.488211153748,79.754344,64.03962666666666,10.760331879782639,0.46329956682852597,12,64,,True,True,,292,59.56268577710819
102,2026-09-21T07:58:39.011+00:00,2026-09-21T08:01:13.771+00:00,2026-09-21T08:01:16.531+00:00,True,44,44.0,,44.0,154759.31685600002,157519.391864,157519.39187100003,3579.986178886364,41.053402999999996,154759.31685600002,23321.170437638564,78.5203313,64.18779088372092,10.378505065544847,0.27933068734793604,12,64,,True,True,,132,59.56268577710819
103,2026-09-21T07:58:39.295+00:00,2026-09-21T08:01:15.316+00:00,2026-09-21T08:01:20.162+00:00,True,77,77.0,,77.0,156020.348502,160866.317654,160866.317852,2089.1729591168832,45.309703999999996,156020.348502,17772.90519842696,77.293134,63.762752,10.013893430636468,0.47865831159022226,12,64,,True,True,,386,59.56268577710819
104,2026-09-21T07:58:39.610+00:00,2026-09-21T08:01:16.978+00:00,2026-09-21T08:01:17.543+00:00,True,10,10.0,,10.0,157368.017602,157932.84653,157932.84663400002,15793.284663400002,53.115324,157368.017602,49744.29103802591,86585.46917185001,62.75876977777778,7.1633401231612925,0.06331805080269011,12,64,,True,True,,55,59.56268577710819
105,2026-09-21T07:58:39.885+00:00,2026-09-21T08:01:18.352+00:00,2026-09-21T08:01:21.575+00:00,True,52,52.0,,52.0,158467.538907,161689.85289100002,161689.852756,3109.4202453076923,44.317133999999996,158467.538907,21966.734459547726,76.97253395,63.182627137254904,10.75525091394793,0.32160336020006625,12,64,,True,True,,52,59.56268577710819
106,2026-09-21T07:58:40.213+00:00,2026-09-21T08:01:20.089+00:00,2026-09-21T08:01:22.204+00:00,True,35,35.0,,35.0,159875.823772,161990.88118,161990.881323,4628.310894942857,44.064063000000004,159875.823772,27013.433473517824,77.301883,62.207570823529416,10.37841087187112,0.2160615446070012,12,64,,True,True,,105,59.56268577710819
107,2026-09-21T07:58:40.570+00:00,2026-09-21T08:01:22.134+00:00,2026-09-21T08:01:26.536+00:00,True,70,70.0,,70.0,161564.603322,165966.67333800002,165966.6734,2370.9524771428573,43.445532,161564.603322,19303.04076275144,78.28373400000001,63.798116173913044,9.859715673723288,0.42177142309432963,12,64,,True,True,,298,59.56268577710819
108,2026-09-21T07:58:40.981+00:00,2026-09-21T08:01:23.958+00:00,2026-09-21T08:01:27.503+00:00,True,58,58.0,,58.0,162976.817297,166521.216913,166521.216819,2871.055462396552,46.882222,162976.817297,21391.741604755392,80.1617878,62.18244940350878,9.43008742742458,0.34830396435489924,12,64,,True,True,,123,59.56268577710819
109,2026-09-21T07:58:41.308+00:00,2026-09-21T08:01:25.669+00:00,2026-09-21T08:01:28.566+00:00,True,48,48.0,,48.0,164361.169296,167258.253968,167258.254093,3484.5469602708336,44.96091199999999,164361.169296,23714.596462295962,77.42549785000001,61.64009940425532,10.112710040372894,0.28698135285558707,12,64,,True,True,,162,59.56268577710819
110,2026-09-21T07:58:41.602+00:00,2026-09-21T08:01:27.208+00:00,2026-09-21T08:01:30.344+00:00,True,51,51.0,,51.0,165606.07581799998,168741.62653799998,168741.626578,3308.659344666666,46.485232,165606.07581799998,23180.709416973772,75.736414,62.711014399999996,9.071031377362257,0.3022372193888684,12,64,,True,True,,153,59.56268577710819
111,2026-09-21T07:58:41.890+00:00,2026-09-21T08:01:28.448+00:00,2026-09-21T08:01:33.096+00:00,True,76,76.0,,76.0,166558.211495,171206.212775,171206.212676,2252.7133246842104,41.482813,166558.211495,19098.43025365072,75.848599,61.9733504,8.628605167477614,0.44390912437202007,12,64,,True,True,,229,59.56268577710819
112,2026-09-21T07:58:42.337+00:00,2026-09-21T08:01:30.738+00:00,2026-09-21T08:01:35.329+00:00,True,74,74.0,,74.0,168400.654933,172991.826517,172991.82654100002,2337.7273856891893,45.040463,168400.654933,19568.869153796317,76.12633835000001,62.89276142465753,8.427825937978268,0.4277658747809566,12,64,,True,True,,224,59.56268577710819
113,2026-09-21T07:58:42.660+00:00,2026-09-21T08:01:32.373+00:00,2026-09-21T08:01:32.857+00:00,True,9,9.0,,9.0,169712.97429800002,170196.78997800002,170196.789966,18910.754440666668,48.287893,169712.97429800002,56550.83308410627,101857.38804840003,60.47696,9.078382314274531,0.0528799632540858,12,64,,True,True,,75,59.56268577710819
115,2026-09-21T07:58:43.531+00:00,2026-09-21T08:01:34.008+00:00,2026-09-21T08:01:36.018+00:00,True,32,32.0,,32.0,170476.472985,172486.965913,172486.965924,5390.217685125,45.970582,170476.472985,30124.804327481877,78.95834799999999,64.85461058064516,9.952993531655224,0.18552126434956454,12,64,,True,True,,188,59.56268577710819
114,2026-09-21T07:58:43.501+00:00,2026-09-21T08:01:35.107+00:00,2026-09-21T08:01:41.382+00:00,True,99,99.0,,99.0,171606.31316800002,177881.44456000003,177881.44459700002,1796.782268656566,44.176372,171606.31316800002,17240.65047815025,77.70613490000001,64.03195297959184,9.377928282192048,0.5565504611505837,12,64,,True,True,,1,59.56268577710819
116,2026-09-21T07:58:43.697+00:00,2026-09-21T08:01:37.270+00:00,2026-09-21T08:01:42.502+00:00,True,84,84.0,,84.0,173573.162866,178804.306034,178804.306037,2128.6226909166667,44.330762,173573.162866,18931.510046691084,76.200469,63.02582130120482,8.812723598410809,0.4697873438463346,12,64,,True,True,,420,59.56268577710819
117,2026-09-21T07:58:43.996+00:00,2026-09-21T08:01:39.146+00:00,2026-09-21T08:01:39.666+00:00,True,9,9.0,,9.0,175150.335185,175670.127569,175670.127554,19518.903061555557,55.115873,175150.335185,58361.78733096302,105120.19229659998,64.974048,6.162428521577141,0.051232387227959204,12,64,,True,True,,21,59.56268577710819
118,2026-09-21T07:58:44.408+00:00,2026-09-21T08:01:41.031+00:00,2026-09-21T08:01:44.880+00:00,True,63,63.0,,63.0,176623.18374399998,180472.31628799997,180472.316252,2864.639940507936,41.379782,176623.18374399998,22244.61014568697,78.09026899999999,62.082782967741934,10.241071277574527,0.34908401075466783,12,64,,True,True,,313,59.56268577710819
119,2026-09-21T07:58:44.694+00:00,2026-09-21T08:01:42.744+00:00,2026-09-21T08:01:44.241+00:00,True,25,25.0,,25.0,178049.591957,179547.469973,179547.470058,7181.89880232,43.951572999999996,178049.591957,35597.437613781476,77.306352,62.411584,10.695729598053463,0.1392389433488506,12,64,,True,True,,71,59.56268577710819
120,2026-09-21T07:58:45.007+00:00,2026-09-21T08:01:44.354+00:00,2026-09-21T08:01:46.783+00:00,True,40,40.0,,40.0,179347.35175200002,181776.195016,181776.19506300002,4544.404876575,45.563823,179347.35175200002,28347.460714139368,75.86412349999999,62.27803241025641,9.475561628975624,0.22005081576539318,12,64,,True,True,,140,59.56268577710819
121,2026-09-21T07:58:45.456+00:00,2026-09-21T08:01:46.536+00:00,2026-09-21T08:01:46.536+00:00,True,1,1.0,,1.0,181079.975893,181079.975893,181079.975893,181079.975893,181079.975893,181079.975893,nan,181079.975893,nan,nan,0.005522421764573788,12,64,,True,True,,2,59.56268577710819
122,2026-09-21T07:58:45.867+00:00,2026-09-21T08:01:48.642+00:00,2026-09-21T08:01:49.248+00:00,True,11,11.0,,11.0,182775.631475,183381.605235,183381.60520700002,16671.05501881818,40.55766199999999,182775.631475,55090.656463472755,91424.9223645,60.597376,10.242126642991636,0.05998420608164986,12,64,,True,True,,44,59.56268577710819
123,2026-09-21T07:58:46.265+00:00,2026-09-21T08:01:50.910+00:00,2026-09-21T08:01:54.232+00:00,True,53,53.0,,53.0,184645.697105,187967.287377,187967.287355,3546.5525916037736,44.187591999999995,184645.697105,25354.26459209566,78.2616198,63.876736,9.240467944925172,0.28196395627979454,12,64,,True,True,,159,59.56268577710819
124,2026-09-21T07:58:46.678+00:00,2026-09-21T08:01:52.580+00:00,2026-09-21T08:01:54.742+00:00,True,35,35.0,,35.0,185901.873443,188064.269347,188064.269279,5373.264836542857,42.326883,185901.873443,31412.40302285226,80.2426263,63.599879529411766,9.86602491644932,0.1861065906965082,12,64,,True,True,,67,59.56268577710819
125,2026-09-21T07:58:47.052+00:00,2026-09-21T08:01:54.514+00:00,2026-09-21T08:01:59.333+00:00,True,77,77.0,,77.0,187461.96317899998,192281.327531,192281.32752999998,2497.1600977922076,42.220922,187461.96317899998,21356.048764901607,78.20454800000002,63.41268884210526,9.123900063044312,0.40045490110102294,12,64,,True,True,,384,59.56268577710819
126,2026-09-21T07:58:47.450+00:00,2026-09-21T08:01:56.339+00:00,2026-09-21T08:01:58.228+00:00,True,31,31.0,,31.0,188888.723417,190778.015705,190778.015808,6154.129542193548,43.171672,188888.723417,33914.10653037394,77.86261900000001,62.976409600000004,9.211552783136176,0.16249251720877153,12,64,,True,True,,372,59.56268577710819
127,2026-09-21T07:58:47.857+00:00,2026-09-21T08:01:58.562+00:00,2026-09-21T08:02:03.109+00:00,True,74,74.0,,74.0,190705.758714,195252.663802,195252.66391,2638.549512297297,46.610392999999995,190705.758714,22161.85531422487,78.384889,62.28637106849315,9.025373497194783,0.378996109753674,12,64,,True,True,,148,59.56268577710819
128,2026-09-21T07:58:48.164+00:00,2026-09-21T08:02:00.240+00:00,2026-09-21T08:02:04.000+00:00,True,62,62.0,,62.0,192075.685202,195835.791442,195835.791526,3158.6417988064513,46.365872,192075.685202,24385.809449650475,76.63477044999999,61.64108590163934,8.512098625978737,0.31659177080693307,12,64,,True,True,,248,59.56268577710819
129,2026-09-21T07:58:48.510+00:00,2026-09-21T08:02:02.647+00:00,2026-09-21T08:02:08.349+00:00,True,91,91.0,,91.0,194137.655907,199839.791715,199839.79180500002,2196.0416681868132,46.299552000000006,194137.655907,20344.516217624543,77.840569,63.35706453333333,8.486395796994977,0.4553647660410844,12,64,,True,True,,283,59.56268577710819
130,2026-09-21T07:58:48.885+00:00,2026-09-21T08:02:04.497+00:00,2026-09-21T08:02:09.499+00:00,True,80,80.0,,80.0,195611.944908,200613.68033200002,200613.680338,2507.671004225,49.338183,195611.944908,21863.00317753575,75.57508899999999,63.31310663291139,8.141731009470297,0.3987763938511383,12,64,,True,True,,160,59.56268577710819
131,2026-09-21T07:58:49.141+00:00,2026-09-21T08:02:05.598+00:00,2026-09-21T08:02:06.576+00:00,True,17,17.0,,17.0,196456.867761,197434.973617,197434.973664,11613.821980235294,53.615104,196456.867761,47632.96306474552,39351.531044200005,61.131616,6.724987639372512,0.08610429899303426,12,64,,True,True,,85,59.56268577710819
132,2026-09-21T07:58:49.477+00:00,2026-09-21T08:02:07.628+00:00,2026-09-21T08:02:07.910+00:00,True,5,5.0,,5.0,198150.702646,198433.320758,198433.320701,39686.664140199995,63.194542999999996,198150.702646,88584.09074106065,158536.2581176,70.654528,7.193215489794811,0.025197381069370736,12,64,,True,True,,20,59.56268577710819
133,2026-09-21T07:58:49.842+00:00,2026-09-21T08:02:09.560+00:00,2026-09-21T08:02:15.121+00:00,True,90,90.0,,90.0,199717.65097299998,205278.57615699997,205278.57626399997,2280.8730696,43.969614,199717.65097299998,21045.504754766407,77.90624150000001,62.482305438202246,9.45735145080813,0.43842860606733125,12,64,,True,True,,180,59.56268577710819
134,2026-09-21T07:58:50.213+00:00,2026-09-21T08:02:11.861+00:00,2026-09-21T08:02:18.107+00:00,True,99,99.0,,99.0,201647.321538,207893.69798599998,207893.698126,2099.9363447070705,42.113012000000005,201647.321538,20259.914656379453,77.3716872,63.73853518367347,9.642465581127562,0.47620491125549597,12,64,,True,True,,891,59.56268577710819
135,2026-09-21T07:58:50.526+00:00,2026-09-21T08:02:13.526+00:00,2026-09-21T08:02:16.590+00:00,True,49,49.0,,49.0,202999.882786,206063.734562,206063.734612,4205.382339020408,47.357612,202999.882786,28990.866643390247,78.87306319999999,63.83024533333334,10.868606184550696,0.2377905074085561,12,64,,True,True,,392,59.56268577710819
136,2026-09-21T07:58:50.912+00:00,2026-09-21T08:02:15.792+00:00,2026-09-21T08:02:17.862+00:00,True,33,33.0,,33.0,204880.676709,206950.749797,206950.74989099998,6271.234845181818,51.707083,204880.676709,35653.88814043797,79.011122,64.689784,9.533647076476656,0.15945822874461688,12,64,,True,True,,213,59.56268577710819
137,2026-09-21T07:58:51.186+00:00,2026-09-21T08:02:17.161+00:00,2026-09-21T08:02:22.947+00:00,True,93,93.0,,93.0,205974.90549399998,211760.25845399997,211760.25859699998,2276.992027924731,43.331673,205974.90549399998,21352.083986441106,77.89930820000001,62.88427130434783,9.406301569822164,0.4391758901267213,12,64,,True,True,,744,59.56268577710819
138,2026-09-21T07:58:51.541+00:00,2026-09-21T08:02:19.033+00:00,2026-09-21T08:02:21.556+00:00,True,40,40.0,,40.0,207491.69518799998,210015.07515599998,210015.07499499997,5250.376874875,43.558602,207491.69518799998,32797.08878585594,79.37480965,64.70205046153846,9.912205923939556,0.19046251784681578,12,64,,True,True,,234,59.56268577710819
139,2026-09-21T07:58:51.965+00:00,2026-09-21T08:02:21.286+00:00,2026-09-21T08:02:22.532+00:00,True,21,21.0,,21.0,209321.008426,210567.26839399998,210567.268383,10027.012780142857,46.96546300000001,209321.008426,45663.99177912498,76.272064,62.3129984,8.487009809749328,0.09973059991786636,12,64,,True,True,,238,59.56268577710819
140,2026-09-21T07:58:52.388+00:00,2026-09-21T08:02:23.501+00:00,2026-09-21T08:02:29.493+00:00,True,98,98.0,,98.0,211113.057083,217105.886523,217105.886714,2215.3661909591838,42.944392,211113.057083,21319.400357277078,76.99741614999999,61.78174680412371,9.457927129468771,0.45139264332944734,12,64,,True,True,,392,59.56268577710819
141,2026-09-21T07:58:52.677+00:00,2026-09-21T08:02:24.996+00:00,2026-09-21T08:02:28.164+00:00,True,53,53.0,,53.0,212318.941313,215487.246977,215487.24694699998,4065.797112207547,46.005091,212318.941313,29155.88156149727,77.4744376,60.92895507692308,8.728111633306494,0.24595423044063922,12,64,,True,True,,212,59.56268577710819
143,2026-09-21T07:58:53.659+00:00,2026-09-21T08:02:26.949+00:00,2026-09-21T08:02:32.143+00:00,True,85,85.0,,85.0,213290.023922,218484.239602,218484.239534,2570.4028180470586,42.306830999999995,213290.023922,23127.846301823443,77.992281,61.83590095238095,9.86317017047521,0.3890440800436661,12,64,,True,True,,589,59.56268577710819
142,2026-09-21T07:58:53.653+00:00,2026-09-21T08:02:27.860+00:00,2026-09-21T08:02:32.009+00:00,True,67,67.0,,67.0,214206.972435,218355.425299,218355.42534000002,3259.036199104478,42.106381,214206.972435,26161.869691775475,79.05792100000001,62.85534642424242,10.033808810818773,0.30683918161527285,12,64,,True,True,,201,59.56268577710819
144,2026-09-21T07:58:53.815+00:00,2026-09-21T08:02:29.713+00:00,2026-09-21T08:02:32.219+00:00,True,41,41.0,,41.0,215898.557214,218403.877406,218403.877301,5326.923836609756,44.512691,215898.557214,33707.909588400136,77.309033,62.633004799999995,9.674155307922215,0.18772560490665374,12,64,,True,True,,82,59.56268577710819
145,2026-09-21T07:58:54.087+00:00,2026-09-21T08:02:32.599+00:00,2026-09-21T08:02:36.009+00:00,True,54,54.0,,54.0,218512.544836,221922.652484,221922.652515,4109.678750277778,43.269692000000006,218512.544836,29727.036907445214,78.9921655,64.34165373584906,10.266899841857004,0.24332802170293658,12,64,,True,True,,162,59.56268577710819
146,2026-09-21T07:58:54.443+00:00,2026-09-21T08:02:34.240+00:00,2026-09-21T08:02:35.004+00:00,True,12,12.0,,12.0,219796.32519600002,220560.883532,220560.88357300003,18380.073631083334,52.152951,219796.32519600002,63429.6698909747,98952.62996440001,69.50530327272726,9.038491237698082,0.05440674614571438,12,64,,True,True,,14,59.56268577710819
147,2026-09-21T07:58:54.900+00:00,2026-09-21T08:02:36.729+00:00,2026-09-21T08:02:37.045+00:00,True,6,6.0,,6.0,221829.537826,222145.342242,222145.342188,37024.223698,56.544783,221829.537826,90535.74453980592,166390.31295,63.1608832,7.761279657808189,0.027009344150298403,12,64,,True,True,,6,59.56268577710819
148,2026-09-21T07:58:55.159+00:00,2026-09-21T08:02:37.836+00:00,2026-09-21T08:02:43.384+00:00,True,89,89.0,,89.0,222677.184789,228224.320277,228224.320293,2564.318205539326,40.764583,222677.184789,23597.05488197516,78.34584100000001,63.035630545454545,10.398825587695665,0.3899672037229822,12,64,,True,True,,356,59.56268577710819
149,2026-09-21T07:58:55.449+00:00,2026-09-21T08:02:39.350+00:00,2026-09-21T08:02:43.256+00:00,True,62,62.0,,62.0,223900.74360100002,227806.95595300003,227806.955928,3674.305740774194,42.082773,223900.74360100002,28427.29198403851,77.44388799999999,64.03626806557376,9.9865771297301,0.2721602584110361,12,64,,True,True,,124,59.56268577710819
150,2026-09-21T07:58:55.786+00:00,2026-09-21T08:02:40.836+00:00,2026-09-21T08:02:45.703+00:00,True,78,78.0,,78.0,225050.514238,229917.430334,229917.430169,2947.659361141026,39.510650999999996,225050.514238,25474.7985430207,80.1760295,63.20670254545455,11.16090475661665,0.33925222583903164,12,64,,True,True,,78,59.56268577710819
151,2026-09-21T07:58:56.082+00:00,2026-09-21T08:02:42.376+00:00,2026-09-21T08:02:42.623+00:00,True,5,5.0,,5.0,226293.96680199998,226541.56053,226541.5604,45308.312079999996,43.970000999999996,226293.96680199998,101174.05734491331,181050.0673222,61.898432,12.904604475166218,0.02207100537447684,12,64,,True,True,,20,59.56268577710819
152,2026-09-21T07:58:56.383+00:00,2026-09-21T08:02:44.166+00:00,2026-09-21T08:02:44.417+00:00,True,5,5.0,,5.0,227783.436433,228034.421393,228034.421302,45606.8842604,48.813652000000005,227783.436433,101839.78906204895,182241.72494299998,62.74624,10.691668966236469,0.021926514293133314,12,64,,True,True,,35,59.56268577710819
153,2026-09-21T07:58:56.726+00:00,2026-09-21T08:02:46.084+00:00,2026-09-21T08:02:48.418+00:00,True,37,37.0,,37.0,229358.012444,231691.628828,231691.628856,6261.935915027027,45.071201,229358.012444,37695.56911394731,76.73705500000001,64.82267733333333,8.448336481555293,0.15969502302332877,12,64,,True,True,,136,59.56268577710819
154,2026-09-21T07:58:57.045+00:00,2026-09-21T08:02:47.470+00:00,2026-09-21T08:02:50.649+00:00,True,52,52.0,,52.0,230425.00493,233603.70675399998,233603.706661,4492.37897425,40.842220999999995,230425.00493,31945.55694671807,77.5718135,62.32748674509804,9.38411561184276,0.2225992075320937,12,64,,True,True,,156,59.56268577710819
155,2026-09-21T07:58:57.347+00:00,2026-09-21T08:02:49.015+00:00,2026-09-21T08:02:53.626+00:00,True,74,74.0,,74.0,231668.064343,236279.266391,236279.266314,3192.9630582972973,44.066091,231668.064343,26923.524061318272,78.3853785,63.16715134246575,9.465667759931925,0.31318871575275337,12,64,,True,True,,290,59.56268577710819
156,2026-09-21T07:58:57.679+00:00,2026-09-21T08:02:50.898+00:00,2026-09-21T08:02:56.557+00:00,True,92,92.0,,92.0,233218.861574,238878.24999,238878.249882,2596.502716108696,41.667331,233218.861574,24308.265281927088,78.6331545,62.1910814945055,9.955341293325251,0.3851334309584541,12,64,,True,True,,284,59.56268577710819
157,2026-09-21T07:58:57.989+00:00,2026-09-21T08:02:52.660+00:00,2026-09-21T08:02:57.183+00:00,True,73,73.0,,73.0,234671.175395,239194.589155,239194.58919199998,3276.638208109589,44.485152,234671.175395,27458.832055532497,77.88828439999999,62.82519111111111,9.457084204741015,0.30519085008522256,12,64,,True,True,,436,59.56268577710819
158,2026-09-21T07:58:58.330+00:00,2026-09-21T08:02:54.300+00:00,2026-09-21T08:02:59.977+00:00,True,92,92.0,,92.0,235969.74805599998,241646.6886,241646.68844499998,2626.594439619565,44.085731,235969.74805599998,24595.04459868037,76.84666295,62.38396202197802,9.196858158500916,0.3807211285741575,12,64,,True,True,,184,59.56268577710819
159,2026-09-21T07:58:58.796+00:00,2026-09-21T08:02:56.693+00:00,2026-09-21T08:03:02.051+00:00,True,86,86.0,,86.0,237897.569981,243255.657661,243255.657668,2828.5541589302325,42.419511,237897.569981,25646.35899977325,78.0169045,63.036325647058824,9.316206627446098,0.3535375120436015,12,64,,True,True,,176,59.56268577710819
160,2026-09-21T07:58:59.195+00:00,2026-09-21T08:02:59.055+00:00,2026-09-21T08:03:04.929+00:00,True,94,94.0,,94.0,239859.819132,245733.874556,245733.874648,2614.1901558297873,40.547372,239859.819132,24733.138717766942,78.9422415,63.16188627956989,10.028767184402197,0.38252764365451153,12,64,,True,True,,188,59.56268577710819
161,2026-09-21T07:58:59.649+00:00,2026-09-21T08:03:01.399+00:00,2026-09-21T08:03:01.819+00:00,True,8,8.0,,8.0,241749.304847,242170.055951,242170.055872,30271.256984,49.561692,241749.304847,85450.03567207188,157163.1349291,60.107300571428574,8.99469741321776,0.03303463745170335,12,64,,True,True,,27,59.56268577710819
162,2026-09-21T07:58:59.994+00:00,2026-09-21T08:03:03.207+00:00,2026-09-21T08:03:05.532+00:00,True,37,37.0,,37.0,243212.696185,245538.347129,245538.347236,6636.171546918919,44.277131000000004,243212.696185,39973.30171841915,78.820787,64.60141511111111,9.82342027712262,0.15068929327182073,12,64,,True,True,,148,59.56268577710819
163,2026-09-21T07:59:00.349+00:00,2026-09-21T08:03:04.808+00:00,2026-09-21T08:03:04.932+00:00,True,3,3.0,,3.0,244459.029294,244583.331374,244583.331408,81527.777136,51.352752,244459.029294,141102.60385242268,220020.4213008,62.15104,15.270972202925654,0.012265758190252983,12,64,,True,True,,15,59.56268577710819
164,2026-09-21T07:59:00.714+00:00,2026-09-21T08:03:07.044+00:00,2026-09-21T08:03:10.881+00:00,True,61,61.0,,61.0,246330.238044,250167.439196,250167.438979,4101.105557032787,47.528512,246330.238044,31531.168009969464,78.08346300000001,63.95335253333333,9.077737923664433,0.2438366887235393,12,64,,True,True,,191,59.56268577710819
166,2026-09-21T07:59:01.565+00:00,2026-09-21T08:03:10.177+00:00,2026-09-21T08:03:12.985+00:00,True,46,46.0,,46.0,248611.833386,251420.495402,251420.49561500002,5465.662948152174,44.167061000000004,248611.833386,36646.61392196892,80.1444745,62.41471146666667,10.361039509230357,0.1829604222458074,12,64,,True,True,,49,59.56268577710819
167,2026-09-21T07:59:01.904+00:00,2026-09-21T08:03:11.937+00:00,2026-09-21T08:03:14.357+00:00,True,39,39.0,,39.0,250032.971212,252453.102284,252453.10241700002,6473.156472230769,45.500881,250032.971212,40027.120989105104,80.508488,63.687659789473685,9.537890081468086,0.154484138428715,12,64,,True,True,,353,59.56268577710819
165,2026-09-21T07:59:01.098+00:00,2026-09-21T08:03:13.778+00:00,2026-09-21T08:03:16.812+00:00,True,49,49.0,,49.0,252680.034451,255713.82747500003,255713.82754700002,5218.64954177551,46.929031,252680.034451,36088.1197564306,76.13258599999999,63.20402133333334,9.101669918995253,0.19162045511516387,12,64,,True,True,,54,59.56268577710819
168,2026-09-21T07:59:02.347+00:00,2026-09-21T08:03:15.399+00:00,2026-09-21T08:03:16.196+00:00,True,14,14.0,,14.0,253051.644577,253848.701601,253848.701435,18132.0501025,42.119831,253051.644577,67614.51104150413,88615.63816375,61.312078769230766,9.239913053869627,0.055150961622822216,12,64,,True,True,,18,59.56268577710819
169,2026-09-21T07:59:02.762+00:00,2026-09-21T08:03:17.534+00:00,2026-09-21T08:03:22.792+00:00,True,83,83.0,,83.0,254772.38464899999,260029.928073,260029.92824399998,3132.8907017349397,46.332671999999995,254772.38464899999,27957.866600741047,78.556489,64.1163832195122,10.697185614987665,0.3191940274532508,12,64,,True,True,,332,59.56268577710819
170,2026-09-21T07:59:03.229+00:00,2026-09-21T08:03:20.203+00:00,2026-09-21T08:03:21.989+00:00,True,29,29.0,,29.0,256973.386705,258759.577297,258759.577128,8922.744038896552,46.286671999999996,256973.386705,47706.91583261783,96.988235,63.79252114285714,13.561092626095544,0.11207314644324942,12,64,,True,True,,209,59.56268577710819
171,2026-09-21T07:59:03.698+00:00,2026-09-21T08:03:22.519+00:00,2026-09-21T08:03:28.339+00:00,True,93,93.0,,93.0,258820.310188,264640.893612,264640.893591,2845.601006354839,41.854442000000006,258820.310188,26831.857277518568,78.6779886,63.26721113043478,10.028307211700854,0.3514196114238898,12,64,,True,True,,189,59.56268577710819
172,2026-09-21T07:59:04.132+00:00,2026-09-21T08:03:24.607+00:00,2026-09-21T08:03:24.607+00:00,True,1,1.0,,1.0,260474.94766600002,260474.94766600002,260474.94766600002,260474.94766600002,260474.94766600002,260474.94766600002,nan,260474.94766600002,nan,nan,0.003839140803983471,12,64,,True,True,,5,59.56268577710819
173,2026-09-21T07:59:04.531+00:00,2026-09-21T08:03:26.808+00:00,2026-09-21T08:03:32.465+00:00,True,90,90.0,,90.0,262276.884172,267933.94094,267933.94087,2977.043787444444,42.080441,262276.884172,27639.712911467002,79.81936705,63.56243559550562,10.380023622272718,0.3359036920975765,12,64,,True,True,,90,59.56268577710819
174,2026-09-21T07:59:05.783+00:00,2026-09-21T08:03:31.436+00:00,2026-09-21T08:03:32.277+00:00,True,14,14.0,,14.0,265652.504568,266493.07160799997,266493.07173599995,19035.219409714286,54.446101000000006,265652.504568,70981.3377534762,93027.63149345,64.65900307692309,6.944531776305951,0.05253419878995356,12,64,,True,True,,168,59.56268577710819
175,2026-09-21T07:59:05.789+00:00,2026-09-21T08:03:32.409+00:00,2026-09-21T08:03:37.284+00:00,True,78,78.0,,78.0,266620.55820699997,271495.349375,271495.34930899995,3480.7096065256405,41.007891,266620.55820699997,30181.666660435236,77.23487885,63.308976207792206,9.58255675383084,0.28729773890993376,12,64,,True,True,,156,59.56268577710819
176,2026-09-21T07:59:05.881+00:00,2026-09-21T08:03:32.530+00:00,2026-09-21T08:03:37.238+00:00,True,75,75.0,,75.0,266649.471111,271357.725319,271357.725399,3618.1030053199997,47.271171,266649.471111,30782.68316281093,77.2645693,63.62505686486487,8.532772357083939,0.2763879300352782,12,64,,True,True,,150,59.56268577710819
177,2026-09-21T07:59:06.100+00:00,2026-09-21T08:03:35.255+00:00,2026-09-21T08:03:41.339+00:00,True,96,96.0,,96.0,269154.334515,275239.03697899997,275239.037122,2867.0733033541665,43.425701000000004,269154.334515,27463.914075721084,77.80372125,64.04949962105263,10.178740467147323,0.34878773394096907,12,64,,True,True,,480,59.56268577710819
178,2026-09-21T07:59:06.464+00:00,2026-09-21T08:03:37.356+00:00,2026-09-21T08:03:37.426+00:00,True,2,2.0,,2.0,270891.435841,270961.816641,270961.816722,135480.908361,70.38088099999999,270891.435841,191499.40445031069,257350.383093,70.3808,nan,0.007381113784935315,12,64,,True,True,,14,59.56268577710819
179,2026-09-21T07:59:06.901+00:00,2026-09-21T08:03:39.403+00:00,2026-09-21T08:03:45.020+00:00,True,88,88.0,,88.0,272502.49433899997,278119.26387499995,278119.263835,3160.4461799431815,41.504601,272502.49433899997,29041.98321747013,79.44276034999999,64.56056937931035,10.555985397453576,0.316411020128226,12,64,,True,True,,399,59.56268577710819
180,2026-09-21T07:59:07.166+00:00,2026-09-21T08:03:40.768+00:00,2026-09-21T08:03:46.713+00:00,True,94,94.0,,94.0,273602.32351899997,279547.39103899995,279547.391144,2973.9084164255314,43.199691,273602.32351899997,28213.333059397693,77.8284315,63.925457204301075,9.301106382339718,0.3362578332447609,12,64,,True,True,,108,59.56268577710819
181,2026-09-21T07:59:07.570+00:00,2026-09-21T08:03:42.925+00:00,2026-09-21T08:03:44.830+00:00,True,31,31.0,,31.0,275354.960741,277259.961189,277259.96120200003,8943.869716193549,46.127551,275354.960741,49443.80697807969,82.108556,63.50001493333333,10.260171568561768,0.11180842652887847,12,64,,True,True,,296,59.56268577710819
182,2026-09-21T07:59:08.029+00:00,2026-09-21T08:03:45.382+00:00,2026-09-21T08:03:50.125+00:00,True,76,76.0,,76.0,277353.198636,282096.167724,282096.167835,3711.7916820394735,41.208341,277353.198636,31807.34113904859,77.60920675,63.239587840000006,9.548900475032521,0.26941167125091053,12,64,,True,True,,208,59.56268577710819
183,2026-09-21T07:59:08.457+00:00,2026-09-21T08:03:47.565+00:00,2026-09-21T08:03:48.817+00:00,True,20,20.0,,20.0,279107.715328,280359.51283200004,280359.512944,14017.9756472,54.208071000000004,279107.715328,62395.65069606877,14027.957948850002,65.88407915789473,7.01462478072416,0.07133697657687331,12,64,,True,True,,20,59.56268577710819
184,2026-09-21T07:59:08.895+00:00,2026-09-21T08:03:49.885+00:00,2026-09-21T08:03:55.066+00:00,True,82,82.0,,82.0,280989.954881,286170.893377,286170.89356,3489.8889458536582,43.881781000000004,280989.954881,31023.087472368563,76.77132495,63.96220365432099,9.335114311866228,0.2865420694339226,12,64,,True,True,,82,59.56268577710819
185,2026-09-21T07:59:09.356+00:00,2026-09-21T08:03:52.263+00:00,2026-09-21T08:03:53.285+00:00,True,17,17.0,,17.0,282906.63225300005,283928.567869,283928.56790400005,16701.68046494118,43.414001,282906.63225300005,68599.44642398933,56642.9637482,63.870976,8.81692344383716,0.059874214587112354,12,64,,True,True,,52,59.56268577710819
186,2026-09-21T07:59:09.782+00:00,2026-09-21T08:03:54.292+00:00,2026-09-21T08:03:58.112+00:00,True,63,63.0,,63.0,284509.623361,288329.926721,288329.92681,4576.665504920635,42.547871,284509.623361,35837.0814287298,77.514664,61.617796129032264,9.56152787002615,0.21849969136558417,12,64,,True,True,,126,59.56268577710819
188,2026-09-21T07:59:10.456+00:00,2026-09-21T08:03:55.826+00:00,2026-09-21T08:04:01.112+00:00,True,84,84.0,,84.0,285369.957843,290656.196307,290656.196193,3460.1928118214287,45.622081,285369.957843,31129.467154005102,77.42942385,63.68962004819277,8.668847152317483,0.28900123605579914,12,64,,True,True,,211,59.56268577710819
189,2026-09-21T07:59:10.888+00:00,2026-09-21T08:03:57.993+00:00,2026-09-21T08:03:58.338+00:00,True,7,7.0,,7.0,287104.82899400004,287450.66067400004,287450.66075100005,41064.38010728572,52.625611,287104.82899400004,108493.6400757456,200991.94593110005,57.63861333333334,3.2106034725439803,0.024352005257482264,12,64,,True,True,,13,59.56268577710819
187,2026-09-21T07:59:10.120+00:00,2026-09-21T08:04:00.671+00:00,2026-09-21T08:04:05.320+00:00,True,75,75.0,,75.0,290550.744239,295200.371119,295200.37114600005,3936.0049486133335,45.849911,290550.744239,33542.65586874044,74.81518270000001,62.832795675675676,8.62990919780867,0.25406472124578156,12,64,,True,True,,500,59.56268577710819
190,2026-09-21T07:59:11.320+00:00,2026-09-21T08:04:02.193+00:00,2026-09-21T08:04:07.003+00:00,True,78,78.0,,78.0,290873.217217,295683.157697,295683.15757800004,3790.809712538462,42.862241000000004,290873.217217,32927.834670693606,76.9936545,62.46675948051948,9.197942478389377,0.2637958841062234,12,64,,True,True,,157,59.56268577710819
191,2026-09-21T07:59:11.591+00:00,2026-09-21T08:04:03.735+00:00,2026-09-21T08:04:05.638+00:00,True,32,32.0,,32.0,292144.747731,294047.178195,294047.178061,9188.97431440625,45.554271,292144.747731,51633.5355021058,79.66921855000001,61.36872464516129,10.379057216098353,0.10882607408930454,12,64,,True,True,,64,59.56268577710819
192,2026-09-21T07:59:12.000+00:00,2026-09-21T08:04:05.951+00:00,2026-09-21T08:04:09.054+00:00,True,50,50.0,,50.0,293951.532258,297054.434274,297054.434092,5941.0886818399995,44.347531000000004,293951.532258,41562.06997503945,78.615988,63.32453093877551,9.464356570851528,0.16831931872082578,12,64,,True,True,,150,59.56268577710819
193,2026-09-21T07:59:12.255+00:00,2026-09-21T08:04:07.313+00:00,2026-09-21T08:04:10.698+00:00,True,54,54.0,,54.0,295058.318464,298443.008384,298443.008445,5526.722378611112,41.225431,295058.318464,40143.661924100605,77.97297264999999,63.86207396226415,9.422975150984227,0.18093906870996085,12,64,,True,True,,108,59.56268577710819
194,2026-09-21T07:59:12.647+00:00,2026-09-21T08:04:09.350+00:00,2026-09-21T08:04:12.544+00:00,True,52,52.0,,52.0,296702.54307300004,299896.44720100006,299896.44700900005,5767.239365557693,43.324901,296702.54307300004,41136.55628990744,77.4282245,62.6255711372549,9.941597038170519,0.17339318449860783,12,64,,True,True,,208,59.56268577710819
195,2026-09-21T07:59:13.012+00:00,2026-09-21T08:04:11.351+00:00,2026-09-21T08:04:13.027+00:00,False,30,29.0,,29.0,298338.68137199996,300015.225116,300015.22506699996,10000.507502233331,0.03571,298338.68137199996,54458.388745180295,78.86178555000001,57.81185324137931,14.416125641522614,0.09666176104491775,12,64,,True,False,Request timeout: 300.0s exceeded,63,59.56268577710819
196,2026-09-21T07:59:13.273+00:00,2026-09-21T08:04:12.970+00:00,2026-09-21T08:04:13.330+00:00,False,8,7.0,,7.0,299696.152312,300056.6894,300056.68932,37507.086165,0.0346,299696.152312,105940.38329292019,194828.157178,51.50529828571428,24.174022780085885,0.023328924990798756,12,64,,True,False,Request timeout: 300.0s exceeded,39,59.56268577710819
197,2026-09-21T07:59:13.591+00:00,2026-09-21T08:04:13.667+00:00,2026-09-21T08:04:13.667+00:00,False,1,0.0,,0.0,300076.181249,300076.181249,300076.181249,300076.181249,300076.181249,300076.181249,nan,300076.181249,nan,nan,0.0,12,64,,True,False,"HTTPConnectionPool(host='gpu06', port=9004): Read timed out.",0,59.56268577710819
198,2026-09-21T07:59:14.049+00:00,2026-09-21T08:04:14.161+00:00,2026-09-21T08:04:14.161+00:00,False,1,0.0,,0.0,300112.600759,300112.600759,300112.600759,300112.600759,300112.600759,300112.600759,nan,300112.600759,nan,nan,0.0,12,64,,True,False,"HTTPConnectionPool(host='gpu06', port=9004): Read timed out.",0,59.56268577710819
199,2026-09-21T07:59:14.366+00:00,2026-09-21T08:04:14.474+00:00,2026-09-21T08:04:14.474+00:00,False,1,0.0,,0.0,300108.530148,300108.530148,300108.530148,300108.530148,300108.530148,300108.530148,nan,300108.530148,nan,nan,0.0,12,64,,True,False,"HTTPConnectionPool(host='gpu06', port=9004): Read timed out.",0,59.56268577710819
200,2026-09-21T07:59:14.706+00:00,2026-09-21T08:04:14.835+00:00,2026-09-21T08:04:14.835+00:00,False,1,0.0,,0.0,300129.420705,300129.420705,300129.420705,300129.420705,300129.420705,300129.420705,nan,300129.420705,nan,nan,0.0,12,64,,True,False,"HTTPConnectionPool(host='gpu06', port=9004): Read timed out.",0,59.56268577710819
201,2026-09-21T07:59:15.139+00:00,2026-09-21T08:04:15.181+00:00,2026-09-21T08:04:15.181+00:00,False,1,0.0,,0.0,300041.311865,300041.311865,300041.311865,300041.311865,300041.311865,300041.311865,nan,300041.311865,nan,nan,0.0,12,64,,True,False,TTFT timeout: 300.0s exceeded (TTFT: 300.016s),0,59.56268577710819
202,2026-09-21T07:59:15.405+00:00,2026-09-21T08:04:15.487+00:00,2026-09-21T08:04:15.487+00:00,False,1,0.0,,0.0,300081.710348,300081.710348,300081.710348,300081.710348,300081.710348,300081.710348,nan,300081.710348,nan,nan,0.0,12,64,,True,False,TTFT timeout: 300.0s exceeded (TTFT: 300.076s),0,59.56268577710819
203,2026-09-21T07:59:15.713+00:00,2026-09-21T08:04:15.804+00:00,2026-09-21T08:04:15.804+00:00,False,1,0.0,,0.0,300090.559708,300090.559708,300090.559708,300090.559708,300090.559708,300090.559708,nan,300090.559708,nan,nan,0.0,12,64,,True,False,TTFT timeout: 300.0s exceeded (TTFT: 300.085s),0,59.56268577710819
204,2026-09-21T07:59:16.058+00:00,2026-09-21T08:04:16.162+00:00,2026-09-21T08:04:16.162+00:00,False,1,0.0,,0.0,300103.593445,300103.593445,300103.593445,300103.593445,300103.593445,300103.593445,nan,300103.593445,nan,nan,0.0,12,64,,True,False,"HTTPConnectionPool(host='gpu06', port=9004): Read timed out.",0,59.56268577710819
205,2026-09-21T07:59:16.459+00:00,2026-09-21T08:04:16.562+00:00,2026-09-21T08:04:16.562+00:00,False,1,0.0,,0.0,300102.635748,300102.635748,300102.635748,300102.635748,300102.635748,300102.635748,nan,300102.635748,nan,nan,0.0,12,64,,True,False,"HTTPConnectionPool(host='gpu06', port=9004): Read timed out.",0,59.56268577710819
206,2026-09-21T07:59:16.798+00:00,2026-09-21T08:04:16.888+00:00,2026-09-21T08:04:16.888+00:00,False,1,0.0,,0.0,300089.710094,300089.710094,300089.710094,300089.710094,300089.710094,300089.710094,nan,300089.710094,nan,nan,0.0,12,64,,True,False,"HTTPConnectionPool(host='gpu06', port=9004): Read timed out.",0,59.56268577710819
207,2026-09-21T07:59:17.086+00:00,2026-09-21T08:04:17.192+00:00,2026-09-21T08:04:17.192+00:00,False,1,0.0,,0.0,300105.202026,300105.202026,300105.202026,300105.202026,300105.202026,300105.202026,nan,300105.202026,nan,nan,0.0,12,64,,True,False,"HTTPConnectionPool(host='gpu06', port=9004): Read timed out.",0,59.56268577710819
208,2026-09-21T07:59:17.513+00:00,2026-09-21T08:04:17.548+00:00,2026-09-21T08:04:17.548+00:00,False,1,0.0,,0.0,300035.388376,300035.388376,300035.388376,300035.388376,300035.388376,300035.388376,nan,300035.388376,nan,nan,0.0,12,64,,True,False,TTFT timeout: 300.0s exceeded (TTFT: 300.030s),0,59.56268577710819
209,2026-09-21T07:59:17.818+00:00,2026-09-21T08:04:17.805+00:00,2026-09-21T08:04:17.918+00:00,False,3,2.0,,2.0,299986.683515,300099.092603,300099.092577,100033.03085899999,0.0319,299986.683515,173164.9518904495,269999.2528797,56.204544,79.43997355779943,0.0066644653359408616,12,64,,True,False,Request timeout: 300.0s exceeded,6,59.56268577710819
210,2026-09-21T07:59:18.113+00:00,2026-09-21T08:04:18.231+00:00,2026-09-21T08:04:18.231+00:00,False,1,0.0,,0.0,300117.671198,300117.671198,300117.671198,300117.671198,300117.671198,300117.671198,nan,300117.671198,nan,nan,0.0,12,64,,True,False,"HTTPConnectionPool(host='gpu06', port=9004): Read timed out.",0,59.56268577710819
212,2026-09-21T07:59:19.469+00:00,2026-09-21T08:04:18.633+00:00,2026-09-21T08:04:19.786+00:00,False,18,17.0,,17.0,299164.257217,300317.022913,300317.023111,16684.279061722224,0.03683,299164.257217,70497.71603505651,44989.7148066,67.80974682352941,33.05330186452772,0.05660684777407638,12,64,,True,False,Request timeout: 300.0s exceeded,202,59.56268577710819
211,2026-09-21T07:59:19.309+00:00,2026-09-21T08:04:18.823+00:00,2026-09-21T08:04:19.743+00:00,False,15,14.0,,14.0,299514.19226499996,300434.529673,300434.52981399995,20028.968654266664,0.028390000000000002,299514.19226499996,77317.26416630199,89937.15247959997,65.73838628571428,31.18789308510634,0.04659917092498632,12,64,,True,False,Request timeout: 300.0s exceeded,84,59.56268577710819
213,2026-09-21T07:59:19.557+00:00,2026-09-21T08:04:18.997+00:00,2026-09-21T08:04:19.739+00:00,False,13,12.0,,12.0,299439.693867,300181.575467,300181.57539199997,23090.89041476923,0.02829,299439.693867,83032.48668150799,119841.98706600002,61.82346666666666,29.950291563712288,0.03997580458204771,12,64,,True,False,Request timeout: 300.0s exceeded,38,59.56268577710819
215,2026-09-21T07:59:19.777+00:00,2026-09-21T08:04:19.276+00:00,2026-09-21T08:04:19.860+00:00,False,12,11.0,,11.0,299499.589563,300083.031227,300083.03108600003,25006.919257166668,0.0362,299499.589563,86442.77532186799,134821.75821695002,53.04015127272727,21.197614613897958,0.036656521213553624,12,64,,True,False,Request timeout: 300.0s exceeded,43,59.56268577710819
214,2026-09-21T07:59:19.682+00:00,2026-09-21T08:04:20.401+00:00,2026-09-21T08:04:20.401+00:00,False,1,0.0,,0.0,300719.302575,300719.302575,300719.302575,300719.302575,300719.302575,300719.302575,nan,300719.302575,nan,nan,0.0,12,64,,True,False,"HTTPConnectionPool(host='gpu06', port=9004): Read timed out.",0,59.56268577710819
216,2026-09-21T07:59:20.211+00:00,2026-09-21T08:04:21.356+00:00,2026-09-21T08:04:21.473+00:00,False,4,3.0,,3.0,301145.416958,301262.76556599996,301262.7656,75315.6914,0.02993,301145.416958,150553.15309248932,255983.76931894998,39.116202666666666,35.05328814408813,0.009958084247031738,12,64,,True,False,Request timeout: 300.0s exceeded,16,59.56268577710819
220,2026-09-21T07:59:21.531+00:00,2026-09-21T08:04:21.564+00:00,2026-09-21T08:04:21.564+00:00,False,1,0.0,,0.0,300033.86640600004,300033.86640600004,300033.86640600004,300033.86640600004,300033.86640600004,300033.86640600004,nan,300033.86640600004,nan,nan,0.0,12,64,,True,False,"HTTPConnectionPool(host='gpu06', port=9004): Read timed out.",0,59.56268577710819
217,2026-09-21T07:59:20.521+00:00,2026-09-21T08:04:21.897+00:00,2026-09-21T08:04:21.897+00:00,False,1,0.0,,0.0,301375.405632,301375.405632,301375.405632,301375.405632,301375.405632,301375.405632,nan,301375.405632,nan,nan,0.0,12,64,,True,False,"HTTPConnectionPool(host='gpu06', port=9004): Read timed out.",0,59.56268577710819
218,2026-09-21T07:59:20.796+00:00,2026-09-21T08:04:21.905+00:00,2026-09-21T08:04:21.905+00:00,False,1,0.0,,0.0,301109.149468,301109.149468,301109.149468,301109.149468,301109.149468,301109.149468,nan,301109.149468,nan,nan,0.0,12,64,,True,False,"HTTPConnectionPool(host='gpu06', port=9004): Read timed out.",0,59.56268577710819
221,2026-09-21T07:59:21.864+00:00,2026-09-21T08:04:21.939+00:00,2026-09-21T08:04:21.939+00:00,False,1,0.0,,0.0,300074.68502499996,300074.68502499996,300074.68502499996,300074.68502499996,300074.68502499996,300074.68502499996,nan,300074.68502499996,nan,nan,0.0,12,64,,True,False,"HTTPConnectionPool(host='gpu06', port=9004): Read timed out.",0,59.56268577710819
224,2026-09-21T07:59:22.799+00:00,2026-09-21T08:04:23.286+00:00,2026-09-21T08:04:23.286+00:00,False,1,0.0,,0.0,300487.273921,300487.273921,300487.273921,300487.273921,300487.273921,300487.273921,nan,300487.273921,nan,nan,0.0,12,64,,True,False,"HTTPConnectionPool(host='gpu06', port=9004): Read timed out.",0,59.56268577710819
222,2026-09-21T07:59:22.201+00:00,2026-09-21T08:04:23.309+00:00,2026-09-21T08:04:23.309+00:00,False,1,0.0,,0.0,301107.759384,301107.759384,301107.759384,301107.759384,301107.759384,301107.759384,nan,301107.759384,nan,nan,0.0,12,64,,True,False,"HTTPConnectionPool(host='gpu06', port=9004): Read timed out.",0,59.56268577710819
219,2026-09-21T07:59:21.194+00:00,2026-09-21T08:04:23.316+00:00,2026-09-21T08:04:23.316+00:00,False,1,0.0,,0.0,302122.026823,302122.026823,302122.026823,302122.026823,302122.026823,302122.026823,nan,302122.026823,nan,nan,0.0,12,64,,True,False,"HTTPConnectionPool(host='gpu06', port=9004): Read timed out.",0,59.56268577710819
223,2026-09-21T07:59:22.518+00:00,2026-09-21T08:04:23.321+00:00,2026-09-21T08:04:23.321+00:00,False,1,0.0,,0.0,300803.496416,300803.496416,300803.496416,300803.496416,300803.496416,300803.496416,nan,300803.496416,nan,nan,0.0,12,64,,True,False,"HTTPConnectionPool(host='gpu06', port=9004): Read timed out.",0,59.56268577710819
225,2026-09-21T07:59:23.212+00:00,2026-09-21T08:04:23.322+00:00,2026-09-21T08:04:23.322+00:00,False,1,0.0,,0.0,300110.103795,300110.103795,300110.103795,300110.103795,300110.103795,300110.103795,nan,300110.103795,nan,nan,0.0,12,64,,True,False,"HTTPConnectionPool(host='gpu06', port=9004): Read timed out.",0,59.56268577710819
226,2026-09-21T07:59:23.642+00:00,2026-09-21T08:04:23.748+00:00,2026-09-21T08:04:23.748+00:00,False,1,0.0,,0.0,300106.143657,300106.143657,300106.143657,300106.143657,300106.143657,300106.143657,nan,300106.143657,nan,nan,0.0,12,64,,True,False,"HTTPConnectionPool(host='gpu06', port=9004): Read timed out.",0,59.56268577710819
227,2026-09-21T07:59:24.069+00:00,2026-09-21T08:04:24.078+00:00,2026-09-21T08:04:24.078+00:00,False,1,0.0,,0.0,300009.667256,300009.667256,300009.667256,300009.667256,300009.667256,300009.667256,nan,300009.667256,nan,nan,0.0,12,64,,True,False,"HTTPConnectionPool(host='gpu06', port=9004): Read timed out.",0,59.56268577710819
228,2026-09-21T07:59:24.529+00:00,2026-09-21T08:04:24.627+00:00,2026-09-21T08:04:24.627+00:00,False,1,0.0,,0.0,300098.052716,300098.052716,300098.052716,300098.052716,300098.052716,300098.052716,nan,300098.052716,nan,nan,0.0,12,64,,True,False,"HTTPConnectionPool(host='gpu06', port=9004): Read timed out.",0,59.56268577710819
229,2026-09-21T07:59:24.975+00:00,2026-09-21T08:04:25.079+00:00,2026-09-21T08:04:25.079+00:00,False,1,0.0,,0.0,300104.66031699994,300104.66031699994,300104.66031699994,300104.66031699994,300104.66031699994,300104.66031699994,nan,300104.66031699994,nan,nan,0.0,12,64,,True,False,"HTTPConnectionPool(host='gpu06', port=9004): Read timed out.",0,59.56268577710819
230,2026-09-21T07:59:25.288+00:00,2026-09-21T08:04:25.327+00:00,2026-09-21T08:04:25.327+00:00,False,1,0.0,,0.0,300039.193255,300039.193255,300039.193255,300039.193255,300039.193255,300039.193255,nan,300039.193255,nan,nan,0.0,12,64,,True,False,TTFT timeout: 300.0s exceeded (TTFT: 300.029s),0,59.56268577710819
231,2026-09-21T07:59:25.568+00:00,2026-09-21T08:04:25.532+00:00,2026-09-21T08:04:25.639+00:00,False,3,2.0,,2.0,299963.216144,300070.368016,300070.367937,100023.455979,0.02832,299963.216144,173152.91980925773,269977.6068769,53.575936,75.72762901544456,0.00666510329968122,12,64,,True,False,Request timeout: 300.0s exceeded,4,59.56268577710819
232,2026-09-21T07:59:26.029+00:00,2026-09-21T08:04:26.150+00:00,2026-09-21T08:04:26.150+00:00,False,1,0.0,,0.0,300120.51799699996,300120.51799699996,300120.51799699996,300120.51799699996,300120.51799699996,300120.51799699996,nan,300120.51799699996,nan,nan,0.0,12,64,,True,False,"HTTPConnectionPool(host='gpu06', port=9004): Read timed out.",0,59.56268577710819
233,2026-09-21T07:59:26.441+00:00,2026-09-21T08:04:26.559+00:00,2026-09-21T08:04:26.559+00:00,False,1,0.0,,0.0,300118.397989,300118.397989,300118.397989,300118.397989,300118.397989,300118.397989,nan,300118.397989,nan,nan,0.0,12,64,,True,False,"HTTPConnectionPool(host='gpu06', port=9004): Read timed out.",0,59.56268577710819
234,2026-09-21T07:59:26.877+00:00,2026-09-21T08:04:26.981+00:00,2026-09-21T08:04:26.981+00:00,False,1,0.0,,0.0,300103.96403,300103.96403,300103.96403,300103.96403,300103.96403,300103.96403,nan,300103.96403,nan,nan,0.0,12,64,,True,False,"HTTPConnectionPool(host='gpu06', port=9004): Read timed out.",0,59.56268577710819
235,2026-09-21T07:59:27.137+00:00,2026-09-21T08:04:27.253+00:00,2026-09-21T08:04:27.253+00:00,False,1,0.0,,0.0,300116.04930199997,300116.04930199997,300116.04930199997,300116.04930199997,300116.04930199997,300116.04930199997,nan,300116.04930199997,nan,nan,0.0,12,64,,True,False,"HTTPConnectionPool(host='gpu06', port=9004): Read timed out.",0,59.56268577710819
236,2026-09-21T07:59:27.427+00:00,2026-09-21T08:04:27.516+00:00,2026-09-21T08:04:27.516+00:00,False,1,0.0,,0.0,300088.167363,300088.167363,300088.167363,300088.167363,300088.167363,300088.167363,nan,300088.167363,nan,nan,0.0,12,64,,True,False,TTFT timeout: 300.0s exceeded (TTFT: 300.083s),0,59.56268577710819
237,2026-09-21T07:59:27.767+00:00,2026-09-21T08:04:27.764+00:00,2026-09-21T08:04:27.834+00:00,False,3,2.0,,2.0,299997.105518,300066.462062,300066.46212900005,100022.154043,0.03053,299997.105518,173183.39156379807,270004.3275743,34.678272,48.99939998009902,0.006665190059083504,12,64,,True,False,Request timeout: 300.0s exceeded,14,59.56268577710819
238,2026-09-21T07:59:28.213+00:00,2026-09-21T08:04:28.318+00:00,2026-09-21T08:04:28.318+00:00,False,1,0.0,,0.0,300104.90613,300104.90613,300104.90613,300104.90613,300104.90613,300104.90613,nan,300104.90613,nan,nan,0.0,12,64,,True,False,"HTTPConnectionPool(host='gpu06', port=9004): Read timed out.",0,59.56268577710819
239,2026-09-21T07:59:28.530+00:00,2026-09-21T08:04:28.598+00:00,2026-09-21T08:04:28.598+00:00,False,1,0.0,,0.0,300067.398569,300067.398569,300067.398569,300067.398569,300067.398569,300067.398569,nan,300067.398569,nan,nan,0.0,12,64,,True,False,"HTTPConnectionPool(host='gpu06', port=9004): Read timed out.",0,59.56268577710819
240,2026-09-21T07:59:28.841+00:00,2026-09-21T08:04:28.905+00:00,2026-09-21T08:04:28.905+00:00,False,1,0.0,,0.0,300064.675747,300064.675747,300064.675747,300064.675747,300064.675747,300064.675747,nan,300064.675747,nan,nan,0.0,12,64,,True,False,"HTTPConnectionPool(host='gpu06', port=9004): Read timed out.",0,59.56268577710819
241,2026-09-21T07:59:29.215+00:00,2026-09-21T08:04:29.266+00:00,2026-09-21T08:04:29.266+00:00,False,1,0.0,,0.0,300051.55002100003,300051.55002100003,300051.55002100003,300051.55002100003,300051.55002100003,300051.55002100003,nan,300051.55002100003,nan,nan,0.0,12,64,,True,False,TTFT timeout: 300.0s exceeded (TTFT: 300.031s),0,59.56268577710819
242,2026-09-21T07:59:29.571+00:00,2026-09-21T08:04:29.606+00:00,2026-09-21T08:04:29.606+00:00,False,1,0.0,,0.0,300034.883148,300034.883148,300034.883148,300034.883148,300034.883148,300034.883148,nan,300034.883148,nan,nan,0.0,12,64,,True,False,TTFT timeout: 300.0s exceeded (TTFT: 300.028s),0,59.56268577710819
243,2026-09-21T07:59:29.943+00:00,2026-09-21T08:04:30.048+00:00,2026-09-21T08:04:30.048+00:00,False,1,0.0,,0.0,300105.36003399995,300105.36003399995,300105.36003399995,300105.36003399995,300105.36003399995,300105.36003399995,nan,300105.36003399995,nan,nan,0.0,12,64,,True,False,"HTTPConnectionPool(host='gpu06', port=9004): Read timed out.",0,59.56268577710819
244,2026-09-21T07:59:30.217+00:00,2026-09-21T08:04:30.314+00:00,2026-09-21T08:04:30.314+00:00,False,1,0.0,,0.0,300096.243555,300096.243555,300096.243555,300096.243555,300096.243555,300096.243555,nan,300096.243555,nan,nan,0.0,12,64,,True,False,"HTTPConnectionPool(host='gpu06', port=9004): Read timed out.",0,59.56268577710819
245,2026-09-21T07:59:30.485+00:00,2026-09-21T08:04:30.586+00:00,2026-09-21T08:04:30.586+00:00,False,1,0.0,,0.0,300101.208628,300101.208628,300101.208628,300101.208628,300101.208628,300101.208628,nan,300101.208628,nan,nan,0.0,12,64,,True,False,"HTTPConnectionPool(host='gpu06', port=9004): Read timed out.",0,59.56268577710819
246,2026-09-21T07:59:30.874+00:00,2026-09-21T08:04:30.938+00:00,2026-09-21T08:04:30.938+00:00,False,1,0.0,,0.0,300064.28223,300064.28223,300064.28223,300064.28223,300064.28223,300064.28223,nan,300064.28223,nan,nan,0.0,12,64,,True,False,"HTTPConnectionPool(host='gpu06', port=9004): Read timed out.",0,59.56268577710819
247,2026-09-21T07:59:31.351+00:00,2026-09-21T08:04:31.468+00:00,2026-09-21T08:04:31.468+00:00,False,1,0.0,,0.0,300116.43337,300116.43337,300116.43337,300116.43337,300116.43337,300116.43337,nan,300116.43337,nan,nan,0.0,12,64,,True,False,"HTTPConnectionPool(host='gpu06', port=9004): Read timed out.",0,59.56268577710819
248,2026-09-21T07:59:31.702+00:00,2026-09-21T08:04:31.693+00:00,2026-09-21T08:04:32.338+00:00,True,10,10.0,,10.0,299990.25889399997,300636.199118,300636.199088,30063.619908799996,46.788351000000006,299990.25889399997,94842.56182204811,165076.341077,71.771136,42.46435993215958,0.03326279413236924,12,64,,True,True,,57,59.56268577710819
249,2026-09-21T07:59:32.044+00:00,2026-09-21T08:04:32.069+00:00,2026-09-21T08:04:33.013+00:00,False,19,18.0,,18.0,300025.24043199996,300969.36510399997,300969.36497199995,15840.492893263156,0.02921,300025.24043199996,68818.4795832814,30073.698384999996,52.45137066666666,17.233351565949718,0.05980675140734041,12,64,,True,False,Request timeout: 300.0s exceeded,81,59.56268577710819
252,2026-09-21T07:59:33.104+00:00,2026-09-21T08:04:33.165+00:00,2026-09-21T08:04:33.165+00:00,False,1,0.0,,0.0,300060.50602100004,300060.50602100004,300060.50602100004,300060.50602100004,300060.50602100004,300060.50602100004,nan,300060.50602100004,nan,nan,0.0,12,64,,True,False,"HTTPConnectionPool(host='gpu06', port=9004): Read timed out.",0,59.56268577710819
253,2026-09-21T07:59:33.383+00:00,2026-09-21T08:04:33.431+00:00,2026-09-21T08:04:33.431+00:00,False,1,0.0,,0.0,300047.91530299996,300047.91530299996,300047.91530299996,300047.91530299996,300047.91530299996,300047.91530299996,nan,300047.91530299996,nan,nan,0.0,12,64,,True,False,"HTTPConnectionPool(host='gpu06', port=9004): Read timed out.",0,59.56268577710819
250,2026-09-21T07:59:32.448+00:00,2026-09-21T08:04:33.619+00:00,2026-09-21T08:04:33.619+00:00,False,1,0.0,,0.0,301171.769489,301171.769489,301171.769489,301171.769489,301171.769489,301171.769489,nan,301171.769489,nan,nan,0.0,12,64,,True,False,"HTTPConnectionPool(host='gpu06', port=9004): Read timed out.",0,59.56268577710819
251,2026-09-21T07:59:32.797+00:00,2026-09-21T08:04:33.985+00:00,2026-09-21T08:04:34.978+00:00,False,16,15.0,,15.0,301187.476065,302180.387169,302180.387166,18886.274197875,0.027280000000000002,301187.476065,75280.33483165897,75463.40075249999,66.1940736,48.08589395264163,0.049639224241283975,12,64,,True,False,Request timeout: 300.0s exceeded,36,59.56268577710819
254,2026-09-21T07:59:34.867+00:00,2026-09-21T08:04:34.061+00:00,2026-09-21T08:04:35.219+00:00,False,19,18.0,,18.0,299194.410235,300352.00485900004,300352.004779,15808.000251526317,0.02671,299194.410235,68625.16476980527,30121.885561000003,64.31081244444445,44.27163759153201,0.059929681536336286,12,64,,True,False,Request timeout: 300.0s exceeded,72,59.56268577710819
255,2026-09-21T07:59:34.981+00:00,2026-09-21T08:04:35.486+00:00,2026-09-21T08:04:35.486+00:00,False,1,0.0,,0.0,300504.59501499997,300504.59501499997,300504.59501499997,300504.59501499997,300504.59501499997,300504.59501499997,nan,300504.59501499997,nan,nan,0.0,12,64,,True,False,"HTTPConnectionPool(host='gpu06', port=9004): Read timed out.",0,59.56268577710819
256,2026-09-21T07:59:35.189+00:00,2026-09-21T08:04:35.526+00:00,2026-09-21T08:04:35.526+00:00,False,1,0.0,,0.0,300336.534108,300336.534108,300336.534108,300336.534108,300336.534108,300336.534108,nan,300336.534108,nan,nan,0.0,12,64,,True,False,"HTTPConnectionPool(host='gpu06', port=9004): Read timed out.",0,59.56268577710819
257,2026-09-21T07:59:35.455+00:00,2026-09-21T08:04:35.714+00:00,2026-09-21T08:04:35.714+00:00,False,1,0.0,,0.0,300259.786769,300259.786769,300259.786769,300259.786769,300259.786769,300259.786769,nan,300259.786769,nan,nan,0.0,12,64,,True,False,"HTTPConnectionPool(host='gpu06', port=9004): Read timed out.",0,59.56268577710819
258,2026-09-21T07:59:35.686+00:00,2026-09-21T08:04:35.983+00:00,2026-09-21T08:04:35.983+00:00,False,1,0.0,,0.0,300297.048827,300297.048827,300297.048827,300297.048827,300297.048827,300297.048827,nan,300297.048827,nan,nan,0.0,12,64,,True,False,"HTTPConnectionPool(host='gpu06', port=9004): Read timed out.",0,59.56268577710819
259,2026-09-21T07:59:35.951+00:00,2026-09-21T08:04:36.105+00:00,2026-09-21T08:04:36.105+00:00,False,1,0.0,,0.0,300154.593367,300154.593367,300154.593367,300154.593367,300154.593367,300154.593367,nan,300154.593367,nan,nan,0.0,12,64,,True,False,"HTTPConnectionPool(host='gpu06', port=9004): Read timed out.",0,59.56268577710819
260,2026-09-21T07:59:35.961+00:00,2026-09-21T08:04:36.176+00:00,2026-09-21T08:04:36.176+00:00,False,1,0.0,,0.0,300215.275161,300215.275161,300215.275161,300215.275161,300215.275161,300215.275161,nan,300215.275161,nan,nan,0.0,12,64,,True,False,"HTTPConnectionPool(host='gpu06', port=9004): Read timed out.",0,59.56268577710819
261,2026-09-21T07:59:36.179+00:00,2026-09-21T08:04:36.309+00:00,2026-09-21T08:04:36.309+00:00,False,1,0.0,,0.0,300130.399924,300130.399924,300130.399924,300130.399924,300130.399924,300130.399924,nan,300130.399924,nan,nan,0.0,12,64,,True,False,"HTTPConnectionPool(host='gpu06', port=9004): Read timed out.",0,59.56268577710819
262,2026-09-21T07:59:36.587+00:00,2026-09-21T08:04:36.695+00:00,2026-09-21T08:04:36.695+00:00,False,1,0.0,,0.0,300107.799535,300107.799535,300107.799535,300107.799535,300107.799535,300107.799535,nan,300107.799535,nan,nan,0.0,12,64,,True,False,"HTTPConnectionPool(host='gpu06', port=9004): Read timed out.",0,59.56268577710819
263,2026-09-21T07:59:36.854+00:00,2026-09-21T08:04:36.968+00:00,2026-09-21T08:04:36.968+00:00,False,1,0.0,,0.0,300114.556824,300114.556824,300114.556824,300114.556824,300114.556824,300114.556824,nan,300114.556824,nan,nan,0.0,12,64,,True,False,"HTTPConnectionPool(host='gpu06', port=9004): Read timed out.",0,59.56268577710819
264,2026-09-21T07:59:37.165+00:00,2026-09-21T08:04:37.267+00:00,2026-09-21T08:04:37.267+00:00,False,1,0.0,,0.0,300102.086969,300102.086969,300102.086969,300102.086969,300102.086969,300102.086969,nan,300102.086969,nan,nan,0.0,12,64,,True,False,"HTTPConnectionPool(host='gpu06', port=9004): Read timed out.",0,59.56268577710819
265,2026-09-21T07:59:37.590+00:00,2026-09-21T08:04:37.656+00:00,2026-09-21T08:04:37.656+00:00,False,1,0.0,,0.0,300065.478038,300065.478038,300065.478038,300065.478038,300065.478038,300065.478038,nan,300065.478038,nan,nan,0.0,12,64,,True,False,TTFT timeout: 300.0s exceeded (TTFT: 300.060s),0,59.56268577710819
266,2026-09-21T07:59:38.049+00:00,2026-09-21T08:04:38.079+00:00,2026-09-21T08:04:38.079+00:00,False,1,0.0,,0.0,300029.998201,300029.998201,300029.998201,300029.998201,300029.998201,300029.998201,nan,300029.998201,nan,nan,0.0,12,64,,True,False,TTFT timeout: 300.0s exceeded (TTFT: 300.024s),0,59.56268577710819
267,2026-09-21T07:59:38.370+00:00,2026-09-21T08:04:38.300+00:00,2026-09-21T08:04:38.398+00:00,False,4,3.0,,3.0,299929.90861000004,300028.060034,300028.05992400006,75007.01498100001,0.03152,299929.90861000004,149948.5975504813,254948.19151240002,32.71714133333333,28.438400866584136,0.009999064753010206,12,64,,True,False,Request timeout: 300.0s exceeded,12,59.56268577710819
268,2026-09-21T07:59:38.685+00:00,2026-09-21T08:04:38.776+00:00,2026-09-21T08:04:38.776+00:00,False,1,0.0,,0.0,300090.681142,300090.681142,300090.681142,300090.681142,300090.681142,300090.681142,nan,300090.681142,nan,nan,0.0,12,64,,True,False,"HTTPConnectionPool(host='gpu06', port=9004): Read timed out.",0,59.56268577710819
269,2026-09-21T07:59:39.051+00:00,2026-09-21T08:04:39.100+00:00,2026-09-21T08:04:39.100+00:00,False,1,0.0,,0.0,300048.729601,300048.729601,300048.729601,300048.729601,300048.729601,300048.729601,nan,300048.729601,nan,nan,0.0,12,64,,True,False,"HTTPConnectionPool(host='gpu06', port=9004): Read timed out.",0,59.56268577710819
270,2026-09-21T07:59:39.382+00:00,2026-09-21T08:04:39.473+00:00,2026-09-21T08:04:39.473+00:00,False,1,0.0,,0.0,300091.734859,300091.734859,300091.734859,300091.734859,300091.734859,300091.734859,nan,300091.734859,nan,nan,0.0,12,64,,True,False,"HTTPConnectionPool(host='gpu06', port=9004): Read timed out.",0,59.56268577710819
271,2026-09-21T07:59:39.664+00:00,2026-09-21T08:04:39.786+00:00,2026-09-21T08:04:39.786+00:00,False,1,0.0,,0.0,300122.389935,300122.389935,300122.389935,300122.389935,300122.389935,300122.389935,nan,300122.389935,nan,nan,0.0,12,64,,True,False,"HTTPConnectionPool(host='gpu06', port=9004): Read timed out.",0,59.56268577710819
272,2026-09-21T07:59:40.055+00:00,2026-09-21T08:04:40.043+00:00,2026-09-21T08:04:40.157+00:00,False,3,2.0,,2.0,299988.215235,300101.560259,300101.560098,100033.85336600001,0.02585,299988.215235,173165.5662412838,270000.7256128,56.672512,80.11046917828325,0.006664410535799673,12,64,,True,False,Request timeout: 300.0s exceeded,12,59.56268577710819
273,2026-09-21T07:59:40.482+00:00,2026-09-21T08:04:40.461+00:00,2026-09-21T08:04:40.513+00:00,False,3,2.0,,2.0,299978.98531099997,300030.56265499996,300030.562588,100010.18752933333,0.04229,299978.98531099997,173178.06075700893,269986.24027859996,25.788672,36.410591278444684,0.006665987565739314,12,64,,True,False,Request timeout: 300.0s exceeded,8,59.56268577710819
274,2026-09-21T07:59:40.905+00:00,2026-09-21T08:04:41.007+00:00,2026-09-21T08:04:41.007+00:00,False,1,0.0,,0.0,300101.703371,300101.703371,300101.703371,300101.703371,300101.703371,300101.703371,nan,300101.703371,nan,nan,0.0,12,64,,True,False,"HTTPConnectionPool(host='gpu06', port=9004): Read timed out.",0,59.56268577710819
275,2026-09-21T07:59:41.298+00:00,2026-09-21T08:04:41.331+00:00,2026-09-21T08:04:41.331+00:00,False,1,0.0,,0.0,300032.899587,300032.899587,300032.899587,300032.899587,300032.899587,300032.899587,nan,300032.899587,nan,nan,0.0,12,64,,True,False,"HTTPConnectionPool(host='gpu06', port=9004): Read timed out.",0,59.56268577710819
276,2026-09-21T07:59:41.716+00:00,2026-09-21T08:04:41.824+00:00,2026-09-21T08:04:41.824+00:00,False,1,0.0,,0.0,300108.63668,300108.63668,300108.63668,300108.63668,300108.63668,300108.63668,nan,300108.63668,nan,nan,0.0,12,64,,True,False,"HTTPConnectionPool(host='gpu06', port=9004): Read timed out.",0,59.56268577710819
277,2026-09-21T07:59:41.990+00:00,2026-09-21T08:04:42.095+00:00,2026-09-21T08:04:42.095+00:00,False,1,0.0,,0.0,300105.36727999995,300105.36727999995,300105.36727999995,300105.36727999995,300105.36727999995,300105.36727999995,nan,300105.36727999995,nan,nan,0.0,12,64,,True,False,"HTTPConnectionPool(host='gpu06', port=9004): Read timed out.",0,59.56268577710819
278,2026-09-21T07:59:42.258+00:00,2026-09-21T08:04:42.363+00:00,2026-09-21T08:04:42.363+00:00,False,1,0.0,,0.0,300105.27329900005,300105.27329900005,300105.27329900005,300105.27329900005,300105.27329900005,300105.27329900005,nan,300105.27329900005,nan,nan,0.0,12,64,,True,False,"HTTPConnectionPool(host='gpu06', port=9004): Read timed out.",0,59.56268577710819
279,2026-09-21T07:59:42.615+00:00,2026-09-21T08:04:42.601+00:00,2026-09-21T08:04:42.769+00:00,False,3,2.0,,2.0,299985.154534,300153.359846,300153.35987299995,100051.11995766665,0.03279,299985.154534,173147.97343377274,270003.4563355,84.102656,118.8927757967871,0.006663260411364851,12,64,,True,False,Request timeout: 300.0s exceeded,8,59.56268577710819
280,2026-09-21T07:59:43.023+00:00,2026-09-21T08:04:43.145+00:00,2026-09-21T08:04:43.145+00:00,False,1,0.0,,0.0,300122.25441399997,300122.25441399997,300122.25441399997,300122.25441399997,300122.25441399997,300122.25441399997,nan,300122.25441399997,nan,nan,0.0,12,64,,True,False,"HTTPConnectionPool(host='gpu06', port=9004): Read timed out.",0,59.56268577710819
281,2026-09-21T07:59:43.313+00:00,2026-09-21T08:04:43.420+00:00,2026-09-21T08:04:43.420+00:00,False,1,0.0,,0.0,300106.827071,300106.827071,300106.827071,300106.827071,300106.827071,300106.827071,nan,300106.827071,nan,nan,0.0,12,64,,True,False,"HTTPConnectionPool(host='gpu06', port=9004): Read timed out.",0,59.56268577710819
282,2026-09-21T07:59:43.577+00:00,2026-09-21T08:04:43.690+00:00,2026-09-21T08:04:43.690+00:00,False,1,0.0,,0.0,300112.67949199997,300112.67949199997,300112.67949199997,300112.67949199997,300112.67949199997,300112.67949199997,nan,300112.67949199997,nan,nan,0.0,12,64,,True,False,"HTTPConnectionPool(host='gpu06', port=9004): Read timed out.",0,59.56268577710819
283,2026-09-21T07:59:43.874+00:00,2026-09-21T08:04:43.980+00:00,2026-09-21T08:04:43.980+00:00,False,1,0.0,,0.0,300105.90834799997,300105.90834799997,300105.90834799997,300105.90834799997,300105.90834799997,300105.90834799997,nan,300105.90834799997,nan,nan,0.0,12,64,,True,False,"HTTPConnectionPool(host='gpu06', port=9004): Read timed out.",0,59.56268577710819
284,2026-09-21T07:59:44.238+00:00,2026-09-21T08:04:44.345+00:00,2026-09-21T08:04:44.345+00:00,False,1,0.0,,0.0,300107.174534,300107.174534,300107.174534,300107.174534,300107.174534,300107.174534,nan,300107.174534,nan,nan,0.0,12,64,,True,False,"HTTPConnectionPool(host='gpu06', port=9004): Read timed out.",0,59.56268577710819
285,2026-09-21T07:59:44.634+00:00,2026-09-21T08:04:44.636+00:00,2026-09-21T08:04:44.751+00:00,False,3,2.0,,2.0,300002.518491,300116.756955,300116.757164,100038.91905466667,0.038810000000000004,300002.518491,173173.5663513265,270013.68662819994,57.119232,80.72412472726819,0.006664073077065415,12,64,,True,False,Request timeout: 300.0s exceeded,9,59.56268577710819
286,2026-09-21T07:59:44.942+00:00,2026-09-21T08:04:44.921+00:00,2026-09-21T08:04:44.951+00:00,False,3,2.0,,2.0,299979.288697,300008.867193,300008.86711500003,100002.955705,0.039049999999999994,299979.288697,173184.58515486488,269984.3137641,14.789248,20.85976318208814,0.0066664696237573925,12,64,,True,False,Request timeout: 300.0s exceeded,12,59.56268577710819
287,2026-09-21T07:59:45.217+00:00,2026-09-21T08:04:45.320+00:00,2026-09-21T08:04:45.320+00:00,False,1,0.0,,0.0,300103.665578,300103.665578,300103.665578,300103.665578,300103.665578,300103.665578,nan,300103.665578,nan,nan,0.0,12,64,,True,False,"HTTPConnectionPool(host='gpu06', port=9004): Read timed out.",0,59.56268577710819
288,2026-09-21T07:59:45.516+00:00,2026-09-21T08:04:45.884+00:00,2026-09-21T08:04:47.074+00:00,False,20,19.0,,19.0,300367.927548,301557.8839,301557.884005,15077.89420025,0.03336,300367.927548,67150.31366333965,15181.874019950003,62.629281684210525,32.76283884278895,0.06300614579952621,12,64,,True,False,Request timeout: 300.0s exceeded,171,59.56268577710819
289,2026-09-21T07:59:45.776+00:00,2026-09-21T08:04:46.202+00:00,2026-09-21T08:04:46.635+00:00,True,8,8.0,,8.0,300426.671505,300858.80590499996,300858.80598899996,37607.350748624995,48.787327,300426.671505,106195.04264347671,195302.69355685,61.73348571428571,9.901579358713466,0.02659054627281245,12,64,,True,True,,29,59.56268577710819
292,2026-09-21T07:59:47.030+00:00,2026-09-21T08:04:47.265+00:00,2026-09-21T08:04:47.265+00:00,False,1,0.0,,0.0,300234.90747000003,300234.90747000003,300234.90747000003,300234.90747000003,300234.90747000003,300234.90747000003,nan,300234.90747000003,nan,nan,0.0,12,64,,True,False,"HTTPConnectionPool(host='gpu06', port=9004): Read timed out.",0,59.56268577710819
290,2026-09-21T07:59:46.210+00:00,2026-09-21T08:04:47.352+00:00,2026-09-21T08:04:47.352+00:00,False,1,0.0,,0.0,301141.818357,301141.818357,301141.818357,301141.818357,301141.818357,301141.818357,nan,301141.818357,nan,nan,0.0,12,64,,True,False,"HTTPConnectionPool(host='gpu06', port=9004): Read timed out.",0,59.56268577710819
293,2026-09-21T07:59:47.444+00:00,2026-09-21T08:04:47.453+00:00,2026-09-21T08:04:47.453+00:00,False,1,0.0,,0.0,300009.248702,300009.248702,300009.248702,300009.248702,300009.248702,300009.248702,nan,300009.248702,nan,nan,0.0,12,64,,True,False,"HTTPConnectionPool(host='gpu06', port=9004): Read timed out.",0,59.56268577710819
291,2026-09-21T07:59:46.575+00:00,2026-09-21T08:04:47.613+00:00,2026-09-21T08:04:47.613+00:00,False,1,0.0,,0.0,301038.03912800003,301038.03912800003,301038.03912800003,301038.03912800003,301038.03912800003,301038.03912800003,nan,301038.03912800003,nan,nan,0.0,12,64,,True,False,"HTTPConnectionPool(host='gpu06', port=9004): Read timed out.",0,59.56268577710819
294,2026-09-21T07:59:47.771+00:00,2026-09-21T08:04:47.780+00:00,2026-09-21T08:04:47.780+00:00,False,1,0.0,,0.0,300009.003693,300009.003693,300009.003693,300009.003693,300009.003693,300009.003693,nan,300009.003693,nan,nan,0.0,12,64,,True,False,"HTTPConnectionPool(host='gpu06', port=9004): Read timed out.",0,59.56268577710819
295,2026-09-21T07:59:48.078+00:00,2026-09-21T08:04:48.149+00:00,2026-09-21T08:04:48.149+00:00,False,1,0.0,,0.0,300070.837894,300070.837894,300070.837894,300070.837894,300070.837894,300070.837894,nan,300070.837894,nan,nan,0.0,12,64,,True,False,"HTTPConnectionPool(host='gpu06', port=9004): Read timed out.",0,59.56268577710819
296,2026-09-21T07:59:48.452+00:00,2026-09-21T08:04:48.557+00:00,2026-09-21T08:04:48.557+00:00,False,1,0.0,,0.0,300104.94114600006,300104.94114600006,300104.94114600006,300104.94114600006,300104.94114600006,300104.94114600006,nan,300104.94114600006,nan,nan,0.0,12,64,,True,False,"HTTPConnectionPool(host='gpu06', port=9004): Read timed out.",0,59.56268577710819
297,2026-09-21T07:59:48.844+00:00,2026-09-21T08:04:48.948+00:00,2026-09-21T08:04:48.948+00:00,False,1,0.0,,0.0,300104.521528,300104.521528,300104.521528,300104.521528,300104.521528,300104.521528,nan,300104.521528,nan,nan,0.0,12,64,,True,False,"HTTPConnectionPool(host='gpu06', port=9004): Read timed out.",0,59.56268577710819
298,2026-09-21T07:59:49.225+00:00,2026-09-21T08:04:49.268+00:00,2026-09-21T08:04:49.268+00:00,False,1,0.0,,0.0,300043.05552399997,300043.05552399997,300043.05552399997,300043.05552399997,300043.05552399997,300043.05552399997,nan,300043.05552399997,nan,nan,0.0,12,64,,True,False,"HTTPConnectionPool(host='gpu06', port=9004): Read timed out.",0,59.56268577710819
299,2026-09-21T07:59:49.665+00:00,2026-09-21T08:04:49.770+00:00,2026-09-21T08:04:49.770+00:00,False,1,0.0,,0.0,300105.69427499996,300105.69427499996,300105.69427499996,300105.69427499996,300105.69427499996,300105.69427499996,nan,300105.69427499996,nan,nan,0.0,12,64,,True,False,"HTTPConnectionPool(host='gpu06', port=9004): Read timed out.",0,59.56268577710819
300,2026-09-21T07:59:49.939+00:00,2026-09-21T08:04:50.045+00:00,2026-09-21T08:04:50.045+00:00,False,1,0.0,,0.0,300106.673045,300106.673045,300106.673045,300106.673045,300106.673045,300106.673045,nan,300106.673045,nan,nan,0.0,12,64,,True,False,"HTTPConnectionPool(host='gpu06', port=9004): Read timed out.",0,59.56268577710819
301,2026-09-21T07:59:50.236+00:00,2026-09-21T08:04:50.344+00:00,2026-09-21T08:04:50.344+00:00,False,1,0.0,,0.0,300108.131319,300108.131319,300108.131319,300108.131319,300108.131319,300108.131319,nan,300108.131319,nan,nan,0.0,12,64,,True,False,"HTTPConnectionPool(host='gpu06', port=9004): Read timed out.",0,59.56268577710819
302,2026-09-21T07:59:50.636+00:00,2026-09-21T08:04:50.750+00:00,2026-09-21T08:04:50.750+00:00,False,1,0.0,,0.0,300113.847589,300113.847589,300113.847589,300113.847589,300113.847589,300113.847589,nan,300113.847589,nan,nan,0.0,12,64,,True,False,"HTTPConnectionPool(host='gpu06', port=9004): Read timed out.",0,59.56268577710819
303,2026-09-21T07:59:50.943+00:00,2026-09-21T08:04:51.046+00:00,2026-09-21T08:04:51.046+00:00,False,1,0.0,,0.0,300103.627214,300103.627214,300103.627214,300103.627214,300103.627214,300103.627214,nan,300103.627214,nan,nan,0.0,12,64,,True,False,"HTTPConnectionPool(host='gpu06', port=9004): Read timed out.",0,59.56268577710819
304,2026-09-21T07:59:51.295+00:00,2026-09-21T08:04:51.338+00:00,2026-09-21T08:04:51.338+00:00,False,1,0.0,,0.0,300042.501536,300042.501536,300042.501536,300042.501536,300042.501536,300042.501536,nan,300042.501536,nan,nan,0.0,12,64,,True,False,TTFT timeout: 300.0s exceeded (TTFT: 300.021s),0,59.56268577710819
305,2026-09-21T07:59:51.703+00:00,2026-09-21T08:04:51.769+00:00,2026-09-21T08:04:51.769+00:00,False,1,0.0,,0.0,300065.700733,300065.700733,300065.700733,300065.700733,300065.700733,300065.700733,nan,300065.700733,nan,nan,0.0,12,64,,True,False,"HTTPConnectionPool(host='gpu06', port=9004): Read timed out.",0,59.56268577710819
306,2026-09-21T07:59:51.977+00:00,2026-09-21T08:04:52.090+00:00,2026-09-21T08:04:52.090+00:00,False,1,0.0,,0.0,300113.37906999997,300113.37906999997,300113.37906999997,300113.37906999997,300113.37906999997,300113.37906999997,nan,300113.37906999997,nan,nan,0.0,12,64,,True,False,"HTTPConnectionPool(host='gpu06', port=9004): Read timed out.",0,59.56268577710819
307,2026-09-21T07:59:52.345+00:00,2026-09-21T08:04:52.392+00:00,2026-09-21T08:04:52.392+00:00,False,1,0.0,,0.0,300047.107759,300047.107759,300047.107759,300047.107759,300047.107759,300047.107759,nan,300047.107759,nan,nan,0.0,12,64,,True,False,"HTTPConnectionPool(host='gpu06', port=9004): Read timed out.",0,59.56268577710819
310,2026-09-21T07:59:54.240+00:00,2026-09-21T08:04:53.198+00:00,2026-09-21T08:04:54.806+00:00,False,29,28.0,,28.0,298958.11262300005,300566.95307100005,300566.95321400004,10364.377697034484,0.05076,298958.11262300005,55504.46029629712,86.6198344,57.45858742857143,16.146857109286515,0.09315728064550671,12,64,,True,False,Request timeout: 300.0s exceeded,82,59.56268577710819
308,2026-09-21T07:59:52.783+00:00,2026-09-21T08:04:53.198+00:00,2026-09-21T08:04:54.564+00:00,False,25,24.0,,24.0,300415.398481,301781.788753,301781.788597,12071.271543879999,0.03782,300415.398481,60071.695626919995,94.8617942,56.932928,17.756709893736765,0.07952766168949756,12,64,,True,False,Request timeout: 300.0s exceeded,186,59.56268577710819
309,2026-09-21T07:59:54.151+00:00,2026-09-21T08:04:53.200+00:00,2026-09-21T08:04:54.512+00:00,False,24,23.0,,23.0,299048.736691,300361.066163,300361.06614,12515.0444225,0.02844,299048.736691,61031.42329855952,92.36917365000001,57.057803130434785,17.551124561056415,0.07657450512417063,12,64,,True,False,Request timeout: 300.0s exceeded,92,59.56268577710819
311,2026-09-21T07:59:54.311+00:00,2026-09-21T08:04:53.202+00:00,2026-09-21T08:04:54.634+00:00,False,26,25.0,,25.0,298891.121177,300323.029273,300323.029199,11550.885738423076,0.02896,298891.121177,58606.14093076996,87.00287200000001,57.27632384,16.497469283501978,0.08324369949423514,12,64,,True,False,Request timeout: 300.0s exceeded,26,59.56268577710819
312,2026-09-21T07:59:54.458+00:00,2026-09-21T08:04:54.934+00:00,2026-09-21T08:04:54.934+00:00,False,1,0.0,,0.0,300476.15105800005,300476.15105800005,300476.15105800005,300476.15105800005,300476.15105800005,300476.15105800005,nan,300476.15105800005,nan,nan,0.0,12,64,,True,False,"HTTPConnectionPool(host='gpu06', port=9004): Read timed out.",0,59.56268577710819
313,2026-09-21T07:59:54.897+00:00,2026-09-21T08:04:55.511+00:00,2026-09-21T08:04:55.511+00:00,False,1,0.0,,0.0,300614.603644,300614.603644,300614.603644,300614.603644,300614.603644,300614.603644,nan,300614.603644,nan,nan,0.0,12,64,,True,False,"HTTPConnectionPool(host='gpu06', port=9004): Read timed out.",0,59.56268577710819
314,2026-09-21T07:59:55.228+00:00,2026-09-21T08:04:55.512+00:00,2026-09-21T08:04:55.512+00:00,False,1,0.0,,0.0,300284.445144,300284.445144,300284.445144,300284.445144,300284.445144,300284.445144,nan,300284.445144,nan,nan,0.0,12,64,,True,False,"HTTPConnectionPool(host='gpu06', port=9004): Read timed out.",0,59.56268577710819
315,2026-09-21T07:59:55.460+00:00,2026-09-21T08:04:55.670+00:00,2026-09-21T08:04:55.670+00:00,False,1,0.0,,0.0,300210.107475,300210.107475,300210.107475,300210.107475,300210.107475,300210.107475,nan,300210.107475,nan,nan,0.0,12,64,,True,False,"HTTPConnectionPool(host='gpu06', port=9004): Read timed out.",0,59.56268577710819
316,2026-09-21T07:59:55.814+00:00,2026-09-21T08:04:55.900+00:00,2026-09-21T08:04:55.900+00:00,False,1,0.0,,0.0,300086.58172,300086.58172,300086.58172,300086.58172,300086.58172,300086.58172,nan,300086.58172,nan,nan,0.0,12,64,,True,False,"HTTPConnectionPool(host='gpu06', port=9004): Read timed out.",0,59.56268577710819
317,2026-09-21T07:59:56.106+00:00,2026-09-21T08:04:56.211+00:00,2026-09-21T08:04:56.211+00:00,False,1,0.0,,0.0,300104.674945,300104.674945,300104.674945,300104.674945,300104.674945,300104.674945,nan,300104.674945,nan,nan,0.0,12,64,,True,False,"HTTPConnectionPool(host='gpu06', port=9004): Read timed out.",0,59.56268577710819
318,2026-09-21T07:59:56.397+00:00,2026-09-21T08:04:56.509+00:00,2026-09-21T08:04:56.509+00:00,False,1,0.0,,0.0,300111.872691,300111.872691,300111.872691,300111.872691,300111.872691,300111.872691,nan,300111.872691,nan,nan,0.0,12,64,,True,False,"HTTPConnectionPool(host='gpu06', port=9004): Read timed out.",0,59.56268577710819
319,2026-09-21T07:59:56.730+00:00,2026-09-21T08:04:56.846+00:00,2026-09-21T08:04:56.846+00:00,False,1,0.0,,0.0,300115.741731,300115.741731,300115.741731,300115.741731,300115.741731,300115.741731,nan,300115.741731,nan,nan,0.0,12,64,,True,False,"HTTPConnectionPool(host='gpu06', port=9004): Read timed out.",0,59.56268577710819
320,2026-09-21T07:59:57.059+00:00,2026-09-21T08:04:57.153+00:00,2026-09-21T08:04:57.153+00:00,False,1,0.0,,0.0,300094.81023299997,300094.81023299997,300094.81023299997,300094.81023299997,300094.81023299997,300094.81023299997,nan,300094.81023299997,nan,nan,0.0,12,64,,True,False,"HTTPConnectionPool(host='gpu06', port=9004): Read timed out.",0,59.56268577710819
321,2026-09-21T07:59:57.421+00:00,2026-09-21T08:04:57.358+00:00,2026-09-21T08:04:57.447+00:00,False,3,2.0,,2.0,299937.08087,300026.310694,300026.310744,100008.770248,0.03853,299937.08087,173143.00167255173,269952.2919174,44.614912,63.04070783368702,0.006666082035851254,12,64,,True,False,Request timeout: 300.0s exceeded,10,59.56268577710819
322,2026-09-21T07:59:57.778+00:00,2026-09-21T08:04:57.874+00:00,2026-09-21T08:04:57.874+00:00,False,1,0.0,,0.0,300095.677706,300095.677706,300095.677706,300095.677706,300095.677706,300095.677706,nan,300095.677706,nan,nan,0.0,12,64,,True,False,"HTTPConnectionPool(host='gpu06', port=9004): Read timed out.",0,59.56268577710819
323,2026-09-21T07:59:58.148+00:00,2026-09-21T08:04:58.243+00:00,2026-09-21T08:04:58.243+00:00,False,1,0.0,,0.0,300094.2206,300094.2206,300094.2206,300094.2206,300094.2206,300094.2206,nan,300094.2206,nan,nan,0.0,12,64,,True,False,"HTTPConnectionPool(host='gpu06', port=9004): Read timed out.",0,59.56268577710819
324,2026-09-21T07:59:58.541+00:00,2026-09-21T08:04:58.604+00:00,2026-09-21T08:04:58.604+00:00,False,1,0.0,,0.0,300062.527404,300062.527404,300062.527404,300062.527404,300062.527404,300062.527404,nan,300062.527404,nan,nan,0.0,12,64,,True,False,"HTTPConnectionPool(host='gpu06', port=9004): Read timed out.",0,59.56268577710819
325,2026-09-21T07:59:58.953+00:00,2026-09-21T08:04:59.068+00:00,2026-09-21T08:04:59.068+00:00,False,1,0.0,,0.0,300115.16223,300115.16223,300115.16223,300115.16223,300115.16223,300115.16223,nan,300115.16223,nan,nan,0.0,12,64,,True,False,TTFT timeout: 300.0s exceeded (TTFT: 300.083s),0,59.56268577710819
326,2026-09-21T07:59:59.385+00:00,2026-09-21T08:04:59.373+00:00,2026-09-21T08:04:59.434+00:00,False,3,2.0,,2.0,299987.882153,300049.449385,300049.44943,100016.48314333333,0.03909000000000001,299987.882153,173180.31430171197,269995.2467564,30.783616,43.47921532927438,0.006665567972543606,12,64,,True,False,Request timeout: 300.0s exceeded,4,59.56268577710819
327,2026-09-21T07:59:59.673+00:00,2026-09-21T08:04:59.780+00:00,2026-09-21T08:04:59.780+00:00,False,1,0.0,,0.0,300107.249652,300107.249652,300107.249652,300107.249652,300107.249652,300107.249652,nan,300107.249652,nan,nan,0.0,12,64,,True,False,"HTTPConnectionPool(host='gpu06', port=9004): Read timed out.",0,59.56268577710819
328,2026-09-21T08:00:00.026+00:00,2026-09-21T08:05:00.159+00:00,2026-09-21T08:05:00.159+00:00,False,1,0.0,,0.0,300133.059698,300133.059698,300133.059698,300133.059698,300133.059698,300133.059698,nan,300133.059698,nan,nan,0.0,12,64,,True,False,"HTTPConnectionPool(host='gpu06', port=9004): Read timed out.",0,59.56268577710819
329,2026-09-21T08:00:00.329+00:00,2026-09-21T08:05:00.435+00:00,2026-09-21T08:05:00.435+00:00,False,1,0.0,,0.0,300106.337765,300106.337765,300106.337765,300106.337765,300106.337765,300106.337765,nan,300106.337765,nan,nan,0.0,12,64,,True,False,"HTTPConnectionPool(host='gpu06', port=9004): Read timed out.",0,59.56268577710819
330,2026-09-21T08:00:00.732+00:00,2026-09-21T08:05:00.845+00:00,2026-09-21T08:05:00.845+00:00,False,1,0.0,,0.0,300113.336974,300113.336974,300113.336974,300113.336974,300113.336974,300113.336974,nan,300113.336974,nan,nan,0.0,12,64,,True,False,"HTTPConnectionPool(host='gpu06', port=9004): Read timed out.",0,59.56268577710819
331,2026-09-21T08:00:01.142+00:00,2026-09-21T08:05:01.167+00:00,2026-09-21T08:05:02.971+00:00,False,29,28.0,,28.0,300025.114629,301829.258501,301829.258448,10407.905463724139,0.03263,300025.114629,55701.311060280685,175.3032448,64.43370971428571,35.610921804686726,0.09276767977716524,12,64,,True,False,Request timeout: 300.0s exceeded,28,59.56268577710819
332,2026-09-21T08:00:01.399+00:00,2026-09-21T08:05:01.384+00:00,2026-09-21T08:05:03.025+00:00,False,29,28.0,,28.0,299984.85953200003,301626.420364,301626.420432,10400.911049379312,0.036520000000000004,299984.85953200003,55694.90639529125,111.5812294,58.627172571428574,19.37463091965455,0.09283006431004902,12,64,,True,False,Request timeout: 300.0s exceeded,168,59.56268577710819
334,2026-09-21T08:00:02.099+00:00,2026-09-21T08:05:03.263+00:00,2026-09-21T08:05:03.263+00:00,False,1,0.0,,0.0,301164.012116,301164.012116,301164.012116,301164.012116,301164.012116,301164.012116,nan,301164.012116,nan,nan,0.0,12,64,,True,False,"HTTPConnectionPool(host='gpu06', port=9004): Read timed out.",0,59.56268577710819
333,2026-09-21T08:00:01.701+00:00,2026-09-21T08:05:03.599+00:00,2026-09-21T08:05:03.962+00:00,True,7,7.0,,7.0,301897.780621,302260.21799699997,302260.218039,43180.03114842857,47.869807,301897.780621,114083.80446414041,211351.45057420002,60.406229333333336,9.365516391915412,0.023158853144443495,12,64,,True,True,,28,59.56268577710819
0,2026-09-21T07:58:02.112+00:00,2026-09-21T07:58:02.256+00:00,2026-09-21T07:58:03.144+00:00,True,17,17.0,,17.0,144.22418,1031.711924,1031.71183,60.68893117647059,0.0229,251.363157,60.83777659361103,165.65197539999997,55.467984,58.76814773819956,16.47746779361639,13,64,,False,True,,25,59.56268577710819
5,2026-09-21T07:58:03.745+00:00,2026-09-21T07:58:03.906+00:00,2026-09-21T07:58:05.151+00:00,True,22,22.0,,22.0,160.577491,1405.941715,1405.941565,63.90643477272727,42.378953,160.577491,23.342430981586656,73.3810345,59.303058285714286,9.08828635296794,15.64787484806936,13,64,,False,True,,154,59.56268577710819
1,2026-09-21T07:58:02.447+00:00,2026-09-21T07:58:04.964+00:00,2026-09-21T07:58:06.613+00:00,True,26,26.0,,26.0,2516.10936,4165.857583999999,4165.857551,160.22529042307693,45.124703000000004,2516.10936,480.6473463924005,94.35062399999998,65.98992896,11.813555978502736,6.241211917531554,13,64,,False,True,,104,59.56268577710819
2,2026-09-21T07:58:02.809+00:00,2026-09-21T07:58:05.205+00:00,2026-09-21T07:58:09.360+00:00,True,67,67.0,,67.0,2396.035562,6551.92881,6551.928781,97.78998180597014,41.437244,2396.035562,285.2539623678527,77.8571039,62.968079515151516,11.399246422937404,10.225996335268484,13,64,,False,True,,201,59.56268577710819
3,2026-09-21T07:58:03.144+00:00,2026-09-21T07:58:07.416+00:00,2026-09-21T07:58:12.275+00:00,True,78,78.0,,78.0,4271.821116,9131.434556,9131.434541,117.06967360256411,38.012644,4271.821116,476.66226785781396,78.58627299999998,63.11186285714286,10.755546492706255,8.541921811042107,13,64,,False,True,,237,59.56268577710819
4,2026-09-21T07:58:03.394+00:00,2026-09-21T07:58:08.862+00:00,2026-09-21T07:58:12.147+00:00,True,53,53.0,,53.0,5468.381479000001,8753.743911000001,8753.743910000001,165.1649794339623,41.186144999999996,5468.381479000001,742.5525141089337,80.3177504,63.18004676923077,11.73807728695129,6.054552262306865,13,64,,False,True,,142,59.56268577710819
6,2026-09-21T07:58:04.026+00:00,2026-09-21T07:58:09.757+00:00,2026-09-21T07:58:14.569+00:00,True,76,76.0,,76.0,5731.31854,10542.857484,10542.85736,138.72180736842105,0.01756,5731.31854,651.4504213256976,81.24717324999999,64.15385258666666,42.69742238105686,7.208671853464655,13,64,,False,True,,488,59.56268577710819
7,2026-09-21T07:58:04.260+00:00,2026-09-21T07:58:11.090+00:00,2026-09-21T07:58:13.158+00:00,True,29,29.0,,29.0,6829.904263,8898.456711,8898.456817,306.84333851724136,0.0431,6829.904263,1256.284709279639,277.0302764,73.87687314285715,66.9597522427478,3.2589920861390587,13,64,,False,True,,116,59.56268577710819
8,2026-09-21T07:58:04.458+00:00,2026-09-21T07:58:12.071+00:00,2026-09-21T07:58:15.742+00:00,True,59,59.0,,59.0,7612.816572,11283.220924,11283.220852999999,191.24103140677965,0.01862,7612.816572,984.431176300136,86.0143771,63.28283365517242,55.98247020803013,5.22900334907951,13,64,,False,True,,150,59.56268577710819
9,2026-09-21T07:58:04.816+00:00,2026-09-21T07:58:13.881+00:00,2026-09-21T07:58:20.015+00:00,True,100,100.0,,100.0,9065.352445,15199.128061,15199.127942000001,151.99127942,38.830304,9065.352445,900.3959451364235,77.1540355,61.95732945454545,10.132055940182408,6.579324787491834,13,64,,False,True,,499,59.56268577710819
10,2026-09-21T07:58:05.167+00:00,2026-09-21T07:58:16.554+00:00,2026-09-21T07:58:22.129+00:00,True,89,89.0,,89.0,11386.302539,16961.509707,16961.509718,190.5787608764045,38.486264000000006,11386.302539,1200.279303815286,78.75886859999999,63.3546269090909,10.932728809901477,5.247174428303972,13,64,,False,True,,314,59.56268577710819
11,2026-09-21T07:58:05.481+00:00,2026-09-21T07:58:18.152+00:00,2026-09-21T07:58:21.053+00:00,True,46,46.0,,46.0,12671.136983999999,15572.580055999999,15572.580184999999,338.5343518478261,42.525945,12671.136983999999,1858.7886526431278,79.82845149999999,64.47651271111111,12.015504116037208,2.953910003004065,13,64,,False,True,,276,59.56268577710819
12,2026-09-21T07:58:05.811+00:00,2026-09-21T07:58:20.068+00:00,2026-09-21T07:58:20.436+00:00,True,7,7.0,,7.0,14257.534679999999,14625.624279999998,14625.624208,2089.374886857143,52.770535,14257.534679999999,5365.660730654871,10003.501541399999,61.34826666666667,9.225827604427446,0.4786120486885638,13,64,,False,True,,35,59.56268577710819
13,2026-09-21T07:58:06.118+00:00,2026-09-21T07:58:21.620+00:00,2026-09-21T07:58:26.969+00:00,True,80,80.0,,80.0,15501.721011,20850.977459,20850.977265999998,260.637215825,0.0,15501.721011,1727.3775195254937,101.77627470000002,67.71210693670886,79.40416468196015,3.8367505867437997,13,64,,False,True,,238,59.56268577710819
14,2026-09-21T07:58:06.396+00:00,2026-09-21T07:58:22.740+00:00,2026-09-21T07:58:23.781+00:00,True,11,11.0,,11.0,16344.500938,17384.633545999997,17384.633525999998,1580.4212296363635,0.01647,16344.500938,4900.072381858327,8433.4847965,104.0132608,191.8445075681814,0.6327427018173168,13,64,,False,True,,57,59.56268577710819
15,2026-09-21T07:58:06.634+00:00,2026-09-21T07:58:24.101+00:00,2026-09-21T07:58:25.506+00:00,True,23,23.0,,23.0,17466.652193,18871.999521,18871.999569000003,820.5217203913044,40.176974,17466.652193,3628.748598746499,79.9676159,63.879424,12.217494443302646,1.218736783794771,13,64,,False,True,,123,59.56268577710819
16,2026-09-21T07:58:06.887+00:00,2026-09-21T07:58:25.508+00:00,2026-09-21T07:58:31.397+00:00,True,95,95.0,,95.0,18620.669154,24509.739746,24509.739715,257.99726015789474,0.0,18620.669154,1904.9393104004148,77.6226043,62.64968714893617,59.72990470147875,3.876010148802336,13,64,,False,True,,478,59.56268577710819
17,2026-09-21T07:58:07.200+00:00,2026-09-21T07:58:27.274+00:00,2026-09-21T07:58:32.630+00:00,True,86,86.0,,86.0,20073.472014,25429.393422,25429.39335,295.6906203488372,0.0,20073.472014,2158.279587560724,78.62124299999999,63.01084009411765,46.54613905072621,3.3819131495916026,13,64,,False,True,,347,59.56268577710819
18,2026-09-21T07:58:07.438+00:00,2026-09-21T07:58:28.499+00:00,2026-09-21T07:58:31.120+00:00,True,42,42.0,,42.0,21060.830256999998,23681.479984999998,23681.480098999997,563.8447642619047,0.0,21060.830256999998,3240.56983154602,78.6179925,63.91828604878049,67.00862074341174,1.7735378036593603,13,64,,False,True,,84,59.56268577710819
19,2026-09-21T07:58:07.680+00:00,2026-09-21T07:58:29.805+00:00,2026-09-21T07:58:35.374+00:00,True,82,82.0,,82.0,22124.525067000002,27693.538827000004,27693.538975000003,337.72608506097566,0.0,22124.525067000002,2437.990825434758,83.06349949999999,68.7532562962963,107.4170505340439,2.96097947294672,13,64,,False,True,,332,59.56268577710819
20,2026-09-21T07:58:07.978+00:00,2026-09-21T07:58:31.457+00:00,2026-09-21T07:58:33.792+00:00,True,38,38.0,,38.0,23479.056348000002,25814.894556000003,25814.894401,679.3393263421053,0.01715,23479.056348000002,3799.797553663186,176.52512709999996,63.13076237837838,98.12073766887626,1.4720184085031596,13,64,,False,True,,76,59.56268577710819
21,2026-09-21T07:58:08.186+00:00,2026-09-21T07:58:32.353+00:00,2026-09-21T07:58:36.106+00:00,True,60,60.0,,60.0,24166.792369,27920.002737,27920.002709,465.3333784833333,0.0,24166.792369,3113.543747301685,127.24772510000001,63.61373505084745,107.8492822593952,2.148996924004134,13,64,,False,True,,121,59.56268577710819
22,2026-09-21T07:58:08.475+00:00,2026-09-21T07:58:33.866+00:00,2026-09-21T07:58:35.373+00:00,True,17,17.0,,17.0,25391.277366000002,26898.475318,26898.475313000003,1582.2632537058826,46.675115,25391.277366000002,6136.700769346353,5537.7056732,94.199872,128.33970894692308,0.6320060820928348,13,64,,False,True,,98,59.56268577710819
23,2026-09-21T07:58:08.690+00:00,2026-09-21T07:58:35.374+00:00,2026-09-21T07:58:36.575+00:00,True,27,27.0,,27.0,26683.653771,27884.717195,27884.717106,1032.7673002222223,0.0,26683.653771,5126.464903635901,82.1098927,46.19474707692308,29.843085699491947,0.9682723267798233,13,64,,False,True,,247,59.56268577710819
24,2026-09-21T07:58:09.053+00:00,2026-09-21T07:58:36.645+00:00,2026-09-21T07:58:38.903+00:00,True,37,37.0,,37.0,27592.646285,29850.364813,29850.364829,806.766617,45.889644999999994,27592.646285,4525.905353100453,78.86520200000001,62.71440355555555,10.758270657702047,1.2395158394810069,13,64,,False,True,,43,59.56268577710819
25,2026-09-21T07:58:09.419+00:00,2026-09-21T07:58:38.157+00:00,2026-09-21T07:58:42.372+00:00,True,68,68.0,,68.0,28737.918994,32952.931857999996,32952.931912,484.60193988235295,0.0,28737.918994,3478.145125046904,79.509765,62.91063976119403,74.66720696672256,2.0635493161283494,13,64,,False,True,,213,59.56268577710819
26,2026-09-21T07:58:09.630+00:00,2026-09-21T07:58:39.811+00:00,2026-09-21T07:58:42.004+00:00,True,36,36.0,,36.0,30181.094444,32374.079019999997,32374.078971,899.2799714166666,0.0,30181.094444,5020.758470825574,217.76068975,62.65670217142857,102.61871948511768,1.1120007453419753,13,64,,False,True,,324,59.56268577710819
27,2026-09-21T07:58:09.970+00:00,2026-09-21T07:58:41.635+00:00,2026-09-21T07:58:45.445+00:00,True,61,61.0,,61.0,31665.356928,35475.52704,35475.526954,581.5660156393443,0.0154,31665.356928,4047.416526026037,76.22624800000001,63.5028352,99.94972451117991,1.7194952433326836,13,64,,False,True,,549,59.56268577710819
28,2026-09-21T07:58:10.190+00:00,2026-09-21T07:58:43.520+00:00,2026-09-21T07:58:48.681+00:00,True,92,92.0,,92.0,33330.256511,38491.133055,38491.133037,418.3818808369565,0.0,33330.256511,3469.84461344502,78.77473595,56.71292905494505,76.67207455250917,2.3901608681807613,13,64,,False,True,,369,59.56268577710819
29,2026-09-21T07:58:10.469+00:00,2026-09-21T07:58:44.090+00:00,2026-09-21T07:58:49.390+00:00,True,84,84.0,,84.0,33620.103481,38920.046137,38920.046211,463.3338834642857,0.0,33620.103481,3662.0934087010423,78.1603995,63.85473079518072,77.3199544419444,2.1582708228124114,13,64,,False,True,,171,59.56268577710819
30,2026-09-21T07:58:10.668+00:00,2026-09-21T07:58:45.076+00:00,2026-09-21T07:58:47.383+00:00,True,37,37.0,,37.0,34407.579602,36714.87253,36714.872592,992.2938538378378,0.0,34407.579602,5647.261724803936,215.8161466,64.09147022222223,119.38774317667118,1.0077659937336572,13,64,,False,True,,182,59.56268577710819
31,2026-09-21T07:58:10.890+00:00,2026-09-21T07:58:46.485+00:00,2026-09-21T07:58:49.662+00:00,True,51,51.0,,51.0,35594.982306000005,38771.912866000006,38771.912855,760.233585392157,0.0,35594.982306000005,4975.414329821887,78.120763,63.538611200000005,13.151294893998251,1.3153851907245744,13,64,,False,True,,388,59.56268577710819
32,2026-09-21T07:58:11.142+00:00,2026-09-21T07:58:47.574+00:00,2026-09-21T07:58:52.257+00:00,True,74,74.0,,74.0,36432.645953,41114.918721,41114.918579,555.6070078243243,46.161695,36432.645953,4227.762342426532,76.535161,64.14072284931507,9.017254603204371,1.799833303870877,13,64,,False,True,,147,59.56268577710819
33,2026-09-21T07:58:11.406+00:00,2026-09-21T07:58:48.816+00:00,2026-09-21T07:58:50.329+00:00,True,25,25.0,,25.0,37409.620795,38922.752571000005,38922.752622,1556.91010488,45.583315,37409.620795,7469.320849033736,79.709054,63.04715733333334,9.768785379383024,0.6422978424867781,13,64,,False,True,,51,59.56268577710819
34,2026-09-21T07:58:11.610+00:00,2026-09-21T07:58:49.660+00:00,2026-09-21T07:58:51.405+00:00,True,29,29.0,,29.0,38050.0669,39795.607764,39795.607741,1372.2623358965516,48.995695,38050.0669,7054.148777696456,81.80934659999998,62.340745142857145,8.65726726412073,0.7287236363364212,13,64,,False,True,,189,59.56268577710819
35,2026-09-21T07:58:11.968+00:00,2026-09-21T07:58:51.599+00:00,2026-09-21T07:58:57.355+00:00,True,92,92.0,,92.0,39630.806265,45387.134201,45387.134251999996,493.3384157826087,0.0,39630.806265,4127.074991909697,78.84544749999999,63.25635094505495,125.00463668569807,2.0270061465562415,13,64,,False,True,,185,59.56268577710819
36,2026-09-21T07:58:12.293+00:00,2026-09-21T07:58:53.645+00:00,2026-09-21T07:58:56.145+00:00,True,49,49.0,,49.0,41351.850332999995,43851.089244999996,43851.089222999995,894.9201882244897,0.0,41351.850332999995,5900.03965072474,99.55459979999999,52.067477333333336,29.18328776313223,1.117418081138933,13,64,,False,True,,50,59.56268577710819
37,2026-09-21T07:58:12.520+00:00,2026-09-21T07:58:54.483+00:00,2026-09-21T07:59:00.042+00:00,True,89,89.0,,89.0,41962.797547,47522.436331000004,47522.436354000005,533.9599590337078,36.637104,41962.797547,4441.361746041093,78.3107706,63.177713454545454,9.908171259636056,1.8727996052244318,13,64,,False,True,,276,59.56268577710819
38,2026-09-21T07:58:12.774+00:00,2026-09-21T07:58:56.093+00:00,2026-09-21T07:58:58.934+00:00,True,46,46.0,,46.0,43319.134376999995,46160.079784999994,46160.079701999995,1003.4799935217391,33.622834000000005,43319.134376999995,6377.759942607257,80.77856799999999,63.13212017777777,11.622141313703347,0.996532073043513,13,64,,False,True,,53,59.56268577710819
39,2026-09-21T07:58:13.152+00:00,2026-09-21T07:58:57.492+00:00,2026-09-21T07:58:59.173+00:00,True,28,28.0,,28.0,44340.075694,46021.233326,46021.233267999996,1643.615473857143,44.293404,44340.075694,8367.725355584782,78.186224,62.26509748148148,9.936456804418404,0.608414811520951,13,64,,False,True,,157,59.56268577710819
40,2026-09-21T07:58:13.305+00:00,2026-09-21T07:58:58.699+00:00,2026-09-21T07:58:58.758+00:00,True,2,2.0,,2.0,45393.643693000005,45452.68266900001,45452.68255900001,22726.341279500004,59.038866,45393.643693000005,32056.406495584095,43126.91345165001,59.038976,nan,0.044001803250307496,13,64,,False,True,,8,59.56268577710819
41,2026-09-21T07:58:13.517+00:00,2026-09-21T07:58:59.914+00:00,2026-09-21T07:59:01.264+00:00,True,15,15.0,,15.0,46396.903547,47746.616699,47746.616487,3183.1077658,0.0,46396.903547,11956.909986856712,14555.946186899999,96.40808228571429,236.57711876574166,0.3141583851807066,13,64,,False,True,,78,59.56268577710819
42,2026-09-21T07:58:13.750+00:00,2026-09-21T07:59:01.285+00:00,2026-09-21T07:59:03.587+00:00,True,46,46.0,,46.0,47535.638244999995,49837.60995699999,49837.609793999996,1083.4262998695651,0.0,47535.638244999995,7001.2451955229135,79.2626505,51.15492693333333,23.9600032926532,0.9229977127652973,13,64,,False,True,,72,59.56268577710819
43,2026-09-21T07:58:14.071+00:00,2026-09-21T07:59:02.707+00:00,2026-09-21T07:59:08.590+00:00,True,96,96.0,,96.0,48635.337,54518.093096,54518.093111,567.8968032395833,0.01537,48635.337,4958.30016812987,83.96358575000001,61.92374837894737,89.36636263602222,1.760883305858758,13,64,,False,True,,207,59.56268577710819
44,2026-09-21T07:58:14.386+00:00,2026-09-21T07:59:04.579+00:00,2026-09-21T07:59:05.903+00:00,True,22,22.0,,22.0,50192.788121,51517.048985,51517.049019,2341.6840463181816,0.01543,50192.788121,10689.868371375813,973.42276065,63.060041142857145,220.92604860283245,0.4270430941493882,13,64,,False,True,,110,59.56268577710819
45,2026-09-21T07:58:14.707+00:00,2026-09-21T07:59:06.311+00:00,2026-09-21T07:59:10.342+00:00,True,59,59.0,,59.0,51603.910578,55634.391986,55634.392067,942.9557977457628,0.0,51603.910578,6710.526518941041,83.8242151,69.4910587586207,134.08172623460044,1.060495098334982,13,64,,False,True,,133,59.56268577710819
46,2026-09-21T07:58:15.037+00:00,2026-09-21T07:59:08.095+00:00,2026-09-21T07:59:14.177+00:00,True,96,96.0,,96.0,53058.237099,59139.417002999995,59139.416962999996,616.0355933645833,0.0,53058.237099,5409.752840589098,83.59712999999999,64.01242004210526,107.26985578660062,1.6232828266658454,13,64,,False,True,,224,59.56268577710819
47,2026-09-21T07:58:15.290+00:00,2026-09-21T07:59:09.220+00:00,2026-09-21T07:59:13.539+00:00,True,70,70.0,,70.0,53930.529519,58249.411311,58249.411230000005,832.1344461428572,0.0,53930.529519,6439.6650236385285,80.69699955,62.592489739130436,126.00800707984475,1.201728883168661,13,64,,False,True,,490,59.56268577710819
48,2026-09-21T07:58:15.498+00:00,2026-09-21T07:59:10.402+00:00,2026-09-21T07:59:13.826+00:00,True,55,55.0,,55.0,54904.144441,58328.595769,58328.595814,1060.519923890909,10.819581,54904.144441,7394.73608624041,79.914964,63.41576533333333,14.389070521761292,0.9429337235859011,13,64,,False,True,,110,59.56268577710819
49,2026-09-21T07:58:15.725+00:00,2026-09-21T07:59:11.749+00:00,2026-09-21T07:59:17.085+00:00,True,84,84.0,,84.0,56023.604387,61359.764899,61359.764957,730.473392345238,46.964425000000006,56023.604387,6105.668904875096,78.4274525,64.2910905060241,9.473937103927065,1.3689752582700814,13,64,,False,True,,168,59.56268577710819
50,2026-09-21T07:58:15.960+00:00,2026-09-21T07:59:13.270+00:00,2026-09-21T07:59:14.499+00:00,True,19,19.0,,19.0,57309.629196999995,58538.96423699999,58538.964074999996,3080.998109210526,49.029184,57309.629196999995,13132.065794977683,5809.819440999999,68.2963911111111,9.751648351387628,0.32457014311146465,13,64,,False,True,,57,59.56268577710819
51,2026-09-21T07:58:16.162+00:00,2026-09-21T07:59:14.258+00:00,2026-09-21T07:59:19.531+00:00,True,77,77.0,,77.0,58095.375513,63368.882329,63368.882517,822.9725002207792,0.016390000000000002,58095.375513,6614.286074661302,79.14860900000002,69.38824757894737,146.95003352562227,1.215107433964665,13,64,,False,True,,349,59.56268577710819
52,2026-09-21T07:58:16.472+00:00,2026-09-21T07:59:15.846+00:00,2026-09-21T07:59:19.896+00:00,True,61,61.0,,61.0,59374.025891000005,63423.43952300001,63423.439447000004,1039.7285155245902,0.01578,59374.025891000005,7595.2671592570005,96.41083900000001,67.4902272,168.73938138884904,0.9617895285839683,13,64,,False,True,,462,59.56268577710819
53,2026-09-21T07:58:16.707+00:00,2026-09-21T07:59:17.094+00:00,2026-09-21T07:59:18.071+00:00,True,17,17.0,,17.0,60386.300196000004,61363.79114,61363.79109200001,3609.6347701176473,42.627803,60386.300196000004,14631.017405883273,12143.1542776,61.093184,13.241011107882098,0.2770363382734113,13,64,,False,True,,100,59.56268577710819
54,2026-09-21T07:58:17.058+00:00,2026-09-21T07:59:19.449+00:00,2026-09-21T07:59:21.308+00:00,True,29,29.0,,29.0,62390.579616999996,64249.51747299999,64249.517649999994,2215.5006086206895,0.0,62390.579616999996,11575.58177303466,808.095899,66.39063771428572,233.46178822057254,0.451365257524103,13,64,,False,True,,145,59.56268577710819
55,2026-09-21T07:58:17.314+00:00,2026-09-21T07:59:20.136+00:00,2026-09-21T07:59:21.326+00:00,True,16,16.0,,16.0,62822.39159000001,64012.150822,64012.150915000006,4000.7594321875004,0.0,62822.39159000001,15688.575877138397,16597.917391250005,79.31728213333334,307.19451276883507,0.24995254486123347,13,64,,False,True,,72,59.56268577710819
56,2026-09-21T07:58:17.632+00:00,2026-09-21T07:59:21.972+00:00,2026-09-21T07:59:24.425+00:00,True,39,39.0,,39.0,64339.779428999995,66792.65366899999,66792.65346399999,1712.6321401025639,39.872074,64339.779428999995,10292.279976283337,82.097801,64.54932210526316,11.302806660905164,0.5838965493610984,13,64,,False,True,,189,59.56268577710819
57,2026-09-21T07:58:17.843+00:00,2026-09-21T07:59:23.042+00:00,2026-09-21T07:59:29.163+00:00,True,96,96.0,,96.0,65199.221141,71319.625877,71319.625769,742.9127684270834,41.782394000000004,65199.221141,6647.8008535381505,81.57142475,64.42531301052631,10.744675589741272,1.3460530508890292,13,64,,False,True,,192,59.56268577710819
58,2026-09-21T07:58:18.180+00:00,2026-09-21T07:59:24.768+00:00,2026-09-21T07:59:30.620+00:00,True,92,92.0,,92.0,66588.21670799999,72440.70797199999,72440.70798199999,787.3989998043478,42.692953,66588.21670799999,6935.602441206611,77.3884065,64.31309081318682,9.21116967914523,1.2700041534044662,13,64,,False,True,,92,59.56268577710819
59,2026-09-21T07:58:18.377+00:00,2026-09-21T07:59:26.025+00:00,2026-09-21T07:59:31.180+00:00,True,82,82.0,,82.0,67647.783778,72802.90365,72802.903831,887.8402906219512,40.779523999999995,67647.783778,7463.427436904395,81.268086,63.64345520987654,10.775619477392517,1.1263287024129567,13,64,,False,True,,446,59.56268577710819
60,2026-09-21T07:58:18.670+00:00,2026-09-21T07:59:27.730+00:00,2026-09-21T07:59:32.837+00:00,True,76,76.0,,76.0,69060.442957,74166.99450900001,74166.994476,975.881506263158,0.0,69060.442957,7915.427826214654,78.54225375,68.08735402666667,153.14501381790438,1.024714571530569,13,64,,False,True,,342,59.56268577710819
61,2026-09-21T07:58:18.945+00:00,2026-09-21T07:59:28.893+00:00,2026-09-21T07:59:33.499+00:00,True,74,74.0,,74.0,69948.34004099999,74554.13255299999,74554.13261599999,1007.4882785945945,0.0,69948.34004099999,8125.479401703491,78.357319,63.09304810958904,156.38621078639974,0.9925673797813145,13,64,,False,True,,439,59.56268577710819
62,2026-09-21T07:58:19.180+00:00,2026-09-21T07:59:30.302+00:00,2026-09-21T07:59:31.345+00:00,True,18,18.0,,18.0,71122.77773,72165.70125,72165.701242,4009.2056245555555,43.346504,71122.77773,16749.34331884691,10738.38977895,61.34844235294118,11.643042642642778,0.24942596951484622,13,64,,False,True,,54,59.56268577710819
63,2026-09-21T07:58:19.494+00:00,2026-09-21T07:59:32.813+00:00,2026-09-21T07:59:33.323+00:00,True,23,23.0,,23.0,73318.421849,73829.236057,73829.236044,3209.9667845217396,0.0,73318.421849,15283.13488308527,78.17133299999999,23.21882763636364,30.247623266873482,0.31152970324984547,13,64,,False,True,,23,59.56268577710819
64,2026-09-21T07:58:19.790+00:00,2026-09-21T07:59:33.133+00:00,2026-09-21T07:59:35.548+00:00,True,39,39.0,,39.0,73342.577246,75758.167134,75758.167069,1942.5171043333335,0.015380000000000001,73342.577246,11736.000165854164,575.3980719000001,63.56815494736842,217.7861523745171,0.5147959814156715,13,64,,False,True,,162,59.56268577710819
65,2026-09-21T07:58:20.134+00:00,2026-09-21T07:59:35.332+00:00,2026-09-21T07:59:39.363+00:00,True,65,65.0,,65.0,75198.126604,79229.28231600001,79229.28226800001,1218.9120348923077,0.057159999999999996,75198.126604,9319.4056556016,116.90833199999999,62.986808,27.011142820808896,0.8204037459376751,13,64,,False,True,,70,59.56268577710819
66,2026-09-21T07:58:20.385+00:00,2026-09-21T07:59:36.735+00:00,2026-09-21T07:59:39.223+00:00,True,40,40.0,,40.0,76350.177931,78838.299275,78838.29936,1970.957484,3.53857,76350.177931,12061.956190357403,88.50692435,63.797983179487176,22.49400094589734,0.5073676166005803,13,64,,False,True,,353,59.56268577710819
67,2026-09-21T07:58:20.656+00:00,2026-09-21T07:59:37.962+00:00,2026-09-21T07:59:43.354+00:00,True,86,86.0,,86.0,77306.040261,82697.859781,82697.859685,961.6030195930233,41.089213,77306.040261,8329.292000415657,78.23972950000001,63.433170823529416,11.220164675411631,1.0399301774888092,13,64,,False,True,,258,59.56268577710819
68,2026-09-21T07:58:21.004+00:00,2026-09-21T07:59:39.863+00:00,2026-09-21T07:59:42.864+00:00,True,48,48.0,,48.0,78859.37046199999,81860.39727799999,81860.39728599999,1705.4249434583332,40.281633,78859.37046199999,11373.158394459637,79.473302,63.85163438297872,10.663771971224822,0.5863641222872493,13,64,,False,True,,144,59.56268577710819
69,2026-09-21T07:58:21.288+00:00,2026-09-21T07:59:41.374+00:00,2026-09-21T07:59:46.996+00:00,True,74,74.0,,74.0,80085.402546,85708.076722,85708.07672099999,1158.2172529864865,0.0,80085.402546,9302.93778535856,84.03015149999999,77.02293391780822,201.49966396463847,0.8633958762139075,13,64,,False,True,,592,59.56268577710819
70,2026-09-21T07:58:21.570+00:00,2026-09-21T07:59:42.662+00:00,2026-09-21T07:59:48.180+00:00,True,86,86.0,,86.0,81091.340669,86610.114429,86610.114545,1007.0943551744185,0.0,81091.340669,8739.27843051313,78.1951595,64.92675011764706,186.91243918673774,0.9929556214880637,13,64,,False,True,,213,59.56268577710819
71,2026-09-21T07:58:21.832+00:00,2026-09-21T07:59:44.125+00:00,2026-09-21T07:59:44.378+00:00,True,5,5.0,,5.0,82293.06916099999,82545.62314499999,82545.62305299999,16509.1246106,46.698284,82293.06916099999,36774.34531084885,65850.1968982,63.138496,15.181216363936059,0.0605725635048751,13,64,,False,True,,15,59.56268577710819
72,2026-09-21T07:58:22.047+00:00,2026-09-21T07:59:46.967+00:00,2026-09-21T07:59:47.914+00:00,True,41,41.0,,41.0,84919.691009,85867.203841,85867.203822,2094.3220444390245,0.0,84919.691009,13258.566092992902,77.69251700000001,23.6878208,32.10798017860005,0.4774814849674104,13,64,,False,True,,82,59.56268577710819
73,2026-09-21T07:58:22.389+00:00,2026-09-21T07:59:46.990+00:00,2026-09-21T07:59:52.459+00:00,True,88,88.0,,88.0,84600.392235,90070.008363,90070.00814600001,1023.5228198409092,0.04314,84600.392235,9011.738428978275,78.94060664999999,62.86915089655172,12.218888841933712,0.9770177842700152,13,64,,False,True,,242,59.56268577710819
74,2026-09-21T07:58:22.631+00:00,2026-09-21T07:59:48.111+00:00,2026-09-21T07:59:49.019+00:00,True,16,16.0,,16.0,85479.437279,86388.010463,86388.01049900001,5399.250656187501,41.081964,85479.437279,21354.71853601166,21427.699189249997,60.5715456,9.81047505059034,0.18521088649046735,13,64,,False,True,,32,59.56268577710819
76,2026-09-21T07:58:23.355+00:00,2026-09-21T07:59:50.718+00:00,2026-09-21T07:59:56.796+00:00,True,96,96.0,,96.0,87362.944873,93440.475753,93440.475738,973.3382889375,0.0175,87362.944873,8911.649995951711,90.47100325,63.974009263157896,176.83052074028757,1.027392029271831,13,64,,False,True,,480,59.56268577710819
75,2026-09-21T07:58:23.343+00:00,2026-09-21T07:59:51.371+00:00,2026-09-21T07:59:51.496+00:00,True,3,3.0,,3.0,88028.781741,88153.587885,88153.587862,29384.529287333335,57.446735000000004,88028.781741,50787.41265266625,79232.6395055,62.403072,7.009430727963006,0.03403151331643613,13,64,,False,True,,13,59.56268577710819
77,2026-09-21T07:58:23.492+00:00,2026-09-21T07:59:52.456+00:00,2026-09-21T07:59:52.517+00:00,True,2,2.0,,2.0,88963.20110199999,89024.42990199999,89024.429867,44512.2149335,61.228765,88963.20110199999,62863.18750035155,84518.10248514998,61.2288,nan,0.02246574341674126,13,64,,False,True,,8,59.56268577710819
78,2026-09-21T07:58:23.696+00:00,2026-09-21T07:59:54.119+00:00,2026-09-21T07:59:54.588+00:00,True,19,19.0,,19.0,90423.77020700001,90892.06153500002,90892.06153800001,4783.792712526316,0.01514,90423.77020700001,20738.799127717106,9275.7773894,26.016184888888887,76.15260340305902,0.20903915786620844,13,64,,False,True,,57,59.56268577710819
79,2026-09-21T07:58:23.954+00:00,2026-09-21T07:59:54.893+00:00,2026-09-21T07:59:56.523+00:00,True,27,27.0,,27.0,90939.41179799999,92569.82203799998,92569.82214199999,3428.5119311851845,0.03178,90939.41179799999,17489.244653113183,112.57276169999999,62.70808615384615,23.25816029598256,0.2916717284917808,13,64,,False,True,,54,59.56268577710819
80,2026-09-21T07:58:24.293+00:00,2026-09-21T07:59:56.796+00:00,2026-09-21T08:00:02.909+00:00,True,75,75.0,,75.0,92502.956851,98615.917363,98615.917168,1314.8788955733332,0.0,92502.956851,10673.977047026563,82.77166030000001,82.60757448648648,217.90249645462364,0.7605263126431097,13,64,,False,True,,750,59.56268577710819
81,2026-09-21T07:58:24.649+00:00,2026-09-21T07:59:58.447+00:00,2026-09-21T08:00:02.876+00:00,True,65,65.0,,65.0,93798.42407899999,98226.779663,98226.779768,1511.1812271999997,0.0,93798.42407899999,11627.981460389574,80.2486908,69.193056,233.15215967373828,0.6617340018985084,13,64,,False,True,,72,59.56268577710819
82,2026-09-21T07:58:24.999+00:00,2026-09-21T08:00:00.364+00:00,2026-09-21T08:00:04.002+00:00,True,58,58.0,,58.0,95364.91519,99002.27583,99002.27589,1706.9357912068965,0.0,95364.91519,12516.126006797484,75.8545455,63.813344561403504,251.2735181498529,0.585845118344488,13,64,,False,True,,229,59.56268577710819
83,2026-09-21T07:58:25.249+00:00,2026-09-21T08:00:02.878+00:00,2026-09-21T08:00:04.203+00:00,True,44,44.0,,44.0,97628.766436,98954.109668,98954.109582,2248.9570359545455,0.0,97628.766436,14713.479197134124,76.2845725,30.821935627906978,32.68506625783286,0.444650557188822,13,64,,False,True,,330,59.56268577710819
84,2026-09-21T07:58:25.570+00:00,2026-09-21T08:00:03.170+00:00,2026-09-21T08:00:06.543+00:00,True,53,53.0,,53.0,97600.469728,100972.701664,100972.701735,1905.1453157547169,45.721474,97600.469728,13397.550482516997,77.935439,64.85061415384615,8.802531412763061,0.5248943439818466,13,64,,False,True,,379,59.56268577710819
85,2026-09-21T07:58:25.882+00:00,2026-09-21T08:00:04.704+00:00,2026-09-21T08:00:07.164+00:00,True,39,39.0,,39.0,98822.175522,101281.180194,101281.18017800001,2596.953337897436,50.888795,98822.175522,15813.852887458359,78.938621,64.71064926315789,8.760802368103006,0.3850666029493049,13,64,,False,True,,206,59.56268577710819
86,2026-09-21T07:58:26.107+00:00,2026-09-21T08:00:05.649+00:00,2026-09-21T08:00:09.910+00:00,True,71,71.0,,71.0,99542.39546,103803.140676,103803.140695,1462.0160661267605,42.695593,99542.39546,11806.289376713898,78.08629200000001,60.8677888,9.958361632983578,0.683987011738034,13,64,,False,True,,422,59.56268577710819
87,2026-09-21T07:58:26.352+00:00,2026-09-21T08:00:06.679+00:00,2026-09-21T08:00:10.056+00:00,True,57,57.0,,57.0,100326.28100599999,103703.86615799999,103703.86617299999,1819.366073210526,44.212824,100326.28100599999,13280.555212597441,76.9451822,60.31402057142857,9.665145271443308,0.5496419961157144,13,64,,False,True,,172,59.56268577710819
88,2026-09-21T07:58:26.600+00:00,2026-09-21T08:00:08.389+00:00,2026-09-21T08:00:09.788+00:00,True,24,24.0,,24.0,101789.147021,103187.410317,103187.410463,4299.475435958333,48.652284,101789.147021,20765.21488588363,77.09700199999999,60.794056347826086,8.821763165372815,0.23258651347359213,13,64,,True,True,,136,59.56268577710819
89,2026-09-21T07:58:26.943+00:00,2026-09-21T08:00:10.186+00:00,2026-09-21T08:00:13.989+00:00,True,60,60.0,,60.0,103242.417842,107046.07889799999,107046.07899699999,1784.1013166166665,44.311524,103242.417842,13320.218632588541,77.00527849999999,64.46883145762712,8.541766297216743,0.560506284935216,13,64,,True,True,,636,59.56268577710819
90,2026-09-21T07:58:27.254+00:00,2026-09-21T08:00:11.631+00:00,2026-09-21T08:00:16.903+00:00,True,85,85.0,,85.0,104377.248787,109648.300819,109648.300891,1289.980010482353,42.160394000000004,104377.248787,11314.499516897435,75.91451020000001,62.750619428571426,9.073267397536593,0.7752058113541791,13,64,,True,True,,270,59.56268577710819
91,2026-09-21T07:58:27.606+00:00,2026-09-21T08:00:13.724+00:00,2026-09-21T08:00:19.107+00:00,True,86,86.0,,86.0,106117.752086,111501.16943,111501.16941999999,1296.5252258139535,42.667504,106117.752086,11436.145980432131,77.69043074999999,63.33432169411765,9.624677577121059,0.7712923589917187,13,64,,True,True,,182,59.56268577710819
92,2026-09-21T07:58:27.883+00:00,2026-09-21T08:00:15.328+00:00,2026-09-21T08:00:21.098+00:00,True,91,91.0,,91.0,107445.128517,113215.009349,113215.009219,1244.1209804285716,41.954774,107445.128517,11256.593681481207,77.69454999999999,64.10978702222222,9.908754886525633,0.8037803514150731,13,64,,True,True,,461,59.56268577710819
93,2026-09-21T07:58:28.246+00:00,2026-09-21T08:00:17.025+00:00,2026-09-21T08:00:20.593+00:00,True,56,56.0,,56.0,108779.03531800001,112346.667702,112346.66764300001,2006.1904936250003,45.078784,108779.03531800001,14527.545139801188,79.233653,64.86604334545454,9.720264333841948,0.49845715182705935,13,64,,True,True,,224,59.56268577710819
94,2026-09-21T07:58:28.610+00:00,2026-09-21T08:00:18.804+00:00,2026-09-21T08:00:20.739+00:00,True,31,31.0,,31.0,110193.47617200001,112129.00692400002,112129.00698600001,3617.0647414838713,45.197974,110193.47617200001,19779.74690620833,77.192126,64.51769173333334,9.17465145228596,0.27646726614649775,13,64,,True,True,,92,59.56268577710819
95,2026-09-21T07:58:28.920+00:00,2026-09-21T08:00:20.405+00:00,2026-09-21T08:00:26.440+00:00,True,98,98.0,,98.0,111484.634939,117520.49311499999,117520.493238,1199.188706510204,43.856273,111484.634939,11255.36658801279,76.3930115,62.225342020618555,8.961374721531737,0.8338971136217225,13,64,,True,True,,8,59.56268577710819
96,2026-09-21T07:58:29.184+00:00,2026-09-21T08:00:21.530+00:00,2026-09-21T08:00:24.500+00:00,True,49,49.0,,49.0,112345.98143700001,115315.845117,115315.845016,2353.3845921632656,43.055593,112345.98143700001,16040.589659960402,76.09162599999999,61.87216,9.265201456929159,0.4249199227589614,13,64,,True,True,,196,59.56268577710819
97,2026-09-21T07:58:29.408+00:00,2026-09-21T08:00:22.865+00:00,2026-09-21T08:00:26.635+00:00,True,61,61.0,,61.0,113456.699421,117226.790173,117226.790071,1921.7506569016393,43.650223,113456.699421,14518.599876716175,78.159855,62.83484586666667,9.800613405809969,0.5203588694186535,13,64,,True,True,,244,59.56268577710819
98,2026-09-21T07:58:29.696+00:00,2026-09-21T08:00:24.251+00:00,2026-09-21T08:00:25.501+00:00,True,21,21.0,,21.0,114554.834935,115805.079287,115805.079257,5514.527583666667,42.766443,114554.834935,24984.27502130949,78.98461599999999,62.5122176,10.021500025991184,0.181339196253695,13,64,,True,True,,42,59.56268577710819
99,2026-09-21T07:58:29.965+00:00,2026-09-21T08:00:25.869+00:00,2026-09-21T08:00:30.847+00:00,True,80,80.0,,80.0,115903.55688799999,120881.92181599999,120881.92178799999,1511.02402235,41.808923,115903.55688799999,12951.369027778714,75.79995149999999,63.017277569620255,8.829754660723406,0.6618028469283582,13,64,,True,True,,560,59.56268577710819
100,2026-09-21T07:58:30.285+00:00,2026-09-21T08:00:27.431+00:00,2026-09-21T08:00:29.586+00:00,True,36,36.0,,36.0,117145.748609,119300.626561,119300.62640000001,3313.906288888889,44.916354,117145.748609,19514.032659801003,78.05034925,61.567941485714286,10.11729182651624,0.3017586834013208,13,64,,True,True,,197,59.56268577710819
101,2026-09-21T07:58:30.559+00:00,2026-09-21T08:00:28.814+00:00,2026-09-21T08:00:30.209+00:00,True,24,24.0,,24.0,118255.352774,119649.720262,119649.720148,4985.405006166667,41.789463000000005,118255.352774,24126.40014777808,79.19497515,60.62467339130435,10.776983417972724,0.20058550866183888,13,64,,True,True,,191,59.56268577710819
102,2026-09-21T07:58:30.807+00:00,2026-09-21T08:00:30.342+00:00,2026-09-21T08:00:35.869+00:00,True,88,88.0,,88.0,119535.256542,125062.149342,125062.149392,1421.1607885454546,42.901013,119535.256542,12735.732119088258,75.65667400000001,63.527503448275866,8.80907596477384,0.7036501488500062,13,64,,True,True,,958,59.56268577710819
103,2026-09-21T07:58:31.108+00:00,2026-09-21T08:00:31.733+00:00,2026-09-21T08:00:37.602+00:00,True,94,94.0,,94.0,120625.465434,126493.97897,126493.97889,1345.6806264893617,43.721294,120625.465434,12435.06136212956,75.9594885,63.102296086021504,8.79683046243658,0.7431183742136339,13,64,,True,True,,244,59.56268577710819
104,2026-09-21T07:58:31.386+00:00,2026-09-21T08:00:32.977+00:00,2026-09-21T08:00:38.067+00:00,True,83,83.0,,83.0,121591.662458,126681.290362,126681.29035600001,1526.2806066987953,42.988533000000004,121591.662458,13339.609301163478,76.91898499999999,62.06863297560976,9.537687890639285,0.6551875163476952,13,64,,True,True,,415,59.56268577710819
105,2026-09-21T07:58:31.727+00:00,2026-09-21T08:00:34.443+00:00,2026-09-21T08:00:35.576+00:00,True,20,20.0,,20.0,122715.586781,123849.17628500001,123849.17630600001,6192.4588153,44.558612999999994,122715.586781,27426.700035630893,6207.78133625,59.662605473684216,9.642818072288131,0.16148674218047504,13,64,,True,True,,97,59.56268577710819
106,2026-09-21T07:58:32.066+00:00,2026-09-21T08:00:36.326+00:00,2026-09-21T08:00:36.932+00:00,True,11,11.0,,11.0,124260.112335,124865.951695,124865.95173,11351.450157272728,50.509474000000004,124260.112335,37447.56787362207,62167.9648455,60.583936,9.441362399833242,0.08809447131647877,13,64,,True,True,,11,59.56268577710819
107,2026-09-21T07:58:32.317+00:00,2026-09-21T08:00:37.891+00:00,2026-09-21T08:00:40.896+00:00,True,47,47.0,,47.0,125573.254715,128578.124859,128578.124709,2735.7047810425533,40.659173,125573.254715,18307.2159221407,78.15206930000001,65.323264,9.803154136858787,0.36553651759613576,13,64,,True,True,,275,59.56268577710819
108,2026-09-21T07:58:32.545+00:00,2026-09-21T08:00:38.798+00:00,2026-09-21T08:00:40.297+00:00,True,24,24.0,,24.0,126253.48445,127752.076962,127752.07686100001,5323.003202541667,50.042413999999994,126253.48445,25758.086154104716,80.55865515,65.15619617391305,9.018512097361876,0.1878638732984265,13,64,,True,True,,154,59.56268577710819
109,2026-09-21T07:58:33.416+00:00,2026-09-21T08:00:40.827+00:00,2026-09-21T08:00:47.132+00:00,True,98,98.0,,98.0,127410.8051,133716.263788,133716.263858,1364.451672020408,43.555752999999996,127410.8051,12863.872001412938,78.6391912,65.00472874226804,9.637798929446916,0.7328951409783162,13,64,,True,True,,104,59.56268577710819
110,2026-09-21T07:58:33.475+00:00,2026-09-21T08:00:43.226+00:00,2026-09-21T08:00:43.828+00:00,True,10,10.0,,10.0,129750.857272,130352.93164,130352.931527,13035.2931527,51.674034,129750.857272,41009.670151364226,71397.3556333,66.897152,10.303031681407953,0.07671480705640998,13,64,,True,True,,22,59.56268577710819
111,2026-09-21T07:58:33.495+00:00,2026-09-21T08:00:44.081+00:00,2026-09-21T08:00:46.527+00:00,True,39,39.0,,39.0,130585.133313,133031.581441,133031.581465,3411.0661914102566,49.716964,130585.133313,20900.04909931712,78.5113209,64.38021389473684,8.96558604210773,0.29316346973817375,13,64,,True,True,,78,59.56268577710819
112,2026-09-21T07:58:33.660+00:00,2026-09-21T08:00:45.056+00:00,2026-09-21T08:00:45.879+00:00,True,14,14.0,,14.0,131395.491389,132218.964797,132218.96483,9444.21177357143,53.846163999999995,131395.491389,35099.993965214984,46040.20424005,63.3441083076923,9.475576171008981,0.10588496152193182,13,64,,True,True,,28,59.56268577710819
113,2026-09-21T07:58:34.018+00:00,2026-09-21T08:00:47.066+00:00,2026-09-21T08:00:48.643+00:00,True,26,26.0,,26.0,133048.186502,134624.669574,134624.669648,5177.871909538461,47.481654,133048.186502,26080.530857043883,80.8285435,63.05932288,9.566638049313076,0.19312953623041887,13,64,,True,True,,50,59.56268577710819
114,2026-09-21T07:58:34.235+00:00,2026-09-21T08:00:48.096+00:00,2026-09-21T08:00:49.708+00:00,True,27,27.0,,27.0,133861.486835,135473.285875,135473.286004,5017.529111259259,50.698774,133861.486835,25749.725957682178,79.3524307,61.99227076923077,8.096531367576574,0.19930128530958247,13,64,,True,True,,216,59.56268577710819
115,2026-09-21T07:58:34.485+00:00,2026-09-21T08:00:49.707+00:00,2026-09-21T08:00:49.918+00:00,True,4,4.0,,4.0,135221.787898,135433.400826,135433.400744,33858.350186,65.870415,135221.787898,67575.62522271585,114949.5106492,70.53764266666667,4.0619269382643175,0.029534811764337643,13,64,,True,True,,16,59.56268577710819
116,2026-09-21T07:58:34.774+00:00,2026-09-21T08:00:51.048+00:00,2026-09-21T08:00:52.145+00:00,True,18,18.0,,18.0,136274.20951800002,137371.181294,137371.181309,7631.732294944445,44.715243,136274.20951800002,32104.931675137188,20510.327391300005,64.52775152941176,11.066909853715977,0.13103184984248362,13,64,,True,True,,35,59.56268577710819
117,2026-09-21T07:58:35.103+00:00,2026-09-21T08:00:52.686+00:00,2026-09-21T08:00:55.554+00:00,True,46,46.0,,46.0,137582.78755500002,140450.97264300002,140450.972669,3053.2820145434785,43.130433,137582.78755500002,20276.07976273313,81.25944175000001,63.737446399999996,9.121743768399247,0.32751642181164065,13,64,,True,True,,68,59.56268577710819
118,2026-09-21T07:58:35.310+00:00,2026-09-21T08:00:53.954+00:00,2026-09-21T08:00:55.979+00:00,True,33,33.0,,33.0,138643.851919,140668.348303,140668.34841,4262.677224545455,42.811293,138643.851919,24123.785113521535,76.147726,63.265512,8.560464912760365,0.2345943518787745,13,64,,True,True,,99,59.56268577710819
119,2026-09-21T07:58:35.672+00:00,2026-09-21T08:00:55.870+00:00,2026-09-21T08:00:58.169+00:00,True,38,38.0,,38.0,140198.487694,142497.691278,142497.691295,3749.9392446052634,46.960263,140198.487694,22733.11927544879,77.25461815,62.1406374054054,9.4323315350976,0.2666709871521038,13,64,,True,True,,76,59.56268577710819
120,2026-09-21T07:58:36.028+00:00,2026-09-21T08:00:57.506+00:00,2026-09-21T08:01:03.470+00:00,True,94,94.0,,94.0,141478.394608,147442.378736,147442.378691,1568.5359435212765,42.093221,141478.394608,14585.771494889666,78.10506964999999,64.12886159139785,10.407776799137297,0.6375371911783233,13,64,,True,True,,245,59.56268577710819
121,2026-09-21T07:58:36.374+00:00,2026-09-21T08:00:59.408+00:00,2026-09-21T08:01:02.878+00:00,True,55,55.0,,55.0,143033.398204,146504.00326,146504.00307099998,2663.7091467454543,42.335994,143033.398204,19277.956218479758,79.67525070000002,64.270464,10.794639508750286,0.3754163625303245,13,64,,True,True,,163,59.56268577710819
122,2026-09-21T07:58:36.710+00:00,2026-09-21T08:01:01.076+00:00,2026-09-21T08:01:05.256+00:00,True,67,67.0,,67.0,144366.144642,148546.691202,148546.691423,2217.1147973582088,43.324132,144366.144642,17629.395921156673,77.5787697,63.34161454545455,9.752515142113257,0.45103663674938815,13,64,,True,True,,135,59.56268577710819
123,2026-09-21T07:58:36.943+00:00,2026-09-21T08:01:02.184+00:00,2026-09-21T08:01:06.025+00:00,True,62,62.0,,62.0,145241.415271,149081.69840700002,149081.698356,2404.5435218709677,41.209543,145241.415271,18437.685494609286,77.60199705,62.95546124590164,9.987985139144827,0.41587935113763663,13,64,,True,True,,124,59.56268577710819
124,2026-09-21T07:58:37.263+00:00,2026-09-21T08:01:03.902+00:00,2026-09-21T08:01:04.572+00:00,True,12,12.0,,12.0,146639.349866,147309.310314,147309.310165,12275.775847083334,44.097343,146639.349866,42313.553014791,66028.26487145,60.90549527272727,8.91335679577562,0.08146124623366417,13,64,,True,True,,48,59.56268577710819
125,2026-09-21T07:58:37.620+00:00,2026-09-21T08:01:05.901+00:00,2026-09-21T08:01:08.759+00:00,True,46,46.0,,46.0,148280.793118,151138.75331,151138.753479,3285.625075630435,43.084703000000005,148280.793118,21853.44830787208,81.87561925,63.51022648888889,9.87815874365344,0.3043560899675387,13,64,,True,True,,138,59.56268577710819
126,2026-09-21T07:58:37.950+00:00,2026-09-21T08:01:08.008+00:00,2026-09-21T08:01:12.608+00:00,True,73,73.0,,73.0,150058.11897799998,154657.852482,154657.85255999997,2118.60072,43.450693,150058.11897799998,17555.500099436096,78.387166,63.885187555555554,10.168367185853604,0.47200965763116476,13,64,,True,True,,435,59.56268577710819
127,2026-09-21T07:58:38.218+00:00,2026-09-21T08:01:09.122+00:00,2026-09-21T08:01:12.413+00:00,True,53,53.0,,53.0,150904.029814,154194.548086,154194.548248,2909.331099018868,41.269083,150904.029814,20719.572833671136,77.9981314,63.27919753846154,9.778281778901412,0.3437216208866214,13,64,,True,True,,175,59.56268577710819
128,2026-09-21T07:58:38.435+00:00,2026-09-21T08:01:10.435+00:00,2026-09-21T08:01:11.220+00:00,True,13,13.0,,13.0,151999.953439,152785.699615,152785.69952700002,11752.746117461538,47.597943,151999.953439,42139.04275405495,60847.784783200004,65.478848,11.006028892041174,0.08508649718369128,13,64,,True,True,,65,59.56268577710819
129,2026-09-21T07:58:38.668+00:00,2026-09-21T08:01:12.035+00:00,2026-09-21T08:01:16.092+00:00,True,64,64.0,,64.0,153367.787134,157424.801662,157424.80180500002,2459.7625282031254,46.248564,153367.787134,19162.926905972523,79.06800365,64.397056,11.06966118424241,0.40654331035723096,13,64,,True,True,,151,59.56268577710819
130,2026-09-21T07:58:38.865+00:00,2026-09-21T08:01:12.930+00:00,2026-09-21T08:01:15.745+00:00,True,45,45.0,,45.0,154064.84044,156880.341752,156880.341838,3486.2298186222224,45.892483999999996,154064.84044,22957.094186851755,76.675512,63.98866618181818,11.14373465083276,0.28684282235397607,13,64,,True,True,,184,59.56268577710819
131,2026-09-21T07:58:39.210+00:00,2026-09-21T08:01:14.817+00:00,2026-09-21T08:01:15.949+00:00,True,19,19.0,,19.0,155607.082204,156739.091164,156739.09134800002,8249.425860421054,47.102743000000004,155607.082204,35684.28683028087,15634.2451468,62.88938666666667,11.294542331107543,0.1212205574174207,13,64,,True,True,,84,59.56268577710819
132,2026-09-21T07:58:39.485+00:00,2026-09-21T08:01:16.342+00:00,2026-09-21T08:01:18.230+00:00,True,31,31.0,,31.0,156857.198819,158744.958691,158744.958768,5120.805121548387,42.883944,156857.198819,28161.084200476504,79.2364055,62.92532906666667,8.88433279631534,0.1952817919738924,13,64,,True,True,,125,59.56268577710819
133,2026-09-21T07:58:39.713+00:00,2026-09-21T08:01:17.426+00:00,2026-09-21T08:01:23.031+00:00,True,90,90.0,,90.0,157712.842485,163317.89746100002,163317.897509,1814.6433056555557,41.662073,157712.842485,16617.7581686876,77.716654,62.97814579775281,10.634379356272047,0.5510724874565068,13,64,,True,True,,180,59.56268577710819
134,2026-09-21T07:58:39.993+00:00,2026-09-21T08:01:18.965+00:00,2026-09-21T08:01:24.865+00:00,True,95,95.0,,95.0,158972.14446,164871.294284,164871.29411800002,1735.4873065052632,41.930283,158972.14446,16303.761703869037,76.903881,62.756913021276596,9.162222952182239,0.5762070372078064,13,64,,True,True,,285,59.56268577710819
135,2026-09-21T07:58:40.201+00:00,2026-09-21T08:01:20.028+00:00,2026-09-21T08:01:24.925+00:00,True,79,79.0,,79.0,159827.70426899998,164724.529869,164724.529781,2085.1206301392403,41.358983,159827.70426899998,17974.961225584488,77.2610901,62.77981538461538,10.233892033677487,0.47958855953528057,13,64,,True,True,,162,59.56268577710819
136,2026-09-21T07:58:40.519+00:00,2026-09-21T08:01:21.777+00:00,2026-09-21T08:01:27.077+00:00,True,85,85.0,,85.0,161257.787775,166558.001023,166558.00103400002,1959.5058945176472,44.755803,161257.787775,17484.02161242815,77.63253439999998,63.09777676190476,9.707480193012882,0.5103327338100218,13,64,,True,True,,170,59.56268577710819
137,2026-09-21T07:58:40.743+00:00,2026-09-21T08:01:22.952+00:00,2026-09-21T08:01:23.288+00:00,True,6,6.0,,6.0,162209.39131799998,162544.75822999998,162544.75830599997,27090.793050999997,52.723932,162209.39131799998,66194.32471812531,121675.78458974998,67.0733824,10.09057295136073,0.03691290980611033,13,64,,True,True,,18,59.56268577710819
138,2026-09-21T07:58:41.003+00:00,2026-09-21T08:01:24.172+00:00,2026-09-21T08:01:27.207+00:00,True,50,50.0,,50.0,163168.925717,166203.984917,166203.985041,3324.07970082,42.128862999999996,163168.925717,23066.813128275768,77.1688205,61.939983673469385,9.691653879711271,0.3008351455891345,13,64,,True,True,,400,59.56268577710819
139,2026-09-21T07:58:41.261+00:00,2026-09-21T08:01:25.472+00:00,2026-09-21T08:01:30.851+00:00,True,87,87.0,,87.0,164211.08166999999,169590.71635799998,169590.71633099997,1949.3185785172411,44.719131999999995,164211.08166999999,17598.571894557714,77.61598269999999,62.55389172093023,9.386089042112758,0.5129997789286183,13,64,,True,True,,181,59.56268577710819
140,2026-09-21T07:58:41.463+00:00,2026-09-21T08:01:26.537+00:00,2026-09-21T08:01:27.675+00:00,True,20,20.0,,20.0,165074.098547,166212.207219,166212.207178,8310.6103589,46.593092,165074.098547,36898.29765787125,8328.85248665,59.90045642105264,9.824397676142652,0.12032810546609339,13,64,,True,True,,20,59.56268577710819
141,2026-09-21T07:58:41.827+00:00,2026-09-21T08:01:28.246+00:00,2026-09-21T08:01:31.833+00:00,True,58,58.0,,58.0,166418.81497099999,170005.97477899998,170005.974665,2931.1374942241378,44.071253,166418.81497099999,21843.599112174918,75.50492315,62.93262821052632,8.477628839924806,0.34116448010369843,13,64,,True,True,,135,59.56268577710819
142,2026-09-21T07:58:42.186+00:00,2026-09-21T08:01:29.894+00:00,2026-09-21T08:01:34.147+00:00,True,69,69.0,,69.0,167707.938483,171961.15499500002,171961.155213,2492.19065526087,42.619861,167707.938483,20182.135078022628,75.870788,62.54730164705882,8.209519385133195,0.40125341099276907,13,64,,True,True,,69,59.56268577710819
143,2026-09-21T07:58:42.453+00:00,2026-09-21T08:01:31.282+00:00,2026-09-21T08:01:31.643+00:00,True,7,7.0,,7.0,168828.99594999998,169190.61002999998,169190.6102,24170.087171428568,53.494203,168828.99594999998,63788.5831125643,118200.95910789998,60.26901333333333,5.339399712807074,0.041373454465107706,13,64,,True,True,,67,59.56268577710819
144,2026-09-21T07:58:42.805+00:00,2026-09-21T08:01:33.484+00:00,2026-09-21T08:01:37.005+00:00,True,56,56.0,,56.0,170679.20223199998,174199.88677599997,174199.88684199998,3110.712265035714,46.363862,170679.20223199998,22799.415600894834,78.8691315,64.01244625454545,9.257841472222818,0.3214697841452058,13,64,,True,True,,284,59.56268577710819
145,2026-09-21T07:58:43.525+00:00,2026-09-21T08:01:34.270+00:00,2026-09-21T08:01:38.881+00:00,True,73,73.0,,73.0,170744.63934999998,175355.78840599998,175355.78833999997,2402.134086849315,41.786663,170744.63934999998,19976.655027715096,76.75440499999999,64.04373688888889,9.680443596675335,0.4162964944788913,13,64,,True,True,,657,59.56268577710819
146,2026-09-21T07:58:43.541+00:00,2026-09-21T08:01:35.040+00:00,2026-09-21T08:01:37.270+00:00,True,36,36.0,,36.0,171499.71151,173728.907798,173728.90761199998,4825.802989222222,41.759713000000005,171499.71151,28572.671907148444,79.033209,63.691322514285716,10.502414609725612,0.20721939978957515,13,64,,True,True,,249,59.56268577710819
147,2026-09-21T07:58:43.739+00:00,2026-09-21T08:01:38.062+00:00,2026-09-21T08:01:39.398+00:00,True,22,22.0,,22.0,174323.69695399998,175659.810362,175659.810416,7984.536837090908,45.807622,174323.69695399998,37152.37334213811,75.42153400000001,63.624448,9.060641423948748,0.12524207987394706,13,64,,True,True,,167,59.56268577710819
148,2026-09-21T07:58:44.025+00:00,2026-09-21T08:01:39.341+00:00,2026-09-21T08:01:42.955+00:00,True,60,60.0,,60.0,175316.835643,178930.213947,178930.213868,2982.1702311333333,45.711022,175316.835643,22625.401314805596,75.7181106,61.24370006779661,8.803825552006872,0.33532626310820984,13,64,,True,True,,300,59.56268577710819
149,2026-09-21T07:58:44.311+00:00,2026-09-21T08:01:40.707+00:00,2026-09-21T08:01:42.155+00:00,True,24,24.0,,24.0,176396.632747,177844.196267,177844.19636499998,7410.1748485416665,49.088262,176396.632747,35993.96605756773,79.61409544999998,62.93754434782608,9.697735805421118,0.13494958229600285,13,64,,True,True,,48,59.56268577710819
150,2026-09-21T07:58:44.634+00:00,2026-09-21T08:01:42.220+00:00,2026-09-21T08:01:43.418+00:00,True,21,21.0,,21.0,177585.951345,178784.029553,178784.029631,8513.52522052381,44.708202,177585.951345,38739.360871355835,75.774624,59.9039104,10.450412629217572,0.11746015599102833,13,64,,True,True,,48,59.56268577710819
151,2026-09-21T07:58:44.887+00:00,2026-09-21T08:01:43.611+00:00,2026-09-21T08:01:44.295+00:00,True,12,12.0,,12.0,178723.318324,179407.639604,179407.639681,14950.636640083332,45.167733,178723.318324,51575.01977130407,80465.5789475,62.21102545454546,8.091774066397905,0.06688678378739706,13,64,,True,True,,36,59.56268577710819
152,2026-09-21T07:58:45.137+00:00,2026-09-21T08:01:44.827+00:00,2026-09-21T08:01:45.720+00:00,True,16,16.0,,16.0,179689.723543,180582.504087,180582.504092,11286.40650575,48.525841,179689.723543,44907.55197643951,44980.67942275,59.51870293333333,8.58844025194949,0.08860216044125521,13,64,,True,True,,32,59.56268577710819
153,2026-09-21T07:58:45.375+00:00,2026-09-21T08:01:46.085+00:00,2026-09-21T08:01:49.809+00:00,True,60,60.0,,60.0,180710.085238,184434.13183,184434.131799,3073.90219665,43.528382,180710.085238,23321.42474916623,76.44798,63.119433762711864,9.10093506430113,0.325319394000804,13,64,,True,True,,65,59.56268577710819
154,2026-09-21T07:58:45.664+00:00,2026-09-21T08:01:47.554+00:00,2026-09-21T08:01:53.708+00:00,True,98,98.0,,98.0,181889.496177,188043.639409,188043.639372,1918.8126466530612,42.624713,181889.496177,18367.20699189314,76.4104873,63.44477558762886,8.91852342754654,0.521155622748012,13,64,,True,True,,392,59.56268577710819
155,2026-09-21T07:58:45.880+00:00,2026-09-21T08:01:48.638+00:00,2026-09-21T08:01:54.683+00:00,True,96,96.0,,96.0,182758.544842,188802.973898,188802.973839,1966.6976441562501,42.045792999999996,182758.544842,18646.224198933865,76.6176275,63.62556901052631,8.857117492438416,0.5084665671201958,13,64,,True,True,,288,59.56268577710819
156,2026-09-21T07:58:46.101+00:00,2026-09-21T08:01:49.878+00:00,2026-09-21T08:01:52.582+00:00,True,43,43.0,,43.0,183776.908517,186480.85680500002,186480.856993,4336.764116116279,44.547342,183776.908517,28015.8995591973,77.47956499999998,64.37972114285714,9.481800292692565,0.2305866711292752,13,64,,True,True,,634,59.56268577710819
157,2026-09-21T07:58:46.366+00:00,2026-09-21T08:01:51.193+00:00,2026-09-21T08:01:53.338+00:00,True,35,35.0,,35.0,184826.573901,186972.140109,186972.139907,5342.0611401999995,45.258872000000004,184826.573901,31230.727714188455,80.5039643,63.104888470588236,9.224772361792166,0.1871936641448073,13,64,,True,True,,490,59.56268577710819
158,2026-09-21T07:58:46.592+00:00,2026-09-21T08:01:52.006+00:00,2026-09-21T08:01:52.117+00:00,True,3,3.0,,3.0,185414.073111,185525.583127,185525.58296600002,61841.86098866667,53.577713,185414.073111,107016.67492192735,166878.4590141,55.755008,3.0791389050836924,0.01617027662404044,13,64,,True,True,,12,59.56268577710819
159,2026-09-21T07:58:46.907+00:00,2026-09-21T08:01:53.650+00:00,2026-09-21T08:01:58.971+00:00,True,84,84.0,,84.0,186742.78791800002,192064.53537400003,192064.535295,2286.4825630357145,44.690972,186742.78791800002,20368.314709217808,76.84918735,64.11743922891566,8.844535442425066,0.43735299615012196,13,64,,True,True,,171,59.56268577710819
160,2026-09-21T07:58:47.247+00:00,2026-09-21T08:01:55.530+00:00,2026-09-21T08:01:59.338+00:00,True,61,61.0,,61.0,188283.276653,192090.713453,192090.713269,3149.0280863770495,44.907353,188283.276653,24099.080228178344,77.076713,63.45728,9.42869082721531,0.3175582978659988,13,64,,True,True,,0,59.56268577710819
161,2026-09-21T07:58:47.455+00:00,2026-09-21T08:01:56.335+00:00,2026-09-21T08:01:56.395+00:00,True,2,2.0,,2.0,188879.577926,188940.04871,188940.04882999999,94470.02441499999,60.470904000000004,188879.577926,133515.27099284466,179438.62257490002,60.470784,nan,0.010585368288275169,13,64,,True,True,,8,59.56268577710819
162,2026-09-21T07:58:47.725+00:00,2026-09-21T08:01:58.151+00:00,2026-09-21T08:02:03.549+00:00,True,87,87.0,,87.0,190425.118946,195823.768802,195823.768938,2250.8479188275865,45.486063,190425.118946,20408.987356033696,76.5703183,62.77499832558139,8.73005229023669,0.4442770177095654,13,64,,True,True,,1131,59.56268577710819
163,2026-09-21T07:58:48.034+00:00,2026-09-21T08:01:59.667+00:00,2026-09-21T08:02:04.232+00:00,True,75,75.0,,75.0,191632.16212599998,196197.955406,196197.955383,2615.97273844,44.022602,191632.16212599998,22120.6533779345,76.351727,61.699909189189185,8.964648218848499,0.38226698053402036,13,64,,True,True,,524,59.56268577710819
164,2026-09-21T07:58:48.304+00:00,2026-09-21T08:02:01.102+00:00,2026-09-21T08:02:07.057+00:00,True,97,97.0,,97.0,192798.37692500002,198753.38159700003,198753.381537,2049.0039333711343,46.813552,192798.37692500002,19569.412631394523,76.445362,62.031298666666665,8.17555629213466,0.4880420107602543,13,64,,True,True,,961,59.56268577710819
165,2026-09-21T07:58:48.565+00:00,2026-09-21T08:02:02.857+00:00,2026-09-21T08:02:05.733+00:00,True,46,46.0,,46.0,194291.703702,197167.680406,197167.680428,4286.253922347826,45.417262,194291.703702,28637.326928977185,78.77756000000001,63.91059342222222,8.290835484967687,0.233303956841601,13,64,,True,True,,138,59.56268577710819
166,2026-09-21T07:58:48.855+00:00,2026-09-21T08:02:04.291+00:00,2026-09-21T08:02:09.252+00:00,True,79,79.0,,79.0,195436.65452,200397.53951200002,200397.539278,2536.677712379747,45.024332,195436.65452,21981.187420160637,76.38407389999999,63.60108964102564,8.339468660739595,0.39421641698983734,13,64,,True,True,,852,59.56268577710819
167,2026-09-21T07:58:49.202+00:00,2026-09-21T08:02:06.085+00:00,2026-09-21T08:02:07.421+00:00,True,23,23.0,,23.0,196883.498231,198219.149303,198219.149413,8618.223887521739,42.766313000000004,196883.498231,41040.38908269149,78.077685,60.71141236363637,9.352308055895866,0.1160331889268778,13,64,,True,True,,69,59.56268577710819
168,2026-09-21T07:58:49.410+00:00,2026-09-21T08:02:07.286+00:00,2026-09-21T08:02:10.236+00:00,True,47,47.0,,47.0,197875.69087400002,200825.81337000002,200825.81326400003,4272.889643914894,44.560142,197875.69087400002,28853.78250758233,76.582014,64.13309773913043,8.804229932659965,0.23403365937528928,13,64,,True,True,,258,59.56268577710819
169,2026-09-21T07:58:49.629+00:00,2026-09-21T08:02:08.489+00:00,2026-09-21T08:02:08.913+00:00,True,8,8.0,,8.0,198859.264776,199283.22996,199283.23004999998,24910.403756249998,46.508823,198859.264776,70285.95435328128,129283.63950230001,60.56645485714286,9.24237692818659,0.04014386961514903,13,64,,True,True,,24,59.56268577710819
170,2026-09-21T07:58:49.829+00:00,2026-09-21T08:02:09.500+00:00,2026-09-21T08:02:12.333+00:00,True,46,46.0,,46.0,199670.83719,202503.95335,202503.953373,4402.2598559347825,44.556492,199670.83719,29430.577225729623,77.0830215,62.95813688888889,8.041790125171017,0.22715605912391934,13,64,,True,True,,200,59.56268577710819
171,2026-09-21T07:58:50.063+00:00,2026-09-21T08:02:10.803+00:00,2026-09-21T08:02:16.539+00:00,True,91,91.0,,91.0,200739.50038800001,206475.619428,206475.61943700002,2268.962850956044,43.185913,200739.50038800001,21036.538358872633,77.6756695,63.734656,9.513907074850549,0.44073000120836325,13,64,,True,True,,320,59.56268577710819
172,2026-09-21T07:58:50.285+00:00,2026-09-21T08:02:12.330+00:00,2026-09-21T08:02:14.193+00:00,True,31,31.0,,31.0,202045.89353600002,203908.031392,203908.03157700002,6577.678437967743,41.695303,202045.89353600002,36277.366861894836,78.3487145,62.07126186666667,10.464375731871792,0.15202932316287487,13,64,,True,True,,155,59.56268577710819
173,2026-09-21T07:58:50.591+00:00,2026-09-21T08:02:13.798+00:00,2026-09-21T08:02:19.099+00:00,True,85,85.0,,85.0,203207.54653400002,208508.42077400003,208508.42093000002,2453.0402462352945,43.266084,203207.54653400002,22034.110343587756,77.92848,63.105645714285714,9.587866347415677,0.40765739668677725,13,64,,True,True,,331,59.56268577710819
174,2026-09-21T07:58:50.948+00:00,2026-09-21T08:02:15.998+00:00,2026-09-21T08:02:21.209+00:00,True,83,83.0,,83.0,205050.627296,210261.004256,210261.00437799998,2533.265112987952,43.779483,205050.627296,22500.25808598658,79.8219683,63.54118243902439,10.172454507494223,0.394747472522031,13,64,,True,True,,572,59.56268577710819
175,2026-09-21T07:58:51.278+00:00,2026-09-21T08:02:17.735+00:00,2026-09-21T08:02:23.497+00:00,True,93,93.0,,93.0,206456.543076,212219.069028,212219.069008,2281.925473204301,43.124432999999996,206456.543076,21402.053347840298,77.1821434,62.636151652173915,9.737470851557562,0.4382264064485631,13,64,,True,True,,463,59.56268577710819
176,2026-09-21T07:58:51.550+00:00,2026-09-21T08:02:19.098+00:00,2026-09-21T08:02:22.235+00:00,True,50,50.0,,50.0,207547.30555000002,210685.15847800003,210685.15855000002,4213.703171,41.991262,207547.30555000002,29342.566808486514,80.4554644,64.03781485714286,10.059176715184332,0.23732094069274962,13,64,,True,True,,200,59.56268577710819
177,2026-09-21T07:58:51.827+00:00,2026-09-21T08:02:20.520+00:00,2026-09-21T08:02:21.413+00:00,True,15,15.0,,15.0,208693.689819,209586.378459,209586.37841799998,13972.425227866666,47.941223,208693.689819,53868.015987595914,62662.69596619999,63.76347428571428,8.594234064843631,0.07156953667642266,13,64,,True,True,,130,59.56268577710819
178,2026-09-21T07:58:52.170+00:00,2026-09-21T08:02:22.358+00:00,2026-09-21T08:02:22.759+00:00,True,8,8.0,,8.0,210188.153544,210589.296328,210589.296315,26323.662039375,42.695912,210188.153544,74292.47422443608,136649.64397535,57.306112,10.58184685549613,0.03798863541259822,13,64,,True,True,,40,59.56268577710819
179,2026-09-21T07:58:52.464+00:00,2026-09-21T08:02:23.774+00:00,2026-09-21T08:02:28.756+00:00,True,82,82.0,,82.0,211310.47256,216292.408176,216292.40816,2637.7122946341465,40.998442000000004,211310.47256,23328.54770713662,76.01556504999999,61.50537797530864,9.422684146592585,0.3791164039991432,13,64,,True,True,,423,59.56268577710819
180,2026-09-21T07:58:52.826+00:00,2026-09-21T08:02:25.679+00:00,2026-09-21T08:02:30.678+00:00,True,82,82.0,,82.0,212853.256505,217852.309561,217852.309481,2656.7354814756095,44.523862,212853.256505,23498.896045508118,75.99355154999999,61.71670439506173,8.641771346422713,0.37640179333072205,13,64,,True,True,,328,59.56268577710819
181,2026-09-21T07:58:53.699+00:00,2026-09-21T08:02:26.705+00:00,2026-09-21T08:02:30.804+00:00,True,68,68.0,,68.0,213006.565139,217105.13025900003,217105.13032400003,3192.722504764706,47.040851,213006.565139,25823.42308500889,74.9875073,61.17261373134328,7.757359150433675,0.31321231294202034,13,64,,True,True,,607,59.56268577710819
182,2026-09-21T07:58:53.730+00:00,2026-09-21T08:02:27.688+00:00,2026-09-21T08:02:32.009+00:00,True,70,70.0,,70.0,213957.493821,218278.905661,218278.905762,3118.270082314286,44.679511,213957.493821,25565.32788548162,77.1880465,62.62915710144927,9.45221991114687,0.3206906310439091,13,64,,True,True,,210,59.56268577710819
183,2026-09-21T07:58:53.868+00:00,2026-09-21T08:02:31.318+00:00,2026-09-21T08:02:35.423+00:00,True,65,65.0,,65.0,217449.710254,221554.946222,221554.946088,3408.537632123077,45.181322,217449.710254,26963.36265140018,77.9089008,64.144312,9.582056983592151,0.293380947292729,13,64,,True,True,,390,59.56268577710819
184,2026-09-21T07:58:53.993+00:00,2026-09-21T08:02:31.775+00:00,2026-09-21T08:02:35.951+00:00,True,66,66.0,,66.0,217782.40817699998,221958.49828899998,221958.49848299997,3363.0075527727267,45.232322,217782.40817699998,26799.254574393515,77.50649975,64.24754018461537,9.24086401816552,0.2973528858267234,13,64,,True,True,,206,59.56268577710819
185,2026-09-21T07:58:54.233+00:00,2026-09-21T08:02:33.121+00:00,2026-09-21T08:02:35.750+00:00,True,42,42.0,,42.0,218887.447939,221516.507011,221516.506931,5274.202545976191,41.041771999999995,218887.447939,33765.17345549508,79.4937221,64.123392,9.941171950246027,0.18960212296013848,13,64,,True,True,,196,59.56268577710819
186,2026-09-21T07:58:54.579+00:00,2026-09-21T08:02:34.999+00:00,2026-09-21T08:02:39.296+00:00,True,69,69.0,,69.0,220419.726699,224717.13674699998,224717.13671999998,3256.7700973913043,45.871951,220419.726699,26527.810557741508,76.41963259999999,63.1972065882353,9.76746108894755,0.3070526840936227,13,64,,True,True,,207,59.56268577710819
187,2026-09-21T07:58:54.841+00:00,2026-09-21T08:02:36.247+00:00,2026-09-21T08:02:37.181+00:00,True,16,16.0,,16.0,221405.987895,222339.515959,222339.51581799999,13896.219738624999,47.987171000000004,221405.987895,55335.93879408304,55409.401445999996,62.23520426666666,8.56770935255292,0.07196201687760462,13,64,,True,True,,30,59.56268577710819
188,2026-09-21T07:58:55.040+00:00,2026-09-21T08:02:37.255+00:00,2026-09-21T08:02:38.081+00:00,True,14,14.0,,14.0,222214.26106,223040.814916,223040.81500899998,15931.486786357142,52.400220999999995,222214.26106,59372.26716779764,77826.65363295,63.58106584615385,8.356027506795098,0.06276878070622445,13,64,,True,True,,39,59.56268577710819
189,2026-09-21T07:58:55.367+00:00,2026-09-21T08:02:38.814+00:00,2026-09-21T08:02:38.989+00:00,True,4,4.0,,4.0,223447.0015,223622.60521200002,223622.60538700002,55905.651346750004,55.528061,223447.0015,111694.23346816025,189939.26306095,58.53457066666667,3.3081474310975523,0.017887279312428617,13,64,,True,True,,4,59.56268577710819
190,2026-09-21T07:58:55.677+00:00,2026-09-21T08:02:40.414+00:00,2026-09-21T08:02:43.439+00:00,True,48,48.0,,48.0,224736.733625,227761.800889,227761.80090099998,4745.037518770833,45.401163000000004,224736.733625,32428.66505489875,78.19754565,64.36313327659575,10.485789299398242,0.21074648958976602,13,64,,True,True,,96,59.56268577710819
191,2026-09-21T07:58:55.908+00:00,2026-09-21T08:02:41.597+00:00,2026-09-21T08:02:42.169+00:00,True,10,10.0,,10.0,225689.194782,226261.106206,226261.10623200002,22626.110623200002,42.210551,225689.194782,71349.09570070892,124163.56904445,63.54571377777778,10.9043757413191,0.044196725489777614,13,64,,True,True,,26,59.56268577710819
192,2026-09-21T07:58:56.244+00:00,2026-09-21T08:02:43.315+00:00,2026-09-21T08:02:47.335+00:00,True,64,64.0,,64.0,227070.35421700001,231091.165993,231091.16598800002,3610.7994685625004,44.450641000000005,227070.35421700001,28375.818111807042,76.8484123,63.82240914285714,9.712488914055092,0.27694697772193777,13,64,,True,True,,67,59.56268577710819
193,2026-09-21T07:58:56.605+00:00,2026-09-21T08:02:45.330+00:00,2026-09-21T08:02:49.462+00:00,True,66,66.0,,66.0,228724.803621,232856.413221,232856.413376,3528.127475393939,45.389522,228724.803621,28146.254380003684,76.72066774999999,63.56322461538461,8.852527105858565,0.2834364709438367,13,64,,True,True,,144,59.56268577710819
194,2026-09-21T07:58:56.876+00:00,2026-09-21T08:02:46.981+00:00,2026-09-21T08:02:49.723+00:00,True,44,44.0,,44.0,230104.695051,232846.44916299998,232846.449057,5291.964751295454,45.343292,230104.695051,34679.97665406676,77.32157699999999,63.76172353488372,8.821854151263828,0.18896573324679986,13,64,,True,True,,176,59.56268577710819
195,2026-09-21T07:58:57.205+00:00,2026-09-21T08:02:48.356+00:00,2026-09-21T08:02:53.989+00:00,True,91,91.0,,91.0,231150.59725400002,236784.38490200002,236784.38480100004,2602.026206604396,42.825411,231150.59725400002,24224.60647433177,76.6483975,62.59764053333333,9.59703428147185,0.384315883151091,13,64,,True,True,,181,59.56268577710819
196,2026-09-21T07:58:57.501+00:00,2026-09-21T08:02:49.901+00:00,2026-09-21T08:02:52.227+00:00,True,39,39.0,,39.0,232400.513748,234726.687188,234726.687121,6018.633003102564,41.473672,232400.513748,37204.06412061874,76.19681809999999,61.215090526315784,9.455466948853132,0.16615068557911214,13,64,,True,True,,117,59.56268577710819
197,2026-09-21T07:58:57.783+00:00,2026-09-21T08:02:51.398+00:00,2026-09-21T08:02:56.327+00:00,True,80,80.0,,80.0,233615.6066,238544.11476,238544.114913,2981.8014364125,43.093191,233615.6066,26112.045824835324,78.57228099999999,62.38617924050633,10.191811530547847,0.3353677372442756,13,64,,True,True,,160,59.56268577710819
198,2026-09-21T07:58:58.027+00:00,2026-09-21T08:02:52.962+00:00,2026-09-21T08:02:56.332+00:00,True,55,55.0,,55.0,234935.78225999998,238305.67205199998,238305.67196799998,4332.8303994181815,42.041591,234935.78225999998,31670.321285072594,77.57770099999999,62.40536651851851,10.178312586001834,0.23079601725970925,13,64,,True,True,,333,59.56268577710819
199,2026-09-21T07:58:58.341+00:00,2026-09-21T08:02:54.412+00:00,2026-09-21T08:02:59.059+00:00,True,75,75.0,,75.0,236070.557238,240717.728054,240717.728081,3209.5697077466666,45.734333,236070.557238,27251.83006333996,76.8875687,62.79960562162162,9.353267845425188,0.3115682447084882,13,64,,True,True,,567,59.56268577710819
200,2026-09-21T07:58:58.693+00:00,2026-09-21T08:02:56.165+00:00,2026-09-21T08:02:56.212+00:00,True,2,2.0,,2.0,237472.098943,237519.89619099998,237519.89609599998,118759.94804799999,47.797153,237472.098943,167884.33381419035,225600.88385349995,47.797248,nan,0.008420347230160937,13,64,,True,True,,14,59.56268577710819
201,2026-09-21T07:58:58.897+00:00,2026-09-21T08:02:57.504+00:00,2026-09-21T08:03:03.766+00:00,True,100,100.0,,100.0,238607.55898,244869.57498,244869.57498900002,2448.69574989,43.112142,238607.55898,23854.432439038217,76.80292845,63.25268686868687,9.339253267347193,0.4083806655366132,13,64,,True,True,,209,59.56268577710819
202,2026-09-21T07:58:59.102+00:00,2026-09-21T08:02:58.531+00:00,2026-09-21T08:03:01.940+00:00,True,56,56.0,,56.0,239428.22919299998,242838.03885699998,242838.03882299998,4336.393550410714,40.416822,239428.22919299998,31986.659736492464,77.88446024999999,61.99653934545454,9.655994418923875,0.2306063756056633,13,64,,True,True,,504,59.56268577710819
203,2026-09-21T07:58:59.336+00:00,2026-09-21T08:02:59.791+00:00,2026-09-21T08:03:02.294+00:00,True,41,41.0,,41.0,240455.064873,242957.19146499998,242957.191411,5925.785156365853,44.407142,240455.064873,37543.003941265124,77.444833,62.5531648,9.025363433202752,0.1687540086908948,13,64,,True,True,,123,59.56268577710819
204,2026-09-21T07:58:59.645+00:00,2026-09-21T08:03:01.342+00:00,2026-09-21T08:03:05.717+00:00,True,70,70.0,,70.0,241696.779406,246071.55879799998,246071.558929,3515.3079847,43.418582,241696.779406,28880.71410847202,79.9568105,63.40259988405797,9.731632869582272,0.28447009618638197,13,64,,True,True,,757,59.56268577710819
205,2026-09-21T07:58:59.958+00:00,2026-09-21T08:03:03.085+00:00,2026-09-21T08:03:05.396+00:00,True,37,37.0,,37.0,243127.437104,245438.32580800002,245438.32570500002,6633.468262297298,49.568521000000004,243127.437104,39959.35231515885,78.84239099999999,64.19135288888889,8.417984189546575,0.1507507023534056,13,64,,True,True,,83,59.56268577710819
206,2026-09-21T07:59:00.213+00:00,2026-09-21T08:03:04.255+00:00,2026-09-21T08:03:04.560+00:00,True,6,6.0,,6.0,244041.338789,244346.672549,244346.672419,40724.44540316667,51.470631000000004,244041.338789,99604.52928088889,183049.67284250003,61.066752,8.704301259727629,0.02455527606498014,13,64,,True,True,,24,59.56268577710819
207,2026-09-21T07:59:00.528+00:00,2026-09-21T08:03:05.920+00:00,2026-09-21T08:03:06.121+00:00,True,4,4.0,,4.0,245392.129044,245593.250324,245593.250351,61398.31258775,52.337072,245392.129044,122662.54475215018,208594.71546885002,67.04042666666666,12.83939783118653,0.016287092559437128,13,64,,True,True,,8,59.56268577710819
208,2026-09-21T07:59:00.726+00:00,2026-09-21T08:03:07.102+00:00,2026-09-21T08:03:07.174+00:00,True,2,2.0,,2.0,246376.31395500002,246448.86512300003,246448.864968,123224.432484,72.55101300000001,246376.31395500002,174163.0610080521,234061.1258079,72.551168,nan,0.008115273726262936,13,64,,True,True,,12,59.56268577710819
209,2026-09-21T07:59:00.945+00:00,2026-09-21T08:03:08.151+00:00,2026-09-21T08:03:09.417+00:00,True,21,21.0,,21.0,247206.779099,248472.880859,248472.88085400002,11832.041945428571,44.088201999999995,247206.779099,53931.12864880139,80.00951300000001,63.305088,11.49840941679416,0.08451626562786461,13,64,,True,True,,125,59.56268577710819
211,2026-09-21T07:59:01.524+00:00,2026-09-21T08:03:10.038+00:00,2026-09-21T08:03:15.158+00:00,True,81,81.0,,81.0,248513.906896,253634.179792,253634.179835,3131.2861708024693,41.754501,248513.906896,27605.54672422533,78.803993,64.0034112,10.286782490022146,0.3193575884229262,13,64,,True,True,,162,59.56268577710819
212,2026-09-21T07:59:01.719+00:00,2026-09-21T08:03:11.221+00:00,2026-09-21T08:03:13.973+00:00,True,44,44.0,,44.0,249502.39076699998,252253.70110299997,252253.70106399996,5733.038660545454,41.430681,249502.39076699998,37604.25595714834,77.808457,63.98396130232558,9.788485930138814,0.17442756957620997,13,64,,True,True,,459,59.56268577710819
213,2026-09-21T07:59:01.958+00:00,2026-09-21T08:03:12.245+00:00,2026-09-21T08:03:13.780+00:00,True,25,25.0,,25.0,250286.708571,251821.313883,251821.313922,10072.85255688,46.483061,250286.708571,50044.55447224758,79.505177,63.941888,10.89226657935936,0.09927674355481832,13,64,,True,True,,150,59.56268577710819
210,2026-09-21T07:59:01.187+00:00,2026-09-21T08:03:14.636+00:00,2026-09-21T08:03:16.199+00:00,True,26,26.0,,26.0,253448.976292,255011.408292,255011.408346,9808.131090230769,43.432892,253448.976292,49693.177834109105,75.43921275,62.49728,9.514556689540786,0.10195622295544042,13,64,,True,True,,80,59.56268577710819
214,2026-09-21T07:59:02.318+00:00,2026-09-21T08:03:15.227+00:00,2026-09-21T08:03:16.328+00:00,True,19,19.0,,19.0,252908.693255,254010.336263,254010.33623299998,13368.965064894737,44.296701999999996,252908.693255,58007.19345692094,25360.0967972,61.202389333333336,9.802656697873358,0.07480010569462643,13,64,,True,True,,74,59.56268577710819
215,2026-09-21T07:59:02.650+00:00,2026-09-21T08:03:16.933+00:00,2026-09-21T08:03:20.936+00:00,True,65,65.0,,65.0,254283.02755,258286.011742,258286.011951,3973.6309530923077,44.631012000000005,254283.02755,31532.171309468406,78.610102,62.546628,9.576765219642349,0.25165900221080506,13,64,,True,True,,130,59.56268577710819
216,2026-09-21T07:59:03.009+00:00,2026-09-21T08:03:18.942+00:00,2026-09-21T08:03:24.473+00:00,True,88,88.0,,88.0,255933.103284,261464.151988,261464.15201800002,2971.183545659091,46.695812,255933.103284,27275.785401365392,77.4507075,63.57527245977011,10.684433419790084,0.3365662150275912,13,64,,True,True,,89,59.56268577710819
217,2026-09-21T07:59:03.254+00:00,2026-09-21T08:03:20.377+00:00,2026-09-21T08:03:21.115+00:00,True,12,12.0,,12.0,257123.774458,257861.812986,257861.812924,21488.484410333334,47.955752000000004,257123.774458,74205.87334927516,115763.76428475,67.09441163636363,16.346499301201778,0.046536553284264356,13,64,,True,True,,22,59.56268577710819
218,2026-09-21T07:59:03.569+00:00,2026-09-21T08:03:22.055+00:00,2026-09-21T08:03:23.359+00:00,True,21,21.0,,21.0,258485.593474,259789.456514,259789.4565,12370.9265,48.837372,258485.593474,56391.95540126855,77.595023,65.193152,10.039045967167073,0.08083468929720908,13,64,,True,True,,42,59.56268577710819
219,2026-09-21T07:59:03.854+00:00,2026-09-21T08:03:23.232+00:00,2026-09-21T08:03:24.172+00:00,True,16,16.0,,16.0,259377.789167,260318.393071,260318.39331,16269.899581875,46.803092,259377.789167,64828.771267511336,64903.5606575,62.70692693333333,9.941741596303418,0.061463194403002144,13,64,,True,True,,88,59.56268577710819
220,2026-09-21T07:59:04.187+00:00,2026-09-21T08:03:24.851+00:00,2026-09-21T08:03:27.044+00:00,True,36,36.0,,36.0,260664.091028,262856.872084,262856.871935,7301.579775972222,42.487641,260664.091028,43433.57441749237,77.69426275000001,62.65088731428572,9.735895543406272,0.13695666282027294,13,64,,True,True,,131,59.56268577710819
221,2026-09-21T07:59:04.425+00:00,2026-09-21T08:03:26.206+00:00,2026-09-21T08:03:28.203+00:00,True,33,33.0,,33.0,261780.307052,263777.909356,263777.909292,7993.269978545454,43.775242,261780.307052,45559.23691199348,78.457107,62.425072,11.857707487348602,0.12510524509261514,13,64,,True,True,,153,59.56268577710819
223,2026-09-21T07:59:05.649+00:00,2026-09-21T08:03:27.943+00:00,2026-09-21T08:03:31.312+00:00,True,54,54.0,,54.0,262294.359206,265663.81098199997,265663.810879,4919.7002014629625,45.416900999999996,262294.359206,35685.091081429935,78.5270035,63.57456181132075,9.47892050845345,0.2032644182901478,13,64,,True,True,,54,59.56268577710819
222,2026-09-21T07:59:05.613+00:00,2026-09-21T08:03:28.730+00:00,2026-09-21T08:03:31.436+00:00,True,44,44.0,,44.0,263116.676746,265823.532938,265823.53297500004,6041.44393125,43.309891,263116.676746,39656.842608650535,79.75152415000001,62.950144,9.899250771705676,0.16552334367725996,13,64,,True,True,,156,59.56268577710819
224,2026-09-21T07:59:05.689+00:00,2026-09-21T08:03:30.992+00:00,2026-09-21T08:03:33.739+00:00,True,44,44.0,,44.0,265302.585088,268049.464064,268049.463915,6092.033270795454,45.033930999999995,265302.585088,39986.24023380127,78.04496885,63.88090641860465,9.34835569075184,0.16414880795842396,13,64,,True,True,,132,59.56268577710819
225,2026-09-21T07:59:05.744+00:00,2026-09-21T08:03:31.691+00:00,2026-09-21T08:03:36.841+00:00,True,82,82.0,,82.0,265946.986767,271096.951823,271096.951985,3306.0603900609754,40.941500999999995,265946.986767,29361.91177491963,77.54103355000001,63.579815506172835,9.08284857682596,0.30247481370996027,13,64,,True,True,,442,59.56268577710819
226,2026-09-21T07:59:05.938+00:00,2026-09-21T08:03:33.402+00:00,2026-09-21T08:03:34.811+00:00,True,23,23.0,,23.0,267463.808182,268872.712118,268872.712011,11690.117913521739,45.249201,267463.808182,55756.70648356164,78.7620241,64.041088,9.22178459077785,0.08554233644173605,13,64,,True,True,,0,59.56268577710819
227,2026-09-21T07:59:06.153+00:00,2026-09-21T08:03:35.684+00:00,2026-09-21T08:03:39.352+00:00,True,58,58.0,,58.0,269531.374748,273198.765724,273198.765685,4710.323546293103,42.795391,269531.374748,35382.756381734194,79.279689,64.34019256140351,9.679953804562247,0.2122996414214942,13,64,,True,True,,123,59.56268577710819
228,2026-09-21T07:59:06.419+00:00,2026-09-21T08:03:37.015+00:00,2026-09-21T08:03:41.479+00:00,True,70,70.0,,70.0,270595.804429,275060.69530900003,275060.695342,3929.4385048857143,41.385711,270595.804429,32334.65234519867,77.78735645,64.70856347826087,10.855902146443157,0.2544892861605065,13,64,,True,True,,316,59.56268577710819
229,2026-09-21T07:59:06.662+00:00,2026-09-21T08:03:38.359+00:00,2026-09-21T08:03:41.481+00:00,True,49,49.0,,49.0,271696.783231,274818.771327,274818.77138600004,5608.546354816327,42.885871,271696.783231,38804.53609244165,78.6058954,65.04141866666666,11.07677317221166,0.17829931981500682,13,64,,True,True,,296,59.56268577710819
230,2026-09-21T07:59:06.864+00:00,2026-09-21T08:03:39.086+00:00,2026-09-21T08:03:39.583+00:00,True,9,9.0,,9.0,272222.19841500005,272718.681999,272718.68216500006,30302.075796111116,50.411291,272222.19841500005,90720.04631291277,163362.07724580003,62.060448,8.28252456447346,0.0330010395108649,13,64,,True,True,,20,59.56268577710819
231,2026-09-21T07:59:07.070+00:00,2026-09-21T08:03:40.188+00:00,2026-09-21T08:03:42.233+00:00,True,33,33.0,,33.0,273117.228077,275162.671149,275162.671158,8338.262762363636,45.822941,273117.228077,47532.48119104045,87.29719800000001,63.920096,11.665704661822229,0.11992905819020258,13,64,,True,True,,198,59.56268577710819
232,2026-09-21T07:59:07.295+00:00,2026-09-21T08:03:41.535+00:00,2026-09-21T08:03:42.178+00:00,True,11,11.0,,11.0,274240.059392,274883.00544000004,274883.005664,24989.36415127273,47.533651,274240.059392,82667.10410211963,137159.018802,64.2946048,10.648527899403067,0.040017024633416345,13,64,,True,True,,38,59.56268577710819
233,2026-09-21T07:59:07.634+00:00,2026-09-21T08:03:43.247+00:00,2026-09-21T08:03:45.077+00:00,True,30,30.0,,30.0,275612.552433,277443.076849,277443.076921,9248.102564033334,43.456731,275612.552433,50308.21385987518,78.51305895,63.1215315862069,9.445796194995065,0.1081302887090157,13,64,,True,True,,62,59.56268577710819
234,2026-09-21T07:59:07.954+00:00,2026-09-21T08:03:45.154+00:00,2026-09-21T08:03:46.969+00:00,True,30,30.0,,30.0,277199.395689,279014.70679300005,279014.70690700004,9300.490230233334,42.037271000000004,277199.395689,50598.02629085768,79.45828505,62.59693462068965,9.680195743393757,0.10752121400631717,13,64,,True,True,,106,59.56268577710819
235,2026-09-21T07:59:08.175+00:00,2026-09-21T08:03:46.054+00:00,2026-09-21T08:03:51.117+00:00,True,81,81.0,,81.0,277879.385185,282942.588001,282942.587981,3493.1183701358027,46.338941,277879.385185,30868.456545291818,78.398921,63.290035200000005,9.775832585759254,0.2862771581057063,13,64,,True,True,,405,59.56268577710819
236,2026-09-21T07:59:08.476+00:00,2026-09-21T08:03:47.641+00:00,2026-09-21T08:03:47.950+00:00,True,6,6.0,,6.0,279164.50119700003,279474.16494100005,279474.16496400005,46579.02749400001,52.686341,279164.50119700003,113943.14678287023,209392.9623955,61.9327488,10.009199105465493,0.021468889624436892,13,64,,True,True,,65,59.56268577710819
237,2026-09-21T07:59:08.725+00:00,2026-09-21T08:03:49.042+00:00,2026-09-21T08:03:50.709+00:00,True,28,28.0,,28.0,280316.90325,281984.793426,281984.793496,10070.885482,48.223631000000005,280316.90325,52963.24185331417,75.54891065000001,61.77371022222222,8.658164295681535,0.09929613458871821,13,64,,True,True,,217,59.56268577710819
238,2026-09-21T07:59:08.984+00:00,2026-09-21T08:03:50.268+00:00,2026-09-21T08:03:52.669+00:00,True,39,39.0,,39.0,281283.282909,283684.408797,283684.408859,7273.959201512821,43.132110999999995,281283.282909,45031.25574120273,78.13068310000001,63.187523368421054,9.876012446786222,0.13747671282106932,13,64,,True,True,,117,59.56268577710819
239,2026-09-21T07:59:09.243+00:00,2026-09-21T08:03:51.695+00:00,2026-09-21T08:03:52.882+00:00,True,20,20.0,,20.0,282452.46674199996,283638.80632599996,283638.80637699994,14181.940318849998,43.227581,282452.46674199996,63144.3308031108,14197.2856915,62.438925473684215,11.354423021064383,0.07051221325834034,13,64,,True,True,,41,59.56268577710819
240,2026-09-21T07:59:09.506+00:00,2026-09-21T08:03:53.011+00:00,2026-09-21T08:03:58.344+00:00,True,86,86.0,,86.0,283505.10800300003,288838.171939,288838.171754,3358.5833924883723,42.156721,283505.10800300003,30564.37787590542,76.55416450000001,62.741928658823525,9.627756171112866,0.29774457933545717,13,64,,True,True,,173,59.56268577710819
241,2026-09-21T07:59:09.780+00:00,2026-09-21T08:03:54.290+00:00,2026-09-21T08:03:55.003+00:00,True,13,13.0,,13.0,284509.943862,285222.27128600003,285222.27128600003,21940.174714307694,47.133321,284509.943862,78892.39774455772,113848.93312800002,59.36061866666667,9.938437952436932,0.04557848845879413,13,64,,True,True,,65,59.56268577710819
244,2026-09-21T07:59:10.454+00:00,2026-09-21T08:03:55.708+00:00,2026-09-21T08:03:57.442+00:00,True,29,29.0,,29.0,285253.940411,286988.135099,286988.134968,9896.142585103447,44.280571,285253.940411,52958.82657998304,81.022868,61.93552457142857,9.293661288741488,0.1010494736655092,13,64,,True,True,,117,59.56268577710819
245,2026-09-21T07:59:10.678+00:00,2026-09-21T08:03:57.072+00:00,2026-09-21T08:04:00.140+00:00,True,49,49.0,,49.0,286394.148126,289462.03676600003,289462.03676,5907.388505306123,48.944451,286394.148126,40904.31999930354,75.73978960000001,63.91434666666667,8.613239703867967,0.1692795385103001,13,64,,True,True,,49,59.56268577710819
246,2026-09-21T07:59:11.011+00:00,2026-09-21T08:03:59.086+00:00,2026-09-21T08:04:04.613+00:00,True,87,87.0,,87.0,288075.20658399997,293602.50693599996,293602.50704999996,3374.7414603448274,43.612930999999996,288075.20658399997,30878.014890744926,78.500433,64.2709343255814,9.560484610222908,0.29631899573311354,13,64,,True,True,,435,59.56268577710819
242,2026-09-21T07:59:10.013+00:00,2026-09-21T08:03:59.361+00:00,2026-09-21T08:03:59.717+00:00,True,7,7.0,,7.0,289348.564793,289704.309049,289704.30915,41386.32987857143,48.238491,289348.564793,109341.06833235416,202565.9175824,59.29070933333334,9.055155286040911,0.024162567767730493,13,64,,True,True,,26,59.56268577710819
243,2026-09-21T07:59:10.256+00:00,2026-09-21T08:04:02.136+00:00,2026-09-21T08:04:02.650+00:00,True,9,9.0,,9.0,291879.477496,292393.550584,292393.550676,32488.172297333334,49.696981,291879.477496,97271.7398474912,175158.0848944,64.259136,9.406792620305575,0.030780432680625913,13,64,,True,True,,56,59.56268577710819
247,2026-09-21T07:59:11.338+00:00,2026-09-21T08:04:02.252+00:00,2026-09-21T08:04:03.160+00:00,True,15,15.0,,15.0,290914.16600599996,291821.96760599996,291821.96767499996,19454.797844999997,40.900101,290914.16600599996,75096.97295329507,87327.76207319999,64.84297142857143,10.358127497331298,0.051401202325700425,13,64,,True,True,,145,59.56268577710819
248,2026-09-21T07:59:11.678+00:00,2026-09-21T08:04:04.160+00:00,2026-09-21T08:04:08.792+00:00,True,75,75.0,,75.0,292481.16821,297113.099346,297113.099297,3961.5079906266665,44.239101000000005,292481.16821,33765.589704749735,77.1467943,62.593664,8.905956693301215,0.252429126030083,13,64,,True,True,,225,59.56268577710819
249,2026-09-21T07:59:11.942+00:00,2026-09-21T08:04:05.712+00:00,2026-09-21T08:04:07.194+00:00,True,25,25.0,,25.0,293770.283689,295252.764841,295252.76484,11810.1105936,42.858391000000005,293770.283689,58741.70357970924,77.88260899999999,61.770048,10.216955357413998,0.0846732121660674,13,64,,True,True,,267,59.56268577710819
250,2026-09-21T07:59:12.221+00:00,2026-09-21T08:04:07.074+00:00,2026-09-21T08:04:11.134+00:00,True,65,65.0,,65.0,294853.20507200004,298912.79931200005,298912.799477,4598.658453492309,46.821540999999996,294853.20507200004,36564.1724619984,76.69197199999999,63.43116,9.02138788878883,0.21745472308181127,13,64,,True,True,,127,59.56268577710819
251,2026-09-21T07:59:12.549+00:00,2026-09-21T08:04:08.924+00:00,2026-09-21T08:04:12.591+00:00,False,61,60.0,,60.0,296374.835422,300042.12630199996,300042.126289,4918.723381786885,0.042409999999999996,296374.835422,37939.08545416935,77.41959200000001,61.12151466666666,12.559194379349314,0.19997191974172482,13,64,,True,False,Request timeout: 300.0s exceeded,120,59.56268577710819
252,2026-09-21T07:59:12.898+00:00,2026-09-21T08:04:10.834+00:00,2026-09-21T08:04:12.969+00:00,True,36,36.0,,36.0,297936.50493199995,300071.44125199993,300071.44125599996,8335.317812666666,42.417911,297936.50493199995,49645.91877807722,76.61293625,60.99818057142858,10.039972801175493,0.1199714303027165,13,64,,True,True,,46,59.56268577710819
253,2026-09-21T07:59:13.204+00:00,2026-09-21T08:04:12.447+00:00,2026-09-21T08:04:13.211+00:00,False,15,14.0,,14.0,299242.825219,300006.759171,300006.75921499997,20000.45061433333,0.02816,299242.825219,77250.07811054932,89826.08197210002,54.56671085714286,17.962414891953678,0.04666561526375537,13,64,,True,False,Request timeout: 300.0s exceeded,70,59.56268577710819
254,2026-09-21T07:59:13.443+00:00,2026-09-21T08:04:13.548+00:00,2026-09-21T08:04:13.548+00:00,False,1,0.0,,0.0,300104.87724,300104.87724,300104.87724,300104.87724,300104.87724,300104.87724,nan,300104.87724,nan,nan,0.0,13,64,,True,False,"HTTPConnectionPool(host='gpu06', port=9004): Read timed out.",0,59.56268577710819
255,2026-09-21T07:59:13.711+00:00,2026-09-21T08:04:13.786+00:00,2026-09-21T08:04:13.786+00:00,False,1,0.0,,0.0,300074.96181199996,300074.96181199996,300074.96181199996,300074.96181199996,300074.96181199996,300074.96181199996,nan,300074.96181199996,nan,nan,0.0,13,64,,True,False,"HTTPConnectionPool(host='gpu06', port=9004): Read timed out.",0,59.56268577710819
256,2026-09-21T07:59:13.958+00:00,2026-09-21T08:04:14.045+00:00,2026-09-21T08:04:14.045+00:00,False,1,0.0,,0.0,300087.63090499997,300087.63090499997,300087.63090499997,300087.63090499997,300087.63090499997,300087.63090499997,nan,300087.63090499997,nan,nan,0.0,13,64,,True,False,"HTTPConnectionPool(host='gpu06', port=9004): Read timed out.",0,59.56268577710819
257,2026-09-21T07:59:14.186+00:00,2026-09-21T08:04:14.277+00:00,2026-09-21T08:04:14.277+00:00,False,1,0.0,,0.0,300091.796,300091.796,300091.796,300091.796,300091.796,300091.796,nan,300091.796,nan,nan,0.0,13,64,,True,False,"HTTPConnectionPool(host='gpu06', port=9004): Read timed out.",0,59.56268577710819
258,2026-09-21T07:59:14.542+00:00,2026-09-21T08:04:14.651+00:00,2026-09-21T08:04:14.651+00:00,False,1,0.0,,0.0,300109.571287,300109.571287,300109.571287,300109.571287,300109.571287,300109.571287,nan,300109.571287,nan,nan,0.0,13,64,,True,False,"HTTPConnectionPool(host='gpu06', port=9004): Read timed out.",0,59.56268577710819
259,2026-09-21T07:59:14.848+00:00,2026-09-21T08:04:14.949+00:00,2026-09-21T08:04:14.949+00:00,False,1,0.0,,0.0,300101.120906,300101.120906,300101.120906,300101.120906,300101.120906,300101.120906,nan,300101.120906,nan,nan,0.0,13,64,,True,False,"HTTPConnectionPool(host='gpu06', port=9004): Read timed out.",0,59.56268577710819
260,2026-09-21T07:59:15.146+00:00,2026-09-21T08:04:15.181+00:00,2026-09-21T08:04:15.181+00:00,False,1,0.0,,0.0,300035.29039499996,300035.29039499996,300035.29039499996,300035.29039499996,300035.29039499996,300035.29039499996,nan,300035.29039499996,nan,nan,0.0,13,64,,True,False,TTFT timeout: 300.0s exceeded (TTFT: 300.016s),0,59.56268577710819
261,2026-09-21T07:59:15.344+00:00,2026-09-21T08:04:15.456+00:00,2026-09-21T08:04:15.456+00:00,False,1,0.0,,0.0,300111.84782200004,300111.84782200004,300111.84782200004,300111.84782200004,300111.84782200004,300111.84782200004,nan,300111.84782200004,nan,nan,0.0,13,64,,True,False,"HTTPConnectionPool(host='gpu06', port=9004): Read timed out.",0,59.56268577710819
262,2026-09-21T07:59:15.685+00:00,2026-09-21T08:04:15.645+00:00,2026-09-21T08:04:15.802+00:00,False,3,2.0,,2.0,299959.773166,300116.34993400006,300116.34976,100038.78325333334,0.15397999999999998,299959.773166,173136.67364460055,269979.4381108,78.288384,110.49854714854838,0.006664082114952514,13,64,,True,False,Request timeout: 300.0s exceeded,13,59.56268577710819
263,2026-09-21T07:59:15.885+00:00,2026-09-21T08:04:15.802+00:00,2026-09-21T08:04:15.916+00:00,False,4,3.0,,3.0,299917.470313,300031.738985,300031.73897500004,75007.93474375001,0.02802,299917.470313,149939.69282299993,254938.95073870002,38.08955733333334,33.1530486635276,0.009998942145750733,13,64,,True,False,Request timeout: 300.0s exceeded,6,59.56268577710819
264,2026-09-21T07:59:16.143+00:00,2026-09-21T08:04:16.249+00:00,2026-09-21T08:04:16.249+00:00,False,1,0.0,,0.0,300106.727539,300106.727539,300106.727539,300106.727539,300106.727539,300106.727539,nan,300106.727539,nan,nan,0.0,13,64,,True,False,"HTTPConnectionPool(host='gpu06', port=9004): Read timed out.",0,59.56268577710819
265,2026-09-21T07:59:16.417+00:00,2026-09-21T08:04:16.528+00:00,2026-09-21T08:04:16.528+00:00,False,1,0.0,,0.0,300110.806541,300110.806541,300110.806541,300110.806541,300110.806541,300110.806541,nan,300110.806541,nan,nan,0.0,13,64,,True,False,"HTTPConnectionPool(host='gpu06', port=9004): Read timed out.",0,59.56268577710819
266,2026-09-21T07:59:16.674+00:00,2026-09-21T08:04:16.700+00:00,2026-09-21T08:04:16.700+00:00,False,1,0.0,,0.0,300025.836432,300025.836432,300025.836432,300025.836432,300025.836432,300025.836432,nan,300025.836432,nan,nan,0.0,13,64,,True,False,"HTTPConnectionPool(host='gpu06', port=9004): Read timed out.",0,59.56268577710819
267,2026-09-21T07:59:16.900+00:00,2026-09-21T08:04:17.016+00:00,2026-09-21T08:04:17.016+00:00,False,1,0.0,,0.0,300115.433059,300115.433059,300115.433059,300115.433059,300115.433059,300115.433059,nan,300115.433059,nan,nan,0.0,13,64,,True,False,"HTTPConnectionPool(host='gpu06', port=9004): Read timed out.",0,59.56268577710819
268,2026-09-21T07:59:17.122+00:00,2026-09-21T08:04:17.235+00:00,2026-09-21T08:04:17.235+00:00,False,1,0.0,,0.0,300113.203904,300113.203904,300113.203904,300113.203904,300113.203904,300113.203904,nan,300113.203904,nan,nan,0.0,13,64,,True,False,"HTTPConnectionPool(host='gpu06', port=9004): Read timed out.",0,59.56268577710819
269,2026-09-21T07:59:17.403+00:00,2026-09-21T08:04:17.531+00:00,2026-09-21T08:04:17.531+00:00,False,1,0.0,,0.0,300128.471315,300128.471315,300128.471315,300128.471315,300128.471315,300128.471315,nan,300128.471315,nan,nan,0.0,13,64,,True,False,"HTTPConnectionPool(host='gpu06', port=9004): Read timed out.",0,59.56268577710819
270,2026-09-21T07:59:17.682+00:00,2026-09-21T08:04:17.795+00:00,2026-09-21T08:04:17.795+00:00,False,1,0.0,,0.0,300113.171597,300113.171597,300113.171597,300113.171597,300113.171597,300113.171597,nan,300113.171597,nan,nan,0.0,13,64,,True,False,"HTTPConnectionPool(host='gpu06', port=9004): Read timed out.",0,59.56268577710819
271,2026-09-21T07:59:17.998+00:00,2026-09-21T08:04:18.033+00:00,2026-09-21T08:04:18.033+00:00,False,1,0.0,,0.0,300035.127943,300035.127943,300035.127943,300035.127943,300035.127943,300035.127943,nan,300035.127943,nan,nan,0.0,13,64,,True,False,TTFT timeout: 300.0s exceeded (TTFT: 300.028s),0,59.56268577710819
272,2026-09-21T07:59:19.579+00:00,2026-09-21T08:04:18.821+00:00,2026-09-21T08:04:19.641+00:00,False,13,12.0,,12.0,299242.434841,300062.316313,300062.31641800003,23081.716647538462,0.02963,299242.434841,82975.9751257835,119768.40534220001,68.323456,32.91085194254002,0.039991692883829505,13,64,,True,False,Request timeout: 300.0s exceeded,51,59.56268577710819
275,2026-09-21T07:59:19.940+00:00,2026-09-21T08:04:20.400+00:00,2026-09-21T08:04:20.400+00:00,False,1,0.0,,0.0,300459.987062,300459.987062,300459.987062,300459.987062,300459.987062,300459.987062,nan,300459.987062,nan,nan,0.0,13,64,,True,False,"HTTPConnectionPool(host='gpu06', port=9004): Read timed out.",0,59.56268577710819
273,2026-09-21T07:59:19.768+00:00,2026-09-21T08:04:20.401+00:00,2026-09-21T08:04:20.401+00:00,False,1,0.0,,0.0,300632.350097,300632.350097,300632.350097,300632.350097,300632.350097,300632.350097,nan,300632.350097,nan,nan,0.0,13,64,,True,False,"HTTPConnectionPool(host='gpu06', port=9004): Read timed out.",0,59.56268577710819
274,2026-09-21T07:59:19.889+00:00,2026-09-21T08:04:20.402+00:00,2026-09-21T08:04:20.402+00:00,False,1,0.0,,0.0,300512.40431699995,300512.40431699995,300512.40431699995,300512.40431699995,300512.40431699995,300512.40431699995,nan,300512.40431699995,nan,nan,0.0,13,64,,True,False,"HTTPConnectionPool(host='gpu06', port=9004): Read timed out.",0,59.56268577710819
277,2026-09-21T07:59:20.080+00:00,2026-09-21T08:04:21.212+00:00,2026-09-21T08:04:21.402+00:00,False,5,4.0,,4.0,301132.648367,301322.591151,301322.59126099997,60264.518252199996,0.03025,301132.648367,134649.3829537104,240926.412804,47.485696,41.585268645662815,0.013274809514682236,13,64,,True,False,Request timeout: 300.0s exceeded,15,59.56268577710819
276,2026-09-21T07:59:20.024+00:00,2026-09-21T08:04:21.311+00:00,2026-09-21T08:04:21.405+00:00,False,4,3.0,,3.0,301287.239724,301381.200428,301381.200446,75345.3001115,0.02343,301287.239724,150627.96137245186,256101.42693254995,31.320234666666668,27.14626008157185,0.00995417098259485,13,64,,True,False,Request timeout: 300.0s exceeded,9,59.56268577710819
279,2026-09-21T07:59:20.213+00:00,2026-09-21T08:04:21.312+00:00,2026-09-21T08:04:21.404+00:00,False,4,3.0,,3.0,301098.71331699996,301190.11734899995,301190.11743899994,75297.52935974998,0.019760000000000003,301098.71331699996,150534.12418022723,255940.91566059995,30.468010666666668,26.389365135122848,0.009960486175327563,13,64,,True,False,Request timeout: 300.0s exceeded,16,59.56268577710819
278,2026-09-21T07:59:20.129+00:00,2026-09-21T08:04:21.473+00:00,2026-09-21T08:04:21.473+00:00,False,1,0.0,,0.0,301344.221708,301344.221708,301344.221708,301344.221708,301344.221708,301344.221708,nan,301344.221708,nan,nan,0.0,13,64,,True,False,TTFT timeout: 300.0s exceeded (TTFT: 300.050s),0,59.56268577710819
280,2026-09-21T07:59:20.447+00:00,2026-09-21T08:04:21.525+00:00,2026-09-21T08:04:21.525+00:00,False,1,0.0,,0.0,301078.518972,301078.518972,301078.518972,301078.518972,301078.518972,301078.518972,nan,301078.518972,nan,nan,0.0,13,64,,True,False,"HTTPConnectionPool(host='gpu06', port=9004): Read timed out.",0,59.56268577710819
281,2026-09-21T07:59:20.706+00:00,2026-09-21T08:04:21.897+00:00,2026-09-21T08:04:21.897+00:00,False,1,0.0,,0.0,301190.523126,301190.523126,301190.523126,301190.523126,301190.523126,301190.523126,nan,301190.523126,nan,nan,0.0,13,64,,True,False,"HTTPConnectionPool(host='gpu06', port=9004): Read timed out.",0,59.56268577710819
283,2026-09-21T07:59:21.376+00:00,2026-09-21T08:04:21.898+00:00,2026-09-21T08:04:21.898+00:00,False,1,0.0,,0.0,300522.210707,300522.210707,300522.210707,300522.210707,300522.210707,300522.210707,nan,300522.210707,nan,nan,0.0,13,64,,True,False,"HTTPConnectionPool(host='gpu06', port=9004): Read timed out.",0,59.56268577710819
284,2026-09-21T07:59:21.570+00:00,2026-09-21T08:04:21.899+00:00,2026-09-21T08:04:21.899+00:00,False,1,0.0,,0.0,300328.71927999996,300328.71927999996,300328.71927999996,300328.71927999996,300328.71927999996,300328.71927999996,nan,300328.71927999996,nan,nan,0.0,13,64,,True,False,"HTTPConnectionPool(host='gpu06', port=9004): Read timed out.",0,59.56268577710819
285,2026-09-21T07:59:21.813+00:00,2026-09-21T08:04:21.918+00:00,2026-09-21T08:04:21.918+00:00,False,1,0.0,,0.0,300105.582709,300105.582709,300105.582709,300105.582709,300105.582709,300105.582709,nan,300105.582709,nan,nan,0.0,13,64,,True,False,"HTTPConnectionPool(host='gpu06', port=9004): Read timed out.",0,59.56268577710819
290,2026-09-21T07:59:23.164+00:00,2026-09-21T08:04:23.286+00:00,2026-09-21T08:04:23.286+00:00,False,1,0.0,,0.0,300121.441109,300121.441109,300121.441109,300121.441109,300121.441109,300121.441109,nan,300121.441109,nan,nan,0.0,13,64,,True,False,"HTTPConnectionPool(host='gpu06', port=9004): Read timed out.",0,59.56268577710819
287,2026-09-21T07:59:22.306+00:00,2026-09-21T08:04:23.301+00:00,2026-09-21T08:04:23.301+00:00,False,1,0.0,,0.0,300995.712005,300995.712005,300995.712005,300995.712005,300995.712005,300995.712005,nan,300995.712005,nan,nan,0.0,13,64,,True,False,"HTTPConnectionPool(host='gpu06', port=9004): Read timed out.",0,59.56268577710819
282,2026-09-21T07:59:21.034+00:00,2026-09-21T08:04:23.308+00:00,2026-09-21T08:04:23.308+00:00,False,1,0.0,,0.0,302273.377287,302273.377287,302273.377287,302273.377287,302273.377287,302273.377287,nan,302273.377287,nan,nan,0.0,13,64,,True,False,"HTTPConnectionPool(host='gpu06', port=9004): Read timed out.",0,59.56268577710819
288,2026-09-21T07:59:22.529+00:00,2026-09-21T08:04:23.311+00:00,2026-09-21T08:04:23.311+00:00,False,1,0.0,,0.0,300781.92515499995,300781.92515499995,300781.92515499995,300781.92515499995,300781.92515499995,300781.92515499995,nan,300781.92515499995,nan,nan,0.0,13,64,,True,False,"HTTPConnectionPool(host='gpu06', port=9004): Read timed out.",0,59.56268577710819
286,2026-09-21T07:59:22.076+00:00,2026-09-21T08:04:23.314+00:00,2026-09-21T08:04:23.314+00:00,False,1,0.0,,0.0,301238.509885,301238.509885,301238.509885,301238.509885,301238.509885,301238.509885,nan,301238.509885,nan,nan,0.0,13,64,,True,False,"HTTPConnectionPool(host='gpu06', port=9004): Read timed out.",0,59.56268577710819
289,2026-09-21T07:59:22.881+00:00,2026-09-21T08:04:23.321+00:00,2026-09-21T08:04:23.321+00:00,False,1,0.0,,0.0,300440.601805,300440.601805,300440.601805,300440.601805,300440.601805,300440.601805,nan,300440.601805,nan,nan,0.0,13,64,,True,False,"HTTPConnectionPool(host='gpu06', port=9004): Read timed out.",0,59.56268577710819
291,2026-09-21T07:59:23.467+00:00,2026-09-21T08:04:23.490+00:00,2026-09-21T08:04:23.490+00:00,False,1,0.0,,0.0,300023.676327,300023.676327,300023.676327,300023.676327,300023.676327,300023.676327,nan,300023.676327,nan,nan,0.0,13,64,,True,False,"HTTPConnectionPool(host='gpu06', port=9004): Read timed out.",0,59.56268577710819
292,2026-09-21T07:59:23.760+00:00,2026-09-21T08:04:23.782+00:00,2026-09-21T08:04:23.782+00:00,False,1,0.0,,0.0,300022.365207,300022.365207,300022.365207,300022.365207,300022.365207,300022.365207,nan,300022.365207,nan,nan,0.0,13,64,,True,False,"HTTPConnectionPool(host='gpu06', port=9004): Read timed out.",0,59.56268577710819
293,2026-09-21T07:59:24.071+00:00,2026-09-21T08:04:24.094+00:00,2026-09-21T08:04:24.094+00:00,False,1,0.0,,0.0,300023.435346,300023.435346,300023.435346,300023.435346,300023.435346,300023.435346,nan,300023.435346,nan,nan,0.0,13,64,,True,False,"HTTPConnectionPool(host='gpu06', port=9004): Read timed out.",0,59.56268577710819
294,2026-09-21T07:59:24.292+00:00,2026-09-21T08:04:24.399+00:00,2026-09-21T08:04:24.399+00:00,False,1,0.0,,0.0,300107.250633,300107.250633,300107.250633,300107.250633,300107.250633,300107.250633,nan,300107.250633,nan,nan,0.0,13,64,,True,False,"HTTPConnectionPool(host='gpu06', port=9004): Read timed out.",0,59.56268577710819
295,2026-09-21T07:59:24.544+00:00,2026-09-21T08:04:24.648+00:00,2026-09-21T08:04:24.648+00:00,False,1,0.0,,0.0,300103.783226,300103.783226,300103.783226,300103.783226,300103.783226,300103.783226,nan,300103.783226,nan,nan,0.0,13,64,,True,False,"HTTPConnectionPool(host='gpu06', port=9004): Read timed out.",0,59.56268577710819
296,2026-09-21T07:59:24.841+00:00,2026-09-21T08:04:24.939+00:00,2026-09-21T08:04:24.939+00:00,False,1,0.0,,0.0,300097.854596,300097.854596,300097.854596,300097.854596,300097.854596,300097.854596,nan,300097.854596,nan,nan,0.0,13,64,,True,False,"HTTPConnectionPool(host='gpu06', port=9004): Read timed out.",0,59.56268577710819
297,2026-09-21T07:59:25.111+00:00,2026-09-21T08:04:25.166+00:00,2026-09-21T08:04:25.166+00:00,False,1,0.0,,0.0,300054.27527700004,300054.27527700004,300054.27527700004,300054.27527700004,300054.27527700004,300054.27527700004,nan,300054.27527700004,nan,nan,0.0,13,64,,True,False,"HTTPConnectionPool(host='gpu06', port=9004): Read timed out.",0,59.56268577710819
298,2026-09-21T07:59:25.433+00:00,2026-09-21T08:04:25.519+00:00,2026-09-21T08:04:25.519+00:00,False,1,0.0,,0.0,300086.486986,300086.486986,300086.486986,300086.486986,300086.486986,300086.486986,nan,300086.486986,nan,nan,0.0,13,64,,True,False,"HTTPConnectionPool(host='gpu06', port=9004): Read timed out.",0,59.56268577710819
299,2026-09-21T07:59:25.785+00:00,2026-09-21T08:04:25.855+00:00,2026-09-21T08:04:25.855+00:00,False,1,0.0,,0.0,300070.045762,300070.045762,300070.045762,300070.045762,300070.045762,300070.045762,nan,300070.045762,nan,nan,0.0,13,64,,True,False,TTFT timeout: 300.0s exceeded (TTFT: 300.064s),0,59.56268577710819
300,2026-09-21T07:59:26.076+00:00,2026-09-21T08:04:26.175+00:00,2026-09-21T08:04:26.175+00:00,False,1,0.0,,0.0,300098.819693,300098.819693,300098.819693,300098.819693,300098.819693,300098.819693,nan,300098.819693,nan,nan,0.0,13,64,,True,False,"HTTPConnectionPool(host='gpu06', port=9004): Read timed out.",0,59.56268577710819
301,2026-09-21T07:59:26.393+00:00,2026-09-21T08:04:26.488+00:00,2026-09-21T08:04:26.488+00:00,False,1,0.0,,0.0,300094.984792,300094.984792,300094.984792,300094.984792,300094.984792,300094.984792,nan,300094.984792,nan,nan,0.0,13,64,,True,False,"HTTPConnectionPool(host='gpu06', port=9004): Read timed out.",0,59.56268577710819
302,2026-09-21T07:59:26.705+00:00,2026-09-21T08:04:26.808+00:00,2026-09-21T08:04:26.808+00:00,False,1,0.0,,0.0,300102.739511,300102.739511,300102.739511,300102.739511,300102.739511,300102.739511,nan,300102.739511,nan,nan,0.0,13,64,,True,False,"HTTPConnectionPool(host='gpu06', port=9004): Read timed out.",0,59.56268577710819
303,2026-09-21T07:59:26.998+00:00,2026-09-21T08:04:27.081+00:00,2026-09-21T08:04:27.081+00:00,False,1,0.0,,0.0,300083.490871,300083.490871,300083.490871,300083.490871,300083.490871,300083.490871,nan,300083.490871,nan,nan,0.0,13,64,,True,False,"HTTPConnectionPool(host='gpu06', port=9004): Read timed out.",0,59.56268577710819
304,2026-09-21T07:59:27.233+00:00,2026-09-21T08:04:27.288+00:00,2026-09-21T08:04:27.288+00:00,False,1,0.0,,0.0,300054.645315,300054.645315,300054.645315,300054.645315,300054.645315,300054.645315,nan,300054.645315,nan,nan,0.0,13,64,,True,False,TTFT timeout: 300.0s exceeded (TTFT: 300.042s),0,59.56268577710819
305,2026-09-21T07:59:27.444+00:00,2026-09-21T08:04:27.516+00:00,2026-09-21T08:04:27.516+00:00,False,1,0.0,,0.0,300072.177621,300072.177621,300072.177621,300072.177621,300072.177621,300072.177621,nan,300072.177621,nan,nan,0.0,13,64,,True,False,TTFT timeout: 300.0s exceeded (TTFT: 300.067s),0,59.56268577710819
306,2026-09-21T07:59:27.725+00:00,2026-09-21T08:04:27.660+00:00,2026-09-21T08:04:27.764+00:00,False,3,2.0,,2.0,299935.333209,300038.637657,300038.637701,100012.87923366667,0.02682,299935.333209,173137.93162627323,269952.12765529996,51.652224,73.00962368564845,0.006665808162635282,13,64,,True,False,Request timeout: 300.0s exceeded,13,59.56268577710819
307,2026-09-21T07:59:27.963+00:00,2026-09-21T08:04:28.067+00:00,2026-09-21T08:04:28.067+00:00,False,1,0.0,,0.0,300103.984306,300103.984306,300103.984306,300103.984306,300103.984306,300103.984306,nan,300103.984306,nan,nan,0.0,13,64,,True,False,"HTTPConnectionPool(host='gpu06', port=9004): Read timed out.",0,59.56268577710819
308,2026-09-21T07:59:28.273+00:00,2026-09-21T08:04:28.386+00:00,2026-09-21T08:04:28.386+00:00,False,1,0.0,,0.0,300112.636876,300112.636876,300112.636876,300112.636876,300112.636876,300112.636876,nan,300112.636876,nan,nan,0.0,13,64,,True,False,"HTTPConnectionPool(host='gpu06', port=9004): Read timed out.",0,59.56268577710819
309,2026-09-21T07:59:28.588+00:00,2026-09-21T08:04:28.689+00:00,2026-09-21T08:04:28.689+00:00,False,1,0.0,,0.0,300101.394385,300101.394385,300101.394385,300101.394385,300101.394385,300101.394385,nan,300101.394385,nan,nan,0.0,13,64,,True,False,"HTTPConnectionPool(host='gpu06', port=9004): Read timed out.",0,59.56268577710819
310,2026-09-21T07:59:28.940+00:00,2026-09-21T08:04:29.041+00:00,2026-09-21T08:04:29.041+00:00,False,1,0.0,,0.0,300101.565602,300101.565602,300101.565602,300101.565602,300101.565602,300101.565602,nan,300101.565602,nan,nan,0.0,13,64,,True,False,"HTTPConnectionPool(host='gpu06', port=9004): Read timed out.",0,59.56268577710819
311,2026-09-21T07:59:29.215+00:00,2026-09-21T08:04:29.266+00:00,2026-09-21T08:04:29.266+00:00,False,1,0.0,,0.0,300051.073331,300051.073331,300051.073331,300051.073331,300051.073331,300051.073331,nan,300051.073331,nan,nan,0.0,13,64,,True,False,TTFT timeout: 300.0s exceeded (TTFT: 300.035s),0,59.56268577710819
312,2026-09-21T07:59:29.423+00:00,2026-09-21T08:04:29.469+00:00,2026-09-21T08:04:29.469+00:00,False,1,0.0,,0.0,300046.07699800003,300046.07699800003,300046.07699800003,300046.07699800003,300046.07699800003,300046.07699800003,nan,300046.07699800003,nan,nan,0.0,13,64,,True,False,"HTTPConnectionPool(host='gpu06', port=9004): Read timed out.",0,59.56268577710819
313,2026-09-21T07:59:29.690+00:00,2026-09-21T08:04:29.605+00:00,2026-09-21T08:04:29.751+00:00,False,4,3.0,,3.0,299915.517378,300061.025474,300061.025291,75015.25632275,0.03583,299915.517378,149933.5133773146,254943.69968910006,48.50269866666667,51.980910085767036,0.009997966231239008,13,64,,True,False,Request timeout: 300.0s exceeded,18,59.56268577710819
314,2026-09-21T07:59:29.928+00:00,2026-09-21T08:04:30.033+00:00,2026-09-21T08:04:30.033+00:00,False,1,0.0,,0.0,300105.49847600004,300105.49847600004,300105.49847600004,300105.49847600004,300105.49847600004,300105.49847600004,nan,300105.49847600004,nan,nan,0.0,13,64,,True,False,"HTTPConnectionPool(host='gpu06', port=9004): Read timed out.",0,59.56268577710819
315,2026-09-21T07:59:30.135+00:00,2026-09-21T08:04:30.240+00:00,2026-09-21T08:04:30.240+00:00,False,1,0.0,,0.0,300105.626611,300105.626611,300105.626611,300105.626611,300105.626611,300105.626611,nan,300105.626611,nan,nan,0.0,13,64,,True,False,"HTTPConnectionPool(host='gpu06', port=9004): Read timed out.",0,59.56268577710819
316,2026-09-21T07:59:30.492+00:00,2026-09-21T08:04:30.596+00:00,2026-09-21T08:04:30.596+00:00,False,1,0.0,,0.0,300104.542827,300104.542827,300104.542827,300104.542827,300104.542827,300104.542827,nan,300104.542827,nan,nan,0.0,13,64,,True,False,"HTTPConnectionPool(host='gpu06', port=9004): Read timed out.",0,59.56268577710819
317,2026-09-21T07:59:30.710+00:00,2026-09-21T08:04:30.796+00:00,2026-09-21T08:04:30.796+00:00,False,1,0.0,,0.0,300085.875953,300085.875953,300085.875953,300085.875953,300085.875953,300085.875953,nan,300085.875953,nan,nan,0.0,13,64,,True,False,"HTTPConnectionPool(host='gpu06', port=9004): Read timed out.",0,59.56268577710819
318,2026-09-21T07:59:30.997+00:00,2026-09-21T08:04:31.111+00:00,2026-09-21T08:04:31.111+00:00,False,1,0.0,,0.0,300113.696804,300113.696804,300113.696804,300113.696804,300113.696804,300113.696804,nan,300113.696804,nan,nan,0.0,13,64,,True,False,"HTTPConnectionPool(host='gpu06', port=9004): Read timed out.",0,59.56268577710819
319,2026-09-21T07:59:31.231+00:00,2026-09-21T08:04:31.351+00:00,2026-09-21T08:04:31.351+00:00,False,1,0.0,,0.0,300119.687968,300119.687968,300119.687968,300119.687968,300119.687968,300119.687968,nan,300119.687968,nan,nan,0.0,13,64,,True,False,"HTTPConnectionPool(host='gpu06', port=9004): Read timed out.",0,59.56268577710819
320,2026-09-21T07:59:31.487+00:00,2026-09-21T08:04:31.512+00:00,2026-09-21T08:04:31.512+00:00,False,1,0.0,,0.0,300025.475229,300025.475229,300025.475229,300025.475229,300025.475229,300025.475229,nan,300025.475229,nan,nan,0.0,13,64,,True,False,TTFT timeout: 300.0s exceeded (TTFT: 300.015s),0,59.56268577710819
321,2026-09-21T07:59:31.785+00:00,2026-09-21T08:04:31.878+00:00,2026-09-21T08:04:32.915+00:00,False,20,19.0,,19.0,300092.62278,301129.892028,301129.89204199996,15056.4946021,0.032549999999999996,300092.62278,67090.54490467702,15081.132929949998,54.593118315789475,16.356886690055923,0.06309569558851143,13,64,,True,False,Request timeout: 300.0s exceeded,94,59.56268577710819
325,2026-09-21T07:59:33.005+00:00,2026-09-21T08:04:33.102+00:00,2026-09-21T08:04:33.102+00:00,False,1,0.0,,0.0,300096.639279,300096.639279,300096.639279,300096.639279,300096.639279,300096.639279,nan,300096.639279,nan,nan,0.0,13,64,,True,False,"HTTPConnectionPool(host='gpu06', port=9004): Read timed out.",0,59.56268577710819
322,2026-09-21T07:59:32.116+00:00,2026-09-21T08:04:33.143+00:00,2026-09-21T08:04:33.143+00:00,False,1,0.0,,0.0,301027.588278,301027.588278,301027.588278,301027.588278,301027.588278,301027.588278,nan,301027.588278,nan,nan,0.0,13,64,,True,False,"HTTPConnectionPool(host='gpu06', port=9004): Read timed out.",0,59.56268577710819
326,2026-09-21T07:59:33.277+00:00,2026-09-21T08:04:33.306+00:00,2026-09-21T08:04:33.306+00:00,False,1,0.0,,0.0,300029.357129,300029.357129,300029.357129,300029.357129,300029.357129,300029.357129,nan,300029.357129,nan,nan,0.0,13,64,,True,False,"HTTPConnectionPool(host='gpu06', port=9004): Read timed out.",0,59.56268577710819
323,2026-09-21T07:59:32.323+00:00,2026-09-21T08:04:33.430+00:00,2026-09-21T08:04:33.430+00:00,False,1,0.0,,0.0,301107.283566,301107.283566,301107.283566,301107.283566,301107.283566,301107.283566,nan,301107.283566,nan,nan,0.0,13,64,,True,False,"HTTPConnectionPool(host='gpu06', port=9004): Read timed out.",0,59.56268577710819
327,2026-09-21T07:59:33.524+00:00,2026-09-21T08:04:33.563+00:00,2026-09-21T08:04:33.563+00:00,False,1,0.0,,0.0,300039.553502,300039.553502,300039.553502,300039.553502,300039.553502,300039.553502,nan,300039.553502,nan,nan,0.0,13,64,,True,False,"HTTPConnectionPool(host='gpu06', port=9004): Read timed out.",0,59.56268577710819
324,2026-09-21T07:59:32.670+00:00,2026-09-21T08:04:34.280+00:00,2026-09-21T08:04:35.160+00:00,False,17,16.0,,16.0,301609.816252,302489.701564,302489.701521,17793.51185417647,0.038090000000000006,301609.816252,73137.7903750515,60405.3373408,54.992832,20.877324703834997,0.05289436274118827,13,64,,True,False,Request timeout: 300.0s exceeded,67,59.56268577710819
328,2026-09-21T07:59:34.819+00:00,2026-09-21T08:04:35.427+00:00,2026-09-21T08:04:35.427+00:00,False,1,0.0,,0.0,300608.56310699997,300608.56310699997,300608.56310699997,300608.56310699997,300608.56310699997,300608.56310699997,nan,300608.56310699997,nan,nan,0.0,13,64,,True,False,"HTTPConnectionPool(host='gpu06', port=9004): Read timed out.",0,59.56268577710819
331,2026-09-21T07:59:35.350+00:00,2026-09-21T08:04:35.465+00:00,2026-09-21T08:04:35.465+00:00,False,1,0.0,,0.0,300115.26407200005,300115.26407200005,300115.26407200005,300115.26407200005,300115.26407200005,300115.26407200005,nan,300115.26407200005,nan,nan,0.0,13,64,,True,False,"HTTPConnectionPool(host='gpu06', port=9004): Read timed out.",0,59.56268577710819
330,2026-09-21T07:59:35.340+00:00,2026-09-21T08:04:35.465+00:00,2026-09-21T08:04:35.465+00:00,False,1,0.0,,0.0,300125.447703,300125.447703,300125.447703,300125.447703,300125.447703,300125.447703,nan,300125.447703,nan,nan,0.0,13,64,,True,False,"HTTPConnectionPool(host='gpu06', port=9004): Read timed out.",0,59.56268577710819
329,2026-09-21T07:59:35.317+00:00,2026-09-21T08:04:35.676+00:00,2026-09-21T08:04:35.676+00:00,False,1,0.0,,0.0,300359.87168,300359.87168,300359.87168,300359.87168,300359.87168,300359.87168,nan,300359.87168,nan,nan,0.0,13,64,,True,False,"HTTPConnectionPool(host='gpu06', port=9004): Read timed out.",0,59.56268577710819
333,2026-09-21T07:59:35.571+00:00,2026-09-21T08:04:35.863+00:00,2026-09-21T08:04:35.863+00:00,False,1,0.0,,0.0,300292.585825,300292.585825,300292.585825,300292.585825,300292.585825,300292.585825,nan,300292.585825,nan,nan,0.0,13,64,,True,False,"HTTPConnectionPool(host='gpu06', port=9004): Read timed out.",0,59.56268577710819
332,2026-09-21T07:59:35.437+00:00,2026-09-21T08:04:35.893+00:00,2026-09-21T08:04:35.893+00:00,False,1,0.0,,0.0,300455.977625,300455.977625,300455.977625,300455.977625,300455.977625,300455.977625,nan,300455.977625,nan,nan,0.0,13,64,,True,False,"HTTPConnectionPool(host='gpu06', port=9004): Read timed out.",0,59.56268577710819
334,2026-09-21T07:59:35.698+00:00,2026-09-21T08:04:36.021+00:00,2026-09-21T08:04:36.021+00:00,False,1,0.0,,0.0,300323.170344,300323.170344,300323.170344,300323.170344,300323.170344,300323.170344,nan,300323.170344,nan,nan,0.0,13,64,,True,False,"HTTPConnectionPool(host='gpu06', port=9004): Read timed out.",0,59.56268577710819
336,2026-09-21T07:59:35.887+00:00,2026-09-21T08:04:36.034+00:00,2026-09-21T08:04:36.034+00:00,False,1,0.0,,0.0,300147.19070700003,300147.19070700003,300147.19070700003,300147.19070700003,300147.19070700003,300147.19070700003,nan,300147.19070700003,nan,nan,0.0,13,64,,True,False,"HTTPConnectionPool(host='gpu06', port=9004): Read timed out.",0,59.56268577710819
335,2026-09-21T07:59:35.784+00:00,2026-09-21T08:04:36.081+00:00,2026-09-21T08:04:36.081+00:00,False,1,0.0,,0.0,300296.634203,300296.634203,300296.634203,300296.634203,300296.634203,300296.634203,nan,300296.634203,nan,nan,0.0,13,64,,True,False,"HTTPConnectionPool(host='gpu06', port=9004): Read timed out.",0,59.56268577710819
337,2026-09-21T07:59:36.254+00:00,2026-09-21T08:04:36.361+00:00,2026-09-21T08:04:36.361+00:00,False,1,0.0,,0.0,300107.35323400004,300107.35323400004,300107.35323400004,300107.35323400004,300107.35323400004,300107.35323400004,nan,300107.35323400004,nan,nan,0.0,13,64,,True,False,"HTTPConnectionPool(host='gpu06', port=9004): Read timed out.",0,59.56268577710819
338,2026-09-21T07:59:36.535+00:00,2026-09-21T08:04:36.644+00:00,2026-09-21T08:04:36.644+00:00,False,1,0.0,,0.0,300108.91982300003,300108.91982300003,300108.91982300003,300108.91982300003,300108.91982300003,300108.91982300003,nan,300108.91982300003,nan,nan,0.0,13,64,,True,False,"HTTPConnectionPool(host='gpu06', port=9004): Read timed out.",0,59.56268577710819
339,2026-09-21T07:59:36.852+00:00,2026-09-21T08:04:36.914+00:00,2026-09-21T08:04:36.914+00:00,False,1,0.0,,0.0,300062.047598,300062.047598,300062.047598,300062.047598,300062.047598,300062.047598,nan,300062.047598,nan,nan,0.0,13,64,,True,False,"HTTPConnectionPool(host='gpu06', port=9004): Read timed out.",0,59.56268577710819
340,2026-09-21T07:59:37.064+00:00,2026-09-21T08:04:37.166+00:00,2026-09-21T08:04:37.166+00:00,False,1,0.0,,0.0,300102.168504,300102.168504,300102.168504,300102.168504,300102.168504,300102.168504,nan,300102.168504,nan,nan,0.0,13,64,,True,False,"HTTPConnectionPool(host='gpu06', port=9004): Read timed out.",0,59.56268577710819
341,2026-09-21T07:59:37.292+00:00,2026-09-21T08:04:37.404+00:00,2026-09-21T08:04:37.404+00:00,False,1,0.0,,0.0,300112.054559,300112.054559,300112.054559,300112.054559,300112.054559,300112.054559,nan,300112.054559,nan,nan,0.0,13,64,,True,False,"HTTPConnectionPool(host='gpu06', port=9004): Read timed out.",0,59.56268577710819
342,2026-09-21T07:59:37.531+00:00,2026-09-21T08:04:37.636+00:00,2026-09-21T08:04:37.636+00:00,False,1,0.0,,0.0,300105.577744,300105.577744,300105.577744,300105.577744,300105.577744,300105.577744,nan,300105.577744,nan,nan,0.0,13,64,,True,False,"HTTPConnectionPool(host='gpu06', port=9004): Read timed out.",0,59.56268577710819
343,2026-09-21T07:59:37.858+00:00,2026-09-21T08:04:37.911+00:00,2026-09-21T08:04:37.911+00:00,False,1,0.0,,0.0,300053.095208,300053.095208,300053.095208,300053.095208,300053.095208,300053.095208,nan,300053.095208,nan,nan,0.0,13,64,,True,False,TTFT timeout: 300.0s exceeded (TTFT: 300.046s),0,59.56268577710819
344,2026-09-21T07:59:38.208+00:00,2026-09-21T08:04:38.079+00:00,2026-09-21T08:04:38.253+00:00,False,3,2.0,,2.0,299870.792847,300045.094287,300045.09426600003,100015.031422,0.02818,299870.792847,173080.18841395463,269901.1408862,87.15072,123.20990594066372,0.0066656647220065994,13,64,,True,False,Request timeout: 300.0s exceeded,9,59.56268577710819
345,2026-09-21T07:59:38.477+00:00,2026-09-21T08:04:38.549+00:00,2026-09-21T08:04:38.549+00:00,False,1,0.0,,0.0,300072.252835,300072.252835,300072.252835,300072.252835,300072.252835,300072.252835,nan,300072.252835,nan,nan,0.0,13,64,,True,False,"HTTPConnectionPool(host='gpu06', port=9004): Read timed out.",0,59.56268577710819
346,2026-09-21T07:59:38.765+00:00,2026-09-21T08:04:38.885+00:00,2026-09-21T08:04:38.885+00:00,False,1,0.0,,0.0,300119.98110900004,300119.98110900004,300119.98110900004,300119.98110900004,300119.98110900004,300119.98110900004,nan,300119.98110900004,nan,nan,0.0,13,64,,True,False,"HTTPConnectionPool(host='gpu06', port=9004): Read timed out.",0,59.56268577710819
347,2026-09-21T07:59:39.093+00:00,2026-09-21T08:04:39.120+00:00,2026-09-21T08:04:39.120+00:00,False,1,0.0,,0.0,300027.56804600003,300027.56804600003,300027.56804600003,300027.56804600003,300027.56804600003,300027.56804600003,nan,300027.56804600003,nan,nan,0.0,13,64,,True,False,"HTTPConnectionPool(host='gpu06', port=9004): Read timed out.",0,59.56268577710819
348,2026-09-21T07:59:39.308+00:00,2026-09-21T08:04:39.416+00:00,2026-09-21T08:04:39.416+00:00,False,1,0.0,,0.0,300108.519379,300108.519379,300108.519379,300108.519379,300108.519379,300108.519379,nan,300108.519379,nan,nan,0.0,13,64,,True,False,"HTTPConnectionPool(host='gpu06', port=9004): Read timed out.",0,59.56268577710819
349,2026-09-21T07:59:39.568+00:00,2026-09-21T08:04:39.677+00:00,2026-09-21T08:04:39.677+00:00,False,1,0.0,,0.0,300108.88481,300108.88481,300108.88481,300108.88481,300108.88481,300108.88481,nan,300108.88481,nan,nan,0.0,13,64,,True,False,"HTTPConnectionPool(host='gpu06', port=9004): Read timed out.",0,59.56268577710819
350,2026-09-21T07:59:39.832+00:00,2026-09-21T08:04:39.936+00:00,2026-09-21T08:04:39.936+00:00,False,1,0.0,,0.0,300104.492552,300104.492552,300104.492552,300104.492552,300104.492552,300104.492552,nan,300104.492552,nan,nan,0.0,13,64,,True,False,"HTTPConnectionPool(host='gpu06', port=9004): Read timed out.",0,59.56268577710819
351,2026-09-21T07:59:40.103+00:00,2026-09-21T08:04:40.154+00:00,2026-09-21T08:04:40.154+00:00,False,1,0.0,,0.0,300051.128244,300051.128244,300051.128244,300051.128244,300051.128244,300051.128244,nan,300051.128244,nan,nan,0.0,13,64,,True,False,TTFT timeout: 300.0s exceeded (TTFT: 300.046s),0,59.56268577710819
352,2026-09-21T07:59:40.319+00:00,2026-09-21T08:04:40.424+00:00,2026-09-21T08:04:40.424+00:00,False,1,0.0,,0.0,300104.878249,300104.878249,300104.878249,300104.878249,300104.878249,300104.878249,nan,300104.878249,nan,nan,0.0,13,64,,True,False,"HTTPConnectionPool(host='gpu06', port=9004): Read timed out.",0,59.56268577710819
353,2026-09-21T07:59:40.638+00:00,2026-09-21T08:04:40.625+00:00,2026-09-21T08:04:40.698+00:00,False,3,2.0,,2.0,299986.786548,300059.906292,300059.906224,100019.96874133333,0.02962,299986.786548,173176.34798739202,269995.4168988,36.559872,51.66147033507614,0.006665335681514616,13,64,,True,False,Request timeout: 300.0s exceeded,9,59.56268577710819
354,2026-09-21T07:59:40.863+00:00,2026-09-21T08:04:40.965+00:00,2026-09-21T08:04:40.965+00:00,False,1,0.0,,0.0,300102.11047799996,300102.11047799996,300102.11047799996,300102.11047799996,300102.11047799996,300102.11047799996,nan,300102.11047799996,nan,nan,0.0,13,64,,True,False,"HTTPConnectionPool(host='gpu06', port=9004): Read timed out.",0,59.56268577710819
355,2026-09-21T07:59:41.067+00:00,2026-09-21T08:04:41.169+00:00,2026-09-21T08:04:41.169+00:00,False,1,0.0,,0.0,300101.78569700004,300101.78569700004,300101.78569700004,300101.78569700004,300101.78569700004,300101.78569700004,nan,300101.78569700004,nan,nan,0.0,13,64,,True,False,"HTTPConnectionPool(host='gpu06', port=9004): Read timed out.",0,59.56268577710819
356,2026-09-21T07:59:41.328+00:00,2026-09-21T08:04:41.331+00:00,2026-09-21T08:04:41.331+00:00,False,1,0.0,,0.0,300002.748794,300002.748794,300002.748794,300002.748794,300002.748794,300002.748794,nan,300002.748794,nan,nan,0.0,13,64,,True,False,"HTTPConnectionPool(host='gpu06', port=9004): Read timed out.",0,59.56268577710819
357,2026-09-21T07:59:41.656+00:00,2026-09-21T08:04:41.769+00:00,2026-09-21T08:04:41.769+00:00,False,1,0.0,,0.0,300112.371159,300112.371159,300112.371159,300112.371159,300112.371159,300112.371159,nan,300112.371159,nan,nan,0.0,13,64,,True,False,"HTTPConnectionPool(host='gpu06', port=9004): Read timed out.",0,59.56268577710819
358,2026-09-21T07:59:41.902+00:00,2026-09-21T08:04:42.004+00:00,2026-09-21T08:04:42.004+00:00,False,1,0.0,,0.0,300101.664433,300101.664433,300101.664433,300101.664433,300101.664433,300101.664433,nan,300101.664433,nan,nan,0.0,13,64,,True,False,TTFT timeout: 300.0s exceeded (TTFT: 300.096s),0,59.56268577710819
359,2026-09-21T07:59:42.224+00:00,2026-09-21T08:04:42.314+00:00,2026-09-21T08:04:42.314+00:00,False,1,0.0,,0.0,300089.964355,300089.964355,300089.964355,300089.964355,300089.964355,300089.964355,nan,300089.964355,nan,nan,0.0,13,64,,True,False,"HTTPConnectionPool(host='gpu06', port=9004): Read timed out.",0,59.56268577710819
360,2026-09-21T07:59:42.437+00:00,2026-09-21T08:04:42.456+00:00,2026-09-21T08:04:42.456+00:00,False,1,0.0,,0.0,300019.046007,300019.046007,300019.046007,300019.046007,300019.046007,300019.046007,nan,300019.046007,nan,nan,0.0,13,64,,True,False,TTFT timeout: 300.0s exceeded (TTFT: 300.010s),0,59.56268577710819
361,2026-09-21T07:59:42.767+00:00,2026-09-21T08:04:42.770+00:00,2026-09-21T08:04:42.840+00:00,False,3,2.0,,2.0,300002.608099,300072.667875,300072.667765,100024.22258833333,0.035840000000000004,300002.608099,173186.36559547394,270009.3496717,35.029888,49.48905728393508,0.006665052216062316,13,64,,True,False,Request timeout: 300.0s exceeded,13,59.56268577710819
362,2026-09-21T07:59:42.974+00:00,2026-09-21T08:04:43.045+00:00,2026-09-21T08:04:43.045+00:00,False,1,0.0,,0.0,300071.165944,300071.165944,300071.165944,300071.165944,300071.165944,300071.165944,nan,300071.165944,nan,nan,0.0,13,64,,True,False,"HTTPConnectionPool(host='gpu06', port=9004): Read timed out.",0,59.56268577710819
363,2026-09-21T07:59:43.327+00:00,2026-09-21T08:04:43.432+00:00,2026-09-21T08:04:43.432+00:00,False,1,0.0,,0.0,300104.65686,300104.65686,300104.65686,300104.65686,300104.65686,300104.65686,nan,300104.65686,nan,nan,0.0,13,64,,True,False,"HTTPConnectionPool(host='gpu06', port=9004): Read timed out.",0,59.56268577710819
364,2026-09-21T07:59:43.613+00:00,2026-09-21T08:04:43.652+00:00,2026-09-21T08:04:43.652+00:00,False,1,0.0,,0.0,300038.906841,300038.906841,300038.906841,300038.906841,300038.906841,300038.906841,nan,300038.906841,nan,nan,0.0,13,64,,True,False,"HTTPConnectionPool(host='gpu06', port=9004): Read timed out.",0,59.56268577710819
365,2026-09-21T07:59:43.959+00:00,2026-09-21T08:04:44.063+00:00,2026-09-21T08:04:44.063+00:00,False,1,0.0,,0.0,300104.116915,300104.116915,300104.116915,300104.116915,300104.116915,300104.116915,nan,300104.116915,nan,nan,0.0,13,64,,True,False,"HTTPConnectionPool(host='gpu06', port=9004): Read timed out.",0,59.56268577710819
366,2026-09-21T07:59:44.304+00:00,2026-09-21T08:04:44.408+00:00,2026-09-21T08:04:44.408+00:00,False,1,0.0,,0.0,300103.92708399997,300103.92708399997,300103.92708399997,300103.92708399997,300103.92708399997,300103.92708399997,nan,300103.92708399997,nan,nan,0.0,13,64,,True,False,TTFT timeout: 300.0s exceeded (TTFT: 300.088s),0,59.56268577710819
367,2026-09-21T07:59:44.540+00:00,2026-09-21T08:04:44.634+00:00,2026-09-21T08:04:44.634+00:00,False,1,0.0,,0.0,300093.857869,300093.857869,300093.857869,300093.857869,300093.857869,300093.857869,nan,300093.857869,nan,nan,0.0,13,64,,True,False,TTFT timeout: 300.0s exceeded (TTFT: 300.089s),0,59.56268577710819
368,2026-09-21T07:59:44.804+00:00,2026-09-21T08:04:44.748+00:00,2026-09-21T08:04:44.922+00:00,False,3,2.0,,2.0,299943.560079,300117.755023,300117.755099,100039.25169966667,0.027989999999999998,299943.560079,173122.2312776901,269966.6207741,87.097472,123.13496393556645,0.0066640509151040615,13,64,,True,False,Request timeout: 300.0s exceeded,8,59.56268577710819
369,2026-09-21T07:59:45.083+00:00,2026-09-21T08:04:45.175+00:00,2026-09-21T08:04:45.175+00:00,False,1,0.0,,0.0,300091.81191900006,300091.81191900006,300091.81191900006,300091.81191900006,300091.81191900006,300091.81191900006,nan,300091.81191900006,nan,nan,0.0,13,64,,True,False,"HTTPConnectionPool(host='gpu06', port=9004): Read timed out.",0,59.56268577710819
370,2026-09-21T07:59:45.383+00:00,2026-09-21T08:04:45.709+00:00,2026-09-21T08:04:47.033+00:00,False,21,20.0,,20.0,300326.31651,301649.82575799996,301649.825809,14364.27741947619,0.030989999999999997,300326.31651,65522.1425727619,171.03473000000002,66.1754624,33.36851394817175,0.06630204393370046,13,64,,True,False,Request timeout: 300.0s exceeded,60,59.56268577710819
371,2026-09-21T07:59:45.660+00:00,2026-09-21T08:04:46.200+00:00,2026-09-21T08:04:47.075+00:00,False,17,16.0,,16.0,300540.142016,301414.734272,301414.734322,17730.27848952941,0.027530000000000002,300540.142016,72878.43566505791,60171.9047272,54.662016,17.455071372960237,0.053083005509483236,13,64,,True,False,Request timeout: 300.0s exceeded,144,59.56268577710819
375,2026-09-21T07:59:46.992+00:00,2026-09-21T08:04:47.249+00:00,2026-09-21T08:04:47.249+00:00,False,1,0.0,,0.0,300257.05417400005,300257.05417400005,300257.05417400005,300257.05417400005,300257.05417400005,300257.05417400005,nan,300257.05417400005,nan,nan,0.0,13,64,,True,False,"HTTPConnectionPool(host='gpu06', port=9004): Read timed out.",0,59.56268577710819
372,2026-09-21T07:59:46.020+00:00,2026-09-21T08:04:47.251+00:00,2026-09-21T08:04:47.251+00:00,False,1,0.0,,0.0,301230.860149,301230.860149,301230.860149,301230.860149,301230.860149,301230.860149,nan,301230.860149,nan,nan,0.0,13,64,,True,False,"HTTPConnectionPool(host='gpu06', port=9004): Read timed out.",0,59.56268577710819
376,2026-09-21T07:59:47.204+00:00,2026-09-21T08:04:47.352+00:00,2026-09-21T08:04:47.352+00:00,False,1,0.0,,0.0,300148.54839899996,300148.54839899996,300148.54839899996,300148.54839899996,300148.54839899996,300148.54839899996,nan,300148.54839899996,nan,nan,0.0,13,64,,True,False,"HTTPConnectionPool(host='gpu06', port=9004): Read timed out.",0,59.56268577710819
373,2026-09-21T07:59:46.349+00:00,2026-09-21T08:04:47.507+00:00,2026-09-21T08:04:47.507+00:00,False,1,0.0,,0.0,301158.025625,301158.025625,301158.025625,301158.025625,301158.025625,301158.025625,nan,301158.025625,nan,nan,0.0,13,64,,True,False,"HTTPConnectionPool(host='gpu06', port=9004): Read timed out.",0,59.56268577710819
377,2026-09-21T07:59:47.563+00:00,2026-09-21T08:04:47.571+00:00,2026-09-21T08:04:47.571+00:00,False,1,0.0,,0.0,300007.49425499997,300007.49425499997,300007.49425499997,300007.49425499997,300007.49425499997,300007.49425499997,nan,300007.49425499997,nan,nan,0.0,13,64,,True,False,"HTTPConnectionPool(host='gpu06', port=9004): Read timed out.",0,59.56268577710819
374,2026-09-21T07:59:46.628+00:00,2026-09-21T08:04:47.764+00:00,2026-09-21T08:04:47.764+00:00,False,1,0.0,,0.0,301135.795995,301135.795995,301135.795995,301135.795995,301135.795995,301135.795995,nan,301135.795995,nan,nan,0.0,13,64,,True,False,"HTTPConnectionPool(host='gpu06', port=9004): Read timed out.",0,59.56268577710819
378,2026-09-21T07:59:47.922+00:00,2026-09-21T08:04:48.029+00:00,2026-09-21T08:04:48.029+00:00,False,1,0.0,,0.0,300106.941275,300106.941275,300106.941275,300106.941275,300106.941275,300106.941275,nan,300106.941275,nan,nan,0.0,13,64,,True,False,"HTTPConnectionPool(host='gpu06', port=9004): Read timed out.",0,59.56268577710819
379,2026-09-21T07:59:48.276+00:00,2026-09-21T08:04:48.381+00:00,2026-09-21T08:04:48.381+00:00,False,1,0.0,,0.0,300104.702862,300104.702862,300104.702862,300104.702862,300104.702862,300104.702862,nan,300104.702862,nan,nan,0.0,13,64,,True,False,"HTTPConnectionPool(host='gpu06', port=9004): Read timed out.",0,59.56268577710819
380,2026-09-21T07:59:48.542+00:00,2026-09-21T08:04:48.646+00:00,2026-09-21T08:04:48.646+00:00,False,1,0.0,,0.0,300104.486723,300104.486723,300104.486723,300104.486723,300104.486723,300104.486723,nan,300104.486723,nan,nan,0.0,13,64,,True,False,"HTTPConnectionPool(host='gpu06', port=9004): Read timed out.",0,59.56268577710819
381,2026-09-21T07:59:48.808+00:00,2026-09-21T08:04:48.906+00:00,2026-09-21T08:04:48.906+00:00,False,1,0.0,,0.0,300098.767863,300098.767863,300098.767863,300098.767863,300098.767863,300098.767863,nan,300098.767863,nan,nan,0.0,13,64,,True,False,"HTTPConnectionPool(host='gpu06', port=9004): Read timed out.",0,59.56268577710819
382,2026-09-21T07:59:49.064+00:00,2026-09-21T08:04:49.024+00:00,2026-09-21T08:04:49.137+00:00,False,3,2.0,,2.0,299959.424213,300072.57442099997,300072.574286,100024.19142866666,0.024550000000000002,299959.424213,173148.9999374865,269974.79434399994,56.575104,79.97452365695946,0.0066650542918127945,13,64,,True,False,Request timeout: 300.0s exceeded,8,59.56268577710819
383,2026-09-21T07:59:49.338+00:00,2026-09-21T08:04:49.281+00:00,2026-09-21T08:04:49.355+00:00,False,3,2.0,,2.0,299943.06738300005,300017.65195900004,300017.651819,100005.88393966669,0.03504,299943.06738300005,173150.68403138686,269956.21558430005,37.292288,52.68966016346388,0.006666274423990616,13,64,,True,False,Request timeout: 300.0s exceeded,10,59.56268577710819
384,2026-09-21T07:59:49.624+00:00,2026-09-21T08:04:49.725+00:00,2026-09-21T08:04:49.725+00:00,False,1,0.0,,0.0,300101.04281099996,300101.04281099996,300101.04281099996,300101.04281099996,300101.04281099996,300101.04281099996,nan,300101.04281099996,nan,nan,0.0,13,64,,True,False,"HTTPConnectionPool(host='gpu06', port=9004): Read timed out.",0,59.56268577710819
385,2026-09-21T07:59:49.919+00:00,2026-09-21T08:04:50.027+00:00,2026-09-21T08:04:50.027+00:00,False,1,0.0,,0.0,300108.484097,300108.484097,300108.484097,300108.484097,300108.484097,300108.484097,nan,300108.484097,nan,nan,0.0,13,64,,True,False,"HTTPConnectionPool(host='gpu06', port=9004): Read timed out.",0,59.56268577710819
386,2026-09-21T07:59:50.257+00:00,2026-09-21T08:04:50.364+00:00,2026-09-21T08:04:50.364+00:00,False,1,0.0,,0.0,300106.84036699997,300106.84036699997,300106.84036699997,300106.84036699997,300106.84036699997,300106.84036699997,nan,300106.84036699997,nan,nan,0.0,13,64,,True,False,"HTTPConnectionPool(host='gpu06', port=9004): Read timed out.",0,59.56268577710819
387,2026-09-21T07:59:50.470+00:00,2026-09-21T08:04:50.586+00:00,2026-09-21T08:04:50.586+00:00,False,1,0.0,,0.0,300115.85223400005,300115.85223400005,300115.85223400005,300115.85223400005,300115.85223400005,300115.85223400005,nan,300115.85223400005,nan,nan,0.0,13,64,,True,False,"HTTPConnectionPool(host='gpu06', port=9004): Read timed out.",0,59.56268577710819
388,2026-09-21T07:59:50.707+00:00,2026-09-21T08:04:50.827+00:00,2026-09-21T08:04:50.827+00:00,False,1,0.0,,0.0,300120.948309,300120.948309,300120.948309,300120.948309,300120.948309,300120.948309,nan,300120.948309,nan,nan,0.0,13,64,,True,False,"HTTPConnectionPool(host='gpu06', port=9004): Read timed out.",0,59.56268577710819
389,2026-09-21T07:59:50.919+00:00,2026-09-21T08:04:51.027+00:00,2026-09-21T08:04:51.027+00:00,False,1,0.0,,0.0,300108.967467,300108.967467,300108.967467,300108.967467,300108.967467,300108.967467,nan,300108.967467,nan,nan,0.0,13,64,,True,False,"HTTPConnectionPool(host='gpu06', port=9004): Read timed out.",0,59.56268577710819
390,2026-09-21T07:59:51.141+00:00,2026-09-21T08:04:51.220+00:00,2026-09-21T08:04:51.220+00:00,False,1,0.0,,0.0,300078.591487,300078.591487,300078.591487,300078.591487,300078.591487,300078.591487,nan,300078.591487,nan,nan,0.0,13,64,,True,False,"HTTPConnectionPool(host='gpu06', port=9004): Read timed out.",0,59.56268577710819
391,2026-09-21T07:59:51.374+00:00,2026-09-21T08:04:51.338+00:00,2026-09-21T08:04:51.464+00:00,False,3,2.0,,2.0,299964.384729,300089.834713,300089.834551,100029.94485033333,0.02652,299964.384729,173148.31537813286,269980.4885863,62.724992,88.66888236425928,0.0066646709373303515,13,64,,True,False,Request timeout: 300.0s exceeded,7,59.56268577710819
392,2026-09-21T07:59:51.647+00:00,2026-09-21T08:04:51.567+00:00,2026-09-21T08:04:51.657+00:00,False,4,3.0,,3.0,299919.151111,300009.020423,300009.02050499996,75002.25512624999,0.03083,299919.151111,149944.59882270376,254938.2711049,29.956437333333334,25.972033507400326,0.009999699328273954,13,64,,True,False,Request timeout: 300.0s exceeded,23,59.56268577710819
393,2026-09-21T07:59:51.868+00:00,2026-09-21T08:04:51.967+00:00,2026-09-21T08:04:51.967+00:00,False,1,0.0,,0.0,300098.521747,300098.521747,300098.521747,300098.521747,300098.521747,300098.521747,nan,300098.521747,nan,nan,0.0,13,64,,True,False,"HTTPConnectionPool(host='gpu06', port=9004): Read timed out.",0,59.56268577710819
394,2026-09-21T07:59:52.167+00:00,2026-09-21T08:04:52.283+00:00,2026-09-21T08:04:52.283+00:00,False,1,0.0,,0.0,300115.884322,300115.884322,300115.884322,300115.884322,300115.884322,300115.884322,nan,300115.884322,nan,nan,0.0,13,64,,True,False,"HTTPConnectionPool(host='gpu06', port=9004): Read timed out.",0,59.56268577710819
395,2026-09-21T07:59:52.381+00:00,2026-09-21T08:04:52.483+00:00,2026-09-21T08:04:52.483+00:00,False,1,0.0,,0.0,300102.41053,300102.41053,300102.41053,300102.41053,300102.41053,300102.41053,nan,300102.41053,nan,nan,0.0,13,64,,True,False,"HTTPConnectionPool(host='gpu06', port=9004): Read timed out.",0,59.56268577710819
396,2026-09-21T07:59:52.583+00:00,2026-09-21T08:04:52.695+00:00,2026-09-21T08:04:52.695+00:00,False,1,0.0,,0.0,300111.97358,300111.97358,300111.97358,300111.97358,300111.97358,300111.97358,nan,300111.97358,nan,nan,0.0,13,64,,True,False,"HTTPConnectionPool(host='gpu06', port=9004): Read timed out.",0,59.56268577710819
397,2026-09-21T07:59:52.783+00:00,2026-09-21T08:04:52.867+00:00,2026-09-21T08:04:54.402+00:00,False,23,22.0,,22.0,300083.60847100004,301618.82997500006,301618.829847,13113.862167260872,0.04212,300083.60847100004,62557.23567145156,308.9775513999999,69.78279563636364,61.226915649839356,0.07293974319117773,13,64,,True,False,Request timeout: 300.0s exceeded,258,59.56268577710819
402,2026-09-21T07:59:54.292+00:00,2026-09-21T08:04:53.197+00:00,2026-09-21T08:04:53.293+00:00,True,2,2.0,,2.0,298905.082839,299000.49147899996,299000.491383,149500.2456915,95.40854399999999,298905.082839,211290.34697813808,283964.59912425,95.40864,nan,0.006688952215787473,13,64,,True,True,,5,59.56268577710819
398,2026-09-21T07:59:54.151+00:00,2026-09-21T08:04:53.202+00:00,2026-09-21T08:04:54.458+00:00,False,23,22.0,,22.0,299050.354861,300306.463149,300306.46314400004,13056.802745391306,0.027190000000000002,299050.354861,62344.40648220094,89.80405409999999,57.095831272727274,17.21434755442764,0.07325849656816903,13,64,,True,False,Request timeout: 300.0s exceeded,66,59.56268577710819
403,2026-09-21T07:59:54.538+00:00,2026-09-21T08:04:53.795+00:00,2026-09-21T08:04:54.632+00:00,False,16,15.0,,15.0,299257.06868,300093.78036000003,300093.78042900003,18755.861276812502,0.02628,299257.06868,74800.32411825562,74871.447002,55.78077866666666,18.538179973738806,0.04998437482444862,13,64,,True,False,Request timeout: 300.0s exceeded,15,59.56268577710819
401,2026-09-21T07:59:54.236+00:00,2026-09-21T08:04:54.837+00:00,2026-09-21T08:04:54.837+00:00,False,1,0.0,,0.0,300601.600834,300601.600834,300601.600834,300601.600834,300601.600834,300601.600834,nan,300601.600834,nan,nan,0.0,13,64,,True,False,"HTTPConnectionPool(host='gpu06', port=9004): Read timed out.",0,59.56268577710819
400,2026-09-21T07:59:54.215+00:00,2026-09-21T08:04:54.866+00:00,2026-09-21T08:04:54.866+00:00,False,1,0.0,,0.0,300650.789533,300650.789533,300650.789533,300650.789533,300650.789533,300650.789533,nan,300650.789533,nan,nan,0.0,13,64,,True,False,"HTTPConnectionPool(host='gpu06', port=9004): Read timed out.",0,59.56268577710819
399,2026-09-21T07:59:54.157+00:00,2026-09-21T08:04:54.866+00:00,2026-09-21T08:04:54.866+00:00,False,1,0.0,,0.0,300708.773999,300708.773999,300708.773999,300708.773999,300708.773999,300708.773999,nan,300708.773999,nan,nan,0.0,13,64,,True,False,"HTTPConnectionPool(host='gpu06', port=9004): Read timed out.",0,59.56268577710819
404,2026-09-21T07:59:54.792+00:00,2026-09-21T08:04:55.157+00:00,2026-09-21T08:04:55.157+00:00,False,1,0.0,,0.0,300365.097935,300365.097935,300365.097935,300365.097935,300365.097935,300365.097935,nan,300365.097935,nan,nan,0.0,13,64,,True,False,"HTTPConnectionPool(host='gpu06', port=9004): Read timed out.",0,59.56268577710819
405,2026-09-21T07:59:55.156+00:00,2026-09-21T08:04:55.330+00:00,2026-09-21T08:04:55.330+00:00,False,1,0.0,,0.0,300173.370882,300173.370882,300173.370882,300173.370882,300173.370882,300173.370882,nan,300173.370882,nan,nan,0.0,13,64,,True,False,"HTTPConnectionPool(host='gpu06', port=9004): Read timed out.",0,59.56268577710819
406,2026-09-21T07:59:55.300+00:00,2026-09-21T08:04:55.551+00:00,2026-09-21T08:04:55.551+00:00,False,1,0.0,,0.0,300251.42305599997,300251.42305599997,300251.42305599997,300251.42305599997,300251.42305599997,300251.42305599997,nan,300251.42305599997,nan,nan,0.0,13,64,,True,False,"HTTPConnectionPool(host='gpu06', port=9004): Read timed out.",0,59.56268577710819
407,2026-09-21T07:59:55.600+00:00,2026-09-21T08:04:55.708+00:00,2026-09-21T08:04:55.708+00:00,False,1,0.0,,0.0,300108.2918,300108.2918,300108.2918,300108.2918,300108.2918,300108.2918,nan,300108.2918,nan,nan,0.0,13,64,,True,False,"HTTPConnectionPool(host='gpu06', port=9004): Read timed out.",0,59.56268577710819
408,2026-09-21T07:59:55.847+00:00,2026-09-21T08:04:55.900+00:00,2026-09-21T08:04:55.900+00:00,False,1,0.0,,0.0,300053.56100700004,300053.56100700004,300053.56100700004,300053.56100700004,300053.56100700004,300053.56100700004,nan,300053.56100700004,nan,nan,0.0,13,64,,True,False,"HTTPConnectionPool(host='gpu06', port=9004): Read timed out.",0,59.56268577710819
409,2026-09-21T07:59:56.176+00:00,2026-09-21T08:04:56.286+00:00,2026-09-21T08:04:56.286+00:00,False,1,0.0,,0.0,300110.34242400003,300110.34242400003,300110.34242400003,300110.34242400003,300110.34242400003,300110.34242400003,nan,300110.34242400003,nan,nan,0.0,13,64,,True,False,"HTTPConnectionPool(host='gpu06', port=9004): Read timed out.",0,59.56268577710819
410,2026-09-21T07:59:56.416+00:00,2026-09-21T08:04:56.522+00:00,2026-09-21T08:04:56.522+00:00,False,1,0.0,,0.0,300105.784389,300105.784389,300105.784389,300105.784389,300105.784389,300105.784389,nan,300105.784389,nan,nan,0.0,13,64,,True,False,"HTTPConnectionPool(host='gpu06', port=9004): Read timed out.",0,59.56268577710819
411,2026-09-21T07:59:56.632+00:00,2026-09-21T08:04:56.739+00:00,2026-09-21T08:04:56.739+00:00,False,1,0.0,,0.0,300107.806476,300107.806476,300107.806476,300107.806476,300107.806476,300107.806476,nan,300107.806476,nan,nan,0.0,13,64,,True,False,"HTTPConnectionPool(host='gpu06', port=9004): Read timed out.",0,59.56268577710819
412,2026-09-21T07:59:56.965+00:00,2026-09-21T08:04:57.069+00:00,2026-09-21T08:04:57.069+00:00,False,1,0.0,,0.0,300103.252607,300103.252607,300103.252607,300103.252607,300103.252607,300103.252607,nan,300103.252607,nan,nan,0.0,13,64,,True,False,"HTTPConnectionPool(host='gpu06', port=9004): Read timed out.",0,59.56268577710819
413,2026-09-21T07:59:57.279+00:00,2026-09-21T08:04:57.358+00:00,2026-09-21T08:04:57.358+00:00,False,1,0.0,,0.0,300078.308862,300078.308862,300078.308862,300078.308862,300078.308862,300078.308862,nan,300078.308862,nan,nan,0.0,13,64,,True,False,TTFT timeout: 300.0s exceeded (TTFT: 300.076s),0,59.56268577710819
414,2026-09-21T07:59:57.505+00:00,2026-09-21T08:04:57.446+00:00,2026-09-21T08:04:57.584+00:00,False,4,3.0,,3.0,299941.404096,300079.080128,300079.080098,75019.7700245,0.02488,299941.404096,149947.7600961372,254962.85718435,45.892010666666664,42.67529267307674,0.009997364690402069,13,64,,True,False,Request timeout: 300.0s exceeded,33,59.56268577710819
415,2026-09-21T07:59:57.750+00:00,2026-09-21T08:04:57.853+00:00,2026-09-21T08:04:57.853+00:00,False,1,0.0,,0.0,300103.61977999995,300103.61977999995,300103.61977999995,300103.61977999995,300103.61977999995,300103.61977999995,nan,300103.61977999995,nan,nan,0.0,13,64,,True,False,"HTTPConnectionPool(host='gpu06', port=9004): Read timed out.",0,59.56268577710819
416,2026-09-21T07:59:58.101+00:00,2026-09-21T08:04:58.197+00:00,2026-09-21T08:04:58.197+00:00,False,1,0.0,,0.0,300096.37060799997,300096.37060799997,300096.37060799997,300096.37060799997,300096.37060799997,300096.37060799997,nan,300096.37060799997,nan,nan,0.0,13,64,,True,False,TTFT timeout: 300.0s exceeded (TTFT: 300.091s),0,59.56268577710819
417,2026-09-21T07:59:58.394+00:00,2026-09-21T08:04:58.506+00:00,2026-09-21T08:04:58.506+00:00,False,1,0.0,,0.0,300112.249253,300112.249253,300112.249253,300112.249253,300112.249253,300112.249253,nan,300112.249253,nan,nan,0.0,13,64,,True,False,"HTTPConnectionPool(host='gpu06', port=9004): Read timed out.",0,59.56268577710819
418,2026-09-21T07:59:58.731+00:00,2026-09-21T08:04:58.791+00:00,2026-09-21T08:04:58.791+00:00,False,1,0.0,,0.0,300059.97508600005,300059.97508600005,300059.97508600005,300059.97508600005,300059.97508600005,300059.97508600005,nan,300059.97508600005,nan,nan,0.0,13,64,,True,False,"HTTPConnectionPool(host='gpu06', port=9004): Read timed out.",0,59.56268577710819
419,2026-09-21T07:59:59.076+00:00,2026-09-21T08:04:59.070+00:00,2026-09-21T08:04:59.213+00:00,True,2,2.0,,2.0,299993.60954900004,300137.00206100004,300137.00196,150068.50098,143.39241099999998,299993.60954900004,212026.12187853857,285001.09869210003,143.392512,nan,0.006663623566125708,13,64,,True,True,,11,59.56268577710819
420,2026-09-21T07:59:59.391+00:00,2026-09-21T08:04:59.374+00:00,2026-09-21T08:04:59.433+00:00,False,3,2.0,,2.0,299983.67325199995,300042.53917199996,300042.539159,100014.17971966664,0.04233,299983.67325199995,173178.6638748901,269991.1882844999,29.43296,41.56475483191017,0.006665721485757378,13,64,,True,False,Request timeout: 300.0s exceeded,6,59.56268577710819
421,2026-09-21T07:59:59.666+00:00,2026-09-21T08:04:59.778+00:00,2026-09-21T08:04:59.778+00:00,False,1,0.0,,0.0,300112.038934,300112.038934,300112.038934,300112.038934,300112.038934,300112.038934,nan,300112.038934,nan,nan,0.0,13,64,,True,False,"HTTPConnectionPool(host='gpu06', port=9004): Read timed out.",0,59.56268577710819
422,2026-09-21T07:59:59.885+00:00,2026-09-21T08:04:59.996+00:00,2026-09-21T08:04:59.996+00:00,False,1,0.0,,0.0,300111.708481,300111.708481,300111.708481,300111.708481,300111.708481,300111.708481,nan,300111.708481,nan,nan,0.0,13,64,,True,False,"HTTPConnectionPool(host='gpu06', port=9004): Read timed out.",0,59.56268577710819
423,2026-09-21T08:00:00.097+00:00,2026-09-21T08:05:00.137+00:00,2026-09-21T08:05:00.137+00:00,False,1,0.0,,0.0,300039.951064,300039.951064,300039.951064,300039.951064,300039.951064,300039.951064,nan,300039.951064,nan,nan,0.0,13,64,,True,False,"HTTPConnectionPool(host='gpu06', port=9004): Read timed out.",0,59.56268577710819
424,2026-09-21T08:00:00.453+00:00,2026-09-21T08:05:00.558+00:00,2026-09-21T08:05:00.558+00:00,False,1,0.0,,0.0,300105.080837,300105.080837,300105.080837,300105.080837,300105.080837,300105.080837,nan,300105.080837,nan,nan,0.0,13,64,,True,False,"HTTPConnectionPool(host='gpu06', port=9004): Read timed out.",0,59.56268577710819
425,2026-09-21T08:00:00.703+00:00,2026-09-21T08:05:00.809+00:00,2026-09-21T08:05:00.809+00:00,False,1,0.0,,0.0,300105.73369,300105.73369,300105.73369,300105.73369,300105.73369,300105.73369,nan,300105.73369,nan,nan,0.0,13,64,,True,False,"HTTPConnectionPool(host='gpu06', port=9004): Read timed out.",0,59.56268577710819
427,2026-09-21T08:00:01.262+00:00,2026-09-21T08:05:01.168+00:00,2026-09-21T08:05:02.968+00:00,False,29,28.0,,28.0,299905.618999,301706.090295,301706.09013799997,10403.65828062069,0.02852,299905.618999,55679.14562396449,174.97255280000002,64.30254628571429,35.58428434372237,0.09280555116611124,13,64,,True,False,Request timeout: 300.0s exceeded,196,59.56268577710819
426,2026-09-21T08:00:01.062+00:00,2026-09-21T08:05:01.168+00:00,2026-09-21T08:05:02.907+00:00,False,28,27.0,,27.0,300106.270316,301844.74276399997,301844.742819,10780.169386392856,0.024480000000000002,300106.270316,56702.59704188,179.62393045000002,64.38786844444445,36.07759263321547,0.08944995944855727,13,64,,True,False,Request timeout: 300.0s exceeded,125,59.56268577710819
428,2026-09-21T08:00:01.484+00:00,2026-09-21T08:05:01.488+00:00,2026-09-21T08:05:03.026+00:00,False,28,27.0,,27.0,300003.80290899996,301541.72342099994,301541.72353499994,10769.347269107142,0.03211,300003.80290899996,56684.62787352169,101.37554505,56.96001896296296,17.737779572712096,0.08953984773212868,13,64,,True,False,Request timeout: 300.0s exceeded,55,59.56268577710819
429,2026-09-21T08:00:01.698+00:00,2026-09-21T08:05:02.174+00:00,2026-09-21T08:05:03.069+00:00,False,18,17.0,,17.0,300475.324808,301370.653576,301370.653573,16742.814087388888,0.03753,300475.324808,70810.3011467235,45128.82518780001,52.66639811764706,14.950518699222586,0.0564089429354903,13,64,,True,False,Request timeout: 300.0s exceeded,35,59.56268577710819
430,2026-09-21T08:00:01.941+00:00,2026-09-21T08:05:02.461+00:00,2026-09-21T08:05:03.068+00:00,False,13,12.0,,12.0,300519.84888,301127.81304,301127.813212,23163.677939384615,0.04407,300519.84888,83335.15970096011,120252.805527,50.66368,17.632290169071847,0.039850188127278675,13,64,,True,False,Request timeout: 300.0s exceeded,46,59.56268577710819
0,2026-09-21T07:58:02.114+00:00,2026-09-21T07:58:02.255+00:00,2026-09-21T07:58:03.240+00:00,True,23,23.0,,23.0,140.86518900000002,1125.490341,1125.490255,48.934358913043475,0.01868,238.174736,53.724989714117804,136.99014380000003,44.75568872727273,51.020448256812685,20.435537438343953,14,64,,False,True,,53,59.56268577710819
2,2026-09-21T07:58:02.748+00:00,2026-09-21T07:58:03.488+00:00,2026-09-21T07:58:05.039+00:00,True,27,27.0,,27.0,740.5159,2290.717244,2290.717395,84.841385,38.520753,740.5159,131.47507848852783,81.8739937,59.623128615384616,10.92530507892016,11.786701335889537,14,64,,False,True,,84,59.56268577710819
3,2026-09-21T07:58:03.113+00:00,2026-09-21T07:58:03.493+00:00,2026-09-21T07:58:05.399+00:00,True,33,33.0,,33.0,380.112485,2286.231141,2286.231064,69.27972921212121,42.299733,380.112485,56.588819435927405,77.1852454,59.566208,9.566642136321976,14.434236070096466,14,64,,False,True,,33,59.56268577710819
1,2026-09-21T07:58:02.493+00:00,2026-09-21T07:58:04.761+00:00,2026-09-21T07:58:06.612+00:00,True,29,29.0,,29.0,2268.5012930000003,4119.5044290000005,4119.504578,142.051882,44.561343,2268.5012930000003,409.1147359311543,92.0226742,66.10725485714286,10.915140253684864,7.039681714103576,14,64,,False,True,,306,59.56268577710819
5,2026-09-21T07:58:03.800+00:00,2026-09-21T07:58:07.605+00:00,2026-09-21T07:58:07.911+00:00,True,6,6.0,,6.0,3804.861562,4111.123834,4111.123884,685.187314,51.596576,3804.861562,1528.356391808503,2872.43632575,61.2524544,11.460817259847955,1.459454942801414,14,64,,False,True,,12,59.56268577710819
4,2026-09-21T07:58:03.401+00:00,2026-09-21T07:58:08.182+00:00,2026-09-21T07:58:08.808+00:00,True,11,11.0,,11.0,4780.737669,5406.9233970000005,5406.923374,491.5384885454545,45.405555,4780.737669,1422.5933820470339,2427.9396685,62.618572799999995,9.230059452051275,2.03442867455886,14,64,,False,True,,11,59.56268577710819
6,2026-09-21T07:58:04.057+00:00,2026-09-21T07:58:10.055+00:00,2026-09-21T07:58:12.689+00:00,True,42,42.0,,42.0,5997.592258000001,8631.97357,8631.973792,205.52318552380953,41.350744,5997.592258000001,915.6028065889052,77.6597935,64.25320273170732,11.35657181859464,4.8656312092948175,14,64,,False,True,,228,59.56268577710819
7,2026-09-21T07:58:04.339+00:00,2026-09-21T07:58:11.534+00:00,2026-09-21T07:58:16.489+00:00,True,80,80.0,,80.0,7194.761364,12150.033044,12150.032918,151.875411475,0.01771,7194.761364,798.6133453966345,80.27415855,62.72495797468355,44.54322283560271,6.584344232669068,14,64,,False,True,,279,59.56268577710819
8,2026-09-21T07:58:04.602+00:00,2026-09-21T07:58:13.125+00:00,2026-09-21T07:58:14.153+00:00,True,18,18.0,,18.0,8522.812700999999,9551.141149,9551.141328,530.6189626666666,0.02355,8522.812700999999,1994.7493253989287,1360.5086406499997,60.48990870588236,26.10033814483775,1.8845915602330505,14,64,,False,True,,36,59.56268577710819
9,2026-09-21T07:58:04.849+00:00,2026-09-21T07:58:14.099+00:00,2026-09-21T07:58:15.933+00:00,True,32,32.0,,32.0,9249.759735,11084.409335,11084.409276,346.387789875,40.675474,9249.759735,1624.7117212504797,81.31893394999999,59.182245161290325,10.333945232129961,2.886937772945391,14,64,,False,True,,156,59.56268577710819
10,2026-09-21T07:58:05.238+00:00,2026-09-21T07:58:16.811+00:00,2026-09-21T07:58:22.529+00:00,True,91,91.0,,91.0,11573.300831,17290.787167000002,17290.787284,190.00865147252748,32.698223,11573.300831,1206.6052462698394,78.298773,63.52762595555556,11.391166998386236,5.26291828828223,14,64,,False,True,,637,59.56268577710819
11,2026-09-21T07:58:05.587+00:00,2026-09-21T07:58:18.795+00:00,2026-09-21T07:58:18.856+00:00,True,2,2.0,,2.0,13207.902024,13269.2258,13269.22592,6634.61296,61.323896,13207.902024,9296.034543707548,12550.573117600003,61.323776,nan,0.15072469412646516,14,64,,False,True,,16,59.56268577710819
12,2026-09-21T07:58:05.841+00:00,2026-09-21T07:58:20.253+00:00,2026-09-21T07:58:24.374+00:00,True,64,64.0,,64.0,14412.401317,18533.053605,18533.053835,289.578966171875,0.0,14412.401317,1794.9065271178513,100.5072882,65.40717917460317,74.74530844115105,3.4532895314527963,14,64,,False,True,,280,59.56268577710819
13,2026-09-21T07:58:06.221+00:00,2026-09-21T07:58:22.002+00:00,2026-09-21T07:58:23.341+00:00,True,20,20.0,,20.0,15781.577164,17120.362956,17120.362783,856.01813915,0.01569,15781.577164,3514.9204513479217,1292.32084295,70.46241010526316,115.8253393257668,1.1681995324165018,14,64,,False,True,,100,59.56268577710819
14,2026-09-21T07:58:06.441+00:00,2026-09-21T07:58:23.297+00:00,2026-09-21T07:58:27.869+00:00,True,78,78.0,,78.0,16855.923662999998,21427.307727,21427.307738,274.70907356410254,0.0,16855.923662999998,1902.9601634841674,78.51642014999999,59.36862420779221,65.8482082613469,3.640214673433481,14,64,,False,True,,884,59.56268577710819
15,2026-09-21T07:58:06.823+00:00,2026-09-21T07:58:25.180+00:00,2026-09-21T07:58:28.625+00:00,True,57,57.0,,57.0,18357.331105999998,21802.279329999998,21802.279382999997,382.49612952631577,0.0,18357.331105999998,2423.920850149237,79.32574679999999,61.516932571428576,53.55162010975773,2.614405546192954,14,64,,False,True,,171,59.56268577710819
16,2026-09-21T07:58:07.170+00:00,2026-09-21T07:58:26.985+00:00,2026-09-21T07:58:28.240+00:00,True,22,22.0,,22.0,19815.313247000002,21069.500255000003,21069.500207,957.7045548636364,39.122724000000005,19815.313247000002,4211.9209309699845,79.69771650000001,59.72319085714286,11.510171855732416,1.0441633514672082,14,64,,False,True,,88,59.56268577710819
17,2026-09-21T07:58:07.571+00:00,2026-09-21T07:58:29.434+00:00,2026-09-21T07:58:34.195+00:00,True,75,75.0,,75.0,21862.65909,26624.536338,26624.536285000002,354.9938171333333,0.0,21862.65909,2518.56400887489,82.647029,64.34969254054054,87.8544336075565,2.8169504643337535,14,64,,False,True,,675,59.56268577710819
18,2026-09-21T07:58:07.824+00:00,2026-09-21T07:58:30.914+00:00,2026-09-21T07:58:36.439+00:00,True,93,93.0,,93.0,23089.836078,28615.181358,28615.181422,307.6901228172043,0.0,23089.836078,2389.4869087855336,79.419522,60.058100869565216,82.53032903440338,3.2500230851760725,14,64,,False,True,,370,59.56268577710819
19,2026-09-21T07:58:08.109+00:00,2026-09-21T07:58:32.098+00:00,2026-09-21T07:58:37.070+00:00,True,79,79.0,,79.0,23989.408851,28960.606291,28960.606167,366.58995148101263,0.0,23989.408851,2693.3932749418045,88.7060682,63.73330051282051,91.78968245287658,2.7278434438214987,14,64,,False,True,,304,59.56268577710819
20,2026-09-21T07:58:08.512+00:00,2026-09-21T07:58:34.006+00:00,2026-09-21T07:58:37.324+00:00,True,53,53.0,,53.0,25493.857767,28811.502567000003,28811.502621,543.613257,0.0,25493.857767,3493.907228794941,82.02113659999999,63.80086153846154,76.44345236768586,1.8395430740465761,14,64,,False,True,,61,59.56268577710819
21,2026-09-21T07:58:08.818+00:00,2026-09-21T07:58:35.614+00:00,2026-09-21T07:58:35.788+00:00,True,4,4.0,,4.0,26795.776662,26970.40527,26970.40535,6742.6013375,54.346796000000005,26795.776662,13368.784276412885,22786.06692975,58.209536,5.398770501381958,0.14831071168401466,14,64,,False,True,,9,59.56268577710819
22,2026-09-21T07:58:09.175+00:00,2026-09-21T07:58:37.187+00:00,2026-09-21T07:58:42.563+00:00,True,86,86.0,,86.0,28011.513238000003,33387.751574,33387.751626000005,388.22967006976745,0.0,28011.513238000003,3014.4317822425987,75.84065225,63.249862776470586,65.01906690815535,2.5757948932078034,14,64,,False,True,,0,59.56268577710819
23,2026-09-21T07:58:09.472+00:00,2026-09-21T07:58:38.649+00:00,2026-09-21T07:58:41.691+00:00,True,49,49.0,,49.0,29177.115409,32219.222801000004,32219.222655,657.5351562244898,0.0,29177.115409,4160.001859571879,77.72516599999999,63.37723733333333,87.26951461258851,1.5208312224861975,14,64,,False,True,,441,59.56268577710819
24,2026-09-21T07:58:09.875+00:00,2026-09-21T07:58:41.200+00:00,2026-09-21T07:58:46.487+00:00,True,82,82.0,,82.0,31324.853822999998,36612.436031,36612.436001999995,446.4931219756097,0.0,31324.853822999998,3453.815725812909,78.40415549999999,65.27879269135802,111.34716761874124,2.239676156226536,14,64,,False,True,,388,59.56268577710819
25,2026-09-21T07:58:10.116+00:00,2026-09-21T07:58:42.432+00:00,2026-09-21T07:58:45.764+00:00,True,53,53.0,,53.0,32316.145065,35647.616681,35647.616601,672.5965396415095,0.0156,32316.145065,4431.16977206967,91.4741618,64.06676184615385,95.34287165315128,1.4867754126252353,14,64,,False,True,,226,59.56268577710819
26,2026-09-21T07:58:10.467+00:00,2026-09-21T07:58:44.016+00:00,2026-09-21T07:58:47.058+00:00,True,49,49.0,,49.0,33549.886223,36591.390991,36591.390859,746.763078755102,0.0,33549.886223,4784.868954507744,81.3761586,63.36468266666667,102.7405315151395,1.339112798746897,14,64,,False,True,,103,59.56268577710819
27,2026-09-21T07:58:10.800+00:00,2026-09-21T07:58:45.761+00:00,2026-09-21T07:58:52.103+00:00,True,100,100.0,,100.0,34961.247468999994,41302.92298899999,41302.92311799999,413.02923117999995,0.0,34961.247468999994,3490.4259032070954,80.376445,64.05732848484848,70.60125866147403,2.421136151226695,14,64,,False,True,,202,59.56268577710819
28,2026-09-21T07:58:11.118+00:00,2026-09-21T07:58:47.504+00:00,2026-09-21T07:58:48.292+00:00,True,13,13.0,,13.0,36386.316747000004,37174.196171,37174.196069000005,2859.553543769231,52.967926,36386.316747000004,10073.54194171568,14601.952341600003,65.65661866666666,8.502520066074842,0.3497049388828868,14,64,,False,True,,54,59.56268577710819
29,2026-09-21T07:58:11.364+00:00,2026-09-21T07:58:48.678+00:00,2026-09-21T07:58:53.748+00:00,True,77,77.0,,77.0,37313.909994,42383.736298,42383.736341,550.4381342987014,0.0,37313.909994,4246.702298877456,80.63140100000001,66.70824084210527,130.84637504922418,1.816734595048749,14,64,,False,True,,154,59.56268577710819
30,2026-09-21T07:58:11.662+00:00,2026-09-21T07:58:50.023+00:00,2026-09-21T07:58:55.075+00:00,True,81,81.0,,81.0,38361.808012999994,43413.214604999994,43413.214776999994,535.9656145308642,0.0,38361.808012999994,4257.114531544962,88.40111999999999,63.1425824,121.31391929360178,1.8657913434189934,14,64,,False,True,,636,59.56268577710819
31,2026-09-21T07:58:11.934+00:00,2026-09-21T07:58:51.525+00:00,2026-09-21T07:58:57.566+00:00,True,96,96.0,,96.0,39591.045380999996,45631.730949,45631.731078,475.33053206249997,0.0,39591.045380999996,4035.808401402732,80.505728,63.586163873684214,112.579740625453,2.103799220487467,14,64,,False,True,,218,59.56268577710819
32,2026-09-21T07:58:12.315+00:00,2026-09-21T07:58:53.660+00:00,2026-09-21T07:58:56.331+00:00,True,50,50.0,,50.0,41345.109053,44015.734845,44015.734730000004,880.3146946,0.0,41345.109053,5839.41179199088,74.8177875,54.50256718367347,21.346968176724815,1.1359574065064095,14,64,,False,True,,10,59.56268577710819
33,2026-09-21T07:58:12.652+00:00,2026-09-21T07:58:55.374+00:00,2026-09-21T07:59:01.638+00:00,True,99,99.0,,99.0,42721.537326,48985.637678,48985.637736,494.80442157575754,0.0,42721.537326,4288.181410847486,80.10761589999998,63.919391346938774,89.73860716045596,2.021000535927738,14,64,,False,True,,396,59.56268577710819
34,2026-09-21T07:58:13.129+00:00,2026-09-21T07:58:56.759+00:00,2026-09-21T07:59:01.265+00:00,True,66,66.0,,66.0,43630.16606,48135.697452,48135.697508000005,729.3287501212121,0.0,43630.16606,5363.052830000143,79.247673,69.31586756923076,108.60410813132164,1.3711237915647516,14,64,,False,True,,66,59.56268577710819
35,2026-09-21T07:58:13.364+00:00,2026-09-21T07:58:59.178+00:00,2026-09-21T07:59:05.666+00:00,True,91,91.0,,91.0,45813.938427,52301.780219,52301.78014,574.7448367032968,0.0,45813.938427,4796.883234423602,86.54864450000001,72.08713102222222,133.38812586213658,1.7399025352284634,14,64,,False,True,,182,59.56268577710819
36,2026-09-21T07:58:13.593+00:00,2026-09-21T07:59:00.326+00:00,2026-09-21T07:59:03.000+00:00,True,44,44.0,,44.0,46733.112253,49407.060413,49407.06039,1122.8877361363636,0.0,46733.112253,7037.179540360186,93.48246850000001,62.18484093023255,135.40460544713576,0.8905609771599103,14,64,,False,True,,258,59.56268577710819
37,2026-09-21T07:58:13.962+00:00,2026-09-21T07:59:02.251+00:00,2026-09-21T07:59:03.399+00:00,True,20,20.0,,20.0,48289.633934,49436.905613999996,49436.905513,2471.84527565,31.886344,48289.633934,10784.395227102377,2497.93449325,60.38272,12.446226506017387,0.40455606498025265,14,64,,False,True,,20,59.56268577710819
38,2026-09-21T07:58:14.254+00:00,2026-09-21T07:59:03.894+00:00,2026-09-21T07:59:08.522+00:00,True,75,75.0,,75.0,49639.786974,54268.356062000006,54268.356095,723.5780812666667,0.015179999999999999,49639.786974,5725.599705157546,78.81691,62.548230918918925,102.95897453403714,1.3820208578700024,14,64,,False,True,,75,59.56268577710819
39,2026-09-21T07:58:14.541+00:00,2026-09-21T07:59:05.690+00:00,2026-09-21T07:59:07.209+00:00,True,30,30.0,,30.0,51149.435401,52668.297737,52668.297598000005,1755.6099199333335,0.01781,51149.435401,9329.045178245722,88.5649995,52.37456331034483,28.112262734594463,0.569602612748289,14,64,,False,True,,90,59.56268577710819
40,2026-09-21T07:58:14.807+00:00,2026-09-21T07:59:06.673+00:00,2026-09-21T07:59:11.606+00:00,True,79,79.0,,79.0,51865.669445,56799.012933,56799.012867,718.9748464177216,0.0,51865.669445,5829.421597631304,86.25775710000002,63.247993435897435,118.73525804549271,1.3908692408649468,14,64,,False,True,,237,59.56268577710819
41,2026-09-21T07:58:15.199+00:00,2026-09-21T07:59:08.748+00:00,2026-09-21T07:59:10.334+00:00,True,23,23.0,,23.0,53549.5927,55134.81254,55134.812685000004,2397.1657689130434,0.0,53549.5927,11152.95455116397,959.7525459999998,72.05544727272726,222.41942603840278,0.4171593035400933,14,64,,False,True,,191,59.56268577710819
42,2026-09-21T07:58:15.523+00:00,2026-09-21T07:59:10.474+00:00,2026-09-21T07:59:15.776+00:00,True,84,84.0,,84.0,54950.244395,60252.729899,60252.730083,717.29440575,11.647891,54950.244395,5988.606519149949,79.51327265,63.88536751807229,12.927235412219723,1.3941277041024847,14,64,,False,True,,909,59.56268577710819
43,2026-09-21T07:58:15.915+00:00,2026-09-21T07:59:12.999+00:00,2026-09-21T07:59:19.302+00:00,True,83,83.0,,83.0,57083.642586999995,63386.374362999995,63386.374271999994,763.6912562891565,41.431124000000004,57083.642586999995,6258.32456648941,80.4525509,76.86258263414635,113.54488515825942,1.3094296816012387,14,64,,False,True,,164,59.56268577710819
44,2026-09-21T07:58:16.282+00:00,2026-09-21T07:59:14.717+00:00,2026-09-21T07:59:19.396+00:00,True,68,68.0,,68.0,58435.121861,63113.882821,63113.882852,928.1453360588235,0.01678,58435.121861,7079.196420568711,79.54821349999999,69.83225313432837,140.08287222168343,1.0774174707783029,14,64,,False,True,,434,59.56268577710819
45,2026-09-21T07:58:16.544+00:00,2026-09-21T07:59:16.052+00:00,2026-09-21T07:59:19.317+00:00,True,37,37.0,,37.0,59507.940840999996,62772.643817,62772.643937999994,1696.5579442702701,46.898024,59507.940840999996,9769.643404736218,284.628753,90.68619377777777,174.01986331134137,0.589428734400059,14,64,,False,True,,74,59.56268577710819
46,2026-09-21T07:58:16.817+00:00,2026-09-21T07:59:17.643+00:00,2026-09-21T07:59:19.510+00:00,True,20,20.0,,20.0,60826.223953,62693.294161,62693.294227,3134.66471135,0.01685,60826.223953,13582.139532142251,4269.26904145,98.26685305263157,291.0933618883217,0.3190133852057422,14,64,,False,True,,24,59.56268577710819
47,2026-09-21T07:58:17.065+00:00,2026-09-21T07:59:19.307+00:00,2026-09-21T07:59:25.283+00:00,True,100,100.0,,100.0,62242.685953,68218.742785,68218.742929,682.18742929,0.0,62242.685953,6219.203340593458,150.15355259999998,60.36421042424242,110.46300860896237,1.4658728073480138,14,64,,False,True,,548,59.56268577710819
48,2026-09-21T07:58:17.433+00:00,2026-09-21T07:59:21.324+00:00,2026-09-21T07:59:26.697+00:00,True,93,93.0,,93.0,63891.211223,69263.957719,69263.957755,744.7737393010752,0.0,63891.211223,6619.1859269641745,77.82035300000001,58.39941843478261,20.594167737773766,1.3426896623103142,14,64,,False,True,,278,59.56268577710819
49,2026-09-21T07:58:17.791+00:00,2026-09-21T07:59:22.834+00:00,2026-09-21T07:59:26.073+00:00,True,51,51.0,,51.0,65043.046128,68282.538992,68282.538963,1338.873313,37.876884,65043.046128,9098.781101341092,80.53231749999999,64.78985728,9.907516040936999,0.7468966554681743,14,64,,False,True,,201,59.56268577710819
50,2026-09-21T07:58:18.180+00:00,2026-09-21T07:59:24.962+00:00,2026-09-21T07:59:29.031+00:00,True,64,64.0,,64.0,66781.487495,70851.16173499999,70851.161712,1107.04940175,45.280303999999994,66781.487495,8339.616096501533,80.5622475,64.5980038095238,9.122360227437222,0.9033020550795632,14,64,,False,True,,444,59.56268577710819
51,2026-09-21T07:58:18.486+00:00,2026-09-21T07:59:26.513+00:00,2026-09-21T07:59:30.229+00:00,True,59,59.0,,59.0,68027.41478,71742.627324,71742.62732700001,1215.9767343559324,43.641814,68027.41478,8848.080449311869,79.384231,64.05538868965517,9.203007168345474,0.8223841557063074,14,64,,False,True,,118,59.56268577710819
52,2026-09-21T07:58:18.825+00:00,2026-09-21T07:59:28.313+00:00,2026-09-21T07:59:28.559+00:00,True,5,5.0,,5.0,69488.39135199999,69733.772984,69733.77295399999,13946.754590799997,52.794805000000004,69488.39135199999,31048.71936226716,55604.3486008,61.345408,6.5449742250925125,0.07170126878330849,14,64,,False,True,,17,59.56268577710819
53,2026-09-21T07:58:19.119+00:00,2026-09-21T07:59:29.848+00:00,2026-09-21T07:59:35.093+00:00,True,82,82.0,,82.0,70728.905797,75973.766725,75973.766749,926.509350597561,0.0,70728.905797,7805.972950416466,83.3421305,64.75136948148149,195.67155501287723,1.0793199223202001,14,64,,False,True,,981,59.56268577710819
54,2026-09-21T07:58:19.469+00:00,2026-09-21T07:59:32.828+00:00,2026-09-21T07:59:34.751+00:00,True,31,31.0,,31.0,73359.001242,75282.614938,75282.614922,2428.471449096774,0.0,73359.001242,13165.817482617613,628.0249905,64.12045653333332,213.16773642055736,0.4117816580299511,14,64,,False,True,,232,59.56268577710819
55,2026-09-21T07:58:19.828+00:00,2026-09-21T07:59:33.326+00:00,2026-09-21T07:59:35.397+00:00,True,32,32.0,,32.0,73498.201399,75569.429047,75569.429021,2361.54465690625,0.01896,73498.201399,12983.399297460672,753.58902975,66.81379509677419,255.92726485121526,0.42345165768154436,14,64,,False,True,,39,59.56268577710819
56,2026-09-21T07:58:20.078+00:00,2026-09-21T07:59:34.860+00:00,2026-09-21T07:59:38.310+00:00,True,55,55.0,,55.0,74781.76223800001,78231.14079800001,78231.140702,1422.3843764000003,0.02017,74781.76223800001,10075.091693257586,202.31830430000002,63.87738074074074,52.48062785865137,0.703044841721215,14,64,,False,True,,165,59.56268577710819
57,2026-09-21T07:58:20.374+00:00,2026-09-21T07:59:36.677+00:00,2026-09-21T07:59:42.388+00:00,True,91,91.0,,91.0,76303.49390700001,82013.96968300002,82013.96971900002,901.2524144945056,5.326899999999999,76303.49390700001,7992.144463047531,78.2962615,63.449730844444446,16.200379671340283,1.1095670695094109,14,64,,False,True,,136,59.56268577710819
58,2026-09-21T07:58:20.620+00:00,2026-09-21T07:59:37.707+00:00,2026-09-21T07:59:43.622+00:00,True,94,94.0,,94.0,77086.870903,83002.64895100001,83002.649003,883.0069042872341,42.296803999999995,77086.870903,7944.3509681152955,78.48307485000001,63.61051664516129,11.508578193655982,1.1324939768547893,14,64,,False,True,,94,59.56268577710819
59,2026-09-21T07:58:20.907+00:00,2026-09-21T07:59:39.425+00:00,2026-09-21T07:59:42.538+00:00,True,50,50.0,,50.0,78517.477504,81631.16147199999,81631.161618,1632.62323236,42.969764000000005,78517.477504,11095.06675497113,79.294715,63.54457077551021,10.809124541348023,0.612511191784896,14,64,,False,True,,99,59.56268577710819
60,2026-09-21T07:58:21.216+00:00,2026-09-21T07:59:41.026+00:00,2026-09-21T07:59:46.960+00:00,True,78,78.0,,78.0,79809.819823,85743.911855,85743.911734,1099.2809196666667,0.0,79809.819823,9029.960833572883,82.011525,77.06613028571428,191.4908031966007,0.9096855778157686,14,64,,False,True,,312,59.56268577710819
61,2026-09-21T07:58:21.522+00:00,2026-09-21T07:59:42.461+00:00,2026-09-21T07:59:44.503+00:00,True,32,32.0,,32.0,80938.461197,82980.925709,82980.925796,2593.153931125,43.729954,80938.461197,14296.39285475618,94.55768435000002,65.885952,13.603510519417396,0.38563079077014106,14,64,,False,True,,65,59.56268577710819
62,2026-09-21T07:58:21.843+00:00,2026-09-21T07:59:44.132+00:00,2026-09-21T07:59:47.351+00:00,True,52,52.0,,52.0,82289.345061,85508.183845,85508.183864,1644.3881512307692,0.0,82289.345061,11405.240336692386,74.72099899999999,63.114485960784314,241.8281439945079,0.6081289259313469,14,64,,False,True,,211,59.56268577710819
63,2026-09-21T07:58:22.219+00:00,2026-09-21T07:59:46.978+00:00,2026-09-21T07:59:49.909+00:00,True,60,60.0,,60.0,84759.159412,87689.99794,87689.99811999999,1461.4999686666665,0.0,84759.159412,10935.982200286555,76.3883655,49.6752292881356,27.832513266729762,0.68422854840359,14,64,,False,True,,180,59.56268577710819
64,2026-09-21T07:58:22.597+00:00,2026-09-21T07:59:47.842+00:00,2026-09-21T07:59:50.784+00:00,True,48,48.0,,48.0,85244.886849,88187.203905,88187.203908,1837.23341475,41.311184000000004,85244.886849,12295.007522152922,78.22116799999999,62.602490553191494,9.798070161569234,0.5442966538740494,14,64,,False,True,,562,59.56268577710819
65,2026-09-21T07:58:23.264+00:00,2026-09-21T07:59:50.898+00:00,2026-09-21T07:59:51.313+00:00,True,7,7.0,,7.0,87634.60368799999,88049.18058399999,88049.18045399999,12578.454350571426,57.730824999999996,87634.60368799999,33096.65163455381,61366.96984669999,69.09614933333333,7.540026010537488,0.07950102378660884,14,64,,False,True,,35,59.56268577710819
66,2026-09-21T07:58:23.295+00:00,2026-09-21T07:59:50.974+00:00,2026-09-21T07:59:55.593+00:00,True,73,73.0,,73.0,87678.587521,92298.209921,92298.20999799999,1264.359041068493,0.01777,87678.587521,10255.924138792403,166.6552468,64.16142222222223,172.5337786635242,0.7909145807105279,14,64,,False,True,,221,59.56268577710819
67,2026-09-21T07:58:23.522+00:00,2026-09-21T07:59:52.593+00:00,2026-09-21T07:59:54.209+00:00,True,19,19.0,,19.0,89071.075891,90686.796339,90686.796263,4772.989277,0.01564,89071.075891,20416.47191962958,10230.4043632,89.76224711111111,345.33668584168237,0.209512307932627,14,64,,False,True,,130,59.56268577710819
68,2026-09-21T07:58:23.890+00:00,2026-09-21T07:59:54.431+00:00,2026-09-21T07:59:59.877+00:00,True,91,91.0,,91.0,90541.112644,95987.329348,95987.329443,1054.805818054945,0.01848,90541.112644,9485.025326074485,89.10127800000001,60.51351893333333,39.496041391011694,0.9480417948715028,14,64,,False,True,,446,59.56268577710819
69,2026-09-21T07:58:24.155+00:00,2026-09-21T07:59:56.039+00:00,2026-09-21T07:59:59.605+00:00,True,58,58.0,,58.0,91884.204368,95449.786192,95449.78627200001,1645.6859702068966,41.834494,91884.204368,12056.77857247753,80.8863235,62.5540670877193,11.310767310798,0.6076493443718284,14,64,,False,True,,119,59.56268577710819
70,2026-09-21T07:58:24.556+00:00,2026-09-21T07:59:57.845+00:00,2026-09-21T08:00:02.910+00:00,True,77,77.0,,77.0,93289.394635,98354.23354700001,98354.23338,1277.3277062337663,0.0,93289.394635,10625.917125269983,79.2951932,66.6426172631579,217.58134900273265,0.782884449637894,14,64,,False,True,,382,59.56268577710819
71,2026-09-21T07:58:24.856+00:00,2026-09-21T07:59:59.541+00:00,2026-09-21T08:00:02.889+00:00,True,25,25.0,,25.0,94684.190533,98032.131653,98032.131668,3921.28526672,48.321563999999995,94684.190533,18912.515599392194,1538.6582098,139.49754666666666,375.72524915186705,0.2550184269020222,14,64,,False,True,,31,59.56268577710819
72,2026-09-21T07:58:25.210+00:00,2026-09-21T08:00:02.876+00:00,2026-09-21T08:00:03.789+00:00,True,40,40.0,,40.0,97666.22317900001,98579.06823500001,98579.06820000001,2464.476705,0.0,97666.22317900001,15438.714535380048,75.9127795,23.406283487179486,30.631300223531547,0.4057656530557285,14,64,,False,True,,180,59.56268577710819
73,2026-09-21T07:58:25.513+00:00,2026-09-21T08:00:02.921+00:00,2026-09-21T08:00:04.753+00:00,True,30,30.0,,30.0,97408.000612,99239.60202,99239.602064,3307.9867354666667,42.543654000000004,97408.000612,17772.6580010436,76.50108449999999,63.158669241379314,10.040535975551055,0.3022986730030822,14,64,,False,True,,90,59.56268577710819
74,2026-09-21T07:58:25.897+00:00,2026-09-21T08:00:04.837+00:00,2026-09-21T08:00:07.369+00:00,True,41,41.0,,41.0,98940.63540099999,101472.237065,101472.23693399999,2474.9326081463414,47.570084,98940.63540099999,15442.049280311478,77.017807,63.2900416,8.515915955096679,0.40405140544735074,14,64,,False,True,,41,59.56268577710819
75,2026-09-21T07:58:26.242+00:00,2026-09-21T08:00:06.183+00:00,2026-09-21T08:00:12.148+00:00,True,97,97.0,,97.0,99940.987914,105905.568778,105905.56857799999,1091.8099853402061,42.310224000000005,99940.987914,10141.166066697055,77.27595660000001,62.13105066666667,9.748882122633583,0.915910287997528,14,64,,False,True,,199,59.56268577710819
76,2026-09-21T07:58:26.496+00:00,2026-09-21T08:00:07.673+00:00,2026-09-21T08:00:08.709+00:00,True,18,18.0,,18.0,101176.95105799999,102213.22267399999,102213.222619,5678.512367722222,47.921694,101176.95105799999,23833.269745905225,15242.421787149997,60.95715388235294,8.479866056787232,0.1761024604165882,14,64,,True,True,,108,59.56268577710819
77,2026-09-21T07:58:26.805+00:00,2026-09-21T08:00:09.341+00:00,2026-09-21T08:00:09.407+00:00,True,2,2.0,,2.0,102536.684393,102602.466665,102602.466759,51301.2333795,65.782366,102536.684393,72457.86969759404,97413.13929165,65.782272,nan,0.019492708752607845,14,64,,True,True,,9,59.56268577710819
78,2026-09-21T07:58:27.047+00:00,2026-09-21T08:00:10.841+00:00,2026-09-21T08:00:11.563+00:00,True,12,12.0,,12.0,103793.73754999999,104515.61889399998,104515.618863,8709.634905249999,47.469114000000005,103793.73754999999,29943.72770069173,46749.12843785,65.62557672727273,8.175934286753888,0.11481537522320402,14,64,,True,True,,43,59.56268577710819
79,2026-09-21T07:58:27.363+00:00,2026-09-21T08:00:12.101+00:00,2026-09-21T08:00:16.846+00:00,True,77,77.0,,77.0,104737.69635,109483.01910199999,109483.019095,1421.8573908441558,43.334634,104737.69635,11928.856441754751,76.8541848,62.43845726315789,9.47215063709885,0.703305413310377,14,64,,True,True,,122,59.56268577710819
80,2026-09-21T07:58:27.639+00:00,2026-09-21T08:00:13.789+00:00,2026-09-21T08:00:18.096+00:00,True,69,69.0,,69.0,106150.83424699999,110457.345351,110457.34538999999,1600.8310926086956,45.917084,106150.83424699999,12771.437493038431,76.6724658,63.33104564705882,8.69820334212738,0.6246755232143131,14,64,,True,True,,552,59.56268577710819
81,2026-09-21T07:58:27.926+00:00,2026-09-21T08:00:15.595+00:00,2026-09-21T08:00:16.272+00:00,True,12,12.0,,12.0,107669.16363600001,108346.05246800001,108346.052527,9028.837710583335,48.216745,107669.16363600001,31063.64817490825,48494.85867150001,61.535348363636366,10.447235061946134,0.11075622716890583,14,64,,True,True,,48,59.56268577710819
82,2026-09-21T07:58:28.221+00:00,2026-09-21T08:00:16.976+00:00,2026-09-21T08:00:21.228+00:00,True,67,67.0,,67.0,108755.496627,113007.239859,113007.239793,1686.6752207910447,42.644833,108755.496627,13278.731680885561,76.540627,64.420352,9.412971453490364,0.5928823682765495,14,64,,True,True,,598,59.56268577710819
83,2026-09-21T07:58:28.550+00:00,2026-09-21T08:00:18.531+00:00,2026-09-21T08:00:22.569+00:00,True,65,65.0,,65.0,109981.347329,114019.120129,114019.120359,1754.1403132153846,46.543973,109981.347329,13633.684607717498,76.3833604,63.0902,8.741606425585516,0.5700798245632812,14,64,,True,True,,73,59.56268577710819
84,2026-09-21T07:58:28.953+00:00,2026-09-21T08:00:20.589+00:00,2026-09-21T08:00:20.589+00:00,True,1,1.0,,1.0,111636.02505,111636.02505,111636.02505,111636.02505,111636.02505,111636.02505,nan,111636.02505,nan,nan,0.008957681891236417,14,64,,True,True,,6,59.56268577710819
85,2026-09-21T07:58:29.255+00:00,2026-09-21T08:00:21.787+00:00,2026-09-21T08:00:25.745+00:00,True,65,65.0,,65.0,112531.955187,116490.125811,116490.125741,1792.1557806307692,45.290232,112531.955187,13950.203042447518,75.757086,61.846416,9.14656230046891,0.55798720747765,14,64,,True,True,,66,59.56268577710819
86,2026-09-21T07:58:29.617+00:00,2026-09-21T08:00:23.818+00:00,2026-09-21T08:00:28.609+00:00,True,77,77.0,,77.0,114200.629281,118991.751969,118991.751967,1545.347428142857,44.911573,114200.629281,13007.188994934055,77.65336,63.041088,9.807432103762094,0.6471036750518658,14,64,,True,True,,154,59.56268577710819
87,2026-09-21T07:58:29.961+00:00,2026-09-21T08:00:25.872+00:00,2026-09-21T08:00:31.884+00:00,True,96,96.0,,96.0,115911.754348,121923.216748,121923.216894,1270.0335093125,41.169543,115911.754348,11823.73971310373,77.80029075,63.278551578947365,9.975832082286384,0.7873808004788782,14,64,,True,True,,192,59.56268577710819
88,2026-09-21T07:58:30.218+00:00,2026-09-21T08:00:27.101+00:00,2026-09-21T08:00:30.455+00:00,True,55,55.0,,55.0,116882.38725100001,120237.11646700001,120237.11661200001,2186.1293929454546,42.007773,116882.38725100001,15752.044310930523,77.93589499999999,62.12461511111111,10.308962734408063,0.457429466175656,14,64,,True,True,,248,59.56268577710819
89,2026-09-21T07:58:30.550+00:00,2026-09-21T08:00:28.812+00:00,2026-09-21T08:00:34.447+00:00,True,89,89.0,,89.0,118262.59216500001,123896.73565300001,123896.73567400001,1392.0981536404495,41.941673,118262.59216500001,12529.026238088542,75.5778198,64.02435781818183,8.87638076211542,0.7183401526353691,14,64,,True,True,,267,59.56268577710819
90,2026-09-21T07:58:30.835+00:00,2026-09-21T08:00:30.518+00:00,2026-09-21T08:00:33.572+00:00,True,48,48.0,,48.0,119683.122892,122737.526732,122737.526739,2557.0318070625,45.317184000000005,119683.122892,17265.392800160014,76.74353285000001,64.98731574468086,8.620808833596852,0.3910784360581831,14,64,,True,True,,471,59.56268577710819
91,2026-09-21T07:58:31.235+00:00,2026-09-21T08:00:32.281+00:00,2026-09-21T08:00:35.702+00:00,True,55,55.0,,55.0,121046.47467200001,124467.84376000002,124467.84364600001,2263.051702654546,45.006434,121046.47467200001,16313.362458838468,75.8107943,63.35868681481481,8.982215586757885,0.4418811986978057,14,64,,True,True,,162,59.56268577710819
92,2026-09-21T07:58:31.563+00:00,2026-09-21T08:00:33.903+00:00,2026-09-21T08:00:38.272+00:00,True,72,72.0,,72.0,122340.228978,126709.73605,126709.736043,1759.8574450416666,40.863653,122340.228978,14410.684566549624,77.99985705,61.54235312676057,9.594054184464499,0.5682278429779746,14,64,,True,True,,264,59.56268577710819
93,2026-09-21T07:58:31.783+00:00,2026-09-21T08:00:34.809+00:00,2026-09-21T08:00:40.169+00:00,True,87,87.0,,87.0,123026.785803,128386.440971,128386.44101000001,1475.7062185057473,43.602783,123026.785803,13183.17763752384,75.93142970000001,62.32157172093024,9.373142590563237,0.6776416523583795,14,64,,True,True,,174,59.56268577710819
94,2026-09-21T07:58:32.127+00:00,2026-09-21T08:00:36.728+00:00,2026-09-21T08:00:41.810+00:00,True,80,80.0,,80.0,124600.27359,129682.195638,129682.19568799999,1621.0274461,40.040433,124600.27359,13923.545152198152,77.5505315,64.32812718987341,9.451656580125448,0.6168927014724146,14,64,,True,True,,160,59.56268577710819
95,2026-09-21T07:58:32.442+00:00,2026-09-21T08:00:38.455+00:00,2026-09-21T08:00:44.755+00:00,True,97,97.0,,97.0,126012.509654,132313.14786199998,132313.147932,1364.0530714639174,45.311223,126012.509654,12787.97102695685,78.52796120000001,65.631648,8.904137135978226,0.7331093059713846,14,64,,True,True,,293,59.56268577710819
96,2026-09-21T07:58:32.776+00:00,2026-09-21T08:00:40.222+00:00,2026-09-21T08:00:45.369+00:00,True,80,80.0,,80.0,127445.96779099999,132592.887983,132592.88803399997,1657.4111004249999,44.871953000000005,127445.96779099999,14241.61162858102,77.00936895,65.15088850632911,9.826976571066556,0.603350611159906,14,64,,True,True,,160,59.56268577710819
97,2026-09-21T07:58:33.377+00:00,2026-09-21T08:00:41.671+00:00,2026-09-21T08:00:45.802+00:00,True,65,65.0,,65.0,128294.11375599999,132425.622748,132425.622803,2037.3172738923076,45.292794,128294.11375599999,15904.922165955471,79.2246832,64.554828,9.610052062377449,0.49084156563637293,14,64,,True,True,,455,59.56268577710819
98,2026-09-21T07:58:33.473+00:00,2026-09-21T08:00:41.813+00:00,2026-09-21T08:00:47.886+00:00,True,95,95.0,,95.0,128339.851698,134412.878002,134412.878068,1414.8724007157894,40.952593,128339.851698,13160.766469223237,79.328668,64.60666280851063,10.338887281342723,0.706777515756983,14,64,,True,True,,380,59.56268577710819
99,2026-09-21T07:58:33.687+00:00,2026-09-21T08:00:45.131+00:00,2026-09-21T08:00:46.091+00:00,True,16,16.0,,16.0,131444.18387100002,132403.90687900002,132403.90669200002,8275.244168250001,53.305303,131444.18387100002,32845.05140778626,32918.0698065,63.981533866666666,7.598714354646185,0.12084235561584995,14,64,,True,True,,144,59.56268577710819
100,2026-09-21T07:58:33.909+00:00,2026-09-21T08:00:46.463+00:00,2026-09-21T08:00:48.034+00:00,True,25,25.0,,25.0,132554.264567,134125.617143,134125.617124,5365.02468496,43.953633,132554.264567,26497.760713283544,81.972616,65.473024,11.531253732932885,0.18639243220290933,14,64,,True,True,,50,59.56268577710819
101,2026-09-21T07:58:34.207+00:00,2026-09-21T08:00:47.884+00:00,2026-09-21T08:00:50.816+00:00,True,47,47.0,,47.0,133676.84263199999,136608.722568,136608.72254999998,2906.568564893617,49.822924,133676.84263199999,19489.4760896432,77.53802,63.73652034782609,7.737660596059197,0.3440483090426727,14,64,,True,True,,141,59.56268577710819
102,2026-09-21T07:58:34.443+00:00,2026-09-21T08:00:49.348+00:00,2026-09-21T08:00:54.094+00:00,True,76,76.0,,76.0,134904.722606,139650.846638,139650.846579,1837.5111391973683,44.039524,134904.722606,15467.37647811272,76.0408585,63.28165376,8.69598404409293,0.5442143877366216,14,64,,True,True,,228,59.56268577710819
103,2026-09-21T07:58:34.736+00:00,2026-09-21T08:00:50.939+00:00,2026-09-21T08:00:52.797+00:00,True,31,31.0,,31.0,136202.758734,138061.49742200001,138061.497542,4453.596694903226,49.334103000000006,136202.758734,24451.611488736857,79.9736355,61.95795626666666,9.667954918158053,0.22453761967570962,14,64,,True,True,,41,59.56268577710819
104,2026-09-21T07:58:34.964+00:00,2026-09-21T08:00:52.020+00:00,2026-09-21T08:00:55.429+00:00,True,55,55.0,,55.0,137055.324961,140464.708897,140464.708934,2553.9037988,43.306073,137055.324961,18472.025297401622,78.5486513,63.13673955555555,9.516540655179726,0.3915574269999051,14,64,,True,True,,385,59.56268577710819
105,2026-09-21T07:58:35.287+00:00,2026-09-21T08:00:53.787+00:00,2026-09-21T08:00:54.091+00:00,True,6,6.0,,6.0,138500.254788,138803.673924,138803.674061,23133.945676833333,50.433824,138500.254788,56517.71860870088,103893.02092724999,60.6838272,7.907937715731657,0.04322652153490703,14,64,,True,True,,52,59.56268577710819
106,2026-09-21T07:58:35.526+00:00,2026-09-21T08:00:54.955+00:00,2026-09-21T08:01:01.074+00:00,True,98,98.0,,98.0,139428.93857,145548.070986,145548.070905,1485.184396989796,45.369194,139428.93857,14078.080438031226,76.40172565,63.08383934020618,9.481505996647273,0.6733170651875313,14,64,,True,True,,967,59.56268577710819
107,2026-09-21T07:58:35.771+00:00,2026-09-21T08:00:56.347+00:00,2026-09-21T08:00:58.819+00:00,True,40,40.0,,40.0,140576.53377900002,143048.21224300002,143048.21223300003,3576.2053058250003,43.155633,140576.53377900002,22217.083241800563,76.11404805000001,63.37637087179487,10.264137930073025,0.279626004217731,14,64,,True,True,,120,59.56268577710819
108,2026-09-21T07:58:36.039+00:00,2026-09-21T08:00:57.633+00:00,2026-09-21T08:01:03.848+00:00,True,98,98.0,,98.0,141593.579477,147808.723925,147808.72393799998,1508.2522850816326,42.509192999999996,141593.579477,14296.642731218893,76.71058535,64.07365410309278,10.321772206346594,0.6630190519047199,14,64,,True,True,,194,59.56268577710819
109,2026-09-21T07:58:36.416+00:00,2026-09-21T08:00:59.606+00:00,2026-09-21T08:00:59.795+00:00,True,4,4.0,,4.0,143190.46003400002,143379.34861000002,143379.34868800003,35844.83717200001,56.320675,143190.46003400002,71563.74895072816,121722.86903915001,62.96285866666666,8.985488516535389,0.027898020452584334,14,64,,True,True,,8,59.56268577710819
110,2026-09-21T07:58:36.714+00:00,2026-09-21T08:01:01.069+00:00,2026-09-21T08:01:05.514+00:00,True,71,71.0,,71.0,144355.34549200002,148800.54587600002,148800.54600200002,2095.782338056338,41.864473,144355.34549200002,17124.294406733363,78.7533305,63.50286262857143,10.5130239644277,0.47714878720382137,14,64,,True,True,,284,59.56268577710819
111,2026-09-21T07:58:37.043+00:00,2026-09-21T08:01:02.771+00:00,2026-09-21T08:01:02.933+00:00,True,4,4.0,,4.0,145727.639324,145889.4495,145889.44942599998,36472.362356499994,47.440914,145727.639324,72836.85164762696,123878.04049565,53.936725333333335,8.56788396412681,0.027418021068069082,14,64,,True,True,,21,59.56268577710819
112,2026-09-21T07:58:37.386+00:00,2026-09-21T08:01:04.568+00:00,2026-09-21T08:01:08.410+00:00,True,62,62.0,,62.0,147182.04475200002,151023.71361600002,151023.71370700002,2435.8663501129035,44.008033000000005,147182.04475200002,18684.142384181432,75.83805685,62.97817809836066,9.23594104439378,0.4105315550486602,14,64,,True,True,,208,59.56268577710819
113,2026-09-21T07:58:37.674+00:00,2026-09-21T08:01:06.140+00:00,2026-09-21T08:01:07.147+00:00,True,17,17.0,,17.0,148466.056139,149472.512715,149472.512814,8792.500753764705,46.902773,148466.056139,35993.0525852084,29757.5495206,62.903536,9.650055149653587,0.11373328574742024,14,64,,True,True,,119,59.56268577710819
114,2026-09-21T07:58:37.920+00:00,2026-09-21T08:01:07.655+00:00,2026-09-21T08:01:08.265+00:00,True,11,11.0,,11.0,149735.12037599998,150345.16812,150345.16832099998,13667.742574636362,41.909622999999996,149735.12037599998,45128.44585312366,74907.26475049999,61.004774399999995,14.217633029230546,0.0731649718946751,14,64,,True,True,,16,59.56268577710819
115,2026-09-21T07:58:38.273+00:00,2026-09-21T08:01:09.650+00:00,2026-09-21T08:01:13.896+00:00,True,67,67.0,,67.0,151377.725377,155623.061441,155623.061612,2322.7322628656716,47.221274,151377.725377,18485.877069209062,81.2951667,64.3232736969697,10.272432746978529,0.4305274512633921,14,64,,True,True,,139,59.56268577710819
116,2026-09-21T07:58:38.519+00:00,2026-09-21T08:01:11.096+00:00,2026-09-21T08:01:14.432+00:00,True,53,53.0,,53.0,152577.52337900002,155913.02341100003,155913.02325600001,2941.755155773585,47.840683,152577.52337900002,20949.326822331965,80.14514,64.14423138461538,11.41937703105076,0.33993311681402955,14,64,,True,True,,144,59.56268577710819
117,2026-09-21T07:58:38.892+00:00,2026-09-21T08:01:13.044+00:00,2026-09-21T08:01:17.044+00:00,True,63,63.0,,63.0,154152.359325,158152.232861,158152.232652,2510.3528992380952,44.375271999999995,154152.359325,19413.24658199261,80.01254899999999,64.51408929032257,10.588413535469117,0.39835036698704535,14,64,,True,True,,189,59.56268577710819
118,2026-09-21T07:58:39.237+00:00,2026-09-21T08:01:15.003+00:00,2026-09-21T08:01:21.050+00:00,True,97,97.0,,97.0,155766.356925,161813.446845,161813.446676,1668.1798626391753,42.007353,155766.356925,15809.284922804518,77.54211380000001,62.99052,10.306973454477935,0.5994557429637826,14,64,,True,True,,771,59.56268577710819
119,2026-09-21T07:58:39.547+00:00,2026-09-21T08:01:16.589+00:00,2026-09-21T08:01:21.778+00:00,True,83,83.0,,83.0,157042.03065099998,162231.25023499998,162231.25031699997,1954.5933773132529,43.284164,157042.03065099998,17230.659118815714,77.458961,63.28316565853658,10.344130822418624,0.5116153631299173,14,64,,True,True,,263,59.56268577710819
120,2026-09-21T07:58:39.940+00:00,2026-09-21T08:01:18.635+00:00,2026-09-21T08:01:21.306+00:00,True,44,44.0,,44.0,158695.082412,161366.26833199998,161366.2683,3667.4151886363634,43.551513,158695.082412,23914.821742444485,78.9852095,62.120602790697674,11.993744279485751,0.2726716088487157,14,64,,True,True,,44,59.56268577710819
121,2026-09-21T07:58:40.334+00:00,2026-09-21T08:01:20.692+00:00,2026-09-21T08:01:26.350+00:00,True,90,90.0,,90.0,160358.178164,166016.418932,166016.418884,1844.626876488889,43.738474000000004,160358.178164,16896.537421044985,77.92753409999999,63.575738966292136,9.685028782164649,0.5421150545167693,14,64,,True,True,,354,59.56268577710819
122,2026-09-21T07:58:40.623+00:00,2026-09-21T08:01:22.344+00:00,2026-09-21T08:01:27.319+00:00,True,80,80.0,,80.0,161720.46478799998,166696.12430799997,166696.12423599997,2083.70155295,42.980162,161720.46478799998,18073.8585685498,77.14948035,62.983031898734176,9.85828980377653,0.47991517698507574,14,64,,True,True,,483,59.56268577710819
123,2026-09-21T07:58:40.938+00:00,2026-09-21T08:01:23.827+00:00,2026-09-21T08:01:28.041+00:00,True,69,69.0,,69.0,162888.32946399998,167102.18827999997,167102.188492,2421.7708477101446,43.631252,162888.32946399998,19601.992637256353,78.3937112,61.968512,9.50287186553894,0.4129209839214202,14,64,,True,True,,276,59.56268577710819
124,2026-09-21T07:58:41.234+00:00,2026-09-21T08:01:25.400+00:00,2026-09-21T08:01:25.916+00:00,True,9,9.0,,9.0,164166.630239,164682.493791,164682.49399699998,18298.054888555554,47.675212,164166.630239,54700.716525578246,98530.25599219998,64.482944,9.806544341127307,0.05465061763894576,14,64,,True,True,,22,59.56268577710819
125,2026-09-21T07:58:41.465+00:00,2026-09-21T08:01:26.643+00:00,2026-09-21T08:01:32.004+00:00,True,87,87.0,,87.0,165178.55091299998,170538.895745,170538.895842,1960.2171935862068,46.143902000000004,165178.55091299998,17702.319106602004,75.3822797,62.329591069767446,8.56576692286581,0.5101475509146467,14,64,,True,True,,271,59.56268577710819
126,2026-09-21T07:58:41.735+00:00,2026-09-21T08:01:27.880+00:00,2026-09-21T08:01:33.288+00:00,True,88,88.0,,88.0,166144.718522,171552.74873000002,171552.748853,1949.4630551477273,41.457342,166144.718522,17704.462280659656,76.28299784999999,62.161266758620684,8.857653972832674,0.512961760458293,14,64,,True,True,,0,59.56268577710819
127,2026-09-21T07:58:42.108+00:00,2026-09-21T08:01:29.562+00:00,2026-09-21T08:01:31.045+00:00,True,24,24.0,,24.0,167453.856683,168936.96145099998,168936.961523,7039.040063458333,49.914902999999995,167453.856683,34168.21405757278,80.54174735,64.482816,9.246435662758074,0.14206482580167148,14,64,,True,True,,72,59.56268577710819
128,2026-09-21T07:58:42.440+00:00,2026-09-21T08:01:31.109+00:00,2026-09-21T08:01:32.739+00:00,True,28,28.0,,28.0,168668.701052,170299.35602799998,170299.35608,6082.11986,43.104783000000005,168668.701052,31863.975808863343,74.91894599999999,60.394628740740735,8.004295515297272,0.16441635865843407,14,64,,True,True,,141,59.56268577710819
129,2026-09-21T07:58:42.797+00:00,2026-09-21T08:01:33.360+00:00,2026-09-21T08:01:38.138+00:00,True,75,75.0,,75.0,170562.588276,175340.802164,175340.802095,2337.8773612666664,43.539683,170562.588276,19687.41743113101,76.3451323,64.57045794594595,9.229799970204652,0.4277384332361551,14,64,,True,True,,205,59.56268577710819
130,2026-09-21T07:58:43.476+00:00,2026-09-21T08:01:34.488+00:00,2026-09-21T08:01:35.875+00:00,True,23,23.0,,23.0,171011.269567,172398.233023,172398.233122,7495.575353130435,45.106792999999996,171011.269567,35645.170507408504,76.3341641,63.04379345454545,10.14138798659472,0.1334120402320569,14,64,,True,True,,101,59.56268577710819
131,2026-09-21T07:58:43.633+00:00,2026-09-21T08:01:35.766+00:00,2026-09-21T08:01:41.235+00:00,True,87,87.0,,87.0,172133.24179,177602.414526,177602.414456,2041.4070627126437,42.499793,172133.24179,18447.804803693827,76.0537997,63.59503181395349,9.242070432483743,0.4898582050936232,14,64,,True,True,,781,59.56268577710819
132,2026-09-21T07:58:43.809+00:00,2026-09-21T08:01:38.326+00:00,2026-09-21T08:01:43.030+00:00,True,77,77.0,,77.0,174516.56047,179221.320534,179221.320564,2327.549617714286,41.829842,174516.56047,19880.95556533686,76.317336,61.904737684210524,9.899110264676265,0.42963638349820304,14,64,,True,True,,77,59.56268577710819
133,2026-09-21T07:58:44.037+00:00,2026-09-21T08:01:39.401+00:00,2026-09-21T08:01:40.511+00:00,True,19,19.0,,19.0,175363.296484,176473.533156,176473.533264,9288.080698105263,48.120773,175363.296484,40216.9500521037,17605.582573,61.67981511111111,9.305143345012135,0.10766486996780576,14,64,,True,True,,21,59.56268577710819
134,2026-09-21T07:58:44.399+00:00,2026-09-21T08:01:40.981+00:00,2026-09-21T08:01:43.805+00:00,True,47,47.0,,47.0,176582.86912299998,179406.30745899997,179406.30749699997,3817.155478659574,46.450932,176582.86912299998,25748.307205879115,76.2025194,61.379094260869564,9.072932361772631,0.26197518172955536,14,64,,True,True,,109,59.56268577710819
135,2026-09-21T07:58:44.655+00:00,2026-09-21T08:01:42.454+00:00,2026-09-21T08:01:45.497+00:00,True,50,50.0,,50.0,177798.797205,180841.562005,180841.56205,3616.8312410000003,41.600082,177798.797205,25135.76716433092,77.223169,62.097240816326526,10.137035085748527,0.2764851146254619,14,64,,True,True,,299,59.56268577710819
136,2026-09-21T07:58:44.995+00:00,2026-09-21T08:01:44.241+00:00,2026-09-21T08:01:45.247+00:00,True,17,17.0,,17.0,179245.91039700003,180251.80991700004,180251.80986300003,10603.047639000002,48.308602,179245.91039700003,43458.27206541938,35912.4756026,62.86872,9.892543269837997,0.09431250653087997,14,64,,True,True,,42,59.56268577710819
137,2026-09-21T07:58:45.250+00:00,2026-09-21T08:01:45.446+00:00,2026-09-21T08:01:51.136+00:00,True,91,91.0,,91.0,180196.20897600002,185886.334288,185886.33430400002,2042.7069703736267,42.862982,180196.20897600002,18883.06981622807,76.893989,63.22361457777778,8.958555554935762,0.48954647660656225,14,64,,True,True,,424,59.56268577710819
138,2026-09-21T07:58:45.581+00:00,2026-09-21T08:01:47.043+00:00,2026-09-21T08:01:48.838+00:00,True,29,29.0,,29.0,181461.780137,183256.786345,183256.786434,6319.199532206896,47.275013,181461.780137,33684.70318988766,77.69907659999998,64.10736457142858,8.360484572442488,0.15824789126992808,14,64,,True,True,,145,59.56268577710819
139,2026-09-21T07:58:45.851+00:00,2026-09-21T08:01:48.519+00:00,2026-09-21T08:01:53.412+00:00,True,78,78.0,,78.0,182667.487039,187560.789055,187560.788954,2404.6254994102565,46.469913,182667.487039,20675.82647353387,76.7334675,63.54937683116883,9.102053049953772,0.4158651730619848,14,64,,True,True,,78,59.56268577710819
140,2026-09-21T07:58:46.152+00:00,2026-09-21T08:01:50.439+00:00,2026-09-21T08:01:56.533+00:00,True,96,96.0,,96.0,184287.042222,190381.024686,190381.02460099998,1983.1356729270833,42.501152000000005,184287.042222,18802.172714370947,77.1068865,64.14718383157894,9.19227919280236,0.5042519345524855,14,64,,True,True,,384,59.56268577710819
141,2026-09-21T07:58:46.525+00:00,2026-09-21T08:01:51.685+00:00,2026-09-21T08:01:51.740+00:00,True,2,2.0,,2.0,185160.06486,185214.971996,185214.97219300002,92607.48609650001,54.907333,185160.06486,130889.11211994581,175904.80698365002,54.907136,nan,0.010798263112569501,14,64,,True,True,,9,59.56268577710819
142,2026-09-21T07:58:46.900+00:00,2026-09-21T08:01:53.533+00:00,2026-09-21T08:01:56.585+00:00,True,49,49.0,,49.0,186633.035611,189685.065051,189685.065236,3871.123780326531,42.169142,186633.035611,26652.780394349873,76.2489494,63.58394666666666,9.291147589077703,0.2583229206096196,14,64,,True,True,,294,59.56268577710819
143,2026-09-21T07:58:47.136+00:00,2026-09-21T08:01:54.883+00:00,2026-09-21T08:01:57.848+00:00,True,48,48.0,,48.0,187746.71313999998,190711.96267599997,190711.96283999996,3973.1658924999997,46.267022,187746.71313999998,27089.799274144392,78.02687015,63.09041565957447,9.839887948157198,0.25168845900635545,14,64,,True,True,,54,59.56268577710819
144,2026-09-21T07:58:47.497+00:00,2026-09-21T08:01:56.587+00:00,2026-09-21T08:02:00.969+00:00,True,70,70.0,,70.0,189090.775604,193472.4501,193472.450231,2763.8921461571426,42.135303,189090.775604,22593.082308255904,77.55071339999999,63.50252892753623,9.175322738123171,0.36180861907635503,14,64,,True,True,,346,59.56268577710819
145,2026-09-21T07:58:47.900+00:00,2026-09-21T08:01:58.822+00:00,2026-09-21T08:02:00.687+00:00,True,30,30.0,,30.0,190921.195744,192786.1304,192786.13036399998,6426.204345466666,45.412792,190921.195744,34845.54200239869,78.1886155,64.3080915862069,9.02336193975124,0.15561285419109175,14,64,,True,True,,30,59.56268577710819
146,2026-09-21T07:58:48.118+00:00,2026-09-21T08:01:59.944+00:00,2026-09-21T08:02:04.358+00:00,True,73,73.0,,73.0,191826.14637200002,196240.55251600003,196240.55240000002,2688.22674520548,43.785633000000004,191826.14637200002,22444.377960694237,75.59707,61.31119644444445,8.691964564150437,0.37199243002563454,14,64,,True,True,,219,59.56268577710819
147,2026-09-21T07:58:48.393+00:00,2026-09-21T08:02:01.706+00:00,2026-09-21T08:02:06.025+00:00,True,70,70.0,,70.0,193313.743938,197632.350274,197632.350502,2823.3192928857143,42.154433,193313.743938,23097.932642434578,77.46570495,62.58849762318841,8.836837281387801,0.35419302509407546,14,64,,True,True,,350,59.56268577710819
148,2026-09-21T07:58:48.685+00:00,2026-09-21T08:02:03.413+00:00,2026-09-21T08:02:03.809+00:00,True,7,7.0,,7.0,194727.41674000002,195123.590052,195123.590142,27874.798591714287,54.925093000000004,194727.41674000002,73575.0896403769,136333.3792945,66.02888533333333,11.662829548370613,0.03587469868781378,14,64,,True,True,,31,59.56268577710819
149,2026-09-21T07:58:49.056+00:00,2026-09-21T08:02:05.349+00:00,2026-09-21T08:02:11.159+00:00,True,94,94.0,,94.0,196293.439786,202103.470122,202103.47011,2150.0369160638297,44.556183,196293.439786,20239.680317325823,75.6902195,62.473444473118285,7.91619916986951,0.46510829301078693,14,64,,True,True,,190,59.56268577710819
150,2026-09-21T07:58:49.329+00:00,2026-09-21T08:02:06.769+00:00,2026-09-21T08:02:13.015+00:00,True,100,100.0,,100.0,197440.534905,203686.588025,203686.587972,2036.86587972,41.225752,197440.534905,19737.74599081611,75.741327,63.09144565656566,8.098963582310768,0.49095034174624325,14,64,,True,True,,202,59.56268577710819
151,2026-09-21T07:58:49.628+00:00,2026-09-21T08:02:08.484+00:00,2026-09-21T08:02:09.130+00:00,True,11,11.0,,11.0,198856.331346,199502.37524999998,199502.375121,18136.579556454544,49.395153,198856.331346,59937.96153580004,99465.68814499998,64.6043904,9.280219506477337,0.05513718814733762,14,64,,True,True,,92,59.56268577710819
152,2026-09-21T07:58:49.939+00:00,2026-09-21T08:02:10.043+00:00,2026-09-21T08:02:15.047+00:00,True,81,81.0,,81.0,200104.233389,205108.146093,205108.14624,2532.199336296296,42.847122000000006,200104.233389,22226.85577850821,77.15610400000001,62.5489088,9.363387158015755,0.3949136177325353,14,64,,True,True,,243,59.56268577710819
153,2026-09-21T07:58:50.284+00:00,2026-09-21T08:02:12.333+00:00,2026-09-21T08:02:14.148+00:00,True,30,30.0,,30.0,202048.856956,203864.5879,203864.587936,6795.486264533333,46.521803,202048.856956,36877.475524452275,78.729583,62.61141186206897,9.552692757942456,0.14715650378041942,14,64,,True,True,,330,59.56268577710819
154,2026-09-21T07:58:50.597+00:00,2026-09-21T08:02:13.861+00:00,2026-09-21T08:02:14.989+00:00,True,20,20.0,,20.0,203264.245156,204391.977892,204391.977808,10219.598890399999,43.903803999999994,203264.245156,45437.995855177636,10236.06195805,59.35435452631579,9.470124049368938,0.09785119849746711,14,64,,True,True,,81,59.56268577710819
155,2026-09-21T07:58:50.863+00:00,2026-09-21T08:02:15.409+00:00,2026-09-21T08:02:16.854+00:00,True,23,23.0,,23.0,204546.364903,205990.920679,205990.92065100002,8956.126984826087,51.658443,204546.364903,42637.17483285197,77.531986,65.66162618181818,8.468864690402455,0.11165540657901804,14,64,,True,True,,44,59.56268577710819
156,2026-09-21T07:58:51.189+00:00,2026-09-21T08:02:17.162+00:00,2026-09-21T08:02:17.290+00:00,True,3,3.0,,3.0,205973.069294,206100.88958199997,206100.889641,68700.29654699999,54.152792999999996,205973.069294,118881.7088472554,185383.12912,63.910144,13.799103982041734,0.014555977929471333,14,64,,True,True,,12,59.56268577710819
157,2026-09-21T07:58:51.464+00:00,2026-09-21T08:02:18.721+00:00,2026-09-21T08:02:19.854+00:00,True,19,19.0,,19.0,207256.36961899998,208389.88385899997,208389.88393999997,10967.888628421051,48.518002,207256.36961899998,47533.42603460145,20802.6374555,62.973013333333334,9.519165179108859,0.09117525115977182,14,64,,True,True,,114,59.56268577710819
158,2026-09-21T07:58:51.721+00:00,2026-09-21T08:02:20.060+00:00,2026-09-21T08:02:21.073+00:00,True,17,17.0,,17.0,208339.02230500002,209352.25596900002,209352.25619100002,12314.83859947059,44.686752,208339.02230500002,50514.276687412756,41731.934553800005,63.327104,9.140669507822164,0.0812028507708906,14,64,,True,True,,17,59.56268577710819
159,2026-09-21T07:58:52.014+00:00,2026-09-21T08:02:21.555+00:00,2026-09-21T08:02:24.363+00:00,True,47,47.0,,47.0,209540.268956,212348.330396,212348.330427,4518.049583553192,41.832242,209540.268956,30555.68692238659,77.5787373,61.04481391304348,10.226201188087723,0.2213344456834276,14,64,,True,True,,372,59.56268577710819
160,2026-09-21T07:58:52.398+00:00,2026-09-21T08:02:23.572+00:00,2026-09-21T08:02:25.171+00:00,True,27,27.0,,27.0,211174.553206,212773.36203800002,212773.361882,7880.494884518519,45.354392999999995,211174.553206,40628.72895006761,77.99788500000001,61.49264738461538,11.263559839648376,0.12689558383336522,14,64,,True,True,,85,59.56268577710819
161,2026-09-21T07:58:52.734+00:00,2026-09-21T08:02:25.172+00:00,2026-09-21T08:02:28.168+00:00,True,50,50.0,,50.0,212437.548387,215433.962083,215433.962152,4308.67924304,46.97398200000001,212437.548387,30034.55953773974,79.59957109999999,61.15129991836735,9.361210964567654,0.23208968315189116,14,64,,True,True,,117,59.56268577710819
163,2026-09-21T07:58:53.755+00:00,2026-09-21T08:02:27.627+00:00,2026-09-21T08:02:29.359+00:00,True,29,29.0,,29.0,213872.621977,215604.560281,215604.560288,7434.640009931035,47.732602,213872.621977,39703.66347776826,76.779229,61.85493942857143,8.04971360596509,0.13450550378991963,14,64,,True,True,,87,59.56268577710819
164,2026-09-21T07:58:53.824+00:00,2026-09-21T08:02:28.995+00:00,2026-09-21T08:02:32.928+00:00,True,63,63.0,,63.0,215171.235957,219103.929973,219103.930145,3477.840161031746,46.781901,215171.235957,27101.037917289366,80.321835,63.430548645161295,9.996339141719137,0.2875347786220149,14,64,,True,True,,128,59.56268577710819
162,2026-09-21T07:58:53.683+00:00,2026-09-21T08:02:29.570+00:00,2026-09-21T08:02:29.713+00:00,True,3,3.0,,3.0,215886.932872,216030.19021600002,216030.190328,72010.06344266667,71.352214,215886.932872,124601.02394308618,194305.430109,71.628672,0.39118278506089704,0.013886947916864855,14,64,,True,True,,11,59.56268577710819
165,2026-09-21T07:58:54.137+00:00,2026-09-21T08:02:32.744+00:00,2026-09-21T08:02:35.552+00:00,True,45,45.0,,45.0,218606.401376,221414.802016,221414.80191399998,4920.328931422222,46.436690999999996,218606.401376,32578.404754290605,77.46822200000001,63.827287272727276,9.350107710927798,0.2032384447212711,14,64,,True,True,,270,59.56268577710819
166,2026-09-21T07:58:54.522+00:00,2026-09-21T08:02:34.595+00:00,2026-09-21T08:02:40.559+00:00,True,95,95.0,,95.0,220073.271252,226036.745172,226036.74503000002,2379.3341582105263,46.386872000000004,220073.271252,22572.534521010333,77.0675997,63.44121191489362,10.096793448107912,0.42028564836974125,14,64,,True,True,,191,59.56268577710819
167,2026-09-21T07:58:54.836+00:00,2026-09-21T08:02:36.186+00:00,2026-09-21T08:02:38.363+00:00,True,36,36.0,,36.0,221350.083193,223526.991481,223526.99155,6209.083098611111,45.146451,221350.083193,36881.31550170477,78.742138,62.197379657142854,9.544849972692985,0.16105437540888673,14,64,,True,True,,41,59.56268577710819
168,2026-09-21T07:58:55.062+00:00,2026-09-21T08:02:37.323+00:00,2026-09-21T08:02:40.112+00:00,True,46,46.0,,46.0,222261.275,225049.892216,225049.892298,4892.388962999999,47.456682,222261.275,32761.501435174363,77.73453475000001,61.96927146666667,8.750193850693973,0.20439912033305835,14,64,,True,True,,230,59.56268577710819
169,2026-09-21T07:58:55.351+00:00,2026-09-21T08:02:38.743+00:00,2026-09-21T08:02:41.098+00:00,True,38,38.0,,38.0,223392.46453,225747.192466,225747.192432,5940.715590315789,45.287151,223392.46453,36228.720348729694,82.3234885,63.64129556756757,9.702193234049014,0.16832988966506512,14,64,,True,True,,75,59.56268577710819
170,2026-09-21T07:58:55.591+00:00,2026-09-21T08:02:39.941+00:00,2026-09-21T08:02:42.879+00:00,True,47,47.0,,47.0,224350.236697,227288.563481,227288.56353999997,4835.926883829787,43.290201,224350.236697,32715.529705061912,78.43879700000001,63.8766692173913,10.684206831398397,0.20678559132135538,14,64,,True,True,,188,59.56268577710819
171,2026-09-21T07:58:55.909+00:00,2026-09-21T08:02:41.525+00:00,2026-09-21T08:02:42.876+00:00,True,22,22.0,,22.0,225616.22336,226966.723968,226966.724007,10316.669273045454,45.140511,225616.22336,48087.83065001154,77.86713044999999,64.30955276190475,10.303744083518193,0.09693050864628851,14,64,,True,True,,66,59.56268577710819
172,2026-09-21T07:58:56.232+00:00,2026-09-21T08:02:43.209+00:00,2026-09-21T08:02:44.957+00:00,True,29,29.0,,29.0,226976.960695,228724.865207,228724.86515599999,7887.0643157241375,44.245991000000004,226976.960695,42136.97275566582,81.268165,62.42516114285714,10.830091638057217,0.12678988781457798,14,64,,True,True,,43,59.56268577710819
173,2026-09-21T07:58:56.623+00:00,2026-09-21T08:02:45.463+00:00,2026-09-21T08:02:47.473+00:00,True,32,32.0,,32.0,228839.961203,230850.351987,230850.352114,7214.0735035625,44.252461000000004,228839.961203,40442.109044146404,76.13567995,64.85131561290322,9.816094040838925,0.13861793895727753,14,64,,True,True,,64,59.56268577710819
174,2026-09-21T07:58:56.875+00:00,2026-09-21T08:02:46.986+00:00,2026-09-21T08:02:49.196+00:00,True,36,36.0,,36.0,230110.52736100001,232320.466561,232320.466358,6453.346287722223,47.120252,230110.52736100001,38341.231983841186,77.7382805,63.14112,8.626481828219237,0.15495836648790276,14,64,,True,True,,108,59.56268577710819
175,2026-09-21T07:58:57.239+00:00,2026-09-21T08:02:48.486+00:00,2026-09-21T08:02:52.883+00:00,True,72,72.0,,72.0,231246.98120500002,235644.46754100002,235644.46742000003,3272.839825277778,45.282402000000005,231246.98120500002,27245.42003732586,75.360817,61.93642726760563,8.229129958069834,0.30554504738148647,14,64,,True,True,,144,59.56268577710819
176,2026-09-21T07:58:57.537+00:00,2026-09-21T08:02:50.079+00:00,2026-09-21T08:02:53.168+00:00,True,50,50.0,,50.0,232541.12313999998,235630.238532,235630.238468,4712.604769359999,45.358032,232541.12313999998,32877.36657696784,75.29531855,63.04317126530612,9.020300939034783,0.2121968738456703,14,64,,True,True,,250,59.56268577710819
177,2026-09-21T07:58:57.890+00:00,2026-09-21T08:02:52.046+00:00,2026-09-21T08:02:56.973+00:00,True,80,80.0,,80.0,234155.734722,239083.056834,239083.056825,2988.5382103125,41.498692000000005,234155.734722,26172.435616936633,77.30736834999999,62.37116597468354,10.08202361481844,0.33461174982192715,14,64,,True,True,,320,59.56268577710819
178,2026-09-21T07:58:58.277+00:00,2026-09-21T08:02:54.102+00:00,2026-09-21T08:03:00.287+00:00,True,100,100.0,,100.0,235825.090234,242010.144698,242010.144621,2420.10144621,42.658291,235825.090234,23576.26331905841,77.12080660000001,62.47529761616161,9.324582105796907,0.41320581880891055,14,64,,True,True,,100,59.56268577710819
179,2026-09-21T07:58:58.575+00:00,2026-09-21T08:02:55.598+00:00,2026-09-21T08:03:00.957+00:00,True,86,86.0,,86.0,237023.300511,242382.737567,242382.737593,2818.4039255000002,44.506021999999994,237023.300511,25552.082276118064,76.612748,63.05220065882353,8.987125845305455,0.3548107462736602,14,64,,True,True,,388,59.56268577710819
180,2026-09-21T07:58:58.832+00:00,2026-09-21T08:02:57.247+00:00,2026-09-21T08:02:57.247+00:00,True,1,1.0,,1.0,238415.179937,238415.179937,238415.179937,238415.179937,238415.179937,238415.179937,nan,238415.179937,nan,nan,0.004194363799587949,14,64,,True,True,,6,59.56268577710819
181,2026-09-21T07:58:59.134+00:00,2026-09-21T08:02:58.708+00:00,2026-09-21T08:03:04.883+00:00,True,99,99.0,,99.0,239573.692557,245748.770189,245748.769993,2482.310808010101,41.004642,239573.692557,24071.731255619212,77.55576299999998,63.01099624489796,9.967792918420619,0.40285043918576385,14,64,,True,True,,201,59.56268577710819
182,2026-09-21T07:58:59.463+00:00,2026-09-21T08:03:00.234+00:00,2026-09-21T08:03:02.770+00:00,True,41,41.0,,41.0,240770.975136,243307.017888,243307.017905,5934.317509878048,45.870092,240770.975136,37592.20886006788,78.965523,63.4010688,10.76562385589708,0.16851137445970948,14,64,,True,True,,214,59.56268577710819
183,2026-09-21T07:58:59.833+00:00,2026-09-21T08:03:02.369+00:00,2026-09-21T08:03:06.670+00:00,True,67,67.0,,67.0,242535.666671,246837.10667100002,246837.10667200002,3684.135920477612,42.954952,242535.666671,29622.48692965354,78.5484027,65.17333333333333,9.454112684410719,0.27143406801191283,14,64,,True,True,,371,59.56268577710819
184,2026-09-21T07:59:00.092+00:00,2026-09-21T08:03:03.631+00:00,2026-09-21T08:03:04.507+00:00,True,14,14.0,,14.0,243539.24182,244415.098716,244415.0987,17458.221335714286,55.912580999999996,243539.24182,65070.59424638525,85288.8946898,67.3736073846154,7.288772717822911,0.05727960372966732,14,64,,True,True,,84,59.56268577710819
185,2026-09-21T07:59:00.433+00:00,2026-09-21T08:03:05.457+00:00,2026-09-21T08:03:08.266+00:00,True,44,44.0,,44.0,245024.380378,247832.715226,247832.715306,5632.5617115000005,46.340942000000005,245024.380378,36928.97041499305,79.0165555,65.31011274418604,9.096035246976783,0.17753911125041003,14,64,,True,True,,288,59.56268577710819
186,2026-09-21T07:59:00.736+00:00,2026-09-21T08:03:07.175+00:00,2026-09-21T08:03:12.116+00:00,True,79,79.0,,79.0,246438.389877,251380.167285,251380.16721100002,3182.027433050633,40.410262,246438.389877,27719.358639439324,79.02405,63.35612061538462,9.720077196294278,0.31426504665515026,14,64,,True,True,,238,59.56268577710819
188,2026-09-21T07:59:01.446+00:00,2026-09-21T08:03:09.712+00:00,2026-09-21T08:03:10.443+00:00,True,12,12.0,,12.0,248266.33476199998,248996.57424999998,248996.574129,20749.71451075,48.101242,248266.33476199998,71649.15425753439,111762.16567555002,66.385408,8.590525804554689,0.04819343413115251,14,64,,True,True,,156,59.56268577710819
189,2026-09-21T07:59:01.766+00:00,2026-09-21T08:03:11.367+00:00,2026-09-21T08:03:17.405+00:00,True,97,97.0,,97.0,249600.99769699998,255639.278657,255639.27852899997,2635.456479680412,42.291911,249600.99769699998,25336.756810593884,77.42134999999999,62.89876,9.134413670125678,0.3794409079449338,14,64,,True,True,,290,59.56268577710819
187,2026-09-21T07:59:01.139+00:00,2026-09-21T08:03:13.703+00:00,2026-09-21T08:03:14.764+00:00,True,17,17.0,,17.0,252563.827325,253625.067901,253625.067962,14919.121644823528,52.613341999999996,252563.827325,61239.63949852964,50575.6449634,66.327536,8.614452961010057,0.06702807471158877,14,64,,True,True,,54,59.56268577710819
190,2026-09-21T07:59:02.153+00:00,2026-09-21T08:03:13.895+00:00,2026-09-21T08:03:18.453+00:00,True,74,74.0,,74.0,251742.168565,256300.128501,256300.128625,3463.515251689189,41.850082,251742.168565,29257.175936379514,78.50902235000001,62.43780734246575,9.484675702421576,0.28872400662768793,14,64,,True,True,,518,59.56268577710819
191,2026-09-21T07:59:02.398+00:00,2026-09-21T08:03:15.596+00:00,2026-09-21T08:03:18.389+00:00,True,47,47.0,,47.0,253198.123309,255991.109933,255991.10972699997,5446.619355893617,41.081241999999996,253198.123309,36923.88658937595,76.51749699999999,60.717100521739134,8.620069730588416,0.1836001258492969,14,64,,True,True,,95,59.56268577710819
192,2026-09-21T07:59:02.766+00:00,2026-09-21T08:03:17.611+00:00,2026-09-21T08:03:22.311+00:00,True,75,75.0,,75.0,254844.27664199998,259545.07638599997,259545.07636699997,3460.6010182266664,43.222741,254844.27664199998,29419.54924136458,77.9409483,63.52432086486486,11.068342309439512,0.2889671460708378,14,64,,True,True,,375,59.56268577710819
193,2026-09-21T07:59:03.066+00:00,2026-09-21T08:03:19.231+00:00,2026-09-21T08:03:23.312+00:00,True,64,64.0,,64.0,256165.232528,260246.39041599998,260246.39059199998,4066.3498529999997,46.518392,256165.232528,32012.558600240936,78.5148305,64.78028393650793,11.604974869175386,0.24592079797032707,14,64,,True,True,,128,59.56268577710819
194,2026-09-21T07:59:03.388+00:00,2026-09-21T08:03:21.117+00:00,2026-09-21T08:03:21.919+00:00,True,14,14.0,,14.0,257728.44890000002,258530.54630800002,258530.54617900003,18466.467584214286,53.031721,257728.44890000002,68864.33586542754,90257.53466145,61.69980061538462,8.628105535286851,0.05415220831708265,14,64,,True,True,,42,59.56268577710819
195,2026-09-21T07:59:03.791+00:00,2026-09-21T08:03:23.040+00:00,2026-09-21T08:03:26.874+00:00,True,62,62.0,,62.0,259248.96479600001,263083.027644,263083.02762,4243.274639032258,41.403262000000005,259248.96479600001,32916.67044162383,76.55563645000001,62.853489311475414,9.64172585896581,0.2356670460851525,14,64,,True,True,,62,59.56268577710819
196,2026-09-21T07:59:04.161+00:00,2026-09-21T08:03:24.717+00:00,2026-09-21T08:03:28.659+00:00,True,63,63.0,,63.0,260556.471987,264498.466227,264498.46644499997,4198.388356269841,45.662862000000004,260556.471987,32819.020868685504,77.90765489999998,63.580552258064515,9.633927639473114,0.23818663638650983,14,64,,True,True,,147,59.56268577710819
197,2026-09-21T07:59:04.565+00:00,2026-09-21T08:03:26.938+00:00,2026-09-21T08:03:27.166+00:00,True,5,5.0,,5.0,262372.867123,262601.057843,262601.05796099995,52520.211592199994,48.135962,262372.867123,117311.20123810627,209913.30872699994,57.04768,12.275278062400378,0.019040288874195344,14,64,,True,True,,48,59.56268577710819
200,2026-09-21T07:59:05.792+00:00,2026-09-21T08:03:30.787+00:00,2026-09-21T08:03:31.433+00:00,True,11,11.0,,11.0,264995.106352,265641.75467199995,265641.75469699997,24149.250427,43.708021,264995.106352,79879.53443025959,132538.0474415,64.664832,11.832572721451314,0.04140915276509224,14,64,,True,True,,56,59.56268577710819
199,2026-09-21T07:59:05.776+00:00,2026-09-21T08:03:31.239+00:00,2026-09-21T08:03:36.963+00:00,True,91,91.0,,91.0,265462.493434,271186.20057,271186.200594,2980.0681383956044,46.039680999999995,265462.493434,27821.36515476588,76.30611649999999,63.596745955555555,8.375562312039989,0.3355627971066714,14,64,,True,True,,455,59.56268577710819
198,2026-09-21T07:59:05.674+00:00,2026-09-21T08:03:32.162+00:00,2026-09-21T08:03:37.289+00:00,True,82,82.0,,82.0,266487.945524,271614.59281999996,271614.592631,3312.3730808658534,42.367231,266487.945524,29421.682407390417,77.08264100000001,63.291941925925926,8.895319132193496,0.3018983595419032,14,64,,True,True,,164,59.56268577710819
201,2026-09-21T07:59:05.816+00:00,2026-09-21T08:03:33.073+00:00,2026-09-21T08:03:35.679+00:00,True,42,42.0,,42.0,267256.921188,269862.464868,269862.464873,6425.296782690476,42.529801,267256.921188,41228.833264841276,78.0380079,63.54984585365853,9.096844631947326,0.15563483428695352,14,64,,True,True,,164,59.56268577710819
202,2026-09-21T07:59:06.020+00:00,2026-09-21T08:03:34.759+00:00,2026-09-21T08:03:39.087+00:00,True,69,69.0,,69.0,268738.138011,273066.47337100003,273066.473503,3957.4851232318842,42.663981,268738.138011,32344.608488980277,76.385362,63.65199058823529,9.193241434943676,0.2526857257436126,14,64,,True,True,,276,59.56268577710819
203,2026-09-21T07:59:06.292+00:00,2026-09-21T08:03:36.456+00:00,2026-09-21T08:03:38.935+00:00,True,40,40.0,,40.0,270163.75933,272642.54281799996,272642.54283199995,6816.063570799999,50.019801,270163.75933,42706.592330806954,76.88268649999999,63.55855097435897,8.29193864198959,0.1467122466896211,14,64,,True,True,,40,59.56268577710819
204,2026-09-21T07:59:06.521+00:00,2026-09-21T08:03:37.540+00:00,2026-09-21T08:03:38.218+00:00,True,12,12.0,,12.0,271019.654389,271697.22366899997,271697.223723,22641.43531025,52.521171,271019.654389,78218.85406325542,122003.64380709999,61.597207272727275,8.683553448580518,0.044166811268631936,14,64,,True,True,,64,59.56268577710819
205,2026-09-21T07:59:06.885+00:00,2026-09-21T08:03:39.348+00:00,2026-09-21T08:03:41.534+00:00,True,35,35.0,,35.0,272462.713988,274648.32218,274648.32230400003,7847.094922971429,41.209151,272462.713988,46043.74014199892,85.7816633,64.28259388235294,11.881051738748393,0.12743569566415036,14,64,,True,True,,140,59.56268577710819
206,2026-09-21T07:59:07.105+00:00,2026-09-21T08:03:40.436+00:00,2026-09-21T08:03:45.915+00:00,True,86,86.0,,86.0,273330.649958,278809.421414,278809.421353,3241.9700157325583,41.945271,273330.649958,29467.053432365854,79.84597425000001,64.45613477647059,10.727135848227363,0.30845442583627714,14,64,,True,True,,518,59.56268577710819
207,2026-09-21T07:59:07.330+00:00,2026-09-21T08:03:41.669+00:00,2026-09-21T08:03:45.520+00:00,True,61,61.0,,61.0,274339.661091,278190.457891,278190.457822,4560.499308557377,45.861851,274339.661091,35117.37807871383,77.02358199999999,64.17994666666667,9.375881144376603,0.21927423558108122,14,64,,True,True,,65,59.56268577710819
208,2026-09-21T07:59:07.645+00:00,2026-09-21T08:03:43.248+00:00,2026-09-21T08:03:47.395+00:00,True,67,67.0,,67.0,275602.879651,279750.085283,279750.08530800004,4175.37440758209,40.244311,275602.879651,33662.575445079565,77.91703,62.83644896969697,10.021835894979686,0.23949948016002082,14,64,,True,True,,400,59.56268577710819
209,2026-09-21T07:59:07.977+00:00,2026-09-21T08:03:45.148+00:00,2026-09-21T08:03:48.069+00:00,True,48,48.0,,48.0,277171.179587,280092.578115,280092.578088,5835.2620435,43.002201,277171.179587,39997.2432948063,78.55635015,62.1574154893617,9.730057213420302,0.17137190968441954,14,64,,True,True,,49,59.56268577710819
210,2026-09-21T07:59:08.366+00:00,2026-09-21T08:03:47.111+00:00,2026-09-21T08:03:52.931+00:00,True,93,93.0,,93.0,278745.683318,284565.241206,284565.24127,3059.8413039784946,43.607651,278745.683318,28898.022975437612,77.37902600000001,63.256064,9.211753175317506,0.3268143347580397,14,64,,True,True,,93,59.56268577710819
211,2026-09-21T07:59:08.681+00:00,2026-09-21T08:03:48.821+00:00,2026-09-21T08:03:50.792+00:00,True,32,32.0,,32.0,280140.078921,282111.912521,282111.912592,8815.9972685,46.624481,280140.078921,49510.9941188602,82.74286045000001,63.60753548387097,10.499586039172998,0.11343016221485494,14,64,,True,True,,101,59.56268577710819
212,2026-09-21T07:59:09.003+00:00,2026-09-21T08:03:50.398+00:00,2026-09-21T08:03:51.496+00:00,True,18,18.0,,18.0,281394.9977,282493.31603600003,282493.315963,15694.073109055556,47.214421,281394.9977,66310.20981890877,42279.09883085,64.60696094117647,10.635512491404965,0.06371832173794208,14,64,,True,True,,22,59.56268577710819
213,2026-09-21T07:59:09.322+00:00,2026-09-21T08:03:52.191+00:00,2026-09-21T08:03:55.211+00:00,True,48,48.0,,48.0,282869.338075,285888.997851,285888.997868,5956.020788916666,43.918951,282869.338075,40819.399871960326,77.992202,64.24808034042553,9.848745055014783,0.1678973320442947,14,64,,True,True,,57,59.56268577710819
214,2026-09-21T07:59:09.602+00:00,2026-09-21T08:03:53.412+00:00,2026-09-21T08:03:58.405+00:00,True,81,81.0,,81.0,283809.298521,288802.86165700003,288802.861606,3565.4674272345683,42.660861,283809.298521,31527.432503448723,76.986652,62.4195392,9.804317653725091,0.2804681350290793,14,64,,True,True,,243,59.56268577710819
215,2026-09-21T07:59:09.862+00:00,2026-09-21T08:03:54.707+00:00,2026-09-21T08:03:58.611+00:00,True,64,64.0,,64.0,284844.326741,288749.128533,288749.128663,4511.705135359375,42.741651,284844.326741,35597.79432305172,76.50694085,61.98098082539683,8.93398238265707,0.2216456905866841,14,64,,True,True,,576,59.56268577710819
217,2026-09-21T07:59:10.385+00:00,2026-09-21T08:03:55.209+00:00,2026-09-21T08:03:59.089+00:00,True,63,63.0,,63.0,284824.081628,288704.37014,288704.37008900003,4582.6090490317465,46.303571000000005,284824.081628,35876.577313866044,77.50836399999999,62.58529858064516,8.60766717628267,0.2182163019196755,14,64,,True,True,,567,59.56268577710819
218,2026-09-21T07:59:10.621+00:00,2026-09-21T08:03:56.591+00:00,2026-09-21T08:04:02.651+00:00,True,96,96.0,,96.0,285969.075692,292030.00957999995,292030.009639,3041.9792670729166,41.268741,285969.075692,29180.08636675166,75.8293695,63.79930408421053,8.711963621206387,0.3287333385293793,14,64,,True,True,,288,59.56268577710819
219,2026-09-21T07:59:10.974+00:00,2026-09-21T08:03:58.535+00:00,2026-09-21T08:04:01.677+00:00,True,49,49.0,,49.0,287560.690416,290702.769648,290702.769702,5932.709585755103,44.780391,287560.690416,41070.74839248596,80.855944,65.459984,9.983326582962897,0.16855704560136142,14,64,,True,True,,231,59.56268577710819
216,2026-09-21T07:59:10.134+00:00,2026-09-21T08:04:00.462+00:00,2026-09-21T08:04:04.295+00:00,True,61,61.0,,61.0,290327.715574,294161.446902,294161.44703399995,4822.318803836065,45.984851,290327.715574,37164.47512667708,78.662582,63.89552213333333,9.720844020192763,0.2073691187014122,14,64,,True,True,,187,59.56268577710819
220,2026-09-21T07:59:11.224+00:00,2026-09-21T08:04:01.169+00:00,2026-09-21T08:04:01.818+00:00,True,11,11.0,,11.0,289945.83370599995,290594.30909799994,290594.30916899996,26417.664469909087,52.451882,289945.83370599995,87402.40618140741,145009.4770885,64.8475392,7.3330998903112485,0.03785345980843129,14,64,,True,True,,33,59.56268577710819
221,2026-09-21T07:59:11.546+00:00,2026-09-21T08:04:03.369+00:00,2026-09-21T08:04:08.732+00:00,True,87,87.0,,87.0,291822.488488,297185.637032,297185.63696,3415.9268616091954,44.788621,291822.488488,31279.97015218681,77.5305187,62.36219237209302,9.054866520636265,0.29274631462297795,14,64,,True,True,,88,59.56268577710819
222,2026-09-21T07:59:11.777+00:00,2026-09-21T08:04:04.724+00:00,2026-09-21T08:04:10.093+00:00,True,87,87.0,,87.0,292946.82399199996,298315.507512,298315.507474,3428.913879011494,42.365500999999995,292946.82399199996,31400.504784637218,78.42667300000001,62.426552558139534,9.462795061462149,0.2916375374702918,14,64,,True,True,,90,59.56268577710819
223,2026-09-21T07:59:12.001+00:00,2026-09-21T08:04:05.951+00:00,2026-09-21T08:04:10.762+00:00,True,77,77.0,,77.0,293950.167798,298761.031158,298761.03106799995,3880.0133904935064,42.366961,293950.167798,33491.51791159915,75.74861000000001,63.300833684210524,8.789931000567428,0.257731069214574,14,64,,True,True,,231,59.56268577710819
224,2026-09-21T07:59:12.229+00:00,2026-09-21T08:04:07.136+00:00,2026-09-21T08:04:09.173+00:00,True,33,33.0,,33.0,294907.150952,296944.748136,296944.748205,8998.325703181818,49.480661,294907.150952,51325.66180030413,76.300573,63.674912,8.090997064370441,0.11113178531410187,14,64,,True,True,,66,59.56268577710819
225,2026-09-21T07:59:12.608+00:00,2026-09-21T08:04:09.174+00:00,2026-09-21T08:04:11.137+00:00,True,32,32.0,,32.0,296566.207872,298528.69312,298528.69302299997,9329.021656968749,46.432531000000004,296566.207872,52414.804067021185,80.36097095,63.305975741935484,10.001228866212468,0.10719237626896023,14,64,,True,True,,96,59.56268577710819
226,2026-09-21T07:59:12.850+00:00,2026-09-21T08:04:10.628+00:00,2026-09-21T08:04:12.117+00:00,True,25,25.0,,25.0,297778.613622,299266.80254999996,299266.802583,11970.67210332,45.438101,297778.613622,59543.321916384986,82.71376100000002,62.007872,9.760558048062194,0.08353749826903413,14,64,,True,True,,100,59.56268577710819
227,2026-09-21T07:59:13.235+00:00,2026-09-21T08:04:12.820+00:00,2026-09-21T08:04:13.258+00:00,False,9,8.0,,8.0,299585.73017299996,300023.002237,300023.00203299994,33335.889114777776,0.02388,299585.73017299996,99843.6929095222,179782.59597219995,54.659008,23.946383747783212,0.026664622180136995,14,64,,True,False,Request timeout: 300.0s exceeded,8,59.56268577710819
228,2026-09-21T07:59:13.521+00:00,2026-09-21T08:04:13.534+00:00,2026-09-21T08:04:13.534+00:00,False,1,0.0,,0.0,300013.346353,300013.346353,300013.346353,300013.346353,300013.346353,300013.346353,nan,300013.346353,nan,nan,0.0,14,64,,True,False,"HTTPConnectionPool(host='gpu06', port=9004): Read timed out.",0,59.56268577710819
229,2026-09-21T07:59:13.875+00:00,2026-09-21T08:04:13.973+00:00,2026-09-21T08:04:13.973+00:00,False,1,0.0,,0.0,300098.11606000003,300098.11606000003,300098.11606000003,300098.11606000003,300098.11606000003,300098.11606000003,nan,300098.11606000003,nan,nan,0.0,14,64,,True,False,"HTTPConnectionPool(host='gpu06', port=9004): Read timed out.",0,59.56268577710819
230,2026-09-21T07:59:14.146+00:00,2026-09-21T08:04:14.253+00:00,2026-09-21T08:04:14.253+00:00,False,1,0.0,,0.0,300107.511003,300107.511003,300107.511003,300107.511003,300107.511003,300107.511003,nan,300107.511003,nan,nan,0.0,14,64,,True,False,"HTTPConnectionPool(host='gpu06', port=9004): Read timed out.",0,59.56268577710819
231,2026-09-21T07:59:14.517+00:00,2026-09-21T08:04:14.623+00:00,2026-09-21T08:04:14.623+00:00,False,1,0.0,,0.0,300106.358818,300106.358818,300106.358818,300106.358818,300106.358818,300106.358818,nan,300106.358818,nan,nan,0.0,14,64,,True,False,"HTTPConnectionPool(host='gpu06', port=9004): Read timed out.",0,59.56268577710819
232,2026-09-21T07:59:14.806+00:00,2026-09-21T08:04:14.910+00:00,2026-09-21T08:04:14.910+00:00,False,1,0.0,,0.0,300103.699209,300103.699209,300103.699209,300103.699209,300103.699209,300103.699209,nan,300103.699209,nan,nan,0.0,14,64,,True,False,"HTTPConnectionPool(host='gpu06', port=9004): Read timed out.",0,59.56268577710819
233,2026-09-21T07:59:15.205+00:00,2026-09-21T08:04:15.313+00:00,2026-09-21T08:04:15.313+00:00,False,1,0.0,,0.0,300108.089193,300108.089193,300108.089193,300108.089193,300108.089193,300108.089193,nan,300108.089193,nan,nan,0.0,14,64,,True,False,"HTTPConnectionPool(host='gpu06', port=9004): Read timed out.",0,59.56268577710819
234,2026-09-21T07:59:15.525+00:00,2026-09-21T08:04:15.615+00:00,2026-09-21T08:04:15.615+00:00,False,1,0.0,,0.0,300089.55001999997,300089.55001999997,300089.55001999997,300089.55001999997,300089.55001999997,300089.55001999997,nan,300089.55001999997,nan,nan,0.0,14,64,,True,False,"HTTPConnectionPool(host='gpu06', port=9004): Read timed out.",0,59.56268577710819
235,2026-09-21T07:59:15.912+00:00,2026-09-21T08:04:15.916+00:00,2026-09-21T08:04:15.971+00:00,False,3,2.0,,2.0,300003.716282,300058.83129,300058.83136300003,100019.61045433333,0.11320000000000001,300003.716282,173191.31817432525,270008.84484190005,27.557504,38.81217480894118,0.006665359560995709,14,64,,True,False,Request timeout: 300.0s exceeded,12,59.56268577710819
236,2026-09-21T07:59:16.307+00:00,2026-09-21T08:04:16.382+00:00,2026-09-21T08:04:16.382+00:00,False,1,0.0,,0.0,300074.50349800003,300074.50349800003,300074.50349800003,300074.50349800003,300074.50349800003,300074.50349800003,nan,300074.50349800003,nan,nan,0.0,14,64,,True,False,"HTTPConnectionPool(host='gpu06', port=9004): Read timed out.",0,59.56268577710819
237,2026-09-21T07:59:16.699+00:00,2026-09-21T08:04:16.805+00:00,2026-09-21T08:04:16.805+00:00,False,1,0.0,,0.0,300105.64251200005,300105.64251200005,300105.64251200005,300105.64251200005,300105.64251200005,300105.64251200005,nan,300105.64251200005,nan,nan,0.0,14,64,,True,False,"HTTPConnectionPool(host='gpu06', port=9004): Read timed out.",0,59.56268577710819
238,2026-09-21T07:59:17.102+00:00,2026-09-21T08:04:17.211+00:00,2026-09-21T08:04:17.211+00:00,False,1,0.0,,0.0,300108.670005,300108.670005,300108.670005,300108.670005,300108.670005,300108.670005,nan,300108.670005,nan,nan,0.0,14,64,,True,False,"HTTPConnectionPool(host='gpu06', port=9004): Read timed out.",0,59.56268577710819
239,2026-09-21T07:59:17.411+00:00,2026-09-21T08:04:17.533+00:00,2026-09-21T08:04:17.533+00:00,False,1,0.0,,0.0,300121.85996499995,300121.85996499995,300121.85996499995,300121.85996499995,300121.85996499995,300121.85996499995,nan,300121.85996499995,nan,nan,0.0,14,64,,True,False,"HTTPConnectionPool(host='gpu06', port=9004): Read timed out.",0,59.56268577710819
240,2026-09-21T07:59:17.777+00:00,2026-09-21T08:04:17.805+00:00,2026-09-21T08:04:17.805+00:00,False,1,0.0,,0.0,300027.90311799996,300027.90311799996,300027.90311799996,300027.90311799996,300027.90311799996,300027.90311799996,nan,300027.90311799996,nan,nan,0.0,14,64,,True,False,TTFT timeout: 300.0s exceeded (TTFT: 300.019s),0,59.56268577710819
241,2026-09-21T07:59:18.120+00:00,2026-09-21T08:04:18.211+00:00,2026-09-21T08:04:18.211+00:00,False,1,0.0,,0.0,300091.375206,300091.375206,300091.375206,300091.375206,300091.375206,300091.375206,nan,300091.375206,nan,nan,0.0,14,64,,True,False,"HTTPConnectionPool(host='gpu06', port=9004): Read timed out.",0,59.56268577710819
242,2026-09-21T07:59:19.345+00:00,2026-09-21T08:04:18.821+00:00,2026-09-21T08:04:19.582+00:00,False,12,11.0,,11.0,299475.452651,300236.086251,300236.086097,25019.67384141667,0.02299,299475.452651,86431.16140104049,134827.86268259998,69.14850909090909,34.47440281806264,0.036637834370129324,14,64,,True,False,Request timeout: 300.0s exceeded,55,59.56268577710819
243,2026-09-21T07:59:19.381+00:00,2026-09-21T08:04:19.276+00:00,2026-09-21T08:04:19.978+00:00,False,14,13.0,,13.0,299895.490777,300596.90517700004,300596.90517200006,21471.207512285717,0.03046,299895.490777,80136.02361689247,105016.50462125002,53.95495384615385,20.310140906372762,0.04324728490582838,14,64,,True,False,Request timeout: 300.0s exceeded,102,59.56268577710819
244,2026-09-21T07:59:19.520+00:00,2026-09-21T08:04:20.036+00:00,2026-09-21T08:04:20.036+00:00,False,1,0.0,,0.0,300515.861911,300515.861911,300515.861911,300515.861911,300515.861911,300515.861911,nan,300515.861911,nan,nan,0.0,14,64,,True,False,"HTTPConnectionPool(host='gpu06', port=9004): Read timed out.",0,59.56268577710819
246,2026-09-21T07:59:19.775+00:00,2026-09-21T08:04:20.400+00:00,2026-09-21T08:04:20.400+00:00,False,1,0.0,,0.0,300624.442287,300624.442287,300624.442287,300624.442287,300624.442287,300624.442287,nan,300624.442287,nan,nan,0.0,14,64,,True,False,"HTTPConnectionPool(host='gpu06', port=9004): Read timed out.",0,59.56268577710819
245,2026-09-21T07:59:19.729+00:00,2026-09-21T08:04:20.401+00:00,2026-09-21T08:04:20.401+00:00,False,1,0.0,,0.0,300672.391631,300672.391631,300672.391631,300672.391631,300672.391631,300672.391631,nan,300672.391631,nan,nan,0.0,14,64,,True,False,"HTTPConnectionPool(host='gpu06', port=9004): Read timed out.",0,59.56268577710819
247,2026-09-21T07:59:19.967+00:00,2026-09-21T08:04:20.862+00:00,2026-09-21T08:04:21.359+00:00,False,7,6.0,,6.0,300895.25486,301392.356684,301392.35677,43056.05096714285,0.02418,300895.25486,113696.41421981071,210678.2961302,82.850304,57.84557420755435,0.01990760504351742,14,64,,True,False,Request timeout: 300.0s exceeded,21,59.56268577710819
248,2026-09-21T07:59:20.246+00:00,2026-09-21T08:04:21.356+00:00,2026-09-21T08:04:21.406+00:00,False,3,2.0,,2.0,301109.988175,301159.710799,301159.710656,100386.57021866667,0.02827,301109.988175,173831.5808584018,271003.9587786,24.861312,35.11901831620058,0.006640994556323106,14,64,,True,False,Request timeout: 300.0s exceeded,5,59.56268577710819
252,2026-09-21T07:59:21.470+00:00,2026-09-21T08:04:21.524+00:00,2026-09-21T08:04:21.524+00:00,False,1,0.0,,0.0,300054.128682,300054.128682,300054.128682,300054.128682,300054.128682,300054.128682,nan,300054.128682,nan,nan,0.0,14,64,,True,False,"HTTPConnectionPool(host='gpu06', port=9004): Read timed out.",0,59.56268577710819
253,2026-09-21T07:59:21.744+00:00,2026-09-21T08:04:21.899+00:00,2026-09-21T08:04:21.899+00:00,False,1,0.0,,0.0,300154.834394,300154.834394,300154.834394,300154.834394,300154.834394,300154.834394,nan,300154.834394,nan,nan,0.0,14,64,,True,False,"HTTPConnectionPool(host='gpu06', port=9004): Read timed out.",0,59.56268577710819
249,2026-09-21T07:59:20.523+00:00,2026-09-21T08:04:21.899+00:00,2026-09-21T08:04:21.899+00:00,False,1,0.0,,0.0,301376.385322,301376.385322,301376.385322,301376.385322,301376.385322,301376.385322,nan,301376.385322,nan,nan,0.0,14,64,,True,False,"HTTPConnectionPool(host='gpu06', port=9004): Read timed out.",0,59.56268577710819
256,2026-09-21T07:59:22.553+00:00,2026-09-21T08:04:23.278+00:00,2026-09-21T08:04:23.278+00:00,False,1,0.0,,0.0,300724.679372,300724.679372,300724.679372,300724.679372,300724.679372,300724.679372,nan,300724.679372,nan,nan,0.0,14,64,,True,False,"HTTPConnectionPool(host='gpu06', port=9004): Read timed out.",0,59.56268577710819
257,2026-09-21T07:59:22.941+00:00,2026-09-21T08:04:23.284+00:00,2026-09-21T08:04:23.284+00:00,False,1,0.0,,0.0,300342.841958,300342.841958,300342.841958,300342.841958,300342.841958,300342.841958,nan,300342.841958,nan,nan,0.0,14,64,,True,False,"HTTPConnectionPool(host='gpu06', port=9004): Read timed out.",0,59.56268577710819
251,2026-09-21T07:59:21.153+00:00,2026-09-21T08:04:23.302+00:00,2026-09-21T08:04:23.302+00:00,False,1,0.0,,0.0,302148.781906,302148.781906,302148.781906,302148.781906,302148.781906,302148.781906,nan,302148.781906,nan,nan,0.0,14,64,,True,False,"HTTPConnectionPool(host='gpu06', port=9004): Read timed out.",0,59.56268577710819
255,2026-09-21T07:59:22.306+00:00,2026-09-21T08:04:23.311+00:00,2026-09-21T08:04:23.311+00:00,False,1,0.0,,0.0,301005.152265,301005.152265,301005.152265,301005.152265,301005.152265,301005.152265,nan,301005.152265,nan,nan,0.0,14,64,,True,False,"HTTPConnectionPool(host='gpu06', port=9004): Read timed out.",0,59.56268577710819
254,2026-09-21T07:59:22.001+00:00,2026-09-21T08:04:23.316+00:00,2026-09-21T08:04:23.316+00:00,False,1,0.0,,0.0,301315.377972,301315.377972,301315.377972,301315.377972,301315.377972,301315.377972,nan,301315.377972,nan,nan,0.0,14,64,,True,False,"HTTPConnectionPool(host='gpu06', port=9004): Read timed out.",0,59.56268577710819
250,2026-09-21T07:59:20.853+00:00,2026-09-21T08:04:23.323+00:00,2026-09-21T08:04:23.323+00:00,False,1,0.0,,0.0,302469.298383,302469.298383,302469.298383,302469.298383,302469.298383,302469.298383,nan,302469.298383,nan,nan,0.0,14,64,,True,False,"HTTPConnectionPool(host='gpu06', port=9004): Read timed out.",0,59.56268577710819
258,2026-09-21T07:59:23.260+00:00,2026-09-21T08:04:23.368+00:00,2026-09-21T08:04:23.368+00:00,False,1,0.0,,0.0,300108.276032,300108.276032,300108.276032,300108.276032,300108.276032,300108.276032,nan,300108.276032,nan,nan,0.0,14,64,,True,False,"HTTPConnectionPool(host='gpu06', port=9004): Read timed out.",0,59.56268577710819
259,2026-09-21T07:59:23.671+00:00,2026-09-21T08:04:23.783+00:00,2026-09-21T08:04:23.783+00:00,False,1,0.0,,0.0,300112.30034500005,300112.30034500005,300112.30034500005,300112.30034500005,300112.30034500005,300112.30034500005,nan,300112.30034500005,nan,nan,0.0,14,64,,True,False,"HTTPConnectionPool(host='gpu06', port=9004): Read timed out.",0,59.56268577710819
260,2026-09-21T07:59:23.992+00:00,2026-09-21T08:04:24.010+00:00,2026-09-21T08:04:24.010+00:00,False,1,0.0,,0.0,300018.65781199996,300018.65781199996,300018.65781199996,300018.65781199996,300018.65781199996,300018.65781199996,nan,300018.65781199996,nan,nan,0.0,14,64,,True,False,"HTTPConnectionPool(host='gpu06', port=9004): Read timed out.",0,59.56268577710819
261,2026-09-21T07:59:24.285+00:00,2026-09-21T08:04:24.396+00:00,2026-09-21T08:04:24.396+00:00,False,1,0.0,,0.0,300110.798344,300110.798344,300110.798344,300110.798344,300110.798344,300110.798344,nan,300110.798344,nan,nan,0.0,14,64,,True,False,"HTTPConnectionPool(host='gpu06', port=9004): Read timed out.",0,59.56268577710819
262,2026-09-21T07:59:24.687+00:00,2026-09-21T08:04:24.789+00:00,2026-09-21T08:04:24.789+00:00,False,1,0.0,,0.0,300101.67257700005,300101.67257700005,300101.67257700005,300101.67257700005,300101.67257700005,300101.67257700005,nan,300101.67257700005,nan,nan,0.0,14,64,,True,False,"HTTPConnectionPool(host='gpu06', port=9004): Read timed out.",0,59.56268577710819
263,2026-09-21T07:59:24.985+00:00,2026-09-21T08:04:25.086+00:00,2026-09-21T08:04:25.086+00:00,False,1,0.0,,0.0,300100.79008600005,300100.79008600005,300100.79008600005,300100.79008600005,300100.79008600005,300100.79008600005,nan,300100.79008600005,nan,nan,0.0,14,64,,True,False,"HTTPConnectionPool(host='gpu06', port=9004): Read timed out.",0,59.56268577710819
264,2026-09-21T07:59:25.260+00:00,2026-09-21T08:04:25.326+00:00,2026-09-21T08:04:25.326+00:00,False,1,0.0,,0.0,300066.364077,300066.364077,300066.364077,300066.364077,300066.364077,300066.364077,nan,300066.364077,nan,nan,0.0,14,64,,True,False,TTFT timeout: 300.0s exceeded (TTFT: 300.059s),0,59.56268577710819
265,2026-09-21T07:59:25.617+00:00,2026-09-21T08:04:25.531+00:00,2026-09-21T08:04:25.639+00:00,False,3,2.0,,2.0,299913.13656,300021.235632,300021.235403,100007.07846766667,0.02755,299913.13656,173123.73310691435,269932.6300333,54.049536,76.39848667460035,0.0066661947971348254,14,64,,True,False,Request timeout: 300.0s exceeded,4,59.56268577710819
266,2026-09-21T07:59:25.837+00:00,2026-09-21T08:04:25.947+00:00,2026-09-21T08:04:25.947+00:00,False,1,0.0,,0.0,300110.4501,300110.4501,300110.4501,300110.4501,300110.4501,300110.4501,nan,300110.4501,nan,nan,0.0,14,64,,True,False,"HTTPConnectionPool(host='gpu06', port=9004): Read timed out.",0,59.56268577710819
267,2026-09-21T07:59:26.134+00:00,2026-09-21T08:04:26.240+00:00,2026-09-21T08:04:26.240+00:00,False,1,0.0,,0.0,300106.218929,300106.218929,300106.218929,300106.218929,300106.218929,300106.218929,nan,300106.218929,nan,nan,0.0,14,64,,True,False,"HTTPConnectionPool(host='gpu06', port=9004): Read timed out.",0,59.56268577710819
268,2026-09-21T07:59:26.396+00:00,2026-09-21T08:04:26.488+00:00,2026-09-21T08:04:26.488+00:00,False,1,0.0,,0.0,300092.102221,300092.102221,300092.102221,300092.102221,300092.102221,300092.102221,nan,300092.102221,nan,nan,0.0,14,64,,True,False,"HTTPConnectionPool(host='gpu06', port=9004): Read timed out.",0,59.56268577710819
269,2026-09-21T07:59:26.618+00:00,2026-09-21T08:04:26.728+00:00,2026-09-21T08:04:26.728+00:00,False,1,0.0,,0.0,300109.816827,300109.816827,300109.816827,300109.816827,300109.816827,300109.816827,nan,300109.816827,nan,nan,0.0,14,64,,True,False,"HTTPConnectionPool(host='gpu06', port=9004): Read timed out.",0,59.56268577710819
270,2026-09-21T07:59:26.850+00:00,2026-09-21T08:04:26.954+00:00,2026-09-21T08:04:26.954+00:00,False,1,0.0,,0.0,300104.538291,300104.538291,300104.538291,300104.538291,300104.538291,300104.538291,nan,300104.538291,nan,nan,0.0,14,64,,True,False,"HTTPConnectionPool(host='gpu06', port=9004): Read timed out.",0,59.56268577710819
271,2026-09-21T07:59:27.081+00:00,2026-09-21T08:04:27.084+00:00,2026-09-21T08:04:27.288+00:00,False,3,2.0,,2.0,300003.377254,300206.76387799997,300206.763788,100068.92126266667,0.044829999999999995,300003.377254,173148.34781717538,270023.373699,101.693312,143.75270426544432,0.0066620750784042075,14,64,,True,False,Request timeout: 300.0s exceeded,7,59.56268577710819
272,2026-09-21T07:59:27.308+00:00,2026-09-21T08:04:27.289+00:00,2026-09-21T08:04:27.515+00:00,False,3,2.0,,2.0,299981.344888,300207.80428,300207.804253,100069.26808433334,0.02426,299981.344888,173128.97404661652,270005.8539097,113.229696,160.09657807274567,0.006662051990276127,14,64,,True,False,Request timeout: 300.0s exceeded,14,59.56268577710819
273,2026-09-21T07:59:27.564+00:00,2026-09-21T08:04:27.515+00:00,2026-09-21T08:04:27.658+00:00,False,3,2.0,,2.0,299951.630681,300094.94178500003,300094.941914,100031.64730466667,0.02786,299951.630681,173135.79914457482,269970.79595020006,71.655552,101.29715328115806,0.006664557516710427,14,64,,True,False,Request timeout: 300.0s exceeded,10,59.56268577710819
274,2026-09-21T07:59:27.784+00:00,2026-09-21T08:04:27.763+00:00,2026-09-21T08:04:27.763+00:00,True,1,1.0,,1.0,299978.458546,299978.458546,299978.458546,299978.458546,299978.458546,299978.458546,nan,299978.458546,nan,nan,0.0033335727000099098,14,64,,True,True,,2,59.56268577710819
275,2026-09-21T07:59:28.071+00:00,2026-09-21T08:04:28.101+00:00,2026-09-21T08:04:28.101+00:00,False,1,0.0,,0.0,300029.667038,300029.667038,300029.667038,300029.667038,300029.667038,300029.667038,nan,300029.667038,nan,nan,0.0,14,64,,True,False,"HTTPConnectionPool(host='gpu06', port=9004): Read timed out.",0,59.56268577710819
276,2026-09-21T07:59:28.328+00:00,2026-09-21T08:04:28.429+00:00,2026-09-21T08:04:28.429+00:00,False,1,0.0,,0.0,300101.164272,300101.164272,300101.164272,300101.164272,300101.164272,300101.164272,nan,300101.164272,nan,nan,0.0,14,64,,True,False,"HTTPConnectionPool(host='gpu06', port=9004): Read timed out.",0,59.56268577710819
277,2026-09-21T07:59:28.568+00:00,2026-09-21T08:04:28.671+00:00,2026-09-21T08:04:28.671+00:00,False,1,0.0,,0.0,300102.788736,300102.788736,300102.788736,300102.788736,300102.788736,300102.788736,nan,300102.788736,nan,nan,0.0,14,64,,True,False,"HTTPConnectionPool(host='gpu06', port=9004): Read timed out.",0,59.56268577710819
278,2026-09-21T07:59:28.904+00:00,2026-09-21T08:04:28.949+00:00,2026-09-21T08:04:28.949+00:00,False,1,0.0,,0.0,300044.824713,300044.824713,300044.824713,300044.824713,300044.824713,300044.824713,nan,300044.824713,nan,nan,0.0,14,64,,True,False,"HTTPConnectionPool(host='gpu06', port=9004): Read timed out.",0,59.56268577710819
279,2026-09-21T07:59:29.182+00:00,2026-09-21T08:04:29.265+00:00,2026-09-21T08:04:29.265+00:00,False,1,0.0,,0.0,300082.90615399997,300082.90615399997,300082.90615399997,300082.90615399997,300082.90615399997,300082.90615399997,nan,300082.90615399997,nan,nan,0.0,14,64,,True,False,TTFT timeout: 300.0s exceeded (TTFT: 300.080s),0,59.56268577710819
280,2026-09-21T07:59:29.579+00:00,2026-09-21T08:04:29.605+00:00,2026-09-21T08:04:29.605+00:00,False,1,0.0,,0.0,300026.202727,300026.202727,300026.202727,300026.202727,300026.202727,300026.202727,nan,300026.202727,nan,nan,0.0,14,64,,True,False,TTFT timeout: 300.0s exceeded (TTFT: 300.020s),0,59.56268577710819
281,2026-09-21T07:59:29.834+00:00,2026-09-21T08:04:29.750+00:00,2026-09-21T08:04:29.897+00:00,False,4,3.0,,3.0,299915.84474800003,300062.40142,300062.401491,75015.60037275,0.029769999999999998,299915.84474800003,149933.50022810593,254939.64450595004,48.852224,42.29991470036298,0.00999792038523638,14,64,,True,False,Request timeout: 300.0s exceeded,13,59.56268577710819
282,2026-09-21T07:59:30.210+00:00,2026-09-21T08:04:30.313+00:00,2026-09-21T08:04:30.313+00:00,False,1,0.0,,0.0,300103.647496,300103.647496,300103.647496,300103.647496,300103.647496,300103.647496,nan,300103.647496,nan,nan,0.0,14,64,,True,False,"HTTPConnectionPool(host='gpu06', port=9004): Read timed out.",0,59.56268577710819
283,2026-09-21T07:59:30.550+00:00,2026-09-21T08:04:30.665+00:00,2026-09-21T08:04:30.665+00:00,False,1,0.0,,0.0,300115.05159399996,300115.05159399996,300115.05159399996,300115.05159399996,300115.05159399996,300115.05159399996,nan,300115.05159399996,nan,nan,0.0,14,64,,True,False,"HTTPConnectionPool(host='gpu06', port=9004): Read timed out.",0,59.56268577710819
284,2026-09-21T07:59:30.904+00:00,2026-09-21T08:04:31.011+00:00,2026-09-21T08:04:31.011+00:00,False,1,0.0,,0.0,300107.27995999996,300107.27995999996,300107.27995999996,300107.27995999996,300107.27995999996,300107.27995999996,nan,300107.27995999996,nan,nan,0.0,14,64,,True,False,"HTTPConnectionPool(host='gpu06', port=9004): Read timed out.",0,59.56268577710819
285,2026-09-21T07:59:31.280+00:00,2026-09-21T08:04:31.391+00:00,2026-09-21T08:04:31.391+00:00,False,1,0.0,,0.0,300111.676705,300111.676705,300111.676705,300111.676705,300111.676705,300111.676705,nan,300111.676705,nan,nan,0.0,14,64,,True,False,"HTTPConnectionPool(host='gpu06', port=9004): Read timed out.",0,59.56268577710819
286,2026-09-21T07:59:31.577+00:00,2026-09-21T08:04:31.692+00:00,2026-09-21T08:04:32.861+00:00,False,20,19.0,,19.0,300114.953815,301284.001111,301284.001,15064.200050000001,0.024059999999999998,300114.953815,67093.99350677515,15179.190600550002,61.52880505263158,33.63078514240181,0.06306342165510462,14,64,,True,False,Request timeout: 300.0s exceeded,61,59.56268577710819
287,2026-09-21T07:59:31.875+00:00,2026-09-21T08:04:31.873+00:00,2026-09-21T08:04:32.916+00:00,False,20,19.0,,19.0,299998.094672,301040.781136,301040.781164,15052.039058199998,0.03434,299998.094672,67069.34410709131,15073.98571555,54.87823494736842,16.71449472219669,0.06311437250561891,14,64,,True,False,Request timeout: 300.0s exceeded,57,59.56268577710819
290,2026-09-21T07:59:32.819+00:00,2026-09-21T08:04:32.462+00:00,2026-09-21T08:04:32.742+00:00,True,6,6.0,,6.0,299642.598591,299922.502079,299922.50197700004,49987.083662833335,46.591661,299642.598591,122305.72510197741,224751.07484350004,55.9806976,12.2753761590363,0.020005167863062143,14,64,,True,True,,24,59.56268577710819
291,2026-09-21T07:59:33.144+00:00,2026-09-21T08:04:33.174+00:00,2026-09-21T08:04:33.174+00:00,False,1,0.0,,0.0,300029.673778,300029.673778,300029.673778,300029.673778,300029.673778,300029.673778,nan,300029.673778,nan,nan,0.0,14,64,,True,False,"HTTPConnectionPool(host='gpu06', port=9004): Read timed out.",0,59.56268577710819
288,2026-09-21T07:59:32.162+00:00,2026-09-21T08:04:33.221+00:00,2026-09-21T08:04:33.221+00:00,False,1,0.0,,0.0,301059.27684500004,301059.27684500004,301059.27684500004,301059.27684500004,301059.27684500004,301059.27684500004,nan,301059.27684500004,nan,nan,0.0,14,64,,True,False,"HTTPConnectionPool(host='gpu06', port=9004): Read timed out.",0,59.56268577710819
289,2026-09-21T07:59:32.441+00:00,2026-09-21T08:04:33.473+00:00,2026-09-21T08:04:33.473+00:00,False,1,0.0,,0.0,301032.353357,301032.353357,301032.353357,301032.353357,301032.353357,301032.353357,nan,301032.353357,nan,nan,0.0,14,64,,True,False,"HTTPConnectionPool(host='gpu06', port=9004): Read timed out.",0,59.56268577710819
292,2026-09-21T07:59:33.481+00:00,2026-09-21T08:04:33.495+00:00,2026-09-21T08:04:33.495+00:00,False,1,0.0,,0.0,300014.634065,300014.634065,300014.634065,300014.634065,300014.634065,300014.634065,nan,300014.634065,nan,nan,0.0,14,64,,True,False,"HTTPConnectionPool(host='gpu06', port=9004): Read timed out.",0,59.56268577710819
294,2026-09-21T07:59:34.901+00:00,2026-09-21T08:04:34.282+00:00,2026-09-21T08:04:35.055+00:00,False,15,14.0,,14.0,299381.504917,300153.94600500003,300153.94585300004,20010.26305686667,0.02916,299381.504917,77285.7291543278,89886.8040295,55.174363428571425,22.08654971680565,0.04664273179259414,14,64,,True,False,Request timeout: 300.0s exceeded,39,59.56268577710819
295,2026-09-21T07:59:34.985+00:00,2026-09-21T08:04:34.384+00:00,2026-09-21T08:04:34.713+00:00,True,7,7.0,,7.0,299399.07764200005,299728.27162600006,299728.27163800003,42818.32451971429,42.049071000000005,299399.07764200005,113141.4776987628,209600.12088970002,54.865664,10.035473267136494,0.023354486922523537,14,64,,True,True,,22,59.56268577710819
293,2026-09-21T07:59:34.844+00:00,2026-09-21T08:04:35.391+00:00,2026-09-21T08:04:35.391+00:00,False,1,0.0,,0.0,300546.260255,300546.260255,300546.260255,300546.260255,300546.260255,300546.260255,nan,300546.260255,nan,nan,0.0,14,64,,True,False,TTFT timeout: 300.0s exceeded (TTFT: 300.020s),0,59.56268577710819
296,2026-09-21T07:59:35.110+00:00,2026-09-21T08:04:35.427+00:00,2026-09-21T08:04:35.427+00:00,False,1,0.0,,0.0,300316.875562,300316.875562,300316.875562,300316.875562,300316.875562,300316.875562,nan,300316.875562,nan,nan,0.0,14,64,,True,False,"HTTPConnectionPool(host='gpu06', port=9004): Read timed out.",0,59.56268577710819
297,2026-09-21T07:59:35.189+00:00,2026-09-21T08:04:35.547+00:00,2026-09-21T08:04:35.547+00:00,False,1,0.0,,0.0,300358.284308,300358.284308,300358.284308,300358.284308,300358.284308,300358.284308,nan,300358.284308,nan,nan,0.0,14,64,,True,False,"HTTPConnectionPool(host='gpu06', port=9004): Read timed out.",0,59.56268577710819
298,2026-09-21T07:59:35.607+00:00,2026-09-21T08:04:36.022+00:00,2026-09-21T08:04:36.022+00:00,False,1,0.0,,0.0,300415.324042,300415.324042,300415.324042,300415.324042,300415.324042,300415.324042,nan,300415.324042,nan,nan,0.0,14,64,,True,False,"HTTPConnectionPool(host='gpu06', port=9004): Read timed out.",0,59.56268577710819
299,2026-09-21T07:59:35.967+00:00,2026-09-21T08:04:36.213+00:00,2026-09-21T08:04:36.213+00:00,False,1,0.0,,0.0,300246.431369,300246.431369,300246.431369,300246.431369,300246.431369,300246.431369,nan,300246.431369,nan,nan,0.0,14,64,,True,False,"HTTPConnectionPool(host='gpu06', port=9004): Read timed out.",0,59.56268577710819
300,2026-09-21T07:59:36.167+00:00,2026-09-21T08:04:36.306+00:00,2026-09-21T08:04:36.306+00:00,False,1,0.0,,0.0,300139.286316,300139.286316,300139.286316,300139.286316,300139.286316,300139.286316,nan,300139.286316,nan,nan,0.0,14,64,,True,False,"HTTPConnectionPool(host='gpu06', port=9004): Read timed out.",0,59.56268577710819
301,2026-09-21T07:59:36.485+00:00,2026-09-21T08:04:36.602+00:00,2026-09-21T08:04:36.602+00:00,False,1,0.0,,0.0,300117.172449,300117.172449,300117.172449,300117.172449,300117.172449,300117.172449,nan,300117.172449,nan,nan,0.0,14,64,,True,False,"HTTPConnectionPool(host='gpu06', port=9004): Read timed out.",0,59.56268577710819
302,2026-09-21T07:59:36.864+00:00,2026-09-21T08:04:36.977+00:00,2026-09-21T08:04:36.977+00:00,False,1,0.0,,0.0,300112.885343,300112.885343,300112.885343,300112.885343,300112.885343,300112.885343,nan,300112.885343,nan,nan,0.0,14,64,,True,False,"HTTPConnectionPool(host='gpu06', port=9004): Read timed out.",0,59.56268577710819
303,2026-09-21T07:59:37.083+00:00,2026-09-21T08:04:37.188+00:00,2026-09-21T08:04:37.188+00:00,False,1,0.0,,0.0,300104.979221,300104.979221,300104.979221,300104.979221,300104.979221,300104.979221,nan,300104.979221,nan,nan,0.0,14,64,,True,False,"HTTPConnectionPool(host='gpu06', port=9004): Read timed out.",0,59.56268577710819
304,2026-09-21T07:59:37.467+00:00,2026-09-21T08:04:37.568+00:00,2026-09-21T08:04:37.568+00:00,False,1,0.0,,0.0,300101.474144,300101.474144,300101.474144,300101.474144,300101.474144,300101.474144,nan,300101.474144,nan,nan,0.0,14,64,,True,False,"HTTPConnectionPool(host='gpu06', port=9004): Read timed out.",0,59.56268577710819
305,2026-09-21T07:59:37.711+00:00,2026-09-21T08:04:37.737+00:00,2026-09-21T08:04:37.737+00:00,False,1,0.0,,0.0,300025.72395200003,300025.72395200003,300025.72395200003,300025.72395200003,300025.72395200003,300025.72395200003,nan,300025.72395200003,nan,nan,0.0,14,64,,True,False,"HTTPConnectionPool(host='gpu06', port=9004): Read timed out.",0,59.56268577710819
306,2026-09-21T07:59:38.077+00:00,2026-09-21T08:04:38.080+00:00,2026-09-21T08:04:38.255+00:00,False,3,2.0,,2.0,300002.776689,300177.312369,300177.31239800004,100059.10413266667,0.03847,300002.776689,173156.3217311202,270019.948744,87.26784,123.36105708621015,0.0066627287192892615,14,64,,True,False,Request timeout: 300.0s exceeded,6,59.56268577710819
307,2026-09-21T07:59:38.459+00:00,2026-09-21T08:04:38.549+00:00,2026-09-21T08:04:38.549+00:00,False,1,0.0,,0.0,300089.758696,300089.758696,300089.758696,300089.758696,300089.758696,300089.758696,nan,300089.758696,nan,nan,0.0,14,64,,True,False,"HTTPConnectionPool(host='gpu06', port=9004): Read timed out.",0,59.56268577710819
308,2026-09-21T07:59:38.718+00:00,2026-09-21T08:04:38.834+00:00,2026-09-21T08:04:38.834+00:00,False,1,0.0,,0.0,300115.81132700003,300115.81132700003,300115.81132700003,300115.81132700003,300115.81132700003,300115.81132700003,nan,300115.81132700003,nan,nan,0.0,14,64,,True,False,"HTTPConnectionPool(host='gpu06', port=9004): Read timed out.",0,59.56268577710819
309,2026-09-21T07:59:38.956+00:00,2026-09-21T08:04:39.061+00:00,2026-09-21T08:04:39.061+00:00,False,1,0.0,,0.0,300104.787471,300104.787471,300104.787471,300104.787471,300104.787471,300104.787471,nan,300104.787471,nan,nan,0.0,14,64,,True,False,"HTTPConnectionPool(host='gpu06', port=9004): Read timed out.",0,59.56268577710819
310,2026-09-21T07:59:39.222+00:00,2026-09-21T08:04:39.294+00:00,2026-09-21T08:04:39.294+00:00,False,1,0.0,,0.0,300072.70113400003,300072.70113400003,300072.70113400003,300072.70113400003,300072.70113400003,300072.70113400003,nan,300072.70113400003,nan,nan,0.0,14,64,,True,False,"HTTPConnectionPool(host='gpu06', port=9004): Read timed out.",0,59.56268577710819
311,2026-09-21T07:59:39.576+00:00,2026-09-21T08:04:39.681+00:00,2026-09-21T08:04:39.681+00:00,False,1,0.0,,0.0,300104.728749,300104.728749,300104.728749,300104.728749,300104.728749,300104.728749,nan,300104.728749,nan,nan,0.0,14,64,,True,False,"HTTPConnectionPool(host='gpu06', port=9004): Read timed out.",0,59.56268577710819
312,2026-09-21T07:59:39.830+00:00,2026-09-21T08:04:39.935+00:00,2026-09-21T08:04:39.935+00:00,False,1,0.0,,0.0,300105.20318199997,300105.20318199997,300105.20318199997,300105.20318199997,300105.20318199997,300105.20318199997,nan,300105.20318199997,nan,nan,0.0,14,64,,True,False,"HTTPConnectionPool(host='gpu06', port=9004): Read timed out.",0,59.56268577710819
313,2026-09-21T07:59:40.088+00:00,2026-09-21T08:04:40.043+00:00,2026-09-21T08:04:40.157+00:00,False,3,2.0,,2.0,299954.948272,300068.112048,300068.111895,100022.70396500001,0.03587,299954.948272,173146.41183885085,269970.7662201,56.581888,79.96782594152805,0.006665153409170225,14,64,,True,False,Request timeout: 300.0s exceeded,13,59.56268577710819
314,2026-09-21T07:59:40.449+00:00,2026-09-21T08:04:40.462+00:00,2026-09-21T08:04:40.462+00:00,False,1,0.0,,0.0,300012.74118400004,300012.74118400004,300012.74118400004,300012.74118400004,300012.74118400004,300012.74118400004,nan,300012.74118400004,nan,nan,0.0,14,64,,True,False,TTFT timeout: 300.0s exceeded (TTFT: 300.007s),0,59.56268577710819
315,2026-09-21T07:59:40.787+00:00,2026-09-21T08:04:40.877+00:00,2026-09-21T08:04:40.877+00:00,False,1,0.0,,0.0,300090.69710000005,300090.69710000005,300090.69710000005,300090.69710000005,300090.69710000005,300090.69710000005,nan,300090.69710000005,nan,nan,0.0,14,64,,True,False,"HTTPConnectionPool(host='gpu06', port=9004): Read timed out.",0,59.56268577710819
316,2026-09-21T07:59:41.058+00:00,2026-09-21T08:04:41.159+00:00,2026-09-21T08:04:41.159+00:00,False,1,0.0,,0.0,300101.211369,300101.211369,300101.211369,300101.211369,300101.211369,300101.211369,nan,300101.211369,nan,nan,0.0,14,64,,True,False,"HTTPConnectionPool(host='gpu06', port=9004): Read timed out.",0,59.56268577710819
317,2026-09-21T07:59:41.309+00:00,2026-09-21T08:04:41.414+00:00,2026-09-21T08:04:41.414+00:00,False,1,0.0,,0.0,300104.95682099997,300104.95682099997,300104.95682099997,300104.95682099997,300104.95682099997,300104.95682099997,nan,300104.95682099997,nan,nan,0.0,14,64,,True,False,"HTTPConnectionPool(host='gpu06', port=9004): Read timed out.",0,59.56268577710819
318,2026-09-21T07:59:41.682+00:00,2026-09-21T08:04:41.788+00:00,2026-09-21T08:04:41.788+00:00,False,1,0.0,,0.0,300106.201795,300106.201795,300106.201795,300106.201795,300106.201795,300106.201795,nan,300106.201795,nan,nan,0.0,14,64,,True,False,"HTTPConnectionPool(host='gpu06', port=9004): Read timed out.",0,59.56268577710819
319,2026-09-21T07:59:42.057+00:00,2026-09-21T08:04:42.086+00:00,2026-09-21T08:04:42.086+00:00,False,1,0.0,,0.0,300028.55146399996,300028.55146399996,300028.55146399996,300028.55146399996,300028.55146399996,300028.55146399996,nan,300028.55146399996,nan,nan,0.0,14,64,,True,False,"HTTPConnectionPool(host='gpu06', port=9004): Read timed out.",0,59.56268577710819
320,2026-09-21T07:59:42.319+00:00,2026-09-21T08:04:42.393+00:00,2026-09-21T08:04:42.393+00:00,False,1,0.0,,0.0,300074.563902,300074.563902,300074.563902,300074.563902,300074.563902,300074.563902,nan,300074.563902,nan,nan,0.0,14,64,,True,False,"HTTPConnectionPool(host='gpu06', port=9004): Read timed out.",0,59.56268577710819
321,2026-09-21T07:59:42.549+00:00,2026-09-21T08:04:42.599+00:00,2026-09-21T08:04:42.599+00:00,False,1,0.0,,0.0,300050.28689999995,300050.28689999995,300050.28689999995,300050.28689999995,300050.28689999995,300050.28689999995,nan,300050.28689999995,nan,nan,0.0,14,64,,True,False,TTFT timeout: 300.0s exceeded (TTFT: 300.040s),0,59.56268577710819
322,2026-09-21T07:59:42.828+00:00,2026-09-21T08:04:42.910+00:00,2026-09-21T08:04:42.910+00:00,False,1,0.0,,0.0,300081.684346,300081.684346,300081.684346,300081.684346,300081.684346,300081.684346,nan,300081.684346,nan,nan,0.0,14,64,,True,False,TTFT timeout: 300.0s exceeded (TTFT: 300.076s),0,59.56268577710819
323,2026-09-21T07:59:43.094+00:00,2026-09-21T08:04:43.208+00:00,2026-09-21T08:04:43.208+00:00,False,1,0.0,,0.0,300113.645514,300113.645514,300113.645514,300113.645514,300113.645514,300113.645514,nan,300113.645514,nan,nan,0.0,14,64,,True,False,"HTTPConnectionPool(host='gpu06', port=9004): Read timed out.",0,59.56268577710819
324,2026-09-21T07:59:43.497+00:00,2026-09-21T08:04:43.603+00:00,2026-09-21T08:04:43.603+00:00,False,1,0.0,,0.0,300106.006334,300106.006334,300106.006334,300106.006334,300106.006334,300106.006334,nan,300106.006334,nan,nan,0.0,14,64,,True,False,"HTTPConnectionPool(host='gpu06', port=9004): Read timed out.",0,59.56268577710819
325,2026-09-21T07:59:43.860+00:00,2026-09-21T08:04:43.961+00:00,2026-09-21T08:04:43.961+00:00,False,1,0.0,,0.0,300101.40988,300101.40988,300101.40988,300101.40988,300101.40988,300101.40988,nan,300101.40988,nan,nan,0.0,14,64,,True,False,"HTTPConnectionPool(host='gpu06', port=9004): Read timed out.",0,59.56268577710819
326,2026-09-21T07:59:44.136+00:00,2026-09-21T08:04:44.237+00:00,2026-09-21T08:04:44.237+00:00,False,1,0.0,,0.0,300101.12776,300101.12776,300101.12776,300101.12776,300101.12776,300101.12776,nan,300101.12776,nan,nan,0.0,14,64,,True,False,TTFT timeout: 300.0s exceeded (TTFT: 300.091s),0,59.56268577710819
327,2026-09-21T07:59:44.409+00:00,2026-09-21T08:04:44.407+00:00,2026-09-21T08:04:44.636+00:00,False,3,2.0,,2.0,299998.255655,300226.480423,300226.480531,100075.49351033333,0.02113,299998.255655,173138.22840288992,270021.2504641,114.112384,161.34959391642522,0.006661637565021338,14,64,,True,False,Request timeout: 300.0s exceeded,7,59.56268577710819
328,2026-09-21T07:59:44.761+00:00,2026-09-21T08:04:44.748+00:00,2026-09-21T08:04:44.922+00:00,False,3,2.0,,2.0,299986.669873,300160.403505,300160.403503,100053.46783433334,0.03358,299986.669873,173147.25379885882,270005.3728907,86.866816,122.80080224134043,0.006663104049187769,14,64,,True,False,Request timeout: 300.0s exceeded,2,59.56268577710819
329,2026-09-21T07:59:45.112+00:00,2026-09-21T08:04:45.214+00:00,2026-09-21T08:04:45.214+00:00,False,1,0.0,,0.0,300101.879074,300101.879074,300101.879074,300101.879074,300101.879074,300101.879074,nan,300101.879074,nan,nan,0.0,14,64,,True,False,"HTTPConnectionPool(host='gpu06', port=9004): Read timed out.",0,59.56268577710819
330,2026-09-21T07:59:45.438+00:00,2026-09-21T08:04:45.883+00:00,2026-09-21T08:04:47.032+00:00,False,19,18.0,,18.0,300444.504254,301594.115262,301594.11517400004,15873.374482842106,0.02388,300444.504254,68912.05169338867,30196.1876894,63.867278222222225,32.90602495266907,0.05968286212866949,14,64,,True,False,Request timeout: 300.0s exceeded,52,59.56268577710819
331,2026-09-21T07:59:45.729+00:00,2026-09-21T08:04:46.200+00:00,2026-09-21T08:04:47.130+00:00,False,18,17.0,,17.0,300471.16501,301400.82133,301400.821253,16744.49006961111,0.033909999999999996,300471.16501,70808.84498617152,45134.26993675,54.68566588235294,16.19757938665936,0.05640329686224349,14,64,,True,False,Request timeout: 300.0s exceeded,85,59.56268577710819
332,2026-09-21T07:59:46.014+00:00,2026-09-21T08:04:47.285+00:00,2026-09-21T08:04:47.285+00:00,False,1,0.0,,0.0,301270.68181800004,301270.68181800004,301270.68181800004,301270.68181800004,301270.68181800004,301270.68181800004,nan,301270.68181800004,nan,nan,0.0,14,64,,True,False,"HTTPConnectionPool(host='gpu06', port=9004): Read timed out.",0,59.56268577710819
335,2026-09-21T07:59:47.106+00:00,2026-09-21T08:04:47.293+00:00,2026-09-21T08:04:47.293+00:00,False,1,0.0,,0.0,300187.29201200005,300187.29201200005,300187.29201200005,300187.29201200005,300187.29201200005,300187.29201200005,nan,300187.29201200005,nan,nan,0.0,14,64,,True,False,"HTTPConnectionPool(host='gpu06', port=9004): Read timed out.",0,59.56268577710819
333,2026-09-21T07:59:46.383+00:00,2026-09-21T08:04:47.507+00:00,2026-09-21T08:04:47.507+00:00,False,1,0.0,,0.0,301123.835012,301123.835012,301123.835012,301123.835012,301123.835012,301123.835012,nan,301123.835012,nan,nan,0.0,14,64,,True,False,"HTTPConnectionPool(host='gpu06', port=9004): Read timed out.",0,59.56268577710819
336,2026-09-21T07:59:47.497+00:00,2026-09-21T08:04:47.528+00:00,2026-09-21T08:04:47.528+00:00,False,1,0.0,,0.0,300031.47469199996,300031.47469199996,300031.47469199996,300031.47469199996,300031.47469199996,300031.47469199996,nan,300031.47469199996,nan,nan,0.0,14,64,,True,False,"HTTPConnectionPool(host='gpu06', port=9004): Read timed out.",0,59.56268577710819
334,2026-09-21T07:59:46.718+00:00,2026-09-21T08:04:47.807+00:00,2026-09-21T08:04:47.807+00:00,False,1,0.0,,0.0,301089.461734,301089.461734,301089.461734,301089.461734,301089.461734,301089.461734,nan,301089.461734,nan,nan,0.0,14,64,,True,False,"HTTPConnectionPool(host='gpu06', port=9004): Read timed out.",0,59.56268577710819
337,2026-09-21T07:59:47.879+00:00,2026-09-21T08:04:47.885+00:00,2026-09-21T08:04:47.885+00:00,False,1,0.0,,0.0,300006.229648,300006.229648,300006.229648,300006.229648,300006.229648,300006.229648,nan,300006.229648,nan,nan,0.0,14,64,,True,False,"HTTPConnectionPool(host='gpu06', port=9004): Read timed out.",0,59.56268577710819
338,2026-09-21T07:59:48.267+00:00,2026-09-21T08:04:48.371+00:00,2026-09-21T08:04:48.371+00:00,False,1,0.0,,0.0,300103.871504,300103.871504,300103.871504,300103.871504,300103.871504,300103.871504,nan,300103.871504,nan,nan,0.0,14,64,,True,False,"HTTPConnectionPool(host='gpu06', port=9004): Read timed out.",0,59.56268577710819
339,2026-09-21T07:59:48.633+00:00,2026-09-21T08:04:48.727+00:00,2026-09-21T08:04:48.727+00:00,False,1,0.0,,0.0,300094.088749,300094.088749,300094.088749,300094.088749,300094.088749,300094.088749,nan,300094.088749,nan,nan,0.0,14,64,,True,False,"HTTPConnectionPool(host='gpu06', port=9004): Read timed out.",0,59.56268577710819
340,2026-09-21T07:59:49.003+00:00,2026-09-21T08:04:49.024+00:00,2026-09-21T08:04:49.024+00:00,False,1,0.0,,0.0,300020.190049,300020.190049,300020.190049,300020.190049,300020.190049,300020.190049,nan,300020.190049,nan,nan,0.0,14,64,,True,False,TTFT timeout: 300.0s exceeded (TTFT: 300.017s),0,59.56268577710819
341,2026-09-21T07:59:49.250+00:00,2026-09-21T08:04:49.283+00:00,2026-09-21T08:04:49.283+00:00,False,1,0.0,,0.0,300033.37789099995,300033.37789099995,300033.37789099995,300033.37789099995,300033.37789099995,300033.37789099995,nan,300033.37789099995,nan,nan,0.0,14,64,,True,False,TTFT timeout: 300.0s exceeded (TTFT: 300.032s),0,59.56268577710819
342,2026-09-21T07:59:49.614+00:00,2026-09-21T08:04:49.716+00:00,2026-09-21T08:04:49.716+00:00,False,1,0.0,,0.0,300101.521213,300101.521213,300101.521213,300101.521213,300101.521213,300101.521213,nan,300101.521213,nan,nan,0.0,14,64,,True,False,"HTTPConnectionPool(host='gpu06', port=9004): Read timed out.",0,59.56268577710819
343,2026-09-21T07:59:49.973+00:00,2026-09-21T08:04:50.066+00:00,2026-09-21T08:04:50.066+00:00,False,1,0.0,,0.0,300093.12039999996,300093.12039999996,300093.12039999996,300093.12039999996,300093.12039999996,300093.12039999996,nan,300093.12039999996,nan,nan,0.0,14,64,,True,False,"HTTPConnectionPool(host='gpu06', port=9004): Read timed out.",0,59.56268577710819
344,2026-09-21T07:59:50.305+00:00,2026-09-21T08:04:50.416+00:00,2026-09-21T08:04:50.416+00:00,False,1,0.0,,0.0,300110.928969,300110.928969,300110.928969,300110.928969,300110.928969,300110.928969,nan,300110.928969,nan,nan,0.0,14,64,,True,False,"HTTPConnectionPool(host='gpu06', port=9004): Read timed out.",0,59.56268577710819
345,2026-09-21T07:59:50.606+00:00,2026-09-21T08:04:50.699+00:00,2026-09-21T08:04:50.699+00:00,False,1,0.0,,0.0,300093.63426599995,300093.63426599995,300093.63426599995,300093.63426599995,300093.63426599995,300093.63426599995,nan,300093.63426599995,nan,nan,0.0,14,64,,True,False,"HTTPConnectionPool(host='gpu06', port=9004): Read timed out.",0,59.56268577710819
346,2026-09-21T07:59:50.907+00:00,2026-09-21T08:04:51.013+00:00,2026-09-21T08:04:51.013+00:00,False,1,0.0,,0.0,300106.01485900005,300106.01485900005,300106.01485900005,300106.01485900005,300106.01485900005,300106.01485900005,nan,300106.01485900005,nan,nan,0.0,14,64,,True,False,"HTTPConnectionPool(host='gpu06', port=9004): Read timed out.",0,59.56268577710819
347,2026-09-21T07:59:51.304+00:00,2026-09-21T08:04:51.338+00:00,2026-09-21T08:04:51.338+00:00,False,1,0.0,,0.0,300033.678066,300033.678066,300033.678066,300033.678066,300033.678066,300033.678066,nan,300033.678066,nan,nan,0.0,14,64,,True,False,TTFT timeout: 300.0s exceeded (TTFT: 300.020s),0,59.56268577710819
348,2026-09-21T07:59:51.612+00:00,2026-09-21T08:04:51.565+00:00,2026-09-21T08:04:51.657+00:00,False,4,3.0,,3.0,299952.470974,300044.098238,300044.098208,75011.024552,0.0378,299952.470974,149960.96583265494,254966.48764645003,30.542421333333333,26.418198832916474,0.00999853027477431,14,64,,True,False,Request timeout: 300.0s exceeded,15,59.56268577710819
349,2026-09-21T07:59:52.000+00:00,2026-09-21T08:04:52.107+00:00,2026-09-21T08:04:52.107+00:00,False,1,0.0,,0.0,300106.126417,300106.126417,300106.126417,300106.126417,300106.126417,300106.126417,nan,300106.126417,nan,nan,0.0,14,64,,True,False,"HTTPConnectionPool(host='gpu06', port=9004): Read timed out.",0,59.56268577710819
350,2026-09-21T07:59:52.403+00:00,2026-09-21T08:04:52.507+00:00,2026-09-21T08:04:52.507+00:00,False,1,0.0,,0.0,300103.783527,300103.783527,300103.783527,300103.783527,300103.783527,300103.783527,nan,300103.783527,nan,nan,0.0,14,64,,True,False,"HTTPConnectionPool(host='gpu06', port=9004): Read timed out.",0,59.56268577710819
351,2026-09-21T07:59:52.722+00:00,2026-09-21T08:04:52.839+00:00,2026-09-21T08:04:52.839+00:00,False,1,0.0,,0.0,300116.86823900003,300116.86823900003,300116.86823900003,300116.86823900003,300116.86823900003,300116.86823900003,nan,300116.86823900003,nan,nan,0.0,14,64,,True,False,"HTTPConnectionPool(host='gpu06', port=9004): Read timed out.",0,59.56268577710819
352,2026-09-21T07:59:54.187+00:00,2026-09-21T08:04:53.198+00:00,2026-09-21T08:04:54.689+00:00,False,27,26.0,,26.0,299010.226688,300501.789952,300501.78981700004,11129.69591914815,0.03061,299010.226688,57533.50669985109,88.0017053,57.36781784615385,16.167610218514646,0.08652194718757932,14,64,,True,False,Request timeout: 300.0s exceeded,173,59.56268577710819
353,2026-09-21T07:59:54.513+00:00,2026-09-21T08:04:54.049+00:00,2026-09-21T08:04:54.687+00:00,False,13,12.0,,12.0,299536.70826700004,300174.661803,300174.66201800003,23090.358616769234,0.026199999999999998,299536.70826700004,83061.79276800597,119857.55187640002,53.16279466666666,19.28928126843547,0.039976725310264236,14,64,,True,False,Request timeout: 300.0s exceeded,35,59.56268577710819
355,2026-09-21T07:59:54.568+00:00,2026-09-21T08:04:54.400+00:00,2026-09-21T08:04:54.880+00:00,False,10,9.0,,9.0,299832.93346,300312.084308,300312.08422099997,30031.208422099997,0.046189999999999995,299832.93346,94798.66541485843,164941.35233574998,53.23898311111111,22.293806412271707,0.029968824001000247,14,64,,True,False,Request timeout: 300.0s exceeded,75,59.56268577710819
356,2026-09-21T07:59:54.662+00:00,2026-09-21T08:04:54.858+00:00,2026-09-21T08:04:54.858+00:00,False,1,0.0,,0.0,300196.72222399997,300196.72222399997,300196.72222399997,300196.72222399997,300196.72222399997,300196.72222399997,nan,300196.72222399997,nan,nan,0.0,14,64,,True,False,"HTTPConnectionPool(host='gpu06', port=9004): Read timed out.",0,59.56268577710819
354,2026-09-21T07:59:54.518+00:00,2026-09-21T08:04:55.163+00:00,2026-09-21T08:04:55.163+00:00,False,1,0.0,,0.0,300644.58335900004,300644.58335900004,300644.58335900004,300644.58335900004,300644.58335900004,300644.58335900004,nan,300644.58335900004,nan,nan,0.0,14,64,,True,False,"HTTPConnectionPool(host='gpu06', port=9004): Read timed out.",0,59.56268577710819
357,2026-09-21T07:59:54.783+00:00,2026-09-21T08:04:55.257+00:00,2026-09-21T08:04:55.257+00:00,False,1,0.0,,0.0,300474.407259,300474.407259,300474.407259,300474.407259,300474.407259,300474.407259,nan,300474.407259,nan,nan,0.0,14,64,,True,False,"HTTPConnectionPool(host='gpu06', port=9004): Read timed out.",0,59.56268577710819
358,2026-09-21T07:59:55.150+00:00,2026-09-21T08:04:55.541+00:00,2026-09-21T08:04:55.541+00:00,False,1,0.0,,0.0,300391.34516,300391.34516,300391.34516,300391.34516,300391.34516,300391.34516,nan,300391.34516,nan,nan,0.0,14,64,,True,False,"HTTPConnectionPool(host='gpu06', port=9004): Read timed out.",0,59.56268577710819
359,2026-09-21T07:59:55.478+00:00,2026-09-21T08:04:55.713+00:00,2026-09-21T08:04:55.713+00:00,False,1,0.0,,0.0,300235.12743,300235.12743,300235.12743,300235.12743,300235.12743,300235.12743,nan,300235.12743,nan,nan,0.0,14,64,,True,False,"HTTPConnectionPool(host='gpu06', port=9004): Read timed out.",0,59.56268577710819
360,2026-09-21T07:59:55.558+00:00,2026-09-21T08:04:55.719+00:00,2026-09-21T08:04:55.719+00:00,False,1,0.0,,0.0,300161.038173,300161.038173,300161.038173,300161.038173,300161.038173,300161.038173,nan,300161.038173,nan,nan,0.0,14,64,,True,False,"HTTPConnectionPool(host='gpu06', port=9004): Read timed out.",0,59.56268577710819
361,2026-09-21T07:59:55.811+00:00,2026-09-21T08:04:55.900+00:00,2026-09-21T08:04:55.900+00:00,False,1,0.0,,0.0,300089.09188,300089.09188,300089.09188,300089.09188,300089.09188,300089.09188,nan,300089.09188,nan,nan,0.0,14,64,,True,False,"HTTPConnectionPool(host='gpu06', port=9004): Read timed out.",0,59.56268577710819
362,2026-09-21T07:59:56.191+00:00,2026-09-21T08:04:56.295+00:00,2026-09-21T08:04:56.295+00:00,False,1,0.0,,0.0,300104.370342,300104.370342,300104.370342,300104.370342,300104.370342,300104.370342,nan,300104.370342,nan,nan,0.0,14,64,,True,False,"HTTPConnectionPool(host='gpu06', port=9004): Read timed out.",0,59.56268577710819
363,2026-09-21T07:59:56.480+00:00,2026-09-21T08:04:56.569+00:00,2026-09-21T08:04:56.569+00:00,False,1,0.0,,0.0,300089.67496,300089.67496,300089.67496,300089.67496,300089.67496,300089.67496,nan,300089.67496,nan,nan,0.0,14,64,,True,False,"HTTPConnectionPool(host='gpu06', port=9004): Read timed out.",0,59.56268577710819
364,2026-09-21T07:59:56.805+00:00,2026-09-21T08:04:56.918+00:00,2026-09-21T08:04:56.918+00:00,False,1,0.0,,0.0,300113.22452,300113.22452,300113.22452,300113.22452,300113.22452,300113.22452,nan,300113.22452,nan,nan,0.0,14,64,,True,False,TTFT timeout: 300.0s exceeded (TTFT: 300.094s),0,59.56268577710819
365,2026-09-21T07:59:57.125+00:00,2026-09-21T08:04:57.190+00:00,2026-09-21T08:04:57.190+00:00,False,1,0.0,,0.0,300065.098246,300065.098246,300065.098246,300065.098246,300065.098246,300065.098246,nan,300065.098246,nan,nan,0.0,14,64,,True,False,TTFT timeout: 300.0s exceeded (TTFT: 300.059s),0,59.56268577710819
366,2026-09-21T07:59:57.424+00:00,2026-09-21T08:04:57.356+00:00,2026-09-21T08:04:57.446+00:00,False,3,2.0,,2.0,299932.16440899996,300021.84504899994,300021.84503299993,100007.28167766666,0.03013,299932.16440899996,173140.0330925966,269947.91301749996,44.84032,63.37143016052934,0.006666181256479367,14,64,,True,False,Request timeout: 300.0s exceeded,6,59.56268577710819
367,2026-09-21T07:59:57.642+00:00,2026-09-21T08:04:57.744+00:00,2026-09-21T08:04:57.744+00:00,False,1,0.0,,0.0,300101.776746,300101.776746,300101.776746,300101.776746,300101.776746,300101.776746,nan,300101.776746,nan,nan,0.0,14,64,,True,False,"HTTPConnectionPool(host='gpu06', port=9004): Read timed out.",0,59.56268577710819
368,2026-09-21T07:59:57.974+00:00,2026-09-21T08:04:58.080+00:00,2026-09-21T08:04:58.080+00:00,False,1,0.0,,0.0,300106.26359600003,300106.26359600003,300106.26359600003,300106.26359600003,300106.26359600003,300106.26359600003,nan,300106.26359600003,nan,nan,0.0,14,64,,True,False,"HTTPConnectionPool(host='gpu06', port=9004): Read timed out.",0,59.56268577710819
369,2026-09-21T07:59:58.351+00:00,2026-09-21T08:04:58.470+00:00,2026-09-21T08:04:58.470+00:00,False,1,0.0,,0.0,300119.362379,300119.362379,300119.362379,300119.362379,300119.362379,300119.362379,nan,300119.362379,nan,nan,0.0,14,64,,True,False,"HTTPConnectionPool(host='gpu06', port=9004): Read timed out.",0,59.56268577710819
370,2026-09-21T07:59:58.624+00:00,2026-09-21T08:04:58.728+00:00,2026-09-21T08:04:58.728+00:00,False,1,0.0,,0.0,300104.7022,300104.7022,300104.7022,300104.7022,300104.7022,300104.7022,nan,300104.7022,nan,nan,0.0,14,64,,True,False,"HTTPConnectionPool(host='gpu06', port=9004): Read timed out.",0,59.56268577710819
371,2026-09-21T07:59:58.953+00:00,2026-09-21T08:04:59.000+00:00,2026-09-21T08:04:59.000+00:00,False,1,0.0,,0.0,300047.379514,300047.379514,300047.379514,300047.379514,300047.379514,300047.379514,nan,300047.379514,nan,nan,0.0,14,64,,True,False,"HTTPConnectionPool(host='gpu06', port=9004): Read timed out.",0,59.56268577710819
372,2026-09-21T07:59:59.203+00:00,2026-09-21T08:04:59.215+00:00,2026-09-21T08:04:59.215+00:00,False,1,0.0,,0.0,300011.691249,300011.691249,300011.691249,300011.691249,300011.691249,300011.691249,nan,300011.691249,nan,nan,0.0,14,64,,True,False,TTFT timeout: 300.0s exceeded (TTFT: 300.006s),0,59.56268577710819
373,2026-09-21T07:59:59.432+00:00,2026-09-21T08:04:59.373+00:00,2026-09-21T08:04:59.489+00:00,False,4,3.0,,3.0,299941.195689,300057.190569,300057.190452,75014.297613,0.03141,299941.195689,149951.2678927137,254959.1671542,38.66496,33.593938009013954,0.009998094011048642,14,64,,True,False,Request timeout: 300.0s exceeded,12,59.56268577710819
374,2026-09-21T07:59:59.730+00:00,2026-09-21T08:04:59.836+00:00,2026-09-21T08:04:59.836+00:00,False,1,0.0,,0.0,300106.562644,300106.562644,300106.562644,300106.562644,300106.562644,300106.562644,nan,300106.562644,nan,nan,0.0,14,64,,True,False,"HTTPConnectionPool(host='gpu06', port=9004): Read timed out.",0,59.56268577710819
375,2026-09-21T08:00:00.037+00:00,2026-09-21T08:05:00.160+00:00,2026-09-21T08:05:00.160+00:00,False,1,0.0,,0.0,300123.01024699997,300123.01024699997,300123.01024699997,300123.01024699997,300123.01024699997,300123.01024699997,nan,300123.01024699997,nan,nan,0.0,14,64,,True,False,"HTTPConnectionPool(host='gpu06', port=9004): Read timed out.",0,59.56268577710819
376,2026-09-21T08:00:00.396+00:00,2026-09-21T08:05:00.504+00:00,2026-09-21T08:05:00.504+00:00,False,1,0.0,,0.0,300108.171615,300108.171615,300108.171615,300108.171615,300108.171615,300108.171615,nan,300108.171615,nan,nan,0.0,14,64,,True,False,"HTTPConnectionPool(host='gpu06', port=9004): Read timed out.",0,59.56268577710819
377,2026-09-21T08:00:00.648+00:00,2026-09-21T08:05:00.724+00:00,2026-09-21T08:05:00.724+00:00,False,1,0.0,,0.0,300075.86462,300075.86462,300075.86462,300075.86462,300075.86462,300075.86462,nan,300075.86462,nan,nan,0.0,14,64,,True,False,"HTTPConnectionPool(host='gpu06', port=9004): Read timed out.",0,59.56268577710819
378,2026-09-21T08:00:01.033+00:00,2026-09-21T08:05:01.168+00:00,2026-09-21T08:05:02.971+00:00,False,29,28.0,,28.0,300135.820169,301938.516617,301938.516538,10411.672984068966,0.039979999999999995,300135.820169,55721.878232246796,176.48205679999998,64.382016,35.7305246615471,0.09273411128106311,14,64,,True,False,Request timeout: 300.0s exceeded,224,59.56268577710819
379,2026-09-21T08:00:01.272+00:00,2026-09-21T08:05:01.384+00:00,2026-09-21T08:05:02.968+00:00,False,28,27.0,,27.0,300111.76029400004,301696.399526,301696.399457,10774.871409178573,0.028030000000000003,300111.76029400004,56704.70327647403,107.56075435000001,58.69034192592593,18.941325571977103,0.08949394173221863,14,64,,True,False,Request timeout: 300.0s exceeded,136,59.56268577710819
380,2026-09-21T08:00:01.491+00:00,2026-09-21T08:05:01.489+00:00,2026-09-21T08:05:03.024+00:00,False,28,27.0,,27.0,299997.628368,301532.49224,301532.49236399995,10769.017584428571,0.0297,299997.628368,56683.48231462141,100.60176455000001,56.84681007407408,17.48780750963506,0.08954258892441276,14,64,,True,False,Request timeout: 300.0s exceeded,81,59.56268577710819
381,2026-09-21T08:00:01.786+00:00,2026-09-21T08:05:04.015+00:00,2026-09-21T08:05:04.936+00:00,False,26,25.0,,25.0,302229.587167,303150.185183,303150.185301,11659.622511576923,0.03728,302229.587167,59264.881958310856,100.69743174999999,36.82392064,25.2520886545292,0.08246737499074418,14,64,,True,False,Request timeout: 300.0s exceeded,97,59.56268577710819
0,2026-09-21T07:58:02.116+00:00,2026-09-21T07:58:02.257+00:00,2026-09-21T07:58:02.257+00:00,True,1,1.0,,1.0,140.98365900000002,140.98365900000002,140.98365900000002,140.98365900000002,140.98365900000002,140.98365900000002,nan,140.98365900000002,nan,nan,7.093020617375237,15,64,,False,True,,2,59.56268577710819
4,2026-09-21T07:58:03.150+00:00,2026-09-21T07:58:03.303+00:00,2026-09-21T07:58:04.299+00:00,True,16,16.0,,16.0,152.518201,1149.155129,1149.155138,71.822196125,43.160363,189.43683199999998,40.42027737296125,161.74785875,66.44246186666666,35.416875828465145,13.923272494918308,15,64,,False,True,,56,59.56268577710819
2,2026-09-21T07:58:02.647+00:00,2026-09-21T07:58:03.489+00:00,2026-09-21T07:58:09.248+00:00,True,94,94.0,,94.0,841.6033669999999,6601.119271,6601.11946,70.22467510638297,39.086553,841.6033669999999,81.15173638075959,78.33151034999999,61.93027853763441,10.953439692695843,14.240009328866435,15,64,,False,True,,190,59.56268577710819
3,2026-09-21T07:58:02.889+00:00,2026-09-21T07:58:03.490+00:00,2026-09-21T07:58:04.834+00:00,True,24,24.0,,24.0,601.31664,1945.085472,1945.085561,81.04523170833333,42.712743,601.31664,111.26396730725403,82.69550735000001,58.424731826086955,10.183092045878865,12.33878939793963,15,64,,False,True,,52,59.56268577710819
1,2026-09-21T07:58:02.368+00:00,2026-09-21T07:58:05.401+00:00,2026-09-21T07:58:10.115+00:00,True,76,76.0,,76.0,3033.2481740000003,7747.140782,7747.140698,101.93606181578947,37.460014,3033.2481740000003,340.920263133396,77.820233,62.85190144,11.530448282375142,9.810070855635058,15,64,,False,True,,83,59.56268577710819
6,2026-09-21T07:58:03.692+00:00,2026-09-21T07:58:08.181+00:00,2026-09-21T07:58:11.942+00:00,True,61,61.0,,61.0,4489.354739,8249.715187,8249.715089000001,135.2412309672131,44.790484,4489.354739,566.8772320505046,81.196669,62.67267413333333,10.66565032480399,7.39419466215325,15,64,,False,True,,366,59.56268577710819
5,2026-09-21T07:58:03.358+00:00,2026-09-21T07:58:09.102+00:00,2026-09-21T07:58:11.478+00:00,True,38,38.0,,38.0,5744.410937,8120.283960999999,8120.284024,213.69168484210525,45.089714,5744.410937,921.5169733531059,81.6360225,64.21278443243243,11.278609453390601,4.679639306027466,15,64,,False,True,,76,59.56268577710819
7,2026-09-21T07:58:03.928+00:00,2026-09-21T07:58:09.354+00:00,2026-09-21T07:58:10.323+00:00,True,16,16.0,,16.0,5425.9948540000005,6395.023206000001,6395.023335000001,399.68895843750005,44.071594,5425.9948540000005,1340.4019093370916,1418.45006275,64.60189013333333,12.415841705733008,2.5019455730806923,15,64,,False,True,,144,59.56268577710819
8,2026-09-21T07:58:04.118+00:00,2026-09-21T07:58:10.242+00:00,2026-09-21T07:58:10.318+00:00,True,2,2.0,,2.0,6124.082034,6199.34757,6199.347651,3099.6738255,75.26561699999999,6124.082034,4277.159106613215,5821.64121315,75.265536,nan,0.3226145941031663,15,64,,False,True,,10,59.56268577710819
9,2026-09-21T07:58:04.343+00:00,2026-09-21T07:58:11.597+00:00,2026-09-21T07:58:13.281+00:00,True,27,27.0,,27.0,7253.742409,8937.406537,8937.406694000001,331.01506274074075,0.01667,7253.742409,1385.2678307791716,294.8260637,64.75631261538462,70.92262430101155,3.0210106128911787,15,64,,False,True,,216,59.56268577710819
10,2026-09-21T07:58:04.601+00:00,2026-09-21T07:58:13.189+00:00,2026-09-21T07:58:17.047+00:00,True,66,66.0,,66.0,8588.147638,12446.542006,12446.542038,188.58397027272727,0.0195,8588.147638,1049.9340150453763,76.91810025000001,59.35991335384615,15.510996886177212,5.302677640760296,15,64,,False,True,,198,59.56268577710819
11,2026-09-21T07:58:04.866+00:00,2026-09-21T07:58:14.209+00:00,2026-09-21T07:58:16.693+00:00,True,42,42.0,,42.0,9342.432064999999,11826.993728999998,11826.993892999999,281.5950926904762,31.974173,9342.432064999999,1432.2534288299685,78.72810250000002,60.59906497560976,10.209879689798221,3.55119829792547,15,64,,False,True,,82,59.56268577710819
12,2026-09-21T07:58:05.214+00:00,2026-09-21T07:58:16.750+00:00,2026-09-21T07:58:20.738+00:00,True,64,64.0,,64.0,11536.549576,15524.030407999999,15524.030499999999,242.56297656249998,40.353165000000004,11536.549576,1434.2000979850477,77.98321035,63.29334653968254,11.204077170867013,4.122640726535738,15,64,,False,True,,192,59.56268577710819
13,2026-09-21T07:58:05.482+00:00,2026-09-21T07:58:18.153+00:00,2026-09-21T07:58:19.942+00:00,True,29,29.0,,29.0,12670.807964,14459.251868,14459.25174,498.5948875862069,41.888055,12670.807964,2341.0645418135323,77.384758,63.87299657142857,8.672147199440454,2.0056362711393363,15,64,,False,True,,85,59.56268577710819
14,2026-09-21T07:58:05.763+00:00,2026-09-21T07:58:19.706+00:00,2026-09-21T07:58:23.980+00:00,True,67,67.0,,67.0,13943.352946,18217.440114,18217.44007,271.90209059701493,0.0,13943.352946,1697.0658559191354,96.6807584,64.75889648484848,72.49716844279035,3.677794442069326,15,64,,False,True,,137,59.56268577710819
15,2026-09-21T07:58:06.043+00:00,2026-09-21T07:58:21.168+00:00,2026-09-21T07:58:21.622+00:00,True,8,8.0,,8.0,15124.436199,15578.880998999999,15578.881166,1947.36014575,52.738055,15124.436199,5324.350269822685,9858.60442815,64.92068571428571,9.657851798314256,0.5135157011927568,15,64,,False,True,,44,59.56268577710819
16,2026-09-21T07:58:06.295+00:00,2026-09-21T07:58:22.320+00:00,2026-09-21T07:58:26.167+00:00,True,61,61.0,,61.0,16024.469562,19871.625274,19871.625131,325.7643464098361,0.0,16024.469562,2044.95979819967,77.646548,64.11926186666666,77.5471607726021,3.069703618043376,15,64,,False,True,,427,59.56268577710819
17,2026-09-21T07:58:06.593+00:00,2026-09-21T07:58:23.876+00:00,2026-09-21T07:58:27.148+00:00,True,54,54.0,,54.0,17282.686502999997,20554.815270999996,20554.815132999996,380.6447246851851,0.0,17282.686502999997,2344.1438612607353,79.023948,61.73827864150944,56.56293978200779,2.6271216397739434,15,64,,False,True,,516,59.56268577710819
18,2026-09-21T07:58:06.807+00:00,2026-09-21T07:58:24.855+00:00,2026-09-21T07:58:29.493+00:00,True,77,77.0,,77.0,18048.078464000002,22686.312576000004,22686.312595000003,294.6274362987013,0.0,18048.078464000002,2050.3398677255273,78.99027400000001,61.029396210526315,46.721422882101194,3.3941170360783444,15,64,,False,True,,79,59.56268577710819
19,2026-09-21T07:58:07.121+00:00,2026-09-21T07:58:26.972+00:00,2026-09-21T07:58:29.356+00:00,True,43,43.0,,43.0,19851.164412000002,22234.260732000002,22234.260949000003,517.0758360232559,0.0,19851.164412000002,3018.674145077331,78.61173199999999,56.740388571428575,18.067409222477018,1.9339523143269397,15,64,,False,True,,129,59.56268577710819
20,2026-09-21T07:58:07.391+00:00,2026-09-21T07:58:28.317+00:00,2026-09-21T07:58:29.743+00:00,True,24,24.0,,24.0,20926.344412000002,22352.219356,22352.219390000002,931.3424745833335,47.546305000000004,20926.344412000002,4258.930049904856,80.777327,61.994562782608696,10.538400730754923,1.0737188830225792,15,64,,False,True,,129,59.56268577710819
21,2026-09-21T07:58:07.712+00:00,2026-09-21T07:58:29.880+00:00,2026-09-21T07:58:35.489+00:00,True,88,88.0,,88.0,22167.802792,27777.202088,27777.202213999997,315.6500251590909,0.0,22167.802792,2358.106572779716,122.39799175,64.4758539770115,94.78974123547047,3.1680656576285195,15,64,,False,True,,207,59.56268577710819
22,2026-09-21T07:58:07.929+00:00,2026-09-21T07:58:31.198+00:00,2026-09-21T07:58:32.234+00:00,True,17,17.0,,17.0,23269.760666000002,24305.472666,24305.472694000004,1429.733687882353,46.236195,23269.760666000002,5628.056611189236,4723.0942844,64.732,11.21737522082633,0.6994309567071556,15,64,,False,True,,96,59.56268577710819
23,2026-09-21T07:58:08.176+00:00,2026-09-21T07:58:32.350+00:00,2026-09-21T07:58:36.828+00:00,True,71,71.0,,71.0,24173.958690000003,28651.984162000004,28651.984275000003,403.5490742957747,0.0,24173.958690000003,2862.9922159499956,83.20685400000002,63.97179245714286,98.2783335525121,2.478013375917068,15,64,,False,True,,781,59.56268577710819
24,2026-09-21T07:58:08.481+00:00,2026-09-21T07:58:33.944+00:00,2026-09-21T07:58:36.184+00:00,True,36,36.0,,36.0,25463.128603,27703.335707000002,27703.335766,769.5371046111111,0.0,25463.128603,4234.160269971227,201.32604075000003,64.00591725714285,92.09999113673129,1.2994825020621477,15,64,,False,True,,74,59.56268577710819
25,2026-09-21T07:58:08.799+00:00,2026-09-21T07:58:35.414+00:00,2026-09-21T07:58:40.549+00:00,True,74,74.0,,74.0,26614.973953,31749.342465,31749.342556,429.0451696756757,0.0,26614.973953,3086.472341871028,76.474554,70.33381523287672,67.15286582381665,2.330756930842788,15,64,,False,True,,259,59.56268577710819
26,2026-09-21T07:58:09.036+00:00,2026-09-21T07:58:36.643+00:00,2026-09-21T07:58:39.547+00:00,True,47,47.0,,47.0,27607.340217,30511.018169000003,30511.018008,649.1705959148936,40.801764000000006,27607.340217,4017.7499479164603,77.726589,63.12343373913044,10.333770898803959,1.540427125036202,15,64,,False,True,,141,59.56268577710819
27,2026-09-21T07:58:09.289+00:00,2026-09-21T07:58:37.725+00:00,2026-09-21T07:58:43.523+00:00,True,83,83.0,,83.0,28436.132402,34234.452017999996,34234.451904,412.46327595180725,0.0,28436.132402,3114.976996020355,78.66152600000001,70.71121482926829,96.1942685320896,2.4244582608291716,15,64,,False,True,,667,59.56268577710819
28,2026-09-21T07:58:09.600+00:00,2026-09-21T07:58:39.617+00:00,2026-09-21T07:58:43.544+00:00,True,53,53.0,,53.0,30016.320997000003,33943.184101000006,33943.184054000005,640.4374349811321,0.0,30016.320997000003,4114.464712421804,299.82100740000004,75.51659815384616,122.15785154855658,1.5614327707823543,15,64,,False,True,,62,59.56268577710819
29,2026-09-21T07:58:09.878+00:00,2026-09-21T07:58:41.192+00:00,2026-09-21T07:58:47.502+00:00,True,100,100.0,,100.0,31313.921910999998,37623.637622999995,37623.637645999996,376.23637646,0.0,31313.921910999998,3126.596845456631,78.64374605,63.73450214141414,99.83173101830857,2.6579035499445762,15,64,,False,True,,665,59.56268577710819
30,2026-09-21T07:58:10.140+00:00,2026-09-21T07:58:42.634+00:00,2026-09-21T07:58:43.894+00:00,True,20,20.0,,20.0,32494.136074000002,33754.232586,33754.232745,1687.7116372500002,0.01565,32494.136074000002,7252.795565970368,2310.83142645,66.32086905263158,162.0679559239876,0.5925182849008174,15,64,,False,True,,100,59.56268577710819
31,2026-09-21T07:58:10.406+00:00,2026-09-21T07:58:43.690+00:00,2026-09-21T07:58:45.636+00:00,True,33,33.0,,33.0,33284.046055,35229.672678999996,35229.672727,1067.5658402121212,44.019534,33284.046055,5783.431484067832,75.61646999999999,60.800832,9.03228340162687,0.9367103776604465,15,64,,False,True,,99,59.56268577710819
32,2026-09-21T07:58:10.609+00:00,2026-09-21T07:58:44.844+00:00,2026-09-21T07:58:46.923+00:00,True,34,34.0,,34.0,34234.898434,36314.36493,36314.36484,1068.0695541176472,0.0,34234.898434,5861.647193048838,307.1640606,63.01413624242424,121.31041911353547,0.9362686106596879,15,64,,False,True,,169,59.56268577710819
33,2026-09-21T07:58:10.952+00:00,2026-09-21T07:58:46.793+00:00,2026-09-21T07:58:50.646+00:00,True,61,61.0,,61.0,35841.489102,39694.217422,39694.217412,650.7248756065574,36.408122999999996,35841.489102,4580.822737294898,82.35822900000001,64.21213866666666,10.495156486073416,1.5367477673509076,15,64,,False,True,,122,59.56268577710819
34,2026-09-21T07:58:11.202+00:00,2026-09-21T07:58:47.767+00:00,2026-09-21T07:58:52.576+00:00,True,76,76.0,,76.0,36564.871087,41374.242223,41374.242416,544.3979265263158,45.153605000000006,36564.871087,4186.933804048705,78.7850755,64.12494848,9.694280514153922,1.8368916484409106,15,64,,False,True,,304,59.56268577710819
35,2026-09-21T07:58:11.540+00:00,2026-09-21T07:58:49.322+00:00,2026-09-21T07:58:55.501+00:00,True,99,99.0,,99.0,37781.476553,43960.241097,43960.240975,444.04283813131315,0.0,37781.476553,3792.207169111783,79.500503,63.04861779591837,102.16965903689149,2.2520349645388116,15,64,,False,True,,198,59.56268577710819
36,2026-09-21T07:58:11.780+00:00,2026-09-21T07:58:50.585+00:00,2026-09-21T07:58:55.374+00:00,True,77,77.0,,77.0,38805.663579,43594.066523,43594.066547,566.1567084025974,0.0,38805.663579,4416.675146239001,88.48908940000001,63.00530189473684,117.37818744527883,1.7662954191111124,15,64,,False,True,,231,59.56268577710819
37,2026-09-21T07:58:12.065+00:00,2026-09-21T07:58:52.168+00:00,2026-09-21T07:58:53.939+00:00,True,28,28.0,,28.0,40102.39956400001,41873.614156,41873.61427800001,1495.486224214286,0.0,40102.39956400001,7569.023632704825,747.9601654500001,65.60054044444445,209.02484323887256,0.6686788461986133,15,64,,False,True,,140,59.56268577710819
38,2026-09-21T07:58:12.319+00:00,2026-09-21T07:58:53.670+00:00,2026-09-21T07:58:58.696+00:00,True,85,85.0,,85.0,41351.593804,46377.821771999996,46377.821866,545.621433717647,0.01943,41351.593804,4478.7551310773615,79.74258800000001,59.83604723809524,17.8568419763138,1.8327725786232945,15,64,,False,True,,340,59.56268577710819
39,2026-09-21T07:58:12.566+00:00,2026-09-21T07:58:54.731+00:00,2026-09-21T07:58:58.623+00:00,True,63,63.0,,63.0,42164.771878,46057.68119,46057.681302,731.0743063809524,39.965624000000005,42164.771878,5304.362196095601,78.865078,62.78885987096774,10.851930510445905,1.367850017027746,15,64,,False,True,,126,59.56268577710819
40,2026-09-21T07:58:12.759+00:00,2026-09-21T07:58:55.959+00:00,2026-09-21T07:59:00.324+00:00,True,69,69.0,,69.0,43200.357635,47564.739331000004,47564.739319,689.3440481014493,37.355284,43200.357635,5192.994711894827,79.25658,64.18208376470588,9.964375450358117,1.4506544337357423,15,64,,False,True,,682,59.56268577710819
41,2026-09-21T07:58:13.123+00:00,2026-09-21T07:58:56.258+00:00,2026-09-21T07:58:56.609+00:00,True,6,6.0,,6.0,43135.070048,43485.670752,43485.670755,7247.6117925,55.401006,43135.070048,17581.193734044795,32370.063498,70.1201408,8.269275015755323,0.13797648504074292,15,64,,False,True,,36,59.56268577710819
42,2026-09-21T07:58:13.273+00:00,2026-09-21T07:58:58.623+00:00,2026-09-21T07:59:01.945+00:00,True,53,53.0,,53.0,45350.197989,48672.682725,48672.682864,918.3525068679245,0.0,45350.197989,6221.74549108892,79.35474599999999,63.89393723076923,123.03495976947617,1.0889064878434846,15,64,,False,True,,109,59.56268577710819
43,2026-09-21T07:58:13.498+00:00,2026-09-21T07:58:59.853+00:00,2026-09-21T07:59:04.444+00:00,True,75,75.0,,75.0,46355.140273000005,50945.939121,50945.93917900001,679.2791890533334,0.0,46355.140273000005,5346.4364578693585,83.92332329999999,62.037822270270276,102.50361759537223,1.4721487383296634,15,64,,False,True,,150,59.56268577710819
44,2026-09-21T07:58:13.840+00:00,2026-09-21T07:59:01.573+00:00,2026-09-21T07:59:06.733+00:00,True,85,85.0,,85.0,47733.024136,52892.661128,52892.661072,622.2666008470588,0.01529,47733.024136,5171.881281634922,87.23972900000001,61.4242499047619,110.67807178676117,1.6070282377039111,15,64,,False,True,,425,59.56268577710819
45,2026-09-21T07:58:14.180+00:00,2026-09-21T07:59:03.395+00:00,2026-09-21T07:59:10.331+00:00,True,96,96.0,,96.0,49214.862829000005,56150.489325,56150.48922,584.900929375,0.0,49214.862829000005,5017.366298972857,99.972418,73.00659469473683,136.8349862479693,1.7096912449747381,15,64,,False,True,,360,59.56268577710819
46,2026-09-21T07:58:14.443+00:00,2026-09-21T07:59:05.580+00:00,2026-09-21T07:59:10.987+00:00,True,100,100.0,,100.0,51137.619729000005,56543.870737000005,56543.870621,565.4387062100001,0.0,51137.619729000005,5109.407188859222,86.71528854999998,54.608596040404045,106.84978123270554,1.7685382818082185,15,64,,False,True,,464,59.56268577710819
47,2026-09-21T07:58:14.746+00:00,2026-09-21T07:59:06.388+00:00,2026-09-21T07:59:10.821+00:00,True,71,71.0,,71.0,51641.740642,56074.794338,56074.794261999996,789.7858346760563,0.0,51641.740642,6122.486541813278,87.591474,63.329338514285716,124.86869676556442,1.2661660348147847,15,64,,False,True,,321,59.56268577710819
48,2026-09-21T07:58:14.952+00:00,2026-09-21T07:59:07.468+00:00,2026-09-21T07:59:10.337+00:00,True,32,32.0,,32.0,52516.032812,55384.440107999995,55384.4402,1730.76375625,0.0,52516.032812,9268.966121155805,530.8737600000001,92.52926761290323,181.10673580440422,0.5777796062865276,15,64,,False,True,,151,59.56268577710819
49,2026-09-21T07:58:15.244+00:00,2026-09-21T07:59:08.952+00:00,2026-09-21T07:59:11.109+00:00,True,36,36.0,,36.0,53707.392256,55865.166079999995,55865.16608,1551.810168888889,0.0,53707.392256,8942.684022866973,353.75340150000005,61.650680685714285,178.3119486918769,0.6444087170249759,15,64,,False,True,,108,59.56268577710819
50,2026-09-21T07:58:15.464+00:00,2026-09-21T07:59:10.327+00:00,2026-09-21T07:59:13.761+00:00,True,58,58.0,,58.0,54862.676355999996,58297.485956,58297.486021,1005.1290693275862,0.0,54862.676355999996,7195.93567006131,80.47951334999999,60.25981754385965,19.456681290223862,0.9948971048901745,15,64,,False,True,,58,59.56268577710819
51,2026-09-21T07:58:15.781+00:00,2026-09-21T07:59:11.989+00:00,2026-09-21T07:59:14.842+00:00,True,44,44.0,,44.0,56207.180333,59060.899629,59060.899494,1342.2931703181816,49.377663999999996,56207.180333,8463.551360328578,78.54115985,66.36556502325581,9.388983220383349,0.7449937314939779,15,64,,False,True,,44,59.56268577710819
52,2026-09-21T07:58:16.006+00:00,2026-09-21T07:59:13.536+00:00,2026-09-21T07:59:19.471+00:00,True,81,81.0,,81.0,57530.282696,63464.968136,63464.968168,783.5181255308643,0.016640000000000002,57530.282696,6385.426550171312,80.71362699999999,74.183568,135.293785219192,1.2762946611179875,15,64,,False,True,,81,59.56268577710819
53,2026-09-21T07:58:16.339+00:00,2026-09-21T07:59:14.953+00:00,2026-09-21T07:59:16.381+00:00,True,24,24.0,,24.0,58614.512085,60042.685141,60042.685111,2501.7785462916668,48.507764,58614.512085,11951.965096999627,77.6307985,62.09448069565217,8.515965084769935,0.3997156346962181,15,64,,False,True,,97,59.56268577710819
54,2026-09-21T07:58:16.619+00:00,2026-09-21T07:59:16.527+00:00,2026-09-21T07:59:17.139+00:00,True,11,11.0,,11.0,59907.571165,60519.531229,60519.531308,5501.775573454545,50.294844,59907.571165,18044.36246719473,29990.655001000003,61.1960064,7.565491576957915,0.18175950435533073,15,64,,False,True,,93,59.56268577710819
55,2026-09-21T07:58:16.923+00:00,2026-09-21T07:59:18.217+00:00,2026-09-21T07:59:24.280+00:00,True,96,96.0,,96.0,61293.191902000006,67356.33635000001,67356.336416,701.6285043333334,0.0,61293.191902000006,6252.317670271412,80.3561745,63.8225731368421,198.58622633901632,1.4252556656460724,15,64,,False,True,,294,59.56268577710819
56,2026-09-21T07:58:17.228+00:00,2026-09-21T07:59:19.485+00:00,2026-09-21T07:59:25.600+00:00,True,97,97.0,,97.0,62257.121832000004,68372.33591200001,68372.33603,704.8694436082475,0.0,62257.121832000004,6315.895126102156,94.5342886,63.70014666666666,119.02279613707843,1.4187024431174298,15,64,,False,True,,418,59.56268577710819
57,2026-09-21T07:58:17.556+00:00,2026-09-21T07:59:21.477+00:00,2026-09-21T07:59:22.041+00:00,True,10,10.0,,10.0,63920.906593,64485.788001,64485.788143,6448.5788143,47.577334,63920.906593,20193.71986294834,35191.8801088,62.764600888888886,10.186553167161064,0.15507292862490765,15,64,,False,True,,19,59.56268577710819
58,2026-09-21T07:58:17.785+00:00,2026-09-21T07:59:22.648+00:00,2026-09-21T07:59:28.832+00:00,True,97,97.0,,97.0,64862.892512,71046.988256,71046.988266,732.443178,42.528104,64862.892512,6579.2949169883495,78.071139,64.417664,9.384156840186659,1.3652936230102373,15,64,,False,True,,491,59.56268577710819
59,2026-09-21T07:58:18.054+00:00,2026-09-21T07:59:24.353+00:00,2026-09-21T07:59:28.891+00:00,True,71,71.0,,71.0,66298.81295400001,70836.911898,70836.91180300001,997.7029831408452,42.616983999999995,66298.81295400001,7860.533123970261,80.484982,64.82998491428572,9.374466156585086,1.002302303949032,15,64,,False,True,,142,59.56268577710819
60,2026-09-21T07:58:18.308+00:00,2026-09-21T07:59:25.681+00:00,2026-09-21T07:59:26.451+00:00,True,13,13.0,,13.0,67372.548725,68143.050869,68143.050882,5241.77314476923,49.165673999999996,67372.548725,18667.977234338054,26994.5164622,64.208512,10.035795699128268,0.1907751389791975,15,64,,False,True,,65,59.56268577710819
61,2026-09-21T07:58:18.560+00:00,2026-09-21T07:59:27.015+00:00,2026-09-21T07:59:27.409+00:00,True,7,7.0,,7.0,68455.178846,68848.91939,68848.919241,9835.559891571427,55.333335,68455.178846,25848.823855418374,47942.5007453,65.623424,9.874222635216931,0.10167189350275728,15,64,,False,True,,21,59.56268577710819
62,2026-09-21T07:58:18.849+00:00,2026-09-21T07:59:28.494+00:00,2026-09-21T07:59:30.614+00:00,True,34,34.0,,34.0,69645.47108599999,71765.70967799998,71765.709603,2110.7561647941175,50.734444,69645.47108599999,11933.084372523823,78.876438,64.24965430303031,9.072190976418378,0.4737638651182016,15,64,,False,True,,153,59.56268577710819
63,2026-09-21T07:58:19.067+00:00,2026-09-21T07:59:29.537+00:00,2026-09-21T07:59:35.465+00:00,True,94,94.0,,94.0,70470.251395,76398.774915,76398.774936,812.7529248510638,0.0,70470.251395,7264.279377765856,155.0560035,63.7475647311828,187.84447757020908,1.2303862215668095,15,64,,False,True,,501,59.56268577710819
64,2026-09-21T07:58:19.336+00:00,2026-09-21T07:59:31.008+00:00,2026-09-21T07:59:32.832+00:00,True,23,23.0,,23.0,71671.480576,73495.42912,73495.42924700001,3195.453445521739,0.0,71671.480576,14929.842947027815,1223.3342807,82.906752,284.8145440576903,0.31294463173276593,15,64,,False,True,,46,59.56268577710819
65,2026-09-21T07:58:19.633+00:00,2026-09-21T07:59:32.815+00:00,2026-09-21T07:59:37.573+00:00,True,79,79.0,,79.0,73182.245434,77940.618042,77940.617843,986.5900992784809,0.0,73182.245434,8228.402423032854,170.0895091,61.004777025641026,164.33310436066625,1.013592167788933,15,64,,False,True,,474,59.56268577710819
66,2026-09-21T07:58:19.924+00:00,2026-09-21T07:59:34.811+00:00,2026-09-21T07:59:39.862+00:00,True,89,89.0,,89.0,74887.25944,79937.80279999999,79937.802814,898.1775597078652,0.01662,74887.25944,7932.040928308832,136.416342,57.39253818181818,38.19190772235827,1.113365602788372,15,64,,False,True,,712,59.56268577710819
67,2026-09-21T07:58:20.246+00:00,2026-09-21T07:59:35.933+00:00,2026-09-21T07:59:35.933+00:00,True,1,1.0,,1.0,75686.583556,75686.583556,75686.583556,75686.583556,75686.583556,75686.583556,nan,75686.583556,nan,nan,0.013212381283667094,15,64,,False,True,,2,59.56268577710819
68,2026-09-21T07:58:20.458+00:00,2026-09-21T07:59:37.123+00:00,2026-09-21T07:59:39.504+00:00,True,38,38.0,,38.0,76665.597668,79046.342628,79046.342618,2080.1669110000003,0.04439,76665.597668,12426.388213138329,94.2386175,64.34445837837838,24.78895258597106,0.4807306541534983,15,64,,False,True,,152,59.56268577710819
69,2026-09-21T07:58:20.666+00:00,2026-09-21T07:59:38.034+00:00,2026-09-21T07:59:43.357+00:00,True,85,85.0,,85.0,77367.435006,82690.457342,82690.457314,972.8289095764706,35.828114,77367.435006,8384.811494417576,80.6466212,63.369313523809524,11.878248078723026,1.0279299780438746,15,64,,False,True,,204,59.56268577710819
70,2026-09-21T07:58:21.005+00:00,2026-09-21T07:59:39.915+00:00,2026-09-21T07:59:43.477+00:00,True,56,56.0,,56.0,78910.265027,82472.359107,82472.35904,1472.7206971428573,43.310084,78910.265027,10536.179646958626,80.340232,64.76534690909091,11.870157891810873,0.6790153768651792,15,64,,False,True,,728,59.56268577710819
71,2026-09-21T07:58:21.293+00:00,2026-09-21T07:59:41.501+00:00,2026-09-21T07:59:47.095+00:00,True,88,88.0,,88.0,80208.281266,85801.994674,85801.99474800001,975.0226675909091,0.0,80208.281266,8545.354923417586,77.8390305,64.29555641379311,184.88687580208827,1.0256171821453708,15,64,,False,True,,181,59.56268577710819
72,2026-09-21T07:58:21.535+00:00,2026-09-21T07:59:42.458+00:00,2026-09-21T07:59:47.908+00:00,True,85,85.0,,85.0,80922.96738500001,86372.29141700001,86372.29152500001,1016.1446061764707,0.0,80922.96738500001,8772.277505730259,77.640008,64.87290514285714,187.76414017494525,0.9841119021565067,15,64,,False,True,,85,59.56268577710819
73,2026-09-21T07:58:21.855+00:00,2026-09-21T07:59:44.122+00:00,2026-09-21T07:59:47.218+00:00,True,50,50.0,,50.0,82267.323289,85363.15330500001,85363.153231,1707.2630646200003,0.0,82267.323289,11627.940851578145,77.51160405,63.18020440816326,244.55302544334347,0.5857328140322029,15,64,,False,True,,100,59.56268577710819
75,2026-09-21T07:58:22.258+00:00,2026-09-21T07:59:46.970+00:00,2026-09-21T07:59:51.851+00:00,True,88,88.0,,88.0,84711.969887,89593.138783,89593.138767,1018.103849625,0.0,84711.969887,9024.371571919128,77.55802265,56.105389609195406,21.827756704296334,0.9822180715550253,15,64,,False,True,,525,59.56268577710819
74,2026-09-21T07:58:22.048+00:00,2026-09-21T07:59:46.993+00:00,2026-09-21T07:59:46.993+00:00,True,12,12.0,,12.0,84944.83237100001,84944.83237100001,84944.83237100001,7078.736030916668,0.0,84944.83237100001,24521.460917832246,38225.17456695001,0.0,0.0,0.14126815799211317,15,64,,False,True,,27,59.56268577710819
76,2026-09-21T07:58:22.463+00:00,2026-09-21T07:59:47.286+00:00,2026-09-21T07:59:51.750+00:00,True,71,71.0,,71.0,84822.966304,89287.147552,89287.147517,1257.5654579859156,42.523953,84822.966304,10059.069505095988,79.09956199999999,63.77401782857143,9.067184565237108,0.7951872351913837,15,64,,False,True,,251,59.56268577710819
77,2026-09-21T07:58:22.774+00:00,2026-09-21T07:59:48.642+00:00,2026-09-21T07:59:54.098+00:00,True,76,76.0,,76.0,85867.9752,91324.33488,91324.33493,1201.6359859210527,0.01616,85867.9752,9842.54911847968,79.3662345,72.75146240000001,152.25649521767818,0.8321987792176516,15,64,,False,True,,228,59.56268577710819
78,2026-09-21T07:58:23.260+00:00,2026-09-21T07:59:49.215+00:00,2026-09-21T07:59:52.327+00:00,True,50,50.0,,50.0,85955.108901,89066.480165,89066.480244,1781.32960488,42.061584,85955.108901,12146.911392531629,75.76520349999998,63.497372734693876,8.909833223581225,0.5613784210106042,15,64,,False,True,,300,59.56268577710819
79,2026-09-21T07:58:23.362+00:00,2026-09-21T07:59:51.668+00:00,2026-09-21T07:59:54.435+00:00,True,43,43.0,,43.0,88305.68105500001,91073.313439,91073.313439,2117.9840334651167,0.01591,88305.68105500001,13458.066551040094,94.0161939,65.89600914285714,211.69830513917563,0.47214709091265217,15,64,,False,True,,147,59.56268577710819
80,2026-09-21T07:58:23.715+00:00,2026-09-21T07:59:54.279+00:00,2026-09-21T07:59:57.782+00:00,True,67,67.0,,67.0,90563.223909,94066.14768499999,94066.147877,1403.9723563731343,0.01609,90563.223909,11057.66459531532,116.89481340000002,53.074602666666664,44.942037577032565,0.7122647376223314,15,64,,False,True,,135,59.56268577710819
81,2026-09-21T07:58:23.992+00:00,2026-09-21T07:59:55.187+00:00,2026-09-21T07:59:58.517+00:00,True,56,56.0,,56.0,91194.30841,94524.91602599999,94524.915853,1687.9449259464286,0.019649999999999997,91194.30841,12178.2719934235,80.98607700000001,60.55650210909091,17.350857988105822,0.5924363898360583,15,64,,False,True,,244,59.56268577710819
82,2026-09-21T07:58:24.333+00:00,2026-09-21T07:59:56.875+00:00,2026-09-21T07:59:59.952+00:00,True,51,51.0,,51.0,92542.188843,95619.321387,95619.32130299999,1874.888653,40.210384,92542.188843,12949.884544648137,79.982617,61.542650880000004,10.077040137368197,0.5333650067812942,15,64,,False,True,,459,59.56268577710819
83,2026-09-21T07:58:24.586+00:00,2026-09-21T07:59:58.081+00:00,2026-09-21T08:00:00.162+00:00,True,35,35.0,,35.0,93494.623903,95575.911583,95575.911786,2730.740336742857,39.397033,93494.623903,15793.132011534133,81.393036,61.214343529411764,10.344130630502434,0.36620105861721564,15,64,,False,True,,70,59.56268577710819
84,2026-09-21T07:58:24.783+00:00,2026-09-21T07:59:59.234+00:00,2026-09-21T08:00:04.756+00:00,True,88,88.0,,88.0,94451.415884,99973.41166,99973.41162,1136.0614956818183,0.0,94451.415884,10063.764042123441,76.15040415,63.471215816091956,200.54156770113428,0.8802340396192497,15,64,,False,True,,217,59.56268577710819
85,2026-09-21T07:58:25.053+00:00,2026-09-21T08:00:00.564+00:00,2026-09-21T08:00:02.870+00:00,True,10,10.0,,10.0,95510.444223,97816.951999,97816.95200599999,9781.6952006,0.0,95510.444223,30127.515789714485,53378.55062085,256.2786417777778,610.7796175566667,0.10223176858038095,15,64,,False,True,,10,59.56268577710819
86,2026-09-21T07:58:25.363+00:00,2026-09-21T08:00:02.876+00:00,2026-09-21T08:00:04.147+00:00,True,32,32.0,,32.0,97512.229653,98783.099157,98783.099345,3086.97185453125,0.0,97512.229653,17230.670560278097,78.125684,40.995790451612905,31.549865257325283,0.3239420535808569,15,64,,False,True,,192,59.56268577710819
87,2026-09-21T07:58:25.581+00:00,2026-09-21T08:00:03.350+00:00,2026-09-21T08:00:04.958+00:00,True,26,26.0,,26.0,97768.16045299999,99377.03238899999,99377.03230499999,3822.193550192307,43.732994,97768.16045299999,19161.295051736095,76.45390175,64.35487744,9.60969261144815,0.2616298693467318,15,64,,False,True,,52,59.56268577710819
88,2026-09-21T07:58:25.926+00:00,2026-09-21T08:00:04.902+00:00,2026-09-21T08:00:07.546+00:00,True,43,43.0,,43.0,98975.73750300001,101620.69545500001,101620.69553600001,2363.271989209303,42.575034,98975.73750300001,15084.05764977919,78.4346969,62.97518933333333,9.318094975899372,0.42314215433647956,15,64,,False,True,,172,59.56268577710819
89,2026-09-21T07:58:26.207+00:00,2026-09-21T08:00:06.108+00:00,2026-09-21T08:00:09.150+00:00,True,51,51.0,,51.0,99900.67134100001,102942.56753300001,102942.56745900001,2018.4817148823531,44.877635000000005,99900.67134100001,13980.376010963551,76.6588515,60.83792384,9.217857011638932,0.49542187670470794,15,64,,False,True,,408,59.56268577710819
90,2026-09-21T07:58:26.559+00:00,2026-09-21T08:00:08.151+00:00,2026-09-21T08:00:09.739+00:00,True,27,27.0,,27.0,101591.924094,103180.050814,103180.051043,3821.4833719629632,44.370123,101591.924094,19539.6217196242,78.675056,61.08179692307692,9.040303004150694,0.261678491016371,15,64,,True,True,,165,59.56268577710819
91,2026-09-21T07:58:26.915+00:00,2026-09-21T08:00:10.055+00:00,2026-09-21T08:00:11.011+00:00,True,16,16.0,,16.0,103139.64453399999,104096.197494,104096.197359,6506.0123349375,51.489584,103139.64453399999,25768.96983704269,25844.5660105,63.770197333333336,8.310188398944607,0.1537039813670641,15,64,,True,True,,38,59.56268577710819
92,2026-09-21T07:58:27.143+00:00,2026-09-21T08:00:11.285+00:00,2026-09-21T08:00:16.419+00:00,True,82,82.0,,82.0,104142.449409,109275.81056099999,109275.81052099999,1332.631835621951,46.694365,104142.449409,11493.61451663245,77.05965145,63.37482903703704,8.997474322369756,0.7503947999015383,15,64,,True,True,,164,59.56268577710819
93,2026-09-21T07:58:27.428+00:00,2026-09-21T08:00:12.774+00:00,2026-09-21T08:00:18.527+00:00,True,92,92.0,,92.0,105346.35712,111099.189376,111099.189304,1207.5998837391305,40.428013,105346.35712,10976.530684509948,76.67020790000001,63.21793687912088,10.155155391519234,0.828088850303296,15,64,,True,True,,95,59.56268577710819
94,2026-09-21T07:58:27.743+00:00,2026-09-21T08:00:14.358+00:00,2026-09-21T08:00:18.216+00:00,True,62,62.0,,62.0,106614.919326,110473.442206,110473.442268,1781.829714,40.206533,106614.919326,13532.078988860878,78.06477849999999,63.25447344262295,10.518017453872824,0.5612208578093231,15,64,,True,True,,124,59.56268577710819
95,2026-09-21T07:58:28.040+00:00,2026-09-21T08:00:16.030+00:00,2026-09-21T08:00:17.449+00:00,True,23,23.0,,23.0,107989.270722,109409.072578,109409.07267,4756.916203043478,49.997915,107989.270722,22503.864668277736,77.30591500000001,64.536448,9.563495340379868,0.21022022633089063,15,64,,True,True,,69,59.56268577710819
96,2026-09-21T07:58:28.376+00:00,2026-09-21T08:00:17.644+00:00,2026-09-21T08:00:19.103+00:00,True,24,24.0,,24.0,109267.910971,110727.496507,110727.49668000001,4613.645695,48.021334,109267.910971,22291.26729600632,78.2891252,63.460240695652175,9.979415586675872,0.21674833042470856,15,64,,True,True,,142,59.56268577710819
97,2026-09-21T07:58:28.687+00:00,2026-09-21T08:00:19.232+00:00,2026-09-21T08:00:21.099+00:00,True,30,30.0,,30.0,110544.567536,112412.539888,112412.539775,3747.084659166667,50.603204,110544.567536,20170.825761930413,77.32389695,64.41283972413794,7.828067071393363,0.26687414081996463,15,64,,True,True,,158,59.56268577710819
98,2026-09-21T07:58:28.985+00:00,2026-09-21T08:00:20.741+00:00,2026-09-21T08:00:26.115+00:00,True,88,88.0,,88.0,111756.46246699999,117130.45645099999,117130.456446,1331.0279141590909,43.849034,111756.46246699999,11906.697558090395,77.3720715,61.77004579310345,8.969262466856847,0.7512990443848707,15,64,,True,True,,611,59.56268577710819
99,2026-09-21T07:58:29.318+00:00,2026-09-21T08:00:22.272+00:00,2026-09-21T08:00:25.259+00:00,True,49,49.0,,49.0,112953.714297,115940.509049,115940.509148,2366.132839755102,48.297294,112953.714297,16127.358421246143,76.446512,62.22489066666667,9.59029377230477,0.4226305404549423,15,64,,True,True,,151,59.56268577710819
100,2026-09-21T07:58:29.615+00:00,2026-09-21T08:00:23.813+00:00,2026-09-21T08:00:26.112+00:00,True,38,38.0,,38.0,114197.61012,116496.660104,116496.659921,3065.701576868421,45.566523000000004,114197.61012,18515.2209533669,79.141913,62.13648605405405,9.188270112535033,0.32618960892163157,15,64,,True,True,,114,59.56268577710819
101,2026-09-21T07:58:29.843+00:00,2026-09-21T08:00:25.203+00:00,2026-09-21T08:00:25.928+00:00,True,13,13.0,,13.0,115360.75670900001,116085.835237,116085.83537300001,8929.679644076923,53.724222999999995,115360.75670900001,31978.559535634944,46189.1053832,60.42321066666666,7.13969701593304,0.11198610040113242,15,64,,True,True,,103,59.56268577710819
102,2026-09-21T07:58:30.118+00:00,2026-09-21T08:00:26.636+00:00,2026-09-21T08:00:26.704+00:00,True,2,2.0,,2.0,116517.658728,116586.102376,116586.10234299999,58293.051171499996,68.44361500000001,116517.658728,82342.0296702533,110695.19797235,68.443648,nan,0.017154703341482603,15,64,,True,True,,15,59.56268577710819
103,2026-09-21T07:58:30.473+00:00,2026-09-21T08:00:28.361+00:00,2026-09-21T08:00:30.654+00:00,True,38,38.0,,38.0,117888.26036,120180.928008,120180.92789,3162.655997105263,43.789353000000006,117888.26036,19113.951529470458,76.913295,61.96399048648649,9.475755026406537,0.3161899365386035,15,64,,True,True,,114,59.56268577710819
104,2026-09-21T07:58:30.777+00:00,2026-09-21T08:00:30.043+00:00,2026-09-21T08:00:32.457+00:00,True,39,39.0,,39.0,119266.155863,121679.80936700001,121679.809152,3119.995106461539,43.05975299999999,119266.155863,19087.70043415479,79.262047,63.51719747368421,8.799749514350356,0.32051332265299337,15,64,,True,True,,195,59.56268577710819
105,2026-09-21T07:58:31.112+00:00,2026-09-21T08:00:31.738+00:00,2026-09-21T08:00:37.168+00:00,True,87,87.0,,87.0,120625.98697400001,126055.64739000001,126055.64741700001,1448.9154875517243,44.435693,120625.98697400001,12925.697737180984,77.8874847,63.13558623255814,9.31348674741872,0.6901713790801705,15,64,,True,True,,525,59.56268577710819
106,2026-09-21T07:58:31.407+00:00,2026-09-21T08:00:33.057+00:00,2026-09-21T08:00:34.051+00:00,True,16,16.0,,16.0,121649.403821,122643.914413,122643.914415,7665.2446509375,47.250434,121649.403821,30395.777105236324,30472.528267249996,66.30070613333334,9.29536133900503,0.1304589801832355,15,64,,True,True,,44,59.56268577710819
107,2026-09-21T07:58:31.737+00:00,2026-09-21T08:00:34.516+00:00,2026-09-21T08:00:36.057+00:00,True,27,27.0,,27.0,122778.937676,124319.825996,124319.82586,4604.437994814815,44.185953,122778.937676,23617.413910180603,78.07652399999999,59.264935384615384,9.606524165151177,0.21718177115908066,15,64,,True,True,,53,59.56268577710819
108,2026-09-21T07:58:31.971+00:00,2026-09-21T08:00:35.939+00:00,2026-09-21T08:00:40.968+00:00,True,80,80.0,,80.0,123968.072627,128996.081331,128996.08131,1612.451016375,40.840182999999996,123968.072627,13852.939244273439,77.8892765,63.645679797468354,9.440269883410421,0.6201738779546523,15,64,,True,True,,434,59.56268577710819
109,2026-09-21T07:58:32.278+00:00,2026-09-21T08:00:37.598+00:00,2026-09-21T08:00:41.362+00:00,True,59,59.0,,59.0,125320.11470800001,129083.31163600001,129083.31157800001,2187.8527386101696,41.138113,125320.11470800001,16306.844994549496,77.891201,64.88270565517242,9.545041557433697,0.457069153651505,15,64,,True,True,,124,59.56268577710819
110,2026-09-21T07:58:32.631+00:00,2026-09-21T08:00:39.254+00:00,2026-09-21T08:00:42.332+00:00,True,48,48.0,,48.0,126622.551395,129700.902243,129700.902273,2702.1021306875,48.095133000000004,126622.551395,18266.939544458848,77.1029865,65.4968265531915,8.987256108479652,0.37008223666840817,15,64,,True,True,,96,59.56268577710819
112,2026-09-21T07:58:33.422+00:00,2026-09-21T08:00:41.364+00:00,2026-09-21T08:00:44.351+00:00,True,47,47.0,,47.0,127941.56176000001,130928.62531200002,130928.62541100002,2785.715434276596,44.569173,127941.56176000001,18652.725683144647,80.07883799999999,64.93616417391304,10.292861471202624,0.3589742112391392,15,64,,True,True,,222,59.56268577710819
111,2026-09-21T07:58:33.397+00:00,2026-09-21T08:00:41.413+00:00,2026-09-21T08:00:42.166+00:00,True,12,12.0,,12.0,128016.46063500001,128769.569883,128769.56986100001,10730.797488416667,59.624135,128016.46063500001,36935.40552067664,57650.388898050005,68.4644770909091,6.425340118305606,0.09318971874258178,15,64,,True,True,,16,59.56268577710819
113,2026-09-21T07:58:33.523+00:00,2026-09-21T08:00:43.947+00:00,2026-09-21T08:00:50.247+00:00,True,99,99.0,,99.0,130423.66934000001,136724.347228,136724.347239,1381.0540125151515,45.306013,130423.66934000001,13101.61340116198,78.0710921,64.29263151020409,9.036575190841214,0.7240846418883149,15,64,,True,True,,197,59.56268577710819
114,2026-09-21T07:58:33.742+00:00,2026-09-21T08:00:45.565+00:00,2026-09-21T08:00:47.814+00:00,True,36,36.0,,36.0,131822.92323800002,134071.44906200003,134071.449044,3724.206917888889,46.837733,131822.92323800002,21959.782105658163,80.87253375,64.24359497142858,9.89370215912117,0.26851354447099435,15,64,,True,True,,432,59.56268577710819
115,2026-09-21T07:58:33.961+00:00,2026-09-21T08:00:46.677+00:00,2026-09-21T08:00:51.051+00:00,True,70,70.0,,70.0,132715.77514800002,137089.16881200002,137089.168773,1958.416696757143,44.738443,132715.77514800002,15854.996329218651,78.9346755,63.382516869565215,9.57984888994921,0.5106165615169489,15,64,,True,True,,430,59.56268577710819
116,2026-09-21T07:58:34.220+00:00,2026-09-21T08:00:47.963+00:00,2026-09-21T08:00:52.523+00:00,True,73,73.0,,73.0,133743.250777,138303.17884100002,138303.178785,1894.5640929452056,44.682833,133743.250777,15646.053739181752,79.33464599999999,63.33233422222222,9.30323965753008,0.5278259011235332,15,64,,True,True,,219,59.56268577710819
117,2026-09-21T07:58:34.513+00:00,2026-09-21T08:00:49.786+00:00,2026-09-21T08:00:52.854+00:00,True,50,50.0,,50.0,135273.292851,138341.62360300001,138341.623659,2766.8324731800003,45.614273000000004,135273.292851,19121.678969614382,77.91208395,62.61899493877551,9.044335706000405,0.36142412310762934,15,64,,True,True,,187,59.56268577710819
118,2026-09-21T07:58:34.852+00:00,2026-09-21T08:00:51.502+00:00,2026-09-21T08:00:56.169+00:00,True,75,75.0,,75.0,136650.68530399998,141317.852792,141317.85264099998,1884.2380352133332,42.810563,136650.68530399998,15771.78246580192,81.07755499999999,63.069830918918925,10.041357285251662,0.5307185080882134,15,64,,True,True,,296,59.56268577710819
119,2026-09-21T07:58:35.199+00:00,2026-09-21T08:00:53.313+00:00,2026-09-21T08:00:54.514+00:00,True,19,19.0,,19.0,138113.679802,139314.864058,139314.864131,7332.361270052632,47.704104,138113.679802,31670.142582120134,13880.9442946,66.73245866666666,7.548879563727026,0.13638171438827848,15,64,,True,True,,209,59.56268577710819
120,2026-09-21T07:58:35.548+00:00,2026-09-21T08:00:55.144+00:00,2026-09-21T08:00:59.199+00:00,True,66,66.0,,66.0,139596.28295199998,143651.562824,143651.562774,2176.5388299090905,45.160323,139596.28295199998,17175.437415124547,76.137271,62.38892110769231,9.067357029987502,0.4594450537295047,15,64,,True,True,,198,59.56268577710819
121,2026-09-21T07:58:35.846+00:00,2026-09-21T08:00:56.803+00:00,2026-09-21T08:01:00.695+00:00,True,62,62.0,,62.0,140956.64632499998,144848.95838899998,144848.95833399997,2336.2735215161288,43.693003,140956.64632499998,17893.411016412894,76.67073099999999,63.808394491803284,9.92180493546253,0.4280320734754304,15,64,,True,True,,186,59.56268577710819
122,2026-09-21T07:58:36.145+00:00,2026-09-21T08:00:58.360+00:00,2026-09-21T08:01:00.813+00:00,True,39,39.0,,39.0,142214.70577,144668.525674,144668.525712,3709.449377230769,42.896493,142214.70577,22762.24092710656,80.07476079999999,64.574208,11.435824679449667,0.26958178925444826,15,64,,True,True,,154,59.56268577710819
123,2026-09-21T07:58:36.471+00:00,2026-09-21T08:00:59.791+00:00,2026-09-21T08:01:01.329+00:00,True,25,25.0,,25.0,143319.980882,144858.497874,144858.497836,5794.33991344,45.073432999999994,143319.980882,28651.176878602782,75.9169358,64.10487466666666,10.013158411596484,0.1725822120683963,15,64,,True,True,,75,59.56268577710819
124,2026-09-21T07:58:36.829+00:00,2026-09-21T08:01:01.529+00:00,2026-09-21T08:01:01.529+00:00,True,1,1.0,,1.0,144699.990936,144699.990936,144699.990936,144699.990936,144699.990936,144699.990936,nan,144699.990936,nan,nan,0.006910850467449542,15,64,,True,True,,8,59.56268577710819
125,2026-09-21T07:58:37.057+00:00,2026-09-21T08:01:02.991+00:00,2026-09-21T08:01:06.023+00:00,True,49,49.0,,49.0,145934.751959,148966.01672699998,148966.01673399998,3040.1227904897955,44.023013,145934.751959,20838.802141773773,76.4975914,63.151349333333336,9.351838121312237,0.32893408225984194,15,64,,True,True,,441,59.56268577710819
126,2026-09-21T07:58:37.255+00:00,2026-09-21T08:01:03.801+00:00,2026-09-21T08:01:09.526+00:00,True,93,93.0,,93.0,146545.618509,152270.596173,152270.596264,1637.3182393978493,40.018043,146545.618509,15189.623220011357,78.24047200000001,62.228018086956524,9.94182515914318,0.6107548163424764,15,64,,True,True,,416,59.56268577710819
127,2026-09-21T07:58:37.506+00:00,2026-09-21T08:01:05.200+00:00,2026-09-21T08:01:05.588+00:00,True,7,7.0,,7.0,147694.14435699998,148082.35197299998,148082.35191599999,21154.621702285713,49.846544,147694.14435699998,55798.68588849124,103409.4571144,64.70126933333333,12.821925421565087,0.047270994191639513,15,64,,True,True,,14,59.56268577710819
128,2026-09-21T07:58:37.709+00:00,2026-09-21T08:01:06.451+00:00,2026-09-21T08:01:09.347+00:00,True,47,47.0,,47.0,148741.939559,151637.995367,151637.99544499998,3226.340328617021,42.92005399999999,148741.939559,21687.06071754809,75.492582,62.95773495652174,10.094293880798656,0.309948703069101,15,64,,True,True,,47,59.56268577710819
129,2026-09-21T07:58:38.060+00:00,2026-09-21T08:01:08.549+00:00,2026-09-21T08:01:09.898+00:00,True,23,23.0,,23.0,150489.14725799998,151838.02431399998,151838.02431799998,6601.65323121739,41.791673,150489.14725799998,31366.37378335236,83.0168439,61.31259345454545,11.408499319939493,0.15147720805716072,15,64,,True,True,,23,59.56268577710819
130,2026-09-21T07:58:38.410+00:00,2026-09-21T08:01:10.305+00:00,2026-09-21T08:01:15.004+00:00,True,74,74.0,,74.0,151895.272273,156594.422609,156594.422641,2116.1408465,46.563712,151895.272273,17649.98643877096,77.55715785,64.3719224109589,9.983275209369781,0.47255833743689785,15,64,,True,True,,363,59.56268577710819
131,2026-09-21T07:58:38.710+00:00,2026-09-21T08:01:12.294+00:00,2026-09-21T08:01:15.949+00:00,True,58,58.0,,58.0,153584.037719,157238.831191,157238.83137,2711.0143339655174,44.768932,153584.037719,20158.15575381361,77.54224085,64.11918371929825,10.86829360256253,0.3688656266437561,15,64,,True,True,,0,59.56268577710819
132,2026-09-21T07:58:39.060+00:00,2026-09-21T08:01:14.239+00:00,2026-09-21T08:01:14.427+00:00,True,4,4.0,,4.0,155178.28386599998,155366.32277799997,155366.32270999998,38841.580677499995,51.253303,155178.28386599998,77557.8031477934,131913.57439964998,62.67963733333334,15.421596379198276,0.025745605150966498,15,64,,True,True,,19,59.56268577710819
133,2026-09-21T07:58:39.297+00:00,2026-09-21T08:01:15.390+00:00,2026-09-21T08:01:18.856+00:00,True,55,55.0,,55.0,156093.386427,159558.972603,159558.97250499998,2901.072227363636,42.889064,156093.386427,21038.97687840371,77.263669,64.17752177777777,10.641362395784938,0.3447001387809506,15,64,,True,True,,62,59.56268577710819
134,2026-09-21T07:58:39.631+00:00,2026-09-21T08:01:17.099+00:00,2026-09-21T08:01:19.315+00:00,True,36,36.0,,36.0,157468.50265900002,159683.943299,159683.94324400002,4435.665090111112,43.916273000000004,157468.50265900002,26234.203283824674,84.20368874999998,63.298304,11.753612486025302,0.2254453344290969,15,64,,True,True,,84,59.56268577710819
135,2026-09-21T07:58:39.891+00:00,2026-09-21T08:01:18.416+00:00,2026-09-21T08:01:19.083+00:00,True,11,11.0,,11.0,158525.01794100003,159191.52648500004,159191.52650000004,14471.956954545458,48.345225,158525.01794100003,47776.9978981098,79315.39359400001,66.6508544,16.546325777342616,0.0690991552307056,15,64,,True,True,,48,59.56268577710819
136,2026-09-21T07:58:40.237+00:00,2026-09-21T08:01:20.162+00:00,2026-09-21T08:01:21.120+00:00,True,17,17.0,,17.0,159925.14136399998,160883.55109199998,160883.551216,9463.738306823529,44.786113,159925.14136399998,38773.017471008105,32044.919213600002,59.900608,10.701553571934872,0.10566648911347491,15,64,,True,True,,44,59.56268577710819
137,2026-09-21T07:58:40.441+00:00,2026-09-21T08:01:21.383+00:00,2026-09-21T08:01:23.365+00:00,True,32,32.0,,32.0,160941.930884,162924.440196,162924.440272,5091.3887585,46.258542999999996,160941.930884,28439.4793696318,77.22390905,63.95191329032258,10.572030751128558,0.19641006568138963,15,64,,True,True,,64,59.56268577710819
138,2026-09-21T07:58:40.756+00:00,2026-09-21T08:01:23.030+00:00,2026-09-21T08:01:25.716+00:00,True,43,43.0,,43.0,162274.31916100002,164959.868217,164959.868355,3836.2760082558143,45.581802,162274.31916100002,24736.852264628586,76.16798100000001,63.9416441904762,9.00686209130928,0.26066946139551184,15,64,,True,True,,48,59.56268577710819
139,2026-09-21T07:58:40.973+00:00,2026-09-21T08:01:23.897+00:00,2026-09-21T08:01:24.031+00:00,True,3,3.0,,3.0,162923.773635,163057.707203,163057.70729199998,54352.56909733333,66.022273,162923.773635,94025.42125384003,146638.1874099,66.966784,1.3359226995601206,0.01839839435657663,15,64,,True,True,,9,59.56268577710819
140,2026-09-21T07:58:41.229+00:00,2026-09-21T08:01:25.399+00:00,2026-09-21T08:01:30.350+00:00,True,80,80.0,,80.0,164169.93778900002,169120.948093,169120.94795700003,2114.0118494625003,43.342492,164169.93778900002,18347.752748692485,77.91858745,62.67101650632911,9.722251966712077,0.47303424503041347,15,64,,True,True,,304,59.56268577710819
141,2026-09-21T07:58:41.460+00:00,2026-09-21T08:01:26.539+00:00,2026-09-21T08:01:26.588+00:00,True,2,2.0,,2.0,165078.895897,165127.65442500002,165127.65435,82563.827175,48.758453,165078.895897,116693.92928680038,156827.3890248,48.758528,nan,0.012111841635274897,15,64,,True,True,,15,59.56268577710819
142,2026-09-21T07:58:41.694+00:00,2026-09-21T08:01:27.571+00:00,2026-09-21T08:01:28.828+00:00,True,21,21.0,,21.0,165876.22302900002,167133.53195700003,167133.53208700003,7958.739623190477,44.804292000000004,165876.22302900002,36183.44240367336,77.149844,62.865446399999996,10.104987619402038,0.12564803575983102,15,64,,True,True,,165,59.56268577710819
143,2026-09-21T07:58:41.931+00:00,2026-09-21T08:01:28.697+00:00,2026-09-21T08:01:33.289+00:00,True,75,75.0,,75.0,166766.894965,171358.680949,171358.68078300002,2284.78241044,47.120012,166766.894965,19249.41907211253,75.426425,62.05116194594595,8.341388328105824,0.4376784390766967,15,64,,True,True,,302,59.56268577710819
144,2026-09-21T07:58:42.263+00:00,2026-09-21T08:01:30.345+00:00,2026-09-21T08:01:33.415+00:00,True,51,51.0,,51.0,168082.20561,171151.95537,171151.955416,3355.920694431373,48.417573,168082.20561,23527.621015822,76.555654,61.394995200000004,8.586041027346635,0.297980819966369,15,64,,True,True,,203,59.56268577710819
145,2026-09-21T07:58:42.501+00:00,2026-09-21T08:01:31.527+00:00,2026-09-21T08:01:37.131+00:00,True,90,90.0,,90.0,169026.698148,174630.822308,174630.822311,1940.3424701222223,45.042823,169026.698148,17810.34364208279,77.0601475,62.96768719101124,9.742921461651674,0.5153729382391908,15,64,,True,True,,284,59.56268577710819
146,2026-09-21T07:58:42.791+00:00,2026-09-21T08:01:33.365+00:00,2026-09-21T08:01:34.269+00:00,True,15,15.0,,15.0,170573.34784799998,171478.16935199997,171478.16926599998,11431.877951066665,52.046463,170573.34784799998,44025.16243299915,51227.6411062,64.63010742857142,8.810295892506867,0.08747469171547377,15,64,,True,True,,30,59.56268577710819
147,2026-09-21T07:58:43.485+00:00,2026-09-21T08:01:35.180+00:00,2026-09-21T08:01:38.134+00:00,True,47,47.0,,47.0,171694.94994299999,174649.552951,174649.55283399997,3715.9479326382975,43.912862999999994,171694.94994299999,25034.915392298306,78.11011839999999,64.23050017391304,10.014905444642071,0.26911033670487783,15,64,,True,True,,47,59.56268577710819
148,2026-09-21T07:58:43.657+00:00,2026-09-21T08:01:36.705+00:00,2026-09-21T08:01:38.490+00:00,True,29,29.0,,29.0,173047.47471799998,174833.293086,174833.29293499998,6028.734239137931,44.434942,173047.47471799998,32122.267319487404,78.00048640000001,63.779227428571424,9.94749558589378,0.16587229747903326,15,64,,True,True,,203,59.56268577710819
149,2026-09-21T07:58:43.672+00:00,2026-09-21T08:01:37.405+00:00,2026-09-21T08:01:38.740+00:00,True,22,22.0,,22.0,173733.068664,175067.582584,175067.582646,7957.6173929999995,45.080881999999995,173733.068664,37026.46704541212,77.50920945,63.5482819047619,8.325497743211333,0.12566575533448107,15,64,,True,True,,44,59.56268577710819
150,2026-09-21T07:58:43.899+00:00,2026-09-21T08:01:38.881+00:00,2026-09-21T08:01:42.896+00:00,True,66,66.0,,66.0,174981.724171,178996.414731,178996.41481800002,2712.0668911818184,44.483552,174981.724171,21531.16061947724,77.19698225,61.764470153846155,9.301030405852329,0.3687224691018887,15,64,,True,True,,132,59.56268577710819
151,2026-09-21T07:58:44.223+00:00,2026-09-21T08:01:40.333+00:00,2026-09-21T08:01:44.996+00:00,True,76,76.0,,76.0,176110.51207499998,180773.02573899998,180773.02587699998,2378.5924457499996,45.658112,176110.51207499998,20194.132028886746,74.548759,62.166848853333335,8.750744297282894,0.4204167059178883,15,64,,True,True,,139,59.56268577710819
152,2026-09-21T07:58:44.439+00:00,2026-09-21T08:01:41.309+00:00,2026-09-21T08:01:44.546+00:00,True,54,54.0,,54.0,176869.332379,180106.325147,180106.325091,3335.3023165,43.101502,176869.332379,24060.558140844765,75.0528315,61.07533524528302,9.690648948630239,0.2998228960361388,15,64,,True,True,,191,59.56268577710819
153,2026-09-21T07:58:44.758+00:00,2026-09-21T08:01:43.097+00:00,2026-09-21T08:01:44.243+00:00,True,19,19.0,,19.0,178338.88416999998,179484.73888999998,179484.73894199997,9446.565207473683,43.097653,178338.88416999998,40899.143006819846,17904.7562017,63.65859555555555,10.616632552643258,0.10585858228116232,15,64,,True,True,,55,59.56268577710819
154,2026-09-21T07:58:45.057+00:00,2026-09-21T08:01:44.551+00:00,2026-09-21T08:01:49.503+00:00,True,80,80.0,,80.0,179494.216667,184446.141147,184446.141105,2305.5767638125,45.896153,179494.216667,20061.057127512922,76.05944000000001,62.68258835443038,8.437971250602647,0.43373094987247013,15,64,,True,True,,164,59.56268577710819
155,2026-09-21T07:58:45.357+00:00,2026-09-21T08:01:46.082+00:00,2026-09-21T08:01:46.647+00:00,True,10,10.0,,10.0,180724.918809,181289.893145,181289.893159,18128.9893159,52.073893,180724.918809,57130.38679725881,99432.92327880001,62.77492622222223,9.02679102970244,0.05516027301092709,15,64,,True,True,,20,59.56268577710819
156,2026-09-21T07:58:45.655+00:00,2026-09-21T08:01:47.557+00:00,2026-09-21T08:01:47.703+00:00,True,3,3.0,,3.0,181902.557338,182048.63836200003,182048.63845700002,60682.87948566667,66.968744,181902.557338,104979.32063427802,163720.2128417,73.040512,8.586652202389473,0.016479112543728896,15,64,,True,True,,12,59.56268577710819
157,2026-09-21T07:58:45.884+00:00,2026-09-21T08:01:48.717+00:00,2026-09-21T08:01:50.586+00:00,True,31,31.0,,31.0,182832.373557,184701.71883700002,184701.71865800003,5958.119956709678,46.161683,182832.373557,32826.47309562735,77.36851399999999,62.31150933333333,7.814046561434498,0.16783817819994204,15,64,,True,True,,155,59.56268577710819
158,2026-09-21T07:58:46.208+00:00,2026-09-21T08:01:50.785+00:00,2026-09-21T08:01:51.472+00:00,True,11,11.0,,11.0,184577.358425,185264.337753,185264.33767200002,16842.212515636365,51.640733999999995,184577.358425,55631.4549860908,92326.8208735,68.6979328,9.117352561406419,0.059374621869566345,15,64,,True,True,,114,59.56268577710819
159,2026-09-21T07:58:46.540+00:00,2026-09-21T08:01:51.736+00:00,2026-09-21T08:01:56.276+00:00,True,73,73.0,,73.0,185196.502542,189736.67355,189736.673477,2599.1325133835617,44.542692,185196.502542,21668.232742637418,77.58783,63.057930666666664,9.37713240659784,0.384743753720141,15,64,,True,True,,513,59.56268577710819
160,2026-09-21T07:58:46.845+00:00,2026-09-21T08:01:53.336+00:00,2026-09-21T08:01:57.667+00:00,True,69,69.0,,69.0,186491.048997,190822.476837,190822.476841,2765.5431426231885,42.586811000000004,186491.048997,22443.21768408836,76.4440064,63.69746823529412,9.381103564620927,0.36159262338335335,15,64,,True,True,,205,59.56268577710819
161,2026-09-21T07:58:47.038+00:00,2026-09-21T08:01:54.441+00:00,2026-09-21T08:01:56.590+00:00,True,35,35.0,,35.0,187402.656846,189551.91892599998,189551.919072,5415.769116342857,42.966603000000006,187402.656846,31666.146684490548,77.44200699999999,63.2135905882353,8.760096834773371,0.18464598089172501,15,64,,True,True,,137,59.56268577710819
162,2026-09-21T07:58:47.348+00:00,2026-09-21T08:01:55.990+00:00,2026-09-21T08:02:01.029+00:00,True,81,81.0,,81.0,188641.940348,193680.839036,193680.83899,2391.1214690123456,40.218692000000004,188641.940348,20953.218994503168,76.58021400000001,62.9862336,8.909722971211924,0.41821380164996247,15,64,,True,True,,242,59.56268577710819
163,2026-09-21T07:58:47.553+00:00,2026-09-21T08:01:57.119+00:00,2026-09-21T08:02:00.554+00:00,True,55,55.0,,55.0,189566.063998,193001.719422,193001.719384,3509.122170618182,44.163272,189566.063998,25552.50529196018,77.0314767,63.62324859259259,8.519441676757237,0.2849715544748179,15,64,,True,True,,110,59.56268577710819
164,2026-09-21T07:58:47.869+00:00,2026-09-21T08:01:58.617+00:00,2026-09-21T08:01:59.387+00:00,True,13,13.0,,13.0,190748.680396,191518.56558000002,191518.56557900002,14732.19735223077,53.055514,190748.680396,52886.37207587206,76347.92678080001,64.15709866666667,9.790931665331858,0.06787853679161833,15,64,,True,True,,70,59.56268577710819
165,2026-09-21T07:58:48.106+00:00,2026-09-21T08:01:59.870+00:00,2026-09-21T08:02:03.810+00:00,True,65,65.0,,65.0,191764.249079,195703.797239,195703.797412,3010.8276524923076,42.629583,191764.249079,23777.794333291626,76.42689480000001,61.55544,8.814025299287637,0.33213458766270043,15,64,,True,True,,258,59.56268577710819
166,2026-09-21T07:58:48.451+00:00,2026-09-21T08:02:01.956+00:00,2026-09-21T08:02:01.956+00:00,True,1,1.0,,1.0,193504.398395,193504.398395,193504.398395,193504.398395,193504.398395,193504.398395,nan,193504.398395,nan,nan,0.005167841187561549,15,64,,True,True,,1,59.56268577710819
167,2026-09-21T07:58:48.748+00:00,2026-09-21T08:02:03.693+00:00,2026-09-21T08:02:05.599+00:00,True,31,31.0,,31.0,194945.63008899998,196851.206793,196851.20685199997,6350.038930709677,51.104042,194945.63008899998,35001.861196697864,74.42879450000001,63.519223466666666,7.684497970364922,0.15747934953021764,15,64,,True,True,,86,59.56268577710819
168,2026-09-21T07:58:48.982+00:00,2026-09-21T08:02:04.903+00:00,2026-09-21T08:02:10.501+00:00,True,90,90.0,,90.0,195921.15131000002,201519.53543800002,201519.53533200003,2239.1059481333336,42.481802,195921.15131000002,20645.273793702672,76.4102985,62.9031924494382,8.444240144630518,0.44660682550893244,15,64,,True,True,,720,59.56268577710819
169,2026-09-21T07:58:49.301+00:00,2026-09-21T08:02:06.694+00:00,2026-09-21T08:02:07.229+00:00,True,10,10.0,,10.0,197393.30118399998,197927.982528,197927.98242199997,19792.7982422,47.033103000000004,197393.30118399998,62402.4565084992,108599.59564149998,59.40903822222222,9.42080554009499,0.05052342711867608,15,64,,True,True,,20,59.56268577710819
170,2026-09-21T07:58:49.535+00:00,2026-09-21T08:02:08.039+00:00,2026-09-21T08:02:13.925+00:00,True,94,94.0,,94.0,198503.81670199998,204389.23442999998,204389.234531,2174.353558840425,39.845792,198503.81670199998,20467.58014814248,77.32415649999999,63.28406159139785,9.096860969505492,0.45990680606122375,15,64,,True,True,,501,59.56268577710819
171,2026-09-21T07:58:49.791+00:00,2026-09-21T08:02:09.194+00:00,2026-09-21T08:02:11.991+00:00,True,46,46.0,,46.0,199403.01727799998,202200.59603,202200.596219,4395.665135195652,44.311963000000006,199403.01727799998,29391.20595547914,77.2982315,62.168416711111114,8.697903828502852,0.22749685660261407,15,64,,True,True,,46,59.56268577710819
172,2026-09-21T07:58:50.112+00:00,2026-09-21T08:02:11.162+00:00,2026-09-21T08:02:16.853+00:00,True,90,90.0,,90.0,201050.168901,206741.13722099998,206741.137059,2297.1237451,42.328792,201050.168901,21185.81061231218,77.50529855,63.943464269662925,9.83125885558045,0.4353270046289469,15,64,,True,True,,93,59.56268577710819
173,2026-09-21T07:58:50.319+00:00,2026-09-21T08:02:12.444+00:00,2026-09-21T08:02:13.066+00:00,True,11,11.0,,11.0,202125.275988,202746.615124,202746.61509200002,18431.510462909093,44.368122,202125.275988,60924.33063226861,101104.02843149999,62.1339136,11.488268557230365,0.054254913174616455,15,64,,True,True,,11,59.56268577710819
174,2026-09-21T07:58:50.572+00:00,2026-09-21T08:02:13.804+00:00,2026-09-21T08:02:15.995+00:00,True,36,36.0,,36.0,203232.171676,205422.57526,205422.575215,5706.182644861111,42.421972000000004,203232.171676,33861.599820826574,77.3996275,62.58295954285714,10.890331716977014,0.17524850885758483,15,64,,True,True,,38,59.56268577710819
175,2026-09-21T07:58:50.872+00:00,2026-09-21T08:02:15.483+00:00,2026-09-21T08:02:21.554+00:00,True,96,96.0,,96.0,204610.856926,210682.193886,210682.194024,2194.60618775,48.342593,204610.856926,20876.48721211075,78.4829665,63.90881010526316,8.569410760072534,0.4556626178477406,15,64,,True,True,,194,59.56268577710819
176,2026-09-21T07:58:51.094+00:00,2026-09-21T08:02:16.668+00:00,2026-09-21T08:02:19.100+00:00,True,40,40.0,,40.0,205573.73186700002,208006.02012300002,208006.02001900002,5200.150500475001,47.099883,205573.73186700002,32494.20135158159,75.7685525,62.36636553846154,9.486854401000492,0.19230212652665934,15,64,,True,True,,79,59.56268577710819
177,2026-09-21T07:58:51.366+00:00,2026-09-21T08:02:18.247+00:00,2026-09-21T08:02:20.122+00:00,True,31,31.0,,31.0,206881.045184,208755.79206399998,208755.79205599998,6734.057808258064,43.805712,206881.045184,37145.71016992732,83.6166145,62.49156266666667,10.305824765941347,0.1484988737006927,15,64,,True,True,,34,59.56268577710819
178,2026-09-21T07:58:51.605+00:00,2026-09-21T08:02:19.302+00:00,2026-09-21T08:02:20.880+00:00,True,26,26.0,,26.0,207697.055776,209275.050784,209275.05059199999,8049.040407384615,41.948561999999995,207697.055776,40720.36629975697,80.18269975,63.11980032,10.302544548211115,0.12423841209258861,15,64,,True,True,,52,59.56268577710819
179,2026-09-21T07:58:51.897+00:00,2026-09-21T08:02:21.001+00:00,2026-09-21T08:02:23.717+00:00,True,44,44.0,,44.0,209104.574618,211820.63657,211820.63645700002,4814.105374022728,43.430932,209104.574618,31514.179703095946,77.9802995,63.164231441860466,9.311548160445055,0.2077229145964699,15,64,,True,True,,303,59.56268577710819
180,2026-09-21T07:58:52.192+00:00,2026-09-21T08:02:22.658+00:00,2026-09-21T08:02:28.095+00:00,True,90,90.0,,90.0,210466.244898,215903.170594,215903.17042500002,2398.9241158333334,42.381552000000006,210466.244898,22178.652850190985,78.19104754999998,61.08905276404494,9.596584476483834,0.41685353555665255,15,64,,True,True,,170,59.56268577710819
181,2026-09-21T07:58:52.535+00:00,2026-09-21T08:02:24.308+00:00,2026-09-21T08:02:29.232+00:00,True,81,81.0,,81.0,211772.58894,216696.748428,216696.748299,2675.2684975185184,44.316661,211772.58894,23523.450329302064,77.406754,61.5519936,9.207660120167072,0.3737942566633075,15,64,,True,True,,294,59.56268577710819
182,2026-09-21T07:58:52.822+00:00,2026-09-21T08:02:25.682+00:00,2026-09-21T08:02:26.111+00:00,True,8,8.0,,8.0,212860.199625,213289.49754500002,213289.497428,26661.1871785,43.635074,212860.199625,75235.76334595258,138386.14747565,61.328274285714286,12.28420250019194,0.03750770709332349,15,64,,True,True,,17,59.56268577710819
183,2026-09-21T07:58:53.776+00:00,2026-09-21T08:02:29.302+00:00,2026-09-21T08:02:35.140+00:00,True,92,92.0,,92.0,215525.427303,221363.735399,221363.73549700002,2406.12755975,41.393741999999996,215525.427303,22463.392374803625,77.63867245,64.15723182417582,9.84687719163977,0.41560556354984424,15,64,,True,True,,92,59.56268577710819
186,2026-09-21T07:58:53.939+00:00,2026-09-21T08:02:30.947+00:00,2026-09-21T08:02:33.048+00:00,True,34,34.0,,34.0,217007.695563,219108.234443,219108.234297,6444.359832264706,41.688461000000004,217007.695563,37205.59792274321,77.42741849999999,63.65269333333334,10.781260455381025,0.15517445104896296,15,64,,True,True,,102,59.56268577710819
185,2026-09-21T07:58:53.930+00:00,2026-09-21T08:02:31.183+00:00,2026-09-21T08:02:32.599+00:00,True,23,23.0,,23.0,217253.55060299998,218669.12461899998,218669.124552,9507.353241391304,47.194622,217253.55060299998,45287.08112132814,77.2469841,64.34427345454546,9.854134564921173,0.10518174451959895,15,64,,True,True,,153,59.56268577710819
184,2026-09-21T07:58:53.921+00:00,2026-09-21T08:02:31.775+00:00,2026-09-21T08:02:33.188+00:00,True,23,23.0,,23.0,217854.352504,219267.17810400002,219267.17805400002,9533.355567565217,42.021071000000006,217854.352504,45412.383009480385,79.08943900000001,64.21934545454545,9.783914535670538,0.10489486022887992,15,64,,True,True,,127,59.56268577710819
187,2026-09-21T07:58:54.013+00:00,2026-09-21T08:02:31.957+00:00,2026-09-21T08:02:37.525+00:00,True,87,87.0,,87.0,217944.219312,223512.076976,223512.076846,2569.1043315632182,44.191491,217944.219312,23359.13387359038,77.23575399999999,64.74253097674418,9.866151252862103,0.389240712077235,15,64,,True,True,,89,59.56268577710819
188,2026-09-21T07:58:54.327+00:00,2026-09-21T08:02:33.554+00:00,2026-09-21T08:02:38.673+00:00,True,81,81.0,,81.0,219226.920524,224345.767244,224345.767444,2769.700832641975,40.259042,219226.920524,24351.439693652228,80.05095299999999,63.985584,11.055854263985166,0.3610498249869089,15,64,,True,True,,407,59.56268577710819
189,2026-09-21T07:58:54.639+00:00,2026-09-21T08:02:35.554+00:00,2026-09-21T08:02:38.599+00:00,True,49,49.0,,49.0,220914.686862,223959.400078,223959.400029,4570.600000591837,47.130341,220914.686862,31550.181129832446,77.632777,63.43152533333333,10.757869034627095,0.21878965554888252,15,64,,True,True,,0,59.56268577710819
190,2026-09-21T07:58:54.838+00:00,2026-09-21T08:02:36.183+00:00,2026-09-21T08:02:39.354+00:00,True,52,52.0,,52.0,221345.045613,224516.668525,224516.668595,4317.628242211538,42.871341,221345.045613,30686.412289541,77.20669149999999,62.188684549019605,8.845399273299666,0.2316086388668723,15,64,,True,True,,364,59.56268577710819
191,2026-09-21T07:58:55.176+00:00,2026-09-21T08:02:37.891+00:00,2026-09-21T08:02:41.700+00:00,True,62,62.0,,62.0,222714.56929800002,226523.92891400002,226523.928982,3653.611757774194,43.848760999999996,222714.56929800002,28276.849233942845,76.27335345,62.44851829508197,9.645723842552309,0.2737017687148555,15,64,,True,True,,269,59.56268577710819
192,2026-09-21T07:58:55.495+00:00,2026-09-21T08:02:39.549+00:00,2026-09-21T08:02:41.849+00:00,True,37,37.0,,37.0,224054.538854,226354.29258200002,226354.292584,6117.683583351351,43.733542,224054.538854,36823.83855840571,82.121359,63.882048,10.348251039634873,0.16346056254531258,15,64,,True,True,,74,59.56268577710819
193,2026-09-21T07:58:55.749+00:00,2026-09-21T08:02:40.688+00:00,2026-09-21T08:02:44.418+00:00,True,59,59.0,,59.0,224938.85910600002,228668.68848200003,228668.68847700002,3875.7404826610173,41.645221,224938.85910600002,29276.175127472437,79.13635599999999,64.30740303448276,11.275632622271937,0.2580152114033062,15,64,,True,True,,295,59.56268577710819
194,2026-09-21T07:58:56.063+00:00,2026-09-21T08:02:42.303+00:00,2026-09-21T08:02:44.479+00:00,True,35,35.0,,35.0,226239.640241,228416.46353699997,228416.46361699997,6526.184674771428,43.250191,226239.640241,38230.65823896793,82.747622,64.0242145882353,10.499103363567437,0.1532288848974782,15,64,,True,True,,88,59.56268577710819
195,2026-09-21T07:58:56.344+00:00,2026-09-21T08:02:43.845+00:00,2026-09-21T08:02:50.014+00:00,True,99,99.0,,99.0,227500.91407600002,233670.46774000002,233670.46783200002,2360.307755878788,42.033251,227500.91407600002,22858.376736063597,76.6631681,62.95462922448979,8.988502444185722,0.4236735645608204,15,64,,True,True,,394,59.56268577710819
196,2026-09-21T07:58:56.589+00:00,2026-09-21T08:02:45.330+00:00,2026-09-21T08:02:46.540+00:00,True,20,20.0,,20.0,228740.895912,229950.9178,229950.917844,11497.5458922,46.021620999999996,228740.895912,51133.77956149351,11509.013615950002,63.685362526315785,9.250158532796645,0.08697508229732319,15,64,,True,True,,180,59.56268577710819
197,2026-09-21T07:58:56.944+00:00,2026-09-21T08:02:47.126+00:00,2026-09-21T08:02:51.201+00:00,True,66,66.0,,66.0,230182.461158,234256.996326,234256.99635099998,3549.348429560606,42.322772,230182.461158,28325.787831227197,76.94379550000001,62.685156430769226,9.288238924540867,0.28174185204762103,15,64,,True,True,,231,59.56268577710819
198,2026-09-21T07:58:57.284+00:00,2026-09-21T08:02:48.733+00:00,2026-09-21T08:02:54.105+00:00,True,87,87.0,,87.0,231448.28073899998,236820.67497899997,236820.675027,2722.076724448276,40.175501,231448.28073899998,24807.164754525158,77.06985259999999,62.469700465116276,9.804007333407974,0.3673665739180699,15,64,,True,True,,606,59.56268577710819
199,2026-09-21T07:58:57.626+00:00,2026-09-21T08:02:50.591+00:00,2026-09-21T08:02:51.912+00:00,True,23,23.0,,23.0,232965.177569,234286.337505,234286.337665,10186.362507173913,47.622872,232965.177569,48564.076251905135,74.9780901,60.052724363636365,7.914265055983661,0.09817047056578426,15,64,,True,True,,23,59.56268577710819
200,2026-09-21T07:58:57.941+00:00,2026-09-21T08:02:52.593+00:00,2026-09-21T08:02:55.088+00:00,True,40,40.0,,40.0,234651.222468,237146.956484,237146.956464,5928.6739116,44.171032,234651.222468,37091.49892340125,79.12470400000001,63.993179897435894,9.543983583423103,0.1686717830709278,15,64,,True,True,,81,59.56268577710819
201,2026-09-21T07:58:58.202+00:00,2026-09-21T08:02:53.751+00:00,2026-09-21T08:02:53.856+00:00,True,3,3.0,,3.0,235549.28396,235654.216056,235654.215944,78551.40531466667,51.261392,235549.28396,135964.15125246128,211999.7226232,52.466048,1.7035729709431293,0.012730516984627557,15,64,,True,True,,7,59.56268577710819
202,2026-09-21T07:58:58.445+00:00,2026-09-21T08:02:55.087+00:00,2026-09-21T08:02:57.509+00:00,True,40,40.0,,40.0,236642.56065200001,239064.72359600003,239064.72358700001,5976.618089675,46.859452,236642.56065200001,37406.655238280146,75.45610130000001,62.10674215384615,8.878576528451623,0.16731870515365851,15,64,,True,True,,80,59.56268577710819
203,2026-09-21T07:58:58.789+00:00,2026-09-21T08:02:56.693+00:00,2026-09-21T08:03:02.960+00:00,True,100,100.0,,100.0,237904.877592,244171.874584,244171.874581,2441.71874581,43.575012,237904.877592,23784.15933280355,77.414299,63.30299991919192,9.48857458336631,0.40954757860778107,15,64,,True,True,,308,59.56268577710819
204,2026-09-21T07:58:59.096+00:00,2026-09-21T08:02:58.457+00:00,2026-09-21T08:03:00.110+00:00,True,28,28.0,,28.0,239361.434912,241014.19728,241014.197439,8607.649908535714,45.486932,239361.434912,45223.49195106786,75.38227485,61.21342103703704,9.18789760075932,0.11617572871639091,15,64,,True,True,,70,59.56268577710819
205,2026-09-21T07:58:59.367+00:00,2026-09-21T08:02:59.971+00:00,2026-09-21T08:03:00.429+00:00,True,8,8.0,,8.0,240603.400747,241061.861675,241061.861623,30132.732702875,52.089742,240603.400747,85042.99264480107,156418.75380725,65.49441828571429,7.630851805842161,0.0331865021883288,15,64,,True,True,,24,59.56268577710819
206,2026-09-21T07:58:59.652+00:00,2026-09-21T08:03:01.401+00:00,2026-09-21T08:03:06.534+00:00,True,81,81.0,,81.0,241749.04577700002,246881.50145700003,246881.50141700002,3047.919770580247,41.477032,241749.04577700002,26853.87842038612,79.046092,64.155696,9.741060287539861,0.32809262549834245,15,64,,True,True,,881,59.56268577710819
207,2026-09-21T07:58:59.962+00:00,2026-09-21T08:03:03.150+00:00,2026-09-21T08:03:06.730+00:00,True,56,56.0,,56.0,243188.68409599998,246768.64083199998,246768.64087099998,4406.582872696428,48.993882,243188.68409599998,32488.75813314856,78.662778,65.09012247272727,9.280684023748968,0.2269332108455579,15,64,,True,True,,329,59.56268577710819
208,2026-09-21T07:59:00.259+00:00,2026-09-21T08:03:04.385+00:00,2026-09-21T08:03:05.060+00:00,True,12,12.0,,12.0,244126.036618,244801.448586,244801.448642,20400.12072016667,48.646791,244126.036618,70455.39225824841,109899.25979375001,61.401088,10.769433718025772,0.04901931777492868,15,64,,True,True,,108,59.56268577710819
209,2026-09-21T07:59:00.481+00:00,2026-09-21T08:03:05.653+00:00,2026-09-21T08:03:09.084+00:00,True,54,54.0,,54.0,245172.15103,248603.58399,248603.58406,4603.770075185185,42.782342,245172.15103,33354.89452574809,77.9849445,64.74401811320755,9.138967512219635,0.21721328040939317,15,64,,True,True,,486,59.56268577710819
210,2026-09-21T07:59:00.768+00:00,2026-09-21T08:03:07.486+00:00,2026-09-21T08:03:13.046+00:00,True,89,89.0,,89.0,246717.927984,252278.180656,252278.180809,2834.586301224719,45.202562,246717.927984,26145.35223239726,77.753445,63.184689454545456,9.576765563330117,0.3527851666306334,15,64,,True,True,,356,59.56268577710819
212,2026-09-21T07:59:01.438+00:00,2026-09-21T08:03:09.716+00:00,2026-09-21T08:03:11.366+00:00,True,27,27.0,,27.0,248277.92863299997,249927.77516099997,249927.77511099997,9256.584263370369,42.854322,248277.92863299997,47768.89868985429,79.07798100000001,63.455635692307695,10.401545112104799,0.1080312101470394,15,64,,True,True,,144,59.56268577710819
213,2026-09-21T07:59:01.749+00:00,2026-09-21T08:03:11.291+00:00,2026-09-21T08:03:14.419+00:00,True,50,50.0,,50.0,249542.64536700002,252670.418039,252670.418146,5053.40836292,44.629221,249542.64536700002,35281.6333499092,77.3327515,63.83209534693877,9.393155862440814,0.1978862440172258,15,64,,True,True,,100,59.56268577710819
214,2026-09-21T07:59:02.089+00:00,2026-09-21T08:03:13.516+00:00,2026-09-21T08:03:18.051+00:00,True,73,73.0,,73.0,251427.31121900002,255962.29822700002,255962.29827700002,3506.3328531095895,43.425830999999995,251427.31121900002,29419.970343044475,77.08071439999999,62.98593066666666,8.965790727603109,0.2851982518740318,15,64,,True,True,,340,59.56268577710819
211,2026-09-21T07:59:01.103+00:00,2026-09-21T08:03:13.833+00:00,2026-09-21T08:03:17.356+00:00,True,57,57.0,,57.0,252729.595133,256252.981757,256252.98163599998,4495.666344491228,44.388822,252729.595133,33466.52029333409,77.93326880000001,62.91761828571428,9.416147870095665,0.22243643609209612,15,64,,True,True,,171,59.56268577710819
215,2026-09-21T07:59:02.305+00:00,2026-09-21T08:03:15.094+00:00,2026-09-21T08:03:19.480+00:00,True,72,72.0,,72.0,252789.898182,257175.028166,257175.02820600002,3571.87539175,46.100491999999996,252789.898182,29784.297742982137,76.162671,61.76239414084507,8.888716727535675,0.2799649737124781,15,64,,True,True,,152,59.56268577710819
216,2026-09-21T07:59:02.563+00:00,2026-09-21T08:03:16.330+00:00,2026-09-21T08:03:18.872+00:00,True,42,42.0,,42.0,253767.167998,256309.136638,256309.13659799998,6102.5984904285715,43.594772,253767.167998,39147.55851507812,78.67848445,61.99923512195122,9.275807569250388,0.16386462281802694,15,64,,True,True,,462,59.56268577710819
217,2026-09-21T07:59:02.865+00:00,2026-09-21T08:03:18.052+00:00,2026-09-21T08:03:22.312+00:00,True,68,68.0,,68.0,255186.913508,259447.203812,259447.203647,3815.400053632353,44.665462,255186.913508,30938.249830665518,79.57188500000001,63.586422447761194,11.298637843654262,0.2620957135050644,15,64,,True,True,,408,59.56268577710819
218,2026-09-21T07:59:03.185+00:00,2026-09-21T08:03:19.949+00:00,2026-09-21T08:03:20.861+00:00,True,16,16.0,,16.0,256763.88775,257676.010886,257676.01112399998,16104.750695249999,47.031341999999995,256763.88775,64175.77060968057,64247.60362225,60.80820906666667,10.008553330135005,0.06209347911350062,15,64,,True,True,,41,59.56268577710819
219,2026-09-21T07:59:03.405+00:00,2026-09-21T08:03:21.225+00:00,2026-09-21T08:03:23.742+00:00,True,40,40.0,,40.0,257819.18596200002,260336.987434,260336.98732100002,6508.424683025,49.316992,257819.18596200002,40754.58604954997,77.47886449999999,64.5590121025641,9.673690444811248,0.15364701110763485,15,64,,True,True,,440,59.56268577710819
220,2026-09-21T07:59:03.637+00:00,2026-09-21T08:03:22.310+00:00,2026-09-21T08:03:27.874+00:00,True,89,89.0,,89.0,258672.96478600003,264237.483442,264237.483421,2968.960487876405,42.482902,258672.96478600003,27412.57849109736,77.92497900000001,63.233166545454544,9.892007988624858,0.3368182244270256,15,64,,True,True,,180,59.56268577710819
221,2026-09-21T07:59:03.940+00:00,2026-09-21T08:03:23.543+00:00,2026-09-21T08:03:29.592+00:00,True,97,97.0,,97.0,259602.412299,265651.877899,265651.877821,2738.6791527938144,43.304502,259602.412299,26352.2347809088,75.93952279999999,63.01526666666666,9.326005436664138,0.36513952307492853,15,64,,True,True,,520,59.56268577710819
222,2026-09-21T07:59:04.234+00:00,2026-09-21T08:03:25.174+00:00,2026-09-21T08:03:26.815+00:00,True,27,27.0,,27.0,260939.803645,262580.322813,262580.322622,9725.197134148148,45.806371,260939.803645,50205.74642971086,78.57660469999999,63.09689107692308,9.16906364052997,0.10282567905603651,15,64,,True,True,,32,59.56268577710819
223,2026-09-21T07:59:04.538+00:00,2026-09-21T08:03:26.876+00:00,2026-09-21T08:03:32.949+00:00,True,97,97.0,,97.0,262338.059923,268411.027091,268411.027199,2767.123991742268,45.496252,262338.059923,26629.972750521654,76.2502206,63.26007466666666,9.065285094625326,0.3613860468076592,15,64,,True,True,,291,59.56268577710819
224,2026-09-21T07:59:05.559+00:00,2026-09-21T08:03:28.017+00:00,2026-09-21T08:03:30.785+00:00,True,45,45.0,,45.0,262458.392307,265225.715955,265225.715976,5893.904799466667,44.639421,262458.392307,39115.612759641604,78.28220019999999,62.893719272727274,10.217888192049271,0.16966680564125616,15,64,,True,True,,90,59.56268577710819
226,2026-09-21T07:59:05.600+00:00,2026-09-21T08:03:28.155+00:00,2026-09-21T08:03:31.759+00:00,True,58,58.0,,58.0,262555.511178,266159.19399400003,266159.193884,4588.951618689655,42.107181,262555.511178,34466.92744529466,76.17383285,63.22250554385965,9.791057009940383,0.21791469657556703,15,64,,True,True,,570,59.56268577710819
227,2026-09-21T07:59:05.696+00:00,2026-09-21T08:03:28.801+00:00,2026-09-21T08:03:34.764+00:00,True,95,95.0,,95.0,263104.932641,269067.350817,269067.350756,2832.287902694737,45.102631,263104.932641,26987.490388700684,76.700772,63.42998059574469,9.475263810255987,0.3530714511126698,15,64,,True,True,,855,59.56268577710819
225,2026-09-21T07:59:05.564+00:00,2026-09-21T08:03:29.903+00:00,2026-09-21T08:03:30.727+00:00,True,14,14.0,,14.0,264339.200433,265162.31262499996,265162.312774,18940.165198142855,45.573651,264339.200433,70630.70159985444,92572.99008934999,63.31632246153846,9.646193214077844,0.05279784997123326,15,64,,True,True,,44,59.56268577710819
228,2026-09-21T07:59:05.894+00:00,2026-09-21T08:03:32.948+00:00,2026-09-21T08:03:34.355+00:00,True,23,23.0,,23.0,267054.14471799997,268460.80097399995,268460.801177,11672.208746826085,48.896791,267054.14471799997,55671.30701890443,77.87841490000001,63.93892072727272,9.036302043197697,0.08567358778843664,15,64,,True,True,,81,59.56268577710819
229,2026-09-21T07:59:06.161+00:00,2026-09-21T08:03:35.813+00:00,2026-09-21T08:03:36.965+00:00,True,19,19.0,,19.0,269652.37985,270803.77005800005,270803.770024,14252.830001263159,45.533981,269652.37985,61847.82454660186,27035.159588900002,63.966122666666664,10.028714511838048,0.07016150475279805,15,64,,True,True,,209,59.56268577710819
230,2026-09-21T07:59:06.395+00:00,2026-09-21T08:03:36.903+00:00,2026-09-21T08:03:39.461+00:00,True,41,41.0,,41.0,270507.66201800003,273066.180546,273066.18034200004,6660.150740048782,42.985471,270507.66201800003,42236.211029577855,79.28200100000001,63.962963200000004,10.060905884828857,0.15014675167030891,15,64,,True,True,,176,59.56268577710819
231,2026-09-21T07:59:06.618+00:00,2026-09-21T08:03:38.147+00:00,2026-09-21T08:03:38.877+00:00,True,12,12.0,,12.0,271528.46451099997,272258.69196699996,272258.69198699994,22688.224332249996,50.478891000000004,271528.46451099997,78364.35306527583,122229.85608004998,66.38431418181818,9.537210975670968,0.044075727806164956,15,64,,True,True,,132,59.56268577710819
232,2026-09-21T07:59:06.896+00:00,2026-09-21T08:03:39.407+00:00,2026-09-21T08:03:44.105+00:00,True,74,74.0,,74.0,272510.421989,277208.39318899997,277208.393257,3746.059368337838,42.243981,272510.421989,31671.21372560844,77.58413365,64.3557698630137,10.878510008113878,0.2669471842057357,15,64,,True,True,,333,59.56268577710819
233,2026-09-21T07:59:07.169+00:00,2026-09-21T08:03:40.836+00:00,2026-09-21T08:03:44.421+00:00,True,57,57.0,,57.0,273667.331541,277251.88270899997,277251.882666,4864.068116947368,42.092431,273667.331541,36239.646631469186,77.8202358,64.00984228571429,10.063486373007049,0.20558922609671318,15,64,,True,True,,279,59.56268577710819
234,2026-09-21T07:59:07.419+00:00,2026-09-21T08:03:42.171+00:00,2026-09-21T08:03:45.986+00:00,True,60,60.0,,60.0,274751.94150099996,278566.96050899994,278566.960583,4642.782676383333,42.363321000000006,274751.94150099996,35461.97668174249,77.40659545,64.66133911864407,9.681467338919242,0.21538807003661697,15,64,,True,True,,187,59.56268577710819
235,2026-09-21T07:59:07.620+00:00,2026-09-21T08:03:43.178+00:00,2026-09-21T08:03:48.011+00:00,True,78,78.0,,78.0,275558.159592,280391.737064,280391.73699400004,3594.765858897436,44.674541,275558.159592,31193.711293914363,78.06647815000001,62.77373340259741,9.57934303289999,0.2781822346719024,15,64,,True,True,,156,59.56268577710819
236,2026-09-21T07:59:07.812+00:00,2026-09-21T08:03:44.308+00:00,2026-09-21T08:03:44.483+00:00,True,4,4.0,,4.0,276496.181026,276671.128866,276671.12895,69167.7822375,56.394341999999995,276496.181026,138218.93254047222,235030.92074275002,58.31594666666666,2.477670489579543,0.014457598146922363,15,64,,True,True,,8,59.56268577710819
237,2026-09-21T07:59:08.048+00:00,2026-09-21T08:03:45.520+00:00,2026-09-21T08:03:50.980+00:00,True,87,87.0,,87.0,277471.79437699995,282931.62004099996,282931.61990099994,3252.087585068965,40.914989999999996,277471.79437699995,29741.29409369363,78.574327,63.486344930232555,10.002935078523523,0.3074947932203291,15,64,,True,True,,667,59.56268577710819
238,2026-09-21T07:59:08.336+00:00,2026-09-21T08:03:46.966+00:00,2026-09-21T08:03:49.185+00:00,True,35,35.0,,35.0,278630.185948,280849.230812,280849.230765,8024.263736142857,46.786121,278630.185948,47086.066223538626,78.1697247,65.2660254117647,8.616335257222705,0.12462202548608348,15,64,,True,True,,70,59.56268577710819
239,2026-09-21T07:59:08.621+00:00,2026-09-21T08:03:48.481+00:00,2026-09-21T08:03:53.215+00:00,True,75,75.0,,75.0,279860.14685,284594.125474,284594.12528900005,3794.588337186667,43.571871,279860.14685,32308.080518382347,77.41998299999999,63.97268410810811,8.952190230866297,0.2635331979361319,15,64,,True,True,,176,59.56268577710819
240,2026-09-21T07:59:08.953+00:00,2026-09-21T08:03:50.122+00:00,2026-09-21T08:03:54.947+00:00,True,76,76.0,,76.0,281169.366799,285994.280975,285994.28097,3763.0826443421056,42.600381,281169.366799,32244.960412556826,78.557177,64.33218901333333,9.92689117817473,0.2657395796199278,15,64,,True,True,,452,59.56268577710819
241,2026-09-21T07:59:09.200+00:00,2026-09-21T08:03:51.494+00:00,2026-09-21T08:03:56.087+00:00,True,73,73.0,,73.0,282294.321463,286887.212343,286887.212349,3929.9618129999994,42.388901,282294.321463,33032.58660863178,77.5026976,63.790151111111115,9.856564935325222,0.2544553987046373,15,64,,True,True,,233,59.56268577710819
242,2026-09-21T07:59:09.403+00:00,2026-09-21T08:03:52.509+00:00,2026-09-21T08:03:54.008+00:00,True,24,24.0,,24.0,283105.96344300004,284605.21797100006,284605.217965,11858.55074854167,44.709521,283105.96344300004,57775.457713779404,76.94772165,65.18497947826087,9.480879865271216,0.08432733655096053,15,64,,True,True,,48,59.56268577710819
243,2026-09-21T07:59:09.651+00:00,2026-09-21T08:03:53.546+00:00,2026-09-21T08:03:58.610+00:00,True,82,82.0,,82.0,283894.667329,288958.388801,288958.388915,3523.8827916463415,44.709701,283894.667329,31344.019016994793,75.44699195000001,62.515079901234564,9.066800302106891,0.2837778835224327,15,64,,True,True,,250,59.56268577710819
244,2026-09-21T07:59:09.854+00:00,2026-09-21T08:03:54.637+00:00,2026-09-21T08:03:59.792+00:00,True,83,83.0,,83.0,284783.65078100003,289938.92246100004,289938.922449,3493.2400295060247,43.223541,284783.65078100003,31252.167295842988,77.92769309999998,62.869166829268295,9.40618369534512,0.28626718791494576,15,64,,True,True,,361,59.56268577710819
246,2026-09-21T07:59:10.354+00:00,2026-09-21T08:03:55.135+00:00,2026-09-21T08:04:00.718+00:00,True,89,89.0,,89.0,284781.170369,290364.389057,290364.388976,3262.5212244494383,44.604771,284781.170369,30180.019838517368,76.84938539999999,63.4456669090909,9.178932558450192,0.3065114158421433,15,64,,True,True,,356,59.56268577710819
247,2026-09-21T07:59:10.598+00:00,2026-09-21T08:03:56.303+00:00,2026-09-21T08:03:56.926+00:00,True,12,12.0,,12.0,285705.274368,286328.105216,286328.105122,23860.67542683333,45.810151,285705.274368,82459.66384959605,128607.1512762,56.62098618181818,8.360545718160243,0.04190996196809758,15,64,,True,True,,34,59.56268577710819
248,2026-09-21T07:59:10.849+00:00,2026-09-21T08:03:57.693+00:00,2026-09-21T08:03:59.161+00:00,True,24,24.0,,24.0,286844.698581,288311.921621,288311.92163199995,12012.996734666665,42.859151,286844.698581,58538.90800313426,78.23785785,63.79230608695652,8.857803301901384,0.08324317588070175,15,64,,True,True,,72,59.56268577710819
245,2026-09-21T07:59:10.075+00:00,2026-09-21T08:03:59.719+00:00,2026-09-21T08:04:03.568+00:00,True,60,60.0,,60.0,289644.271714,293493.379426,293493.379355,4891.556322583333,40.796611,289644.271714,37384.493495497845,78.31020699999999,65.23911376271187,9.310081485622,0.20443391301481847,15,64,,True,True,,598,59.56268577710819
249,2026-09-21T07:59:11.175+00:00,2026-09-21T08:04:00.668+00:00,2026-09-21T08:04:05.318+00:00,True,75,75.0,,75.0,289492.85417,294143.141786,294143.141817,3921.90855756,46.603661,289492.85417,33420.50030478916,76.03402799999999,62.84172454054054,8.962263851974054,0.25497789798738624,15,64,,True,True,,403,59.56268577710819
250,2026-09-21T07:59:11.475+00:00,2026-09-21T08:04:02.913+00:00,2026-09-21T08:04:04.049+00:00,True,19,19.0,,19.0,291437.495616,292573.12697599997,292573.12688999996,15398.585625789472,43.436601,291437.495616,66845.87365033208,29213.562545399996,63.090631111111115,9.943920841892076,0.06494102926123692,15,64,,True,True,,152,59.56268577710819
251,2026-09-21T07:59:11.775+00:00,2026-09-21T08:04:04.729+00:00,2026-09-21T08:04:05.833+00:00,True,19,19.0,,19.0,292953.94452200003,294057.655242,294057.655305,15476.71870026316,46.183081,292953.94452200003,67194.17764668816,29363.084597,61.317262222222226,9.388231062142603,0.06461317929085576,15,64,,True,True,,38,59.56268577710819
252,2026-09-21T07:59:12.050+00:00,2026-09-21T08:04:06.246+00:00,2026-09-21T08:04:06.313+00:00,True,2,2.0,,2.0,294196.34508999996,294263.13292999996,294263.13280099997,147131.56640049999,66.787711,294196.34508999996,207981.0045700886,279489.8672210499,66.78784,nan,0.006796638029663624,15,64,,True,True,,10,59.56268577710819
253,2026-09-21T07:59:12.257+00:00,2026-09-21T08:04:07.309+00:00,2026-09-21T08:04:11.139+00:00,True,61,61.0,,61.0,295052.30267400004,298882.69269000005,298882.692524,4899.716270885247,44.701131000000004,295052.30267400004,37769.403591152746,77.19427099999999,63.8398336,9.571208969890883,0.2040934503466514,15,64,,True,True,,488,59.56268577710819
254,2026-09-21T07:59:12.519+00:00,2026-09-21T08:04:08.727+00:00,2026-09-21T08:04:11.015+00:00,True,37,37.0,,37.0,296208.191551,298496.417855,298496.417809,8067.470751594595,42.761911,296208.191551,48685.87841327282,80.0103838,63.56184177777778,10.930572271251402,0.12395458634271925,15,64,,True,True,,77,59.56268577710819
255,2026-09-21T07:59:12.739+00:00,2026-09-21T08:04:09.951+00:00,2026-09-21T08:04:10.317+00:00,True,6,6.0,,6.0,297212.512856,297578.081368,297578.081204,49596.346867333334,58.536680999999994,297212.512856,121306.65205416558,222930.60861999996,73.11370240000001,9.646789659840044,0.020162775337542748,15,64,,True,True,,36,59.56268577710819
256,2026-09-21T07:59:12.988+00:00,2026-09-21T08:04:11.285+00:00,2026-09-21T08:04:11.477+00:00,True,4,4.0,,4.0,298297.374173,298489.247453,298489.247367,74622.31184175,55.694131999999996,298297.374173,149116.70852051294,253564.3467767,63.95776,11.578370453700987,0.013400817731733666,15,64,,True,True,,23,59.56268577710819
257,2026-09-21T07:59:13.190+00:00,2026-09-21T08:04:12.315+00:00,2026-09-21T08:04:13.212+00:00,False,17,16.0,,16.0,299125.35319700005,300021.71876500006,300021.71884600003,17648.336402705885,0.02581,299125.35319700005,72534.96897655085,59886.823600200005,56.022848,17.646499994081122,0.05332947249906405,15,64,,True,False,Request timeout: 300.0s exceeded,42,59.56268577710819
258,2026-09-21T07:59:13.421+00:00,2026-09-21T08:04:13.526+00:00,2026-09-21T08:04:13.526+00:00,False,1,0.0,,0.0,300104.73577100004,300104.73577100004,300104.73577100004,300104.73577100004,300104.73577100004,300104.73577100004,nan,300104.73577100004,nan,nan,0.0,15,64,,True,False,"HTTPConnectionPool(host='gpu06', port=9004): Read timed out.",0,59.56268577710819
259,2026-09-21T07:59:13.714+00:00,2026-09-21T08:04:13.786+00:00,2026-09-21T08:04:13.786+00:00,False,1,0.0,,0.0,300072.666172,300072.666172,300072.666172,300072.666172,300072.666172,300072.666172,nan,300072.666172,nan,nan,0.0,15,64,,True,False,"HTTPConnectionPool(host='gpu06', port=9004): Read timed out.",0,59.56268577710819
260,2026-09-21T07:59:13.988+00:00,2026-09-21T08:04:14.026+00:00,2026-09-21T08:04:14.026+00:00,False,1,0.0,,0.0,300038.11751300003,300038.11751300003,300038.11751300003,300038.11751300003,300038.11751300003,300038.11751300003,nan,300038.11751300003,nan,nan,0.0,15,64,,True,False,"HTTPConnectionPool(host='gpu06', port=9004): Read timed out.",0,59.56268577710819
261,2026-09-21T07:59:14.275+00:00,2026-09-21T08:04:14.382+00:00,2026-09-21T08:04:14.382+00:00,False,1,0.0,,0.0,300107.508814,300107.508814,300107.508814,300107.508814,300107.508814,300107.508814,nan,300107.508814,nan,nan,0.0,15,64,,True,False,"HTTPConnectionPool(host='gpu06', port=9004): Read timed out.",0,59.56268577710819
262,2026-09-21T07:59:14.528+00:00,2026-09-21T08:04:14.631+00:00,2026-09-21T08:04:14.631+00:00,False,1,0.0,,0.0,300103.543297,300103.543297,300103.543297,300103.543297,300103.543297,300103.543297,nan,300103.543297,nan,nan,0.0,15,64,,True,False,"HTTPConnectionPool(host='gpu06', port=9004): Read timed out.",0,59.56268577710819
263,2026-09-21T07:59:14.754+00:00,2026-09-21T08:04:14.858+00:00,2026-09-21T08:04:14.858+00:00,False,1,0.0,,0.0,300103.72438200004,300103.72438200004,300103.72438200004,300103.72438200004,300103.72438200004,300103.72438200004,nan,300103.72438200004,nan,nan,0.0,15,64,,True,False,"HTTPConnectionPool(host='gpu06', port=9004): Read timed out.",0,59.56268577710819
264,2026-09-21T07:59:15.098+00:00,2026-09-21T08:04:15.181+00:00,2026-09-21T08:04:15.181+00:00,False,1,0.0,,0.0,300082.312899,300082.312899,300082.312899,300082.312899,300082.312899,300082.312899,nan,300082.312899,nan,nan,0.0,15,64,,True,False,TTFT timeout: 300.0s exceeded (TTFT: 300.078s),0,59.56268577710819
265,2026-09-21T07:59:15.346+00:00,2026-09-21T08:04:15.462+00:00,2026-09-21T08:04:15.462+00:00,False,1,0.0,,0.0,300116.205073,300116.205073,300116.205073,300116.205073,300116.205073,300116.205073,nan,300116.205073,nan,nan,0.0,15,64,,True,False,"HTTPConnectionPool(host='gpu06', port=9004): Read timed out.",0,59.56268577710819
266,2026-09-21T07:59:15.695+00:00,2026-09-21T08:04:15.796+00:00,2026-09-21T08:04:15.796+00:00,False,1,0.0,,0.0,300101.43209899997,300101.43209899997,300101.43209899997,300101.43209899997,300101.43209899997,300101.43209899997,nan,300101.43209899997,nan,nan,0.0,15,64,,True,False,"HTTPConnectionPool(host='gpu06', port=9004): Read timed out.",0,59.56268577710819
267,2026-09-21T07:59:15.918+00:00,2026-09-21T08:04:15.971+00:00,2026-09-21T08:04:15.971+00:00,False,1,0.0,,0.0,300052.960743,300052.960743,300052.960743,300052.960743,300052.960743,300052.960743,nan,300052.960743,nan,nan,0.0,15,64,,True,False,TTFT timeout: 300.0s exceeded (TTFT: 300.037s),0,59.56268577710819
268,2026-09-21T07:59:16.125+00:00,2026-09-21T08:04:16.235+00:00,2026-09-21T08:04:16.235+00:00,False,1,0.0,,0.0,300110.385181,300110.385181,300110.385181,300110.385181,300110.385181,300110.385181,nan,300110.385181,nan,nan,0.0,15,64,,True,False,"HTTPConnectionPool(host='gpu06', port=9004): Read timed out.",0,59.56268577710819
269,2026-09-21T07:59:16.326+00:00,2026-09-21T08:04:16.400+00:00,2026-09-21T08:04:16.400+00:00,False,1,0.0,,0.0,300074.039266,300074.039266,300074.039266,300074.039266,300074.039266,300074.039266,nan,300074.039266,nan,nan,0.0,15,64,,True,False,"HTTPConnectionPool(host='gpu06', port=9004): Read timed out.",0,59.56268577710819
270,2026-09-21T07:59:16.573+00:00,2026-09-21T08:04:16.675+00:00,2026-09-21T08:04:16.675+00:00,False,1,0.0,,0.0,300101.65885,300101.65885,300101.65885,300101.65885,300101.65885,300101.65885,nan,300101.65885,nan,nan,0.0,15,64,,True,False,"HTTPConnectionPool(host='gpu06', port=9004): Read timed out.",0,59.56268577710819
271,2026-09-21T07:59:16.877+00:00,2026-09-21T08:04:16.979+00:00,2026-09-21T08:04:16.979+00:00,False,1,0.0,,0.0,300101.80682,300101.80682,300101.80682,300101.80682,300101.80682,300101.80682,nan,300101.80682,nan,nan,0.0,15,64,,True,False,"HTTPConnectionPool(host='gpu06', port=9004): Read timed out.",0,59.56268577710819
272,2026-09-21T07:59:17.095+00:00,2026-09-21T08:04:17.211+00:00,2026-09-21T08:04:17.211+00:00,False,1,0.0,,0.0,300115.70953500003,300115.70953500003,300115.70953500003,300115.70953500003,300115.70953500003,300115.70953500003,nan,300115.70953500003,nan,nan,0.0,15,64,,True,False,"HTTPConnectionPool(host='gpu06', port=9004): Read timed out.",0,59.56268577710819
273,2026-09-21T07:59:17.288+00:00,2026-09-21T08:04:17.343+00:00,2026-09-21T08:04:17.343+00:00,False,1,0.0,,0.0,300054.864411,300054.864411,300054.864411,300054.864411,300054.864411,300054.864411,nan,300054.864411,nan,nan,0.0,15,64,,True,False,TTFT timeout: 300.0s exceeded (TTFT: 300.050s),0,59.56268577710819
274,2026-09-21T07:59:17.596+00:00,2026-09-21T08:04:17.547+00:00,2026-09-21T08:04:17.804+00:00,False,3,2.0,,2.0,299951.478848,300207.838016,300207.837904,100069.27930133333,0.08784,299951.478848,173103.1099639479,269981.9580848,128.179584,181.14912684765653,0.006662051241624835,15,64,,True,False,Request timeout: 300.0s exceeded,2,59.56268577710819
275,2026-09-21T07:59:17.851+00:00,2026-09-21T08:04:17.917+00:00,2026-09-21T08:04:17.917+00:00,False,1,0.0,,0.0,300066.394454,300066.394454,300066.394454,300066.394454,300066.394454,300066.394454,nan,300066.394454,nan,nan,0.0,15,64,,True,False,TTFT timeout: 300.0s exceeded (TTFT: 300.057s),0,59.56268577710819
276,2026-09-21T07:59:18.141+00:00,2026-09-21T08:04:18.252+00:00,2026-09-21T08:04:18.252+00:00,False,1,0.0,,0.0,300111.698515,300111.698515,300111.698515,300111.698515,300111.698515,300111.698515,nan,300111.698515,nan,nan,0.0,15,64,,True,False,"HTTPConnectionPool(host='gpu06', port=9004): Read timed out.",0,59.56268577710819
278,2026-09-21T07:59:19.383+00:00,2026-09-21T08:04:18.632+00:00,2026-09-21T08:04:19.637+00:00,False,15,14.0,,14.0,299248.68934399995,300253.37260799995,300253.3727049999,20016.891513666662,0.02499,299248.68934399995,77247.1577687447,89869.29703029997,71.76309028571428,35.49828473455175,0.04662728640946158,15,64,,True,False,Request timeout: 300.0s exceeded,70,59.56268577710819
279,2026-09-21T07:59:19.454+00:00,2026-09-21T08:04:19.000+00:00,2026-09-21T08:04:19.857+00:00,True,14,14.0,,14.0,299546.028416,300403.24288000003,300403.242844,21457.374488857145,44.996201,299546.028416,80039.42330652972,104914.36088440001,65.93957415384615,22.168584387789167,0.04660402419687753,15,64,,True,True,,134,59.56268577710819
281,2026-09-21T07:59:19.736+00:00,2026-09-21T08:04:20.016+00:00,2026-09-21T08:04:20.016+00:00,False,1,0.0,,0.0,300280.43481199996,300280.43481199996,300280.43481199996,300280.43481199996,300280.43481199996,300280.43481199996,nan,300280.43481199996,nan,nan,0.0,15,64,,True,False,"HTTPConnectionPool(host='gpu06', port=9004): Read timed out.",0,59.56268577710819
277,2026-09-21T07:59:19.370+00:00,2026-09-21T08:04:20.019+00:00,2026-09-21T08:04:20.019+00:00,False,1,0.0,,0.0,300649.079454,300649.079454,300649.079454,300649.079454,300649.079454,300649.079454,nan,300649.079454,nan,nan,0.0,15,64,,True,False,"HTTPConnectionPool(host='gpu06', port=9004): Read timed out.",0,59.56268577710819
282,2026-09-21T07:59:19.939+00:00,2026-09-21T08:04:20.400+00:00,2026-09-21T08:04:20.400+00:00,False,1,0.0,,0.0,300460.906142,300460.906142,300460.906142,300460.906142,300460.906142,300460.906142,nan,300460.906142,nan,nan,0.0,15,64,,True,False,"HTTPConnectionPool(host='gpu06', port=9004): Read timed out.",0,59.56268577710819
280,2026-09-21T07:59:19.704+00:00,2026-09-21T08:04:20.400+00:00,2026-09-21T08:04:20.400+00:00,False,1,0.0,,0.0,300695.451313,300695.451313,300695.451313,300695.451313,300695.451313,300695.451313,nan,300695.451313,nan,nan,0.0,15,64,,True,False,"HTTPConnectionPool(host='gpu06', port=9004): Read timed out.",0,59.56268577710819
283,2026-09-21T07:59:20.075+00:00,2026-09-21T08:04:21.211+00:00,2026-09-21T08:04:21.403+00:00,False,5,4.0,,4.0,301136.579257,301328.171193,301328.171121,60265.6342242,0.02846,301136.579257,134650.9566979682,240929.85406800002,47.897984,42.25909389498114,0.013274563689692357,15,64,,True,False,Request timeout: 300.0s exceeded,8,59.56268577710819
288,2026-09-21T07:59:21.459+00:00,2026-09-21T08:04:21.525+00:00,2026-09-21T08:04:21.525+00:00,False,1,0.0,,0.0,300065.954723,300065.954723,300065.954723,300065.954723,300065.954723,300065.954723,nan,300065.954723,nan,nan,0.0,15,64,,True,False,"HTTPConnectionPool(host='gpu06', port=9004): Read timed out.",0,59.56268577710819
284,2026-09-21T07:59:20.299+00:00,2026-09-21T08:04:21.542+00:00,2026-09-21T08:04:21.542+00:00,False,1,0.0,,0.0,301243.569555,301243.569555,301243.569555,301243.569555,301243.569555,301243.569555,nan,301243.569555,nan,nan,0.0,15,64,,True,False,"HTTPConnectionPool(host='gpu06', port=9004): Read timed out.",0,59.56268577710819
289,2026-09-21T07:59:21.652+00:00,2026-09-21T08:04:21.898+00:00,2026-09-21T08:04:21.898+00:00,False,1,0.0,,0.0,300246.693083,300246.693083,300246.693083,300246.693083,300246.693083,300246.693083,nan,300246.693083,nan,nan,0.0,15,64,,True,False,"HTTPConnectionPool(host='gpu06', port=9004): Read timed out.",0,59.56268577710819
285,2026-09-21T07:59:20.629+00:00,2026-09-21T08:04:21.899+00:00,2026-09-21T08:04:21.899+00:00,False,1,0.0,,0.0,301269.729973,301269.729973,301269.729973,301269.729973,301269.729973,301269.729973,nan,301269.729973,nan,nan,0.0,15,64,,True,False,"HTTPConnectionPool(host='gpu06', port=9004): Read timed out.",0,59.56268577710819
292,2026-09-21T07:59:22.528+00:00,2026-09-21T08:04:23.269+00:00,2026-09-21T08:04:23.269+00:00,False,1,0.0,,0.0,300741.082605,300741.082605,300741.082605,300741.082605,300741.082605,300741.082605,nan,300741.082605,nan,nan,0.0,15,64,,True,False,"HTTPConnectionPool(host='gpu06', port=9004): Read timed out.",0,59.56268577710819
290,2026-09-21T07:59:21.942+00:00,2026-09-21T08:04:23.272+00:00,2026-09-21T08:04:23.272+00:00,False,1,0.0,,0.0,301330.104486,301330.104486,301330.104486,301330.104486,301330.104486,301330.104486,nan,301330.104486,nan,nan,0.0,15,64,,True,False,"HTTPConnectionPool(host='gpu06', port=9004): Read timed out.",0,59.56268577710819
286,2026-09-21T07:59:20.825+00:00,2026-09-21T08:04:23.284+00:00,2026-09-21T08:04:23.284+00:00,False,1,0.0,,0.0,302459.424554,302459.424554,302459.424554,302459.424554,302459.424554,302459.424554,nan,302459.424554,nan,nan,0.0,15,64,,True,False,"HTTPConnectionPool(host='gpu06', port=9004): Read timed out.",0,59.56268577710819
294,2026-09-21T07:59:23.065+00:00,2026-09-21T08:04:23.292+00:00,2026-09-21T08:04:23.292+00:00,False,1,0.0,,0.0,300226.915788,300226.915788,300226.915788,300226.915788,300226.915788,300226.915788,nan,300226.915788,nan,nan,0.0,15,64,,True,False,"HTTPConnectionPool(host='gpu06', port=9004): Read timed out.",0,59.56268577710819
293,2026-09-21T07:59:22.857+00:00,2026-09-21T08:04:23.302+00:00,2026-09-21T08:04:23.302+00:00,False,1,0.0,,0.0,300444.384426,300444.384426,300444.384426,300444.384426,300444.384426,300444.384426,nan,300444.384426,nan,nan,0.0,15,64,,True,False,"HTTPConnectionPool(host='gpu06', port=9004): Read timed out.",0,59.56268577710819
287,2026-09-21T07:59:21.172+00:00,2026-09-21T08:04:23.315+00:00,2026-09-21T08:04:23.315+00:00,False,1,0.0,,0.0,302142.852625,302142.852625,302142.852625,302142.852625,302142.852625,302142.852625,nan,302142.852625,nan,nan,0.0,15,64,,True,False,"HTTPConnectionPool(host='gpu06', port=9004): Read timed out.",0,59.56268577710819
291,2026-09-21T07:59:22.275+00:00,2026-09-21T08:04:23.319+00:00,2026-09-21T08:04:23.319+00:00,False,1,0.0,,0.0,301044.070038,301044.070038,301044.070038,301044.070038,301044.070038,301044.070038,nan,301044.070038,nan,nan,0.0,15,64,,True,False,"HTTPConnectionPool(host='gpu06', port=9004): Read timed out.",0,59.56268577710819
295,2026-09-21T07:59:23.327+00:00,2026-09-21T08:04:23.434+00:00,2026-09-21T08:04:23.434+00:00,False,1,0.0,,0.0,300106.860897,300106.860897,300106.860897,300106.860897,300106.860897,300106.860897,nan,300106.860897,nan,nan,0.0,15,64,,True,False,"HTTPConnectionPool(host='gpu06', port=9004): Read timed out.",0,59.56268577710819
296,2026-09-21T07:59:23.669+00:00,2026-09-21T08:04:23.782+00:00,2026-09-21T08:04:23.782+00:00,False,1,0.0,,0.0,300112.74983499997,300112.74983499997,300112.74983499997,300112.74983499997,300112.74983499997,300112.74983499997,nan,300112.74983499997,nan,nan,0.0,15,64,,True,False,"HTTPConnectionPool(host='gpu06', port=9004): Read timed out.",0,59.56268577710819
297,2026-09-21T07:59:23.880+00:00,2026-09-21T08:04:23.900+00:00,2026-09-21T08:04:23.900+00:00,False,1,0.0,,0.0,300020.459469,300020.459469,300020.459469,300020.459469,300020.459469,300020.459469,nan,300020.459469,nan,nan,0.0,15,64,,True,False,"HTTPConnectionPool(host='gpu06', port=9004): Read timed out.",0,59.56268577710819
298,2026-09-21T07:59:24.116+00:00,2026-09-21T08:04:24.178+00:00,2026-09-21T08:04:24.178+00:00,False,1,0.0,,0.0,300062.797514,300062.797514,300062.797514,300062.797514,300062.797514,300062.797514,nan,300062.797514,nan,nan,0.0,15,64,,True,False,"HTTPConnectionPool(host='gpu06', port=9004): Read timed out.",0,59.56268577710819
299,2026-09-21T07:59:24.341+00:00,2026-09-21T08:04:24.450+00:00,2026-09-21T08:04:24.450+00:00,False,1,0.0,,0.0,300109.58792,300109.58792,300109.58792,300109.58792,300109.58792,300109.58792,nan,300109.58792,nan,nan,0.0,15,64,,True,False,"HTTPConnectionPool(host='gpu06', port=9004): Read timed out.",0,59.56268577710819
300,2026-09-21T07:59:24.563+00:00,2026-09-21T08:04:24.669+00:00,2026-09-21T08:04:24.669+00:00,False,1,0.0,,0.0,300105.58428500005,300105.58428500005,300105.58428500005,300105.58428500005,300105.58428500005,300105.58428500005,nan,300105.58428500005,nan,nan,0.0,15,64,,True,False,"HTTPConnectionPool(host='gpu06', port=9004): Read timed out.",0,59.56268577710819
301,2026-09-21T07:59:24.767+00:00,2026-09-21T08:04:24.873+00:00,2026-09-21T08:04:24.873+00:00,False,1,0.0,,0.0,300106.424122,300106.424122,300106.424122,300106.424122,300106.424122,300106.424122,nan,300106.424122,nan,nan,0.0,15,64,,True,False,TTFT timeout: 300.0s exceeded (TTFT: 300.096s),0,59.56268577710819
302,2026-09-21T07:59:25.019+00:00,2026-09-21T08:04:25.131+00:00,2026-09-21T08:04:25.131+00:00,False,1,0.0,,0.0,300111.893844,300111.893844,300111.893844,300111.893844,300111.893844,300111.893844,nan,300111.893844,nan,nan,0.0,15,64,,True,False,"HTTPConnectionPool(host='gpu06', port=9004): Read timed out.",0,59.56268577710819
303,2026-09-21T07:59:25.272+00:00,2026-09-21T08:04:25.326+00:00,2026-09-21T08:04:25.326+00:00,False,1,0.0,,0.0,300053.72419599997,300053.72419599997,300053.72419599997,300053.72419599997,300053.72419599997,300053.72419599997,nan,300053.72419599997,nan,nan,0.0,15,64,,True,False,TTFT timeout: 300.0s exceeded (TTFT: 300.040s),0,59.56268577710819
304,2026-09-21T07:59:25.540+00:00,2026-09-21T08:04:25.530+00:00,2026-09-21T08:04:25.639+00:00,False,3,2.0,,2.0,299990.070957,300098.93086100003,300098.93088,100032.97696,0.03892,299990.070957,173167.9316102702,270001.9459616,54.429952,76.9205464395775,0.0066644689278362035,15,64,,True,False,Request timeout: 300.0s exceeded,11,59.56268577710819
305,2026-09-21T07:59:25.832+00:00,2026-09-21T08:04:25.940+00:00,2026-09-21T08:04:25.940+00:00,False,1,0.0,,0.0,300108.16073,300108.16073,300108.16073,300108.16073,300108.16073,300108.16073,nan,300108.16073,nan,nan,0.0,15,64,,True,False,"HTTPConnectionPool(host='gpu06', port=9004): Read timed out.",0,59.56268577710819
306,2026-09-21T07:59:26.059+00:00,2026-09-21T08:04:26.152+00:00,2026-09-21T08:04:26.152+00:00,False,1,0.0,,0.0,300093.391784,300093.391784,300093.391784,300093.391784,300093.391784,300093.391784,nan,300093.391784,nan,nan,0.0,15,64,,True,False,"HTTPConnectionPool(host='gpu06', port=9004): Read timed out.",0,59.56268577710819
307,2026-09-21T07:59:26.331+00:00,2026-09-21T08:04:26.347+00:00,2026-09-21T08:04:26.347+00:00,False,1,0.0,,0.0,300015.252984,300015.252984,300015.252984,300015.252984,300015.252984,300015.252984,nan,300015.252984,nan,nan,0.0,15,64,,True,False,"HTTPConnectionPool(host='gpu06', port=9004): Read timed out.",0,59.56268577710819
308,2026-09-21T07:59:26.540+00:00,2026-09-21T08:04:26.649+00:00,2026-09-21T08:04:26.649+00:00,False,1,0.0,,0.0,300108.778243,300108.778243,300108.778243,300108.778243,300108.778243,300108.778243,nan,300108.778243,nan,nan,0.0,15,64,,True,False,"HTTPConnectionPool(host='gpu06', port=9004): Read timed out.",0,59.56268577710819
309,2026-09-21T07:59:26.815+00:00,2026-09-21T08:04:26.927+00:00,2026-09-21T08:04:26.927+00:00,False,1,0.0,,0.0,300112.541004,300112.541004,300112.541004,300112.541004,300112.541004,300112.541004,nan,300112.541004,nan,nan,0.0,15,64,,True,False,"HTTPConnectionPool(host='gpu06', port=9004): Read timed out.",0,59.56268577710819
310,2026-09-21T07:59:27.152+00:00,2026-09-21T08:04:27.258+00:00,2026-09-21T08:04:27.258+00:00,False,1,0.0,,0.0,300106.200561,300106.200561,300106.200561,300106.200561,300106.200561,300106.200561,nan,300106.200561,nan,nan,0.0,15,64,,True,False,"HTTPConnectionPool(host='gpu06', port=9004): Read timed out.",0,59.56268577710819
311,2026-09-21T07:59:27.459+00:00,2026-09-21T08:04:27.515+00:00,2026-09-21T08:04:27.515+00:00,False,1,0.0,,0.0,300055.83939,300055.83939,300055.83939,300055.83939,300055.83939,300055.83939,nan,300055.83939,nan,nan,0.0,15,64,,True,False,TTFT timeout: 300.0s exceeded (TTFT: 300.036s),0,59.56268577710819
312,2026-09-21T07:59:27.742+00:00,2026-09-21T08:04:27.763+00:00,2026-09-21T08:04:27.763+00:00,False,1,0.0,,0.0,300021.57707,300021.57707,300021.57707,300021.57707,300021.57707,300021.57707,nan,300021.57707,nan,nan,0.0,15,64,,True,False,TTFT timeout: 300.0s exceeded (TTFT: 300.011s),0,59.56268577710819
313,2026-09-21T07:59:28.029+00:00,2026-09-21T08:04:28.101+00:00,2026-09-21T08:04:28.101+00:00,False,1,0.0,,0.0,300071.906462,300071.906462,300071.906462,300071.906462,300071.906462,300071.906462,nan,300071.906462,nan,nan,0.0,15,64,,True,False,"HTTPConnectionPool(host='gpu06', port=9004): Read timed out.",0,59.56268577710819
314,2026-09-21T07:59:28.222+00:00,2026-09-21T08:04:28.327+00:00,2026-09-21T08:04:28.327+00:00,False,1,0.0,,0.0,300104.93113,300104.93113,300104.93113,300104.93113,300104.93113,300104.93113,nan,300104.93113,nan,nan,0.0,15,64,,True,False,"HTTPConnectionPool(host='gpu06', port=9004): Read timed out.",0,59.56268577710819
315,2026-09-21T07:59:28.451+00:00,2026-09-21T08:04:28.555+00:00,2026-09-21T08:04:28.555+00:00,False,1,0.0,,0.0,300104.588635,300104.588635,300104.588635,300104.588635,300104.588635,300104.588635,nan,300104.588635,nan,nan,0.0,15,64,,True,False,"HTTPConnectionPool(host='gpu06', port=9004): Read timed out.",0,59.56268577710819
316,2026-09-21T07:59:28.674+00:00,2026-09-21T08:04:28.775+00:00,2026-09-21T08:04:28.775+00:00,False,1,0.0,,0.0,300101.36317900004,300101.36317900004,300101.36317900004,300101.36317900004,300101.36317900004,300101.36317900004,nan,300101.36317900004,nan,nan,0.0,15,64,,True,False,"HTTPConnectionPool(host='gpu06', port=9004): Read timed out.",0,59.56268577710819
317,2026-09-21T07:59:28.988+00:00,2026-09-21T08:04:29.091+00:00,2026-09-21T08:04:29.091+00:00,False,1,0.0,,0.0,300103.446468,300103.446468,300103.446468,300103.446468,300103.446468,300103.446468,nan,300103.446468,nan,nan,0.0,15,64,,True,False,"HTTPConnectionPool(host='gpu06', port=9004): Read timed out.",0,59.56268577710819
318,2026-09-21T07:59:29.345+00:00,2026-09-21T08:04:29.453+00:00,2026-09-21T08:04:29.453+00:00,False,1,0.0,,0.0,300108.482594,300108.482594,300108.482594,300108.482594,300108.482594,300108.482594,nan,300108.482594,nan,nan,0.0,15,64,,True,False,"HTTPConnectionPool(host='gpu06', port=9004): Read timed out.",0,59.56268577710819
319,2026-09-21T07:59:29.541+00:00,2026-09-21T08:04:29.605+00:00,2026-09-21T08:04:29.605+00:00,False,1,0.0,,0.0,300063.996851,300063.996851,300063.996851,300063.996851,300063.996851,300063.996851,nan,300063.996851,nan,nan,0.0,15,64,,True,False,TTFT timeout: 300.0s exceeded (TTFT: 300.038s),0,59.56268577710819
320,2026-09-21T07:59:29.892+00:00,2026-09-21T08:04:29.949+00:00,2026-09-21T08:04:29.949+00:00,False,1,0.0,,0.0,300056.66318699997,300056.66318699997,300056.66318699997,300056.66318699997,300056.66318699997,300056.66318699997,nan,300056.66318699997,nan,nan,0.0,15,64,,True,False,TTFT timeout: 300.0s exceeded (TTFT: 300.051s),0,59.56268577710819
321,2026-09-21T07:59:30.166+00:00,2026-09-21T08:04:30.278+00:00,2026-09-21T08:04:30.278+00:00,False,1,0.0,,0.0,300111.77058,300111.77058,300111.77058,300111.77058,300111.77058,300111.77058,nan,300111.77058,nan,nan,0.0,15,64,,True,False,"HTTPConnectionPool(host='gpu06', port=9004): Read timed out.",0,59.56268577710819
322,2026-09-21T07:59:30.518+00:00,2026-09-21T08:04:30.628+00:00,2026-09-21T08:04:30.628+00:00,False,1,0.0,,0.0,300110.491956,300110.491956,300110.491956,300110.491956,300110.491956,300110.491956,nan,300110.491956,nan,nan,0.0,15,64,,True,False,"HTTPConnectionPool(host='gpu06', port=9004): Read timed out.",0,59.56268577710819
323,2026-09-21T07:59:30.727+00:00,2026-09-21T08:04:30.832+00:00,2026-09-21T08:04:30.832+00:00,False,1,0.0,,0.0,300104.893361,300104.893361,300104.893361,300104.893361,300104.893361,300104.893361,nan,300104.893361,nan,nan,0.0,15,64,,True,False,"HTTPConnectionPool(host='gpu06', port=9004): Read timed out.",0,59.56268577710819
324,2026-09-21T07:59:31.044+00:00,2026-09-21T08:04:31.145+00:00,2026-09-21T08:04:31.145+00:00,False,1,0.0,,0.0,300101.15674,300101.15674,300101.15674,300101.15674,300101.15674,300101.15674,nan,300101.15674,nan,nan,0.0,15,64,,True,False,"HTTPConnectionPool(host='gpu06', port=9004): Read timed out.",0,59.56268577710819
325,2026-09-21T07:59:31.332+00:00,2026-09-21T08:04:31.447+00:00,2026-09-21T08:04:31.447+00:00,False,1,0.0,,0.0,300115.25238099997,300115.25238099997,300115.25238099997,300115.25238099997,300115.25238099997,300115.25238099997,nan,300115.25238099997,nan,nan,0.0,15,64,,True,False,"HTTPConnectionPool(host='gpu06', port=9004): Read timed out.",0,59.56268577710819
326,2026-09-21T07:59:31.575+00:00,2026-09-21T08:04:31.691+00:00,2026-09-21T08:04:32.858+00:00,False,20,19.0,,19.0,300115.75997500005,301283.19139900006,301283.19144,15064.159572000002,0.02142,300115.75997500005,67094.19285258904,15178.329843050002,61.44375915789474,33.77355649161193,0.06306359114085996,15,64,,True,False,Request timeout: 300.0s exceeded,85,59.56268577710819
327,2026-09-21T07:59:31.831+00:00,2026-09-21T08:04:31.876+00:00,2026-09-21T08:04:32.913+00:00,False,20,19.0,,19.0,300044.603786,301081.715338,301081.715508,15054.085775399999,0.02123,300044.603786,67079.80939534468,15076.854524700002,54.584818526315786,16.399224142686005,0.06310579165749153,15,64,,True,False,Request timeout: 300.0s exceeded,68,59.56268577710819
328,2026-09-21T07:59:32.079+00:00,2026-09-21T08:04:32.244+00:00,2026-09-21T08:04:33.013+00:00,False,16,15.0,,15.0,300165.730013,300933.923037,300933.92311900004,18808.370194937503,0.0634,300165.730013,75028.6311667987,75101.95442975001,51.21286826666667,17.394757169117394,0.04984482921905664,15,64,,True,False,Request timeout: 300.0s exceeded,30,59.56268577710819
332,2026-09-21T07:59:33.137+00:00,2026-09-21T08:04:33.195+00:00,2026-09-21T08:04:33.195+00:00,False,1,0.0,,0.0,300057.98322899995,300057.98322899995,300057.98322899995,300057.98322899995,300057.98322899995,300057.98322899995,nan,300057.98322899995,nan,nan,0.0,15,64,,True,False,"HTTPConnectionPool(host='gpu06', port=9004): Read timed out.",0,59.56268577710819
329,2026-09-21T07:59:32.276+00:00,2026-09-21T08:04:33.433+00:00,2026-09-21T08:04:33.433+00:00,False,1,0.0,,0.0,301156.86678,301156.86678,301156.86678,301156.86678,301156.86678,301156.86678,nan,301156.86678,nan,nan,0.0,15,64,,True,False,"HTTPConnectionPool(host='gpu06', port=9004): Read timed out.",0,59.56268577710819
333,2026-09-21T07:59:33.393+00:00,2026-09-21T08:04:33.474+00:00,2026-09-21T08:04:33.474+00:00,False,1,0.0,,0.0,300081.158583,300081.158583,300081.158583,300081.158583,300081.158583,300081.158583,nan,300081.158583,nan,nan,0.0,15,64,,True,False,"HTTPConnectionPool(host='gpu06', port=9004): Read timed out.",0,59.56268577710819
330,2026-09-21T07:59:32.473+00:00,2026-09-21T08:04:33.620+00:00,2026-09-21T08:04:33.620+00:00,False,1,0.0,,0.0,301147.028747,301147.028747,301147.028747,301147.028747,301147.028747,301147.028747,nan,301147.028747,nan,nan,0.0,15,64,,True,False,"HTTPConnectionPool(host='gpu06', port=9004): Read timed out.",0,59.56268577710819
335,2026-09-21T07:59:34.832+00:00,2026-09-21T08:04:34.062+00:00,2026-09-21T08:04:34.876+00:00,True,12,12.0,,12.0,299230.463458,300044.72445,300044.724405,25003.727033749998,45.346751,299230.463458,86359.03941967501,134774.62100985,74.02372654545455,51.415344640348955,0.03999403762887923,15,64,,True,True,,16,59.56268577710819
331,2026-09-21T07:59:32.788+00:00,2026-09-21T08:04:34.063+00:00,2026-09-21T08:04:35.053+00:00,False,16,15.0,,15.0,301275.176848,302265.11016,302265.110259,18891.5693911875,0.040299999999999996,301275.176848,75302.30936910695,75484.68829825,65.99555413333333,47.609845200779624,0.04962531068193729,15,64,,True,False,Request timeout: 300.0s exceeded,60,59.56268577710819
337,2026-09-21T07:59:34.858+00:00,2026-09-21T08:04:34.283+00:00,2026-09-21T08:04:35.218+00:00,False,18,17.0,,17.0,299425.656051,300360.301555,300360.30164,16686.683424444444,0.03432,299425.656051,70562.34783941088,45002.18563685,54.979147294117645,19.73812559876364,0.056598691344991445,15,64,,True,False,Request timeout: 300.0s exceeded,107,59.56268577710819
336,2026-09-21T07:59:34.847+00:00,2026-09-21T08:04:34.388+00:00,2026-09-21T08:04:35.391+00:00,False,20,19.0,,19.0,299540.843904,300544.38848,300544.38830500003,15027.21941525,0.03163,299540.843904,66967.56001840529,15045.3840191,52.81813557894736,15.08600770813926,0.06321861504748864,15,64,,True,False,Request timeout: 300.0s exceeded,93,59.56268577710819
338,2026-09-21T07:59:34.873+00:00,2026-09-21T08:04:35.216+00:00,2026-09-21T08:04:35.391+00:00,False,5,4.0,,4.0,300343.20490899996,300517.35889299994,300517.35897299997,60103.471794599995,0.07027,300343.20490899996,134298.09620237924,240289.0667836,43.538496,30.9071107506889,0.013310379189856421,15,64,,True,False,Request timeout: 300.0s exceeded,16,59.56268577710819
339,2026-09-21T07:59:35.119+00:00,2026-09-21T08:04:35.286+00:00,2026-09-21T08:04:35.286+00:00,False,1,0.0,,0.0,300167.194678,300167.194678,300167.194678,300167.194678,300167.194678,300167.194678,nan,300167.194678,nan,nan,0.0,15,64,,True,False,"HTTPConnectionPool(host='gpu06', port=9004): Read timed out.",0,59.56268577710819
340,2026-09-21T07:59:35.330+00:00,2026-09-21T08:04:35.547+00:00,2026-09-21T08:04:35.547+00:00,False,1,0.0,,0.0,300216.841486,300216.841486,300216.841486,300216.841486,300216.841486,300216.841486,nan,300216.841486,nan,nan,0.0,15,64,,True,False,"HTTPConnectionPool(host='gpu06', port=9004): Read timed out.",0,59.56268577710819
334,2026-09-21T07:59:34.822+00:00,2026-09-21T08:04:35.655+00:00,2026-09-21T08:04:35.655+00:00,False,1,0.0,,0.0,300832.621182,300832.621182,300832.621182,300832.621182,300832.621182,300832.621182,nan,300832.621182,nan,nan,0.0,15,64,,True,False,"HTTPConnectionPool(host='gpu06', port=9004): Read timed out.",0,59.56268577710819
341,2026-09-21T07:59:35.534+00:00,2026-09-21T08:04:35.676+00:00,2026-09-21T08:04:35.676+00:00,False,1,0.0,,0.0,300141.843791,300141.843791,300141.843791,300141.843791,300141.843791,300141.843791,nan,300141.843791,nan,nan,0.0,15,64,,True,False,"HTTPConnectionPool(host='gpu06', port=9004): Read timed out.",0,59.56268577710819
342,2026-09-21T07:59:35.993+00:00,2026-09-21T08:04:36.204+00:00,2026-09-21T08:04:36.204+00:00,False,1,0.0,,0.0,300210.908467,300210.908467,300210.908467,300210.908467,300210.908467,300210.908467,nan,300210.908467,nan,nan,0.0,15,64,,True,False,"HTTPConnectionPool(host='gpu06', port=9004): Read timed out.",0,59.56268577710819
343,2026-09-21T07:59:36.111+00:00,2026-09-21T08:04:36.269+00:00,2026-09-21T08:04:36.269+00:00,False,1,0.0,,0.0,300157.739523,300157.739523,300157.739523,300157.739523,300157.739523,300157.739523,nan,300157.739523,nan,nan,0.0,15,64,,True,False,"HTTPConnectionPool(host='gpu06', port=9004): Read timed out.",0,59.56268577710819
344,2026-09-21T07:59:36.345+00:00,2026-09-21T08:04:36.411+00:00,2026-09-21T08:04:36.411+00:00,False,1,0.0,,0.0,300066.350013,300066.350013,300066.350013,300066.350013,300066.350013,300066.350013,nan,300066.350013,nan,nan,0.0,15,64,,True,False,"HTTPConnectionPool(host='gpu06', port=9004): Read timed out.",0,59.56268577710819
345,2026-09-21T07:59:36.577+00:00,2026-09-21T08:04:36.681+00:00,2026-09-21T08:04:36.681+00:00,False,1,0.0,,0.0,300104.511907,300104.511907,300104.511907,300104.511907,300104.511907,300104.511907,nan,300104.511907,nan,nan,0.0,15,64,,True,False,"HTTPConnectionPool(host='gpu06', port=9004): Read timed out.",0,59.56268577710819
346,2026-09-21T07:59:36.888+00:00,2026-09-21T08:04:36.991+00:00,2026-09-21T08:04:36.991+00:00,False,1,0.0,,0.0,300102.73345,300102.73345,300102.73345,300102.73345,300102.73345,300102.73345,nan,300102.73345,nan,nan,0.0,15,64,,True,False,"HTTPConnectionPool(host='gpu06', port=9004): Read timed out.",0,59.56268577710819
347,2026-09-21T07:59:37.106+00:00,2026-09-21T08:04:37.209+00:00,2026-09-21T08:04:37.209+00:00,False,1,0.0,,0.0,300103.052407,300103.052407,300103.052407,300103.052407,300103.052407,300103.052407,nan,300103.052407,nan,nan,0.0,15,64,,True,False,"HTTPConnectionPool(host='gpu06', port=9004): Read timed out.",0,59.56268577710819
348,2026-09-21T07:59:37.329+00:00,2026-09-21T08:04:37.423+00:00,2026-09-21T08:04:37.423+00:00,False,1,0.0,,0.0,300094.81239499996,300094.81239499996,300094.81239499996,300094.81239499996,300094.81239499996,300094.81239499996,nan,300094.81239499996,nan,nan,0.0,15,64,,True,False,"HTTPConnectionPool(host='gpu06', port=9004): Read timed out.",0,59.56268577710819
349,2026-09-21T07:59:37.556+00:00,2026-09-21T08:04:37.656+00:00,2026-09-21T08:04:37.656+00:00,False,1,0.0,,0.0,300099.335871,300099.335871,300099.335871,300099.335871,300099.335871,300099.335871,nan,300099.335871,nan,nan,0.0,15,64,,True,False,TTFT timeout: 300.0s exceeded (TTFT: 300.095s),0,59.56268577710819
350,2026-09-21T07:59:37.843+00:00,2026-09-21T08:04:37.912+00:00,2026-09-21T08:04:37.912+00:00,False,1,0.0,,0.0,300069.089519,300069.089519,300069.089519,300069.089519,300069.089519,300069.089519,nan,300069.089519,nan,nan,0.0,15,64,,True,False,TTFT timeout: 300.0s exceeded (TTFT: 300.055s),0,59.56268577710819
351,2026-09-21T07:59:38.094+00:00,2026-09-21T08:04:38.080+00:00,2026-09-21T08:04:38.255+00:00,False,3,2.0,,2.0,299986.26019700005,300160.89136500005,300160.89127600007,100053.63042533335,0.0269,299986.26019700005,173146.75843014603,270005.09459520003,87.315584,123.44486903877063,0.006663093219455997,15,64,,True,False,Request timeout: 300.0s exceeded,11,59.56268577710819
352,2026-09-21T07:59:38.324+00:00,2026-09-21T08:04:38.251+00:00,2026-09-21T08:04:38.352+00:00,False,4,3.0,,3.0,299927.373347,300028.11088299996,300028.11098999996,75007.02774749999,0.03724,299927.373347,149946.89896957105,254946.34713634997,33.579178666666664,29.260200882568753,0.009999063058360857,15,64,,True,False,Request timeout: 300.0s exceeded,15,59.56268577710819
353,2026-09-21T07:59:38.591+00:00,2026-09-21T08:04:38.673+00:00,2026-09-21T08:04:38.673+00:00,False,1,0.0,,0.0,300082.330498,300082.330498,300082.330498,300082.330498,300082.330498,300082.330498,nan,300082.330498,nan,nan,0.0,15,64,,True,False,"HTTPConnectionPool(host='gpu06', port=9004): Read timed out.",0,59.56268577710819
354,2026-09-21T07:59:38.875+00:00,2026-09-21T08:04:38.970+00:00,2026-09-21T08:04:38.970+00:00,False,1,0.0,,0.0,300095.67652499996,300095.67652499996,300095.67652499996,300095.67652499996,300095.67652499996,300095.67652499996,nan,300095.67652499996,nan,nan,0.0,15,64,,True,False,"HTTPConnectionPool(host='gpu06', port=9004): Read timed out.",0,59.56268577710819
355,2026-09-21T07:59:39.133+00:00,2026-09-21T08:04:39.171+00:00,2026-09-21T08:04:39.171+00:00,False,1,0.0,,0.0,300038.389089,300038.389089,300038.389089,300038.389089,300038.389089,300038.389089,nan,300038.389089,nan,nan,0.0,15,64,,True,False,"HTTPConnectionPool(host='gpu06', port=9004): Read timed out.",0,59.56268577710819
356,2026-09-21T07:59:39.396+00:00,2026-09-21T08:04:39.486+00:00,2026-09-21T08:04:39.486+00:00,False,1,0.0,,0.0,300090.335357,300090.335357,300090.335357,300090.335357,300090.335357,300090.335357,nan,300090.335357,nan,nan,0.0,15,64,,True,False,"HTTPConnectionPool(host='gpu06', port=9004): Read timed out.",0,59.56268577710819
357,2026-09-21T07:59:39.644+00:00,2026-09-21T08:04:39.720+00:00,2026-09-21T08:04:39.720+00:00,False,1,0.0,,0.0,300075.479191,300075.479191,300075.479191,300075.479191,300075.479191,300075.479191,nan,300075.479191,nan,nan,0.0,15,64,,True,False,TTFT timeout: 300.0s exceeded (TTFT: 300.070s),0,59.56268577710819
358,2026-09-21T07:59:39.985+00:00,2026-09-21T08:04:40.044+00:00,2026-09-21T08:04:40.044+00:00,False,1,0.0,,0.0,300059.177611,300059.177611,300059.177611,300059.177611,300059.177611,300059.177611,nan,300059.177611,nan,nan,0.0,15,64,,True,False,TTFT timeout: 300.0s exceeded (TTFT: 300.053s),0,59.56268577710819
359,2026-09-21T07:59:40.190+00:00,2026-09-21T08:04:40.156+00:00,2026-09-21T08:04:40.462+00:00,False,3,2.0,,2.0,299966.051636,300271.990324,300271.990467,100090.663489,0.03929,299966.051636,173097.2312829085,270000.03642649995,152.969344,216.2759289953044,0.0066606279121870695,15,64,,True,False,Request timeout: 300.0s exceeded,4,59.56268577710819
360,2026-09-21T07:59:40.439+00:00,2026-09-21T08:04:40.461+00:00,2026-09-21T08:04:40.461+00:00,False,1,0.0,,0.0,300022.39215499995,300022.39215499995,300022.39215499995,300022.39215499995,300022.39215499995,300022.39215499995,nan,300022.39215499995,nan,nan,0.0,15,64,,True,False,TTFT timeout: 300.0s exceeded (TTFT: 300.017s),0,59.56268577710819
361,2026-09-21T07:59:40.676+00:00,2026-09-21T08:04:40.768+00:00,2026-09-21T08:04:40.768+00:00,False,1,0.0,,0.0,300092.582146,300092.582146,300092.582146,300092.582146,300092.582146,300092.582146,nan,300092.582146,nan,nan,0.0,15,64,,True,False,TTFT timeout: 300.0s exceeded (TTFT: 300.056s),0,59.56268577710819
362,2026-09-21T07:59:40.985+00:00,2026-09-21T08:04:41.064+00:00,2026-09-21T08:04:41.064+00:00,False,1,0.0,,0.0,300078.278301,300078.278301,300078.278301,300078.278301,300078.278301,300078.278301,nan,300078.278301,nan,nan,0.0,15,64,,True,False,"HTTPConnectionPool(host='gpu06', port=9004): Read timed out.",0,59.56268577710819
363,2026-09-21T07:59:41.246+00:00,2026-09-21T08:04:41.348+00:00,2026-09-21T08:04:41.348+00:00,False,1,0.0,,0.0,300101.91155,300101.91155,300101.91155,300101.91155,300101.91155,300101.91155,nan,300101.91155,nan,nan,0.0,15,64,,True,False,"HTTPConnectionPool(host='gpu06', port=9004): Read timed out.",0,59.56268577710819
364,2026-09-21T07:59:41.535+00:00,2026-09-21T08:04:41.642+00:00,2026-09-21T08:04:41.642+00:00,False,1,0.0,,0.0,300106.710457,300106.710457,300106.710457,300106.710457,300106.710457,300106.710457,nan,300106.710457,nan,nan,0.0,15,64,,True,False,"HTTPConnectionPool(host='gpu06', port=9004): Read timed out.",0,59.56268577710819
365,2026-09-21T07:59:41.781+00:00,2026-09-21T08:04:41.889+00:00,2026-09-21T08:04:41.889+00:00,False,1,0.0,,0.0,300107.68825999997,300107.68825999997,300107.68825999997,300107.68825999997,300107.68825999997,300107.68825999997,nan,300107.68825999997,nan,nan,0.0,15,64,,True,False,"HTTPConnectionPool(host='gpu06', port=9004): Read timed out.",0,59.56268577710819
366,2026-09-21T07:59:42.082+00:00,2026-09-21T08:04:42.106+00:00,2026-09-21T08:04:42.106+00:00,False,1,0.0,,0.0,300024.365811,300024.365811,300024.365811,300024.365811,300024.365811,300024.365811,nan,300024.365811,nan,nan,0.0,15,64,,True,False,"HTTPConnectionPool(host='gpu06', port=9004): Read timed out.",0,59.56268577710819
367,2026-09-21T07:59:42.375+00:00,2026-09-21T08:04:42.456+00:00,2026-09-21T08:04:42.456+00:00,False,1,0.0,,0.0,300081.439403,300081.439403,300081.439403,300081.439403,300081.439403,300081.439403,nan,300081.439403,nan,nan,0.0,15,64,,True,False,TTFT timeout: 300.0s exceeded (TTFT: 300.071s),0,59.56268577710819
368,2026-09-21T07:59:42.644+00:00,2026-09-21T08:04:42.757+00:00,2026-09-21T08:04:42.757+00:00,False,1,0.0,,0.0,300112.84046100004,300112.84046100004,300112.84046100004,300112.84046100004,300112.84046100004,300112.84046100004,nan,300112.84046100004,nan,nan,0.0,15,64,,True,False,"HTTPConnectionPool(host='gpu06', port=9004): Read timed out.",0,59.56268577710819
369,2026-09-21T07:59:42.907+00:00,2026-09-21T08:04:43.024+00:00,2026-09-21T08:04:43.024+00:00,False,1,0.0,,0.0,300117.437232,300117.437232,300117.437232,300117.437232,300117.437232,300117.437232,nan,300117.437232,nan,nan,0.0,15,64,,True,False,"HTTPConnectionPool(host='gpu06', port=9004): Read timed out.",0,59.56268577710819
370,2026-09-21T07:59:43.140+00:00,2026-09-21T08:04:43.210+00:00,2026-09-21T08:04:43.210+00:00,False,1,0.0,,0.0,300069.7572,300069.7572,300069.7572,300069.7572,300069.7572,300069.7572,nan,300069.7572,nan,nan,0.0,15,64,,True,False,"HTTPConnectionPool(host='gpu06', port=9004): Read timed out.",0,59.56268577710819
371,2026-09-21T07:59:43.368+00:00,2026-09-21T08:04:43.472+00:00,2026-09-21T08:04:43.472+00:00,False,1,0.0,,0.0,300104.326393,300104.326393,300104.326393,300104.326393,300104.326393,300104.326393,nan,300104.326393,nan,nan,0.0,15,64,,True,False,"HTTPConnectionPool(host='gpu06', port=9004): Read timed out.",0,59.56268577710819
372,2026-09-21T07:59:43.682+00:00,2026-09-21T08:04:43.785+00:00,2026-09-21T08:04:43.785+00:00,False,1,0.0,,0.0,300102.477697,300102.477697,300102.477697,300102.477697,300102.477697,300102.477697,nan,300102.477697,nan,nan,0.0,15,64,,True,False,TTFT timeout: 300.0s exceeded (TTFT: 300.085s),0,59.56268577710819
373,2026-09-21T07:59:43.909+00:00,2026-09-21T08:04:44.017+00:00,2026-09-21T08:04:44.017+00:00,False,1,0.0,,0.0,300107.85254299996,300107.85254299996,300107.85254299996,300107.85254299996,300107.85254299996,300107.85254299996,nan,300107.85254299996,nan,nan,0.0,15,64,,True,False,"HTTPConnectionPool(host='gpu06', port=9004): Read timed out.",0,59.56268577710819
374,2026-09-21T07:59:44.258+00:00,2026-09-21T08:04:44.270+00:00,2026-09-21T08:04:44.270+00:00,False,1,0.0,,0.0,300012.310697,300012.310697,300012.310697,300012.310697,300012.310697,300012.310697,nan,300012.310697,nan,nan,0.0,15,64,,True,False,"HTTPConnectionPool(host='gpu06', port=9004): Read timed out.",0,59.56268577710819
375,2026-09-21T07:59:44.517+00:00,2026-09-21T08:04:44.621+00:00,2026-09-21T08:04:44.621+00:00,False,1,0.0,,0.0,300104.583852,300104.583852,300104.583852,300104.583852,300104.583852,300104.583852,nan,300104.583852,nan,nan,0.0,15,64,,True,False,"HTTPConnectionPool(host='gpu06', port=9004): Read timed out.",0,59.56268577710819
376,2026-09-21T07:59:44.861+00:00,2026-09-21T08:04:44.749+00:00,2026-09-21T08:04:44.921+00:00,False,3,2.0,,2.0,299888.21414399997,300060.04287999996,300060.04280399997,100020.01426799998,0.04227,299888.21414399997,173090.95980225308,269916.57136859995,85.914368,121.44116600876643,0.0066653326474389665,15,64,,True,False,Request timeout: 300.0s exceeded,6,59.56268577710819
377,2026-09-21T07:59:45.183+00:00,2026-09-21T08:04:45.286+00:00,2026-09-21T08:04:45.286+00:00,False,1,0.0,,0.0,300102.338453,300102.338453,300102.338453,300102.338453,300102.338453,300102.338453,nan,300102.338453,nan,nan,0.0,15,64,,True,False,"HTTPConnectionPool(host='gpu06', port=9004): Read timed out.",0,59.56268577710819
378,2026-09-21T07:59:45.432+00:00,2026-09-21T08:04:45.881+00:00,2026-09-21T08:04:47.030+00:00,False,19,18.0,,18.0,300449.924205,301598.681965,301598.681975,15873.614840789473,0.02388,300449.924205,68913.30634619911,30200.370174599997,63.819875555555555,33.68880421086388,0.05968195843139948,15,64,,True,False,Request timeout: 300.0s exceeded,29,59.56268577710819
379,2026-09-21T07:59:45.781+00:00,2026-09-21T08:04:46.199+00:00,2026-09-21T08:04:47.129+00:00,False,18,17.0,,17.0,300417.323545,301347.094297,301347.094378,16741.505243222222,0.024739999999999998,300417.323545,70796.1529837055,45130.6059905,54.692397176470585,16.839644402573576,0.05641335297975442,15,64,,True,False,Request timeout: 300.0s exceeded,51,59.56268577710819
380,2026-09-21T07:59:46.086+00:00,2026-09-21T08:04:47.303+00:00,2026-09-21T08:04:47.303+00:00,False,1,0.0,,0.0,301217.01318999997,301217.01318999997,301217.01318999997,301217.01318999997,301217.01318999997,301217.01318999997,nan,301217.01318999997,nan,nan,0.0,15,64,,True,False,"HTTPConnectionPool(host='gpu06', port=9004): Read timed out.",0,59.56268577710819
384,2026-09-21T07:59:47.222+00:00,2026-09-21T08:04:47.352+00:00,2026-09-21T08:04:47.352+00:00,False,1,0.0,,0.0,300130.162308,300130.162308,300130.162308,300130.162308,300130.162308,300130.162308,nan,300130.162308,nan,nan,0.0,15,64,,True,False,"HTTPConnectionPool(host='gpu06', port=9004): Read timed out.",0,59.56268577710819
381,2026-09-21T07:59:46.437+00:00,2026-09-21T08:04:47.508+00:00,2026-09-21T08:04:47.508+00:00,False,1,0.0,,0.0,301070.623938,301070.623938,301070.623938,301070.623938,301070.623938,301070.623938,nan,301070.623938,nan,nan,0.0,15,64,,True,False,"HTTPConnectionPool(host='gpu06', port=9004): Read timed out.",0,59.56268577710819
385,2026-09-21T07:59:47.550+00:00,2026-09-21T08:04:47.571+00:00,2026-09-21T08:04:47.571+00:00,False,1,0.0,,0.0,300020.627476,300020.627476,300020.627476,300020.627476,300020.627476,300020.627476,nan,300020.627476,nan,nan,0.0,15,64,,True,False,"HTTPConnectionPool(host='gpu06', port=9004): Read timed out.",0,59.56268577710819
386,2026-09-21T07:59:47.746+00:00,2026-09-21T08:04:47.759+00:00,2026-09-21T08:04:47.759+00:00,False,1,0.0,,0.0,300013.037456,300013.037456,300013.037456,300013.037456,300013.037456,300013.037456,nan,300013.037456,nan,nan,0.0,15,64,,True,False,"HTTPConnectionPool(host='gpu06', port=9004): Read timed out.",0,59.56268577710819
382,2026-09-21T07:59:46.712+00:00,2026-09-21T08:04:47.785+00:00,2026-09-21T08:04:47.785+00:00,False,1,0.0,,0.0,301073.850446,301073.850446,301073.850446,301073.850446,301073.850446,301073.850446,nan,301073.850446,nan,nan,0.0,15,64,,True,False,"HTTPConnectionPool(host='gpu06', port=9004): Read timed out.",0,59.56268577710819
383,2026-09-21T07:59:46.906+00:00,2026-09-21T08:04:48.085+00:00,2026-09-21T08:04:48.085+00:00,False,1,0.0,,0.0,301178.79818,301178.79818,301178.79818,301178.79818,301178.79818,301178.79818,nan,301178.79818,nan,nan,0.0,15,64,,True,False,"HTTPConnectionPool(host='gpu06', port=9004): Read timed out.",0,59.56268577710819
387,2026-09-21T07:59:48.021+00:00,2026-09-21T08:04:48.125+00:00,2026-09-21T08:04:48.125+00:00,False,1,0.0,,0.0,300103.8428,300103.8428,300103.8428,300103.8428,300103.8428,300103.8428,nan,300103.8428,nan,nan,0.0,15,64,,True,False,"HTTPConnectionPool(host='gpu06', port=9004): Read timed out.",0,59.56268577710819
388,2026-09-21T07:59:48.320+00:00,2026-09-21T08:04:48.405+00:00,2026-09-21T08:04:48.405+00:00,False,1,0.0,,0.0,300085.680497,300085.680497,300085.680497,300085.680497,300085.680497,300085.680497,nan,300085.680497,nan,nan,0.0,15,64,,True,False,"HTTPConnectionPool(host='gpu06', port=9004): Read timed out.",0,59.56268577710819
389,2026-09-21T07:59:48.612+00:00,2026-09-21T08:04:48.729+00:00,2026-09-21T08:04:48.729+00:00,False,1,0.0,,0.0,300117.641351,300117.641351,300117.641351,300117.641351,300117.641351,300117.641351,nan,300117.641351,nan,nan,0.0,15,64,,True,False,"HTTPConnectionPool(host='gpu06', port=9004): Read timed out.",0,59.56268577710819
390,2026-09-21T07:59:48.864+00:00,2026-09-21T08:04:48.963+00:00,2026-09-21T08:04:48.963+00:00,False,1,0.0,,0.0,300099.482515,300099.482515,300099.482515,300099.482515,300099.482515,300099.482515,nan,300099.482515,nan,nan,0.0,15,64,,True,False,"HTTPConnectionPool(host='gpu06', port=9004): Read timed out.",0,59.56268577710819
391,2026-09-21T07:59:49.153+00:00,2026-09-21T08:04:49.137+00:00,2026-09-21T08:04:49.284+00:00,False,3,2.0,,2.0,299984.658319,300131.242127,300131.24188,100043.74729333333,0.03375,299984.658319,173153.92370105043,270000.84746819997,73.291904,103.60261554424719,0.006663751450286217,15,64,,True,False,Request timeout: 300.0s exceeded,6,59.56268577710819
392,2026-09-21T07:59:49.416+00:00,2026-09-21T08:04:49.355+00:00,2026-09-21T08:04:49.461+00:00,False,4,3.0,,3.0,299938.947433,300045.149801,300045.149746,75011.2874365,0.05335,299938.947433,149951.77541638268,254956.21948795003,35.400789333333336,30.628632674284976,0.009998495233099753,15,64,,True,False,Request timeout: 300.0s exceeded,11,59.56268577710819
393,2026-09-21T07:59:49.680+00:00,2026-09-21T08:04:49.781+00:00,2026-09-21T08:04:49.781+00:00,False,1,0.0,,0.0,300101.555443,300101.555443,300101.555443,300101.555443,300101.555443,300101.555443,nan,300101.555443,nan,nan,0.0,15,64,,True,False,"HTTPConnectionPool(host='gpu06', port=9004): Read timed out.",0,59.56268577710819
394,2026-09-21T07:59:49.920+00:00,2026-09-21T08:04:50.030+00:00,2026-09-21T08:04:50.030+00:00,False,1,0.0,,0.0,300110.029116,300110.029116,300110.029116,300110.029116,300110.029116,300110.029116,nan,300110.029116,nan,nan,0.0,15,64,,True,False,"HTTPConnectionPool(host='gpu06', port=9004): Read timed out.",0,59.56268577710819
395,2026-09-21T07:59:50.276+00:00,2026-09-21T08:04:50.381+00:00,2026-09-21T08:04:50.381+00:00,False,1,0.0,,0.0,300105.257424,300105.257424,300105.257424,300105.257424,300105.257424,300105.257424,nan,300105.257424,nan,nan,0.0,15,64,,True,False,"HTTPConnectionPool(host='gpu06', port=9004): Read timed out.",0,59.56268577710819
396,2026-09-21T07:59:50.541+00:00,2026-09-21T08:04:50.651+00:00,2026-09-21T08:04:50.651+00:00,False,1,0.0,,0.0,300109.993605,300109.993605,300109.993605,300109.993605,300109.993605,300109.993605,nan,300109.993605,nan,nan,0.0,15,64,,True,False,"HTTPConnectionPool(host='gpu06', port=9004): Read timed out.",0,59.56268577710819
397,2026-09-21T07:59:50.798+00:00,2026-09-21T08:04:50.905+00:00,2026-09-21T08:04:50.905+00:00,False,1,0.0,,0.0,300106.84876599995,300106.84876599995,300106.84876599995,300106.84876599995,300106.84876599995,300106.84876599995,nan,300106.84876599995,nan,nan,0.0,15,64,,True,False,TTFT timeout: 300.0s exceeded (TTFT: 300.099s),0,59.56268577710819
398,2026-09-21T07:59:51.122+00:00,2026-09-21T08:04:51.228+00:00,2026-09-21T08:04:51.228+00:00,False,1,0.0,,0.0,300106.066828,300106.066828,300106.066828,300106.066828,300106.066828,300106.066828,nan,300106.066828,nan,nan,0.0,15,64,,True,False,"HTTPConnectionPool(host='gpu06', port=9004): Read timed out.",0,59.56268577710819
399,2026-09-21T07:59:51.417+00:00,2026-09-21T08:04:51.463+00:00,2026-09-21T08:04:51.463+00:00,False,1,0.0,,0.0,300046.411088,300046.411088,300046.411088,300046.411088,300046.411088,300046.411088,nan,300046.411088,nan,nan,0.0,15,64,,True,False,TTFT timeout: 300.0s exceeded (TTFT: 300.034s),0,59.56268577710819
400,2026-09-21T07:59:51.708+00:00,2026-09-21T08:04:51.789+00:00,2026-09-21T08:04:51.789+00:00,False,1,0.0,,0.0,300081.385702,300081.385702,300081.385702,300081.385702,300081.385702,300081.385702,nan,300081.385702,nan,nan,0.0,15,64,,True,False,"HTTPConnectionPool(host='gpu06', port=9004): Read timed out.",0,59.56268577710819
401,2026-09-21T07:59:51.993+00:00,2026-09-21T08:04:52.098+00:00,2026-09-21T08:04:52.098+00:00,False,1,0.0,,0.0,300104.843908,300104.843908,300104.843908,300104.843908,300104.843908,300104.843908,nan,300104.843908,nan,nan,0.0,15,64,,True,False,"HTTPConnectionPool(host='gpu06', port=9004): Read timed out.",0,59.56268577710819
402,2026-09-21T07:59:52.310+00:00,2026-09-21T08:04:52.382+00:00,2026-09-21T08:04:52.382+00:00,False,1,0.0,,0.0,300071.673823,300071.673823,300071.673823,300071.673823,300071.673823,300071.673823,nan,300071.673823,nan,nan,0.0,15,64,,True,False,"HTTPConnectionPool(host='gpu06', port=9004): Read timed out.",0,59.56268577710819
403,2026-09-21T07:59:52.622+00:00,2026-09-21T08:04:52.713+00:00,2026-09-21T08:04:52.713+00:00,False,1,0.0,,0.0,300090.229065,300090.229065,300090.229065,300090.229065,300090.229065,300090.229065,nan,300090.229065,nan,nan,0.0,15,64,,True,False,"HTTPConnectionPool(host='gpu06', port=9004): Read timed out.",0,59.56268577710819
405,2026-09-21T07:59:54.232+00:00,2026-09-21T08:04:52.866+00:00,2026-09-21T08:04:54.455+00:00,False,24,23.0,,23.0,298634.80990399997,300223.457328,300223.457137,12509.310714041665,0.02791,298634.80990399997,60944.50494769546,299.47174359999997,69.07162713043478,60.606221018782385,0.0766096034090769,15,64,,True,False,Request timeout: 300.0s exceeded,130,59.56268577710819
407,2026-09-21T07:59:54.258+00:00,2026-09-21T08:04:53.200+00:00,2026-09-21T08:04:54.566+00:00,False,25,24.0,,24.0,298941.776112,300307.833328,300307.833328,12012.313333119999,0.02622,298941.776112,59776.97375047377,90.7142482,56.919050666666664,17.079149881050338,0.07991799525850829,15,64,,True,False,Request timeout: 300.0s exceeded,77,59.56268577710819
406,2026-09-21T07:59:54.252+00:00,2026-09-21T08:04:53.200+00:00,2026-09-21T08:04:54.632+00:00,False,26,25.0,,25.0,298947.444362,300379.27130599995,300379.271204,11553.048892461538,0.02684,298947.444362,58617.18742765198,89.88826175,57.27307776,16.405062601136844,0.08322811321601549,15,64,,True,False,Request timeout: 300.0s exceeded,212,59.56268577710819
408,2026-09-21T07:59:54.303+00:00,2026-09-21T08:04:53.350+00:00,2026-09-21T08:04:54.635+00:00,False,24,23.0,,23.0,299046.916948,300331.627348,300331.62747,12513.81781125,0.038829999999999996,299046.916948,61031.29635007942,74.86460650000001,55.856973913043475,15.16416945041665,0.07658201103591884,15,64,,True,False,Request timeout: 300.0s exceeded,57,59.56268577710819
409,2026-09-21T07:59:54.309+00:00,2026-09-21T08:04:53.578+00:00,2026-09-21T08:04:54.735+00:00,False,22,21.0,,21.0,299269.386634,300426.390666,300426.390633,13655.745028772728,0.046880000000000005,299269.386634,63792.70295103309,73.79213754999999,55.0954300952381,15.189220987715077,0.0699006500509032,15,64,,True,False,Request timeout: 300.0s exceeded,37,59.56268577710819
404,2026-09-21T07:59:54.160+00:00,2026-09-21T08:04:54.826+00:00,2026-09-21T08:04:54.826+00:00,False,1,0.0,,0.0,300665.9388,300665.9388,300665.9388,300665.9388,300665.9388,300665.9388,nan,300665.9388,nan,nan,0.0,15,64,,True,False,"HTTPConnectionPool(host='gpu06', port=9004): Read timed out.",0,59.56268577710819
410,2026-09-21T07:59:54.583+00:00,2026-09-21T08:04:55.038+00:00,2026-09-21T08:04:55.038+00:00,False,1,0.0,,0.0,300455.05345999997,300455.05345999997,300455.05345999997,300455.05345999997,300455.05345999997,300455.05345999997,nan,300455.05345999997,nan,nan,0.0,15,64,,True,False,"HTTPConnectionPool(host='gpu06', port=9004): Read timed out.",0,59.56268577710819
411,2026-09-21T07:59:54.921+00:00,2026-09-21T08:04:55.038+00:00,2026-09-21T08:04:55.038+00:00,False,1,0.0,,0.0,300116.61916,300116.61916,300116.61916,300116.61916,300116.61916,300116.61916,nan,300116.61916,nan,nan,0.0,15,64,,True,False,"HTTPConnectionPool(host='gpu06', port=9004): Read timed out.",0,59.56268577710819
412,2026-09-21T07:59:55.212+00:00,2026-09-21T08:04:55.471+00:00,2026-09-21T08:04:55.471+00:00,False,1,0.0,,0.0,300259.461089,300259.461089,300259.461089,300259.461089,300259.461089,300259.461089,nan,300259.461089,nan,nan,0.0,15,64,,True,False,"HTTPConnectionPool(host='gpu06', port=9004): Read timed out.",0,59.56268577710819
413,2026-09-21T07:59:55.461+00:00,2026-09-21T08:04:55.626+00:00,2026-09-21T08:04:55.626+00:00,False,1,0.0,,0.0,300165.20369700005,300165.20369700005,300165.20369700005,300165.20369700005,300165.20369700005,300165.20369700005,nan,300165.20369700005,nan,nan,0.0,15,64,,True,False,"HTTPConnectionPool(host='gpu06', port=9004): Read timed out.",0,59.56268577710819
414,2026-09-21T07:59:55.640+00:00,2026-09-21T08:04:55.763+00:00,2026-09-21T08:04:55.763+00:00,False,1,0.0,,0.0,300122.99305299995,300122.99305299995,300122.99305299995,300122.99305299995,300122.99305299995,300122.99305299995,nan,300122.99305299995,nan,nan,0.0,15,64,,True,False,"HTTPConnectionPool(host='gpu06', port=9004): Read timed out.",0,59.56268577710819
415,2026-09-21T07:59:55.881+00:00,2026-09-21T08:04:55.994+00:00,2026-09-21T08:04:55.994+00:00,False,1,0.0,,0.0,300112.980578,300112.980578,300112.980578,300112.980578,300112.980578,300112.980578,nan,300112.980578,nan,nan,0.0,15,64,,True,False,"HTTPConnectionPool(host='gpu06', port=9004): Read timed out.",0,59.56268577710819
416,2026-09-21T07:59:56.171+00:00,2026-09-21T08:04:56.279+00:00,2026-09-21T08:04:56.279+00:00,False,1,0.0,,0.0,300108.323654,300108.323654,300108.323654,300108.323654,300108.323654,300108.323654,nan,300108.323654,nan,nan,0.0,15,64,,True,False,"HTTPConnectionPool(host='gpu06', port=9004): Read timed out.",0,59.56268577710819
417,2026-09-21T07:59:56.452+00:00,2026-09-21T08:04:56.568+00:00,2026-09-21T08:04:56.568+00:00,False,1,0.0,,0.0,300116.156523,300116.156523,300116.156523,300116.156523,300116.156523,300116.156523,nan,300116.156523,nan,nan,0.0,15,64,,True,False,"HTTPConnectionPool(host='gpu06', port=9004): Read timed out.",0,59.56268577710819
418,2026-09-21T07:59:56.769+00:00,2026-09-21T08:04:56.873+00:00,2026-09-21T08:04:56.873+00:00,False,1,0.0,,0.0,300104.60857599997,300104.60857599997,300104.60857599997,300104.60857599997,300104.60857599997,300104.60857599997,nan,300104.60857599997,nan,nan,0.0,15,64,,True,False,"HTTPConnectionPool(host='gpu06', port=9004): Read timed out.",0,59.56268577710819
419,2026-09-21T07:59:57.082+00:00,2026-09-21T08:04:57.190+00:00,2026-09-21T08:04:57.190+00:00,False,1,0.0,,0.0,300107.587289,300107.587289,300107.587289,300107.587289,300107.587289,300107.587289,nan,300107.587289,nan,nan,0.0,15,64,,True,False,TTFT timeout: 300.0s exceeded (TTFT: 300.093s),0,59.56268577710819
420,2026-09-21T07:59:57.321+00:00,2026-09-21T08:04:57.356+00:00,2026-09-21T08:04:57.356+00:00,False,1,0.0,,0.0,300034.949738,300034.949738,300034.949738,300034.949738,300034.949738,300034.949738,nan,300034.949738,nan,nan,0.0,15,64,,True,False,TTFT timeout: 300.0s exceeded (TTFT: 300.028s),0,59.56268577710819
421,2026-09-21T07:59:57.517+00:00,2026-09-21T08:04:57.448+00:00,2026-09-21T08:04:57.584+00:00,False,4,3.0,,3.0,299930.76311500004,300066.72394700005,300066.72407700005,75016.68101925001,0.03302,299930.76311500004,149942.72542398868,254953.8224365,45.32027733333334,42.56021661959109,0.009997776362999455,15,64,,True,False,Request timeout: 300.0s exceeded,9,59.56268577710819
422,2026-09-21T07:59:57.829+00:00,2026-09-21T08:04:57.930+00:00,2026-09-21T08:04:57.930+00:00,False,1,0.0,,0.0,300101.05067799997,300101.05067799997,300101.05067799997,300101.05067799997,300101.05067799997,300101.05067799997,nan,300101.05067799997,nan,nan,0.0,15,64,,True,False,"HTTPConnectionPool(host='gpu06', port=9004): Read timed out.",0,59.56268577710819
423,2026-09-21T07:59:58.114+00:00,2026-09-21T08:04:58.221+00:00,2026-09-21T08:04:58.221+00:00,False,1,0.0,,0.0,300107.068425,300107.068425,300107.068425,300107.068425,300107.068425,300107.068425,nan,300107.068425,nan,nan,0.0,15,64,,True,False,"HTTPConnectionPool(host='gpu06', port=9004): Read timed out.",0,59.56268577710819
424,2026-09-21T07:59:58.432+00:00,2026-09-21T08:04:58.546+00:00,2026-09-21T08:04:58.546+00:00,False,1,0.0,,0.0,300113.90305699996,300113.90305699996,300113.90305699996,300113.90305699996,300113.90305699996,300113.90305699996,nan,300113.90305699996,nan,nan,0.0,15,64,,True,False,"HTTPConnectionPool(host='gpu06', port=9004): Read timed out.",0,59.56268577710819
425,2026-09-21T07:59:58.763+00:00,2026-09-21T08:04:58.882+00:00,2026-09-21T08:04:58.882+00:00,False,1,0.0,,0.0,300119.173357,300119.173357,300119.173357,300119.173357,300119.173357,300119.173357,nan,300119.173357,nan,nan,0.0,15,64,,True,False,"HTTPConnectionPool(host='gpu06', port=9004): Read timed out.",0,59.56268577710819
426,2026-09-21T07:59:58.964+00:00,2026-09-21T08:04:59.020+00:00,2026-09-21T08:04:59.020+00:00,False,1,0.0,,0.0,300056.842422,300056.842422,300056.842422,300056.842422,300056.842422,300056.842422,nan,300056.842422,nan,nan,0.0,15,64,,True,False,"HTTPConnectionPool(host='gpu06', port=9004): Read timed out.",0,59.56268577710819
427,2026-09-21T07:59:59.194+00:00,2026-09-21T08:04:59.214+00:00,2026-09-21T08:04:59.214+00:00,False,1,0.0,,0.0,300020.197669,300020.197669,300020.197669,300020.197669,300020.197669,300020.197669,nan,300020.197669,nan,nan,0.0,15,64,,True,False,TTFT timeout: 300.0s exceeded (TTFT: 300.016s),0,59.56268577710819
428,2026-09-21T07:59:59.404+00:00,2026-09-21T08:04:59.371+00:00,2026-09-21T08:04:59.433+00:00,False,3,2.0,,2.0,299966.82690100005,300028.9965010001,300028.99637800007,100009.66545933335,0.0295,299966.82690100005,173167.9842617694,269976.3582086,31.0848,43.918911296378916,0.006666022362253022,15,64,,True,False,Request timeout: 300.0s exceeded,4,59.56268577710819
429,2026-09-21T07:59:59.735+00:00,2026-09-21T08:04:59.841+00:00,2026-09-21T08:04:59.841+00:00,False,1,0.0,,0.0,300105.966574,300105.966574,300105.966574,300105.966574,300105.966574,300105.966574,nan,300105.966574,nan,nan,0.0,15,64,,True,False,"HTTPConnectionPool(host='gpu06', port=9004): Read timed out.",0,59.56268577710819
430,2026-09-21T07:59:59.928+00:00,2026-09-21T08:05:00.032+00:00,2026-09-21T08:05:00.032+00:00,False,1,0.0,,0.0,300104.24647500005,300104.24647500005,300104.24647500005,300104.24647500005,300104.24647500005,300104.24647500005,nan,300104.24647500005,nan,nan,0.0,15,64,,True,False,"HTTPConnectionPool(host='gpu06', port=9004): Read timed out.",0,59.56268577710819
431,2026-09-21T08:00:00.238+00:00,2026-09-21T08:05:00.286+00:00,2026-09-21T08:05:00.286+00:00,False,1,0.0,,0.0,300048.546632,300048.546632,300048.546632,300048.546632,300048.546632,300048.546632,nan,300048.546632,nan,nan,0.0,15,64,,True,False,"HTTPConnectionPool(host='gpu06', port=9004): Read timed out.",0,59.56268577710819
432,2026-09-21T08:00:00.583+00:00,2026-09-21T08:05:00.690+00:00,2026-09-21T08:05:00.690+00:00,False,1,0.0,,0.0,300106.63677700004,300106.63677700004,300106.63677700004,300106.63677700004,300106.63677700004,300106.63677700004,nan,300106.63677700004,nan,nan,0.0,15,64,,True,False,"HTTPConnectionPool(host='gpu06', port=9004): Read timed out.",0,59.56268577710819
433,2026-09-21T08:00:00.843+00:00,2026-09-21T08:05:00.947+00:00,2026-09-21T08:05:00.947+00:00,False,1,0.0,,0.0,300103.128348,300103.128348,300103.128348,300103.128348,300103.128348,300103.128348,nan,300103.128348,nan,nan,0.0,15,64,,True,False,"HTTPConnectionPool(host='gpu06', port=9004): Read timed out.",0,59.56268577710819
434,2026-09-21T08:00:01.103+00:00,2026-09-21T08:05:01.168+00:00,2026-09-21T08:05:02.855+00:00,True,26,26.0,,26.0,300064.972432,301752.29889599996,301752.29885799997,11605.857648384615,41.981207999999995,300064.972432,58834.3562275372,191.38051275,67.49305856000001,35.04749761026026,0.08616338664236986,15,64,,True,True,,26,59.56268577710819
435,2026-09-21T08:00:01.311+00:00,2026-09-21T08:05:01.385+00:00,2026-09-21T08:05:02.968+00:00,False,28,27.0,,27.0,300074.63282999996,301656.79756599996,301656.79743399995,10773.457051214284,0.02707,300074.63282999996,56697.70418893658,106.71346585,58.59869392592593,19.0126790316587,0.08950569063205886,15,64,,True,False,Request timeout: 300.0s exceeded,84,59.56268577710819
436,2026-09-21T08:00:01.666+00:00,2026-09-21T08:05:02.176+00:00,2026-09-21T08:05:03.069+00:00,False,18,17.0,,17.0,300510.430611,301402.568339,301402.568326,16744.587129222222,0.03096,300510.430611,70818.61996934577,45136.34822389999,52.47868988235294,15.260738779665298,0.056402969933817534,15,64,,True,False,Request timeout: 300.0s exceeded,0,59.56268577710819
437,2026-09-21T08:00:01.861+00:00,2026-09-21T08:05:02.179+00:00,2026-09-21T08:05:03.067+00:00,False,18,17.0,,17.0,300317.731384,301205.96716,301205.96726899996,16733.66484827778,0.0782,300317.731384,70773.25441190808,45109.8704477,52.24916329411764,15.19511087019007,0.056439784909605176,15,64,,True,False,Request timeout: 300.0s exceeded,52,59.56268577710819
438,2026-09-21T08:00:02.108+00:00,2026-09-21T08:05:03.263+00:00,2026-09-21T08:05:03.263+00:00,False,1,0.0,,0.0,301155.324515,301155.324515,301155.324515,301155.324515,301155.324515,301155.324515,nan,301155.324515,nan,nan,0.0,15,64,,True,False,"HTTPConnectionPool(host='gpu06', port=9004): Read timed out.",0,59.56268577710819
0,2026-09-21T07:58:02.119+00:00,2026-09-21T07:58:02.381+00:00,2026-09-21T07:58:06.479+00:00,True,70,70.0,,70.0,262.068968,4359.425512,4359.425594,62.277508485714286,0.01578,262.068968,41.81769662129534,104.085311,59.38197889855073,34.335380154290085,16.057161616207015,16,64,,False,True,,424,59.56268577710819
2,2026-09-21T07:58:02.879+00:00,2026-09-21T07:58:03.494+00:00,2026-09-21T07:58:04.426+00:00,True,17,17.0,,17.0,614.899892,1547.05042,1547.050404,91.00296494117647,39.117333,614.899892,135.3236823606651,185.75317439999998,58.259408,9.583788746799407,10.988652845587282,16,64,,False,True,,20,59.56268577710819
1,2026-09-21T07:58:02.481+00:00,2026-09-21T07:58:06.551+00:00,2026-09-21T07:58:08.435+00:00,True,32,32.0,,32.0,4070.034644,5953.921236,5953.9211669999995,186.06003646874998,43.090035,4070.034644,708.8163174761683,75.38353450000001,60.770535225806455,10.259506721925087,5.374609225011924,16,64,,False,True,,187,59.56268577710819
4,2026-09-21T07:58:03.703+00:00,2026-09-21T07:58:09.102+00:00,2026-09-21T07:58:11.089+00:00,True,32,32.0,,32.0,5398.527493,7385.267205,7385.267298999999,230.78960309374997,45.437585,5398.527493,943.0640345429244,78.004918,64.08837780645162,10.770050930133287,4.332950875268974,16,64,,False,True,,64,59.56268577710819
3,2026-09-21T07:58:03.259+00:00,2026-09-21T07:58:09.363+00:00,2026-09-21T07:58:10.508+00:00,True,19,19.0,,19.0,6103.7043300000005,7248.598026000001,7248.598029000001,381.50515942105267,42.441695,6103.7043300000005,1385.757540188814,686.6625591000001,63.60520533333334,13.67924882429957,2.621196530949694,16,64,,False,True,,22,59.56268577710819
5,2026-09-21T07:58:03.970+00:00,2026-09-21T07:58:09.547+00:00,2026-09-21T07:58:14.567+00:00,True,79,79.0,,79.0,5576.652421,10596.881285,10596.881343,134.13773851898733,0.016120000000000002,5576.652421,621.691493438175,79.853365,64.3619085128205,43.589329225006615,7.455023593764833,16,64,,False,True,,685,59.56268577710819
6,2026-09-21T07:58:04.248+00:00,2026-09-21T07:58:11.011+00:00,2026-09-21T07:58:13.169+00:00,True,29,29.0,,29.0,6763.1995449999995,8920.710713,8920.710669,307.6107127241379,47.495245000000004,6763.1995449999995,1243.3474090076204,282.348217,77.05397028571429,67.3716133918948,3.250862059425242,16,64,,False,True,,139,59.56268577710819
7,2026-09-21T07:58:04.641+00:00,2026-09-21T07:58:13.223+00:00,2026-09-21T07:58:13.746+00:00,True,9,9.0,,9.0,8582.232358,9104.467238,9104.467181999999,1011.6074646666666,48.233135000000004,8582.232358,2839.001622378798,5179.916553999999,65.27936,10.591509745450052,0.9885257165225465,16,64,,False,True,,69,59.56268577710819
8,2026-09-21T07:58:04.952+00:00,2026-09-21T07:58:14.742+00:00,2026-09-21T07:58:15.741+00:00,True,18,18.0,,18.0,9789.639855000001,10789.021103000001,10789.020949000002,599.3900527222223,32.613893,9789.639855000001,2293.626244949669,1543.53288725,58.787132235294116,14.351791029568433,1.6683626649868086,16,64,,False,True,,64,59.56268577710819
9,2026-09-21T07:58:05.392+00:00,2026-09-21T07:58:17.831+00:00,2026-09-21T07:58:18.728+00:00,True,15,15.0,,15.0,12439.505417,13335.641609,13335.64154,889.0427693333334,53.558144999999996,12439.505417,3195.3455476469408,3785.4736047,64.009728,6.58442300634824,1.1248052729519031,16,64,,False,True,,15,59.56268577710819
10,2026-09-21T07:58:05.665+00:00,2026-09-21T07:58:19.261+00:00,2026-09-21T07:58:23.271+00:00,True,60,60.0,,60.0,13596.292915999999,17606.116916,17606.116882,293.43528136666663,0.018600000000000002,13596.292915999999,1747.3445534773366,96.3465451,67.96311864406779,54.79131372432931,3.4079064842216007,16,64,,False,True,,121,59.56268577710819
11,2026-09-21T07:58:05.923+00:00,2026-09-21T07:58:20.619+00:00,2026-09-21T07:58:23.291+00:00,True,41,41.0,,41.0,14695.06128,17367.824928,17367.824987,423.60548748780485,0.01611,14695.06128,2285.6218122149535,96.29565999999998,66.8190912,70.95883656693502,2.360687084880776,16,64,,False,True,,93,59.56268577710819
12,2026-09-21T07:58:06.336+00:00,2026-09-21T07:58:22.531+00:00,2026-09-21T07:58:27.079+00:00,True,73,73.0,,73.0,16194.45854,20743.050668,20743.050623,284.15137839726026,0.0,16194.45854,1889.918486338947,209.43683559999997,63.17489066666666,85.19555458915023,3.519250912914947,16,64,,False,True,,511,59.56268577710819
13,2026-09-21T07:58:06.727+00:00,2026-09-21T07:58:24.575+00:00,2026-09-21T07:58:28.041+00:00,True,58,58.0,,58.0,17847.274973,21313.188573,21313.188623,367.46876936206894,0.0,17847.274973,2336.1015417196736,77.099518,60.805501754385965,54.457434362447046,2.721319703119206,16,64,,False,True,,232,59.56268577710819
14,2026-09-21T07:58:07.113+00:00,2026-09-21T07:58:26.964+00:00,2026-09-21T07:58:32.354+00:00,True,89,89.0,,89.0,19850.301971,25241.132307,25241.1323,283.60822808988763,0.0,19850.301971,2098.1373228925745,79.070386,61.259435636363634,46.203598018594946,3.525990788270543,16,64,,False,True,,202,59.56268577710819
15,2026-09-21T07:58:07.456+00:00,2026-09-21T07:58:28.631+00:00,2026-09-21T07:58:31.580+00:00,True,47,47.0,,47.0,21174.695909000002,24124.029413000004,24124.029415,513.2772215957447,0.0,21174.695909000002,3079.893126360559,84.9920637,64.11594573913044,61.38863229170192,1.9482649102837086,16,64,,False,True,,258,59.56268577710819
16,2026-09-21T07:58:07.864+00:00,2026-09-21T07:58:30.926+00:00,2026-09-21T07:58:31.896+00:00,True,18,18.0,,18.0,23061.764704,24031.190368,24031.190345000003,1335.0661302777778,0.0,23061.764704,5422.3113211756245,3530.3412967500003,57.02503905882352,22.0462298943147,0.749026566073433,16,64,,False,True,,133,59.56268577710819
17,2026-09-21T07:58:08.189+00:00,2026-09-21T07:58:32.404+00:00,2026-09-21T07:58:33.940+00:00,True,25,25.0,,25.0,24215.445255,25751.049222999998,25751.049283999997,1030.04197136,0.01617,24215.445255,4832.012114083663,549.6501092,63.98349866666666,131.67898097849908,0.9708342282873201,16,64,,False,True,,100,59.56268577710819
18,2026-09-21T07:58:08.595+00:00,2026-09-21T07:58:34.321+00:00,2026-09-21T07:58:35.785+00:00,True,24,24.0,,24.0,25726.087070999998,27189.590174999998,27189.590233,1132.8995930416665,0.0,25726.087070999998,5239.567174224978,505.7489906999999,63.630569739130436,116.55512174677503,0.8826907594240707,16,64,,False,True,,116,59.56268577710819
19,2026-09-21T07:58:08.875+00:00,2026-09-21T07:58:35.914+00:00,2026-09-21T07:58:37.319+00:00,True,23,23.0,,23.0,27039.181366999997,28444.602678999996,28444.602652999998,1236.7218544782609,43.279015,27039.181366999997,5624.749509393932,83.83117890000001,63.8827869090909,11.35041632406912,0.8085892518716874,16,64,,False,True,,184,59.56268577710819
20,2026-09-21T07:58:09.163+00:00,2026-09-21T07:58:37.194+00:00,2026-09-21T07:58:39.483+00:00,True,37,37.0,,37.0,28031.73925,30320.689778,30320.689788,819.4781023783784,45.734925000000004,28031.73925,4597.943387817023,74.96580399999999,63.58195911111111,7.932394502421234,1.2202888612001945,16,64,,False,True,,37,59.56268577710819
21,2026-09-21T07:58:09.616+00:00,2026-09-21T07:58:39.732+00:00,2026-09-21T07:58:42.310+00:00,True,42,42.0,,42.0,30115.482536,32693.675432,32693.675554,778.4208465238095,0.0,30115.482536,4638.133650244116,81.15136195000001,62.88275356097561,93.36227430093372,1.284652136690974,16,64,,False,True,,211,59.56268577710819
22,2026-09-21T07:58:10.021+00:00,2026-09-21T07:58:41.876+00:00,2026-09-21T07:58:43.562+00:00,True,20,20.0,,20.0,31855.242987,33540.874219000005,33540.874132000004,1677.0437066000002,0.0178,31855.242987,7105.195505692677,2346.17554475,88.71743326315789,172.5175638197419,0.5962873796733222,16,64,,False,True,,122,59.56268577710819
23,2026-09-21T07:58:10.401+00:00,2026-09-21T07:58:43.706+00:00,2026-09-21T07:58:44.968+00:00,True,23,23.0,,23.0,33305.232118,34566.586614,34566.586779,1502.8950773478261,0.05304,33305.232118,6932.68460948216,73.90163709999999,57.334295272727275,16.471416880707334,0.6653824474148293,16,64,,False,True,,163,59.56268577710819
24,2026-09-21T07:58:10.771+00:00,2026-09-21T07:58:45.764+00:00,2026-09-21T07:58:51.982+00:00,True,98,98.0,,98.0,34992.987054,41211.79435,41211.794329,420.5285135612245,0.0,34992.987054,3529.054983178216,79.28958165,64.11141542268041,70.9397643281254,2.3779600365787035,16,64,,False,True,,490,59.56268577710819
25,2026-09-21T07:58:11.166+00:00,2026-09-21T07:58:47.641+00:00,2026-09-21T07:58:51.272+00:00,True,58,58.0,,58.0,36474.930447,40105.675022999996,40105.675104,691.4771569655172,41.445534,36474.930447,4781.03780632363,77.9524945,63.697273263157896,9.182037925440522,1.4461793740346691,16,64,,False,True,,232,59.56268577710819
26,2026-09-21T07:58:11.615+00:00,2026-09-21T07:58:49.660+00:00,2026-09-21T07:58:50.585+00:00,True,16,16.0,,16.0,38044.79341,38970.161986,38970.161986,2435.635124125,43.111214999999994,38044.79341,9495.78018548245,9567.5611585,61.691238399999996,9.719462038897515,0.41057052844039976,16,64,,False,True,,43,59.56268577710819
27,2026-09-21T07:58:12.011+00:00,2026-09-21T07:58:51.976+00:00,2026-09-21T07:58:52.163+00:00,True,4,4.0,,4.0,39965.08084,40152.135688,40152.135649,10038.03391225,51.924166,39965.08084,19951.366893879247,33981.56231755,62.351616,11.670027503877101,0.09962110187816119,16,64,,False,True,,31,59.56268577710819
28,2026-09-21T07:58:12.348+00:00,2026-09-21T07:58:53.612+00:00,2026-09-21T07:58:54.603+00:00,True,18,18.0,,18.0,41264.076564999996,42255.638548999996,42255.638748,2347.5354859999998,0.04935,41264.076564999996,9712.337045650216,6300.9345932999995,58.32717552941176,31.728103028422794,0.4259786532187189,16,64,,False,True,,54,59.56268577710819
29,2026-09-21T07:58:12.650+00:00,2026-09-21T07:58:55.188+00:00,2026-09-21T07:58:57.095+00:00,True,31,31.0,,31.0,42537.944906000004,44444.953162000005,44444.95312400001,1433.7081652903228,39.052174,42537.944906000004,7628.630710188692,80.97999850000001,63.56694186666667,10.6803972056552,0.6974920164052438,16,64,,False,True,,279,59.56268577710819
30,2026-09-21T07:58:13.140+00:00,2026-09-21T07:58:57.105+00:00,2026-09-21T07:58:57.731+00:00,True,11,11.0,,11.0,43965.387315,44591.044147,44591.04417,4053.7312881818184,46.310925000000005,43965.387315,13237.202422622799,22021.8920515,62.5656832,10.351026087929563,0.24668630686774487,16,64,,False,True,,22,59.56268577710819
31,2026-09-21T07:58:13.520+00:00,2026-09-21T07:58:59.992+00:00,2026-09-21T07:59:02.120+00:00,True,35,35.0,,35.0,46471.231455,48599.859935,48599.859786,1388.5674224571428,0.0,46471.231455,7845.9531726022415,338.29187279999996,62.60672,153.8321348119949,0.7201666845709193,16,64,,False,True,,417,59.56268577710819
32,2026-09-21T07:58:13.919+00:00,2026-09-21T07:59:01.889+00:00,2026-09-21T07:59:05.593+00:00,True,50,50.0,,50.0,47970.047071,51673.856095,51673.855926000004,1033.47711852,0.019510000000000003,47970.047071,6774.334263553564,86.74338655,75.58793926530612,119.63481754449829,0.9676072927105982,16,64,,False,True,,200,59.56268577710819
33,2026-09-21T07:58:14.236+00:00,2026-09-21T07:59:03.661+00:00,2026-09-21T07:59:05.773+00:00,True,28,28.0,,28.0,49425.570022,51537.401574,51537.401660999996,1840.6214878928572,0.01601,49425.570022,9327.825039473852,719.3464552999999,78.2159834074074,199.358288545711,0.5432947557473612,16,64,,False,True,,56,59.56268577710819
34,2026-09-21T07:58:14.503+00:00,2026-09-21T07:59:05.639+00:00,2026-09-21T07:59:07.665+00:00,True,44,44.0,,44.0,51135.774889,53162.158249,53162.1581,1208.2308659090909,0.01541,51135.774889,7701.989010734084,121.76701675,47.12519441860465,36.67299096235813,0.8276563903578473,16,64,,False,True,,396,59.56268577710819
35,2026-09-21T07:58:14.810+00:00,2026-09-21T07:59:06.671+00:00,2026-09-21T07:59:12.480+00:00,True,93,93.0,,93.0,51861.051065,57670.320057,57670.320037,620.110968139785,0.0,51861.051065,5372.288175255686,79.334168,63.14422817391305,109.07909224984763,1.612614598082358,16,64,,False,True,,185,59.56268577710819
36,2026-09-21T07:58:15.209+00:00,2026-09-21T07:59:08.814+00:00,2026-09-21T07:59:15.144+00:00,True,100,100.0,,100.0,53605.009185999996,59935.45987399999,59935.459749999995,599.3545975,0.0,53605.009185999996,5355.131347187847,83.64471249999998,63.94394634343434,105.2951426614125,1.6684613784598656,16,64,,False,True,,698,59.56268577710819
37,2026-09-21T07:58:15.635+00:00,2026-09-21T07:59:11.363+00:00,2026-09-21T07:59:15.925+00:00,True,71,71.0,,71.0,55728.692387,60290.276771000004,60290.276815000005,849.1588283802818,40.169774,55728.692387,6606.052986053668,80.891952,65.1654912,10.166447378169394,1.1776359937719085,16,64,,False,True,,710,59.56268577710819
38,2026-09-21T07:58:15.887+00:00,2026-09-21T07:59:12.747+00:00,2026-09-21T07:59:19.344+00:00,True,87,87.0,,87.0,56860.185948,63456.949596,63456.949658,729.390225954023,42.661434,56860.185948,6088.901956250664,83.30091769999999,76.70655404651164,115.0264757895631,1.3710082276864444,16,64,,False,True,,175,59.56268577710819
39,2026-09-21T07:58:16.276+00:00,2026-09-21T07:59:14.650+00:00,2026-09-21T07:59:19.820+00:00,True,82,82.0,,82.0,58373.702006,63544.291446,63544.29143,774.9303832926829,0.02096,58373.702006,6440.751263001743,82.11950205,63.83443753086419,140.03025526752788,1.2904384978418348,16,64,,False,True,,164,59.56268577710819
40,2026-09-21T07:58:16.650+00:00,2026-09-21T07:59:16.672+00:00,2026-09-21T07:59:21.300+00:00,True,64,64.0,,64.0,60022.325974,64650.680278,64650.680401,1010.166881265625,0.0,60022.325974,7496.418392976254,253.90054920000003,73.46594133333333,206.91760996979374,0.9899354457648079,16,64,,False,True,,576,59.56268577710819
41,2026-09-21T07:58:16.917+00:00,2026-09-21T07:59:18.132+00:00,2026-09-21T07:59:23.746+00:00,True,88,88.0,,88.0,61214.681835,66828.841195,66828.841069,759.4186485113637,0.0,61214.681835,6521.725054956966,126.93487574999999,64.53056735632184,202.1285248739757,1.316796736654832,16,64,,False,True,,461,59.56268577710819
42,2026-09-21T07:58:17.203+00:00,2026-09-21T07:59:19.338+00:00,2026-09-21T07:59:25.023+00:00,True,90,90.0,,90.0,62135.057931999996,67819.580172,67819.58040199999,753.5508933555556,0.0,62135.057931999996,6544.25434788362,86.53820754999998,63.87103640449438,134.99103766622991,1.3270503853274722,16,64,,False,True,,270,59.56268577710819
43,2026-09-21T07:58:17.560+00:00,2026-09-21T07:59:21.548+00:00,2026-09-21T07:59:25.810+00:00,True,67,67.0,,67.0,63988.205829000006,68249.37626100001,68249.376244,1018.6474066268657,38.764553,63988.205829000006,7809.523991764297,82.16105200000001,64.56318836363637,11.326410553572115,0.9816939534183854,16,64,,False,True,,770,59.56268577710819
44,2026-09-21T07:58:18.004+00:00,2026-09-21T07:59:24.100+00:00,2026-09-21T07:59:30.172+00:00,True,95,95.0,,95.0,66096.459118,72168.039534,72168.039632,759.6635750736842,40.024994,66096.459118,6774.734123108329,79.285474,64.59128102127659,10.086255633608733,1.3163721865444793,16,64,,False,True,,831,59.56268577710819
45,2026-09-21T07:58:18.446+00:00,2026-09-21T07:59:26.326+00:00,2026-09-21T07:59:29.463+00:00,True,50,50.0,,50.0,67879.403257,71016.816889,71016.816713,1420.33633426,40.379503,67879.403257,9590.547268983166,79.305962,64.02884963265306,9.940055257088124,0.7040585904906229,16,64,,False,True,,51,59.56268577710819
46,2026-09-21T07:58:18.749+00:00,2026-09-21T07:59:27.991+00:00,2026-09-21T07:59:29.024+00:00,True,17,17.0,,17.0,69242.72969200001,70275.85174000001,70275.851773,4133.873633705883,53.177995,69242.72969200001,16778.169833239026,13912.462424000001,64.570128,7.719905545520687,0.24190386283605644,16,64,,False,True,,68,59.56268577710819
47,2026-09-21T07:58:19.134+00:00,2026-09-21T07:59:29.990+00:00,2026-09-21T07:59:30.116+00:00,True,3,3.0,,3.0,70856.156098,70982.727362,70982.72721900001,23660.909073000003,51.090784,70856.156098,40872.284680766905,63778.0885219,63.285632,17.245893158508434,0.042263802920681014,16,64,,False,True,,9,59.56268577710819
48,2026-09-21T07:58:19.570+00:00,2026-09-21T07:59:32.834+00:00,2026-09-21T07:59:34.782+00:00,True,32,32.0,,32.0,73263.98500300001,75211.94993100001,75211.95009400001,2350.3734404375004,0.0,73263.98500300001,12941.98276750072,585.74242955,62.83757832258064,214.8427791485826,0.42546430493235493,16,64,,False,True,,65,59.56268577710819
49,2026-09-21T07:58:19.852+00:00,2026-09-21T07:59:33.454+00:00,2026-09-21T07:59:36.074+00:00,True,42,42.0,,42.0,73602.208119,76221.429367,76221.42950900001,1814.7959406904763,0.01899,73602.208119,11349.23256318222,348.64191225,63.883445073170726,216.92433527548238,0.5510261398769289,16,64,,False,True,,168,59.56268577710819
50,2026-09-21T07:58:20.174+00:00,2026-09-21T07:59:35.659+00:00,2026-09-21T07:59:36.608+00:00,True,18,18.0,,18.0,75485.012638,76433.761182,76433.761212,4246.320067333333,0.03978,75485.012638,17778.868212249035,11430.5981719,55.80873788235294,36.02610341075965,0.23549802759463007,16,64,,False,True,,117,59.56268577710819
51,2026-09-21T07:58:20.504+00:00,2026-09-21T07:59:37.303+00:00,2026-09-21T07:59:40.885+00:00,True,59,59.0,,59.0,76799.34626899999,80381.37046099998,80381.37030399998,1362.3961068474573,41.291314,76799.34626899999,9990.388185048965,79.522141,61.75903779310345,10.352880300048113,0.7340009216268096,16,64,,False,True,,204,59.56268577710819
52,2026-09-21T07:58:20.907+00:00,2026-09-21T07:59:39.442+00:00,2026-09-21T07:59:41.091+00:00,True,28,28.0,,28.0,78535.698795,80184.450155,80184.45025000001,2863.7303660714288,45.812884,78535.698795,14830.314093452394,74.24528249999999,61.064865185185184,8.352854599458103,0.3491948868624128,16,64,,False,True,,47,59.56268577710819
53,2026-09-21T07:58:21.265+00:00,2026-09-21T07:59:41.223+00:00,2026-09-21T07:59:47.489+00:00,True,98,98.0,,98.0,79957.528035,86223.079395,86223.079416,879.8273409795918,0.0,79957.528035,8072.344144865965,82.69251800000002,64.59331298969072,177.84002626590254,1.136586638840029,16,64,,False,True,,491,59.56268577710819
54,2026-09-21T07:58:21.516+00:00,2026-09-21T07:59:42.389+00:00,2026-09-21T07:59:46.967+00:00,True,61,61.0,,61.0,80873.790921,85451.822025,85451.82216400001,1400.8495436721312,0.0,80873.790921,10347.334195406931,80.768107,76.3005184,218.8288935798381,0.7138525376574614,16,64,,False,True,,671,59.56268577710819
55,2026-09-21T07:58:21.868+00:00,2026-09-21T07:59:44.227+00:00,2026-09-21T07:59:48.906+00:00,True,74,74.0,,74.0,82358.425906,87037.41547400001,87037.415508,1176.1812906486487,0.0,82358.425906,9568.568225336236,78.01470635,64.09574750684932,199.2661764383991,0.8502090692491372,16,64,,False,True,,295,59.56268577710819
56,2026-09-21T07:58:22.294+00:00,2026-09-21T07:59:46.988+00:00,2026-09-21T07:59:48.955+00:00,True,39,39.0,,39.0,84694.067905,86660.821953,86660.82193800001,2222.0723573846153,0.0,84694.067905,13553.641883290618,76.253941,51.756685473684215,26.30453665986184,0.45003034959847743,16,64,,False,True,,39,59.56268577710819
57,2026-09-21T07:58:22.729+00:00,2026-09-21T07:59:48.572+00:00,2026-09-21T07:59:54.315+00:00,True,76,76.0,,76.0,85842.427559,91585.61808700001,91585.618164,1205.0739232105263,0.01625,85842.427559,9839.598035890735,79.91223199999999,76.57587370666667,177.52024496420395,0.8298246120674236,16,64,,False,True,,379,59.56268577710819
58,2026-09-21T07:58:23.274+00:00,2026-09-21T07:59:49.516+00:00,2026-09-21T07:59:52.516+00:00,True,48,48.0,,48.0,86242.162455,89242.436887,89242.43676899999,1859.2174326875,45.211524,86242.162455,12438.77274842091,76.54512435,63.83562621276595,8.284035882654628,0.5378607047763415,16,64,,False,True,,144,59.56268577710819
59,2026-09-21T07:58:23.510+00:00,2026-09-21T07:59:52.519+00:00,2026-09-21T07:59:56.679+00:00,True,66,66.0,,66.0,89009.704875,93168.875435,93168.875261,1411.6496251666665,0.0155,89009.704875,10949.9427073562,221.645419,63.987239384615386,181.5323692686373,0.7083910768682126,16,64,,False,True,,264,59.56268577710819
60,2026-09-21T07:58:23.855+00:00,2026-09-21T07:59:54.175+00:00,2026-09-21T07:59:54.460+00:00,True,6,6.0,,6.0,90319.80325499999,90605.335415,90605.33529999999,15100.889216666665,0.02789,90319.80325499999,36849.658742872656,67778.48897225,57.106432,78.60088366625506,0.06622126580645803,16,64,,False,True,,18,59.56268577710819
61,2026-09-21T07:58:24.263+00:00,2026-09-21T07:59:56.738+00:00,2026-09-21T07:59:57.496+00:00,True,12,12.0,,12.0,92474.359538,93232.42213,93232.422065,7769.368505416667,49.425245000000004,92474.359538,26675.15601958415,41658.09064945,68.91478109090909,10.321569753595908,0.12871058936200996,16,64,,False,True,,72,59.56268577710819
62,2026-09-21T07:58:24.690+00:00,2026-09-21T07:59:58.644+00:00,2026-09-21T08:00:04.320+00:00,True,91,91.0,,91.0,93954.924181,99630.785429,99630.78551,1094.8437968131868,0.0,93954.924181,9844.49524652696,76.07701200000001,63.06512497777778,197.23424950226584,0.9133723036324896,16,64,,False,True,,1087,59.56268577710819
63,2026-09-21T07:58:25.140+00:00,2026-09-21T08:00:02.880+00:00,2026-09-21T08:00:05.502+00:00,True,69,69.0,,69.0,97740.074508,100362.25127600001,100362.251459,1454.525383463768,0.0,97740.074508,11761.923883907433,77.74243440000001,38.56142305882353,32.36849755236754,0.6875094881067123,16,64,,False,True,,144,59.56268577710819
64,2026-09-21T07:58:25.520+00:00,2026-09-21T08:00:02.922+00:00,2026-09-21T08:00:07.478+00:00,True,73,73.0,,73.0,97402.105341,101957.49734100001,101957.497392,1396.6780464657534,40.888664,97402.105341,11392.653972291431,79.3187384,63.269333333333336,10.683113682433174,0.7159846200995816,16,64,,False,True,,146,59.56268577710819
65,2026-09-21T07:58:25.865+00:00,2026-09-21T08:00:04.646+00:00,2026-09-21T08:00:06.487+00:00,True,29,29.0,,29.0,98780.90713699999,100621.75936099999,100621.75931899999,3469.7158385862062,51.437324000000004,98780.90713699999,18330.94720326155,78.610181,65.74472228571429,8.122258605431623,0.2882080395350364,16,64,,False,True,,87,59.56268577710819
66,2026-09-21T07:58:26.307+00:00,2026-09-21T08:00:06.603+00:00,2026-09-21T08:00:11.361+00:00,True,78,78.0,,78.0,100296.24464300001,105054.154659,105054.15467200002,1346.848136820513,45.773623,100296.24464300001,11349.32113758061,77.2820665,61.79103916883117,9.77283821746634,0.7424742053580241,16,64,,False,True,,507,59.56268577710819
67,2026-09-21T07:58:26.659+00:00,2026-09-21T08:00:08.707+00:00,2026-09-21T08:00:09.271+00:00,True,10,10.0,,10.0,102048.273292,102612.021388,102612.021392,10261.2021392,45.552983999999995,102048.273292,32250.691070877023,56160.481857700004,62.638677333333334,11.011541937335389,0.09745446844076551,16,64,,True,True,,30,59.56268577710819
68,2026-09-21T07:58:27.014+00:00,2026-09-21T08:00:10.635+00:00,2026-09-21T08:00:11.901+00:00,True,20,20.0,,20.0,103621.438655,104886.53151900001,104886.53149600001,5244.3265748,45.526634,103621.438655,23155.57135199319,5256.6065619500005,66.58383494736842,9.571051865073123,0.19068225167095962,16,64,,True,True,,160,59.56268577710819
69,2026-09-21T07:58:27.449+00:00,2026-09-21T08:00:12.778+00:00,2026-09-21T08:00:13.793+00:00,True,17,17.0,,17.0,105328.118129,106344.058737,106344.058848,6255.532873411765,40.950154000000005,105328.118129,25530.422630340065,21126.270695400002,63.496288,9.845103953348426,0.15985848388618287,16,64,,True,True,,102,59.56268577710819
70,2026-09-21T07:58:27.877+00:00,2026-09-21T08:00:15.327+00:00,2026-09-21T08:00:17.842+00:00,True,40,40.0,,40.0,107449.695697,109964.936145,109964.936167,2749.123404175,47.038965,107449.695697,16979.093669726175,76.5296965,64.49334482051282,9.046635675817482,0.3637523141672716,16,64,,True,True,,80,59.56268577710819
71,2026-09-21T07:58:28.147+00:00,2026-09-21T08:00:16.621+00:00,2026-09-21T08:00:20.522+00:00,True,62,62.0,,62.0,108473.53508300001,112374.38781900001,112374.38766800001,1812.4901236774194,47.055813,108473.53508300001,13768.03434732088,77.7657264,63.94840550819672,9.27200718133234,0.551727143553944,16,64,,True,True,,374,59.56268577710819
72,2026-09-21T07:58:28.598+00:00,2026-09-21T08:00:18.804+00:00,2026-09-21T08:00:24.428+00:00,True,91,91.0,,91.0,110205.886134,115830.41887,115830.418852,1272.8617456263737,43.528173,110205.886134,11546.168635632688,76.543536,62.49480817777778,9.587611646824838,0.7856312779299545,16,64,,True,True,,637,59.56268577710819
73,2026-09-21T07:58:28.965+00:00,2026-09-21T08:00:20.662+00:00,2026-09-21T08:00:22.210+00:00,True,26,26.0,,26.0,111697.373394,113244.720594,113244.72073799999,4355.566182230769,48.391764,111697.373394,21893.520862664238,76.64154825,61.893888,9.73737778924025,0.2295912768703281,16,64,,True,True,,104,59.56268577710819
74,2026-09-21T07:58:29.385+00:00,2026-09-21T08:00:22.690+00:00,2026-09-21T08:00:23.490+00:00,True,14,14.0,,14.0,113304.81706100001,114104.720037,114104.72015000001,8150.33715357143,46.973264,113304.81706100001,30265.542797491984,39705.324610100004,61.530998153846156,10.011351356344605,0.1226943109405142,16,64,,True,True,,42,59.56268577710819
75,2026-09-21T07:58:29.634+00:00,2026-09-21T08:00:23.888+00:00,2026-09-21T08:00:25.391+00:00,True,25,25.0,,25.0,114254.014914,115756.88621,115756.886255,4630.2754502,48.218714,114254.014914,22838.280962206743,79.61497999999999,62.61963733333334,9.534397192196897,0.2159698728820878,16,64,,True,True,,121,59.56268577710819
76,2026-09-21T07:58:30.063+00:00,2026-09-21T08:00:26.333+00:00,2026-09-21T08:00:27.295+00:00,True,16,16.0,,16.0,116270.320311,117232.192183,117232.192142,7327.012008875,53.315134,116270.320311,29051.5496937437,29123.6838615,64.12479146666666,7.115019431352945,0.1364812830167325,16,64,,True,True,,23,59.56268577710819
77,2026-09-21T07:58:30.391+00:00,2026-09-21T08:00:27.936+00:00,2026-09-21T08:00:30.963+00:00,True,50,50.0,,50.0,117544.909186,120571.998594,120571.998621,2411.4399724200002,42.874353,117544.909186,16614.62628538217,74.77011045,61.77733485714286,9.105272402349165,0.4146899826083511,16,64,,True,True,,50,59.56268577710819
78,2026-09-21T07:58:30.658+00:00,2026-09-21T08:00:29.128+00:00,2026-09-21T08:00:33.504+00:00,True,70,70.0,,70.0,118470.034288,122846.368624,122846.368613,1754.948123042857,41.858623,118470.034288,14152.299930654675,78.52850655,63.425135304347826,9.66328990206201,0.569817413278624,16,64,,True,True,,70,59.56268577710819
79,2026-09-21T07:58:30.989+00:00,2026-09-21T08:00:31.038+00:00,2026-09-21T08:00:31.683+00:00,True,11,11.0,,11.0,120048.256305,120693.518641,120693.518652,10972.138059272727,52.007733,120048.256305,36176.45702894489,60064.12485,64.5262336,10.016360255187346,0.09113993960785284,16,64,,True,True,,6,59.56268577710819
80,2026-09-21T07:58:31.436+00:00,2026-09-21T08:00:33.187+00:00,2026-09-21T08:00:34.574+00:00,True,22,22.0,,22.0,121751.191978,123137.847722,123137.847811,5597.1749005,50.755154000000005,121751.191978,25943.364560331967,78.42688654999999,66.0312259047619,7.8081211859423,0.178661560251304,16,64,,True,True,,86,59.56268577710819
81,2026-09-21T07:58:31.869+00:00,2026-09-21T08:00:35.283+00:00,2026-09-21T08:00:39.132+00:00,True,63,63.0,,63.0,123413.940289,127263.207745,127263.20795400001,2020.050919904762,44.953024,123413.940289,15540.876113373795,77.81845799999999,62.08495896774193,9.921000245648951,0.4950370269326736,16,64,,True,True,,272,59.56268577710819
82,2026-09-21T07:58:32.188+00:00,2026-09-21T08:00:37.059+00:00,2026-09-21T08:00:39.819+00:00,True,45,45.0,,45.0,124870.879478,127631.01055,127631.010572,2836.2446793777776,42.920263,124870.879478,18605.303248010514,80.4972502,62.73025163636363,10.435984086926348,0.35257888977045315,16,64,,True,True,,63,59.56268577710819
83,2026-09-21T07:58:32.510+00:00,2026-09-21T08:00:38.728+00:00,2026-09-21T08:00:45.004+00:00,True,97,97.0,,97.0,126217.717217,132493.521377,132493.521354,1365.9125912783504,44.187503,126217.717217,12808.833592761526,78.519346,65.37296,9.782053399354684,0.7321112684747358,16,64,,True,True,,291,59.56268577710819
84,2026-09-21T07:58:33.428+00:00,2026-09-21T08:00:40.892+00:00,2026-09-21T08:00:41.160+00:00,True,5,5.0,,5.0,127464.344243,127732.555443,127732.555403,25546.5110806,52.382354,127464.344243,56973.80158477361,101987.2689296,67.0528,11.142172846330947,0.039144288491364476,16,64,,True,True,,11,59.56268577710819
85,2026-09-21T07:58:33.488+00:00,2026-09-21T08:00:42.857+00:00,2026-09-21T08:00:45.000+00:00,True,34,34.0,,34.0,129369.002853,131512.510053,131512.510063,3868.015001852941,43.901633000000004,129369.002853,22175.463610743624,76.98374965000001,64.95476363636364,10.279336744181327,0.2585305381693185,16,64,,True,True,,66,59.56268577710819
86,2026-09-21T07:58:33.736+00:00,2026-09-21T08:00:45.427+00:00,2026-09-21T08:00:45.807+00:00,True,7,7.0,,7.0,131691.115898,132071.13279399998,132071.13285599998,18867.304693714283,54.309564,131691.115898,49750.62530613614,92207.2590284,63.33614933333334,10.38924076580911,0.0530017411974376,16,64,,True,True,,19,59.56268577710819
87,2026-09-21T07:58:34.106+00:00,2026-09-21T08:00:47.581+00:00,2026-09-21T08:00:50.323+00:00,True,44,44.0,,44.0,133475.12237,136217.426882,136217.427004,3095.8506137272725,50.135934,133475.12237,20112.518961647536,79.0368405,63.77452353488372,7.928826808229334,0.32301300213309364,16,64,,True,True,,287,59.56268577710819
88,2026-09-21T07:58:34.457+00:00,2026-09-21T08:00:49.405+00:00,2026-09-21T08:00:50.447+00:00,True,17,17.0,,17.0,134947.37995899998,135989.347063,135989.34692599997,7999.373348588234,54.484934,134947.37995899998,32713.753170251675,27051.8422846,65.122944,6.769967255044,0.1250097920694066,16,64,,True,True,,74,59.56268577710819
89,2026-09-21T07:58:34.876+00:00,2026-09-21T08:00:51.580+00:00,2026-09-21T08:00:57.219+00:00,True,91,91.0,,91.0,136704.007967,142343.36899100002,142343.36896700002,1564.212845791209,42.415233,136704.007967,14323.908656040734,77.9417105,62.65956693333333,9.772090666645038,0.6392991865027001,16,64,,True,True,,182,59.56268577710819
90,2026-09-21T07:58:35.204+00:00,2026-09-21T08:00:53.313+00:00,2026-09-21T08:00:54.515+00:00,True,19,19.0,,19.0,138108.398632,139311.313448,139311.313262,7332.174382210526,51.600724,138108.398632,31668.90909323369,13882.030183599998,66.82860088888889,8.179075992855807,0.13638519033195412,16,64,,True,True,,100,59.56268577710819
91,2026-09-21T07:58:35.653+00:00,2026-09-21T08:00:55.743+00:00,2026-09-21T08:00:58.820+00:00,True,50,50.0,,50.0,140090.379096,143167.176024,143167.17614499998,2863.3435228999997,43.914653,140090.379096,19802.89361762978,76.90147105,62.79177404081633,9.660493261890725,0.34924206363907184,16,64,,True,True,,200,59.56268577710819
92,2026-09-21T07:58:36.017+00:00,2026-09-21T08:00:57.507+00:00,2026-09-21T08:01:00.944+00:00,True,55,55.0,,55.0,141490.015989,144927.345653,144927.345715,2635.0426493636364,41.849292999999996,141490.015989,19069.92954123519,78.11627170000001,63.65425303703704,10.459294276930684,0.3795004990409931,16,64,,True,True,,110,59.56268577710819
93,2026-09-21T07:58:36.318+00:00,2026-09-21T08:00:59.202+00:00,2026-09-21T08:01:01.325+00:00,True,34,34.0,,34.0,142884.18561500002,145006.86209500002,145006.86203200003,4264.90770682353,45.525963000000004,142884.18561500002,24493.406912859595,81.3702955,64.3235296969697,11.536776765505998,0.23447166229778274,16,64,,True,True,,466,59.56268577710819
94,2026-09-21T07:58:36.737+00:00,2026-09-21T08:01:01.202+00:00,2026-09-21T08:01:03.468+00:00,True,36,36.0,,36.0,144465.10296000002,146731.26462400003,146731.26450800002,4075.868458555556,44.068354,144465.10296000002,24066.72807652963,79.00946025,64.74747611428572,10.350130796584507,0.2453464848970686,16,64,,True,True,,114,59.56268577710819
95,2026-09-21T07:58:37.093+00:00,2026-09-21T08:01:03.065+00:00,2026-09-21T08:01:03.198+00:00,True,3,3.0,,3.0,145971.714591,146104.565535,146104.565671,48701.52189033333,58.278014000000006,145971.714591,84238.45830379851,131382.00043850002,66.425472,11.522423793374031,0.020533239252412933,16,64,,True,True,,9,59.56268577710819
96,2026-09-21T07:58:37.493+00:00,2026-09-21T08:01:05.084+00:00,2026-09-21T08:01:07.884+00:00,True,46,46.0,,46.0,147591.070719,150391.83871900002,150391.83866900002,3269.3877971521742,41.707223,147591.070719,21751.9416755315,79.046524,62.239288888888886,9.848692619122081,0.30586766138253557,16,64,,True,True,,94,59.56268577710819
97,2026-09-21T07:58:37.926+00:00,2026-09-21T08:01:07.757+00:00,2026-09-21T08:01:08.070+00:00,True,6,6.0,,6.0,149831.521632,150144.334688,150144.334656,25024.055775999997,48.548854,149831.521632,61142.922220049004,112391.83262475,62.562611200000006,10.582473748024855,0.039961547749823544,16,64,,True,True,,24,59.56268577710819
98,2026-09-21T07:58:38.179+00:00,2026-09-21T08:01:09.116+00:00,2026-09-21T08:01:11.715+00:00,True,42,42.0,,42.0,150937.533748,153536.342836,153536.342851,3655.627210738095,46.210423999999996,150937.533748,23280.38832282062,76.67542205,63.38558751219512,9.368412534143028,0.27355086896176983,16,64,,True,True,,157,59.56268577710819
99,2026-09-21T07:58:38.440+00:00,2026-09-21T08:01:10.505+00:00,2026-09-21T08:01:14.378+00:00,True,61,61.0,,61.0,152064.523194,155937.700026,155937.69990200002,2556.355736098361,47.361822999999994,152064.523194,19461.6045335382,78.940645,64.5529472,10.131038954299651,0.39118186294801877,16,64,,True,True,,125,59.56268577710819
100,2026-09-21T07:58:38.816+00:00,2026-09-21T08:01:12.741+00:00,2026-09-21T08:01:18.637+00:00,True,93,93.0,,93.0,153925.373861,159821.286309,159821.286459,1718.5084565483871,42.390404000000004,153925.373861,15954.675800716755,77.850641,64.08600486956522,10.597498251066739,0.581899959309506,16,64,,True,True,,925,59.56268577710819
101,2026-09-21T07:58:39.137+00:00,2026-09-21T08:01:14.576+00:00,2026-09-21T08:01:15.873+00:00,True,22,22.0,,22.0,155438.88416400002,156735.692356,156735.69236900003,7124.349653136364,44.139373,155438.88416400002,33126.517303765475,79.82121695000002,61.75277104761904,10.502654787236827,0.1403636891463785,16,64,,True,True,,23,59.56268577710819
102,2026-09-21T07:58:39.440+00:00,2026-09-21T08:01:16.093+00:00,2026-09-21T08:01:19.633+00:00,True,57,57.0,,57.0,156653.28354499998,160193.047769,160193.047788,2810.4043471578943,42.18439299999999,156653.28354499998,20740.864274708616,79.05675319999999,63.21007542857143,9.992682594532736,0.35582068506614956,16,64,,True,True,,189,59.56268577710819
103,2026-09-21T07:58:39.840+00:00,2026-09-21T08:01:18.033+00:00,2026-09-21T08:01:22.209+00:00,True,67,67.0,,67.0,158193.393457,162369.417521,162369.41753099998,2423.424142253731,44.232133999999995,158193.393457,19318.67204261348,77.9319776,63.273091878787874,11.03096963670083,0.41263928283375517,16,64,,True,True,,254,59.56268577710819
104,2026-09-21T07:58:40.250+00:00,2026-09-21T08:01:20.286+00:00,2026-09-21T08:01:26.538+00:00,True,100,100.0,,100.0,160035.565442,166287.47840199998,166287.478313,1662.87478313,43.941793,160035.565442,15997.244284766874,76.64129689999999,63.15063595959596,9.519980798007825,0.6013681905636334,16,64,,True,True,,549,59.56268577710819
105,2026-09-21T07:58:40.560+00:00,2026-09-21T08:01:22.072+00:00,2026-09-21T08:01:28.184+00:00,True,98,98.0,,98.0,161511.878389,167624.36811699998,167624.36820899998,1710.4527368265306,41.859602,161511.878389,16308.800896998586,77.8191557,63.01535802061856,9.804113829307711,0.5846405334789812,16,64,,True,True,,196,59.56268577710819
106,2026-09-21T07:58:40.940+00:00,2026-09-21T08:01:23.826+00:00,2026-09-21T08:01:25.549+00:00,True,28,28.0,,28.0,162885.780814,164608.63931,164608.639287,5878.879974535715,41.871162,162885.780814,30770.46149641081,77.3724218,63.809573925925925,8.827080699257841,0.17010042800529362,16,64,,True,True,,191,59.56268577710819
107,2026-09-21T07:58:41.329+00:00,2026-09-21T08:01:25.843+00:00,2026-09-21T08:01:27.634+00:00,True,30,30.0,,30.0,164513.530355,166304.644595,166304.64456,5543.488152,45.006442,164513.530355,30024.64929752746,79.48460915,61.76256,10.230961300664232,0.18039183495481256,16,64,,True,True,,150,59.56268577710819
108,2026-09-21T07:58:41.694+00:00,2026-09-21T08:01:27.570+00:00,2026-09-21T08:01:33.487+00:00,True,96,96.0,,96.0,165876.982219,171793.562827,171793.562848,1789.5162796666666,41.887083,165876.982219,16923.39468469283,76.2960065,62.279795873684215,9.220156145007829,0.5588102279284712,16,64,,True,True,,192,59.56268577710819
109,2026-09-21T07:58:41.996+00:00,2026-09-21T08:01:29.091+00:00,2026-09-21T08:01:34.343+00:00,True,85,85.0,,85.0,167094.123459,172346.445251,172346.445282,2027.6052386117647,42.663472,167094.123459,18117.12252392174,77.97563000000001,62.52764038095238,9.080241240631961,0.49319264970164395,16,64,,True,True,,593,59.56268577710819
110,2026-09-21T07:58:42.242+00:00,2026-09-21T08:01:30.344+00:00,2026-09-21T08:01:35.402+00:00,True,81,81.0,,81.0,168101.292702,173159.22371,173159.223944,2137.7681968395063,44.017652000000005,168101.292702,18670.89877952919,77.110714,63.2241376,9.270437450317855,0.4677775648593545,16,64,,True,True,,83,59.56268577710819
111,2026-09-21T07:58:42.555+00:00,2026-09-21T08:01:31.889+00:00,2026-09-21T08:01:35.643+00:00,True,60,60.0,,60.0,169333.83421200002,173088.40470800002,173088.40490400002,2884.8067484000003,42.191301,169333.83421200002,21852.690256344842,74.7824515,63.63678806779661,8.784496244969064,0.34664367091036485,16,64,,True,True,,110,59.56268577710819
112,2026-09-21T07:58:42.807+00:00,2026-09-21T08:01:33.486+00:00,2026-09-21T08:01:38.932+00:00,True,86,86.0,,86.0,170678.76574200002,176125.200302,176125.200497,2047.967447639535,43.739722,170678.76574200002,18397.857701002915,77.35589399999999,64.07570070588235,9.695868300267543,0.4882890117515081,16,64,,True,True,,172,59.56268577710819
114,2026-09-21T07:58:43.612+00:00,2026-09-21T08:01:35.769+00:00,2026-09-21T08:01:40.579+00:00,True,77,77.0,,77.0,172156.889762,176966.284194,176966.284043,2298.26342912987,43.11398200000001,172156.889762,19611.888849650524,76.942628,63.28150568421052,9.02120061444617,0.4351111306354178,16,64,,True,True,,308,59.56268577710819
113,2026-09-21T07:58:43.478+00:00,2026-09-21T08:01:36.833+00:00,2026-09-21T08:01:41.379+00:00,True,72,72.0,,72.0,173355.107524,177900.24826,177900.24836,2470.8367827777774,45.983473,173355.107524,20422.55304711344,76.75895845000001,64.01606670422535,9.25120097999935,0.40472118900459597,16,64,,True,True,,432,59.56268577710819
115,2026-09-21T07:58:43.836+00:00,2026-09-21T08:01:38.435+00:00,2026-09-21T08:01:43.346+00:00,True,80,80.0,,80.0,174598.95910299997,179509.99782299998,179509.99773799998,2243.874971725,42.923212,174598.95910299997,19513.80895331545,77.16711215,62.165047088607594,9.216605877809187,0.44565762893541677,16,64,,True,True,,162,59.56268577710819
116,2026-09-21T07:58:44.276+00:00,2026-09-21T08:01:40.466+00:00,2026-09-21T08:01:46.009+00:00,True,91,91.0,,91.0,176189.50889700002,181732.46620900003,181732.46614800004,1997.0600675604398,43.969322,176189.50889700002,18463.225369751974,75.64715,61.58841457777778,9.725851001318572,0.5007360649326474,16,64,,True,True,,461,59.56268577710819
117,2026-09-21T07:58:44.670+00:00,2026-09-21T08:01:42.572+00:00,2026-09-21T08:01:44.476+00:00,True,32,32.0,,32.0,177901.94529,179805.95143400002,179805.951213,5618.93597540625,42.408732,177901.94529,31438.061927796403,77.33099699999998,61.419553032258065,9.862016681805398,0.17796963751639774,16,64,,True,True,,71,59.56268577710819
118,2026-09-21T07:58:44.980+00:00,2026-09-21T08:01:44.061+00:00,2026-09-21T08:01:46.777+00:00,True,45,45.0,,45.0,179080.735769,181796.978969,181796.97908599998,4039.9328685777778,45.682063,179080.735769,26686.579036158644,75.7872384,61.7328,9.66301887983546,0.24752886574464694,16,64,,True,True,,135,59.56268577710819
119,2026-09-21T07:58:45.262+00:00,2026-09-21T08:01:45.439+00:00,2026-09-21T08:01:46.923+00:00,True,25,25.0,,25.0,180177.34287400002,181661.08738600003,181661.087384,7266.443495360001,42.092352,180177.34287400002,36023.1057039928,84.87296479999999,61.822688,11.194031545000273,0.1376189054009079,16,64,,True,True,,85,59.56268577710819
120,2026-09-21T07:58:45.698+00:00,2026-09-21T08:01:47.758+00:00,2026-09-21T08:01:53.082+00:00,True,85,85.0,,85.0,182060.621734,187383.95562199998,187383.955842,2204.517127552941,40.645143,182060.621734,19740.375141743654,77.586826,63.37302247619048,8.712289996834595,0.45361407660464875,16,64,,True,True,,255,59.56268577710819
121,2026-09-21T07:58:46.024+00:00,2026-09-21T08:01:49.502+00:00,2026-09-21T08:01:53.771+00:00,True,68,68.0,,68.0,183477.338064,187747.09780800002,187747.097806,2760.9867324411766,42.358013,183477.338064,22242.16938343225,78.72396450000001,63.72775737313433,9.681207478732041,0.3621893536247381,16,64,,True,True,,340,59.56268577710819
123,2026-09-21T07:58:46.771+00:00,2026-09-21T08:01:53.079+00:00,2026-09-21T08:01:53.200+00:00,True,3,3.0,,3.0,186307.82253099998,186428.556995,186428.556857,62142.85228566666,59.991913000000004,186307.82253099998,107530.01849325236,167683.1145192,60.367232,0.5305676737683893,0.016091955268851113,16,64,,True,True,,27,59.56268577710819
124,2026-09-21T07:58:47.116+00:00,2026-09-21T08:01:54.811+00:00,2026-09-21T08:02:00.060+00:00,True,83,83.0,,83.0,187695.805068,192944.17294,192944.17278199998,2324.6285877349396,47.084862,187695.805068,20595.26758129566,75.855517,64.00448624390243,8.758614558907622,0.43017624598494913,16,64,,True,True,,333,59.56268577710819
125,2026-09-21T07:58:47.386+00:00,2026-09-21T08:01:56.110+00:00,2026-09-21T08:01:59.665+00:00,True,57,57.0,,57.0,188723.83044999998,192279.13105799997,192279.13107299997,3373.3180889999994,45.508413,188723.83044999998,24988.67460106361,78.63577199999999,63.48751085714286,9.380705041845648,0.2964440274218124,16,64,,True,True,,118,59.56268577710819
122,2026-09-21T07:58:46.474+00:00,2026-09-21T08:01:56.534+00:00,2026-09-21T08:02:02.580+00:00,True,98,98.0,,98.0,190060.673968,196106.548912,196106.548935,2001.087234030612,43.660913,190060.673968,19192.733159003303,76.23520735,62.328607670103096,8.710858224989156,0.49972833923040527,16,64,,True,True,,392,59.56268577710819
126,2026-09-21T07:58:47.701+00:00,2026-09-21T08:01:58.092+00:00,2026-09-21T08:02:01.031+00:00,True,47,47.0,,47.0,190391.15828499998,193329.746445,193329.74653299997,4113.398862404255,44.039552,190391.15828499998,27762.08792524291,77.6928013,63.88235130434783,9.039414603767836,0.2431079586263821,16,64,,True,True,,97,59.56268577710819
127,2026-09-21T07:58:48.114+00:00,2026-09-21T08:01:59.941+00:00,2026-09-21T08:02:03.170+00:00,True,54,54.0,,54.0,191827.220401,195055.495857,195055.495836,3612.138811777778,46.604402,191827.220401,26096.09065911297,76.20448415,60.91085766037736,8.355852146290156,0.2768442886612574,16,64,,True,True,,294,59.56268577710819
128,2026-09-21T07:58:48.430+00:00,2026-09-21T08:02:01.878+00:00,2026-09-21T08:02:08.035+00:00,True,99,99.0,,99.0,193447.309263,199604.953807,199604.953966,2016.2116562222222,42.953233,193447.309263,19435.8729895004,76.03715999999999,62.833107591836736,8.518285648945824,0.495979674410907,16,64,,True,True,,264,59.56268577710819
129,2026-09-21T07:58:48.762+00:00,2026-09-21T08:02:03.862+00:00,2026-09-21T08:02:04.755+00:00,True,15,15.0,,15.0,195100.098647,195993.518935,195993.51873500002,13066.234582333334,47.430432,195100.098647,50358.152197462005,58581.76348890001,63.81573485714286,7.256283036918799,0.07653314294017373,16,64,,True,True,,60,59.56268577710819
130,2026-09-21T07:58:49.160+00:00,2026-09-21T08:02:05.734+00:00,2026-09-21T08:02:08.096+00:00,True,39,39.0,,39.0,196573.697207,198935.51173499998,198935.51175399998,5100.910557794871,46.849793,196573.697207,31467.03162533849,76.2608821,62.153013894736844,7.422550864010216,0.19604342965147176,16,64,,True,True,,337,59.56268577710819
131,2026-09-21T07:58:49.422+00:00,2026-09-21T08:02:07.356+00:00,2026-09-21T08:02:12.186+00:00,True,77,77.0,,77.0,197933.910676,202764.05314,202764.053127,2633.2993912597403,43.644732000000005,197933.910676,22549.42140747896,76.568404,63.55450610526316,8.427395956388382,0.37975173018875663,16,64,,True,True,,385,59.56268577710819
132,2026-09-21T07:58:49.727+00:00,2026-09-21T08:02:08.981+00:00,2026-09-21T08:02:12.256+00:00,True,53,53.0,,53.0,199253.69966299998,202528.75425499998,202528.75442999997,3821.297253396226,43.967422,199253.69966299998,27360.950564863302,75.0951796,62.98181907692308,8.280614444947773,0.26169123586900034,16,64,,True,True,,209,59.56268577710819
133,2026-09-21T07:58:50.176+00:00,2026-09-21T08:02:11.544+00:00,2026-09-21T08:02:17.409+00:00,True,93,93.0,,93.0,201368.114425,207233.59794500002,207233.597902,2228.318257010753,42.443881000000005,201368.114425,20874.291884931336,78.0766824,63.755255652173915,9.734587224230841,0.44876892995257595,16,64,,True,True,,279,59.56268577710819
134,2026-09-21T07:58:50.515+00:00,2026-09-21T08:02:13.413+00:00,2026-09-21T08:02:13.648+00:00,True,5,5.0,,5.0,202897.641491,203132.904211,203132.90410299998,40626.5808206,42.059801,202897.641491,90712.28158821145,162333.72994579998,58.81568,15.382733798649966,0.02461442679324053,16,64,,True,True,,45,59.56268577710819
135,2026-09-21T07:58:50.774+00:00,2026-09-21T08:02:14.824+00:00,2026-09-21T08:02:16.270+00:00,True,23,23.0,,23.0,204050.17457,205496.585066,205496.585009,8934.634130826087,47.997123,204050.17457,42533.69468834274,78.2588709,65.74593163636364,9.781098133167037,0.11192400103686889,16,64,,True,True,,23,59.56268577710819
136,2026-09-21T07:58:51.053+00:00,2026-09-21T08:02:16.461+00:00,2026-09-21T08:02:18.107+00:00,True,27,27.0,,27.0,205407.62412999998,207053.84083399997,207053.84076899997,7668.6607692222215,48.354243000000004,205407.62412999998,39518.53156922482,80.5853413,63.31602707692308,9.285022726635514,0.13040086525922767,16,64,,True,True,,241,59.56268577710819
137,2026-09-21T07:58:51.337+00:00,2026-09-21T08:02:17.994+00:00,2026-09-21T08:02:20.936+00:00,True,48,48.0,,48.0,206657.437544,209598.89187999998,209598.89169299998,4366.643576937499,41.689313,206657.437544,29819.40029921664,76.75649694999998,62.58413480851064,10.301106025213205,0.22900884431908672,16,64,,True,True,,474,59.56268577710819
138,2026-09-21T07:58:51.785+00:00,2026-09-21T08:02:20.233+00:00,2026-09-21T08:02:26.112+00:00,True,95,95.0,,95.0,208447.780098,214327.190786,214327.190726,2256.0756918526313,39.993212,208447.780098,21379.87624191866,76.8149543,62.546922212765956,10.245144557749972,0.4432475396687067,16,64,,True,True,,189,59.56268577710819
139,2026-09-21T07:58:52.174+00:00,2026-09-21T08:02:22.468+00:00,2026-09-21T08:02:25.350+00:00,True,48,48.0,,48.0,210294.91521900002,213176.095123,213176.095085,4441.168647604167,43.083263,210294.91521900002,30344.60981190679,76.373701,61.30170008510638,9.554944230698084,0.22516595949608978,16,64,,True,True,,144,59.56268577710819
140,2026-09-21T07:58:52.603+00:00,2026-09-21T08:02:24.729+00:00,2026-09-21T08:02:26.439+00:00,True,28,28.0,,28.0,212126.022696,213835.821608,213835.821589,7636.993628178571,41.250723,212126.022696,40076.08440857246,80.31746234999999,63.325885629629624,11.84632970210261,0.13094157840087756,16,64,,True,True,,182,59.56268577710819
142,2026-09-21T07:58:53.667+00:00,2026-09-21T08:02:25.946+00:00,2026-09-21T08:02:27.439+00:00,True,26,26.0,,26.0,212278.410592,213771.994208,213771.994189,8221.9997765,45.184681,212278.410592,41619.50603987271,79.11499325,59.743344640000004,10.263922837180964,0.12162491207665874,16,64,,True,True,,122,59.56268577710819
141,2026-09-21T07:58:53.625+00:00,2026-09-21T08:02:26.169+00:00,2026-09-21T08:02:27.797+00:00,True,28,28.0,,28.0,212543.693928,214172.173416,214172.173326,7649.006190214285,44.625422,212543.693928,40155.58515139239,76.70840085,60.31405511111111,8.180083092644086,0.13073593806985304,16,64,,True,True,,56,59.56268577710819
143,2026-09-21T07:58:53.739+00:00,2026-09-21T08:02:28.489+00:00,2026-09-21T08:02:30.616+00:00,True,35,35.0,,35.0,214750.38881799998,216877.680978,216877.68107299999,6196.505173514285,44.693751,214750.38881799998,36288.86629831286,76.20673270000002,62.567416470588235,9.311936665333496,0.16138129032996432,16,64,,True,True,,105,59.56268577710819
144,2026-09-21T07:58:53.896+00:00,2026-09-21T08:02:31.179+00:00,2026-09-21T08:02:35.697+00:00,True,71,71.0,,71.0,217282.75632699998,221800.35965499998,221800.35957399997,3123.948726394366,44.011812,217282.75632699998,25779.06157482739,78.1050025,64.5371904,9.553701505595443,0.3201076865269162,16,64,,True,True,,497,59.56268577710819
145,2026-09-21T07:58:54.266+00:00,2026-09-21T08:02:33.315+00:00,2026-09-21T08:02:37.642+00:00,True,68,68.0,,68.0,219049.18808199998,223375.97694599998,223375.97713299998,3284.940840191176,44.165551,219049.18808199998,26555.786578501866,80.2215433,64.57893826865671,10.520534871078526,0.30441948561209276,16,64,,True,True,,442,59.56268577710819
146,2026-09-21T07:58:54.708+00:00,2026-09-21T08:02:35.878+00:00,2026-09-21T08:02:37.180+00:00,True,21,21.0,,21.0,221169.780417,222471.90752100002,222471.907522,10593.900358190476,46.321271,221169.780417,48248.9972293023,109.096463,65.1063552,13.272470562038029,0.09439394049344287,16,64,,True,True,,72,59.56268577710819
147,2026-09-21T07:58:55.113+00:00,2026-09-21T08:02:37.587+00:00,2026-09-21T08:02:40.619+00:00,True,50,50.0,,50.0,222474.179775,225505.849023,225505.848941,4510.1169788199995,44.457141,222474.179775,31453.851540071566,75.6400785,61.87080097959184,8.634118082194867,0.2217237389478991,16,64,,True,True,,150,59.56268577710819
148,2026-09-21T07:58:55.409+00:00,2026-09-21T08:02:38.994+00:00,2026-09-21T08:02:44.798+00:00,True,92,92.0,,92.0,223585.194733,229388.640493,229388.640327,2493.3547861630436,42.803571000000005,223585.194733,23303.721074435383,79.99511000000001,63.77412923076923,9.83139558200745,0.4010660676233767,16,64,,True,True,,544,59.56268577710819
149,2026-09-21T07:58:55.730+00:00,2026-09-21T08:02:40.553+00:00,2026-09-21T08:02:40.553+00:00,True,1,1.0,,1.0,224822.965944,224822.965944,224822.965944,224822.965944,224822.965944,224822.965944,nan,224822.965944,nan,nan,0.004447944167096723,16,64,,True,True,,4,59.56268577710819
150,2026-09-21T07:58:56.166+00:00,2026-09-21T08:02:43.027+00:00,2026-09-21T08:02:43.076+00:00,True,2,2.0,,2.0,226861.027555,226910.69437100002,226910.694477,113455.3472385,49.666922,226861.027555,160379.85115374185,215520.45952335,49.666816,nan,0.008814040279344395,16,64,,True,True,,2,59.56268577710819
151,2026-09-21T07:58:56.425+00:00,2026-09-21T08:02:44.306+00:00,2026-09-21T08:02:44.896+00:00,True,11,11.0,,11.0,227880.783414,228471.04671,228471.046664,20770.095151272726,44.780952,227880.783414,68690.84474699307,113977.4915185,59.026329600000004,8.223483596214754,0.048146144373218465,16,64,,True,True,,47,59.56268577710819
152,2026-09-21T07:58:56.772+00:00,2026-09-21T08:02:46.282+00:00,2026-09-21T08:02:47.340+00:00,True,17,17.0,,17.0,229510.789136,230568.382736,230568.382663,13562.846039,48.411201,229510.789136,55648.51193174735,45964.6161328,66.0996,9.390336813514681,0.07373083767285188,16,64,,True,True,,79,59.56268577710819
153,2026-09-21T07:58:57.109+00:00,2026-09-21T08:02:47.779+00:00,2026-09-21T08:02:49.595+00:00,True,30,30.0,,30.0,230670.16087400002,232486.19082600003,232486.19086700003,7749.539695566667,47.941812,230670.16087400002,42102.9846082882,80.75620495,62.62172248275862,8.86218044602597,0.12903992229995692,16,64,,True,True,,60,59.56268577710819
154,2026-09-21T07:58:57.411+00:00,2026-09-21T08:02:49.460+00:00,2026-09-21T08:02:51.615+00:00,True,36,36.0,,36.0,232049.121312,234204.13008,234204.129917,6505.670275472222,41.875471,232049.121312,38664.59284216601,76.613948,61.57167908571429,9.918812786343764,0.15371206300974724,16,64,,True,True,,107,59.56268577710819
155,2026-09-21T07:58:57.666+00:00,2026-09-21T08:02:50.840+00:00,2026-09-21T08:02:51.970+00:00,True,20,20.0,,20.0,233174.367283,234303.856947,234303.857072,11715.1928536,43.842631000000004,233174.367283,52126.08135176832,11728.6994995,59.44682442105263,7.281124180187671,0.08535924359334827,16,64,,True,True,,99,59.56268577710819
156,2026-09-21T07:58:58.041+00:00,2026-09-21T08:02:53.035+00:00,2026-09-21T08:02:57.653+00:00,True,75,75.0,,75.0,234993.837531,239611.444443,239611.444423,3194.8192589733335,43.758162,234993.837531,27127.547471165253,76.95821330000001,62.4000934054054,9.788118310830903,0.3130067521371726,16,64,,True,True,,225,59.56268577710819
157,2026-09-21T07:58:58.395+00:00,2026-09-21T08:02:54.719+00:00,2026-09-21T08:02:59.377+00:00,True,75,75.0,,75.0,236324.277924,240981.863076,240981.863147,3213.0915086266664,42.285651,236324.277924,27281.110913275414,76.58744300000001,62.94033989189189,9.237287606740452,0.3112267414761698,16,64,,True,True,,263,59.56268577710819
158,2026-09-21T07:58:58.845+00:00,2026-09-21T08:02:57.387+00:00,2026-09-21T08:02:58.067+00:00,True,11,11.0,,11.0,238542.55084,239222.49938400002,239222.49959400002,21747.49996309091,54.512532,238542.55084,71902.78421632323,119308.254811,67.99485440000001,5.650983466238917,0.04598229693413075,16,64,,True,True,,41,59.56268577710819
159,2026-09-21T07:58:59.199+00:00,2026-09-21T08:02:59.129+00:00,2026-09-21T08:03:03.207+00:00,True,66,66.0,,66.0,239930.436284,244008.358332,244008.358377,3697.0963390454544,43.030011,239930.436284,29525.6743344678,77.3606355,62.737262276923076,9.869610341928652,0.2704825377752011,16,64,,True,True,,135,59.56268577710819
160,2026-09-21T07:58:59.523+00:00,2026-09-21T08:03:00.615+00:00,2026-09-21T08:03:05.336+00:00,True,75,75.0,,75.0,241091.997843,245812.53339499998,245812.533458,3277.5004461066665,41.215192,241091.997843,27831.54171049994,79.456869,63.79102097297297,9.772125413477974,0.3051105611424676,16,64,,True,True,,225,59.56268577710819
161,2026-09-21T07:58:59.820+00:00,2026-09-21T08:03:02.295+00:00,2026-09-21T08:03:03.903+00:00,True,26,26.0,,26.0,242474.72935100002,244083.08109500003,244083.081207,9387.810815653847,46.629832,242474.72935100002,47540.59070074263,79.44167525,64.33406975999999,9.238461889508525,0.10652110700733285,16,64,,True,True,,77,59.56268577710819
162,2026-09-21T07:59:00.208+00:00,2026-09-21T08:03:04.258+00:00,2026-09-21T08:03:07.357+00:00,True,49,49.0,,49.0,244049.80891999998,247148.78415199998,247148.784009,5043.852734877551,41.496042,244049.80891999998,34855.03667628537,77.85295900000001,64.561984,9.981005247971677,0.19826114123168945,16,64,,True,True,,147,59.56268577710819
163,2026-09-21T07:59:00.554+00:00,2026-09-21T08:03:05.995+00:00,2026-09-21T08:03:11.817+00:00,True,92,92.0,,92.0,245441.884475,251263.531579,251263.531719,2731.125344771739,43.007742,245441.884475,25582.417490024185,77.58572900000001,63.974144,9.8949326844587,0.3661494345074673,16,64,,True,True,,372,59.56268577710819
164,2026-09-21T07:59:00.987+00:00,2026-09-21T08:03:08.574+00:00,2026-09-21T08:03:10.808+00:00,True,36,36.0,,36.0,247586.99154,249821.14910799998,249821.148969,6939.47636025,46.247702,247586.99154,41253.86083719538,77.3732705,63.83307337142857,9.631010816225041,0.14410309186608083,16,64,,True,True,,314,59.56268577710819
165,2026-09-21T07:59:01.258+00:00,2026-09-21T08:03:08.644+00:00,2026-09-21T08:03:11.872+00:00,True,52,52.0,,52.0,247385.821264,250613.515856,250613.515677,4819.490686096154,45.038481,247385.821264,34297.46560165419,78.11252700000001,63.28812925490196,9.109287210203583,0.20749080440609066,16,64,,True,True,,104,59.56268577710819
166,2026-09-21T07:59:01.511+00:00,2026-09-21T08:03:09.935+00:00,2026-09-21T08:03:14.360+00:00,True,71,71.0,,71.0,248423.971733,252849.14370100002,252849.143818,3561.2555467323946,43.623081,248423.971733,29475.000619196682,78.971213,63.2167424,10.246581169331154,0.28079984357771504,16,64,,True,True,,221,59.56268577710819
167,2026-09-21T07:59:01.935+00:00,2026-09-21T08:03:12.173+00:00,2026-09-21T08:03:12.844+00:00,True,12,12.0,,12.0,250237.23884799998,250908.8784,250908.878381,20909.073198416663,45.591930999999995,250237.23884799998,72219.64352984949,112648.80246975,61.058141090909096,11.900502450913923,0.0478261274631723,16,64,,True,True,,83,59.56268577710819
168,2026-09-21T07:59:02.231+00:00,2026-09-21T08:03:14.710+00:00,2026-09-21T08:03:19.046+00:00,True,71,71.0,,71.0,252478.522185,256815.16244100002,256815.162417,3617.1149636197183,43.706790999999996,252478.522185,29956.33689340624,76.6406225,61.95200365714285,8.963347629211944,0.276463427334869,16,64,,True,True,,423,59.56268577710819
169,2026-09-21T07:59:02.596+00:00,2026-09-21T08:03:16.449+00:00,2026-09-21T08:03:22.109+00:00,True,91,91.0,,91.0,253853.02490000002,259513.27757200002,259513.277658,2851.794259978022,41.878601,253853.02490000002,26604.43703829489,78.59275799999999,62.89169635555556,10.889151946162663,0.35065643211551184,16,64,,True,True,,455,59.56268577710819
170,2026-09-21T07:59:03.014+00:00,2026-09-21T08:03:18.999+00:00,2026-09-21T08:03:23.745+00:00,True,75,75.0,,75.0,255985.16551499997,260731.72218699998,260731.72219199996,3476.4229625599996,46.873922,255985.16551499997,29551.21630026802,76.33146270000002,64.14265772972972,10.981091250956453,0.2876519948202125,16,64,,True,True,,450,59.56268577710819
171,2026-09-21T07:59:03.265+00:00,2026-09-21T08:03:20.608+00:00,2026-09-21T08:03:26.507+00:00,True,93,93.0,,93.0,257343.125386,263241.703562,263241.703602,2830.5559527096775,44.069122,257343.125386,26678.59258986676,78.61152259999999,64.11498017391305,10.397303256131872,0.35328748728484116,16,64,,True,True,,186,59.56268577710819
172,2026-09-21T07:59:03.594+00:00,2026-09-21T08:03:22.186+00:00,2026-09-21T08:03:23.310+00:00,True,18,18.0,,18.0,258592.26870699998,259715.98557099997,259715.98562599998,14428.66586811111,45.749872,258592.26870699998,60935.20297625851,38857.227696099995,66.100992,10.645520354354503,0.06930647707504797,16,64,,True,True,,168,59.56268577710819
173,2026-09-21T07:59:04.036+00:00,2026-09-21T08:03:23.985+00:00,2026-09-21T08:03:26.507+00:00,True,41,41.0,,41.0,259949.16950400002,262471.138656,262471.13861200004,6401.735088097562,44.289372,259949.16950400002,40587.39404440811,74.565343,63.049228799999995,9.024582293635873,0.15620765090570748,16,64,,True,True,,64,59.56268577710819
174,2026-09-21T07:59:04.432+00:00,2026-09-21T08:03:26.383+00:00,2026-09-21T08:03:32.043+00:00,True,90,90.0,,90.0,261951.10043700002,267611.601173,267611.601271,2973.4622363444446,42.548632,261951.10043700002,27605.368202781137,77.97784395,63.60113186516854,10.350314853160791,0.3363082900947133,16,64,,True,True,,537,59.56268577710819
175,2026-09-21T07:59:04.721+00:00,2026-09-21T08:03:27.940+00:00,2026-09-21T08:03:32.469+00:00,True,72,72.0,,72.0,263219.192552,267748.23268,267748.23276,3718.725455,41.914961000000005,263219.192552,31013.163176540394,78.55678005,63.78929757746479,9.667241661475142,0.26890933799757694,16,64,,True,True,,72,59.56268577710819
176,2026-09-21T07:59:05.565+00:00,2026-09-21T08:03:28.012+00:00,2026-09-21T08:03:33.873+00:00,True,93,93.0,,93.0,262447.161906,268308.632882,268308.632851,2885.0390629139783,40.933581,262447.161906,27207.898040215943,76.5635684,63.71164104347826,9.665150498994125,0.34661575738750333,16,64,,True,True,,650,59.56268577710819
177,2026-09-21T07:59:05.575+00:00,2026-09-21T08:03:30.854+00:00,2026-09-21T08:03:31.048+00:00,True,4,4.0,,4.0,265279.221816,265473.643064,265473.643011,66368.41075275,56.032391000000004,265279.221816,132607.20757561186,225498.41906654998,64.80708266666666,8.922281126213708,0.01506740915532502,16,64,,True,True,,23,59.56268577710819
178,2026-09-21T07:59:05.786+00:00,2026-09-21T08:03:31.178+00:00,2026-09-21T08:03:33.739+00:00,True,41,41.0,,41.0,265391.75176199997,267952.657234,267952.657165,6535.430662560975,46.086191,265391.75176199997,41437.230705996764,80.302261,64.0226368,9.734720441073978,0.15301210453828482,16,64,,True,True,,246,59.56268577710819
179,2026-09-21T07:59:06.158+00:00,2026-09-21T08:03:35.745+00:00,2026-09-21T08:03:39.996+00:00,True,67,67.0,,67.0,269587.246569,273838.051817,273838.05197800003,4087.135104149254,41.094561,269587.246569,32927.457005305565,78.780015,64.40614012121212,9.497891151587119,0.24467016017472487,16,64,,True,True,,134,59.56268577710819
180,2026-09-21T07:59:06.495+00:00,2026-09-21T08:03:37.426+00:00,2026-09-21T08:03:42.313+00:00,True,77,77.0,,77.0,270931.112209,275817.941521,275817.94148,3582.051188051948,43.652791,270931.112209,30868.139775660966,79.5868238,64.30038568421053,10.482412302268703,0.2791696565327946,16,64,,True,True,,1001,59.56268577710819
181,2026-09-21T07:59:06.877+00:00,2026-09-21T08:03:39.214+00:00,2026-09-21T08:03:39.990+00:00,True,13,13.0,,13.0,272336.838537,273113.305993,273113.306163,21008.715858692307,42.241421,272336.838537,75514.70331159246,108979.12659000001,64.70562133333334,9.415225569313002,0.04759929199616952,16,64,,True,True,,26,59.56268577710819
182,2026-09-21T07:59:07.312+00:00,2026-09-21T08:03:41.597+00:00,2026-09-21T08:03:47.834+00:00,True,99,99.0,,99.0,274284.713492,280521.502228,280521.50225200003,2833.55052779798,41.690231,274284.713492,27560.256454574654,76.67202689999999,63.6407013877551,9.629358326159892,0.35291412320876414,16,64,,True,True,,297,59.56268577710819
183,2026-09-21T07:59:07.566+00:00,2026-09-21T08:03:42.855+00:00,2026-09-21T08:03:45.027+00:00,True,35,35.0,,35.0,275289.116722,277460.96824200003,277460.968147,7927.456232771428,48.216961000000005,275289.116722,46521.55733411849,78.173866,63.87798588235294,9.928710677868482,0.12614386888995924,16,64,,True,True,,315,59.56268577710819
184,2026-09-21T07:59:07.947+00:00,2026-09-21T08:03:45.079+00:00,2026-09-21T08:03:48.892+00:00,True,61,61.0,,61.0,277132.417628,280944.84873200004,280944.84873800003,4605.653258,45.35891,277132.417628,35475.03577016759,76.878231,63.540518399999996,9.376704201737937,0.21712446508741418,16,64,,True,True,,268,59.56268577710819
185,2026-09-21T07:59:08.206+00:00,2026-09-21T08:03:46.183+00:00,2026-09-21T08:03:48.971+00:00,True,45,45.0,,45.0,277977.199085,280764.94026899996,280764.940083,6239.220890733332,40.86701,277977.199085,41428.950506842244,79.1907452,63.35775418181818,9.654179792455821,0.16027642182419802,16,64,,True,True,,180,59.56268577710819
186,2026-09-21T07:59:08.487+00:00,2026-09-21T08:03:47.755+00:00,2026-09-21T08:03:53.144+00:00,True,85,85.0,,85.0,279267.779339,284657.169675,284657.169631,3348.9078780117648,44.990610999999994,279267.779339,30283.88588184843,78.4902038,64.15940876190476,9.04186301476466,0.2986048097683489,16,64,,True,True,,255,59.56268577710819
187,2026-09-21T07:59:08.807+00:00,2026-09-21T08:03:49.310+00:00,2026-09-21T08:03:49.693+00:00,True,8,8.0,,8.0,280503.25314700004,280886.23938700004,280886.23943600006,35110.77992950001,48.794871,280503.25314700004,99153.5325854805,182348.64767675,54.71232,4.604339428993769,0.02848128130968261,16,64,,True,True,,32,59.56268577710819
188,2026-09-21T07:59:09.073+00:00,2026-09-21T08:03:50.845+00:00,2026-09-21T08:03:54.576+00:00,True,59,59.0,,59.0,281771.74569199997,285502.97974,285502.9798,4839.033555932203,46.675091,281771.74569199997,36675.18269767886,76.925993,64.33162151724139,9.638740117973992,0.20665283442480964,16,64,,True,True,,238,59.56268577710819
189,2026-09-21T07:59:09.365+00:00,2026-09-21T08:03:52.325+00:00,2026-09-21T08:03:55.710+00:00,True,54,54.0,,54.0,282960.591253,286345.60731700005,286345.60729400004,5302.696431370371,46.191991,282960.591253,38497.36899320252,76.730071,63.86822762264151,9.467395981532093,0.18858330150746502,16,64,,True,True,,270,59.56268577710819
190,2026-09-21T07:59:09.708+00:00,2026-09-21T08:03:53.893+00:00,2026-09-21T08:03:59.715+00:00,True,94,94.0,,94.0,284185.06861,290007.33549,290007.335532,3085.1844205531916,41.833551,284185.06861,29304.995958425334,77.30515,62.60502021505377,9.139541513986762,0.32412973223996705,16,64,,True,True,,94,59.56268577710819
192,2026-09-21T07:59:10.479+00:00,2026-09-21T08:03:55.830+00:00,2026-09-21T08:04:00.205+00:00,True,70,70.0,,70.0,285350.505321,289725.292137,289725.292182,4138.932745457143,42.564921000000005,285350.505321,34098.332029971934,77.101698,63.402707478260865,9.623281893980584,0.24160817815967436,16,64,,True,True,,140,59.56268577710819
193,2026-09-21T07:59:10.912+00:00,2026-09-21T08:03:58.222+00:00,2026-09-21T08:04:03.104+00:00,True,76,76.0,,76.0,287309.639486,292191.444286,292191.444088,3844.6242643157893,50.067471,287309.639486,32949.21048039636,77.158567,65.09073066666666,8.18708729097024,0.26010344069352836,16,64,,True,True,,76,59.56268577710819
191,2026-09-21T07:59:10.018+00:00,2026-09-21T08:03:59.368+00:00,2026-09-21T08:04:01.053+00:00,True,27,27.0,,27.0,289349.128183,291034.46245500003,291034.462588,10779.054169925927,40.315411,289349.128183,55672.79202991759,79.7886583,64.82054892307691,11.127557264070136,0.09277251832048845,16,64,,True,True,,54,59.56268577710819
194,2026-09-21T07:59:11.209+00:00,2026-09-21T08:04:01.001+00:00,2026-09-21T08:04:02.721+00:00,True,28,28.0,,28.0,289791.573643,291511.954315,291511.95448899997,10411.14123175,45.818470999999995,289791.573643,54753.4187246996,73.71501165000001,63.717802666666664,7.919486400244517,0.09605094949123065,16,64,,True,True,,168,59.56268577710819
195,2026-09-21T07:59:11.522+00:00,2026-09-21T08:04:03.235+00:00,2026-09-21T08:04:04.538+00:00,True,22,22.0,,22.0,291713.46123799996,293016.644086,293016.64400499995,13318.938363863634,47.492781,291713.46123799996,62180.289128638025,78.16163549999999,62.0563260952381,9.384719915443114,0.07508105919588319,16,64,,True,True,,66,59.56268577710819
196,2026-09-21T07:59:11.959+00:00,2026-09-21T08:04:05.709+00:00,2026-09-21T08:04:06.314+00:00,True,11,11.0,,11.0,293750.005657,294354.796697,294354.79661900003,26759.526965363635,45.327171,293750.005657,88550.72472492028,146914.740809,60.479104,11.594551865524275,0.0373698683474252,16,64,,True,True,,66,59.56268577710819
197,2026-09-21T07:59:12.382+00:00,2026-09-21T08:04:08.035+00:00,2026-09-21T08:04:09.544+00:00,True,25,25.0,,25.0,295652.295338,297161.930154,297161.93033,11886.4772132,46.938790999999995,295652.295338,59117.87920369501,77.368977,62.90145066666666,7.2641278717734385,0.08412921529700693,16,64,,True,True,,75,59.56268577710819
198,2026-09-21T07:59:12.688+00:00,2026-09-21T08:04:09.541+00:00,2026-09-21T08:04:12.701+00:00,False,53,52.0,,52.0,296853.209543,300013.46656699997,300013.466419,5660.631441867924,0.03546,296853.209543,40767.578563581395,78.1272856,60.77417353846154,13.722565131164554,0.17332555299942576,16,64,,True,False,Request timeout: 300.0s exceeded,0,59.56268577710819
199,2026-09-21T07:59:13.000+00:00,2026-09-21T08:04:11.288+00:00,2026-09-21T08:04:13.027+00:00,False,31,30.0,,30.0,298288.080981,300026.680917,300026.680938,9678.280030258064,0.04255,298288.080981,53563.71388264306,76.251536,57.9533312,13.857328565403089,0.09999110715189782,16,64,,True,False,Request timeout: 300.0s exceeded,123,59.56268577710819
200,2026-09-21T07:59:13.362+00:00,2026-09-21T08:04:13.329+00:00,2026-09-21T08:04:13.385+00:00,False,3,2.0,,2.0,299967.08626300003,300022.990775,300022.99072400003,100007.66357466667,0.059789999999999996,299967.08626300003,173169.94202048145,269975.9621038001,27.952256,39.44574248488432,0.0066661557997063125,16,64,,True,False,Request timeout: 300.0s exceeded,4,59.56268577710819
201,2026-09-21T07:59:13.796+00:00,2026-09-21T08:04:13.900+00:00,2026-09-21T08:04:13.900+00:00,False,1,0.0,,0.0,300104.296347,300104.296347,300104.296347,300104.296347,300104.296347,300104.296347,nan,300104.296347,nan,nan,0.0,16,64,,True,False,"HTTPConnectionPool(host='gpu06', port=9004): Read timed out.",0,59.56268577710819
202,2026-09-21T07:59:14.127+00:00,2026-09-21T08:04:14.233+00:00,2026-09-21T08:04:14.233+00:00,False,1,0.0,,0.0,300106.36033399997,300106.36033399997,300106.36033399997,300106.36033399997,300106.36033399997,300106.36033399997,nan,300106.36033399997,nan,nan,0.0,16,64,,True,False,"HTTPConnectionPool(host='gpu06', port=9004): Read timed out.",0,59.56268577710819
203,2026-09-21T07:59:14.543+00:00,2026-09-21T08:04:14.636+00:00,2026-09-21T08:04:14.636+00:00,False,1,0.0,,0.0,300092.23126599996,300092.23126599996,300092.23126599996,300092.23126599996,300092.23126599996,300092.23126599996,nan,300092.23126599996,nan,nan,0.0,16,64,,True,False,"HTTPConnectionPool(host='gpu06', port=9004): Read timed out.",0,59.56268577710819
204,2026-09-21T07:59:14.869+00:00,2026-09-21T08:04:14.948+00:00,2026-09-21T08:04:14.948+00:00,False,1,0.0,,0.0,300079.528134,300079.528134,300079.528134,300079.528134,300079.528134,300079.528134,nan,300079.528134,nan,nan,0.0,16,64,,True,False,"HTTPConnectionPool(host='gpu06', port=9004): Read timed out.",0,59.56268577710819
205,2026-09-21T07:59:15.116+00:00,2026-09-21T08:04:15.181+00:00,2026-09-21T08:04:15.181+00:00,False,1,0.0,,0.0,300065.533977,300065.533977,300065.533977,300065.533977,300065.533977,300065.533977,nan,300065.533977,nan,nan,0.0,16,64,,True,False,TTFT timeout: 300.0s exceeded (TTFT: 300.061s),0,59.56268577710819
206,2026-09-21T07:59:15.433+00:00,2026-09-21T08:04:15.487+00:00,2026-09-21T08:04:15.487+00:00,False,1,0.0,,0.0,300053.56010500004,300053.56010500004,300053.56010500004,300053.56010500004,300053.56010500004,300053.56010500004,nan,300053.56010500004,nan,nan,0.0,16,64,,True,False,TTFT timeout: 300.0s exceeded (TTFT: 300.042s),0,59.56268577710819
207,2026-09-21T07:59:15.796+00:00,2026-09-21T08:04:15.804+00:00,2026-09-21T08:04:15.804+00:00,False,1,0.0,,0.0,300007.956031,300007.956031,300007.956031,300007.956031,300007.956031,300007.956031,nan,300007.956031,nan,nan,0.0,16,64,,True,False,TTFT timeout: 300.0s exceeded (TTFT: 300.003s),0,59.56268577710819
208,2026-09-21T07:59:16.198+00:00,2026-09-21T08:04:16.226+00:00,2026-09-21T08:04:16.226+00:00,False,1,0.0,,0.0,300028.13097399997,300028.13097399997,300028.13097399997,300028.13097399997,300028.13097399997,300028.13097399997,nan,300028.13097399997,nan,nan,0.0,16,64,,True,False,"HTTPConnectionPool(host='gpu06', port=9004): Read timed out.",0,59.56268577710819
209,2026-09-21T07:59:16.647+00:00,2026-09-21T08:04:16.739+00:00,2026-09-21T08:04:16.739+00:00,False,1,0.0,,0.0,300092.304865,300092.304865,300092.304865,300092.304865,300092.304865,300092.304865,nan,300092.304865,nan,nan,0.0,16,64,,True,False,"HTTPConnectionPool(host='gpu06', port=9004): Read timed out.",0,59.56268577710819
210,2026-09-21T07:59:17.049+00:00,2026-09-21T08:04:17.106+00:00,2026-09-21T08:04:17.106+00:00,False,1,0.0,,0.0,300057.58662699995,300057.58662699995,300057.58662699995,300057.58662699995,300057.58662699995,300057.58662699995,nan,300057.58662699995,nan,nan,0.0,16,64,,True,False,"HTTPConnectionPool(host='gpu06', port=9004): Read timed out.",0,59.56268577710819
211,2026-09-21T07:59:17.324+00:00,2026-09-21T08:04:17.343+00:00,2026-09-21T08:04:17.343+00:00,False,1,0.0,,0.0,300019.718248,300019.718248,300019.718248,300019.718248,300019.718248,300019.718248,nan,300019.718248,nan,nan,0.0,16,64,,True,False,TTFT timeout: 300.0s exceeded (TTFT: 300.008s),0,59.56268577710819
212,2026-09-21T07:59:17.696+00:00,2026-09-21T08:04:17.751+00:00,2026-09-21T08:04:17.751+00:00,False,1,0.0,,0.0,300054.425793,300054.425793,300054.425793,300054.425793,300054.425793,300054.425793,nan,300054.425793,nan,nan,0.0,16,64,,True,False,"HTTPConnectionPool(host='gpu06', port=9004): Read timed out.",0,59.56268577710819
213,2026-09-21T07:59:17.965+00:00,2026-09-21T08:04:18.033+00:00,2026-09-21T08:04:18.033+00:00,False,1,0.0,,0.0,300068.330166,300068.330166,300068.330166,300068.330166,300068.330166,300068.330166,nan,300068.330166,nan,nan,0.0,16,64,,True,False,TTFT timeout: 300.0s exceeded (TTFT: 300.048s),0,59.56268577710819
215,2026-09-21T07:59:19.470+00:00,2026-09-21T08:04:18.823+00:00,2026-09-21T08:04:19.643+00:00,False,13,12.0,,12.0,299352.992171,300172.776619,300172.776698,23090.213592153847,0.023370000000000002,299352.992171,83006.64034488385,119810.09776219999,68.31537066666667,32.612060591871696,0.03997697637727897,16,64,,True,False,Request timeout: 300.0s exceeded,58,59.56268577710819
216,2026-09-21T07:59:19.725+00:00,2026-09-21T08:04:19.277+00:00,2026-09-21T08:04:19.904+00:00,False,13,12.0,,12.0,299552.625038,300179.475342,300179.475441,23090.728880076924,0.02859,299552.625038,83066.46441933184,119870.5759598,52.23752533333334,21.540689813075286,0.03997608426201751,16,64,,True,False,Request timeout: 300.0s exceeded,25,59.56268577710819
214,2026-09-21T07:59:19.441+00:00,2026-09-21T08:04:20.065+00:00,2026-09-21T08:04:20.065+00:00,False,1,0.0,,0.0,300623.911449,300623.911449,300623.911449,300623.911449,300623.911449,300623.911449,nan,300623.911449,nan,nan,0.0,16,64,,True,False,"HTTPConnectionPool(host='gpu06', port=9004): Read timed out.",0,59.56268577710819
217,2026-09-21T07:59:19.914+00:00,2026-09-21T08:04:20.790+00:00,2026-09-21T08:04:21.358+00:00,False,8,7.0,,7.0,300876.439972,301443.87933200004,301443.87939400005,37680.484924250006,0.02087,300876.439972,106347.23710945113,195629.61050870002,81.06276571428572,53.7126116272351,0.023221569519049474,16,64,,True,False,Request timeout: 300.0s exceeded,21,59.56268577710819
218,2026-09-21T07:59:20.006+00:00,2026-09-21T08:04:21.213+00:00,2026-09-21T08:04:21.405+00:00,False,5,4.0,,4.0,301207.48164300004,301399.47345100006,301399.473437,60279.89468740001,0.039619999999999995,301207.48164300004,134682.61990903033,240985.34156080004,47.997952,39.69428113448552,0.013271423318031439,16,64,,True,False,Request timeout: 300.0s exceeded,4,59.56268577710819
219,2026-09-21T07:59:20.127+00:00,2026-09-21T08:04:21.216+00:00,2026-09-21T08:04:21.403+00:00,False,5,4.0,,4.0,301088.439853,301275.614509,301275.614487,60255.1228974,0.032170000000000004,301088.439853,134629.92109987122,240889.5695468,46.793664,38.412944852775865,0.013276879400010346,16,64,,True,False,Request timeout: 300.0s exceeded,44,59.56268577710819
223,2026-09-21T07:59:21.422+00:00,2026-09-21T08:04:21.526+00:00,2026-09-21T08:04:21.526+00:00,False,1,0.0,,0.0,300103.34607599996,300103.34607599996,300103.34607599996,300103.34607599996,300103.34607599996,300103.34607599996,nan,300103.34607599996,nan,nan,0.0,16,64,,True,False,"HTTPConnectionPool(host='gpu06', port=9004): Read timed out.",0,59.56268577710819
220,2026-09-21T07:59:20.465+00:00,2026-09-21T08:04:21.526+00:00,2026-09-21T08:04:21.526+00:00,False,1,0.0,,0.0,301061.730769,301061.730769,301061.730769,301061.730769,301061.730769,301061.730769,nan,301061.730769,nan,nan,0.0,16,64,,True,False,"HTTPConnectionPool(host='gpu06', port=9004): Read timed out.",0,59.56268577710819
224,2026-09-21T07:59:21.677+00:00,2026-09-21T08:04:21.897+00:00,2026-09-21T08:04:21.897+00:00,False,1,0.0,,0.0,300220.07752,300220.07752,300220.07752,300220.07752,300220.07752,300220.07752,nan,300220.07752,nan,nan,0.0,16,64,,True,False,"HTTPConnectionPool(host='gpu06', port=9004): Read timed out.",0,59.56268577710819
221,2026-09-21T07:59:20.800+00:00,2026-09-21T08:04:21.938+00:00,2026-09-21T08:04:21.938+00:00,False,1,0.0,,0.0,301138.530329,301138.530329,301138.530329,301138.530329,301138.530329,301138.530329,nan,301138.530329,nan,nan,0.0,16,64,,True,False,"HTTPConnectionPool(host='gpu06', port=9004): Read timed out.",0,59.56268577710819
222,2026-09-21T07:59:21.115+00:00,2026-09-21T08:04:23.275+00:00,2026-09-21T08:04:23.275+00:00,False,1,0.0,,0.0,302159.338249,302159.338249,302159.338249,302159.338249,302159.338249,302159.338249,nan,302159.338249,nan,nan,0.0,16,64,,True,False,"HTTPConnectionPool(host='gpu06', port=9004): Read timed out.",0,59.56268577710819
228,2026-09-21T07:59:22.867+00:00,2026-09-21T08:04:23.276+00:00,2026-09-21T08:04:23.276+00:00,False,1,0.0,,0.0,300408.945735,300408.945735,300408.945735,300408.945735,300408.945735,300408.945735,nan,300408.945735,nan,nan,0.0,16,64,,True,False,"HTTPConnectionPool(host='gpu06', port=9004): Read timed out.",0,59.56268577710819
227,2026-09-21T07:59:22.537+00:00,2026-09-21T08:04:23.301+00:00,2026-09-21T08:04:23.301+00:00,False,1,0.0,,0.0,300764.39204500004,300764.39204500004,300764.39204500004,300764.39204500004,300764.39204500004,300764.39204500004,nan,300764.39204500004,nan,nan,0.0,16,64,,True,False,"HTTPConnectionPool(host='gpu06', port=9004): Read timed out.",0,59.56268577710819
225,2026-09-21T07:59:21.932+00:00,2026-09-21T08:04:23.310+00:00,2026-09-21T08:04:23.310+00:00,False,1,0.0,,0.0,301377.204958,301377.204958,301377.204958,301377.204958,301377.204958,301377.204958,nan,301377.204958,nan,nan,0.0,16,64,,True,False,"HTTPConnectionPool(host='gpu06', port=9004): Read timed out.",0,59.56268577710819
229,2026-09-21T07:59:23.160+00:00,2026-09-21T08:04:23.315+00:00,2026-09-21T08:04:23.315+00:00,False,1,0.0,,0.0,300154.66556,300154.66556,300154.66556,300154.66556,300154.66556,300154.66556,nan,300154.66556,nan,nan,0.0,16,64,,True,False,"HTTPConnectionPool(host='gpu06', port=9004): Read timed out.",0,59.56268577710819
226,2026-09-21T07:59:22.251+00:00,2026-09-21T08:04:23.320+00:00,2026-09-21T08:04:23.320+00:00,False,1,0.0,,0.0,301069.07693,301069.07693,301069.07693,301069.07693,301069.07693,301069.07693,nan,301069.07693,nan,nan,0.0,16,64,,True,False,"HTTPConnectionPool(host='gpu06', port=9004): Read timed out.",0,59.56268577710819
230,2026-09-21T07:59:23.457+00:00,2026-09-21T08:04:23.529+00:00,2026-09-21T08:04:23.529+00:00,False,1,0.0,,0.0,300072.11035900004,300072.11035900004,300072.11035900004,300072.11035900004,300072.11035900004,300072.11035900004,nan,300072.11035900004,nan,nan,0.0,16,64,,True,False,"HTTPConnectionPool(host='gpu06', port=9004): Read timed out.",0,59.56268577710819
231,2026-09-21T07:59:23.910+00:00,2026-09-21T08:04:23.969+00:00,2026-09-21T08:04:23.969+00:00,False,1,0.0,,0.0,300059.36560799996,300059.36560799996,300059.36560799996,300059.36560799996,300059.36560799996,300059.36560799996,nan,300059.36560799996,nan,nan,0.0,16,64,,True,False,"HTTPConnectionPool(host='gpu06', port=9004): Read timed out.",0,59.56268577710819
232,2026-09-21T07:59:24.250+00:00,2026-09-21T08:04:24.354+00:00,2026-09-21T08:04:24.354+00:00,False,1,0.0,,0.0,300104.514356,300104.514356,300104.514356,300104.514356,300104.514356,300104.514356,nan,300104.514356,nan,nan,0.0,16,64,,True,False,"HTTPConnectionPool(host='gpu06', port=9004): Read timed out.",0,59.56268577710819
233,2026-09-21T07:59:24.564+00:00,2026-09-21T08:04:24.669+00:00,2026-09-21T08:04:24.669+00:00,False,1,0.0,,0.0,300104.735184,300104.735184,300104.735184,300104.735184,300104.735184,300104.735184,nan,300104.735184,nan,nan,0.0,16,64,,True,False,"HTTPConnectionPool(host='gpu06', port=9004): Read timed out.",0,59.56268577710819
234,2026-09-21T07:59:24.883+00:00,2026-09-21T08:04:24.991+00:00,2026-09-21T08:04:24.991+00:00,False,1,0.0,,0.0,300108.35711299995,300108.35711299995,300108.35711299995,300108.35711299995,300108.35711299995,300108.35711299995,nan,300108.35711299995,nan,nan,0.0,16,64,,True,False,"HTTPConnectionPool(host='gpu06', port=9004): Read timed out.",0,59.56268577710819
235,2026-09-21T07:59:25.196+00:00,2026-09-21T08:04:25.301+00:00,2026-09-21T08:04:25.301+00:00,False,1,0.0,,0.0,300105.238473,300105.238473,300105.238473,300105.238473,300105.238473,300105.238473,nan,300105.238473,nan,nan,0.0,16,64,,True,False,"HTTPConnectionPool(host='gpu06', port=9004): Read timed out.",0,59.56268577710819
236,2026-09-21T07:59:25.631+00:00,2026-09-21T08:04:25.639+00:00,2026-09-21T08:04:25.639+00:00,False,1,0.0,,0.0,300008.078272,300008.078272,300008.078272,300008.078272,300008.078272,300008.078272,nan,300008.078272,nan,nan,0.0,16,64,,True,False,TTFT timeout: 300.0s exceeded (TTFT: 300.003s),0,59.56268577710819
237,2026-09-21T07:59:26.029+00:00,2026-09-21T08:04:26.150+00:00,2026-09-21T08:04:26.150+00:00,False,1,0.0,,0.0,300120.28899699997,300120.28899699997,300120.28899699997,300120.28899699997,300120.28899699997,300120.28899699997,nan,300120.28899699997,nan,nan,0.0,16,64,,True,False,"HTTPConnectionPool(host='gpu06', port=9004): Read timed out.",0,59.56268577710819
238,2026-09-21T07:59:26.353+00:00,2026-09-21T08:04:26.367+00:00,2026-09-21T08:04:26.367+00:00,False,1,0.0,,0.0,300014.18247299996,300014.18247299996,300014.18247299996,300014.18247299996,300014.18247299996,300014.18247299996,nan,300014.18247299996,nan,nan,0.0,16,64,,True,False,"HTTPConnectionPool(host='gpu06', port=9004): Read timed out.",0,59.56268577710819
239,2026-09-21T07:59:26.760+00:00,2026-09-21T08:04:26.829+00:00,2026-09-21T08:04:26.829+00:00,False,1,0.0,,0.0,300069.345447,300069.345447,300069.345447,300069.345447,300069.345447,300069.345447,nan,300069.345447,nan,nan,0.0,16,64,,True,False,"HTTPConnectionPool(host='gpu06', port=9004): Read timed out.",0,59.56268577710819
240,2026-09-21T07:59:27.134+00:00,2026-09-21T08:04:27.248+00:00,2026-09-21T08:04:27.248+00:00,False,1,0.0,,0.0,300114.440332,300114.440332,300114.440332,300114.440332,300114.440332,300114.440332,nan,300114.440332,nan,nan,0.0,16,64,,True,False,"HTTPConnectionPool(host='gpu06', port=9004): Read timed out.",0,59.56268577710819
241,2026-09-21T07:59:27.532+00:00,2026-09-21T08:04:27.515+00:00,2026-09-21T08:04:27.660+00:00,False,3,2.0,,2.0,299983.422393,300128.253881,300128.254006,100042.75133533333,0.02852,299983.422393,173153.71551647916,269999.56046300003,72.415744,102.37114100154969,0.006663817798350282,16,64,,True,False,Request timeout: 300.0s exceeded,16,59.56268577710819
242,2026-09-21T07:59:27.811+00:00,2026-09-21T08:04:27.833+00:00,2026-09-21T08:04:27.833+00:00,False,1,0.0,,0.0,300022.043715,300022.043715,300022.043715,300022.043715,300022.043715,300022.043715,nan,300022.043715,nan,nan,0.0,16,64,,True,False,TTFT timeout: 300.0s exceeded (TTFT: 300.018s),0,59.56268577710819
243,2026-09-21T07:59:28.079+00:00,2026-09-21T08:04:28.176+00:00,2026-09-21T08:04:28.176+00:00,False,1,0.0,,0.0,300096.83737900003,300096.83737900003,300096.83737900003,300096.83737900003,300096.83737900003,300096.83737900003,nan,300096.83737900003,nan,nan,0.0,16,64,,True,False,"HTTPConnectionPool(host='gpu06', port=9004): Read timed out.",0,59.56268577710819
244,2026-09-21T07:59:28.408+00:00,2026-09-21T08:04:28.515+00:00,2026-09-21T08:04:28.515+00:00,False,1,0.0,,0.0,300107.113057,300107.113057,300107.113057,300107.113057,300107.113057,300107.113057,nan,300107.113057,nan,nan,0.0,16,64,,True,False,"HTTPConnectionPool(host='gpu06', port=9004): Read timed out.",0,59.56268577710819
245,2026-09-21T07:59:28.675+00:00,2026-09-21T08:04:28.777+00:00,2026-09-21T08:04:28.777+00:00,False,1,0.0,,0.0,300101.83853899996,300101.83853899996,300101.83853899996,300101.83853899996,300101.83853899996,300101.83853899996,nan,300101.83853899996,nan,nan,0.0,16,64,,True,False,"HTTPConnectionPool(host='gpu06', port=9004): Read timed out.",0,59.56268577710819
246,2026-09-21T07:59:29.033+00:00,2026-09-21T08:04:29.134+00:00,2026-09-21T08:04:29.134+00:00,False,1,0.0,,0.0,300100.96407499997,300100.96407499997,300100.96407499997,300100.96407499997,300100.96407499997,300100.96407499997,nan,300100.96407499997,nan,nan,0.0,16,64,,True,False,"HTTPConnectionPool(host='gpu06', port=9004): Read timed out.",0,59.56268577710819
247,2026-09-21T07:59:29.359+00:00,2026-09-21T08:04:29.454+00:00,2026-09-21T08:04:29.454+00:00,False,1,0.0,,0.0,300095.211023,300095.211023,300095.211023,300095.211023,300095.211023,300095.211023,nan,300095.211023,nan,nan,0.0,16,64,,True,False,TTFT timeout: 300.0s exceeded (TTFT: 300.091s),0,59.56268577710819
248,2026-09-21T07:59:29.619+00:00,2026-09-21T08:04:29.607+00:00,2026-09-21T08:04:29.649+00:00,False,3,2.0,,2.0,299988.506544,300029.739952,300029.739965,100009.91332166667,0.02949,299988.506544,173186.54316724854,269993.7762827,20.616704,29.114787960955375,0.006666005844353858,16,64,,True,False,Request timeout: 300.0s exceeded,3,59.56268577710819
249,2026-09-21T07:59:29.938+00:00,2026-09-21T08:04:30.004+00:00,2026-09-21T08:04:30.004+00:00,False,1,0.0,,0.0,300065.549834,300065.549834,300065.549834,300065.549834,300065.549834,300065.549834,nan,300065.549834,nan,nan,0.0,16,64,,True,False,"HTTPConnectionPool(host='gpu06', port=9004): Read timed out.",0,59.56268577710819
250,2026-09-21T07:59:30.233+00:00,2026-09-21T08:04:30.319+00:00,2026-09-21T08:04:30.319+00:00,False,1,0.0,,0.0,300086.405025,300086.405025,300086.405025,300086.405025,300086.405025,300086.405025,nan,300086.405025,nan,nan,0.0,16,64,,True,False,"HTTPConnectionPool(host='gpu06', port=9004): Read timed out.",0,59.56268577710819
251,2026-09-21T07:59:30.476+00:00,2026-09-21T08:04:30.582+00:00,2026-09-21T08:04:30.582+00:00,False,1,0.0,,0.0,300105.614898,300105.614898,300105.614898,300105.614898,300105.614898,300105.614898,nan,300105.614898,nan,nan,0.0,16,64,,True,False,"HTTPConnectionPool(host='gpu06', port=9004): Read timed out.",0,59.56268577710819
252,2026-09-21T07:59:30.732+00:00,2026-09-21T08:04:30.836+00:00,2026-09-21T08:04:30.836+00:00,False,1,0.0,,0.0,300104.373491,300104.373491,300104.373491,300104.373491,300104.373491,300104.373491,nan,300104.373491,nan,nan,0.0,16,64,,True,False,"HTTPConnectionPool(host='gpu06', port=9004): Read timed out.",0,59.56268577710819
253,2026-09-21T07:59:31.110+00:00,2026-09-21T08:04:31.229+00:00,2026-09-21T08:04:31.229+00:00,False,1,0.0,,0.0,300119.055067,300119.055067,300119.055067,300119.055067,300119.055067,300119.055067,nan,300119.055067,nan,nan,0.0,16,64,,True,False,"HTTPConnectionPool(host='gpu06', port=9004): Read timed out.",0,59.56268577710819
254,2026-09-21T07:59:31.444+00:00,2026-09-21T08:04:31.512+00:00,2026-09-21T08:04:31.512+00:00,False,1,0.0,,0.0,300067.64980199997,300067.64980199997,300067.64980199997,300067.64980199997,300067.64980199997,300067.64980199997,nan,300067.64980199997,nan,nan,0.0,16,64,,True,False,TTFT timeout: 300.0s exceeded (TTFT: 300.063s),0,59.56268577710819
255,2026-09-21T07:59:31.806+00:00,2026-09-21T08:04:31.878+00:00,2026-09-21T08:04:31.944+00:00,True,2,2.0,,2.0,300071.089048,300137.61116,300137.61131,150068.805655,66.522262,300071.089048,212135.26356131307,285070.8607087,66.522112,nan,0.006663610042973997,16,64,,True,True,,8,59.56268577710819
256,2026-09-21T07:59:32.097+00:00,2026-09-21T08:04:32.408+00:00,2026-09-21T08:04:33.014+00:00,False,13,12.0,,12.0,300310.760694,300916.826358,300916.826387,23147.448183615383,0.030920000000000003,300310.760694,83277.21307834561,120171.5322882,50.505472,18.253944548830344,0.03987812893428442,16,64,,True,False,Request timeout: 300.0s exceeded,66,59.56268577710819
258,2026-09-21T07:59:32.911+00:00,2026-09-21T08:04:33.051+00:00,2026-09-21T08:04:33.051+00:00,False,1,0.0,,0.0,300139.341996,300139.341996,300139.341996,300139.341996,300139.341996,300139.341996,nan,300139.341996,nan,nan,0.0,16,64,,True,False,"HTTPConnectionPool(host='gpu06', port=9004): Read timed out.",0,59.56268577710819
259,2026-09-21T07:59:33.348+00:00,2026-09-21T08:04:33.453+00:00,2026-09-21T08:04:33.453+00:00,False,1,0.0,,0.0,300105.375726,300105.375726,300105.375726,300105.375726,300105.375726,300105.375726,nan,300105.375726,nan,nan,0.0,16,64,,True,False,"HTTPConnectionPool(host='gpu06', port=9004): Read timed out.",0,59.56268577710819
257,2026-09-21T07:59:32.495+00:00,2026-09-21T08:04:33.619+00:00,2026-09-21T08:04:33.619+00:00,False,1,0.0,,0.0,301124.925385,301124.925385,301124.925385,301124.925385,301124.925385,301124.925385,nan,301124.925385,nan,nan,0.0,16,64,,True,False,"HTTPConnectionPool(host='gpu06', port=9004): Read timed out.",0,59.56268577710819
260,2026-09-21T07:59:34.750+00:00,2026-09-21T08:04:33.917+00:00,2026-09-21T08:04:34.455+00:00,True,6,6.0,,6.0,299166.539682,299704.713122,299704.713303,49950.7855505,66.45822100000001,299166.539682,122090.30018772098,224429.63046775,107.634688,64.16951710473876,0.020019705187477636,16,64,,True,True,,36,59.56268577710819
263,2026-09-21T07:59:34.797+00:00,2026-09-21T08:04:34.287+00:00,2026-09-21T08:04:35.319+00:00,False,20,19.0,,19.0,299489.891326,300522.117118,300522.117157,15026.10585785,0.026260000000000002,299489.891326,66955.82998504651,15072.920173199998,54.3276732631579,18.664968094701237,0.06322330010918847,16,64,,True,False,Request timeout: 300.0s exceeded,48,59.56268577710819
261,2026-09-21T07:59:34.756+00:00,2026-09-21T08:04:34.384+00:00,2026-09-21T08:04:35.218+00:00,False,17,16.0,,16.0,299628.735172,300462.42400400003,300462.424169,17674.260245235295,0.03599,299628.735172,72658.00683447676,59985.955444,52.105552,16.355713054579095,0.053251251144093126,16,64,,True,False,Request timeout: 300.0s exceeded,148,59.56268577710819
262,2026-09-21T07:59:34.775+00:00,2026-09-21T08:04:34.389+00:00,2026-09-21T08:04:35.391+00:00,False,20,19.0,,19.0,299613.3884,300615.494256,300615.494181,15030.77470905,0.05044,299613.3884,66983.79844915865,15049.656094400001,52.742413473684216,15.354977473242231,0.06320366169755663,16,64,,True,False,Request timeout: 300.0s exceeded,76,59.56268577710819
264,2026-09-21T07:59:35.202+00:00,2026-09-21T08:04:35.486+00:00,2026-09-21T08:04:35.486+00:00,False,1,0.0,,0.0,300284.124666,300284.124666,300284.124666,300284.124666,300284.124666,300284.124666,nan,300284.124666,nan,nan,0.0,16,64,,True,False,"HTTPConnectionPool(host='gpu06', port=9004): Read timed out.",0,59.56268577710819
265,2026-09-21T07:59:35.539+00:00,2026-09-21T08:04:35.763+00:00,2026-09-21T08:04:35.763+00:00,False,1,0.0,,0.0,300223.72008099995,300223.72008099995,300223.72008099995,300223.72008099995,300223.72008099995,300223.72008099995,nan,300223.72008099995,nan,nan,0.0,16,64,,True,False,"HTTPConnectionPool(host='gpu06', port=9004): Read timed out.",0,59.56268577710819
266,2026-09-21T07:59:35.903+00:00,2026-09-21T08:04:36.198+00:00,2026-09-21T08:04:36.198+00:00,False,1,0.0,,0.0,300294.775155,300294.775155,300294.775155,300294.775155,300294.775155,300294.775155,nan,300294.775155,nan,nan,0.0,16,64,,True,False,"HTTPConnectionPool(host='gpu06', port=9004): Read timed out.",0,59.56268577710819
267,2026-09-21T07:59:36.265+00:00,2026-09-21T08:04:36.366+00:00,2026-09-21T08:04:36.366+00:00,False,1,0.0,,0.0,300101.558713,300101.558713,300101.558713,300101.558713,300101.558713,300101.558713,nan,300101.558713,nan,nan,0.0,16,64,,True,False,"HTTPConnectionPool(host='gpu06', port=9004): Read timed out.",0,59.56268577710819
268,2026-09-21T07:59:36.618+00:00,2026-09-21T08:04:36.715+00:00,2026-09-21T08:04:36.715+00:00,False,1,0.0,,0.0,300096.32904000004,300096.32904000004,300096.32904000004,300096.32904000004,300096.32904000004,300096.32904000004,nan,300096.32904000004,nan,nan,0.0,16,64,,True,False,"HTTPConnectionPool(host='gpu06', port=9004): Read timed out.",0,59.56268577710819
269,2026-09-21T07:59:37.045+00:00,2026-09-21T08:04:37.155+00:00,2026-09-21T08:04:37.155+00:00,False,1,0.0,,0.0,300109.947097,300109.947097,300109.947097,300109.947097,300109.947097,300109.947097,nan,300109.947097,nan,nan,0.0,16,64,,True,False,"HTTPConnectionPool(host='gpu06', port=9004): Read timed out.",0,59.56268577710819
270,2026-09-21T07:59:37.427+00:00,2026-09-21T08:04:37.529+00:00,2026-09-21T08:04:37.529+00:00,False,1,0.0,,0.0,300102.53277999995,300102.53277999995,300102.53277999995,300102.53277999995,300102.53277999995,300102.53277999995,nan,300102.53277999995,nan,nan,0.0,16,64,,True,False,"HTTPConnectionPool(host='gpu06', port=9004): Read timed out.",0,59.56268577710819
271,2026-09-21T07:59:37.680+00:00,2026-09-21T08:04:37.785+00:00,2026-09-21T08:04:37.785+00:00,False,1,0.0,,0.0,300104.868662,300104.868662,300104.868662,300104.868662,300104.868662,300104.868662,nan,300104.868662,nan,nan,0.0,16,64,,True,False,"HTTPConnectionPool(host='gpu06', port=9004): Read timed out.",0,59.56268577710819
272,2026-09-21T07:59:37.996+00:00,2026-09-21T08:04:38.057+00:00,2026-09-21T08:04:38.057+00:00,False,1,0.0,,0.0,300060.464627,300060.464627,300060.464627,300060.464627,300060.464627,300060.464627,nan,300060.464627,nan,nan,0.0,16,64,,True,False,"HTTPConnectionPool(host='gpu06', port=9004): Read timed out.",0,59.56268577710819
273,2026-09-21T07:59:38.308+00:00,2026-09-21T08:04:38.252+00:00,2026-09-21T08:04:38.352+00:00,True,3,3.0,,3.0,299943.942388,300043.32824400003,300043.32829100004,100014.44276366668,46.224436999999995,299943.942388,173144.02567532565,269954.8642958,49.692928,4.905261966487825,0.009998555933762848,16,64,,True,True,,14,59.56268577710819
274,2026-09-21T07:59:38.742+00:00,2026-09-21T08:04:38.850+00:00,2026-09-21T08:04:38.850+00:00,False,1,0.0,,0.0,300107.801563,300107.801563,300107.801563,300107.801563,300107.801563,300107.801563,nan,300107.801563,nan,nan,0.0,16,64,,True,False,"HTTPConnectionPool(host='gpu06', port=9004): Read timed out.",0,59.56268577710819
275,2026-09-21T07:59:39.094+00:00,2026-09-21T08:04:39.120+00:00,2026-09-21T08:04:39.120+00:00,False,1,0.0,,0.0,300026.052395,300026.052395,300026.052395,300026.052395,300026.052395,300026.052395,nan,300026.052395,nan,nan,0.0,16,64,,True,False,"HTTPConnectionPool(host='gpu06', port=9004): Read timed out.",0,59.56268577710819
276,2026-09-21T07:59:39.516+00:00,2026-09-21T08:04:39.621+00:00,2026-09-21T08:04:39.621+00:00,False,1,0.0,,0.0,300105.175908,300105.175908,300105.175908,300105.175908,300105.175908,300105.175908,nan,300105.175908,nan,nan,0.0,16,64,,True,False,"HTTPConnectionPool(host='gpu06', port=9004): Read timed out.",0,59.56268577710819
277,2026-09-21T07:59:39.814+00:00,2026-09-21T08:04:39.921+00:00,2026-09-21T08:04:39.921+00:00,False,1,0.0,,0.0,300107.023063,300107.023063,300107.023063,300107.023063,300107.023063,300107.023063,nan,300107.023063,nan,nan,0.0,16,64,,True,False,"HTTPConnectionPool(host='gpu06', port=9004): Read timed out.",0,59.56268577710819
278,2026-09-21T07:59:40.120+00:00,2026-09-21T08:04:40.156+00:00,2026-09-21T08:04:40.156+00:00,False,1,0.0,,0.0,300035.927232,300035.927232,300035.927232,300035.927232,300035.927232,300035.927232,nan,300035.927232,nan,nan,0.0,16,64,,True,False,TTFT timeout: 300.0s exceeded (TTFT: 300.029s),0,59.56268577710819
279,2026-09-21T07:59:40.492+00:00,2026-09-21T08:04:40.459+00:00,2026-09-21T08:04:40.513+00:00,False,3,2.0,,2.0,299967.887992,300021.00517599995,300021.005068,100007.00168933332,0.05794,299967.887992,173171.2093290703,269976.40510639997,26.558592,37.47770026406892,0.006666199917658262,16,64,,True,False,Request timeout: 300.0s exceeded,10,59.56268577710819
280,2026-09-21T07:59:40.873+00:00,2026-09-21T08:04:40.974+00:00,2026-09-21T08:04:40.974+00:00,False,1,0.0,,0.0,300101.13200599997,300101.13200599997,300101.13200599997,300101.13200599997,300101.13200599997,300101.13200599997,nan,300101.13200599997,nan,nan,0.0,16,64,,True,False,"HTTPConnectionPool(host='gpu06', port=9004): Read timed out.",0,59.56268577710819
281,2026-09-21T07:59:41.245+00:00,2026-09-21T08:04:41.331+00:00,2026-09-21T08:04:41.331+00:00,False,1,0.0,,0.0,300085.74840100005,300085.74840100005,300085.74840100005,300085.74840100005,300085.74840100005,300085.74840100005,nan,300085.74840100005,nan,nan,0.0,16,64,,True,False,"HTTPConnectionPool(host='gpu06', port=9004): Read timed out.",0,59.56268577710819
282,2026-09-21T07:59:41.545+00:00,2026-09-21T08:04:41.644+00:00,2026-09-21T08:04:41.644+00:00,False,1,0.0,,0.0,300099.520366,300099.520366,300099.520366,300099.520366,300099.520366,300099.520366,nan,300099.520366,nan,nan,0.0,16,64,,True,False,"HTTPConnectionPool(host='gpu06', port=9004): Read timed out.",0,59.56268577710819
283,2026-09-21T07:59:41.947+00:00,2026-09-21T08:04:42.004+00:00,2026-09-21T08:04:42.004+00:00,False,1,0.0,,0.0,300056.508258,300056.508258,300056.508258,300056.508258,300056.508258,300056.508258,nan,300056.508258,nan,nan,0.0,16,64,,True,False,TTFT timeout: 300.0s exceeded (TTFT: 300.042s),0,59.56268577710819
284,2026-09-21T07:59:42.351+00:00,2026-09-21T08:04:42.393+00:00,2026-09-21T08:04:42.393+00:00,False,1,0.0,,0.0,300041.672309,300041.672309,300041.672309,300041.672309,300041.672309,300041.672309,nan,300041.672309,nan,nan,0.0,16,64,,True,False,"HTTPConnectionPool(host='gpu06', port=9004): Read timed out.",0,59.56268577710819
285,2026-09-21T07:59:42.730+00:00,2026-09-21T08:04:42.770+00:00,2026-09-21T08:04:42.770+00:00,False,1,0.0,,0.0,300039.13289300003,300039.13289300003,300039.13289300003,300039.13289300003,300039.13289300003,300039.13289300003,nan,300039.13289300003,nan,nan,0.0,16,64,,True,False,TTFT timeout: 300.0s exceeded (TTFT: 300.018s),0,59.56268577710819
286,2026-09-21T07:59:43.022+00:00,2026-09-21T08:04:43.112+00:00,2026-09-21T08:04:43.112+00:00,False,1,0.0,,0.0,300090.511266,300090.511266,300090.511266,300090.511266,300090.511266,300090.511266,nan,300090.511266,nan,nan,0.0,16,64,,True,False,"HTTPConnectionPool(host='gpu06', port=9004): Read timed out.",0,59.56268577710819
287,2026-09-21T07:59:43.305+00:00,2026-09-21T08:04:43.412+00:00,2026-09-21T08:04:43.412+00:00,False,1,0.0,,0.0,300107.27113300003,300107.27113300003,300107.27113300003,300107.27113300003,300107.27113300003,300107.27113300003,nan,300107.27113300003,nan,nan,0.0,16,64,,True,False,"HTTPConnectionPool(host='gpu06', port=9004): Read timed out.",0,59.56268577710819
288,2026-09-21T07:59:43.568+00:00,2026-09-21T08:04:43.652+00:00,2026-09-21T08:04:43.652+00:00,False,1,0.0,,0.0,300084.739575,300084.739575,300084.739575,300084.739575,300084.739575,300084.739575,nan,300084.739575,nan,nan,0.0,16,64,,True,False,"HTTPConnectionPool(host='gpu06', port=9004): Read timed out.",0,59.56268577710819
289,2026-09-21T07:59:43.833+00:00,2026-09-21T08:04:43.941+00:00,2026-09-21T08:04:43.941+00:00,False,1,0.0,,0.0,300107.87209500006,300107.87209500006,300107.87209500006,300107.87209500006,300107.87209500006,300107.87209500006,nan,300107.87209500006,nan,nan,0.0,16,64,,True,False,"HTTPConnectionPool(host='gpu06', port=9004): Read timed out.",0,59.56268577710819
290,2026-09-21T07:59:44.115+00:00,2026-09-21T08:04:44.237+00:00,2026-09-21T08:04:44.237+00:00,False,1,0.0,,0.0,300121.846052,300121.846052,300121.846052,300121.846052,300121.846052,300121.846052,nan,300121.846052,nan,nan,0.0,16,64,,True,False,TTFT timeout: 300.0s exceeded (TTFT: 300.099s),0,59.56268577710819
291,2026-09-21T07:59:44.479+00:00,2026-09-21T08:04:44.584+00:00,2026-09-21T08:04:44.584+00:00,False,1,0.0,,0.0,300105.003338,300105.003338,300105.003338,300105.003338,300105.003338,300105.003338,nan,300105.003338,nan,nan,0.0,16,64,,True,False,"HTTPConnectionPool(host='gpu06', port=9004): Read timed out.",0,59.56268577710819
292,2026-09-21T07:59:44.757+00:00,2026-09-21T08:04:44.748+00:00,2026-09-21T08:04:44.922+00:00,False,3,2.0,,2.0,299990.597963,300165.26087500004,300165.26094300003,100055.086981,0.02872,299990.597963,173149.25363829534,270009.0015927,87.331456,123.46478116572884,0.006662996224712606,16,64,,True,False,Request timeout: 300.0s exceeded,4,59.56268577710819
293,2026-09-21T07:59:45.026+00:00,2026-09-21T08:04:45.126+00:00,2026-09-21T08:04:45.126+00:00,False,1,0.0,,0.0,300099.985687,300099.985687,300099.985687,300099.985687,300099.985687,300099.985687,nan,300099.985687,nan,nan,0.0,16,64,,True,False,"HTTPConnectionPool(host='gpu06', port=9004): Read timed out.",0,59.56268577710819
294,2026-09-21T07:59:45.442+00:00,2026-09-21T08:04:45.883+00:00,2026-09-21T08:04:47.026+00:00,False,19,18.0,,18.0,300441.719394,301584.873058,301584.87306400004,15872.888056000002,0.037689999999999994,300441.719394,68911.49540360412,30200.157391500004,63.50853688888889,33.56711422378335,0.05968469113680742,16,64,,True,False,Request timeout: 300.0s exceeded,288,59.56268577710819
295,2026-09-21T07:59:45.849+00:00,2026-09-21T08:04:46.275+00:00,2026-09-21T08:04:47.074+00:00,True,15,15.0,,15.0,300426.271124,301224.51445200003,301224.51451500005,20081.634301000002,42.221616999999995,300426.271124,77555.00831751953,90178.52068470001,57.017380571428575,9.028169820923752,0.04979674389147448,16,64,,True,True,,87,59.56268577710819
299,2026-09-21T07:59:47.062+00:00,2026-09-21T08:04:47.210+00:00,2026-09-21T08:04:47.210+00:00,False,1,0.0,,0.0,300147.40876099997,300147.40876099997,300147.40876099997,300147.40876099997,300147.40876099997,300147.40876099997,nan,300147.40876099997,nan,nan,0.0,16,64,,True,False,"HTTPConnectionPool(host='gpu06', port=9004): Read timed out.",0,59.56268577710819
296,2026-09-21T07:59:46.218+00:00,2026-09-21T08:04:47.395+00:00,2026-09-21T08:04:47.395+00:00,False,1,0.0,,0.0,301177.292654,301177.292654,301177.292654,301177.292654,301177.292654,301177.292654,nan,301177.292654,nan,nan,0.0,16,64,,True,False,"HTTPConnectionPool(host='gpu06', port=9004): Read timed out.",0,59.56268577710819
300,2026-09-21T07:59:47.412+00:00,2026-09-21T08:04:47.526+00:00,2026-09-21T08:04:47.526+00:00,False,1,0.0,,0.0,300113.55479100003,300113.55479100003,300113.55479100003,300113.55479100003,300113.55479100003,300113.55479100003,nan,300113.55479100003,nan,nan,0.0,16,64,,True,False,"HTTPConnectionPool(host='gpu06', port=9004): Read timed out.",0,59.56268577710819
297,2026-09-21T07:59:46.525+00:00,2026-09-21T08:04:47.633+00:00,2026-09-21T08:04:47.633+00:00,False,1,0.0,,0.0,301108.81912199996,301108.81912199996,301108.81912199996,301108.81912199996,301108.81912199996,301108.81912199996,nan,301108.81912199996,nan,nan,0.0,16,64,,True,False,"HTTPConnectionPool(host='gpu06', port=9004): Read timed out.",0,59.56268577710819
301,2026-09-21T07:59:47.672+00:00,2026-09-21T08:04:47.686+00:00,2026-09-21T08:04:47.686+00:00,False,1,0.0,,0.0,300014.742178,300014.742178,300014.742178,300014.742178,300014.742178,300014.742178,nan,300014.742178,nan,nan,0.0,16,64,,True,False,"HTTPConnectionPool(host='gpu06', port=9004): Read timed out.",0,59.56268577710819
298,2026-09-21T07:59:46.789+00:00,2026-09-21T08:04:47.865+00:00,2026-09-21T08:04:47.865+00:00,False,1,0.0,,0.0,301076.439755,301076.439755,301076.439755,301076.439755,301076.439755,301076.439755,nan,301076.439755,nan,nan,0.0,16,64,,True,False,"HTTPConnectionPool(host='gpu06', port=9004): Read timed out.",0,59.56268577710819
302,2026-09-21T07:59:48.004+00:00,2026-09-21T08:04:48.109+00:00,2026-09-21T08:04:48.109+00:00,False,1,0.0,,0.0,300104.899813,300104.899813,300104.899813,300104.899813,300104.899813,300104.899813,nan,300104.899813,nan,nan,0.0,16,64,,True,False,"HTTPConnectionPool(host='gpu06', port=9004): Read timed out.",0,59.56268577710819
303,2026-09-21T07:59:48.454+00:00,2026-09-21T08:04:48.558+00:00,2026-09-21T08:04:48.558+00:00,False,1,0.0,,0.0,300104.35609500005,300104.35609500005,300104.35609500005,300104.35609500005,300104.35609500005,300104.35609500005,nan,300104.35609500005,nan,nan,0.0,16,64,,True,False,"HTTPConnectionPool(host='gpu06', port=9004): Read timed out.",0,59.56268577710819
304,2026-09-21T07:59:48.731+00:00,2026-09-21T08:04:48.757+00:00,2026-09-21T08:04:48.757+00:00,False,1,0.0,,0.0,300026.44586900005,300026.44586900005,300026.44586900005,300026.44586900005,300026.44586900005,300026.44586900005,nan,300026.44586900005,nan,nan,0.0,16,64,,True,False,TTFT timeout: 300.0s exceeded (TTFT: 300.022s),0,59.56268577710819
305,2026-09-21T07:59:49.159+00:00,2026-09-21T08:04:49.138+00:00,2026-09-21T08:04:49.282+00:00,False,3,2.0,,2.0,299979.146738,300123.232754,300123.232769,100041.07758966666,0.04057,299979.146738,173151.462036637,269995.6366103,72.043008,101.82663483891055,0.006663929285472299,16,64,,True,False,Request timeout: 300.0s exceeded,8,59.56268577710819
306,2026-09-21T07:59:49.518+00:00,2026-09-21T08:04:49.625+00:00,2026-09-21T08:04:49.625+00:00,False,1,0.0,,0.0,300107.775977,300107.775977,300107.775977,300107.775977,300107.775977,300107.775977,nan,300107.775977,nan,nan,0.0,16,64,,True,False,"HTTPConnectionPool(host='gpu06', port=9004): Read timed out.",0,59.56268577710819
307,2026-09-21T07:59:49.882+00:00,2026-09-21T08:04:49.987+00:00,2026-09-21T08:04:49.987+00:00,False,1,0.0,,0.0,300105.283083,300105.283083,300105.283083,300105.283083,300105.283083,300105.283083,nan,300105.283083,nan,nan,0.0,16,64,,True,False,"HTTPConnectionPool(host='gpu06', port=9004): Read timed out.",0,59.56268577710819
308,2026-09-21T07:59:50.176+00:00,2026-09-21T08:04:50.282+00:00,2026-09-21T08:04:50.282+00:00,False,1,0.0,,0.0,300106.616399,300106.616399,300106.616399,300106.616399,300106.616399,300106.616399,nan,300106.616399,nan,nan,0.0,16,64,,True,False,"HTTPConnectionPool(host='gpu06', port=9004): Read timed out.",0,59.56268577710819
309,2026-09-21T07:59:50.501+00:00,2026-09-21T08:04:50.607+00:00,2026-09-21T08:04:50.607+00:00,False,1,0.0,,0.0,300105.9135,300105.9135,300105.9135,300105.9135,300105.9135,300105.9135,nan,300105.9135,nan,nan,0.0,16,64,,True,False,"HTTPConnectionPool(host='gpu06', port=9004): Read timed out.",0,59.56268577710819
310,2026-09-21T07:59:50.810+00:00,2026-09-21T08:04:50.904+00:00,2026-09-21T08:04:50.904+00:00,False,1,0.0,,0.0,300093.719015,300093.719015,300093.719015,300093.719015,300093.719015,300093.719015,nan,300093.719015,nan,nan,0.0,16,64,,True,False,TTFT timeout: 300.0s exceeded (TTFT: 300.089s),0,59.56268577710819
311,2026-09-21T07:59:51.150+00:00,2026-09-21T08:04:51.256+00:00,2026-09-21T08:04:51.256+00:00,False,1,0.0,,0.0,300105.555964,300105.555964,300105.555964,300105.555964,300105.555964,300105.555964,nan,300105.555964,nan,nan,0.0,16,64,,True,False,"HTTPConnectionPool(host='gpu06', port=9004): Read timed out.",0,59.56268577710819
312,2026-09-21T07:59:51.399+00:00,2026-09-21T08:04:51.337+00:00,2026-09-21T08:04:51.462+00:00,False,3,2.0,,2.0,299938.54693699995,300062.96114499995,300062.96110899997,100020.98703633332,0.11064,299938.54693699995,173133.69667238693,269957.1225965,62.207104,87.81772944646364,0.006665267823686964,16,64,,True,False,Request timeout: 300.0s exceeded,16,59.56268577710819
313,2026-09-21T07:59:51.714+00:00,2026-09-21T08:04:51.783+00:00,2026-09-21T08:04:51.783+00:00,False,1,0.0,,0.0,300068.371461,300068.371461,300068.371461,300068.371461,300068.371461,300068.371461,nan,300068.371461,nan,nan,0.0,16,64,,True,False,"HTTPConnectionPool(host='gpu06', port=9004): Read timed out.",0,59.56268577710819
314,2026-09-21T07:59:51.995+00:00,2026-09-21T08:04:52.093+00:00,2026-09-21T08:04:52.093+00:00,False,1,0.0,,0.0,300097.836738,300097.836738,300097.836738,300097.836738,300097.836738,300097.836738,nan,300097.836738,nan,nan,0.0,16,64,,True,False,"HTTPConnectionPool(host='gpu06', port=9004): Read timed out.",0,59.56268577710819
315,2026-09-21T07:59:52.296+00:00,2026-09-21T08:04:52.391+00:00,2026-09-21T08:04:52.391+00:00,False,1,0.0,,0.0,300095.875573,300095.875573,300095.875573,300095.875573,300095.875573,300095.875573,nan,300095.875573,nan,nan,0.0,16,64,,True,False,"HTTPConnectionPool(host='gpu06', port=9004): Read timed out.",0,59.56268577710819
316,2026-09-21T07:59:52.709+00:00,2026-09-21T08:04:52.817+00:00,2026-09-21T08:04:52.817+00:00,False,1,0.0,,0.0,300108.313501,300108.313501,300108.313501,300108.313501,300108.313501,300108.313501,nan,300108.313501,nan,nan,0.0,16,64,,True,False,"HTTPConnectionPool(host='gpu06', port=9004): Read timed out.",0,59.56268577710819
319,2026-09-21T07:59:54.161+00:00,2026-09-21T08:04:53.198+00:00,2026-09-21T08:04:54.633+00:00,False,26,25.0,,25.0,299036.55448,300472.063984,300472.064072,11556.617848923077,0.02574,299036.55448,58634.63469961156,91.27981449999999,57.42038015999999,17.24205609206282,0.08320241046212948,16,64,,True,False,Request timeout: 300.0s exceeded,88,59.56268577710819
320,2026-09-21T07:59:54.255+00:00,2026-09-21T08:04:53.203+00:00,2026-09-21T08:04:54.402+00:00,True,21,21.0,,21.0,298947.775102,300147.593342,300147.593338,14292.74253990476,42.642827,298947.775102,65222.66281348711,93.19536399999998,59.990912,12.457405085349034,0.06996557848815324,16,64,,True,True,,99,59.56268577710819
317,2026-09-21T07:59:54.113+00:00,2026-09-21T08:04:53.203+00:00,2026-09-21T08:04:54.260+00:00,True,19,19.0,,19.0,299089.38156300003,300146.30060300004,300146.30068900005,15797.173720473686,43.184108,299089.38156300003,68602.34017114803,29990.683405800002,58.71772444444445,11.919227578933352,0.06330246270511618,16,64,,True,True,,104,59.56268577710819
321,2026-09-21T07:59:54.426+00:00,2026-09-21T08:04:54.199+00:00,2026-09-21T08:04:54.806+00:00,False,12,11.0,,11.0,299773.234496,300379.871552,300379.871779,25031.65598158333,0.0516,299773.234496,86521.16076502309,134937.37390495,55.14882327272727,19.748499527970854,0.03662029663693942,16,64,,True,False,Request timeout: 300.0s exceeded,55,59.56268577710819
318,2026-09-21T07:59:54.134+00:00,2026-09-21T08:04:54.260+00:00,2026-09-21T08:04:54.687+00:00,False,9,8.0,,8.0,300126.192798,300553.05155,300553.051572,33394.783508,0.0289,300126.192798,100024.28075981412,180103.82812120003,53.357344,22.811607880251245,0.026617596989093027,16,64,,True,False,Request timeout: 300.0s exceeded,23,59.56268577710819
322,2026-09-21T07:59:54.807+00:00,2026-09-21T08:04:55.157+00:00,2026-09-21T08:04:55.157+00:00,False,1,0.0,,0.0,300350.40154299996,300350.40154299996,300350.40154299996,300350.40154299996,300350.40154299996,300350.40154299996,nan,300350.40154299996,nan,nan,0.0,16,64,,True,False,"HTTPConnectionPool(host='gpu06', port=9004): Read timed out.",0,59.56268577710819
323,2026-09-21T07:59:55.174+00:00,2026-09-21T08:04:55.339+00:00,2026-09-21T08:04:55.339+00:00,False,1,0.0,,0.0,300164.99866000004,300164.99866000004,300164.99866000004,300164.99866000004,300164.99866000004,300164.99866000004,nan,300164.99866000004,nan,nan,0.0,16,64,,True,False,"HTTPConnectionPool(host='gpu06', port=9004): Read timed out.",0,59.56268577710819
324,2026-09-21T07:59:55.400+00:00,2026-09-21T08:04:55.666+00:00,2026-09-21T08:04:55.666+00:00,False,1,0.0,,0.0,300265.77572000003,300265.77572000003,300265.77572000003,300265.77572000003,300265.77572000003,300265.77572000003,nan,300265.77572000003,nan,nan,0.0,16,64,,True,False,"HTTPConnectionPool(host='gpu06', port=9004): Read timed out.",0,59.56268577710819
325,2026-09-21T07:59:55.806+00:00,2026-09-21T08:04:55.913+00:00,2026-09-21T08:04:55.913+00:00,False,1,0.0,,0.0,300107.35838,300107.35838,300107.35838,300107.35838,300107.35838,300107.35838,nan,300107.35838,nan,nan,0.0,16,64,,True,False,"HTTPConnectionPool(host='gpu06', port=9004): Read timed out.",0,59.56268577710819
326,2026-09-21T07:59:56.201+00:00,2026-09-21T08:04:56.310+00:00,2026-09-21T08:04:56.310+00:00,False,1,0.0,,0.0,300109.38171,300109.38171,300109.38171,300109.38171,300109.38171,300109.38171,nan,300109.38171,nan,nan,0.0,16,64,,True,False,"HTTPConnectionPool(host='gpu06', port=9004): Read timed out.",0,59.56268577710819
327,2026-09-21T07:59:56.649+00:00,2026-09-21T08:04:56.747+00:00,2026-09-21T08:04:56.747+00:00,False,1,0.0,,0.0,300098.391824,300098.391824,300098.391824,300098.391824,300098.391824,300098.391824,nan,300098.391824,nan,nan,0.0,16,64,,True,False,"HTTPConnectionPool(host='gpu06', port=9004): Read timed out.",0,59.56268577710819
328,2026-09-21T07:59:56.922+00:00,2026-09-21T08:04:56.916+00:00,2026-09-21T08:04:57.188+00:00,False,3,2.0,,2.0,299994.061009,300265.148881,300265.148943,100088.382981,0.06594,299994.061009,173123.44854228038,270021.7571075,135.543936,191.5946666112632,0.0066607796724109086,16,64,,True,False,Request timeout: 300.0s exceeded,8,59.56268577710819
329,2026-09-21T07:59:57.373+00:00,2026-09-21T08:04:57.357+00:00,2026-09-21T08:04:57.445+00:00,False,3,2.0,,2.0,299984.390834,300072.499122,300072.499238,100024.16641266667,0.05914,299984.390834,173170.63968391978,269994.756677,44.054144,62.218336990312814,0.006665055964315021,16,64,,True,False,Request timeout: 300.0s exceeded,9,59.56268577710819
330,2026-09-21T07:59:57.684+00:00,2026-09-21T08:04:57.747+00:00,2026-09-21T08:04:57.747+00:00,False,1,0.0,,0.0,300062.837332,300062.837332,300062.837332,300062.837332,300062.837332,300062.837332,nan,300062.837332,nan,nan,0.0,16,64,,True,False,"HTTPConnectionPool(host='gpu06', port=9004): Read timed out.",0,59.56268577710819
331,2026-09-21T07:59:58.132+00:00,2026-09-21T08:04:58.243+00:00,2026-09-21T08:04:58.243+00:00,False,1,0.0,,0.0,300110.36226200004,300110.36226200004,300110.36226200004,300110.36226200004,300110.36226200004,300110.36226200004,nan,300110.36226200004,nan,nan,0.0,16,64,,True,False,"HTTPConnectionPool(host='gpu06', port=9004): Read timed out.",0,59.56268577710819
332,2026-09-21T07:59:58.543+00:00,2026-09-21T08:04:58.604+00:00,2026-09-21T08:04:58.604+00:00,False,1,0.0,,0.0,300060.228134,300060.228134,300060.228134,300060.228134,300060.228134,300060.228134,nan,300060.228134,nan,nan,0.0,16,64,,True,False,"HTTPConnectionPool(host='gpu06', port=9004): Read timed out.",0,59.56268577710819
333,2026-09-21T07:59:58.806+00:00,2026-09-21T08:04:58.911+00:00,2026-09-21T08:04:58.911+00:00,False,1,0.0,,0.0,300105.38860299997,300105.38860299997,300105.38860299997,300105.38860299997,300105.38860299997,300105.38860299997,nan,300105.38860299997,nan,nan,0.0,16,64,,True,False,"HTTPConnectionPool(host='gpu06', port=9004): Read timed out.",0,59.56268577710819
334,2026-09-21T07:59:59.130+00:00,2026-09-21T08:04:59.214+00:00,2026-09-21T08:04:59.214+00:00,False,1,0.0,,0.0,300083.390535,300083.390535,300083.390535,300083.390535,300083.390535,300083.390535,nan,300083.390535,nan,nan,0.0,16,64,,True,False,TTFT timeout: 300.0s exceeded (TTFT: 300.078s),0,59.56268577710819
335,2026-09-21T07:59:59.477+00:00,2026-09-21T08:04:59.372+00:00,2026-09-21T08:04:59.488+00:00,False,4,3.0,,3.0,299894.767005,300011.427997,300011.42794799997,75002.85698699999,0.04586,299894.767005,149927.94256962344,254919.95025179998,38.88699733333333,33.917246388296874,0.009999619081277127,16,64,,True,False,Request timeout: 300.0s exceeded,12,59.56268577710819
336,2026-09-21T07:59:59.742+00:00,2026-09-21T08:04:59.846+00:00,2026-09-21T08:04:59.846+00:00,False,1,0.0,,0.0,300103.774062,300103.774062,300103.774062,300103.774062,300103.774062,300103.774062,nan,300103.774062,nan,nan,0.0,16,64,,True,False,"HTTPConnectionPool(host='gpu06', port=9004): Read timed out.",0,59.56268577710819
337,2026-09-21T08:00:00.104+00:00,2026-09-21T08:05:00.137+00:00,2026-09-21T08:05:00.137+00:00,False,1,0.0,,0.0,300032.756243,300032.756243,300032.756243,300032.756243,300032.756243,300032.756243,nan,300032.756243,nan,nan,0.0,16,64,,True,False,"HTTPConnectionPool(host='gpu06', port=9004): Read timed out.",0,59.56268577710819
338,2026-09-21T08:00:00.375+00:00,2026-09-21T08:05:00.480+00:00,2026-09-21T08:05:00.480+00:00,False,1,0.0,,0.0,300104.743769,300104.743769,300104.743769,300104.743769,300104.743769,300104.743769,nan,300104.743769,nan,nan,0.0,16,64,,True,False,"HTTPConnectionPool(host='gpu06', port=9004): Read timed out.",0,59.56268577710819
339,2026-09-21T08:00:00.719+00:00,2026-09-21T08:05:00.825+00:00,2026-09-21T08:05:00.825+00:00,False,1,0.0,,0.0,300105.89258600003,300105.89258600003,300105.89258600003,300105.89258600003,300105.89258600003,300105.89258600003,nan,300105.89258600003,nan,nan,0.0,16,64,,True,False,"HTTPConnectionPool(host='gpu06', port=9004): Read timed out.",0,59.56268577710819
340,2026-09-21T08:00:01.071+00:00,2026-09-21T08:05:01.167+00:00,2026-09-21T08:05:02.909+00:00,False,28,27.0,,27.0,300096.344205,301837.663885,301837.663848,10779.916566,0.02892,300096.344205,56700.70168630038,183.71810295,64.49332148148149,36.7740135419816,0.08945205728297377,16,64,,True,False,Request timeout: 300.0s exceeded,54,59.56268577710819
341,2026-09-21T08:00:01.414+00:00,2026-09-21T08:05:01.385+00:00,2026-09-21T08:05:01.954+00:00,True,10,10.0,,10.0,299970.537101,300539.193997,300539.194107,30053.919410700004,42.69060700000001,299970.537101,94839.03378559343,165031.49003885002,63.184099555555555,18.11478982712065,0.03327353037387803,16,64,,True,True,,70,59.56268577710819
342,2026-09-21T08:00:01.843+00:00,2026-09-21T08:05:04.092+00:00,2026-09-21T08:05:04.946+00:00,False,26,25.0,,25.0,302249.097828,303103.04163600004,303103.041556,11657.809290615385,0.02085,302249.097828,59269.229570794574,76.54223575,34.15775232,20.91165149909514,0.08248020166693935,16,64,,True,False,Request timeout: 300.0s exceeded,248,59.56268577710819
0,2026-09-21T07:58:02.119+00:00,2026-09-21T07:58:02.382+00:00,2026-09-21T07:58:02.731+00:00,True,7,7.0,,7.0,262.569788,611.951676,611.951741,87.42167728571428,36.509572,262.569788,82.20017295473069,214.02976970000003,58.230314666666665,30.827036966357976,11.438811714276602,17,64,,False,True,,8,59.56268577710819
3,2026-09-21T07:58:03.166+00:00,2026-09-21T07:58:03.303+00:00,2026-09-21T07:58:03.493+00:00,True,2,2.0,,2.0,137.36663000000001,326.780774,326.78078200000004,163.39039100000002,137.36663000000001,189.414152,36.80315575015601,186.8117759,189.414144,nan,6.120311104961151,17,64,,False,True,,12,59.56268577710819
2,2026-09-21T07:58:02.796+00:00,2026-09-21T07:58:03.489+00:00,2026-09-21T07:58:05.838+00:00,True,40,40.0,,40.0,692.968917,3041.998293,3041.998325,76.049958125,37.667583,692.968917,100.63545422598322,78.31683,60.23152246153846,11.031756564039087,13.14925129709795,17,64,,False,True,,160,59.56268577710819
4,2026-09-21T07:58:03.410+00:00,2026-09-21T07:58:04.585+00:00,2026-09-21T07:58:08.121+00:00,True,57,57.0,,57.0,1174.3780290000002,4710.786093000001,4710.786031000001,82.64536896491228,40.963494,1174.3780290000002,147.62794015437802,81.7877026,63.150144,11.521278359067058,12.099891371569436,17,64,,False,True,,338,59.56268577710819
1,2026-09-21T07:58:02.397+00:00,2026-09-21T07:58:06.607+00:00,2026-09-21T07:58:09.359+00:00,True,46,46.0,,46.0,4210.063032999999,6962.988472999999,6962.988267999999,151.36931017391302,42.724924,4210.063032999999,611.8103200931474,78.2743405,61.17612088888889,10.630964285313073,6.606358775168405,17,64,,False,True,,321,59.56268577710819
5,2026-09-21T07:58:03.842+00:00,2026-09-21T07:58:06.724+00:00,2026-09-21T07:58:10.636+00:00,True,64,64.0,,64.0,2881.7501669999997,6794.495639,6794.495464,106.163991625,43.132245000000005,2881.7501669999997,352.58571885366337,75.66525084999999,62.107070984126985,9.662868784253948,9.41938937051395,17,64,,False,True,,362,59.56268577710819
6,2026-09-21T07:58:04.257+00:00,2026-09-21T07:58:11.018+00:00,2026-09-21T07:58:16.752+00:00,True,92,92.0,,92.0,6760.990125,12495.583661,12495.583711000001,135.82156207608696,0.016079999999999997,6760.990125,699.4473953958652,78.75893099999999,63.01751138461538,40.05947201149319,7.3626012594466825,17,64,,False,True,,184,59.56268577710819
7,2026-09-21T07:58:04.506+00:00,2026-09-21T07:58:12.430+00:00,2026-09-21T07:58:13.543+00:00,True,18,18.0,,18.0,7924.4632249999995,9036.864377,9036.86419,502.04801055555555,0.01558,7924.4632249999995,1855.116208990291,1567.6714846999998,65.43536188235294,103.61782595078989,1.9918413344580395,17,64,,False,True,,90,59.56268577710819
8,2026-09-21T07:58:04.857+00:00,2026-09-21T07:58:14.106+00:00,2026-09-21T07:58:17.052+00:00,True,50,50.0,,50.0,9249.863936000002,12195.597824000002,12195.597942000002,243.91195884000004,33.162663,9249.863936000002,1299.6617669999894,78.31033555,60.11701812244898,9.677398162852215,4.099840017813955,17,64,,False,True,,212,59.56268577710819
9,2026-09-21T07:58:05.194+00:00,2026-09-21T07:58:16.626+00:00,2026-09-21T07:58:18.994+00:00,True,39,39.0,,39.0,11432.518714,13799.841594,13799.84165,353.84209358974357,43.055254,11432.518714,1820.7174366893305,79.19635490000002,62.29797052631579,9.665619332645672,2.8261193966861704,17,64,,False,True,,39,59.56268577710819
10,2026-09-21T07:58:05.531+00:00,2026-09-21T07:58:18.345+00:00,2026-09-21T07:58:19.197+00:00,True,14,14.0,,14.0,12813.38081,13665.723594000001,13665.723688,976.1231205714286,54.542576000000004,12813.38081,3407.0072743377827,4534.6961477,65.56482953846154,8.654101921171877,1.0244609371542364,17,64,,False,True,,16,59.56268577710819
11,2026-09-21T07:58:05.929+00:00,2026-09-21T07:58:20.614+00:00,2026-09-21T07:58:25.917+00:00,True,84,84.0,,84.0,14684.524828,19987.736603999998,19987.736639,237.94924570238095,0.0,14684.524828,1596.5295496666763,86.7346105,63.89411778313253,64.5057638033649,4.2025768932331085,17,64,,False,True,,504,59.56268577710819
12,2026-09-21T07:58:06.197+00:00,2026-09-21T07:58:21.877+00:00,2026-09-21T07:58:22.385+00:00,True,9,9.0,,9.0,15679.849172,16188.087252,16188.087094,1798.676343777778,57.213216,15679.849172,5205.443081574829,9437.6318864,63.52976,6.238539147293653,0.5559643866441399,17,64,,False,True,,45,59.56268577710819
13,2026-09-21T07:58:06.541+00:00,2026-09-21T07:58:23.788+00:00,2026-09-21T07:58:29.050+00:00,True,88,88.0,,88.0,17247.013397,22508.927252999998,22508.927173,255.78326332954543,0.0,17247.013397,1832.6217960192585,75.440533,60.481768459770116,44.38416326717985,3.909559927529257,17,64,,False,True,,660,59.56268577710819
14,2026-09-21T07:58:06.820+00:00,2026-09-21T07:58:25.183+00:00,2026-09-21T07:58:30.921+00:00,True,92,92.0,,92.0,18362.687907000003,24100.898211000003,24100.898323000005,261.96628611956527,0.0,18362.687907000003,1908.844180657806,78.9923895,63.05725608791209,61.36552804690598,3.8172851150423037,17,64,,False,True,,283,59.56268577710819
15,2026-09-21T07:58:07.179+00:00,2026-09-21T07:58:26.975+00:00,2026-09-21T07:58:31.654+00:00,True,75,75.0,,75.0,19795.945545000002,24474.665033,24474.665181000004,326.32886908,0.0,19795.945545000002,2279.0794740332776,79.989514,63.225939027027025,50.007367651629906,3.0643933185142687,17,64,,False,True,,675,59.56268577710819
16,2026-09-21T07:58:07.485+00:00,2026-09-21T07:58:28.747+00:00,2026-09-21T07:58:31.895+00:00,True,50,50.0,,50.0,21261.903738,24410.046074,24410.046085,488.20092170000004,0.0,21261.903738,2998.399383069604,78.18557849999999,64.24780277551021,60.50814411204146,2.048336977669893,17,64,,False,True,,200,59.56268577710819
17,2026-09-21T07:58:07.888+00:00,2026-09-21T07:58:30.919+00:00,2026-09-21T07:58:32.158+00:00,True,21,21.0,,21.0,23031.446840999997,24269.649208999996,24269.649169999997,1155.6975795238093,12.998992,23031.446840999997,5012.383869817385,77.844778,61.9101184,14.536895960150902,0.865278266659598,17,64,,False,True,,84,59.56268577710819
18,2026-09-21T07:58:08.323+00:00,2026-09-21T07:58:33.467+00:00,2026-09-21T07:58:35.368+00:00,True,37,37.0,,37.0,25144.079121,27044.541713,27044.541817999998,730.9335626486486,0.0,25144.079121,4126.017020228286,175.2157082,52.79062755555555,93.70380174896279,1.3681134031646218,17,64,,False,True,,62,59.56268577710819
19,2026-09-21T07:58:08.575+00:00,2026-09-21T07:58:34.196+00:00,2026-09-21T07:58:39.483+00:00,True,84,84.0,,84.0,25620.94644,30907.430664,30907.430479,367.9456009404762,0.0,25620.94644,2789.1580561296432,76.45800500000001,63.692581012048194,59.78289600506469,2.717793041847395,17,64,,False,True,,444,59.56268577710819
20,2026-09-21T07:58:08.824+00:00,2026-09-21T07:58:35.718+00:00,2026-09-21T07:58:37.074+00:00,True,22,22.0,,22.0,26894.189932999998,28250.021996999996,28250.022012999998,1284.0919096818182,49.239214999999994,26894.189932999998,5720.104129327062,85.93688844999998,64.56343161904762,10.128290136102848,0.7787604555612836,17,64,,False,True,,108,59.56268577710819
21,2026-09-21T07:58:09.064+00:00,2026-09-21T07:58:36.826+00:00,2026-09-21T07:58:42.133+00:00,True,85,85.0,,85.0,27762.161523,33069.126770999996,33069.126694,389.04854934117645,0.0,27762.161523,3005.0626905533586,78.40429599999999,63.17815771428572,64.59775482534701,2.570373284683793,17,64,,False,True,,595,59.56268577710819
22,2026-09-21T07:58:09.461+00:00,2026-09-21T07:58:38.468+00:00,2026-09-21T07:58:43.518+00:00,True,75,75.0,,75.0,29006.433431,34057.054359,34057.054386,454.09405848,0.0,29006.433431,3343.049214938558,80.3277563,68.25163416216215,102.67574542952433,2.202186930478922,17,64,,False,True,,150,59.56268577710819
23,2026-09-21T07:58:09.869+00:00,2026-09-21T07:58:41.121+00:00,2026-09-21T07:58:43.478+00:00,True,34,34.0,,34.0,31251.947575,33608.503607,33608.503638999995,988.4854011470587,0.016370000000000003,31251.947575,5348.428615993807,274.14619964999997,71.41078884848484,105.58321330546022,1.011648730261185,17,64,,False,True,,204,59.56268577710819
24,2026-09-21T07:58:10.187+00:00,2026-09-21T07:58:42.831+00:00,2026-09-21T07:58:46.990+00:00,True,66,66.0,,66.0,32643.540749000003,36802.392845,36802.392671,557.6120101666667,0.0,32643.540749000003,4011.980612794747,127.69401325000001,63.98233993846154,118.18015266832819,1.793361651183146,17,64,,False,True,,141,59.56268577710819
25,2026-09-21T07:58:10.532+00:00,2026-09-21T07:58:44.261+00:00,2026-09-21T07:58:48.221+00:00,True,63,63.0,,63.0,33729.586112000005,37689.29888,37689.299073,598.2428424285715,0.0,33729.586112000005,4242.452254522137,79.34584500000001,63.866334967741935,91.46816068089854,1.6715620049231332,17,64,,False,True,,194,59.56268577710819
26,2026-09-21T07:58:10.772+00:00,2026-09-21T07:58:45.761+00:00,2026-09-21T07:58:46.491+00:00,True,11,11.0,,11.0,34988.451062,35718.59583,35718.596008,3247.1450916363638,0.0,34988.451062,10529.67879687039,17859.298003999997,73.0144768,230.89204885352243,0.3079628340473876,17,64,,False,True,,22,59.56268577710819
27,2026-09-21T07:58:11.171+00:00,2026-09-21T07:58:47.703+00:00,2026-09-21T07:58:47.766+00:00,True,2,2.0,,2.0,36531.99344300001,36594.95024300001,36594.95036000001,18297.475180000005,62.956917000000004,36531.99344300001,25787.503030874497,34708.54161670001,62.9568,nan,0.05465234920991773,17,64,,False,True,,6,59.56268577710819
28,2026-09-21T07:58:11.421+00:00,2026-09-21T07:58:48.874+00:00,2026-09-21T07:58:51.400+00:00,True,41,41.0,,41.0,37453.176949,39979.360885,39979.360981,975.1063653902439,42.363424,37453.176949,5839.347055580283,78.130448,63.1545984,8.89695152742479,1.0255291503517492,17,64,,False,True,,68,59.56268577710819
29,2026-09-21T07:58:11.855+00:00,2026-09-21T07:58:51.096+00:00,2026-09-21T07:58:54.095+00:00,True,48,48.0,,48.0,39241.180084,42239.664052,42239.664126,879.993002625,0.0,39241.180084,5657.251021172419,126.05085989999999,63.79753123404255,169.40348355562134,1.1363726742927835,17,64,,False,True,,424,59.56268577710819
30,2026-09-21T07:58:12.292+00:00,2026-09-21T07:58:53.847+00:00,2026-09-21T07:58:56.830+00:00,True,59,59.0,,59.0,41554.954835000004,44537.318739,44537.318695,754.8698083898306,0.0,41554.954835000004,5403.364350976877,77.01886400000001,51.42006731034483,26.602495234132206,1.324731745657052,17,64,,False,True,,323,59.56268577710819
31,2026-09-21T07:58:12.718+00:00,2026-09-21T07:58:55.709+00:00,2026-09-21T07:58:59.566+00:00,True,62,62.0,,62.0,42990.796703,46848.169375,46848.169304,755.6156339354839,36.915994,42990.796703,5451.81272066255,74.8769625,63.23561757377049,8.81577140232104,1.3234241770199373,17,64,,False,True,,62,59.56268577710819
32,2026-09-21T07:58:13.134+00:00,2026-09-21T07:58:56.541+00:00,2026-09-21T07:58:57.421+00:00,True,15,15.0,,15.0,43406.790857,44286.310857,44286.311058,2952.4207372,38.041544,43406.790857,11191.368952080242,13075.310726999998,62.82285714285714,10.462243766899121,0.3387051147347728,17,64,,False,True,,60,59.56268577710819
33,2026-09-21T07:58:13.401+00:00,2026-09-21T07:58:59.428+00:00,2026-09-21T07:59:03.007+00:00,True,57,57.0,,57.0,46027.553919,49606.532735,49606.53283,870.2900496491228,0.0,46027.553919,6089.183611564643,88.18747719999999,63.910336,119.42388131235697,1.1490422099140891,17,64,,False,True,,114,59.56268577710819
34,2026-09-21T07:58:13.815+00:00,2026-09-21T07:59:01.352+00:00,2026-09-21T07:59:05.675+00:00,True,67,67.0,,67.0,47537.029205,51860.210005,51860.209883999996,774.0329833432836,0.01583,47537.029205,5800.690984532279,83.90062870000001,65.5027393939394,114.90710607141676,1.2919346063878323,17,64,,False,True,,268,59.56268577710819
35,2026-09-21T07:58:14.214+00:00,2026-09-21T07:59:03.450+00:00,2026-09-21T07:59:07.621+00:00,True,67,67.0,,67.0,49236.320802,53407.129634000004,53407.129645,797.1213379850747,0.01565,49236.320802,6008.493306751055,82.07111369999998,63.19407321212121,112.63051700657593,1.2545141530569452,17,64,,False,True,,603,59.56268577710819
36,2026-09-21T07:58:14.494+00:00,2026-09-21T07:59:05.698+00:00,2026-09-21T07:59:06.450+00:00,True,26,26.0,,26.0,51204.942126999995,51956.10142299999,51956.10142499999,1998.3115932692306,0.01508,51204.942126999995,10036.298505419834,137.23673725,30.04637184,39.793350054113056,0.500422458342694,17,64,,False,True,,269,59.56268577710819
37,2026-09-21T07:58:14.881+00:00,2026-09-21T07:59:07.064+00:00,2026-09-21T07:59:07.398+00:00,True,6,6.0,,6.0,52183.075278,52517.496269999996,52517.496343,8752.916057166665,56.211815,52183.075278,21276.346928464554,39155.8612005,66.8841984,7.368382544628149,0.11424763985611838,17,64,,False,True,,54,59.56268577710819
38,2026-09-21T07:58:15.211+00:00,2026-09-21T07:59:08.821+00:00,2026-09-21T07:59:10.712+00:00,True,30,30.0,,30.0,53609.757866,55500.693674,55500.693912,1850.0231304,0.0,53609.757866,9777.756421104757,641.2885709499999,65.20468303448276,196.32601365145158,0.5405337846084233,17,64,,False,True,,132,59.56268577710819
39,2026-09-21T07:58:15.582+00:00,2026-09-21T07:59:10.778+00:00,2026-09-21T07:59:15.649+00:00,True,77,77.0,,77.0,55196.516191,60067.491679,60067.491706,780.0972948831169,43.545904,55196.516191,6282.930479482568,80.16431100000001,64.0917827368421,9.84534732170098,1.2818913833040861,17,64,,False,True,,385,59.56268577710819
40,2026-09-21T07:58:15.944+00:00,2026-09-21T07:59:13.264+00:00,2026-09-21T07:59:13.335+00:00,True,2,2.0,,2.0,57320.007968000005,57391.60912000001,57391.60909400001,28695.804547000003,71.60112600000001,57320.007968000005,40480.736690104546,54457.58762590001,71.601152,nan,0.034848299789228834,17,64,,False,True,,6,59.56268577710819
41,2026-09-21T07:58:16.298+00:00,2026-09-21T07:59:14.776+00:00,2026-09-21T07:59:19.669+00:00,True,71,71.0,,71.0,58477.537854999995,63370.511934999995,63370.511945,892.5424217605633,0.02124,58477.537854999995,6933.768468048654,80.550422,69.89962971428572,170.10573830893762,1.1203949255266499,17,64,,False,True,,220,59.56268577710819
42,2026-09-21T07:58:16.707+00:00,2026-09-21T07:59:17.090+00:00,2026-09-21T07:59:21.313+00:00,True,60,60.0,,60.0,60383.125325,64606.217293,64606.217237000004,1076.7702872833333,0.0,60383.125325,7789.359763918901,293.288528,71.57782996610169,224.19811186734913,0.9287031885474731,17,64,,False,True,,124,59.56268577710819
43,2026-09-21T07:58:16.961+00:00,2026-09-21T07:59:19.439+00:00,2026-09-21T07:59:21.303+00:00,True,43,43.0,,43.0,62478.001336,64341.289144,64341.289300000004,1496.3090534883722,0.0,62478.001336,9522.588255097615,181.9221548,44.36399542857143,173.7672190745582,0.6683111353856028,17,64,,False,True,,172,59.56268577710819
44,2026-09-21T07:58:17.343+00:00,2026-09-21T07:59:21.302+00:00,2026-09-21T07:59:23.285+00:00,True,48,48.0,,48.0,63959.04573,65942.34429,65942.344364,1373.7988409166667,0.0,63959.04573,9225.653865641207,76.7639185,42.19784170212766,31.169006541652386,0.7279086073874854,17,64,,False,True,,126,59.56268577710819
45,2026-09-21T07:58:17.605+00:00,2026-09-21T07:59:21.734+00:00,2026-09-21T07:59:27.684+00:00,True,93,93.0,,93.0,64128.295451,70078.33295499999,70078.332904,753.5304613333333,42.439363,64128.295451,6643.095379662134,80.371227,64.67432069565217,9.922233739055434,1.3270863629093304,17,64,,False,True,,186,59.56268577710819
46,2026-09-21T07:58:18.017+00:00,2026-09-21T07:59:24.278+00:00,2026-09-21T07:59:28.044+00:00,True,59,59.0,,59.0,66260.257431,70027.168663,70027.168563,1186.901162084746,46.850754,66260.257431,8617.899850015694,78.058965,64.94674537931034,8.823960794254095,0.8425301368949052,17,64,,False,True,,273,59.56268577710819
47,2026-09-21T07:58:18.318+00:00,2026-09-21T07:59:25.677+00:00,2026-09-21T07:59:25.737+00:00,True,2,2.0,,2.0,67358.709903,67419.05831899999,67419.058479,33709.5292395,60.348576,67358.709903,47587.1276570642,63993.79183664999,60.348416,nan,0.02966520224202481,17,64,,False,True,,6,59.56268577710819
48,2026-09-21T07:58:18.666+00:00,2026-09-21T07:59:27.603+00:00,2026-09-21T07:59:31.228+00:00,True,58,58.0,,58.0,68937.116747,72561.90266699999,72561.902706,1251.0672880344825,40.438124,68937.116747,9043.542953793245,79.54669549999998,63.59273543859649,10.681542561784267,0.7993175188111142,17,64,,False,True,,117,59.56268577710819
49,2026-09-21T07:58:19.085+00:00,2026-09-21T07:59:29.599+00:00,2026-09-21T07:59:34.969+00:00,True,84,84.0,,84.0,70514.746588,75884.26774,75884.26787099999,903.3841413214285,0.0,70514.746588,7689.137850870216,76.95446865,64.69302592771085,193.54149255263192,1.1069488116800006,17,64,,False,True,,420,59.56268577710819
50,2026-09-21T07:58:19.383+00:00,2026-09-21T07:59:31.411+00:00,2026-09-21T07:59:37.129+00:00,True,91,91.0,,91.0,72028.028927,77746.69491100001,77746.69501000001,854.3592858241759,0.0,72028.028927,7547.17358072985,180.7425905,63.54073315555556,222.54671400171927,1.1704677620594883,17,64,,False,True,,547,59.56268577710819
51,2026-09-21T07:58:19.740+00:00,2026-09-21T07:59:32.936+00:00,2026-09-21T07:59:33.060+00:00,True,3,3.0,,3.0,73195.265324,73319.503148,73319.50322500001,24439.834408333336,61.190586,73195.265324,42223.44175563048,65882.04352310002,62.118912,1.3131142632261672,0.040916807550431866,17,64,,False,True,,33,59.56268577710819
52,2026-09-21T07:58:20.181+00:00,2026-09-21T07:59:35.670+00:00,2026-09-21T07:59:36.737+00:00,True,19,19.0,,19.0,75488.931808,76555.391712,76555.391662,4029.231140105263,0.038439999999999995,75488.931808,17304.781586911606,7680.340280499999,59.24777244444445,30.429276279006366,0.24818630765390967,17,64,,False,True,,83,59.56268577710819
53,2026-09-21T07:58:20.619+00:00,2026-09-21T07:59:37.779+00:00,2026-09-21T07:59:38.231+00:00,True,9,9.0,,9.0,77159.72448899999,77612.29024899998,77612.29025899999,8623.587806555553,37.643803,77159.72448899999,25701.054532732218,46325.25686379999,56.57072,13.874328640093257,0.1159610155959283,17,64,,False,True,,25,59.56268577710819
54,2026-09-21T07:58:20.966+00:00,2026-09-21T07:59:39.804+00:00,2026-09-21T07:59:41.168+00:00,True,23,23.0,,23.0,78838.647381,80201.955669,80201.955621,3487.0415487391306,46.016684,78838.647381,16426.075978916866,81.481106,61.96855854545455,10.0802853125129,0.2867760493886567,17,64,,False,True,,27,59.56268577710819
55,2026-09-21T07:58:21.345+00:00,2026-09-21T07:59:41.575+00:00,2026-09-21T07:59:46.964+00:00,True,76,76.0,,76.0,80230.54881800001,85619.779154,85619.77921200001,1126.5760422631581,0.0,80230.54881800001,9196.889197150418,78.70594200000001,71.85640448000001,195.79343915475795,0.8876453636174723,17,64,,False,True,,161,59.56268577710819
56,2026-09-21T07:58:21.625+00:00,2026-09-21T07:59:42.871+00:00,2026-09-21T07:59:47.967+00:00,True,80,80.0,,80.0,81245.967343,86341.947375,86341.94751099999,1079.2743438875,0.0,81245.967343,9078.3754577808,82.48810705,64.50607635443038,192.3502669687019,0.9265484788354879,17,64,,False,True,,240,59.56268577710819
57,2026-09-21T07:58:21.991+00:00,2026-09-21T07:59:44.701+00:00,2026-09-21T07:59:48.042+00:00,True,53,53.0,,53.0,82709.18127599999,86050.87164399998,86050.8718,1623.601354716981,0.0,82709.18127599999,11354.649489523425,77.58135060000001,64.26327630769231,240.4358179294373,0.6159147372645527,17,64,,False,True,,277,59.56268577710819
58,2026-09-21T07:58:22.386+00:00,2026-09-21T07:59:46.965+00:00,2026-09-21T07:59:49.079+00:00,True,35,35.0,,35.0,84578.911264,86692.92982399999,86692.9297,2476.9408485714284,26.121502,84578.911264,14285.940004726725,78.748533,62.177016470588235,11.503269182225257,0.4037238108235054,17,64,,False,True,,151,59.56268577710819
59,2026-09-21T07:58:22.761+00:00,2026-09-21T07:59:48.638+00:00,2026-09-21T07:59:50.101+00:00,True,25,25.0,,25.0,85876.758902,87340.03519,87340.035191,3493.60140764,42.742624000000006,85876.758902,17163.161758937284,78.51648500000002,60.96984533333334,11.891149079524677,0.286237576451794,17,64,,False,True,,217,59.56268577710819
60,2026-09-21T07:58:23.265+00:00,2026-09-21T07:59:49.214+00:00,2026-09-21T07:59:54.284+00:00,True,78,78.0,,78.0,85948.54172,91019.207448,91019.20736599999,1166.9129149487178,0.01515,85948.54172,9725.511963727018,81.68462615,65.85280166233765,154.56367653106514,0.8569619774437393,17,64,,False,True,,157,59.56268577710819
61,2026-09-21T07:58:23.553+00:00,2026-09-21T07:59:52.736+00:00,2026-09-21T07:59:55.889+00:00,True,51,51.0,,51.0,89183.44129999999,92336.88257999999,92336.882567,1810.5271091568625,0.01657,89183.44129999999,12481.008891289162,214.968154,63.068825600000004,205.65924797004607,0.5523253392902232,17,64,,False,True,,153,59.56268577710819
62,2026-09-21T07:58:23.881+00:00,2026-09-21T07:59:54.339+00:00,2026-09-21T07:59:58.263+00:00,True,64,64.0,,64.0,90457.88049600001,94381.957552,94381.95739200001,1474.7180842500002,0.0181,90457.88049600001,11299.52643261351,135.08094684999998,62.286937396825394,42.11459212625212,0.678095704517879,17,64,,False,True,,128,59.56268577710819
63,2026-09-21T07:58:24.121+00:00,2026-09-21T07:59:55.822+00:00,2026-09-21T08:00:02.885+00:00,True,94,94.0,,94.0,91701.094902,98764.23294999999,98764.233043,1050.6833302446807,0.0,91701.094902,9452.352634535553,79.1307945,75.94772094623657,192.54977736731,0.951761555699907,17,64,,False,True,,376,59.56268577710819
64,2026-09-21T07:58:24.473+00:00,2026-09-21T07:59:57.439+00:00,2026-09-21T08:00:02.877+00:00,True,70,70.0,,70.0,92966.569498,98404.34025,98404.34013699999,1405.7762876714285,0.0,92966.569498,11104.40497478421,79.48921505,78.80827176811594,222.34651645670638,0.7113507373979879,17,64,,False,True,,350,59.56268577710819
65,2026-09-21T07:58:24.915+00:00,2026-09-21T07:59:59.831+00:00,2026-09-21T08:00:03.355+00:00,True,56,56.0,,56.0,94915.411713,98440.016385,98440.016443,1757.8574364821427,0.0,94915.411713,12677.624884560915,81.18903025,64.08372130909092,258.2621398581166,0.5688743465968492,17,64,,False,True,,112,59.56268577710819
66,2026-09-21T07:58:25.340+00:00,2026-09-21T08:00:02.879+00:00,2026-09-21T08:00:04.069+00:00,True,35,35.0,,35.0,97538.938167,98728.887095,98728.887151,2820.825347171429,0.0,97538.938167,16481.20447869779,75.48965700000001,34.99849788235294,32.22953764425078,0.3545061737232175,17,64,,False,True,,141,59.56268577710819
67,2026-09-21T07:58:25.735+00:00,2026-09-21T08:00:04.000+00:00,2026-09-21T08:00:04.756+00:00,True,13,13.0,,13.0,98265.940454,99021.234662,99021.23473099999,7617.018056230769,45.753034,98265.940454,27236.61336611469,39356.0733998,62.941184,10.584434134254183,0.13128497179796153,17,64,,False,True,,65,59.56268577710819
68,2026-09-21T07:58:26.047+00:00,2026-09-21T08:00:05.503+00:00,2026-09-21T08:00:08.578+00:00,True,51,51.0,,51.0,99455.80017399999,102530.31844599999,102530.31865399999,2010.398404980392,46.584184,99455.80017399999,13917.990268809714,78.34714149999999,61.49036544,9.26227473868864,0.49741384570906555,17,64,,False,True,,197,59.56268577710819
69,2026-09-21T07:58:26.428+00:00,2026-09-21T08:00:07.264+00:00,2026-09-21T08:00:09.850+00:00,True,44,44.0,,44.0,100836.34779,103421.82107,103421.821117,2350.495934477273,44.521843999999994,100836.34779,15192.589681216206,75.859203,60.12728558139535,9.347141821459205,0.42544213150355426,17,64,,True,True,,157,59.56268577710819
70,2026-09-21T07:58:26.795+00:00,2026-09-21T08:00:09.342+00:00,2026-09-21T08:00:10.957+00:00,True,27,27.0,,27.0,102546.569794,104162.055746,104162.055696,3857.8539146666667,45.262983999999996,102546.569794,19723.140836709237,77.54944330000001,62.13407507692308,9.026984930920086,0.259211473954006,17,64,,True,True,,200,59.56268577710819
71,2026-09-21T07:58:27.068+00:00,2026-09-21T08:00:11.014+00:00,2026-09-21T08:00:16.140+00:00,True,82,82.0,,82.0,103945.74015299999,109071.14866499999,109071.14859299999,1330.1359584512195,41.216553999999995,103945.74015299999,11471.902510783797,76.6311516,63.2766482962963,9.060005571566714,0.7518028461573644,17,64,,True,True,,378,59.56268577710819
72,2026-09-21T07:58:27.394+00:00,2026-09-21T08:00:12.652+00:00,2026-09-21T08:00:13.863+00:00,True,20,20.0,,20.0,105258.01618400001,106469.021624,106469.02174000001,5323.451087,45.081163999999994,105258.01618400001,23522.15756508083,5336.374100850001,63.73712842105263,9.147870959069465,0.18784806786927066,17,64,,True,True,,100,59.56268577710819
73,2026-09-21T07:58:27.787+00:00,2026-09-21T08:00:14.665+00:00,2026-09-21T08:00:19.746+00:00,True,81,81.0,,81.0,106878.519579,111959.651099,111959.651198,1382.2179160246912,39.084362999999996,106878.519579,11868.33798503777,78.129155,63.514144,9.86413116819327,0.7234749233755291,17,64,,True,True,,162,59.56268577710819
74,2026-09-21T07:58:28.141+00:00,2026-09-21T08:00:16.553+00:00,2026-09-21T08:00:19.412+00:00,True,46,46.0,,46.0,108411.878419,111270.842131,111270.842087,2418.931349717391,43.958304,108411.878419,15975.095310076378,76.9312785,63.53252693333333,10.298006588851171,0.4134056965781193,17,64,,True,True,,184,59.56268577710819
75,2026-09-21T07:58:28.581+00:00,2026-09-21T08:00:18.732+00:00,2026-09-21T08:00:18.806+00:00,True,2,2.0,,2.0,110150.80687,110225.13007,110225.130075,55112.5650375,74.323205,110150.80687,77835.82804869172,104646.98268675001,74.3232,nan,0.018144682603049522,17,64,,True,True,,11,59.56268577710819
76,2026-09-21T07:58:28.929+00:00,2026-09-21T08:00:20.522+00:00,2026-09-21T08:00:23.360+00:00,True,47,47.0,,47.0,111592.86630699999,114430.57997099998,114430.579938,2434.6931901702123,46.786184,111592.86630699999,16268.496444832434,76.221517,61.68942747826087,8.703326450162502,0.4107293698232689,17,64,,True,True,,51,59.56268577710819
77,2026-09-21T07:58:29.296+00:00,2026-09-21T08:00:21.912+00:00,2026-09-21T08:00:23.556+00:00,True,28,28.0,,28.0,112615.461922,114259.606562,114259.606554,4080.7002340714284,47.262234,112615.461922,21270.815741145947,78.07126464999999,60.89424592592592,8.94921863237242,0.24505598122120725,17,64,,True,True,,28,59.56268577710819
78,2026-09-21T07:58:29.714+00:00,2026-09-21T08:00:24.434+00:00,2026-09-21T08:00:29.716+00:00,True,85,85.0,,85.0,114719.999916,120002.612396,120002.6124,1411.79544,45.521704,114719.999916,12436.313453170886,77.23429600000001,62.88824380952381,9.505680761423484,0.7083179132759719,17,64,,True,True,,426,59.56268577710819
79,2026-09-21T07:58:30.078+00:00,2026-09-21T08:00:26.520+00:00,2026-09-21T08:00:30.962+00:00,True,72,72.0,,72.0,116441.811113,120883.812777,120883.812884,1678.9418456111111,45.065614000000004,116441.811113,13715.429270827626,76.7410805,62.56340371830986,9.721703875148597,0.595613245032416,17,64,,True,True,,288,59.56268577710819
80,2026-09-21T07:58:30.424+00:00,2026-09-21T08:00:28.066+00:00,2026-09-21T08:00:29.718+00:00,True,28,28.0,,28.0,117642.316773,119294.083813,119294.083776,4260.502992,45.617034,117642.316773,22220.74865144012,76.40321935,61.176557037037036,9.12043058140046,0.23471407051410473,17,64,,True,True,,244,59.56268577710819
81,2026-09-21T07:58:30.690+00:00,2026-09-21T08:00:29.295+00:00,2026-09-21T08:00:31.041+00:00,True,29,29.0,,29.0,118605.066016,120350.558752,120350.558696,4150.01926537931,42.443683,118605.066016,22012.833950252087,78.68942200000001,62.33902628571428,9.960751390615405,0.2409627366978724,17,64,,True,True,,145,59.56268577710819
82,2026-09-21T07:58:31.045+00:00,2026-09-21T08:00:31.403+00:00,2026-09-21T08:00:33.571+00:00,True,34,34.0,,34.0,120358.211617,122526.624545,122526.624688,3603.7242555294115,44.747223,120358.211617,20629.995705614074,77.03913285,65.70948266666666,8.720048515309687,0.2774907096825549,17,64,,True,True,,102,59.56268577710819
83,2026-09-21T07:58:31.366+00:00,2026-09-21T08:00:32.982+00:00,2026-09-21T08:00:34.371+00:00,True,22,22.0,,22.0,121615.98604999999,123005.92499399999,123005.92516299999,5591.1784165,42.093013,121615.98604999999,25914.50569336283,78.58626250000002,66.18756876190476,9.290326883206953,0.1788531731383925,17,64,,True,True,,64,59.56268577710819
84,2026-09-21T07:58:31.724+00:00,2026-09-21T08:00:34.446+00:00,2026-09-21T08:00:38.662+00:00,True,70,70.0,,70.0,122722.21603200001,126938.10134400001,126938.10133500001,1813.4014476428572,43.280103000000004,122722.21603200001,14660.81057254008,76.10576299999998,61.099787130434784,9.50048687862806,0.5514498740634323,17,64,,True,True,,350,59.56268577710819
85,2026-09-21T07:58:32.009+00:00,2026-09-21T08:00:36.192+00:00,2026-09-21T08:00:40.298+00:00,True,66,66.0,,66.0,124183.764091,128288.958075,128288.95820600001,1943.7720940303032,42.523923,124183.764091,15278.193848355111,76.87135,63.15683052307692,10.026881683494514,0.5144636061461753,17,64,,True,True,,198,59.56268577710819
86,2026-09-21T07:58:32.429+00:00,2026-09-21T08:00:38.392+00:00,2026-09-21T08:00:38.392+00:00,True,1,1.0,,1.0,125963.042082,125963.042082,125963.042082,125963.042082,125963.042082,125963.042082,nan,125963.042082,nan,nan,0.007938836530710456,17,64,,True,True,,2,59.56268577710819
87,2026-09-21T07:58:32.737+00:00,2026-09-21T08:00:39.889+00:00,2026-09-21T08:00:40.296+00:00,True,7,7.0,,7.0,127151.59305,127559.44969,127559.44962099999,18222.778517285715,48.824563999999995,127151.59305,48033.093299968954,89029.55672279999,67.97610666666667,10.680473144418176,0.05487637346360208,17,64,,True,True,,20,59.56268577710819
89,2026-09-21T07:58:33.437+00:00,2026-09-21T08:00:42.281+00:00,2026-09-21T08:00:45.250+00:00,True,47,47.0,,47.0,128844.526345,131813.12640900002,131813.126207,2804.534600148936,44.715143,128844.526345,18784.49478169065,80.128191,64.534784,9.61428609879004,0.35656539891303957,17,64,,True,True,,140,59.56268577710819
88,2026-09-21T07:58:33.370+00:00,2026-09-21T08:00:43.833+00:00,2026-09-21T08:00:44.224+00:00,True,7,7.0,,7.0,130463.825338,130854.429114,130854.429317,18693.48990242857,45.948673,130463.825338,49286.086308546815,91348.1375644,65.10062933333333,11.174963714398194,0.05349455916315695,17,64,,True,True,,28,59.56268577710819
90,2026-09-21T07:58:33.764+00:00,2026-09-21T08:00:45.746+00:00,2026-09-21T08:00:47.763+00:00,True,32,32.0,,32.0,131982.299848,133998.579144,133998.579159,4187.45559871875,45.010323,131982.299848,23319.899115128614,79.9703495,65.04126761290323,10.038112983873221,0.23880850233204023,17,64,,True,True,,166,59.56268577710819
91,2026-09-21T07:58:34.029+00:00,2026-09-21T08:00:47.127+00:00,2026-09-21T08:00:51.365+00:00,True,68,68.0,,68.0,133098.235324,137335.92671600002,137335.92673,2019.6459813235294,40.576353000000005,133098.235324,16132.864162324688,76.03814799999999,63.24912525373134,8.86194541211263,0.49513628098653817,17,64,,True,True,,102,59.56268577710819
92,2026-09-21T07:58:34.403+00:00,2026-09-21T08:00:48.850+00:00,2026-09-21T08:00:52.685+00:00,True,62,62.0,,62.0,134447.880884,138282.848436,138282.84863800002,2230.368526419355,44.914953000000004,134447.880884,17066.91599880396,77.86737754999999,62.86832052459017,9.005067132936965,0.44835639922976284,17,64,,True,True,,248,59.56268577710819
93,2026-09-21T07:58:34.663+00:00,2026-09-21T08:00:50.501+00:00,2026-09-21T08:00:54.650+00:00,True,66,66.0,,66.0,135838.20302900003,139987.188117,139987.188098,2121.018001484849,44.228972999999996,135838.20302900003,16712.672929609016,78.44612575,63.83053981538462,10.063252442918552,0.471471717432011,17,64,,True,True,,198,59.56268577710819
94,2026-09-21T07:58:34.958+00:00,2026-09-21T08:00:51.961+00:00,2026-09-21T08:00:58.117+00:00,True,99,99.0,,99.0,137003.401317,143159.310693,143159.310785,1446.0536442929294,42.365453,137003.401317,13763.050184024989,77.73466499999999,62.81540179591837,9.802572917651174,0.6915372777415919,17,64,,True,True,,197,59.56268577710819
95,2026-09-21T07:58:35.284+00:00,2026-09-21T08:00:53.723+00:00,2026-09-21T08:00:54.149+00:00,True,8,8.0,,8.0,138438.94353400002,138864.62852600001,138864.62846500002,17358.078558125002,52.227954,138438.94353400002,48924.05804415837,90011.37938785001,60.812141714285715,7.5804507039349955,0.0576100630154506,17,64,,True,True,,41,59.56268577710819
96,2026-09-21T07:58:35.628+00:00,2026-09-21T08:00:55.615+00:00,2026-09-21T08:01:01.324+00:00,True,91,91.0,,91.0,139986.649219,145695.928451,145695.928614,1601.0541605934068,42.334753,139986.649219,14667.941871628838,78.014501,63.43643591111111,10.398919242422718,0.6245884903407224,17,64,,True,True,,273,59.56268577710819
97,2026-09-21T07:58:36.038+00:00,2026-09-21T08:00:57.635+00:00,2026-09-21T08:00:58.814+00:00,True,20,20.0,,20.0,141597.284977,142775.745137,142775.745145,7138.78725725,49.457114000000004,141597.284977,31648.247595716814,7153.4558335500005,62.02421894736842,8.83764830099278,0.1400798152431918,17,64,,True,True,,59,59.56268577710819
98,2026-09-21T07:58:36.451+00:00,2026-09-21T08:00:59.665+00:00,2026-09-21T08:01:02.061+00:00,True,38,38.0,,38.0,143213.94409499998,145609.897247,145609.897293,3831.8394024473682,45.072684,143213.94409499998,23221.867311598147,78.69697365,64.7554905945946,10.929865263738177,0.26097127131090614,17,64,,True,True,,196,59.56268577710819
99,2026-09-21T07:58:36.792+00:00,2026-09-21T08:01:01.460+00:00,2026-09-21T08:01:03.675+00:00,True,35,35.0,,35.0,144668.71756299998,146883.23532299997,146883.235268,4196.6638648,45.494174,144668.71756299998,24442.469089133523,78.59165300000001,65.13287529411764,10.331534476454582,0.23828451166012315,17,64,,True,True,,140,59.56268577710819
100,2026-09-21T07:58:37.098+00:00,2026-09-21T08:01:03.066+00:00,2026-09-21T08:01:04.150+00:00,True,18,18.0,,18.0,145968.32252000002,147052.64584800001,147052.645641,8169.591424500001,50.619694,145968.32252000002,34390.03052099663,21959.795436600005,63.78372517647058,8.20940631020828,0.12240514202379996,17,64,,True,True,,54,59.56268577710819
101,2026-09-21T07:58:37.412+00:00,2026-09-21T08:01:04.696+00:00,2026-09-21T08:01:08.813+00:00,True,66,66.0,,66.0,147283.784648,151401.113032,151401.113114,2293.9562593030305,46.209523999999995,147283.784648,18121.58594050427,78.79639025,63.3435136,9.278447597248496,0.4359281030255723,17,64,,True,True,,198,59.56268577710819
102,2026-09-21T07:58:37.808+00:00,2026-09-21T08:01:07.000+00:00,2026-09-21T08:01:10.359+00:00,True,54,54.0,,54.0,149192.234039,152551.765303,152551.765409,2825.032692759259,41.466924,149192.234039,20293.86834309257,78.4378165,63.38738233962264,10.713471867594382,0.3539782046621657,17,64,,True,True,,98,59.56268577710819
103,2026-09-21T07:58:38.094+00:00,2026-09-21T08:01:08.676+00:00,2026-09-21T08:01:11.536+00:00,True,46,46.0,,46.0,150581.308514,153441.991522,153441.991657,3335.695470804348,41.727273999999994,150581.308514,22192.632346986695,79.67663599999999,63.57073351111111,10.974205415054978,0.2997875584364054,17,64,,True,True,,184,59.56268577710819
104,2026-09-21T07:58:38.370+00:00,2026-09-21T08:01:10.100+00:00,2026-09-21T08:01:14.102+00:00,True,63,63.0,,63.0,151729.684271,155731.941167,155731.94103800002,2471.9355720317462,47.384913999999995,151729.684271,19108.013941272486,81.747181,64.55253058064515,11.509303344703238,0.4045412875990649,17,64,,True,True,,315,59.56268577710819
105,2026-09-21T07:58:38.682+00:00,2026-09-21T08:01:12.108+00:00,2026-09-21T08:01:15.945+00:00,True,61,61.0,,61.0,153426.462338,157263.385218,157263.385033,2578.0882792295083,46.530593,153426.462338,19636.060804875207,77.698257,63.94871466666667,11.05752602709926,0.38788431213941643,17,64,,True,True,,248,59.56268577710819
106,2026-09-21T07:58:39.122+00:00,2026-09-21T08:01:14.507+00:00,2026-09-21T08:01:20.441+00:00,True,95,95.0,,95.0,155384.45157,161318.634738,161318.63453100002,1698.0908898,40.650003,155384.45157,15935.634600095134,78.2966166,63.12960817021277,10.160789952393259,0.588896627809248,17,64,,True,True,,412,59.56268577710819
107,2026-09-21T07:58:39.436+00:00,2026-09-21T08:01:16.091+00:00,2026-09-21T08:01:16.277+00:00,True,4,4.0,,4.0,156655.46371399998,156841.32432199997,156841.32437899997,39210.33109474999,56.449525,156655.46371399998,78296.75531242607,133167.69840529998,61.953536,7.396727112182522,0.025503482690492203,17,64,,True,True,,18,59.56268577710819
108,2026-09-21T07:58:39.765+00:00,2026-09-21T08:01:17.665+00:00,2026-09-21T08:01:22.208+00:00,True,73,73.0,,73.0,157899.674387,162442.49345900002,162442.49332900002,2225.239634643836,44.383592,157899.674387,18473.37707563903,76.9071456,63.094709333333334,10.095899481109031,0.4493898021728223,17,64,,True,True,,292,59.56268577710819
109,2026-09-21T07:58:40.172+00:00,2026-09-21T08:01:19.829+00:00,2026-09-21T08:01:20.029+00:00,True,4,4.0,,4.0,159657.451967,159856.930495,159856.930572,39964.232643,64.172645,159657.451967,79795.47958762749,135719.3218457,66.49284266666666,3.0278512560066972,0.02502237461719004,17,64,,True,True,,23,59.56268577710819
110,2026-09-21T07:58:40.440+00:00,2026-09-21T08:01:21.309+00:00,2026-09-21T08:01:25.397+00:00,True,65,65.0,,65.0,160869.275309,164957.362093,164957.362001,2537.8055692461535,41.813262,160869.275309,19945.4572140441,78.1515224,63.876356,9.515237870689301,0.3940412187444787,17,64,,True,True,,194,59.56268577710819
111,2026-09-21T07:58:40.746+00:00,2026-09-21T08:01:22.952+00:00,2026-09-21T08:01:28.833+00:00,True,94,94.0,,94.0,162205.507207,168086.40883899998,168086.408845,1788.1532855851062,43.274982,162205.507207,16723.70087486106,76.53819170000001,63.23550141935484,9.156077972866779,0.5592361729260159,17,64,,True,True,,846,59.56268577710819
112,2026-09-21T07:58:41.138+00:00,2026-09-21T08:01:24.925+00:00,2026-09-21T08:01:27.993+00:00,True,50,50.0,,50.0,163786.93741299998,166854.41568499999,166854.41551899997,3337.0883103799997,47.296813,163786.93741299998,23154.119475044277,78.2464991,62.601597387755106,9.363050438303874,0.29966243203532394,17,64,,True,True,,106,59.56268577710819
113,2026-09-21T07:58:41.484+00:00,2026-09-21T08:01:26.718+00:00,2026-09-21T08:01:30.147+00:00,True,56,56.0,,56.0,165233.560875,168662.34986699998,168662.34975,3011.8276741071427,42.360213,165233.560875,22071.93472353635,76.9690515,62.34161803636364,9.785736147101753,0.33202430799855,17,64,,True,True,,272,59.56268577710819
114,2026-09-21T07:58:41.744+00:00,2026-09-21T08:01:27.940+00:00,2026-09-21T08:01:32.621+00:00,True,76,76.0,,76.0,166195.717154,170877.13257800002,170877.132446,2248.383321657895,40.922792,166195.717154,19056.798647647283,76.637149,62.41887232,9.577527108327876,0.44476401759204615,17,64,,True,True,,228,59.56268577710819
115,2026-09-21T07:58:42.098+00:00,2026-09-21T08:01:29.507+00:00,2026-09-21T08:01:33.550+00:00,True,66,66.0,,66.0,167408.253431,171451.571447,171451.57152,2597.7510836363635,45.307603,167408.253431,20598.876223026313,74.99517399999999,62.20489255384615,8.179676782457602,0.38494835272129463,17,64,,True,True,,137,59.56268577710819
116,2026-09-21T07:58:42.535+00:00,2026-09-21T08:01:31.828+00:00,2026-09-21T08:01:36.202+00:00,True,70,70.0,,70.0,169292.871582,173667.34326199998,173667.34335799998,2480.9620479714285,41.897303,169292.871582,20226.7928066584,74.474415,63.39814028985507,9.030815661294683,0.40306944693911634,17,64,,True,True,,212,59.56268577710819
117,2026-09-21T07:58:43.499+00:00,2026-09-21T08:01:36.022+00:00,2026-09-21T08:01:40.099+00:00,True,65,65.0,,65.0,172523.30920699998,176600.633495,176600.63336799998,2716.9328210461535,42.127252,172523.30920699998,21390.983101324542,77.8721462,63.708192,9.914685291506572,0.36806209985560623,17,64,,True,True,,455,59.56268577710819
118,2026-09-21T07:58:43.585+00:00,2026-09-21T08:01:37.003+00:00,2026-09-21T08:01:41.691+00:00,True,74,74.0,,74.0,173418.600662,178106.54639,178106.54634600002,2406.845220891892,46.099282,173418.600662,20152.039661362334,78.695408,64.21843463013698,9.178196028824551,0.41548164006258453,17,64,,True,True,,221,59.56268577710819
119,2026-09-21T07:58:43.750+00:00,2026-09-21T08:01:38.130+00:00,2026-09-21T08:01:38.130+00:00,True,1,1.0,,1.0,174379.857986,174379.857986,174379.857986,174379.857986,174379.857986,174379.857986,nan,174379.857986,nan,nan,0.005734607262269273,17,64,,True,True,,2,59.56268577710819
120,2026-09-21T07:58:44.095+00:00,2026-09-21T08:01:39.544+00:00,2026-09-21T08:01:44.480+00:00,True,81,81.0,,81.0,175448.73218700002,180384.884507,180384.88442400002,2226.973881777778,42.495062,175448.73218700002,19487.44982681955,77.15538400000001,61.701904,8.923343375803126,0.44903984178816664,17,64,,True,True,,324,59.56268577710819
121,2026-09-21T07:58:44.478+00:00,2026-09-21T08:01:41.441+00:00,2026-09-21T08:01:46.778+00:00,True,88,88.0,,88.0,176963.409039,182300.31220699998,182300.312148,2071.5944562272725,41.345304,176963.409039,18857.825998201955,76.36383980000001,61.34371457471264,9.712000084009922,0.4827199632004852,17,64,,True,True,,263,59.56268577710819
122,2026-09-21T07:58:44.872+00:00,2026-09-21T08:01:43.552+00:00,2026-09-21T08:01:43.862+00:00,True,6,6.0,,6.0,178680.094502,178989.93078999998,178989.9308,29831.655133333334,55.974604,178680.094502,72920.54531849088,134028.23266975,61.9672576,6.417675854885537,0.03352143873969929,17,64,,True,True,,30,59.56268577710819
123,2026-09-21T07:58:45.226+00:00,2026-09-21T08:01:45.370+00:00,2026-09-21T08:01:47.232+00:00,True,31,31.0,,31.0,180143.664686,182005.66481400002,182005.664885,5871.15048016129,45.663613,180143.664686,32343.611062436044,77.425665,62.06667093333333,9.189335203292906,0.17032436892379327,17,64,,True,True,,36,59.56268577710819
124,2026-09-21T07:58:45.602+00:00,2026-09-21T08:01:47.177+00:00,2026-09-21T08:01:47.177+00:00,True,1,1.0,,1.0,181575.17867300002,181575.17867300002,181575.17867300002,181575.17867300002,181575.17867300002,181575.17867300002,nan,181575.17867300002,nan,nan,0.005507360682821669,17,64,,True,True,,3,59.56268577710819
125,2026-09-21T07:58:45.907+00:00,2026-09-21T08:01:48.908+00:00,2026-09-21T08:01:50.125+00:00,True,21,21.0,,21.0,183001.167264,184217.94345599998,184217.94331,8772.283014761904,49.134243000000005,183001.167264,39920.85328329352,80.330464,60.838809600000005,8.030381378775024,0.1139954100346137,17,64,,True,True,,21,59.56268577710819
126,2026-09-21T07:58:46.198+00:00,2026-09-21T08:01:50.711+00:00,2026-09-21T08:01:53.708+00:00,True,48,48.0,,48.0,184513.64496200002,187510.48361800003,187510.48360600002,3906.4684084583337,43.933492,184513.64496200002,26623.04900056271,78.22226635,63.76252459574469,9.563684945867074,0.25598568716715875,17,64,,True,True,,282,59.56268577710819
127,2026-09-21T07:58:46.539+00:00,2026-09-21T08:01:51.683+00:00,2026-09-21T08:01:54.064+00:00,True,39,39.0,,39.0,185143.979169,187524.916129,187524.916089,4808.331181769231,47.051212,185143.979169,29636.731740142663,75.86172789999999,62.65623578947368,8.52868069055659,0.20797236338008315,17,64,,True,True,,169,59.56268577710819
128,2026-09-21T07:58:46.910+00:00,2026-09-21T08:01:53.645+00:00,2026-09-21T08:01:54.684+00:00,True,17,17.0,,17.0,186735.54280700002,187774.77890300003,187774.778832,11045.575225411765,42.128101,186735.54280700002,45274.269480815965,37410.816780600006,64.952256,10.421802947668816,0.09053399023721814,17,64,,True,True,,17,59.56268577710819
129,2026-09-21T07:58:47.288+00:00,2026-09-21T08:01:55.739+00:00,2026-09-21T08:01:56.531+00:00,True,14,14.0,,14.0,188451.38688,189243.2832,189243.283253,13517.377375214286,44.494442,188451.38688,50349.472399065104,66007.70772610001,60.915101538461535,10.170373500623274,0.07397884756207823,17,64,,True,True,,70,59.56268577710819
130,2026-09-21T07:58:47.547+00:00,2026-09-21T08:01:56.923+00:00,2026-09-21T08:02:00.244+00:00,True,53,53.0,,53.0,189376.044707,192697.140387,192697.140587,3635.7951054150944,44.208222,189376.044707,26004.029023412706,77.43315100000001,63.867224615384615,9.10283863172884,0.2750430021616219,17,64,,True,True,,256,59.56268577710819
131,2026-09-21T07:58:47.873+00:00,2026-09-21T08:01:58.621+00:00,2026-09-21T08:02:04.355+00:00,True,93,93.0,,93.0,190747.639115,196481.708875,196481.708855,2112.706546827957,44.222772,190747.639115,19773.147613692567,77.2286806,62.3268452173913,8.581276409106765,0.4733265021588641,17,64,,True,True,,99,59.56268577710819
132,2026-09-21T07:58:48.296+00:00,2026-09-21T08:02:01.104+00:00,2026-09-21T08:02:05.404+00:00,True,70,70.0,,70.0,192807.630225,197107.566225,197107.566218,2815.8223745428572,41.322953,192807.630225,23037.472773498772,76.565951,62.317913043478256,8.687903550592564,0.3551360373456917,17,64,,True,True,,144,59.56268577710819
133,2026-09-21T07:58:48.578+00:00,2026-09-21T08:02:02.996+00:00,2026-09-21T08:02:05.399+00:00,True,39,39.0,,39.0,194418.20345899998,196820.955715,196820.955689,5046.69117151282,45.248372,194418.20345899998,31121.704220847678,76.720414,63.23032252631579,8.720276879937684,0.19814963228037896,17,64,,True,True,,117,59.56268577710819
134,2026-09-21T07:58:48.848+00:00,2026-09-21T08:02:04.292+00:00,2026-09-21T08:02:08.036+00:00,True,60,60.0,,60.0,195443.58144100002,199187.59372900001,199187.593743,3319.7932290500003,49.423973,195443.58144100002,25223.466995288596,76.82267845,63.45783538983051,8.76915422308697,0.3012235796253033,17,64,,True,True,,180,59.56268577710819
135,2026-09-21T07:58:49.231+00:00,2026-09-21T08:02:06.332+00:00,2026-09-21T08:02:12.449+00:00,True,98,98.0,,98.0,197100.678071,203217.59506300002,203217.595012,2073.6489286938777,42.375312,197100.678071,19903.80670853716,74.81740085,63.06099991752578,8.227155959323367,0.4822417073168235,17,64,,True,True,,196,59.56268577710819
136,2026-09-21T07:58:49.554+00:00,2026-09-21T08:02:08.170+00:00,2026-09-21T08:02:09.689+00:00,True,25,25.0,,25.0,198615.57244699998,200134.22665499998,200134.226599,8005.369063959999,51.073522,198615.57244699998,39710.459862507865,77.09766680000001,63.27725866666666,8.265576822154939,0.12491616460534799,17,64,,True,True,,225,59.56268577710819
137,2026-09-21T07:58:49.928+00:00,2026-09-21T08:02:09.985+00:00,2026-09-21T08:02:11.234+00:00,True,21,21.0,,21.0,200056.596976,201306.2876,201306.287494,9586.013690190477,44.735262000000006,200056.596976,43642.2939083118,75.076284,62.484531200000006,7.607076098913788,0.10431864921043826,17,64,,True,True,,104,59.56268577710819
138,2026-09-21T07:58:50.364+00:00,2026-09-21T08:02:12.574+00:00,2026-09-21T08:02:15.192+00:00,True,43,43.0,,43.0,202210.238461,204828.261373,204828.261473,4763.447941232558,43.319223,202210.238461,30827.268203218267,77.06718989999999,62.33387885714286,10.540422528644982,0.20993196794115915,17,64,,True,True,,215,59.56268577710819
139,2026-09-21T07:58:50.700+00:00,2026-09-21T08:02:14.459+00:00,2026-09-21T08:02:18.907+00:00,True,71,71.0,,71.0,203759.09606,208207.593724,208207.59382900002,2932.5013215352114,42.839202,203759.09606,24174.215804870393,78.3283435,63.549966628571426,9.926990410779949,0.3410058141016586,17,64,,True,True,,146,59.56268577710819
140,2026-09-21T07:58:51.133+00:00,2026-09-21T08:02:16.728+00:00,2026-09-21T08:02:19.437+00:00,True,44,44.0,,44.0,205594.729946,208304.151258,208304.151373,4734.185258477273,40.952122,205594.729946,30985.074186893766,78.825427,63.00979795348837,9.883629524895545,0.2112295877651654,17,64,,True,True,,176,59.56268577710819
141,2026-09-21T07:58:51.533+00:00,2026-09-21T08:02:19.038+00:00,2026-09-21T08:02:24.856+00:00,True,94,94.0,,94.0,207504.807389,213322.475229,213322.475204,2269.3880340851065,44.474582999999996,207504.807389,21396.03656042065,78.47470415,62.55556817204301,9.232277454651483,0.44064742779255556,17,64,,True,True,,503,59.56268577710819
142,2026-09-21T07:58:51.813+00:00,2026-09-21T08:02:20.445+00:00,2026-09-21T08:02:23.436+00:00,True,49,49.0,,49.0,208631.872826,211622.342202,211622.342278,4318.823311795919,44.177823,208631.872826,29795.654662673456,78.738908,62.301445333333334,9.894091466321823,0.2315445500231162,17,64,,True,True,,196,59.56268577710819
143,2026-09-21T07:58:52.082+00:00,2026-09-21T08:02:21.934+00:00,2026-09-21T08:02:22.581+00:00,True,12,12.0,,12.0,209851.851769,210498.558713,210498.558604,17541.546550333333,45.504192,209851.851769,60562.04069175335,94474.52392025,58.791540363636365,10.261657783652302,0.05700751621943957,17,64,,True,True,,6,59.56268577710819
144,2026-09-21T07:58:52.512+00:00,2026-09-21T08:02:24.132+00:00,2026-09-21T08:02:25.047+00:00,True,16,16.0,,16.0,211619.634624,212535.088064,212535.087883,13283.4429926875,44.187262000000004,211619.634624,52889.65223679827,52962.310464,61.03022933333334,11.342288839328196,0.07528168711220978,17,64,,True,True,,94,59.56268577710819
145,2026-09-21T07:58:52.848+00:00,2026-09-21T08:02:25.754+00:00,2026-09-21T08:02:28.752+00:00,True,50,50.0,,50.0,212906.846277,215904.786501,215904.78642000002,4318.0957284,45.883542,212906.846277,30100.923479748886,74.57788599999999,61.18245355102041,7.965262340676078,0.2315835642660401,17,64,,True,True,,200,59.56268577710819
146,2026-09-21T07:58:53.671+00:00,2026-09-21T08:02:26.171+00:00,2026-09-21T08:02:30.951+00:00,True,78,78.0,,78.0,212500.368794,217279.79433,217279.79436200002,2785.6383892564104,42.781331,212500.368794,24053.90217542952,77.6182543,62.07046150649351,8.658173822582341,0.3589841395078607,17,64,,True,True,,340,59.56268577710819
147,2026-09-21T07:58:53.844+00:00,2026-09-21T08:02:31.258+00:00,2026-09-21T08:02:32.470+00:00,True,20,20.0,,20.0,217414.933424,218626.68331199998,218626.683437,10931.33417185,49.832421000000004,217414.933424,48601.19704924547,10943.910135549999,63.77630989473684,9.179003059408759,0.09148014184278777,17,64,,True,True,,70,59.56268577710819
148,2026-09-21T07:58:54.012+00:00,2026-09-21T08:02:32.142+00:00,2026-09-21T08:02:35.826+00:00,True,58,58.0,,58.0,218130.138938,221813.756986,221813.757037,3824.375121327586,42.79398200000001,218130.138938,28633.40646249692,78.735602,64.62487803508772,9.90071368843534,0.26148062585523374,17,64,,True,True,,176,59.56268577710819
149,2026-09-21T07:58:54.309+00:00,2026-09-21T08:02:33.554+00:00,2026-09-21T08:02:36.785+00:00,True,51,51.0,,51.0,219245.78513600002,222476.84792000003,222476.847769,4362.291132725491,46.723192000000004,219245.78513600002,30691.50393702556,79.5564625,64.62125568,11.411455854232093,0.22923733627482432,17,64,,True,True,,153,59.56268577710819
150,2026-09-21T07:58:54.590+00:00,2026-09-21T08:02:35.064+00:00,2026-09-21T08:02:38.545+00:00,True,56,56.0,,56.0,220474.40347999998,223954.50792799998,223954.507922,3999.187641464285,44.234722000000005,220474.40347999998,29453.67775273886,76.21268775,63.27462632727273,10.21263606233172,0.25005078271522746,17,64,,True,True,,113,59.56268577710819
151,2026-09-21T07:58:54.864+00:00,2026-09-21T08:02:36.444+00:00,2026-09-21T08:02:42.168+00:00,True,92,92.0,,92.0,221580.08902,227304.3591,227304.35919000002,2470.6995564130434,42.444790999999995,221580.08902,23094.764910102527,75.68921350000001,62.904066813186816,9.4153954243838,0.4047436677601314,17,64,,True,True,,186,59.56268577710819
152,2026-09-21T07:58:55.254+00:00,2026-09-21T08:02:38.208+00:00,2026-09-21T08:02:40.352+00:00,True,36,36.0,,36.0,222954.23274099999,225098.635173,225098.63516699997,6252.73986575,46.099012,222954.23274099999,37148.82837849171,77.34421474999999,61.26864091428571,8.868959316634598,0.15992989016717996,17,64,,True,True,,227,59.56268577710819
153,2026-09-21T07:58:55.640+00:00,2026-09-21T08:02:40.108+00:00,2026-09-21T08:02:43.918+00:00,True,60,60.0,,60.0,224468.16632800002,228278.50924,228278.50921100003,3804.6418201833335,42.757583,224468.16632800002,28970.379881494944,81.729682,64.58208325423729,10.091387429738045,0.2628368312013075,17,64,,True,True,,306,59.56268577710819
154,2026-09-21T07:58:56.018+00:00,2026-09-21T08:02:42.112+00:00,2026-09-21T08:02:46.865+00:00,True,76,76.0,,76.0,226094.58134900001,230847.562597,230847.56249600003,3037.4679275789476,44.617011,226094.58134900001,25927.559901876633,77.87219125,63.373083306666665,10.6070448198648,0.32922158304385607,17,64,,True,True,,375,59.56268577710819
155,2026-09-21T07:58:56.348+00:00,2026-09-21T08:02:43.919+00:00,2026-09-21T08:02:47.834+00:00,True,63,63.0,,63.0,227570.91917699997,231486.752009,231486.75217499997,3674.3928916666664,44.547681,227570.91917699997,28663.285086074113,75.97403789999998,63.15859406451613,9.270537704318784,0.27215380341744405,17,64,,True,True,,189,59.56268577710819
156,2026-09-21T07:58:56.645+00:00,2026-09-21T08:02:45.762+00:00,2026-09-21T08:02:48.901+00:00,True,50,50.0,,50.0,229117.106281,232256.571241,232256.57136099998,4645.13142722,44.333151,229117.106281,32392.992050584635,77.13640950000001,64.07071346938775,8.570688276512014,0.21527916188910637,17,64,,True,True,,50,59.56268577710819
157,2026-09-21T07:58:56.965+00:00,2026-09-21T08:02:47.203+00:00,2026-09-21T08:02:50.014+00:00,True,46,46.0,,46.0,230238.14196900002,233048.313361,233048.31338700003,5066.267682326087,46.869842,230238.14196900002,33937.55546918712,78.5270505,62.448253155555555,8.028308137153166,0.19738396445180184,17,64,,True,True,,460,59.56268577710819
158,2026-09-21T07:58:57.392+00:00,2026-09-21T08:02:49.395+00:00,2026-09-21T08:02:53.430+00:00,True,65,65.0,,65.0,232002.923351,236037.77800700002,236037.778023,3631.350431123077,44.771731,232002.923351,28768.602610365117,75.7225786,63.044604,8.748272785286034,0.2753796470583295,17,64,,True,True,,130,59.56268577710819
159,2026-09-21T07:58:57.740+00:00,2026-09-21T08:02:51.203+00:00,2026-09-21T08:02:52.475+00:00,True,22,22.0,,22.0,233463.325639,234735.347655,234735.34764599998,10669.788529363635,45.132482,233463.325639,49761.63499901498,76.93087100000001,60.57247695238095,9.287346625956838,0.0937225697781754,17,64,,True,True,,59,59.56268577710819
160,2026-09-21T07:58:58.086+00:00,2026-09-21T08:02:53.237+00:00,2026-09-21T08:02:56.265+00:00,True,50,50.0,,50.0,235150.579034,238178.76770599998,238178.76765,4763.575353,43.504991000000004,235150.579034,33246.57556370709,80.922466,61.79976881632653,10.302455012625842,0.2099263527205681,17,64,,True,True,,147,59.56268577710819
161,2026-09-21T07:58:58.347+00:00,2026-09-21T08:02:54.528+00:00,2026-09-21T08:02:55.728+00:00,True,20,20.0,,20.0,236180.93702200003,237380.59603000002,237380.59607800003,11869.0298039,46.493361,236180.93702200003,52797.54544341274,11890.106844650001,63.13994778947368,10.28171771313719,0.08425288475336211,17,64,,True,True,,60,59.56268577710819
162,2026-09-21T07:58:58.648+00:00,2026-09-21T08:02:55.976+00:00,2026-09-21T08:02:57.503+00:00,True,26,26.0,,26.0,237327.878242,238855.12355400002,238855.123385,9186.735514807693,41.654533,237327.878242,46531.84653284082,78.01476725,61.08981248,9.786988504180458,0.10885259488319897,17,64,,True,True,,30,59.56268577710819
163,2026-09-21T07:58:58.902+00:00,2026-09-21T08:02:57.579+00:00,2026-09-21T08:03:03.829+00:00,True,100,100.0,,100.0,238677.07803099998,244927.42939099998,244927.42917,2449.2742917,44.625781,238677.07803099998,23861.39599494091,77.250178,63.134862222222225,8.993787575958759,0.4082842017680302,17,64,,True,True,,453,59.56268577710819
164,2026-09-21T07:58:59.224+00:00,2026-09-21T08:02:59.201+00:00,2026-09-21T08:03:00.743+00:00,True,26,26.0,,26.0,239977.164305,241518.46580900002,241518.46567900002,9289.171756884616,41.572102,239977.164305,47051.304110164805,76.23524524999999,61.65206016,10.32707515257742,0.10765222407698455,17,64,,True,True,,52,59.56268577710819
165,2026-09-21T07:58:59.533+00:00,2026-09-21T08:03:00.613+00:00,2026-09-21T08:03:03.907+00:00,True,53,53.0,,53.0,241079.651762,244373.544626,244373.544837,4610.821600698113,44.761061999999995,241079.651762,33106.13709534771,78.7856786,63.344093538461536,8.825493715228799,0.21688108703056844,17,64,,True,True,,212,59.56268577710819
166,2026-09-21T07:58:59.836+00:00,2026-09-21T08:03:02.448+00:00,2026-09-21T08:03:06.125+00:00,True,58,58.0,,58.0,242612.26434400002,246289.12552800003,246289.12554300003,4246.3642335,46.108771999999995,242612.26434400002,31848.082446278277,78.8650365,64.5063365614035,10.005925712307638,0.23549557811640415,17,64,,True,True,,10,59.56268577710819
167,2026-09-21T07:59:00.164+00:00,2026-09-21T08:03:03.977+00:00,2026-09-21T08:03:04.935+00:00,True,16,16.0,,16.0,243813.010894,244771.341774,244771.341567,15298.2088479375,49.217042,243813.010894,60937.28151562552,61012.95175075,63.88872533333333,11.25446891084905,0.06536712951785414,17,64,,True,True,,167,59.56268577710819
168,2026-09-21T07:59:00.483+00:00,2026-09-21T08:03:05.721+00:00,2026-09-21T08:03:10.040+00:00,True,68,68.0,,68.0,245237.399692,249557.310604,249557.310624,3669.9604503529413,44.867561,245237.399692,29731.58544924086,78.0304635,64.47628226865672,8.989381012777573,0.27248250045418654,17,64,,True,True,,385,59.56268577710819
169,2026-09-21T07:59:00.750+00:00,2026-09-21T08:03:07.411+00:00,2026-09-21T08:03:08.649+00:00,True,20,20.0,,20.0,246661.14294299998,247899.043743,247899.04385699998,12394.95219285,45.022771999999996,246661.14294299998,55140.540748503154,12410.6500245,65.15267368421053,10.93779041707454,0.08067800382777696,17,64,,True,True,,0,59.56268577710819
171,2026-09-21T07:59:01.367+00:00,2026-09-21T08:03:09.415+00:00,2026-09-21T08:03:12.840+00:00,True,56,56.0,,56.0,248047.60585,251473.101402,251473.10134,4490.591095357143,44.824911,248047.60585,33138.434280086825,78.9706645,62.281737309090914,9.827535799403213,0.22268783296420833,17,64,,True,True,,112,59.56268577710819
172,2026-09-21T07:59:01.707+00:00,2026-09-21T08:03:10.938+00:00,2026-09-21T08:03:11.291+00:00,True,7,7.0,,7.0,249231.255058,249584.501778,249584.501751,35654.92882157143,46.942032,249231.255058,94178.3078247794,174483.2912305,58.874453333333335,8.22611833642893,0.028046613271790203,17,64,,True,True,,42,59.56268577710819
173,2026-09-21T07:59:02.050+00:00,2026-09-21T08:03:12.978+00:00,2026-09-21T08:03:15.456+00:00,True,39,39.0,,39.0,250928.061734,253406.147878,253406.14794,6497.5935369230765,41.953981,250928.061734,40170.205994799835,79.0470111,65.21279326315789,9.681171845466446,0.1539031326847531,17,64,,True,True,,333,59.56268577710819
170,2026-09-21T07:59:01.114+00:00,2026-09-21T08:03:13.703+00:00,2026-09-21T08:03:14.816+00:00,True,18,18.0,,18.0,252589.119767,253702.586135,253702.586225,14094.58812361111,49.194342,252589.119767,59520.38916121645,37956.71649225,65.49802164705882,9.501825105682281,0.07094921764188031,17,64,,True,True,,36,59.56268577710819
174,2026-09-21T07:59:02.458+00:00,2026-09-21T08:03:15.918+00:00,2026-09-21T08:03:16.195+00:00,True,6,6.0,,6.0,253459.850664,253736.64452,253736.644394,42289.440732333336,42.882302,253459.850664,103451.9511938417,190113.27714375,55.3587712,12.167821761126648,0.02364656477329221,17,64,,True,True,,25,59.56268577710819
175,2026-09-21T07:59:02.778+00:00,2026-09-21T08:03:17.668+00:00,2026-09-21T08:03:22.518+00:00,True,77,77.0,,77.0,254889.86114300002,259739.487511,259739.487384,3373.2400958961043,43.873262000000004,254889.86114300002,29040.125755574933,78.12922780000001,63.810873263157895,11.300349562801381,0.296450881372972,17,64,,True,True,,154,59.56268577710819
176,2026-09-21T07:59:03.097+00:00,2026-09-21T08:03:19.536+00:00,2026-09-21T08:03:19.536+00:00,True,1,1.0,,1.0,256438.78485499998,256438.78485499998,256438.78485499998,256438.78485499998,256438.78485499998,256438.78485499998,nan,256438.78485499998,nan,nan,0.0038995661306281616,17,64,,True,True,,5,59.56268577710819
177,2026-09-21T07:59:03.355+00:00,2026-09-21T08:03:20.934+00:00,2026-09-21T08:03:21.173+00:00,True,4,4.0,,4.0,257578.555868,257817.8127,257817.812807,64454.45320175,60.112563,257578.555868,128749.40316395811,218957.56205990002,79.75227733333332,23.141095822130925,0.015514831803551331,17,64,,True,True,,10,59.56268577710819
178,2026-09-21T07:59:03.655+00:00,2026-09-21T08:03:22.373+00:00,2026-09-21T08:03:22.373+00:00,True,1,1.0,,1.0,258718.235567,258718.235567,258718.235567,258718.235567,258718.235567,258718.235567,nan,258718.235567,nan,nan,0.0038652087967762554,17,64,,True,True,,2,59.56268577710819
179,2026-09-21T07:59:04.015+00:00,2026-09-21T08:03:23.804+00:00,2026-09-21T08:03:29.208+00:00,True,87,87.0,,87.0,259788.81904,265192.895328,265192.895379,3048.194199758621,45.102102,259788.81904,27845.54952424863,77.74447169999999,62.83809637209302,9.330453146433335,0.32806308740811213,17,64,,True,True,,333,59.56268577710819
180,2026-09-21T07:59:04.259+00:00,2026-09-21T08:03:25.179+00:00,2026-09-21T08:03:28.974+00:00,True,61,61.0,,61.0,260919.296553,264714.861609,264714.861506,4339.587893540984,44.310292000000004,260919.296553,33399.194421538166,77.148973,63.2594176,9.450805963128298,0.23043662765750084,17,64,,True,True,,366,59.56268577710819
181,2026-09-21T07:59:04.683+00:00,2026-09-21T08:03:27.804+00:00,2026-09-21T08:03:33.797+00:00,True,95,95.0,,95.0,263120.70760100003,269113.61256100005,269113.612581,2832.7748692736845,44.404401,263120.70760100003,26989.075539069807,77.98134470000001,63.75430808510638,9.3276137170859,0.35301075666867776,17,64,,True,True,,478,59.56268577710819
183,2026-09-21T07:59:05.598+00:00,2026-09-21T08:03:28.586+00:00,2026-09-21T08:03:31.049+00:00,True,40,40.0,,40.0,262988.044283,265451.256571,265451.256729,6636.2814182249995,44.981831,262988.044283,41572.07566586143,78.0714955,63.159289435897435,9.951820847514384,0.15068679846049718,17,64,,True,True,,289,59.56268577710819
182,2026-09-21T07:59:05.562+00:00,2026-09-21T08:03:28.661+00:00,2026-09-21T08:03:28.661+00:00,True,1,1.0,,1.0,263098.42252,263098.42252,263098.42252,263098.42252,263098.42252,263098.42252,nan,263098.42252,nan,nan,0.003800858972934293,17,64,,True,True,,4,59.56268577710819
184,2026-09-21T07:59:05.699+00:00,2026-09-21T08:03:32.214+00:00,2026-09-21T08:03:37.094+00:00,True,78,78.0,,78.0,266515.472742,271394.671718,271394.671664,3479.41886748718,44.815601,266515.472742,30169.761348706877,75.99654050000001,63.36622046753247,8.767018116184651,0.2874043160325859,17,64,,True,True,,156,59.56268577710819
185,2026-09-21T07:59:05.885+00:00,2026-09-21T08:03:32.466+00:00,2026-09-21T08:03:35.125+00:00,True,43,43.0,,43.0,266581.539549,269240.627421,269240.627444,6261.409940558139,43.011341,266581.539549,40643.64967514044,78.5542352,63.311616,8.884169706274069,0.15970843780854346,17,64,,True,True,,129,59.56268577710819
186,2026-09-21T07:59:06.129+00:00,2026-09-21T08:03:35.427+00:00,2026-09-21T08:03:38.744+00:00,True,53,53.0,,53.0,269297.851236,272614.825572,272614.82548500004,5143.67595254717,43.515731,269297.851236,36982.14402401069,76.94991900000001,63.787968,9.744405801441049,0.1944134912281292,17,64,,True,True,,53,59.56268577710819
187,2026-09-21T07:59:06.424+00:00,2026-09-21T08:03:37.094+00:00,2026-09-21T08:03:38.222+00:00,True,19,19.0,,19.0,270670.05616900005,271798.06666500005,271798.06674300006,14305.161407526319,47.425691,270670.05616900005,62081.5937138716,27142.040237800004,62.667249777777776,11.438186507810096,0.06990483866619301,17,64,,True,True,,90,59.56268577710819
188,2026-09-21T07:59:06.835+00:00,2026-09-21T08:03:39.012+00:00,2026-09-21T08:03:40.038+00:00,True,17,17.0,,17.0,272176.978457,273203.417881,273203.418009,16070.789294647058,41.382261,272176.978457,65997.05527642588,54499.112901,64.152464,11.539302846500448,0.06222469737697331,17,64,,True,True,,83,59.56268577710819
189,2026-09-21T07:59:07.118+00:00,2026-09-21T08:03:40.496+00:00,2026-09-21T08:03:42.172+00:00,True,27,27.0,,27.0,273378.708319,275053.883487,275053.88364200003,10187.18087562963,42.562518,273378.708319,52599.35886791416,97.14083999999998,64.42981415384615,12.579368928566309,0.09816258420970854,17,64,,True,True,,80,59.56268577710819
190,2026-09-21T07:59:07.374+00:00,2026-09-21T08:03:41.873+00:00,2026-09-21T08:03:45.458+00:00,True,57,57.0,,57.0,274498.84544999996,278083.89223399997,278083.892275,4878.6647767543855,44.690000999999995,274498.84544999996,36349.78209603269,78.38026800000002,64.01869257142857,9.815441515591464,0.20497411605572632,17,64,,True,True,,342,59.56268577710819
191,2026-09-21T07:59:07.676+00:00,2026-09-21T08:03:43.445+00:00,2026-09-21T08:03:49.371+00:00,True,94,94.0,,94.0,275769.49368300004,281695.380659,281695.38074500003,2996.75936962766,46.396531,275769.49368300004,28436.880792046064,77.34015864999999,63.719214795698925,9.10469867189154,0.3336937928484868,17,64,,True,True,,282,59.56268577710819
192,2026-09-21T07:59:08.000+00:00,2026-09-21T08:03:45.271+00:00,2026-09-21T08:03:49.414+00:00,True,66,66.0,,66.0,277271.446476,281414.44654000003,281414.446592,4263.855251393939,42.283601000000004,277271.446476,34121.91144499338,77.02544125,63.73846252307692,9.690085624350582,0.23452953752542627,17,64,,True,True,,264,59.56268577710819
193,2026-09-21T07:59:08.330+00:00,2026-09-21T08:03:46.894+00:00,2026-09-21T08:03:49.111+00:00,True,35,35.0,,35.0,278564.56806699996,280781.54496299993,280781.54474299995,8022.329849799999,51.189472,278564.56806699996,47074.98495978138,76.60077030000001,65.20520282352942,8.037184395397066,0.1246520671599415,17,64,,True,True,,315,59.56268577710819
194,2026-09-21T07:59:08.622+00:00,2026-09-21T08:03:48.421+00:00,2026-09-21T08:03:52.613+00:00,True,67,67.0,,67.0,279799.223319,283991.484695,283991.484756,4238.678876955224,42.413121,279799.223319,34175.15678117682,77.46300300000001,63.51911175757576,9.245548882440564,0.23592256673454975,17,64,,True,True,,467,59.56268577710819
195,2026-09-21T07:59:08.881+00:00,2026-09-21T08:03:49.814+00:00,2026-09-21T08:03:52.936+00:00,True,50,50.0,,50.0,280933.025421,284054.812557,284054.812426,5681.096248520001,44.194201,280933.025421,39720.92050269131,77.06494445,63.70994155102041,8.922881217073957,0.1760223653664263,17,64,,True,True,,148,59.56268577710819
196,2026-09-21T07:59:09.278+00:00,2026-09-21T08:03:51.880+00:00,2026-09-21T08:03:57.692+00:00,True,93,93.0,,93.0,282601.454103,288414.073367,288414.073354,3101.2265952043012,41.972991,282601.454103,29297.85564755209,75.908766,63.180644173913045,9.422135020320287,0.322453058251633,17,64,,True,True,,434,59.56268577710819
197,2026-09-21T07:59:09.691+00:00,2026-09-21T08:03:53.815+00:00,2026-09-21T08:03:57.797+00:00,True,65,65.0,,65.0,284124.04345999996,288106.65312399995,288106.65302399994,4432.410046523076,42.828171000000005,284124.04345999996,35233.53329080939,78.28943600000001,62.228276,10.143586082015968,0.22561089546246704,17,64,,True,True,,0,59.56268577710819
199,2026-09-21T07:59:10.440+00:00,2026-09-21T08:03:55.521+00:00,2026-09-21T08:03:58.479+00:00,True,49,49.0,,49.0,285080.485268,288038.791572,288038.79157999996,5878.342685306122,43.118261,285080.485268,40716.98020983285,77.042348,61.63138133333334,9.491289971055943,0.17011597546489374,17,64,,True,True,,245,59.56268577710819
200,2026-09-21T07:59:10.816+00:00,2026-09-21T08:03:57.560+00:00,2026-09-21T08:04:00.864+00:00,True,52,52.0,,52.0,286744.434381,290047.836621,290047.836571,5577.84301098077,45.188881,286744.434381,39755.317168098,78.11805950000002,64.77259294117647,9.03284537343703,0.17928077177126958,17,64,,True,True,,65,59.56268577710819
198,2026-09-21T07:59:10.004+00:00,2026-09-21T08:03:59.291+00:00,2026-09-21T08:04:01.105+00:00,True,29,29.0,,29.0,289286.934492,291101.00169199996,291101.00169999996,10037.965575862068,46.522611,289286.934492,53707.20507125344,79.62596160000001,64.78811428571429,9.38920193716609,0.09962178017746402,17,64,,True,True,,29,59.56268577710819
201,2026-09-21T07:59:11.244+00:00,2026-09-21T08:04:01.675+00:00,2026-09-21T08:04:05.641+00:00,True,64,64.0,,64.0,290430.863754,294396.55361,294396.553667,4599.946151046875,42.526921,290430.863754,36295.99086689031,78.76400035,62.94745803174603,9.904805378780697,0.21739384926626418,17,64,,True,True,,256,59.56268577710819
202,2026-09-21T07:59:11.581+00:00,2026-09-21T08:04:03.625+00:00,2026-09-21T08:04:08.485+00:00,True,79,79.0,,79.0,292044.7503,296904.758492,296904.75871200004,3758.2880849620256,44.753891,292044.7503,32850.5926558697,77.5424371,62.30779733333333,9.379759968209962,0.2660785916711019,17,64,,True,True,,163,59.56268577710819
203,2026-09-21T07:59:11.933+00:00,2026-09-21T08:04:05.458+00:00,2026-09-21T08:04:11.476+00:00,True,96,96.0,,96.0,293524.724673,299542.788545,299542.78856899997,3120.2373809270834,43.028701,293524.724673,29951.277916287403,77.3131145,63.348040757894736,9.794124940577834,0.32048843661471765,17,64,,True,True,,572,59.56268577710819
204,2026-09-21T07:59:12.370+00:00,2026-09-21T08:04:07.903+00:00,2026-09-21T08:04:08.294+00:00,True,7,7.0,,7.0,295533.10788599995,295924.23722999997,295924.23707499995,42274.89101071428,55.864881000000004,295533.10788599995,111676.3766999345,206895.46481879998,65.188224,6.2122288614820365,0.02365470319539734,17,64,,True,True,,22,59.56268577710819
205,2026-09-21T07:59:12.777+00:00,2026-09-21T08:04:10.159+00:00,2026-09-21T08:04:10.628+00:00,True,8,8.0,,8.0,297381.616138,297850.65345,297850.65334699996,37231.331668374994,49.466571,297381.616138,105116.58920071548,193325.83536989999,67.00533028571428,10.754171748523977,0.026859098368044895,17,64,,True,True,,35,59.56268577710819
206,2026-09-21T07:59:13.180+00:00,2026-09-21T08:04:12.254+00:00,2026-09-21T08:04:13.209+00:00,True,17,17.0,,17.0,299074.113386,300029.11524199997,300029.115247,17648.771485117646,47.911241000000004,299074.113386,72521.65113686286,59877.465158,59.687616,8.688490827051796,0.05666116765463911,17,64,,True,True,,59,59.56268577710819
207,2026-09-21T07:59:13.592+00:00,2026-09-21T08:04:13.690+00:00,2026-09-21T08:04:13.690+00:00,False,1,0.0,,0.0,300098.68924000004,300098.68924000004,300098.68924000004,300098.68924000004,300098.68924000004,300098.68924000004,nan,300098.68924000004,nan,nan,0.0,17,64,,True,False,"HTTPConnectionPool(host='gpu06', port=9004): Read timed out.",0,59.56268577710819
208,2026-09-21T07:59:13.996+00:00,2026-09-21T08:04:14.045+00:00,2026-09-21T08:04:14.045+00:00,False,1,0.0,,0.0,300049.68325199996,300049.68325199996,300049.68325199996,300049.68325199996,300049.68325199996,300049.68325199996,nan,300049.68325199996,nan,nan,0.0,17,64,,True,False,"HTTPConnectionPool(host='gpu06', port=9004): Read timed out.",0,59.56268577710819
209,2026-09-21T07:59:14.435+00:00,2026-09-21T08:04:14.544+00:00,2026-09-21T08:04:14.544+00:00,False,1,0.0,,0.0,300108.782913,300108.782913,300108.782913,300108.782913,300108.782913,300108.782913,nan,300108.782913,nan,nan,0.0,17,64,,True,False,"HTTPConnectionPool(host='gpu06', port=9004): Read timed out.",0,59.56268577710819
210,2026-09-21T07:59:14.792+00:00,2026-09-21T08:04:14.900+00:00,2026-09-21T08:04:14.900+00:00,False,1,0.0,,0.0,300108.0975,300108.0975,300108.0975,300108.0975,300108.0975,300108.0975,nan,300108.0975,nan,nan,0.0,17,64,,True,False,"HTTPConnectionPool(host='gpu06', port=9004): Read timed out.",0,59.56268577710819
211,2026-09-21T07:59:15.178+00:00,2026-09-21T08:04:15.181+00:00,2026-09-21T08:04:15.488+00:00,False,3,2.0,,2.0,300002.742162,300310.061458,300310.06163799996,100103.35387933333,0.036770000000000004,300002.742162,173118.01661541336,270033.19621639996,153.659648,217.25578666098448,0.006659783526033179,17,64,,True,False,Request timeout: 300.0s exceeded,18,59.56268577710819
212,2026-09-21T07:59:15.467+00:00,2026-09-21T08:04:15.488+00:00,2026-09-21T08:04:15.488+00:00,False,1,0.0,,0.0,300020.432962,300020.432962,300020.432962,300020.432962,300020.432962,300020.432962,nan,300020.432962,nan,nan,0.0,17,64,,True,False,TTFT timeout: 300.0s exceeded (TTFT: 300.016s),0,59.56268577710819
213,2026-09-21T07:59:15.908+00:00,2026-09-21T08:04:15.856+00:00,2026-09-21T08:04:15.971+00:00,False,4,3.0,,3.0,299948.086222,300063.561422,300063.561604,75015.890401,0.07389,299948.086222,149954.79969456748,254964.97758685003,38.491733333333336,33.405459732469204,0.009997881734733174,17,64,,True,False,Request timeout: 300.0s exceeded,3,59.56268577710819
214,2026-09-21T07:59:16.245+00:00,2026-09-21T08:04:16.314+00:00,2026-09-21T08:04:16.314+00:00,False,1,0.0,,0.0,300069.086492,300069.086492,300069.086492,300069.086492,300069.086492,300069.086492,nan,300069.086492,nan,nan,0.0,17,64,,True,False,"HTTPConnectionPool(host='gpu06', port=9004): Read timed out.",0,59.56268577710819
215,2026-09-21T07:59:16.578+00:00,2026-09-21T08:04:16.680+00:00,2026-09-21T08:04:16.680+00:00,False,1,0.0,,0.0,300101.74687000003,300101.74687000003,300101.74687000003,300101.74687000003,300101.74687000003,300101.74687000003,nan,300101.74687000003,nan,nan,0.0,17,64,,True,False,"HTTPConnectionPool(host='gpu06', port=9004): Read timed out.",0,59.56268577710819
216,2026-09-21T07:59:16.947+00:00,2026-09-21T08:04:17.016+00:00,2026-09-21T08:04:17.016+00:00,False,1,0.0,,0.0,300068.470044,300068.470044,300068.470044,300068.470044,300068.470044,300068.470044,nan,300068.470044,nan,nan,0.0,17,64,,True,False,"HTTPConnectionPool(host='gpu06', port=9004): Read timed out.",0,59.56268577710819
217,2026-09-21T07:59:17.252+00:00,2026-09-21T08:04:17.342+00:00,2026-09-21T08:04:17.342+00:00,False,1,0.0,,0.0,300089.364315,300089.364315,300089.364315,300089.364315,300089.364315,300089.364315,nan,300089.364315,nan,nan,0.0,17,64,,True,False,TTFT timeout: 300.0s exceeded (TTFT: 300.083s),0,59.56268577710819
218,2026-09-21T07:59:17.590+00:00,2026-09-21T08:04:17.548+00:00,2026-09-21T08:04:17.805+00:00,False,3,2.0,,2.0,299958.28655900003,300214.622175,300214.62214500003,100071.54071500001,0.03146,299958.28655900003,173107.04720489495,269988.0883157,128.167808,181.21212157657885,0.006661900694610961,17,64,,True,False,Request timeout: 300.0s exceeded,8,59.56268577710819
219,2026-09-21T07:59:17.915+00:00,2026-09-21T08:04:17.917+00:00,2026-09-21T08:04:18.034+00:00,False,3,2.0,,2.0,300002.178638,300118.747726,300118.74796,100039.58265333333,0.02616,300002.178638,173172.69772902486,270013.61509040004,58.284544,82.38986465699072,0.006664028872418007,17,64,,True,False,Request timeout: 300.0s exceeded,5,59.56268577710819
220,2026-09-21T07:59:19.396+00:00,2026-09-21T08:04:18.632+00:00,2026-09-21T08:04:19.530+00:00,False,13,12.0,,12.0,299235.42767299997,300134.068057,300134.068132,23087.236010153843,0.04468,299235.42767299997,82972.21329831239,119774.788691,74.88669866666667,37.83967082524966,0.03998213224405108,17,64,,True,False,Request timeout: 300.0s exceeded,72,59.56268577710819
223,2026-09-21T07:59:19.559+00:00,2026-09-21T08:04:19.000+00:00,2026-09-21T08:04:19.788+00:00,False,14,13.0,,13.0,299440.716167,300228.874119,300228.874023,21444.919573071427,0.023600000000000003,299440.716167,80012.69890815704,104876.81064725001,60.62753476923077,28.283759612560676,0.04330029894075832,17,64,,True,False,Request timeout: 300.0s exceeded,52,59.56268577710819
221,2026-09-21T07:59:19.415+00:00,2026-09-21T08:04:19.163+00:00,2026-09-21T08:04:19.859+00:00,False,13,12.0,,12.0,299748.437592,300444.591448,300444.591347,23111.122411307693,0.0364,299748.437592,83119.17251178081,119964.907374,58.012821333333335,26.237123201853073,0.039940808859849034,17,64,,True,False,Request timeout: 300.0s exceeded,43,59.56268577710819
222,2026-09-21T07:59:19.474+00:00,2026-09-21T08:04:19.274+00:00,2026-09-21T08:04:19.856+00:00,False,12,11.0,,11.0,299800.184919,300382.296663,300382.29665200005,25031.858054333334,0.03445,299800.184919,86529.58462058942,134954.35076765,52.91924945454545,21.189984224958152,0.03662000098607988,17,64,,True,False,Request timeout: 300.0s exceeded,51,59.56268577710819
224,2026-09-21T07:59:19.764+00:00,2026-09-21T08:04:19.276+00:00,2026-09-21T08:04:19.902+00:00,False,13,12.0,,12.0,299512.57910399995,300138.73539199994,300138.7355879999,23087.595045230766,0.04195,299512.57910399995,83055.37341665727,119852.15190479998,52.179690666666666,20.25068511713588,0.039981510498227596,17,64,,True,False,Request timeout: 300.0s exceeded,12,59.56268577710819
225,2026-09-21T07:59:20.094+00:00,2026-09-21T08:04:21.038+00:00,2026-09-21T08:04:21.402+00:00,False,6,5.0,,5.0,300944.372782,301308.172334,301308.17247,50218.028744999996,0.02948,300944.372782,122830.33583735132,225751.32019,72.75991040000001,66.13729505449497,0.016594305960136727,17,64,,True,False,Request timeout: 300.0s exceeded,18,59.56268577710819
226,2026-09-21T07:59:20.312+00:00,2026-09-21T08:04:21.547+00:00,2026-09-21T08:04:21.547+00:00,False,1,0.0,,0.0,301235.05559299997,301235.05559299997,301235.05559299997,301235.05559299997,301235.05559299997,301235.05559299997,nan,301235.05559299997,nan,nan,0.0,17,64,,True,False,"HTTPConnectionPool(host='gpu06', port=9004): Read timed out.",0,59.56268577710819
227,2026-09-21T07:59:20.555+00:00,2026-09-21T08:04:21.897+00:00,2026-09-21T08:04:21.897+00:00,False,1,0.0,,0.0,301342.879119,301342.879119,301342.879119,301342.879119,301342.879119,301342.879119,nan,301342.879119,nan,nan,0.0,17,64,,True,False,"HTTPConnectionPool(host='gpu06', port=9004): Read timed out.",0,59.56268577710819
230,2026-09-21T07:59:21.566+00:00,2026-09-21T08:04:21.898+00:00,2026-09-21T08:04:21.898+00:00,False,1,0.0,,0.0,300332.67101,300332.67101,300332.67101,300332.67101,300332.67101,300332.67101,nan,300332.67101,nan,nan,0.0,17,64,,True,False,"HTTPConnectionPool(host='gpu06', port=9004): Read timed out.",0,59.56268577710819
233,2026-09-21T07:59:22.488+00:00,2026-09-21T08:04:23.282+00:00,2026-09-21T08:04:23.282+00:00,False,1,0.0,,0.0,300794.347518,300794.347518,300794.347518,300794.347518,300794.347518,300794.347518,nan,300794.347518,nan,nan,0.0,17,64,,True,False,"HTTPConnectionPool(host='gpu06', port=9004): Read timed out.",0,59.56268577710819
232,2026-09-21T07:59:22.229+00:00,2026-09-21T08:04:23.287+00:00,2026-09-21T08:04:23.287+00:00,False,1,0.0,,0.0,301058.039781,301058.039781,301058.039781,301058.039781,301058.039781,301058.039781,nan,301058.039781,nan,nan,0.0,17,64,,True,False,"HTTPConnectionPool(host='gpu06', port=9004): Read timed out.",0,59.56268577710819
231,2026-09-21T07:59:21.963+00:00,2026-09-21T08:04:23.288+00:00,2026-09-21T08:04:23.288+00:00,False,1,0.0,,0.0,301325.179384,301325.179384,301325.179384,301325.179384,301325.179384,301325.179384,nan,301325.179384,nan,nan,0.0,17,64,,True,False,"HTTPConnectionPool(host='gpu06', port=9004): Read timed out.",0,59.56268577710819
229,2026-09-21T07:59:21.246+00:00,2026-09-21T08:04:23.297+00:00,2026-09-21T08:04:23.297+00:00,False,1,0.0,,0.0,302051.32469800004,302051.32469800004,302051.32469800004,302051.32469800004,302051.32469800004,302051.32469800004,nan,302051.32469800004,nan,nan,0.0,17,64,,True,False,"HTTPConnectionPool(host='gpu06', port=9004): Read timed out.",0,59.56268577710819
228,2026-09-21T07:59:20.960+00:00,2026-09-21T08:04:23.297+00:00,2026-09-21T08:04:23.297+00:00,False,1,0.0,,0.0,302337.61098299996,302337.61098299996,302337.61098299996,302337.61098299996,302337.61098299996,302337.61098299996,nan,302337.61098299996,nan,nan,0.0,17,64,,True,False,"HTTPConnectionPool(host='gpu06', port=9004): Read timed out.",0,59.56268577710819
234,2026-09-21T07:59:22.852+00:00,2026-09-21T08:04:23.307+00:00,2026-09-21T08:04:23.307+00:00,False,1,0.0,,0.0,300454.73879699997,300454.73879699997,300454.73879699997,300454.73879699997,300454.73879699997,300454.73879699997,nan,300454.73879699997,nan,nan,0.0,17,64,,True,False,"HTTPConnectionPool(host='gpu06', port=9004): Read timed out.",0,59.56268577710819
235,2026-09-21T07:59:23.194+00:00,2026-09-21T08:04:23.310+00:00,2026-09-21T08:04:23.310+00:00,False,1,0.0,,0.0,300116.090407,300116.090407,300116.090407,300116.090407,300116.090407,300116.090407,nan,300116.090407,nan,nan,0.0,17,64,,True,False,"HTTPConnectionPool(host='gpu06', port=9004): Read timed out.",0,59.56268577710819
236,2026-09-21T07:59:23.568+00:00,2026-09-21T08:04:23.632+00:00,2026-09-21T08:04:23.632+00:00,False,1,0.0,,0.0,300064.406731,300064.406731,300064.406731,300064.406731,300064.406731,300064.406731,nan,300064.406731,nan,nan,0.0,17,64,,True,False,"HTTPConnectionPool(host='gpu06', port=9004): Read timed out.",0,59.56268577710819
237,2026-09-21T07:59:23.850+00:00,2026-09-21T08:04:23.880+00:00,2026-09-21T08:04:23.880+00:00,False,1,0.0,,0.0,300029.715731,300029.715731,300029.715731,300029.715731,300029.715731,300029.715731,nan,300029.715731,nan,nan,0.0,17,64,,True,False,"HTTPConnectionPool(host='gpu06', port=9004): Read timed out.",0,59.56268577710819
238,2026-09-21T07:59:24.139+00:00,2026-09-21T08:04:24.144+00:00,2026-09-21T08:04:24.144+00:00,False,1,0.0,,0.0,300005.74810100003,300005.74810100003,300005.74810100003,300005.74810100003,300005.74810100003,300005.74810100003,nan,300005.74810100003,nan,nan,0.0,17,64,,True,False,"HTTPConnectionPool(host='gpu06', port=9004): Read timed out.",0,59.56268577710819
239,2026-09-21T07:59:24.415+00:00,2026-09-21T08:04:24.531+00:00,2026-09-21T08:04:24.531+00:00,False,1,0.0,,0.0,300115.99201499997,300115.99201499997,300115.99201499997,300115.99201499997,300115.99201499997,300115.99201499997,nan,300115.99201499997,nan,nan,0.0,17,64,,True,False,"HTTPConnectionPool(host='gpu06', port=9004): Read timed out.",0,59.56268577710819
240,2026-09-21T07:59:24.681+00:00,2026-09-21T08:04:24.783+00:00,2026-09-21T08:04:24.783+00:00,False,1,0.0,,0.0,300102.197847,300102.197847,300102.197847,300102.197847,300102.197847,300102.197847,nan,300102.197847,nan,nan,0.0,17,64,,True,False,"HTTPConnectionPool(host='gpu06', port=9004): Read timed out.",0,59.56268577710819
241,2026-09-21T07:59:25.008+00:00,2026-09-21T08:04:25.110+00:00,2026-09-21T08:04:25.110+00:00,False,1,0.0,,0.0,300101.646995,300101.646995,300101.646995,300101.646995,300101.646995,300101.646995,nan,300101.646995,nan,nan,0.0,17,64,,True,False,"HTTPConnectionPool(host='gpu06', port=9004): Read timed out.",0,59.56268577710819
242,2026-09-21T07:59:25.319+00:00,2026-09-21T08:04:25.327+00:00,2026-09-21T08:04:25.530+00:00,False,3,2.0,,2.0,300007.948142,300211.146606,300211.146706,100070.38223533334,0.04034,300007.948142,173151.04102987863,270027.4691502,101.599232,143.62617174959166,0.006661977819980213,17,64,,True,False,Request timeout: 300.0s exceeded,11,59.56268577710819
243,2026-09-21T07:59:25.655+00:00,2026-09-21T08:04:25.640+00:00,2026-09-21T08:04:25.717+00:00,False,3,2.0,,2.0,299984.63198,300061.540012,300061.540051,100020.51335033333,0.02985,299984.63198,173174.01084147295,269993.85660410003,38.454016,54.340194468963766,0.006665299391318248,17,64,,True,False,Request timeout: 300.0s exceeded,5,59.56268577710819
244,2026-09-21T07:59:26.082+00:00,2026-09-21T08:04:26.203+00:00,2026-09-21T08:04:26.203+00:00,False,1,0.0,,0.0,300120.86474299995,300120.86474299995,300120.86474299995,300120.86474299995,300120.86474299995,300120.86474299995,nan,300120.86474299995,nan,nan,0.0,17,64,,True,False,"HTTPConnectionPool(host='gpu06', port=9004): Read timed out.",0,59.56268577710819
245,2026-09-21T07:59:26.496+00:00,2026-09-21T08:04:26.593+00:00,2026-09-21T08:04:26.593+00:00,False,1,0.0,,0.0,300096.376575,300096.376575,300096.376575,300096.376575,300096.376575,300096.376575,nan,300096.376575,nan,nan,0.0,17,64,,True,False,"HTTPConnectionPool(host='gpu06', port=9004): Read timed out.",0,59.56268577710819
246,2026-09-21T07:59:26.936+00:00,2026-09-21T08:04:27.050+00:00,2026-09-21T08:04:27.050+00:00,False,1,0.0,,0.0,300114.009656,300114.009656,300114.009656,300114.009656,300114.009656,300114.009656,nan,300114.009656,nan,nan,0.0,17,64,,True,False,"HTTPConnectionPool(host='gpu06', port=9004): Read timed out.",0,59.56268577710819
247,2026-09-21T07:59:27.244+00:00,2026-09-21T08:04:27.288+00:00,2026-09-21T08:04:27.288+00:00,False,1,0.0,,0.0,300043.492974,300043.492974,300043.492974,300043.492974,300043.492974,300043.492974,nan,300043.492974,nan,nan,0.0,17,64,,True,False,TTFT timeout: 300.0s exceeded (TTFT: 300.035s),0,59.56268577710819
248,2026-09-21T07:59:27.682+00:00,2026-09-21T08:04:27.660+00:00,2026-09-21T08:04:27.764+00:00,False,3,2.0,,2.0,299978.14178299997,300081.243479,300081.24346499995,100027.08115499999,0.02059,299978.14178299997,173162.70568475002,269990.6357139,51.550848,72.87494529967654,0.00666486174481599,17,64,,True,False,Request timeout: 300.0s exceeded,4,59.56268577710819
249,2026-09-21T07:59:28.097+00:00,2026-09-21T08:04:28.176+00:00,2026-09-21T08:04:28.176+00:00,False,1,0.0,,0.0,300078.55694800004,300078.55694800004,300078.55694800004,300078.55694800004,300078.55694800004,300078.55694800004,nan,300078.55694800004,nan,nan,0.0,17,64,,True,False,"HTTPConnectionPool(host='gpu06', port=9004): Read timed out.",0,59.56268577710819
250,2026-09-21T07:59:28.457+00:00,2026-09-21T08:04:28.563+00:00,2026-09-21T08:04:28.563+00:00,False,1,0.0,,0.0,300106.271894,300106.271894,300106.271894,300106.271894,300106.271894,300106.271894,nan,300106.271894,nan,nan,0.0,17,64,,True,False,"HTTPConnectionPool(host='gpu06', port=9004): Read timed out.",0,59.56268577710819
251,2026-09-21T07:59:28.822+00:00,2026-09-21T08:04:28.935+00:00,2026-09-21T08:04:28.935+00:00,False,1,0.0,,0.0,300113.57118,300113.57118,300113.57118,300113.57118,300113.57118,300113.57118,nan,300113.57118,nan,nan,0.0,17,64,,True,False,"HTTPConnectionPool(host='gpu06', port=9004): Read timed out.",0,59.56268577710819
252,2026-09-21T07:59:29.098+00:00,2026-09-21T08:04:29.209+00:00,2026-09-21T08:04:29.209+00:00,False,1,0.0,,0.0,300110.682681,300110.682681,300110.682681,300110.682681,300110.682681,300110.682681,nan,300110.682681,nan,nan,0.0,17,64,,True,False,"HTTPConnectionPool(host='gpu06', port=9004): Read timed out.",0,59.56268577710819
253,2026-09-21T07:59:29.436+00:00,2026-09-21T08:04:29.497+00:00,2026-09-21T08:04:29.497+00:00,False,1,0.0,,0.0,300060.99793699995,300060.99793699995,300060.99793699995,300060.99793699995,300060.99793699995,300060.99793699995,nan,300060.99793699995,nan,nan,0.0,17,64,,True,False,"HTTPConnectionPool(host='gpu06', port=9004): Read timed out.",0,59.56268577710819
254,2026-09-21T07:59:29.826+00:00,2026-09-21T08:04:29.752+00:00,2026-09-21T08:04:29.897+00:00,False,4,3.0,,3.0,299925.360499,300070.794867,300070.794902,75017.6987255,0.034210000000000004,299925.360499,149938.44509555068,254947.51225945004,48.478122666666664,41.95516639573159,0.00999764072784786,17,64,,True,False,Request timeout: 300.0s exceeded,11,59.56268577710819
255,2026-09-21T07:59:30.080+00:00,2026-09-21T08:04:30.183+00:00,2026-09-21T08:04:30.183+00:00,False,1,0.0,,0.0,300103.591375,300103.591375,300103.591375,300103.591375,300103.591375,300103.591375,nan,300103.591375,nan,nan,0.0,17,64,,True,False,"HTTPConnectionPool(host='gpu06', port=9004): Read timed out.",0,59.56268577710819
256,2026-09-21T07:59:30.447+00:00,2026-09-21T08:04:30.535+00:00,2026-09-21T08:04:30.535+00:00,False,1,0.0,,0.0,300088.57579000003,300088.57579000003,300088.57579000003,300088.57579000003,300088.57579000003,300088.57579000003,nan,300088.57579000003,nan,nan,0.0,17,64,,True,False,"HTTPConnectionPool(host='gpu06', port=9004): Read timed out.",0,59.56268577710819
257,2026-09-21T07:59:30.765+00:00,2026-09-21T08:04:30.881+00:00,2026-09-21T08:04:30.881+00:00,False,1,0.0,,0.0,300116.094199,300116.094199,300116.094199,300116.094199,300116.094199,300116.094199,nan,300116.094199,nan,nan,0.0,17,64,,True,False,"HTTPConnectionPool(host='gpu06', port=9004): Read timed out.",0,59.56268577710819
258,2026-09-21T07:59:31.003+00:00,2026-09-21T08:04:31.108+00:00,2026-09-21T08:04:31.108+00:00,False,1,0.0,,0.0,300105.301833,300105.301833,300105.301833,300105.301833,300105.301833,300105.301833,nan,300105.301833,nan,nan,0.0,17,64,,True,False,"HTTPConnectionPool(host='gpu06', port=9004): Read timed out.",0,59.56268577710819
259,2026-09-21T07:59:31.360+00:00,2026-09-21T08:04:31.465+00:00,2026-09-21T08:04:31.465+00:00,False,1,0.0,,0.0,300105.1062,300105.1062,300105.1062,300105.1062,300105.1062,300105.1062,nan,300105.1062,nan,nan,0.0,17,64,,True,False,"HTTPConnectionPool(host='gpu06', port=9004): Read timed out.",0,59.56268577710819
260,2026-09-21T07:59:31.640+00:00,2026-09-21T08:04:31.691+00:00,2026-09-21T08:04:32.744+00:00,True,17,17.0,,17.0,300051.207089,301104.00504099997,301104.005081,17712.00029888235,44.445761,300051.207089,72757.1552918309,60157.057716999996,65.799872,33.08270139677859,0.0564588969770933,17,64,,True,True,,95,59.56268577710819
261,2026-09-21T07:59:31.963+00:00,2026-09-21T08:04:31.873+00:00,2026-09-21T08:04:32.563+00:00,True,13,13.0,,13.0,299909.741685,300600.266101,300600.26611,23123.097393076925,47.757201,299909.741685,83164.03687183814,120004.6583172,57.54370133333334,7.877481251802407,0.04324680137053529,17,64,,True,True,,66,59.56268577710819
264,2026-09-21T07:59:32.867+00:00,2026-09-21T08:04:32.800+00:00,2026-09-21T08:04:33.012+00:00,False,6,5.0,,5.0,299932.10296499997,300144.866613,300144.866529,50024.144421499994,0.06136,299932.10296499997,122429.39818092872,224964.337759,42.5527296,24.508449619497288,0.016658622405982666,17,64,,True,False,Request timeout: 300.0s exceeded,25,59.56268577710819
265,2026-09-21T07:59:33.308+00:00,2026-09-21T08:04:33.430+00:00,2026-09-21T08:04:33.430+00:00,False,1,0.0,,0.0,300122.697119,300122.697119,300122.697119,300122.697119,300122.697119,300122.697119,nan,300122.697119,nan,nan,0.0,17,64,,True,False,"HTTPConnectionPool(host='gpu06', port=9004): Read timed out.",0,59.56268577710819
262,2026-09-21T07:59:32.279+00:00,2026-09-21T08:04:33.431+00:00,2026-09-21T08:04:33.431+00:00,False,1,0.0,,0.0,301151.09634,301151.09634,301151.09634,301151.09634,301151.09634,301151.09634,nan,301151.09634,nan,nan,0.0,17,64,,True,False,"HTTPConnectionPool(host='gpu06', port=9004): Read timed out.",0,59.56268577710819
263,2026-09-21T07:59:32.521+00:00,2026-09-21T08:04:33.603+00:00,2026-09-21T08:04:33.603+00:00,False,1,0.0,,0.0,301082.710152,301082.710152,301082.710152,301082.710152,301082.710152,301082.710152,nan,301082.710152,nan,nan,0.0,17,64,,True,False,"HTTPConnectionPool(host='gpu06', port=9004): Read timed out.",0,59.56268577710819
266,2026-09-21T07:59:34.836+00:00,2026-09-21T08:04:34.061+00:00,2026-09-21T08:04:34.979+00:00,False,15,14.0,,14.0,299224.84630800004,300142.470884,300142.47067700006,20009.498045133336,0.024239999999999998,299224.84630800004,77242.61474955299,89924.07897290001,65.54461257142857,50.27139317393826,0.04664451504902404,17,64,,True,False,Request timeout: 300.0s exceeded,56,59.56268577710819
267,2026-09-21T07:59:35.289+00:00,2026-09-21T08:04:35.677+00:00,2026-09-21T08:04:35.677+00:00,False,1,0.0,,0.0,300387.664992,300387.664992,300387.664992,300387.664992,300387.664992,300387.664992,nan,300387.664992,nan,nan,0.0,17,64,,True,False,"HTTPConnectionPool(host='gpu06', port=9004): Read timed out.",0,59.56268577710819
272,2026-09-21T07:59:35.728+00:00,2026-09-21T08:04:35.859+00:00,2026-09-21T08:04:35.859+00:00,False,1,0.0,,0.0,300130.706141,300130.706141,300130.706141,300130.706141,300130.706141,300130.706141,nan,300130.706141,nan,nan,0.0,17,64,,True,False,"HTTPConnectionPool(host='gpu06', port=9004): Read timed out.",0,59.56268577710819
270,2026-09-21T07:59:35.608+00:00,2026-09-21T08:04:35.918+00:00,2026-09-21T08:04:35.918+00:00,False,1,0.0,,0.0,300309.745968,300309.745968,300309.745968,300309.745968,300309.745968,300309.745968,nan,300309.745968,nan,nan,0.0,17,64,,True,False,"HTTPConnectionPool(host='gpu06', port=9004): Read timed out.",0,59.56268577710819
271,2026-09-21T07:59:35.684+00:00,2026-09-21T08:04:36.097+00:00,2026-09-21T08:04:36.097+00:00,False,1,0.0,,0.0,300412.75343,300412.75343,300412.75343,300412.75343,300412.75343,300412.75343,nan,300412.75343,nan,nan,0.0,17,64,,True,False,"HTTPConnectionPool(host='gpu06', port=9004): Read timed out.",0,59.56268577710819
269,2026-09-21T07:59:35.599+00:00,2026-09-21T08:04:36.136+00:00,2026-09-21T08:04:36.136+00:00,False,1,0.0,,0.0,300537.149666,300537.149666,300537.149666,300537.149666,300537.149666,300537.149666,nan,300537.149666,nan,nan,0.0,17,64,,True,False,"HTTPConnectionPool(host='gpu06', port=9004): Read timed out.",0,59.56268577710819
273,2026-09-21T07:59:35.957+00:00,2026-09-21T08:04:36.162+00:00,2026-09-21T08:04:36.162+00:00,False,1,0.0,,0.0,300205.058712,300205.058712,300205.058712,300205.058712,300205.058712,300205.058712,nan,300205.058712,nan,nan,0.0,17,64,,True,False,"HTTPConnectionPool(host='gpu06', port=9004): Read timed out.",0,59.56268577710819
268,2026-09-21T07:59:35.467+00:00,2026-09-21T08:04:36.202+00:00,2026-09-21T08:04:36.202+00:00,False,1,0.0,,0.0,300735.44945300004,300735.44945300004,300735.44945300004,300735.44945300004,300735.44945300004,300735.44945300004,nan,300735.44945300004,nan,nan,0.0,17,64,,True,False,"HTTPConnectionPool(host='gpu06', port=9004): Read timed out.",0,59.56268577710819
274,2026-09-21T07:59:36.170+00:00,2026-09-21T08:04:36.308+00:00,2026-09-21T08:04:36.308+00:00,False,1,0.0,,0.0,300137.870895,300137.870895,300137.870895,300137.870895,300137.870895,300137.870895,nan,300137.870895,nan,nan,0.0,17,64,,True,False,"HTTPConnectionPool(host='gpu06', port=9004): Read timed out.",0,59.56268577710819
275,2026-09-21T07:59:36.590+00:00,2026-09-21T08:04:36.707+00:00,2026-09-21T08:04:36.707+00:00,False,1,0.0,,0.0,300116.785374,300116.785374,300116.785374,300116.785374,300116.785374,300116.785374,nan,300116.785374,nan,nan,0.0,17,64,,True,False,"HTTPConnectionPool(host='gpu06', port=9004): Read timed out.",0,59.56268577710819
276,2026-09-21T07:59:36.988+00:00,2026-09-21T08:04:37.101+00:00,2026-09-21T08:04:37.101+00:00,False,1,0.0,,0.0,300112.80344499997,300112.80344499997,300112.80344499997,300112.80344499997,300112.80344499997,300112.80344499997,nan,300112.80344499997,nan,nan,0.0,17,64,,True,False,"HTTPConnectionPool(host='gpu06', port=9004): Read timed out.",0,59.56268577710819
277,2026-09-21T07:59:37.233+00:00,2026-09-21T08:04:37.334+00:00,2026-09-21T08:04:37.334+00:00,False,1,0.0,,0.0,300101.192209,300101.192209,300101.192209,300101.192209,300101.192209,300101.192209,nan,300101.192209,nan,nan,0.0,17,64,,True,False,"HTTPConnectionPool(host='gpu06', port=9004): Read timed out.",0,59.56268577710819
278,2026-09-21T07:59:37.483+00:00,2026-09-21T08:04:37.584+00:00,2026-09-21T08:04:37.584+00:00,False,1,0.0,,0.0,300100.981301,300100.981301,300100.981301,300100.981301,300100.981301,300100.981301,nan,300100.981301,nan,nan,0.0,17,64,,True,False,"HTTPConnectionPool(host='gpu06', port=9004): Read timed out.",0,59.56268577710819
279,2026-09-21T07:59:37.737+00:00,2026-09-21T08:04:37.818+00:00,2026-09-21T08:04:37.818+00:00,False,1,0.0,,0.0,300081.120525,300081.120525,300081.120525,300081.120525,300081.120525,300081.120525,nan,300081.120525,nan,nan,0.0,17,64,,True,False,"HTTPConnectionPool(host='gpu06', port=9004): Read timed out.",0,59.56268577710819
280,2026-09-21T07:59:38.147+00:00,2026-09-21T08:04:38.078+00:00,2026-09-21T08:04:38.254+00:00,False,3,2.0,,2.0,299931.77350300003,300107.47142300004,300107.471352,100035.82378400001,0.02965,299931.77350300003,173114.99284513376,269956.1629726,87.84896,124.19519418642331,0.0066642792680793,17,64,,True,False,Request timeout: 300.0s exceeded,3,59.56268577710819
281,2026-09-21T07:59:38.512+00:00,2026-09-21T08:04:38.616+00:00,2026-09-21T08:04:38.616+00:00,False,1,0.0,,0.0,300104.306728,300104.306728,300104.306728,300104.306728,300104.306728,300104.306728,nan,300104.306728,nan,nan,0.0,17,64,,True,False,"HTTPConnectionPool(host='gpu06', port=9004): Read timed out.",0,59.56268577710819
282,2026-09-21T07:59:38.784+00:00,2026-09-21T08:04:38.911+00:00,2026-09-21T08:04:38.911+00:00,False,1,0.0,,0.0,300127.001776,300127.001776,300127.001776,300127.001776,300127.001776,300127.001776,nan,300127.001776,nan,nan,0.0,17,64,,True,False,"HTTPConnectionPool(host='gpu06', port=9004): Read timed out.",0,59.56268577710819
283,2026-09-21T07:59:39.117+00:00,2026-09-21T08:04:39.142+00:00,2026-09-21T08:04:39.142+00:00,False,1,0.0,,0.0,300024.516542,300024.516542,300024.516542,300024.516542,300024.516542,300024.516542,nan,300024.516542,nan,nan,0.0,17,64,,True,False,"HTTPConnectionPool(host='gpu06', port=9004): Read timed out.",0,59.56268577710819
284,2026-09-21T07:59:39.437+00:00,2026-09-21T08:04:39.554+00:00,2026-09-21T08:04:39.554+00:00,False,1,0.0,,0.0,300116.721759,300116.721759,300116.721759,300116.721759,300116.721759,300116.721759,nan,300116.721759,nan,nan,0.0,17,64,,True,False,TTFT timeout: 300.0s exceeded (TTFT: 300.096s),0,59.56268577710819
285,2026-09-21T07:59:39.715+00:00,2026-09-21T08:04:39.826+00:00,2026-09-21T08:04:39.826+00:00,False,1,0.0,,0.0,300111.008018,300111.008018,300111.008018,300111.008018,300111.008018,300111.008018,nan,300111.008018,nan,nan,0.0,17,64,,True,False,"HTTPConnectionPool(host='gpu06', port=9004): Read timed out.",0,59.56268577710819
286,2026-09-21T07:59:40.008+00:00,2026-09-21T08:04:40.043+00:00,2026-09-21T08:04:40.043+00:00,False,1,0.0,,0.0,300035.927709,300035.927709,300035.927709,300035.927709,300035.927709,300035.927709,nan,300035.927709,nan,nan,0.0,17,64,,True,False,TTFT timeout: 300.0s exceeded (TTFT: 300.028s),0,59.56268577710819
287,2026-09-21T07:59:40.317+00:00,2026-09-21T08:04:40.421+00:00,2026-09-21T08:04:40.421+00:00,False,1,0.0,,0.0,300104.60940899997,300104.60940899997,300104.60940899997,300104.60940899997,300104.60940899997,300104.60940899997,nan,300104.60940899997,nan,nan,0.0,17,64,,True,False,"HTTPConnectionPool(host='gpu06', port=9004): Read timed out.",0,59.56268577710819
288,2026-09-21T07:59:40.569+00:00,2026-09-21T08:04:40.624+00:00,2026-09-21T08:04:40.624+00:00,False,1,0.0,,0.0,300054.30335500004,300054.30335500004,300054.30335500004,300054.30335500004,300054.30335500004,300054.30335500004,nan,300054.30335500004,nan,nan,0.0,17,64,,True,False,TTFT timeout: 300.0s exceeded (TTFT: 300.037s),0,59.56268577710819
289,2026-09-21T07:59:40.862+00:00,2026-09-21T08:04:40.964+00:00,2026-09-21T08:04:40.964+00:00,False,1,0.0,,0.0,300102.50281800004,300102.50281800004,300102.50281800004,300102.50281800004,300102.50281800004,300102.50281800004,nan,300102.50281800004,nan,nan,0.0,17,64,,True,False,"HTTPConnectionPool(host='gpu06', port=9004): Read timed out.",0,59.56268577710819
290,2026-09-21T07:59:41.174+00:00,2026-09-21T08:04:41.271+00:00,2026-09-21T08:04:41.271+00:00,False,1,0.0,,0.0,300097.314301,300097.314301,300097.314301,300097.314301,300097.314301,300097.314301,nan,300097.314301,nan,nan,0.0,17,64,,True,False,"HTTPConnectionPool(host='gpu06', port=9004): Read timed out.",0,59.56268577710819
291,2026-09-21T07:59:41.414+00:00,2026-09-21T08:04:41.515+00:00,2026-09-21T08:04:41.515+00:00,False,1,0.0,,0.0,300101.436975,300101.436975,300101.436975,300101.436975,300101.436975,300101.436975,nan,300101.436975,nan,nan,0.0,17,64,,True,False,"HTTPConnectionPool(host='gpu06', port=9004): Read timed out.",0,59.56268577710819
292,2026-09-21T07:59:41.745+00:00,2026-09-21T08:04:41.845+00:00,2026-09-21T08:04:41.845+00:00,False,1,0.0,,0.0,300100.550606,300100.550606,300100.550606,300100.550606,300100.550606,300100.550606,nan,300100.550606,nan,nan,0.0,17,64,,True,False,"HTTPConnectionPool(host='gpu06', port=9004): Read timed out.",0,59.56268577710819
293,2026-09-21T07:59:42.127+00:00,2026-09-21T08:04:42.194+00:00,2026-09-21T08:04:42.194+00:00,False,1,0.0,,0.0,300066.457282,300066.457282,300066.457282,300066.457282,300066.457282,300066.457282,nan,300066.457282,nan,nan,0.0,17,64,,True,False,TTFT timeout: 300.0s exceeded (TTFT: 300.061s),0,59.56268577710819
294,2026-09-21T07:59:42.466+00:00,2026-09-21T08:04:42.457+00:00,2026-09-21T08:04:42.599+00:00,False,3,2.0,,2.0,299990.761755,300133.341723,300133.341777,100044.447259,0.0366,299990.761755,173158.60240672014,270005.9399217,71.289984,100.7674907040696,0.006663704833719694,17,64,,True,False,Request timeout: 300.0s exceeded,12,59.56268577710819
295,2026-09-21T07:59:42.771+00:00,2026-09-21T08:04:42.768+00:00,2026-09-21T08:04:42.839+00:00,False,3,2.0,,2.0,299996.743429,300067.820549,300067.82068500004,100022.606895,0.03401,299996.743429,173182.68597774737,270004.1734107,35.53856,50.21096239583831,0.00666515988399165,17,64,,True,False,Request timeout: 300.0s exceeded,10,59.56268577710819
296,2026-09-21T07:59:43.093+00:00,2026-09-21T08:04:43.205+00:00,2026-09-21T08:04:43.205+00:00,False,1,0.0,,0.0,300112.157455,300112.157455,300112.157455,300112.157455,300112.157455,300112.157455,nan,300112.157455,nan,nan,0.0,17,64,,True,False,"HTTPConnectionPool(host='gpu06', port=9004): Read timed out.",0,59.56268577710819
297,2026-09-21T07:59:43.392+00:00,2026-09-21T08:04:43.509+00:00,2026-09-21T08:04:43.509+00:00,False,1,0.0,,0.0,300117.172769,300117.172769,300117.172769,300117.172769,300117.172769,300117.172769,nan,300117.172769,nan,nan,0.0,17,64,,True,False,"HTTPConnectionPool(host='gpu06', port=9004): Read timed out.",0,59.56268577710819
298,2026-09-21T07:59:43.753+00:00,2026-09-21T08:04:43.862+00:00,2026-09-21T08:04:43.862+00:00,False,1,0.0,,0.0,300108.80557599996,300108.80557599996,300108.80557599996,300108.80557599996,300108.80557599996,300108.80557599996,nan,300108.80557599996,nan,nan,0.0,17,64,,True,False,"HTTPConnectionPool(host='gpu06', port=9004): Read timed out.",0,59.56268577710819
299,2026-09-21T07:59:44.184+00:00,2026-09-21T08:04:44.291+00:00,2026-09-21T08:04:44.291+00:00,False,1,0.0,,0.0,300107.250562,300107.250562,300107.250562,300107.250562,300107.250562,300107.250562,nan,300107.250562,nan,nan,0.0,17,64,,True,False,"HTTPConnectionPool(host='gpu06', port=9004): Read timed out.",0,59.56268577710819
300,2026-09-21T07:59:44.588+00:00,2026-09-21T08:04:44.635+00:00,2026-09-21T08:04:44.635+00:00,False,1,0.0,,0.0,300046.683025,300046.683025,300046.683025,300046.683025,300046.683025,300046.683025,nan,300046.683025,nan,nan,0.0,17,64,,True,False,TTFT timeout: 300.0s exceeded (TTFT: 300.038s),0,59.56268577710819
301,2026-09-21T07:59:44.893+00:00,2026-09-21T08:04:44.920+00:00,2026-09-21T08:04:44.920+00:00,False,1,0.0,,0.0,300026.21078100003,300026.21078100003,300026.21078100003,300026.21078100003,300026.21078100003,300026.21078100003,nan,300026.21078100003,nan,nan,0.0,17,64,,True,False,TTFT timeout: 300.0s exceeded (TTFT: 300.023s),0,59.56268577710819
302,2026-09-21T07:59:45.208+00:00,2026-09-21T08:04:45.311+00:00,2026-09-21T08:04:45.311+00:00,False,1,0.0,,0.0,300103.13749,300103.13749,300103.13749,300103.13749,300103.13749,300103.13749,nan,300103.13749,nan,nan,0.0,17,64,,True,False,"HTTPConnectionPool(host='gpu06', port=9004): Read timed out.",0,59.56268577710819
303,2026-09-21T07:59:45.589+00:00,2026-09-21T08:04:45.988+00:00,2026-09-21T08:04:47.072+00:00,False,19,18.0,,18.0,300399.164705,301483.012385,301483.012398,15867.52696831579,0.03393,300399.164705,68902.48796396187,30193.1133005,60.21376,32.23888783292111,0.059704856527749005,17,64,,True,False,Request timeout: 300.0s exceeded,38,59.56268577710819
304,2026-09-21T07:59:45.828+00:00,2026-09-21T08:04:46.200+00:00,2026-09-21T08:04:46.634+00:00,True,8,8.0,,8.0,300372.074431,300806.167999,300806.168114,37600.77101425,49.235957,300372.074431,106175.64088627897,195270.2246879,62.013366857142856,11.920600721417292,0.026595199337889223,17,64,,True,True,,48,59.56268577710819
308,2026-09-21T07:59:47.158+00:00,2026-09-21T08:04:47.232+00:00,2026-09-21T08:04:47.232+00:00,False,1,0.0,,0.0,300073.389881,300073.389881,300073.389881,300073.389881,300073.389881,300073.389881,nan,300073.389881,nan,nan,0.0,17,64,,True,False,"HTTPConnectionPool(host='gpu06', port=9004): Read timed out.",0,59.56268577710819
305,2026-09-21T07:59:46.088+00:00,2026-09-21T08:04:47.232+00:00,2026-09-21T08:04:47.232+00:00,False,1,0.0,,0.0,301144.08272500004,301144.08272500004,301144.08272500004,301144.08272500004,301144.08272500004,301144.08272500004,nan,301144.08272500004,nan,nan,0.0,17,64,,True,False,"HTTPConnectionPool(host='gpu06', port=9004): Read timed out.",0,59.56268577710819
306,2026-09-21T07:59:46.364+00:00,2026-09-21T08:04:47.508+00:00,2026-09-21T08:04:47.508+00:00,False,1,0.0,,0.0,301143.265824,301143.265824,301143.265824,301143.265824,301143.265824,301143.265824,nan,301143.265824,nan,nan,0.0,17,64,,True,False,"HTTPConnectionPool(host='gpu06', port=9004): Read timed out.",0,59.56268577710819
309,2026-09-21T07:59:47.499+00:00,2026-09-21T08:04:47.528+00:00,2026-09-21T08:04:47.528+00:00,False,1,0.0,,0.0,300029.705472,300029.705472,300029.705472,300029.705472,300029.705472,300029.705472,nan,300029.705472,nan,nan,0.0,17,64,,True,False,"HTTPConnectionPool(host='gpu06', port=9004): Read timed out.",0,59.56268577710819
307,2026-09-21T07:59:46.773+00:00,2026-09-21T08:04:47.802+00:00,2026-09-21T08:04:47.802+00:00,False,1,0.0,,0.0,301028.72914,301028.72914,301028.72914,301028.72914,301028.72914,301028.72914,nan,301028.72914,nan,nan,0.0,17,64,,True,False,"HTTPConnectionPool(host='gpu06', port=9004): Read timed out.",0,59.56268577710819
310,2026-09-21T07:59:47.797+00:00,2026-09-21T08:04:47.807+00:00,2026-09-21T08:04:47.807+00:00,False,1,0.0,,0.0,300010.452509,300010.452509,300010.452509,300010.452509,300010.452509,300010.452509,nan,300010.452509,nan,nan,0.0,17,64,,True,False,"HTTPConnectionPool(host='gpu06', port=9004): Read timed out.",0,59.56268577710819
311,2026-09-21T07:59:48.144+00:00,2026-09-21T08:04:48.248+00:00,2026-09-21T08:04:48.248+00:00,False,1,0.0,,0.0,300103.68855099997,300103.68855099997,300103.68855099997,300103.68855099997,300103.68855099997,300103.68855099997,nan,300103.68855099997,nan,nan,0.0,17,64,,True,False,"HTTPConnectionPool(host='gpu06', port=9004): Read timed out.",0,59.56268577710819
312,2026-09-21T07:59:48.385+00:00,2026-09-21T08:04:48.491+00:00,2026-09-21T08:04:48.491+00:00,False,1,0.0,,0.0,300105.93997500004,300105.93997500004,300105.93997500004,300105.93997500004,300105.93997500004,300105.93997500004,nan,300105.93997500004,nan,nan,0.0,17,64,,True,False,"HTTPConnectionPool(host='gpu06', port=9004): Read timed out.",0,59.56268577710819
313,2026-09-21T07:59:48.752+00:00,2026-09-21T08:04:48.757+00:00,2026-09-21T08:04:49.024+00:00,False,3,2.0,,2.0,300005.231977,300272.487273,300272.487221,100090.82907366667,0.04253,300005.231977,173131.00303274405,270031.43005070003,133.627648,188.91793369007138,0.006660616888891494,17,64,,True,False,Request timeout: 300.0s exceeded,6,59.56268577710819
314,2026-09-21T07:59:49.060+00:00,2026-09-21T08:04:49.022+00:00,2026-09-21T08:04:49.136+00:00,False,3,2.0,,2.0,299962.514594,300075.93821,300075.938247,100025.312749,0.03056,299962.514594,173150.7052367162,269977.6024439,56.711808,80.15952541833485,0.006664979577937216,17,64,,True,False,Request timeout: 300.0s exceeded,2,59.56268577710819
315,2026-09-21T07:59:49.466+00:00,2026-09-21T08:04:49.574+00:00,2026-09-21T08:04:49.574+00:00,False,1,0.0,,0.0,300108.297434,300108.297434,300108.297434,300108.297434,300108.297434,300108.297434,nan,300108.297434,nan,nan,0.0,17,64,,True,False,"HTTPConnectionPool(host='gpu06', port=9004): Read timed out.",0,59.56268577710819
316,2026-09-21T07:59:49.781+00:00,2026-09-21T08:04:49.869+00:00,2026-09-21T08:04:49.869+00:00,False,1,0.0,,0.0,300088.211899,300088.211899,300088.211899,300088.211899,300088.211899,300088.211899,nan,300088.211899,nan,nan,0.0,17,64,,True,False,"HTTPConnectionPool(host='gpu06', port=9004): Read timed out.",0,59.56268577710819
317,2026-09-21T07:59:50.186+00:00,2026-09-21T08:04:50.290+00:00,2026-09-21T08:04:50.290+00:00,False,1,0.0,,0.0,300104.21975700004,300104.21975700004,300104.21975700004,300104.21975700004,300104.21975700004,300104.21975700004,nan,300104.21975700004,nan,nan,0.0,17,64,,True,False,"HTTPConnectionPool(host='gpu06', port=9004): Read timed out.",0,59.56268577710819
318,2026-09-21T07:59:50.437+00:00,2026-09-21T08:04:50.536+00:00,2026-09-21T08:04:50.536+00:00,False,1,0.0,,0.0,300099.499121,300099.499121,300099.499121,300099.499121,300099.499121,300099.499121,nan,300099.499121,nan,nan,0.0,17,64,,True,False,"HTTPConnectionPool(host='gpu06', port=9004): Read timed out.",0,59.56268577710819
319,2026-09-21T07:59:50.800+00:00,2026-09-21T08:04:50.894+00:00,2026-09-21T08:04:50.894+00:00,False,1,0.0,,0.0,300094.648777,300094.648777,300094.648777,300094.648777,300094.648777,300094.648777,nan,300094.648777,nan,nan,0.0,17,64,,True,False,"HTTPConnectionPool(host='gpu06', port=9004): Read timed out.",0,59.56268577710819
320,2026-09-21T07:59:51.110+00:00,2026-09-21T08:04:51.219+00:00,2026-09-21T08:04:51.219+00:00,False,1,0.0,,0.0,300109.25399,300109.25399,300109.25399,300109.25399,300109.25399,300109.25399,nan,300109.25399,nan,nan,0.0,17,64,,True,False,"HTTPConnectionPool(host='gpu06', port=9004): Read timed out.",0,59.56268577710819
321,2026-09-21T07:59:51.421+00:00,2026-09-21T08:04:51.462+00:00,2026-09-21T08:04:51.462+00:00,False,1,0.0,,0.0,300041.566967,300041.566967,300041.566967,300041.566967,300041.566967,300041.566967,nan,300041.566967,nan,nan,0.0,17,64,,True,False,TTFT timeout: 300.0s exceeded (TTFT: 300.023s),0,59.56268577710819
322,2026-09-21T07:59:51.822+00:00,2026-09-21T08:04:51.933+00:00,2026-09-21T08:04:51.933+00:00,False,1,0.0,,0.0,300110.822593,300110.822593,300110.822593,300110.822593,300110.822593,300110.822593,nan,300110.822593,nan,nan,0.0,17,64,,True,False,"HTTPConnectionPool(host='gpu06', port=9004): Read timed out.",0,59.56268577710819
323,2026-09-21T07:59:52.158+00:00,2026-09-21T08:04:52.261+00:00,2026-09-21T08:04:52.261+00:00,False,1,0.0,,0.0,300103.299383,300103.299383,300103.299383,300103.299383,300103.299383,300103.299383,nan,300103.299383,nan,nan,0.0,17,64,,True,False,"HTTPConnectionPool(host='gpu06', port=9004): Read timed out.",0,59.56268577710819
324,2026-09-21T07:59:52.500+00:00,2026-09-21T08:04:52.607+00:00,2026-09-21T08:04:52.607+00:00,False,1,0.0,,0.0,300106.836752,300106.836752,300106.836752,300106.836752,300106.836752,300106.836752,nan,300106.836752,nan,nan,0.0,17,64,,True,False,"HTTPConnectionPool(host='gpu06', port=9004): Read timed out.",0,59.56268577710819
328,2026-09-21T07:59:54.233+00:00,2026-09-21T08:04:53.202+00:00,2026-09-21T08:04:54.047+00:00,True,15,15.0,,15.0,298968.734454,299813.581046,299813.581162,19987.57207746667,43.848287,298968.734454,77177.81513179495,89757.26239700001,60.346185142857145,13.806936044204265,0.050031089144352565,17,64,,True,True,,153,59.56268577710819
326,2026-09-21T07:59:54.222+00:00,2026-09-21T08:04:53.464+00:00,2026-09-21T08:04:54.735+00:00,False,24,23.0,,23.0,299241.355249,300512.974321,300512.974471,12521.373936291668,0.02877,299241.355249,61071.10204560894,75.44156465,55.287785739130435,14.994379505133798,0.07653579700499723,17,64,,True,False,Request timeout: 300.0s exceeded,88,59.56268577710819
325,2026-09-21T07:59:54.217+00:00,2026-09-21T08:04:54.817+00:00,2026-09-21T08:04:54.817+00:00,False,1,0.0,,0.0,300599.572776,300599.572776,300599.572776,300599.572776,300599.572776,300599.572776,nan,300599.572776,nan,nan,0.0,17,64,,True,False,"HTTPConnectionPool(host='gpu06', port=9004): Read timed out.",0,59.56268577710819
329,2026-09-21T07:59:54.488+00:00,2026-09-21T08:04:55.038+00:00,2026-09-21T08:04:55.038+00:00,False,1,0.0,,0.0,300550.024028,300550.024028,300550.024028,300550.024028,300550.024028,300550.024028,nan,300550.024028,nan,nan,0.0,17,64,,True,False,"HTTPConnectionPool(host='gpu06', port=9004): Read timed out.",0,59.56268577710819
327,2026-09-21T07:59:54.228+00:00,2026-09-21T08:04:55.075+00:00,2026-09-21T08:04:55.075+00:00,False,1,0.0,,0.0,300847.480929,300847.480929,300847.480929,300847.480929,300847.480929,300847.480929,nan,300847.480929,nan,nan,0.0,17,64,,True,False,TTFT timeout: 300.0s exceeded (TTFT: 300.001s),0,59.56268577710819
330,2026-09-21T07:59:54.817+00:00,2026-09-21T08:04:55.381+00:00,2026-09-21T08:04:55.381+00:00,False,1,0.0,,0.0,300563.833728,300563.833728,300563.833728,300563.833728,300563.833728,300563.833728,nan,300563.833728,nan,nan,0.0,17,64,,True,False,"HTTPConnectionPool(host='gpu06', port=9004): Read timed out.",0,59.56268577710819
331,2026-09-21T07:59:55.100+00:00,2026-09-21T08:04:55.449+00:00,2026-09-21T08:04:55.449+00:00,False,1,0.0,,0.0,300349.37226,300349.37226,300349.37226,300349.37226,300349.37226,300349.37226,nan,300349.37226,nan,nan,0.0,17,64,,True,False,"HTTPConnectionPool(host='gpu06', port=9004): Read timed out.",0,59.56268577710819
332,2026-09-21T07:59:55.463+00:00,2026-09-21T08:04:55.652+00:00,2026-09-21T08:04:55.652+00:00,False,1,0.0,,0.0,300189.19862599997,300189.19862599997,300189.19862599997,300189.19862599997,300189.19862599997,300189.19862599997,nan,300189.19862599997,nan,nan,0.0,17,64,,True,False,"HTTPConnectionPool(host='gpu06', port=9004): Read timed out.",0,59.56268577710819
333,2026-09-21T07:59:55.809+00:00,2026-09-21T08:04:55.927+00:00,2026-09-21T08:04:55.927+00:00,False,1,0.0,,0.0,300117.938518,300117.938518,300117.938518,300117.938518,300117.938518,300117.938518,nan,300117.938518,nan,nan,0.0,17,64,,True,False,"HTTPConnectionPool(host='gpu06', port=9004): Read timed out.",0,59.56268577710819
334,2026-09-21T07:59:56.204+00:00,2026-09-21T08:04:56.306+00:00,2026-09-21T08:04:56.306+00:00,False,1,0.0,,0.0,300101.87692,300101.87692,300101.87692,300101.87692,300101.87692,300101.87692,nan,300101.87692,nan,nan,0.0,17,64,,True,False,"HTTPConnectionPool(host='gpu06', port=9004): Read timed out.",0,59.56268577710819
335,2026-09-21T07:59:56.479+00:00,2026-09-21T08:04:56.584+00:00,2026-09-21T08:04:56.584+00:00,False,1,0.0,,0.0,300105.03668900003,300105.03668900003,300105.03668900003,300105.03668900003,300105.03668900003,300105.03668900003,nan,300105.03668900003,nan,nan,0.0,17,64,,True,False,"HTTPConnectionPool(host='gpu06', port=9004): Read timed out.",0,59.56268577710819
336,2026-09-21T07:59:56.885+00:00,2026-09-21T08:04:56.918+00:00,2026-09-21T08:04:56.918+00:00,False,1,0.0,,0.0,300032.416753,300032.416753,300032.416753,300032.416753,300032.416753,300032.416753,nan,300032.416753,nan,nan,0.0,17,64,,True,False,TTFT timeout: 300.0s exceeded (TTFT: 300.011s),0,59.56268577710819
337,2026-09-21T07:59:57.161+00:00,2026-09-21T08:04:57.190+00:00,2026-09-21T08:04:57.190+00:00,False,1,0.0,,0.0,300029.147162,300029.147162,300029.147162,300029.147162,300029.147162,300029.147162,nan,300029.147162,nan,nan,0.0,17,64,,True,False,TTFT timeout: 300.0s exceeded (TTFT: 300.014s),0,59.56268577710819
338,2026-09-21T07:59:57.507+00:00,2026-09-21T08:04:57.445+00:00,2026-09-21T08:04:57.584+00:00,False,4,3.0,,3.0,299938.197186,300076.582082,300076.581978,75019.1454945,0.02928,299938.197186,149946.03844379395,254959.95376034998,46.128298666666666,42.32758408269318,0.009997447915413172,17,64,,True,False,Request timeout: 300.0s exceeded,21,59.56268577710819
339,2026-09-21T07:59:57.886+00:00,2026-09-21T08:04:57.991+00:00,2026-09-21T08:04:57.991+00:00,False,1,0.0,,0.0,300104.78955,300104.78955,300104.78955,300104.78955,300104.78955,300104.78955,nan,300104.78955,nan,nan,0.0,17,64,,True,False,"HTTPConnectionPool(host='gpu06', port=9004): Read timed out.",0,59.56268577710819
340,2026-09-21T07:59:58.127+00:00,2026-09-21T08:04:58.239+00:00,2026-09-21T08:04:58.239+00:00,False,1,0.0,,0.0,300112.51392299996,300112.51392299996,300112.51392299996,300112.51392299996,300112.51392299996,300112.51392299996,nan,300112.51392299996,nan,nan,0.0,17,64,,True,False,"HTTPConnectionPool(host='gpu06', port=9004): Read timed out.",0,59.56268577710819
341,2026-09-21T07:59:58.565+00:00,2026-09-21T08:04:58.633+00:00,2026-09-21T08:04:58.633+00:00,False,1,0.0,,0.0,300068.323201,300068.323201,300068.323201,300068.323201,300068.323201,300068.323201,nan,300068.323201,nan,nan,0.0,17,64,,True,False,"HTTPConnectionPool(host='gpu06', port=9004): Read timed out.",0,59.56268577710819
342,2026-09-21T07:59:58.977+00:00,2026-09-21T08:04:59.021+00:00,2026-09-21T08:04:59.021+00:00,False,1,0.0,,0.0,300043.90702100005,300043.90702100005,300043.90702100005,300043.90702100005,300043.90702100005,300043.90702100005,nan,300043.90702100005,nan,nan,0.0,17,64,,True,False,"HTTPConnectionPool(host='gpu06', port=9004): Read timed out.",0,59.56268577710819
343,2026-09-21T07:59:59.389+00:00,2026-09-21T08:04:59.373+00:00,2026-09-21T08:04:59.433+00:00,False,3,2.0,,2.0,299983.89719199995,300044.49085599993,300044.4910689999,100014.83035633332,0.02852,299983.89719199995,173178.29449594032,269991.56400849996,30.296832,42.80600441875079,0.006665678127580946,17,64,,True,False,Request timeout: 300.0s exceeded,6,59.56268577710819
344,2026-09-21T07:59:59.664+00:00,2026-09-21T08:04:59.776+00:00,2026-09-21T08:04:59.776+00:00,False,1,0.0,,0.0,300111.430154,300111.430154,300111.430154,300111.430154,300111.430154,300111.430154,nan,300111.430154,nan,nan,0.0,17,64,,True,False,"HTTPConnectionPool(host='gpu06', port=9004): Read timed out.",0,59.56268577710819
345,2026-09-21T08:00:00.011+00:00,2026-09-21T08:05:00.137+00:00,2026-09-21T08:05:00.137+00:00,False,1,0.0,,0.0,300125.473132,300125.473132,300125.473132,300125.473132,300125.473132,300125.473132,nan,300125.473132,nan,nan,0.0,17,64,,True,False,"HTTPConnectionPool(host='gpu06', port=9004): Read timed out.",0,59.56268577710819
346,2026-09-21T08:00:00.403+00:00,2026-09-21T08:05:00.509+00:00,2026-09-21T08:05:00.509+00:00,False,1,0.0,,0.0,300105.863534,300105.863534,300105.863534,300105.863534,300105.863534,300105.863534,nan,300105.863534,nan,nan,0.0,17,64,,True,False,"HTTPConnectionPool(host='gpu06', port=9004): Read timed out.",0,59.56268577710819
347,2026-09-21T08:00:00.827+00:00,2026-09-21T08:05:00.933+00:00,2026-09-21T08:05:00.933+00:00,False,1,0.0,,0.0,300106.111851,300106.111851,300106.111851,300106.111851,300106.111851,300106.111851,nan,300106.111851,nan,nan,0.0,17,64,,True,False,"HTTPConnectionPool(host='gpu06', port=9004): Read timed out.",0,59.56268577710819
348,2026-09-21T08:00:01.234+00:00,2026-09-21T08:05:01.167+00:00,2026-09-21T08:05:02.560+00:00,True,21,21.0,,21.0,299932.302211,301325.37485100003,301325.374975,14348.827379761904,46.435887,299932.302211,65435.4051664339,215.196636,69.653632,38.27490518578877,0.0696921061174623,17,64,,True,True,,21,59.56268577710819
349,2026-09-21T08:00:01.663+00:00,2026-09-21T08:05:02.173+00:00,2026-09-21T08:05:03.068+00:00,False,18,17.0,,17.0,300510.366071,301404.914551,301404.914486,16744.717471444445,0.03711,300510.366071,70818.57139350746,45141.955223900004,52.62049882352942,15.555462184562936,0.056402530878850256,17,64,,True,False,Request timeout: 300.0s exceeded,17,59.56268577710819
350,2026-09-21T08:00:02.064+00:00,2026-09-21T08:05:03.225+00:00,2026-09-21T08:05:03.225+00:00,False,1,0.0,,0.0,301160.464972,301160.464972,301160.464972,301160.464972,301160.464972,301160.464972,nan,301160.464972,nan,nan,0.0,17,64,,True,False,"HTTPConnectionPool(host='gpu06', port=9004): Read timed out.",0,59.56268577710819
0,2026-09-21T07:58:02.121+00:00,2026-09-21T07:58:02.381+00:00,2026-09-21T07:58:06.479+00:00,True,70,70.0,,70.0,259.608408,4358.113624,4358.113774,62.2587682,0.016579999999999998,259.608408,40.78126724331796,101.63867149999999,59.39862631884058,33.26440960069524,16.061995174818783,18,64,,False,True,,401,59.56268577710819
3,2026-09-21T07:58:03.118+00:00,2026-09-21T07:58:03.490+00:00,2026-09-21T07:58:07.304+00:00,True,63,63.0,,63.0,371.993145,4186.781241000001,4186.781297,66.45684598412699,38.293973,371.993145,41.08269057335408,83.29262889999998,61.52884025806451,12.665107510159835,15.047358907376932,18,64,,False,True,,256,59.56268577710819
1,2026-09-21T07:58:02.483+00:00,2026-09-21T07:58:06.168+00:00,2026-09-21T07:58:10.325+00:00,True,67,67.0,,67.0,3685.725519,7842.0183830000005,7842.018453,117.04505153731344,40.760854,3685.725519,442.7416493127039,80.8252837,62.974134303030304,11.694166373708997,8.543718814182228,18,64,,False,True,,402,59.56268577710819
2,2026-09-21T07:58:02.725+00:00,2026-09-21T07:58:06.549+00:00,2026-09-21T07:58:07.530+00:00,True,18,18.0,,18.0,3824.049487,4805.319759,4805.319606,266.9622003333333,41.013034,3824.049487,887.7790880466717,637.8802818500001,57.72178070588235,9.429381946221952,3.7458485392751157,18,64,,False,True,,42,59.56268577710819
5,2026-09-21T07:58:03.720+00:00,2026-09-21T07:58:08.244+00:00,2026-09-21T07:58:12.566+00:00,True,69,69.0,,69.0,4524.711773,8846.427485,8846.427482,128.209093942029,36.811344,4524.711773,537.1581149960095,78.3888744,63.55464282352941,10.331699263138587,7.799758729384984,18,64,,False,True,,207,59.56268577710819
4,2026-09-21T07:58:03.364+00:00,2026-09-21T07:58:08.360+00:00,2026-09-21T07:58:13.163+00:00,True,76,76.0,,76.0,4996.127539,9799.702323000001,9799.702488,128.9434537894737,0.016300000000000002,4996.127539,567.5209651173944,80.2877505,64.04766378666667,45.121886031473046,7.755337610778975,18,64,,False,True,,153,59.56268577710819
6,2026-09-21T07:58:03.934+00:00,2026-09-21T07:58:09.413+00:00,2026-09-21T07:58:14.150+00:00,True,74,74.0,,74.0,5478.856940000001,10215.981804000001,10215.981792,138.053808,0.015439999999999999,5478.856940000001,630.7213297777056,85.40825935000001,64.89212142465753,41.69423724177892,7.24355244750199,18,64,,False,True,,82,59.56268577710819
7,2026-09-21T07:58:04.189+00:00,2026-09-21T07:58:10.563+00:00,2026-09-21T07:58:15.932+00:00,True,86,86.0,,86.0,6374.5095329999995,11743.013853,11743.013879999999,136.5466730232558,0.01616,6374.5095329999995,681.6634779177152,78.779323,63.158874352941176,38.816131299903766,7.323503240016147,18,64,,False,True,,381,59.56268577710819
8,2026-09-21T07:58:04.549+00:00,2026-09-21T07:58:12.752+00:00,2026-09-21T07:58:13.956+00:00,True,19,19.0,,19.0,8203.065175,9407.703894999999,9407.70398,495.1423147368421,0.01685,8203.065175,1868.6411320448706,1187.4493432,66.92437333333334,90.75132094600076,2.0196213881793312,18,64,,False,True,,57,59.56268577710819
9,2026-09-21T07:58:04.870+00:00,2026-09-21T07:58:14.283+00:00,2026-09-21T07:58:18.998+00:00,True,78,78.0,,78.0,9412.625323,14128.130731000001,14128.130623000001,181.1298797820513,32.122693,9412.625323,1058.8877003094772,78.40238464999999,61.240329974025975,10.547808646756591,5.520900215684732,18,64,,False,True,,676,59.56268577710819
10,2026-09-21T07:58:05.139+00:00,2026-09-21T07:58:16.388+00:00,2026-09-21T07:58:21.249+00:00,True,78,78.0,,78.0,11249.549124,16110.172483999999,16110.172467999999,206.54067266666667,30.647843,11249.549124,1266.6708287280985,79.28355765,63.1249787012987,12.170791295506078,4.841661383667157,18,64,,False,True,,156,59.56268577710819
11,2026-09-21T07:58:05.489+00:00,2026-09-21T07:58:18.158+00:00,2026-09-21T07:58:21.374+00:00,True,51,51.0,,51.0,12668.803903,15884.597055,15884.596967,311.462685627451,29.442843,12668.803903,1765.0222632898908,83.3990185,64.31586304,12.138553484276347,3.210657457876573,18,64,,False,True,,136,59.56268577710819
12,2026-09-21T07:58:05.864+00:00,2026-09-21T07:58:20.437+00:00,2026-09-21T07:58:21.820+00:00,True,22,22.0,,22.0,14573.230675,15956.650067,15956.650039,725.3022745000001,29.035873,14573.230675,3093.015438159697,104.3298179,65.8771139047619,15.558103184096325,1.3787355057374024,18,64,,False,True,,65,59.56268577710819
13,2026-09-21T07:58:06.187+00:00,2026-09-21T07:58:21.880+00:00,2026-09-21T07:58:28.037+00:00,True,99,99.0,,99.0,15692.944513,21849.717633,21849.717842000002,220.70422062626264,0.0,15692.944513,1572.584927705887,79.85124710000001,62.824215510204084,73.45044624216266,4.530951001878331,18,64,,False,True,,594,59.56268577710819
14,2026-09-21T07:58:06.537+00:00,2026-09-21T07:58:23.783+00:00,2026-09-21T07:58:29.176+00:00,True,90,90.0,,90.0,17246.637908,22639.617364,22639.617318,251.55130353333334,0.0,17246.637908,1812.0867071086432,77.287756,60.59527478651685,43.601999805968255,3.975332204293874,18,64,,False,True,,224,59.56268577710819
15,2026-09-21T07:58:06.795+00:00,2026-09-21T07:58:24.777+00:00,2026-09-21T07:58:28.628+00:00,True,64,64.0,,64.0,17982.273997,21833.107917,21833.107827,341.142309796875,0.0,17982.273997,2240.701270828642,77.5667157,61.12434793650793,50.385081177565354,2.931327974162003,18,64,,False,True,,318,59.56268577710819
16,2026-09-21T07:58:07.148+00:00,2026-09-21T07:58:26.964+00:00,2026-09-21T07:58:28.991+00:00,True,36,36.0,,36.0,19815.824938,21843.530282,21843.530178,606.7647271666667,0.0,19815.824938,3293.0194401255994,76.6075405,57.9344384,15.985170369549904,1.648085246992586,18,64,,False,True,,72,59.56268577710819
17,2026-09-21T07:58:07.388+00:00,2026-09-21T07:58:28.238+00:00,2026-09-21T07:58:28.803+00:00,True,10,10.0,,10.0,20849.593425,21415.045713,21415.045594,2141.5045594,51.766635,20849.593425,6573.358618479542,11502.812500349997,62.828032,9.600205397696032,0.46696141273840486,18,64,,False,True,,14,59.56268577710819
18,2026-09-21T07:58:07.707+00:00,2026-09-21T07:58:29.874+00:00,2026-09-21T07:58:33.471+00:00,True,47,47.0,,47.0,22166.402872000002,25763.917112000003,25763.917165000003,548.168450319149,0.0,22166.402872000002,3223.7654539223745,334.46791490000004,78.20683130434783,111.02855687203338,1.8242567617215675,18,64,,False,True,,157,59.56268577710819
19,2026-09-21T07:58:07.918+00:00,2026-09-21T07:58:31.121+00:00,2026-09-21T07:58:31.958+00:00,True,14,14.0,,14.0,23202.830129,24039.570993,24039.571096000003,1717.1122211428574,45.018425,23202.830129,6184.023613267684,8177.1651305000005,64.36468184615384,10.736987410111226,0.5823731215534841,18,64,,False,True,,29,59.56268577710819
20,2026-09-21T07:58:08.205+00:00,2026-09-21T07:58:32.573+00:00,2026-09-21T07:58:37.518+00:00,True,78,78.0,,78.0,24367.86839,29312.337638,29312.337504,375.79919876923077,0.0,24367.86839,2753.4109751363617,82.72377114999999,64.21388633766234,93.39949397859766,2.660995549494564,18,64,,False,True,,156,59.56268577710819
21,2026-09-21T07:58:08.588+00:00,2026-09-21T07:58:34.321+00:00,2026-09-21T07:58:36.047+00:00,True,28,28.0,,28.0,25732.958892000002,27459.017644000003,27459.017541,980.6791978928572,0.0,25732.958892000002,4852.062130273088,393.88259099999993,63.92810192592592,103.89662101626092,1.01970144609737,18,64,,False,True,,168,59.56268577710819
22,2026-09-21T07:58:08.817+00:00,2026-09-21T07:58:35.610+00:00,2026-09-21T07:58:41.871+00:00,True,100,100.0,,100.0,26792.875230999998,33054.130143,33054.130172,330.54130172,0.0,26792.875230999998,2673.631881005838,78.57010399999999,63.24499911111111,60.10491732805801,3.0253405419345873,18,64,,False,True,,595,59.56268577710819
23,2026-09-21T07:58:09.080+00:00,2026-09-21T07:58:36.886+00:00,2026-09-21T07:58:39.866+00:00,True,48,48.0,,48.0,27805.982597,30786.252933,30786.252836,641.3802674166666,42.966483999999994,27805.982597,4004.3054721881026,80.8717905,63.41000714893617,9.06105162929352,1.5591374534751665,18,64,,False,True,,48,59.56268577710819
24,2026-09-21T07:58:09.325+00:00,2026-09-21T07:58:38.031+00:00,2026-09-21T07:58:42.440+00:00,True,71,71.0,,71.0,28706.539690999998,33114.857898999995,33114.857929,466.40644970422534,0.0,28706.539690999998,3400.1067400560005,78.030578,62.9759744,71.50079824872854,2.144052685249302,18,64,,False,True,,142,59.56268577710819
25,2026-09-21T07:58:09.670+00:00,2026-09-21T07:58:40.541+00:00,2026-09-21T07:58:40.541+00:00,True,2,2.0,,2.0,30871.114056000002,30871.114056000002,30871.114056000002,15435.557028000001,0.0,30871.114056000002,21829.174091780944,29327.558353200002,0.0,nan,0.0647854818705931,18,64,,False,True,,13,59.56268577710819
26,2026-09-21T07:58:09.968+00:00,2026-09-21T07:58:41.561+00:00,2026-09-21T07:58:42.831+00:00,True,21,21.0,,21.0,31592.68089,32862.524602,32862.524742,1564.8821305714287,46.785925000000006,31592.68089,6880.237494149366,76.276108,63.4921856,8.033662605424295,0.639025767324095,18,64,,False,True,,41,59.56268577710819
27,2026-09-21T07:58:10.291+00:00,2026-09-21T07:58:43.505+00:00,2026-09-21T07:58:43.962+00:00,True,15,15.0,,15.0,33213.727888,33670.281616,33670.281496,2244.685433066667,0.01573,33213.727888,8567.382579778981,10030.6592464,32.61098057142857,31.86663361100827,0.445496719364297,18,64,,False,True,,68,59.56268577710819
28,2026-09-21T07:58:10.582+00:00,2026-09-21T07:58:44.659+00:00,2026-09-21T07:58:44.969+00:00,True,6,6.0,,6.0,34077.690338,34386.83133,34386.83135,5731.138558333333,39.102214,34077.690338,13886.928013766992,25577.528948000003,61.8281984,19.045626266090512,0.17448539943735492,18,64,,False,True,,12,59.56268577710819
29,2026-09-21T07:58:10.923+00:00,2026-09-21T07:58:46.573+00:00,2026-09-21T07:58:52.108+00:00,True,87,87.0,,87.0,35650.329992,41185.37844,41185.378246,473.3951522528736,43.299445,35650.329992,3815.227756096451,78.523098,64.36102846511628,9.3883241541585,2.112400159846631,18,64,,False,True,,260,59.56268577710819
30,2026-09-21T07:58:11.296+00:00,2026-09-21T07:58:48.289+00:00,2026-09-21T07:58:49.796+00:00,True,24,24.0,,24.0,36992.688741,38499.576421,38499.576227,1604.1490094583332,47.296775000000004,36992.688741,7537.734350073877,82.24852034999998,65.51685565217392,10.467041946382222,0.6233834818740746,18,64,,False,True,,96,59.56268577710819
31,2026-09-21T07:58:11.619+00:00,2026-09-21T07:58:49.662+00:00,2026-09-21T07:58:55.502+00:00,True,94,94.0,,94.0,38042.352248999996,43883.268217,43883.268326,466.84328006382975,0.0,38042.352248999996,3919.060330020194,79.41418485,62.80554804301076,118.38368750343288,2.142046475097888,18,64,,False,True,,289,59.56268577710819
32,2026-09-21T07:58:11.900+00:00,2026-09-21T07:58:51.400+00:00,2026-09-21T07:58:51.706+00:00,True,6,6.0,,6.0,39500.270751000004,39805.910687,39805.910713000005,6634.318452166667,51.935326,39500.270751000004,16100.965166034832,29644.18906775,61.1279872,10.146178065161838,0.15073138376807713,18,64,,False,True,,22,59.56268577710819
33,2026-09-21T07:58:12.170+00:00,2026-09-21T07:58:53.695+00:00,2026-09-21T07:58:55.571+00:00,True,47,47.0,,47.0,41525.011061,43400.761973,43400.761946,923.4204669361701,0.0,41525.011061,6051.180938936775,76.564837,40.77719373913044,32.143837581656754,1.0829302957685194,18,64,,False,True,,415,59.56268577710819
34,2026-09-21T07:58:12.403+00:00,2026-09-21T07:58:53.873+00:00,2026-09-21T07:58:58.624+00:00,True,78,78.0,,78.0,41470.768946000004,46221.095218,46221.095389,592.5781460128205,0.05008,41470.768946000004,4688.676561137384,80.22781950000001,61.69254898701299,14.437811901937703,1.6875411461393552,18,64,,False,True,,159,59.56268577710819
35,2026-09-21T07:58:12.701+00:00,2026-09-21T07:58:55.646+00:00,2026-09-21T07:58:57.987+00:00,True,38,38.0,,38.0,42945.062479,45286.152015,45286.152002,1191.7408421578948,37.072494,42945.062479,6956.3525245069795,83.1378175,63.272690162162164,10.454961318488731,0.8391086084640923,18,64,,False,True,,146,59.56268577710819
36,2026-09-21T07:58:13.163+00:00,2026-09-21T07:58:58.421+00:00,2026-09-21T07:59:03.186+00:00,True,76,76.0,,76.0,45258.334209,50022.831617,50022.831614,658.1951528157895,0.0,45258.334209,5185.201337303548,81.25514575000001,63.52663210666667,102.58588506928635,1.5193062356384437,18,64,,False,True,,677,59.56268577710819
37,2026-09-21T07:58:13.428+00:00,2026-09-21T07:58:59.638+00:00,2026-09-21T07:59:01.407+00:00,True,28,28.0,,28.0,46210.391167999995,47979.479168,47979.479122,1713.552825785714,0.0,46210.391167999995,8722.221156253723,623.36352105,65.52177777777777,173.4311641674504,0.5835828251065021,18,64,,False,True,,325,59.56268577710819
38,2026-09-21T07:58:13.718+00:00,2026-09-21T07:59:01.272+00:00,2026-09-21T07:59:05.607+00:00,True,79,79.0,,79.0,47554.503658,51889.402858,51889.402728,656.8278826329114,0.0,47554.503658,5344.980666144325,81.44275110000001,55.57563076923077,100.55061527632753,1.522468859705142,18,64,,False,True,,325,59.56268577710819
39,2026-09-21T07:58:13.992+00:00,2026-09-21T07:59:02.464+00:00,2026-09-21T07:59:05.659+00:00,True,44,44.0,,44.0,48471.400353,51666.323616999995,51666.323663999996,1174.2346287272726,0.01656,48471.400353,7297.422466939074,83.07355735000002,74.3005410232558,138.5692156714519,0.8516185576928196,18,64,,False,True,,254,59.56268577710819
40,2026-09-21T07:58:14.205+00:00,2026-09-21T07:59:03.458+00:00,2026-09-21T07:59:08.952+00:00,True,88,88.0,,88.0,49253.079593999995,54746.189609999994,54746.189613999995,622.1157910681818,0.01517,49253.079593999995,5244.539532782132,80.43675315,63.139195586206895,96.31262275157637,1.607417806186932,18,64,,False,True,,176,59.56268577710819
41,2026-09-21T07:58:14.447+00:00,2026-09-21T07:59:05.658+00:00,2026-09-21T07:59:09.097+00:00,True,67,67.0,,67.0,51211.768827,54650.390779,54650.390734,815.677473641791,0.0155,51211.768827,6250.213162877002,86.4166317,52.10033260606061,28.698760037798156,1.2259747651382846,18,64,,False,True,,201,59.56268577710819
42,2026-09-21T07:58:14.808+00:00,2026-09-21T07:59:06.672+00:00,2026-09-21T07:59:07.329+00:00,True,11,11.0,,11.0,51863.965485,52521.055789,52521.055663,4774.641423909091,43.157605000000004,51863.965485,15617.765525582847,25973.765201500002,65.7090304,11.133199790288776,0.20943981103867754,18,64,,False,True,,42,59.56268577710819
43,2026-09-21T07:58:15.040+00:00,2026-09-21T07:59:08.173+00:00,2026-09-21T07:59:10.345+00:00,True,35,35.0,,35.0,53132.986237000005,55304.277117000005,55304.27695200001,1580.1221986285716,0.0,53132.986237000005,8972.07834218849,382.2989006,63.861496470588236,180.32629510042534,0.6328624443631202,18,64,,False,True,,106,59.56268577710819
44,2026-09-21T07:58:15.376+00:00,2026-09-21T07:59:10.326+00:00,2026-09-21T07:59:15.387+00:00,True,91,91.0,,91.0,54950.102265,60010.822649,60010.822554,659.4595885054945,0.0,54950.102265,5754.491664082029,79.1383515,56.23022648888889,24.19397993891186,1.5163931434877003,18,64,,False,True,,433,59.56268577710819
45,2026-09-21T07:58:15.632+00:00,2026-09-21T07:59:11.301+00:00,2026-09-21T07:59:15.331+00:00,True,63,63.0,,63.0,55669.64085,59699.70881800001,59699.708833000004,947.614425920635,46.341374,55669.64085,7005.532259679647,79.37834799999999,65.00109625806452,9.350261806859649,1.0552815289612423,18,64,,False,True,,254,59.56268577710819
46,2026-09-21T07:58:15.974+00:00,2026-09-21T07:59:13.406+00:00,2026-09-21T07:59:19.326+00:00,True,84,84.0,,84.0,57432.833127,63352.444263,63352.444277999995,754.1957652142856,0.01531,57432.833127,6259.731013031428,81.05056950000001,71.32061609638554,116.81334401911847,1.3259156923967161,18,64,,False,True,,588,59.56268577710819
47,2026-09-21T07:58:16.321+00:00,2026-09-21T07:59:14.958+00:00,2026-09-21T07:59:21.298+00:00,True,100,100.0,,100.0,58636.901668,64977.1889,64977.188725,649.77188725,0.0,58636.901668,5860.17507170792,97.2982612,64.04330537373737,184.93230057923657,1.5390016356955694,18,64,,False,True,,876,59.56268577710819
48,2026-09-21T07:58:16.573+00:00,2026-09-21T07:59:16.221+00:00,2026-09-21T07:59:21.584+00:00,True,86,86.0,,86.0,59648.207283,65010.319027000005,65010.319004000004,755.9339419069768,0.0,59648.207283,6427.917857610615,179.11240275,63.08366757647059,187.0030507934798,1.3228669123171444,18,64,,False,True,,302,59.56268577710819
49,2026-09-21T07:58:16.875+00:00,2026-09-21T07:59:17.965+00:00,2026-09-21T07:59:21.835+00:00,True,62,62.0,,62.0,61089.659524999995,64959.25696499999,64959.257095999994,1047.7299531612903,0.0,61089.659524999995,7753.194040487442,295.3977851,63.43602360655738,212.16638087870663,0.9544444148030443,18,64,,False,True,,434,59.56268577710819
50,2026-09-21T07:58:17.235+00:00,2026-09-21T07:59:19.790+00:00,2026-09-21T07:59:19.937+00:00,True,3,3.0,,3.0,62554.806877999996,62701.87145399999,62701.871500999994,20900.623833666665,0.036359999999999996,62554.806877999996,36073.655560159226,56314.0290165,73.532288,103.938949470505,0.04784546187271127,18,64,,False,True,,13,59.56268577710819
51,2026-09-21T07:58:17.493+00:00,2026-09-21T07:59:21.302+00:00,2026-09-21T07:59:23.979+00:00,True,47,47.0,,47.0,63809.051045,66485.505189,66485.5053,1414.5852191489362,0.0,63809.051045,9299.041505433463,81.207808,58.183785739130435,20.355662637112676,0.7069210028019178,18,64,,False,True,,188,59.56268577710819
52,2026-09-21T07:58:17.785+00:00,2026-09-21T07:59:22.771+00:00,2026-09-21T07:59:28.189+00:00,True,85,85.0,,85.0,64985.680793,70404.033945,70404.033969,828.2827525764706,43.219614,64985.680793,7041.697038520211,80.9899378,64.50420419047619,9.814980568758614,1.2073171839329893,18,64,,False,True,,385,59.56268577710819
53,2026-09-21T07:58:17.995+00:00,2026-09-21T07:59:23.986+00:00,2026-09-21T07:59:29.297+00:00,True,83,83.0,,83.0,65991.264328,71301.89626400001,71301.896445,859.058993313253,41.189713000000005,65991.264328,7236.380083892777,78.590557,64.76380409756098,9.789084434330423,1.1640644127147333,18,64,,False,True,,333,59.56268577710819
54,2026-09-21T07:58:18.350+00:00,2026-09-21T07:59:25.876+00:00,2026-09-21T07:59:29.028+00:00,True,50,50.0,,50.0,67526.36994799999,70677.718428,70677.718285,1413.5543656999998,47.109684,67526.36994799999,9540.580609340075,80.58791405000001,64.31323428571429,9.921865834955037,0.7074365317965865,18,64,,False,True,,305,59.56268577710819
55,2026-09-21T07:58:18.680+00:00,2026-09-21T07:59:27.723+00:00,2026-09-21T07:59:29.790+00:00,True,33,33.0,,33.0,69042.515155,71109.390547,71109.390607,2154.8300183939396,41.744224,69042.515155,12007.520161425828,79.983099,64.589856,10.693719938526332,0.4640737284647171,18,64,,False,True,,86,59.56268577710819
56,2026-09-21T07:58:19.021+00:00,2026-09-21T07:59:29.292+00:00,2026-09-21T07:59:35.099+00:00,True,84,84.0,,84.0,70271.568908,76077.794572,76077.794519,905.6880299880953,0.0,70271.568908,7662.685099724967,86.08590900000002,69.95452607228916,217.884572625606,1.1041329532824775,18,64,,False,True,,84,59.56268577710819
57,2026-09-21T07:58:19.359+00:00,2026-09-21T07:59:31.183+00:00,2026-09-21T07:59:32.854+00:00,True,19,19.0,,19.0,71823.74367,73494.342582,73494.342567,3868.1232929999996,0.0,71823.74367,16459.16292016913,8419.6503939,92.81105066666667,321.0979692618618,0.2585233003316016,18,64,,False,True,,58,59.56268577710819
58,2026-09-21T07:58:19.662+00:00,2026-09-21T07:59:32.857+00:00,2026-09-21T07:59:33.448+00:00,True,13,13.0,,13.0,73195.294365,73786.525853,73786.525937,5675.886610538461,0.0,73195.294365,20287.074396376316,29330.204422199997,49.26929066666666,27.56583079370447,0.17618392856575246,18,64,,False,True,,26,59.56268577710819
59,2026-09-21T07:58:19.875+00:00,2026-09-21T07:59:34.978+00:00,2026-09-21T07:59:34.978+00:00,True,16,16.0,,16.0,75102.71127,75103.055846,75103.05568,4693.94098,0.015179999999999999,75102.71127,18775.672077333817,18775.7023725,0.022971733333333334,0.004376099102212032,0.2130405989445789,18,64,,False,True,,17,59.56268577710819
60,2026-09-21T07:58:20.225+00:00,2026-09-21T07:59:35.805+00:00,2026-09-21T07:59:40.709+00:00,True,79,79.0,,79.0,75579.686076,80483.796924,80483.797118,1018.782242,0.05575,75579.686076,8496.34130248901,79.88299599999999,62.873216,24.91280425889234,0.9815640292741019,18,64,,False,True,,466,59.56268577710819
61,2026-09-21T07:58:20.473+00:00,2026-09-21T07:59:37.298+00:00,2026-09-21T07:59:41.648+00:00,True,71,71.0,,71.0,76824.86939200001,81175.10555200001,81175.105364,1143.3113431549298,13.346521000000001,76824.86939200001,9110.066959021855,80.0738075,62.14623085714286,11.984728045433187,0.8746523890199079,18,64,,False,True,,562,59.56268577710819
62,2026-09-21T07:58:20.723+00:00,2026-09-21T07:59:38.618+00:00,2026-09-21T07:59:42.607+00:00,True,64,64.0,,64.0,77894.358552,81883.93628000001,81883.936403,1279.436506296875,41.489633999999995,77894.358552,9728.884197209984,80.92615085,63.32663060317461,10.146719808401688,0.7815940819106894,18,64,,False,True,,270,59.56268577710819
63,2026-09-21T07:58:21.056+00:00,2026-09-21T07:59:40.154+00:00,2026-09-21T07:59:46.961+00:00,True,81,81.0,,81.0,79097.58425300001,85904.576637,85904.576591,1060.5503282839506,37.717864,79097.58425300001,8781.1074305687,83.797577,85.0874048,185.79014133473922,0.9429066898528017,18,64,,False,True,,243,59.56268577710819
64,2026-09-21T07:58:21.435+00:00,2026-09-21T07:59:41.837+00:00,2026-09-21T07:59:46.976+00:00,True,68,68.0,,68.0,80402.017871,85541.091151,85541.091083,1257.9572218088235,0.0,80402.017871,9743.052687616435,81.429485,76.70258626865672,207.52676976299205,0.7949395908448739,18,64,,False,True,,71,59.56268577710819
65,2026-09-21T07:58:21.811+00:00,2026-09-21T07:59:43.806+00:00,2026-09-21T07:59:43.806+00:00,True,1,1.0,,1.0,81995.206485,81995.206485,81995.206485,81995.206485,81995.206485,81995.206485,nan,81995.206485,nan,nan,0.01219583488923755,18,64,,False,True,,11,59.56268577710819
66,2026-09-21T07:58:22.185+00:00,2026-09-21T07:59:46.994+00:00,2026-09-21T07:59:51.435+00:00,True,87,87.0,,87.0,84808.31577599999,89249.54611199998,89249.546087,1025.8568515747124,0.0,84808.31577599999,9086.907247386567,78.39422200000001,51.64221320930233,26.445135877951206,0.9747948733635351,18,64,,False,True,,522,59.56268577710819
67,2026-09-21T07:58:22.486+00:00,2026-09-21T07:59:47.490+00:00,2026-09-21T07:59:47.965+00:00,True,8,8.0,,8.0,85004.301339,85479.066907,85479.06701099999,10684.883376374999,55.135125,85004.301339,30029.580753775936,55281.0098733,67.82365257142857,8.731027442930925,0.09359016528226595,18,64,,False,True,,70,59.56268577710819
68,2026-09-21T07:58:23.300+00:00,2026-09-21T07:59:49.648+00:00,2026-09-21T07:59:54.098+00:00,True,55,55.0,,55.0,86347.603485,90797.388317,90797.388396,1650.8616072,0.02551,86347.603485,11633.347880328725,83.6487623,82.40342281481482,178.93257734408368,0.6057442952872065,18,64,,False,True,,332,59.56268577710819
69,2026-09-21T07:58:23.350+00:00,2026-09-21T07:59:50.599+00:00,2026-09-21T07:59:56.944+00:00,True,100,100.0,,100.0,87249.65325399999,93594.36160599999,93594.36181199999,935.9436181199999,0.01503,87249.65325399999,8719.677450188876,160.72480449999998,64.08796315151515,140.5216820111221,1.0684404304285502,18,64,,False,True,,480,59.56268577710819
70,2026-09-21T07:58:23.406+00:00,2026-09-21T07:59:52.109+00:00,2026-09-21T07:59:55.455+00:00,True,53,53.0,,53.0,88703.04678,92048.738172,92048.73822500001,1736.768645754717,0.01617,88703.04678,12177.018706917033,276.0170144,64.34021907692308,196.55813019591506,0.5757819287100439,18,64,,False,True,,53,59.56268577710819
71,2026-09-21T07:58:23.741+00:00,2026-09-21T07:59:54.193+00:00,2026-09-21T07:59:56.467+00:00,True,45,45.0,,45.0,90452.323559,92726.218215,92726.218279,2060.582628422222,0.016460000000000002,90452.323559,13476.249005299349,186.8068664,51.679424,56.71696272708162,0.48529963656730374,18,64,,False,True,,137,59.56268577710819
72,2026-09-21T07:58:24.017+00:00,2026-09-21T07:59:55.349+00:00,2026-09-21T07:59:59.282+00:00,True,67,67.0,,67.0,91332.769811,95265.708819,95265.70890700001,1421.8762523432836,0.019,91332.769811,11150.80723799879,81.79847570000001,59.58998496969697,17.53234303006699,0.7032960845050403,18,64,,False,True,,78,59.56268577710819
73,2026-09-21T07:58:24.337+00:00,2026-09-21T07:59:56.952+00:00,2026-09-21T08:00:00.984+00:00,True,66,66.0,,66.0,92615.132949,96646.75150900001,96646.75140400001,1464.3447182424243,41.308673999999996,92615.132949,11392.50403998166,78.069162,62.02490092307692,9.591378719417943,0.6828993108356456,18,64,,False,True,,97,59.56268577710819
74,2026-09-21T07:58:24.679+00:00,2026-09-21T07:59:58.517+00:00,2026-09-21T08:00:02.884+00:00,True,54,54.0,,54.0,93838.75159199999,98204.91632799999,98204.916116,1818.6095577037036,0.0,93838.75159199999,12761.14744412851,82.53718315,82.38046671698113,256.09001835340723,0.5498706380405889,18,64,,False,True,,109,59.56268577710819
75,2026-09-21T07:58:25.059+00:00,2026-09-21T08:00:00.646+00:00,2026-09-21T08:00:00.917+00:00,True,6,6.0,,6.0,95587.087619,95857.801475,95857.801563,15976.3002605,39.628264,95587.087619,39001.162959538626,71707.00894075,54.142771200000006,12.292183140510852,0.06259271449663717,18,64,,False,True,,54,59.56268577710819
76,2026-09-21T07:58:25.341+00:00,2026-09-21T08:00:02.899+00:00,2026-09-21T08:00:03.226+00:00,True,22,22.0,,22.0,97557.510868,97884.298196,97884.297977,4449.286271681818,0.0,97557.510868,20796.03023704499,76.81301544999998,15.561301333333335,27.0159551563081,0.22475514873639887,18,64,,False,True,,48,59.56268577710819
77,2026-09-21T07:58:25.713+00:00,2026-09-21T08:00:03.922+00:00,2026-09-21T08:00:08.709+00:00,True,77,77.0,,77.0,98208.297369,102995.244953,102995.24512,1337.600585974026,46.700224,98208.297369,11184.699939058808,76.9071002,62.98615242105264,9.153451676603611,0.7476073292037662,18,64,,False,True,,77,59.56268577710819
78,2026-09-21T07:58:25.987+00:00,2026-09-21T08:00:05.230+00:00,2026-09-21T08:00:09.735+00:00,True,74,74.0,,74.0,99243.212177,103748.168593,103748.168683,1402.0022795,46.996324,99243.212177,11529.619349898394,77.24434600000001,61.7117317260274,9.809962466996096,0.7132656026951099,18,64,,False,True,,296,59.56268577710819
79,2026-09-21T07:58:26.246+00:00,2026-09-21T08:00:06.306+00:00,2026-09-21T08:00:08.273+00:00,True,34,34.0,,34.0,100059.352964,102026.23782800001,102026.23783700001,3000.7717010882357,44.164413999999994,100059.352964,17149.818503581613,77.811924,59.602571636363635,9.946073287907966,0.33324761084808974,18,64,,False,True,,238,59.56268577710819
80,2026-09-21T07:58:26.569+00:00,2026-09-21T08:00:08.207+00:00,2026-09-21T08:00:13.659+00:00,True,87,87.0,,87.0,101637.21160699999,107089.561047,107089.56089699999,1230.9144930689654,44.685164,101637.21160699999,10889.85942065309,76.503393,63.39941209302326,9.022151856166643,0.8124041143638362,18,64,,True,True,,379,59.56268577710819
81,2026-09-21T07:58:26.848+00:00,2026-09-21T08:00:09.680+00:00,2026-09-21T08:00:15.733+00:00,True,96,96.0,,96.0,102832.588358,108885.48461399999,108885.48468,1134.22379875,43.883773999999995,102832.588358,10488.80862583105,77.111137,63.71469743157895,9.63602305478764,0.8816602170649361,18,64,,True,True,,96,59.56268577710819
82,2026-09-21T07:58:27.195+00:00,2026-09-21T08:00:11.361+00:00,2026-09-21T08:00:13.527+00:00,True,35,35.0,,35.0,104165.61111,106332.175974,106332.17618,3038.0621765714286,42.484342,104165.61111,17596.433895829177,78.00774899999999,63.722496,10.56674232137814,0.32915718764711527,18,64,,True,True,,99,59.56268577710819
83,2026-09-21T07:58:27.458+00:00,2026-09-21T08:00:12.849+00:00,2026-09-21T08:00:17.105+00:00,True,69,69.0,,69.0,105391.667124,109647.505844,109647.505826,1589.0942873333333,41.982124000000006,105391.667124,12680.134771120129,75.9189462,62.58586352941176,9.448948248173814,0.6292892799419362,18,64,,True,True,,293,59.56268577710819
84,2026-09-21T07:58:27.840+00:00,2026-09-21T08:00:15.161+00:00,2026-09-21T08:00:19.745+00:00,True,73,73.0,,73.0,107321.412707,111905.47235499999,111905.47237199999,1532.951676328767,40.548504,107321.412707,12553.57271146689,74.69519020000001,63.66749511111111,8.978551307078158,0.6523362840417726,18,64,,True,True,,918,59.56268577710819
85,2026-09-21T07:58:28.047+00:00,2026-09-21T08:00:16.087+00:00,2026-09-21T08:00:19.744+00:00,True,58,58.0,,58.0,108040.401397,111697.350901,111697.350901,1925.8163948448275,44.292184,108040.401397,14177.978675691958,77.92296735,64.15700884210526,9.597592258842742,0.5192603005545474,18,64,,True,True,,145,59.56268577710819
86,2026-09-21T07:58:28.330+00:00,2026-09-21T08:00:17.374+00:00,2026-09-21T08:00:22.689+00:00,True,85,85.0,,85.0,109043.680295,114358.944295,114358.94426,1345.3993442352942,43.611703999999996,109043.680295,11820.587997907218,78.19100120000002,63.27695238095238,9.284278339572833,0.7432737380010631,18,64,,True,True,,88,59.56268577710819
87,2026-09-21T07:58:28.613+00:00,2026-09-21T08:00:18.864+00:00,2026-09-21T08:00:23.630+00:00,True,77,77.0,,77.0,110250.955727,115016.655311,115016.65529099999,1493.722795987013,46.371093,110250.955727,12557.119553162622,76.90500999999999,62.706573473684216,8.968403697867174,0.6694682591125205,18,64,,True,True,,430,59.56268577710819
88,2026-09-21T07:58:28.873+00:00,2026-09-21T08:00:20.142+00:00,2026-09-21T08:00:24.874+00:00,True,77,77.0,,77.0,111269.41136499999,116001.77078899999,116001.77069599999,1506.5165025454544,41.973603000000004,111269.41136499999,12673.233706912719,76.37747100000001,62.26788715789474,9.521341941435818,0.6637829705208398,18,64,,True,True,,415,59.56268577710819
89,2026-09-21T07:58:29.244+00:00,2026-09-21T08:00:21.788+00:00,2026-09-21T08:00:24.003+00:00,True,37,37.0,,37.0,112544.195639,114758.68831099999,114758.688343,3101.5861714324324,40.584203,112544.195639,18492.041847194287,78.3416992,61.513685333333335,10.402745252908645,0.3224156754016631,18,64,,True,True,,137,59.56268577710819
90,2026-09-21T07:58:29.493+00:00,2026-09-21T08:00:23.239+00:00,2026-09-21T08:00:28.363+00:00,True,82,82.0,,82.0,113745.948271,118869.831279,118869.831182,1449.632087585366,42.243373,113745.948271,12554.15640315859,76.96366149999999,63.25781491358025,9.307534130814048,0.689830204331134,18,64,,True,True,,410,59.56268577710819
91,2026-09-21T07:58:29.868+00:00,2026-09-21T08:00:25.332+00:00,2026-09-21T08:00:28.866+00:00,True,57,57.0,,57.0,115464.037227,118997.904235,118997.90410999999,2087.682528245614,44.257383999999995,115464.037227,15285.229394077242,74.7677898,63.104768,8.796645429551758,0.4790000325336402,18,64,,True,True,,114,59.56268577710819
92,2026-09-21T07:58:30.209+00:00,2026-09-21T08:00:26.976+00:00,2026-09-21T08:00:30.909+00:00,True,64,64.0,,64.0,116766.62492399999,120699.798172,120699.79810599999,1885.9343454062498,45.825433,116766.62492399999,14588.027453586845,77.634093,62.431321396825396,9.820610172294884,0.530241151760656,18,64,,True,True,,102,59.56268577710819
93,2026-09-21T07:58:30.545+00:00,2026-09-21T08:00:28.752+00:00,2026-09-21T08:00:30.909+00:00,True,36,36.0,,36.0,118206.555731,120363.46939500001,120363.469351,3343.4297041944446,45.002472999999995,118206.555731,19690.82405845167,78.55954075,61.62610468571428,9.973963397077766,0.2990940704929154,18,64,,True,True,,180,59.56268577710819
94,2026-09-21T07:58:30.791+00:00,2026-09-21T08:00:30.045+00:00,2026-09-21T08:00:30.147+00:00,True,3,3.0,,3.0,119253.908022,119355.68543,119355.68538000001,39785.22846,47.863374,119253.908022,68821.8953723911,107333.90861819999,50.888704,4.278210986640093,0.025134956824151015,18,64,,True,True,,8,59.56268577710819
95,2026-09-21T07:58:31.124+00:00,2026-09-21T08:00:31.814+00:00,2026-09-21T08:00:35.517+00:00,True,59,59.0,,59.0,120689.996499,124392.148691,124392.148763,2108.3415044576273,44.550753,120689.996499,15704.191685156962,76.506504,63.83021020689655,8.8675124510875,0.47430646243245383,18,64,,True,True,,531,59.56268577710819
96,2026-09-21T07:58:31.498+00:00,2026-09-21T08:00:33.499+00:00,2026-09-21T08:00:36.122+00:00,True,43,43.0,,43.0,122001.104924,124624.115228,124624.115409,2898.2352420697675,44.286863,122001.104924,18595.472404268654,78.5774001,62.45262628571428,9.281645160728555,0.34503755490124394,18,64,,True,True,,129,59.56268577710819
97,2026-09-21T07:58:31.758+00:00,2026-09-21T08:00:34.571+00:00,2026-09-21T08:00:38.531+00:00,True,66,66.0,,66.0,122812.594057,126772.911753,126772.911711,1920.801692590909,41.655173000000005,122812.594057,15109.68865851005,76.90289024999998,60.92796455384615,9.689325424894548,0.5206159508948737,18,64,,True,True,,198,59.56268577710819
98,2026-09-21T07:58:32.009+00:00,2026-09-21T08:00:36.117+00:00,2026-09-21T08:00:38.855+00:00,True,45,45.0,,45.0,124108.376096,126846.130976,126846.131089,2818.802913088889,45.492314,124108.376096,18491.71163061825,77.8301018,62.22170181818182,10.157086827740322,0.35476052484812687,18,64,,True,True,,135,59.56268577710819
99,2026-09-21T07:58:32.244+00:00,2026-09-21T08:00:37.303+00:00,2026-09-21T08:00:41.871+00:00,True,72,72.0,,72.0,125059.68065000001,129627.58132200001,129627.58113900002,1800.383071375,42.732133000000005,125059.68065000001,14730.845481075343,76.81160145,64.3366291830986,9.338683296117557,0.5554373480220167,18,64,,True,True,,99,59.56268577710819
100,2026-09-21T07:58:32.473+00:00,2026-09-21T08:00:38.662+00:00,2026-09-21T08:00:38.662+00:00,True,1,1.0,,1.0,126188.744947,126188.744947,126188.744947,126188.744947,126188.744947,126188.744947,nan,126188.744947,nan,nan,0.007924637022263798,18,64,,True,True,,1,59.56268577710819
101,2026-09-21T07:58:32.691+00:00,2026-09-21T08:00:39.633+00:00,2026-09-21T08:00:43.877+00:00,True,66,66.0,,66.0,126941.600706,131185.47629,131185.476232,1987.6587307878788,41.555373,126941.600706,15617.397461680337,77.59760375,65.2903936,10.16197860739366,0.5031044736545356,18,64,,True,True,,278,59.56268577710819
102,2026-09-21T07:58:33.529+00:00,2026-09-21T08:00:43.045+00:00,2026-09-21T08:00:43.826+00:00,True,13,13.0,,13.0,129515.711933,130297.139645,130297.139612,10022.85689323077,49.476322999999994,129515.711933,35903.136274744415,51853.5810968,65.118976,11.253338254914794,0.09977195228858471,18,64,,True,True,,13,59.56268577710819
104,2026-09-21T07:58:33.589+00:00,2026-09-21T08:00:44.219+00:00,2026-09-21T08:00:47.635+00:00,True,54,54.0,,54.0,130629.810333,134046.451357,134046.451487,2482.341694203704,41.897653,130629.810333,17767.695747940907,78.27165149999999,64.46492498113207,9.942640097753603,0.40284542748680585,18,64,,True,True,,208,59.56268577710819
103,2026-09-21T07:58:33.564+00:00,2026-09-21T08:00:44.478+00:00,2026-09-21T08:00:47.377+00:00,True,46,46.0,,46.0,130914.192287,133812.91254299998,133812.912612,2908.9763611304347,45.311213,130914.192287,19292.748848633535,76.77014100000001,64.41600568888889,8.593852003520338,0.3437635361626119,18,64,,True,True,,92,59.56268577710819
105,2026-09-21T07:58:33.710+00:00,2026-09-21T08:00:45.252+00:00,2026-09-21T08:00:49.163+00:00,True,62,62.0,,62.0,131541.746209,135453.215265,135453.215279,2184.7292786935486,44.179944000000006,131541.746209,16697.67761355024,78.30036745000001,64.12244354098361,9.570352446054056,0.4577226157290065,18,64,,True,True,,304,59.56268577710819
106,2026-09-21T07:58:34.018+00:00,2026-09-21T08:00:47.069+00:00,2026-09-21T08:00:51.584+00:00,True,72,72.0,,72.0,133051.364532,137566.112692,137566.112807,1910.640455652778,42.585792999999995,133051.364532,15672.7622202842,77.1498825,63.58800225352113,8.832859630147851,0.5233847100208646,18,64,,True,True,,197,59.56268577710819
107,2026-09-21T07:58:34.247+00:00,2026-09-21T08:00:48.222+00:00,2026-09-21T08:00:50.858+00:00,True,43,43.0,,43.0,133974.493373,136611.24934100002,136611.249489,3177.0058020697675,46.086864,133974.493373,20421.346255733388,74.976113,62.779904,7.657358632419992,0.3147617799224296,18,64,,True,True,,172,59.56268577710819
108,2026-09-21T07:58:34.504+00:00,2026-09-21T08:00:49.781+00:00,2026-09-21T08:00:51.965+00:00,True,35,35.0,,35.0,135276.654462,137460.356222,137460.35604400001,3927.438744114286,47.277722999999995,135276.654462,22855.073490470008,79.448352,64.22652235294117,9.043362556399439,0.25461886584576143,18,64,,True,True,,38,59.56268577710819
109,2026-09-21T07:58:34.749+00:00,2026-09-21T08:00:50.942+00:00,2026-09-21T08:00:55.932+00:00,True,80,80.0,,80.0,136193.34777300002,141183.32793300002,141183.32775400003,1764.7915969250002,46.365193,136193.34777300002,15219.819657343898,76.13184595000001,63.16430582278481,8.701584498922783,0.5666391433835928,18,64,,True,True,,240,59.56268577710819
110,2026-09-21T07:58:34.970+00:00,2026-09-21T08:00:52.088+00:00,2026-09-21T08:00:57.171+00:00,True,82,82.0,,82.0,137118.546145,142201.439969,142201.439853,1734.1639006463415,43.631773,137118.546145,15135.282956726016,76.58591555,62.75177560493827,8.624593221684501,0.5766467626338808,18,64,,True,True,,246,59.56268577710819
111,2026-09-21T07:58:35.272+00:00,2026-09-21T08:00:53.654+00:00,2026-09-21T08:00:59.528+00:00,True,94,94.0,,94.0,138382.257301,144256.321173,144256.321268,1534.6417156170214,44.418654000000004,138382.257301,14266.52809341504,75.9780063,63.161977118279566,8.866327431728541,0.6516178926209417,18,64,,True,True,,708,59.56268577710819
112,2026-09-21T07:58:35.482+00:00,2026-09-21T08:00:54.778+00:00,2026-09-21T08:00:55.375+00:00,True,11,11.0,,11.0,139296.372542,139893.499966,139893.49982599998,12717.590893272727,44.819423,139296.372542,41981.433728713455,69686.303694,59.712742399999996,10.641314765787786,0.07863124450152052,18,64,,True,True,,40,59.56268577710819
113,2026-09-21T07:58:35.806+00:00,2026-09-21T08:00:56.539+00:00,2026-09-21T08:00:57.175+00:00,True,11,11.0,,11.0,140732.718819,141368.550115,141368.550087,12851.686371545455,48.144784,140732.718819,42413.34122065492,70403.08369249999,63.5831296,9.598456661066521,0.07781080014650894,18,64,,True,True,,38,59.56268577710819
114,2026-09-21T07:58:36.132+00:00,2026-09-21T08:00:58.288+00:00,2026-09-21T08:01:02.256+00:00,True,62,62.0,,62.0,142155.77304600002,146123.84216600002,146123.84227000002,2356.8361656451616,43.157923000000004,142155.77304600002,18045.542728844914,77.50035945,65.05031344262295,10.309185014292707,0.4242976305643989,18,64,,True,True,,245,59.56268577710819
115,2026-09-21T07:58:36.466+00:00,2026-09-21T08:00:59.791+00:00,2026-09-21T08:01:03.400+00:00,True,57,57.0,,57.0,143324.84704300002,146933.88256300002,146933.882691,2577.7874156315793,41.945674,143324.84704300002,18975.30643489,79.416864,64.44706285714285,10.602533919853721,0.3879295844208052,18,64,,True,True,,171,59.56268577710819
116,2026-09-21T07:58:36.793+00:00,2026-09-21T08:01:01.457+00:00,2026-09-21T08:01:04.500+00:00,True,49,49.0,,49.0,144663.819413,147707.46766899998,147707.467489,3014.438112020408,42.977023,144663.819413,20657.203567433557,76.4705846,63.40933866666666,9.474985716394405,0.3317367819872512,18,64,,True,True,,218,59.56268577710819
117,2026-09-21T07:58:37.147+00:00,2026-09-21T08:01:03.328+00:00,2026-09-21T08:01:03.800+00:00,True,8,8.0,,8.0,146181.15935499998,146652.59948299997,146652.59934,18331.5749175,61.778104,146181.15935499998,51659.03338700835,95043.59814634999,67.34858971428572,4.542912391111738,0.05455068664451027,18,64,,True,True,,28,59.56268577710819
118,2026-09-21T07:58:37.409+00:00,2026-09-21T08:01:04.636+00:00,2026-09-21T08:01:06.880+00:00,True,37,37.0,,37.0,147227.076635,149470.604827,149470.604872,4039.7460776216217,43.250053,147227.076635,24193.73897977642,79.514018,62.320227555555554,10.124408204744595,0.24754031097167548,18,64,,True,True,,74,59.56268577710819
119,2026-09-21T07:58:37.672+00:00,2026-09-21T08:01:06.079+00:00,2026-09-21T08:01:12.169+00:00,True,97,97.0,,97.0,148407.79180500002,154497.039549,154497.03961600002,1592.752985731959,43.406073,148407.79180500002,15062.09093181181,77.171054,63.429664,9.572217972315762,0.6278437456352401,18,64,,True,True,,193,59.56268577710819
120,2026-09-21T07:58:38.051+00:00,2026-09-21T08:01:08.545+00:00,2026-09-21T08:01:08.886+00:00,True,6,6.0,,6.0,150493.452478,150834.801854,150834.80178399998,25139.133630666664,53.095364000000004,150493.452478,61410.82478958411,112890.290925,68.2698752,13.250162592371279,0.03977861823830073,18,64,,True,True,,18,59.56268577710819
121,2026-09-21T07:58:38.384+00:00,2026-09-21T08:01:10.172+00:00,2026-09-21T08:01:15.319+00:00,True,81,81.0,,81.0,151788.106914,156935.273122,156935.272986,1937.472506,46.842173,151788.106914,16858.19966567595,79.685096,64.3395776,10.606334890016436,0.5161363560187732,18,64,,True,True,,91,59.56268577710819
122,2026-09-21T07:58:38.684+00:00,2026-09-21T08:01:12.167+00:00,2026-09-21T08:01:16.152+00:00,True,63,63.0,,63.0,153483.169891,157468.847971,157468.847957,2499.505523126984,44.650591999999996,153483.169891,19328.965609762803,79.97002590000001,64.28513032258064,10.797120458837625,0.40007913191568084,18,64,,True,True,,252,59.56268577710819
123,2026-09-21T07:58:39.039+00:00,2026-09-21T08:01:14.029+00:00,2026-09-21T08:01:16.413+00:00,True,38,38.0,,38.0,154990.359703,157374.197143,157374.197259,4141.426243657895,42.154072,154990.359703,25132.306743111498,78.70329985000001,64.42803891891893,10.0087097505078,0.24146270919794324,18,64,,True,True,,140,59.56268577710819
124,2026-09-21T07:58:39.365+00:00,2026-09-21T08:01:15.800+00:00,2026-09-21T08:01:16.280+00:00,True,8,8.0,,8.0,156435.369181,156915.335133,156915.335337,19614.416917125,54.040164,156435.369181,55284.01388884385,101710.49439074998,68.56656457142857,9.212124711069986,0.050982907395375185,18,64,,True,True,,8,59.56268577710819
125,2026-09-21T07:58:39.688+00:00,2026-09-21T08:01:17.176+00:00,2026-09-21T08:01:20.988+00:00,True,62,62.0,,62.0,157488.437059,161299.744067,161299.74402299998,2601.608774564516,43.693353,157488.437059,19993.1194344139,75.752012,62.48044275409836,10.952761160298957,0.3843775472715363,18,64,,True,True,,187,59.56268577710819
126,2026-09-21T07:58:39.954+00:00,2026-09-21T08:01:18.686+00:00,2026-09-21T08:01:23.291+00:00,True,74,74.0,,74.0,158732.209304,163336.955288,163336.955388,2207.2561538918917,41.436744,158732.209304,18444.915349425384,76.5880175,63.07871210958904,11.566211820270627,0.45305117797452066,18,64,,True,True,,348,59.56268577710819
127,2026-09-21T07:58:40.290+00:00,2026-09-21T08:01:20.559+00:00,2026-09-21T08:01:21.706+00:00,True,19,19.0,,19.0,160269.022389,161416.041141,161416.041314,8495.581121789473,44.961043,160269.022389,36753.61754521396,16098.3882714,63.723264,9.976116664008815,0.1177082517059326,18,64,,True,True,,19,59.56268577710819
128,2026-09-21T07:58:40.571+00:00,2026-09-21T08:01:22.208+00:00,2026-09-21T08:01:24.805+00:00,True,42,42.0,,42.0,161636.538965,164233.879381,164233.879316,3910.3304599047624,46.809152999999995,161636.538965,24931.286071423725,75.6879505,63.34976624390244,9.358843506709409,0.2557328619301854,18,64,,True,True,,128,59.56268577710819
129,2026-09-21T07:58:40.836+00:00,2026-09-21T08:01:23.438+00:00,2026-09-21T08:01:28.449+00:00,True,81,81.0,,81.0,162601.620024,167612.314424,167612.314355,2069.28783154321,43.691352,162601.620024,18059.88968942607,76.463014,62.63368,9.20744085272747,0.4832580486604259,18,64,,True,True,,320,59.56268577710819
130,2026-09-21T07:58:41.145+00:00,2026-09-21T08:01:24.999+00:00,2026-09-21T08:01:30.216+00:00,True,84,84.0,,84.0,163854.382909,169071.561277,169071.561408,2012.7566834285715,43.504902,163854.382909,17871.122972222514,76.64509185,62.85757069879518,9.363560963910865,0.49683104222582886,18,64,,True,True,,256,59.56268577710819
131,2026-09-21T07:58:41.403+00:00,2026-09-21T08:01:26.049+00:00,2026-09-21T08:01:30.851+00:00,True,78,78.0,,78.0,164646.18922600002,169448.10001000002,169448.099936,2172.411537641026,44.323923,164646.18922600002,18635.451305297654,77.43558150000001,62.36247771428572,9.876713989549602,0.4603179380317443,18,64,,True,True,,585,59.56268577710819
132,2026-09-21T07:58:41.712+00:00,2026-09-21T08:01:27.748+00:00,2026-09-21T08:01:30.216+00:00,True,40,40.0,,40.0,166036.934696,168504.27575200002,168504.275709,4212.606892725,45.170222,166036.934696,26242.74278617554,74.57958199999999,63.26515528205128,8.739011392459295,0.23738270035871914,18,64,,True,True,,280,59.56268577710819
133,2026-09-21T07:58:42.030+00:00,2026-09-21T08:01:29.169+00:00,2026-09-21T08:01:33.938+00:00,True,78,78.0,,78.0,167138.96247,171908.353574,171908.353718,2203.953252794872,46.892643,167138.96247,18917.749308570823,76.76885135,61.94014420779221,8.254556372952255,0.45373013223830316,18,64,,True,True,,243,59.56268577710819
134,2026-09-21T07:58:42.269+00:00,2026-09-21T08:01:30.346+00:00,2026-09-21T08:01:33.745+00:00,True,56,56.0,,56.0,168077.457269,171475.821685,171475.821652,3062.0682437857145,46.277271,168077.457269,22452.039601248776,75.017739,61.78844392727273,8.13141918873649,0.32657665348804477,18,64,,True,True,,440,59.56268577710819
135,2026-09-21T07:58:42.483+00:00,2026-09-21T08:01:31.394+00:00,2026-09-21T08:01:32.975+00:00,True,27,27.0,,27.0,168910.867453,170492.00614100002,170492.006108,6314.518744740742,42.592991999999995,168910.867453,32495.20933219896,76.21540800000001,60.81302646153846,9.031017362743585,0.15836519618210432,18,64,,True,True,,140,59.56268577710819
136,2026-09-21T07:58:42.755+00:00,2026-09-21T08:01:33.164+00:00,2026-09-21T08:01:39.008+00:00,True,92,92.0,,92.0,170409.179021,176253.82746899998,176253.827387,1915.802471597826,41.123173,170409.179021,17759.691459229154,77.29908900000001,64.22690602197802,9.513746397166882,0.5219744803339446,18,64,,True,True,,279,59.56268577710819
138,2026-09-21T07:58:43.553+00:00,2026-09-21T08:01:35.877+00:00,2026-09-21T08:01:41.987+00:00,True,97,97.0,,97.0,172323.980894,178434.159454,178434.159645,1839.5274190206187,44.496443,172323.980894,17490.389522669626,76.7079468,63.647693333333336,9.680162599304484,0.5436178829032253,18,64,,True,True,,194,59.56268577710819
137,2026-09-21T07:58:43.492+00:00,2026-09-21T08:01:36.248+00:00,2026-09-21T08:01:37.332+00:00,True,18,18.0,,18.0,172756.75974,173840.300988,173840.300939,9657.794496611112,45.095262000000005,172756.75974,40704.1371457076,25983.9647711,63.737720470588236,11.39246732672654,0.10354330898933797,18,64,,True,True,,90,59.56268577710819
139,2026-09-21T07:58:43.807+00:00,2026-09-21T08:01:38.323+00:00,2026-09-21T08:01:39.667+00:00,True,22,22.0,,22.0,174516.15597,175860.78163399998,175860.78147299998,7993.671885136363,45.622392,174516.15597,37193.31940159666,76.5041865,64.02979352380952,9.392066959932897,0.12509895495509749,18,64,,True,True,,88,59.56268577710819
140,2026-09-21T07:58:44.046+00:00,2026-09-21T08:01:39.474+00:00,2026-09-21T08:01:45.367+00:00,True,96,96.0,,96.0,175428.36147799998,181321.06598999997,181321.06597899998,1888.7611039479164,43.020521,175428.36147799998,17898.253860990724,76.44523925,62.02846854736842,9.408772381015108,0.5294475822533191,18,64,,True,True,,288,59.56268577710819
141,2026-09-21T07:58:44.333+00:00,2026-09-21T08:01:40.757+00:00,2026-09-21T08:01:40.757+00:00,True,1,1.0,,1.0,176423.342567,176423.342567,176423.342567,176423.342567,176423.342567,176423.342567,nan,176423.342567,nan,nan,0.005668184183848753,18,64,,True,True,,7,59.56268577710819
142,2026-09-21T07:58:44.680+00:00,2026-09-21T08:01:42.573+00:00,2026-09-21T08:01:44.297+00:00,True,29,29.0,,29.0,177892.390929,179616.457233,179616.45737299998,6193.670943896551,44.275482000000004,177892.390929,33022.35517777773,78.7311662,61.57379657142857,9.975820522227723,0.1614551386145032,18,64,,True,True,,111,59.56268577710819
143,2026-09-21T07:58:44.907+00:00,2026-09-21T08:01:43.684+00:00,2026-09-21T08:01:46.653+00:00,True,49,49.0,,49.0,178777.110165,181745.74914099998,181745.749146,3709.0969213469384,48.028442000000005,178777.110165,25530.75333992888,74.5435566,61.846645333333335,8.570513242162749,0.26960740612417494,18,64,,True,True,,294,59.56268577710819
144,2026-09-21T07:58:45.214+00:00,2026-09-21T08:01:45.192+00:00,2026-09-21T08:01:51.414+00:00,True,99,99.0,,99.0,179977.93514500002,186200.65463300003,186200.65447200002,1880.814691636364,45.277741,179977.93514500002,18082.08382134796,78.53204799999999,63.49713763265306,9.461923725090939,0.5316844894832845,18,64,,True,True,,311,59.56268577710819
145,2026-09-21T07:58:45.575+00:00,2026-09-21T08:01:46.988+00:00,2026-09-21T08:01:47.551+00:00,True,10,10.0,,10.0,181412.396376,181975.62760799998,181975.62743599998,18197.5627436,54.915533,181412.396376,57347.84724163323,99809.70086265,62.581248,6.526253147296081,0.054952413855889254,18,64,,True,True,,40,59.56268577710819
146,2026-09-21T07:58:45.782+00:00,2026-09-21T08:01:48.096+00:00,2026-09-21T08:01:51.056+00:00,True,48,48.0,,48.0,182313.671313,185274.065809,185274.065783,3859.876370479167,46.255492,182313.671313,26305.621731746498,77.2759605,62.98711693617021,8.476114451278505,0.25907565524839,18,64,,True,True,,190,59.56268577710819
147,2026-09-21T07:58:46.104+00:00,2026-09-21T08:01:49.932+00:00,2026-09-21T08:01:55.265+00:00,True,84,84.0,,84.0,183827.75055899998,189161.302175,189161.30234799997,2251.920266047619,43.498932999999994,183827.75055899998,20050.242727747,78.30767405,64.25965802409638,9.198453381395986,0.4440654564869116,18,64,,True,True,,168,59.56268577710819
149,2026-09-21T07:58:46.706+00:00,2026-09-21T08:01:52.708+00:00,2026-09-21T08:01:52.818+00:00,True,3,3.0,,3.0,186002.19730700002,186111.64063500002,186111.640573,62037.21352433334,47.715523000000005,186002.19730700002,107356.82536412479,167408.15035060002,54.721664,9.908093355070895,0.016119357122231625,18,64,,True,True,,6,59.56268577710819
150,2026-09-21T07:58:47.037+00:00,2026-09-21T08:01:54.442+00:00,2026-09-21T08:01:55.006+00:00,True,10,10.0,,10.0,187405.464706,187969.12909,187969.128976,18796.9128976,49.990493,187405.464706,59243.00677312222,103108.7320486,62.629376,7.944145983883226,0.05320022520938521,18,64,,True,True,,10,59.56268577710819
151,2026-09-21T07:58:47.289+00:00,2026-09-21T08:01:55.737+00:00,2026-09-21T08:01:56.918+00:00,True,20,20.0,,20.0,188447.25703,189629.21184600002,189629.211894,9481.4605947,43.906512,188447.25703,42124.17862787125,9494.8649458,62.20814821052632,9.9085012685713,0.10546898236460646,18,64,,True,True,,40,59.56268577710819
148,2026-09-21T07:58:46.439+00:00,2026-09-21T08:01:56.533+00:00,2026-09-21T08:02:01.523+00:00,True,80,80.0,,80.0,190093.724201,195083.254313,195083.254281,2438.5406785125,44.044312,190093.724201,21246.064901693375,79.98223005,63.15860901265823,8.748363375017846,0.4100813280039123,18,64,,True,True,,360,59.56268577710819
152,2026-09-21T07:58:47.500+00:00,2026-09-21T08:01:56.650+00:00,2026-09-21T08:01:58.768+00:00,True,34,34.0,,34.0,189149.948527,191267.815791,191267.815752,5625.523992705882,42.634082,189149.948527,32427.943319129554,76.91275285,64.17779587878788,8.838349346733047,0.17776121852696897,18,64,,True,True,,238,59.56268577710819
153,2026-09-21T07:58:47.814+00:00,2026-09-21T08:01:58.422+00:00,2026-09-21T08:02:03.476+00:00,True,82,82.0,,82.0,190607.99441999997,195662.15429199996,195662.15422399997,2386.1238319999998,41.279122,190607.99441999997,21042.24306485095,76.08841000000001,62.39703545679013,9.13582842681809,0.419089732997756,18,64,,True,True,,489,59.56268577710819
154,2026-09-21T07:58:48.195+00:00,2026-09-21T08:02:00.370+00:00,2026-09-21T08:02:04.296+00:00,True,65,65.0,,65.0,192175.524536,196101.24076000002,196101.240889,3016.942167523077,45.813713,192175.524536,23828.83359831439,76.5823482,61.339316,8.866992269600587,0.3314614417945001,18,64,,True,True,,910,59.56268577710819
155,2026-09-21T07:58:48.481+00:00,2026-09-21T08:02:02.125+00:00,2026-09-21T08:02:07.627+00:00,True,89,89.0,,89.0,193643.210411,199145.46423500002,199145.464239,2237.589485831461,42.446613,193643.210411,20519.513485916734,77.6075546,62.525611636363635,8.965064999475736,0.44690950076059105,18,64,,True,True,,179,59.56268577710819
156,2026-09-21T07:58:48.694+00:00,2026-09-21T08:02:03.471+00:00,2026-09-21T08:02:06.870+00:00,True,55,55.0,,55.0,194777.699342,198176.620046,198176.620146,3603.2112753818183,47.706633000000004,194777.699342,26255.333700237155,76.958403,62.942976,8.365991073211589,0.27753021515471205,18,64,,True,True,,304,59.56268577710819
157,2026-09-21T07:58:49.018+00:00,2026-09-21T08:02:05.271+00:00,2026-09-21T08:02:09.501+00:00,True,68,68.0,,68.0,196252.73819600002,200482.759316,200482.759194,2948.2758705,46.003642,196252.73819600002,23791.485574923423,77.252106,63.13464358208955,8.549192428552447,0.3391812853733658,18,64,,True,True,,78,59.56268577710819
158,2026-09-21T07:58:49.250+00:00,2026-09-21T08:02:06.444+00:00,2026-09-21T08:02:11.990+00:00,True,89,89.0,,89.0,197194.092156,202739.632508,202739.632535,2277.973399269663,45.144803,197194.092156,20895.85373332353,76.3451684,63.017504,8.25459921110066,0.4389866889814359,18,64,,True,True,,274,59.56268577710819
159,2026-09-21T07:58:49.557+00:00,2026-09-21T08:02:08.170+00:00,2026-09-21T08:02:13.127+00:00,True,80,80.0,,80.0,198613.245856,203570.385568,203570.385735,2544.6298216874998,43.105572,198613.245856,22198.622127734612,76.71449045,62.748603949367094,8.709333376902464,0.3929844696063468,18,64,,True,True,,400,59.56268577710819
160,2026-09-21T07:58:49.815+00:00,2026-09-21T08:02:09.381+00:00,2026-09-21T08:02:15.121+00:00,True,93,93.0,,93.0,199566.297557,205305.518805,205305.51880700001,2207.586223731183,42.987213000000004,199566.297557,20687.594218740298,77.600482,62.382839652173914,9.081385676326562,0.45298343922421186,18,64,,True,True,,279,59.56268577710819
161,2026-09-21T07:58:50.102+00:00,2026-09-21T08:02:11.160+00:00,2026-09-21T08:02:12.186+00:00,True,17,17.0,,17.0,201057.803072,202083.35366400002,202083.35387700002,11887.256110411765,49.969533000000006,201057.803072,48748.134630522385,40271.962689600005,64.096912,7.078967453469091,0.08412370287691069,18,64,,True,True,,178,59.56268577710819
162,2026-09-21T07:58:50.413+00:00,2026-09-21T08:02:12.769+00:00,2026-09-21T08:02:12.883+00:00,True,3,3.0,,3.0,202355.156527,202469.84017500002,202469.840223,67489.946741,55.473373,202355.156527,116796.69777633931,182125.5619066,57.341824,2.6427012860268566,0.014817021623600931,18,64,,True,True,,3,59.56268577710819
163,2026-09-21T07:58:50.765+00:00,2026-09-21T08:02:14.823+00:00,2026-09-21T08:02:16.398+00:00,True,25,25.0,,25.0,204058.259461,205633.020165,205633.019987,8225.32079948,49.958983,204058.259461,40798.5297732601,77.0911776,65.61502933333334,8.682797833622358,0.12157580518897204,18,64,,True,True,,275,59.56268577710819
164,2026-09-21T07:58:50.980+00:00,2026-09-21T08:02:16.196+00:00,2026-09-21T08:02:17.651+00:00,True,24,24.0,,24.0,205216.277966,206671.278542,206671.278543,8611.303272625,51.788183,205216.277966,41876.684936063066,78.1208362,63.26089460869565,7.742474129795097,0.11612644083547725,18,64,,True,True,,248,59.56268577710819
165,2026-09-21T07:58:51.249+00:00,2026-09-21T08:02:17.602+00:00,2026-09-21T08:02:22.286+00:00,True,75,75.0,,75.0,206352.989642,211036.951498,211036.951595,2813.826021266667,43.728383,206352.989642,23820.2838388396,78.640279,63.29678183783784,9.574491061462911,0.35538799943625404,18,64,,True,True,,375,59.56268577710819
166,2026-09-21T07:58:51.471+00:00,2026-09-21T08:02:18.721+00:00,2026-09-21T08:02:21.002+00:00,True,37,37.0,,37.0,207250.278359,209530.530263,209530.530262,5662.987304378378,41.538063,207250.278359,34061.3241402414,77.50969020000001,63.34033066666667,9.709600549268972,0.1765852448975244,18,64,,True,True,,129,59.56268577710819
167,2026-09-21T07:58:51.680+00:00,2026-09-21T08:02:19.808+00:00,2026-09-21T08:02:21.414+00:00,True,26,26.0,,26.0,208128.185196,209734.165356,209734.165323,8066.698666269231,44.451753,208128.185196,40804.69810258939,79.0022965,64.2392064,9.901382013042017,0.12396645036762581,18,64,,True,True,,75,59.56268577710819
168,2026-09-21T07:58:51.913+00:00,2026-09-21T08:02:21.137+00:00,2026-09-21T08:02:27.097+00:00,True,97,97.0,,97.0,209223.52355399998,215183.79645,215183.796419,2218.3896538041236,42.318251,209223.52355399998,21237.12854887888,78.006168,62.086176,9.751058274900728,0.4507774358490737,18,64,,True,True,,291,59.56268577710819
169,2026-09-21T07:58:52.218+00:00,2026-09-21T08:02:22.873+00:00,2026-09-21T08:02:26.762+00:00,True,63,63.0,,63.0,210654.833396,214544.034804,214544.034685,3405.460868015873,41.769303,210654.833396,26532.11313531481,78.3324711,62.72905496774194,10.094583533887485,0.29364601098117044,18,64,,True,True,,561,59.56268577710819
170,2026-09-21T07:58:52.572+00:00,2026-09-21T08:02:24.552+00:00,2026-09-21T08:02:27.440+00:00,True,48,48.0,,48.0,211979.54386,214868.349748,214868.349592,4476.423949833334,44.961502,211979.54386,30587.74183818916,79.475345,61.463955063829786,10.36230517776702,0.22339260322097196,18,64,,True,True,,192,59.56268577710819
171,2026-09-21T07:58:53.635+00:00,2026-09-21T08:02:26.302+00:00,2026-09-21T08:02:31.316+00:00,True,82,82.0,,82.0,212667.20379499998,217681.36520299996,217681.36538799998,2654.650797414634,42.196011,212667.20379499998,23478.329616640047,77.64414199999999,61.90322725925926,9.311288105856356,0.3766973802444249,18,64,,True,True,,164,59.56268577710819
174,2026-09-21T07:58:53.891+00:00,2026-09-21T08:02:29.773+00:00,2026-09-21T08:02:32.084+00:00,True,38,38.0,,38.0,215881.906557,218192.744061,218192.743988,5741.914315473685,42.556112,215881.906557,35010.53981423909,78.677016,62.45506767567568,11.01407367950508,0.1741579453685974,18,64,,True,True,,216,59.56268577710819
172,2026-09-21T07:58:53.860+00:00,2026-09-21T08:02:30.288+00:00,2026-09-21T08:02:33.187+00:00,True,46,46.0,,46.0,216428.36531,219327.352574,219327.352421,4767.985922195652,44.793811999999996,216428.36531,31901.12461172,78.348142,64.4219392,10.086816411465255,0.20973216272457318,18,64,,True,True,,183,59.56268577710819
173,2026-09-21T07:58:53.881+00:00,2026-09-21T08:02:30.874+00:00,2026-09-21T08:02:31.588+00:00,True,12,12.0,,12.0,216992.743567,217706.920335,217706.920362,18142.2433635,46.657834,216992.743567,62621.66812754755,97690.94690625001,64.92516072727273,11.455149530398748,0.05511997497155721,18,64,,True,True,,25,59.56268577710819
175,2026-09-21T07:58:53.994+00:00,2026-09-21T08:02:32.086+00:00,2026-09-21T08:02:32.975+00:00,True,15,15.0,,15.0,218092.131388,218980.822844,218980.822839,14598.7215226,52.579251,218092.131388,56294.756814914625,65482.485042199994,63.47796114285714,8.291089323204455,0.06849914894458985,18,64,,True,True,,30,59.56268577710819
176,2026-09-21T07:58:54.220+00:00,2026-09-21T08:02:33.047+00:00,2026-09-21T08:02:33.999+00:00,True,16,16.0,,16.0,218826.728938,219778.553578,219778.553571,13736.1595981875,44.391402,218826.728938,54690.81930498845,54764.594505999994,63.454976,9.76937835390517,0.07280055191700749,18,64,,True,True,,109,59.56268577710819
177,2026-09-21T07:58:54.524+00:00,2026-09-21T08:02:34.590+00:00,2026-09-21T08:02:36.664+00:00,True,33,33.0,,33.0,220066.709862,222139.81834199998,222139.818213,6731.509642818181,49.613621,220066.709862,38297.4212477737,91.1999636,64.78464,11.925338432315298,0.14855508682011329,18,64,,True,True,,358,59.56268577710819
178,2026-09-21T07:58:54.775+00:00,2026-09-21T08:02:36.188+00:00,2026-09-21T08:02:37.763+00:00,True,26,26.0,,26.0,221412.45874,222988.00818,222988.008106,8576.46185023077,46.749581,221412.45874,43410.196863007666,78.422708,63.0219776,8.556599507399342,0.11659819831662124,18,64,,True,True,,101,59.56268577710819
179,2026-09-21T07:58:55.131+00:00,2026-09-21T08:02:37.707+00:00,2026-09-21T08:02:41.350+00:00,True,59,59.0,,59.0,222575.964367,226218.809295,226218.80906600002,3834.2171028135594,42.090732,222575.964367,28968.747650188037,79.9811501,62.8076711724138,11.128110306668415,0.260809435713461,18,64,,True,True,,177,59.56268577710819
180,2026-09-21T07:58:55.376+00:00,2026-09-21T08:02:38.811+00:00,2026-09-21T08:02:43.843+00:00,True,80,80.0,,80.0,223435.00877900003,228467.28858700002,228467.28848600003,2855.8411060750004,41.503861,223435.00877900003,24973.673500539706,79.39306704999998,63.69974440506329,9.904451454951678,0.3501595370382142,18,64,,True,True,,480,59.56268577710819
181,2026-09-21T07:58:55.590+00:00,2026-09-21T08:02:39.864+00:00,2026-09-21T08:02:42.113+00:00,True,36,36.0,,36.0,224274.063234,226523.112322,226523.11247300002,6292.308679805556,42.503622,224274.063234,37368.30205951343,79.8097205,64.25854537142857,9.918856229422373,0.15892418054377785,18,64,,True,True,,144,59.56268577710819
182,2026-09-21T07:58:55.913+00:00,2026-09-21T08:02:41.594+00:00,2026-09-21T08:02:46.989+00:00,True,86,86.0,,86.0,225681.555361,231075.792545,231075.79269,2686.9278219767443,41.752691,225681.555361,24329.02702681237,79.8711655,63.46161392941176,10.626382215115173,0.37217226024769445,18,64,,True,True,,421,59.56268577710819
183,2026-09-21T07:58:56.222+00:00,2026-09-21T08:02:43.206+00:00,2026-09-21T08:02:44.845+00:00,True,27,27.0,,27.0,226984.603905,228623.872001,228623.872063,8467.550817148149,44.905851000000006,226984.603905,43671.07481945739,79.6210727,63.04877292307692,10.322820785471153,0.11809790361647754,18,64,,True,True,,0,59.56268577710819
184,2026-09-21T07:58:56.561+00:00,2026-09-21T08:02:45.028+00:00,2026-09-21T08:02:49.768+00:00,True,76,76.0,,76.0,228466.322794,233206.812522,233206.81271,3068.510693552632,42.709141,228466.322794,26199.63592617446,77.0745455,63.206529706666664,9.384783593499751,0.32589099425571194,18,64,,True,True,,375,59.56268577710819
185,2026-09-21T07:58:56.779+00:00,2026-09-21T08:02:46.289+00:00,2026-09-21T08:02:49.721+00:00,True,55,55.0,,55.0,229510.23955700002,232941.75418100003,232941.75432700003,4235.304624127273,41.367841,229510.23955700002,30938.58714108024,77.68230570000001,63.54656711111111,9.294121813489843,0.23611052554049194,18,64,,True,True,,165,59.56268577710819
186,2026-09-21T07:58:57.021+00:00,2026-09-21T08:02:47.341+00:00,2026-09-21T08:02:47.645+00:00,True,6,6.0,,6.0,230319.987147,230624.11028300002,230624.110388,38437.351731333336,51.391272,230319.987147,94002.90981668989,172758.9622285,60.8246272,9.235212531040702,0.026016360529856872,18,64,,True,True,,36,59.56268577710819
187,2026-09-21T07:58:57.254+00:00,2026-09-21T08:02:48.491+00:00,2026-09-21T08:02:50.955+00:00,True,41,41.0,,41.0,231236.442143,233700.535327,233700.53542,5700.01305902439,42.759021000000004,231236.442143,36103.445767555546,77.385173,61.602329600000004,10.110437755821616,0.17543819462215485,18,64,,True,True,,321,59.56268577710819
188,2026-09-21T07:58:57.548+00:00,2026-09-21T08:02:50.149+00:00,2026-09-21T08:02:54.600+00:00,True,72,72.0,,72.0,232601.273782,237052.03576600002,237052.035908,3292.389387611111,46.812812,232601.273782,27404.936589418037,75.18604299999998,62.68678850704225,8.494277168739417,0.3037307811651658,18,64,,True,True,,219,59.56268577710819
189,2026-09-21T07:58:57.792+00:00,2026-09-21T08:02:51.400+00:00,2026-09-21T08:02:53.164+00:00,True,29,29.0,,29.0,233607.760729,235371.349337,235371.349291,8116.253423827587,43.363192000000005,233607.760729,43368.17716634383,79.38734099999999,62.985307428571424,10.013044492536086,0.12320955834976491,18,64,,True,True,,42,59.56268577710819
190,2026-09-21T07:58:58.016+00:00,2026-09-21T08:02:52.886+00:00,2026-09-21T08:02:55.780+00:00,True,47,47.0,,47.0,234869.340649,237763.366889,237763.366724,5058.795036680851,45.959991,234869.340649,34250.03886410395,78.9448973,62.91361391304348,9.831734294168594,0.19767553183221023,18,64,,True,True,,101,59.56268577710819
191,2026-09-21T07:58:58.367+00:00,2026-09-21T08:02:54.598+00:00,2026-09-21T08:03:00.290+00:00,True,92,92.0,,92.0,236231.48757300002,241922.569813,241922.56990200002,2629.593151108696,47.081841999999995,236231.48757300002,24622.3164727068,76.92505955,62.53936527472527,8.773127801001964,0.38028696566473175,18,64,,True,True,,191,59.56268577710819
192,2026-09-21T07:58:58.687+00:00,2026-09-21T08:02:56.162+00:00,2026-09-21T08:02:59.787+00:00,True,59,59.0,,59.0,237475.222113,241099.88387299998,241099.88389,4086.43871,44.24803300000001,237475.222113,30908.505734908595,76.956463,62.494168275862066,8.798935122072622,0.2447118557347726,18,64,,True,True,,118,59.56268577710819
193,2026-09-21T07:58:59.043+00:00,2026-09-21T08:02:58.196+00:00,2026-09-21T08:03:04.258+00:00,True,97,97.0,,97.0,239153.133068,245215.564556,245215.56456,2527.995510927835,44.962922,239153.133068,24275.911494968914,77.294553,63.150328,9.359027782542174,0.39557032268988807,18,64,,True,True,,294,59.56268577710819
194,2026-09-21T07:58:59.293+00:00,2026-09-21T08:02:59.504+00:00,2026-09-21T08:03:03.025+00:00,True,57,57.0,,57.0,240211.09707800002,243732.61592600003,243732.61605200003,4276.010807929825,41.04675099999999,240211.09707800002,31808.409405582534,79.016885,62.88426514285714,10.083347218862771,0.23386283277452635,18,64,,True,True,,456,59.56268577710819
195,2026-09-21T07:58:59.632+00:00,2026-09-21T08:03:01.170+00:00,2026-09-21T08:03:06.255+00:00,True,81,81.0,,81.0,241537.837601,246622.297121,246622.297219,3044.7197187530865,40.169681,241537.837601,26830.47778603411,80.262953,63.555744,10.488078237753932,0.3284374565705187,18,64,,True,True,,648,59.56268577710819
196,2026-09-21T07:58:59.988+00:00,2026-09-21T08:03:03.148+00:00,2026-09-21T08:03:03.325+00:00,True,4,4.0,,4.0,243160.274353,243337.594289,243337.59440899998,60834.398602249996,56.583312,243160.274353,121550.58386192498,206695.63921585,59.10664533333333,3.200565416500862,0.016438068321039608,18,64,,True,True,,13,59.56268577710819
197,2026-09-21T07:59:00.297+00:00,2026-09-21T08:03:04.442+00:00,2026-09-21T08:03:08.077+00:00,True,57,57.0,,57.0,244145.154806,247780.471798,247780.47168400002,4347.025819017544,46.602962,244145.154806,32329.218444705533,76.693561,64.91637485714286,8.47967701030661,0.23004234186166436,18,64,,True,True,,142,59.56268577710819
198,2026-09-21T07:59:00.609+00:00,2026-09-21T08:03:06.187+00:00,2026-09-21T08:03:11.815+00:00,True,89,89.0,,89.0,245578.090695,251206.133703,251206.133633,2822.5408273370786,42.387531,245578.090695,26024.448070911763,77.257879,63.95503418181818,9.570045674466101,0.3542907121257809,18,64,,True,True,,623,59.56268577710819
199,2026-09-21T07:59:00.964+00:00,2026-09-21T08:03:08.340+00:00,2026-09-21T08:03:09.658+00:00,True,22,22.0,,22.0,247375.856354,248693.952994,248693.95319,11304.270599545454,47.157932,247375.856354,52727.32854600676,74.16306349999999,62.766506666666665,8.341671425703348,0.08846214286734497,18,64,,True,True,,88,59.56268577710819
200,2026-09-21T07:59:01.311+00:00,2026-09-21T08:03:08.909+00:00,2026-09-21T08:03:11.512+00:00,True,42,42.0,,42.0,247598.359108,250200.818244,250200.81837,5957.162342142858,45.279871,247598.359108,38195.46320850573,78.86774945,63.47461307317073,10.085014741218975,0.16786515845460145,18,64,,True,True,,336,59.56268577710819
201,2026-09-21T07:59:01.656+00:00,2026-09-21T08:03:10.755+00:00,2026-09-21T08:03:12.057+00:00,True,22,22.0,,22.0,249099.568917,250401.747477,250401.747553,11381.897616045455,44.053641000000006,249099.568917,53094.9872156481,77.9356291,62.00850285714286,10.21951297030391,0.08785881177614686,18,64,,True,True,,82,59.56268577710819
202,2026-09-21T07:59:01.995+00:00,2026-09-21T08:03:12.424+00:00,2026-09-21T08:03:14.962+00:00,True,40,40.0,,40.0,250429.148181,252967.213077,252967.213039,6324.1803259749995,46.480830999999995,250429.148181,39586.0363101601,77.86727250000001,65.07858707692309,9.45726381674132,0.15812325839959548,18,64,,True,True,,198,59.56268577710819
203,2026-09-21T07:59:02.378+00:00,2026-09-21T08:03:15.525+00:00,2026-09-21T08:03:20.936+00:00,True,88,88.0,,88.0,253147.900589,258558.07300499998,258558.073169,2938.159922375,44.253102,253147.900589,26979.029459858495,77.59372800000001,62.18588983908046,9.413632242296785,0.34034907120574903,18,64,,True,True,,176,59.56268577710819
204,2026-09-21T07:59:02.745+00:00,2026-09-21T08:03:17.537+00:00,2026-09-21T08:03:23.547+00:00,True,95,95.0,,95.0,254791.667632,260801.59352,260801.593453,2745.2799310842106,44.195271999999996,254791.667632,26134.516015921403,79.60630299999998,63.93538178723404,10.581605762625017,0.36426157799804537,18,64,,True,True,,665,59.56268577710819
205,2026-09-21T07:59:03.053+00:00,2026-09-21T08:03:19.230+00:00,2026-09-21T08:03:21.486+00:00,True,36,36.0,,36.0,256177.024059,258432.515899,258432.515868,7178.680996333333,43.762232000000004,256177.024059,42685.432009689146,87.15284299999999,64.442624,12.47331573886704,0.13930135638995766,18,64,,True,True,,96,59.56268577710819
206,2026-09-21T07:59:03.433+00:00,2026-09-21T08:03:21.415+00:00,2026-09-21T08:03:22.962+00:00,True,25,25.0,,25.0,257981.499327,259528.952255,259528.952421,10381.15809684,51.325272,257981.499327,51583.4052579614,80.839789,64.47720533333333,9.48107120344111,0.09632836638370991,18,64,,True,True,,51,59.56268577710819
207,2026-09-21T07:59:03.762+00:00,2026-09-21T08:03:22.852+00:00,2026-09-21T08:03:27.496+00:00,True,75,75.0,,75.0,259089.470642,263733.847218,263733.847425,3516.451299,43.315341999999994,259089.470642,29909.829594680927,78.181535,62.761845621621625,9.803172716746062,0.2843776056472785,18,64,,True,True,,300,59.56268577710819
208,2026-09-21T07:59:04.033+00:00,2026-09-21T08:03:23.864+00:00,2026-09-21T08:03:29.532+00:00,True,91,91.0,,91.0,259830.82491999998,265498.661592,265498.661529,2917.56770910989,43.461052,259830.82491999998,27231.071505194224,76.4238325,62.975963022222224,9.934909922074775,0.3427512570283406,18,64,,True,True,,304,59.56268577710819
209,2026-09-21T07:59:04.289+00:00,2026-09-21T08:03:25.371+00:00,2026-09-21T08:03:31.499+00:00,True,98,98.0,,98.0,261081.647937,267209.570113,267209.570344,2726.6282688163265,43.303562,261081.647937,26366.84932949371,76.49302885,63.17445542268042,9.829927454213705,0.36675333132176696,18,64,,True,True,,245,59.56268577710819
210,2026-09-21T07:59:04.554+00:00,2026-09-21T08:03:26.933+00:00,2026-09-21T08:03:30.402+00:00,True,56,56.0,,56.0,262378.955203,265848.442563,265848.442635,4747.293618482143,45.095892,262378.955203,35053.43438711875,77.1063455,63.081588363636364,9.669788665680642,0.21064633465636828,18,64,,True,True,,93,59.56268577710819
211,2026-09-21T07:59:05.584+00:00,2026-09-21T08:03:30.336+00:00,2026-09-21T08:03:33.324+00:00,True,48,48.0,,48.0,264752.427336,267740.03207200003,267740.032007,5577.917333479167,43.396661,264752.427336,38204.54751224368,77.66080145,63.56605821276595,9.61632920367249,0.17927838294682788,18,64,,True,True,,96,59.56268577710819
214,2026-09-21T07:59:05.772+00:00,2026-09-21T08:03:31.179+00:00,2026-09-21T08:03:37.484+00:00,True,100,100.0,,100.0,265406.470084,271711.91033999994,271711.91023599997,2717.1191023599995,44.701001,265406.470084,26534.2793487664,77.33266250000001,63.69131571717171,8.882853759837856,0.3680368662340473,18,64,,True,True,,260,59.56268577710819
213,2026-09-21T07:59:05.767+00:00,2026-09-21T08:03:32.415+00:00,2026-09-21T08:03:32.594+00:00,True,4,4.0,,4.0,266647.541409,266826.678945,266826.678903,66706.66972575,55.903292,266647.541409,133293.91448744235,226659.8590128,59.712512,3.5738507083044193,0.014991004706933769,18,64,,True,True,,36,59.56268577710819
212,2026-09-21T07:59:05.711+00:00,2026-09-21T08:03:33.736+00:00,2026-09-21T08:03:35.627+00:00,True,31,31.0,,31.0,268024.506243,269915.94944299996,269915.949403,8706.966109774194,47.180372000000006,268024.506243,48127.299415711495,76.157122,63.04810666666666,8.899276147799878,0.1148505676080712,18,64,,True,True,,113,59.56268577710819
215,2026-09-21T07:59:05.917+00:00,2026-09-21T08:03:33.948+00:00,2026-09-21T08:03:35.366+00:00,True,24,24.0,,24.0,268031.348947,269449.335507,269449.335466,11227.055644416667,45.937431,268031.348947,54699.08610897383,79.28650035000001,61.65158956521739,8.867095750375151,0.0890705481044933,18,64,,True,True,,133,59.56268577710819
216,2026-09-21T07:59:06.214+00:00,2026-09-21T08:03:36.066+00:00,2026-09-21T08:03:38.748+00:00,True,43,43.0,,43.0,269852.61063999997,272534.16968,272534.16957599996,6338.003943627907,42.462221,269852.61063999997,41142.40194890774,77.360674,63.846643809523805,9.834052453171022,0.15777838078245046,18,64,,True,True,,514,59.56268577710819
217,2026-09-21T07:59:06.473+00:00,2026-09-21T08:03:37.426+00:00,2026-09-21T08:03:43.618+00:00,True,97,97.0,,97.0,270953.05819099996,277145.155727,277145.155551,2857.1665520721644,42.690368,270953.05819099996,27504.56757369905,76.7169912,64.501016,10.010953381303741,0.34999709717296745,18,64,,True,True,,194,59.56268577710819
218,2026-09-21T07:59:06.706+00:00,2026-09-21T08:03:38.507+00:00,2026-09-21T08:03:42.176+00:00,True,58,58.0,,58.0,271800.96333999996,275469.79124399996,275469.791185,4749.479158362068,45.811201000000004,271800.96333999996,35680.76517641747,78.305148,64.3654018245614,11.509034580646684,0.21054940266980474,18,64,,True,True,,319,59.56268577710819
219,2026-09-21T07:59:06.953+00:00,2026-09-21T08:03:39.719+00:00,2026-09-21T08:03:40.038+00:00,True,6,6.0,,6.0,272766.024269,273085.042509,273085.04263599997,45514.17377266666,48.307190999999996,272766.024269,111330.21572760907,204592.7139195,63.803648,10.061903081309419,0.02197117771399823,18,64,,True,True,,14,59.56268577710819
220,2026-09-21T07:59:07.180+00:00,2026-09-21T08:03:40.986+00:00,2026-09-21T08:03:45.026+00:00,True,64,64.0,,64.0,273805.579103,277846.236255,277846.236107,4341.347439171875,45.397988,273805.579103,34217.68164579015,79.5104235,64.13741511111111,9.987714686544955,0.23034323179120725,18,64,,True,True,,296,59.56268577710819
221,2026-09-21T07:59:07.485+00:00,2026-09-21T08:03:42.508+00:00,2026-09-21T08:03:44.425+00:00,True,31,31.0,,31.0,275022.523492,276939.464292,276939.464203,8933.53110332258,41.138681,275022.523492,49384.02786125056,76.6626265,63.89802666666667,9.531387498559068,0.11193782034370572,18,64,,True,True,,34,59.56268577710819
222,2026-09-21T07:59:07.814+00:00,2026-09-21T08:03:44.486+00:00,2026-09-21T08:03:46.130+00:00,True,26,26.0,,26.0,276671.73617,278315.23645799997,278315.236555,10704.432175192307,49.906470999999996,276671.73617,54246.89961064203,79.59552624999999,65.74001152000001,8.822614701229284,0.09341924765201855,18,64,,True,True,,154,59.56268577710819
223,2026-09-21T07:59:08.044+00:00,2026-09-21T08:03:45.454+00:00,2026-09-21T08:03:51.425+00:00,True,95,95.0,,95.0,277409.46656599996,283380.455622,283380.45571199997,2982.952165389473,41.09007,277409.46656599996,28455.095289298562,78.37146630000001,63.52116017021277,9.850593612590814,0.3352383628273931,18,64,,True,True,,385,59.56268577710819
224,2026-09-21T07:59:08.272+00:00,2026-09-21T08:03:46.495+00:00,2026-09-21T08:03:47.287+00:00,True,14,14.0,,14.0,278222.54569400003,279015.20771000005,279015.20792,19929.65770857143,46.272061,278222.54569400003,74341.80775121668,97428.10598955,60.97400123076923,10.252729915304494,0.05017647645411205,18,64,,True,True,,27,59.56268577710819
225,2026-09-21T07:59:08.544+00:00,2026-09-21T08:03:48.070+00:00,2026-09-21T08:03:53.340+00:00,True,83,83.0,,83.0,279526.15756900003,284795.69075300003,284795.69071000005,3431.273382048193,43.885841,279526.15756900003,30674.929447758062,77.47088509999999,64.26259980487805,9.160379493394776,0.291436993939578,18,64,,True,True,,415,59.56268577710819
226,2026-09-21T07:59:08.754+00:00,2026-09-21T08:03:49.108+00:00,2026-09-21T08:03:53.286+00:00,True,67,67.0,,67.0,280354.058219,284532.050411,284532.050396,4246.747020835821,44.752341,280354.058219,34242.9671335637,78.255151,63.302912,9.50602996741224,0.23547435131901676,18,64,,True,True,,208,59.56268577710819
227,2026-09-21T07:59:09.081+00:00,2026-09-21T08:03:50.915+00:00,2026-09-21T08:03:51.623+00:00,True,12,12.0,,12.0,281833.973383,282542.390151,282542.390318,23545.199193166667,54.275551,281833.973383,81339.86943069483,126867.36599345,64.40152436363637,7.959819285764008,0.04247150310290361,18,64,,True,True,,36,59.56268577710819
228,2026-09-21T07:59:09.361+00:00,2026-09-21T08:03:52.324+00:00,2026-09-21T08:03:52.741+00:00,True,8,8.0,,8.0,282962.876623,283379.70043100003,283379.70049200003,35422.462561500004,47.596021,282962.876623,100021.43202841688,183951.37957315,59.54625828571428,9.304138865772188,0.028230674207900486,18,64,,True,True,,82,59.56268577710819
229,2026-09-21T07:59:09.710+00:00,2026-09-21T08:03:54.008+00:00,2026-09-21T08:03:58.476+00:00,True,73,73.0,,73.0,284297.938043,288765.161083,288765.160976,3955.687136657534,42.104031000000006,284297.938043,33267.29630659386,77.4140376,62.044764444444446,9.30328631930382,0.25280057928808647,18,64,,True,True,,77,59.56268577710819
232,2026-09-21T07:59:10.560+00:00,2026-09-21T08:03:56.225+00:00,2026-09-21T08:04:02.251+00:00,True,96,96.0,,96.0,285665.24883,291691.147582,291691.147407,3038.44945215625,45.153101,285665.24883,29149.114857037777,77.04199425,63.430513178947365,8.873945742444956,0.32911523299832934,18,64,,True,True,,513,59.56268577710819
233,2026-09-21T07:59:10.826+00:00,2026-09-21T08:03:57.688+00:00,2026-09-21T08:03:59.538+00:00,True,30,30.0,,30.0,286862.236813,288711.512973,288711.513042,9623.7171014,42.523720999999995,286862.236813,52361.997647450524,76.060761,63.768143448275865,8.909230286910166,0.1039099538881415,18,64,,True,True,,71,59.56268577710819
230,2026-09-21T07:59:10.025+00:00,2026-09-21T08:03:59.230+00:00,2026-09-21T08:04:05.073+00:00,True,93,93.0,,93.0,289205.14023900003,295047.585039,295047.585001,3172.554677430108,45.805991,289205.14023900003,29982.592347115733,78.4491656,63.5048347826087,9.41489353836175,0.31520339333639036,18,64,,True,True,,93,59.56268577710819
234,2026-09-21T07:59:11.069+00:00,2026-09-21T08:03:59.655+00:00,2026-09-21T08:04:00.863+00:00,True,19,19.0,,19.0,288585.13639999996,289793.194256,289793.19443499995,15252.273391315788,43.311611,288585.13639999996,66190.57446535648,28931.4226508,67.11432533333333,9.894785493307733,0.0655639965899807,18,64,,True,True,,19,59.56268577710819
231,2026-09-21T07:59:10.308+00:00,2026-09-21T08:04:02.502+00:00,2026-09-21T08:04:06.366+00:00,True,63,63.0,,63.0,292194.432508,296058.583292,296058.583359,4699.342593,45.761970999999996,292194.432508,36805.187230173266,76.1970959,62.325012645161294,9.517754382731907,0.212795722047564,18,64,,True,True,,252,59.56268577710819
235,2026-09-21T07:59:11.390+00:00,2026-09-21T08:04:02.506+00:00,2026-09-21T08:04:02.857+00:00,True,6,6.0,,6.0,291116.376237,291467.502253,291467.502094,48577.917015666666,62.742720999999996,291116.376237,118819.09368532013,218355.69716825,70.22520320000001,4.451391776492741,0.0205854853581305,18,64,,True,True,,18,59.56268577710819
236,2026-09-21T07:59:11.693+00:00,2026-09-21T08:04:04.236+00:00,2026-09-21T08:04:08.612+00:00,True,71,71.0,,71.0,292543.373751,296919.301047,296919.301062,4181.961986788732,41.551831,292543.373751,34711.09328308172,75.1122365,62.51324708571429,9.274128462254057,0.23912221182536483,18,64,,True,True,,181,59.56268577710819
237,2026-09-21T07:59:12.048+00:00,2026-09-21T08:04:06.253+00:00,2026-09-21T08:04:12.116+00:00,False,95,94.0,,94.0,294205.14165,300068.30069,300068.300723,3158.6136918210527,0.028480000000000002,294205.14165,30178.41328612912,77.2872317,62.37403234042553,11.281813228270819,0.3132620132944707,18,64,,True,False,Request timeout: 300.0s exceeded,374,59.56268577710819
238,2026-09-21T07:59:12.421+00:00,2026-09-21T08:04:08.229+00:00,2026-09-21T08:04:09.664+00:00,True,24,24.0,,24.0,295807.18711799994,297242.28932599997,297242.28920799994,12385.095383666665,45.975811,295807.18711799994,60368.65332523177,75.10613015,62.39574817391305,8.54911001587191,0.08074221220143422,18,64,,True,True,,240,59.56268577710819
239,2026-09-21T07:59:12.666+00:00,2026-09-21T08:04:09.427+00:00,2026-09-21T08:04:12.703+00:00,False,55,54.0,,54.0,296761.784882,300037.016114,300037.016011,5455.218472927273,0.02639,296761.784882,40007.17464564817,76.83020199999999,60.65243022222222,13.106314532889533,0.17997779307164732,18,64,,True,False,Request timeout: 300.0s exceeded,162,59.56268577710819
240,2026-09-21T07:59:12.967+00:00,2026-09-21T08:04:11.132+00:00,2026-09-21T08:04:13.026+00:00,False,33,32.0,,32.0,298165.80112099997,300059.80073699995,300059.800541,9092.72122851515,0.04302,298165.80112099997,51893.7023441703,77.36057559999999,59.187488,13.952113782293067,0.10664540841992944,18,64,,True,False,Request timeout: 300.0s exceeded,96,59.56268577710819
241,2026-09-21T07:59:13.228+00:00,2026-09-21T08:04:12.763+00:00,2026-09-21T08:04:13.257+00:00,False,10,9.0,,9.0,299534.864292,300028.672164,300028.672172,30002.8672172,0.02042,299534.864292,94703.89270763745,164778.9985395,54.867541333333335,22.466323167028822,0.02999713305760481,18,64,,True,False,Request timeout: 300.0s exceeded,12,59.56268577710819
242,2026-09-21T07:59:13.474+00:00,2026-09-21T08:04:13.586+00:00,2026-09-21T08:04:13.586+00:00,False,1,0.0,,0.0,300111.805218,300111.805218,300111.805218,300111.805218,300111.805218,300111.805218,nan,300111.805218,nan,nan,0.0,18,64,,True,False,"HTTPConnectionPool(host='gpu06', port=9004): Read timed out.",0,59.56268577710819
243,2026-09-21T07:59:13.848+00:00,2026-09-21T08:04:13.912+00:00,2026-09-21T08:04:13.912+00:00,False,1,0.0,,0.0,300064.116612,300064.116612,300064.116612,300064.116612,300064.116612,300064.116612,nan,300064.116612,nan,nan,0.0,18,64,,True,False,"HTTPConnectionPool(host='gpu06', port=9004): Read timed out.",0,59.56268577710819
244,2026-09-21T07:59:14.105+00:00,2026-09-21T08:04:14.214+00:00,2026-09-21T08:04:14.214+00:00,False,1,0.0,,0.0,300108.72203500004,300108.72203500004,300108.72203500004,300108.72203500004,300108.72203500004,300108.72203500004,nan,300108.72203500004,nan,nan,0.0,18,64,,True,False,"HTTPConnectionPool(host='gpu06', port=9004): Read timed out.",0,59.56268577710819
245,2026-09-21T07:59:14.361+00:00,2026-09-21T08:04:14.461+00:00,2026-09-21T08:04:14.461+00:00,False,1,0.0,,0.0,300099.388439,300099.388439,300099.388439,300099.388439,300099.388439,300099.388439,nan,300099.388439,nan,nan,0.0,18,64,,True,False,"HTTPConnectionPool(host='gpu06', port=9004): Read timed out.",0,59.56268577710819
246,2026-09-21T07:59:14.579+00:00,2026-09-21T08:04:14.636+00:00,2026-09-21T08:04:14.636+00:00,False,1,0.0,,0.0,300056.083973,300056.083973,300056.083973,300056.083973,300056.083973,300056.083973,nan,300056.083973,nan,nan,0.0,18,64,,True,False,"HTTPConnectionPool(host='gpu06', port=9004): Read timed out.",0,59.56268577710819
247,2026-09-21T07:59:14.955+00:00,2026-09-21T08:04:15.060+00:00,2026-09-21T08:04:15.060+00:00,False,1,0.0,,0.0,300104.886248,300104.886248,300104.886248,300104.886248,300104.886248,300104.886248,nan,300104.886248,nan,nan,0.0,18,64,,True,False,"HTTPConnectionPool(host='gpu06', port=9004): Read timed out.",0,59.56268577710819
248,2026-09-21T07:59:15.199+00:00,2026-09-21T08:04:15.314+00:00,2026-09-21T08:04:15.314+00:00,False,1,0.0,,0.0,300115.472413,300115.472413,300115.472413,300115.472413,300115.472413,300115.472413,nan,300115.472413,nan,nan,0.0,18,64,,True,False,"HTTPConnectionPool(host='gpu06', port=9004): Read timed out.",0,59.56268577710819
249,2026-09-21T07:59:15.526+00:00,2026-09-21T08:04:15.631+00:00,2026-09-21T08:04:15.631+00:00,False,1,0.0,,0.0,300104.88988,300104.88988,300104.88988,300104.88988,300104.88988,300104.88988,nan,300104.88988,nan,nan,0.0,18,64,,True,False,"HTTPConnectionPool(host='gpu06', port=9004): Read timed out.",0,59.56268577710819
250,2026-09-21T07:59:15.905+00:00,2026-09-21T08:04:15.804+00:00,2026-09-21T08:04:15.971+00:00,False,5,4.0,,4.0,299899.098611,300065.554419,300065.554434,60013.1108868,0.10552,299899.098611,134100.34601890657,239931.169139,41.613952,27.847912739457655,0.013330420440110078,18,64,,True,False,Request timeout: 300.0s exceeded,15,59.56268577710819
251,2026-09-21T07:59:16.213+00:00,2026-09-21T08:04:16.314+00:00,2026-09-21T08:04:16.314+00:00,False,1,0.0,,0.0,300101.586994,300101.586994,300101.586994,300101.586994,300101.586994,300101.586994,nan,300101.586994,nan,nan,0.0,18,64,,True,False,"HTTPConnectionPool(host='gpu06', port=9004): Read timed out.",0,59.56268577710819
252,2026-09-21T07:59:16.461+00:00,2026-09-21T08:04:16.528+00:00,2026-09-21T08:04:16.528+00:00,False,1,0.0,,0.0,300067.151547,300067.151547,300067.151547,300067.151547,300067.151547,300067.151547,nan,300067.151547,nan,nan,0.0,18,64,,True,False,"HTTPConnectionPool(host='gpu06', port=9004): Read timed out.",0,59.56268577710819
253,2026-09-21T07:59:16.729+00:00,2026-09-21T08:04:16.833+00:00,2026-09-21T08:04:16.833+00:00,False,1,0.0,,0.0,300103.72888,300103.72888,300103.72888,300103.72888,300103.72888,300103.72888,nan,300103.72888,nan,nan,0.0,18,64,,True,False,"HTTPConnectionPool(host='gpu06', port=9004): Read timed out.",0,59.56268577710819
254,2026-09-21T07:59:17.094+00:00,2026-09-21T08:04:17.184+00:00,2026-09-21T08:04:17.184+00:00,False,1,0.0,,0.0,300090.137925,300090.137925,300090.137925,300090.137925,300090.137925,300090.137925,nan,300090.137925,nan,nan,0.0,18,64,,True,False,"HTTPConnectionPool(host='gpu06', port=9004): Read timed out.",0,59.56268577710819
255,2026-09-21T07:59:17.390+00:00,2026-09-21T08:04:17.525+00:00,2026-09-21T08:04:17.525+00:00,False,1,0.0,,0.0,300134.406936,300134.406936,300134.406936,300134.406936,300134.406936,300134.406936,nan,300134.406936,nan,nan,0.0,18,64,,True,False,"HTTPConnectionPool(host='gpu06', port=9004): Read timed out.",0,59.56268577710819
256,2026-09-21T07:59:17.720+00:00,2026-09-21T08:04:17.804+00:00,2026-09-21T08:04:17.804+00:00,False,1,0.0,,0.0,300083.371563,300083.371563,300083.371563,300083.371563,300083.371563,300083.371563,nan,300083.371563,nan,nan,0.0,18,64,,True,False,TTFT timeout: 300.0s exceeded (TTFT: 300.075s),0,59.56268577710819
257,2026-09-21T07:59:18.047+00:00,2026-09-21T08:04:18.034+00:00,2026-09-21T08:04:18.102+00:00,False,3,2.0,,2.0,299986.997269,300055.848213,300055.84811099997,100018.616037,0.02584,299986.997269,173177.7015170863,269995.1800423,34.425472,48.64840348762652,0.006665425826262398,18,64,,True,False,Request timeout: 300.0s exceeded,8,59.56268577710819
259,2026-09-21T07:59:19.429+00:00,2026-09-21T08:04:18.821+00:00,2026-09-21T08:04:19.642+00:00,False,13,12.0,,12.0,299392.189184,300213.49222400005,300213.49226100004,23093.34555853846,0.0207,299392.189184,83017.47700140368,119828.11902140001,68.44192,33.86379116529023,0.03997155461302975,18,64,,True,False,Request timeout: 300.0s exceeded,48,59.56268577710819
258,2026-09-21T07:59:19.316+00:00,2026-09-21T08:04:18.996+00:00,2026-09-21T08:04:19.742+00:00,False,13,12.0,,12.0,299679.952788,300426.79746,300426.797623,23109.753663307692,0.02591,299679.952788,83099.00778876712,119940.89018039999,62.237056,29.921414594532695,0.03994317451524186,18,64,,True,False,Request timeout: 300.0s exceeded,50,59.56268577710819
260,2026-09-21T07:59:19.576+00:00,2026-09-21T08:04:18.999+00:00,2026-09-21T08:04:19.904+00:00,False,16,15.0,,15.0,299422.932725,300327.17950900004,300327.179344,18770.448709,0.04082,299422.932725,74840.66706107976,74936.38565525,60.28311893333333,27.32809656800835,0.049945529487285346,18,64,,True,False,Request timeout: 300.0s exceeded,30,59.56268577710819
261,2026-09-21T07:59:19.805+00:00,2026-09-21T08:04:20.016+00:00,2026-09-21T08:04:20.016+00:00,False,1,0.0,,0.0,300211.354726,300211.354726,300211.354726,300211.354726,300211.354726,300211.354726,nan,300211.354726,nan,nan,0.0,18,64,,True,False,"HTTPConnectionPool(host='gpu06', port=9004): Read timed out.",0,59.56268577710819
262,2026-09-21T07:59:19.845+00:00,2026-09-21T08:04:20.400+00:00,2026-09-21T08:04:20.400+00:00,False,1,0.0,,0.0,300555.384521,300555.384521,300555.384521,300555.384521,300555.384521,300555.384521,nan,300555.384521,nan,nan,0.0,18,64,,True,False,"HTTPConnectionPool(host='gpu06', port=9004): Read timed out.",0,59.56268577710819
263,2026-09-21T07:59:19.895+00:00,2026-09-21T08:04:20.861+00:00,2026-09-21T08:04:21.359+00:00,False,7,6.0,,6.0,300965.447856,301463.284144,301463.284146,43066.18344942857,0.03494,300965.447856,113722.8995341988,210729.02237339996,82.97271466666668,60.4302843200737,0.0199029212364514,18,64,,True,False,Request timeout: 300.0s exceeded,6,59.56268577710819
264,2026-09-21T07:59:20.190+00:00,2026-09-21T08:04:21.213+00:00,2026-09-21T08:04:21.403+00:00,False,5,4.0,,4.0,301023.144647,301212.635079,301212.635231,60242.527046200004,0.0269,301023.144647,134600.46166490903,240838.19218399998,47.372608,40.23411273950542,0.013279655413362413,18,64,,True,False,Request timeout: 300.0s exceeded,7,59.56268577710819
269,2026-09-21T07:59:21.425+00:00,2026-09-21T08:04:21.525+00:00,2026-09-21T08:04:21.525+00:00,False,1,0.0,,0.0,300099.64157599997,300099.64157599997,300099.64157599997,300099.64157599997,300099.64157599997,300099.64157599997,nan,300099.64157599997,nan,nan,0.0,18,64,,True,False,"HTTPConnectionPool(host='gpu06', port=9004): Read timed out.",0,59.56268577710819
265,2026-09-21T07:59:20.291+00:00,2026-09-21T08:04:21.537+00:00,2026-09-21T08:04:21.537+00:00,False,1,0.0,,0.0,301245.717375,301245.717375,301245.717375,301245.717375,301245.717375,301245.717375,nan,301245.717375,nan,nan,0.0,18,64,,True,False,"HTTPConnectionPool(host='gpu06', port=9004): Read timed out.",0,59.56268577710819
270,2026-09-21T07:59:21.650+00:00,2026-09-21T08:04:21.896+00:00,2026-09-21T08:04:21.896+00:00,False,1,0.0,,0.0,300246.409993,300246.409993,300246.409993,300246.409993,300246.409993,300246.409993,nan,300246.409993,nan,nan,0.0,18,64,,True,False,"HTTPConnectionPool(host='gpu06', port=9004): Read timed out.",0,59.56268577710819
266,2026-09-21T07:59:20.511+00:00,2026-09-21T08:04:21.898+00:00,2026-09-21T08:04:21.898+00:00,False,1,0.0,,0.0,301387.323563,301387.323563,301387.323563,301387.323563,301387.323563,301387.323563,nan,301387.323563,nan,nan,0.0,18,64,,True,False,"HTTPConnectionPool(host='gpu06', port=9004): Read timed out.",0,59.56268577710819
273,2026-09-21T07:59:22.600+00:00,2026-09-21T08:04:23.276+00:00,2026-09-21T08:04:23.276+00:00,False,1,0.0,,0.0,300676.28321799997,300676.28321799997,300676.28321799997,300676.28321799997,300676.28321799997,300676.28321799997,nan,300676.28321799997,nan,nan,0.0,18,64,,True,False,"HTTPConnectionPool(host='gpu06', port=9004): Read timed out.",0,59.56268577710819
274,2026-09-21T07:59:22.975+00:00,2026-09-21T08:04:23.277+00:00,2026-09-21T08:04:23.277+00:00,False,1,0.0,,0.0,300302.605385,300302.605385,300302.605385,300302.605385,300302.605385,300302.605385,nan,300302.605385,nan,nan,0.0,18,64,,True,False,"HTTPConnectionPool(host='gpu06', port=9004): Read timed out.",0,59.56268577710819
272,2026-09-21T07:59:22.312+00:00,2026-09-21T08:04:23.281+00:00,2026-09-21T08:04:23.281+00:00,False,1,0.0,,0.0,300969.680814,300969.680814,300969.680814,300969.680814,300969.680814,300969.680814,nan,300969.680814,nan,nan,0.0,18,64,,True,False,"HTTPConnectionPool(host='gpu06', port=9004): Read timed out.",0,59.56268577710819
268,2026-09-21T07:59:21.120+00:00,2026-09-21T08:04:23.306+00:00,2026-09-21T08:04:23.306+00:00,False,1,0.0,,0.0,302186.171379,302186.171379,302186.171379,302186.171379,302186.171379,302186.171379,nan,302186.171379,nan,nan,0.0,18,64,,True,False,"HTTPConnectionPool(host='gpu06', port=9004): Read timed out.",0,59.56268577710819
271,2026-09-21T07:59:21.981+00:00,2026-09-21T08:04:23.309+00:00,2026-09-21T08:04:23.309+00:00,False,1,0.0,,0.0,301328.441554,301328.441554,301328.441554,301328.441554,301328.441554,301328.441554,nan,301328.441554,nan,nan,0.0,18,64,,True,False,"HTTPConnectionPool(host='gpu06', port=9004): Read timed out.",0,59.56268577710819
267,2026-09-21T07:59:20.828+00:00,2026-09-21T08:04:23.321+00:00,2026-09-21T08:04:23.321+00:00,False,1,0.0,,0.0,302493.579775,302493.579775,302493.579775,302493.579775,302493.579775,302493.579775,nan,302493.579775,nan,nan,0.0,18,64,,True,False,"HTTPConnectionPool(host='gpu06', port=9004): Read timed out.",0,59.56268577710819
275,2026-09-21T07:59:23.274+00:00,2026-09-21T08:04:23.368+00:00,2026-09-21T08:04:23.368+00:00,False,1,0.0,,0.0,300093.734181,300093.734181,300093.734181,300093.734181,300093.734181,300093.734181,nan,300093.734181,nan,nan,0.0,18,64,,True,False,"HTTPConnectionPool(host='gpu06', port=9004): Read timed out.",0,59.56268577710819
276,2026-09-21T07:59:23.501+00:00,2026-09-21T08:04:23.511+00:00,2026-09-21T08:04:23.511+00:00,False,1,0.0,,0.0,300010.604704,300010.604704,300010.604704,300010.604704,300010.604704,300010.604704,nan,300010.604704,nan,nan,0.0,18,64,,True,False,"HTTPConnectionPool(host='gpu06', port=9004): Read timed out.",0,59.56268577710819
277,2026-09-21T07:59:23.748+00:00,2026-09-21T08:04:23.782+00:00,2026-09-21T08:04:23.782+00:00,False,1,0.0,,0.0,300034.59917799995,300034.59917799995,300034.59917799995,300034.59917799995,300034.59917799995,300034.59917799995,nan,300034.59917799995,nan,nan,0.0,18,64,,True,False,"HTTPConnectionPool(host='gpu06', port=9004): Read timed out.",0,59.56268577710819
278,2026-09-21T07:59:24.001+00:00,2026-09-21T08:04:24.011+00:00,2026-09-21T08:04:24.011+00:00,False,1,0.0,,0.0,300009.733161,300009.733161,300009.733161,300009.733161,300009.733161,300009.733161,nan,300009.733161,nan,nan,0.0,18,64,,True,False,"HTTPConnectionPool(host='gpu06', port=9004): Read timed out.",0,59.56268577710819
279,2026-09-21T07:59:24.360+00:00,2026-09-21T08:04:24.465+00:00,2026-09-21T08:04:24.465+00:00,False,1,0.0,,0.0,300105.52473799995,300105.52473799995,300105.52473799995,300105.52473799995,300105.52473799995,300105.52473799995,nan,300105.52473799995,nan,nan,0.0,18,64,,True,False,"HTTPConnectionPool(host='gpu06', port=9004): Read timed out.",0,59.56268577710819
280,2026-09-21T07:59:24.607+00:00,2026-09-21T08:04:24.669+00:00,2026-09-21T08:04:24.669+00:00,False,1,0.0,,0.0,300061.87274099997,300061.87274099997,300061.87274099997,300061.87274099997,300061.87274099997,300061.87274099997,nan,300061.87274099997,nan,nan,0.0,18,64,,True,False,"HTTPConnectionPool(host='gpu06', port=9004): Read timed out.",0,59.56268577710819
281,2026-09-21T07:59:24.826+00:00,2026-09-21T08:04:24.922+00:00,2026-09-21T08:04:24.922+00:00,False,1,0.0,,0.0,300095.164977,300095.164977,300095.164977,300095.164977,300095.164977,300095.164977,nan,300095.164977,nan,nan,0.0,18,64,,True,False,"HTTPConnectionPool(host='gpu06', port=9004): Read timed out.",0,59.56268577710819
282,2026-09-21T07:59:25.051+00:00,2026-09-21T08:04:25.135+00:00,2026-09-21T08:04:25.135+00:00,False,1,0.0,,0.0,300083.762312,300083.762312,300083.762312,300083.762312,300083.762312,300083.762312,nan,300083.762312,nan,nan,0.0,18,64,,True,False,TTFT timeout: 300.0s exceeded (TTFT: 300.082s),0,59.56268577710819
283,2026-09-21T07:59:25.260+00:00,2026-09-21T08:04:25.325+00:00,2026-09-21T08:04:25.325+00:00,False,1,0.0,,0.0,300064.751117,300064.751117,300064.751117,300064.751117,300064.751117,300064.751117,nan,300064.751117,nan,nan,0.0,18,64,,True,False,TTFT timeout: 300.0s exceeded (TTFT: 300.058s),0,59.56268577710819
284,2026-09-21T07:59:25.512+00:00,2026-09-21T08:04:25.531+00:00,2026-09-21T08:04:25.531+00:00,False,1,0.0,,0.0,300018.79122899997,300018.79122899997,300018.79122899997,300018.79122899997,300018.79122899997,300018.79122899997,nan,300018.79122899997,nan,nan,0.0,18,64,,True,False,TTFT timeout: 300.0s exceeded (TTFT: 300.014s),0,59.56268577710819
285,2026-09-21T07:59:25.796+00:00,2026-09-21T08:04:25.911+00:00,2026-09-21T08:04:25.911+00:00,False,1,0.0,,0.0,300114.982402,300114.982402,300114.982402,300114.982402,300114.982402,300114.982402,nan,300114.982402,nan,nan,0.0,18,64,,True,False,"HTTPConnectionPool(host='gpu06', port=9004): Read timed out.",0,59.56268577710819
286,2026-09-21T07:59:26.044+00:00,2026-09-21T08:04:26.152+00:00,2026-09-21T08:04:26.152+00:00,False,1,0.0,,0.0,300108.42876499996,300108.42876499996,300108.42876499996,300108.42876499996,300108.42876499996,300108.42876499996,nan,300108.42876499996,nan,nan,0.0,18,64,,True,False,"HTTPConnectionPool(host='gpu06', port=9004): Read timed out.",0,59.56268577710819
287,2026-09-21T07:59:26.358+00:00,2026-09-21T08:04:26.401+00:00,2026-09-21T08:04:26.401+00:00,False,1,0.0,,0.0,300042.756413,300042.756413,300042.756413,300042.756413,300042.756413,300042.756413,nan,300042.756413,nan,nan,0.0,18,64,,True,False,"HTTPConnectionPool(host='gpu06', port=9004): Read timed out.",0,59.56268577710819
288,2026-09-21T07:59:26.736+00:00,2026-09-21T08:04:26.835+00:00,2026-09-21T08:04:26.835+00:00,False,1,0.0,,0.0,300099.10973900004,300099.10973900004,300099.10973900004,300099.10973900004,300099.10973900004,300099.10973900004,nan,300099.10973900004,nan,nan,0.0,18,64,,True,False,"HTTPConnectionPool(host='gpu06', port=9004): Read timed out.",0,59.56268577710819
289,2026-09-21T07:59:27.022+00:00,2026-09-21T08:04:27.085+00:00,2026-09-21T08:04:27.085+00:00,False,1,0.0,,0.0,300063.016139,300063.016139,300063.016139,300063.016139,300063.016139,300063.016139,nan,300063.016139,nan,nan,0.0,18,64,,True,False,TTFT timeout: 300.0s exceeded (TTFT: 300.057s),0,59.56268577710819
290,2026-09-21T07:59:27.234+00:00,2026-09-21T08:04:27.280+00:00,2026-09-21T08:04:27.280+00:00,False,1,0.0,,0.0,300046.07602499996,300046.07602499996,300046.07602499996,300046.07602499996,300046.07602499996,300046.07602499996,nan,300046.07602499996,nan,nan,0.0,18,64,,True,False,"HTTPConnectionPool(host='gpu06', port=9004): Read timed out.",0,59.56268577710819
291,2026-09-21T07:59:27.509+00:00,2026-09-21T08:04:27.515+00:00,2026-09-21T08:04:27.515+00:00,False,1,0.0,,0.0,300005.559315,300005.559315,300005.559315,300005.559315,300005.559315,300005.559315,nan,300005.559315,nan,nan,0.0,18,64,,True,False,TTFT timeout: 300.0s exceeded (TTFT: 300.001s),0,59.56268577710819
292,2026-09-21T07:59:27.789+00:00,2026-09-21T08:04:27.763+00:00,2026-09-21T08:04:27.833+00:00,False,3,2.0,,2.0,299973.828906,300044.047146,300044.047337,100014.68244566667,0.03091,299973.828906,173169.70410653908,269983.4647675,35.10912,49.60834902634838,0.006665687984893796,18,64,,True,False,Request timeout: 300.0s exceeded,14,59.56268577710819
293,2026-09-21T07:59:28.166+00:00,2026-09-21T08:04:28.276+00:00,2026-09-21T08:04:28.276+00:00,False,1,0.0,,0.0,300109.936314,300109.936314,300109.936314,300109.936314,300109.936314,300109.936314,nan,300109.936314,nan,nan,0.0,18,64,,True,False,"HTTPConnectionPool(host='gpu06', port=9004): Read timed out.",0,59.56268577710819
294,2026-09-21T07:59:28.503+00:00,2026-09-21T08:04:28.544+00:00,2026-09-21T08:04:28.544+00:00,False,1,0.0,,0.0,300041.169719,300041.169719,300041.169719,300041.169719,300041.169719,300041.169719,nan,300041.169719,nan,nan,0.0,18,64,,True,False,"HTTPConnectionPool(host='gpu06', port=9004): Read timed out.",0,59.56268577710819
295,2026-09-21T07:59:28.879+00:00,2026-09-21T08:04:28.982+00:00,2026-09-21T08:04:28.982+00:00,False,1,0.0,,0.0,300102.842276,300102.842276,300102.842276,300102.842276,300102.842276,300102.842276,nan,300102.842276,nan,nan,0.0,18,64,,True,False,"HTTPConnectionPool(host='gpu06', port=9004): Read timed out.",0,59.56268577710819
296,2026-09-21T07:59:29.226+00:00,2026-09-21T08:04:29.266+00:00,2026-09-21T08:04:29.266+00:00,False,1,0.0,,0.0,300039.77298,300039.77298,300039.77298,300039.77298,300039.77298,300039.77298,nan,300039.77298,nan,nan,0.0,18,64,,True,False,TTFT timeout: 300.0s exceeded (TTFT: 300.032s),0,59.56268577710819
297,2026-09-21T07:59:29.576+00:00,2026-09-21T08:04:29.607+00:00,2026-09-21T08:04:29.607+00:00,False,1,0.0,,0.0,300031.195068,300031.195068,300031.195068,300031.195068,300031.195068,300031.195068,nan,300031.195068,nan,nan,0.0,18,64,,True,False,TTFT timeout: 300.0s exceeded (TTFT: 300.026s),0,59.56268577710819
298,2026-09-21T07:59:29.813+00:00,2026-09-21T08:04:29.750+00:00,2026-09-21T08:04:29.825+00:00,False,3,2.0,,2.0,299937.65015,300012.49303,300012.493151,100004.16438366666,0.030199999999999998,299937.65015,173147.48177815587,269951.3664151,37.42144,52.87918740823886,0.006666389055338466,18,64,,True,False,Request timeout: 300.0s exceeded,6,59.56268577710819
299,2026-09-21T07:59:30.057+00:00,2026-09-21T08:04:30.167+00:00,2026-09-21T08:04:30.167+00:00,False,1,0.0,,0.0,300109.639576,300109.639576,300109.639576,300109.639576,300109.639576,300109.639576,nan,300109.639576,nan,nan,0.0,18,64,,True,False,"HTTPConnectionPool(host='gpu06', port=9004): Read timed out.",0,59.56268577710819
300,2026-09-21T07:59:30.307+00:00,2026-09-21T08:04:30.370+00:00,2026-09-21T08:04:30.370+00:00,False,1,0.0,,0.0,300063.726619,300063.726619,300063.726619,300063.726619,300063.726619,300063.726619,nan,300063.726619,nan,nan,0.0,18,64,,True,False,"HTTPConnectionPool(host='gpu06', port=9004): Read timed out.",0,59.56268577710819
301,2026-09-21T07:59:30.556+00:00,2026-09-21T08:04:30.669+00:00,2026-09-21T08:04:30.669+00:00,False,1,0.0,,0.0,300113.549053,300113.549053,300113.549053,300113.549053,300113.549053,300113.549053,nan,300113.549053,nan,nan,0.0,18,64,,True,False,"HTTPConnectionPool(host='gpu06', port=9004): Read timed out.",0,59.56268577710819
302,2026-09-21T07:59:30.905+00:00,2026-09-21T08:04:31.011+00:00,2026-09-21T08:04:31.011+00:00,False,1,0.0,,0.0,300106.41938,300106.41938,300106.41938,300106.41938,300106.41938,300106.41938,nan,300106.41938,nan,nan,0.0,18,64,,True,False,"HTTPConnectionPool(host='gpu06', port=9004): Read timed out.",0,59.56268577710819
303,2026-09-21T07:59:31.233+00:00,2026-09-21T08:04:31.359+00:00,2026-09-21T08:04:31.359+00:00,False,1,0.0,,0.0,300126.568408,300126.568408,300126.568408,300126.568408,300126.568408,300126.568408,nan,300126.568408,nan,nan,0.0,18,64,,True,False,"HTTPConnectionPool(host='gpu06', port=9004): Read timed out.",0,59.56268577710819
304,2026-09-21T07:59:31.549+00:00,2026-09-21T08:04:31.694+00:00,2026-09-21T08:04:32.914+00:00,False,21,20.0,,20.0,300145.004167,301365.120391,301365.120443,14350.720021095238,0.037899999999999996,300145.004167,65483.70492837518,182.73856400000005,61.005811200000004,33.03101100631889,0.06636468073694597,18,64,,True,False,Request timeout: 300.0s exceeded,80,59.56268577710819
305,2026-09-21T07:59:31.770+00:00,2026-09-21T08:04:31.873+00:00,2026-09-21T08:04:32.911+00:00,False,20,19.0,,19.0,300103.241952,301141.69264,301141.69250400004,15057.084625200001,0.04122,300103.241952,67092.90537522123,15075.38676355,54.655299368421055,15.711608143483396,0.06309322310515654,18,64,,True,False,Request timeout: 300.0s exceeded,19,59.56268577710819
306,2026-09-21T07:59:32.057+00:00,2026-09-21T08:04:32.125+00:00,2026-09-21T08:04:32.337+00:00,True,5,5.0,,5.0,300067.982661,300279.14784499997,300279.14793599996,60055.829587199994,45.080101,300067.982661,134170.87296394064,240069.1077852,52.791296,13.889064903443044,0.016651172869922133,18,64,,True,True,,5,59.56268577710819
309,2026-09-21T07:59:33.027+00:00,2026-09-21T08:04:33.128+00:00,2026-09-21T08:04:33.128+00:00,False,1,0.0,,0.0,300101.181857,300101.181857,300101.181857,300101.181857,300101.181857,300101.181857,nan,300101.181857,nan,nan,0.0,18,64,,True,False,"HTTPConnectionPool(host='gpu06', port=9004): Read timed out.",0,59.56268577710819
310,2026-09-21T07:59:33.256+00:00,2026-09-21T08:04:33.304+00:00,2026-09-21T08:04:33.304+00:00,False,1,0.0,,0.0,300047.962721,300047.962721,300047.962721,300047.962721,300047.962721,300047.962721,nan,300047.962721,nan,nan,0.0,18,64,,True,False,"HTTPConnectionPool(host='gpu06', port=9004): Read timed out.",0,59.56268577710819
307,2026-09-21T07:59:32.373+00:00,2026-09-21T08:04:33.430+00:00,2026-09-21T08:04:33.430+00:00,False,1,0.0,,0.0,301057.799862,301057.799862,301057.799862,301057.799862,301057.799862,301057.799862,nan,301057.799862,nan,nan,0.0,18,64,,True,False,"HTTPConnectionPool(host='gpu06', port=9004): Read timed out.",0,59.56268577710819
311,2026-09-21T07:59:33.588+00:00,2026-09-21T08:04:33.917+00:00,2026-09-21T08:04:34.978+00:00,False,17,16.0,,16.0,300328.80403500004,301390.22841900005,301390.228347,17728.836961588237,0.0272,300328.80403500004,72824.3582693715,60241.91810700001,66.339024,46.036772282581396,0.05308732165581828,18,64,,True,False,Request timeout: 300.0s exceeded,16,59.56268577710819
308,2026-09-21T07:59:32.660+00:00,2026-09-21T08:04:33.918+00:00,2026-09-21T08:04:35.218+00:00,False,21,20.0,,20.0,301258.286516,302558.45803599997,302558.457963,14407.545617285714,0.03376,301258.286516,65725.77389835837,219.339225,65.008576,41.14091214288551,0.06610292810793045,18,64,,True,False,Request timeout: 300.0s exceeded,60,59.56268577710819
314,2026-09-21T07:59:35.049+00:00,2026-09-21T08:04:34.282+00:00,2026-09-21T08:04:35.219+00:00,False,18,17.0,,17.0,299232.66027399997,300169.58136199997,300169.581303,16676.087850166663,0.0253,299232.66027399997,70516.82669017381,44972.950007299994,55.11300517647059,19.503616477827478,0.056634652728179864,18,64,,True,False,Request timeout: 300.0s exceeded,51,59.56268577710819
313,2026-09-21T07:59:34.842+00:00,2026-09-21T08:04:34.389+00:00,2026-09-21T08:04:35.266+00:00,True,17,17.0,,17.0,299546.373974,300423.396182,300423.396272,17671.964486588233,43.409151,299546.373974,72637.37315991819,59969.3960604,54.813888,8.282716843064156,0.056586804543349224,18,64,,True,True,,42,59.56268577710819
312,2026-09-21T07:59:34.828+00:00,2026-09-21T08:04:35.307+00:00,2026-09-21T08:04:35.307+00:00,False,1,0.0,,0.0,300479.680295,300479.680295,300479.680295,300479.680295,300479.680295,300479.680295,nan,300479.680295,nan,nan,0.0,18,64,,True,False,"HTTPConnectionPool(host='gpu06', port=9004): Read timed out.",0,59.56268577710819
316,2026-09-21T07:59:35.587+00:00,2026-09-21T08:04:35.814+00:00,2026-09-21T08:04:35.814+00:00,False,1,0.0,,0.0,300227.004317,300227.004317,300227.004317,300227.004317,300227.004317,300227.004317,nan,300227.004317,nan,nan,0.0,18,64,,True,False,"HTTPConnectionPool(host='gpu06', port=9004): Read timed out.",0,59.56268577710819
315,2026-09-21T07:59:35.404+00:00,2026-09-21T08:04:35.854+00:00,2026-09-21T08:04:35.854+00:00,False,1,0.0,,0.0,300449.82354,300449.82354,300449.82354,300449.82354,300449.82354,300449.82354,nan,300449.82354,nan,nan,0.0,18,64,,True,False,"HTTPConnectionPool(host='gpu06', port=9004): Read timed out.",0,59.56268577710819
317,2026-09-21T07:59:35.615+00:00,2026-09-21T08:04:35.924+00:00,2026-09-21T08:04:35.924+00:00,False,1,0.0,,0.0,300309.570297,300309.570297,300309.570297,300309.570297,300309.570297,300309.570297,nan,300309.570297,nan,nan,0.0,18,64,,True,False,"HTTPConnectionPool(host='gpu06', port=9004): Read timed out.",0,59.56268577710819
318,2026-09-21T07:59:35.682+00:00,2026-09-21T08:04:36.087+00:00,2026-09-21T08:04:36.087+00:00,False,1,0.0,,0.0,300405.577982,300405.577982,300405.577982,300405.577982,300405.577982,300405.577982,nan,300405.577982,nan,nan,0.0,18,64,,True,False,"HTTPConnectionPool(host='gpu06', port=9004): Read timed out.",0,59.56268577710819
319,2026-09-21T07:59:35.913+00:00,2026-09-21T08:04:36.106+00:00,2026-09-21T08:04:36.106+00:00,False,1,0.0,,0.0,300192.68528,300192.68528,300192.68528,300192.68528,300192.68528,300192.68528,nan,300192.68528,nan,nan,0.0,18,64,,True,False,"HTTPConnectionPool(host='gpu06', port=9004): Read timed out.",0,59.56268577710819
320,2026-09-21T07:59:36.235+00:00,2026-09-21T08:04:36.352+00:00,2026-09-21T08:04:36.352+00:00,False,1,0.0,,0.0,300116.869807,300116.869807,300116.869807,300116.869807,300116.869807,300116.869807,nan,300116.869807,nan,nan,0.0,18,64,,True,False,"HTTPConnectionPool(host='gpu06', port=9004): Read timed out.",0,59.56268577710819
321,2026-09-21T07:59:36.616+00:00,2026-09-21T08:04:36.720+00:00,2026-09-21T08:04:36.720+00:00,False,1,0.0,,0.0,300104.38193000003,300104.38193000003,300104.38193000003,300104.38193000003,300104.38193000003,300104.38193000003,nan,300104.38193000003,nan,nan,0.0,18,64,,True,False,"HTTPConnectionPool(host='gpu06', port=9004): Read timed out.",0,59.56268577710819
322,2026-09-21T07:59:36.928+00:00,2026-09-21T08:04:37.030+00:00,2026-09-21T08:04:37.030+00:00,False,1,0.0,,0.0,300102.464494,300102.464494,300102.464494,300102.464494,300102.464494,300102.464494,nan,300102.464494,nan,nan,0.0,18,64,,True,False,"HTTPConnectionPool(host='gpu06', port=9004): Read timed out.",0,59.56268577710819
323,2026-09-21T07:59:37.209+00:00,2026-09-21T08:04:37.311+00:00,2026-09-21T08:04:37.311+00:00,False,1,0.0,,0.0,300102.50495200005,300102.50495200005,300102.50495200005,300102.50495200005,300102.50495200005,300102.50495200005,nan,300102.50495200005,nan,nan,0.0,18,64,,True,False,"HTTPConnectionPool(host='gpu06', port=9004): Read timed out.",0,59.56268577710819
324,2026-09-21T07:59:37.589+00:00,2026-09-21T08:04:37.656+00:00,2026-09-21T08:04:37.656+00:00,False,1,0.0,,0.0,300067.00168800005,300067.00168800005,300067.00168800005,300067.00168800005,300067.00168800005,300067.00168800005,nan,300067.00168800005,nan,nan,0.0,18,64,,True,False,TTFT timeout: 300.0s exceeded (TTFT: 300.062s),0,59.56268577710819
325,2026-09-21T07:59:37.924+00:00,2026-09-21T08:04:37.910+00:00,2026-09-21T08:04:38.079+00:00,False,3,2.0,,2.0,299986.599852,300155.56446,300155.56449200003,100051.85483066668,0.03468,299986.599852,173148.58888094666,270004.83286280005,84.482304,119.4267828379392,0.006663211470352495,18,64,,True,False,Request timeout: 300.0s exceeded,6,59.56268577710819
326,2026-09-21T07:59:38.216+00:00,2026-09-21T08:04:38.252+00:00,2026-09-21T08:04:38.252+00:00,False,1,0.0,,0.0,300036.142667,300036.142667,300036.142667,300036.142667,300036.142667,300036.142667,nan,300036.142667,nan,nan,0.0,18,64,,True,False,TTFT timeout: 300.0s exceeded (TTFT: 300.013s),0,59.56268577710819
327,2026-09-21T07:59:38.514+00:00,2026-09-21T08:04:38.618+00:00,2026-09-21T08:04:38.618+00:00,False,1,0.0,,0.0,300104.419167,300104.419167,300104.419167,300104.419167,300104.419167,300104.419167,nan,300104.419167,nan,nan,0.0,18,64,,True,False,"HTTPConnectionPool(host='gpu06', port=9004): Read timed out.",0,59.56268577710819
328,2026-09-21T07:59:38.890+00:00,2026-09-21T08:04:38.932+00:00,2026-09-21T08:04:38.932+00:00,False,1,0.0,,0.0,300041.60026499996,300041.60026499996,300041.60026499996,300041.60026499996,300041.60026499996,300041.60026499996,nan,300041.60026499996,nan,nan,0.0,18,64,,True,False,"HTTPConnectionPool(host='gpu06', port=9004): Read timed out.",0,59.56268577710819
329,2026-09-21T07:59:39.175+00:00,2026-09-21T08:04:39.291+00:00,2026-09-21T08:04:39.291+00:00,False,1,0.0,,0.0,300115.627178,300115.627178,300115.627178,300115.627178,300115.627178,300115.627178,nan,300115.627178,nan,nan,0.0,18,64,,True,False,"HTTPConnectionPool(host='gpu06', port=9004): Read timed out.",0,59.56268577710819
330,2026-09-21T07:59:39.531+00:00,2026-09-21T08:04:39.636+00:00,2026-09-21T08:04:39.636+00:00,False,1,0.0,,0.0,300105.193566,300105.193566,300105.193566,300105.193566,300105.193566,300105.193566,nan,300105.193566,nan,nan,0.0,18,64,,True,False,"HTTPConnectionPool(host='gpu06', port=9004): Read timed out.",0,59.56268577710819
331,2026-09-21T07:59:39.747+00:00,2026-09-21T08:04:39.853+00:00,2026-09-21T08:04:39.853+00:00,False,1,0.0,,0.0,300106.148224,300106.148224,300106.148224,300106.148224,300106.148224,300106.148224,nan,300106.148224,nan,nan,0.0,18,64,,True,False,"HTTPConnectionPool(host='gpu06', port=9004): Read timed out.",0,59.56268577710819
332,2026-09-21T07:59:40.085+00:00,2026-09-21T08:04:40.042+00:00,2026-09-21T08:04:40.155+00:00,False,3,2.0,,2.0,299957.552832,300070.28192000004,300070.282055,100023.42735166667,0.040159999999999994,299957.552832,173148.040910468,269973.06645509996,56.364544,79.65466249027615,0.006665105212028988,18,64,,True,False,Request timeout: 300.0s exceeded,9,59.56268577710819
333,2026-09-21T07:59:40.419+00:00,2026-09-21T08:04:40.462+00:00,2026-09-21T08:04:40.462+00:00,False,1,0.0,,0.0,300043.05281699996,300043.05281699996,300043.05281699996,300043.05281699996,300043.05281699996,300043.05281699996,nan,300043.05281699996,nan,nan,0.0,18,64,,True,False,TTFT timeout: 300.0s exceeded (TTFT: 300.038s),0,59.56268577710819
334,2026-09-21T07:59:40.662+00:00,2026-09-21T08:04:40.625+00:00,2026-09-21T08:04:40.697+00:00,False,3,2.0,,2.0,299962.452367,300035.109519,300035.109402,100011.703134,0.03265,299962.452367,173162.4321454239,269973.4695688,36.328576,51.33002393088988,0.006665886546432154,18,64,,True,False,Request timeout: 300.0s exceeded,11,59.56268577710819
335,2026-09-21T07:59:41.044+00:00,2026-09-21T08:04:41.074+00:00,2026-09-21T08:04:41.074+00:00,False,1,0.0,,0.0,300029.716385,300029.716385,300029.716385,300029.716385,300029.716385,300029.716385,nan,300029.716385,nan,nan,0.0,18,64,,True,False,"HTTPConnectionPool(host='gpu06', port=9004): Read timed out.",0,59.56268577710819
336,2026-09-21T07:59:41.408+00:00,2026-09-21T08:04:41.502+00:00,2026-09-21T08:04:41.502+00:00,False,1,0.0,,0.0,300094.293037,300094.293037,300094.293037,300094.293037,300094.293037,300094.293037,nan,300094.293037,nan,nan,0.0,18,64,,True,False,"HTTPConnectionPool(host='gpu06', port=9004): Read timed out.",0,59.56268577710819
337,2026-09-21T07:59:41.720+00:00,2026-09-21T08:04:41.826+00:00,2026-09-21T08:04:41.826+00:00,False,1,0.0,,0.0,300105.971839,300105.971839,300105.971839,300105.971839,300105.971839,300105.971839,nan,300105.971839,nan,nan,0.0,18,64,,True,False,"HTTPConnectionPool(host='gpu06', port=9004): Read timed out.",0,59.56268577710819
338,2026-09-21T07:59:42.099+00:00,2026-09-21T08:04:42.195+00:00,2026-09-21T08:04:42.195+00:00,False,1,0.0,,0.0,300095.523023,300095.523023,300095.523023,300095.523023,300095.523023,300095.523023,nan,300095.523023,nan,nan,0.0,18,64,,True,False,TTFT timeout: 300.0s exceeded (TTFT: 300.081s),0,59.56268577710819
339,2026-09-21T07:59:42.467+00:00,2026-09-21T08:04:42.456+00:00,2026-09-21T08:04:42.601+00:00,False,3,2.0,,2.0,299988.950335,300133.983807,300133.983737,100044.66124566666,0.03209,299988.950335,173156.84886425373,270004.55543269997,72.516736,102.50889671623332,0.006663690577892347,18,64,,True,False,Request timeout: 300.0s exceeded,11,59.56268577710819
340,2026-09-21T07:59:42.741+00:00,2026-09-21T08:04:42.768+00:00,2026-09-21T08:04:42.768+00:00,False,1,0.0,,0.0,300027.028442,300027.028442,300027.028442,300027.028442,300027.028442,300027.028442,nan,300027.028442,nan,nan,0.0,18,64,,True,False,TTFT timeout: 300.0s exceeded (TTFT: 300.003s),0,59.56268577710819
341,2026-09-21T07:59:43.040+00:00,2026-09-21T08:04:43.152+00:00,2026-09-21T08:04:43.152+00:00,False,1,0.0,,0.0,300111.91152200004,300111.91152200004,300111.91152200004,300111.91152200004,300111.91152200004,300111.91152200004,nan,300111.91152200004,nan,nan,0.0,18,64,,True,False,"HTTPConnectionPool(host='gpu06', port=9004): Read timed out.",0,59.56268577710819
342,2026-09-21T07:59:43.326+00:00,2026-09-21T08:04:43.433+00:00,2026-09-21T08:04:43.433+00:00,False,1,0.0,,0.0,300106.71077,300106.71077,300106.71077,300106.71077,300106.71077,300106.71077,nan,300106.71077,nan,nan,0.0,18,64,,True,False,"HTTPConnectionPool(host='gpu06', port=9004): Read timed out.",0,59.56268577710819
343,2026-09-21T07:59:43.572+00:00,2026-09-21T08:04:43.671+00:00,2026-09-21T08:04:43.671+00:00,False,1,0.0,,0.0,300099.195964,300099.195964,300099.195964,300099.195964,300099.195964,300099.195964,nan,300099.195964,nan,nan,0.0,18,64,,True,False,"HTTPConnectionPool(host='gpu06', port=9004): Read timed out.",0,59.56268577710819
344,2026-09-21T07:59:43.933+00:00,2026-09-21T08:04:44.042+00:00,2026-09-21T08:04:44.042+00:00,False,1,0.0,,0.0,300109.4782,300109.4782,300109.4782,300109.4782,300109.4782,300109.4782,nan,300109.4782,nan,nan,0.0,18,64,,True,False,"HTTPConnectionPool(host='gpu06', port=9004): Read timed out.",0,59.56268577710819
345,2026-09-21T07:59:44.296+00:00,2026-09-21T08:04:44.402+00:00,2026-09-21T08:04:44.402+00:00,False,1,0.0,,0.0,300106.820685,300106.820685,300106.820685,300106.820685,300106.820685,300106.820685,nan,300106.820685,nan,nan,0.0,18,64,,True,False,"HTTPConnectionPool(host='gpu06', port=9004): Read timed out.",0,59.56268577710819
346,2026-09-21T07:59:44.628+00:00,2026-09-21T08:04:44.635+00:00,2026-09-21T08:04:44.750+00:00,False,3,2.0,,2.0,300006.447732,300121.243508,300121.24336499994,100040.41445499999,0.03799,300006.447732,173175.67421134355,270017.27872309997,57.397888,81.11892789904876,0.006663973454937016,18,64,,True,False,Request timeout: 300.0s exceeded,7,59.56268577710819
347,2026-09-21T07:59:45.002+00:00,2026-09-21T08:04:44.951+00:00,2026-09-21T08:04:45.010+00:00,False,3,2.0,,2.0,299949.6397,300008.359956,300008.359846,100002.78661533333,0.03890999999999999,299949.6397,173159.0566605644,269960.5438536,29.360128,41.46646133247099,0.006666480895043476,18,64,,True,False,Request timeout: 300.0s exceeded,12,59.56268577710819
348,2026-09-21T07:59:45.244+00:00,2026-09-21T08:04:45.345+00:00,2026-09-21T08:04:45.345+00:00,False,1,0.0,,0.0,300100.489754,300100.489754,300100.489754,300100.489754,300100.489754,300100.489754,nan,300100.489754,nan,nan,0.0,18,64,,True,False,"HTTPConnectionPool(host='gpu06', port=9004): Read timed out.",0,59.56268577710819
349,2026-09-21T07:59:45.521+00:00,2026-09-21T08:04:45.882+00:00,2026-09-21T08:04:47.072+00:00,False,20,19.0,,19.0,300360.641427,301551.432595,301551.432574,15077.5716287,0.03107,300360.641427,67148.67475426018,15180.728091899999,62.67321936842106,33.06475347078043,0.06300749373496771,18,64,,True,False,Request timeout: 300.0s exceeded,148,59.56268577710819
350,2026-09-21T07:59:45.795+00:00,2026-09-21T08:04:46.203+00:00,2026-09-21T08:04:47.127+00:00,False,18,17.0,,17.0,300407.763003,301331.319867,301331.319807,16740.628878166666,0.053439999999999994,300407.763003,70793.98565624253,45126.31685355,54.326874352941175,16.647961830846143,0.05641630616924709,18,64,,True,False,Request timeout: 300.0s exceeded,51,59.56268577710819
351,2026-09-21T07:59:46.008+00:00,2026-09-21T08:04:47.029+00:00,2026-09-21T08:04:47.188+00:00,True,4,4.0,,4.0,301020.95816399995,301180.45742799994,301180.45754399995,75295.11438599999,42.814667,301020.95816399995,150483.89603295157,255876.73820729993,53.16642133333334,9.038444434025433,0.013281074191064465,18,64,,True,True,,16,59.56268577710819
355,2026-09-21T07:59:47.061+00:00,2026-09-21T08:04:47.270+00:00,2026-09-21T08:04:47.270+00:00,False,1,0.0,,0.0,300209.187837,300209.187837,300209.187837,300209.187837,300209.187837,300209.187837,nan,300209.187837,nan,nan,0.0,18,64,,True,False,"HTTPConnectionPool(host='gpu06', port=9004): Read timed out.",0,59.56268577710819
352,2026-09-21T07:59:46.276+00:00,2026-09-21T08:04:47.382+00:00,2026-09-21T08:04:47.382+00:00,False,1,0.0,,0.0,301106.038749,301106.038749,301106.038749,301106.038749,301106.038749,301106.038749,nan,301106.038749,nan,nan,0.0,18,64,,True,False,"HTTPConnectionPool(host='gpu06', port=9004): Read timed out.",0,59.56268577710819
356,2026-09-21T07:59:47.302+00:00,2026-09-21T08:04:47.406+00:00,2026-09-21T08:04:47.406+00:00,False,1,0.0,,0.0,300104.267338,300104.267338,300104.267338,300104.267338,300104.267338,300104.267338,nan,300104.267338,nan,nan,0.0,18,64,,True,False,"HTTPConnectionPool(host='gpu06', port=9004): Read timed out.",0,59.56268577710819
353,2026-09-21T07:59:46.567+00:00,2026-09-21T08:04:47.612+00:00,2026-09-21T08:04:47.612+00:00,False,1,0.0,,0.0,301045.745439,301045.745439,301045.745439,301045.745439,301045.745439,301045.745439,nan,301045.745439,nan,nan,0.0,18,64,,True,False,"HTTPConnectionPool(host='gpu06', port=9004): Read timed out.",0,59.56268577710819
357,2026-09-21T07:59:47.659+00:00,2026-09-21T08:04:47.676+00:00,2026-09-21T08:04:47.676+00:00,False,1,0.0,,0.0,300016.90004900005,300016.90004900005,300016.90004900005,300016.90004900005,300016.90004900005,300016.90004900005,nan,300016.90004900005,nan,nan,0.0,18,64,,True,False,"HTTPConnectionPool(host='gpu06', port=9004): Read timed out.",0,59.56268577710819
354,2026-09-21T07:59:46.852+00:00,2026-09-21T08:04:47.945+00:00,2026-09-21T08:04:47.945+00:00,False,1,0.0,,0.0,301093.629504,301093.629504,301093.629504,301093.629504,301093.629504,301093.629504,nan,301093.629504,nan,nan,0.0,18,64,,True,False,"HTTPConnectionPool(host='gpu06', port=9004): Read timed out.",0,59.56268577710819
358,2026-09-21T07:59:47.975+00:00,2026-09-21T08:04:48.090+00:00,2026-09-21T08:04:48.090+00:00,False,1,0.0,,0.0,300115.208216,300115.208216,300115.208216,300115.208216,300115.208216,300115.208216,nan,300115.208216,nan,nan,0.0,18,64,,True,False,"HTTPConnectionPool(host='gpu06', port=9004): Read timed out.",0,59.56268577710819
359,2026-09-21T07:59:48.327+00:00,2026-09-21T08:04:48.434+00:00,2026-09-21T08:04:48.434+00:00,False,1,0.0,,0.0,300106.678764,300106.678764,300106.678764,300106.678764,300106.678764,300106.678764,nan,300106.678764,nan,nan,0.0,18,64,,True,False,"HTTPConnectionPool(host='gpu06', port=9004): Read timed out.",0,59.56268577710819
360,2026-09-21T07:59:48.611+00:00,2026-09-21T08:04:48.729+00:00,2026-09-21T08:04:48.729+00:00,False,1,0.0,,0.0,300117.846501,300117.846501,300117.846501,300117.846501,300117.846501,300117.846501,nan,300117.846501,nan,nan,0.0,18,64,,True,False,"HTTPConnectionPool(host='gpu06', port=9004): Read timed out.",0,59.56268577710819
361,2026-09-21T07:59:48.877+00:00,2026-09-21T08:04:48.969+00:00,2026-09-21T08:04:48.969+00:00,False,1,0.0,,0.0,300092.389403,300092.389403,300092.389403,300092.389403,300092.389403,300092.389403,nan,300092.389403,nan,nan,0.0,18,64,,True,False,"HTTPConnectionPool(host='gpu06', port=9004): Read timed out.",0,59.56268577710819
362,2026-09-21T07:59:49.097+00:00,2026-09-21T08:04:49.137+00:00,2026-09-21T08:04:49.137+00:00,False,1,0.0,,0.0,300040.699574,300040.699574,300040.699574,300040.699574,300040.699574,300040.699574,nan,300040.699574,nan,nan,0.0,18,64,,True,False,TTFT timeout: 300.0s exceeded (TTFT: 300.039s),0,59.56268577710819
363,2026-09-21T07:59:49.472+00:00,2026-09-21T08:04:49.576+00:00,2026-09-21T08:04:49.576+00:00,False,1,0.0,,0.0,300104.448454,300104.448454,300104.448454,300104.448454,300104.448454,300104.448454,nan,300104.448454,nan,nan,0.0,18,64,,True,False,"HTTPConnectionPool(host='gpu06', port=9004): Read timed out.",0,59.56268577710819
364,2026-09-21T07:59:49.812+00:00,2026-09-21T08:04:49.907+00:00,2026-09-21T08:04:49.907+00:00,False,1,0.0,,0.0,300094.651324,300094.651324,300094.651324,300094.651324,300094.651324,300094.651324,nan,300094.651324,nan,nan,0.0,18,64,,True,False,"HTTPConnectionPool(host='gpu06', port=9004): Read timed out.",0,59.56268577710819
365,2026-09-21T07:59:50.187+00:00,2026-09-21T08:04:50.292+00:00,2026-09-21T08:04:50.292+00:00,False,1,0.0,,0.0,300104.90762699995,300104.90762699995,300104.90762699995,300104.90762699995,300104.90762699995,300104.90762699995,nan,300104.90762699995,nan,nan,0.0,18,64,,True,False,"HTTPConnectionPool(host='gpu06', port=9004): Read timed out.",0,59.56268577710819
366,2026-09-21T07:59:50.522+00:00,2026-09-21T08:04:50.625+00:00,2026-09-21T08:04:50.625+00:00,False,1,0.0,,0.0,300103.624017,300103.624017,300103.624017,300103.624017,300103.624017,300103.624017,nan,300103.624017,nan,nan,0.0,18,64,,True,False,"HTTPConnectionPool(host='gpu06', port=9004): Read timed out.",0,59.56268577710819
367,2026-09-21T07:59:50.856+00:00,2026-09-21T08:04:50.905+00:00,2026-09-21T08:04:50.905+00:00,False,1,0.0,,0.0,300048.676241,300048.676241,300048.676241,300048.676241,300048.676241,300048.676241,nan,300048.676241,nan,nan,0.0,18,64,,True,False,TTFT timeout: 300.0s exceeded (TTFT: 300.043s),0,59.56268577710819
368,2026-09-21T07:59:51.148+00:00,2026-09-21T08:04:51.220+00:00,2026-09-21T08:04:51.220+00:00,False,1,0.0,,0.0,300071.556506,300071.556506,300071.556506,300071.556506,300071.556506,300071.556506,nan,300071.556506,nan,nan,0.0,18,64,,True,False,"HTTPConnectionPool(host='gpu06', port=9004): Read timed out.",0,59.56268577710819
369,2026-09-21T07:59:51.390+00:00,2026-09-21T08:04:51.339+00:00,2026-09-21T08:04:51.464+00:00,False,3,2.0,,2.0,299949.041757,300074.32892500004,300074.32898000005,100024.77632666667,0.02386,299949.041757,173139.50401952487,269966.6639176,62.643584,88.55773649196523,0.006665015321920043,18,64,,True,False,Request timeout: 300.0s exceeded,13,59.56268577710819
370,2026-09-21T07:59:51.759+00:00,2026-09-21T08:04:51.851+00:00,2026-09-21T08:04:51.851+00:00,False,1,0.0,,0.0,300092.812614,300092.812614,300092.812614,300092.812614,300092.812614,300092.812614,nan,300092.812614,nan,nan,0.0,18,64,,True,False,"HTTPConnectionPool(host='gpu06', port=9004): Read timed out.",0,59.56268577710819
371,2026-09-21T07:59:52.059+00:00,2026-09-21T08:04:52.093+00:00,2026-09-21T08:04:52.093+00:00,False,1,0.0,,0.0,300034.567942,300034.567942,300034.567942,300034.567942,300034.567942,300034.567942,nan,300034.567942,nan,nan,0.0,18,64,,True,False,"HTTPConnectionPool(host='gpu06', port=9004): Read timed out.",0,59.56268577710819
372,2026-09-21T07:59:52.420+00:00,2026-09-21T08:04:52.483+00:00,2026-09-21T08:04:52.483+00:00,False,1,0.0,,0.0,300063.61700599996,300063.61700599996,300063.61700599996,300063.61700599996,300063.61700599996,300063.61700599996,nan,300063.61700599996,nan,nan,0.0,18,64,,True,False,"HTTPConnectionPool(host='gpu06', port=9004): Read timed out.",0,59.56268577710819
373,2026-09-21T07:59:52.699+00:00,2026-09-21T08:04:52.804+00:00,2026-09-21T08:04:52.804+00:00,False,1,0.0,,0.0,300105.068943,300105.068943,300105.068943,300105.068943,300105.068943,300105.068943,nan,300105.068943,nan,nan,0.0,18,64,,True,False,"HTTPConnectionPool(host='gpu06', port=9004): Read timed out.",0,59.56268577710819
374,2026-09-21T07:59:54.142+00:00,2026-09-21T08:04:52.866+00:00,2026-09-21T08:04:53.461+00:00,True,6,6.0,,6.0,298723.440772,299319.242372,299319.242396,49886.54039933333,53.787997000000004,298723.440772,121904.73525158074,224126.0803665,119.16032,121.24281613430608,0.020045487060745257,18,64,,True,True,,19,59.56268577710819
376,2026-09-21T07:59:54.297+00:00,2026-09-21T08:04:53.874+00:00,2026-09-21T08:04:54.880+00:00,False,19,18.0,,18.0,299577.625496,300582.837656,300582.837685,15820.149351842105,0.047939999999999997,299577.625496,68715.01109967717,30026.0988521,55.84512,17.249829664449482,0.05988365849616464,18,64,,True,False,Request timeout: 300.0s exceeded,160,59.56268577710819
377,2026-09-21T07:59:54.307+00:00,2026-09-21T08:04:54.771+00:00,2026-09-21T08:04:54.771+00:00,False,1,0.0,,0.0,300463.906541,300463.906541,300463.906541,300463.906541,300463.906541,300463.906541,nan,300463.906541,nan,nan,0.0,18,64,,True,False,"HTTPConnectionPool(host='gpu06', port=9004): Read timed out.",0,59.56268577710819
380,2026-09-21T07:59:54.764+00:00,2026-09-21T08:04:54.968+00:00,2026-09-21T08:04:54.968+00:00,False,1,0.0,,0.0,300203.956539,300203.956539,300203.956539,300203.956539,300203.956539,300203.956539,nan,300203.956539,nan,nan,0.0,18,64,,True,False,"HTTPConnectionPool(host='gpu06', port=9004): Read timed out.",0,59.56268577710819
379,2026-09-21T07:59:54.659+00:00,2026-09-21T08:04:54.988+00:00,2026-09-21T08:04:54.988+00:00,False,1,0.0,,0.0,300328.720016,300328.720016,300328.720016,300328.720016,300328.720016,300328.720016,nan,300328.720016,nan,nan,0.0,18,64,,True,False,"HTTPConnectionPool(host='gpu06', port=9004): Read timed out.",0,59.56268577710819
375,2026-09-21T07:59:54.266+00:00,2026-09-21T08:04:55.010+00:00,2026-09-21T08:04:55.010+00:00,False,1,0.0,,0.0,300744.43052999995,300744.43052999995,300744.43052999995,300744.43052999995,300744.43052999995,300744.43052999995,nan,300744.43052999995,nan,nan,0.0,18,64,,True,False,"HTTPConnectionPool(host='gpu06', port=9004): Read timed out.",0,59.56268577710819
378,2026-09-21T07:59:54.396+00:00,2026-09-21T08:04:55.010+00:00,2026-09-21T08:04:55.010+00:00,False,1,0.0,,0.0,300614.406569,300614.406569,300614.406569,300614.406569,300614.406569,300614.406569,nan,300614.406569,nan,nan,0.0,18,64,,True,False,"HTTPConnectionPool(host='gpu06', port=9004): Read timed out.",0,59.56268577710819
381,2026-09-21T07:59:55.079+00:00,2026-09-21T08:04:55.405+00:00,2026-09-21T08:04:55.405+00:00,False,1,0.0,,0.0,300325.893494,300325.893494,300325.893494,300325.893494,300325.893494,300325.893494,nan,300325.893494,nan,nan,0.0,18,64,,True,False,"HTTPConnectionPool(host='gpu06', port=9004): Read timed out.",0,59.56268577710819
382,2026-09-21T07:59:55.393+00:00,2026-09-21T08:04:55.596+00:00,2026-09-21T08:04:55.596+00:00,False,1,0.0,,0.0,300203.534555,300203.534555,300203.534555,300203.534555,300203.534555,300203.534555,nan,300203.534555,nan,nan,0.0,18,64,,True,False,"HTTPConnectionPool(host='gpu06', port=9004): Read timed out.",0,59.56268577710819
383,2026-09-21T07:59:55.697+00:00,2026-09-21T08:04:55.765+00:00,2026-09-21T08:04:55.765+00:00,False,1,0.0,,0.0,300067.819938,300067.819938,300067.819938,300067.819938,300067.819938,300067.819938,nan,300067.819938,nan,nan,0.0,18,64,,True,False,"HTTPConnectionPool(host='gpu06', port=9004): Read timed out.",0,59.56268577710819
384,2026-09-21T07:59:55.937+00:00,2026-09-21T08:04:56.044+00:00,2026-09-21T08:04:56.044+00:00,False,1,0.0,,0.0,300107.5748,300107.5748,300107.5748,300107.5748,300107.5748,300107.5748,nan,300107.5748,nan,nan,0.0,18,64,,True,False,"HTTPConnectionPool(host='gpu06', port=9004): Read timed out.",0,59.56268577710819
385,2026-09-21T07:59:56.176+00:00,2026-09-21T08:04:56.287+00:00,2026-09-21T08:04:56.287+00:00,False,1,0.0,,0.0,300111.138254,300111.138254,300111.138254,300111.138254,300111.138254,300111.138254,nan,300111.138254,nan,nan,0.0,18,64,,True,False,"HTTPConnectionPool(host='gpu06', port=9004): Read timed out.",0,59.56268577710819
386,2026-09-21T07:59:56.381+00:00,2026-09-21T08:04:56.489+00:00,2026-09-21T08:04:56.489+00:00,False,1,0.0,,0.0,300107.812264,300107.812264,300107.812264,300107.812264,300107.812264,300107.812264,nan,300107.812264,nan,nan,0.0,18,64,,True,False,"HTTPConnectionPool(host='gpu06', port=9004): Read timed out.",0,59.56268577710819
387,2026-09-21T07:59:56.659+00:00,2026-09-21T08:04:56.763+00:00,2026-09-21T08:04:56.763+00:00,False,1,0.0,,0.0,300104.65028299997,300104.65028299997,300104.65028299997,300104.65028299997,300104.65028299997,300104.65028299997,nan,300104.65028299997,nan,nan,0.0,18,64,,True,False,"HTTPConnectionPool(host='gpu06', port=9004): Read timed out.",0,59.56268577710819
388,2026-09-21T07:59:56.940+00:00,2026-09-21T08:04:56.917+00:00,2026-09-21T08:04:57.190+00:00,False,3,2.0,,2.0,299976.985168,300250.13256,300250.132542,100083.37751399999,0.02877,299976.985168,173112.99613319855,270006.5985116,136.573696,193.10382481535976,0.0066611127960129485,18,64,,True,False,Request timeout: 300.0s exceeded,8,59.56268577710819
389,2026-09-21T07:59:57.221+00:00,2026-09-21T08:04:57.189+00:00,2026-09-21T08:04:57.358+00:00,False,3,2.0,,2.0,299968.298917,300137.184677,300137.184657,100045.728219,0.03164,299968.298917,173138.04559116508,269988.3544353,84.44288,119.37537334651981,0.006663619511698789,18,64,,True,False,Request timeout: 300.0s exceeded,4,59.56268577710819
390,2026-09-21T07:59:57.484+00:00,2026-09-21T08:04:57.448+00:00,2026-09-21T08:04:57.500+00:00,False,3,2.0,,2.0,299964.024278,300015.886294,300015.886245,100005.295415,0.03381,299964.024278,173169.3408402413,269972.8046659,25.931008,36.62419409490552,0.006666313656604516,18,64,,True,False,Request timeout: 300.0s exceeded,6,59.56268577710819
391,2026-09-21T07:59:57.742+00:00,2026-09-21T08:04:57.843+00:00,2026-09-21T08:04:57.843+00:00,False,1,0.0,,0.0,300101.484881,300101.484881,300101.484881,300101.484881,300101.484881,300101.484881,nan,300101.484881,nan,nan,0.0,18,64,,True,False,"HTTPConnectionPool(host='gpu06', port=9004): Read timed out.",0,59.56268577710819
392,2026-09-21T07:59:58.031+00:00,2026-09-21T08:04:58.137+00:00,2026-09-21T08:04:58.137+00:00,False,1,0.0,,0.0,300106.42243800004,300106.42243800004,300106.42243800004,300106.42243800004,300106.42243800004,300106.42243800004,nan,300106.42243800004,nan,nan,0.0,18,64,,True,False,"HTTPConnectionPool(host='gpu06', port=9004): Read timed out.",0,59.56268577710819
393,2026-09-21T07:59:58.363+00:00,2026-09-21T08:04:58.474+00:00,2026-09-21T08:04:58.474+00:00,False,1,0.0,,0.0,300111.24862800003,300111.24862800003,300111.24862800003,300111.24862800003,300111.24862800003,300111.24862800003,nan,300111.24862800003,nan,nan,0.0,18,64,,True,False,"HTTPConnectionPool(host='gpu06', port=9004): Read timed out.",0,59.56268577710819
394,2026-09-21T07:59:58.665+00:00,2026-09-21T08:04:58.749+00:00,2026-09-21T08:04:58.749+00:00,False,1,0.0,,0.0,300084.439834,300084.439834,300084.439834,300084.439834,300084.439834,300084.439834,nan,300084.439834,nan,nan,0.0,18,64,,True,False,"HTTPConnectionPool(host='gpu06', port=9004): Read timed out.",0,59.56268577710819
395,2026-09-21T07:59:58.911+00:00,2026-09-21T08:04:59.000+00:00,2026-09-21T08:04:59.000+00:00,False,1,0.0,,0.0,300088.75613700005,300088.75613700005,300088.75613700005,300088.75613700005,300088.75613700005,300088.75613700005,nan,300088.75613700005,nan,nan,0.0,18,64,,True,False,"HTTPConnectionPool(host='gpu06', port=9004): Read timed out.",0,59.56268577710819
396,2026-09-21T07:59:59.187+00:00,2026-09-21T08:04:59.215+00:00,2026-09-21T08:04:59.215+00:00,False,1,0.0,,0.0,300027.70244,300027.70244,300027.70244,300027.70244,300027.70244,300027.70244,nan,300027.70244,nan,nan,0.0,18,64,,True,False,TTFT timeout: 300.0s exceeded (TTFT: 300.022s),0,59.56268577710819
397,2026-09-21T07:59:59.437+00:00,2026-09-21T08:04:59.372+00:00,2026-09-21T08:04:59.488+00:00,True,3,3.0,,3.0,299934.37580800004,300050.55936,300050.559291,100016.85309700001,55.169936,299934.37580800004,173133.6533540327,269947.0395819,58.091776,4.131947363165218,0.009998314971979793,18,64,,True,True,,17,59.56268577710819
398,2026-09-21T07:59:59.798+00:00,2026-09-21T08:04:59.903+00:00,2026-09-21T08:04:59.903+00:00,False,1,0.0,,0.0,300105.354444,300105.354444,300105.354444,300105.354444,300105.354444,300105.354444,nan,300105.354444,nan,nan,0.0,18,64,,True,False,"HTTPConnectionPool(host='gpu06', port=9004): Read timed out.",0,59.56268577710819
399,2026-09-21T08:00:00.064+00:00,2026-09-21T08:05:00.136+00:00,2026-09-21T08:05:00.136+00:00,False,1,0.0,,0.0,300072.320237,300072.320237,300072.320237,300072.320237,300072.320237,300072.320237,nan,300072.320237,nan,nan,0.0,18,64,,True,False,"HTTPConnectionPool(host='gpu06', port=9004): Read timed out.",0,59.56268577710819
400,2026-09-21T08:00:00.409+00:00,2026-09-21T08:05:00.526+00:00,2026-09-21T08:05:00.526+00:00,False,1,0.0,,0.0,300117.087723,300117.087723,300117.087723,300117.087723,300117.087723,300117.087723,nan,300117.087723,nan,nan,0.0,18,64,,True,False,"HTTPConnectionPool(host='gpu06', port=9004): Read timed out.",0,59.56268577710819
401,2026-09-21T08:00:00.705+00:00,2026-09-21T08:05:00.810+00:00,2026-09-21T08:05:00.810+00:00,False,1,0.0,,0.0,300105.47717900004,300105.47717900004,300105.47717900004,300105.47717900004,300105.47717900004,300105.47717900004,nan,300105.47717900004,nan,nan,0.0,18,64,,True,False,"HTTPConnectionPool(host='gpu06', port=9004): Read timed out.",0,59.56268577710819
402,2026-09-21T08:00:00.933+00:00,2026-09-21T08:05:00.978+00:00,2026-09-21T08:05:00.978+00:00,False,1,0.0,,0.0,300044.92681800004,300044.92681800004,300044.92681800004,300044.92681800004,300044.92681800004,300044.92681800004,nan,300044.92681800004,nan,nan,0.0,18,64,,True,False,TTFT timeout: 300.0s exceeded (TTFT: 300.039s),0,59.56268577710819
403,2026-09-21T08:00:01.303+00:00,2026-09-21T08:05:01.386+00:00,2026-09-21T08:05:01.949+00:00,True,10,10.0,,10.0,300082.287991,300645.813623,300645.813507,30064.5813507,50.403217,300082.287991,94874.55267379597,165092.54475235,62.613959111111114,17.222579320729604,0.03326173040460052,18,64,,True,True,,29,59.56268577710819
404,2026-09-21T08:00:01.632+00:00,2026-09-21T08:05:02.061+00:00,2026-09-21T08:05:03.023+00:00,False,18,17.0,,17.0,300429.170821,301390.679941,301390.679832,16743.926657333333,0.02942,300429.170821,70798.50652899047,45164.633533700006,56.55936,21.40427040870938,0.05640519475694439,18,64,,True,False,Request timeout: 300.0s exceeded,68,59.56268577710819
405,2026-09-21T08:00:01.924+00:00,2026-09-21T08:05:02.779+00:00,2026-09-21T08:05:03.068+00:00,False,7,6.0,,6.0,300855.34707099997,301144.378239,301144.37840299995,43020.62548614285,0.03137,300855.34707099997,113694.42777179882,210620.3345635,48.17186133333333,25.196388156769668,0.01992399803405317,18,64,,True,False,Request timeout: 300.0s exceeded,30,59.56268577710819
0,2026-09-21T07:58:02.258+00:00,2026-09-21T07:58:02.382+00:00,2026-09-21T07:58:08.249+00:00,True,99,99.0,,99.0,124.277179,5991.012283,5991.012463,60.515277404040404,0.01715,222.683975,28.695883378609434,96.08501410000001,59.86464391836735,28.09984347419579,16.52475330102741,19,64,,False,True,,198,59.56268577710819
1,2026-09-21T07:58:02.574+00:00,2026-09-21T07:58:03.572+00:00,2026-09-21T07:58:08.120+00:00,True,75,75.0,,75.0,998.143447,5546.388695000001,5546.388667,73.95184889333333,39.890243000000005,998.143447,108.73254547779935,77.4488781,61.46277362162162,11.233710283563815,13.522312287202581,19,64,,False,True,,667,59.56268577710819
2,2026-09-21T07:58:02.909+00:00,2026-09-21T07:58:03.573+00:00,2026-09-21T07:58:04.835+00:00,True,23,23.0,,23.0,664.819975,1926.160391,1926.16034,83.74610173913044,41.328793,664.819975,126.92753970738006,72.881938,57.33365527272727,8.277280832804628,11.940853995060685,19,64,,False,True,,199,59.56268577710819
5,2026-09-21T07:58:04.109+00:00,2026-09-21T07:58:10.167+00:00,2026-09-21T07:58:10.756+00:00,True,10,10.0,,10.0,6058.0324869999995,6646.8066309999995,6646.806718,664.6806717999999,47.919315000000005,6058.0324869999995,1895.0652279918188,3368.445622449999,65.41934933333333,12.140119531715987,1.5044818595084537,19,64,,False,True,,20,59.56268577710819
4,2026-09-21T07:58:03.800+00:00,2026-09-21T07:58:10.385+00:00,2026-09-21T07:58:13.154+00:00,True,40,40.0,,40.0,6584.4078899999995,9353.388114,9353.388178,233.83470444999998,0.047170000000000004,6584.4078899999995,1031.349818334933,95.34731670000001,70.99949292307693,56.1339680920086,4.276525202683362,19,64,,False,True,,40,59.56268577710819
6,2026-09-21T07:58:04.422+00:00,2026-09-21T07:58:11.947+00:00,2026-09-21T07:58:17.279+00:00,True,86,86.0,,86.0,7525.0907910000005,12857.114855,12857.114884,149.50133586046513,0.01611,7525.0907910000005,805.7182171070142,78.97292825000001,62.72969487058823,40.99142165473563,6.688903456949013,19,64,,False,True,,345,59.56268577710819
7,2026-09-21T07:58:04.794+00:00,2026-09-21T07:58:13.815+00:00,2026-09-21T07:58:18.803+00:00,True,82,82.0,,82.0,9021.0299,14008.566028,14008.566227,170.8361735,37.562764,9021.0299,989.4555350268475,78.83486205,61.57452009876543,9.929079197455884,5.853561302141867,19,64,,False,True,,410,59.56268577710819
3,2026-09-21T07:58:03.319+00:00,2026-09-21T07:58:15.401+00:00,2026-09-21T07:58:16.000+00:00,True,11,11.0,,11.0,12081.075683000001,12680.651747000002,12680.651685,1152.786516818182,45.084394999999994,12081.075683000001,3624.517561484742,6079.565990500001,59.957606399999996,10.651135736243166,0.8674632991638137,19,64,,False,True,,65,59.56268577710819
8,2026-09-21T07:58:05.174+00:00,2026-09-21T07:58:16.558+00:00,2026-09-21T07:58:18.730+00:00,True,36,36.0,,36.0,11383.653728,13556.094303999998,13556.094203999999,376.5581723333333,42.927455,11383.653728,1886.9496671977806,76.6588355,62.069730742857146,8.591585927567738,2.6556321601700184,19,64,,False,True,,251,59.56268577710819
9,2026-09-21T07:58:05.589+00:00,2026-09-21T07:58:18.802+00:00,2026-09-21T07:58:22.670+00:00,True,61,61.0,,61.0,13213.446063,17081.671087,17081.671145,280.0273958196721,26.850922999999998,13213.446063,1683.593071562778,79.133738,64.47041706666667,11.593944797699136,3.571079181264884,19,64,,False,True,,244,59.56268577710819
10,2026-09-21T07:58:06.061+00:00,2026-09-21T07:58:21.241+00:00,2026-09-21T07:58:24.436+00:00,True,50,50.0,,50.0,15180.635495999999,18374.880616,18374.880727,367.49761454,0.0,15180.635495999999,2139.4943193541917,270.88764725,65.18867591836735,89.81039154852205,2.7211061146412185,19,64,,False,True,,50,59.56268577710819
11,2026-09-21T07:58:06.457+00:00,2026-09-21T07:58:23.278+00:00,2026-09-21T07:58:28.170+00:00,True,82,82.0,,82.0,16820.502940000002,21712.818332000003,21712.818238000003,264.7904663170732,0.0,16820.502940000002,1851.8531351666306,77.6097165,60.39895545679013,61.51218367358117,3.77657099811634,19,64,,False,True,,244,59.56268577710819
12,2026-09-21T07:58:06.936+00:00,2026-09-21T07:58:25.747+00:00,2026-09-21T07:58:28.497+00:00,True,46,46.0,,46.0,18811.663282999998,21561.455026999996,21561.454848999998,468.7272793260869,0.0,18811.663282999998,2765.2840897979777,77.4179905,61.1064832,61.341256679361166,2.1334367250446324,19,64,,False,True,,253,59.56268577710819
13,2026-09-21T07:58:07.400+00:00,2026-09-21T07:58:28.315+00:00,2026-09-21T07:58:32.705+00:00,True,70,70.0,,70.0,20915.115272,25305.2562,25305.256318,361.5036616857143,0.0,20915.115272,2492.772166991963,78.886427,63.62523084057971,52.38075168902684,2.7662237223269055,19,64,,False,True,,356,59.56268577710819
14,2026-09-21T07:58:07.835+00:00,2026-09-21T07:58:30.923+00:00,2026-09-21T07:58:34.130+00:00,True,56,56.0,,56.0,23087.845317000003,26295.231173000004,26295.231270000004,469.55770125000004,0.0,23087.845317000003,3078.525113853905,83.973244,58.31610647272728,82.09220714962333,2.1296637261550644,19,64,,False,True,,125,59.56268577710819
15,2026-09-21T07:58:08.258+00:00,2026-09-21T07:58:32.703+00:00,2026-09-21T07:58:36.696+00:00,True,63,63.0,,63.0,24445.070048,28438.122976000002,28438.122992,451.39877765079365,0.0,24445.070048,3073.3608678357136,82.7385569,64.40407948387097,102.60785069266933,2.2153360843529675,19,64,,False,True,,189,59.56268577710819
16,2026-09-21T07:58:08.603+00:00,2026-09-21T07:58:34.399+00:00,2026-09-21T07:58:36.647+00:00,True,36,36.0,,36.0,25796.680109,28044.312493,28044.312682,779.0086856111111,0.0,25796.680109,4289.683983929628,199.14994575,64.21806811428571,91.1242904411845,1.28368274347912,19,64,,False,True,,168,59.56268577710819
17,2026-09-21T07:58:08.875+00:00,2026-09-21T07:58:35.910+00:00,2026-09-21T07:58:37.906+00:00,True,32,32.0,,32.0,27035.189447,29031.074503,29031.074474,907.2210773125,45.829925,27035.189447,4767.819245134574,79.57188744999999,64.3833889032258,9.562715297065045,1.1022671584785193,19,64,,False,True,,64,59.56268577710819
18,2026-09-21T07:58:09.295+00:00,2026-09-21T07:58:37.723+00:00,2026-09-21T07:58:43.505+00:00,True,88,88.0,,88.0,28428.382482,34210.27637,34210.276432,388.7531412727273,0.0,28428.382482,3025.0109186698073,78.519295,66.45855043678161,99.55059766363789,2.5723264860020185,19,64,,False,True,,262,59.56268577710819
19,2026-09-21T07:58:09.572+00:00,2026-09-21T07:58:39.417+00:00,2026-09-21T07:58:40.727+00:00,True,22,22.0,,22.0,29844.889249000003,31154.180769000002,31154.180845000003,1416.099129318182,0.0,29844.889249000003,6350.946296588329,590.76972525,62.34721523809524,131.0074965916689,0.706165254773482,19,64,,False,True,,110,59.56268577710819
20,2026-09-21T07:58:10.058+00:00,2026-09-21T07:58:42.000+00:00,2026-09-21T07:58:42.695+00:00,True,12,12.0,,12.0,31942.196427000003,32637.742027000004,32637.742179000004,2719.8118482500004,49.121885999999996,31942.196427000003,9202.667351111064,14415.610543050003,63.23141818181818,7.583385417039937,0.3676724937059936,19,64,,False,True,,80,59.56268577710819
21,2026-09-21T07:58:10.356+00:00,2026-09-21T07:58:43.539+00:00,2026-09-21T07:58:47.963+00:00,True,72,72.0,,72.0,33182.472096,37606.910624,37606.910615,522.318202986111,0.0,33182.472096,3904.170438327768,78.65565350000001,62.3160356056338,85.47595157103785,1.9145417372851417,19,64,,False,True,,422,59.56268577710819
22,2026-09-21T07:58:10.814+00:00,2026-09-21T07:58:46.500+00:00,2026-09-21T07:58:46.500+00:00,True,10,10.0,,10.0,35685.857945,35685.857945,35685.857945,3568.5857945000002,0.0,35685.857945,11284.859136341578,19627.221869750003,0.0,0.0,0.2802230512549892,19,64,,False,True,,61,59.56268577710819
23,2026-09-21T07:58:11.102+00:00,2026-09-21T07:58:47.387+00:00,2026-09-21T07:58:49.080+00:00,True,27,27.0,,27.0,36285.500917000005,37978.431733000005,37978.43180300001,1406.6085852962965,43.580065000000005,36285.500917000005,6970.624300710223,79.4565473,65.1127236923077,10.318479365399407,0.710929829589022,19,64,,False,True,,108,59.56268577710819
24,2026-09-21T07:58:11.568+00:00,2026-09-21T07:58:49.516+00:00,2026-09-21T07:58:53.677+00:00,True,56,56.0,,56.0,37947.70093,42108.722882,42108.723012,751.9414823571428,0.0,37947.70093,5062.802175531911,80.17593575,75.65494458181819,141.33038881923002,1.3298907249437866,19,64,,False,True,,232,59.56268577710819
25,2026-09-21T07:58:12.038+00:00,2026-09-21T07:58:52.051+00:00,2026-09-21T07:58:56.262+00:00,True,68,68.0,,68.0,40012.765715,44223.378451000004,44223.378372,650.3437995882354,0.0,40012.765715,4846.341998157469,85.49816064999999,62.84496620895522,129.41741672041314,1.5376482390495054,19,64,,False,True,,136,59.56268577710819
26,2026-09-21T07:58:12.330+00:00,2026-09-21T07:58:53.658+00:00,2026-09-21T07:58:58.275+00:00,True,77,77.0,,77.0,41327.092261,45944.859940999995,45944.859731,596.686490012987,0.03954,41327.092261,4702.758052327822,77.889442,60.760101052631576,14.82205300229048,1.6759219660018423,19,64,,False,True,,993,59.56268577710819
27,2026-09-21T07:58:12.652+00:00,2026-09-21T07:58:55.251+00:00,2026-09-21T07:58:56.469+00:00,True,20,20.0,,20.0,42598.767423,43817.616959,43817.617039,2190.88085195,51.955825,42598.767423,9511.032460361832,2203.44045825,64.14997557894736,7.5784720839976885,0.4564374191940638,19,64,,False,True,,80,59.56268577710819
28,2026-09-21T07:58:13.137+00:00,2026-09-21T07:58:57.927+00:00,2026-09-21T07:58:59.707+00:00,True,29,29.0,,29.0,44789.993461000005,46569.73618100001,46569.736215000004,1605.8529729310346,43.068894,44789.993461000005,8305.495611635144,81.31207260000001,63.56224,10.030725354739799,0.622722016016739,19,64,,False,True,,117,59.56268577710819
29,2026-09-21T07:58:13.569+00:00,2026-09-21T07:59:00.178+00:00,2026-09-21T07:59:01.275+00:00,True,5,5.0,,5.0,46608.822178999995,47705.660067,47705.65992299999,9541.131984599999,40.151714,46608.822178999995,20724.76651576322,37469.8917342,274.209472,426.89493842179604,0.1048093662885656,19,64,,False,True,,5,59.56268577710819
30,2026-09-21T07:58:14.021+00:00,2026-09-21T07:59:02.645+00:00,2026-09-21T07:59:08.673+00:00,True,98,98.0,,98.0,48624.606349,54652.277645,54652.277444,557.6763004489796,0.01483,48624.606349,4906.601717144206,78.96914715,62.14094119587629,102.12288408196922,1.79315490996679,19,64,,False,True,,882,59.56268577710819
31,2026-09-21T07:58:14.302+00:00,2026-09-21T07:59:04.205+00:00,2026-09-21T07:59:08.817+00:00,True,74,74.0,,74.0,49903.502902,54515.133238,54515.133200000004,736.6909891891892,0.015359999999999999,49903.502902,5794.688734742345,87.65215635,63.17301830136986,100.99194958492917,1.3574212444264557,19,64,,False,True,,444,59.56268577710819
32,2026-09-21T07:58:14.636+00:00,2026-09-21T07:59:05.949+00:00,2026-09-21T07:59:08.742+00:00,True,45,45.0,,45.0,51313.603228,54106.265244,54106.265367,1202.3614526,40.386914,51313.603228,7639.925269450202,78.519506,63.46959127272727,10.023052250689894,0.8316966583641657,19,64,,False,True,,315,59.56268577710819
33,2026-09-21T07:58:14.896+00:00,2026-09-21T07:59:07.206+00:00,2026-09-21T07:59:10.337+00:00,True,46,46.0,,46.0,52309.458841,55440.491928999996,55440.491976,1205.2280864347827,0.0,52309.458841,7703.881770596611,89.6449415,69.57851306666666,155.3475994487537,0.8297184674860031,19,64,,False,True,,198,59.56268577710819
34,2026-09-21T07:58:15.378+00:00,2026-09-21T07:59:10.324+00:00,2026-09-21T07:59:15.979+00:00,True,100,100.0,,100.0,54946.279995,60601.071675,60601.071796,606.01071796,0.0,54946.279995,5488.964417680195,78.24598800000001,57.11910787878787,23.15091096914348,1.65013583482969,19,64,,False,True,,203,59.56268577710819
35,2026-09-21T07:58:15.723+00:00,2026-09-21T07:59:11.757+00:00,2026-09-21T07:59:14.506+00:00,True,43,43.0,,43.0,56034.405828,58783.477188000004,58783.47722,1367.0576097674418,52.174995,56034.405828,8535.18973672041,80.99380599999999,65.45408,8.980709960267355,0.7314980681132278,19,64,,False,True,,498,59.56268577710819
36,2026-09-21T07:58:16.179+00:00,2026-09-21T07:59:14.258+00:00,2026-09-21T07:59:17.457+00:00,True,52,52.0,,52.0,58079.426081,61277.855265,61277.855152,1178.4202913846154,42.896423000000006,58079.426081,8045.4750505976535,78.7888485,62.7142977254902,8.780742625970039,0.8485936685466989,19,64,,False,True,,520,59.56268577710819
37,2026-09-21T07:58:16.600+00:00,2026-09-21T07:59:16.385+00:00,2026-09-21T07:59:16.788+00:00,True,7,7.0,,7.0,59784.907724,60188.058315999995,60188.0583,8598.294042857142,56.552445,59784.907724,22571.175715633155,41871.537038899995,67.19176533333332,6.0379464943228065,0.11630214025593788,19,64,,False,True,,14,59.56268577710819
38,2026-09-21T07:58:17.010+00:00,2026-09-21T07:59:19.323+00:00,2026-09-21T07:59:22.526+00:00,True,64,64.0,,64.0,62312.428881,65515.334993,65515.334872,1023.677107375,0.0,62312.428881,7784.498103483665,116.9036109,50.83977955555555,168.71410202304102,0.976870529729232,19,64,,False,True,,256,59.56268577710819
39,2026-09-21T07:58:17.347+00:00,2026-09-21T07:59:21.312+00:00,2026-09-21T07:59:25.493+00:00,True,82,82.0,,82.0,63965.416971,68146.356235,68146.356328,831.0531259512195,0.0,63965.416971,7058.151561877545,81.909793,51.61653412345679,27.533999892186305,1.2032925093929638,19,64,,False,True,,85,59.56268577710819
40,2026-09-21T07:58:17.683+00:00,2026-09-21T07:59:22.188+00:00,2026-09-21T07:59:25.802+00:00,True,57,57.0,,57.0,64505.542463,68119.31756699999,68119.31743,1195.075744385965,42.100283000000005,64505.542463,8535.426657346277,81.3044392,64.53169828571428,10.438562478720055,0.8367670440024096,19,64,,False,True,,61,59.56268577710819
41,2026-09-21T07:58:17.964+00:00,2026-09-21T07:59:23.848+00:00,2026-09-21T07:59:29.849+00:00,True,94,94.0,,94.0,65884.11094,71885.80566,71885.805757,764.7426144361702,42.579204,65884.11094,6788.778212348851,80.654764,64.534351827957,9.969266257649814,1.307629498438037,19,64,,False,True,,376,59.56268577710819
42,2026-09-21T07:58:18.239+00:00,2026-09-21T07:59:25.343+00:00,2026-09-21T07:59:25.681+00:00,True,6,6.0,,6.0,67103.834752,67441.866624,67441.866612,11240.311102,52.439525,67103.834752,27367.428539429082,50348.828720749996,67.6063744,14.09593599822746,0.08896550911692631,19,64,,False,True,,18,59.56268577710819
43,2026-09-21T07:58:18.545+00:00,2026-09-21T07:59:26.898+00:00,2026-09-21T07:59:28.047+00:00,True,19,19.0,,19.0,68352.546627,69502.214979,69502.21511800001,3658.0113220000003,50.442425,68352.546627,15666.498762303072,6907.6494809999995,63.870464,8.160179471565446,0.2733725825247558,19,64,,False,True,,64,59.56268577710819
44,2026-09-21T07:58:18.881+00:00,2026-09-21T07:59:28.559+00:00,2026-09-21T07:59:30.435+00:00,True,30,30.0,,30.0,69678.39798800001,71553.962276,71553.962383,2385.1320794333337,46.721584,69678.39798800001,12709.671742121262,79.59217250000002,64.67463062068965,8.704368397419655,0.4192639938551989,19,64,,False,True,,240,59.56268577710819
45,2026-09-21T07:58:19.331+00:00,2026-09-21T07:59:31.008+00:00,2026-09-21T07:59:36.300+00:00,True,85,85.0,,85.0,71677.135047,76969.739719,76969.739573,905.5263479176471,0.0,71677.135047,7770.001655531087,159.0857642,63.007198476190474,192.59569494582175,1.1043300953117,19,64,,False,True,,226,59.56268577710819
46,2026-09-21T07:58:19.660+00:00,2026-09-21T07:59:32.828+00:00,2026-09-21T07:59:35.034+00:00,True,25,25.0,,25.0,73167.91595299999,75374.27908899999,75374.27893799999,3014.9711575199995,0.0,73167.91595299999,14618.04443009009,1189.3297413999999,91.93179733333332,294.72674005953127,0.33167813081808256,19,64,,False,True,,242,59.56268577710819
47,2026-09-21T07:58:19.958+00:00,2026-09-21T07:59:34.848+00:00,2026-09-21T07:59:34.849+00:00,True,7,7.0,,7.0,74890.53637,74890.696114,74890.69612000001,10698.670874285715,0.0201,74890.53637,28305.952049162523,52423.388380000004,0.026624,0.009100070856866994,0.09346955447368883,19,64,,False,True,,63,59.56268577710819
48,2026-09-21T07:58:20.411+00:00,2026-09-21T07:59:36.872+00:00,2026-09-21T07:59:38.728+00:00,True,30,30.0,,30.0,76461.189571,78316.31046699999,78316.310594,2610.5436864666667,3.6040300000000003,76461.189571,13948.18463443613,131.54640695,63.969686068965515,26.559467370534215,0.38306196782139074,19,64,,False,True,,135,59.56268577710819
49,2026-09-21T07:58:20.816+00:00,2026-09-21T07:59:39.046+00:00,2026-09-21T07:59:39.295+00:00,True,5,5.0,,5.0,78229.81003000001,78479.460974,78479.461032,15695.892206400002,49.308585,78229.81003000001,34957.52398984841,62598.87461320001,62.412736,10.583735673700094,0.06371093707761938,19,64,,False,True,,10,59.56268577710819
50,2026-09-21T07:58:21.166+00:00,2026-09-21T07:59:40.814+00:00,2026-09-21T07:59:44.170+00:00,True,52,52.0,,52.0,79647.19557899999,83003.33407499999,83003.334074,1596.2179629615382,38.572953,79647.19557899999,11035.959962909921,83.12902445,65.80663717647059,12.506397856661271,0.6264808586244733,19,64,,False,True,,208,59.56268577710819
51,2026-09-21T07:58:21.469+00:00,2026-09-21T07:59:41.959+00:00,2026-09-21T07:59:46.966+00:00,True,71,71.0,,71.0,80490.415409,85497.68017699999,85497.68013899999,1204.1926780140843,0.0,80490.415409,9546.110292236996,81.412352,71.53235382857143,203.8060248856243,0.8304318883625095,19,64,,False,True,,183,59.56268577710819
52,2026-09-21T07:58:21.799+00:00,2026-09-21T07:59:43.691+00:00,2026-09-21T07:59:43.861+00:00,True,4,4.0,,4.0,81891.910727,82062.469447,82062.469382,20515.6173455,47.980564,81891.910727,40917.52977595439,69618.33382084999,56.85290666666666,10.244459669940888,0.048743354019871385,19,64,,False,True,,18,59.56268577710819
53,2026-09-21T07:58:22.251+00:00,2026-09-21T07:59:47.003+00:00,2026-09-21T07:59:47.003+00:00,True,3,3.0,,3.0,84751.968311,84751.968311,84751.968311,28250.656103666668,0.0,84751.968311,48931.57171870649,76276.77147990001,0.0,0.0,0.03539740798693201,19,64,,False,True,,3,59.56268577710819
54,2026-09-21T07:58:22.703+00:00,2026-09-21T07:59:48.438+00:00,2026-09-21T07:59:49.265+00:00,True,15,15.0,,15.0,85734.79759999999,86562.25027199999,86562.250173,5770.816678199999,46.154284,85734.79759999999,22121.370337207318,25769.297632899998,59.10376228571428,7.894898712471329,0.17328569847556288,19,64,,False,True,,15,59.56268577710819
55,2026-09-21T07:58:23.258+00:00,2026-09-21T07:59:49.905+00:00,2026-09-21T07:59:52.591+00:00,True,43,43.0,,43.0,86647.420021,89332.545909,89332.545888,2077.5010671627906,44.597294000000005,86647.420021,13203.861414157713,77.5263249,63.931568761904764,9.319631074979162,0.48134752639651207,19,64,,False,True,,215,59.56268577710819
56,2026-09-21T07:58:23.423+00:00,2026-09-21T07:59:52.188+00:00,2026-09-21T07:59:52.661+00:00,True,8,8.0,,8.0,88764.87894499999,89237.66358499999,89237.66349699999,11154.707937124998,57.443485,88764.87894499999,31359.24538658248,57724.49680719999,67.54066285714285,7.135738606912752,0.08964824580352106,19,64,,False,True,,11,59.56268577710819
57,2026-09-21T07:58:23.827+00:00,2026-09-21T07:59:54.097+00:00,2026-09-21T07:59:57.169+00:00,True,51,51.0,,51.0,90269.57334100001,93342.174941,93342.17496100001,1830.2387247254903,0.016579999999999998,90269.57334100001,12631.81590659105,220.55903449999997,61.452032,62.66682008954043,0.5463768123277203,19,64,,False,True,,102,59.56268577710819
58,2026-09-21T07:58:24.148+00:00,2026-09-21T07:59:56.033+00:00,2026-09-21T07:59:59.661+00:00,True,59,59.0,,59.0,91885.539768,95513.223096,95513.223048,1618.8681872542372,42.707884,91885.539768,11954.339841643223,80.73486499999999,62.546264275862065,10.244907429221675,0.617715517156188,19,64,,False,True,,295,59.56268577710819
59,2026-09-21T07:58:24.612+00:00,2026-09-21T07:59:58.142+00:00,2026-09-21T08:00:03.795+00:00,True,91,91.0,,91.0,93530.21019499999,99182.91931499999,99182.91923199999,1089.9221893626373,0.0,93530.21019499999,9799.997638385492,81.492122,62.80787911111111,196.6644700090951,0.9174966882250012,19,64,,False,True,,182,59.56268577710819
60,2026-09-21T07:58:24.947+00:00,2026-09-21T08:00:00.022+00:00,2026-09-21T08:00:02.890+00:00,True,27,27.0,,27.0,95075.053946,97943.83193,97943.831919,3627.5493303333333,0.0,95075.053946,18279.515770585498,1358.2792870000003,110.33761476923077,367.2482586156253,0.27566820153919214,19,64,,False,True,,1,59.56268577710819
61,2026-09-21T07:58:25.214+00:00,2026-09-21T08:00:02.870+00:00,2026-09-21T08:00:02.870+00:00,True,4,4.0,,4.0,97656.400609,97656.400609,97656.400609,24414.10015225,0.0,97656.400609,48828.2003045,83007.94051765,0.0,0.0,0.04095993683010431,19,64,,False,True,,12,59.56268577710819
62,2026-09-21T07:58:25.497+00:00,2026-09-21T08:00:02.902+00:00,2026-09-21T08:00:05.500+00:00,True,42,42.0,,42.0,97405.584133,100002.84262899999,100002.842431,2381.020057880952,16.024221,97405.584133,15020.238090007113,77.64148349999999,63.34776819512195,12.31500894439256,0.4199880612975731,19,64,,False,True,,168,59.56268577710819
63,2026-09-21T07:58:25.941+00:00,2026-09-21T08:00:04.959+00:00,2026-09-21T08:00:10.378+00:00,True,88,88.0,,88.0,99018.685787,104437.150811,104437.150803,1186.7858045795454,42.543004,99018.685787,10548.79209652043,77.1037595,62.281207172413794,9.151835956481598,0.8426120333295349,19,64,,False,True,,352,59.56268577710819
64,2026-09-21T07:58:26.401+00:00,2026-09-21T08:00:06.990+00:00,2026-09-21T08:00:12.654+00:00,True,92,92.0,,92.0,100588.934779,106252.953211,106252.953357,1154.9234060543479,44.628553999999994,100588.934779,10480.636644291939,78.669601,62.24196079120879,9.678106463207737,0.8658582864732606,19,64,,False,True,,282,59.56268577710819
65,2026-09-21T07:58:26.841+00:00,2026-09-21T08:00:09.521+00:00,2026-09-21T08:00:15.597+00:00,True,97,97.0,,97.0,102680.720455,108756.183111,108756.183149,1121.1977644226804,41.232034,102680.720455,10419.226617438433,77.811087,63.28606933333334,10.021774673994969,0.8919033127615257,19,64,,True,True,,97,59.56268577710819
66,2026-09-21T07:58:27.113+00:00,2026-09-21T08:00:11.227+00:00,2026-09-21T08:00:16.275+00:00,True,81,81.0,,81.0,104113.81626800001,109161.65985200001,109161.659782,1347.6748121234568,42.15848200000001,104113.81626800001,11561.194674992012,75.542135,63.0980448,9.384521491505486,0.742018764736802,19,64,,True,True,,121,59.56268577710819
67,2026-09-21T07:58:27.523+00:00,2026-09-21T08:00:13.274+00:00,2026-09-21T08:00:14.919+00:00,True,27,27.0,,27.0,105751.063334,107395.95498200001,107395.955069,3977.6279655185185,47.411694000000004,105751.063334,20339.62808270938,76.020386,63.26506338461538,8.781604606719878,0.2514061167808909,19,64,,True,True,,118,59.56268577710819
68,2026-09-21T07:58:27.870+00:00,2026-09-21T08:00:15.217+00:00,2026-09-21T08:00:15.917+00:00,True,12,12.0,,12.0,107347.326559,108047.802207,108047.80239,9003.9835325,48.682314,107347.326559,30970.12216321985,48348.5902889,63.679604363636365,8.018071840698552,0.11106195364353802,19,64,,True,True,,31,59.56268577710819
69,2026-09-21T07:58:28.151+00:00,2026-09-21T08:00:16.623+00:00,2026-09-21T08:00:19.617+00:00,True,48,48.0,,48.0,108472.541163,111466.431723,111466.431811,2322.2173293958335,45.130084000000004,108472.541163,15647.471567369892,77.35247095,63.699799148936165,10.00676157313779,0.4306229172140591,19,64,,True,True,,192,59.56268577710819
70,2026-09-21T07:58:28.510+00:00,2026-09-21T08:00:18.402+00:00,2026-09-21T08:00:22.567+00:00,True,67,67.0,,67.0,109892.755873,114057.606049,114057.605943,1702.3523275074626,42.646353000000005,109892.755873,13417.831424916687,78.65925779999999,63.103790545454544,10.250317176628204,0.5874224641469005,19,64,,True,True,,201,59.56268577710819
71,2026-09-21T07:58:28.791+00:00,2026-09-21T08:00:19.876+00:00,2026-09-21T08:00:22.790+00:00,True,48,48.0,,48.0,111085.020494,113999.003726,113999.00391,2374.979248125,47.210114000000004,111085.020494,16024.795206924766,77.296587,61.99964323404256,8.982358683744396,0.4210563112934691,19,64,,True,True,,1458,59.56268577710819
72,2026-09-21T07:58:29.129+00:00,2026-09-21T08:00:21.344+00:00,2026-09-21T08:00:27.166+00:00,True,94,94.0,,94.0,112214.96665700001,118036.34291300001,118036.34293900001,1255.7057759468087,43.100243,112214.96665700001,11567.638129838084,78.0182925,62.595443612903225,10.006032344272086,0.7963648964394274,19,64,,True,True,,469,59.56268577710819
73,2026-09-21T07:58:29.404+00:00,2026-09-21T08:00:22.867+00:00,2026-09-21T08:00:25.627+00:00,True,45,45.0,,45.0,113462.962042,116223.27897,116223.279106,2582.7395356888887,47.752773,113462.962042,16904.710319098715,78.114764,62.734475636363634,9.274024505305652,0.3871857720656425,19,64,,True,True,,200,59.56268577710819
74,2026-09-21T07:58:29.813+00:00,2026-09-21T08:00:25.053+00:00,2026-09-21T08:00:28.468+00:00,True,55,55.0,,55.0,115239.360621,118654.329453,118654.329525,2157.351445909091,44.015703,115239.360621,15530.347861991628,77.58134969999999,63.240163555555554,9.658704187682591,0.46353133723439877,19,64,,True,True,,302,59.56268577710819
75,2026-09-21T07:58:30.210+00:00,2026-09-21T08:00:26.976+00:00,2026-09-21T08:00:31.606+00:00,True,75,75.0,,75.0,116766.269304,121395.90898400001,121395.908908,1618.6121187733333,42.312373,116766.269304,13475.787033646007,78.07887699999999,62.56269837837838,10.120143986175147,0.6178132412179146,19,64,,True,True,,151,59.56268577710819
76,2026-09-21T07:58:30.657+00:00,2026-09-21T08:00:29.123+00:00,2026-09-21T08:00:34.302+00:00,True,82,82.0,,82.0,118466.133557,123645.06296499999,123645.06294199999,1507.8666212439023,43.389953999999996,118466.133557,13075.338439765324,76.47363499999999,63.93740009876543,9.244267414814221,0.6631886306953607,19,64,,True,True,,483,59.56268577710819
77,2026-09-21T07:58:30.946+00:00,2026-09-21T08:00:30.842+00:00,2026-09-21T08:00:33.771+00:00,True,46,46.0,,46.0,119896.213735,122825.856999,122825.856963,2670.1273252826086,46.965944,119896.213735,17668.135384087203,76.97755025,65.10318364444444,8.577975089027346,0.3745139755090373,19,64,,True,True,,95,59.56268577710819
78,2026-09-21T07:58:31.271+00:00,2026-09-21T08:00:32.648+00:00,2026-09-21T08:00:36.193+00:00,True,57,57.0,,57.0,121376.957735,124922.21187900001,124922.211798,2191.617750842105,41.795203,121376.957735,16068.388214033072,75.97264000000001,63.30810971428571,9.547156892424852,0.45628394776751435,19,64,,True,True,,118,59.56268577710819
79,2026-09-21T07:58:31.698+00:00,2026-09-21T08:00:34.370+00:00,2026-09-21T08:00:34.624+00:00,True,5,5.0,,5.0,122671.718469,122926.339653,122926.339618,24585.2679236,53.009783999999996,122671.718469,54831.99377304273,98152.4809424,63.655296,12.093513036189277,0.04067476518144235,19,64,,True,True,,18,59.56268577710819
80,2026-09-21T07:58:32.153+00:00,2026-09-21T08:00:36.803+00:00,2026-09-21T08:00:37.648+00:00,True,15,15.0,,15.0,124650.052473,125495.377273,125495.377425,8366.358495,48.596383,124650.052473,32168.91631796418,37447.5000724,60.38034285714286,9.50091834243308,0.11952631504002985,19,64,,True,True,,92,59.56268577710819
81,2026-09-21T07:58:32.425+00:00,2026-09-21T08:00:38.394+00:00,2026-09-21T08:00:41.668+00:00,True,51,51.0,,51.0,125969.08809199999,129243.282012,129243.282075,2534.182001470588,50.959624000000005,125969.08809199999,17630.032995006215,78.2462465,65.4838784,8.580722875502206,0.39460464951102636,19,64,,True,True,,204,59.56268577710819
82,2026-09-21T07:58:32.793+00:00,2026-09-21T08:00:40.222+00:00,2026-09-21T08:00:41.665+00:00,True,23,23.0,,23.0,127429.162119,128871.696263,128871.69622700001,5603.117227260869,51.010604,127429.162119,26557.146281734756,79.25938670000001,65.56973381818182,8.960659279166183,0.1784720824428495,19,64,,True,True,,89,59.56268577710819
83,2026-09-21T07:58:33.382+00:00,2026-09-21T08:00:41.228+00:00,2026-09-21T08:00:46.995+00:00,True,90,90.0,,90.0,127845.678233,133612.712345,133612.712402,1484.5856933555556,44.299433,127845.678233,13469.290964686208,79.02205740000001,64.79813608988763,9.830622301879552,0.6735886011176236,19,64,,True,True,,406,59.56268577710819
84,2026-09-21T07:58:33.498+00:00,2026-09-21T08:00:42.019+00:00,2026-09-21T08:00:44.223+00:00,True,35,35.0,,35.0,128521.05694,130725.62986799999,130725.62995399999,3735.0179986857142,47.672464,128521.05694,21713.066391921824,82.9589493,64.84038023529412,11.18869347778789,0.2677363271100028,19,64,,True,True,,212,59.56268577710819
85,2026-09-21T07:58:33.870+00:00,2026-09-21T08:00:46.212+00:00,2026-09-21T08:00:49.527+00:00,True,53,53.0,,53.0,132341.473833,135656.249641,135656.249769,2559.5518824339624,42.477892999999995,132341.473833,18169.74523241768,76.13124539999998,63.745688615384616,8.383739821681562,0.39069338965406264,19,64,,True,True,,161,59.56268577710819
86,2026-09-21T07:58:34.153+00:00,2026-09-21T08:00:47.760+00:00,2026-09-21T08:00:50.940+00:00,True,51,51.0,,51.0,133606.746759,136786.946951,136786.947045,2682.097000882353,41.048362999999995,133606.746759,18699.782452806692,78.606396,63.604003840000004,9.031165303194026,0.3728425930748296,19,64,,True,True,,221,59.56268577710819
87,2026-09-21T07:58:34.418+00:00,2026-09-21T08:00:49.221+00:00,2026-09-21T08:00:50.810+00:00,True,26,26.0,,26.0,134803.421179,136392.530427,136392.530467,5245.866556423077,44.267983,134803.421179,26424.661052175277,77.37070325,63.564369920000004,7.732216189540928,0.1906262749037838,19,64,,True,True,,97,59.56268577710819
88,2026-09-21T07:58:34.740+00:00,2026-09-21T08:00:50.941+00:00,2026-09-21T08:00:52.853+00:00,True,32,32.0,,32.0,136201.443604,138113.222164,138113.222236,4316.038194875,41.294183,136201.443604,24066.341621353244,80.7070055,61.67027612903226,10.91294478655634,0.23169396455034688,19,64,,True,True,,160,59.56268577710819
89,2026-09-21T07:58:35.166+00:00,2026-09-21T08:00:53.091+00:00,2026-09-21T08:00:54.578+00:00,True,23,23.0,,23.0,137925.35628900002,139411.976193,139411.97624000002,6061.390271304349,46.880853,137925.35628900002,28745.335880777395,80.41891100000001,67.573632,8.166394190127804,0.16497865268159687,19,64,,True,True,,201,59.56268577710819
90,2026-09-21T07:58:35.519+00:00,2026-09-21T08:00:54.843+00:00,2026-09-21T08:00:56.848+00:00,True,34,34.0,,34.0,139324.63781299998,141328.85541299998,141328.85530199998,4156.731038294117,43.075083,139324.63781299998,23883.563872307564,75.21631350000001,60.733866666666664,8.255400823818228,0.24057365992700558,19,64,,True,True,,68,59.56268577710819
91,2026-09-21T07:58:35.830+00:00,2026-09-21T08:00:56.656+00:00,2026-09-21T08:00:57.858+00:00,True,20,20.0,,20.0,140826.10620699998,142028.50569499997,142028.50565599996,7101.425282799999,43.225583,140826.10620699998,31475.52557256963,7119.769729099999,63.28418357894736,10.619611238858031,0.14081680224777643,19,64,,True,True,,63,59.56268577710819
92,2026-09-21T07:58:36.190+00:00,2026-09-21T08:00:58.569+00:00,2026-09-21T08:00:59.478+00:00,True,15,15.0,,15.0,142378.829931,143287.90410699998,143287.90395799998,9552.526930533333,45.410573,142378.829931,36745.29203956752,42769.156127500006,64.93386971428572,12.824859959203774,0.10468434229311344,19,64,,True,True,,30,59.56268577710819
93,2026-09-21T07:58:36.501+00:00,2026-09-21T08:00:59.858+00:00,2026-09-21T08:01:05.203+00:00,True,85,85.0,,85.0,143357.537584,148702.34168,148702.341731,1749.439314482353,41.060423,143357.537584,15542.409487325134,75.8118306,63.62862019047619,9.46938757143807,0.5716117112864015,19,64,,True,True,,170,59.56268577710819
94,2026-09-21T07:58:36.906+00:00,2026-09-21T08:01:01.941+00:00,2026-09-21T08:01:06.823+00:00,True,79,79.0,,79.0,145034.85983700003,149916.83666900004,149916.83674000003,1897.6814777215193,42.293653,145034.85983700003,16310.657706007545,77.2275269,62.589446564102566,9.902576944661448,0.52695882434088,19,64,,True,True,,221,59.56268577710819
95,2026-09-21T07:58:37.273+00:00,2026-09-21T08:01:03.900+00:00,2026-09-21T08:01:09.972+00:00,True,98,98.0,,98.0,146627.79106400002,152698.963928,152698.96407500003,1558.1526946428573,41.246133,146627.79106400002,14805.324161950108,76.2481945,62.58941096907216,9.510045915122339,0.6417856249909368,19,64,,True,True,,296,59.56268577710819
96,2026-09-21T07:58:37.653+00:00,2026-09-21T08:01:05.959+00:00,2026-09-21T08:01:06.514+00:00,True,10,10.0,,10.0,148305.951707,148861.537243,148861.537249,14886.1537249,49.561504,148305.951707,46878.939143897675,81602.09415409999,61.73172622222222,8.181980608901762,0.06717651977270735,19,64,,True,True,,95,59.56268577710819
97,2026-09-21T07:58:38.010+00:00,2026-09-21T08:01:08.336+00:00,2026-09-21T08:01:11.961+00:00,True,58,58.0,,58.0,150325.995757,153950.804205,153950.804436,2654.324214413793,40.257873,150325.995757,19730.422620809466,78.504335,63.59313066666667,10.099565085686676,0.3767437286184458,19,64,,True,True,,116,59.56268577710819
98,2026-09-21T07:58:38.437+00:00,2026-09-21T08:01:10.504+00:00,2026-09-21T08:01:14.705+00:00,True,66,66.0,,66.0,152066.088564,156267.14507600002,156267.145176,2367.684017818182,47.201883,152066.088564,18710.089053757394,81.021338,64.63163864615385,10.83671031999763,0.4223536557726265,19,64,,True,True,,330,59.56268577710819
99,2026-09-21T07:58:38.811+00:00,2026-09-21T08:01:12.741+00:00,2026-09-21T08:01:15.496+00:00,True,44,44.0,,44.0,153930.886611,156685.47323499998,156685.473195,3561.0334817045455,50.415144,153930.886611,23196.299785319792,80.77275135,64.06015404651163,11.776134149395851,0.28081735397389346,19,64,,True,True,,132,59.56268577710819
100,2026-09-21T07:58:39.162+00:00,2026-09-21T08:01:14.647+00:00,2026-09-21T08:01:19.258+00:00,True,74,74.0,,74.0,155484.553446,160096.003558,160096.003629,2163.4595085,41.245813000000005,155484.553446,18067.371695874233,76.7043645,63.17054947945205,10.350090749542408,0.46222265612764707,19,64,,True,True,,498,59.56268577710819
101,2026-09-21T07:58:39.540+00:00,2026-09-21T08:01:16.530+00:00,2026-09-21T08:01:19.637+00:00,True,50,50.0,,50.0,156989.925906,160096.828434,160096.828307,3201.9365661399997,46.483764,156989.925906,22192.76328774958,76.111909,63.40617404081633,9.60780751906761,0.31231099634564297,19,64,,True,True,,152,59.56268577710819
102,2026-09-21T07:58:39.908+00:00,2026-09-21T08:01:18.491+00:00,2026-09-21T08:01:23.696+00:00,True,83,83.0,,83.0,158583.29143399998,163788.12112999998,163788.121024,1973.3508557108432,41.397044,158583.29143399998,17399.813524647812,76.9341452,63.47353287804878,10.312766509649473,0.5067522566799714,19,64,,True,True,,822,59.56268577710819
103,2026-09-21T07:58:40.343+00:00,2026-09-21T08:01:20.695+00:00,2026-09-21T08:01:25.271+00:00,True,73,73.0,,73.0,160351.596063,164927.716383,164927.716384,2259.283786082192,44.566583,160351.596063,18760.298028752255,76.165186,63.557226666666665,8.899460062657473,0.44261814570012753,19,64,,True,True,,288,59.56268577710819
104,2026-09-21T07:58:40.818+00:00,2026-09-21T08:01:23.364+00:00,2026-09-21T08:01:28.109+00:00,True,77,77.0,,77.0,162545.899312,167291.001904,167291.001949,2172.610414922078,43.679283000000005,162545.899312,18516.71154257362,77.45607,62.435560421052635,9.387599330220747,0.4602758015890566,19,64,,True,True,,410,59.56268577710819
105,2026-09-21T07:58:41.099+00:00,2026-09-21T08:01:24.862+00:00,2026-09-21T08:01:26.159+00:00,True,21,21.0,,21.0,163762.904934,165059.781734,165059.78166399998,7859.989603047618,46.545422,163762.904934,35721.84705282041,80.014506,64.84384,10.707085403447529,0.12722663134162074,19,64,,True,True,,85,59.56268577710819
106,2026-09-21T07:58:41.383+00:00,2026-09-21T08:01:26.054+00:00,2026-09-21T08:01:29.224+00:00,True,52,52.0,,52.0,164670.825089,167841.323905,167841.32403,3227.717769807692,42.252913,164670.825089,22827.115719730115,76.9352499,62.166643450980395,9.492605512672004,0.30981643131838354,19,64,,True,True,,260,59.56268577710819
107,2026-09-21T07:58:41.799+00:00,2026-09-21T08:01:28.243+00:00,2026-09-21T08:01:29.025+00:00,True,13,13.0,,13.0,166444.35153400002,167226.659118,167226.659056,12863.589158153847,44.506572999999996,166444.35153400002,46145.27749737675,66624.20609200001,65.19229866666666,11.693487651526361,0.07773880114908485,19,64,,True,True,,14,59.56268577710819
108,2026-09-21T07:58:42.093+00:00,2026-09-21T08:01:29.438+00:00,2026-09-21T08:01:32.852+00:00,True,56,56.0,,56.0,167344.07381799998,170758.98248999997,170758.982424,3049.267543285714,46.507163,167344.07381799998,22353.996924506537,74.3821585,62.089248581818175,8.130063432703365,0.32794760886607816,19,64,,True,True,,283,59.56268577710819
109,2026-09-21T07:58:42.432+00:00,2026-09-21T08:01:31.109+00:00,2026-09-21T08:01:31.223+00:00,True,3,3.0,,3.0,168677.336073,168790.72615300003,168790.72607900001,56263.57535966667,54.512643,168677.336073,97353.17253715268,151815.49020200002,56.69504,3.0863796785230426,0.017773488321157264,19,64,,True,True,,16,59.56268577710819
110,2026-09-21T07:58:42.738+00:00,2026-09-21T08:01:33.093+00:00,2026-09-21T08:01:38.001+00:00,True,77,77.0,,77.0,170354.711278,175262.695918,175262.695904,2276.1389078441557,41.475553,170354.711278,19406.364086820253,77.8757782,64.5787452631579,9.751903223864753,0.43934049739840764,19,64,,True,True,,234,59.56268577710819
111,2026-09-21T07:58:43.651+00:00,2026-09-21T08:01:35.696+00:00,2026-09-21T08:01:36.204+00:00,True,9,9.0,,9.0,172045.50833399998,172552.95179,172552.951932,19172.550214666666,47.862303,172045.50833399998,57327.36002961563,103257.56426999999,63.430432,9.812910925083603,0.052157902293976176,19,64,,True,True,,24,59.56268577710819
112,2026-09-21T07:58:43.670+00:00,2026-09-21T08:01:37.129+00:00,2026-09-21T08:01:38.932+00:00,True,29,29.0,,29.0,173458.84050999998,175261.44761399998,175261.44756799997,6043.498191999999,47.955152000000005,173458.84050999998,32198.544565711167,81.5017552,64.37882514285714,9.546991768572928,0.16546708015256326,19,64,,True,True,,137,59.56268577710819
113,2026-09-21T07:58:44.010+00:00,2026-09-21T08:01:39.214+00:00,2026-09-21T08:01:43.683+00:00,True,73,73.0,,73.0,175204.591867,179673.081083,179673.08107800002,2461.275083260274,45.474292,175204.591867,20498.884281133272,74.57293800000001,62.06235022222222,8.416013599550114,0.4062934723442386,19,64,,True,True,,219,59.56268577710819
114,2026-09-21T07:58:44.347+00:00,2026-09-21T08:01:40.831+00:00,2026-09-21T08:01:42.040+00:00,True,20,20.0,,20.0,176483.414269,177693.382653,177693.382704,8884.6691352,45.567543,176483.414269,39448.65266038577,8899.217203200002,63.68254652631579,10.761566928008472,0.11255343165511143,19,64,,True,True,,40,59.56268577710819
115,2026-09-21T07:58:44.692+00:00,2026-09-21T08:01:42.632+00:00,2026-09-21T08:01:43.272+00:00,True,12,12.0,,12.0,177939.375202,178579.858786,178579.85861599998,14881.654884666666,45.473772,177939.375202,51349.865509382485,80112.3214556,58.22578036363637,9.227676027192711,0.06719682769141463,19,64,,True,True,,25,59.56268577710819
116,2026-09-21T07:58:45.114+00:00,2026-09-21T08:01:44.682+00:00,2026-09-21T08:01:45.370+00:00,True,12,12.0,,12.0,179567.70984,180255.707792,180255.707668,15021.308972333332,51.057831,179567.70984,51818.67809103232,80845.6430252,62.54526836363637,7.879438853428577,0.06657209442625248,19,64,,True,True,,12,59.56268577710819
117,2026-09-21T07:58:45.562+00:00,2026-09-21T08:01:46.919+00:00,2026-09-21T08:01:52.891+00:00,True,95,95.0,,95.0,181357.47194299998,187328.69139899997,187328.691375,1971.880961842105,43.075392,181357.47194299998,18600.36884226343,77.2575083,63.523611234042555,9.109583694899175,0.5071300039012985,19,64,,True,True,,1126,59.56268577710819
118,2026-09-21T07:58:45.984+00:00,2026-09-21T08:01:49.384+00:00,2026-09-21T08:01:54.307+00:00,True,78,78.0,,78.0,183400.08132199998,188323.67837799998,188323.67829799998,2414.406132025641,42.082882,183400.08132199998,20758.731937344695,77.718825,63.9428189090909,9.221605341998325,0.41418052510337955,19,64,,True,True,,139,59.56268577710819
119,2026-09-21T07:58:46.406+00:00,2026-09-21T08:01:51.341+00:00,2026-09-21T08:01:53.144+00:00,True,30,30.0,,30.0,184935.291455,186738.036287,186738.036302,6224.601210066667,43.233283,184935.291455,33753.06182690749,74.29592295,62.16361489655172,8.481240090193207,0.1606528621404834,19,64,,True,True,,60,59.56268577710819
120,2026-09-21T07:58:46.721+00:00,2026-09-21T08:01:52.765+00:00,2026-09-21T08:01:52.960+00:00,True,4,4.0,,4.0,186043.67993900002,186239.00973100003,186239.00961900002,46559.752404750005,50.235013,186043.67993900002,92989.28564593787,158148.4311071,65.10993066666667,13.184237211277008,0.021477777431148936,19,64,,True,True,,22,59.56268577710819
121,2026-09-21T07:58:47.171+00:00,2026-09-21T08:01:55.068+00:00,2026-09-21T08:01:59.533+00:00,True,71,71.0,,71.0,187897.713236,192362.671956,192362.672158,2709.3334106760567,42.204542000000004,187897.713236,22291.78793272125,76.208714,63.785124571428575,9.18722810591742,0.3690944780401062,19,64,,True,True,,140,59.56268577710819
122,2026-09-21T07:58:47.477+00:00,2026-09-21T08:01:56.472+00:00,2026-09-21T08:02:02.654+00:00,True,100,100.0,,100.0,188995.15398,195177.14438,195177.144384,1951.77144384,42.599882,188995.15398,18893.27337534327,76.88097905000001,62.444347474747474,9.59554950573054,0.5123550727092567,19,64,,True,True,,201,59.56268577710819
123,2026-09-21T07:58:47.806+00:00,2026-09-21T08:01:58.427+00:00,2026-09-21T08:01:59.532+00:00,True,18,18.0,,18.0,190621.482662,191726.157478,191726.157622,10651.453201222223,51.442123,190621.482662,44914.59895686577,28658.133246850004,64.98087152941176,8.481947751373369,0.09388390315007197,19,64,,True,True,,55,59.56268577710819
124,2026-09-21T07:58:48.197+00:00,2026-09-21T08:02:00.443+00:00,2026-09-21T08:02:04.232+00:00,True,63,63.0,,63.0,192246.053021,196035.027613,196035.027566,3111.6671042222224,41.631362,192246.053021,24213.028161180147,74.662678,61.11249341935484,8.796641306035712,0.3213711384496582,19,64,,True,True,,210,59.56268577710819
125,2026-09-21T07:58:48.501+00:00,2026-09-21T08:02:02.523+00:00,2026-09-21T08:02:07.627+00:00,True,82,82.0,,82.0,194021.904921,199125.493529,199125.493527,2428.3596771585367,45.368491999999996,194021.904921,21419.17859358367,75.88623405,63.0072667654321,8.145821116257455,0.41180061149758196,19,64,,True,True,,246,59.56268577710819
126,2026-09-21T07:58:48.816+00:00,2026-09-21T08:02:04.065+00:00,2026-09-21T08:02:09.383+00:00,True,85,85.0,,85.0,195248.85618200002,200567.57643800002,200567.57660000003,2359.6185482352944,48.375122000000005,195248.85618200002,21170.84551985285,75.99588800000001,63.318098285714285,7.888087320601609,0.42379731315283364,19,64,,True,True,,170,59.56268577710819
127,2026-09-21T07:58:49.242+00:00,2026-09-21T08:02:06.392+00:00,2026-09-21T08:02:06.813+00:00,True,8,8.0,,8.0,197150.023253,197571.524437,197571.52435599998,24696.440544499997,49.290873,197150.023253,69681.77067504279,128173.39097635,60.21445485714286,9.185972135604656,0.04049166509595352,19,64,,True,True,,8,59.56268577710819
128,2026-09-21T07:58:49.596+00:00,2026-09-21T08:02:08.296+00:00,2026-09-21T08:02:08.735+00:00,True,8,8.0,,8.0,198699.543799,199139.24991100002,199139.249803,24892.406225375,54.821833,198699.543799,70228.68932476937,129181.79181875,62.815158857142855,8.218897116770098,0.04017289411090675,19,64,,True,True,,28,59.56268577710819
129,2026-09-21T07:58:49.854+00:00,2026-09-21T08:02:09.628+00:00,2026-09-21T08:02:09.988+00:00,True,7,7.0,,7.0,199773.825365,200133.968213,200133.968065,28590.56686642857,51.478252999999995,199773.825365,75484.72210823333,139863.6668687,60.023808,7.856946116317306,0.034976571256259664,19,64,,True,True,,35,59.56268577710819
130,2026-09-21T07:58:50.296+00:00,2026-09-21T08:02:12.381+00:00,2026-09-21T08:02:18.059+00:00,True,90,90.0,,90.0,202085.77947799998,207763.180566,207763.180515,2308.4797835,42.579162,202085.77947799998,21294.989409279362,77.0483725,63.79102346067416,9.383444458980202,0.43318551321180687,19,64,,True,True,,360,59.56268577710819
131,2026-09-21T07:58:50.779+00:00,2026-09-21T08:02:14.885+00:00,2026-09-21T08:02:16.275+00:00,True,22,22.0,,22.0,204105.496494,205495.675822,205495.675799,9340.712536318182,49.065653,204105.496494,43501.32539656737,80.76781815,66.19901561904761,9.601945669721895,0.10705821381398002,19,64,,True,True,,132,59.56268577710819
132,2026-09-21T07:58:51.174+00:00,2026-09-21T08:02:17.046+00:00,2026-09-21T08:02:19.679+00:00,True,43,43.0,,43.0,205872.533079,208504.98619899998,208504.986181,4848.953167,46.844542999999994,205872.533079,31385.710039479447,79.26855789999999,62.67745523809524,9.130344811478944,0.20623008007568808,19,64,,True,True,,85,59.56268577710819
133,2026-09-21T07:58:51.656+00:00,2026-09-21T08:02:19.677+00:00,2026-09-21T08:02:23.640+00:00,True,64,64.0,,64.0,208021.116231,211983.70131899999,211983.70147499998,3312.2453355468747,43.374202,208021.116231,25994.779004980428,78.58210100000001,62.898176,9.61071102909461,0.3019100034662133,19,64,,True,True,,256,59.56268577710819
134,2026-09-21T07:58:51.921+00:00,2026-09-21T08:02:21.138+00:00,2026-09-21T08:02:25.347+00:00,True,69,69.0,,69.0,209217.165703,213425.822087,213425.82208100002,3093.1278562463767,42.61362200000001,209217.165703,25179.33797449363,80.341718,61.892005647058824,9.9139649409771,0.3232973373384648,19,64,,True,True,,345,59.56268577710819
135,2026-09-21T07:58:52.185+00:00,2026-09-21T08:02:22.531+00:00,2026-09-21T08:02:23.499+00:00,True,17,17.0,,17.0,210345.315241,211313.844393,211313.844514,12430.226147882353,43.618993,210345.315241,51001.55195617503,42129.752395400006,60.533072,9.779597704988019,0.08044905930717686,19,64,,True,True,,34,59.56268577710819
136,2026-09-21T07:58:52.449+00:00,2026-09-21T08:02:23.642+00:00,2026-09-21T08:02:27.216+00:00,True,59,59.0,,59.0,211193.236533,214767.389237,214767.38917699998,3640.1252402881355,44.219823,211193.236533,27486.99662788676,78.79062689999999,61.62332248275862,10.1183483903672,0.27471582259116795,19,64,,True,True,,59,59.56268577710819
137,2026-09-21T07:58:52.785+00:00,2026-09-21T08:02:25.547+00:00,2026-09-21T08:02:25.675+00:00,True,3,3.0,,3.0,212762.851972,212890.730628,212890.730709,70963.57690300001,55.908122999999996,212762.851972,122801.77471059345,191493.7638362,63.939328,11.357877216964797,0.014091736127497846,19,64,,True,True,,3,59.56268577710819
139,2026-09-21T07:58:53.735+00:00,2026-09-21T08:02:28.309+00:00,2026-09-21T08:02:29.365+00:00,True,18,18.0,,18.0,214574.608243,215630.61361899998,215630.6137,11979.478538888889,48.072471,214574.608243,50561.079537142075,32253.418555,62.117963294117644,8.649178151702996,0.08347608763848528,19,64,,True,True,,54,59.56268577710819
138,2026-09-21T07:58:53.669+00:00,2026-09-21T08:02:29.498+00:00,2026-09-21T08:02:33.116+00:00,True,58,58.0,,58.0,215829.660032,219447.279232,219447.279268,3783.573780482759,43.633461000000004,215829.660032,28331.49058527531,77.05106435000002,63.467003508771924,9.135595713253267,0.2643003832309186,19,64,,True,True,,290,59.56268577710819
140,2026-09-21T07:58:54.026+00:00,2026-09-21T08:02:32.081+00:00,2026-09-21T08:02:33.482+00:00,True,23,23.0,,23.0,218055.276724,219456.340404,219456.340343,9541.580014913043,41.682961999999996,218055.276724,45454.39006190416,77.3374441,63.684712727272725,9.679240981936912,0.10480444519241963,19,64,,True,True,,115,59.56268577710819
141,2026-09-21T07:58:54.301+00:00,2026-09-21T08:02:33.477+00:00,2026-09-21T08:02:38.211+00:00,True,74,74.0,,74.0,219175.63735499998,223909.64874699997,223909.64892099999,3025.8060665,44.903961,219175.63735499998,25471.11382543031,80.08322365,64.84947112328767,10.441631196856004,0.3304904474376363,19,64,,True,True,,222,59.56268577710819
142,2026-09-21T07:58:54.660+00:00,2026-09-21T08:02:35.622+00:00,2026-09-21T08:02:35.955+00:00,True,6,6.0,,6.0,220962.344403,221294.909395,221294.909404,36882.48490066666,55.013632,220962.344403,90180.34586944706,165740.22540025,66.5129984,8.607998762063852,0.027113140633932567,19,64,,True,True,,15,59.56268577710819
143,2026-09-21T07:58:54.979+00:00,2026-09-21T08:02:37.111+00:00,2026-09-21T08:02:39.791+00:00,True,44,44.0,,44.0,222131.646301,224812.429149,224812.42892500001,5109.373384659091,44.913511,222131.646301,33478.20821312034,75.529558,62.343787162790704,9.134307655199732,0.19571871611617128,19,64,,True,True,,44,59.56268577710819
144,2026-09-21T07:58:55.332+00:00,2026-09-21T08:02:38.597+00:00,2026-09-21T08:02:40.693+00:00,True,34,34.0,,34.0,223265.446777,225360.996473,225360.99636,6628.26459882353,52.459851,223265.446777,38278.81887714334,80.6793665,63.50150593939394,9.154618712570182,0.15086905246300447,19,64,,True,True,,214,59.56268577710819
145,2026-09-21T07:58:55.638+00:00,2026-09-21T08:02:40.058+00:00,2026-09-21T08:02:41.844+00:00,True,29,29.0,,29.0,224419.917546,226206.684906,226206.68491900002,7800.230514448276,43.955491,224419.917546,41661.8840102121,83.04464899999999,63.81312,10.707498513340708,0.12820133946108145,19,64,,True,True,,396,59.56268577710819
146,2026-09-21T07:58:55.950+00:00,2026-09-21T08:02:41.901+00:00,2026-09-21T08:02:42.877+00:00,True,16,16.0,,16.0,225951.93181900002,226927.87089100003,226927.870923,14182.9919326875,48.528711,225951.93181900002,56471.71806083812,56544.999367000004,65.0626048,9.576313760857994,0.07050698504850142,19,64,,True,True,,80,59.56268577710819
147,2026-09-21T07:58:56.409+00:00,2026-09-21T08:02:44.168+00:00,2026-09-21T08:02:49.591+00:00,True,87,87.0,,87.0,227759.71277,233182.191874,233182.192,2680.2550804597704,44.239191,227759.71277,24411.64617985638,77.9978253,63.05208260465116,9.360225830756246,0.37309881728451394,19,64,,True,True,,957,59.56268577710819
148,2026-09-21T07:58:56.780+00:00,2026-09-21T08:02:46.354+00:00,2026-09-21T08:02:49.901+00:00,True,57,57.0,,57.0,229574.256008,233121.113224,233121.11322199999,4089.844091614035,41.341711000000004,229574.256008,30399.46540086762,76.658177,63.336736,9.678871705437826,0.24450809800839526,19,64,,True,True,,342,59.56268577710819
149,2026-09-21T07:58:57.076+00:00,2026-09-21T08:02:47.467+00:00,2026-09-21T08:02:53.490+00:00,True,97,97.0,,97.0,230391.144427,236414.244843,236414.244888,2437.2602565773195,42.490042,230391.144427,23386.308030057153,77.471046,62.74062933333334,9.422402536590209,0.4102967655964072,19,64,,True,True,,391,59.56268577710819
150,2026-09-21T07:58:57.461+00:00,2026-09-21T08:02:49.718+00:00,2026-09-21T08:02:51.724+00:00,True,34,34.0,,34.0,232257.593635,234263.561507,234263.561496,6890.104749882353,41.020331,232257.593635,39821.424851773474,75.76561235000001,60.78690521212121,9.166042954399925,0.14513567445692593,19,64,,True,True,,141,59.56268577710819
151,2026-09-21T07:58:57.871+00:00,2026-09-21T08:02:51.908+00:00,2026-09-21T08:02:55.650+00:00,True,60,60.0,,60.0,234036.343939,237778.850691,237778.850536,3962.980842266667,43.698021999999995,234036.343939,30205.774768874548,79.92016595,63.43231783050848,10.408137560764331,0.25233530999765663,19,64,,True,True,,1,59.56268577710819
152,2026-09-21T07:58:58.306+00:00,2026-09-21T08:02:54.227+00:00,2026-09-21T08:02:58.757+00:00,True,73,73.0,,73.0,235921.353356,240451.866764,240451.86680400002,3293.8611890958905,43.004423,235921.353356,27605.142680033216,78.518603,62.92379733333333,9.190622295557883,0.3035950645026534,19,64,,True,True,,473,59.56268577710819
153,2026-09-21T07:58:58.598+00:00,2026-09-21T08:02:55.722+00:00,2026-09-21T08:02:58.936+00:00,True,52,52.0,,52.0,237123.28908199997,240338.15832999998,240338.15817999997,4621.887657307691,39.986962,237123.28908199997,32874.343274746,75.30755144999999,63.03665192156863,8.741048669965718,0.2163618143757289,19,64,,True,True,,160,59.56268577710819
154,2026-09-21T07:58:58.968+00:00,2026-09-21T08:02:57.860+00:00,2026-09-21T08:03:00.896+00:00,True,49,49.0,,49.0,238892.467414,241928.59157400002,241928.59168,4937.318197551021,45.971951000000004,238892.467414,34118.46051644698,76.39455900000002,63.252586666666666,9.354592591897571,0.2025391032998764,19,64,,True,True,,59,59.56268577710819
155,2026-09-21T07:58:59.230+00:00,2026-09-21T08:02:59.201+00:00,2026-09-21T08:03:00.228+00:00,True,18,18.0,,18.0,239971.040894,240997.632126,240997.63198,13388.757332222223,45.247882,239971.040894,56547.4840576549,36061.3541828,60.38771952941176,9.862330362736172,0.07468953052032112,19,64,,True,True,,54,59.56268577710819
156,2026-09-21T07:58:59.585+00:00,2026-09-21T08:03:00.952+00:00,2026-09-21T08:03:01.516+00:00,True,10,10.0,,10.0,241366.374968,241930.201912,241930.201898,24193.020189799998,52.469822,241366.374968,76306.93912367994,132784.9746638,62.64743822222222,8.641203345758532,0.04133423574638032,19,64,,True,True,,40,59.56268577710819
157,2026-09-21T07:58:59.919+00:00,2026-09-21T08:03:02.887+00:00,2026-09-21T08:03:03.575+00:00,True,12,12.0,,12.0,242967.20322099997,243655.25390899996,243655.25395499996,20304.60449625,51.987992,242967.20322099997,70120.53380316826,109377.63380054999,62.550062545454544,7.453817583901398,0.049249912766017125,19,64,,True,True,,12,59.56268577710819
158,2026-09-21T07:59:00.398+00:00,2026-09-21T08:03:05.197+00:00,2026-09-21T08:03:05.655+00:00,True,8,8.0,,8.0,244799.82048300002,245257.669315,245257.66938900002,30657.208673625002,43.055682,244799.82048300002,86526.68245407422,159148.5167345,65.406976,12.448572541472322,0.0326187557043327,19,64,,True,True,,18,59.56268577710819
159,2026-09-21T07:59:00.880+00:00,2026-09-21T08:03:07.821+00:00,2026-09-21T08:03:10.883+00:00,True,49,49.0,,49.0,246941.844565,250003.773525,250003.773602,5102.117828612245,45.317801,246941.844565,35268.29474189343,78.76088060000001,63.79018666666666,9.525321383755832,0.19599704160105438,19,64,,True,True,,441,59.56268577710819
160,2026-09-21T07:59:01.342+00:00,2026-09-21T08:03:09.213+00:00,2026-09-21T08:03:13.188+00:00,True,64,64.0,,64.0,247871.253146,251846.730906,251846.731075,3935.105173046875,42.565252,247871.253146,30976.020255890213,75.82657569999999,63.10282158730159,9.605516843144205,0.25412281418053245,19,64,,True,True,,64,59.56268577710819
161,2026-09-21T07:59:01.624+00:00,2026-09-21T08:03:10.562+00:00,2026-09-21T08:03:16.495+00:00,True,95,95.0,,95.0,248938.134753,254870.96726499998,254870.967071,2682.8522849578944,42.119711,248938.134753,25534.04020767429,78.69793899999999,63.115239489361706,10.078561880286653,0.37273762884583295,19,64,,True,True,,380,59.56268577710819
162,2026-09-21T07:59:02.054+00:00,2026-09-21T08:03:12.979+00:00,2026-09-21T08:03:17.811+00:00,True,77,77.0,,77.0,250925.02787400002,255757.44387400002,255757.443823,3321.525244454546,42.200101000000004,250925.02787400002,28588.31620033188,77.10082100000001,63.584421052631576,9.300263064089727,0.3010665059584126,19,64,,True,True,,83,59.56268577710819
163,2026-09-21T07:59:02.363+00:00,2026-09-21T08:03:15.449+00:00,2026-09-21T08:03:18.511+00:00,True,51,51.0,,51.0,253086.08400799998,256148.15223199996,256148.15235599998,5022.512791294117,44.752432,253086.08400799998,35430.5658487008,76.09939299999999,61.241364479999994,8.743367937719219,0.19910352487652533,19,64,,True,True,,51,59.56268577710819
164,2026-09-21T07:59:02.712+00:00,2026-09-21T08:03:17.241+00:00,2026-09-21T08:03:21.554+00:00,True,69,69.0,,69.0,254528.61147499998,258841.98696299997,258841.986977,3751.3331445942026,43.278502,254528.61147499998,30634.00936243325,77.5742662,63.431992470588234,10.128681838197641,0.2665718989781328,19,64,,True,True,,108,59.56268577710819
165,2026-09-21T07:59:03.054+00:00,2026-09-21T08:03:19.171+00:00,2026-09-21T08:03:25.036+00:00,True,93,93.0,,93.0,256116.687227,261982.09522699998,261982.09520299998,2817.0117763763437,43.171432,256116.687227,26551.454356731698,78.215033,63.7544347826087,10.609755158045564,0.35498609139459764,19,64,,True,True,,8,59.56268577710819
166,2026-09-21T07:59:03.538+00:00,2026-09-21T08:03:21.983+00:00,2026-09-21T08:03:23.807+00:00,True,29,29.0,,29.0,258444.594376,260268.84372,260268.84357,8974.787709310345,44.292652000000004,258444.594376,47979.85903515771,78.08712460000001,65.15176228571428,10.270659119805638,0.1114232483055041,19,64,,True,True,,116,59.56268577710819
167,2026-09-21T07:59:03.871+00:00,2026-09-21T08:03:23.415+00:00,2026-09-21T08:03:27.728+00:00,True,70,70.0,,70.0,259544.097113,263857.287257,263857.287422,3769.3898203142858,43.564281,259544.097113,31013.983007673487,76.65371160000001,62.510002086956526,9.24144963228408,0.26529492790479275,19,64,,True,True,,140,59.56268577710819
168,2026-09-21T07:59:04.269+00:00,2026-09-21T08:03:25.249+00:00,2026-09-21T08:03:30.400+00:00,True,83,83.0,,83.0,260979.490554,266130.897402,266130.897415,3206.39635439759,43.022822,260979.490554,28639.326560111946,75.72076799999999,62.82203473170732,9.3917330030193,0.31187660211668555,19,64,,True,True,,369,59.56268577710819
169,2026-09-21T07:59:04.648+00:00,2026-09-21T08:03:27.495+00:00,2026-09-21T08:03:29.850+00:00,True,38,38.0,,38.0,262846.856794,265202.016858,265202.01683700003,6979.000443078948,44.122072,262846.856794,42629.06590793676,77.619697,63.6529747027027,9.972693773816763,0.1432869947604763,19,64,,True,True,,208,59.56268577710819
170,2026-09-21T07:59:05.642+00:00,2026-09-21T08:03:28.406+00:00,2026-09-21T08:03:29.532+00:00,True,19,19.0,,19.0,262764.377392,263890.691376,263890.691252,13888.983750105263,46.530761,262764.377392,60267.928123224374,26344.932898900002,62.57299911111111,10.584009909006037,0.07199950820898106,19,64,,True,True,,57,59.56268577710819
171,2026-09-21T07:59:05.652+00:00,2026-09-21T08:03:31.495+00:00,2026-09-21T08:03:34.229+00:00,True,44,44.0,,44.0,265842.744602,268577.101338,268577.101289,6104.025029295454,45.407591000000004,265842.744602,40067.71614208172,78.5174855,63.58969153488372,8.888690324492911,0.16382632689384308,19,64,,True,True,,88,59.56268577710819
172,2026-09-21T07:59:05.750+00:00,2026-09-21T08:03:33.175+00:00,2026-09-21T08:03:35.128+00:00,True,31,31.0,,31.0,267425.090617,269377.629497,269377.629288,8689.600944774194,46.692991,267425.090617,48019.27556023527,80.163822,65.08462933333334,9.631319247533245,0.11508008314530527,19,64,,True,True,,93,59.56268577710819
173,2026-09-21T07:59:05.999+00:00,2026-09-21T08:03:34.683+00:00,2026-09-21T08:03:37.796+00:00,True,50,50.0,,50.0,268683.848323,271797.091203,271797.09117800003,5435.941823560001,44.018731,268683.848323,37988.64998477436,79.11053845,63.53556897959184,8.990459413941668,0.18396076197392403,19,64,,True,True,,450,59.56268577710819
174,2026-09-21T07:59:06.286+00:00,2026-09-21T08:03:36.382+00:00,2026-09-21T08:03:36.715+00:00,True,6,6.0,,6.0,270096.100968,270428.84644,270428.846225,45071.47437083333,53.961551,270096.100968,110239.10331378257,202591.527794,66.5490944,10.085871248029136,0.02218698219138105,19,64,,True,True,,26,59.56268577710819
175,2026-09-21T07:59:06.549+00:00,2026-09-21T08:03:37.615+00:00,2026-09-21T08:03:41.339+00:00,True,59,59.0,,59.0,271066.530977,274789.93372900004,274789.933635,4657.456502288136,44.475551,271066.530977,35281.500403052254,77.8262619,64.1965991724138,10.774859890215096,0.21470946624335321,19,64,,True,True,,118,59.56268577710819
176,2026-09-21T07:59:07.031+00:00,2026-09-21T08:03:39.991+00:00,2026-09-21T08:03:44.893+00:00,True,77,77.0,,77.0,272959.241247,277861.803295,277861.80337,3608.594848961039,43.028771,272959.241247,31099.242899050965,78.0577752,64.50739536842106,10.401681420877845,0.27711617461235116,19,64,,True,True,,154,59.56268577710819
177,2026-09-21T07:59:07.512+00:00,2026-09-21T08:03:42.637+00:00,2026-09-21T08:03:46.433+00:00,True,60,60.0,,60.0,275125.064562,278920.985714,278920.98563199997,4648.683093866666,43.663581,275125.064562,35510.188438522746,78.4388405,64.33764664406779,9.642724505225763,0.21511468506540704,19,64,,True,True,,315,59.56268577710819
178,2026-09-21T07:59:07.882+00:00,2026-09-21T08:03:44.773+00:00,2026-09-21T08:03:50.788+00:00,True,96,96.0,,96.0,276890.413199,282906.005135,282906.005255,2946.9375547395834,41.081300000000006,276890.413199,28253.548328870183,79.53784425000002,63.32202037894737,9.698497524676258,0.3393353207691358,19,64,,True,True,,96,59.56268577710819
179,2026-09-21T07:59:08.304+00:00,2026-09-21T08:03:46.663+00:00,2026-09-21T08:03:50.401+00:00,True,60,60.0,,60.0,278358.461945,282096.369145,282096.369103,4701.606151716666,43.176121,278358.461945,35927.74516985545,76.91222145,63.3543593220339,9.632618929514148,0.21269327280550526,19,64,,True,True,,120,59.56268577710819
180,2026-09-21T07:59:08.644+00:00,2026-09-21T08:03:48.557+00:00,2026-09-21T08:03:50.328+00:00,True,29,29.0,,29.0,279912.797569,281683.977601,281683.97779699997,9713.240613689655,50.770351999999995,279912.797569,51966.75590328949,79.422476,63.256429714285716,8.833975125009825,0.10295225254550314,19,64,,True,True,,64,59.56268577710819
181,2026-09-21T07:59:09.110+00:00,2026-09-21T08:03:50.982+00:00,2026-09-21T08:03:52.815+00:00,True,30,30.0,,30.0,281872.550401,283704.955137,283704.95515,9456.831838333334,45.653991000000005,281872.550401,51451.11607300398,78.02217795,63.18637020689655,9.653923869753367,0.10574365888503116,19,64,,True,True,,300,59.56268577710819
182,2026-09-21T07:59:09.512+00:00,2026-09-21T08:03:53.080+00:00,2026-09-21T08:03:54.081+00:00,True,16,16.0,,16.0,283568.35059399996,284569.21126599994,284569.21128499997,17785.575705312498,44.475961000000005,283568.35059399996,70875.40748200317,70950.24516174999,66.7240448,11.32863461353823,0.05622533769137822,19,64,,True,True,,48,59.56268577710819
183,2026-09-21T07:59:09.832+00:00,2026-09-21T08:03:54.355+00:00,2026-09-21T08:03:55.892+00:00,True,26,26.0,,26.0,284523.343927,286060.316983,286060.316939,11002.31988226923,44.473431,284523.343927,55787.56258224697,77.495867,61.47892224,10.903875403788879,0.09088992235698713,19,64,,True,True,,260,59.56268577710819
185,2026-09-21T07:59:10.598+00:00,2026-09-21T08:03:56.462+00:00,2026-09-21T08:04:00.719+00:00,True,68,68.0,,68.0,285863.176491,290120.820523,290120.820541,4266.482655014705,41.170601000000005,285863.176491,34658.29710450359,77.13948335,63.54692585074627,9.22225425030368,0.2343851085124349,19,64,,True,True,,98,59.56268577710819
186,2026-09-21T07:59:10.940+00:00,2026-09-21T08:03:58.341+00:00,2026-09-21T08:04:02.853+00:00,True,70,70.0,,70.0,287401.513875,291913.726099,291913.72621,4170.196088714286,43.216001,287401.513875,34343.23619967123,78.61748095,65.39438005797102,8.946160647448123,0.23979687743857617,19,64,,True,True,,630,59.56268577710819
184,2026-09-21T07:59:10.194+00:00,2026-09-21T08:04:01.481+00:00,2026-09-21T08:04:05.196+00:00,True,60,60.0,,60.0,291286.402079,295002.047007,295002.04695700004,4916.700782616667,46.315941,291286.402079,37596.783561829056,76.39662899999999,62.9770326779661,8.979133768819725,0.2033884191948549,19,64,,True,True,,240,59.56268577710819
187,2026-09-21T07:59:11.386+00:00,2026-09-21T08:04:02.508+00:00,2026-09-21T08:04:07.253+00:00,True,77,77.0,,77.0,291122.49220700003,295867.506223,295867.506286,3842.435146571429,41.464580999999995,291122.49220700003,33169.37342804685,77.66330599999999,62.43439494736842,9.891578092075916,0.26025162743611285,19,64,,True,True,,160,59.56268577710819
188,2026-09-21T07:59:11.769+00:00,2026-09-21T08:04:04.610+00:00,2026-09-21T08:04:10.837+00:00,True,100,100.0,,100.0,292841.318661,299068.147205,299068.147251,2990.68147251,43.547591,292841.318661,29277.843616058137,76.622652,62.89725802020202,9.343369694503703,0.3343719514584539,19,64,,True,True,,108,59.56268577710819
189,2026-09-21T07:59:12.131+00:00,2026-09-21T08:04:06.621+00:00,2026-09-21T08:04:12.116+00:00,True,88,88.0,,88.0,294490.731791,299985.330447,299985.330336,3408.9242083636364,41.345841,294490.731791,31386.08653299494,77.58026049999998,63.156306390804595,9.852943065114953,0.2933476775976799,19,64,,True,True,,263,59.56268577710819
190,2026-09-21T07:59:12.494+00:00,2026-09-21T08:04:08.479+00:00,2026-09-21T08:04:12.544+00:00,False,67,66.0,,66.0,295985.38826700003,300050.301931,300050.301753,4478.362712731344,0.03787,295985.38826700003,36152.84806456146,76.82256129999999,61.58960096969697,12.146018906097252,0.21996311810136904,19,64,,True,False,Request timeout: 300.0s exceeded,198,59.56268577710819
191,2026-09-21T07:59:12.756+00:00,2026-09-21T08:04:10.089+00:00,2026-09-21T08:04:12.765+00:00,False,45,44.0,,44.0,297333.201718,300009.36351,300009.363724,6666.8747494222225,0.0247,297333.201718,44314.751890916705,78.644352,60.821858909090906,13.281681096476666,0.1466620890935405,19,64,,True,False,Request timeout: 300.0s exceeded,132,59.56268577710819
192,2026-09-21T07:59:13.158+00:00,2026-09-21T08:04:12.260+00:00,2026-09-21T08:04:13.212+00:00,False,18,17.0,,17.0,299102.50358899997,300054.190501,300054.19058899995,16669.677254944443,0.02851,299102.50358899997,70485.94316269079,44931.8652932,55.981583058823524,17.150136922210713,0.05665643253178743,19,64,,True,False,Request timeout: 300.0s exceeded,136,59.56268577710819
193,2026-09-21T07:59:13.492+00:00,2026-09-21T08:04:13.599+00:00,2026-09-21T08:04:13.599+00:00,False,1,0.0,,0.0,300107.327017,300107.327017,300107.327017,300107.327017,300107.327017,300107.327017,nan,300107.327017,nan,nan,0.0,19,64,,True,False,"HTTPConnectionPool(host='gpu06', port=9004): Read timed out.",0,59.56268577710819
194,2026-09-21T07:59:13.844+00:00,2026-09-21T08:04:13.894+00:00,2026-09-21T08:04:13.894+00:00,False,1,0.0,,0.0,300050.004322,300050.004322,300050.004322,300050.004322,300050.004322,300050.004322,nan,300050.004322,nan,nan,0.0,19,64,,True,False,"HTTPConnectionPool(host='gpu06', port=9004): Read timed out.",0,59.56268577710819
195,2026-09-21T07:59:14.271+00:00,2026-09-21T08:04:14.350+00:00,2026-09-21T08:04:14.350+00:00,False,1,0.0,,0.0,300079.527774,300079.527774,300079.527774,300079.527774,300079.527774,300079.527774,nan,300079.527774,nan,nan,0.0,19,64,,True,False,"HTTPConnectionPool(host='gpu06', port=9004): Read timed out.",0,59.56268577710819
196,2026-09-21T07:59:14.620+00:00,2026-09-21T08:04:14.715+00:00,2026-09-21T08:04:14.715+00:00,False,1,0.0,,0.0,300095.717811,300095.717811,300095.717811,300095.717811,300095.717811,300095.717811,nan,300095.717811,nan,nan,0.0,19,64,,True,False,"HTTPConnectionPool(host='gpu06', port=9004): Read timed out.",0,59.56268577710819
197,2026-09-21T07:59:15.057+00:00,2026-09-21T08:04:15.161+00:00,2026-09-21T08:04:15.161+00:00,False,1,0.0,,0.0,300104.135802,300104.135802,300104.135802,300104.135802,300104.135802,300104.135802,nan,300104.135802,nan,nan,0.0,19,64,,True,False,"HTTPConnectionPool(host='gpu06', port=9004): Read timed out.",0,59.56268577710819
198,2026-09-21T07:59:15.339+00:00,2026-09-21T08:04:15.456+00:00,2026-09-21T08:04:15.456+00:00,False,1,0.0,,0.0,300117.199123,300117.199123,300117.199123,300117.199123,300117.199123,300117.199123,nan,300117.199123,nan,nan,0.0,19,64,,True,False,"HTTPConnectionPool(host='gpu06', port=9004): Read timed out.",0,59.56268577710819
199,2026-09-21T07:59:15.651+00:00,2026-09-21T08:04:15.646+00:00,2026-09-21T08:04:15.803+00:00,False,3,2.0,,2.0,299995.566819,300152.731363,300152.731493,100050.91049766667,0.02554,299995.566819,173157.16954478793,270011.72405049996,78.582272,111.09591095729476,0.006663274363414776,19,64,,True,False,Request timeout: 300.0s exceeded,22,59.56268577710819
200,2026-09-21T07:59:15.999+00:00,2026-09-21T08:04:16.105+00:00,2026-09-21T08:04:16.105+00:00,False,1,0.0,,0.0,300105.918459,300105.918459,300105.918459,300105.918459,300105.918459,300105.918459,nan,300105.918459,nan,nan,0.0,19,64,,True,False,"HTTPConnectionPool(host='gpu06', port=9004): Read timed out.",0,59.56268577710819
201,2026-09-21T07:59:16.288+00:00,2026-09-21T08:04:16.382+00:00,2026-09-21T08:04:16.382+00:00,False,1,0.0,,0.0,300094.18484899995,300094.18484899995,300094.18484899995,300094.18484899995,300094.18484899995,300094.18484899995,nan,300094.18484899995,nan,nan,0.0,19,64,,True,False,"HTTPConnectionPool(host='gpu06', port=9004): Read timed out.",0,59.56268577710819
202,2026-09-21T07:59:16.735+00:00,2026-09-21T08:04:16.823+00:00,2026-09-21T08:04:16.823+00:00,False,1,0.0,,0.0,300088.285719,300088.285719,300088.285719,300088.285719,300088.285719,300088.285719,nan,300088.285719,nan,nan,0.0,19,64,,True,False,"HTTPConnectionPool(host='gpu06', port=9004): Read timed out.",0,59.56268577710819
203,2026-09-21T07:59:17.118+00:00,2026-09-21T08:04:17.222+00:00,2026-09-21T08:04:17.222+00:00,False,1,0.0,,0.0,300104.134194,300104.134194,300104.134194,300104.134194,300104.134194,300104.134194,nan,300104.134194,nan,nan,0.0,19,64,,True,False,"HTTPConnectionPool(host='gpu06', port=9004): Read timed out.",0,59.56268577710819
204,2026-09-21T07:59:17.478+00:00,2026-09-21T08:04:17.548+00:00,2026-09-21T08:04:17.548+00:00,False,1,0.0,,0.0,300069.46103899996,300069.46103899996,300069.46103899996,300069.46103899996,300069.46103899996,300069.46103899996,nan,300069.46103899996,nan,nan,0.0,19,64,,True,False,TTFT timeout: 300.0s exceeded (TTFT: 300.064s),0,59.56268577710819
205,2026-09-21T07:59:17.915+00:00,2026-09-21T08:04:17.917+00:00,2026-09-21T08:04:18.032+00:00,False,3,2.0,,2.0,300002.406668,300117.83783599996,300117.83772,100039.27923999999,0.02956,300002.406668,173173.1577807617,270013.7061504,57.715584,81.58016516713538,0.0066640490762595195,19,64,,True,False,Request timeout: 300.0s exceeded,5,59.56268577710819
207,2026-09-21T07:59:19.309+00:00,2026-09-21T08:04:18.821+00:00,2026-09-21T08:04:19.743+00:00,False,15,14.0,,14.0,299511.139265,300433.658561,300433.658644,20028.910576266666,0.03541,299511.139265,77316.43539405816,89934.9483626,65.89423542857142,30.507436390713934,0.046599306039996985,19,64,,True,False,Request timeout: 300.0s exceeded,56,59.56268577710819
209,2026-09-21T07:59:19.440+00:00,2026-09-21T08:04:18.821+00:00,2026-09-21T08:04:19.683+00:00,False,14,13.0,,13.0,299380.568563,300242.370035,300242.370161,21445.88358292857,0.024210000000000002,299380.568563,79995.11098142156,104859.01100150001,66.29242092307692,31.761112123912962,0.04329835258922502,19,64,,True,False,Request timeout: 300.0s exceeded,61,59.56268577710819
206,2026-09-21T07:59:18.256+00:00,2026-09-21T08:04:18.821+00:00,2026-09-21T08:04:19.785+00:00,False,16,15.0,,15.0,300565.189377,301528.92006499995,301528.91982699995,18845.557489187497,0.02395,300565.189377,75125.24095649502,75229.24143899999,64.24871253333333,30.52066717196909,0.04974647206896931,19,64,,True,False,Request timeout: 300.0s exceeded,44,59.56268577710819
208,2026-09-21T07:59:19.346+00:00,2026-09-21T08:04:18.823+00:00,2026-09-21T08:04:19.786+00:00,False,16,15.0,,15.0,299476.363201,300439.56704099994,300439.56692099996,18777.472932562498,0.038759999999999996,299476.363201,74853.04298697137,74956.4718925,64.21358933333333,29.92252363030726,0.049926846013438046,19,64,,True,False,Request timeout: 300.0s exceeded,15,59.56268577710819
210,2026-09-21T07:59:20.197+00:00,2026-09-21T08:04:21.311+00:00,2026-09-21T08:04:21.404+00:00,False,4,3.0,,3.0,301114.512348,301207.145692,301207.14578,75301.786445,0.03252,301114.512348,150541.81885335894,255954.49862745003,30.87778133333333,26.752305323374085,0.009959923072567663,19,64,,True,False,Request timeout: 300.0s exceeded,33,59.56268577710819
211,2026-09-21T07:59:20.227+00:00,2026-09-21T08:04:21.314+00:00,2026-09-21T08:04:21.403+00:00,False,4,3.0,,3.0,301087.317156,301175.711908,301175.711838,75293.9279595,0.032100000000000004,301087.317156,150528.9275831287,255931.21557825,29.464917333333332,25.60796611331383,0.009960962592217293,19,64,,True,False,Request timeout: 300.0s exceeded,27,59.56268577710819
215,2026-09-21T07:59:21.482+00:00,2026-09-21T08:04:21.897+00:00,2026-09-21T08:04:21.897+00:00,False,1,0.0,,0.0,300415.272458,300415.272458,300415.272458,300415.272458,300415.272458,300415.272458,nan,300415.272458,nan,nan,0.0,19,64,,True,False,"HTTPConnectionPool(host='gpu06', port=9004): Read timed out.",0,59.56268577710819
212,2026-09-21T07:59:20.497+00:00,2026-09-21T08:04:21.897+00:00,2026-09-21T08:04:21.897+00:00,False,1,0.0,,0.0,301400.037714,301400.037714,301400.037714,301400.037714,301400.037714,301400.037714,nan,301400.037714,nan,nan,0.0,19,64,,True,False,"HTTPConnectionPool(host='gpu06', port=9004): Read timed out.",0,59.56268577710819
216,2026-09-21T07:59:21.752+00:00,2026-09-21T08:04:21.899+00:00,2026-09-21T08:04:21.899+00:00,False,1,0.0,,0.0,300147.209954,300147.209954,300147.209954,300147.209954,300147.209954,300147.209954,nan,300147.209954,nan,nan,0.0,19,64,,True,False,"HTTPConnectionPool(host='gpu06', port=9004): Read timed out.",0,59.56268577710819
219,2026-09-21T07:59:22.883+00:00,2026-09-21T08:04:23.286+00:00,2026-09-21T08:04:23.286+00:00,False,1,0.0,,0.0,300402.78788300004,300402.78788300004,300402.78788300004,300402.78788300004,300402.78788300004,300402.78788300004,nan,300402.78788300004,nan,nan,0.0,19,64,,True,False,"HTTPConnectionPool(host='gpu06', port=9004): Read timed out.",0,59.56268577710819
218,2026-09-21T07:59:22.469+00:00,2026-09-21T08:04:23.291+00:00,2026-09-21T08:04:23.291+00:00,False,1,0.0,,0.0,300822.59977100004,300822.59977100004,300822.59977100004,300822.59977100004,300822.59977100004,300822.59977100004,nan,300822.59977100004,nan,nan,0.0,19,64,,True,False,"HTTPConnectionPool(host='gpu06', port=9004): Read timed out.",0,59.56268577710819
214,2026-09-21T07:59:21.138+00:00,2026-09-21T08:04:23.300+00:00,2026-09-21T08:04:23.300+00:00,False,1,0.0,,0.0,302162.697328,302162.697328,302162.697328,302162.697328,302162.697328,302162.697328,nan,302162.697328,nan,nan,0.0,19,64,,True,False,"HTTPConnectionPool(host='gpu06', port=9004): Read timed out.",0,59.56268577710819
213,2026-09-21T07:59:20.841+00:00,2026-09-21T08:04:23.316+00:00,2026-09-21T08:04:23.316+00:00,False,1,0.0,,0.0,302474.935864,302474.935864,302474.935864,302474.935864,302474.935864,302474.935864,nan,302474.935864,nan,nan,0.0,19,64,,True,False,"HTTPConnectionPool(host='gpu06', port=9004): Read timed out.",0,59.56268577710819
217,2026-09-21T07:59:22.049+00:00,2026-09-21T08:04:23.318+00:00,2026-09-21T08:04:23.318+00:00,False,1,0.0,,0.0,301268.380718,301268.380718,301268.380718,301268.380718,301268.380718,301268.380718,nan,301268.380718,nan,nan,0.0,19,64,,True,False,"HTTPConnectionPool(host='gpu06', port=9004): Read timed out.",0,59.56268577710819
220,2026-09-21T07:59:23.276+00:00,2026-09-21T08:04:23.367+00:00,2026-09-21T08:04:23.367+00:00,False,1,0.0,,0.0,300090.903461,300090.903461,300090.903461,300090.903461,300090.903461,300090.903461,nan,300090.903461,nan,nan,0.0,19,64,,True,False,"HTTPConnectionPool(host='gpu06', port=9004): Read timed out.",0,59.56268577710819
221,2026-09-21T07:59:23.721+00:00,2026-09-21T08:04:23.783+00:00,2026-09-21T08:04:23.783+00:00,False,1,0.0,,0.0,300062.419461,300062.419461,300062.419461,300062.419461,300062.419461,300062.419461,nan,300062.419461,nan,nan,0.0,19,64,,True,False,"HTTPConnectionPool(host='gpu06', port=9004): Read timed out.",0,59.56268577710819
222,2026-09-21T07:59:24.025+00:00,2026-09-21T08:04:24.124+00:00,2026-09-21T08:04:24.124+00:00,False,1,0.0,,0.0,300098.796011,300098.796011,300098.796011,300098.796011,300098.796011,300098.796011,nan,300098.796011,nan,nan,0.0,19,64,,True,False,"HTTPConnectionPool(host='gpu06', port=9004): Read timed out.",0,59.56268577710819
223,2026-09-21T07:59:24.333+00:00,2026-09-21T08:04:24.440+00:00,2026-09-21T08:04:24.440+00:00,False,1,0.0,,0.0,300107.543441,300107.543441,300107.543441,300107.543441,300107.543441,300107.543441,nan,300107.543441,nan,nan,0.0,19,64,,True,False,"HTTPConnectionPool(host='gpu06', port=9004): Read timed out.",0,59.56268577710819
224,2026-09-21T07:59:24.673+00:00,2026-09-21T08:04:24.774+00:00,2026-09-21T08:04:24.774+00:00,False,1,0.0,,0.0,300100.68835799996,300100.68835799996,300100.68835799996,300100.68835799996,300100.68835799996,300100.68835799996,nan,300100.68835799996,nan,nan,0.0,19,64,,True,False,"HTTPConnectionPool(host='gpu06', port=9004): Read timed out.",0,59.56268577710819
225,2026-09-21T07:59:25.003+00:00,2026-09-21T08:04:25.104+00:00,2026-09-21T08:04:25.104+00:00,False,1,0.0,,0.0,300101.46627499996,300101.46627499996,300101.46627499996,300101.46627499996,300101.46627499996,300101.46627499996,nan,300101.46627499996,nan,nan,0.0,19,64,,True,False,"HTTPConnectionPool(host='gpu06', port=9004): Read timed out.",0,59.56268577710819
226,2026-09-21T07:59:25.317+00:00,2026-09-21T08:04:25.326+00:00,2026-09-21T08:04:25.531+00:00,False,3,2.0,,2.0,300009.325362,300214.288946,300214.288816,100071.42960533332,0.03027,300009.325362,173151.32721409854,270028.8861442,102.481792,144.8884195794064,0.0066619080891241085,19,64,,True,False,Request timeout: 300.0s exceeded,2,59.56268577710819
227,2026-09-21T07:59:25.676+00:00,2026-09-21T08:04:25.640+00:00,2026-09-21T08:04:25.717+00:00,False,3,2.0,,2.0,299964.175528,300040.77124,300040.77136899997,100013.59045633333,0.06375,299964.175528,173162.29039467036,269975.41118429997,38.297856,54.071199735691906,0.00666576076222727,19,64,,True,False,Request timeout: 300.0s exceeded,6,59.56268577710819
228,2026-09-21T07:59:25.950+00:00,2026-09-21T08:04:26.005+00:00,2026-09-21T08:04:26.005+00:00,False,1,0.0,,0.0,300055.01499,300055.01499,300055.01499,300055.01499,300055.01499,300055.01499,nan,300055.01499,nan,nan,0.0,19,64,,True,False,"HTTPConnectionPool(host='gpu06', port=9004): Read timed out.",0,59.56268577710819
229,2026-09-21T07:59:26.332+00:00,2026-09-21T08:04:26.367+00:00,2026-09-21T08:04:26.367+00:00,False,1,0.0,,0.0,300034.931705,300034.931705,300034.931705,300034.931705,300034.931705,300034.931705,nan,300034.931705,nan,nan,0.0,19,64,,True,False,"HTTPConnectionPool(host='gpu06', port=9004): Read timed out.",0,59.56268577710819
230,2026-09-21T07:59:26.634+00:00,2026-09-21T08:04:26.737+00:00,2026-09-21T08:04:26.737+00:00,False,1,0.0,,0.0,300103.414136,300103.414136,300103.414136,300103.414136,300103.414136,300103.414136,nan,300103.414136,nan,nan,0.0,19,64,,True,False,"HTTPConnectionPool(host='gpu06', port=9004): Read timed out.",0,59.56268577710819
231,2026-09-21T07:59:27.088+00:00,2026-09-21T08:04:27.176+00:00,2026-09-21T08:04:27.176+00:00,False,1,0.0,,0.0,300087.34566500003,300087.34566500003,300087.34566500003,300087.34566500003,300087.34566500003,300087.34566500003,nan,300087.34566500003,nan,nan,0.0,19,64,,True,False,"HTTPConnectionPool(host='gpu06', port=9004): Read timed out.",0,59.56268577710819
232,2026-09-21T07:59:27.362+00:00,2026-09-21T08:04:27.468+00:00,2026-09-21T08:04:27.468+00:00,False,1,0.0,,0.0,300106.375337,300106.375337,300106.375337,300106.375337,300106.375337,300106.375337,nan,300106.375337,nan,nan,0.0,19,64,,True,False,"HTTPConnectionPool(host='gpu06', port=9004): Read timed out.",0,59.56268577710819
233,2026-09-21T07:59:27.666+00:00,2026-09-21T08:04:27.658+00:00,2026-09-21T08:04:27.764+00:00,False,3,2.0,,2.0,299992.342635,300097.712747,300097.712767,100032.57092233334,0.03164,299992.342635,173170.2500428974,270003.6422207,52.685056,74.46338997293401,0.00666449597930164,19,64,,True,False,Request timeout: 300.0s exceeded,18,59.56268577710819
234,2026-09-21T07:59:27.992+00:00,2026-09-21T08:04:28.101+00:00,2026-09-21T08:04:28.101+00:00,False,1,0.0,,0.0,300108.94922500005,300108.94922500005,300108.94922500005,300108.94922500005,300108.94922500005,300108.94922500005,nan,300108.94922500005,nan,nan,0.0,19,64,,True,False,"HTTPConnectionPool(host='gpu06', port=9004): Read timed out.",0,59.56268577710819
235,2026-09-21T07:59:28.429+00:00,2026-09-21T08:04:28.544+00:00,2026-09-21T08:04:28.544+00:00,False,1,0.0,,0.0,300114.558605,300114.558605,300114.558605,300114.558605,300114.558605,300114.558605,nan,300114.558605,nan,nan,0.0,19,64,,True,False,"HTTPConnectionPool(host='gpu06', port=9004): Read timed out.",0,59.56268577710819
236,2026-09-21T07:59:28.756+00:00,2026-09-21T08:04:28.837+00:00,2026-09-21T08:04:28.837+00:00,False,1,0.0,,0.0,300081.096394,300081.096394,300081.096394,300081.096394,300081.096394,300081.096394,nan,300081.096394,nan,nan,0.0,19,64,,True,False,TTFT timeout: 300.0s exceeded (TTFT: 300.079s),0,59.56268577710819
237,2026-09-21T07:59:29.031+00:00,2026-09-21T08:04:29.138+00:00,2026-09-21T08:04:29.138+00:00,False,1,0.0,,0.0,300107.554256,300107.554256,300107.554256,300107.554256,300107.554256,300107.554256,nan,300107.554256,nan,nan,0.0,19,64,,True,False,"HTTPConnectionPool(host='gpu06', port=9004): Read timed out.",0,59.56268577710819
238,2026-09-21T07:59:29.440+00:00,2026-09-21T08:04:29.535+00:00,2026-09-21T08:04:29.535+00:00,False,1,0.0,,0.0,300095.343778,300095.343778,300095.343778,300095.343778,300095.343778,300095.343778,nan,300095.343778,nan,nan,0.0,19,64,,True,False,"HTTPConnectionPool(host='gpu06', port=9004): Read timed out.",0,59.56268577710819
239,2026-09-21T07:59:29.807+00:00,2026-09-21T08:04:29.752+00:00,2026-09-21T08:04:29.824+00:00,False,3,2.0,,2.0,299944.95813,300017.003186,300017.003151,100005.66771699999,0.04498,299944.95813,173152.508449988,269957.6623211,36.022528,50.87982884229828,0.006666288839503107,19,64,,True,False,Request timeout: 300.0s exceeded,15,59.56268577710819
240,2026-09-21T07:59:30.138+00:00,2026-09-21T08:04:30.239+00:00,2026-09-21T08:04:30.239+00:00,False,1,0.0,,0.0,300101.134301,300101.134301,300101.134301,300101.134301,300101.134301,300101.134301,nan,300101.134301,nan,nan,0.0,19,64,,True,False,"HTTPConnectionPool(host='gpu06', port=9004): Read timed out.",0,59.56268577710819
241,2026-09-21T07:59:30.590+00:00,2026-09-21T08:04:30.694+00:00,2026-09-21T08:04:30.694+00:00,False,1,0.0,,0.0,300104.35676,300104.35676,300104.35676,300104.35676,300104.35676,300104.35676,nan,300104.35676,nan,nan,0.0,19,64,,True,False,"HTTPConnectionPool(host='gpu06', port=9004): Read timed out.",0,59.56268577710819
242,2026-09-21T07:59:31.046+00:00,2026-09-21T08:04:31.152+00:00,2026-09-21T08:04:31.152+00:00,False,1,0.0,,0.0,300105.9533,300105.9533,300105.9533,300105.9533,300105.9533,300105.9533,nan,300105.9533,nan,nan,0.0,19,64,,True,False,"HTTPConnectionPool(host='gpu06', port=9004): Read timed out.",0,59.56268577710819
243,2026-09-21T07:59:31.515+00:00,2026-09-21T08:04:31.512+00:00,2026-09-21T08:04:32.862+00:00,False,21,20.0,,20.0,299996.613546,301346.61879399995,301346.618745,14349.838987857142,0.033,299996.613546,65449.911352280535,182.415384,67.50026240000001,42.37314766580664,0.0663687552893101,19,64,,True,False,Request timeout: 300.0s exceeded,60,59.56268577710819
244,2026-09-21T07:59:31.932+00:00,2026-09-21T08:04:31.872+00:00,2026-09-21T08:04:31.872+00:00,True,1,1.0,,1.0,299940.26933700003,299940.26933700003,299940.26933700003,299940.26933700003,299940.26933700003,299940.26933700003,nan,299940.26933700003,nan,nan,0.0033339971395319476,19,64,,True,True,,1,59.56268577710819
247,2026-09-21T07:59:32.910+00:00,2026-09-21T08:04:33.029+00:00,2026-09-21T08:04:33.029+00:00,False,1,0.0,,0.0,300119.488585,300119.488585,300119.488585,300119.488585,300119.488585,300119.488585,nan,300119.488585,nan,nan,0.0,19,64,,True,False,"HTTPConnectionPool(host='gpu06', port=9004): Read timed out.",0,59.56268577710819
248,2026-09-21T07:59:33.211+00:00,2026-09-21T08:04:33.222+00:00,2026-09-21T08:04:33.222+00:00,False,1,0.0,,0.0,300011.02519300004,300011.02519300004,300011.02519300004,300011.02519300004,300011.02519300004,300011.02519300004,nan,300011.02519300004,nan,nan,0.0,19,64,,True,False,"HTTPConnectionPool(host='gpu06', port=9004): Read timed out.",0,59.56268577710819
245,2026-09-21T07:59:32.250+00:00,2026-09-21T08:04:33.283+00:00,2026-09-21T08:04:33.283+00:00,False,1,0.0,,0.0,301033.06277899997,301033.06277899997,301033.06277899997,301033.06277899997,301033.06277899997,301033.06277899997,nan,301033.06277899997,nan,nan,0.0,19,64,,True,False,"HTTPConnectionPool(host='gpu06', port=9004): Read timed out.",0,59.56268577710819
249,2026-09-21T07:59:33.475+00:00,2026-09-21T08:04:33.495+00:00,2026-09-21T08:04:33.495+00:00,False,1,0.0,,0.0,300020.431016,300020.431016,300020.431016,300020.431016,300020.431016,300020.431016,nan,300020.431016,nan,nan,0.0,19,64,,True,False,"HTTPConnectionPool(host='gpu06', port=9004): Read timed out.",0,59.56268577710819
246,2026-09-21T07:59:32.596+00:00,2026-09-21T08:04:33.915+00:00,2026-09-21T08:04:34.813+00:00,False,14,13.0,,13.0,301319.111492,302216.430148,302216.430361,21586.88788292857,0.029920000000000002,301319.111492,80512.48795998939,105608.19329894999,69.024512,52.15270318241324,0.0430155302729031,19,64,,True,False,Request timeout: 300.0s exceeded,26,59.56268577710819
251,2026-09-21T07:59:35.088+00:00,2026-09-21T08:04:35.427+00:00,2026-09-21T08:04:35.427+00:00,False,1,0.0,,0.0,300339.143064,300339.143064,300339.143064,300339.143064,300339.143064,300339.143064,nan,300339.143064,nan,nan,0.0,19,64,,True,False,"HTTPConnectionPool(host='gpu06', port=9004): Read timed out.",0,59.56268577710819
252,2026-09-21T07:59:35.183+00:00,2026-09-21T08:04:35.610+00:00,2026-09-21T08:04:35.610+00:00,False,1,0.0,,0.0,300426.828569,300426.828569,300426.828569,300426.828569,300426.828569,300426.828569,nan,300426.828569,nan,nan,0.0,19,64,,True,False,"HTTPConnectionPool(host='gpu06', port=9004): Read timed out.",0,59.56268577710819
253,2026-09-21T07:59:35.496+00:00,2026-09-21T08:04:35.651+00:00,2026-09-21T08:04:35.651+00:00,False,1,0.0,,0.0,300154.974773,300154.974773,300154.974773,300154.974773,300154.974773,300154.974773,nan,300154.974773,nan,nan,0.0,19,64,,True,False,"HTTPConnectionPool(host='gpu06', port=9004): Read timed out.",0,59.56268577710819
254,2026-09-21T07:59:35.519+00:00,2026-09-21T08:04:35.813+00:00,2026-09-21T08:04:35.813+00:00,False,1,0.0,,0.0,300294.186873,300294.186873,300294.186873,300294.186873,300294.186873,300294.186873,nan,300294.186873,nan,nan,0.0,19,64,,True,False,"HTTPConnectionPool(host='gpu06', port=9004): Read timed out.",0,59.56268577710819
250,2026-09-21T07:59:35.011+00:00,2026-09-21T08:04:35.891+00:00,2026-09-21T08:04:35.891+00:00,False,1,0.0,,0.0,300880.25899299997,300880.25899299997,300880.25899299997,300880.25899299997,300880.25899299997,300880.25899299997,nan,300880.25899299997,nan,nan,0.0,19,64,,True,False,"HTTPConnectionPool(host='gpu06', port=9004): Read timed out.",0,59.56268577710819
255,2026-09-21T07:59:35.867+00:00,2026-09-21T08:04:36.119+00:00,2026-09-21T08:04:36.119+00:00,False,1,0.0,,0.0,300252.665653,300252.665653,300252.665653,300252.665653,300252.665653,300252.665653,nan,300252.665653,nan,nan,0.0,19,64,,True,False,"HTTPConnectionPool(host='gpu06', port=9004): Read timed out.",0,59.56268577710819
256,2026-09-21T07:59:36.103+00:00,2026-09-21T08:04:36.273+00:00,2026-09-21T08:04:36.273+00:00,False,1,0.0,,0.0,300170.486503,300170.486503,300170.486503,300170.486503,300170.486503,300170.486503,nan,300170.486503,nan,nan,0.0,19,64,,True,False,"HTTPConnectionPool(host='gpu06', port=9004): Read timed out.",0,59.56268577710819
257,2026-09-21T07:59:36.403+00:00,2026-09-21T08:04:36.466+00:00,2026-09-21T08:04:36.466+00:00,False,1,0.0,,0.0,300062.299445,300062.299445,300062.299445,300062.299445,300062.299445,300062.299445,nan,300062.299445,nan,nan,0.0,19,64,,True,False,"HTTPConnectionPool(host='gpu06', port=9004): Read timed out.",0,59.56268577710819
258,2026-09-21T07:59:36.664+00:00,2026-09-21T08:04:36.775+00:00,2026-09-21T08:04:36.775+00:00,False,1,0.0,,0.0,300110.926613,300110.926613,300110.926613,300110.926613,300110.926613,300110.926613,nan,300110.926613,nan,nan,0.0,19,64,,True,False,"HTTPConnectionPool(host='gpu06', port=9004): Read timed out.",0,59.56268577710819
259,2026-09-21T07:59:37.114+00:00,2026-09-21T08:04:37.230+00:00,2026-09-21T08:04:37.230+00:00,False,1,0.0,,0.0,300116.569706,300116.569706,300116.569706,300116.569706,300116.569706,300116.569706,nan,300116.569706,nan,nan,0.0,19,64,,True,False,"HTTPConnectionPool(host='gpu06', port=9004): Read timed out.",0,59.56268577710819
260,2026-09-21T07:59:37.565+00:00,2026-09-21T08:04:37.654+00:00,2026-09-21T08:04:37.654+00:00,False,1,0.0,,0.0,300089.30144999997,300089.30144999997,300089.30144999997,300089.30144999997,300089.30144999997,300089.30144999997,nan,300089.30144999997,nan,nan,0.0,19,64,,True,False,"HTTPConnectionPool(host='gpu06', port=9004): Read timed out.",0,59.56268577710819
261,2026-09-21T07:59:37.880+00:00,2026-09-21T08:04:37.910+00:00,2026-09-21T08:04:37.910+00:00,False,1,0.0,,0.0,300030.095996,300030.095996,300030.095996,300030.095996,300030.095996,300030.095996,nan,300030.095996,nan,nan,0.0,19,64,,True,False,TTFT timeout: 300.0s exceeded (TTFT: 300.005s),0,59.56268577710819
262,2026-09-21T07:59:38.351+00:00,2026-09-21T08:04:38.255+00:00,2026-09-21T08:04:38.398+00:00,False,5,4.0,,4.0,299903.937954,300046.848162,300046.848206,60009.369641200006,0.03968,299903.937954,134105.14217496384,239933.8344924,35.727552,24.14253277672371,0.013331251517897422,19,64,,True,False,Request timeout: 300.0s exceeded,15,59.56268577710819
263,2026-09-21T07:59:38.740+00:00,2026-09-21T08:04:38.806+00:00,2026-09-21T08:04:38.806+00:00,False,1,0.0,,0.0,300066.263996,300066.263996,300066.263996,300066.263996,300066.263996,300066.263996,nan,300066.263996,nan,nan,0.0,19,64,,True,False,"HTTPConnectionPool(host='gpu06', port=9004): Read timed out.",0,59.56268577710819
264,2026-09-21T07:59:39.072+00:00,2026-09-21T08:04:39.100+00:00,2026-09-21T08:04:39.100+00:00,False,1,0.0,,0.0,300028.096769,300028.096769,300028.096769,300028.096769,300028.096769,300028.096769,nan,300028.096769,nan,nan,0.0,19,64,,True,False,"HTTPConnectionPool(host='gpu06', port=9004): Read timed out.",0,59.56268577710819
265,2026-09-21T07:59:39.436+00:00,2026-09-21T08:04:39.554+00:00,2026-09-21T08:04:39.554+00:00,False,1,0.0,,0.0,300117.76686900004,300117.76686900004,300117.76686900004,300117.76686900004,300117.76686900004,300117.76686900004,nan,300117.76686900004,nan,nan,0.0,19,64,,True,False,TTFT timeout: 300.0s exceeded (TTFT: 300.097s),0,59.56268577710819
266,2026-09-21T07:59:39.872+00:00,2026-09-21T08:04:39.977+00:00,2026-09-21T08:04:39.977+00:00,False,1,0.0,,0.0,300104.889615,300104.889615,300104.889615,300104.889615,300104.889615,300104.889615,nan,300104.889615,nan,nan,0.0,19,64,,True,False,"HTTPConnectionPool(host='gpu06', port=9004): Read timed out.",0,59.56268577710819
267,2026-09-21T07:59:40.214+00:00,2026-09-21T08:04:40.319+00:00,2026-09-21T08:04:40.319+00:00,False,1,0.0,,0.0,300105.911194,300105.911194,300105.911194,300105.911194,300105.911194,300105.911194,nan,300105.911194,nan,nan,0.0,19,64,,True,False,"HTTPConnectionPool(host='gpu06', port=9004): Read timed out.",0,59.56268577710819
268,2026-09-21T07:59:40.567+00:00,2026-09-21T08:04:40.625+00:00,2026-09-21T08:04:40.625+00:00,False,1,0.0,,0.0,300057.929175,300057.929175,300057.929175,300057.929175,300057.929175,300057.929175,nan,300057.929175,nan,nan,0.0,19,64,,True,False,TTFT timeout: 300.0s exceeded (TTFT: 300.053s),0,59.56268577710819
269,2026-09-21T07:59:40.908+00:00,2026-09-21T08:04:41.009+00:00,2026-09-21T08:04:41.009+00:00,False,1,0.0,,0.0,300101.542291,300101.542291,300101.542291,300101.542291,300101.542291,300101.542291,nan,300101.542291,nan,nan,0.0,19,64,,True,False,"HTTPConnectionPool(host='gpu06', port=9004): Read timed out.",0,59.56268577710819
270,2026-09-21T07:59:41.189+00:00,2026-09-21T08:04:41.271+00:00,2026-09-21T08:04:41.271+00:00,False,1,0.0,,0.0,300082.11759,300082.11759,300082.11759,300082.11759,300082.11759,300082.11759,nan,300082.11759,nan,nan,0.0,19,64,,True,False,"HTTPConnectionPool(host='gpu06', port=9004): Read timed out.",0,59.56268577710819
271,2026-09-21T07:59:41.617+00:00,2026-09-21T08:04:41.721+00:00,2026-09-21T08:04:41.721+00:00,False,1,0.0,,0.0,300103.993856,300103.993856,300103.993856,300103.993856,300103.993856,300103.993856,nan,300103.993856,nan,nan,0.0,19,64,,True,False,"HTTPConnectionPool(host='gpu06', port=9004): Read timed out.",0,59.56268577710819
272,2026-09-21T07:59:41.985+00:00,2026-09-21T08:04:42.090+00:00,2026-09-21T08:04:42.090+00:00,False,1,0.0,,0.0,300105.1455,300105.1455,300105.1455,300105.1455,300105.1455,300105.1455,nan,300105.1455,nan,nan,0.0,19,64,,True,False,"HTTPConnectionPool(host='gpu06', port=9004): Read timed out.",0,59.56268577710819
273,2026-09-21T07:59:42.277+00:00,2026-09-21T08:04:42.381+00:00,2026-09-21T08:04:42.381+00:00,False,1,0.0,,0.0,300104.506747,300104.506747,300104.506747,300104.506747,300104.506747,300104.506747,nan,300104.506747,nan,nan,0.0,19,64,,True,False,"HTTPConnectionPool(host='gpu06', port=9004): Read timed out.",0,59.56268577710819
274,2026-09-21T07:59:42.644+00:00,2026-09-21T08:04:42.763+00:00,2026-09-21T08:04:42.763+00:00,False,1,0.0,,0.0,300118.425161,300118.425161,300118.425161,300118.425161,300118.425161,300118.425161,nan,300118.425161,nan,nan,0.0,19,64,,True,False,"HTTPConnectionPool(host='gpu06', port=9004): Read timed out.",0,59.56268577710819
275,2026-09-21T07:59:43.061+00:00,2026-09-21T08:04:43.147+00:00,2026-09-21T08:04:43.147+00:00,False,1,0.0,,0.0,300086.18569099996,300086.18569099996,300086.18569099996,300086.18569099996,300086.18569099996,300086.18569099996,nan,300086.18569099996,nan,nan,0.0,19,64,,True,False,"HTTPConnectionPool(host='gpu06', port=9004): Read timed out.",0,59.56268577710819
276,2026-09-21T07:59:43.440+00:00,2026-09-21T08:04:43.530+00:00,2026-09-21T08:04:43.530+00:00,False,1,0.0,,0.0,300090.77548400004,300090.77548400004,300090.77548400004,300090.77548400004,300090.77548400004,300090.77548400004,nan,300090.77548400004,nan,nan,0.0,19,64,,True,False,"HTTPConnectionPool(host='gpu06', port=9004): Read timed out.",0,59.56268577710819
277,2026-09-21T07:59:43.736+00:00,2026-09-21T08:04:43.851+00:00,2026-09-21T08:04:43.851+00:00,False,1,0.0,,0.0,300115.13537800004,300115.13537800004,300115.13537800004,300115.13537800004,300115.13537800004,300115.13537800004,nan,300115.13537800004,nan,nan,0.0,19,64,,True,False,"HTTPConnectionPool(host='gpu06', port=9004): Read timed out.",0,59.56268577710819
278,2026-09-21T07:59:44.067+00:00,2026-09-21T08:04:44.171+00:00,2026-09-21T08:04:44.171+00:00,False,1,0.0,,0.0,300104.58447,300104.58447,300104.58447,300104.58447,300104.58447,300104.58447,nan,300104.58447,nan,nan,0.0,19,64,,True,False,"HTTPConnectionPool(host='gpu06', port=9004): Read timed out.",0,59.56268577710819
279,2026-09-21T07:59:44.512+00:00,2026-09-21T08:04:44.613+00:00,2026-09-21T08:04:44.613+00:00,False,1,0.0,,0.0,300101.230884,300101.230884,300101.230884,300101.230884,300101.230884,300101.230884,nan,300101.230884,nan,nan,0.0,19,64,,True,False,"HTTPConnectionPool(host='gpu06', port=9004): Read timed out.",0,59.56268577710819
280,2026-09-21T07:59:44.916+00:00,2026-09-21T08:04:44.920+00:00,2026-09-21T08:04:44.920+00:00,False,1,0.0,,0.0,300004.669989,300004.669989,300004.669989,300004.669989,300004.669989,300004.669989,nan,300004.669989,nan,nan,0.0,19,64,,True,False,TTFT timeout: 300.0s exceeded (TTFT: 300.003s),0,59.56268577710819
281,2026-09-21T07:59:45.283+00:00,2026-09-21T08:04:45.604+00:00,2026-09-21T08:04:47.027+00:00,False,22,21.0,,21.0,300321.701355,301744.44746700005,301744.447468,13715.65670309091,0.03033,300321.701355,64014.365834098055,166.96041670000002,67.74981485714285,33.35713356605151,0.06959531542762404,19,64,,True,False,Request timeout: 300.0s exceeded,146,59.56268577710819
282,2026-09-21T07:59:45.610+00:00,2026-09-21T08:04:46.199+00:00,2026-09-21T08:04:47.072+00:00,False,17,16.0,,16.0,300588.94310000003,301461.19142000005,301461.19162600004,17733.01127211765,0.05898,300588.94310000003,72890.30707260688,60177.247328000005,54.51552,16.904386837420084,0.05307482506996588,19,64,,True,False,Request timeout: 300.0s exceeded,40,59.56268577710819
286,2026-09-21T07:59:46.956+00:00,2026-09-21T08:04:46.628+00:00,2026-09-21T08:04:47.188+00:00,False,12,11.0,,11.0,299672.21084500005,300232.67906900006,300232.679171,25019.38993091667,0.05898,299672.21084500005,86493.20897172834,134886.56907205,50.95165672727273,17.723349131431235,0.03663825015354827,19,64,,True,False,Request timeout: 300.0s exceeded,11,59.56268577710819
283,2026-09-21T07:59:45.968+00:00,2026-09-21T08:04:47.127+00:00,2026-09-21T08:04:47.188+00:00,False,3,2.0,,2.0,301159.49751200003,301220.35741600004,301220.35740800004,100406.78580266668,0.05835,301159.49751200003,173856.95087174972,271049.6279154,30.429952,42.951906003553695,0.006639657482505082,19,64,,True,False,Request timeout: 300.0s exceeded,4,59.56268577710819
287,2026-09-21T07:59:47.310+00:00,2026-09-21T08:04:47.352+00:00,2026-09-21T08:04:47.352+00:00,False,1,0.0,,0.0,300041.86057,300041.86057,300041.86057,300041.86057,300041.86057,300041.86057,nan,300041.86057,nan,nan,0.0,19,64,,True,False,"HTTPConnectionPool(host='gpu06', port=9004): Read timed out.",0,59.56268577710819
284,2026-09-21T07:59:46.371+00:00,2026-09-21T08:04:47.508+00:00,2026-09-21T08:04:47.508+00:00,False,1,0.0,,0.0,301136.60092299996,301136.60092299996,301136.60092299996,301136.60092299996,301136.60092299996,301136.60092299996,nan,301136.60092299996,nan,nan,0.0,19,64,,True,False,"HTTPConnectionPool(host='gpu06', port=9004): Read timed out.",0,59.56268577710819
288,2026-09-21T07:59:47.682+00:00,2026-09-21T08:04:47.706+00:00,2026-09-21T08:04:47.706+00:00,False,1,0.0,,0.0,300024.43736599997,300024.43736599997,300024.43736599997,300024.43736599997,300024.43736599997,300024.43736599997,nan,300024.43736599997,nan,nan,0.0,19,64,,True,False,"HTTPConnectionPool(host='gpu06', port=9004): Read timed out.",0,59.56268577710819
285,2026-09-21T07:59:46.693+00:00,2026-09-21T08:04:47.749+00:00,2026-09-21T08:04:47.749+00:00,False,1,0.0,,0.0,301055.20953,301055.20953,301055.20953,301055.20953,301055.20953,301055.20953,nan,301055.20953,nan,nan,0.0,19,64,,True,False,"HTTPConnectionPool(host='gpu06', port=9004): Read timed out.",0,59.56268577710819
289,2026-09-21T07:59:48.114+00:00,2026-09-21T08:04:48.234+00:00,2026-09-21T08:04:48.234+00:00,False,1,0.0,,0.0,300120.709385,300120.709385,300120.709385,300120.709385,300120.709385,300120.709385,nan,300120.709385,nan,nan,0.0,19,64,,True,False,"HTTPConnectionPool(host='gpu06', port=9004): Read timed out.",0,59.56268577710819
290,2026-09-21T07:59:48.448+00:00,2026-09-21T08:04:48.553+00:00,2026-09-21T08:04:48.553+00:00,False,1,0.0,,0.0,300104.915537,300104.915537,300104.915537,300104.915537,300104.915537,300104.915537,nan,300104.915537,nan,nan,0.0,19,64,,True,False,"HTTPConnectionPool(host='gpu06', port=9004): Read timed out.",0,59.56268577710819
291,2026-09-21T07:59:48.919+00:00,2026-09-21T08:04:49.008+00:00,2026-09-21T08:04:49.008+00:00,False,1,0.0,,0.0,300088.751817,300088.751817,300088.751817,300088.751817,300088.751817,300088.751817,nan,300088.751817,nan,nan,0.0,19,64,,True,False,"HTTPConnectionPool(host='gpu06', port=9004): Read timed out.",0,59.56268577710819
292,2026-09-21T07:59:49.381+00:00,2026-09-21T08:04:49.284+00:00,2026-09-21T08:04:49.407+00:00,False,4,3.0,,3.0,299902.81489,300025.87409,300025.874073,75006.46851825,0.03395,299902.81489,149930.90057989524,254928.03409539998,41.019733333333335,36.72597742120688,0.009999137604712311,19,64,,True,False,Request timeout: 300.0s exceeded,5,59.56268577710819
293,2026-09-21T07:59:49.830+00:00,2026-09-21T08:04:49.893+00:00,2026-09-21T08:04:49.893+00:00,False,1,0.0,,0.0,300062.913933,300062.913933,300062.913933,300062.913933,300062.913933,300062.913933,nan,300062.913933,nan,nan,0.0,19,64,,True,False,"HTTPConnectionPool(host='gpu06', port=9004): Read timed out.",0,59.56268577710819
294,2026-09-21T07:59:50.116+00:00,2026-09-21T08:04:50.204+00:00,2026-09-21T08:04:50.204+00:00,False,1,0.0,,0.0,300088.508739,300088.508739,300088.508739,300088.508739,300088.508739,300088.508739,nan,300088.508739,nan,nan,0.0,19,64,,True,False,"HTTPConnectionPool(host='gpu06', port=9004): Read timed out.",0,59.56268577710819
295,2026-09-21T07:59:50.417+00:00,2026-09-21T08:04:50.529+00:00,2026-09-21T08:04:50.529+00:00,False,1,0.0,,0.0,300112.002903,300112.002903,300112.002903,300112.002903,300112.002903,300112.002903,nan,300112.002903,nan,nan,0.0,19,64,,True,False,"HTTPConnectionPool(host='gpu06', port=9004): Read timed out.",0,59.56268577710819
296,2026-09-21T07:59:50.805+00:00,2026-09-21T08:04:50.873+00:00,2026-09-21T08:04:50.873+00:00,False,1,0.0,,0.0,300068.83102700004,300068.83102700004,300068.83102700004,300068.83102700004,300068.83102700004,300068.83102700004,nan,300068.83102700004,nan,nan,0.0,19,64,,True,False,"HTTPConnectionPool(host='gpu06', port=9004): Read timed out.",0,59.56268577710819
297,2026-09-21T07:59:51.129+00:00,2026-09-21T08:04:51.220+00:00,2026-09-21T08:04:51.220+00:00,False,1,0.0,,0.0,300090.83624800004,300090.83624800004,300090.83624800004,300090.83624800004,300090.83624800004,300090.83624800004,nan,300090.83624800004,nan,nan,0.0,19,64,,True,False,"HTTPConnectionPool(host='gpu06', port=9004): Read timed out.",0,59.56268577710819
298,2026-09-21T07:59:51.517+00:00,2026-09-21T08:04:51.566+00:00,2026-09-21T08:04:51.566+00:00,False,1,0.0,,0.0,300048.793913,300048.793913,300048.793913,300048.793913,300048.793913,300048.793913,nan,300048.793913,nan,nan,0.0,19,64,,True,False,TTFT timeout: 300.0s exceeded (TTFT: 300.011s),0,59.56268577710819
299,2026-09-21T07:59:51.877+00:00,2026-09-21T08:04:51.948+00:00,2026-09-21T08:04:51.948+00:00,False,1,0.0,,0.0,300071.534177,300071.534177,300071.534177,300071.534177,300071.534177,300071.534177,nan,300071.534177,nan,nan,0.0,19,64,,True,False,"HTTPConnectionPool(host='gpu06', port=9004): Read timed out.",0,59.56268577710819
300,2026-09-21T07:59:52.171+00:00,2026-09-21T08:04:52.283+00:00,2026-09-21T08:04:52.283+00:00,False,1,0.0,,0.0,300111.824861,300111.824861,300111.824861,300111.824861,300111.824861,300111.824861,nan,300111.824861,nan,nan,0.0,19,64,,True,False,"HTTPConnectionPool(host='gpu06', port=9004): Read timed out.",0,59.56268577710819
301,2026-09-21T07:59:52.502+00:00,2026-09-21T08:04:52.625+00:00,2026-09-21T08:04:52.625+00:00,False,1,0.0,,0.0,300123.109811,300123.109811,300123.109811,300123.109811,300123.109811,300123.109811,nan,300123.109811,nan,nan,0.0,19,64,,True,False,"HTTPConnectionPool(host='gpu06', port=9004): Read timed out.",0,59.56268577710819
302,2026-09-21T07:59:52.763+00:00,2026-09-21T08:04:52.852+00:00,2026-09-21T08:04:52.852+00:00,False,1,0.0,,0.0,300089.116354,300089.116354,300089.116354,300089.116354,300089.116354,300089.116354,nan,300089.116354,nan,nan,0.0,19,64,,True,False,"HTTPConnectionPool(host='gpu06', port=9004): Read timed out.",0,59.56268577710819
304,2026-09-21T07:59:54.117+00:00,2026-09-21T08:04:52.865+00:00,2026-09-21T08:04:54.331+00:00,False,22,21.0,,21.0,298748.617434,300214.43938600004,300214.439495,13646.110886136365,0.02554,298748.617434,63678.567348704164,321.6556632,69.80104533333333,63.05850833852634,0.06994999988324778,19,64,,True,False,Request timeout: 300.0s exceeded,119,59.56268577710819
303,2026-09-21T07:59:54.105+00:00,2026-09-21T08:04:52.866+00:00,2026-09-21T08:04:54.403+00:00,False,23,22.0,,22.0,298760.848955,300297.613371,300297.613521,13056.417979173913,0.04058,298760.848955,62281.40702016685,310.57046740000004,69.852928,61.517896835749006,0.07326065549785205,19,64,,True,False,Request timeout: 300.0s exceeded,88,59.56268577710819
306,2026-09-21T07:59:54.809+00:00,2026-09-21T08:04:55.114+00:00,2026-09-21T08:04:55.114+00:00,False,1,0.0,,0.0,300304.961226,300304.961226,300304.961226,300304.961226,300304.961226,300304.961226,nan,300304.961226,nan,nan,0.0,19,64,,True,False,"HTTPConnectionPool(host='gpu06', port=9004): Read timed out.",0,59.56268577710819
305,2026-09-21T07:59:54.277+00:00,2026-09-21T08:04:55.330+00:00,2026-09-21T08:04:55.330+00:00,False,1,0.0,,0.0,301052.82896899997,301052.82896899997,301052.82896899997,301052.82896899997,301052.82896899997,301052.82896899997,nan,301052.82896899997,nan,nan,0.0,19,64,,True,False,"HTTPConnectionPool(host='gpu06', port=9004): Read timed out.",0,59.56268577710819
307,2026-09-21T07:59:54.955+00:00,2026-09-21T08:04:55.473+00:00,2026-09-21T08:04:55.473+00:00,False,1,0.0,,0.0,300518.574411,300518.574411,300518.574411,300518.574411,300518.574411,300518.574411,nan,300518.574411,nan,nan,0.0,19,64,,True,False,"HTTPConnectionPool(host='gpu06', port=9004): Read timed out.",0,59.56268577710819
308,2026-09-21T07:59:55.392+00:00,2026-09-21T08:04:55.662+00:00,2026-09-21T08:04:55.662+00:00,False,1,0.0,,0.0,300269.724321,300269.724321,300269.724321,300269.724321,300269.724321,300269.724321,nan,300269.724321,nan,nan,0.0,19,64,,True,False,"HTTPConnectionPool(host='gpu06', port=9004): Read timed out.",0,59.56268577710819
309,2026-09-21T07:59:55.674+00:00,2026-09-21T08:04:55.779+00:00,2026-09-21T08:04:55.779+00:00,False,1,0.0,,0.0,300105.196259,300105.196259,300105.196259,300105.196259,300105.196259,300105.196259,nan,300105.196259,nan,nan,0.0,19,64,,True,False,"HTTPConnectionPool(host='gpu06', port=9004): Read timed out.",0,59.56268577710819
310,2026-09-21T07:59:55.996+00:00,2026-09-21T08:04:56.102+00:00,2026-09-21T08:04:56.102+00:00,False,1,0.0,,0.0,300106.485211,300106.485211,300106.485211,300106.485211,300106.485211,300106.485211,nan,300106.485211,nan,nan,0.0,19,64,,True,False,"HTTPConnectionPool(host='gpu06', port=9004): Read timed out.",0,59.56268577710819
311,2026-09-21T07:59:56.398+00:00,2026-09-21T08:04:56.515+00:00,2026-09-21T08:04:56.515+00:00,False,1,0.0,,0.0,300117.07558,300117.07558,300117.07558,300117.07558,300117.07558,300117.07558,nan,300117.07558,nan,nan,0.0,19,64,,True,False,"HTTPConnectionPool(host='gpu06', port=9004): Read timed out.",0,59.56268577710819
312,2026-09-21T07:59:56.742+00:00,2026-09-21T08:04:56.848+00:00,2026-09-21T08:04:56.848+00:00,False,1,0.0,,0.0,300106.30355,300106.30355,300106.30355,300106.30355,300106.30355,300106.30355,nan,300106.30355,nan,nan,0.0,19,64,,True,False,"HTTPConnectionPool(host='gpu06', port=9004): Read timed out.",0,59.56268577710819
313,2026-09-21T07:59:57.095+00:00,2026-09-21T08:04:57.184+00:00,2026-09-21T08:04:57.184+00:00,False,1,0.0,,0.0,300088.659708,300088.659708,300088.659708,300088.659708,300088.659708,300088.659708,nan,300088.659708,nan,nan,0.0,19,64,,True,False,"HTTPConnectionPool(host='gpu06', port=9004): Read timed out.",0,59.56268577710819
314,2026-09-21T07:59:57.398+00:00,2026-09-21T08:04:57.358+00:00,2026-09-21T08:04:57.447+00:00,False,3,2.0,,2.0,299960.061611,300049.411499,300049.41143499996,100016.47047833333,0.03052,299960.061611,173156.23500004836,269972.98738029995,44.674944,63.13682910109439,0.006665568814177346,19,64,,True,False,Request timeout: 300.0s exceeded,8,59.56268577710819
315,2026-09-21T07:59:57.869+00:00,2026-09-21T08:04:57.970+00:00,2026-09-21T08:04:57.970+00:00,False,1,0.0,,0.0,300101.408332,300101.408332,300101.408332,300101.408332,300101.408332,300101.408332,nan,300101.408332,nan,nan,0.0,19,64,,True,False,"HTTPConnectionPool(host='gpu06', port=9004): Read timed out.",0,59.56268577710819
316,2026-09-21T07:59:58.180+00:00,2026-09-21T08:04:58.304+00:00,2026-09-21T08:04:58.304+00:00,False,1,0.0,,0.0,300123.982115,300123.982115,300123.982115,300123.982115,300123.982115,300123.982115,nan,300123.982115,nan,nan,0.0,19,64,,True,False,"HTTPConnectionPool(host='gpu06', port=9004): Read timed out.",0,59.56268577710819
317,2026-09-21T07:59:58.640+00:00,2026-09-21T08:04:58.749+00:00,2026-09-21T08:04:58.749+00:00,False,1,0.0,,0.0,300109.29023600003,300109.29023600003,300109.29023600003,300109.29023600003,300109.29023600003,300109.29023600003,nan,300109.29023600003,nan,nan,0.0,19,64,,True,False,"HTTPConnectionPool(host='gpu06', port=9004): Read timed out.",0,59.56268577710819
318,2026-09-21T07:59:59.094+00:00,2026-09-21T08:04:59.069+00:00,2026-09-21T08:04:59.213+00:00,False,3,2.0,,2.0,299974.734507,300118.94263500004,300118.94258800003,100039.64752933334,0.04746,299974.734507,173148.8794238246,269991.67711840005,72.104064,101.90356805670365,0.006664024544536559,19,64,,True,False,Request timeout: 300.0s exceeded,4,59.56268577710819
319,2026-09-21T07:59:59.476+00:00,2026-09-21T08:04:59.373+00:00,2026-09-21T08:04:59.488+00:00,False,4,3.0,,3.0,299897.656665,300012.26760900003,300012.267398,75003.0668495,0.02566,299897.656665,149929.72900418923,254922.1542288,38.203648,33.26724626317676,0.009999591096420896,19,64,,True,False,Request timeout: 300.0s exceeded,13,59.56268577710819
320,2026-09-21T07:59:59.858+00:00,2026-09-21T08:04:59.962+00:00,2026-09-21T08:04:59.962+00:00,False,1,0.0,,0.0,300104.274235,300104.274235,300104.274235,300104.274235,300104.274235,300104.274235,nan,300104.274235,nan,nan,0.0,19,64,,True,False,"HTTPConnectionPool(host='gpu06', port=9004): Read timed out.",0,59.56268577710819
321,2026-09-21T08:00:00.296+00:00,2026-09-21T08:05:00.407+00:00,2026-09-21T08:05:00.407+00:00,False,1,0.0,,0.0,300111.238409,300111.238409,300111.238409,300111.238409,300111.238409,300111.238409,nan,300111.238409,nan,nan,0.0,19,64,,True,False,"HTTPConnectionPool(host='gpu06', port=9004): Read timed out.",0,59.56268577710819
322,2026-09-21T08:00:00.660+00:00,2026-09-21T08:05:00.772+00:00,2026-09-21T08:05:00.772+00:00,False,1,0.0,,0.0,300111.82911500003,300111.82911500003,300111.82911500003,300111.82911500003,300111.82911500003,300111.82911500003,nan,300111.82911500003,nan,nan,0.0,19,64,,True,False,"HTTPConnectionPool(host='gpu06', port=9004): Read timed out.",0,59.56268577710819
323,2026-09-21T08:00:00.988+00:00,2026-09-21T08:05:01.102+00:00,2026-09-21T08:05:01.102+00:00,False,1,0.0,,0.0,300113.82450700004,300113.82450700004,300113.82450700004,300113.82450700004,300113.82450700004,300113.82450700004,nan,300113.82450700004,nan,nan,0.0,19,64,,True,False,"HTTPConnectionPool(host='gpu06', port=9004): Read timed out.",0,59.56268577710819
324,2026-09-21T08:00:01.364+00:00,2026-09-21T08:05:01.386+00:00,2026-09-21T08:05:03.023+00:00,False,29,28.0,,28.0,300022.806926,301659.820686,301659.820716,10402.062783310344,0.04436,300022.806926,55701.983115631054,108.8097654,58.464777142857145,19.105244877638512,0.09281978599710637,19,64,,True,False,Request timeout: 300.0s exceeded,56,59.56268577710819
326,2026-09-21T08:00:02.135+00:00,2026-09-21T08:05:03.263+00:00,2026-09-21T08:05:03.263+00:00,False,1,0.0,,0.0,301127.923794,301127.923794,301127.923794,301127.923794,301127.923794,301127.923794,nan,301127.923794,nan,nan,0.0,19,64,,True,False,"HTTPConnectionPool(host='gpu06', port=9004): Read timed out.",0,59.56268577710819
325,2026-09-21T08:00:01.780+00:00,2026-09-21T08:05:03.961+00:00,2026-09-21T08:05:04.882+00:00,False,26,25.0,,25.0,302181.676332,303102.701868,303102.701845,11657.796224807693,0.04258,302181.676332,59255.48188863076,85.60917025,36.84102144,23.661899839081023,0.08248029412448919,19,64,,True,False,Request timeout: 300.0s exceeded,75,59.56268577710819
0,2026-09-21T07:58:02.259+00:00,2026-09-21T07:58:02.382+00:00,2026-09-21T07:58:08.061+00:00,True,96,96.0,,96.0,122.776679,5801.695847,5801.695853,60.434331802083335,0.01567,227.35761499999998,29.335077267735297,96.63383875,59.77809650526316,28.773581856512585,16.54688603671643,20,64,,False,True,,586,59.56268577710819
3,2026-09-21T07:58:03.134+00:00,2026-09-21T07:58:03.488+00:00,2026-09-21T07:58:08.743+00:00,True,86,86.0,,86.0,353.387524,5608.67738,5608.677405,65.21717912790697,40.421883,353.387524,33.10498699189834,76.650115,61.82693948235294,10.428778666915047,15.333383286881086,20,64,,False,True,,383,59.56268577710819
2,2026-09-21T07:58:02.850+00:00,2026-09-21T07:58:03.493+00:00,2026-09-21T07:58:05.517+00:00,True,35,35.0,,35.0,643.110943,2667.858975,2667.85899,76.22454257142857,36.921023,643.110943,99.15862862233112,77.6487127,59.551412705882356,10.285007394843944,13.119134230099249,20,64,,False,True,,104,59.56268577710819
1,2026-09-21T07:58:02.632+00:00,2026-09-21T07:58:04.764+00:00,2026-09-21T07:58:06.035+00:00,True,21,21.0,,21.0,2132.5820839999997,3402.829508,3402.82968,162.03950857142857,45.103533000000006,2132.5820839999997,451.6066365195116,76.831825,63.512371200000004,9.682144893056757,6.171334752631398,20,64,,False,True,,112,59.56268577710819
4,2026-09-21T07:58:03.460+00:00,2026-09-21T07:58:08.063+00:00,2026-09-21T07:58:13.327+00:00,True,84,84.0,,84.0,4602.947612,9866.864668,9866.864819,117.46267641666667,0.01669,4602.947612,497.35272298826914,79.241677,63.42068742168674,45.38157247194844,8.5133426702838,20,64,,False,True,,337,59.56268577710819
6,2026-09-21T07:58:04.018+00:00,2026-09-21T07:58:09.679+00:00,2026-09-21T07:58:15.875+00:00,True,99,99.0,,99.0,5660.795862,11857.007318,11857.007275,119.76775025252525,0.01736,5660.795862,564.0930621251363,78.102012,63.22664751020408,41.543404233943555,8.349493033516909,20,64,,False,True,,396,59.56268577710819
7,2026-09-21T07:58:04.251+00:00,2026-09-21T07:58:11.013+00:00,2026-09-21T07:58:15.748+00:00,True,76,76.0,,76.0,6761.754336,11496.946144,11496.946047,151.27560588157894,0.020210000000000002,6761.754336,769.7031187980904,83.0732605,63.13589077333334,45.34282990042441,6.61045107527643,20,64,,False,True,,911,59.56268577710819
8,2026-09-21T07:58:04.505+00:00,2026-09-21T07:58:12.426+00:00,2026-09-21T07:58:17.048+00:00,True,75,75.0,,75.0,7920.635754,12543.016297999999,12543.016444,167.24021925333332,0.01783,7920.635754,908.8488977909691,80.6704713,62.46460194594595,51.94284299965688,5.9794229887079755,20,64,,False,True,,223,59.56268577710819
9,2026-09-21T07:58:04.872+00:00,2026-09-21T07:58:14.285+00:00,2026-09-21T07:58:19.397+00:00,True,84,84.0,,84.0,9412.689413,14525.425925,14525.425844,172.92173623809524,34.392533,9412.689413,1020.3383625080558,78.54323400000001,61.599235084337344,10.241174856739223,5.782962952943495,20,64,,False,True,,168,59.56268577710819
5,2026-09-21T07:58:03.721+00:00,2026-09-21T07:58:15.631+00:00,2026-09-21T07:58:19.524+00:00,True,63,63.0,,63.0,11910.36123,15803.722638000001,15803.722564,250.8527391111111,43.441655,11910.36123,1492.6804872261898,80.916001,62.79615174193548,9.149619462410033,3.9864025358504267,20,64,,False,True,,189,59.56268577710819
10,2026-09-21T07:58:05.185+00:00,2026-09-21T07:58:16.625+00:00,2026-09-21T07:58:17.229+00:00,True,11,11.0,,11.0,11440.242365,12043.852989,12043.852918,1094.8957198181818,46.122665,11440.242365,3431.1740387903337,5758.2069565,60.3610624,9.042572129960016,0.9133289828468196,20,64,,False,True,,77,59.56268577710819
11,2026-09-21T07:58:05.478+00:00,2026-09-21T07:58:18.153+00:00,2026-09-21T07:58:18.340+00:00,True,4,4.0,,4.0,12674.603474,12861.59893,12861.598923,3215.39973075,50.718845,12674.603474,6306.150050856793,10785.5774141,62.33181866666666,16.403010110093494,0.3110033225083625,20,64,,False,True,,6,59.56268577710819
12,2026-09-21T07:58:05.845+00:00,2026-09-21T07:58:20.318+00:00,2026-09-21T07:58:23.288+00:00,True,44,44.0,,44.0,14472.924394,17442.99441,17442.994532,396.4316939090909,0.01716,14472.924394,2172.4818209394566,105.29593005000001,69.07139572093023,67.32843007984498,2.522502671604078,20,64,,False,True,,346,59.56268577710819
13,2026-09-21T07:58:06.113+00:00,2026-09-21T07:58:21.556+00:00,2026-09-21T07:58:27.278+00:00,True,91,91.0,,91.0,15443.788964,21165.144484,21165.144528,232.5840058021978,0.0,15443.788964,1614.0077790623805,79.5744485,63.570616888888885,74.97163435489941,4.2995217948449325,20,64,,False,True,,302,59.56268577710819
14,2026-09-21T07:58:06.469+00:00,2026-09-21T07:58:23.303+00:00,2026-09-21T07:58:25.113+00:00,True,30,30.0,,30.0,16834.721282000002,18643.879938000002,18643.879820000002,621.4626606666667,0.0,16834.721282000002,3063.0808901243513,269.3646593,62.384781241379315,74.93859385740254,1.6091071225391196,20,64,,False,True,,308,59.56268577710819
15,2026-09-21T07:58:06.820+00:00,2026-09-21T07:58:25.189+00:00,2026-09-21T07:58:30.027+00:00,True,79,79.0,,79.0,18369.239987,23207.134899,23207.13494,293.76120177215194,0.0,18369.239987,2060.2370647025664,77.263552,62.024293743589745,46.33286684666448,3.404125513287904,20,64,,False,True,,160,59.56268577710819
16,2026-09-21T07:58:07.091+00:00,2026-09-21T07:58:26.965+00:00,2026-09-21T07:58:31.518+00:00,True,79,79.0,,79.0,19874.091884,24427.039084,24427.039257,309.20302856962024,0.0,19874.091884,2230.00047090225,79.314538,58.37111794871795,50.1930768793645,3.2341209971594935,20,64,,False,True,,163,59.56268577710819
17,2026-09-21T07:58:07.378+00:00,2026-09-21T07:58:28.166+00:00,2026-09-21T07:58:29.291+00:00,True,19,19.0,,19.0,20788.238959,21913.689967,21913.689864999997,1153.3520981578947,42.62662400000001,20788.238959,4754.820327396269,2153.3134929999997,62.525056,12.477135123765702,0.8670379123101701,20,64,,False,True,,38,59.56268577710819
18,2026-09-21T07:58:07.625+00:00,2026-09-21T07:58:29.616+00:00,2026-09-21T07:58:31.052+00:00,True,23,23.0,,23.0,21990.553923,23426.714179,23426.714222,1018.5527922608695,0.0,21990.553923,4572.575319102013,409.00449510000004,65.28001163636364,89.68777968290304,0.9817851459773855,20,64,,False,True,,50,59.56268577710819
19,2026-09-21T07:58:07.958+00:00,2026-09-21T07:58:31.343+00:00,2026-09-21T07:58:36.105+00:00,True,76,76.0,,76.0,23384.966907,28146.327803,28146.327842000002,370.34641897368425,0.0,23384.966907,2676.8075607786973,79.547553,63.48481194666667,94.60762660804323,2.7001746207155124,20,64,,False,True,,0,59.56268577710819
20,2026-09-21T07:58:08.314+00:00,2026-09-21T07:58:33.468+00:00,2026-09-21T07:58:38.032+00:00,True,80,80.0,,80.0,25154.270502,29717.589542,29717.589586,371.469869825,0.0,25154.270502,2806.597938435939,76.28533250000001,57.76353215189874,64.11510463723123,2.6920083772923658,20,64,,False,True,,356,59.56268577710819
21,2026-09-21T07:58:08.579+00:00,2026-09-21T07:58:34.253+00:00,2026-09-21T07:58:35.386+00:00,True,11,11.0,,11.0,25673.767545000002,26807.021945000004,26807.022143000002,2437.0020130000003,46.226105000000004,25673.767545000002,7708.374546541599,13129.432428000002,113.32544,166.12638958637675,0.41034024676701175,20,64,,False,True,,13,59.56268577710819
22,2026-09-21T07:58:08.839+00:00,2026-09-21T07:58:35.789+00:00,2026-09-21T07:58:36.886+00:00,True,18,18.0,,18.0,26950.308967999998,28047.626087999997,28047.626041999996,1558.2014467777776,54.755885,26950.308967999998,6337.039097384522,4108.454884499999,64.54806588235294,7.766833026053042,0.6417655434910832,20,64,,False,True,,60,59.56268577710819
23,2026-09-21T07:58:09.124+00:00,2026-09-21T07:58:37.024+00:00,2026-09-21T07:58:40.796+00:00,True,61,61.0,,61.0,27900.212186999997,31671.754714999995,31671.754649,519.2090926065573,0.0,27900.212186999997,3565.0418532815675,78.876238,62.85904213333333,77.76020559737923,1.9260063280014579,20,64,,False,True,,183,59.56268577710819
24,2026-09-21T07:58:09.481+00:00,2026-09-21T07:58:38.778+00:00,2026-09-21T07:58:40.659+00:00,True,31,31.0,,31.0,29296.804831,31178.206431000002,31178.206627,1005.7486008709678,0.0,29296.804831,5251.712358109665,351.45398100000006,62.713386666666665,110.0401553226127,0.9942842629067074,20,64,,False,True,,324,59.56268577710819
25,2026-09-21T07:58:09.805+00:00,2026-09-21T07:58:40.724+00:00,2026-09-21T07:58:43.846+00:00,True,49,49.0,,49.0,30919.043171,34041.018723,34041.018665,694.7146666326531,0.01702,30919.043171,4408.728358891668,104.96842499999998,65.04115733333333,95.5413687502265,1.4394398827698092,20,64,,False,True,,196,59.56268577710819
26,2026-09-21T07:58:10.128+00:00,2026-09-21T07:58:42.496+00:00,2026-09-21T07:58:48.605+00:00,True,96,96.0,,96.0,32367.82632,38477.244304,38477.244215,400.80462723958334,0.0,32367.82632,3298.5377566041498,80.630319,64.30966298947368,102.42583866374737,2.4949811696889133,20,64,,False,True,,96,59.56268577710819
27,2026-09-21T07:58:10.511+00:00,2026-09-21T07:58:44.148+00:00,2026-09-21T07:58:44.733+00:00,True,10,10.0,,10.0,33637.607023000004,34222.034031,34222.03389400001,3422.2033894000006,53.458065000000005,33637.607023000004,10616.614621032884,18534.994912750004,64.93633422222223,9.732184162993857,0.29220939909479104,20,64,,False,True,,40,59.56268577710819
28,2026-09-21T07:58:10.872+00:00,2026-09-21T07:58:46.493+00:00,2026-09-21T07:58:49.659+00:00,True,53,53.0,,53.0,35620.858958,38786.388046,38786.388057,731.8186425849057,0.0,35620.858958,4884.574849491397,79.444874,60.875559384615386,18.797957159915775,1.3664587673681523,20,64,,False,True,,111,59.56268577710819
29,2026-09-21T07:58:11.182+00:00,2026-09-21T07:58:47.759+00:00,2026-09-21T07:58:51.209+00:00,True,55,55.0,,55.0,36577.176978,40027.307666,40027.307636000005,727.7692297454546,42.280704,36577.176978,4923.459436574451,78.60921570000001,63.89130903703704,9.503009339850356,1.3740619393873974,20,64,,False,True,,110,59.56268577710819
30,2026-09-21T07:58:11.462+00:00,2026-09-21T07:58:49.000+00:00,2026-09-21T07:58:51.462+00:00,True,40,40.0,,40.0,37538.013338,39999.714201999996,39999.714233,999.9928558249999,50.027355,37538.013338,5925.308952983025,81.89157105,63.120534974358975,9.947972014449313,1.0000071450010508,20,64,,False,True,,80,59.56268577710819
31,2026-09-21T07:58:11.688+00:00,2026-09-21T07:58:50.161+00:00,2026-09-21T07:58:50.714+00:00,True,10,10.0,,10.0,38472.117443999996,39025.215427999996,39025.215452,3902.5215451999998,46.330465,38472.117443999996,12146.52090365501,21193.339371299997,61.45533155555555,9.105087744655389,0.2562445816205579,20,64,,False,True,,56,59.56268577710819
32,2026-09-21T07:58:12.078+00:00,2026-09-21T07:58:52.250+00:00,2026-09-21T07:58:55.784+00:00,True,57,57.0,,57.0,40172.281151,43706.327871,43706.327868,766.7776818947369,0.0,40172.281151,5314.406096900247,84.2301324,63.107977142857145,140.18936841292953,1.3041589805539489,20,64,,False,True,,57,59.56268577710819
33,2026-09-21T07:58:12.441+00:00,2026-09-21T07:58:54.094+00:00,2026-09-21T07:58:57.221+00:00,True,51,51.0,,51.0,41652.653965000005,44780.092557,44780.09267900001,878.0410329215687,35.959444000000005,41652.653965000005,5823.787702994279,77.371843,62.54877184,9.814089201050296,1.1388989411998816,20,64,,False,True,,77,59.56268577710819
34,2026-09-21T07:58:12.780+00:00,2026-09-21T07:58:56.083+00:00,2026-09-21T07:59:01.264+00:00,True,75,75.0,,75.0,43303.153096,48483.745736000004,48483.745804,646.4499440533334,0.0,43303.153096,4993.142124512778,78.732044,70.00800864864866,101.0368259063858,1.5469101832268548,20,64,,False,True,,150,59.56268577710819
35,2026-09-21T07:58:13.126+00:00,2026-09-21T07:58:57.726+00:00,2026-09-21T07:59:02.124+00:00,True,70,70.0,,70.0,44600.427170999996,48998.14313899999,48998.143197,699.973474242857,0.0,44600.427170999996,5324.207193864642,82.8842,63.73501402898551,106.72829576011293,1.4286255665122054,20,64,,False,True,,175,59.56268577710819
36,2026-09-21T07:58:13.432+00:00,2026-09-21T07:58:59.644+00:00,2026-09-21T07:59:05.697+00:00,True,96,96.0,,96.0,46211.808498000006,52265.36037000001,52265.36040600001,544.4308375625001,0.0,46211.808498000006,4711.851782185896,81.12884575,63.72159865263158,133.8812079749035,1.8367806003898406,20,64,,False,True,,664,59.56268577710819
37,2026-09-21T07:58:13.769+00:00,2026-09-21T07:59:01.272+00:00,2026-09-21T07:59:02.585+00:00,True,26,26.0,,26.0,47502.359012,48815.8113,48815.811468,1877.5312103076924,0.0,47502.359012,9305.706633887245,89.3849295,52.53809152,24.57173509225938,0.5326143171157334,20,64,,False,True,,78,59.56268577710819
38,2026-09-21T07:58:14.011+00:00,2026-09-21T07:59:02.653+00:00,2026-09-21T07:59:06.675+00:00,True,67,67.0,,67.0,48641.19369,52663.939546,52663.939548,786.028948477612,0.01495,48641.19369,5935.946393229941,88.55573899999999,60.95069478787879,105.59725723021533,1.27221777515292,20,64,,False,True,,466,59.56268577710819
39,2026-09-21T07:58:14.290+00:00,2026-09-21T07:59:04.034+00:00,2026-09-21T07:59:08.096+00:00,True,66,66.0,,66.0,49743.359615,53805.759103000004,53805.759187,815.2387755606061,0.01523,49743.359615,6116.205405669457,86.0649465,62.49845366153846,106.56414390898868,1.2266344922976857,20,64,,False,True,,462,59.56268577710819
40,2026-09-21T07:58:14.672+00:00,2026-09-21T07:59:06.013+00:00,2026-09-21T07:59:08.530+00:00,True,41,41.0,,41.0,51340.767211000006,53857.86954700001,53857.869613,1313.6065759268295,41.490494,51340.767211000006,8008.257437482924,76.31485799999999,62.927558399999995,8.421849722780433,0.761262937892867,20,64,,False,True,,60,59.56268577710819
41,2026-09-21T07:58:15.020+00:00,2026-09-21T07:59:08.100+00:00,2026-09-21T07:59:11.755+00:00,True,59,59.0,,59.0,53079.983641000006,56735.58530500001,56735.58531000001,961.6200900000001,0.0,53079.983641000006,6903.534005616501,96.9624993,63.02761489655172,135.87621474233862,1.0399117182422093,20,64,,False,True,,354,59.56268577710819
42,2026-09-21T07:58:15.238+00:00,2026-09-21T07:59:08.890+00:00,2026-09-21T07:59:10.333+00:00,True,19,19.0,,19.0,53652.342340999996,55095.813701,55095.813710999995,2899.7796689999996,0.0,53652.342340999996,12292.600267240594,6313.177611199999,80.19285333333333,245.01018341429966,0.34485378695215,20,64,,False,True,,170,59.56268577710819
43,2026-09-21T07:58:15.591+00:00,2026-09-21T07:59:11.041+00:00,2026-09-21T07:59:13.265+00:00,True,36,36.0,,36.0,55450.110527000004,57674.039871,57674.039865000006,1602.0566629166667,48.761505,55450.110527000004,9231.099505968317,78.854117,63.5408384,9.30719084305808,0.6241976473387593,20,64,,False,True,,144,59.56268577710819
44,2026-09-21T07:58:15.834+00:00,2026-09-21T07:59:12.371+00:00,2026-09-21T07:59:14.333+00:00,True,30,30.0,,30.0,56537.135601,58498.888945,58498.888934,1949.9629644666668,43.153784,56537.135601,10309.875575774544,85.80719504999999,67.64666703448276,9.921276122837865,0.5128302526942976,20,64,,False,True,,38,59.56268577710819
45,2026-09-21T07:58:16.129+00:00,2026-09-21T07:59:14.045+00:00,2026-09-21T07:59:15.278+00:00,True,20,20.0,,20.0,57915.592977,59148.916241,59148.916056,2957.4458028,44.939495,57915.592977,12935.808822290972,2976.40853145,64.91175073684211,9.411444864743498,0.3381296103298117,20,64,,False,True,,96,59.56268577710819
46,2026-09-21T07:58:16.450+00:00,2026-09-21T07:59:15.583+00:00,2026-09-21T07:59:21.307+00:00,True,85,85.0,,85.0,59132.94625,64856.767306,64856.767483,763.0207939176471,0.0,59132.94625,6408.835732723305,138.28061000000002,68.14072685714285,174.88178809127683,1.3105802760560428,20,64,,False,True,,255,59.56268577710819
47,2026-09-21T07:58:16.787+00:00,2026-09-21T07:59:17.581+00:00,2026-09-21T07:59:21.322+00:00,True,46,46.0,,46.0,60794.22978,64535.468052000004,64535.467859000004,1402.9449534565217,0.0,60794.22978,8954.372740857276,910.035042,83.13862826666667,234.80629897176087,0.7127863388692728,20,64,,False,True,,139,59.56268577710819
48,2026-09-21T07:58:17.040+00:00,2026-09-21T07:59:19.366+00:00,2026-09-21T07:59:22.971+00:00,True,66,66.0,,66.0,62325.724861,65930.749885,65930.74980800001,998.9507546666667,0.0,62325.724861,7666.338962783004,136.27371425,55.46192344615385,147.6166155932458,1.001050346236328,20,64,,False,True,,462,59.56268577710819
49,2026-09-21T07:58:17.323+00:00,2026-09-21T07:59:21.306+00:00,2026-09-21T07:59:21.306+00:00,True,13,13.0,,13.0,63983.013452,63983.013452,63983.013452,4921.770265538462,0.0,63983.013452,17745.695058452937,25593.2053808,0.0,0.0,0.20317892669673315,20,64,,False,True,,25,59.56268577710819
50,2026-09-21T07:58:17.554+00:00,2026-09-21T07:59:21.479+00:00,2026-09-21T07:59:27.680+00:00,True,97,97.0,,97.0,63924.674943000005,70126.19532700001,70126.19536900001,722.9504677216495,37.504653,63924.674943000005,6484.017493743515,86.096358,64.59917066666667,10.973908335740266,1.3832206288632494,20,64,,False,True,,195,59.56268577710819
51,2026-09-21T07:58:17.780+00:00,2026-09-21T07:59:22.533+00:00,2026-09-21T07:59:24.500+00:00,True,32,32.0,,32.0,64752.531703,66720.028663,66720.028616,2085.00089425,41.034584,64752.531703,11435.523869918634,80.86237494999999,63.46764387096774,10.765013522555346,0.4796161009107269,20,64,,False,True,,68,59.56268577710819
52,2026-09-21T07:58:18.016+00:00,2026-09-21T07:59:24.282+00:00,2026-09-21T07:59:28.628+00:00,True,68,68.0,,68.0,66266.027552,70612.723232,70612.72328399999,1038.422401235294,42.259754,66266.027552,8028.075196761973,81.51580565,64.87605492537314,10.18845938700163,0.9629992568985644,20,64,,False,True,,68,59.56268577710819
53,2026-09-21T07:58:18.293+00:00,2026-09-21T07:59:25.548+00:00,2026-09-21T07:59:28.046+00:00,True,40,40.0,,40.0,67254.987874,69752.491362,69752.491354,1743.8122838499999,46.261804,67254.987874,10623.82604588063,78.21791350000001,64.03855097435897,9.507772104346044,0.5734562195407308,20,64,,False,True,,79,59.56268577710819
54,2026-09-21T07:58:18.635+00:00,2026-09-21T07:59:27.475+00:00,2026-09-21T07:59:32.837+00:00,True,80,80.0,,80.0,68839.838999,74201.987863,74201.98794,927.52484925,0.0,68839.838999,7690.371658506345,80.4457545,67.87530207594938,149.36960490519547,1.0781382319258743,20,64,,False,True,,189,59.56268577710819
55,2026-09-21T07:58:18.848+00:00,2026-09-21T07:59:28.439+00:00,2026-09-21T07:59:35.156+00:00,True,86,86.0,,86.0,69590.986061,76308.074317,76308.074152,887.3031878139535,0.0,69590.986061,7498.844302693095,78.869597,79.02456771764706,219.5460945946263,1.1270104870257591,20,64,,False,True,,258,59.56268577710819
56,2026-09-21T07:58:19.188+00:00,2026-09-21T07:59:30.357+00:00,2026-09-21T07:59:32.817+00:00,True,38,38.0,,38.0,71169.621685,73629.68875700001,73629.68876100001,1937.6233884473686,0.0,71169.621685,11536.447985130428,264.15312700000004,66.48829924324323,217.58643050850102,0.5160961650321702,20,64,,False,True,,125,59.56268577710819
57,2026-09-21T07:58:19.462+00:00,2026-09-21T07:59:32.820+00:00,2026-09-21T07:59:32.820+00:00,True,13,13.0,,13.0,73358.67184299999,73358.67184299999,73358.67184299999,5642.9747571538455,0.0,73358.67184299999,20346.03483306714,29343.468737199997,0.0,0.0,0.1772114962471268,20,64,,False,True,,68,59.56268577710819
58,2026-09-21T07:58:19.718+00:00,2026-09-21T07:59:32.830+00:00,2026-09-21T07:59:36.870+00:00,True,65,65.0,,65.0,73112.746448,77152.596944,77152.59693300001,1186.9630297384617,0.01872,73112.746448,9062.108658962208,116.8286608,63.122664,161.57142249528616,0.8424862230778728,20,64,,False,True,,74,59.56268577710819
59,2026-09-21T07:58:20.031+00:00,2026-09-21T07:59:34.745+00:00,2026-09-21T07:59:36.200+00:00,True,27,27.0,,27.0,74714.273403,76169.333371,76169.333431,2821.0864233703705,0.02216,74714.273403,14368.08090520823,167.1629538,55.96384492307692,49.66402520856737,0.3544733661838732,20,64,,False,True,,33,59.56268577710819
60,2026-09-21T07:58:20.344+00:00,2026-09-21T07:59:36.369+00:00,2026-09-21T07:59:41.095+00:00,True,76,76.0,,76.0,76024.984074,80750.75201000001,80750.75206000001,1062.5098955263159,5.10019,76024.984074,8713.452203541114,76.9704645,63.01023914666667,16.924185630336204,0.9411677056653084,20,64,,False,True,,342,59.56268577710819
61,2026-09-21T07:58:20.653+00:00,2026-09-21T07:59:37.918+00:00,2026-09-21T07:59:40.339+00:00,True,41,41.0,,41.0,77265.503708,79686.218204,79686.218131,1943.5662958780488,43.916824,77265.503708,12057.39670582676,75.74896700000001,60.5178624,9.474593828177854,0.5145180800905661,20,64,,False,True,,164,59.56268577710819
62,2026-09-21T07:58:20.956+00:00,2026-09-21T07:59:39.733+00:00,2026-09-21T07:59:46.958+00:00,True,98,98.0,,98.0,78777.705906,86001.83057800001,86001.830411,877.5696980714285,0.0,78777.705906,7952.024951691568,82.2035595,74.47551208247422,169.9758778154324,1.1395106283361975,20,64,,False,True,,98,59.56268577710819
63,2026-09-21T07:58:21.213+00:00,2026-09-21T07:59:40.952+00:00,2026-09-21T07:59:46.980+00:00,True,81,81.0,,81.0,79738.934846,85767.16396600001,85767.164026,1058.8538768641977,0.0,79738.934846,8853.52580661867,81.62700699999999,75.352864,190.1517162423117,0.9444173767026992,20,64,,False,True,,402,59.56268577710819
64,2026-09-21T07:58:21.567+00:00,2026-09-21T07:59:42.606+00:00,2026-09-21T07:59:46.985+00:00,True,67,67.0,,67.0,81038.915735,85418.209687,85418.209671,1274.89865180597,0.0,81038.915735,9894.619735972963,80.648573,66.35293866666666,212.46171004551874,0.7843760744402126,20,64,,False,True,,603,59.56268577710819
65,2026-09-21T07:58:21.828+00:00,2026-09-21T07:59:44.049+00:00,2026-09-21T07:59:47.163+00:00,True,50,50.0,,50.0,82221.091434,85334.259818,85334.259818,1706.68519636,0.0,82221.091434,11621.417770636599,77.14230355,63.53404865306123,247.624031421175,0.5859311384037251,20,64,,False,True,,200,59.56268577710819
66,2026-09-21T07:58:22.200+00:00,2026-09-21T07:59:46.986+00:00,2026-09-21T07:59:51.985+00:00,True,95,95.0,,95.0,84786.15894499999,89785.80592099999,89785.80588399999,945.1137461473683,0.0,84786.15894499999,8693.454842248722,75.580406,53.187733787234045,24.951063459475876,1.058073701355288,20,64,,False,True,,190,59.56268577710819
67,2026-09-21T07:58:22.416+00:00,2026-09-21T07:59:46.991+00:00,2026-09-21T07:59:48.370+00:00,True,22,22.0,,22.0,84574.839112,85953.994568,85953.994743,3906.9997610454548,45.359994,84574.839112,18017.41653044141,76.88670744999999,65.67406933333334,8.713142359574423,0.2559508736105957,20,64,,False,True,,154,59.56268577710819
68,2026-09-21T07:58:22.713+00:00,2026-09-21T07:59:48.511+00:00,2026-09-21T07:59:54.098+00:00,True,69,69.0,,69.0,85797.972466,91385.027058,91385.02717700001,1324.4206837246377,40.257453,85797.972466,10320.165274835703,78.1835144,82.16256752941176,158.1734370001084,0.7550471036815174,20,64,,False,True,,621,59.56268577710819
69,2026-09-21T07:58:23.269+00:00,2026-09-21T07:59:50.363+00:00,2026-09-21T07:59:50.602+00:00,True,5,5.0,,5.0,87093.49867100001,87332.88017500001,87332.88024200001,17466.576048400002,57.940885,87093.49867100001,38922.63303406273,69687.12646180001,59.845376,1.5111757989521493,0.05725220546924438,20,64,,False,True,,14,59.56268577710819
70,2026-09-21T07:58:23.314+00:00,2026-09-21T07:59:51.167+00:00,2026-09-21T07:59:52.112+00:00,True,16,16.0,,16.0,87852.796506,88797.18921,88797.18904,5549.824315,48.802485,87852.796506,21947.460791935748,22022.85868425,62.9595136,8.513151576076268,0.18018588361125895,20,64,,False,True,,66,59.56268577710819
71,2026-09-21T07:58:23.545+00:00,2026-09-21T07:59:52.662+00:00,2026-09-21T07:59:54.224+00:00,True,23,23.0,,23.0,89116.44873399999,90678.60835,90678.60831099999,3942.548187434782,0.015220000000000001,89116.44873399999,18569.844650920095,1347.8832014999998,71.00725527272726,317.2269360747766,0.2536430633256405,20,64,,False,True,,73,59.56268577710819
72,2026-09-21T07:58:23.768+00:00,2026-09-21T07:59:54.268+00:00,2026-09-21T07:59:56.598+00:00,True,45,45.0,,45.0,90499.55036200001,92830.14364200001,92830.143557,2062.8920790444445,0.016489999999999998,90499.55036200001,13483.03859437608,124.0025186,52.96802909090909,40.062078612893046,0.4847563327440574,20,64,,False,True,,62,59.56268577710819
73,2026-09-21T07:58:24.071+00:00,2026-09-21T07:59:55.542+00:00,2026-09-21T07:59:58.834+00:00,True,53,53.0,,53.0,91471.605803,94762.953771,94762.953783,1787.9802600566038,42.741904000000005,91471.605803,12555.902180546476,81.21091899999999,63.29515323076923,11.404910849927543,0.5592902910991723,20,64,,False,True,,159,59.56268577710819
74,2026-09-21T07:58:24.328+00:00,2026-09-21T07:59:56.874+00:00,2026-09-21T08:00:00.846+00:00,True,65,65.0,,65.0,92545.693373,96517.48882900001,96517.488873,1484.8844442,42.278644,92545.693373,11471.18713661285,78.734321,62.059304,9.81233730956261,0.6734530786970687,20,64,,False,True,,65,59.56268577710819
75,2026-09-21T07:58:24.705+00:00,2026-09-21T07:59:58.709+00:00,2026-09-21T08:00:02.872+00:00,True,40,40.0,,40.0,94003.800816,98167.4652,98167.46503200001,2454.1866258,0.0,94003.800816,14849.254139351164,172.0988494,106.76062523076924,293.6067877134959,0.40746697409886873,20,64,,False,True,,160,59.56268577710819
76,2026-09-21T07:58:24.930+00:00,2026-09-21T07:59:59.960+00:00,2026-09-21T08:00:00.283+00:00,True,6,6.0,,6.0,95030.15306200001,95353.54019800002,95353.54042000002,15892.256736666668,46.062604,95030.15306200001,38769.49515748159,71292.71880325001,64.6774272,14.248441534685371,0.06292372561670076,20,64,,False,True,,16,59.56268577710819
77,2026-09-21T07:58:25.297+00:00,2026-09-21T08:00:02.881+00:00,2026-09-21T08:00:05.232+00:00,True,56,56.0,,56.0,97583.755041,99934.164001,99934.164028,1784.5386433571427,0.0,97583.755041,13034.503735008975,77.9524395,42.734708363636365,31.18182113622015,0.5603689244795167,20,64,,False,True,,486,59.56268577710819
78,2026-09-21T07:58:25.567+00:00,2026-09-21T08:00:03.277+00:00,2026-09-21T08:00:08.272+00:00,True,80,80.0,,80.0,97709.413498,102704.95577,102704.955877,1283.8119484625,42.567784,97709.413498,10917.178662235174,77.33455694999999,63.234712303797465,9.389874294960748,0.7789302804350937,20,64,,False,True,,713,59.56268577710819
79,2026-09-21T07:58:25.950+00:00,2026-09-21T08:00:04.960+00:00,2026-09-21T08:00:07.369+00:00,True,39,39.0,,39.0,99010.61352599999,101419.56840599999,101419.56846799998,2600.5017555897434,44.669233999999996,99010.61352599999,15844.238539984624,76.43056010000001,63.39354947368422,9.683476149084633,0.3845411749720358,20,64,,False,True,,161,59.56268577710819
80,2026-09-21T07:58:26.240+00:00,2026-09-21T08:00:06.178+00:00,2026-09-21T08:00:10.513+00:00,True,72,72.0,,72.0,99937.709613,104273.215533,104273.215614,1448.23910575,42.078904,99937.709613,11770.57883211846,74.69896644999999,61.06346366197183,8.745528444304147,0.6904937153032717,20,64,,False,True,,144,59.56268577710819
81,2026-09-21T07:58:26.573+00:00,2026-09-21T08:00:08.272+00:00,2026-09-21T08:00:10.317+00:00,True,34,34.0,,34.0,101698.663313,103744.576657,103744.576603,3051.3110765588235,44.744774,101698.663313,17430.54676422892,77.76464935,61.99737406060606,9.20479692649328,0.3277279747587259,20,64,,True,True,,68,59.56268577710819
82,2026-09-21T07:58:26.864+00:00,2026-09-21T08:00:09.849+00:00,2026-09-21T08:00:12.654+00:00,True,44,44.0,,44.0,102984.215852,105789.5619,105789.56171899999,2404.3082208863634,42.997561999999995,102984.215852,15515.622202052347,78.47889615000001,65.24060576744186,9.593453030559868,0.4159200511822897,20,64,,True,True,,92,59.56268577710819
83,2026-09-21T07:58:27.113+00:00,2026-09-21T08:00:11.151+00:00,2026-09-21T08:00:13.273+00:00,True,34,34.0,,34.0,104038.39036,106160.18594400001,106160.18595700001,3122.3584105,44.135372000000004,104038.39036,17831.41270957737,77.52084049999999,64.29683587878787,10.1092398548172,0.3202707276524097,20,64,,True,True,,107,59.56268577710819
84,2026-09-21T07:58:27.413+00:00,2026-09-21T08:00:12.650+00:00,2026-09-21T08:00:14.920+00:00,True,37,37.0,,37.0,105236.984731,107507.476379,107507.476421,2905.607470837838,46.993654,105236.984731,17290.487626891176,76.482193,63.069212444444446,9.287186043710753,0.3441621108243911,20,64,,True,True,,105,59.56268577710819
85,2026-09-21T07:58:27.699+00:00,2026-09-21T08:00:14.046+00:00,2026-09-21T08:00:16.139+00:00,True,35,35.0,,35.0,106346.685854,108440.14147,108440.14169799999,3098.2897628,40.630953999999996,106346.685854,17965.466244835585,78.22775100000001,61.572224,10.619314329564757,0.3227587084039609,20,64,,True,True,,70,59.56268577710819
86,2026-09-21T07:58:28.077+00:00,2026-09-21T08:00:16.275+00:00,2026-09-21T08:00:16.627+00:00,True,6,6.0,,6.0,108197.800472,108549.881368,108549.881252,18091.646875333332,64.986946,108197.800472,44142.81990677074,81166.845623,70.4161792,3.4433536888822793,0.05527412765804065,20,64,,True,True,,22,59.56268577710819
87,2026-09-21T07:58:28.401+00:00,2026-09-21T08:00:17.704+00:00,2026-09-21T08:00:19.999+00:00,True,37,37.0,,37.0,109302.404242,111597.54971400001,111597.549713,3016.1499922432436,40.490252999999996,109302.404242,17958.72633683689,81.05453600000001,63.75404088888889,10.295491537996758,0.3315484981061221,20,64,,True,True,,333,59.56268577710819
88,2026-09-21T07:58:28.779+00:00,2026-09-21T08:00:19.808+00:00,2026-09-21T08:00:23.494+00:00,True,60,60.0,,60.0,111028.40345999999,114715.16902799999,114715.16898399999,1911.9194830666665,43.165993,111028.40345999999,14325.640732616916,76.77655499999999,62.487552,8.686434309787488,0.5230345778016073,20,64,,True,True,,120,59.56268577710819
89,2026-09-21T07:58:29.015+00:00,2026-09-21T08:00:20.813+00:00,2026-09-21T08:00:22.789+00:00,True,34,34.0,,34.0,111797.807309,113773.650893,113773.65084599999,3346.2838484117647,48.297383,111797.807309,19162.899005609543,76.243857,59.874048,7.81272180138625,0.29883896432202717,20,64,,True,True,,54,59.56268577710819
90,2026-09-21T07:58:29.303+00:00,2026-09-21T08:00:21.978+00:00,2026-09-21T08:00:26.185+00:00,True,69,69.0,,69.0,112675.40286599999,116882.45259399999,116882.452639,1693.9485889710143,45.438503,112675.40286599999,13557.079633560166,77.6622996,61.86837835294118,9.40651045154754,0.590336688430698,20,64,,True,True,,345,59.56268577710819
91,2026-09-21T07:58:29.524+00:00,2026-09-21T08:00:23.491+00:00,2026-09-21T08:00:29.713+00:00,True,100,100.0,,100.0,113966.241825,120188.911905,120188.911848,1201.88911848,47.171002,113966.241825,11390.342221588511,76.15103549999999,62.85525333333334,9.056886384765077,0.8320235071188783,20,64,,True,True,,391,59.56268577710819
92,2026-09-21T07:58:29.880+00:00,2026-09-21T08:00:25.446+00:00,2026-09-21T08:00:26.974+00:00,True,25,25.0,,25.0,115565.77205300001,117094.028053,117094.028158,4683.761126320001,46.067774,115565.77205300001,23100.421075387614,80.5819078,63.67733333333334,10.138971246226763,0.21350362965295128,20,64,,True,True,,75,59.56268577710819
93,2026-09-21T07:58:30.091+00:00,2026-09-21T08:00:26.517+00:00,2026-09-21T08:00:30.398+00:00,True,63,63.0,,63.0,116425.80415099999,120306.34123899999,120306.34118999999,1909.624463333333,46.088794,116425.80415099999,14660.389791998994,77.239873,62.58930787096774,9.025264931816617,0.5236631697978787,20,64,,True,True,,603,59.56268577710819
94,2026-09-21T07:58:30.393+00:00,2026-09-21T08:00:27.935+00:00,2026-09-21T08:00:33.187+00:00,True,84,84.0,,84.0,117542.306316,122793.984268,122793.98437600001,1461.8331473333333,41.883043,117542.306316,12818.01623596308,76.11054984999998,63.2732283373494,8.618367758580133,0.684072599327574,20,64,,True,True,,398,59.56268577710819
95,2026-09-21T07:58:30.737+00:00,2026-09-21T08:00:29.793+00:00,2026-09-21T08:00:34.519+00:00,True,74,74.0,,74.0,119056.51709800001,123782.17623400001,123782.176059,1672.7321089054055,41.726173,119056.51709800001,13832.516899557291,79.41529285,64.73505665753424,9.484497310665864,0.5978243576854643,20,64,,True,True,,300,59.56268577710819
96,2026-09-21T07:58:30.960+00:00,2026-09-21T08:00:30.960+00:00,2026-09-21T08:00:32.921+00:00,True,31,31.0,,31.0,120000.38406200001,121961.61363,121961.61359800001,3934.2455999354843,48.727254,120000.38406200001,21540.96522167515,77.4962405,65.37431893333333,8.372874959964332,0.2541783359315496,20,64,,True,True,,31,59.56268577710819
97,2026-09-21T07:58:31.174+00:00,2026-09-21T08:00:32.134+00:00,2026-09-21T08:00:34.969+00:00,True,45,45.0,,45.0,120959.950668,123794.73799600001,123794.738037,2750.9941786,43.768633,120959.950668,18022.043070528904,77.557007,64.42698472727272,9.528991913977958,0.3635049496324635,20,64,,True,True,,255,59.56268577710819
98,2026-09-21T07:58:31.508+00:00,2026-09-21T08:00:33.568+00:00,2026-09-21T08:00:37.171+00:00,True,59,59.0,,59.0,122059.721919,125662.522559,125662.52267600001,2129.8732656949155,47.043104,122059.721919,15882.737705277355,76.29197890000002,62.1172524137931,8.829135298740939,0.46951150429356386,20,64,,True,True,,348,59.56268577710819
99,2026-09-21T07:58:31.846+00:00,2026-09-21T08:00:35.108+00:00,2026-09-21T08:00:35.108+00:00,True,1,1.0,,1.0,123261.53474799999,123261.53474799999,123261.53474799999,123261.53474799999,123261.53474799999,123261.53474799999,nan,123261.53474799999,nan,nan,0.008112830998286963,20,64,,True,True,,3,59.56268577710819
100,2026-09-21T07:58:32.123+00:00,2026-09-21T08:00:36.660+00:00,2026-09-21T08:00:42.019+00:00,True,84,84.0,,84.0,124537.03129500001,129895.27231900001,129895.27241300001,1546.3722906309524,44.915303,124537.03129500001,13581.063285750975,75.85250515,64.55712077108434,8.97909973579329,0.6466748057905505,20,64,,True,True,,500,59.56268577710819
101,2026-09-21T07:58:32.469+00:00,2026-09-21T08:00:38.585+00:00,2026-09-21T08:00:45.005+00:00,True,99,99.0,,99.0,126115.825412,132535.322628,132535.32258900002,1338.7406322121212,41.283283000000004,126115.825412,12668.53737881451,79.20209309999998,65.50507363265305,9.495384584055271,0.7469706794910297,20,64,,True,True,,198,59.56268577710819
102,2026-09-21T07:58:32.732+00:00,2026-09-21T08:00:39.761+00:00,2026-09-21T08:00:39.761+00:00,True,1,1.0,,1.0,127029.392241,127029.392241,127029.392241,127029.392241,127029.392241,127029.392241,nan,127029.392241,nan,nan,0.007872193847096436,20,64,,True,True,,4,59.56268577710819
103,2026-09-21T07:58:33.377+00:00,2026-09-21T08:00:41.872+00:00,2026-09-21T08:00:43.699+00:00,True,29,29.0,,29.0,128495.25142100001,130321.898973,130321.899147,4493.858591275863,43.083964,128495.25142100001,23848.857551091212,83.47230459999999,65.23741257142858,11.489728235310404,0.2225259164310382,20,64,,True,True,,87,59.56268577710819
104,2026-09-21T07:58:33.502+00:00,2026-09-21T08:00:42.706+00:00,2026-09-21T08:00:47.958+00:00,True,82,82.0,,82.0,129204.07890000001,134456.26526800002,134456.26511,1639.7105501219512,43.554513,129204.07890000001,14261.046382495397,80.861647,64.84180701234568,9.841636712449278,0.6098637340294742,20,64,,True,True,,94,59.56268577710819
105,2026-09-21T07:58:33.720+00:00,2026-09-21T08:00:45.312+00:00,2026-09-21T08:00:47.454+00:00,True,34,34.0,,34.0,131591.564392,133733.243752,133733.243791,3933.3306997352943,43.489383000000004,131591.564392,22556.639063305993,79.63395,64.89937454545455,9.894880060686225,0.2542374584366688,20,64,,True,True,,201,59.56268577710819
106,2026-09-21T07:58:34.084+00:00,2026-09-21T08:00:47.450+00:00,2026-09-21T08:00:48.910+00:00,True,24,24.0,,24.0,133366.231723,134826.550699,134826.550701,5617.772945875,46.002163,133366.231723,27210.309317930652,76.420727,63.49212939130435,9.364459038077232,0.1780064822215911,20,64,,True,True,,75,59.56268577710819
107,2026-09-21T07:58:34.371+00:00,2026-09-21T08:00:48.778+00:00,2026-09-21T08:00:53.174+00:00,True,71,71.0,,71.0,134406.880382,138803.113854,138803.113668,1954.973431943662,45.605593,134406.880382,15943.711250713319,78.223166,62.80333531428572,9.1672325673665,0.5115159021193236,20,64,,True,True,,75,59.56268577710819
108,2026-09-21T07:58:34.757+00:00,2026-09-21T08:00:50.936+00:00,2026-09-21T08:00:54.898+00:00,True,63,63.0,,63.0,136179.30306200002,140141.645718,140141.64561600002,2224.4705653333335,42.743743,136179.30306200002,17148.9304790993,80.430588,63.908752516129034,9.736350657837715,0.4495451703683553,20,64,,True,True,,281,59.56268577710819
109,2026-09-21T07:58:35.007+00:00,2026-09-21T08:00:52.093+00:00,2026-09-21T08:00:53.036+00:00,True,17,17.0,,17.0,137086.528521,138029.544201,138029.544261,8119.384956529412,46.259432999999994,137086.528521,33234.07312459089,27476.147764199995,58.93848,8.110022567321893,0.12316203823178919,20,64,,True,True,,20,59.56268577710819
110,2026-09-21T07:58:35.390+00:00,2026-09-21T08:00:54.295+00:00,2026-09-21T08:00:58.494+00:00,True,68,68.0,,68.0,138904.980575,143104.248671,143104.248648,2104.4742448235293,44.881083,138904.980575,16837.105182613515,75.99537585,62.6756432238806,9.388555053024628,0.4751780651623669,20,64,,True,True,,136,59.56268577710819
111,2026-09-21T07:58:35.670+00:00,2026-09-21T08:00:55.870+00:00,2026-09-21T08:01:02.017+00:00,True,97,97.0,,97.0,140200.122514,146347.290258,146347.29020999998,1508.7349506185565,41.743513,140200.122514,14228.667887487865,77.6548172,64.03299733333334,10.424157885930699,0.6628069425063888,20,64,,True,True,,465,59.56268577710819
112,2026-09-21T07:58:36.013+00:00,2026-09-21T08:00:57.505+00:00,2026-09-21T08:01:00.228+00:00,True,44,44.0,,44.0,141491.57586,144215.092276,144215.092252,3277.615733,42.671082999999996,141491.57586,21321.111638918213,76.26097734999999,63.33759106976745,10.442961996913393,0.30509982905112626,20,64,,True,True,,88,59.56268577710819
113,2026-09-21T07:58:36.394+00:00,2026-09-21T08:00:59.480+00:00,2026-09-21T08:01:04.698+00:00,True,83,83.0,,83.0,143085.699377,148303.844145,148303.844175,1786.793303313253,43.821103,143085.699377,15698.713494813102,75.44542089999999,63.63591180487805,8.978839757076262,0.5596618245367196,20,64,,True,True,,156,59.56268577710819
114,2026-09-21T07:58:36.661+00:00,2026-09-21T08:01:00.812+00:00,2026-09-21T08:01:06.632+00:00,True,93,93.0,,93.0,144151.143618,149971.162818,149971.1628,1612.5931483870968,40.722233,144151.143618,14941.220399644042,76.35996200000001,63.26107826086956,9.52114893910462,0.6201192166047395,20,64,,True,True,,279,59.56268577710819
115,2026-09-21T07:58:36.937+00:00,2026-09-21T08:01:02.128+00:00,2026-09-21T08:01:05.716+00:00,True,58,58.0,,58.0,145190.785108,148778.613332,148778.613144,2565.148502482759,43.686502999999995,145190.785108,19056.22147774123,77.0619085,62.94435480701754,9.647756251776737,0.3898409771475204,20,64,,True,True,,174,59.56268577710819
116,2026-09-21T07:58:37.176+00:00,2026-09-21T08:01:03.468+00:00,2026-09-21T08:01:06.081+00:00,True,43,43.0,,43.0,146291.722592,148905.179488,148905.179517,3462.91115155814,42.460583,146291.722592,22299.791051730084,76.508112,62.22516419047619,8.950921231571803,0.288774374053693,20,64,,True,True,,107,59.56268577710819
117,2026-09-21T07:58:37.474+00:00,2026-09-21T08:01:04.953+00:00,2026-09-21T08:01:09.123+00:00,True,67,67.0,,67.0,147479.090361,151648.394169,151648.394101,2263.4088671791046,41.787013,147479.090361,18009.723431714876,76.8162573,63.17126981818182,9.575409169349108,0.44181147032347645,20,64,,True,True,,394,59.56268577710819
118,2026-09-21T07:58:37.718+00:00,2026-09-21T08:01:06.517+00:00,2026-09-21T08:01:09.411+00:00,True,47,47.0,,47.0,148799.094503,151693.356519,151693.356528,3227.518224,42.472792999999996,148799.094503,21695.403199625092,77.5128967,62.91873947826087,9.847890137176618,0.3098355859382222,20,64,,True,True,,329,59.56268577710819
119,2026-09-21T07:58:38.101+00:00,2026-09-21T08:01:08.753+00:00,2026-09-21T08:01:13.506+00:00,True,76,76.0,,76.0,150652.18502900001,155405.085637,155405.08566100002,2044.8037586973687,43.888884,150652.18502900001,17273.724628214946,77.952406,63.37200810666667,10.422339455092173,0.48904448453844773,20,64,,True,True,,151,59.56268577710819
120,2026-09-21T07:58:38.444+00:00,2026-09-21T08:01:10.505+00:00,2026-09-21T08:01:12.409+00:00,True,31,31.0,,31.0,152060.136703,153964.482559,153964.48271399998,4966.596216580645,50.461983999999994,152060.136703,27299.407518253644,79.08406049999999,63.4781952,9.972668962181784,0.20134513807832682,20,64,,True,True,,191,59.56268577710819
121,2026-09-21T07:58:38.790+00:00,2026-09-21T08:01:12.668+00:00,2026-09-21T08:01:13.099+00:00,True,8,8.0,,8.0,153878.028677,154308.464261,154308.464189,19288.558023625,50.414843999999995,153878.028677,54382.35942760081,100049.31459065,61.49079771428572,10.848122910373231,0.051844207239783446,20,64,,True,True,,55,59.56268577710819
122,2026-09-21T07:58:39.056+00:00,2026-09-21T08:01:14.177+00:00,2026-09-21T08:01:16.708+00:00,True,41,41.0,,41.0,155120.909322,157651.891978,157651.89187,3845.168094390244,43.721411999999994,155120.909322,24215.93599513064,76.292416,63.2745664,9.626012528768324,0.26006665372415233,20,64,,True,True,,214,59.56268577710819
123,2026-09-21T07:58:39.337+00:00,2026-09-21T08:01:15.626+00:00,2026-09-21T08:01:20.739+00:00,True,82,82.0,,82.0,156288.58559,161401.933174,161401.93316000002,1968.3162580487806,42.045023,156288.58559,17252.218739158598,76.704401,63.127747950617284,10.268025611747577,0.5080484377569355,20,64,,True,True,,82,59.56268577710819
124,2026-09-21T07:58:39.703+00:00,2026-09-21T08:01:17.308+00:00,2026-09-21T08:01:23.101+00:00,True,93,93.0,,93.0,157605.89572799997,163398.23415999996,163398.23407399998,1756.9702588602147,42.56562400000001,157605.89572799997,16336.444815850193,76.958842,62.96020034782609,10.62392733109093,0.5691615976029103,20,64,,True,True,,93,59.56268577710819
125,2026-09-21T07:58:40.076+00:00,2026-09-21T08:01:19.376+00:00,2026-09-21T08:01:23.961+00:00,True,73,73.0,,73.0,159299.765724,163884.488156,163884.488291,2244.992990287671,40.772152999999996,159299.765724,18637.177339178234,77.1845154,63.67670044444445,10.297074696988822,0.44543568962129004,20,64,,True,True,,365,59.56268577710819
126,2026-09-21T07:58:40.305+00:00,2026-09-21T08:01:20.563+00:00,2026-09-21T08:01:23.621+00:00,True,49,49.0,,49.0,160258.338047,163316.155391,163316.155259,3332.982760387755,42.958631999999994,160258.338047,22884.949751611974,78.5680514,63.704528,9.920971328777226,0.3000315546412886,20,64,,True,True,,294,59.56268577710819
127,2026-09-21T07:58:40.624+00:00,2026-09-21T08:01:22.342+00:00,2026-09-21T08:01:24.511+00:00,True,35,35.0,,35.0,161717.32156799998,163886.36656,163886.366354,4682.467610114285,41.452432,161717.32156799998,27324.434952754513,78.571858,63.79544094117647,10.26689892677317,0.21356260886524836,20,64,,True,True,,208,59.56268577710819
128,2026-09-21T07:58:40.926+00:00,2026-09-21T08:01:23.829+00:00,2026-09-21T08:01:27.262+00:00,True,56,56.0,,56.0,162903.110726,166335.364166,166335.364032,2970.274357714286,46.901093,162903.110726,21760.506459610257,78.52798,62.404608,8.892130802393833,0.3366692361590221,20,64,,True,True,,113,59.56268577710819
129,2026-09-21T07:58:41.227+00:00,2026-09-21T08:01:25.395+00:00,2026-09-21T08:01:25.663+00:00,True,5,5.0,,5.0,164167.666319,164436.46964700002,164436.46966300003,32887.293932600005,55.480973,164167.666319,73387.95993501075,131349.903836,67.200832,12.059639262287739,0.030406879998905522,20,64,,True,True,,15,59.56268577710819
130,2026-09-21T07:58:41.557+00:00,2026-09-21T08:01:26.887+00:00,2026-09-21T08:01:27.629+00:00,True,13,13.0,,13.0,165330.373606,166072.32893400002,166072.328806,12774.794523538461,53.363793,165330.373606,45837.24767521081,66178.4553688,61.82961066666667,8.833415572937914,0.07827914549910613,20,64,,True,True,,26,59.56268577710819
131,2026-09-21T07:58:41.914+00:00,2026-09-21T08:01:28.563+00:00,2026-09-21T08:01:34.147+00:00,True,90,90.0,,90.0,166649.21362999998,172232.436414,172232.43636099997,1913.6937373444443,42.104712,166649.21362999998,17559.759297207074,77.01385155,62.73284026966292,9.247360832069536,0.5225496536765261,20,64,,True,True,,217,59.56268577710819
132,2026-09-21T07:58:42.139+00:00,2026-09-21T08:01:29.754+00:00,2026-09-21T08:01:34.268+00:00,True,73,73.0,,73.0,167614.59797099998,172129.22453099999,172129.224344,2357.9345800547944,45.556283,167614.59797099998,19610.467473950284,75.436904,62.70314666666666,7.694386466231497,0.4240999760435969,20,64,,True,True,,220,59.56268577710819
133,2026-09-21T07:58:42.471+00:00,2026-09-21T08:01:31.343+00:00,2026-09-21T08:01:33.870+00:00,True,42,42.0,,42.0,168872.193872,171399.10792,171399.107908,4080.9311406666666,47.208741,168872.193872,26048.03639245022,74.795254,61.632049951219514,7.985777046215459,0.24504211550274443,20,64,,True,True,,84,59.56268577710819
134,2026-09-21T07:58:42.740+00:00,2026-09-21T08:01:33.091+00:00,2026-09-21T08:01:36.251+00:00,True,50,50.0,,50.0,170351.146328,173510.643288,173510.643488,3470.21286976,43.999072999999996,170351.146328,24082.1730434517,77.26805200000001,64.47952979591837,9.078546524955966,0.2881667605658517,20,64,,True,True,,277,59.56268577710819
135,2026-09-21T07:58:43.529+00:00,2026-09-21T08:01:34.340+00:00,2026-09-21T08:01:39.729+00:00,True,85,85.0,,85.0,170811.256023,176200.250839,176200.250825,2072.944127352941,45.009582,170811.256023,18520.12580813507,76.65701800000001,64.15470019047619,9.440632776019976,0.4824056696585939,20,64,,True,True,,524,59.56268577710819
136,2026-09-21T07:58:43.575+00:00,2026-09-21T08:01:37.333+00:00,2026-09-21T08:01:38.322+00:00,True,16,16.0,,16.0,173758.02014100002,174746.91639700002,174746.91635500002,10921.682272187501,53.136302,173758.02014100002,43423.02415356903,43497.62091075,65.92641706666667,8.19574116714124,0.09156098619588963,20,64,,True,True,,36,59.56268577710819
137,2026-09-21T07:58:43.838+00:00,2026-09-21T08:01:38.487+00:00,2026-09-21T08:01:38.880+00:00,True,7,7.0,,7.0,174649.72209599998,175041.938928,175041.93903699997,25005.991291,48.134402,174649.72209599998,65986.6835418341,122277.55344539999,65.369472,10.630001502098558,0.03999041625606827,20,64,,True,True,,7,59.56268577710819
138,2026-09-21T07:58:44.186+00:00,2026-09-21T08:01:40.049+00:00,2026-09-21T08:01:43.745+00:00,True,61,61.0,,61.0,175863.08418399998,179559.529112,179559.52895399998,2943.598835311475,41.868172,175863.08418399998,22509.07458866331,76.474224,61.607415466666666,9.60532529276088,0.33972020477928155,20,64,,True,True,,518,59.56268577710819
139,2026-09-21T07:58:44.407+00:00,2026-09-21T08:01:41.106+00:00,2026-09-21T08:01:46.593+00:00,True,90,90.0,,90.0,176698.372578,182185.340386,182185.340365,2024.281559611111,44.665292,176698.372578,18619.147591261906,77.08589250000001,61.65132368539326,9.38425259170819,0.49400242527370786,20,64,,True,True,,360,59.56268577710819
140,2026-09-21T07:58:44.713+00:00,2026-09-21T08:01:42.954+00:00,2026-09-21T08:01:43.350+00:00,True,7,7.0,,7.0,178240.942426,178637.745754,178637.745907,25519.677986714283,45.425762000000006,178240.942426,67343.74896081402,124792.39603840001,66.133888,14.814425653035785,0.03918544745655053,20,64,,True,True,,14,59.56268577710819
141,2026-09-21T07:58:44.979+00:00,2026-09-21T08:01:44.060+00:00,2026-09-21T08:01:44.626+00:00,True,10,10.0,,10.0,179081.743199,179647.183711,179647.18373,17964.718373,43.990292000000004,179081.743199,56610.75348276192,98530.15538975,62.82672355555555,13.597931252694647,0.05566466333303108,20,64,,True,True,,19,59.56268577710819
142,2026-09-21T07:58:45.228+00:00,2026-09-21T08:01:45.372+00:00,2026-09-21T08:01:49.442+00:00,True,66,66.0,,66.0,180144.28563600002,184214.39149200002,184214.39153400002,2791.1271444545455,45.292833,180144.28563600002,22166.522647991245,76.043549,62.617013169230766,8.37889476194521,0.35827819675460165,20,64,,True,True,,399,59.56268577710819
143,2026-09-21T07:58:45.613+00:00,2026-09-21T08:01:47.305+00:00,2026-09-21T08:01:49.995+00:00,True,44,44.0,,44.0,181692.40667899998,184382.81947899997,184382.81925399997,4190.51861940909,42.828763,181692.40667899998,27381.729620355534,72.98077535000002,62.56773953488372,8.003663443352316,0.23863394715585917,20,64,,True,True,,343,59.56268577710819
144,2026-09-21T07:58:45.930+00:00,2026-09-21T08:01:49.072+00:00,2026-09-21T08:01:52.358+00:00,True,52,52.0,,52.0,183142.294431,186427.787167,186427.787159,3585.149753057692,46.408502999999996,183142.294431,25388.334416598664,77.2738305,64.42142619607843,8.504575540419012,0.27892837645183743,20,64,,True,True,,103,59.56268577710819
145,2026-09-21T07:58:46.147+00:00,2026-09-21T08:01:50.326+00:00,2026-09-21T08:01:56.109+00:00,True,91,91.0,,91.0,184178.497527,189961.526263,189961.526169,2087.4892985604397,42.435222,184178.497527,19300.418841483966,76.986913,64.25587484444445,8.981413927212985,0.4790443717219419,20,64,,True,True,,273,59.56268577710819
146,2026-09-21T07:58:46.373+00:00,2026-09-21T08:01:51.270+00:00,2026-09-21T08:01:51.270+00:00,True,1,1.0,,1.0,184896.528754,184896.528754,184896.528754,184896.528754,184896.528754,184896.528754,nan,184896.528754,nan,nan,0.0054084303623161785,20,64,,True,True,,4,59.56268577710819
147,2026-09-21T07:58:46.751+00:00,2026-09-21T08:01:52.960+00:00,2026-09-21T08:01:58.089+00:00,True,82,82.0,,82.0,186209.327406,191338.089006,191338.089073,2333.3913301585367,43.811483,186209.327406,20556.389673515518,75.93810360000002,63.318044444444446,8.624939821110962,0.4285607765081663,20,64,,True,True,,325,59.56268577710819
148,2026-09-21T07:58:47.065+00:00,2026-09-21T08:01:54.577+00:00,2026-09-21T08:01:55.531+00:00,True,16,16.0,,16.0,187511.45574,188465.729276,188465.729242,11779.108077625,42.890933,187511.45574,46861.960231531586,46936.296858,63.618235733333336,9.265359276431814,0.0848960713518832,20,64,,True,True,,33,59.56268577710819
149,2026-09-21T07:58:47.395+00:00,2026-09-21T08:01:56.212+00:00,2026-09-21T08:01:57.715+00:00,True,25,25.0,,25.0,188817.456385,190320.351489,190320.351476,7612.81405904,40.445372000000006,188817.456385,37750.96850243227,79.14822880000001,62.62062933333333,10.317633647944072,0.1313574707297918,20,64,,True,True,,168,59.56268577710819
150,2026-09-21T07:58:47.736+00:00,2026-09-21T08:01:58.227+00:00,2026-09-21T08:02:00.917+00:00,True,43,43.0,,43.0,190490.629499,193181.558907,193181.558864,4492.594392186046,49.353283000000005,190490.629499,29039.779520926335,80.4436339,64.0697478095238,9.14404113107387,0.2225885340365264,20,64,,True,True,,86,59.56268577710819
151,2026-09-21T07:58:48.006+00:00,2026-09-21T08:01:59.458+00:00,2026-09-21T08:02:00.370+00:00,True,15,15.0,,15.0,191452.549308,192364.59794799998,192364.59806599998,12824.306537733333,51.284112,191452.549308,49416.015789574194,57491.8367685,65.14633142857143,9.408076263769235,0.07797692590013262,20,64,,True,True,,57,59.56268577710819
152,2026-09-21T07:58:48.269+00:00,2026-09-21T08:02:00.799+00:00,2026-09-21T08:02:03.304+00:00,True,42,42.0,,42.0,192529.93374200002,195035.15742200002,195035.15731700003,4643.694221833334,47.308763,192529.93374200002,29698.58632059006,74.15352594999999,61.10301658536586,7.7083837839020735,0.21534578972920287,20,64,,True,True,,126,59.56268577710819
153,2026-09-21T07:58:48.583+00:00,2026-09-21T08:02:02.991+00:00,2026-09-21T08:02:08.863+00:00,True,94,94.0,,94.0,194408.549708,200280.496204,200280.496156,2130.64357612766,44.717283,194408.549708,20045.200297022435,76.72911835,63.1392096344086,8.413947535697746,0.4693417570937825,20,64,,True,True,,564,59.56268577710819
154,2026-09-21T07:58:48.864+00:00,2026-09-21T08:02:04.352+00:00,2026-09-21T08:02:07.358+00:00,True,49,49.0,,49.0,195487.727282,198493.691826,198493.691824,4050.891669877551,46.656013,195487.727282,27917.873166937254,78.430258,62.62426133333334,8.63252897747433,0.24685923038276453,20,64,,True,True,,215,59.56268577710819
155,2026-09-21T07:58:49.210+00:00,2026-09-21T08:02:06.089+00:00,2026-09-21T08:02:11.294+00:00,True,84,84.0,,84.0,196879.319391,202084.118111,202084.117963,2405.7633090833333,44.398222000000004,196879.319391,21474.454536453297,75.35158285,62.70841831325301,8.675585022617945,0.4156684888708612,20,64,,True,True,,205,59.56268577710819
156,2026-09-21T07:58:49.475+00:00,2026-09-21T08:02:07.566+00:00,2026-09-21T08:02:07.566+00:00,True,1,1.0,,1.0,198091.092463,198091.092463,198091.092463,198091.092463,198091.092463,198091.092463,nan,198091.092463,nan,nan,0.00504818256876837,20,64,,True,True,,13,59.56268577710819
157,2026-09-21T07:58:49.838+00:00,2026-09-21T08:02:09.556+00:00,2026-09-21T08:02:13.265+00:00,True,60,60.0,,60.0,199718.542422,203427.10126999998,203427.101273,3390.4516878833333,45.531053,199718.542422,25775.439486423464,79.0212695,62.856929627118646,8.33091381369412,0.29494595177052935,20,64,,True,True,,141,59.56268577710819
158,2026-09-21T07:58:50.058+00:00,2026-09-21T08:02:10.797+00:00,2026-09-21T08:02:12.448+00:00,True,27,27.0,,27.0,200739.569877,202390.451157,202390.451175,7495.942636111111,42.362153,200739.569877,38620.129442856785,75.719712,63.49543384615385,8.548724503923966,0.13340550330141482,20,64,,True,True,,162,59.56268577710819
159,2026-09-21T07:58:50.289+00:00,2026-09-21T08:02:12.333+00:00,2026-09-21T08:02:13.655+00:00,True,22,22.0,,22.0,202043.964186,203366.335258,203366.335398,9243.924336272727,48.995813000000005,202043.964186,43062.49359472721,76.64607905000001,62.970051047619044,9.299740341245139,0.10817916334131594,20,64,,True,True,,98,59.56268577710819
160,2026-09-21T07:58:50.573+00:00,2026-09-21T08:02:13.797+00:00,2026-09-21T08:02:17.808+00:00,True,64,64.0,,64.0,203224.486226,207235.21441800002,207235.21432300002,3238.0502237968753,46.142544,203224.486226,25395.104911094688,79.75431015,63.66235225396825,9.971740066596482,0.3088278224322917,20,64,,True,True,,192,59.56268577710819
161,2026-09-21T07:58:50.864+00:00,2026-09-21T08:02:15.488+00:00,2026-09-21T08:02:17.865+00:00,True,38,38.0,,38.0,204623.66301699998,207000.33424899998,207000.334036,5447.377211473684,49.417002999999994,204623.66301699998,33183.92245181623,80.9850123,64.23435762162163,9.152475576088154,0.1835745828037646,20,64,,True,True,,114,59.56268577710819
162,2026-09-21T07:58:51.087+00:00,2026-09-21T08:02:16.667+00:00,2026-09-21T08:02:19.380+00:00,True,44,44.0,,44.0,205579.98776800002,208292.80876,208292.80878500003,4733.927472386364,42.959421999999996,205579.98776800002,30982.83972346138,80.614981,63.08886027906976,9.63070170755765,0.21124109018424087,20,64,,True,True,,87,59.56268577710819
163,2026-09-21T07:58:51.424+00:00,2026-09-21T08:02:18.356+00:00,2026-09-21T08:02:19.443+00:00,True,18,18.0,,18.0,206931.524784,208019.12184,208019.12185300002,11556.617880722222,49.698623,206931.524784,48759.149992684564,31116.65905985,63.976297411764705,11.206686085872928,0.08653050662258291,20,64,,True,True,,0,59.56268577710819
164,2026-09-21T07:58:51.681+00:00,2026-09-21T08:02:19.924+00:00,2026-09-21T08:02:21.071+00:00,True,19,19.0,,19.0,208243.321792,209389.663424,209389.663245,11020.508591842105,43.871942000000004,208243.321792,47759.6850033386,20892.5225368,63.685646222222225,10.045558673294474,0.09073991375365209,20,64,,True,True,,19,59.56268577710819
165,2026-09-21T07:58:51.905+00:00,2026-09-21T08:02:21.076+00:00,2026-09-21T08:02:22.818+00:00,True,29,29.0,,29.0,209171.124622,210913.45499,210913.45510700002,7272.877762310345,41.131091999999995,209171.124622,38830.54901216864,79.640437,62.22608457142857,10.554638716929235,0.13749715494146628,20,64,,True,True,,88,59.56268577710819
166,2026-09-21T07:58:52.129+00:00,2026-09-21T08:02:22.176+00:00,2026-09-21T08:02:26.169+00:00,True,66,66.0,,66.0,210046.351387,214040.084251,214040.08414300001,3243.0315779242424,43.642923,210046.351387,25847.357639543374,77.8029215,61.44204406153846,10.412773869173586,0.30835345739540676,20,64,,True,True,,850,59.56268577710819
167,2026-09-21T07:58:52.375+00:00,2026-09-21T08:02:23.498+00:00,2026-09-21T08:02:27.911+00:00,True,73,73.0,,73.0,211123.079704,215536.14722400001,215536.1472,2952.5499616438356,40.830904000000004,211123.079704,24702.91547641421,77.8490836,61.29260444444445,9.456774918896254,0.3386902890313492,20,64,,True,True,,433,59.56268577710819
168,2026-09-21T07:58:52.740+00:00,2026-09-21T08:02:25.228+00:00,2026-09-21T08:02:27.690+00:00,True,41,41.0,,41.0,212488.005479,214950.232423,214950.232244,5242.688591317074,42.792991,212488.005479,33175.43930772603,81.047194,61.5556736,10.158049970269921,0.19074182678396087,20,64,,True,True,,429,59.56268577710819
170,2026-09-21T07:58:53.705+00:00,2026-09-21T08:02:27.326+00:00,2026-09-21T08:02:32.928+00:00,True,90,90.0,,90.0,213621.760831,219223.085119,219223.08535799998,2435.8120595333335,42.308211,213621.760831,22511.078504319263,77.4410295,62.93622795505618,9.133682871207657,0.41054070537847626,20,64,,True,True,,450,59.56268577710819
169,2026-09-21T07:58:53.649+00:00,2026-09-21T08:02:28.235+00:00,2026-09-21T08:02:31.123+00:00,True,47,47.0,,47.0,214585.991059,217474.389651,217474.389681,4627.11467406383,42.264923,214585.991059,31291.426556911225,80.85669899999999,62.79127373913044,10.861962433718631,0.21611740157277817,20,64,,True,True,,188,59.56268577710819
171,2026-09-21T07:58:53.827+00:00,2026-09-21T08:02:29.499+00:00,2026-09-21T08:02:35.825+00:00,True,100,100.0,,100.0,215671.76636500002,221998.41391700003,221998.413716,2219.98413716,42.522121,215671.76636500002,21560.78806671799,77.66341399999999,63.90553082828283,9.29446830610229,0.4504536687248029,20,64,,True,True,,100,59.56268577710819
172,2026-09-21T07:58:53.898+00:00,2026-09-21T08:02:31.262+00:00,2026-09-21T08:02:31.824+00:00,True,10,10.0,,10.0,217364.07440900002,217925.947561,217925.94749900003,21792.594749900003,45.134142,217364.07440900002,68716.81430339889,119584.2487853,62.43035022222222,11.455288486050993,0.045887147042005555,20,64,,True,True,,40,59.56268577710819
173,2026-09-21T07:58:54.097+00:00,2026-09-21T08:02:32.595+00:00,2026-09-21T08:02:35.549+00:00,True,47,47.0,,47.0,218498.365305,221452.752249,221452.752218,4711.760685489362,43.131082,218498.365305,31861.89540325395,79.2674654,64.22580313043478,9.890967505181951,0.21223488768002988,20,64,,True,True,,49,59.56268577710819
174,2026-09-21T07:58:54.429+00:00,2026-09-21T08:02:34.184+00:00,2026-09-21T08:02:34.445+00:00,True,5,5.0,,5.0,219754.865085,220016.427453,220016.427414,44003.2854828,53.250091999999995,219754.865085,98248.12024766771,175819.19211059998,65.390592,10.99949544494813,0.022725575803052716,20,64,,True,True,,25,59.56268577710819
175,2026-09-21T07:58:54.768+00:00,2026-09-21T08:02:36.078+00:00,2026-09-21T08:02:37.701+00:00,True,26,26.0,,26.0,221309.923977,222932.775305,222932.775223,8574.337508576922,48.277761,221309.923977,43389.717996652806,99.18427299999999,64.91405311999999,12.509446630755363,0.11662708618967642,20,64,,True,True,,34,59.56268577710819
176,2026-09-21T07:58:55.042+00:00,2026-09-21T08:02:37.253+00:00,2026-09-21T08:02:40.617+00:00,True,55,55.0,,55.0,222211.19454,225575.321004,225575.320998,4101.369472690909,45.78889100000001,222211.19454,29954.552527419684,78.318946,62.29863822222222,9.615523153338147,0.24382099848158797,20,64,,True,True,,110,59.56268577710819
177,2026-09-21T07:58:55.441+00:00,2026-09-21T08:02:39.124+00:00,2026-09-21T08:02:40.616+00:00,True,25,25.0,,25.0,223682.79071399997,225174.08773799997,225174.08783599996,9006.96351344,44.596392,223682.79071399997,44724.13152933362,83.23903879999997,62.137376,8.972655796457067,0.11102520832276495,20,64,,True,True,,142,59.56268577710819
178,2026-09-21T07:58:55.649+00:00,2026-09-21T08:02:40.233+00:00,2026-09-21T08:02:43.435+00:00,True,51,51.0,,51.0,224583.71991100002,227785.844199,227785.84405400002,4466.38909909804,42.240930999999996,224583.71991100002,31439.044785529597,77.9742075,64.04248575999999,9.836486639079142,0.2238945101234868,20,64,,True,True,,335,59.56268577710819
179,2026-09-21T07:58:55.861+00:00,2026-09-21T08:02:41.246+00:00,2026-09-21T08:02:45.464+00:00,True,68,68.0,,68.0,225385.388605,229603.35033299998,229603.35039299997,3376.519858720588,42.671891,225385.388605,27324.36068917604,79.014267,62.95465265671642,10.566606843415153,0.29616292576470576,20,64,,True,True,,408,59.56268577710819
180,2026-09-21T07:58:56.074+00:00,2026-09-21T08:02:42.372+00:00,2026-09-21T08:02:45.334+00:00,True,48,48.0,,48.0,226298.23793200002,229259.36126,229259.361356,4776.236694916667,44.727961,226298.23793200002,32654.24503169915,78.3869103,63.002624,10.106392169857683,0.20936985838307312,20,64,,True,True,,144,59.56268577710819
181,2026-09-21T07:58:56.451+00:00,2026-09-21T08:02:44.540+00:00,2026-09-21T08:02:48.836+00:00,True,69,69.0,,69.0,228089.032649,232385.373129,232385.3731,3367.9039579710143,44.776132,228089.032649,27451.088187953785,75.8059442,63.18147764705882,9.350334518174899,0.2969205809769156,20,64,,True,True,,276,59.56268577710819
182,2026-09-21T07:58:56.838+00:00,2026-09-21T08:02:46.748+00:00,2026-09-21T08:02:47.524+00:00,True,13,13.0,,13.0,229909.558206,230685.04108599998,230685.04117299998,17745.003167153845,51.225741,229909.558206,63747.515647008986,92009.51701020001,64.62357333333334,8.153429457595166,0.05635389247087576,20,64,,True,True,,65,59.56268577710819
183,2026-09-21T07:58:57.152+00:00,2026-09-21T08:02:48.146+00:00,2026-09-21T08:02:52.047+00:00,True,64,64.0,,64.0,230994.111432,234894.701512,234894.70144900001,3670.2297101406252,40.897180999999996,230994.111432,28866.52617993162,77.26115585000001,61.91412825396825,9.433150549664235,0.2724625101717352,20,64,,True,True,,192,59.56268577710819
184,2026-09-21T07:58:57.520+00:00,2026-09-21T08:02:49.950+00:00,2026-09-21T08:02:53.242+00:00,True,53,53.0,,53.0,232430.769298,235722.112658,235722.112733,4447.587032698113,41.206941,232430.769298,31918.12879758776,76.854718,63.29506461538462,9.860311020640841,0.22484101895393935,20,64,,True,True,,312,59.56268577710819
185,2026-09-21T07:58:57.851+00:00,2026-09-21T08:02:51.790+00:00,2026-09-21T08:02:57.038+00:00,True,85,85.0,,85.0,233939.680507,239187.48287500002,239187.482821,2813.970386129412,42.363161999999996,233939.680507,25367.546455061718,76.68952700000001,62.473837714285715,9.334402063717372,0.35536976675498194,20,64,,True,True,,1008,59.56268577710819
186,2026-09-21T07:58:58.234+00:00,2026-09-21T08:02:53.984+00:00,2026-09-21T08:02:58.261+00:00,True,69,69.0,,69.0,235749.229334,240026.316566,240026.31671400002,3478.642271217391,45.238911,235749.229334,28373.301590095307,77.76487900000001,62.89834164705882,9.518676012652625,0.28746847840339657,20,64,,True,True,,621,59.56268577710819
187,2026-09-21T07:58:58.496+00:00,2026-09-21T08:02:55.215+00:00,2026-09-21T08:02:59.729+00:00,True,73,73.0,,73.0,236718.44,241232.513088,241232.51315800002,3304.5549747671234,45.397361,236718.44,27698.461430252093,77.995565,62.69545955555555,9.477123247047563,0.3026126083318217,20,64,,True,True,,205,59.56268577710819
188,2026-09-21T07:58:58.810+00:00,2026-09-21T08:02:56.919+00:00,2026-09-21T08:02:58.761+00:00,True,29,29.0,,29.0,238108.526248,239950.974632,239950.974752,8274.171543172413,51.043961,238108.526248,44203.42488733226,77.516277,65.801728,7.765833372129866,0.12085802128737236,20,64,,True,True,,221,59.56268577710819
189,2026-09-21T07:58:59.145+00:00,2026-09-21T08:02:58.819+00:00,2026-09-21T08:03:03.826+00:00,True,81,81.0,,81.0,239674.264669,244680.700765,244680.700655,3020.749390802469,42.436422,239674.264669,26623.52203829011,76.870223,62.580451200000006,9.19938712764603,0.3310436816093447,20,64,,True,True,,324,59.56268577710819
190,2026-09-21T07:58:59.414+00:00,2026-09-21T08:03:00.107+00:00,2026-09-21T08:03:05.927+00:00,True,92,92.0,,92.0,240692.283206,246512.14471,246512.1447,2679.479833695652,41.045782,240692.283206,25087.239461951653,79.582137,63.95452202197802,10.025973319627889,0.37320676475485604,20,64,,True,True,,322,59.56268577710819
191,2026-09-21T07:58:59.788+00:00,2026-09-21T08:03:02.047+00:00,2026-09-21T08:03:07.821+00:00,True,90,90.0,,90.0,242259.46601499998,248033.03887899997,248033.03904799998,2755.9226560888887,43.339192000000004,242259.46601499998,25529.553584043035,77.75148045,64.87160521348315,9.48009410882135,0.36285488581182707,20,64,,True,True,,405,59.56268577710819
192,2026-09-21T07:59:00.105+00:00,2026-09-21T08:03:03.690+00:00,2026-09-21T08:03:03.903+00:00,True,4,4.0,,4.0,243585.12741999998,243797.433084,243797.43325699997,60949.35831424999,59.933882,243585.12741999998,121757.1796508613,207059.0081203,70.76855466666667,9.498955552068939,0.016407063640501117,20,64,,True,True,,8,59.56268577710819
193,2026-09-21T07:59:00.436+00:00,2026-09-21T08:03:05.528+00:00,2026-09-21T08:03:06.329+00:00,True,13,13.0,,13.0,245092.53822,245892.924524,245892.924438,18914.840341384614,51.685142,245092.53822,67957.94101148607,98082.75666779999,66.69885866666667,7.914940897707705,0.05286854034196155,20,64,,True,True,,39,59.56268577710819
194,2026-09-21T07:59:00.702+00:00,2026-09-21T08:03:06.728+00:00,2026-09-21T08:03:08.834+00:00,True,34,34.0,,34.0,246026.424744,248132.29687199998,248132.296688,7298.008726117647,45.168662,246026.424744,42182.24078425264,78.6275355,63.81430690909091,9.762098440132595,0.13702367820960862,20,64,,True,True,,108,59.56268577710819
195,2026-09-21T07:59:00.959+00:00,2026-09-21T08:03:08.267+00:00,2026-09-21T08:03:09.719+00:00,True,24,24.0,,24.0,247308.001382,248759.592806,248759.592783,10364.983032625,44.369301,247308.001382,50468.65244677646,77.05533500000001,63.11267060869565,9.611256665376384,0.09647869145177797,20,64,,True,True,,48,59.56268577710819
197,2026-09-21T07:59:01.476+00:00,2026-09-21T08:03:09.785+00:00,2026-09-21T08:03:13.562+00:00,True,61,61.0,,61.0,248308.545702,252085.242278,252085.242394,4132.544957278688,42.689971,248308.545702,31784.593870598765,77.37355199999999,62.94494293333333,10.460417761141228,0.24198163862654487,20,64,,True,True,,341,59.56268577710819
198,2026-09-21T07:59:01.695+00:00,2026-09-21T08:03:10.882+00:00,2026-09-21T08:03:15.721+00:00,True,77,77.0,,77.0,249187.43832699998,254025.855479,254025.855407,3299.037083207792,44.502001,249187.43832699998,28390.29077393343,78.689713,63.66338357894737,10.095849740188111,0.30311875086418316,20,64,,True,True,,492,59.56268577710819
199,2026-09-21T07:59:02.010+00:00,2026-09-21T08:03:12.561+00:00,2026-09-21T08:03:15.843+00:00,True,52,52.0,,52.0,250551.700253,253833.64047699998,253833.640468,4881.416162846153,42.294171,250551.700253,34736.346762370275,80.28668499999999,64.35176909803921,10.043022610010278,0.20485858337091356,20,64,,True,True,,211,59.56268577710819
196,2026-09-21T07:59:01.209+00:00,2026-09-21T08:03:14.488+00:00,2026-09-21T08:03:17.538+00:00,True,50,50.0,,50.0,253278.56040400002,256329.03643600002,256329.03640100002,5126.580728020001,42.858110999999994,253278.56040400002,35810.19461549218,76.98624595,62.25461289795918,9.479228684525312,0.195061787362057,20,64,,True,True,,100,59.56268577710819
200,2026-09-21T07:59:02.287+00:00,2026-09-21T08:03:15.018+00:00,2026-09-21T08:03:19.053+00:00,True,66,66.0,,66.0,252731.107452,256766.18406,256766.184023,3890.396727621212,44.490080999999996,252731.107452,31101.408660626068,75.4636145,62.07810166153846,8.387275778110759,0.2570431937586353,20,64,,True,True,,528,59.56268577710819
201,2026-09-21T07:59:02.657+00:00,2026-09-21T08:03:16.998+00:00,2026-09-21T08:03:22.114+00:00,True,82,82.0,,82.0,254340.25642199998,259456.77814999997,259456.778061,3164.10704952439,41.689802,254340.25642199998,28080.209027657846,77.76299700000001,63.16693491358025,10.636434085332152,0.3160449327424904,20,64,,True,True,,328,59.56268577710819
202,2026-09-21T07:59:02.932+00:00,2026-09-21T08:03:18.451+00:00,2026-09-21T08:03:22.374+00:00,True,62,62.0,,62.0,255519.632664,259442.242328,259442.242502,4184.552298419355,45.903182,255519.632664,32442.860798180096,77.72791099999999,64.30507645901639,10.750689667695484,0.2389741911096207,20,64,,True,True,,193,59.56268577710819
203,2026-09-21T07:59:03.190+00:00,2026-09-21T08:03:19.942+00:00,2026-09-21T08:03:23.806+00:00,True,61,61.0,,61.0,256751.99063,260616.11888599998,260616.118846,4272.395390918033,46.612722000000005,256751.99063,32865.47966441442,79.529343,64.4021376,10.71090421311473,0.23406073369806774,20,64,,True,True,,183,59.56268577710819
204,2026-09-21T07:59:03.459+00:00,2026-09-21T08:03:21.480+00:00,2026-09-21T08:03:26.636+00:00,True,82,82.0,,82.0,258020.174176,263176.989536,263176.989557,3209.475482402439,44.151852,258020.174176,28486.532476781715,76.14926944999999,63.66438716049383,9.113726419392293,0.31157739187066436,20,64,,True,True,,248,59.56268577710819
205,2026-09-21T07:59:03.771+00:00,2026-09-21T08:03:22.901+00:00,2026-09-21T08:03:27.347+00:00,True,72,72.0,,72.0,259130.100794,263576.059706,263576.05957,3660.778605138889,40.997731,259130.100794,30531.39718065819,78.364642,62.619139605633805,10.170057941075934,0.27316593199060185,20,64,,True,True,,504,59.56268577710819
206,2026-09-21T07:59:04.093+00:00,2026-09-21T08:03:24.359+00:00,2026-09-21T08:03:26.061+00:00,True,28,28.0,,28.0,260265.953001,261967.978217,261967.978101,9355.999217892857,47.036802,260265.953001,49173.72937039659,75.58372750000001,63.037970962962966,7.441347829054924,0.10688329234196069,20,64,,True,True,,34,59.56268577710819
207,2026-09-21T07:59:04.365+00:00,2026-09-21T08:03:25.866+00:00,2026-09-21T08:03:28.521+00:00,True,43,43.0,,43.0,261501.250226,264155.658418,264155.65824900003,6143.154843,43.502932,261501.250226,39868.93033384948,77.918722,63.20019504761905,10.968859609609344,0.16278280865729852,20,64,,True,True,,172,59.56268577710819
208,2026-09-21T07:59:04.583+00:00,2026-09-21T08:03:26.938+00:00,2026-09-21T08:03:29.851+00:00,True,47,47.0,,47.0,262355.164551,265267.665031,265267.665073,5643.992873893617,44.761102,262355.164551,38259.199741434786,78.19536599999999,63.315227826086954,10.35209824903344,0.1771795291917974,20,64,,True,True,,282,59.56268577710819
210,2026-09-21T07:59:05.721+00:00,2026-09-21T08:03:30.472+00:00,2026-09-21T08:03:36.264+00:00,True,92,92.0,,92.0,264751.40432800003,270543.641384,270543.64146500005,2940.691755054348,43.743970999999995,264751.40432800003,27595.607568860905,78.75974995,63.65095665934066,9.64729837935166,0.34005604245349264,20,64,,True,True,,92,59.56268577710819
211,2026-09-21T07:59:05.756+00:00,2026-09-21T08:03:31.106+00:00,2026-09-21T08:03:33.800+00:00,True,43,43.0,,43.0,265349.597723,268043.959835,268043.95979,6233.580460232558,42.313951,265349.597723,40455.652517944356,80.7670459,64.15147885714286,10.119487472465432,0.16042144738672542,20,64,,True,True,,302,59.56268577710819
212,2026-09-21T07:59:05.787+00:00,2026-09-21T08:03:32.651+00:00,2026-09-21T08:03:38.510+00:00,True,93,93.0,,93.0,266864.518472,272723.133256,272723.133295,2932.5068096236564,44.779250999999995,266864.518472,27665.95968494979,78.0187,63.68059547826087,9.418678341892148,0.34100517579747325,20,64,,True,True,,185,59.56268577710819
209,2026-09-21T07:59:05.564+00:00,2026-09-21T08:03:33.540+00:00,2026-09-21T08:03:38.692+00:00,True,82,82.0,,82.0,267976.023384,273128.413272,273128.413092,3330.834306,44.668521,267976.023384,29585.97822036784,78.08144645,63.6097517037037,9.568889134684293,0.3002250810073677,20,64,,True,True,,412,59.56268577710819
213,2026-09-21T07:59:05.998+00:00,2026-09-21T08:03:34.685+00:00,2026-09-21T08:03:38.505+00:00,True,61,61.0,,61.0,268687.07217299996,272507.216301,272507.21641299996,4467.331416606557,46.965111,268687.07217299996,34393.70355052203,77.782981,63.6690688,8.931444492913402,0.22384728312156685,20,64,,True,True,,202,59.56268577710819
214,2026-09-21T07:59:06.332+00:00,2026-09-21T08:03:36.588+00:00,2026-09-21T08:03:38.045+00:00,True,24,24.0,,24.0,270256.119709,271712.69391699997,271712.693989,11321.362249541666,52.376481,270256.119709,55152.87284692249,76.66712450000001,63.32931339130435,7.285116465666307,0.08832859316956047,20,64,,True,True,,53,59.56268577710819
215,2026-09-21T07:59:06.705+00:00,2026-09-21T08:03:38.504+00:00,2026-09-21T08:03:42.584+00:00,True,64,64.0,,64.0,271798.58798,275879.02599600004,275879.026105,4310.609782890625,45.697061000000005,271798.58798,33966.72908888369,77.7511625,64.7688573968254,10.828885021434184,0.2319857400139144,20,64,,True,True,,64,59.56268577710819
216,2026-09-21T07:59:07.097+00:00,2026-09-21T08:03:40.369+00:00,2026-09-21T08:03:43.619+00:00,True,51,51.0,,51.0,273271.667008,276522.186048,276522.18613600003,5422.0036497254905,44.972651,273271.667008,38256.585595005876,79.972212,65.0103808,11.125481486608534,0.184433664180375,20,64,,True,True,,200,59.56268577710819
217,2026-09-21T07:59:07.478+00:00,2026-09-21T08:03:42.445+00:00,2026-09-21T08:03:45.208+00:00,True,44,44.0,,44.0,274966.150361,277729.304793,277729.30483,6312.029655227272,48.909981,274966.150361,41443.02035043557,76.97400965,64.25940539534884,9.054311646120592,0.1584276460591529,20,64,,True,True,,136,59.56268577710819
218,2026-09-21T07:59:07.804+00:00,2026-09-21T08:03:44.250+00:00,2026-09-21T08:03:47.397+00:00,True,51,51.0,,51.0,276445.358876,279593.003548,279593.003522,5482.215755333333,42.35271,276445.358876,38701.27896733706,76.50354150000001,62.95289344,9.320775726909298,0.1824079978855566,20,64,,True,True,,206,59.56268577710819
219,2026-09-21T07:59:08.056+00:00,2026-09-21T08:03:45.588+00:00,2026-09-21T08:03:45.643+00:00,True,2,2.0,,2.0,277532.616138,277586.96929,277586.969239,138793.4846195,54.353101,277532.616138,196206.76142532722,263658.70298615,54.353152,nan,0.007204949155630447,20,64,,True,True,,4,59.56268577710819
220,2026-09-21T07:59:08.335+00:00,2026-09-21T08:03:46.967+00:00,2026-09-21T08:03:50.980+00:00,True,64,64.0,,64.0,278632.807998,282645.133374,282645.133212,4416.3302064375,45.388110999999995,278632.807998,34821.14120276989,78.21237814999999,63.68770438095238,9.082637844474855,0.22643234375210097,20,64,,True,True,,366,59.56268577710819
221,2026-09-21T07:59:08.679+00:00,2026-09-21T08:03:48.822+00:00,2026-09-21T08:03:54.899+00:00,True,96,96.0,,96.0,280142.468121,286219.83464899997,286219.834558,2981.4566099791664,41.044481,280142.468121,28585.393482676925,78.26335425,63.97227924210526,9.916069755784829,0.33540652456084225,20,64,,True,True,,426,59.56268577710819
222,2026-09-21T07:59:09.006+00:00,2026-09-21T08:03:50.400+00:00,2026-09-21T08:03:56.355+00:00,True,94,94.0,,94.0,281394.18323,287349.175102,287349.175224,3056.9061194042556,41.158341,281394.18323,29016.99096015696,77.425422,64.03217066666666,9.25069369102873,0.32712813588775025,20,64,,True,True,,582,59.56268577710819
223,2026-09-21T07:59:09.378+00:00,2026-09-21T08:03:52.394+00:00,2026-09-21T08:03:54.572+00:00,True,35,35.0,,35.0,283016.673663,285194.545279,285194.545468,8148.4155848,43.851481,283016.673663,47827.72297062382,78.451659,64.05504752941177,10.267483870195894,0.12272324481437824,20,64,,True,True,,145,59.56268577710819
224,2026-09-21T07:59:09.709+00:00,2026-09-21T08:03:53.891+00:00,2026-09-21T08:03:58.287+00:00,True,72,72.0,,72.0,284181.86744,288577.476528,288577.476382,4008.0205053055556,43.456341,284181.86744,33483.85932228539,77.47193345,61.90998715492958,9.119867479737591,0.2494997214136842,20,64,,True,True,,216,59.56268577710819
227,2026-09-21T07:59:10.631+00:00,2026-09-21T08:03:56.658+00:00,2026-09-21T08:03:58.407+00:00,True,30,30.0,,30.0,286026.547622,287775.41136599996,287775.411149,9592.513704966666,47.518741,286026.547622,52210.05441421033,76.8122095,60.305646344827586,8.107777399511765,0.10424796148356556,20,64,,True,True,,120,59.56268577710819
228,2026-09-21T07:59:10.860+00:00,2026-09-21T08:03:57.797+00:00,2026-09-21T08:04:02.193+00:00,True,69,69.0,,69.0,286937.674963,291333.528019,291333.528125,4222.225045289855,42.246301,286937.674963,34535.455608177224,77.997344,64.64489788235294,9.004734129953961,0.2368419469917654,20,64,,True,True,,135,59.56268577710819
225,2026-09-21T07:59:09.933+00:00,2026-09-21T08:03:58.813+00:00,2026-09-21T08:04:01.550+00:00,True,43,43.0,,43.0,288879.63144,291616.697936,291616.698097,6781.783676674419,49.147691,288879.63144,44043.79345472393,75.705859,65.16824990476191,8.101911027363876,0.1474538334201872,20,64,,True,True,,129,59.56268577710819
229,2026-09-21T07:59:11.181+00:00,2026-09-21T08:04:00.791+00:00,2026-09-21T08:04:04.803+00:00,True,64,64.0,,64.0,289610.70539200003,293622.70539200003,293622.70538600005,4587.854771656251,42.748470999999995,289610.70539200003,36193.379158052376,78.31850935,63.68253968253968,9.784231012500756,0.21796679488582807,20,64,,True,True,,133,59.56268577710819
226,2026-09-21T07:59:10.255+00:00,2026-09-21T08:04:02.009+00:00,2026-09-21T08:04:06.950+00:00,True,80,80.0,,80.0,291754.622323,296695.21854699997,296695.218786,3708.690234825,41.052501,291754.622323,32612.167824139848,77.81999805000001,62.53919270886076,9.972965462244865,0.26963697086789107,20,64,,True,True,,161,59.56268577710819
230,2026-09-21T07:59:11.477+00:00,2026-09-21T08:04:02.975+00:00,2026-09-21T08:04:04.473+00:00,True,25,25.0,,25.0,291497.062566,292995.60439,292995.604158,11719.824166319999,44.810351000000004,291497.062566,58286.925346784075,76.09887920000001,62.439242666666665,9.096103153899326,0.08532551214223355,20,64,,True,True,,75,59.56268577710819
231,2026-09-21T07:59:11.770+00:00,2026-09-21T08:04:04.614+00:00,2026-09-21T08:04:06.173+00:00,True,27,27.0,,27.0,292843.810041,294402.941177,294402.941123,10903.812634185186,47.250750999999994,292843.810041,56346.277808437895,78.007119,59.966582153846154,10.05659326335436,0.09171104029075289,20,64,,True,True,,157,59.56268577710819
232,2026-09-21T07:59:12.095+00:00,2026-09-21T08:04:06.440+00:00,2026-09-21T08:04:10.553+00:00,True,66,66.0,,66.0,294345.64016,298458.42608,298458.426126,4522.0973655454545,42.845601,294345.64016,36223.65641816595,77.5269935,63.273629538461535,9.21105462165684,0.22113632664640903,20,64,,True,True,,400,59.56268577710819
233,2026-09-21T07:59:12.373+00:00,2026-09-21T08:04:07.974+00:00,2026-09-21T08:04:12.388+00:00,False,72,71.0,,71.0,295600.380558,300015.120526,300015.12054000003,4166.876674166667,0.03365,295600.380558,34829.51306611026,78.284536,62.17943616901408,12.027079074952011,0.23665473885289387,20,64,,True,False,Request timeout: 300.0s exceeded,211,59.56268577710819
234,2026-09-21T07:59:12.697+00:00,2026-09-21T08:04:09.660+00:00,2026-09-21T08:04:10.311+00:00,True,11,11.0,,11.0,296963.23073400004,297614.12532600004,297614.12529800006,27055.82957254546,49.950790999999995,296963.23073400004,89518.1582037896,148520.05676300003,65.08945920000001,9.189833448475897,0.036960611288025524,20,64,,True,True,,32,59.56268577710819
235,2026-09-21T07:59:12.946+00:00,2026-09-21T08:04:11.061+00:00,2026-09-21T08:04:11.061+00:00,True,1,1.0,,1.0,298114.420931,298114.420931,298114.420931,298114.420931,298114.420931,298114.420931,nan,298114.420931,nan,nan,0.0033544167265610234,20,64,,True,True,,6,59.56268577710819
236,2026-09-21T07:59:13.259+00:00,2026-09-21T08:04:12.970+00:00,2026-09-21T08:04:13.329+00:00,False,8,7.0,,7.0,299711.30165499996,300069.877527,300069.877452,37508.7346815,0.04772,299711.30165499996,105945.83841921373,194837.71452094996,51.22512457142857,24.01345435784636,0.023327899680200815,20,64,,True,False,Request timeout: 300.0s exceeded,7,59.56268577710819
237,2026-09-21T07:59:13.605+00:00,2026-09-21T08:04:13.714+00:00,2026-09-21T08:04:13.714+00:00,False,1,0.0,,0.0,300109.400789,300109.400789,300109.400789,300109.400789,300109.400789,300109.400789,nan,300109.400789,nan,nan,0.0,20,64,,True,False,"HTTPConnectionPool(host='gpu06', port=9004): Read timed out.",0,59.56268577710819
238,2026-09-21T07:59:13.997+00:00,2026-09-21T08:04:14.102+00:00,2026-09-21T08:04:14.102+00:00,False,1,0.0,,0.0,300104.602113,300104.602113,300104.602113,300104.602113,300104.602113,300104.602113,nan,300104.602113,nan,nan,0.0,20,64,,True,False,"HTTPConnectionPool(host='gpu06', port=9004): Read timed out.",0,59.56268577710819
239,2026-09-21T07:59:14.324+00:00,2026-09-21T08:04:14.407+00:00,2026-09-21T08:04:14.407+00:00,False,1,0.0,,0.0,300083.769231,300083.769231,300083.769231,300083.769231,300083.769231,300083.769231,nan,300083.769231,nan,nan,0.0,20,64,,True,False,"HTTPConnectionPool(host='gpu06', port=9004): Read timed out.",0,59.56268577710819
240,2026-09-21T07:59:14.723+00:00,2026-09-21T08:04:14.839+00:00,2026-09-21T08:04:14.839+00:00,False,1,0.0,,0.0,300115.907465,300115.907465,300115.907465,300115.907465,300115.907465,300115.907465,nan,300115.907465,nan,nan,0.0,20,64,,True,False,"HTTPConnectionPool(host='gpu06', port=9004): Read timed out.",0,59.56268577710819
241,2026-09-21T07:59:14.941+00:00,2026-09-21T08:04:15.061+00:00,2026-09-21T08:04:15.061+00:00,False,1,0.0,,0.0,300119.79579,300119.79579,300119.79579,300119.79579,300119.79579,300119.79579,nan,300119.79579,nan,nan,0.0,20,64,,True,False,"HTTPConnectionPool(host='gpu06', port=9004): Read timed out.",0,59.56268577710819
242,2026-09-21T07:59:15.238+00:00,2026-09-21T08:04:15.342+00:00,2026-09-21T08:04:15.342+00:00,False,1,0.0,,0.0,300104.21876,300104.21876,300104.21876,300104.21876,300104.21876,300104.21876,nan,300104.21876,nan,nan,0.0,20,64,,True,False,"HTTPConnectionPool(host='gpu06', port=9004): Read timed out.",0,59.56268577710819
243,2026-09-21T07:59:15.552+00:00,2026-09-21T08:04:15.646+00:00,2026-09-21T08:04:15.646+00:00,False,1,0.0,,0.0,300094.811858,300094.811858,300094.811858,300094.811858,300094.811858,300094.811858,nan,300094.811858,nan,nan,0.0,20,64,,True,False,TTFT timeout: 300.0s exceeded (TTFT: 300.088s),0,59.56268577710819
244,2026-09-21T07:59:15.835+00:00,2026-09-21T08:04:15.804+00:00,2026-09-21T08:04:15.856+00:00,False,3,2.0,,2.0,299968.63519700005,300020.85945300007,300020.85954800004,100006.95318266668,0.02218,299968.63519700005,173171.89837323173,269976.99189440004,26.112128,36.89699023423304,0.006666203155495297,20,64,,True,False,Request timeout: 300.0s exceeded,9,59.56268577710819
245,2026-09-21T07:59:16.077+00:00,2026-09-21T08:04:16.184+00:00,2026-09-21T08:04:16.184+00:00,False,1,0.0,,0.0,300106.71843400004,300106.71843400004,300106.71843400004,300106.71843400004,300106.71843400004,300106.71843400004,nan,300106.71843400004,nan,nan,0.0,20,64,,True,False,"HTTPConnectionPool(host='gpu06', port=9004): Read timed out.",0,59.56268577710819
246,2026-09-21T07:59:16.429+00:00,2026-09-21T08:04:16.530+00:00,2026-09-21T08:04:16.530+00:00,False,1,0.0,,0.0,300101.39457,300101.39457,300101.39457,300101.39457,300101.39457,300101.39457,nan,300101.39457,nan,nan,0.0,20,64,,True,False,"HTTPConnectionPool(host='gpu06', port=9004): Read timed out.",0,59.56268577710819
247,2026-09-21T07:59:16.734+00:00,2026-09-21T08:04:16.838+00:00,2026-09-21T08:04:16.838+00:00,False,1,0.0,,0.0,300104.04397899995,300104.04397899995,300104.04397899995,300104.04397899995,300104.04397899995,300104.04397899995,nan,300104.04397899995,nan,nan,0.0,20,64,,True,False,"HTTPConnectionPool(host='gpu06', port=9004): Read timed out.",0,59.56268577710819
248,2026-09-21T07:59:17.101+00:00,2026-09-21T08:04:17.192+00:00,2026-09-21T08:04:17.192+00:00,False,1,0.0,,0.0,300090.70151499996,300090.70151499996,300090.70151499996,300090.70151499996,300090.70151499996,300090.70151499996,nan,300090.70151499996,nan,nan,0.0,20,64,,True,False,"HTTPConnectionPool(host='gpu06', port=9004): Read timed out.",0,59.56268577710819
249,2026-09-21T07:59:17.451+00:00,2026-09-21T08:04:17.549+00:00,2026-09-21T08:04:17.549+00:00,False,1,0.0,,0.0,300098.024901,300098.024901,300098.024901,300098.024901,300098.024901,300098.024901,nan,300098.024901,nan,nan,0.0,20,64,,True,False,TTFT timeout: 300.0s exceeded (TTFT: 300.084s),0,59.56268577710819
250,2026-09-21T07:59:17.664+00:00,2026-09-21T08:04:17.761+00:00,2026-09-21T08:04:17.761+00:00,False,1,0.0,,0.0,300097.379157,300097.379157,300097.379157,300097.379157,300097.379157,300097.379157,nan,300097.379157,nan,nan,0.0,20,64,,True,False,"HTTPConnectionPool(host='gpu06', port=9004): Read timed out.",0,59.56268577710819
251,2026-09-21T07:59:18.029+00:00,2026-09-21T08:04:18.033+00:00,2026-09-21T08:04:18.103+00:00,False,3,2.0,,2.0,300003.92556,300073.837368,300073.837402,100024.61246733334,0.030359999999999998,300003.92556,173187.16889121986,270010.5211522,34.955904,49.392030919847784,0.006665026240015954,20,64,,True,False,Request timeout: 300.0s exceeded,4,59.56268577710819
252,2026-09-21T07:59:19.299+00:00,2026-09-21T08:04:18.822+00:00,2026-09-21T08:04:19.739+00:00,False,15,14.0,,14.0,299523.057325,300440.204205,300440.204164,20029.34694426667,0.030289999999999997,299523.057325,77319.611906971,89939.34800960001,65.51049142857143,31.045141502330903,0.04659829078816412,20,64,,True,False,Request timeout: 300.0s exceeded,42,59.56268577710819
254,2026-09-21T07:59:19.542+00:00,2026-09-21T08:04:19.977+00:00,2026-09-21T08:04:19.977+00:00,False,1,0.0,,0.0,300435.42385799997,300435.42385799997,300435.42385799997,300435.42385799997,300435.42385799997,300435.42385799997,nan,300435.42385799997,nan,nan,0.0,20,64,,True,False,TTFT timeout: 300.0s exceeded (TTFT: 300.018s),0,59.56268577710819
253,2026-09-21T07:59:19.469+00:00,2026-09-21T08:04:20.019+00:00,2026-09-21T08:04:20.019+00:00,False,1,0.0,,0.0,300549.970376,300549.970376,300549.970376,300549.970376,300549.970376,300549.970376,nan,300549.970376,nan,nan,0.0,20,64,,True,False,"HTTPConnectionPool(host='gpu06', port=9004): Read timed out.",0,59.56268577710819
256,2026-09-21T07:59:20.054+00:00,2026-09-21T08:04:20.392+00:00,2026-09-21T08:04:20.392+00:00,False,1,0.0,,0.0,300338.094662,300338.094662,300338.094662,300338.094662,300338.094662,300338.094662,nan,300338.094662,nan,nan,0.0,20,64,,True,False,"HTTPConnectionPool(host='gpu06', port=9004): Read timed out.",0,59.56268577710819
255,2026-09-21T07:59:19.905+00:00,2026-09-21T08:04:20.399+00:00,2026-09-21T08:04:20.399+00:00,False,1,0.0,,0.0,300494.610375,300494.610375,300494.610375,300494.610375,300494.610375,300494.610375,nan,300494.610375,nan,nan,0.0,20,64,,True,False,"HTTPConnectionPool(host='gpu06', port=9004): Read timed out.",0,59.56268577710819
257,2026-09-21T07:59:20.101+00:00,2026-09-21T08:04:20.790+00:00,2026-09-21T08:04:21.404+00:00,False,9,8.0,,8.0,300689.375546,301302.91205800005,301302.91211900004,33478.10134655556,0.03764,300689.375546,100204.23938890152,180483.1708492,76.692064,51.46481069980511,0.026551353073082876,20,64,,True,False,Request timeout: 300.0s exceeded,21,59.56268577710819
263,2026-09-21T07:59:21.314+00:00,2026-09-21T08:04:21.524+00:00,2026-09-21T08:04:21.524+00:00,False,1,0.0,,0.0,300210.23496499995,300210.23496499995,300210.23496499995,300210.23496499995,300210.23496499995,300210.23496499995,nan,300210.23496499995,nan,nan,0.0,20,64,,True,False,"HTTPConnectionPool(host='gpu06', port=9004): Read timed out.",0,59.56268577710819
258,2026-09-21T07:59:20.233+00:00,2026-09-21T08:04:21.526+00:00,2026-09-21T08:04:21.526+00:00,False,1,0.0,,0.0,301292.719959,301292.719959,301292.719959,301292.719959,301292.719959,301292.719959,nan,301292.719959,nan,nan,0.0,20,64,,True,False,"HTTPConnectionPool(host='gpu06', port=9004): Read timed out.",0,59.56268577710819
259,2026-09-21T07:59:20.257+00:00,2026-09-21T08:04:21.527+00:00,2026-09-21T08:04:21.527+00:00,False,1,0.0,,0.0,301269.29669700004,301269.29669700004,301269.29669700004,301269.29669700004,301269.29669700004,301269.29669700004,nan,301269.29669700004,nan,nan,0.0,20,64,,True,False,"HTTPConnectionPool(host='gpu06', port=9004): Read timed out.",0,59.56268577710819
260,2026-09-21T07:59:20.492+00:00,2026-09-21T08:04:21.564+00:00,2026-09-21T08:04:21.564+00:00,False,1,0.0,,0.0,301072.43848799996,301072.43848799996,301072.43848799996,301072.43848799996,301072.43848799996,301072.43848799996,nan,301072.43848799996,nan,nan,0.0,20,64,,True,False,"HTTPConnectionPool(host='gpu06', port=9004): Read timed out.",0,59.56268577710819
264,2026-09-21T07:59:21.607+00:00,2026-09-21T08:04:21.897+00:00,2026-09-21T08:04:21.897+00:00,False,1,0.0,,0.0,300290.409657,300290.409657,300290.409657,300290.409657,300290.409657,300290.409657,nan,300290.409657,nan,nan,0.0,20,64,,True,False,"HTTPConnectionPool(host='gpu06', port=9004): Read timed out.",0,59.56268577710819
261,2026-09-21T07:59:20.764+00:00,2026-09-21T08:04:21.905+00:00,2026-09-21T08:04:21.905+00:00,False,1,0.0,,0.0,301140.987871,301140.987871,301140.987871,301140.987871,301140.987871,301140.987871,nan,301140.987871,nan,nan,0.0,20,64,,True,False,"HTTPConnectionPool(host='gpu06', port=9004): Read timed out.",0,59.56268577710819
262,2026-09-21T07:59:21.053+00:00,2026-09-21T08:04:23.298+00:00,2026-09-21T08:04:23.298+00:00,False,1,0.0,,0.0,302244.711745,302244.711745,302244.711745,302244.711745,302244.711745,302244.711745,nan,302244.711745,nan,nan,0.0,20,64,,True,False,"HTTPConnectionPool(host='gpu06', port=9004): Read timed out.",0,59.56268577710819
268,2026-09-21T07:59:22.900+00:00,2026-09-21T08:04:23.299+00:00,2026-09-21T08:04:23.299+00:00,False,1,0.0,,0.0,300398.552663,300398.552663,300398.552663,300398.552663,300398.552663,300398.552663,nan,300398.552663,nan,nan,0.0,20,64,,True,False,"HTTPConnectionPool(host='gpu06', port=9004): Read timed out.",0,59.56268577710819
266,2026-09-21T07:59:22.326+00:00,2026-09-21T08:04:23.303+00:00,2026-09-21T08:04:23.303+00:00,False,1,0.0,,0.0,300977.026473,300977.026473,300977.026473,300977.026473,300977.026473,300977.026473,nan,300977.026473,nan,nan,0.0,20,64,,True,False,"HTTPConnectionPool(host='gpu06', port=9004): Read timed out.",0,59.56268577710819
267,2026-09-21T07:59:22.551+00:00,2026-09-21T08:04:23.313+00:00,2026-09-21T08:04:23.313+00:00,False,1,0.0,,0.0,300761.74085299997,300761.74085299997,300761.74085299997,300761.74085299997,300761.74085299997,300761.74085299997,nan,300761.74085299997,nan,nan,0.0,20,64,,True,False,"HTTPConnectionPool(host='gpu06', port=9004): Read timed out.",0,59.56268577710819
265,2026-09-21T07:59:21.976+00:00,2026-09-21T08:04:23.320+00:00,2026-09-21T08:04:23.320+00:00,False,1,0.0,,0.0,301343.82792400004,301343.82792400004,301343.82792400004,301343.82792400004,301343.82792400004,301343.82792400004,nan,301343.82792400004,nan,nan,0.0,20,64,,True,False,"HTTPConnectionPool(host='gpu06', port=9004): Read timed out.",0,59.56268577710819
269,2026-09-21T07:59:23.191+00:00,2026-09-21T08:04:23.323+00:00,2026-09-21T08:04:23.323+00:00,False,1,0.0,,0.0,300132.02225700003,300132.02225700003,300132.02225700003,300132.02225700003,300132.02225700003,300132.02225700003,nan,300132.02225700003,nan,nan,0.0,20,64,,True,False,"HTTPConnectionPool(host='gpu06', port=9004): Read timed out.",0,59.56268577710819
270,2026-09-21T07:59:23.540+00:00,2026-09-21T08:04:23.577+00:00,2026-09-21T08:04:23.577+00:00,False,1,0.0,,0.0,300036.764782,300036.764782,300036.764782,300036.764782,300036.764782,300036.764782,nan,300036.764782,nan,nan,0.0,20,64,,True,False,"HTTPConnectionPool(host='gpu06', port=9004): Read timed out.",0,59.56268577710819
271,2026-09-21T07:59:23.908+00:00,2026-09-21T08:04:23.921+00:00,2026-09-21T08:04:23.921+00:00,False,1,0.0,,0.0,300013.48201700003,300013.48201700003,300013.48201700003,300013.48201700003,300013.48201700003,300013.48201700003,nan,300013.48201700003,nan,nan,0.0,20,64,,True,False,"HTTPConnectionPool(host='gpu06', port=9004): Read timed out.",0,59.56268577710819
272,2026-09-21T07:59:24.121+00:00,2026-09-21T08:04:24.178+00:00,2026-09-21T08:04:24.178+00:00,False,1,0.0,,0.0,300057.021113,300057.021113,300057.021113,300057.021113,300057.021113,300057.021113,nan,300057.021113,nan,nan,0.0,20,64,,True,False,"HTTPConnectionPool(host='gpu06', port=9004): Read timed out.",0,59.56268577710819
273,2026-09-21T07:59:24.448+00:00,2026-09-21T08:04:24.551+00:00,2026-09-21T08:04:24.551+00:00,False,1,0.0,,0.0,300103.002823,300103.002823,300103.002823,300103.002823,300103.002823,300103.002823,nan,300103.002823,nan,nan,0.0,20,64,,True,False,"HTTPConnectionPool(host='gpu06', port=9004): Read timed out.",0,59.56268577710819
274,2026-09-21T07:59:24.762+00:00,2026-09-21T08:04:24.874+00:00,2026-09-21T08:04:24.874+00:00,False,1,0.0,,0.0,300111.922112,300111.922112,300111.922112,300111.922112,300111.922112,300111.922112,nan,300111.922112,nan,nan,0.0,20,64,,True,False,TTFT timeout: 300.0s exceeded (TTFT: 300.096s),0,59.56268577710819
275,2026-09-21T07:59:25.089+00:00,2026-09-21T08:04:25.134+00:00,2026-09-21T08:04:25.134+00:00,False,1,0.0,,0.0,300045.30190799996,300045.30190799996,300045.30190799996,300045.30190799996,300045.30190799996,300045.30190799996,nan,300045.30190799996,nan,nan,0.0,20,64,,True,False,TTFT timeout: 300.0s exceeded (TTFT: 300.036s),0,59.56268577710819
276,2026-09-21T07:59:25.346+00:00,2026-09-21T08:04:25.327+00:00,2026-09-21T08:04:25.531+00:00,False,3,2.0,,2.0,299981.13148000004,300184.97557600006,300184.97558400006,100061.65852800001,0.036719999999999996,299981.13148000004,173135.37226596702,270003.39907040005,101.922048,144.08740901767825,0.006662558631265159,20,64,,True,False,Request timeout: 300.0s exceeded,16,59.56268577710819
277,2026-09-21T07:59:25.643+00:00,2026-09-21T08:04:25.639+00:00,2026-09-21T08:04:25.717+00:00,False,3,2.0,,2.0,299995.960291,300074.160355,300074.16042200004,100024.72014066667,0.01801,299995.960291,173180.17840634586,270004.18247400003,39.100032,55.27045283658428,0.006665019066066596,20,64,,True,False,Request timeout: 300.0s exceeded,8,59.56268577710819
278,2026-09-21T07:59:25.967+00:00,2026-09-21T08:04:26.071+00:00,2026-09-21T08:04:26.071+00:00,False,1,0.0,,0.0,300103.976691,300103.976691,300103.976691,300103.976691,300103.976691,300103.976691,nan,300103.976691,nan,nan,0.0,20,64,,True,False,"HTTPConnectionPool(host='gpu06', port=9004): Read timed out.",0,59.56268577710819
279,2026-09-21T07:59:26.279+00:00,2026-09-21T08:04:26.359+00:00,2026-09-21T08:04:26.359+00:00,False,1,0.0,,0.0,300080.78869,300080.78869,300080.78869,300080.78869,300080.78869,300080.78869,nan,300080.78869,nan,nan,0.0,20,64,,True,False,"HTTPConnectionPool(host='gpu06', port=9004): Read timed out.",0,59.56268577710819
280,2026-09-21T07:59:26.541+00:00,2026-09-21T08:04:26.651+00:00,2026-09-21T08:04:26.651+00:00,False,1,0.0,,0.0,300109.997893,300109.997893,300109.997893,300109.997893,300109.997893,300109.997893,nan,300109.997893,nan,nan,0.0,20,64,,True,False,"HTTPConnectionPool(host='gpu06', port=9004): Read timed out.",0,59.56268577710819
281,2026-09-21T07:59:26.916+00:00,2026-09-21T08:04:27.015+00:00,2026-09-21T08:04:27.015+00:00,False,1,0.0,,0.0,300098.56239700003,300098.56239700003,300098.56239700003,300098.56239700003,300098.56239700003,300098.56239700003,nan,300098.56239700003,nan,nan,0.0,20,64,,True,False,"HTTPConnectionPool(host='gpu06', port=9004): Read timed out.",0,59.56268577710819
282,2026-09-21T07:59:27.294+00:00,2026-09-21T08:04:27.288+00:00,2026-09-21T08:04:27.517+00:00,False,3,2.0,,2.0,299993.630089,300222.290825,300222.290734,100074.09691133333,0.027829999999999997,299993.630089,173135.43217534045,270017.1303616,114.330368,161.64809480146243,0.006661730528083283,20,64,,True,False,Request timeout: 300.0s exceeded,3,59.56268577710819
283,2026-09-21T07:59:27.556+00:00,2026-09-21T08:04:27.517+00:00,2026-09-21T08:04:27.658+00:00,False,3,2.0,,2.0,299960.995791,300102.45371100004,300102.453654,100034.15121800001,0.04433,299960.995791,173141.74072707098,269979.0375652,70.72896,99.96322179429376,0.006664390694805876,20,64,,True,False,Request timeout: 300.0s exceeded,28,59.56268577710819
284,2026-09-21T07:59:27.770+00:00,2026-09-21T08:04:27.764+00:00,2026-09-21T08:04:27.834+00:00,False,3,2.0,,2.0,299993.739367,300063.116391,300063.116298,100021.038766,0.03934,299993.739367,173181.44225004246,270001.2991894,34.688512,49.00121017345886,0.00666526437522525,20,64,,True,False,Request timeout: 300.0s exceeded,9,59.56268577710819
285,2026-09-21T07:59:28.006+00:00,2026-09-21T08:04:28.101+00:00,2026-09-21T08:04:28.101+00:00,False,1,0.0,,0.0,300094.549154,300094.549154,300094.549154,300094.549154,300094.549154,300094.549154,nan,300094.549154,nan,nan,0.0,20,64,,True,False,"HTTPConnectionPool(host='gpu06', port=9004): Read timed out.",0,59.56268577710819
286,2026-09-21T07:59:28.379+00:00,2026-09-21T08:04:28.469+00:00,2026-09-21T08:04:28.469+00:00,False,1,0.0,,0.0,300089.680009,300089.680009,300089.680009,300089.680009,300089.680009,300089.680009,nan,300089.680009,nan,nan,0.0,20,64,,True,False,"HTTPConnectionPool(host='gpu06', port=9004): Read timed out.",0,59.56268577710819
287,2026-09-21T07:59:28.595+00:00,2026-09-21T08:04:28.697+00:00,2026-09-21T08:04:28.697+00:00,False,1,0.0,,0.0,300102.128125,300102.128125,300102.128125,300102.128125,300102.128125,300102.128125,nan,300102.128125,nan,nan,0.0,20,64,,True,False,"HTTPConnectionPool(host='gpu06', port=9004): Read timed out.",0,59.56268577710819
288,2026-09-21T07:59:28.919+00:00,2026-09-21T08:04:29.021+00:00,2026-09-21T08:04:29.021+00:00,False,1,0.0,,0.0,300102.552412,300102.552412,300102.552412,300102.552412,300102.552412,300102.552412,nan,300102.552412,nan,nan,0.0,20,64,,True,False,"HTTPConnectionPool(host='gpu06', port=9004): Read timed out.",0,59.56268577710819
289,2026-09-21T07:59:29.301+00:00,2026-09-21T08:04:29.406+00:00,2026-09-21T08:04:29.406+00:00,False,1,0.0,,0.0,300104.775677,300104.775677,300104.775677,300104.775677,300104.775677,300104.775677,nan,300104.775677,nan,nan,0.0,20,64,,True,False,"HTTPConnectionPool(host='gpu06', port=9004): Read timed out.",0,59.56268577710819
290,2026-09-21T07:59:29.603+00:00,2026-09-21T08:04:29.606+00:00,2026-09-21T08:04:29.648+00:00,False,3,2.0,,2.0,300002.842875,300045.295099,300045.294976,100015.09832533333,0.026699999999999998,300002.842875,173194.46852298576,270006.80112759996,21.226112,29.98060344496568,0.006665660260861947,20,64,,True,False,Request timeout: 300.0s exceeded,16,59.56268577710819
291,2026-09-21T07:59:29.915+00:00,2026-09-21T08:04:30.023+00:00,2026-09-21T08:04:30.023+00:00,False,1,0.0,,0.0,300107.667106,300107.667106,300107.667106,300107.667106,300107.667106,300107.667106,nan,300107.667106,nan,nan,0.0,20,64,,True,False,"HTTPConnectionPool(host='gpu06', port=9004): Read timed out.",0,59.56268577710819
292,2026-09-21T07:59:30.221+00:00,2026-09-21T08:04:30.334+00:00,2026-09-21T08:04:30.334+00:00,False,1,0.0,,0.0,300113.154486,300113.154486,300113.154486,300113.154486,300113.154486,300113.154486,nan,300113.154486,nan,nan,0.0,20,64,,True,False,"HTTPConnectionPool(host='gpu06', port=9004): Read timed out.",0,59.56268577710819
293,2026-09-21T07:59:30.517+00:00,2026-09-21T08:04:30.629+00:00,2026-09-21T08:04:30.629+00:00,False,1,0.0,,0.0,300111.71400599997,300111.71400599997,300111.71400599997,300111.71400599997,300111.71400599997,300111.71400599997,nan,300111.71400599997,nan,nan,0.0,20,64,,True,False,"HTTPConnectionPool(host='gpu06', port=9004): Read timed out.",0,59.56268577710819
294,2026-09-21T07:59:30.766+00:00,2026-09-21T08:04:30.863+00:00,2026-09-21T08:04:30.863+00:00,False,1,0.0,,0.0,300097.312719,300097.312719,300097.312719,300097.312719,300097.312719,300097.312719,nan,300097.312719,nan,nan,0.0,20,64,,True,False,"HTTPConnectionPool(host='gpu06', port=9004): Read timed out.",0,59.56268577710819
295,2026-09-21T07:59:31.133+00:00,2026-09-21T08:04:31.237+00:00,2026-09-21T08:04:31.237+00:00,False,1,0.0,,0.0,300103.47665499995,300103.47665499995,300103.47665499995,300103.47665499995,300103.47665499995,300103.47665499995,nan,300103.47665499995,nan,nan,0.0,20,64,,True,False,"HTTPConnectionPool(host='gpu06', port=9004): Read timed out.",0,59.56268577710819
296,2026-09-21T07:59:31.464+00:00,2026-09-21T08:04:31.512+00:00,2026-09-21T08:04:31.512+00:00,False,1,0.0,,0.0,300047.633341,300047.633341,300047.633341,300047.633341,300047.633341,300047.633341,nan,300047.633341,nan,nan,0.0,20,64,,True,False,TTFT timeout: 300.0s exceeded (TTFT: 300.030s),0,59.56268577710819
297,2026-09-21T07:59:31.683+00:00,2026-09-21T08:04:31.693+00:00,2026-09-21T08:04:32.914+00:00,False,21,20.0,,20.0,300010.733565,301231.813373,301231.813391,14344.372066238095,0.02457,300010.733565,65454.39405726201,182.677924,61.053990399999996,32.79246259162582,0.06639404973881367,20,64,,True,False,Request timeout: 300.0s exceeded,57,59.56268577710819
298,2026-09-21T07:59:31.952+00:00,2026-09-21T08:04:31.873+00:00,2026-09-21T08:04:32.959+00:00,False,21,20.0,,20.0,299921.609176,301007.349976,301007.350059,14333.683336142856,0.03643,299921.609176,65436.41637260998,80.54913099999999,54.28704,16.541818404113695,0.06644356027052045,20,64,,True,False,Request timeout: 300.0s exceeded,80,59.56268577710819
302,2026-09-21T07:59:33.014+00:00,2026-09-21T08:04:33.050+00:00,2026-09-21T08:04:33.050+00:00,False,1,0.0,,0.0,300036.185987,300036.185987,300036.185987,300036.185987,300036.185987,300036.185987,nan,300036.185987,nan,nan,0.0,20,64,,True,False,"HTTPConnectionPool(host='gpu06', port=9004): Read timed out.",0,59.56268577710819
299,2026-09-21T07:59:32.196+00:00,2026-09-21T08:04:33.283+00:00,2026-09-21T08:04:33.283+00:00,False,1,0.0,,0.0,301087.659044,301087.659044,301087.659044,301087.659044,301087.659044,301087.659044,nan,301087.659044,nan,nan,0.0,20,64,,True,False,"HTTPConnectionPool(host='gpu06', port=9004): Read timed out.",0,59.56268577710819
303,2026-09-21T07:59:33.262+00:00,2026-09-21T08:04:33.305+00:00,2026-09-21T08:04:33.305+00:00,False,1,0.0,,0.0,300042.43868,300042.43868,300042.43868,300042.43868,300042.43868,300042.43868,nan,300042.43868,nan,nan,0.0,20,64,,True,False,"HTTPConnectionPool(host='gpu06', port=9004): Read timed out.",0,59.56268577710819
300,2026-09-21T07:59:32.483+00:00,2026-09-21T08:04:33.619+00:00,2026-09-21T08:04:33.619+00:00,False,1,0.0,,0.0,301136.765756,301136.765756,301136.765756,301136.765756,301136.765756,301136.765756,nan,301136.765756,nan,nan,0.0,20,64,,True,False,"HTTPConnectionPool(host='gpu06', port=9004): Read timed out.",0,59.56268577710819
301,2026-09-21T07:59:32.782+00:00,2026-09-21T08:04:33.916+00:00,2026-09-21T08:04:34.815+00:00,False,14,13.0,,13.0,301133.965226,302032.67421800003,302032.674355,21573.76245392857,0.02702,301133.965226,80462.9762448793,105539.29774285,69.13146092307693,50.931697179313865,0.04304170081484929,20,64,,True,False,Request timeout: 300.0s exceeded,104,59.56268577710819
305,2026-09-21T07:59:34.862+00:00,2026-09-21T08:04:34.280+00:00,2026-09-21T08:04:35.265+00:00,False,19,18.0,,18.0,299417.95188999997,300403.033746,300403.03379099997,15810.685988999998,0.029589999999999998,299417.95188999997,68678.6366493381,30035.623323699994,54.726769777777776,19.687633680864973,0.05991950139631265,20,64,,True,False,Request timeout: 300.0s exceeded,54,59.56268577710819
304,2026-09-21T07:59:34.813+00:00,2026-09-21T08:04:34.286+00:00,2026-09-21T08:04:35.159+00:00,False,17,16.0,,16.0,299472.48763499997,300345.86773099995,300345.867873,17667.40399252941,0.02795,299472.48763499997,72619.51050807141,59976.4005766,54.586256,20.270243746217453,0.053271916543663415,20,64,,True,False,Request timeout: 300.0s exceeded,32,59.56268577710819
306,2026-09-21T07:59:34.979+00:00,2026-09-21T08:04:35.386+00:00,2026-09-21T08:04:35.386+00:00,False,1,0.0,,0.0,300407.57853299996,300407.57853299996,300407.57853299996,300407.57853299996,300407.57853299996,300407.57853299996,nan,300407.57853299996,nan,nan,0.0,20,64,,True,False,"HTTPConnectionPool(host='gpu06', port=9004): Read timed out.",0,59.56268577710819
307,2026-09-21T07:59:35.049+00:00,2026-09-21T08:04:35.490+00:00,2026-09-21T08:04:35.490+00:00,False,1,0.0,,0.0,300440.98920899996,300440.98920899996,300440.98920899996,300440.98920899996,300440.98920899996,300440.98920899996,nan,300440.98920899996,nan,nan,0.0,20,64,,True,False,"HTTPConnectionPool(host='gpu06', port=9004): Read timed out.",0,59.56268577710819
309,2026-09-21T07:59:35.361+00:00,2026-09-21T08:04:35.526+00:00,2026-09-21T08:04:35.526+00:00,False,1,0.0,,0.0,300164.61630299996,300164.61630299996,300164.61630299996,300164.61630299996,300164.61630299996,300164.61630299996,nan,300164.61630299996,nan,nan,0.0,20,64,,True,False,"HTTPConnectionPool(host='gpu06', port=9004): Read timed out.",0,59.56268577710819
308,2026-09-21T07:59:35.160+00:00,2026-09-21T08:04:35.984+00:00,2026-09-21T08:04:35.984+00:00,False,1,0.0,,0.0,300824.394643,300824.394643,300824.394643,300824.394643,300824.394643,300824.394643,nan,300824.394643,nan,nan,0.0,20,64,,True,False,"HTTPConnectionPool(host='gpu06', port=9004): Read timed out.",0,59.56268577710819
310,2026-09-21T07:59:35.594+00:00,2026-09-21T08:04:35.994+00:00,2026-09-21T08:04:35.994+00:00,False,1,0.0,,0.0,300400.51785500004,300400.51785500004,300400.51785500004,300400.51785500004,300400.51785500004,300400.51785500004,nan,300400.51785500004,nan,nan,0.0,20,64,,True,False,"HTTPConnectionPool(host='gpu06', port=9004): Read timed out.",0,59.56268577710819
311,2026-09-21T07:59:35.977+00:00,2026-09-21T08:04:36.241+00:00,2026-09-21T08:04:36.241+00:00,False,1,0.0,,0.0,300264.414696,300264.414696,300264.414696,300264.414696,300264.414696,300264.414696,nan,300264.414696,nan,nan,0.0,20,64,,True,False,"HTTPConnectionPool(host='gpu06', port=9004): Read timed out.",0,59.56268577710819
312,2026-09-21T07:59:36.294+00:00,2026-09-21T08:04:36.405+00:00,2026-09-21T08:04:36.405+00:00,False,1,0.0,,0.0,300111.831218,300111.831218,300111.831218,300111.831218,300111.831218,300111.831218,nan,300111.831218,nan,nan,0.0,20,64,,True,False,"HTTPConnectionPool(host='gpu06', port=9004): Read timed out.",0,59.56268577710819
313,2026-09-21T07:59:36.662+00:00,2026-09-21T08:04:36.763+00:00,2026-09-21T08:04:36.763+00:00,False,1,0.0,,0.0,300101.183824,300101.183824,300101.183824,300101.183824,300101.183824,300101.183824,nan,300101.183824,nan,nan,0.0,20,64,,True,False,"HTTPConnectionPool(host='gpu06', port=9004): Read timed out.",0,59.56268577710819
314,2026-09-21T07:59:36.890+00:00,2026-09-21T08:04:36.991+00:00,2026-09-21T08:04:36.991+00:00,False,1,0.0,,0.0,300101.55819,300101.55819,300101.55819,300101.55819,300101.55819,300101.55819,nan,300101.55819,nan,nan,0.0,20,64,,True,False,"HTTPConnectionPool(host='gpu06', port=9004): Read timed out.",0,59.56268577710819
315,2026-09-21T07:59:37.254+00:00,2026-09-21T08:04:37.356+00:00,2026-09-21T08:04:37.356+00:00,False,1,0.0,,0.0,300101.92844499997,300101.92844499997,300101.92844499997,300101.92844499997,300101.92844499997,300101.92844499997,nan,300101.92844499997,nan,nan,0.0,20,64,,True,False,"HTTPConnectionPool(host='gpu06', port=9004): Read timed out.",0,59.56268577710819
316,2026-09-21T07:59:37.563+00:00,2026-09-21T08:04:37.656+00:00,2026-09-21T08:04:37.656+00:00,False,1,0.0,,0.0,300093.0083,300093.0083,300093.0083,300093.0083,300093.0083,300093.0083,nan,300093.0083,nan,nan,0.0,20,64,,True,False,TTFT timeout: 300.0s exceeded (TTFT: 300.079s),0,59.56268577710819
317,2026-09-21T07:59:37.949+00:00,2026-09-21T08:04:37.912+00:00,2026-09-21T08:04:38.078+00:00,False,3,2.0,,2.0,299963.13983,300129.913334,300129.91327,100043.30442333333,0.03694,299963.13983,173135.67624541553,269983.49949699995,83.386752,117.87417999320651,0.006663780953331024,20,64,,True,False,Request timeout: 300.0s exceeded,14,59.56268577710819
318,2026-09-21T07:59:38.216+00:00,2026-09-21T08:04:38.255+00:00,2026-09-21T08:04:38.255+00:00,False,1,0.0,,0.0,300039.314936,300039.314936,300039.314936,300039.314936,300039.314936,300039.314936,nan,300039.314936,nan,nan,0.0,20,64,,True,False,TTFT timeout: 300.0s exceeded (TTFT: 300.019s),0,59.56268577710819
319,2026-09-21T07:59:38.481+00:00,2026-09-21T08:04:38.592+00:00,2026-09-21T08:04:38.592+00:00,False,1,0.0,,0.0,300110.372012,300110.372012,300110.372012,300110.372012,300110.372012,300110.372012,nan,300110.372012,nan,nan,0.0,20,64,,True,False,"HTTPConnectionPool(host='gpu06', port=9004): Read timed out.",0,59.56268577710819
320,2026-09-21T07:59:38.855+00:00,2026-09-21T08:04:38.959+00:00,2026-09-21T08:04:38.959+00:00,False,1,0.0,,0.0,300104.358106,300104.358106,300104.358106,300104.358106,300104.358106,300104.358106,nan,300104.358106,nan,nan,0.0,20,64,,True,False,"HTTPConnectionPool(host='gpu06', port=9004): Read timed out.",0,59.56268577710819
321,2026-09-21T07:59:39.087+00:00,2026-09-21T08:04:39.104+00:00,2026-09-21T08:04:39.104+00:00,False,1,0.0,,0.0,300016.575067,300016.575067,300016.575067,300016.575067,300016.575067,300016.575067,nan,300016.575067,nan,nan,0.0,20,64,,True,False,"HTTPConnectionPool(host='gpu06', port=9004): Read timed out.",0,59.56268577710819
322,2026-09-21T07:59:39.451+00:00,2026-09-21T08:04:39.528+00:00,2026-09-21T08:04:39.528+00:00,False,1,0.0,,0.0,300077.054409,300077.054409,300077.054409,300077.054409,300077.054409,300077.054409,nan,300077.054409,nan,nan,0.0,20,64,,True,False,"HTTPConnectionPool(host='gpu06', port=9004): Read timed out.",0,59.56268577710819
323,2026-09-21T07:59:39.669+00:00,2026-09-21T08:04:39.786+00:00,2026-09-21T08:04:39.786+00:00,False,1,0.0,,0.0,300117.42208499997,300117.42208499997,300117.42208499997,300117.42208499997,300117.42208499997,300117.42208499997,nan,300117.42208499997,nan,nan,0.0,20,64,,True,False,"HTTPConnectionPool(host='gpu06', port=9004): Read timed out.",0,59.56268577710819
324,2026-09-21T07:59:40.013+00:00,2026-09-21T08:04:40.043+00:00,2026-09-21T08:04:40.043+00:00,False,1,0.0,,0.0,300029.914979,300029.914979,300029.914979,300029.914979,300029.914979,300029.914979,nan,300029.914979,nan,nan,0.0,20,64,,True,False,TTFT timeout: 300.0s exceeded (TTFT: 300.021s),0,59.56268577710819
325,2026-09-21T07:59:40.346+00:00,2026-09-21T08:04:40.453+00:00,2026-09-21T08:04:40.453+00:00,False,1,0.0,,0.0,300107.11035399995,300107.11035399995,300107.11035399995,300107.11035399995,300107.11035399995,300107.11035399995,nan,300107.11035399995,nan,nan,0.0,20,64,,True,False,"HTTPConnectionPool(host='gpu06', port=9004): Read timed out.",0,59.56268577710819
326,2026-09-21T07:59:40.720+00:00,2026-09-21T08:04:40.826+00:00,2026-09-21T08:04:40.826+00:00,False,1,0.0,,0.0,300106.035058,300106.035058,300106.035058,300106.035058,300106.035058,300106.035058,nan,300106.035058,nan,nan,0.0,20,64,,True,False,"HTTPConnectionPool(host='gpu06', port=9004): Read timed out.",0,59.56268577710819
327,2026-09-21T07:59:40.962+00:00,2026-09-21T08:04:41.063+00:00,2026-09-21T08:04:41.063+00:00,False,1,0.0,,0.0,300101.519503,300101.519503,300101.519503,300101.519503,300101.519503,300101.519503,nan,300101.519503,nan,nan,0.0,20,64,,True,False,"HTTPConnectionPool(host='gpu06', port=9004): Read timed out.",0,59.56268577710819
328,2026-09-21T07:59:41.308+00:00,2026-09-21T08:04:41.331+00:00,2026-09-21T08:04:41.331+00:00,False,1,0.0,,0.0,300023.50732599996,300023.50732599996,300023.50732599996,300023.50732599996,300023.50732599996,300023.50732599996,nan,300023.50732599996,nan,nan,0.0,20,64,,True,False,"HTTPConnectionPool(host='gpu06', port=9004): Read timed out.",0,59.56268577710819
329,2026-09-21T07:59:41.642+00:00,2026-09-21T08:04:41.718+00:00,2026-09-21T08:04:41.718+00:00,False,1,0.0,,0.0,300076.612373,300076.612373,300076.612373,300076.612373,300076.612373,300076.612373,nan,300076.612373,nan,nan,0.0,20,64,,True,False,"HTTPConnectionPool(host='gpu06', port=9004): Read timed out.",0,59.56268577710819
330,2026-09-21T07:59:42.032+00:00,2026-09-21T08:04:42.138+00:00,2026-09-21T08:04:42.138+00:00,False,1,0.0,,0.0,300105.591633,300105.591633,300105.591633,300105.591633,300105.591633,300105.591633,nan,300105.591633,nan,nan,0.0,20,64,,True,False,"HTTPConnectionPool(host='gpu06', port=9004): Read timed out.",0,59.56268577710819
331,2026-09-21T07:59:42.249+00:00,2026-09-21T08:04:42.355+00:00,2026-09-21T08:04:42.355+00:00,False,1,0.0,,0.0,300105.993951,300105.993951,300105.993951,300105.993951,300105.993951,300105.993951,nan,300105.993951,nan,nan,0.0,20,64,,True,False,"HTTPConnectionPool(host='gpu06', port=9004): Read timed out.",0,59.56268577710819
332,2026-09-21T07:59:42.580+00:00,2026-09-21T08:04:42.601+00:00,2026-09-21T08:04:42.601+00:00,False,1,0.0,,0.0,300021.028397,300021.028397,300021.028397,300021.028397,300021.028397,300021.028397,nan,300021.028397,nan,nan,0.0,20,64,,True,False,TTFT timeout: 300.0s exceeded (TTFT: 300.017s),0,59.56268577710819
333,2026-09-21T07:59:42.820+00:00,2026-09-21T08:04:42.910+00:00,2026-09-21T08:04:42.910+00:00,False,1,0.0,,0.0,300089.944657,300089.944657,300089.944657,300089.944657,300089.944657,300089.944657,nan,300089.944657,nan,nan,0.0,20,64,,True,False,TTFT timeout: 300.0s exceeded (TTFT: 300.081s),0,59.56268577710819
334,2026-09-21T07:59:43.130+00:00,2026-09-21T08:04:43.226+00:00,2026-09-21T08:04:43.226+00:00,False,1,0.0,,0.0,300096.00059899996,300096.00059899996,300096.00059899996,300096.00059899996,300096.00059899996,300096.00059899996,nan,300096.00059899996,nan,nan,0.0,20,64,,True,False,"HTTPConnectionPool(host='gpu06', port=9004): Read timed out.",0,59.56268577710819
335,2026-09-21T07:59:43.431+00:00,2026-09-21T08:04:43.515+00:00,2026-09-21T08:04:43.515+00:00,False,1,0.0,,0.0,300083.936726,300083.936726,300083.936726,300083.936726,300083.936726,300083.936726,nan,300083.936726,nan,nan,0.0,20,64,,True,False,"HTTPConnectionPool(host='gpu06', port=9004): Read timed out.",0,59.56268577710819
336,2026-09-21T07:59:43.741+00:00,2026-09-21T08:04:43.856+00:00,2026-09-21T08:04:43.856+00:00,False,1,0.0,,0.0,300115.558228,300115.558228,300115.558228,300115.558228,300115.558228,300115.558228,nan,300115.558228,nan,nan,0.0,20,64,,True,False,"HTTPConnectionPool(host='gpu06', port=9004): Read timed out.",0,59.56268577710819
337,2026-09-21T07:59:43.979+00:00,2026-09-21T08:04:44.093+00:00,2026-09-21T08:04:44.093+00:00,False,1,0.0,,0.0,300113.864352,300113.864352,300113.864352,300113.864352,300113.864352,300113.864352,nan,300113.864352,nan,nan,0.0,20,64,,True,False,"HTTPConnectionPool(host='gpu06', port=9004): Read timed out.",0,59.56268577710819
338,2026-09-21T07:59:44.221+00:00,2026-09-21T08:04:44.291+00:00,2026-09-21T08:04:44.291+00:00,False,1,0.0,,0.0,300069.678048,300069.678048,300069.678048,300069.678048,300069.678048,300069.678048,nan,300069.678048,nan,nan,0.0,20,64,,True,False,"HTTPConnectionPool(host='gpu06', port=9004): Read timed out.",0,59.56268577710819
339,2026-09-21T07:59:44.569+00:00,2026-09-21T08:04:44.637+00:00,2026-09-21T08:04:44.637+00:00,False,1,0.0,,0.0,300067.730357,300067.730357,300067.730357,300067.730357,300067.730357,300067.730357,nan,300067.730357,nan,nan,0.0,20,64,,True,False,TTFT timeout: 300.0s exceeded (TTFT: 300.057s),0,59.56268577710819
340,2026-09-21T07:59:44.935+00:00,2026-09-21T08:04:44.923+00:00,2026-09-21T08:04:44.951+00:00,False,3,2.0,,2.0,299987.834708,300016.328276,300016.328266,100005.44275533334,0.044020000000000004,299987.834708,173189.83232294806,269991.896191,14.246784,20.085724501421602,0.006666303835836896,20,64,,True,False,Request timeout: 300.0s exceeded,12,59.56268577710819
341,2026-09-21T07:59:45.241+00:00,2026-09-21T08:04:45.330+00:00,2026-09-21T08:04:45.330+00:00,False,1,0.0,,0.0,300089.287406,300089.287406,300089.287406,300089.287406,300089.287406,300089.287406,nan,300089.287406,nan,nan,0.0,20,64,,True,False,"HTTPConnectionPool(host='gpu06', port=9004): Read timed out.",0,59.56268577710819
342,2026-09-21T07:59:45.581+00:00,2026-09-21T08:04:45.987+00:00,2026-09-21T08:04:47.075+00:00,False,19,18.0,,18.0,300405.390576,301493.699056,301493.69909899996,15868.089426263157,0.0268,300405.390576,68903.85946428907,30194.1219516,60.461582222222226,32.33477324104445,0.05970274024418881,20,64,,True,False,Request timeout: 300.0s exceeded,55,59.56268577710819
343,2026-09-21T07:59:45.845+00:00,2026-09-21T08:04:46.275+00:00,2026-09-21T08:04:46.795+00:00,True,10,10.0,,10.0,300429.60640499997,300949.61408499995,300949.614233,30094.961423299996,41.437567,300429.60640499997,94985.91260035723,165269.03384145,57.77863111111111,10.685206665609755,0.03322815359110449,20,64,,True,True,,100,59.56268577710819
346,2026-09-21T07:59:46.890+00:00,2026-09-21T08:04:46.415+00:00,2026-09-21T08:04:47.129+00:00,False,15,14.0,,14.0,299524.561664,300238.987776,300238.987781,20015.93251873333,0.02961,299524.561664,77323.7347881794,89902.6164194,51.030436571428574,15.893242862137113,0.04662952038209312,20,64,,True,False,Request timeout: 300.0s exceeded,14,59.56268577710819
347,2026-09-21T07:59:47.286+00:00,2026-09-21T08:04:47.346+00:00,2026-09-21T08:04:47.346+00:00,False,1,0.0,,0.0,300060.30374199996,300060.30374199996,300060.30374199996,300060.30374199996,300060.30374199996,300060.30374199996,nan,300060.30374199996,nan,nan,0.0,20,64,,True,False,"HTTPConnectionPool(host='gpu06', port=9004): Read timed out.",0,59.56268577710819
344,2026-09-21T07:59:46.211+00:00,2026-09-21T08:04:47.352+00:00,2026-09-21T08:04:47.352+00:00,False,1,0.0,,0.0,301140.780226,301140.780226,301140.780226,301140.780226,301140.780226,301140.780226,nan,301140.780226,nan,nan,0.0,20,64,,True,False,"HTTPConnectionPool(host='gpu06', port=9004): Read timed out.",0,59.56268577710819
348,2026-09-21T07:59:47.560+00:00,2026-09-21T08:04:47.571+00:00,2026-09-21T08:04:47.571+00:00,False,1,0.0,,0.0,300010.602925,300010.602925,300010.602925,300010.602925,300010.602925,300010.602925,nan,300010.602925,nan,nan,0.0,20,64,,True,False,"HTTPConnectionPool(host='gpu06', port=9004): Read timed out.",0,59.56268577710819
345,2026-09-21T07:59:46.539+00:00,2026-09-21T08:04:47.613+00:00,2026-09-21T08:04:47.613+00:00,False,1,0.0,,0.0,301073.900352,301073.900352,301073.900352,301073.900352,301073.900352,301073.900352,nan,301073.900352,nan,nan,0.0,20,64,,True,False,"HTTPConnectionPool(host='gpu06', port=9004): Read timed out.",0,59.56268577710819
349,2026-09-21T07:59:47.806+00:00,2026-09-21T08:04:47.822+00:00,2026-09-21T08:04:47.822+00:00,False,1,0.0,,0.0,300016.488647,300016.488647,300016.488647,300016.488647,300016.488647,300016.488647,nan,300016.488647,nan,nan,0.0,20,64,,True,False,"HTTPConnectionPool(host='gpu06', port=9004): Read timed out.",0,59.56268577710819
350,2026-09-21T07:59:48.028+00:00,2026-09-21T08:04:48.139+00:00,2026-09-21T08:04:48.139+00:00,False,1,0.0,,0.0,300111.130919,300111.130919,300111.130919,300111.130919,300111.130919,300111.130919,nan,300111.130919,nan,nan,0.0,20,64,,True,False,"HTTPConnectionPool(host='gpu06', port=9004): Read timed out.",0,59.56268577710819
351,2026-09-21T07:59:48.325+00:00,2026-09-21T08:04:48.433+00:00,2026-09-21T08:04:48.433+00:00,False,1,0.0,,0.0,300107.405555,300107.405555,300107.405555,300107.405555,300107.405555,300107.405555,nan,300107.405555,nan,nan,0.0,20,64,,True,False,"HTTPConnectionPool(host='gpu06', port=9004): Read timed out.",0,59.56268577710819
352,2026-09-21T07:59:48.561+00:00,2026-09-21T08:04:48.593+00:00,2026-09-21T08:04:48.593+00:00,False,1,0.0,,0.0,300031.924054,300031.924054,300031.924054,300031.924054,300031.924054,300031.924054,nan,300031.924054,nan,nan,0.0,20,64,,True,False,"HTTPConnectionPool(host='gpu06', port=9004): Read timed out.",0,59.56268577710819
353,2026-09-21T07:59:48.890+00:00,2026-09-21T08:04:48.995+00:00,2026-09-21T08:04:48.995+00:00,False,1,0.0,,0.0,300105.081441,300105.081441,300105.081441,300105.081441,300105.081441,300105.081441,nan,300105.081441,nan,nan,0.0,20,64,,True,False,"HTTPConnectionPool(host='gpu06', port=9004): Read timed out.",0,59.56268577710819
354,2026-09-21T07:59:49.219+00:00,2026-09-21T08:04:49.135+00:00,2026-09-21T08:04:49.283+00:00,False,3,2.0,,2.0,299916.73634299997,300064.36335099995,300064.36330399994,100021.45443466665,0.02889,299916.73634299997,173114.4079534538,269939.82251579995,73.813504,104.34714807314838,0.00666523667677425,20,64,,True,False,Request timeout: 300.0s exceeded,5,59.56268577710819
355,2026-09-21T07:59:49.529+00:00,2026-09-21T08:04:49.631+00:00,2026-09-21T08:04:49.631+00:00,False,1,0.0,,0.0,300102.51810600003,300102.51810600003,300102.51810600003,300102.51810600003,300102.51810600003,300102.51810600003,nan,300102.51810600003,nan,nan,0.0,20,64,,True,False,"HTTPConnectionPool(host='gpu06', port=9004): Read timed out.",0,59.56268577710819
356,2026-09-21T07:59:49.772+00:00,2026-09-21T08:04:49.832+00:00,2026-09-21T08:04:49.832+00:00,False,1,0.0,,0.0,300059.336292,300059.336292,300059.336292,300059.336292,300059.336292,300059.336292,nan,300059.336292,nan,nan,0.0,20,64,,True,False,"HTTPConnectionPool(host='gpu06', port=9004): Read timed out.",0,59.56268577710819
357,2026-09-21T07:59:50.081+00:00,2026-09-21T08:04:50.182+00:00,2026-09-21T08:04:50.182+00:00,False,1,0.0,,0.0,300101.05281300005,300101.05281300005,300101.05281300005,300101.05281300005,300101.05281300005,300101.05281300005,nan,300101.05281300005,nan,nan,0.0,20,64,,True,False,"HTTPConnectionPool(host='gpu06', port=9004): Read timed out.",0,59.56268577710819
358,2026-09-21T07:59:50.375+00:00,2026-09-21T08:04:50.481+00:00,2026-09-21T08:04:50.481+00:00,False,1,0.0,,0.0,300106.31336900004,300106.31336900004,300106.31336900004,300106.31336900004,300106.31336900004,300106.31336900004,nan,300106.31336900004,nan,nan,0.0,20,64,,True,False,"HTTPConnectionPool(host='gpu06', port=9004): Read timed out.",0,59.56268577710819
359,2026-09-21T07:59:50.737+00:00,2026-09-21T08:04:50.841+00:00,2026-09-21T08:04:50.841+00:00,False,1,0.0,,0.0,300103.81207499997,300103.81207499997,300103.81207499997,300103.81207499997,300103.81207499997,300103.81207499997,nan,300103.81207499997,nan,nan,0.0,20,64,,True,False,"HTTPConnectionPool(host='gpu06', port=9004): Read timed out.",0,59.56268577710819
360,2026-09-21T07:59:50.993+00:00,2026-09-21T08:04:51.073+00:00,2026-09-21T08:04:51.073+00:00,False,1,0.0,,0.0,300080.299099,300080.299099,300080.299099,300080.299099,300080.299099,300080.299099,nan,300080.299099,nan,nan,0.0,20,64,,True,False,TTFT timeout: 300.0s exceeded (TTFT: 300.074s),0,59.56268577710819
361,2026-09-21T07:59:51.261+00:00,2026-09-21T08:04:51.340+00:00,2026-09-21T08:04:51.340+00:00,False,1,0.0,,0.0,300079.047098,300079.047098,300079.047098,300079.047098,300079.047098,300079.047098,nan,300079.047098,nan,nan,0.0,20,64,,True,False,TTFT timeout: 300.0s exceeded (TTFT: 300.074s),0,59.56268577710819
362,2026-09-21T07:59:51.507+00:00,2026-09-21T08:04:51.567+00:00,2026-09-21T08:04:51.567+00:00,False,1,0.0,,0.0,300059.81075400003,300059.81075400003,300059.81075400003,300059.81075400003,300059.81075400003,300059.81075400003,nan,300059.81075400003,nan,nan,0.0,20,64,,True,False,TTFT timeout: 300.0s exceeded (TTFT: 300.035s),0,59.56268577710819
363,2026-09-21T07:59:51.852+00:00,2026-09-21T08:04:51.948+00:00,2026-09-21T08:04:51.948+00:00,False,1,0.0,,0.0,300095.894759,300095.894759,300095.894759,300095.894759,300095.894759,300095.894759,nan,300095.894759,nan,nan,0.0,20,64,,True,False,"HTTPConnectionPool(host='gpu06', port=9004): Read timed out.",0,59.56268577710819
364,2026-09-21T07:59:52.131+00:00,2026-09-21T08:04:52.236+00:00,2026-09-21T08:04:52.236+00:00,False,1,0.0,,0.0,300104.690008,300104.690008,300104.690008,300104.690008,300104.690008,300104.690008,nan,300104.690008,nan,nan,0.0,20,64,,True,False,"HTTPConnectionPool(host='gpu06', port=9004): Read timed out.",0,59.56268577710819
365,2026-09-21T07:59:52.480+00:00,2026-09-21T08:04:52.590+00:00,2026-09-21T08:04:52.590+00:00,False,1,0.0,,0.0,300110.064905,300110.064905,300110.064905,300110.064905,300110.064905,300110.064905,nan,300110.064905,nan,nan,0.0,20,64,,True,False,"HTTPConnectionPool(host='gpu06', port=9004): Read timed out.",0,59.56268577710819
368,2026-09-21T07:59:54.185+00:00,2026-09-21T08:04:52.866+00:00,2026-09-21T08:04:54.400+00:00,False,23,22.0,,22.0,298680.989348,300215.110564,300215.110434,13052.83088843478,0.034820000000000004,298680.989348,62264.78015506935,310.02462139999994,69.73278254545454,61.46657922138832,0.07328078842756994,20,64,,True,False,Request timeout: 300.0s exceeded,180,59.56268577710819
370,2026-09-21T07:59:54.428+00:00,2026-09-21T08:04:53.201+00:00,2026-09-21T08:04:54.094+00:00,True,16,16.0,,16.0,298773.467847,299665.757127,299665.75708199997,18729.109817624998,42.266487999999995,298773.467847,74678.49668385777,74764.04943225,59.485952,13.911404775027101,0.053392820565811634,20,64,,True,True,,115,59.56268577710819
367,2026-09-21T07:59:54.149+00:00,2026-09-21T08:04:53.202+00:00,2026-09-21T08:04:54.400+00:00,False,22,21.0,,21.0,299053.118181,300250.926565,300250.926657,13647.7693935,0.031170000000000003,299053.118181,63746.180853592086,91.64792960000001,57.03849447619048,18.212632298533123,0.06994149939934924,20,64,,True,False,Request timeout: 300.0s exceeded,84,59.56268577710819
366,2026-09-21T07:59:54.108+00:00,2026-09-21T08:04:54.866+00:00,2026-09-21T08:04:54.866+00:00,False,1,0.0,,0.0,300757.640693,300757.640693,300757.640693,300757.640693,300757.640693,300757.640693,nan,300757.640693,nan,nan,0.0,20,64,,True,False,"HTTPConnectionPool(host='gpu06', port=9004): Read timed out.",0,59.56268577710819
371,2026-09-21T07:59:54.454+00:00,2026-09-21T08:04:54.904+00:00,2026-09-21T08:04:54.904+00:00,False,1,0.0,,0.0,300450.300689,300450.300689,300450.300689,300450.300689,300450.300689,300450.300689,nan,300450.300689,nan,nan,0.0,20,64,,True,False,"HTTPConnectionPool(host='gpu06', port=9004): Read timed out.",0,59.56268577710819
369,2026-09-21T07:59:54.391+00:00,2026-09-21T08:04:55.163+00:00,2026-09-21T08:04:55.163+00:00,False,1,0.0,,0.0,300772.26926,300772.26926,300772.26926,300772.26926,300772.26926,300772.26926,nan,300772.26926,nan,nan,0.0,20,64,,True,False,"HTTPConnectionPool(host='gpu06', port=9004): Read timed out.",0,59.56268577710819
372,2026-09-21T07:59:55.077+00:00,2026-09-21T08:04:55.405+00:00,2026-09-21T08:04:55.405+00:00,False,1,0.0,,0.0,300328.11354500003,300328.11354500003,300328.11354500003,300328.11354500003,300328.11354500003,300328.11354500003,nan,300328.11354500003,nan,nan,0.0,20,64,,True,False,"HTTPConnectionPool(host='gpu06', port=9004): Read timed out.",0,59.56268577710819
373,2026-09-21T07:59:55.228+00:00,2026-09-21T08:04:55.459+00:00,2026-09-21T08:04:55.459+00:00,False,1,0.0,,0.0,300230.982418,300230.982418,300230.982418,300230.982418,300230.982418,300230.982418,nan,300230.982418,nan,nan,0.0,20,64,,True,False,"HTTPConnectionPool(host='gpu06', port=9004): Read timed out.",0,59.56268577710819
374,2026-09-21T07:59:55.345+00:00,2026-09-21T08:04:55.631+00:00,2026-09-21T08:04:55.631+00:00,False,1,0.0,,0.0,300286.547707,300286.547707,300286.547707,300286.547707,300286.547707,300286.547707,nan,300286.547707,nan,nan,0.0,20,64,,True,False,"HTTPConnectionPool(host='gpu06', port=9004): Read timed out.",0,59.56268577710819
375,2026-09-21T07:59:55.607+00:00,2026-09-21T08:04:55.744+00:00,2026-09-21T08:04:55.744+00:00,False,1,0.0,,0.0,300136.804407,300136.804407,300136.804407,300136.804407,300136.804407,300136.804407,nan,300136.804407,nan,nan,0.0,20,64,,True,False,"HTTPConnectionPool(host='gpu06', port=9004): Read timed out.",0,59.56268577710819
376,2026-09-21T07:59:55.902+00:00,2026-09-21T08:04:56.007+00:00,2026-09-21T08:04:56.007+00:00,False,1,0.0,,0.0,300105.500075,300105.500075,300105.500075,300105.500075,300105.500075,300105.500075,nan,300105.500075,nan,nan,0.0,20,64,,True,False,"HTTPConnectionPool(host='gpu06', port=9004): Read timed out.",0,59.56268577710819
377,2026-09-21T07:59:56.290+00:00,2026-09-21T08:04:56.397+00:00,2026-09-21T08:04:56.397+00:00,False,1,0.0,,0.0,300106.260657,300106.260657,300106.260657,300106.260657,300106.260657,300106.260657,nan,300106.260657,nan,nan,0.0,20,64,,True,False,"HTTPConnectionPool(host='gpu06', port=9004): Read timed out.",0,59.56268577710819
378,2026-09-21T07:59:56.622+00:00,2026-09-21T08:04:56.726+00:00,2026-09-21T08:04:56.726+00:00,False,1,0.0,,0.0,300104.476818,300104.476818,300104.476818,300104.476818,300104.476818,300104.476818,nan,300104.476818,nan,nan,0.0,20,64,,True,False,"HTTPConnectionPool(host='gpu06', port=9004): Read timed out.",0,59.56268577710819
379,2026-09-21T07:59:56.890+00:00,2026-09-21T08:04:56.917+00:00,2026-09-21T08:04:56.917+00:00,False,1,0.0,,0.0,300027.33913200005,300027.33913200005,300027.33913200005,300027.33913200005,300027.33913200005,300027.33913200005,nan,300027.33913200005,nan,nan,0.0,20,64,,True,False,TTFT timeout: 300.0s exceeded (TTFT: 300.012s),0,59.56268577710819
380,2026-09-21T07:59:57.175+00:00,2026-09-21T08:04:57.189+00:00,2026-09-21T08:04:57.189+00:00,False,1,0.0,,0.0,300013.443501,300013.443501,300013.443501,300013.443501,300013.443501,300013.443501,nan,300013.443501,nan,nan,0.0,20,64,,True,False,TTFT timeout: 300.0s exceeded (TTFT: 300.010s),0,59.56268577710819
381,2026-09-21T07:59:57.474+00:00,2026-09-21T08:04:57.446+00:00,2026-09-21T08:04:57.500+00:00,False,3,2.0,,2.0,299972.485959,300026.09261500003,300026.092786,100008.69759533333,0.037899999999999996,299972.485959,173173.7226283326,269980.5942558,26.803328,37.852048250883335,0.00666608688120484,20,64,,True,False,Request timeout: 300.0s exceeded,6,59.56268577710819
382,2026-09-21T07:59:57.805+00:00,2026-09-21T08:04:57.908+00:00,2026-09-21T08:04:57.908+00:00,False,1,0.0,,0.0,300102.917452,300102.917452,300102.917452,300102.917452,300102.917452,300102.917452,nan,300102.917452,nan,nan,0.0,20,64,,True,False,"HTTPConnectionPool(host='gpu06', port=9004): Read timed out.",0,59.56268577710819
383,2026-09-21T07:59:58.158+00:00,2026-09-21T08:04:58.271+00:00,2026-09-21T08:04:58.271+00:00,False,1,0.0,,0.0,300112.615329,300112.615329,300112.615329,300112.615329,300112.615329,300112.615329,nan,300112.615329,nan,nan,0.0,20,64,,True,False,"HTTPConnectionPool(host='gpu06', port=9004): Read timed out.",0,59.56268577710819
384,2026-09-21T07:59:58.542+00:00,2026-09-21T08:04:58.633+00:00,2026-09-21T08:04:58.633+00:00,False,1,0.0,,0.0,300091.17268300004,300091.17268300004,300091.17268300004,300091.17268300004,300091.17268300004,300091.17268300004,nan,300091.17268300004,nan,nan,0.0,20,64,,True,False,"HTTPConnectionPool(host='gpu06', port=9004): Read timed out.",0,59.56268577710819
385,2026-09-21T07:59:58.810+00:00,2026-09-21T08:04:58.914+00:00,2026-09-21T08:04:58.914+00:00,False,1,0.0,,0.0,300103.945441,300103.945441,300103.945441,300103.945441,300103.945441,300103.945441,nan,300103.945441,nan,nan,0.0,20,64,,True,False,"HTTPConnectionPool(host='gpu06', port=9004): Read timed out.",0,59.56268577710819
386,2026-09-21T07:59:59.163+00:00,2026-09-21T08:04:59.214+00:00,2026-09-21T08:04:59.214+00:00,False,1,0.0,,0.0,300051.621912,300051.621912,300051.621912,300051.621912,300051.621912,300051.621912,nan,300051.621912,nan,nan,0.0,20,64,,True,False,TTFT timeout: 300.0s exceeded (TTFT: 300.037s),0,59.56268577710819
387,2026-09-21T07:59:59.451+00:00,2026-09-21T08:04:59.374+00:00,2026-09-21T08:04:59.489+00:00,False,4,3.0,,3.0,299923.231457,300038.10582500004,300038.10588,75009.52647,0.03168,299923.231457,149942.47243674422,254943.5800895,38.291456,33.16637095604691,0.009998729967152164,20,64,,True,False,Request timeout: 300.0s exceeded,26,59.56268577710819
388,2026-09-21T07:59:59.753+00:00,2026-09-21T08:04:59.858+00:00,2026-09-21T08:04:59.858+00:00,False,1,0.0,,0.0,300104.754411,300104.754411,300104.754411,300104.754411,300104.754411,300104.754411,nan,300104.754411,nan,nan,0.0,20,64,,True,False,"HTTPConnectionPool(host='gpu06', port=9004): Read timed out.",0,59.56268577710819
389,2026-09-21T08:00:00.024+00:00,2026-09-21T08:05:00.153+00:00,2026-09-21T08:05:00.153+00:00,False,1,0.0,,0.0,300129.410899,300129.410899,300129.410899,300129.410899,300129.410899,300129.410899,nan,300129.410899,nan,nan,0.0,20,64,,True,False,"HTTPConnectionPool(host='gpu06', port=9004): Read timed out.",0,59.56268577710819
390,2026-09-21T08:00:00.297+00:00,2026-09-21T08:05:00.403+00:00,2026-09-21T08:05:00.403+00:00,False,1,0.0,,0.0,300105.933699,300105.933699,300105.933699,300105.933699,300105.933699,300105.933699,nan,300105.933699,nan,nan,0.0,20,64,,True,False,"HTTPConnectionPool(host='gpu06', port=9004): Read timed out.",0,59.56268577710819
391,2026-09-21T08:00:00.527+00:00,2026-09-21T08:05:00.606+00:00,2026-09-21T08:05:00.606+00:00,False,1,0.0,,0.0,300079.365117,300079.365117,300079.365117,300079.365117,300079.365117,300079.365117,nan,300079.365117,nan,nan,0.0,20,64,,True,False,"HTTPConnectionPool(host='gpu06', port=9004): Read timed out.",0,59.56268577710819
392,2026-09-21T08:00:00.903+00:00,2026-09-21T08:05:00.977+00:00,2026-09-21T08:05:00.977+00:00,False,1,0.0,,0.0,300073.640381,300073.640381,300073.640381,300073.640381,300073.640381,300073.640381,nan,300073.640381,nan,nan,0.0,20,64,,True,False,TTFT timeout: 300.0s exceeded (TTFT: 300.055s),0,59.56268577710819
393,2026-09-21T08:00:01.129+00:00,2026-09-21T08:05:01.168+00:00,2026-09-21T08:05:02.970+00:00,False,29,28.0,,28.0,300038.59574,301840.89103600004,301840.891039,10408.306587551724,0.027370000000000002,300038.59574,55703.82688026937,176.2741508,64.36768914285715,35.90441245592454,0.09276410463769964,20,64,,True,False,Request timeout: 300.0s exceeded,224,59.56268577710819
394,2026-09-21T08:00:01.412+00:00,2026-09-21T08:05:01.385+00:00,2026-09-21T08:05:01.385+00:00,True,1,1.0,,1.0,299973.497851,299973.497851,299973.497851,299973.497851,299973.497851,299973.497851,nan,299973.497851,nan,nan,0.0033336278276713317,20,64,,True,True,,5,59.56268577710819
396,2026-09-21T08:00:02.023+00:00,2026-09-21T08:05:03.225+00:00,2026-09-21T08:05:03.225+00:00,False,1,0.0,,0.0,301201.96001599997,301201.96001599997,301201.96001599997,301201.96001599997,301201.96001599997,301201.96001599997,nan,301201.96001599997,nan,nan,0.0,20,64,,True,False,"HTTPConnectionPool(host='gpu06', port=9004): Read timed out.",0,59.56268577710819
395,2026-09-21T08:00:01.718+00:00,2026-09-21T08:05:03.901+00:00,2026-09-21T08:05:04.839+00:00,False,26,25.0,,25.0,302182.49257999996,303121.01264399994,303121.012633,11658.500485884613,0.0343,302182.49257999996,59255.50625743822,90.85250175000002,37.54080256,27.358738680511884,0.08247531169790995,20,64,,True,False,Request timeout: 300.0s exceeded,75,59.56268577710819
0,2026-09-21T07:58:02.260+00:00,2026-09-21T07:58:02.381+00:00,2026-09-21T07:58:02.656+00:00,True,5,5.0,,5.0,120.955529,395.82836100000003,395.828417,79.1656834,39.597412,120.955529,37.06850372143958,116.33196459999999,68.718208,33.2330340106828,12.631737623267474,21,64,,False,True,,13,59.56268577710819
1,2026-09-21T07:58:02.691+00:00,2026-09-21T07:58:03.489+00:00,2026-09-21T07:58:05.580+00:00,True,36,36.0,,36.0,797.887454,2888.7910060000004,2888.790865,80.24419069444444,38.573483,797.887454,123.34154844410062,74.90322775,59.740101485714284,8.966178059879029,12.461960704401333,21,64,,False,True,,177,59.56268577710819
2,2026-09-21T07:58:03.116+00:00,2026-09-21T07:58:03.492+00:00,2026-09-21T07:58:08.067+00:00,True,75,75.0,,75.0,375.271975,4950.324519,4950.324556,66.00432741333333,34.053763,375.271975,37.89693724517389,81.86483779999999,61.825034378378376,11.310182783511467,15.150521892482017,21,64,,False,True,,75,59.56268577710819
3,2026-09-21T07:58:03.466+00:00,2026-09-21T07:58:07.179+00:00,2026-09-21T07:58:09.928+00:00,True,45,45.0,,45.0,3712.653969,6461.580689,6461.580535,143.59067855555554,47.619085,3712.653969,544.2166681994021,77.489386,62.475607272727274,9.450969655242208,6.964240201566566,21,64,,False,True,,405,59.56268577710819
4,2026-09-21T07:58:03.924+00:00,2026-09-21T07:58:08.439+00:00,2026-09-21T07:58:11.480+00:00,True,49,49.0,,49.0,4515.082159,7555.263150999999,7555.263174999999,154.1890443877551,41.924493999999996,4515.082159,636.0731990000439,81.687536,63.337104,11.933427648060503,6.485545112153302,21,64,,False,True,,196,59.56268577710819
5,2026-09-21T07:58:04.219+00:00,2026-09-21T07:58:10.883+00:00,2026-09-21T07:58:16.186+00:00,True,85,85.0,,85.0,6664.262104,11967.022808000002,11967.022695,140.78850229411765,0.01709,6664.262104,717.0860979992227,80.6134,63.12810361904762,39.80740472658296,7.102852678042627,21,64,,False,True,,177,59.56268577710819
6,2026-09-21T07:58:04.603+00:00,2026-09-21T07:58:13.164+00:00,2026-09-21T07:58:17.690+00:00,True,77,77.0,,77.0,8561.019395,13086.661635,13086.661704999999,169.9566455194805,0.02495,8561.019395,968.9347573609258,79.11345800000001,59.54792421052632,14.163942792698645,5.883853510360895,21,64,,False,True,,308,59.56268577710819
7,2026-09-21T07:58:05.040+00:00,2026-09-21T07:58:15.930+00:00,2026-09-21T07:58:17.053+00:00,True,19,19.0,,19.0,10889.571322,12013.384186,12013.384238999999,632.283381,48.404885,10889.571322,2483.9337643340987,1158.3594964000001,62.434048,9.763240908533648,1.5815693318242474,21,64,,False,True,,114,59.56268577710819
8,2026-09-21T07:58:05.395+00:00,2026-09-21T07:58:17.887+00:00,2026-09-21T07:58:24.234+00:00,True,99,99.0,,99.0,12492.227362,18839.315746,18839.315851,190.29611970707072,0.0,12492.227362,1250.527163483899,84.327477,64.766208,61.961878907106836,5.254967926370673,21,64,,False,True,,594,59.56268577710819
9,2026-09-21T07:58:05.862+00:00,2026-09-21T07:58:20.317+00:00,2026-09-21T07:58:25.509+00:00,True,81,81.0,,81.0,14454.613193,19647.226824999998,19647.226791999998,242.5583554567901,0.0,14454.613193,1600.345416879786,83.91543899999999,64.9076704,69.4601270641653,4.122719237756854,21,64,,False,True,,851,59.56268577710819
10,2026-09-21T07:58:06.348+00:00,2026-09-21T07:58:22.601+00:00,2026-09-21T07:58:28.313+00:00,True,92,92.0,,92.0,16252.912837,21965.188037,21965.18795,238.7520429347826,0.0,16252.912837,1689.567945802,84.754863,62.77225494505495,74.58859618731778,4.18844581913105,21,64,,False,True,,503,59.56268577710819
11,2026-09-21T07:58:06.733+00:00,2026-09-21T07:58:24.575+00:00,2026-09-21T07:58:29.610+00:00,True,83,83.0,,83.0,17841.907863,22876.744087,22876.744076,275.6234226024096,0.0,17841.907863,1952.1701392970215,76.708265,61.400441756097564,44.713888387400004,3.628138675868906,21,64,,False,True,,830,59.56268577710819
12,2026-09-21T07:58:07.068+00:00,2026-09-21T07:58:26.346+00:00,2026-09-21T07:58:32.032+00:00,True,91,91.0,,91.0,19277.086582,24963.423606,24963.423722,274.3233376043956,0.0,19277.086582,2015.071880611912,80.76489300000001,63.18152248888889,60.80295934125139,3.645333325919607,21,64,,False,True,,281,59.56268577710819
13,2026-09-21T07:58:07.410+00:00,2026-09-21T07:58:28.385+00:00,2026-09-21T07:58:28.385+00:00,True,1,1.0,,1.0,20974.915546999997,20974.915546999997,20974.915546999997,20974.915546999997,20974.915546999997,20974.915546999997,nan,20974.915546999997,nan,nan,0.04767599649015169,21,64,,False,True,,1,59.56268577710819
14,2026-09-21T07:58:07.769+00:00,2026-09-21T07:58:30.135+00:00,2026-09-21T07:58:33.793+00:00,True,58,58.0,,58.0,22365.707742,26024.412382,26024.412512,448.69676744827586,0.0,22365.707742,2929.8419722742665,133.6141217,64.18780070175438,94.85515111495859,2.228676642094566,21,64,,False,True,,0,59.56268577710819
15,2026-09-21T07:58:08.160+00:00,2026-09-21T07:58:32.296+00:00,2026-09-21T07:58:37.115+00:00,True,77,77.0,,77.0,24136.035046,28955.058918000002,28955.058907000002,376.03972606493505,0.0,24136.035046,2744.8604076439756,79.429972,63.40820884210526,92.24294167585015,2.65929350094096,21,64,,False,True,,847,59.56268577710819
16,2026-09-21T07:58:08.518+00:00,2026-09-21T07:58:34.055+00:00,2026-09-21T07:58:35.664+00:00,True,26,26.0,,26.0,25537.193021000003,27146.549565,27146.549608,1044.098061846154,0.0,25537.193021000003,4996.790934235554,450.08270625000006,64.37426176,109.89057259090717,0.9577644458182544,21,64,,False,True,,208,59.56268577710819
17,2026-09-21T07:58:08.940+00:00,2026-09-21T07:58:36.050+00:00,2026-09-21T07:58:38.088+00:00,True,33,33.0,,33.0,27109.937195,29148.308267,29148.308057,883.2820623333333,43.586324,27109.937195,4708.156063760997,80.364636,63.699096,10.021293920219335,1.132141176006453,21,64,,False,True,,35,59.56268577710819
18,2026-09-21T07:58:09.321+00:00,2026-09-21T07:58:37.855+00:00,2026-09-21T07:58:42.831+00:00,True,80,80.0,,80.0,28534.181973000002,33510.612821,33510.612639,418.8826579875,0.0,28534.181973000002,3183.8686048497693,77.724879,62.992795544303796,66.84447401947605,2.3873034022781767,21,64,,False,True,,509,59.56268577710819
19,2026-09-21T07:58:09.762+00:00,2026-09-21T07:58:40.550+00:00,2026-09-21T07:58:45.013+00:00,True,72,72.0,,72.0,30788.190246,35251.104038,35251.10405,489.5986673611111,0.01595,30788.190246,3622.0511276937477,78.97308699999999,62.85794073239437,87.24071360683531,2.0424892202634393,21,64,,False,True,,144,59.56268577710819
20,2026-09-21T07:58:10.218+00:00,2026-09-21T07:58:43.519+00:00,2026-09-21T07:58:46.487+00:00,True,51,51.0,,51.0,33300.436868000004,36268.30912400001,36268.309186000006,711.1433173725491,0.0,33300.436868000004,4655.739842825414,116.26959199999997,59.357445119999994,100.2424725306352,1.4061863161481527,21,64,,False,True,,277,59.56268577710819
21,2026-09-21T07:58:10.665+00:00,2026-09-21T07:58:45.077+00:00,2026-09-21T07:58:46.651+00:00,True,26,26.0,,26.0,34411.297071999994,35985.60004799999,35985.600016,1384.0615390769228,0.0,34411.297071999994,6737.689047786333,563.5757632500001,62.97211904,141.58685324895976,0.7225112257491737,21,64,,False,True,,104,59.56268577710819
22,2026-09-21T07:58:11.093+00:00,2026-09-21T07:58:47.204+00:00,2026-09-21T07:58:48.815+00:00,True,26,26.0,,26.0,36111.185049,37722.211225,37722.211307,1450.8542810384615,41.994045,36111.185049,7069.354548644364,77.62747300000001,64.44104704,9.732373004385538,0.6892490963723985,21,64,,False,True,,153,59.56268577710819
23,2026-09-21T07:58:11.429+00:00,2026-09-21T07:58:48.944+00:00,2026-09-21T07:58:51.402+00:00,True,40,40.0,,40.0,37515.168854999996,39972.887382999994,39972.887469999994,999.3221867499999,41.286913999999996,37515.168854999996,5921.712780796909,80.03973599999999,63.018423794871794,9.767808814519272,1.000678275170373,21,64,,False,True,,80,59.56268577710819
24,2026-09-21T07:58:11.728+00:00,2026-09-21T07:58:50.397+00:00,2026-09-21T07:58:53.779+00:00,True,40,40.0,,40.0,38669.107765,42051.189301,42051.189306,1051.27973265,0.0,38669.107765,6103.104907188013,138.0464108,86.72003938461539,183.68051937771375,0.9512216102541665,21,64,,False,True,,120,59.56268577710819
25,2026-09-21T07:58:12.048+00:00,2026-09-21T07:58:52.162+00:00,2026-09-21T07:58:52.445+00:00,True,5,5.0,,5.0,40113.712275,40397.227667,40397.227714,8079.445542799999,50.647135,40113.712275,17907.70457902727,32108.481877799997,70.878848,15.565238835217231,0.12377086965510851,21,64,,False,True,,28,59.56268577710819
26,2026-09-21T07:58:12.518+00:00,2026-09-21T07:58:54.475+00:00,2026-09-21T07:58:55.440+00:00,True,17,17.0,,17.0,41957.397226,42922.554858,42922.554766,2524.8561627058825,39.898504,41957.397226,10161.540009811682,8455.3927164,60.322352,12.111523297866222,0.3960621648977053,21,64,,False,True,,57,59.56268577710819
27,2026-09-21T07:58:13.132+00:00,2026-09-21T07:58:56.332+00:00,2026-09-21T07:58:56.402+00:00,True,2,2.0,,2.0,43200.580075000005,43270.654955000005,43270.65481200001,21635.327406000004,70.074737,43200.580075000005,30497.87280050239,41044.05480810001,70.07488,nan,0.04622070089024378,21,64,,False,True,,10,59.56268577710819
28,2026-09-21T07:58:13.281+00:00,2026-09-21T07:58:58.628+00:00,2026-09-21T07:59:01.267+00:00,True,33,33.0,,33.0,45346.993318,47986.300838,47986.300753,1454.130325848485,0.0,45346.993318,7880.972136289261,411.389529,82.47836,152.6057837172775,0.6876962679704525,21,64,,False,True,,99,59.56268577710819
29,2026-09-21T07:58:13.634+00:00,2026-09-21T07:59:01.280+00:00,2026-09-21T07:59:05.627+00:00,True,75,75.0,,75.0,47645.463997,51992.617405,51992.617487999996,693.23489984,0.0,47645.463997,5495.826853614422,85.320305,58.74531632432433,104.80444006829451,1.4425124901057096,21,64,,False,True,,225,59.56268577710819
30,2026-09-21T07:58:13.990+00:00,2026-09-21T07:59:02.459+00:00,2026-09-21T07:59:06.564+00:00,True,68,68.0,,68.0,48468.970462,52573.31555,52573.315488,773.1369924705882,0.015449999999999998,48468.970462,5871.323283991233,80.1902603,61.25888191044776,110.58630372408285,1.2934318349263785,21,64,,False,True,,276,59.56268577710819
31,2026-09-21T07:58:14.296+00:00,2026-09-21T07:59:04.138+00:00,2026-09-21T07:59:06.191+00:00,True,34,34.0,,34.0,49842.421696000005,51895.220672,51895.220539,1526.3300158529414,0.015130000000000001,49842.421696000005,8538.58201032347,417.89731659999995,62.206029575757576,153.92432942035217,0.6551663054849415,21,64,,False,True,,136,59.56268577710819
32,2026-09-21T07:58:14.757+00:00,2026-09-21T07:59:06.448+00:00,2026-09-21T07:59:11.303+00:00,True,78,78.0,,78.0,51690.675627,56545.644458999996,56545.644260999994,724.9441571923077,0.0,51690.675627,5846.856993030694,87.58114500000002,63.05154327272727,118.2159114833547,1.3794165889568397,21,64,,False,True,,318,59.56268577710819
33,2026-09-21T07:58:15.184+00:00,2026-09-21T07:59:08.673+00:00,2026-09-21T07:59:10.931+00:00,True,37,37.0,,37.0,53489.073563,55746.968987,55746.968828,1506.674833189189,0.0,53489.073563,8784.930373734785,302.47731179999994,62.719317333333336,174.84773527023708,0.6637132147691881,21,64,,False,True,,148,59.56268577710819
34,2026-09-21T07:58:15.638+00:00,2026-09-21T07:59:11.361+00:00,2026-09-21T07:59:16.111+00:00,True,74,74.0,,74.0,55723.555016000006,60473.092552,60473.09257000001,817.2039536486487,44.286065,55723.555016000006,6470.17547124663,79.53386415,65.06215802739726,9.651883341409642,1.22368473112845,21,64,,False,True,,170,59.56268577710819
35,2026-09-21T07:58:15.946+00:00,2026-09-21T07:59:13.261+00:00,2026-09-21T07:59:13.481+00:00,True,4,4.0,,4.0,57315.110498,57534.813282,57534.813077,14383.70326925,70.152036,57315.110498,28620.93823939566,48729.14720585,73.23426133333332,2.7316496803955905,0.06952312472788394,21,64,,False,True,,20,59.56268577710819
36,2026-09-21T07:58:16.300+00:00,2026-09-21T07:59:14.842+00:00,2026-09-21T07:59:21.303+00:00,True,93,93.0,,93.0,58541.563789,65002.535053,65002.535018,698.9519894408602,0.0,58541.563789,6065.41923985185,134.364136,70.22794852173912,165.1436596527022,1.4307134317788097,21,64,,False,True,,97,59.56268577710819
37,2026-09-21T07:58:16.744+00:00,2026-09-21T07:59:17.267+00:00,2026-09-21T07:59:17.328+00:00,True,2,2.0,,2.0,60523.123527,60583.982919,60583.982982,30291.991491,60.859455000000004,60523.123527,42753.27693120296,57500.010323400005,60.859392,nan,0.03301202568134178,21,64,,False,True,,6,59.56268577710819
38,2026-09-21T07:58:17.192+00:00,2026-09-21T07:59:19.355+00:00,2026-09-21T07:59:23.240+00:00,True,62,62.0,,62.0,62163.602704000004,66048.00360000001,66048.003706,1065.2903823548388,0.0,62163.602704000004,7888.272551379703,174.3335006,63.67870321311475,158.8984338931723,0.9387111891448598,21,64,,False,True,,341,59.56268577710819
39,2026-09-21T07:58:17.585+00:00,2026-09-21T07:59:21.656+00:00,2026-09-21T07:59:23.918+00:00,True,36,36.0,,36.0,64070.990785999995,66333.589442,66333.58957499999,1842.5997104166665,46.365524,64070.990785999995,10667.728634923169,79.455027,64.64567588571428,9.88667140661006,0.5427114724656544,21,64,,False,True,,54,59.56268577710819
40,2026-09-21T07:58:17.997+00:00,2026-09-21T07:59:24.044+00:00,2026-09-21T07:59:25.876+00:00,True,29,29.0,,29.0,66046.55140299999,67878.65508299999,67878.655074,2340.643278413793,46.280574,66046.55140299999,12252.389287200833,78.710731,65.43227428571429,8.814224156458986,0.4272329786814378,21,64,,False,True,,87,59.56268577710819
41,2026-09-21T07:58:18.481+00:00,2026-09-21T07:59:26.383+00:00,2026-09-21T07:59:26.383+00:00,True,1,1.0,,1.0,67901.574889,67901.574889,67901.574889,67901.574889,67901.574889,67901.574889,nan,67901.574889,nan,nan,0.014727198914527668,21,64,,False,True,,6,59.56268577710819
42,2026-09-21T07:58:18.798+00:00,2026-09-21T07:59:28.114+00:00,2026-09-21T07:59:28.187+00:00,True,2,2.0,,2.0,69316.272688,69389.32152,69389.321314,34694.660657,73.048626,69316.272688,48962.353285459714,65854.1114849,73.048832,nan,0.028822878739685365,21,64,,False,True,,2,59.56268577710819
43,2026-09-21T07:58:19.186+00:00,2026-09-21T07:59:30.299+00:00,2026-09-21T07:59:34.764+00:00,True,62,62.0,,62.0,71113.2844,75578.439728,75578.439663,1219.0070913387096,0.0,71113.2844,9024.888171646673,84.5377445,73.19926767213116,226.18526347806332,0.8203397718070448,21,64,,False,True,,247,59.56268577710819
44,2026-09-21T07:58:19.553+00:00,2026-09-21T07:59:32.820+00:00,2026-09-21T07:59:32.820+00:00,True,8,8.0,,8.0,73267.00831399999,73267.00831399999,73267.00831399999,9158.376039249999,0.0,73267.00831399999,25903.799208040276,47623.5554041,0.0,0.0,0.10918966372578563,21,64,,False,True,,48,59.56268577710819
45,2026-09-21T07:58:19.850+00:00,2026-09-21T07:59:33.450+00:00,2026-09-21T07:59:39.727+00:00,True,100,100.0,,100.0,73600.386918,79877.79415,79877.79409000001,798.7779409000001,0.01908,73600.386918,7354.814421273724,157.39625255,63.408153858585855,128.80330009807173,1.2519123877183331,21,64,,False,True,,300,59.56268577710819
46,2026-09-21T07:58:20.121+00:00,2026-09-21T07:59:35.192+00:00,2026-09-21T07:59:41.019+00:00,True,94,94.0,,94.0,75071.55644300001,80898.635611,80898.635536,860.6237822978725,0.019530000000000002,75071.55644300001,7736.65178107097,143.1532225,62.65676524731183,34.136818089781116,1.1619479029534903,21,64,,False,True,,846,59.56268577710819
47,2026-09-21T07:58:20.594+00:00,2026-09-21T07:59:37.578+00:00,2026-09-21T07:59:43.548+00:00,True,95,95.0,,95.0,76984.336934,82954.344486,82954.34444900001,873.2036257789474,43.675874,76984.336934,7891.91802690514,78.89682400000001,63.510718638297874,11.137075012245317,1.1452082538731039,21,64,,False,True,,839,59.56268577710819
48,2026-09-21T07:58:20.916+00:00,2026-09-21T07:59:39.503+00:00,2026-09-21T07:59:41.706+00:00,True,36,36.0,,36.0,78586.46057,80789.495962,80789.495883,2244.1526634166667,42.519544,78586.46057,13087.256994283895,80.887817,62.943868342857144,10.650986870124946,0.4456024829877995,21,64,,False,True,,112,59.56268577710819
49,2026-09-21T07:58:21.274+00:00,2026-09-21T07:59:41.309+00:00,2026-09-21T07:59:43.353+00:00,True,32,32.0,,32.0,80035.192871,82079.57277500001,82079.57279100001,2564.9866497187504,46.533004,80035.192871,14136.704202664301,91.68790789999998,65.94773883870967,12.470544968477626,0.3898655770019631,21,64,,False,True,,190,59.56268577710819
50,2026-09-21T07:58:21.743+00:00,2026-09-21T07:59:43.483+00:00,2026-09-21T07:59:44.380+00:00,True,15,15.0,,15.0,81740.19805400001,82637.12426200001,82637.12430200001,5509.141620133334,40.090794,81740.19805400001,21088.68974013237,24578.845248100002,64.06615771428572,11.992678179510873,0.18151648104842902,21,64,,False,True,,45,59.56268577710819
51,2026-09-21T07:58:22.111+00:00,2026-09-21T07:59:46.988+00:00,2026-09-21T07:59:47.221+00:00,True,27,27.0,,27.0,84876.495074,85109.12688200001,85109.12683400001,3152.189882740741,0.0,84876.495074,16332.781024667682,67.5818487,8.94737723076923,21.6951985400603,0.31723977191581687,21,64,,False,True,,158,59.56268577710819
52,2026-09-21T07:58:22.483+00:00,2026-09-21T07:59:47.427+00:00,2026-09-21T07:59:51.546+00:00,True,66,66.0,,66.0,84943.593073,89063.222385,89063.222406,1349.4427637272727,41.394144,84943.593073,10448.035837364227,77.114657,63.37891249230769,8.887352434606818,0.7410466209576052,21,64,,False,True,,264,59.56268577710819
53,2026-09-21T07:58:23.269+00:00,2026-09-21T07:59:50.106+00:00,2026-09-21T07:59:54.132+00:00,True,50,50.0,,50.0,86836.519708,90863.01852400001,90863.018442,1817.2603688400002,0.01572,86836.519708,12270.40111546457,81.23470755,82.1734452244898,192.7957342841293,0.5502788792647616,21,64,,False,True,,298,59.56268577710819
54,2026-09-21T07:58:23.325+00:00,2026-09-21T07:59:50.601+00:00,2026-09-21T07:59:50.906+00:00,True,6,6.0,,6.0,87275.668116,87580.941716,87580.941832,14596.823638666667,46.365374,87275.668116,35605.21813298348,65474.3812185,61.05472,10.839772660358518,0.06850805531934434,21,64,,False,True,,14,59.56268577710819
55,2026-09-21T07:58:23.733+00:00,2026-09-21T07:59:54.119+00:00,2026-09-21T07:59:59.837+00:00,True,99,99.0,,99.0,90385.462883,96103.175267,96103.175446,970.739145919192,0.01575,90385.462883,9078.325654858358,96.8041876,58.34400391836735,44.640109971918314,1.0301428618248238,21,64,,False,True,,198,59.56268577710819
56,2026-09-21T07:58:24.098+00:00,2026-09-21T07:59:55.665+00:00,2026-09-21T07:59:59.955+00:00,True,70,70.0,,70.0,91567.786631,95857.473927,95857.473929,1369.3924846999998,43.182274,91567.786631,10937.018021476486,79.297888,62.169381101449275,10.38214513568466,0.7302508310756062,21,64,,False,True,,70,59.56268577710819
57,2026-09-21T07:58:24.534+00:00,2026-09-21T07:59:57.678+00:00,2026-09-21T08:00:03.276+00:00,True,91,91.0,,91.0,93144.593083,98742.41145099999,98742.411536,1085.0814454505494,0.0,93144.593083,9759.684263060277,77.434057,62.197981866666666,198.57602679605338,0.9215898078928111,21,64,,False,True,,93,59.56268577710819
58,2026-09-21T07:58:24.876+00:00,2026-09-21T07:59:59.603+00:00,2026-09-21T08:00:00.427+00:00,True,14,14.0,,14.0,94726.723587,95550.817795,95550.817739,6825.058409928572,44.121264000000004,94726.723587,25299.842200815685,33205.9394245,63.391862153846155,11.93666187393406,0.14651889249170397,21,64,,False,True,,56,59.56268577710819
59,2026-09-21T07:58:25.348+00:00,2026-09-21T08:00:02.912+00:00,2026-09-21T08:00:02.912+00:00,True,3,3.0,,3.0,97563.586089,97563.586089,97563.586089,32521.195363000003,0.0,97563.586089,56328.36269158938,87807.2274801,0.0,0.0,0.030749177231588466,21,64,,False,True,,13,59.56268577710819
60,2026-09-21T07:58:25.757+00:00,2026-09-21T08:00:04.145+00:00,2026-09-21T08:00:05.983+00:00,True,29,29.0,,29.0,98388.077414,100225.700966,100225.701016,3456.058655724138,45.568854,98388.077414,18258.02240007348,77.511233,65.62941257142857,9.061628152934155,0.28934694115871334,21,64,,False,True,,249,59.56268577710819
61,2026-09-21T07:58:26.032+00:00,2026-09-21T08:00:05.503+00:00,2026-09-21T08:00:10.908+00:00,True,88,88.0,,88.0,99470.784396,104876.1691,104876.169001,1191.7746477386363,42.511654,99470.784396,10597.001981581305,79.444658,62.13085866666666,9.154123402578207,0.8390848059685658,21,64,,False,True,,229,59.56268577710819
62,2026-09-21T07:58:26.416+00:00,2026-09-21T08:00:07.105+00:00,2026-09-21T08:00:11.974+00:00,True,79,79.0,,79.0,100688.860937,105557.814537,105557.81448500001,1336.1748668987343,44.136134,100688.860937,11321.3630819493,77.60596890000001,62.422482051282046,9.861620869791972,0.7484050361075733,21,64,,False,True,,395,59.56268577710819
63,2026-09-21T07:58:26.726+00:00,2026-09-21T08:00:09.095+00:00,2026-09-21T08:00:11.973+00:00,True,46,46.0,,46.0,102369.21604,105247.063848,105247.063913,2287.979650282609,45.544204,102369.21604,15084.0910804033,79.37305775,63.95217351111111,9.379247678207625,0.43706682465207913,21,64,,True,True,,95,59.56268577710819
64,2026-09-21T07:58:27.145+00:00,2026-09-21T08:00:11.283+00:00,2026-09-21T08:00:13.278+00:00,True,32,32.0,,32.0,104137.875698,106132.342258,106132.342174,3316.6356929375,46.585602,104137.875698,18397.778399418774,77.83311445,64.33763096774193,9.293649844407206,0.3015103531985596,21,64,,True,True,,139,59.56268577710819
65,2026-09-21T07:58:27.533+00:00,2026-09-21T08:00:13.405+00:00,2026-09-21T08:00:14.483+00:00,True,18,18.0,,18.0,105872.24272499999,106950.23952499998,106950.239429,5941.679968277777,52.479794999999996,105872.24272499999,24939.382240154577,15946.739558199997,63.41157647058824,9.11378260631335,0.16830256837145688,21,64,,True,True,,40,59.56268577710819
66,2026-09-21T07:58:27.820+00:00,2026-09-21T08:00:14.975+00:00,2026-09-21T08:00:20.466+00:00,True,87,87.0,,87.0,107155.409563,112646.733467,112646.73355799999,1294.7900408965515,45.894233,107155.409563,11481.4238234695,78.645346,63.85260353488372,9.351931639216168,0.7723259904867703,21,64,,True,True,,174,59.56268577710819
67,2026-09-21T07:58:28.144+00:00,2026-09-21T08:00:16.551+00:00,2026-09-21T08:00:17.231+00:00,True,12,12.0,,12.0,108406.697459,109087.312371,109087.312274,9090.609356166668,50.973214,108406.697459,31276.45782711575,48825.005275799995,61.87408290909091,9.651688509158774,0.11000362681215074,21,64,,True,True,,48,59.56268577710819
68,2026-09-21T07:58:28.425+00:00,2026-09-21T08:00:17.960+00:00,2026-09-21T08:00:23.180+00:00,True,84,84.0,,84.0,109534.590728,114755.069192,114755.069406,1366.1317786428572,42.729834000000004,109534.590728,11944.34518349472,79.42922815,62.89733089156626,10.073847144727962,0.7319938072579364,21,64,,True,True,,420,59.56268577710819
69,2026-09-21T07:58:28.806+00:00,2026-09-21T08:00:19.939+00:00,2026-09-21T08:00:22.387+00:00,True,40,40.0,,40.0,111133.48457700001,113581.47689700002,113581.477098,2839.5369274500003,45.482723,111133.48457700001,17561.824273508453,79.24360705,62.769033846153846,8.80619578492152,0.35217009932238785,21,64,,True,True,,120,59.56268577710819
70,2026-09-21T07:58:29.258+00:00,2026-09-21T08:00:21.843+00:00,2026-09-21T08:00:22.940+00:00,True,19,19.0,,19.0,112585.151021,113682.036013,113682.03610299999,5983.2650580526315,45.576203,112585.151021,25814.82657668088,11328.8308745,60.93805511111111,9.589150838298536,0.16713282649008215,21,64,,True,True,,38,59.56268577710819
71,2026-09-21T07:58:29.570+00:00,2026-09-21T08:00:23.489+00:00,2026-09-21T08:00:27.436+00:00,True,63,63.0,,63.0,113918.807991,117865.964215,117865.96420399999,1870.8883206984126,46.482991999999996,113918.807991,14344.402588594752,77.701799,63.66381006451613,8.925361265259168,0.534505447943236,21,64,,True,True,,252,59.56268577710819
72,2026-09-21T07:58:29.991+00:00,2026-09-21T08:00:26.045+00:00,2026-09-21T08:00:29.012+00:00,True,47,47.0,,47.0,116054.365137,119021.432529,119021.432478,2532.370903787234,45.434402999999996,116054.365137,16918.86322560954,77.34682600000001,64.50146504347826,9.747857453581004,0.3948868619821752,21,64,,True,True,,308,59.56268577710819
73,2026-09-21T07:58:30.318+00:00,2026-09-21T08:00:27.549+00:00,2026-09-21T08:00:27.629+00:00,True,2,2.0,,2.0,117230.891525,117310.680069,117310.680071,58655.3400355,79.788546,117230.891525,82838.33933993445,111373.33637605,79.788544,nan,0.017048746105841655,21,64,,True,True,,8,59.56268577710819
74,2026-09-21T07:58:30.709+00:00,2026-09-21T08:00:29.485+00:00,2026-09-21T08:00:31.347+00:00,True,31,31.0,,31.0,118776.732358,120638.68205399999,120638.681996,3891.570386967742,47.140983999999996,118776.732358,21321.78564503682,77.4588515,62.064989866666664,9.291510138486089,0.2569656719734708,21,64,,True,True,,186,59.56268577710819
75,2026-09-21T07:58:31.181+00:00,2026-09-21T08:00:32.210+00:00,2026-09-21T08:00:34.691+00:00,True,39,39.0,,39.0,121029.045702,123510.067398,123510.067246,3166.924801179487,41.537411999999996,121029.045702,19369.705199135944,76.8430299,65.29004463157895,9.62355516947139,0.31576373344794667,21,64,,True,True,,153,59.56268577710819
76,2026-09-21T07:58:31.478+00:00,2026-09-21T08:00:33.432+00:00,2026-09-21T08:00:33.766+00:00,True,6,6.0,,6.0,121953.330552,122287.458424,122287.458437,20381.243072833335,49.590032,121953.330552,49759.958193660736,91483.89647300002,66.8255744,10.622231495175615,0.049064720759806446,21,64,,True,True,,30,59.56268577710819
77,2026-09-21T07:58:31.932+00:00,2026-09-21T08:00:35.706+00:00,2026-09-21T08:00:40.166+00:00,True,72,72.0,,72.0,123774.24386300001,128234.35650300002,128234.35643400002,1781.0327282500002,41.514193,123774.24386300001,14579.534328439378,76.5967075,62.81848788732395,9.465687166417496,0.5614719952083634,21,64,,True,True,,144,59.56268577710819
78,2026-09-21T07:58:32.244+00:00,2026-09-21T08:00:37.302+00:00,2026-09-21T08:00:38.533+00:00,True,21,21.0,,21.0,125057.08056900001,126288.49996100001,126288.49992100001,6013.738091476191,43.269713,125057.08056900001,27276.258929727504,79.45582499999999,61.5709696,12.06647319151458,0.16628592473966472,21,64,,True,True,,42,59.56268577710819
79,2026-09-21T07:58:32.523+00:00,2026-09-21T08:00:38.797+00:00,2026-09-21T08:00:42.454+00:00,True,57,57.0,,57.0,126274.062022,129931.15949399999,129931.159544,2279.494027087719,40.801362999999995,126274.062022,16716.76085252006,77.956542,65.305312,9.501276503287075,0.43869384543306694,21,64,,True,True,,60,59.56268577710819
80,2026-09-21T07:58:33.442+00:00,2026-09-21T08:00:43.436+00:00,2026-09-21T08:00:45.802+00:00,True,38,38.0,,38.0,129994.196512,132359.570464,132359.570367,3483.146588605263,48.000033,129994.196512,21077.47456209715,77.34854165,63.92902572972973,9.125722999586634,0.2870967310243386,21,64,,True,True,,171,59.56268577710819
81,2026-09-21T07:58:33.512+00:00,2026-09-21T08:00:43.949+00:00,2026-09-21T08:00:47.815+00:00,True,61,61.0,,61.0,130437.560022,134303.79055,134303.790709,2201.701487032787,43.972033,130437.560022,16692.57060662393,78.973656,64.43717546666667,9.6283772332861,0.4541941798529528,21,64,,True,True,,163,59.56268577710819
82,2026-09-21T07:58:33.828+00:00,2026-09-21T08:00:46.012+00:00,2026-09-21T08:00:50.693+00:00,True,74,74.0,,74.0,132183.277293,136864.98737299998,136864.987301,1849.5268554189188,42.933673000000006,132183.277293,15358.541050336904,78.054837,64.13301479452055,8.814990909585246,0.540678820934143,21,64,,True,True,,0,59.56268577710819
83,2026-09-21T07:58:34.186+00:00,2026-09-21T08:00:47.884+00:00,2026-09-21T08:00:52.327+00:00,True,71,71.0,,71.0,133698.063704,138141.06044,138141.060574,1945.6487404788732,40.417933,133698.063704,15859.510922248866,78.08919599999999,63.47138194285715,9.174342200456751,0.5139673879283564,21,64,,True,True,,218,59.56268577710819
84,2026-09-21T07:58:34.482+00:00,2026-09-21T08:00:49.649+00:00,2026-09-21T08:00:51.581+00:00,True,31,31.0,,31.0,135166.500595,137098.56024299999,137098.560359,4422.534205129032,43.776593999999996,135166.500595,24265.054552846068,76.1049305,64.40198826666666,8.167725351458735,0.2261147013145443,21,64,,True,True,,151,59.56268577710819
85,2026-09-21T07:58:34.760+00:00,2026-09-21T08:00:50.996+00:00,2026-09-21T08:00:56.407+00:00,True,87,87.0,,87.0,136236.52966600002,141647.205378,141647.20552900003,1628.1287991839083,46.414533999999996,136236.52966600002,14599.346620309952,76.509962,62.914833860465116,8.902800606902272,0.6142020223260433,21,64,,True,True,,278,59.56268577710819
86,2026-09-21T07:58:35.079+00:00,2026-09-21T08:00:52.467+00:00,2026-09-21T08:00:57.223+00:00,True,77,77.0,,77.0,137388.460582,142144.016422,142144.016406,1846.0261870909092,39.018423000000006,137388.460582,15649.740344021067,77.615412,62.573103157894735,9.82589615010958,0.541704124719544,21,64,,True,True,,154,59.56268577710819
87,2026-09-21T07:58:35.462+00:00,2026-09-21T08:00:54.648+00:00,2026-09-21T08:00:59.056+00:00,True,72,72.0,,72.0,139185.563905,143593.387777,143593.38791299998,1994.3526099027777,42.582252999999994,139185.563905,16395.86212019652,74.78791045,62.082026366197184,9.198527731255222,0.5014158459149647,21,64,,True,True,,144,59.56268577710819
88,2026-09-21T07:58:35.918+00:00,2026-09-21T08:00:57.107+00:00,2026-09-21T08:01:00.735+00:00,True,58,58.0,,58.0,141188.681491,144817.183763,144817.1838,2496.847996551724,42.831213000000005,141188.681491,18530.626840624303,78.31178084999999,63.65793459649122,11.342207456288177,0.4005049573047883,21,64,,True,True,,290,59.56268577710819
89,2026-09-21T07:58:36.319+00:00,2026-09-21T08:00:59.197+00:00,2026-09-21T08:01:00.586+00:00,True,22,22.0,,22.0,142878.02881400002,144266.309902,144266.30971700003,6557.55953259091,38.975863,142878.02881400002,30447.60536598089,80.67882355,66.10862323809523,10.349870430762898,0.15249575604272808,21,64,,True,True,,49,59.56268577710819
90,2026-09-21T07:58:36.675+00:00,2026-09-21T08:01:00.814+00:00,2026-09-21T08:01:02.309+00:00,True,24,24.0,,24.0,144139.116977,145633.93502499998,145633.934878,6068.080619916666,43.727774,144139.116977,29409.009341930767,78.66018335,64.99208904347826,10.367098938420856,0.16479675561798207,21,64,,True,True,,51,59.56268577710819
91,2026-09-21T07:58:37.041+00:00,2026-09-21T08:01:02.706+00:00,2026-09-21T08:01:03.905+00:00,True,20,20.0,,20.0,145665.28982,146863.699804,146863.69956900002,7343.18497845,48.446343,145665.28982,32557.646116547065,7354.578479200001,63.07420968421052,8.020219336981233,0.13618069016844472,21,64,,True,True,,99,59.56268577710819
92,2026-09-21T07:58:37.503+00:00,2026-09-21T08:01:05.202+00:00,2026-09-21T08:01:05.519+00:00,True,6,6.0,,6.0,147698.644977,148015.44420899998,148015.444181,24669.24069683333,51.174474000000004,147698.644977,60271.85318035335,110791.72055649999,63.359846399999995,7.872939450622289,0.040536310464520935,21,64,,True,True,,20,59.56268577710819
93,2026-09-21T07:58:37.794+00:00,2026-09-21T08:01:06.941+00:00,2026-09-21T08:01:12.737+00:00,True,92,92.0,,92.0,149147.088268,154942.63105199998,154942.631096,1684.1590336521738,45.033193,149147.088268,15543.02196793977,77.4319115,63.68728334065934,9.65698010853777,0.5937681538990006,21,64,,True,True,,105,59.56268577710819
94,2026-09-21T07:58:38.165+00:00,2026-09-21T08:01:09.013+00:00,2026-09-21T08:01:15.268+00:00,True,99,99.0,,99.0,150847.631301,157102.568389,157102.568535,1586.8946316666666,44.296334,150847.631301,15154.346110159759,77.79731500000001,63.82588865306123,10.313240666312323,0.6301615626987533,21,64,,True,True,,272,59.56268577710819
95,2026-09-21T07:58:38.593+00:00,2026-09-21T08:01:11.594+00:00,2026-09-21T08:01:13.825+00:00,True,36,36.0,,36.0,153001.357199,155232.01396699998,155232.01407399998,4312.000390944444,48.724144,153001.357199,25489.606960108915,89.4761335,63.733050514285715,12.412535345259213,0.23191092533047383,21,64,,True,True,,72,59.56268577710819
96,2026-09-21T07:58:38.880+00:00,2026-09-21T08:01:12.985+00:00,2026-09-21T08:01:13.638+00:00,True,11,11.0,,11.0,154104.580972,154757.315948,154757.31592999998,14068.846902727273,52.140265,154104.580972,46444.600900589314,77102.93456899999,65.2734976,15.019236425653212,0.07107903062686942,21,64,,True,True,,22,59.56268577710819
97,2026-09-21T07:58:39.308+00:00,2026-09-21T08:01:15.389+00:00,2026-09-21T08:01:19.376+00:00,True,64,64.0,,64.0,156081.005926,160068.053606,160068.053504,2501.063336,42.423193,156081.005926,19502.217581986388,77.897142,63.28647111111111,10.248231278998958,0.3998299383181918,21,64,,True,True,,192,59.56268577710819
98,2026-09-21T07:58:39.758+00:00,2026-09-21T08:01:17.663+00:00,2026-09-21T08:01:20.992+00:00,True,54,54.0,,54.0,157904.48365799998,161234.242378,161234.24237599998,2985.819303259259,43.917732,157904.48365799998,21479.531796152063,77.886479,62.8256362264151,11.030898846186238,0.334916449530625,21,64,,True,True,,57,59.56268577710819
99,2026-09-21T07:58:40.092+00:00,2026-09-21T08:01:19.435+00:00,2026-09-21T08:01:25.136+00:00,True,91,91.0,,91.0,159343.248235,165043.412587,165043.412623,1813.663874978022,44.236903,159343.248235,16697.074543447052,76.330811,63.33515946666667,9.682739910733462,0.5513700824141091,21,64,,True,True,,728,59.56268577710819
100,2026-09-21T07:58:40.421+00:00,2026-09-21T08:01:21.196+00:00,2026-09-21T08:01:25.547+00:00,True,69,69.0,,69.0,160775.353172,165125.738324,165125.738351,2393.126642768116,43.455152999999996,160775.353172,19347.378342624103,75.9896204,63.97625223529412,9.149453724757354,0.41786338520171984,21,64,,True,True,,681,59.56268577710819
101,2026-09-21T07:58:40.804+00:00,2026-09-21T08:01:23.237+00:00,2026-09-21T08:01:23.690+00:00,True,8,8.0,,8.0,162432.941257,162886.378697,162886.378901,20360.797362625,49.744802,162432.941257,57405.8158236173,105608.52122245001,64.77677714285714,10.074062521761574,0.0491139901567923,21,64,,True,True,,24,59.56268577710819
102,2026-09-21T07:58:41.267+00:00,2026-09-21T08:01:25.546+00:00,2026-09-21T08:01:26.405+00:00,True,15,15.0,,15.0,164278.885613,165138.410221,165138.41019,11009.227346,48.671912,164278.885613,42400.77472630883,49336.269754299996,61.394614857142855,8.928677813669623,0.09083289575045522,21,64,,True,True,,30,59.56268577710819
103,2026-09-21T07:58:41.650+00:00,2026-09-21T08:01:27.444+00:00,2026-09-21T08:01:27.882+00:00,True,8,8.0,,8.0,165794.236336,166232.109488,166232.10944,20779.01368,49.18589299999999,165794.236336,58594.99954830009,107793.26212965,62.55330742857142,12.165077235775403,0.04812547963591538,21,64,,True,True,,16,59.56268577710819
104,2026-09-21T07:58:42.055+00:00,2026-09-21T08:01:29.224+00:00,2026-09-21T08:01:34.768+00:00,True,90,90.0,,90.0,167169.59218,172713.181044,172713.181049,1919.035344988889,42.596872000000005,167169.59218,17614.658617644924,75.00580049999999,62.28751532584269,8.590564703778828,0.521095144307902,21,64,,True,True,,270,59.56268577710819
105,2026-09-21T07:58:42.549+00:00,2026-09-21T08:01:31.890+00:00,2026-09-21T08:01:33.359+00:00,True,25,25.0,,25.0,169340.770723,170809.73225899998,170809.732422,6832.38929688,45.929241999999995,169340.770723,33855.91389454394,76.994452,61.206730666666665,8.805704663017229,0.14636168366619956,21,64,,True,True,,175,59.56268577710819
107,2026-09-21T07:58:43.592+00:00,2026-09-21T08:01:35.113+00:00,2026-09-21T08:01:35.179+00:00,True,2,2.0,,2.0,171521.17037900002,171586.95367500003,171586.95375200003,85793.47687600002,65.78337300000001,171521.17037900002,121237.26682290647,162948.40102870003,65.783296,nan,0.011655897824191032,21,64,,True,True,,8,59.56268577710819
106,2026-09-21T07:58:43.519+00:00,2026-09-21T08:01:36.321+00:00,2026-09-21T08:01:39.404+00:00,True,49,49.0,,49.0,172801.59663100002,175884.82043900003,175884.82041800002,3589.4861309795924,43.056661999999996,172801.59663100002,24676.767725077556,78.7585148,64.23382933333333,9.009683918071694,0.2785914092967111,21,64,,True,True,,49,59.56268577710819
108,2026-09-21T07:58:43.770+00:00,2026-09-21T08:01:38.192+00:00,2026-09-21T08:01:43.936+00:00,True,93,93.0,,93.0,174421.828646,180166.464294,180166.46419700002,1937.2738085698925,45.206982,174421.828646,18080.2283996781,76.759822,62.44169182608695,9.00909959054027,0.5161892939644991,21,64,,True,True,,279,59.56268577710819
109,2026-09-21T07:58:44.191+00:00,2026-09-21T08:01:40.103+00:00,2026-09-21T08:01:41.938+00:00,True,30,30.0,,30.0,175912.00462700002,177746.90817900002,177746.90823600002,5924.896941200001,49.354593,175912.00462700002,32105.44044292828,76.67077205,63.272536275862066,9.481214230793253,0.16877930709089184,21,64,,True,True,,89,59.56268577710819
110,2026-09-21T07:58:44.668+00:00,2026-09-21T08:01:42.566+00:00,2026-09-21T08:01:42.954+00:00,True,8,8.0,,8.0,177897.99603,178285.49708600002,178285.49720100002,22285.687150125003,44.364682,177897.99603,62876.86845046544,115657.46076539998,55.35729371428572,8.892637934718165,0.04487184953771658,21,64,,True,True,,16,59.56268577710819
111,2026-09-21T07:58:45.139+00:00,2026-09-21T08:01:44.822+00:00,2026-09-21T08:01:50.194+00:00,True,87,87.0,,87.0,179683.033173,185054.793813,185054.793784,2127.066595218391,43.483373,179683.033173,19257.34862067244,76.663321,62.462333023255816,8.980017252816674,0.47013102555945946,21,64,,True,True,,183,59.56268577710819
112,2026-09-21T07:58:45.538+00:00,2026-09-21T08:01:46.921+00:00,2026-09-21T08:01:51.817+00:00,True,77,77.0,,77.0,181382.901786,186278.294042,186278.29413,2419.198625064935,44.304752,181382.901786,20663.161532238068,78.31309639999999,64.413056,9.229012468464642,0.4133600234852853,21,64,,True,True,,616,59.56268577710819
113,2026-09-21T07:58:45.907+00:00,2026-09-21T08:01:48.907+00:00,2026-09-21T08:01:50.506+00:00,True,27,27.0,,27.0,182999.848854,184599.19861400002,184599.19859100002,6837.007355222223,43.969102,182999.848854,35206.500072854324,76.551543,61.513452307692305,8.598384527501741,0.1462628234722592,21,64,,True,True,,123,59.56268577710819
114,2026-09-21T07:58:46.270+00:00,2026-09-21T08:01:50.914+00:00,2026-09-21T08:01:52.766+00:00,True,30,30.0,,30.0,184643.606746,186496.37372200002,186496.373816,6216.545793866667,42.550742,184643.606746,33699.49302922693,79.05933800000001,63.8885164137931,9.35010554670709,0.16086103660503,21,64,,True,True,,33,59.56268577710819
115,2026-09-21T07:58:46.543+00:00,2026-09-21T08:01:51.876+00:00,2026-09-21T08:01:58.091+00:00,True,100,100.0,,100.0,185333.026498,191547.55500999998,191547.555234,1915.47555234,42.739252,185333.026498,18527.02749144448,76.66186699999999,62.77301527272727,8.957227097203074,0.5220635679467659,21,64,,True,True,,199,59.56268577710819
116,2026-09-21T07:58:46.935+00:00,2026-09-21T08:01:53.919+00:00,2026-09-21T08:01:56.924+00:00,True,48,48.0,,48.0,186984.073569,189989.549153,189989.549081,3958.1156058541665,44.448330999999996,186984.073569,26979.59796773638,75.965783,63.94628902127659,9.145283340212654,0.25264547557479194,21,64,,True,True,,144,59.56268577710819
117,2026-09-21T07:58:47.311+00:00,2026-09-21T08:01:55.915+00:00,2026-09-21T08:01:56.536+00:00,True,11,11.0,,11.0,188603.06453799998,189224.44898599997,189224.449171,17202.222651909087,42.238212,188603.06453799998,56847.22908722861,94339.51356599998,62.138444799999995,11.003934881640808,0.0581320228910475,21,64,,True,True,,48,59.56268577710819
118,2026-09-21T07:58:47.629+00:00,2026-09-21T08:01:57.549+00:00,2026-09-21T08:01:58.696+00:00,True,19,19.0,,19.0,189919.763343,191066.777999,191066.777855,10056.146202894737,49.662652,189919.763343,43555.96341333908,19062.6375789,63.723036444444446,7.407024450683794,0.09944167269152066,21,64,,True,True,,45,59.56268577710819
119,2026-09-21T07:58:48.088+00:00,2026-09-21T08:01:59.798+00:00,2026-09-21T08:02:00.295+00:00,True,9,9.0,,9.0,191710.555237,192207.21571699998,192207.215673,21356.357297,43.140252000000004,191710.555237,63882.8250382496,115056.6126758,62.08256,10.880462676387461,0.04682446476541923,21,64,,True,True,,84,59.56268577710819
120,2026-09-21T07:58:48.508+00:00,2026-09-21T08:02:02.582+00:00,2026-09-21T08:02:08.860+00:00,True,100,100.0,,100.0,194074.93873300002,200352.91095700001,200352.91097300002,2003.52910973,44.769663,194074.93873300002,19401.154242154644,76.6807185,63.41386084848485,8.294042606787967,0.4991192766920273,21,64,,True,True,,211,59.56268577710819
121,2026-09-21T07:58:48.981+00:00,2026-09-21T08:02:04.907+00:00,2026-09-21T08:02:10.570+00:00,True,91,91.0,,91.0,195926.81479,201588.97696600002,201588.976846,2215.263481824176,43.028373,195926.81479,20532.1174096056,75.0581645,62.91291306666667,8.07330336977105,0.45141357116638403,21,64,,True,True,,725,59.56268577710819
122,2026-09-21T07:58:49.290+00:00,2026-09-21T08:02:06.577+00:00,2026-09-21T08:02:08.603+00:00,True,33,33.0,,33.0,197287.224088,199313.83093599998,199313.830858,6039.81305630303,50.227453000000004,197287.224088,34332.27375293917,75.34404999999998,63.331464,7.651915529831528,0.16556803832944417,21,64,,True,True,,264,59.56268577710819
123,2026-09-21T07:58:49.712+00:00,2026-09-21T08:02:08.985+00:00,2026-09-21T08:02:14.255+00:00,True,85,85.0,,85.0,199273.36399399998,204543.54025,204543.540281,2406.3945915411764,44.340222999999995,199273.36399399998,21607.427787955687,77.200898,62.74019352380952,9.058784776840335,0.41555944468405187,21,64,,True,True,,425,59.56268577710819
124,2026-09-21T07:58:50.125+00:00,2026-09-21T08:02:11.292+00:00,2026-09-21T08:02:16.271+00:00,True,79,79.0,,79.0,201167.362137,206146.359897,206146.35999599998,2609.447594886076,43.478922,201167.362137,22625.916934207115,76.510638,63.83330461538461,10.092492655973034,0.3832228715533563,21,64,,True,True,,160,59.56268577710819
125,2026-09-21T07:58:50.564+00:00,2026-09-21T08:02:13.727+00:00,2026-09-21T08:02:15.049+00:00,True,23,23.0,,23.0,203162.51469299998,204484.987653,204484.98765499998,8890.651637173913,39.586072,203162.51469299998,42349.77984790379,77.29115589999999,60.112407272727275,11.310547672764965,0.1124776946414754,21,64,,True,True,,92,59.56268577710819
126,2026-09-21T07:58:50.993+00:00,2026-09-21T08:02:16.272+00:00,2026-09-21T08:02:22.359+00:00,True,97,97.0,,97.0,205278.80603600002,211366.22773200003,211366.22775600004,2179.033275835052,43.592451999999994,205278.80603600002,20836.468759812175,79.433678,63.41064266666666,9.811442726059806,0.4589191047256154,21,64,,True,True,,387,59.56268577710819
127,2026-09-21T07:58:51.407+00:00,2026-09-21T08:02:18.244+00:00,2026-09-21T08:02:22.534+00:00,True,69,69.0,,69.0,206837.246279,211127.079239,211127.07930200003,3059.8127435072465,41.938061999999995,206837.246279,24892.685715960964,79.4549032,63.08577882352942,10.073217009644893,0.3268173852861889,21,64,,True,True,,69,59.56268577710819
128,2026-09-21T07:58:51.678+00:00,2026-09-21T08:02:19.809+00:00,2026-09-21T08:02:25.100+00:00,True,86,86.0,,86.0,208131.13118599998,213421.39499399997,213421.394882,2481.6441265348835,42.923131999999995,208131.13118599998,22436.647771741325,76.53417899999998,62.23839774117647,9.63600897783342,0.40295866308257317,21,64,,True,True,,341,59.56268577710819
129,2026-09-21T07:58:52.024+00:00,2026-09-21T08:02:21.612+00:00,2026-09-21T08:02:21.998+00:00,True,7,7.0,,7.0,209587.709378,209973.849282,209973.849218,29996.264174,58.331944,209587.709378,79192.38375064795,146732.9834978,64.35665066666667,5.337666946138122,0.03333748475791778,21,64,,True,True,,33,59.56268577710819
130,2026-09-21T07:58:52.389+00:00,2026-09-21T08:02:23.572+00:00,2026-09-21T08:02:25.175+00:00,True,27,27.0,,27.0,211182.989336,212786.625304,212786.625162,7880.986117111111,43.477723,211182.989336,40630.316585275265,78.33644399999999,61.67830646153846,10.612665204630419,0.12688767426724376,21,64,,True,True,,162,59.56268577710819
131,2026-09-21T07:58:52.770+00:00,2026-09-21T08:02:25.471+00:00,2026-09-21T08:02:30.675+00:00,True,85,85.0,,85.0,212700.975369,217904.327945,217904.327797,2563.580327023529,43.819322,212700.975369,23063.942921284066,77.23977119999999,61.94467352380952,9.119973678240473,0.39007944817623985,21,64,,True,True,,255,59.56268577710819
132,2026-09-21T07:58:53.624+00:00,2026-09-21T08:02:25.941+00:00,2026-09-21T08:02:29.038+00:00,True,52,52.0,,52.0,212317.367606,215413.644342,215413.644529,4142.570087096155,40.577902,212317.367606,29434.703876324656,77.94267595000001,60.711308549019606,9.960560474652468,0.24139603672199403,21,64,,True,True,,312,59.56268577710819
133,2026-09-21T07:58:53.670+00:00,2026-09-21T08:02:28.492+00:00,2026-09-21T08:02:31.077+00:00,True,42,42.0,,42.0,214822.451015,217407.294791,217407.294747,5176.364160642857,45.478831,214822.451015,33138.09737995877,82.54330445000001,63.04497014634146,10.396907484456253,0.19318579001857242,21,64,,True,True,,122,59.56268577710819
134,2026-09-21T07:58:54.033+00:00,2026-09-21T08:02:32.220+00:00,2026-09-21T08:02:33.188+00:00,True,16,16.0,,16.0,218186.678949,219154.594213,219154.594353,13697.1621470625,46.012821,218186.678949,54530.538635196484,54606.011539499996,64.52768426666667,9.796714587467369,0.073007823803362,21,64,,True,True,,112,59.56268577710819
135,2026-09-21T07:58:54.518+00:00,2026-09-21T08:02:34.520+00:00,2026-09-21T08:02:36.846+00:00,True,37,37.0,,37.0,220001.96956,222328.02524,222328.02503,6008.865541351352,48.836541,220001.96956,36157.48039301403,84.1600222,64.61265777777777,11.067254927998698,0.16642076481387813,21,64,,True,True,,396,59.56268577710819
136,2026-09-21T07:58:54.877+00:00,2026-09-21T08:02:36.607+00:00,2026-09-21T08:02:36.789+00:00,True,4,4.0,,4.0,221730.394124,221912.31412400003,221912.314191,55478.07854775,59.137462,221730.394124,110834.87705766955,188480.1579182,60.64,1.5076100823011234,0.018025137612529614,21,64,,True,True,,8,59.56268577710819
137,2026-09-21T07:58:55.367+00:00,2026-09-21T08:02:38.810+00:00,2026-09-21T08:02:44.594+00:00,True,92,92.0,,92.0,223442.54908000003,229226.473816,229226.47390300003,2491.5921076413047,43.286671000000005,223442.54908000003,23288.871613174222,78.8605285,63.55961248351648,9.855713891047804,0.401349802526947,21,64,,True,True,,644,59.56268577710819
138,2026-09-21T07:58:55.663+00:00,2026-09-21T08:02:40.291+00:00,2026-09-21T08:02:44.068+00:00,True,59,59.0,,59.0,224628.043362,228405.391202,228405.39120399999,3871.277817016949,40.903013,224628.043362,29235.60357606029,80.680265,65.12668689655172,10.928753088314405,0.2583126417879552,21,64,,True,True,,188,59.56268577710819
139,2026-09-21T07:58:56.052+00:00,2026-09-21T08:02:42.246+00:00,2026-09-21T08:02:43.639+00:00,True,23,23.0,,23.0,226194.539621,227587.015781,227587.015939,9895.08764952174,44.228930999999996,226194.539621,47151.62532416879,80.4511299,63.29437090909091,10.989128656016133,0.10106024687336379,21,64,,True,True,,47,59.56268577710819
140,2026-09-21T07:58:56.532+00:00,2026-09-21T08:02:44.952+00:00,2026-09-21T08:02:50.841+00:00,True,94,94.0,,94.0,228420.26417500002,234308.88676700002,234308.886781,2492.647731712766,42.504851,228420.26417500002,23553.22247354793,77.755778,63.31852249462365,9.576408361875677,0.4011798327285593,21,64,,True,True,,188,59.56268577710819
141,2026-09-21T07:58:56.815+00:00,2026-09-21T08:02:46.671+00:00,2026-09-21T08:02:52.809+00:00,True,99,99.0,,99.0,229856.56931700002,235993.90077300003,235993.900731,2383.7767750606063,40.921921000000005,229856.56931700002,23095.16216403441,76.0887082,62.62583118367347,9.3464370067097,0.41950236711933936,21,64,,True,True,,396,59.56268577710819
142,2026-09-21T07:58:57.092+00:00,2026-09-21T08:02:47.640+00:00,2026-09-21T08:02:53.852+00:00,True,100,100.0,,100.0,230548.407521,236760.39804899998,236760.39803799998,2367.60398038,41.104062,230548.407521,23048.56773701609,77.32288444999999,62.74737907070707,8.956943115840282,0.42236793325251965,21,64,,True,True,,400,59.56268577710819
143,2026-09-21T07:58:57.435+00:00,2026-09-21T08:02:49.592+00:00,2026-09-21T08:02:52.527+00:00,True,49,49.0,,49.0,232156.444533,235092.307317,235092.307408,4797.802192,42.825592,232156.444533,33156.470139553414,77.0544998,61.163808,9.960116224594989,0.20842876808354294,21,64,,True,True,,294,59.56268577710819
144,2026-09-21T07:58:57.874+00:00,2026-09-21T08:02:51.908+00:00,2026-09-21T08:02:54.847+00:00,True,47,47.0,,47.0,234034.581669,236973.56150900002,236973.56156200002,5041.990671531915,40.673322,234034.581669,34128.134248232855,79.7353167,63.89086608695652,9.966681112698302,0.19833436143978864,21,64,,True,True,,188,59.56268577710819
145,2026-09-21T07:58:58.219+00:00,2026-09-21T08:02:53.856+00:00,2026-09-21T08:02:58.324+00:00,True,72,72.0,,72.0,235636.97599099998,240105.06098299997,240105.061019,3334.7925141527776,41.327981,235636.97599099998,27762.668890777844,77.4770535,62.93077453521126,8.93270402638797,0.2998687312346897,21,64,,True,True,,214,59.56268577710819
146,2026-09-21T07:58:58.561+00:00,2026-09-21T08:02:55.597+00:00,2026-09-21T08:02:57.113+00:00,True,26,26.0,,26.0,237036.169383,238552.267687,238552.267701,9175.087219269231,43.624383,237036.169383,46474.72502069027,76.447519,60.64393216,9.056062289163025,0.10899078953260724,21,64,,True,True,,204,59.56268577710819
147,2026-09-21T07:58:58.982+00:00,2026-09-21T08:02:57.995+00:00,2026-09-21T08:03:03.150+00:00,True,83,83.0,,83.0,239012.482387,244167.737171,244167.737278,2941.779967204819,41.026272,239012.482387,26228.12925328309,76.9349729,62.868960780487804,9.670029213033528,0.33993025025198936,21,64,,True,True,,332,59.56268577710819
148,2026-09-21T07:58:59.365+00:00,2026-09-21T08:02:59.973+00:00,2026-09-21T08:03:04.384+00:00,True,70,70.0,,70.0,240608.64737700002,245018.700753,245018.70088100003,3500.2671554428575,44.908491999999995,240608.64737700002,28750.596134159434,76.76049195,63.91381704347826,9.027735288347575,0.2856924789204806,21,64,,True,True,,280,59.56268577710819
149,2026-09-21T07:58:59.696+00:00,2026-09-21T08:03:01.576+00:00,2026-09-21T08:03:04.695+00:00,True,50,50.0,,50.0,241879.761099,244998.848459,244998.848368,4899.97696736,46.817422,241879.761099,34197.9630922294,78.11783899999999,63.65484408163265,9.835038712885288,0.20408259187539565,21,64,,True,True,,100,59.56268577710819
150,2026-09-21T07:59:00.183+00:00,2026-09-21T08:03:04.049+00:00,2026-09-21T08:03:06.922+00:00,True,45,45.0,,45.0,243865.613004,246738.653132,246738.65324500002,5483.0811832222225,46.528211000000006,243865.613004,36343.60640170305,76.5907008,65.29636654545455,8.651256890727522,0.182379207427731,21,64,,True,True,,90,59.56268577710819
151,2026-09-21T07:59:00.472+00:00,2026-09-21T08:03:05.655+00:00,2026-09-21T08:03:11.868+00:00,True,98,98.0,,98.0,245183.369291,251396.00109900002,251396.000979,2565.265316112245,42.886641000000004,245183.369291,24760.79245782337,77.521466,64.04775059793815,9.543993278770406,0.38982322539572734,21,64,,True,True,,360,59.56268577710819
152,2026-09-21T07:59:00.955+00:00,2026-09-21T08:03:08.212+00:00,2026-09-21T08:03:11.817+00:00,True,58,58.0,,58.0,247257.001021,250861.600829,250861.600797,4325.20001374138,45.760760999999995,247257.001021,32458.132453306396,77.25376965000001,63.23859312280702,9.20967221294823,0.2312031805917389,21,64,,True,True,,284,59.56268577710819
153,2026-09-21T07:59:01.433+00:00,2026-09-21T08:03:09.716+00:00,2026-09-21T08:03:14.565+00:00,True,77,77.0,,77.0,248282.705223,253132.332359,253132.332553,3287.4328902987013,44.191221,248282.705223,28287.170009073383,77.903235,63.81088336842105,9.936493868499026,0.30418871932486385,21,64,,True,True,,462,59.56268577710819
154,2026-09-21T07:59:01.801+00:00,2026-09-21T08:03:11.433+00:00,2026-09-21T08:03:17.168+00:00,True,92,92.0,,92.0,249631.433777,255367.222577,255367.222517,2775.7306795326085,44.273432,249631.433777,26019.30638033939,76.17894895,63.03064615384615,9.477956798405424,0.36026549950927844,21,64,,True,True,,1190,59.56268577710819
155,2026-09-21T07:59:02.280+00:00,2026-09-21T08:03:15.020+00:00,2026-09-21T08:03:15.595+00:00,True,10,10.0,,10.0,252739.854072,253315.28293599997,253315.283041,25331.5283041,41.185651,252739.854072,79903.1415980035,139040.6382045,63.93654044444445,11.011381852569176,0.0394764969728514,21,64,,True,True,,28,59.56268577710819
156,2026-09-21T07:59:02.568+00:00,2026-09-21T08:03:16.325+00:00,2026-09-21T08:03:17.535+00:00,True,21,21.0,,21.0,253757.751628,254967.38209199999,254967.38217,12141.303912857144,46.230052,253757.751628,55361.28361199271,75.04926300000001,60.481523200000005,8.164554809751372,0.08236347656588701,21,64,,True,True,,84,59.56268577710819
157,2026-09-21T07:59:02.873+00:00,2026-09-21T08:03:18.165+00:00,2026-09-21T08:03:22.519+00:00,True,69,69.0,,69.0,255292.35407,259646.318102,259646.317934,3762.9901149855073,41.332332,255292.35407,30725.881638656036,79.201829,64.02888282352941,11.109960113506993,0.26574611380737506,21,64,,True,True,,414,59.56268577710819
158,2026-09-21T07:59:03.215+00:00,2026-09-21T08:03:20.073+00:00,2026-09-21T08:03:20.604+00:00,True,10,10.0,,10.0,256858.06670199998,257388.71681399998,257388.71696,25738.871696,44.176162,256858.06670199998,81207.00804690295,141304.652002,58.96112355555555,10.292995905742593,0.03885174192474966,21,64,,True,True,,50,59.56268577710819
159,2026-09-21T07:59:03.509+00:00,2026-09-21T08:03:21.744+00:00,2026-09-21T08:03:23.688+00:00,True,31,31.0,,31.0,258234.41454,260178.368972,260178.368919,8392.850610290323,42.261302,258234.41454,46368.63285411014,77.546648,64.79848106666667,9.73269256175379,0.11914902888539583,21,64,,True,True,,0,59.56268577710819
160,2026-09-21T07:59:03.815+00:00,2026-09-21T08:03:23.155+00:00,2026-09-21T08:03:27.803+00:00,True,75,75.0,,75.0,259339.77150799998,263988.073332,263988.073361,3519.840978146666,42.263002,259339.77150799998,29938.72561141629,76.768044,62.81488951351351,9.451694636184346,0.2841037439811819,21,64,,True,True,,325,59.56268577710819
161,2026-09-21T07:59:04.154+00:00,2026-09-21T08:03:24.719+00:00,2026-09-21T08:03:27.425+00:00,True,44,44.0,,44.0,260564.395938,263270.687906,263270.688073,5983.424728931818,42.981982,260564.395938,39272.07377419909,78.5653165,62.9370225116279,9.838578177714096,0.16712836643519563,21,64,,True,True,,300,59.56268577710819
162,2026-09-21T07:59:04.525+00:00,2026-09-21T08:03:26.754+00:00,2026-09-21T08:03:32.218+00:00,True,87,87.0,,87.0,262228.4927,267693.375644,267693.375724,3076.9353531494253,44.114691,262228.4927,28107.034343145286,78.03351199999999,63.5451505116279,9.824205621477358,0.32499870342589104,21,64,,True,True,,261,59.56268577710819
163,2026-09-21T07:59:05.596+00:00,2026-09-21T08:03:28.159+00:00,2026-09-21T08:03:30.205+00:00,True,34,34.0,,34.0,262562.514278,264608.81648599997,264608.81642,7782.612247647058,42.312142,262562.514278,45018.466318390056,76.4747465,62.00915781818182,10.0636187604021,0.12849156143593154,21,64,,True,True,,75,59.56268577710819
164,2026-09-21T07:59:05.642+00:00,2026-09-21T08:03:31.829+00:00,2026-09-21T08:03:34.617+00:00,True,45,45.0,,45.0,266186.75283,268974.403902,268974.404029,5977.208978422223,45.011511,266186.75283,39671.33473033317,78.154497,63.35570618181818,8.886242735699716,0.16730216461933534,21,64,,True,True,,48,59.56268577710819
165,2026-09-21T07:59:05.792+00:00,2026-09-21T08:03:32.470+00:00,2026-09-21T08:03:38.750+00:00,True,100,100.0,,100.0,266678.314989,272957.883629,272957.88349,2729.5788349,43.897731,266678.314989,26661.490207451734,78.02431050000001,63.42998626262626,9.589217840352052,0.3663568850640651,21,64,,True,True,,200,59.56268577710819
166,2026-09-21T07:59:06.128+00:00,2026-09-21T08:03:35.503+00:00,2026-09-21T08:03:37.734+00:00,True,36,36.0,,36.0,269374.235367,271605.084391,271605.084344,7544.585676222222,47.269881,269374.235367,44885.08380425355,79.27936425,63.73854354285714,9.613614892598433,0.13254538323802054,21,64,,True,True,,78,59.56268577710819
167,2026-09-21T07:59:06.496+00:00,2026-09-21T08:03:37.425+00:00,2026-09-21T08:03:41.276+00:00,True,61,61.0,,61.0,270928.958159,274779.98305499996,274779.98306,4504.589886229508,44.359311,270928.958159,34680.68224709642,78.962722,64.18374826666667,10.781138509340426,0.22199579213086362,21,64,,True,True,,357,59.56268577710819
168,2026-09-21T07:59:06.973+00:00,2026-09-21T08:03:39.850+00:00,2026-09-21T08:03:44.635+00:00,True,75,75.0,,75.0,272876.24856,277661.473264,277661.47310999996,3702.1529748,47.148531000000006,272876.24856,31501.570070938207,79.3327127,64.6651987027027,10.876717326602023,0.27011309533998673,21,64,,True,True,,512,59.56268577710819
169,2026-09-21T07:59:07.411+00:00,2026-09-21T08:03:42.103+00:00,2026-09-21T08:03:42.447+00:00,True,6,6.0,,6.0,274691.77359,275035.710614,275035.710679,45839.28511316667,61.102142,274691.77359,112114.36477317441,206038.0561855,68.78740479999999,6.403354447376719,0.02181534894725262,21,64,,True,True,,30,59.56268577710819
170,2026-09-21T07:59:07.827+00:00,2026-09-21T08:03:44.484+00:00,2026-09-21T08:03:49.937+00:00,True,87,87.0,,87.0,276656.77789800003,282109.81905000005,282109.81900200003,3242.641597724138,42.726901,276656.77789800003,29653.92339333353,79.01254829999999,63.40745525581396,9.304641624937105,0.3083905419987542,21,64,,True,True,,609,59.56268577710819
171,2026-09-21T07:59:08.195+00:00,2026-09-21T08:03:46.133+00:00,2026-09-21T08:03:48.072+00:00,True,33,33.0,,33.0,277938.451445,279876.653045,279876.65284500003,8481.110692272729,43.254051,277938.451445,48372.33122447031,77.81640540000001,60.5688,8.772532964446375,0.11790908473774728,21,64,,True,True,,65,59.56268577710819
172,2026-09-21T07:59:08.549+00:00,2026-09-21T08:03:48.140+00:00,2026-09-21T08:03:51.878+00:00,True,59,59.0,,59.0,279591.28003100003,283329.549215,283329.549369,4802.19575201695,47.352391000000004,279591.28003100003,36391.29423498418,77.14829800000001,64.45291696551723,8.706003891580522,0.208238075285359,21,64,,True,True,,368,59.56268577710819
173,2026-09-21T07:59:08.992+00:00,2026-09-21T08:03:50.268+00:00,2026-09-21T08:03:55.760+00:00,True,87,87.0,,87.0,281275.706999,286767.612791,286767.61283399997,3296.179457862069,43.191981,281275.706999,30149.076223303757,76.828596,63.85936967441861,9.707098018973136,0.30338154003257944,21,64,,True,True,,178,59.56268577710819
174,2026-09-21T07:59:09.469+00:00,2026-09-21T08:03:52.881+00:00,2026-09-21T08:03:58.892+00:00,True,96,96.0,,96.0,283412.47796399996,289423.40353199997,289423.40332999994,3014.827118020833,41.326260999999995,283412.47796399996,28919.208813223904,77.87307374999999,63.272900715789476,9.880646722415728,0.3316939778485668,21,64,,True,True,,195,59.56268577710819
176,2026-09-21T07:59:10.426+00:00,2026-09-21T08:03:55.394+00:00,2026-09-21T08:04:01.169+00:00,True,92,92.0,,92.0,284967.725378,290742.710338,290742.710529,3160.246853576087,45.459671,284967.725378,29703.324269722503,77.399204,63.461373186813184,9.281824375984513,0.3164309773856285,21,64,,True,True,,116,59.56268577710819
177,2026-09-21T07:59:10.755+00:00,2026-09-21T08:03:57.207+00:00,2026-09-21T08:03:58.753+00:00,True,26,26.0,,26.0,286452.358731,287998.337611,287998.337573,11076.859137423076,49.475401,286452.358731,56165.80255540952,76.56188374999999,61.8391552,9.151201865207142,0.09027829888073263,21,64,,True,True,,176,59.56268577710819
175,2026-09-21T07:59:09.939+00:00,2026-09-21T08:03:58.815+00:00,2026-09-21T08:03:59.414+00:00,True,10,10.0,,10.0,288875.936689,289475.164337,289475.164432,28947.5164432,48.755901,288875.936689,91329.53789689761,158917.89884335,66.58084977777777,10.120465846025688,0.03454527790977689,21,64,,True,True,,21,59.56268577710819
178,2026-09-21T07:59:11.214+00:00,2026-09-21T08:04:01.000+00:00,2026-09-21T08:04:02.386+00:00,True,23,23.0,,23.0,289785.93760299997,291171.54400299996,291171.54377199995,12659.632337913043,52.069821000000005,289785.93760299997,60411.41281625365,76.20513890000001,62.98210909090909,8.037437682227617,0.07899123548887398,21,64,,True,True,,92,59.56268577710819
179,2026-09-21T07:59:11.650+00:00,2026-09-21T08:04:03.991+00:00,2026-09-21T08:04:04.665+00:00,True,12,12.0,,12.0,292341.35507,293014.660414,293014.660304,24417.888358666667,53.167621,292341.35507,84374.01075373821,131595.9360556,61.209576727272726,8.736523550976523,0.04095358226460484,21,64,,True,True,,35,59.56268577710819
180,2026-09-21T07:59:11.945+00:00,2026-09-21T08:04:05.709+00:00,2026-09-21T08:04:10.892+00:00,True,83,83.0,,83.0,293764.618798,298947.410734,298947.410866,3601.7760345301203,43.650991000000005,293764.618798,32237.919741328576,78.8327951,63.20477970731708,9.46966706086384,0.2776408057732016,21,64,,True,True,,501,59.56268577710819
181,2026-09-21T07:59:12.439+00:00,2026-09-21T08:04:08.351+00:00,2026-09-21T08:04:11.602+00:00,True,52,52.0,,52.0,295912.09151,299163.38111,299163.380958,5753.1419415,41.916430999999996,295912.09151,41026.78442011337,78.89963355,63.750776470588235,10.249763922463826,0.1738180649217894,21,64,,True,True,,58,59.56268577710819
182,2026-09-21T07:59:12.877+00:00,2026-09-21T08:04:10.702+00:00,2026-09-21T08:04:11.542+00:00,True,14,14.0,,14.0,297824.60073,298664.65321,298664.653038,21333.189502714285,50.069441,297824.60073,79579.7028630804,104290.47016165,64.61942153846154,8.937016371849916,0.046875316009210445,21,64,,True,True,,42,59.56268577710819
183,2026-09-21T07:59:13.181+00:00,2026-09-21T08:04:12.258+00:00,2026-09-21T08:04:13.212+00:00,False,18,17.0,,17.0,299076.918947,300030.723491,300030.723597,16668.373533166665,0.02536,299076.918947,70479.8833518375,44926.58976325,56.10614964705882,16.74274041634135,0.05666086393485615,21,64,,True,False,Request timeout: 300.0s exceeded,187,59.56268577710819
184,2026-09-21T07:59:13.453+00:00,2026-09-21T08:04:13.471+00:00,2026-09-21T08:04:13.471+00:00,False,1,0.0,,0.0,300018.205288,300018.205288,300018.205288,300018.205288,300018.205288,300018.205288,nan,300018.205288,nan,nan,0.0,21,64,,True,False,"HTTPConnectionPool(host='gpu06', port=9004): Read timed out.",0,59.56268577710819
185,2026-09-21T07:59:13.770+00:00,2026-09-21T08:04:13.858+00:00,2026-09-21T08:04:13.858+00:00,False,1,0.0,,0.0,300087.66451800003,300087.66451800003,300087.66451800003,300087.66451800003,300087.66451800003,300087.66451800003,nan,300087.66451800003,nan,nan,0.0,21,64,,True,False,"HTTPConnectionPool(host='gpu06', port=9004): Read timed out.",0,59.56268577710819
186,2026-09-21T07:59:14.196+00:00,2026-09-21T08:04:14.278+00:00,2026-09-21T08:04:14.278+00:00,False,1,0.0,,0.0,300082.332099,300082.332099,300082.332099,300082.332099,300082.332099,300082.332099,nan,300082.332099,nan,nan,0.0,21,64,,True,False,"HTTPConnectionPool(host='gpu06', port=9004): Read timed out.",0,59.56268577710819
187,2026-09-21T07:59:14.635+00:00,2026-09-21T08:04:14.751+00:00,2026-09-21T08:04:14.751+00:00,False,1,0.0,,0.0,300115.809491,300115.809491,300115.809491,300115.809491,300115.809491,300115.809491,nan,300115.809491,nan,nan,0.0,21,64,,True,False,"HTTPConnectionPool(host='gpu06', port=9004): Read timed out.",0,59.56268577710819
188,2026-09-21T07:59:15.012+00:00,2026-09-21T08:04:15.081+00:00,2026-09-21T08:04:15.081+00:00,False,1,0.0,,0.0,300068.808504,300068.808504,300068.808504,300068.808504,300068.808504,300068.808504,nan,300068.808504,nan,nan,0.0,21,64,,True,False,"HTTPConnectionPool(host='gpu06', port=9004): Read timed out.",0,59.56268577710819
189,2026-09-21T07:59:15.458+00:00,2026-09-21T08:04:15.488+00:00,2026-09-21T08:04:15.488+00:00,False,1,0.0,,0.0,300030.66761299997,300030.66761299997,300030.66761299997,300030.66761299997,300030.66761299997,300030.66761299997,nan,300030.66761299997,nan,nan,0.0,21,64,,True,False,TTFT timeout: 300.0s exceeded (TTFT: 300.023s),0,59.56268577710819
190,2026-09-21T07:59:15.947+00:00,2026-09-21T08:04:15.977+00:00,2026-09-21T08:04:15.977+00:00,False,1,0.0,,0.0,300029.51232,300029.51232,300029.51232,300029.51232,300029.51232,300029.51232,nan,300029.51232,nan,nan,0.0,21,64,,True,False,"HTTPConnectionPool(host='gpu06', port=9004): Read timed out.",0,59.56268577710819
191,2026-09-21T07:59:16.276+00:00,2026-09-21T08:04:16.379+00:00,2026-09-21T08:04:16.379+00:00,False,1,0.0,,0.0,300103.3002,300103.3002,300103.3002,300103.3002,300103.3002,300103.3002,nan,300103.3002,nan,nan,0.0,21,64,,True,False,"HTTPConnectionPool(host='gpu06', port=9004): Read timed out.",0,59.56268577710819
192,2026-09-21T07:59:16.619+00:00,2026-09-21T08:04:16.680+00:00,2026-09-21T08:04:16.680+00:00,False,1,0.0,,0.0,300060.921906,300060.921906,300060.921906,300060.921906,300060.921906,300060.921906,nan,300060.921906,nan,nan,0.0,21,64,,True,False,"HTTPConnectionPool(host='gpu06', port=9004): Read timed out.",0,59.56268577710819
193,2026-09-21T07:59:16.900+00:00,2026-09-21T08:04:17.017+00:00,2026-09-21T08:04:17.017+00:00,False,1,0.0,,0.0,300117.13753899996,300117.13753899996,300117.13753899996,300117.13753899996,300117.13753899996,300117.13753899996,nan,300117.13753899996,nan,nan,0.0,21,64,,True,False,"HTTPConnectionPool(host='gpu06', port=9004): Read timed out.",0,59.56268577710819
194,2026-09-21T07:59:17.342+00:00,2026-09-21T08:04:17.342+00:00,2026-09-21T08:04:17.548+00:00,False,3,2.0,,2.0,300000.29782700003,300206.23702700005,300206.236831,100068.74561033334,0.032729999999999995,300000.29782700003,173145.83383611435,270020.85867170006,102.9696,145.57466388212083,0.006662086770103059,21,64,,True,False,Request timeout: 300.0s exceeded,10,59.56268577710819
195,2026-09-21T07:59:17.800+00:00,2026-09-21T08:04:17.805+00:00,2026-09-21T08:04:17.805+00:00,False,1,0.0,,0.0,300005.11700599996,300005.11700599996,300005.11700599996,300005.11700599996,300005.11700599996,300005.11700599996,nan,300005.11700599996,nan,nan,0.0,21,64,,True,False,TTFT timeout: 300.0s exceeded (TTFT: 300.001s),0,59.56268577710819
196,2026-09-21T07:59:18.222+00:00,2026-09-21T08:04:18.338+00:00,2026-09-21T08:04:18.338+00:00,False,1,0.0,,0.0,300116.09807999997,300116.09807999997,300116.09807999997,300116.09807999997,300116.09807999997,300116.09807999997,nan,300116.09807999997,nan,nan,0.0,21,64,,True,False,"HTTPConnectionPool(host='gpu06', port=9004): Read timed out.",0,59.56268577710819
198,2026-09-21T07:59:19.428+00:00,2026-09-21T08:04:18.820+00:00,2026-09-21T08:04:19.640+00:00,False,13,12.0,,12.0,299392.59384399996,300212.53393999994,300212.53392099997,23093.27184007692,0.02573,299392.59384399996,83017.62029684683,119827.29773139999,68.32834133333333,32.66755034796939,0.03997168220297658,21,64,,True,False,Request timeout: 300.0s exceeded,25,59.56268577710819
200,2026-09-21T07:59:19.832+00:00,2026-09-21T08:04:20.040+00:00,2026-09-21T08:04:20.040+00:00,False,1,0.0,,0.0,300208.50272399996,300208.50272399996,300208.50272399996,300208.50272399996,300208.50272399996,300208.50272399996,nan,300208.50272399996,nan,nan,0.0,21,64,,True,False,"HTTPConnectionPool(host='gpu06', port=9004): Read timed out.",0,59.56268577710819
199,2026-09-21T07:59:19.813+00:00,2026-09-21T08:04:20.040+00:00,2026-09-21T08:04:20.040+00:00,False,1,0.0,,0.0,300227.506895,300227.506895,300227.506895,300227.506895,300227.506895,300227.506895,nan,300227.506895,nan,nan,0.0,21,64,,True,False,"HTTPConnectionPool(host='gpu06', port=9004): Read timed out.",0,59.56268577710819
197,2026-09-21T07:59:19.315+00:00,2026-09-21T08:04:20.789+00:00,2026-09-21T08:04:21.358+00:00,False,8,7.0,,7.0,301474.09498500003,302043.15533700003,302043.15534700005,37755.394418375006,0.03033,301474.09498500003,106558.4585159455,196020.10824515004,81.294336,54.50108184639293,0.02317549620414294,21,64,,True,False,Request timeout: 300.0s exceeded,42,59.56268577710819
201,2026-09-21T07:59:20.173+00:00,2026-09-21T08:04:21.210+00:00,2026-09-21T08:04:21.405+00:00,False,5,4.0,,4.0,301037.095999,301231.351615,301231.351653,60246.270330600004,0.04391,301037.095999,134606.16881813676,240850.65615160004,48.563904,43.12003817612163,0.013278830302870831,21,64,,True,False,Request timeout: 300.0s exceeded,16,59.56268577710819
204,2026-09-21T07:59:21.418+00:00,2026-09-21T08:04:21.525+00:00,2026-09-21T08:04:21.525+00:00,False,1,0.0,,0.0,300106.661446,300106.661446,300106.661446,300106.661446,300106.661446,300106.661446,nan,300106.661446,nan,nan,0.0,21,64,,True,False,"HTTPConnectionPool(host='gpu06', port=9004): Read timed out.",0,59.56268577710819
205,2026-09-21T07:59:21.727+00:00,2026-09-21T08:04:21.897+00:00,2026-09-21T08:04:21.897+00:00,False,1,0.0,,0.0,300169.744306,300169.744306,300169.744306,300169.744306,300169.744306,300169.744306,nan,300169.744306,nan,nan,0.0,21,64,,True,False,"HTTPConnectionPool(host='gpu06', port=9004): Read timed out.",0,59.56268577710819
202,2026-09-21T07:59:20.611+00:00,2026-09-21T08:04:21.898+00:00,2026-09-21T08:04:21.898+00:00,False,1,0.0,,0.0,301287.62866399996,301287.62866399996,301287.62866399996,301287.62866399996,301287.62866399996,301287.62866399996,nan,301287.62866399996,nan,nan,0.0,21,64,,True,False,"HTTPConnectionPool(host='gpu06', port=9004): Read timed out.",0,59.56268577710819
208,2026-09-21T07:59:23.109+00:00,2026-09-21T08:04:23.276+00:00,2026-09-21T08:04:23.276+00:00,False,1,0.0,,0.0,300166.18416299997,300166.18416299997,300166.18416299997,300166.18416299997,300166.18416299997,300166.18416299997,nan,300166.18416299997,nan,nan,0.0,21,64,,True,False,"HTTPConnectionPool(host='gpu06', port=9004): Read timed out.",0,59.56268577710819
207,2026-09-21T07:59:22.628+00:00,2026-09-21T08:04:23.294+00:00,2026-09-21T08:04:23.294+00:00,False,1,0.0,,0.0,300665.528427,300665.528427,300665.528427,300665.528427,300665.528427,300665.528427,nan,300665.528427,nan,nan,0.0,21,64,,True,False,"HTTPConnectionPool(host='gpu06', port=9004): Read timed out.",0,59.56268577710819
206,2026-09-21T07:59:22.180+00:00,2026-09-21T08:04:23.300+00:00,2026-09-21T08:04:23.300+00:00,False,1,0.0,,0.0,301119.70695599995,301119.70695599995,301119.70695599995,301119.70695599995,301119.70695599995,301119.70695599995,nan,301119.70695599995,nan,nan,0.0,21,64,,True,False,"HTTPConnectionPool(host='gpu06', port=9004): Read timed out.",0,59.56268577710819
203,2026-09-21T07:59:20.961+00:00,2026-09-21T08:04:23.316+00:00,2026-09-21T08:04:23.316+00:00,False,1,0.0,,0.0,302355.01462300005,302355.01462300005,302355.01462300005,302355.01462300005,302355.01462300005,302355.01462300005,nan,302355.01462300005,nan,nan,0.0,21,64,,True,False,"HTTPConnectionPool(host='gpu06', port=9004): Read timed out.",0,59.56268577710819
209,2026-09-21T07:59:23.589+00:00,2026-09-21T08:04:23.612+00:00,2026-09-21T08:04:23.612+00:00,False,1,0.0,,0.0,300022.068398,300022.068398,300022.068398,300022.068398,300022.068398,300022.068398,nan,300022.068398,nan,nan,0.0,21,64,,True,False,"HTTPConnectionPool(host='gpu06', port=9004): Read timed out.",0,59.56268577710819
210,2026-09-21T07:59:23.955+00:00,2026-09-21T08:04:23.969+00:00,2026-09-21T08:04:23.969+00:00,False,1,0.0,,0.0,300014.007564,300014.007564,300014.007564,300014.007564,300014.007564,300014.007564,nan,300014.007564,nan,nan,0.0,21,64,,True,False,"HTTPConnectionPool(host='gpu06', port=9004): Read timed out.",0,59.56268577710819
211,2026-09-21T07:59:24.285+00:00,2026-09-21T08:04:24.394+00:00,2026-09-21T08:04:24.394+00:00,False,1,0.0,,0.0,300109.35267299996,300109.35267299996,300109.35267299996,300109.35267299996,300109.35267299996,300109.35267299996,nan,300109.35267299996,nan,nan,0.0,21,64,,True,False,"HTTPConnectionPool(host='gpu06', port=9004): Read timed out.",0,59.56268577710819
212,2026-09-21T07:59:24.714+00:00,2026-09-21T08:04:24.817+00:00,2026-09-21T08:04:24.817+00:00,False,1,0.0,,0.0,300102.68575400003,300102.68575400003,300102.68575400003,300102.68575400003,300102.68575400003,300102.68575400003,nan,300102.68575400003,nan,nan,0.0,21,64,,True,False,"HTTPConnectionPool(host='gpu06', port=9004): Read timed out.",0,59.56268577710819
213,2026-09-21T07:59:25.024+00:00,2026-09-21T08:04:25.135+00:00,2026-09-21T08:04:25.135+00:00,False,1,0.0,,0.0,300111.56953399995,300111.56953399995,300111.56953399995,300111.56953399995,300111.56953399995,300111.56953399995,nan,300111.56953399995,nan,nan,0.0,21,64,,True,False,TTFT timeout: 300.0s exceeded (TTFT: 300.100s),0,59.56268577710819
214,2026-09-21T07:59:25.382+00:00,2026-09-21T08:04:25.488+00:00,2026-09-21T08:04:25.488+00:00,False,1,0.0,,0.0,300105.787429,300105.787429,300105.787429,300105.787429,300105.787429,300105.787429,nan,300105.787429,nan,nan,0.0,21,64,,True,False,"HTTPConnectionPool(host='gpu06', port=9004): Read timed out.",0,59.56268577710819
215,2026-09-21T07:59:25.688+00:00,2026-09-21T08:04:25.641+00:00,2026-09-21T08:04:25.716+00:00,False,3,2.0,,2.0,299952.78988700005,300028.362879,300028.36290800007,100009.45430266668,0.15424000000000002,299952.78988700005,173156.01202277036,269965.05277640006,37.786496,53.2198657985603,0.006666036440050136,21,64,,True,False,Request timeout: 300.0s exceeded,2,59.56268577710819
216,2026-09-21T07:59:26.142+00:00,2026-09-21T08:04:26.240+00:00,2026-09-21T08:04:26.240+00:00,False,1,0.0,,0.0,300098.21872899996,300098.21872899996,300098.21872899996,300098.21872899996,300098.21872899996,300098.21872899996,nan,300098.21872899996,nan,nan,0.0,21,64,,True,False,"HTTPConnectionPool(host='gpu06', port=9004): Read timed out.",0,59.56268577710819
217,2026-09-21T07:59:26.455+00:00,2026-09-21T08:04:26.568+00:00,2026-09-21T08:04:26.568+00:00,False,1,0.0,,0.0,300113.059908,300113.059908,300113.059908,300113.059908,300113.059908,300113.059908,nan,300113.059908,nan,nan,0.0,21,64,,True,False,"HTTPConnectionPool(host='gpu06', port=9004): Read timed out.",0,59.56268577710819
218,2026-09-21T07:59:26.778+00:00,2026-09-21T08:04:26.888+00:00,2026-09-21T08:04:26.888+00:00,False,1,0.0,,0.0,300109.86383700004,300109.86383700004,300109.86383700004,300109.86383700004,300109.86383700004,300109.86383700004,nan,300109.86383700004,nan,nan,0.0,21,64,,True,False,"HTTPConnectionPool(host='gpu06', port=9004): Read timed out.",0,59.56268577710819
219,2026-09-21T07:59:27.266+00:00,2026-09-21T08:04:27.288+00:00,2026-09-21T08:04:27.288+00:00,False,1,0.0,,0.0,300022.076592,300022.076592,300022.076592,300022.076592,300022.076592,300022.076592,nan,300022.076592,nan,nan,0.0,21,64,,True,False,TTFT timeout: 300.0s exceeded (TTFT: 300.008s),0,59.56268577710819
220,2026-09-21T07:59:27.741+00:00,2026-09-21T08:04:27.764+00:00,2026-09-21T08:04:27.764+00:00,False,1,0.0,,0.0,300023.62798,300023.62798,300023.62798,300023.62798,300023.62798,300023.62798,nan,300023.62798,nan,nan,0.0,21,64,,True,False,TTFT timeout: 300.0s exceeded (TTFT: 300.016s),0,59.56268577710819
221,2026-09-21T07:59:28.128+00:00,2026-09-21T08:04:28.191+00:00,2026-09-21T08:04:28.191+00:00,False,1,0.0,,0.0,300062.644575,300062.644575,300062.644575,300062.644575,300062.644575,300062.644575,nan,300062.644575,nan,nan,0.0,21,64,,True,False,"HTTPConnectionPool(host='gpu06', port=9004): Read timed out.",0,59.56268577710819
222,2026-09-21T07:59:28.596+00:00,2026-09-21T08:04:28.698+00:00,2026-09-21T08:04:28.698+00:00,False,1,0.0,,0.0,300101.998025,300101.998025,300101.998025,300101.998025,300101.998025,300101.998025,nan,300101.998025,nan,nan,0.0,21,64,,True,False,"HTTPConnectionPool(host='gpu06', port=9004): Read timed out.",0,59.56268577710819
223,2026-09-21T07:59:29.054+00:00,2026-09-21T08:04:29.157+00:00,2026-09-21T08:04:29.157+00:00,False,1,0.0,,0.0,300102.848814,300102.848814,300102.848814,300102.848814,300102.848814,300102.848814,nan,300102.848814,nan,nan,0.0,21,64,,True,False,"HTTPConnectionPool(host='gpu06', port=9004): Read timed out.",0,59.56268577710819
224,2026-09-21T07:59:29.544+00:00,2026-09-21T08:04:29.607+00:00,2026-09-21T08:04:29.607+00:00,False,1,0.0,,0.0,300062.01502999995,300062.01502999995,300062.01502999995,300062.01502999995,300062.01502999995,300062.01502999995,nan,300062.01502999995,nan,nan,0.0,21,64,,True,False,TTFT timeout: 300.0s exceeded (TTFT: 300.045s),0,59.56268577710819
225,2026-09-21T07:59:29.840+00:00,2026-09-21T08:04:29.752+00:00,2026-09-21T08:04:29.896+00:00,False,4,3.0,,3.0,299912.24139700003,300056.775925,300056.77593000006,75014.19398250002,0.05221,299912.24139700003,149932.03547174673,254936.2801816,48.178176,41.67910060991701,0.00999810782726619,21,64,,True,False,Request timeout: 300.0s exceeded,6,59.56268577710819
226,2026-09-21T07:59:30.211+00:00,2026-09-21T08:04:30.313+00:00,2026-09-21T08:04:30.313+00:00,False,1,0.0,,0.0,300102.089476,300102.089476,300102.089476,300102.089476,300102.089476,300102.089476,nan,300102.089476,nan,nan,0.0,21,64,,True,False,"HTTPConnectionPool(host='gpu06', port=9004): Read timed out.",0,59.56268577710819
227,2026-09-21T07:59:30.573+00:00,2026-09-21T08:04:30.678+00:00,2026-09-21T08:04:30.678+00:00,False,1,0.0,,0.0,300105.137582,300105.137582,300105.137582,300105.137582,300105.137582,300105.137582,nan,300105.137582,nan,nan,0.0,21,64,,True,False,"HTTPConnectionPool(host='gpu06', port=9004): Read timed out.",0,59.56268577710819
228,2026-09-21T07:59:30.960+00:00,2026-09-21T08:04:31.064+00:00,2026-09-21T08:04:31.064+00:00,False,1,0.0,,0.0,300104.323166,300104.323166,300104.323166,300104.323166,300104.323166,300104.323166,nan,300104.323166,nan,nan,0.0,21,64,,True,False,"HTTPConnectionPool(host='gpu06', port=9004): Read timed out.",0,59.56268577710819
229,2026-09-21T07:59:31.398+00:00,2026-09-21T08:04:31.507+00:00,2026-09-21T08:04:31.507+00:00,False,1,0.0,,0.0,300108.119726,300108.119726,300108.119726,300108.119726,300108.119726,300108.119726,nan,300108.119726,nan,nan,0.0,21,64,,True,False,"HTTPConnectionPool(host='gpu06', port=9004): Read timed out.",0,59.56268577710819
230,2026-09-21T07:59:31.787+00:00,2026-09-21T08:04:31.878+00:00,2026-09-21T08:04:32.688+00:00,True,15,15.0,,15.0,300090.80195,300901.09699,300901.096957,20060.073130466666,45.201142,300090.80195,77468.16852029077,90080.1777987,57.87821714285714,10.993073220938685,0.049850266915107,21,64,,True,True,,60,59.56268577710819
233,2026-09-21T07:59:33.004+00:00,2026-09-21T08:04:33.030+00:00,2026-09-21T08:04:33.030+00:00,False,1,0.0,,0.0,300025.468827,300025.468827,300025.468827,300025.468827,300025.468827,300025.468827,nan,300025.468827,nan,nan,0.0,21,64,,True,False,"HTTPConnectionPool(host='gpu06', port=9004): Read timed out.",0,59.56268577710819
231,2026-09-21T07:59:32.237+00:00,2026-09-21T08:04:33.286+00:00,2026-09-21T08:04:33.286+00:00,False,1,0.0,,0.0,301048.18912,301048.18912,301048.18912,301048.18912,301048.18912,301048.18912,nan,301048.18912,nan,nan,0.0,21,64,,True,False,"HTTPConnectionPool(host='gpu06', port=9004): Read timed out.",0,59.56268577710819
234,2026-09-21T07:59:33.281+00:00,2026-09-21T08:04:33.304+00:00,2026-09-21T08:04:33.304+00:00,False,1,0.0,,0.0,300023.664139,300023.664139,300023.664139,300023.664139,300023.664139,300023.664139,nan,300023.664139,nan,nan,0.0,21,64,,True,False,"HTTPConnectionPool(host='gpu06', port=9004): Read timed out.",0,59.56268577710819
232,2026-09-21T07:59:32.556+00:00,2026-09-21T08:04:33.915+00:00,2026-09-21T08:04:34.761+00:00,False,13,12.0,,12.0,301359.456535,302205.147159,302205.147302,23246.549792461537,0.01955,301359.456535,83562.54454570018,120676.71341499999,70.47421866666667,53.57514834403522,0.039708125797362444,21,64,,True,False,Request timeout: 300.0s exceeded,44,59.56268577710819
235,2026-09-21T07:59:34.758+00:00,2026-09-21T08:04:34.285+00:00,2026-09-21T08:04:35.318+00:00,False,20,19.0,,19.0,299527.25831,300560.32327,300560.323481,15028.01617405,0.04083,299527.25831,66964.17559559,15072.9918729,54.37184,18.578555584883556,0.06321526338967862,21,64,,True,False,Request timeout: 300.0s exceeded,54,59.56268577710819
237,2026-09-21T07:59:34.811+00:00,2026-09-21T08:04:35.349+00:00,2026-09-21T08:04:35.349+00:00,False,1,0.0,,0.0,300538.10250700003,300538.10250700003,300538.10250700003,300538.10250700003,300538.10250700003,300538.10250700003,nan,300538.10250700003,nan,nan,0.0,21,64,,True,False,"HTTPConnectionPool(host='gpu06', port=9004): Read timed out.",0,59.56268577710819
236,2026-09-21T07:59:34.800+00:00,2026-09-21T08:04:35.407+00:00,2026-09-21T08:04:35.407+00:00,False,1,0.0,,0.0,300606.70208899997,300606.70208899997,300606.70208899997,300606.70208899997,300606.70208899997,300606.70208899997,nan,300606.70208899997,nan,nan,0.0,21,64,,True,False,"HTTPConnectionPool(host='gpu06', port=9004): Read timed out.",0,59.56268577710819
238,2026-09-21T07:59:35.015+00:00,2026-09-21T08:04:35.486+00:00,2026-09-21T08:04:35.486+00:00,False,1,0.0,,0.0,300470.928322,300470.928322,300470.928322,300470.928322,300470.928322,300470.928322,nan,300470.928322,nan,nan,0.0,21,64,,True,False,"HTTPConnectionPool(host='gpu06', port=9004): Read timed out.",0,59.56268577710819
239,2026-09-21T07:59:35.227+00:00,2026-09-21T08:04:35.490+00:00,2026-09-21T08:04:35.490+00:00,False,1,0.0,,0.0,300262.894964,300262.894964,300262.894964,300262.894964,300262.894964,300262.894964,nan,300262.894964,nan,nan,0.0,21,64,,True,False,"HTTPConnectionPool(host='gpu06', port=9004): Read timed out.",0,59.56268577710819
240,2026-09-21T07:59:35.638+00:00,2026-09-21T08:04:35.859+00:00,2026-09-21T08:04:35.859+00:00,False,1,0.0,,0.0,300220.814739,300220.814739,300220.814739,300220.814739,300220.814739,300220.814739,nan,300220.814739,nan,nan,0.0,21,64,,True,False,"HTTPConnectionPool(host='gpu06', port=9004): Read timed out.",0,59.56268577710819
241,2026-09-21T07:59:36.060+00:00,2026-09-21T08:04:36.250+00:00,2026-09-21T08:04:36.250+00:00,False,1,0.0,,0.0,300189.986458,300189.986458,300189.986458,300189.986458,300189.986458,300189.986458,nan,300189.986458,nan,nan,0.0,21,64,,True,False,"HTTPConnectionPool(host='gpu06', port=9004): Read timed out.",0,59.56268577710819
242,2026-09-21T07:59:36.443+00:00,2026-09-21T08:04:36.552+00:00,2026-09-21T08:04:36.552+00:00,False,1,0.0,,0.0,300109.217166,300109.217166,300109.217166,300109.217166,300109.217166,300109.217166,nan,300109.217166,nan,nan,0.0,21,64,,True,False,"HTTPConnectionPool(host='gpu06', port=9004): Read timed out.",0,59.56268577710819
243,2026-09-21T07:59:36.918+00:00,2026-09-21T08:04:37.029+00:00,2026-09-21T08:04:37.029+00:00,False,1,0.0,,0.0,300111.22413499997,300111.22413499997,300111.22413499997,300111.22413499997,300111.22413499997,300111.22413499997,nan,300111.22413499997,nan,nan,0.0,21,64,,True,False,"HTTPConnectionPool(host='gpu06', port=9004): Read timed out.",0,59.56268577710819
244,2026-09-21T07:59:37.388+00:00,2026-09-21T08:04:37.492+00:00,2026-09-21T08:04:37.492+00:00,False,1,0.0,,0.0,300104.05246499996,300104.05246499996,300104.05246499996,300104.05246499996,300104.05246499996,300104.05246499996,nan,300104.05246499996,nan,nan,0.0,21,64,,True,False,"HTTPConnectionPool(host='gpu06', port=9004): Read timed out.",0,59.56268577710819
245,2026-09-21T07:59:37.864+00:00,2026-09-21T08:04:37.911+00:00,2026-09-21T08:04:37.911+00:00,False,1,0.0,,0.0,300047.68418800004,300047.68418800004,300047.68418800004,300047.68418800004,300047.68418800004,300047.68418800004,nan,300047.68418800004,nan,nan,0.0,21,64,,True,False,TTFT timeout: 300.0s exceeded (TTFT: 300.043s),0,59.56268577710819
246,2026-09-21T07:59:38.331+00:00,2026-09-21T08:04:38.254+00:00,2026-09-21T08:04:38.353+00:00,False,4,3.0,,3.0,299922.56219599996,300021.8702279999,300021.87000999996,75005.46750249999,0.031,299922.56219599996,149944.7316735929,254942.36544049997,33.10267733333333,29.064539091704265,0.009999271045541335,21,64,,True,False,Request timeout: 300.0s exceeded,3,59.56268577710819
247,2026-09-21T07:59:38.782+00:00,2026-09-21T08:04:38.894+00:00,2026-09-21T08:04:38.894+00:00,False,1,0.0,,0.0,300112.119547,300112.119547,300112.119547,300112.119547,300112.119547,300112.119547,nan,300112.119547,nan,nan,0.0,21,64,,True,False,"HTTPConnectionPool(host='gpu06', port=9004): Read timed out.",0,59.56268577710819
248,2026-09-21T07:59:39.102+00:00,2026-09-21T08:04:39.120+00:00,2026-09-21T08:04:39.120+00:00,False,1,0.0,,0.0,300018.720775,300018.720775,300018.720775,300018.720775,300018.720775,300018.720775,nan,300018.720775,nan,nan,0.0,21,64,,True,False,"HTTPConnectionPool(host='gpu06', port=9004): Read timed out.",0,59.56268577710819
249,2026-09-21T07:59:39.433+00:00,2026-09-21T08:04:39.509+00:00,2026-09-21T08:04:39.509+00:00,False,1,0.0,,0.0,300076.065043,300076.065043,300076.065043,300076.065043,300076.065043,300076.065043,nan,300076.065043,nan,nan,0.0,21,64,,True,False,"HTTPConnectionPool(host='gpu06', port=9004): Read timed out.",0,59.56268577710819
250,2026-09-21T07:59:39.862+00:00,2026-09-21T08:04:39.972+00:00,2026-09-21T08:04:39.972+00:00,False,1,0.0,,0.0,300109.802096,300109.802096,300109.802096,300109.802096,300109.802096,300109.802096,nan,300109.802096,nan,nan,0.0,21,64,,True,False,"HTTPConnectionPool(host='gpu06', port=9004): Read timed out.",0,59.56268577710819
251,2026-09-21T07:59:40.147+00:00,2026-09-21T08:04:40.155+00:00,2026-09-21T08:04:40.461+00:00,False,3,2.0,,2.0,300008.60887,300314.676582,300314.676501,100104.892167,0.02862,300008.60887,173121.76458881423,270038.3518841,153.033856,216.3820063261909,0.00665968118096255,21,64,,True,False,Request timeout: 300.0s exceeded,6,59.56268577710819
252,2026-09-21T07:59:40.512+00:00,2026-09-21T08:04:40.463+00:00,2026-09-21T08:04:40.625+00:00,False,4,3.0,,3.0,299950.64085900004,300112.81148300006,300112.8115,75028.202875,0.03389,299950.64085900004,149948.29886652506,254974.71698775006,54.056874666666666,55.62064140939525,0.00999624103074965,21,64,,True,False,Request timeout: 300.0s exceeded,12,59.56268577710819
253,2026-09-21T07:59:40.992+00:00,2026-09-21T08:04:41.073+00:00,2026-09-21T08:04:41.073+00:00,False,1,0.0,,0.0,300081.37288,300081.37288,300081.37288,300081.37288,300081.37288,300081.37288,nan,300081.37288,nan,nan,0.0,21,64,,True,False,"HTTPConnectionPool(host='gpu06', port=9004): Read timed out.",0,59.56268577710819
254,2026-09-21T07:59:41.292+00:00,2026-09-21T08:04:41.393+00:00,2026-09-21T08:04:41.393+00:00,False,1,0.0,,0.0,300100.698974,300100.698974,300100.698974,300100.698974,300100.698974,300100.698974,nan,300100.698974,nan,nan,0.0,21,64,,True,False,"HTTPConnectionPool(host='gpu06', port=9004): Read timed out.",0,59.56268577710819
255,2026-09-21T07:59:41.768+00:00,2026-09-21T08:04:41.885+00:00,2026-09-21T08:04:41.885+00:00,False,1,0.0,,0.0,300117.12073100003,300117.12073100003,300117.12073100003,300117.12073100003,300117.12073100003,300117.12073100003,nan,300117.12073100003,nan,nan,0.0,21,64,,True,False,"HTTPConnectionPool(host='gpu06', port=9004): Read timed out.",0,59.56268577710819
256,2026-09-21T07:59:42.182+00:00,2026-09-21T08:04:42.193+00:00,2026-09-21T08:04:42.193+00:00,False,1,0.0,,0.0,300011.121217,300011.121217,300011.121217,300011.121217,300011.121217,300011.121217,nan,300011.121217,nan,nan,0.0,21,64,,True,False,TTFT timeout: 300.0s exceeded (TTFT: 300.005s),0,59.56268577710819
257,2026-09-21T07:59:42.507+00:00,2026-09-21T08:04:42.601+00:00,2026-09-21T08:04:42.601+00:00,False,1,0.0,,0.0,300094.438963,300094.438963,300094.438963,300094.438963,300094.438963,300094.438963,nan,300094.438963,nan,nan,0.0,21,64,,True,False,TTFT timeout: 300.0s exceeded (TTFT: 300.089s),0,59.56268577710819
258,2026-09-21T07:59:42.991+00:00,2026-09-21T08:04:43.107+00:00,2026-09-21T08:04:43.107+00:00,False,1,0.0,,0.0,300115.69327,300115.69327,300115.69327,300115.69327,300115.69327,300115.69327,nan,300115.69327,nan,nan,0.0,21,64,,True,False,"HTTPConnectionPool(host='gpu06', port=9004): Read timed out.",0,59.56268577710819
259,2026-09-21T07:59:43.292+00:00,2026-09-21T08:04:43.400+00:00,2026-09-21T08:04:43.400+00:00,False,1,0.0,,0.0,300108.119635,300108.119635,300108.119635,300108.119635,300108.119635,300108.119635,nan,300108.119635,nan,nan,0.0,21,64,,True,False,"HTTPConnectionPool(host='gpu06', port=9004): Read timed out.",0,59.56268577710819
260,2026-09-21T07:59:43.686+00:00,2026-09-21T08:04:43.789+00:00,2026-09-21T08:04:43.789+00:00,False,1,0.0,,0.0,300102.921916,300102.921916,300102.921916,300102.921916,300102.921916,300102.921916,nan,300102.921916,nan,nan,0.0,21,64,,True,False,"HTTPConnectionPool(host='gpu06', port=9004): Read timed out.",0,59.56268577710819
261,2026-09-21T07:59:43.973+00:00,2026-09-21T08:04:44.091+00:00,2026-09-21T08:04:44.091+00:00,False,1,0.0,,0.0,300118.05832300003,300118.05832300003,300118.05832300003,300118.05832300003,300118.05832300003,300118.05832300003,nan,300118.05832300003,nan,nan,0.0,21,64,,True,False,"HTTPConnectionPool(host='gpu06', port=9004): Read timed out.",0,59.56268577710819
262,2026-09-21T07:59:44.246+00:00,2026-09-21T08:04:44.352+00:00,2026-09-21T08:04:44.352+00:00,False,1,0.0,,0.0,300106.097193,300106.097193,300106.097193,300106.097193,300106.097193,300106.097193,nan,300106.097193,nan,nan,0.0,21,64,,True,False,"HTTPConnectionPool(host='gpu06', port=9004): Read timed out.",0,59.56268577710819
263,2026-09-21T07:59:44.659+00:00,2026-09-21T08:04:44.635+00:00,2026-09-21T08:04:44.749+00:00,False,3,2.0,,2.0,299975.63041900005,300089.72347500006,300089.72354200005,100029.90784733335,0.02983,299975.63041900005,173158.08451220838,269989.4737064001,57.046528,80.63397709794829,0.006664673407807037,21,64,,True,False,Request timeout: 300.0s exceeded,10,59.56268577710819
264,2026-09-21T07:59:44.956+00:00,2026-09-21T08:04:44.923+00:00,2026-09-21T08:04:45.010+00:00,False,4,3.0,,3.0,299967.452866,300053.899202,300053.89897,75013.4747425,0.031920000000000004,299967.452866,149969.32063437472,254981.07538000002,28.815445333333333,29.12464237880914,0.009998203682666901,21,64,,True,False,Request timeout: 300.0s exceeded,3,59.56268577710819
265,2026-09-21T07:59:45.334+00:00,2026-09-21T08:04:45.708+00:00,2026-09-21T08:04:47.027+00:00,False,21,20.0,,20.0,300374.765055,301693.71750300005,301693.717374,14366.367494000002,0.032619999999999996,300374.765055,65532.764736382065,170.852529,65.9476224,33.58472552167527,0.06629239801720803,21,64,,True,False,Request timeout: 300.0s exceeded,107,59.56268577710819
266,2026-09-21T07:59:45.749+00:00,2026-09-21T08:04:46.205+00:00,2026-09-21T08:04:47.130+00:00,False,18,17.0,,17.0,300456.513547,301380.915211,301380.915301,16743.38418338889,0.03483,300456.513547,70805.46445671824,45129.628034650006,54.37656847058824,16.201175095133433,0.05640702228307363,21,64,,True,False,Request timeout: 300.0s exceeded,34,59.56268577710819
267,2026-09-21T07:59:46.136+00:00,2026-09-21T08:04:47.231+00:00,2026-09-21T08:04:47.231+00:00,False,1,0.0,,0.0,301095.007931,301095.007931,301095.007931,301095.007931,301095.007931,301095.007931,nan,301095.007931,nan,nan,0.0,21,64,,True,False,"HTTPConnectionPool(host='gpu06', port=9004): Read timed out.",0,59.56268577710819
270,2026-09-21T07:59:47.329+00:00,2026-09-21T08:04:47.432+00:00,2026-09-21T08:04:47.432+00:00,False,1,0.0,,0.0,300103.578023,300103.578023,300103.578023,300103.578023,300103.578023,300103.578023,nan,300103.578023,nan,nan,0.0,21,64,,True,False,"HTTPConnectionPool(host='gpu06', port=9004): Read timed out.",0,59.56268577710819
271,2026-09-21T07:59:47.598+00:00,2026-09-21T08:04:47.685+00:00,2026-09-21T08:04:47.685+00:00,False,1,0.0,,0.0,300087.152374,300087.152374,300087.152374,300087.152374,300087.152374,300087.152374,nan,300087.152374,nan,nan,0.0,21,64,,True,False,"HTTPConnectionPool(host='gpu06', port=9004): Read timed out.",0,59.56268577710819
268,2026-09-21T07:59:46.561+00:00,2026-09-21T08:04:47.707+00:00,2026-09-21T08:04:47.707+00:00,False,1,0.0,,0.0,301146.598985,301146.598985,301146.598985,301146.598985,301146.598985,301146.598985,nan,301146.598985,nan,nan,0.0,21,64,,True,False,"HTTPConnectionPool(host='gpu06', port=9004): Read timed out.",0,59.56268577710819
269,2026-09-21T07:59:46.896+00:00,2026-09-21T08:04:47.945+00:00,2026-09-21T08:04:47.945+00:00,False,1,0.0,,0.0,301049.27762,301049.27762,301049.27762,301049.27762,301049.27762,301049.27762,nan,301049.27762,nan,nan,0.0,21,64,,True,False,"HTTPConnectionPool(host='gpu06', port=9004): Read timed out.",0,59.56268577710819
272,2026-09-21T07:59:48.046+00:00,2026-09-21T08:04:48.164+00:00,2026-09-21T08:04:48.164+00:00,False,1,0.0,,0.0,300118.535356,300118.535356,300118.535356,300118.535356,300118.535356,300118.535356,nan,300118.535356,nan,nan,0.0,21,64,,True,False,"HTTPConnectionPool(host='gpu06', port=9004): Read timed out.",0,59.56268577710819
273,2026-09-21T07:59:48.408+00:00,2026-09-21T08:04:48.513+00:00,2026-09-21T08:04:48.513+00:00,False,1,0.0,,0.0,300104.63493199996,300104.63493199996,300104.63493199996,300104.63493199996,300104.63493199996,300104.63493199996,nan,300104.63493199996,nan,nan,0.0,21,64,,True,False,"HTTPConnectionPool(host='gpu06', port=9004): Read timed out.",0,59.56268577710819
274,2026-09-21T07:59:48.846+00:00,2026-09-21T08:04:48.963+00:00,2026-09-21T08:04:48.963+00:00,False,1,0.0,,0.0,300117.366107,300117.366107,300117.366107,300117.366107,300117.366107,300117.366107,nan,300117.366107,nan,nan,0.0,21,64,,True,False,"HTTPConnectionPool(host='gpu06', port=9004): Read timed out.",0,59.56268577710819
275,2026-09-21T07:59:49.174+00:00,2026-09-21T08:04:49.136+00:00,2026-09-21T08:04:49.282+00:00,False,3,2.0,,2.0,299961.439657,300107.610793,300107.610698,100035.87023266667,0.02648,299961.439657,173140.63740166934,269979.9101474,73.085568,103.32094945745645,0.00666427617318744,21,64,,True,False,Request timeout: 300.0s exceeded,8,59.56268577710819
276,2026-09-21T07:59:49.667+00:00,2026-09-21T08:04:49.770+00:00,2026-09-21T08:04:49.770+00:00,False,1,0.0,,0.0,300103.75072500005,300103.75072500005,300103.75072500005,300103.75072500005,300103.75072500005,300103.75072500005,nan,300103.75072500005,nan,nan,0.0,21,64,,True,False,"HTTPConnectionPool(host='gpu06', port=9004): Read timed out.",0,59.56268577710819
277,2026-09-21T07:59:49.978+00:00,2026-09-21T08:04:50.066+00:00,2026-09-21T08:04:50.066+00:00,False,1,0.0,,0.0,300088.57291900006,300088.57291900006,300088.57291900006,300088.57291900006,300088.57291900006,300088.57291900006,nan,300088.57291900006,nan,nan,0.0,21,64,,True,False,"HTTPConnectionPool(host='gpu06', port=9004): Read timed out.",0,59.56268577710819
278,2026-09-21T07:59:50.318+00:00,2026-09-21T08:04:50.423+00:00,2026-09-21T08:04:50.423+00:00,False,1,0.0,,0.0,300105.400967,300105.400967,300105.400967,300105.400967,300105.400967,300105.400967,nan,300105.400967,nan,nan,0.0,21,64,,True,False,"HTTPConnectionPool(host='gpu06', port=9004): Read timed out.",0,59.56268577710819
279,2026-09-21T07:59:50.652+00:00,2026-09-21T08:04:50.763+00:00,2026-09-21T08:04:50.763+00:00,False,1,0.0,,0.0,300111.467288,300111.467288,300111.467288,300111.467288,300111.467288,300111.467288,nan,300111.467288,nan,nan,0.0,21,64,,True,False,"HTTPConnectionPool(host='gpu06', port=9004): Read timed out.",0,59.56268577710819
280,2026-09-21T07:59:50.967+00:00,2026-09-21T08:04:51.074+00:00,2026-09-21T08:04:51.074+00:00,False,1,0.0,,0.0,300107.037601,300107.037601,300107.037601,300107.037601,300107.037601,300107.037601,nan,300107.037601,nan,nan,0.0,21,64,,True,False,TTFT timeout: 300.0s exceeded (TTFT: 300.095s),0,59.56268577710819
281,2026-09-21T07:59:51.316+00:00,2026-09-21T08:04:51.339+00:00,2026-09-21T08:04:51.339+00:00,False,1,0.0,,0.0,300023.416143,300023.416143,300023.416143,300023.416143,300023.416143,300023.416143,nan,300023.416143,nan,nan,0.0,21,64,,True,False,TTFT timeout: 300.0s exceeded (TTFT: 300.017s),0,59.56268577710819
282,2026-09-21T07:59:51.741+00:00,2026-09-21T08:04:51.863+00:00,2026-09-21T08:04:51.863+00:00,False,1,0.0,,0.0,300121.84862400003,300121.84862400003,300121.84862400003,300121.84862400003,300121.84862400003,300121.84862400003,nan,300121.84862400003,nan,nan,0.0,21,64,,True,False,"HTTPConnectionPool(host='gpu06', port=9004): Read timed out.",0,59.56268577710819
283,2026-09-21T07:59:52.051+00:00,2026-09-21T08:04:52.093+00:00,2026-09-21T08:04:52.093+00:00,False,1,0.0,,0.0,300042.799543,300042.799543,300042.799543,300042.799543,300042.799543,300042.799543,nan,300042.799543,nan,nan,0.0,21,64,,True,False,"HTTPConnectionPool(host='gpu06', port=9004): Read timed out.",0,59.56268577710819
284,2026-09-21T07:59:52.460+00:00,2026-09-21T08:04:52.575+00:00,2026-09-21T08:04:52.575+00:00,False,1,0.0,,0.0,300115.292038,300115.292038,300115.292038,300115.292038,300115.292038,300115.292038,nan,300115.292038,nan,nan,0.0,21,64,,True,False,"HTTPConnectionPool(host='gpu06', port=9004): Read timed out.",0,59.56268577710819
287,2026-09-21T07:59:54.212+00:00,2026-09-21T08:04:52.866+00:00,2026-09-21T08:04:54.633+00:00,False,27,26.0,,26.0,298653.51778600004,300421.079258,300421.07914800005,11126.706635111113,0.02366,298653.51778600004,57462.84002372701,262.0722322,67.98313353846153,56.899174836037346,0.08654519204916157,21,64,,True,False,Request timeout: 300.0s exceeded,101,59.56268577710819
285,2026-09-21T07:59:54.128+00:00,2026-09-21T08:04:52.866+00:00,2026-09-21T08:04:54.329+00:00,False,22,21.0,,21.0,298737.917843,300201.204371,300201.20447399997,13645.509294272726,0.037200000000000004,298737.917843,63676.31211353241,323.0719232,69.68031085714286,63.25279358798836,0.06995308377926228,21,64,,True,False,Request timeout: 300.0s exceeded,113,59.56268577710819
286,2026-09-21T07:59:54.159+00:00,2026-09-21T08:04:53.201+00:00,2026-09-21T08:04:54.454+00:00,False,23,22.0,,22.0,299041.86003,300295.70297399996,300295.702873,13056.334907521737,0.03976,299041.86003,62342.656723340035,93.76974609999999,56.992861090909095,17.45586634376356,0.07326112156158555,21,64,,True,False,Request timeout: 300.0s exceeded,68,59.56268577710819
289,2026-09-21T07:59:54.415+00:00,2026-09-21T08:04:54.968+00:00,2026-09-21T08:04:54.968+00:00,False,1,0.0,,0.0,300553.41622,300553.41622,300553.41622,300553.41622,300553.41622,300553.41622,nan,300553.41622,nan,nan,0.0,21,64,,True,False,"HTTPConnectionPool(host='gpu06', port=9004): Read timed out.",0,59.56268577710819
288,2026-09-21T07:59:54.269+00:00,2026-09-21T08:04:55.010+00:00,2026-09-21T08:04:55.010+00:00,False,1,0.0,,0.0,300740.98463,300740.98463,300740.98463,300740.98463,300740.98463,300740.98463,nan,300740.98463,nan,nan,0.0,21,64,,True,False,"HTTPConnectionPool(host='gpu06', port=9004): Read timed out.",0,59.56268577710819
290,2026-09-21T07:59:54.668+00:00,2026-09-21T08:04:55.010+00:00,2026-09-21T08:04:55.010+00:00,False,1,0.0,,0.0,300342.344255,300342.344255,300342.344255,300342.344255,300342.344255,300342.344255,nan,300342.344255,nan,nan,0.0,21,64,,True,False,"HTTPConnectionPool(host='gpu06', port=9004): Read timed out.",0,59.56268577710819
291,2026-09-21T07:59:55.266+00:00,2026-09-21T08:04:55.470+00:00,2026-09-21T08:04:55.470+00:00,False,1,0.0,,0.0,300203.748754,300203.748754,300203.748754,300203.748754,300203.748754,300203.748754,nan,300203.748754,nan,nan,0.0,21,64,,True,False,"HTTPConnectionPool(host='gpu06', port=9004): Read timed out.",0,59.56268577710819
292,2026-09-21T07:59:55.502+00:00,2026-09-21T08:04:55.645+00:00,2026-09-21T08:04:55.645+00:00,False,1,0.0,,0.0,300143.52781199996,300143.52781199996,300143.52781199996,300143.52781199996,300143.52781199996,300143.52781199996,nan,300143.52781199996,nan,nan,0.0,21,64,,True,False,"HTTPConnectionPool(host='gpu06', port=9004): Read timed out.",0,59.56268577710819
293,2026-09-21T07:59:55.931+00:00,2026-09-21T08:04:56.038+00:00,2026-09-21T08:04:56.038+00:00,False,1,0.0,,0.0,300106.29869,300106.29869,300106.29869,300106.29869,300106.29869,300106.29869,nan,300106.29869,nan,nan,0.0,21,64,,True,False,"HTTPConnectionPool(host='gpu06', port=9004): Read timed out.",0,59.56268577710819
294,2026-09-21T07:59:56.280+00:00,2026-09-21T08:04:56.387+00:00,2026-09-21T08:04:56.387+00:00,False,1,0.0,,0.0,300107.34412900003,300107.34412900003,300107.34412900003,300107.34412900003,300107.34412900003,300107.34412900003,nan,300107.34412900003,nan,nan,0.0,21,64,,True,False,"HTTPConnectionPool(host='gpu06', port=9004): Read timed out.",0,59.56268577710819
295,2026-09-21T07:59:56.582+00:00,2026-09-21T08:04:56.703+00:00,2026-09-21T08:04:56.703+00:00,False,1,0.0,,0.0,300120.762162,300120.762162,300120.762162,300120.762162,300120.762162,300120.762162,nan,300120.762162,nan,nan,0.0,21,64,,True,False,"HTTPConnectionPool(host='gpu06', port=9004): Read timed out.",0,59.56268577710819
296,2026-09-21T07:59:56.987+00:00,2026-09-21T08:04:57.068+00:00,2026-09-21T08:04:57.068+00:00,False,1,0.0,,0.0,300081.647285,300081.647285,300081.647285,300081.647285,300081.647285,300081.647285,nan,300081.647285,nan,nan,0.0,21,64,,True,False,"HTTPConnectionPool(host='gpu06', port=9004): Read timed out.",0,59.56268577710819
297,2026-09-21T07:59:57.262+00:00,2026-09-21T08:04:57.357+00:00,2026-09-21T08:04:57.357+00:00,False,1,0.0,,0.0,300095.043453,300095.043453,300095.043453,300095.043453,300095.043453,300095.043453,nan,300095.043453,nan,nan,0.0,21,64,,True,False,TTFT timeout: 300.0s exceeded (TTFT: 300.093s),0,59.56268577710819
298,2026-09-21T07:59:57.748+00:00,2026-09-21T08:04:57.853+00:00,2026-09-21T08:04:57.853+00:00,False,1,0.0,,0.0,300105.34170999995,300105.34170999995,300105.34170999995,300105.34170999995,300105.34170999995,300105.34170999995,nan,300105.34170999995,nan,nan,0.0,21,64,,True,False,"HTTPConnectionPool(host='gpu06', port=9004): Read timed out.",0,59.56268577710819
299,2026-09-21T07:59:58.209+00:00,2026-09-21T08:04:58.280+00:00,2026-09-21T08:04:58.280+00:00,False,1,0.0,,0.0,300071.783113,300071.783113,300071.783113,300071.783113,300071.783113,300071.783113,nan,300071.783113,nan,nan,0.0,21,64,,True,False,"HTTPConnectionPool(host='gpu06', port=9004): Read timed out.",0,59.56268577710819
300,2026-09-21T07:59:58.605+00:00,2026-09-21T08:04:58.624+00:00,2026-09-21T08:04:58.624+00:00,False,1,0.0,,0.0,300019.066427,300019.066427,300019.066427,300019.066427,300019.066427,300019.066427,nan,300019.066427,nan,nan,0.0,21,64,,True,False,"HTTPConnectionPool(host='gpu06', port=9004): Read timed out.",0,59.56268577710819
301,2026-09-21T07:59:58.992+00:00,2026-09-21T08:04:59.068+00:00,2026-09-21T08:04:59.068+00:00,False,1,0.0,,0.0,300075.516666,300075.516666,300075.516666,300075.516666,300075.516666,300075.516666,nan,300075.516666,nan,nan,0.0,21,64,,True,False,TTFT timeout: 300.0s exceeded (TTFT: 300.051s),0,59.56268577710819
302,2026-09-21T07:59:59.300+00:00,2026-09-21T08:04:59.214+00:00,2026-09-21T08:04:59.372+00:00,False,3,2.0,,2.0,299913.88091,300072.283982,300072.28399,100024.09466333334,0.04506,299913.88091,173109.65094428413,269938.328621,79.201536,111.94416756571465,0.006665060742897438,21,64,,True,False,Request timeout: 300.0s exceeded,6,59.56268577710819
303,2026-09-21T07:59:59.571+00:00,2026-09-21T08:04:59.640+00:00,2026-09-21T08:04:59.640+00:00,False,1,0.0,,0.0,300068.93496,300068.93496,300068.93496,300068.93496,300068.93496,300068.93496,nan,300068.93496,nan,nan,0.0,21,64,,True,False,"HTTPConnectionPool(host='gpu06', port=9004): Read timed out.",0,59.56268577710819
304,2026-09-21T07:59:59.943+00:00,2026-09-21T08:05:00.060+00:00,2026-09-21T08:05:00.060+00:00,False,1,0.0,,0.0,300116.350292,300116.350292,300116.350292,300116.350292,300116.350292,300116.350292,nan,300116.350292,nan,nan,0.0,21,64,,True,False,"HTTPConnectionPool(host='gpu06', port=9004): Read timed out.",0,59.56268577710819
305,2026-09-21T08:00:00.308+00:00,2026-09-21T08:05:00.413+00:00,2026-09-21T08:05:00.413+00:00,False,1,0.0,,0.0,300104.988938,300104.988938,300104.988938,300104.988938,300104.988938,300104.988938,nan,300104.988938,nan,nan,0.0,21,64,,True,False,"HTTPConnectionPool(host='gpu06', port=9004): Read timed out.",0,59.56268577710819
306,2026-09-21T08:00:00.799+00:00,2026-09-21T08:05:00.903+00:00,2026-09-21T08:05:00.903+00:00,False,1,0.0,,0.0,300104.32924500003,300104.32924500003,300104.32924500003,300104.32924500003,300104.32924500003,300104.32924500003,nan,300104.32924500003,nan,nan,0.0,21,64,,True,False,"HTTPConnectionPool(host='gpu06', port=9004): Read timed out.",0,59.56268577710819
307,2026-09-21T08:00:01.293+00:00,2026-09-21T08:05:01.386+00:00,2026-09-21T08:05:02.971+00:00,False,28,27.0,,27.0,300093.053242,301677.808442,301677.808325,10774.20744017857,0.02708,300093.053242,56701.167516214955,112.31844435000001,58.69463703703704,20.004052990040243,0.08949945685246175,21,64,,True,False,Request timeout: 300.0s exceeded,54,59.56268577710819
309,2026-09-21T08:00:02.240+00:00,2026-09-21T08:05:03.384+00:00,2026-09-21T08:05:03.384+00:00,False,1,0.0,,0.0,301143.726047,301143.726047,301143.726047,301143.726047,301143.726047,301143.726047,nan,301143.726047,nan,nan,0.0,21,64,,True,False,"HTTPConnectionPool(host='gpu06', port=9004): Read timed out.",0,59.56268577710819
308,2026-09-21T08:00:01.751+00:00,2026-09-21T08:05:03.793+00:00,2026-09-21T08:05:04.856+00:00,False,29,28.0,,28.0,302042.082274,303105.238754,303105.238739,10451.904784103448,0.03027,302042.082274,56080.76337411081,107.635258,37.96987428571428,29.714678857883914,0.09237715624811349,21,64,,True,False,Request timeout: 300.0s exceeded,115,59.56268577710819
0,2026-09-21T07:58:02.263+00:00,2026-09-21T07:58:02.383+00:00,2026-09-21T07:58:06.105+00:00,True,65,65.0,,65.0,119.827448,3841.823992,3841.823958,59.10498396923077,0.01663,228.726155,34.893986223239786,99.34140880000001,58.156196,34.31438178563949,16.919046821341208,22,64,,False,True,,325,59.56268577710819
2,2026-09-21T07:58:03.116+00:00,2026-09-21T07:58:03.303+00:00,2026-09-21T07:58:09.174+00:00,True,94,94.0,,94.0,187.552613,6058.551397,6058.551441,64.45267490425532,42.262572999999996,189.00975200000002,21.223718120229282,79.2730942,63.129019182795695,16.99580947452215,15.51525997560172,22,64,,False,True,,752,59.56268577710819
1,2026-09-21T07:58:02.598+00:00,2026-09-21T07:58:05.577+00:00,2026-09-21T07:58:10.891+00:00,True,85,85.0,,85.0,2978.623451,8293.119963,8293.120053999999,97.56611828235295,42.152354,2978.623451,316.402890701374,78.59980820000001,63.26781561904762,10.976180641991949,10.24945983890623,22,64,,False,True,,172,59.56268577710819
4,2026-09-21T07:58:03.669+00:00,2026-09-21T07:58:07.985+00:00,2026-09-21T07:58:10.456+00:00,True,40,40.0,,40.0,4315.78584,6787.261039999999,6787.261036999999,169.681525925,43.043744,4315.78584,672.4484672251913,81.79823395,63.37115897435898,10.681781408614881,5.893393485864808,22,64,,False,True,,240,59.56268577710819
3,2026-09-21T07:58:03.323+00:00,2026-09-21T07:58:08.062+00:00,2026-09-21T07:58:10.888+00:00,True,46,46.0,,46.0,4739.303561,7565.506697,7565.5067149999995,164.4675372826087,40.106324,4739.303561,689.593468303248,81.05218375,62.804514133333335,10.708413042657682,6.080227252755018,22,64,,False,True,,138,59.56268577710819
5,2026-09-21T07:58:03.949+00:00,2026-09-21T07:58:09.491+00:00,2026-09-21T07:58:12.002+00:00,True,41,41.0,,41.0,5542.428608,8053.062336,8053.062428,196.4161567804878,41.735775000000004,5542.428608,855.8428179783539,77.47357799999999,62.765843200000006,10.539091882574487,5.091230924255446,22,64,,False,True,,139,59.56268577710819
6,2026-09-21T07:58:04.360+00:00,2026-09-21T07:58:11.699+00:00,2026-09-21T07:58:17.000+00:00,True,85,85.0,,85.0,7339.083529,12639.868681,12639.868879,148.7043397529412,0.01747,7339.083529,790.2121913254275,84.5834748,63.10458514285714,40.40729230716377,6.724753408852287,22,64,,False,True,,284,59.56268577710819
7,2026-09-21T07:58:04.604+00:00,2026-09-21T07:58:13.134+00:00,2026-09-21T07:58:18.086+00:00,True,82,82.0,,82.0,8529.258291999999,13481.809716,13481.809705999998,164.41231348780485,0.04818,8529.258291999999,935.2423291964091,82.64175644999999,61.142610172839504,13.440592685983994,6.082269497001111,22,64,,False,True,,960,59.56268577710819
8,2026-09-21T07:58:05.055+00:00,2026-09-21T07:58:16.053+00:00,2026-09-21T07:58:17.231+00:00,True,20,20.0,,20.0,10998.691794,12175.834066,12175.833936,608.7916968000001,46.123305,10998.691794,2445.5491453940576,624.4192713,61.95485642105263,10.26751584441641,1.6425979437292373,22,64,,False,True,,82,59.56268577710819
9,2026-09-21T07:58:05.365+00:00,2026-09-21T07:58:17.647+00:00,2026-09-21T07:58:19.404+00:00,True,28,28.0,,28.0,12281.733798000001,14038.432422000002,14038.432241,501.37258003571435,43.325025000000004,12281.733798000001,2308.750976968033,77.903071,65.062912,9.078703127578859,1.9945246846877613,22,64,,False,True,,42,59.56268577710819
10,2026-09-21T07:58:05.759+00:00,2026-09-21T07:58:19.630+00:00,2026-09-21T07:58:21.137+00:00,True,24,24.0,,24.0,13871.000968,15378.33972,15378.339775,640.7641572916667,43.258755,13871.000968,2818.06076384142,103.90933919999999,65.53646747826086,13.757969880791745,1.560636612077653,22,64,,False,True,,24,59.56268577710819
11,2026-09-21T07:58:06.027+00:00,2026-09-21T07:58:21.168+00:00,2026-09-21T07:58:21.998+00:00,True,14,14.0,,14.0,15140.560099999999,15970.692579999999,15970.692565999998,1140.7637547142856,51.248695,15140.560099999999,4029.4288942877997,5351.0242647,63.856344615384614,9.49406971505193,0.8766056906969779,22,64,,False,True,,72,59.56268577710819
12,2026-09-21T07:58:06.360+00:00,2026-09-21T07:58:22.670+00:00,2026-09-21T07:58:25.694+00:00,True,48,48.0,,48.0,16310.966823,19334.698279,19334.698077,402.8062099375,0.0,16310.966823,2346.4184790393824,302.6466899999999,64.33471182978724,82.47682716948187,2.4825833487215183,22,64,,False,True,,144,59.56268577710819
13,2026-09-21T07:58:06.803+00:00,2026-09-21T07:58:24.779+00:00,2026-09-21T07:58:27.628+00:00,True,48,48.0,,48.0,17975.647987,20825.188083,20825.188023,433.8580838125,0.0,17975.647987,2586.4936063322766,76.744699,60.62851268085107,60.09116104328614,2.3049011518500193,22,64,,False,True,,192,59.56268577710819
14,2026-09-21T07:58:07.194+00:00,2026-09-21T07:58:27.212+00:00,2026-09-21T07:58:30.996+00:00,True,61,61.0,,61.0,20017.850849,23801.710048999998,23801.710291,390.19197198360655,0.0,20017.850849,2555.5376356722254,80.738749,63.06432,55.32851363815796,2.5628410679073395,22,64,,False,True,,151,59.56268577710819
15,2026-09-21T07:58:07.558+00:00,2026-09-21T07:58:29.426+00:00,2026-09-21T07:58:35.417+00:00,True,94,94.0,,94.0,21868.079910999997,27858.344486999995,27858.344321999997,296.3653651276595,0.0,21868.079910999997,2250.8271612636404,90.75815204999999,64.41144705376344,94.19096490307798,3.374213426209328,22,64,,False,True,,188,59.56268577710819
16,2026-09-21T07:58:07.834+00:00,2026-09-21T07:58:30.918+00:00,2026-09-21T07:58:34.006+00:00,True,54,54.0,,54.0,23083.429326,26171.776206000002,26171.776197000003,484.6625221666667,0.0,23083.429326,3134.583190771601,89.86175320000001,58.2706958490566,89.5752442807972,2.0632913706338454,22,64,,False,True,,270,59.56268577710819
17,2026-09-21T07:58:08.110+00:00,2026-09-21T07:58:32.099+00:00,2026-09-21T07:58:33.416+00:00,True,18,18.0,,18.0,23989.366281,25306.184968999998,25306.184817999998,1405.8991565555555,0.016300000000000002,23989.366281,5637.902896213335,4140.4527276,77.45992282352941,147.34794627317035,0.7112885653072538,22,64,,False,True,,39,59.56268577710819
18,2026-09-21T07:58:08.466+00:00,2026-09-21T07:58:33.862+00:00,2026-09-21T07:58:34.573+00:00,True,12,12.0,,12.0,25395.867116999998,26106.324204999997,26106.324260999998,2175.5270217499997,46.557755,25395.867116999998,7312.517206047054,11471.55928605,64.587008,10.23579845515813,0.45965873654866,22,64,,False,True,,48,59.56268577710819
19,2026-09-21T07:58:08.821+00:00,2026-09-21T07:58:35.665+00:00,2026-09-21T07:58:40.856+00:00,True,83,83.0,,83.0,26843.551087,32034.928751,32034.928726,385.96299669879517,0.0,26843.551087,2940.280671822779,78.4150191,63.30948370731708,67.58020056264036,2.59092194788818,22,64,,False,True,,166,59.56268577710819
20,2026-09-21T07:58:09.176+00:00,2026-09-21T07:58:37.188+00:00,2026-09-21T07:58:42.195+00:00,True,80,80.0,,80.0,28012.064388,33019.714179999995,33019.714128,412.7464266,0.0,28012.064388,3125.473502035756,81.48181095,63.38797205063291,67.34690814051314,2.4227950479491405,22,64,,False,True,,160,59.56268577710819
21,2026-09-21T07:58:09.567+00:00,2026-09-21T07:58:39.359+00:00,2026-09-21T07:58:45.010+00:00,True,90,90.0,,90.0,29791.274912999997,35442.658465,35442.658569,393.8073174333333,0.0,29791.274912999997,3134.905607482103,76.708483,63.49869159550562,91.57795247961765,2.539312904218964,22,64,,False,True,,358,59.56268577710819
22,2026-09-21T07:58:09.842+00:00,2026-09-21T07:58:41.062+00:00,2026-09-21T07:58:46.654+00:00,True,89,89.0,,89.0,31220.010012,36811.917852,36811.917862,413.6170546292135,0.0,31220.010012,3304.2547544351587,82.84208860000001,63.54440727272728,105.8317886175902,2.4176952789533788,22,64,,False,True,,267,59.56268577710819
23,2026-09-21T07:58:10.132+00:00,2026-09-21T07:58:42.501+00:00,2026-09-21T07:58:43.551+00:00,True,9,9.0,,9.0,32368.876671,33419.025023,33419.02496,3713.224995555556,0.01948,32368.876671,10748.805314054363,19737.7494154,131.268544,268.5559533377861,0.2693076771032645,22,64,,False,True,,39,59.56268577710819
24,2026-09-21T07:58:10.510+00:00,2026-09-21T07:58:44.145+00:00,2026-09-21T07:58:48.102+00:00,True,63,63.0,,63.0,33635.23869300001,37591.824421000005,37591.824333000004,596.6956243333334,0.0,33635.23869300001,4230.529572817697,78.76830989999999,63.81589883870967,89.32267265292857,1.675896314433895,22,64,,False,True,,630,59.56268577710819
25,2026-09-21T07:58:10.965+00:00,2026-09-21T07:58:46.795+00:00,2026-09-21T07:58:51.270+00:00,True,71,71.0,,71.0,35830.915460000004,40305.497988,40305.497924,567.6830693521127,43.456824,35830.915460000004,4244.771549333207,78.51349800000001,63.92260754285714,9.482636567690601,1.7615462789006737,22,64,,False,True,,309,59.56268577710819
26,2026-09-21T07:58:11.259+00:00,2026-09-21T07:58:48.101+00:00,2026-09-21T07:58:51.702+00:00,True,58,58.0,,58.0,36842.543395,40442.947875,40442.947689,697.2922015344827,39.622384,36842.543395,4829.378684814738,80.96755434999999,63.164990877192984,9.767055310368269,1.4341190009013407,22,64,,False,True,,378,59.56268577710819
27,2026-09-21T07:58:11.621+00:00,2026-09-21T07:58:49.667+00:00,2026-09-21T07:58:55.078+00:00,True,87,87.0,,87.0,38046.66532,43457.472872,43457.472752,499.5111810574713,0.0,38046.66532,4073.873627805193,87.847208,62.916366883720926,114.41454102802372,2.001957183664373,22,64,,False,True,,266,59.56268577710819
28,2026-09-21T07:58:12.062+00:00,2026-09-21T07:58:52.164+00:00,2026-09-21T07:58:55.252+00:00,True,50,50.0,,50.0,40102.178943000006,43190.259839000006,43190.259834000004,863.8051966800001,0.0,40102.178943000006,5664.322416112738,107.3577705,63.02205910204082,149.40652480829658,1.157668423074661,22,64,,False,True,,396,59.56268577710819
29,2026-09-21T07:58:12.376+00:00,2026-09-21T07:58:53.652+00:00,2026-09-21T07:58:59.706+00:00,True,97,97.0,,97.0,41276.206876000004,47329.72162800001,47329.721554,487.93527375257736,0.04272,41276.206876000004,4184.583182088955,82.37285299999999,63.057445333333334,13.59666843279035,2.0494521552946408,22,64,,False,True,,1261,59.56268577710819
30,2026-09-21T07:58:12.757+00:00,2026-09-21T07:58:55.908+00:00,2026-09-21T07:59:01.407+00:00,True,87,87.0,,87.0,43151.30958,48649.551116,48649.551191,559.1902435747127,0.0,43151.30958,4620.444473441653,78.83686900000001,63.93304111627907,96.340687910102,1.78830015908178,22,64,,False,True,,595,59.56268577710819
31,2026-09-21T07:58:13.146+00:00,2026-09-21T07:58:57.362+00:00,2026-09-21T07:59:02.713+00:00,True,85,85.0,,85.0,44215.672771,49566.464707,49566.464707,583.1348789058824,0.0,44215.672771,4789.926120024063,77.759,63.699904,97.08515576742907,1.7148691257780164,22,64,,False,True,,340,59.56268577710819
32,2026-09-21T07:58:13.291+00:00,2026-09-21T07:58:58.701+00:00,2026-09-21T07:58:59.643+00:00,True,16,16.0,,16.0,45409.923475,46352.260755,46352.260703,2897.0162939375,44.219834999999996,45409.923475,11336.779084349988,11413.582933,62.82248533333333,9.653502713354943,0.3451827319614413,22,64,,False,True,,187,59.56268577710819
33,2026-09-21T07:58:13.750+00:00,2026-09-21T07:59:01.272+00:00,2026-09-21T07:59:01.272+00:00,True,5,5.0,,5.0,47521.448494000004,47521.448494000004,47521.448494000004,9504.289698800001,0.0,47521.448494000004,21252.237844367803,38017.158795200005,0.0,0.0,0.10521564805902946,22,64,,False,True,,28,59.56268577710819
34,2026-09-21T07:58:13.992+00:00,2026-09-21T07:59:02.530+00:00,2026-09-21T07:59:03.003+00:00,True,9,9.0,,9.0,48537.769009999996,49010.35269,49010.352729,5445.594747666666,36.366264,48537.769009999996,16159.570486347005,29156.301805599996,59.07296,13.775878689276391,0.18363467116686036,22,64,,False,True,,28,59.56268577710819
35,2026-09-21T07:58:14.445+00:00,2026-09-21T07:59:05.642+00:00,2026-09-21T07:59:06.804+00:00,True,34,34.0,,34.0,51196.860566,52359.22063,52359.220646,1539.9770778235295,0.01537,51196.860566,8774.223245055491,107.84801104999998,35.22303224242424,36.790465613912986,0.6493603149722819,22,64,,False,True,,81,59.56268577710819
36,2026-09-21T07:58:14.723+00:00,2026-09-21T07:59:06.389+00:00,2026-09-21T07:59:08.525+00:00,True,35,35.0,,35.0,51665.841684,53801.812244,53801.812276,1537.194636457143,42.373324999999994,51665.841684,8722.507108796937,76.065718,62.82266352941176,9.37750470174467,0.6505357076313579,22,64,,False,True,,105,59.56268577710819
37,2026-09-21T07:58:15.147+00:00,2026-09-21T07:59:08.583+00:00,2026-09-21T07:59:11.246+00:00,True,43,43.0,,43.0,53436.088118,56099.73535,56099.735365,1304.645008488372,0.0,53436.088118,8140.8378646267465,119.1833546,63.420172190476194,162.4451483565714,0.7664920294494758,22,64,,False,True,,129,59.56268577710819
38,2026-09-21T07:58:15.429+00:00,2026-09-21T07:59:10.329+00:00,2026-09-21T07:59:13.334+00:00,True,56,56.0,,56.0,54900.35297,57905.386442,57905.386448,1034.024758,0.0,54900.35297,7329.109831413567,80.10100725,54.63697221818182,25.262241486805003,0.967094832465914,22,64,,False,True,,224,59.56268577710819
39,2026-09-21T07:58:15.786+00:00,2026-09-21T07:59:12.117+00:00,2026-09-21T07:59:17.504+00:00,True,85,85.0,,85.0,56330.604014,61718.241773999995,61718.241918,726.0969637411764,45.105254,56330.604014,6102.963268457723,79.940191,64.13854476190477,10.071630563938633,1.3772265307111826,22,64,,False,True,,1079,59.56268577710819
40,2026-09-21T07:58:16.056+00:00,2026-09-21T07:59:13.687+00:00,2026-09-21T07:59:17.454+00:00,True,60,60.0,,60.0,57631.252684,61397.90766,61397.907655,1023.2984609166666,41.890694,57631.252684,7431.9279147673,81.865251,63.84160976271187,10.362788667669037,0.9772319983973865,22,64,,False,True,,242,59.56268577710819
41,2026-09-21T07:58:16.387+00:00,2026-09-21T07:59:15.279+00:00,2026-09-21T07:59:16.172+00:00,True,15,15.0,,15.0,58892.079829,59784.831701,59784.831727000004,3985.6554484666667,48.531824,58892.079829,15189.407717259937,17721.1899339,63.767990857142856,9.766269651243688,0.250899761247452,22,64,,False,True,,165,59.56268577710819
42,2026-09-21T07:58:16.664+00:00,2026-09-21T07:59:16.666+00:00,2026-09-21T07:59:17.844+00:00,True,20,20.0,,20.0,60002.121023,61180.348991,61180.348967,3059.01744835,45.491074,60002.121023,13403.019150528395,3075.1056698,62.01199831578948,9.684104048281672,0.3269023523050207,22,64,,False,True,,62,59.56268577710819
43,2026-09-21T07:58:17.118+00:00,2026-09-21T07:59:19.357+00:00,2026-09-21T07:59:22.830+00:00,True,59,59.0,,59.0,62239.489233,65712.302289,65712.302298,1113.767835559322,0.0,62239.489233,8096.375541697635,140.9841951,59.8760871724138,145.18657180501924,0.8978531864630224,22,64,,False,True,,259,59.56268577710819
44,2026-09-21T07:58:17.544+00:00,2026-09-21T07:59:21.424+00:00,2026-09-21T07:59:27.332+00:00,True,93,93.0,,93.0,63880.329139,69788.129971,69788.130099,750.4100010645161,41.648004,63880.329139,6617.430011959905,79.447709,64.21522643478261,9.859288057940443,1.3326048432397535,22,64,,False,True,,558,59.56268577710819
45,2026-09-21T07:58:17.955+00:00,2026-09-21T07:59:23.844+00:00,2026-09-21T07:59:25.095+00:00,True,20,20.0,,20.0,65889.22158,67139.882188,67139.88206,3356.994103,45.040464,65889.22158,14718.56167359629,3368.6132311499996,65.82424252631579,8.947371827810018,0.2978855390898292,22,64,,False,True,,32,59.56268577710819
46,2026-09-21T07:58:18.215+00:00,2026-09-21T07:59:25.155+00:00,2026-09-21T07:59:29.417+00:00,True,67,67.0,,67.0,66940.518969,71202.337593,71202.337543,1062.7214558656715,44.307094,66940.518969,8170.202304596133,79.5118067,64.57300945454546,9.240032360676029,0.9409803422884652,22,64,,False,True,,201,59.56268577710819
47,2026-09-21T07:58:18.643+00:00,2026-09-21T07:59:27.481+00:00,2026-09-21T07:59:33.325+00:00,True,93,93.0,,93.0,68837.75921799999,74681.694194,74681.69430199999,803.0289709892472,0.0,68837.75921799999,7132.863576294314,79.53556139999999,63.521032347826086,137.30510470022836,1.2452850863079605,22,64,,False,True,,1023,59.56268577710819
48,2026-09-21T07:58:18.934+00:00,2026-09-21T07:59:28.778+00:00,2026-09-21T07:59:32.838+00:00,True,65,65.0,,65.0,69844.726912,73904.755328,73904.755339,1136.9962359846154,0.0,69844.726912,8656.83780674547,81.610093,63.437944,164.25895930159703,0.879510387545708,22,64,,False,True,,135,59.56268577710819
49,2026-09-21T07:58:19.309+00:00,2026-09-21T07:59:30.894+00:00,2026-09-21T07:59:36.602+00:00,True,92,92.0,,92.0,71584.535579,77293.029659,77293.029731,840.1416275108696,0.0,71584.535579,7459.594832963086,185.08409615,62.73070417582417,210.2583560286866,1.1902755061599206,22,64,,False,True,,291,59.56268577710819
50,2026-09-21T07:58:19.563+00:00,2026-09-21T07:59:32.839+00:00,2026-09-21T07:59:32.839+00:00,True,1,1.0,,1.0,73276.126144,73276.126144,73276.126144,73276.126144,73276.126144,73276.126144,nan,73276.126144,nan,nan,0.013647009641787432,22,64,,False,True,,2,59.56268577710819
51,2026-09-21T07:58:19.973+00:00,2026-09-21T07:59:34.786+00:00,2026-09-21T07:59:39.500+00:00,True,81,81.0,,81.0,74813.05579299999,79527.67518499999,79527.67540699999,981.8231531728394,0.01575,74813.05579299999,8306.097019346253,131.047761,58.932742399999995,37.444669670660275,1.0185133642040338,22,64,,False,True,,81,59.56268577710819
52,2026-09-21T07:58:20.263+00:00,2026-09-21T07:59:35.978+00:00,2026-09-21T07:59:40.584+00:00,True,75,75.0,,75.0,75715.915968,80321.690048,80321.689963,1070.9558661733333,14.144060999999999,75715.915968,8735.75180745058,79.4277823,62.240190270270276,17.75147036778545,0.9337452928988449,22,64,,False,True,,154,59.56268577710819
53,2026-09-21T07:58:20.581+00:00,2026-09-21T07:59:37.446+00:00,2026-09-21T07:59:38.987+00:00,True,26,26.0,,26.0,76865.169374,78406.05564600001,78406.05553900001,3015.6175207307692,39.323313999999996,76865.169374,15062.416595047682,78.511512,61.63545088,11.691820566108344,0.33160703960659477,22,64,,False,True,,26,59.56268577710819
54,2026-09-21T07:58:20.863+00:00,2026-09-21T07:59:39.301+00:00,2026-09-21T07:59:41.700+00:00,True,39,39.0,,39.0,78438.090858,80837.473386,80837.473479,2072.755730230769,38.885673000000004,78438.090858,12550.040558025998,78.47881699999999,63.141645473684214,10.932533947416887,0.4824495171165789,22,64,,False,True,,156,59.56268577710819
55,2026-09-21T07:58:21.145+00:00,2026-09-21T07:59:40.644+00:00,2026-09-21T07:59:46.994+00:00,True,83,83.0,,83.0,79499.133156,85848.563172,85848.563304,1034.3200398072288,0.0,79499.133156,8719.685487075456,83.08049009999999,77.43207336585365,188.89203847620385,0.9668187437651947,22,64,,False,True,,906,59.56268577710819
56,2026-09-21T07:58:21.397+00:00,2026-09-21T07:59:41.841+00:00,2026-09-21T07:59:42.865+00:00,True,17,17.0,,17.0,80443.697845,81467.25752500001,81467.25752500001,4792.191619117647,42.314434,80443.697845,19494.949729756507,16148.8919898,63.97248,10.78756351159686,0.2086727909649245,22,64,,False,True,,60,59.56268577710819
57,2026-09-21T07:58:21.821+00:00,2026-09-21T07:59:43.928+00:00,2026-09-21T07:59:46.963+00:00,True,39,39.0,,39.0,82106.29118500001,85141.10744100001,85141.107652,2183.105324410257,0.0,82106.29118500001,13137.565781465546,244.59263349999998,79.86358568421052,276.1070355724987,0.45806310455881394,22,64,,False,True,,117,59.56268577710819
58,2026-09-21T07:58:22.156+00:00,2026-09-21T07:59:46.958+00:00,2026-09-21T07:59:51.166+00:00,True,87,87.0,,87.0,84801.967036,89009.721276,89009.721156,1023.1002431724138,0.0,84801.967036,9086.521130470668,75.88574,48.92737488372093,27.62729412502908,0.9774213282865106,22,64,,False,True,,262,59.56268577710819
59,2026-09-21T07:58:22.492+00:00,2026-09-21T07:59:47.490+00:00,2026-09-21T07:59:54.161+00:00,True,96,96.0,,96.0,84997.394719,91668.201759,91668.20179600001,954.8771020416667,0.01533,84997.394719,8668.99661301515,77.37937849999999,70.21902147368421,142.1363240456565,1.0472551894536832,22,64,,False,True,,192,59.56268577710819
61,2026-09-21T07:58:23.341+00:00,2026-09-21T07:59:50.606+00:00,2026-09-21T07:59:54.623+00:00,True,60,60.0,,60.0,87265.849824,91282.75760000001,91282.757607,1521.37929345,0.01589,87265.849824,11258.546125927824,138.42240900000002,68.08318264406779,176.6771360194238,0.6572982847748674,22,64,,False,True,,243,59.56268577710819
60,2026-09-21T07:58:23.311+00:00,2026-09-21T07:59:50.974+00:00,2026-09-21T07:59:52.328+00:00,True,22,22.0,,22.0,87662.73642,89016.552228,89016.552379,4046.206926318182,50.105975,87662.73642,18676.01525000522,76.7886845,64.46741942857143,7.794594532402597,0.24714504717786565,22,64,,False,True,,67,59.56268577710819
62,2026-09-21T07:58:23.676+00:00,2026-09-21T07:59:54.211+00:00,2026-09-21T07:59:59.470+00:00,True,99,99.0,,99.0,90535.259607,95794.127831,95794.12767,967.6174512121212,0.01589,90535.259607,9093.892274466267,101.6789744,53.66192065306122,52.42107702580416,1.033466270235852,22,64,,False,True,,403,59.56268577710819
63,2026-09-21T07:58:23.971+00:00,2026-09-21T07:59:55.078+00:00,2026-09-21T07:59:57.963+00:00,True,48,48.0,,48.0,91107.291682,93991.487522,93991.487516,1958.1559899166666,0.01979,91107.291682,13141.375592668182,109.04464365,61.365868936170216,27.493659197235324,0.5106845445845821,22,64,,False,True,,144,59.56268577710819
64,2026-09-21T07:58:24.348+00:00,2026-09-21T07:59:56.950+00:00,2026-09-21T08:00:03.111+00:00,True,99,99.0,,99.0,92602.174648,98763.10572,98763.10575,997.6071287878788,0.0,92602.174648,9302.45389750344,79.57354300000002,62.866643591836734,189.14528979714763,1.0023986110832885,22,64,,False,True,,341,59.56268577710819
65,2026-09-21T07:58:24.709+00:00,2026-09-21T07:59:58.762+00:00,2026-09-21T08:00:02.870+00:00,True,60,60.0,,60.0,94053.1336,98160.47977600001,98160.479951,1636.0079991833334,0.0,94053.1336,12135.608570472374,81.43515055,69.61603688135592,242.83454906238393,0.6112439561921319,22,64,,False,True,,198,59.56268577710819
66,2026-09-21T07:58:25.087+00:00,2026-09-21T08:00:00.911+00:00,2026-09-21T08:00:03.996+00:00,True,49,49.0,,49.0,95824.78145000001,98909.64109800001,98909.64130100001,2018.5641081836736,0.0,95824.78145000001,13682.749358276451,75.35479459999999,64.26790933333334,273.4606357944579,0.4954016560574781,22,64,,False,True,,231,59.56268577710819
67,2026-09-21T07:58:25.384+00:00,2026-09-21T08:00:02.884+00:00,2026-09-21T08:00:03.557+00:00,True,22,22.0,,22.0,97500.240472,98173.78876000001,98173.78882100001,4462.444946409091,0.0,97500.240472,20780.30752701283,79.59904999999999,32.073728,32.735100874912554,0.22409240060788704,22,64,,False,True,,264,59.56268577710819
68,2026-09-21T07:58:25.739+00:00,2026-09-21T08:00:04.003+00:00,2026-09-21T08:00:05.500+00:00,True,24,24.0,,24.0,98264.232424,99761.668328,99761.668495,4156.736187291666,50.471585,98264.232424,20044.814619857927,80.09338800000002,65.10590886956521,8.8266650909854,0.24057336251727404,22,64,,False,True,,47,59.56268577710819
69,2026-09-21T07:58:26.019+00:00,2026-09-21T08:00:05.428+00:00,2026-09-21T08:00:11.080+00:00,True,92,92.0,,92.0,99409.2947,105061.43294,105061.432907,1141.9720968152174,42.483324,99409.2947,10357.664006018033,77.02402445,62.11140923076923,9.323233765510842,0.8756781382616463,22,64,,False,True,,276,59.56268577710819
70,2026-09-21T07:58:26.274+00:00,2026-09-21T08:00:06.488+00:00,2026-09-21T08:00:10.954+00:00,True,74,74.0,,74.0,100213.516057,104679.790617,104679.79068,1414.591765945946,41.502764000000006,100213.516057,11642.476269653358,78.1530185,61.18184328767123,9.598804477041165,0.706917730383599,22,64,,False,True,,444,59.56268577710819
71,2026-09-21T07:58:26.540+00:00,2026-09-21T08:00:07.921+00:00,2026-09-21T08:00:08.892+00:00,True,17,17.0,,17.0,101381.361415,102352.59315900001,102352.593141,6020.740773,49.502624000000004,101381.361415,24573.87081171938,20338.2596566,60.701984,8.404060003363009,0.16609251876590256,22,64,,True,True,,34,59.56268577710819
72,2026-09-21T07:58:26.934+00:00,2026-09-21T08:00:10.181+00:00,2026-09-21T08:00:15.523+00:00,True,85,85.0,,85.0,103246.928413,108589.423389,108589.423433,1277.5226286235295,42.278353,103246.928413,11191.80814415816,79.98771119999999,63.60113066666666,10.568865177676704,0.7827650000083748,22,64,,True,True,,508,59.56268577710819
73,2026-09-21T07:58:27.380+00:00,2026-09-21T08:00:12.331+00:00,2026-09-21T08:00:16.212+00:00,True,63,63.0,,63.0,104950.087096,108831.242168,108831.242327,1727.480036936508,46.009624,104950.087096,13214.584280998208,76.875072,62.59927535483871,8.868945133400022,0.5788778915410018,22,64,,True,True,,252,59.56268577710819
74,2026-09-21T07:58:27.636+00:00,2026-09-21T08:00:13.793+00:00,2026-09-21T08:00:15.331+00:00,True,26,26.0,,26.0,106157.074698,107694.40896999999,107694.408963,4142.092652423077,45.281684,106157.074698,20807.05745521207,78.33910425,61.49337088,9.518389119490301,0.24142386079896422,22,64,,True,True,,104,59.56268577710819
75,2026-09-21T07:58:28.056+00:00,2026-09-21T08:00:16.140+00:00,2026-09-21T08:00:21.590+00:00,True,86,86.0,,86.0,108084.281521,113534.356401,113534.356437,1320.1669353139534,41.692183,108084.281521,11648.117421881607,76.58410749999999,64.118528,9.31970664387922,0.7574799622437682,22,64,,True,True,,172,59.56268577710819
76,2026-09-21T07:58:28.412+00:00,2026-09-21T08:00:17.777+00:00,2026-09-21T08:00:22.391+00:00,True,74,74.0,,74.0,109364.925427,113978.744819,113978.74472999999,1540.2533071621622,45.464183,109364.925427,12706.07068352015,77.351023,63.203005369863014,9.551976110355763,0.6492438578571219,22,64,,True,True,,74,59.56268577710819
77,2026-09-21T07:58:28.839+00:00,2026-09-21T08:00:20.067+00:00,2026-09-21T08:00:20.664+00:00,True,10,10.0,,10.0,111228.343803,111825.324795,111825.324888,11182.5324888,53.977604,111228.343803,35152.51604035766,61210.371605399996,66.33122133333333,9.491372022500435,0.08942518180324682,22,64,,True,True,,28,59.56268577710819
78,2026-09-21T07:58:29.125+00:00,2026-09-21T08:00:21.339+00:00,2026-09-21T08:00:24.382+00:00,True,50,50.0,,50.0,112213.749288,115256.87658400001,115256.87650500001,2305.1375301000003,45.661303,112213.749288,15860.640568025106,78.270948,62.10463869387755,9.652561551425729,0.43381359517893625,22,64,,True,True,,200,59.56268577710819
79,2026-09-21T07:58:29.482+00:00,2026-09-21T08:00:23.119+00:00,2026-09-21T08:00:28.867+00:00,True,92,92.0,,92.0,113637.142143,119384.797055,119384.79685,1297.660835326087,42.190903,113637.142143,11840.909927364644,78.07699050000001,63.16104298901099,9.62206558645586,0.7706173840343845,22,64,,True,True,,828,59.56268577710819
80,2026-09-21T07:58:29.783+00:00,2026-09-21T08:00:24.760+00:00,2026-09-21T08:00:25.574+00:00,True,14,14.0,,14.0,114976.30539200001,115790.221296,115790.221283,8270.730091642858,48.999014,114976.30539200001,30711.978440802228,40292.53078110001,62.6089156923077,8.96397729535998,0.12090831024677931,22,64,,True,True,,58,59.56268577710819
81,2026-09-21T07:58:30.085+00:00,2026-09-21T08:00:26.514+00:00,2026-09-21T08:00:29.543+00:00,True,49,49.0,,49.0,116428.837242,119458.23320999999,119458.23312799999,2437.9231250612243,46.698893,116428.837242,16623.677696351217,78.37733399999999,63.112416,9.611954037386358,0.41018520601975683,22,64,,True,True,,153,59.56268577710819
82,2026-09-21T07:58:30.539+00:00,2026-09-21T08:00:28.682+00:00,2026-09-21T08:00:31.735+00:00,True,50,50.0,,50.0,118143.32851600001,121195.606276,121195.60618300001,2423.9121236600004,41.255292999999995,118143.32851600001,16699.183302837075,79.1001635,62.29138285714286,9.918237833473444,0.41255621005050697,22,64,,True,True,,200,59.56268577710819
83,2026-09-21T07:58:30.804+00:00,2026-09-21T08:00:30.341+00:00,2026-09-21T08:00:31.683+00:00,True,22,22.0,,22.0,119537.263983,120878.915951,120878.915902,5494.496177363636,48.69939299999999,119537.263983,25471.810546990015,77.93318104999999,63.88818895238096,8.150078628694564,0.18200030854775381,22,64,,True,True,,99,59.56268577710819
84,2026-09-21T07:58:31.165+00:00,2026-09-21T08:00:32.003+00:00,2026-09-21T08:00:34.048+00:00,True,32,32.0,,32.0,120838.603858,122883.066706,122883.06667,3840.0958334375,45.602703999999996,120838.603858,21349.792111232426,76.61928800000001,65.9504144516129,8.278000367966598,0.26041016763164443,22,64,,True,True,,176,59.56268577710819
85,2026-09-21T07:58:31.487+00:00,2026-09-21T08:00:33.501+00:00,2026-09-21T08:00:38.911+00:00,True,88,88.0,,88.0,122013.82662600001,127424.196418,127424.19651800001,1448.002233159091,42.509883,122013.82662600001,13000.092177458597,78.29467849999999,62.18815852873563,10.045482702827364,0.6906066702694864,22,64,,True,True,,383,59.56268577710819
86,2026-09-21T07:58:31.774+00:00,2026-09-21T08:00:34.692+00:00,2026-09-21T08:00:39.823+00:00,True,84,84.0,,84.0,122917.717705,128048.416713,128048.416696,1524.3859130476192,43.686144,122917.717705,13404.68098829568,77.22690635,61.815650698795174,9.191956067972987,0.6560018636409425,22,64,,True,True,,258,59.56268577710819
87,2026-09-21T07:58:32.186+00:00,2026-09-21T08:00:37.061+00:00,2026-09-21T08:00:40.749+00:00,True,59,59.0,,59.0,124874.945008,128562.617328,128562.61714199999,2179.0274091864408,44.676943,124874.945008,16249.058531154667,77.91086299999999,63.58055724137931,9.817845229838342,0.45892033956864875,22,64,,True,True,,354,59.56268577710819
88,2026-09-21T07:58:32.577+00:00,2026-09-21T08:00:38.985+00:00,2026-09-21T08:00:41.534+00:00,True,40,40.0,,40.0,126408.02623999999,128956.55769599999,128956.557519,3223.913937975,50.129353,126408.02623999999,19976.533719914372,79.71754589999999,65.34696041025641,9.29853845099132,0.3101819768971759,22,64,,True,True,,162,59.56268577710819
89,2026-09-21T07:58:33.376+00:00,2026-09-21T08:00:40.824+00:00,2026-09-21T08:00:42.931+00:00,True,33,33.0,,33.0,127447.334904,129555.158776,129555.1588,3925.913903030303,44.268133999999996,127447.334904,22174.269504373362,84.5287604,65.869496,10.897468593871587,0.25471776123602136,22,64,,True,True,,63,59.56268577710819
90,2026-09-21T07:58:33.467+00:00,2026-09-21T08:00:42.850+00:00,2026-09-21T08:00:44.610+00:00,True,28,28.0,,28.0,129382.837805,131143.470381,131143.470326,4683.695368785714,46.706353,129382.837805,24438.736794983914,79.895424,65.20861392592593,10.102125791392886,0.2135066268923186,22,64,,True,True,,112,59.56268577710819
91,2026-09-21T07:58:33.600+00:00,2026-09-21T08:00:44.678+00:00,2026-09-21T08:00:48.422+00:00,True,59,59.0,,59.0,131078.21318700002,134822.71725100002,134822.71738500003,2285.1308031355934,41.273043,131078.21318700002,17056.52769182052,78.38718910000001,64.56041489655172,10.057496844287648,0.4376117111640722,22,64,,True,True,,295,59.56268577710819
92,2026-09-21T07:58:33.953+00:00,2026-09-21T08:00:46.601+00:00,2026-09-21T08:00:51.241+00:00,True,74,74.0,,74.0,132647.780354,137287.86534599998,137287.865498,1855.2414256486484,47.955553,132647.780354,15412.604599048867,75.91375385,63.56280810958904,8.6153105828258,0.5390134067093356,22,64,,True,True,,299,59.56268577710819
93,2026-09-21T07:58:34.325+00:00,2026-09-21T08:00:48.421+00:00,2026-09-21T08:00:51.653+00:00,True,52,52.0,,52.0,134096.36324,137328.137704,137328.13788,2640.9257284615387,45.592133000000004,134096.36324,18587.03407448534,78.05921599999999,63.36812674509804,8.493354242918636,0.37865510207443365,22,64,,True,True,,52,59.56268577710819
94,2026-09-21T07:58:34.741+00:00,2026-09-21T08:00:50.939+00:00,2026-09-21T08:00:55.612+00:00,True,75,75.0,,75.0,136198.16943399998,140871.67189799997,140871.67197099997,1878.2889596133332,41.387392999999996,136198.16943399998,15719.52008270086,76.907023,63.1554387027027,9.254816146204139,0.5323994454634198,22,64,,True,True,,226,59.56268577710819
95,2026-09-21T07:58:35.156+00:00,2026-09-21T08:00:52.984+00:00,2026-09-21T08:00:53.905+00:00,True,15,15.0,,15.0,137827.957993,138749.319657,138749.319651,9249.954643399999,50.433514,137827.957993,35570.03428988558,41402.0651311,65.81154742857143,8.87602926902497,0.10810863820508285,22,64,,True,True,,75,59.56268577710819
96,2026-09-21T07:58:35.498+00:00,2026-09-21T08:00:54.781+00:00,2026-09-21T08:01:00.587+00:00,True,93,93.0,,93.0,139282.95447,145088.723942,145088.723772,1560.0938039999999,39.951993,139282.95447,14436.429340641975,78.77126999999999,63.10618991304348,10.22117685128295,0.64098709722733,22,64,,True,True,,463,59.56268577710819
97,2026-09-21T07:58:35.880+00:00,2026-09-21T08:00:56.921+00:00,2026-09-21T08:00:59.483+00:00,True,41,41.0,,41.0,141041.12038,143603.357564,143603.35764,3502.5209180487805,42.541493,141041.12038,22016.920854868014,76.65256600000001,64.0559296,10.323823039219523,0.2855086447524561,22,64,,True,True,,164,59.56268577710819
98,2026-09-21T07:58:36.168+00:00,2026-09-21T08:00:58.426+00:00,2026-09-21T08:01:03.200+00:00,True,75,75.0,,75.0,142257.793633,147032.32188899998,147032.321867,1960.4309582266667,43.809563000000004,142257.793633,16419.06839679799,77.37857869999999,64.52065210810811,10.809693762277867,0.5100919242547242,22,64,,True,True,,225,59.56268577710819
99,2026-09-21T07:58:36.596+00:00,2026-09-21T08:01:00.439+00:00,2026-09-21T08:01:05.462+00:00,True,80,80.0,,80.0,143843.41317699998,148866.10962499998,148866.10951999997,1860.8263689999997,43.588723,143843.41317699998,16075.077186761904,76.3394875,63.57843605063291,9.838918638161953,0.537395651713633,22,64,,True,True,,814,59.56268577710819
100,2026-09-21T07:58:36.982+00:00,2026-09-21T08:01:02.458+00:00,2026-09-21T08:01:06.763+00:00,True,70,70.0,,70.0,145476.01450699999,149780.68343499998,149780.68353699998,2139.7240505285713,41.575163,145476.01450699999,17380.2552388855,76.39636899999999,62.386506202898545,9.203911341918463,0.46734998395422434,22,64,,True,True,,70,59.56268577710819
101,2026-09-21T07:58:37.418+00:00,2026-09-21T08:01:04.759+00:00,2026-09-21T08:01:08.069+00:00,True,54,54.0,,54.0,147341.353983,150650.460159,150650.460239,2789.8233377592596,44.386213000000005,147341.353983,20042.12433410104,77.8718392,62.43596558490566,9.409164586004282,0.3584456359642522,22,64,,True,True,,216,59.56268577710819
102,2026-09-21T07:58:37.869+00:00,2026-09-21T08:01:07.073+00:00,2026-09-21T08:01:07.533+00:00,True,8,8.0,,8.0,149204.323258,149664.046266,149664.04632199998,18708.005790249998,56.152663999999994,149204.323258,52728.47540374288,97009.24815729998,65.67471542857143,8.194899468787131,0.05345305168204185,22,64,,True,True,,8,59.56268577710819
103,2026-09-21T07:58:38.145+00:00,2026-09-21T08:01:08.940+00:00,2026-09-21T08:01:09.118+00:00,True,4,4.0,,4.0,150795.152748,150973.480556,150973.480641,37743.37016025,47.080163,150795.152748,75367.85573422124,128186.65002254998,59.442602666666666,12.36057640847632,0.026494719372362193,22,64,,True,True,,8,59.56268577710819
104,2026-09-21T07:58:38.400+00:00,2026-09-21T08:01:10.226+00:00,2026-09-21T08:01:15.442+00:00,True,82,82.0,,82.0,151826.285667,157042.423139,157042.423144,1915.1515017560973,49.846364,151826.285667,16759.300108718882,79.31788555000001,64.39675891358024,10.284463392601465,0.5221519024029634,22,64,,True,True,,354,59.56268577710819
105,2026-09-21T07:58:38.822+00:00,2026-09-21T08:01:12.816+00:00,2026-09-21T08:01:17.181+00:00,True,69,69.0,,69.0,153993.187355,158358.542875,158358.543019,2295.051348101449,40.692903,153993.187355,18530.876116952495,79.7860496,64.19640470588236,11.017461589553756,0.4357200991326689,22,64,,True,True,,215,59.56268577710819
106,2026-09-21T07:58:39.170+00:00,2026-09-21T08:01:14.643+00:00,2026-09-21T08:01:16.980+00:00,True,38,38.0,,38.0,155472.997255,157810.891399,157810.891488,4152.9181970526315,43.949152999999995,155472.997255,25210.802399820368,77.78708265000002,63.18632821621621,10.216159796624863,0.24079453365435333,22,64,,True,True,,116,59.56268577710819
107,2026-09-21T07:58:39.569+00:00,2026-09-21T08:01:16.835+00:00,2026-09-21T08:01:18.965+00:00,True,34,34.0,,34.0,157266.535146,159396.286442,159396.286434,4688.126071588235,42.529074,157266.535146,26959.922094759662,85.17007770000001,64.53791806060606,10.515378097876848,0.2133048439141126,22,64,,True,True,,68,59.56268577710819
108,2026-09-21T07:58:39.958+00:00,2026-09-21T08:01:18.790+00:00,2026-09-21T08:01:21.706+00:00,True,48,48.0,,48.0,158832.55441100002,161747.60439500003,161747.60454800003,3369.741761416667,43.527654000000005,158832.55441100002,22916.554505352513,78.14997265,62.02234008510638,10.029901969731057,0.2967586455424732,22,64,,True,True,,166,59.56268577710819
109,2026-09-21T07:58:40.333+00:00,2026-09-21T08:01:20.621+00:00,2026-09-21T08:01:24.864+00:00,True,68,68.0,,68.0,160288.088399,164530.563407,164530.563473,2419.567109897059,46.727493,160288.088399,19430.10935050869,76.74922905,63.32052250746269,9.398238977263228,0.41329707132764193,22,64,,True,True,,741,59.56268577710819
110,2026-09-21T07:58:40.596+00:00,2026-09-21T08:01:22.267+00:00,2026-09-21T08:01:26.213+00:00,True,63,63.0,,63.0,161671.29189700002,165616.898809,165616.89881900002,2628.839663793651,44.479332,161671.29189700002,20360.65292718598,78.3964099,63.63882116129032,10.071630187749308,0.3803959647418324,22,64,,True,True,,376,59.56268577710819
111,2026-09-21T07:58:41.045+00:00,2026-09-21T08:01:24.412+00:00,2026-09-21T08:01:26.406+00:00,True,33,33.0,,33.0,163366.393455,165360.622447,165360.622443,5010.927952818182,45.171052,163366.393455,28427.59190793756,79.6365526,62.319656,9.485190623395896,0.19956383516019288,22,64,,True,True,,33,59.56268577710819
112,2026-09-21T07:58:41.438+00:00,2026-09-21T08:01:26.404+00:00,2026-09-21T08:01:30.478+00:00,True,66,66.0,,66.0,164966.527032,169040.386104,169040.386082,2561.217970939394,42.035693,164966.527032,20298.263085693296,77.50704400000001,62.674754953846154,9.172637595216282,0.3904392407113548,22,64,,True,True,,198,59.56268577710819
113,2026-09-21T07:58:41.798+00:00,2026-09-21T08:01:28.182+00:00,2026-09-21T08:01:28.182+00:00,True,1,1.0,,1.0,166383.815941,166383.815941,166383.815941,166383.815941,166383.815941,166383.815941,nan,166383.815941,nan,nan,0.006010199936480612,22,64,,True,True,,4,59.56268577710819
114,2026-09-21T07:58:42.202+00:00,2026-09-21T08:01:29.961+00:00,2026-09-21T08:01:30.016+00:00,True,2,2.0,,2.0,167758.26676499998,167813.88762899998,167813.88770799997,83906.94385399998,55.620943,167758.26676499998,118583.67808366202,159373.1344739,55.620864,nan,0.011917964765952895,22,64,,True,True,,11,59.56268577710819
115,2026-09-21T07:58:42.508+00:00,2026-09-21T08:01:31.773+00:00,2026-09-21T08:01:36.931+00:00,True,83,83.0,,83.0,169264.72632100002,174423.19236900003,174423.19254900003,2101.4842475783134,44.010352,169264.72632100002,18572.314628947068,75.758903,62.90812253658537,9.230299926693371,0.47585415031511297,22,64,,True,True,,913,59.56268577710819
116,2026-09-21T07:58:43.577+00:00,2026-09-21T08:01:34.073+00:00,2026-09-21T08:01:39.802+00:00,True,90,90.0,,90.0,170496.191014,176224.77111,176224.771084,1958.0530120444446,43.593852,170496.191014,17965.09427497056,76.6007355,64.36606849438202,9.57198880190964,0.5107114024498959,22,64,,True,True,,179,59.56268577710819
117,2026-09-21T07:58:43.592+00:00,2026-09-21T08:01:36.699+00:00,2026-09-21T08:01:40.983+00:00,True,68,68.0,,68.0,173107.29004499997,177390.38738899998,177390.38754699996,2608.6821698088233,45.721392,173107.29004499997,20984.592190913154,77.36951985,63.926826029850744,9.374844961870439,0.3833353148436537,22,64,,True,True,,319,59.56268577710819
118,2026-09-21T07:58:43.622+00:00,2026-09-21T08:01:37.270+00:00,2026-09-21T08:01:43.420+00:00,True,99,99.0,,99.0,173647.922954,179797.92001,179797.920046,1816.1406065252527,43.760152000000005,173647.922954,17445.968472501525,76.85287799999999,62.755072,9.7263010962828,0.5506181606244044,22,64,,True,True,,198,59.56268577710819
119,2026-09-21T07:58:43.983+00:00,2026-09-21T08:01:39.149+00:00,2026-09-21T08:01:42.279+00:00,True,51,51.0,,51.0,175166.491836,178296.283068,178296.283135,3496.0055516666666,48.332713000000005,175166.491836,24519.45126288205,75.96047399999999,62.595824640000004,8.491657003919578,0.2860407358046227,22,64,,True,True,,153,59.56268577710819
120,2026-09-21T07:58:44.443+00:00,2026-09-21T08:01:41.307+00:00,2026-09-21T08:01:46.328+00:00,True,83,83.0,,83.0,176864.622648,181885.20556,181885.205677,2191.388020204819,42.164201999999996,176864.622648,19406.69651943874,76.288975,61.22662087804878,10.089966747993712,0.45633178215047343,22,64,,True,True,,380,59.56268577710819
121,2026-09-21T07:58:44.812+00:00,2026-09-21T08:01:43.349+00:00,2026-09-21T08:01:49.248+00:00,True,95,95.0,,95.0,178537.47976699998,184436.300375,184436.30058599997,1941.434743010526,45.320362,178537.47976699998,18311.122616885805,76.406169,62.75341072340426,8.718550904148318,0.5150829842435783,22,64,,True,True,,192,59.56268577710819
122,2026-09-21T07:58:45.153+00:00,2026-09-21T08:01:44.828+00:00,2026-09-21T08:01:48.094+00:00,True,53,53.0,,53.0,179675.470732,182941.116812,182941.11687899998,3451.719186396226,42.586762,179675.470732,24671.699287140833,77.904202,62.80088615384615,9.152367938979912,0.2897107054094658,22,64,,True,True,,580,59.56268577710819
123,2026-09-21T07:58:45.555+00:00,2026-09-21T08:01:46.919+00:00,2026-09-21T08:01:52.961+00:00,True,96,96.0,,96.0,181363.480824,187405.951224,187405.95125,1952.1453255208332,41.836771999999996,181363.480824,18503.843357538666,76.7560515,63.604951578947365,9.195891865849855,0.512256944739468,22,64,,True,True,,235,59.56268577710819
124,2026-09-21T07:58:45.881+00:00,2026-09-21T08:01:48.643+00:00,2026-09-21T08:01:49.138+00:00,True,9,9.0,,9.0,182761.638533,183257.197701,183257.19785899998,20361.91087322222,46.511223,182761.638533,60899.89832180227,109685.81183739999,61.944896,7.90913632987471,0.049111304292038124,22,64,,True,True,,45,59.56268577710819
125,2026-09-21T07:58:46.222+00:00,2026-09-21T08:01:50.788+00:00,2026-09-21T08:01:51.419+00:00,True,10,10.0,,10.0,184565.716074,185196.999274,185196.999298,18519.6999298,51.573733999999995,184565.716074,58342.62378833023,101548.98613395,70.14257777777777,9.872388735699403,0.05399655523146433,22,64,,True,True,,35,59.56268577710819
126,2026-09-21T07:58:46.673+00:00,2026-09-21T08:01:52.465+00:00,2026-09-21T08:01:56.108+00:00,True,58,58.0,,58.0,185792.76291800002,189434.89104600003,189434.891074,3266.11881162069,42.321653,185792.76291800002,24387.396860517754,79.11160414999999,63.896984701754384,9.954041399197273,0.3061737976554488,22,64,,True,True,,174,59.56268577710819
127,2026-09-21T07:58:47.020+00:00,2026-09-21T08:01:54.367+00:00,2026-09-21T08:02:00.612+00:00,True,99,99.0,,99.0,187346.433315,193591.597347,193591.597522,1955.470682040404,42.33141199999999,187346.433315,18822.622367588934,76.952749,63.72616359183674,8.904267407218349,0.511385831599649,22,64,,True,True,,199,59.56268577710819
128,2026-09-21T07:58:47.340+00:00,2026-09-21T08:01:55.989+00:00,2026-09-21T08:01:59.537+00:00,True,57,57.0,,57.0,188649.29571900002,192197.40605500003,192197.40603100002,3371.8843163333336,45.143561999999996,188649.29571900002,24978.818827114508,76.2470942,63.35911314285714,8.178160567392288,0.2965700795342089,22,64,,True,True,,285,59.56268577710819
129,2026-09-21T07:58:47.634+00:00,2026-09-21T08:01:57.609+00:00,2026-09-21T08:02:00.245+00:00,True,42,42.0,,42.0,189974.923877,192610.86986099998,192610.869668,4585.973087333333,45.958292,189974.923877,29303.84794989173,75.88845600000002,64.29136546341464,8.34490224176316,0.2180562292788035,22,64,,True,True,,126,59.56268577710819
130,2026-09-21T07:58:47.960+00:00,2026-09-21T08:01:59.170+00:00,2026-09-21T08:02:02.648+00:00,True,58,58.0,,58.0,191209.47639599998,194687.83133999998,194687.83121399998,3356.686745068965,45.307453,191209.47639599998,25099.022905987207,76.00896385,61.02377094736842,8.592057189717174,0.2979128156125467,22,64,,True,True,,272,59.56268577710819
131,2026-09-21T07:58:48.228+00:00,2026-09-21T08:02:00.611+00:00,2026-09-21T08:02:06.390+00:00,True,94,94.0,,94.0,192382.864245,198161.946229,198161.946298,2108.1058116808513,43.239302,192382.864245,19836.36982768641,75.94362365,62.14066649462365,8.468608613836743,0.47435949125858745,22,64,,True,True,,282,59.56268577710819
132,2026-09-21T07:58:48.620+00:00,2026-09-21T08:02:03.173+00:00,2026-09-21T08:02:05.198+00:00,True,33,33.0,,33.0,194552.795044,196577.733796,196577.733994,5956.901030121212,45.530112,194552.795044,33856.28020029169,79.8781066,63.279336,9.154453575505372,0.16787252229820696,22,64,,True,True,,71,59.56268577710819
133,2026-09-21T07:58:48.970+00:00,2026-09-21T08:02:04.829+00:00,2026-09-21T08:02:06.145+00:00,True,22,22.0,,22.0,195858.46933700002,197174.266585,197174.266608,8962.466664000001,51.320952,195858.46933700002,41743.80808463365,74.86025699999999,62.65701180952381,7.476812726624572,0.1115764261789,22,64,,True,True,,154,59.56268577710819
134,2026-09-21T07:58:49.391+00:00,2026-09-21T08:02:07.171+00:00,2026-09-21T08:02:13.265+00:00,True,97,97.0,,97.0,197779.81741999998,203874.64468399997,203874.64467999997,2101.8004606185564,44.934881999999995,197779.81741999998,20075.053419860855,77.44082519999999,63.487784,8.33391275046498,0.4757825582006399,22,64,,True,True,,97,59.56268577710819
135,2026-09-21T07:58:49.822+00:00,2026-09-21T08:02:09.388+00:00,2026-09-21T08:02:15.051+00:00,True,92,92.0,,92.0,199565.547036,205228.754972,205228.755102,2230.7473380652173,41.037422,199565.547036,20799.66048031584,76.77555894999999,62.23305424175824,9.557634917086208,0.44828026176230445,22,64,,True,True,,102,59.56268577710819
136,2026-09-21T07:58:50.080+00:00,2026-09-21T08:02:10.925+00:00,2026-09-21T08:02:12.768+00:00,True,30,30.0,,30.0,200844.74778099998,202687.739397,202687.73931099998,6756.257977033333,49.792673,200844.74778099998,36657.46433004648,76.80036249999999,63.551435034482765,8.154208879029609,0.1480109260148176,22,64,,True,True,,30,59.56268577710819
137,2026-09-21T07:58:50.343+00:00,2026-09-21T08:02:12.572+00:00,2026-09-21T08:02:16.731+00:00,True,66,66.0,,66.0,202229.819903,206388.007167,206388.007109,3127.09101680303,42.284583,202229.819903,24884.897985445336,79.66628649999998,63.97211175384616,10.911886221753043,0.3197860229669049,22,64,,True,True,,521,59.56268577710819
138,2026-09-21T07:58:50.741+00:00,2026-09-21T08:02:14.628+00:00,2026-09-21T08:02:19.620+00:00,True,79,79.0,,79.0,203887.36671399997,208878.774074,208878.77392299997,2644.035112949367,43.471892999999994,203887.36671399997,22931.923158539998,77.24554300000001,63.99240205128205,9.449368883566972,0.378209803031554,22,64,,True,True,,203,59.56268577710819
139,2026-09-21T07:58:51.061+00:00,2026-09-21T08:02:16.532+00:00,2026-09-21T08:02:19.444+00:00,True,47,47.0,,47.0,205471.718693,208382.753061,208382.75303,4433.675596382979,45.327032,205471.718693,29961.901050134504,77.08959870000001,63.283355826086954,9.180774157751125,0.2255464970569885,22,64,,True,True,,238,59.56268577710819
140,2026-09-21T07:58:51.435+00:00,2026-09-21T08:02:18.490+00:00,2026-09-21T08:02:21.136+00:00,True,43,43.0,,43.0,207054.371789,209700.671949,209700.671753,4876.759808209302,44.814523,207054.371789,31565.888766977063,78.90182,63.007146666666664,10.131159070078434,0.20505418318572563,22,64,,True,True,,83,59.56268577710819
141,2026-09-21T07:58:51.716+00:00,2026-09-21T08:02:20.057+00:00,2026-09-21T08:02:23.438+00:00,True,55,55.0,,55.0,208341.548295,211722.580231,211722.580409,3849.501461981818,40.218633000000004,208341.548295,28084.32794611931,76.40588,62.61170251851851,10.332836912847823,0.25977389818314245,22,64,,True,True,,385,59.56268577710819
142,2026-09-21T07:58:52.053+00:00,2026-09-21T08:02:21.686+00:00,2026-09-21T08:02:24.420+00:00,True,46,46.0,,46.0,209633.676089,212366.90207299998,212366.902086,4616.671784478261,40.754022,209633.676089,30899.845722973474,77.0869515,60.7383552,10.744151101526029,0.2166062580890677,22,64,,True,True,,99,59.56268577710819
143,2026-09-21T07:58:52.364+00:00,2026-09-21T08:02:23.359+00:00,2026-09-21T08:02:26.166+00:00,True,46,46.0,,46.0,210994.45529699998,213802.00448099998,213802.00448899998,4647.869662804347,44.767084000000004,210994.45529699998,31100.238089963106,79.32972224999999,62.389981866666666,10.59354391194258,0.21515233269989242,22,64,,True,True,,230,59.56268577710819
144,2026-09-21T07:58:52.743+00:00,2026-09-21T08:02:25.226+00:00,2026-09-21T08:02:28.616+00:00,True,56,56.0,,56.0,212483.791339,215873.837803,215873.837916,3854.889962785714,45.873011,212483.791339,28386.1059078895,78.8544595,61.637208436363636,9.457459538873051,0.25941077700718845,22,64,,True,True,,112,59.56268577710819
145,2026-09-21T07:58:53.624+00:00,2026-09-21T08:02:26.567+00:00,2026-09-21T08:02:29.153+00:00,True,44,44.0,,44.0,212943.84374,215529.41302,215529.41300300002,4898.395750068182,42.750752,212943.84374,32093.42845398001,73.185589,60.12951813953488,8.094517670726097,0.20414847042671166,22,64,,True,True,,220,59.56268577710819
146,2026-09-21T07:58:53.795+00:00,2026-09-21T08:02:30.618+00:00,2026-09-21T08:02:34.448+00:00,True,61,61.0,,61.0,216822.625347,220653.048643,220653.04858,3617.2630914754095,43.749042,216822.625347,27753.12021450217,78.618133,63.840388266666665,9.767675882996391,0.27645210603318426,22,64,,True,True,,276,59.56268577710819
147,2026-09-21T07:58:53.887+00:00,2026-09-21T08:02:30.876+00:00,2026-09-21T08:02:33.674+00:00,True,45,45.0,,45.0,216989.157597,219787.55324500002,219787.55316500002,4884.167848111111,44.409622000000006,216989.157597,32337.354516966934,78.2751548,63.59990109090909,10.435995120001154,0.2047431682804982,22,64,,True,True,,137,59.56268577710819
148,2026-09-21T07:58:54.185+00:00,2026-09-21T08:02:32.929+00:00,2026-09-21T08:02:36.847+00:00,True,62,62.0,,62.0,218743.96986800001,222661.90522800002,222661.90504500002,3591.3210491129034,44.013422,218743.96986800001,27772.356796951593,77.63480394999999,64.22844852459016,10.259486219249654,0.2784490680456255,22,64,,True,True,,186,59.56268577710819
149,2026-09-21T07:58:54.509+00:00,2026-09-21T08:02:34.445+00:00,2026-09-21T08:02:36.009+00:00,True,25,25.0,,25.0,219935.901236,221500.629812,221500.629781,8860.02519124,52.782272,219935.901236,43974.14158467426,77.9402098,65.197024,8.252018066421245,0.11286649623172133,22,64,,True,True,,76,59.56268577710819
150,2026-09-21T07:58:54.769+00:00,2026-09-21T08:02:36.083+00:00,2026-09-21T08:02:38.931+00:00,True,46,46.0,,46.0,221313.590107,224161.99919499998,224161.999198,4873.086939086957,43.837151,221313.590107,32621.577639574047,76.77058050000001,63.297979733333335,10.863002984190143,0.20520873370684162,22,64,,True,True,,191,59.56268577710819
151,2026-09-21T07:58:55.153+00:00,2026-09-21T08:02:37.770+00:00,2026-09-21T08:02:42.376+00:00,True,74,74.0,,74.0,222617.319706,227223.405338,227223.405378,3070.5865591621623,44.154693,222617.319706,25871.404628777953,77.07574749999999,63.09706345205479,9.593052064955097,0.3256706759144081,22,64,,True,True,,444,59.56268577710819
152,2026-09-21T07:58:55.537+00:00,2026-09-21T08:02:39.738+00:00,2026-09-21T08:02:40.108+00:00,True,7,7.0,,7.0,224200.789326,224570.825806,224570.825969,32081.546567,50.867002,224200.789326,84716.62365306258,156963.7443321,61.67274666666666,10.903008024196675,0.031170567124543105,22,64,,True,True,,7,59.56268577710819
153,2026-09-21T07:58:55.822+00:00,2026-09-21T08:02:41.048+00:00,2026-09-21T08:02:41.977+00:00,True,16,16.0,,16.0,225225.055662,226154.752686,226154.752725,14134.6720453125,41.725281,225225.055662,56290.770039789975,56364.50628525,61.9798016,11.389077561347456,0.07074801572803945,22,64,,True,True,,47,59.56268577710819
154,2026-09-21T07:58:56.187+00:00,2026-09-21T08:02:43.024+00:00,2026-09-21T08:02:48.146+00:00,True,82,82.0,,82.0,226836.17594299998,231958.08288699997,231958.08268199998,2828.7571058780486,46.492872000000006,226836.17594299998,25042.88375099979,76.97814695,63.2334190617284,9.10659751987655,0.35351214745099824,22,64,,True,True,,466,59.56268577710819
155,2026-09-21T07:58:56.447+00:00,2026-09-21T08:02:44.475+00:00,2026-09-21T08:02:44.956+00:00,True,9,9.0,,9.0,228027.906897,228508.954705,228508.95482400001,25389.883869333335,44.115872,228027.906897,75989.25915559681,136845.975687,60.130976,9.505547837309926,0.03938576504198184,22,64,,True,True,,108,59.56268577710819
156,2026-09-21T07:58:56.714+00:00,2026-09-21T08:02:46.026+00:00,2026-09-21T08:02:47.705+00:00,True,27,27.0,,27.0,229311.892793,230991.481145,230991.481082,8555.240040074073,42.33250099999999,229311.892793,44118.66315527802,77.13380699999999,64.599552,9.580695676063145,0.11688742747638958,22,64,,True,True,,54,59.56268577710819
157,2026-09-21T07:58:57.097+00:00,2026-09-21T08:02:47.703+00:00,2026-09-21T08:02:48.073+00:00,True,7,7.0,,7.0,230605.174473,230975.516105,230975.516076,32996.50229657143,56.905082,230605.174473,87137.23408870924,161445.255717,61.72360533333334,6.031497713424972,0.030306242488566816,22,64,,True,True,,17,59.56268577710819
158,2026-09-21T07:58:57.455+00:00,2026-09-21T08:02:49.590+00:00,2026-09-21T08:02:50.903+00:00,True,22,22.0,,22.0,232135.587011,233448.676803,233448.676787,10611.303490318182,46.503601,232135.587011,49478.143429651456,77.765383,62.52808533333334,10.293274047028989,0.09423912913657295,22,64,,True,True,,0,59.56268577710819
159,2026-09-21T07:58:57.737+00:00,2026-09-21T08:02:51.203+00:00,2026-09-21T08:02:54.414+00:00,True,52,52.0,,52.0,233465.926889,236676.393449,236676.39345099998,4551.469104826923,44.430161999999996,233465.926889,32367.170617964366,78.26565895,62.95032470588236,9.59062029230092,0.21970928000981718,22,64,,True,True,,60,59.56268577710819
160,2026-09-21T07:58:58.081+00:00,2026-09-21T08:02:53.163+00:00,2026-09-21T08:02:54.971+00:00,True,30,30.0,,30.0,235082.201801,236890.087113,236890.086945,7896.3362314999995,46.467512,235082.201801,42908.56067192116,77.2620555,62.3408728275862,8.977830451037768,0.12664101046022058,22,64,,True,True,,61,59.56268577710819
161,2026-09-21T07:58:58.455+00:00,2026-09-21T08:02:55.146+00:00,2026-09-21T08:02:56.328+00:00,True,20,20.0,,20.0,236690.77601300002,237872.87239700003,237872.87225400002,11893.643612700002,42.612051,236690.77601300002,52911.75588963025,11914.693377700001,62.21559915789474,11.757757745993397,0.08407852395468124,22,64,,True,True,,61,59.56268577710819
162,2026-09-21T07:58:58.747+00:00,2026-09-21T08:02:56.388+00:00,2026-09-21T08:02:57.184+00:00,True,14,14.0,,14.0,237640.902415,238437.097743,238437.097733,17031.221266642857,49.132972,237640.902415,63495.8346526727,83225.5064282,61.245794461538466,8.862627894942754,0.05871569538683923,22,64,,True,True,,56,59.56268577710819
163,2026-09-21T07:58:59.052+00:00,2026-09-21T08:02:58.326+00:00,2026-09-21T08:03:01.941+00:00,True,59,59.0,,59.0,239273.559863,242889.307703,242889.307769,4116.767928288135,41.491431,239273.559863,31142.649569045756,77.8421379,62.34048,9.497763183587013,0.24290900475596058,22,64,,True,True,,590,59.56268577710819
164,2026-09-21T07:58:59.348+00:00,2026-09-21T08:02:59.841+00:00,2026-09-21T08:03:04.738+00:00,True,78,78.0,,78.0,240493.665644,245390.90365999998,245390.90372499998,3146.0372272435898,42.201512,240493.665644,27223.345795009613,77.2254505,63.60049371428572,9.644894300078139,0.3178601930089164,22,64,,True,True,,546,59.56268577710819
165,2026-09-21T07:58:59.788+00:00,2026-09-21T08:03:02.157+00:00,2026-09-21T08:03:02.213+00:00,True,2,2.0,,2.0,242368.65980899998,242424.74864099998,242424.74867099998,121212.37433549999,56.088862,242368.65980899998,171340.8620833701,230253.03126164994,56.088832,nan,0.008249982772846942,22,64,,True,True,,4,59.56268577710819
166,2026-09-21T07:59:00.112+00:00,2026-09-21T08:03:03.766+00:00,2026-09-21T08:03:07.823+00:00,True,63,63.0,,63.0,243654.584663,247711.008855,247711.00868499998,3931.9207727777775,41.555581,243654.584663,30689.350727413817,78.2347631,65.4261966451613,9.423878326351002,0.25432862387185085,22,64,,True,True,,69,59.56268577710819
167,2026-09-21T07:59:00.473+00:00,2026-09-21T08:03:05.658+00:00,2026-09-21T08:03:10.385+00:00,True,74,74.0,,74.0,245184.664781,249912.009677,249912.009757,3377.1893210405406,45.838841,245184.664781,28494.611773282726,77.0537075,64.75814926027397,9.052846328844202,0.2961042172228604,22,64,,True,True,,148,59.56268577710819
168,2026-09-21T07:59:00.836+00:00,2026-09-21T08:03:07.821+00:00,2026-09-21T08:03:09.658+00:00,True,30,30.0,,30.0,246985.15893900002,248821.590811,248821.590773,8294.053025766667,47.606732,246985.15893900002,45081.55375787293,79.551771,63.325236965517234,9.68559410178782,0.12056831524233527,22,64,,True,True,,2,59.56268577710819
170,2026-09-21T07:59:01.393+00:00,2026-09-21T08:03:09.471+00:00,2026-09-21T08:03:11.294+00:00,True,30,30.0,,30.0,248077.46180899997,249900.76241699996,249900.76248299997,8330.0254161,44.028051,248077.46180899997,45281.06294625024,78.73837850000001,62.872434758620685,10.68168030840483,0.12004765295569661,22,64,,True,True,,55,59.56268577710819
171,2026-09-21T07:59:01.777+00:00,2026-09-21T08:03:11.363+00:00,2026-09-21T08:03:14.214+00:00,True,46,46.0,,46.0,249586.097926,252436.74086999998,252436.74094599998,5487.755237956521,45.073701,249586.097926,36790.123559972744,76.16652849999998,63.34762097777778,9.303147645692208,0.18222387058819267,22,64,,True,True,,180,59.56268577710819
172,2026-09-21T07:59:02.101+00:00,2026-09-21T08:03:13.515+00:00,2026-09-21T08:03:17.108+00:00,True,58,58.0,,58.0,251413.34606799998,255006.793236,255006.793194,4396.668848172413,42.787991000000005,251413.34606799998,33003.91303883433,76.59607815000001,63.04293277192982,9.473666901490784,0.2274449212273455,22,64,,True,True,,116,59.56268577710819
169,2026-09-21T07:59:01.132+00:00,2026-09-21T08:03:13.832+00:00,2026-09-21T08:03:17.464+00:00,True,59,59.0,,59.0,252700.81649,256332.375658,256332.375797,4344.616538932203,44.338262,252700.81649,32890.69374394572,78.810085,62.61308910344828,8.854640639126124,0.23016991064257178,22,64,,True,True,,236,59.56268577710819
173,2026-09-21T07:59:02.453+00:00,2026-09-21T08:03:15.913+00:00,2026-09-21T08:03:22.054+00:00,True,99,99.0,,99.0,253459.669204,259601.27202,259601.27208,2622.2350715151515,42.387212,253459.669204,25467.35875385078,77.32183789999999,62.669416489795914,10.265819633687734,0.38135406359785834,22,64,,True,True,,396,59.56268577710819
174,2026-09-21T07:59:02.880+00:00,2026-09-21T08:03:18.167+00:00,2026-09-21T08:03:20.605+00:00,True,40,40.0,,40.0,255287.36119,257725.554086,257725.554075,6443.138851875,44.114212,255287.36119,40354.59232291993,77.34896895,62.517766564102565,10.332949158447283,0.15520385683855187,22,64,,True,True,,150,59.56268577710819
175,2026-09-21T07:59:03.309+00:00,2026-09-21T08:03:20.733+00:00,2026-09-21T08:03:25.104+00:00,True,69,69.0,,69.0,257424.30105500002,261794.87897500003,261794.87899800003,3794.128681130435,41.758192,257424.30105500002,30982.50825637053,78.49567580000001,64.27320470588235,10.50122873051369,0.2635651249946303,22,64,,True,True,,138,59.56268577710819
176,2026-09-21T07:59:03.594+00:00,2026-09-21T08:03:22.185+00:00,2026-09-21T08:03:28.265+00:00,True,97,97.0,,97.0,258590.753307,264670.193947,264670.19398,2728.558700824742,40.796431,258590.753307,26249.48505279456,79.420743,63.327506666666665,10.341800596733348,0.366493856196834,22,64,,True,True,,194,59.56268577710819
177,2026-09-21T07:59:03.991+00:00,2026-09-21T08:03:23.686+00:00,2026-09-21T08:03:29.533+00:00,True,94,94.0,,94.0,259695.345539,265542.958979,265542.958814,2824.9250937659576,46.657231,259695.345539,26779.046041425412,77.02908799999999,62.87756387096774,9.51554877585948,0.3539916869248784,22,64,,True,True,,94,59.56268577710819
178,2026-09-21T07:59:04.398+00:00,2026-09-21T08:03:25.944+00:00,2026-09-21T08:03:31.619+00:00,True,91,91.0,,91.0,261545.894796,267221.252492,267221.252566,2936.497280945055,42.309981,261545.894796,27410.850859040573,76.124062,63.05952995555556,9.798541435244744,0.3405417763421505,22,64,,True,True,,364,59.56268577710819
179,2026-09-21T07:59:05.857+00:00,2026-09-21T08:03:32.650+00:00,2026-09-21T08:03:38.150+00:00,True,88,88.0,,88.0,266792.24370500003,272292.384505,272292.38437000004,3094.2316405681822,45.150831,266792.24370500003,28433.41090620377,76.75767599999999,63.220009195402305,9.11319261064885,0.3231820095151581,22,64,,True,True,,352,59.56268577710819
180,2026-09-21T07:59:05.882+00:00,2026-09-21T08:03:33.942+00:00,2026-09-21T08:03:34.541+00:00,True,11,11.0,,11.0,268059.53006900003,268659.245653,268659.245722,24423.567792909093,47.735641,268059.53006900003,80804.90769451721,134068.2211655,59.9715584,9.12611647306261,0.04094405898171689,22,64,,True,True,,9,59.56268577710819
182,2026-09-21T07:59:05.942+00:00,2026-09-21T08:03:33.943+00:00,2026-09-21T08:03:39.215+00:00,True,84,84.0,,84.0,268000.96804300003,273273.141867,273273.141964,3253.2516900476194,45.816471,268000.96804300003,29234.373786238044,79.0912715,63.52016655421687,9.393486316757672,0.3073847631937505,22,64,,True,True,,342,59.56268577710819
181,2026-09-21T07:59:05.928+00:00,2026-09-21T08:03:34.001+00:00,2026-09-21T08:03:36.263+00:00,True,37,37.0,,37.0,268073.309657,270335.083737,270335.083834,7306.353617135135,44.276491,268073.309657,44060.65276423505,76.17366500000001,62.827057777777775,8.71599238205882,0.13686717790575814,22,64,,True,True,,245,59.56268577710819
183,2026-09-21T07:59:06.324+00:00,2026-09-21T08:03:36.516+00:00,2026-09-21T08:03:42.309+00:00,True,91,91.0,,91.0,270192.237437,275985.240445,275985.240357,3032.8048390879117,42.981671,270192.237437,28317.09706109368,78.5242365,64.36670008888889,10.632710051429896,0.3297277776640198,22,64,,True,True,,273,59.56268577710819
184,2026-09-21T07:59:06.617+00:00,2026-09-21T08:03:37.987+00:00,2026-09-21T08:03:41.033+00:00,True,48,48.0,,48.0,271370.596418,274416.214082,274416.214132,5717.004461083334,45.565411,271370.596418,39159.6202388024,78.020118,64.80037582978723,11.471679046936627,0.17491677800662617,22,64,,True,True,,110,59.56268577710819
185,2026-09-21T07:59:07.007+00:00,2026-09-21T08:03:39.920+00:00,2026-09-21T08:03:39.991+00:00,True,2,2.0,,2.0,272913.668259,272984.142755,272984.1429,136492.07145,70.474641,272913.668259,192929.27240788194,259271.50857809998,70.474496,nan,0.007326432882934802,22,64,,True,True,,8,59.56268577710819
186,2026-09-21T07:59:07.287+00:00,2026-09-21T08:03:41.477+00:00,2026-09-21T08:03:44.894+00:00,True,54,54.0,,54.0,274190.170552,277607.110584,277607.110704,5140.872420444444,44.299592,274190.170552,37303.78392069851,77.41869515,64.47056664150944,9.244781735948854,0.1945195131580045,22,64,,True,True,,162,59.56268577710819
187,2026-09-21T07:59:07.691+00:00,2026-09-21T08:03:43.502+00:00,2026-09-21T08:03:47.757+00:00,True,69,69.0,,69.0,275811.23164300004,280066.15567500005,280066.155602,4058.929791333334,43.580021,275811.23164300004,33196.23911658375,78.178695,62.57241223529412,10.179205220835483,0.24637036143728253,22,64,,True,True,,69,59.56268577710819
188,2026-09-21T07:59:07.941+00:00,2026-09-21T08:03:45.075+00:00,2026-09-21T08:03:51.172+00:00,True,97,97.0,,97.0,277134.205819,283231.253883,283231.25402700005,2919.9098353298973,41.669591,277134.205819,28132.268384842515,78.49673519999999,63.51091733333334,9.63002956483179,0.34247632868959343,22,64,,True,True,,289,59.56268577710819
189,2026-09-21T07:59:08.398+00:00,2026-09-21T08:03:47.400+00:00,2026-09-21T08:03:53.008+00:00,True,89,89.0,,89.0,279001.67492,284609.224616,284609.224548,3197.856455595506,42.557881,279001.67492,29567.36531512254,78.1642656,63.72215563636363,9.334389375405072,0.31270947074916644,22,64,,True,True,,530,59.56268577710819
190,2026-09-21T07:59:08.826+00:00,2026-09-21T08:03:49.480+00:00,2026-09-21T08:03:51.493+00:00,True,33,33.0,,33.0,280653.64477899997,282666.66007499996,282666.66027199995,8565.656371878787,45.549441,280653.64477899997,48844.57895604747,78.350934,62.906728,10.013383652323594,0.11674528574131843,22,64,,True,True,,8,59.56268577710819
191,2026-09-21T07:59:09.133+00:00,2026-09-21T08:03:51.114+00:00,2026-09-21T08:03:52.062+00:00,True,16,16.0,,16.0,281981.16080199997,282928.45116999996,282928.45094199997,17683.028183874998,43.690411,281981.16080199997,70479.50259671455,70552.78849374999,63.1526912,9.239207908451672,0.05655139995230195,22,64,,True,True,,80,59.56268577710819
192,2026-09-21T07:59:09.423+00:00,2026-09-21T08:03:52.668+00:00,2026-09-21T08:03:54.758+00:00,True,33,33.0,,33.0,283244.976004,285334.735236,285334.735288,8646.507129939393,44.825021,283244.976004,49295.25423662353,79.1735616,65.304976,9.517419741939955,0.11565363737683652,22,64,,True,True,,66,59.56268577710819
193,2026-09-21T07:59:09.678+00:00,2026-09-21T08:03:53.685+00:00,2026-09-21T08:03:58.609+00:00,True,80,80.0,,80.0,284006.909929,288930.734313,288930.734302,3611.6341787750002,43.086541,284006.909929,31745.970748438467,76.062582,62.32689093670886,9.04639598378605,0.2768829705507744,22,64,,True,True,,320,59.56268577710819
195,2026-09-21T07:59:10.361+00:00,2026-09-21T08:03:55.215+00:00,2026-09-21T08:04:00.537+00:00,True,85,85.0,,85.0,284853.94468,290175.64196000004,290175.64205100003,3413.8310829529414,44.817101,284853.94468,30889.877980482037,77.043292,63.353539047619044,9.089083220110938,0.29292603412838153,22,64,,True,True,,340,59.56268577710819
196,2026-09-21T07:59:10.707+00:00,2026-09-21T08:03:57.136+00:00,2026-09-21T08:04:03.157+00:00,True,95,95.0,,95.0,286428.452414,292450.03603,292450.03603,3078.421431894737,43.799081,286428.452414,29380.36801863014,76.07467930000001,64.05940017021277,8.49346002632335,0.32484181328756867,22,64,,True,True,,190,59.56268577710819
194,2026-09-21T07:59:09.977+00:00,2026-09-21T08:03:58.681+00:00,2026-09-21T08:04:01.604+00:00,True,46,46.0,,46.0,288704.204962,291627.05577800004,291627.055804,6339.718604434783,47.777021,288704.204962,42557.53681080371,77.53772699999999,64.95224035555556,8.168585340397323,0.15773570760532354,22,64,,True,True,,56,59.56268577710819
197,2026-09-21T07:59:10.999+00:00,2026-09-21T08:03:59.017+00:00,2026-09-21T08:04:02.576+00:00,True,56,56.0,,56.0,288018.498334,291576.74627,291576.746318,5206.727612821429,47.272801,288018.498334,38479.44632604213,76.82823375,64.69541701818181,8.093364397293788,0.19205921156738615,22,64,,True,True,,117,59.56268577710819
198,2026-09-21T07:59:11.265+00:00,2026-09-21T08:04:01.824+00:00,2026-09-21T08:04:06.754+00:00,True,80,80.0,,80.0,290558.700764,295488.795868,295488.795887,3693.6099485875,40.895680999999996,290558.700764,32478.47466299579,78.62262205,62.406267139240505,10.188027163792398,0.27073784562625985,22,64,,True,True,,800,59.56268577710819
199,2026-09-21T07:59:11.625+00:00,2026-09-21T08:04:03.925+00:00,2026-09-21T08:04:05.455+00:00,True,26,26.0,,26.0,292299.959761,293829.863121,293829.862983,11301.148576269232,47.823781000000004,292299.959761,57312.73750613635,76.691282,61.1961344,8.776105164341033,0.08848658105691974,22,64,,True,True,,30,59.56268577710819
200,2026-09-21T07:59:11.886+00:00,2026-09-21T08:04:05.377+00:00,2026-09-21T08:04:08.028+00:00,True,43,43.0,,43.0,293491.746716,296142.338716,296142.33870100003,6887.0311325813955,47.435162,293491.746716,44747.44871029309,80.487522,63.10933333333334,9.645147944309313,0.14520044714456354,22,64,,True,True,,133,59.56268577710819
201,2026-09-21T07:59:12.321+00:00,2026-09-21T08:04:07.634+00:00,2026-09-21T08:04:12.393+00:00,False,77,76.0,,76.0,295312.530755,300071.814467,300071.814504,3897.036552,0.03723,295312.530755,33646.85179808567,76.62271580000001,62.62215410526316,11.72004125709266,0.25327270451906436,22,64,,True,False,Request timeout: 300.0s exceeded,873,59.56268577710819
202,2026-09-21T07:59:12.760+00:00,2026-09-21T08:04:10.158+00:00,2026-09-21T08:04:12.764+00:00,False,44,43.0,,43.0,297398.17866000003,300003.991908,300003.99202400004,6818.272546000001,0.02109,297398.17866000003,44825.32855021178,78.34346485,60.60030809302326,13.648132905521177,0.14333142611377814,22,64,,True,False,Request timeout: 300.0s exceeded,113,59.56268577710819
203,2026-09-21T07:59:13.215+00:00,2026-09-21T08:04:12.763+00:00,2026-09-21T08:04:13.257+00:00,False,10,9.0,,9.0,299548.293334,300042.390486,300042.390415,30004.239041499997,0.036969999999999996,299548.293334,94708.1291795692,164786.3259451,54.899683555555555,22.454870404081912,0.02999576155029981,22,64,,True,False,Request timeout: 300.0s exceeded,18,59.56268577710819
204,2026-09-21T07:59:13.462+00:00,2026-09-21T08:04:13.567+00:00,2026-09-21T08:04:13.567+00:00,False,1,0.0,,0.0,300105.262559,300105.262559,300105.262559,300105.262559,300105.262559,300105.262559,nan,300105.262559,nan,nan,0.0,22,64,,True,False,"HTTPConnectionPool(host='gpu06', port=9004): Read timed out.",0,59.56268577710819
205,2026-09-21T07:59:13.860+00:00,2026-09-21T08:04:13.913+00:00,2026-09-21T08:04:13.913+00:00,False,1,0.0,,0.0,300052.936621,300052.936621,300052.936621,300052.936621,300052.936621,300052.936621,nan,300052.936621,nan,nan,0.0,22,64,,True,False,"HTTPConnectionPool(host='gpu06', port=9004): Read timed out.",0,59.56268577710819
206,2026-09-21T07:59:14.202+00:00,2026-09-21T08:04:14.278+00:00,2026-09-21T08:04:14.278+00:00,False,1,0.0,,0.0,300075.474329,300075.474329,300075.474329,300075.474329,300075.474329,300075.474329,nan,300075.474329,nan,nan,0.0,22,64,,True,False,"HTTPConnectionPool(host='gpu06', port=9004): Read timed out.",0,59.56268577710819
207,2026-09-21T07:59:14.614+00:00,2026-09-21T08:04:14.715+00:00,2026-09-21T08:04:14.715+00:00,False,1,0.0,,0.0,300101.313961,300101.313961,300101.313961,300101.313961,300101.313961,300101.313961,nan,300101.313961,nan,nan,0.0,22,64,,True,False,"HTTPConnectionPool(host='gpu06', port=9004): Read timed out.",0,59.56268577710819
208,2026-09-21T07:59:14.968+00:00,2026-09-21T08:04:15.081+00:00,2026-09-21T08:04:15.081+00:00,False,1,0.0,,0.0,300112.803708,300112.803708,300112.803708,300112.803708,300112.803708,300112.803708,nan,300112.803708,nan,nan,0.0,22,64,,True,False,"HTTPConnectionPool(host='gpu06', port=9004): Read timed out.",0,59.56268577710819
209,2026-09-21T07:59:15.297+00:00,2026-09-21T08:04:15.351+00:00,2026-09-21T08:04:15.351+00:00,False,1,0.0,,0.0,300054.442144,300054.442144,300054.442144,300054.442144,300054.442144,300054.442144,nan,300054.442144,nan,nan,0.0,22,64,,True,False,"HTTPConnectionPool(host='gpu06', port=9004): Read timed out.",0,59.56268577710819
210,2026-09-21T07:59:15.590+00:00,2026-09-21T08:04:15.647+00:00,2026-09-21T08:04:15.647+00:00,False,1,0.0,,0.0,300057.36604500003,300057.36604500003,300057.36604500003,300057.36604500003,300057.36604500003,300057.36604500003,nan,300057.36604500003,nan,nan,0.0,22,64,,True,False,TTFT timeout: 300.0s exceeded (TTFT: 300.046s),0,59.56268577710819
211,2026-09-21T07:59:15.939+00:00,2026-09-21T08:04:15.976+00:00,2026-09-21T08:04:15.976+00:00,False,1,0.0,,0.0,300037.58269099996,300037.58269099996,300037.58269099996,300037.58269099996,300037.58269099996,300037.58269099996,nan,300037.58269099996,nan,nan,0.0,22,64,,True,False,"HTTPConnectionPool(host='gpu06', port=9004): Read timed out.",0,59.56268577710819
212,2026-09-21T07:59:16.348+00:00,2026-09-21T08:04:16.382+00:00,2026-09-21T08:04:16.382+00:00,False,1,0.0,,0.0,300033.996484,300033.996484,300033.996484,300033.996484,300033.996484,300033.996484,nan,300033.996484,nan,nan,0.0,22,64,,True,False,"HTTPConnectionPool(host='gpu06', port=9004): Read timed out.",0,59.56268577710819
213,2026-09-21T07:59:16.769+00:00,2026-09-21T08:04:16.871+00:00,2026-09-21T08:04:16.871+00:00,False,1,0.0,,0.0,300101.781537,300101.781537,300101.781537,300101.781537,300101.781537,300101.781537,nan,300101.781537,nan,nan,0.0,22,64,,True,False,"HTTPConnectionPool(host='gpu06', port=9004): Read timed out.",0,59.56268577710819
214,2026-09-21T07:59:17.223+00:00,2026-09-21T08:04:17.328+00:00,2026-09-21T08:04:17.328+00:00,False,1,0.0,,0.0,300104.649357,300104.649357,300104.649357,300104.649357,300104.649357,300104.649357,nan,300104.649357,nan,nan,0.0,22,64,,True,False,"HTTPConnectionPool(host='gpu06', port=9004): Read timed out.",0,59.56268577710819
215,2026-09-21T07:59:17.474+00:00,2026-09-21T08:04:17.547+00:00,2026-09-21T08:04:17.547+00:00,False,1,0.0,,0.0,300072.548389,300072.548389,300072.548389,300072.548389,300072.548389,300072.548389,nan,300072.548389,nan,nan,0.0,22,64,,True,False,TTFT timeout: 300.0s exceeded (TTFT: 300.067s),0,59.56268577710819
216,2026-09-21T07:59:17.829+00:00,2026-09-21T08:04:17.804+00:00,2026-09-21T08:04:17.916+00:00,False,3,2.0,,2.0,299974.433674,300086.624138,300086.624106,100028.87470200002,0.15511000000000003,299974.433674,173157.94247958888,269988.19383880007,56.095232,79.11124244365293,0.006664742241494461,22,64,,True,False,Request timeout: 300.0s exceeded,6,59.56268577710819
217,2026-09-21T07:59:18.086+00:00,2026-09-21T08:04:18.190+00:00,2026-09-21T08:04:18.190+00:00,False,1,0.0,,0.0,300103.80879900005,300103.80879900005,300103.80879900005,300103.80879900005,300103.80879900005,300103.80879900005,nan,300103.80879900005,nan,nan,0.0,22,64,,True,False,"HTTPConnectionPool(host='gpu06', port=9004): Read timed out.",0,59.56268577710819
219,2026-09-21T07:59:19.370+00:00,2026-09-21T08:04:18.996+00:00,2026-09-21T08:04:19.743+00:00,False,13,12.0,,12.0,299626.509883,300373.139515,300373.139648,23105.62612676923,0.04117,299626.509883,83084.19003564732,119917.2558724,62.219136,28.904924831282703,0.03995030986917106,22,64,,True,False,Request timeout: 300.0s exceeded,24,59.56268577710819
220,2026-09-21T07:59:19.408+00:00,2026-09-21T08:04:20.040+00:00,2026-09-21T08:04:20.040+00:00,False,1,0.0,,0.0,300631.418781,300631.418781,300631.418781,300631.418781,300631.418781,300631.418781,nan,300631.418781,nan,nan,0.0,22,64,,True,False,"HTTPConnectionPool(host='gpu06', port=9004): Read timed out.",0,59.56268577710819
218,2026-09-21T07:59:19.325+00:00,2026-09-21T08:04:20.401+00:00,2026-09-21T08:04:20.401+00:00,False,1,0.0,,0.0,301075.77780599997,301075.77780599997,301075.77780599997,301075.77780599997,301075.77780599997,301075.77780599997,nan,301075.77780599997,nan,nan,0.0,22,64,,True,False,"HTTPConnectionPool(host='gpu06', port=9004): Read timed out.",0,59.56268577710819
221,2026-09-21T07:59:19.445+00:00,2026-09-21T08:04:20.401+00:00,2026-09-21T08:04:20.401+00:00,False,1,0.0,,0.0,300956.48828600004,300956.48828600004,300956.48828600004,300956.48828600004,300956.48828600004,300956.48828600004,nan,300956.48828600004,nan,nan,0.0,22,64,,True,False,"HTTPConnectionPool(host='gpu06', port=9004): Read timed out.",0,59.56268577710819
222,2026-09-21T07:59:19.756+00:00,2026-09-21T08:04:20.647+00:00,2026-09-21T08:04:21.358+00:00,False,10,9.0,,9.0,300891.244243,301602.371027,301602.370968,30160.2370968,0.037759999999999995,300891.244243,95125.18949682006,165566.68927645,79.01408711111111,46.175602564015975,0.029840614214515917,22,64,,True,False,Request timeout: 300.0s exceeded,18,59.56268577710819
223,2026-09-21T07:59:20.083+00:00,2026-09-21T08:04:20.965+00:00,2026-09-21T08:04:21.360+00:00,False,6,5.0,,5.0,300881.522512,301276.539984,301276.53997,50212.756661666666,0.02582,300881.522512,122802.12729161956,225703.47846749998,79.00349440000001,63.500492635314984,0.01659604826935923,22,64,,True,False,Request timeout: 300.0s exceeded,9,59.56268577710819
224,2026-09-21T07:59:20.439+00:00,2026-09-21T08:04:21.525+00:00,2026-09-21T08:04:21.525+00:00,False,1,0.0,,0.0,301086.362912,301086.362912,301086.362912,301086.362912,301086.362912,301086.362912,nan,301086.362912,nan,nan,0.0,22,64,,True,False,"HTTPConnectionPool(host='gpu06', port=9004): Read timed out.",0,59.56268577710819
227,2026-09-21T07:59:21.663+00:00,2026-09-21T08:04:21.899+00:00,2026-09-21T08:04:21.899+00:00,False,1,0.0,,0.0,300235.532772,300235.532772,300235.532772,300235.532772,300235.532772,300235.532772,nan,300235.532772,nan,nan,0.0,22,64,,True,False,"HTTPConnectionPool(host='gpu06', port=9004): Read timed out.",0,59.56268577710819
225,2026-09-21T07:59:20.777+00:00,2026-09-21T08:04:21.905+00:00,2026-09-21T08:04:21.905+00:00,False,1,0.0,,0.0,301128.34126,301128.34126,301128.34126,301128.34126,301128.34126,301128.34126,nan,301128.34126,nan,nan,0.0,22,64,,True,False,"HTTPConnectionPool(host='gpu06', port=9004): Read timed out.",0,59.56268577710819
231,2026-09-21T07:59:23.032+00:00,2026-09-21T08:04:23.283+00:00,2026-09-21T08:04:23.283+00:00,False,1,0.0,,0.0,300250.62373,300250.62373,300250.62373,300250.62373,300250.62373,300250.62373,nan,300250.62373,nan,nan,0.0,22,64,,True,False,"HTTPConnectionPool(host='gpu06', port=9004): Read timed out.",0,59.56268577710819
230,2026-09-21T07:59:22.668+00:00,2026-09-21T08:04:23.288+00:00,2026-09-21T08:04:23.288+00:00,False,1,0.0,,0.0,300620.19663200004,300620.19663200004,300620.19663200004,300620.19663200004,300620.19663200004,300620.19663200004,nan,300620.19663200004,nan,nan,0.0,22,64,,True,False,"HTTPConnectionPool(host='gpu06', port=9004): Read timed out.",0,59.56268577710819
226,2026-09-21T07:59:21.208+00:00,2026-09-21T08:04:23.302+00:00,2026-09-21T08:04:23.302+00:00,False,1,0.0,,0.0,302093.79349199997,302093.79349199997,302093.79349199997,302093.79349199997,302093.79349199997,302093.79349199997,nan,302093.79349199997,nan,nan,0.0,22,64,,True,False,"HTTPConnectionPool(host='gpu06', port=9004): Read timed out.",0,59.56268577710819
228,2026-09-21T07:59:21.952+00:00,2026-09-21T08:04:23.313+00:00,2026-09-21T08:04:23.313+00:00,False,1,0.0,,0.0,301360.241566,301360.241566,301360.241566,301360.241566,301360.241566,301360.241566,nan,301360.241566,nan,nan,0.0,22,64,,True,False,"HTTPConnectionPool(host='gpu06', port=9004): Read timed out.",0,59.56268577710819
229,2026-09-21T07:59:22.263+00:00,2026-09-21T08:04:23.318+00:00,2026-09-21T08:04:23.318+00:00,False,1,0.0,,0.0,301054.670239,301054.670239,301054.670239,301054.670239,301054.670239,301054.670239,nan,301054.670239,nan,nan,0.0,22,64,,True,False,"HTTPConnectionPool(host='gpu06', port=9004): Read timed out.",0,59.56268577710819
232,2026-09-21T07:59:23.421+00:00,2026-09-21T08:04:23.490+00:00,2026-09-21T08:04:23.490+00:00,False,1,0.0,,0.0,300069.257401,300069.257401,300069.257401,300069.257401,300069.257401,300069.257401,nan,300069.257401,nan,nan,0.0,22,64,,True,False,"HTTPConnectionPool(host='gpu06', port=9004): Read timed out.",0,59.56268577710819
233,2026-09-21T07:59:23.775+00:00,2026-09-21T08:04:23.880+00:00,2026-09-21T08:04:23.880+00:00,False,1,0.0,,0.0,300105.142718,300105.142718,300105.142718,300105.142718,300105.142718,300105.142718,nan,300105.142718,nan,nan,0.0,22,64,,True,False,"HTTPConnectionPool(host='gpu06', port=9004): Read timed out.",0,59.56268577710819
234,2026-09-21T07:59:24.224+00:00,2026-09-21T08:04:24.329+00:00,2026-09-21T08:04:24.329+00:00,False,1,0.0,,0.0,300104.732137,300104.732137,300104.732137,300104.732137,300104.732137,300104.732137,nan,300104.732137,nan,nan,0.0,22,64,,True,False,"HTTPConnectionPool(host='gpu06', port=9004): Read timed out.",0,59.56268577710819
235,2026-09-21T07:59:24.613+00:00,2026-09-21T08:04:24.669+00:00,2026-09-21T08:04:24.669+00:00,False,1,0.0,,0.0,300056.11701,300056.11701,300056.11701,300056.11701,300056.11701,300056.11701,nan,300056.11701,nan,nan,0.0,22,64,,True,False,"HTTPConnectionPool(host='gpu06', port=9004): Read timed out.",0,59.56268577710819
236,2026-09-21T07:59:25.011+00:00,2026-09-21T08:04:25.126+00:00,2026-09-21T08:04:25.126+00:00,False,1,0.0,,0.0,300114.704365,300114.704365,300114.704365,300114.704365,300114.704365,300114.704365,nan,300114.704365,nan,nan,0.0,22,64,,True,False,"HTTPConnectionPool(host='gpu06', port=9004): Read timed out.",0,59.56268577710819
237,2026-09-21T07:59:25.381+00:00,2026-09-21T08:04:25.488+00:00,2026-09-21T08:04:25.488+00:00,False,1,0.0,,0.0,300106.96916000004,300106.96916000004,300106.96916000004,300106.96916000004,300106.96916000004,300106.96916000004,nan,300106.96916000004,nan,nan,0.0,22,64,,True,False,"HTTPConnectionPool(host='gpu06', port=9004): Read timed out.",0,59.56268577710819
238,2026-09-21T07:59:25.745+00:00,2026-09-21T08:04:25.716+00:00,2026-09-21T08:04:25.788+00:00,False,3,2.0,,2.0,299970.981833,300042.552777,300042.55290500005,100014.18430166668,0.03247,299970.981833,173167.67001239496,269981.03750990005,35.785472,50.56232092698278,0.006665721183509779,22,64,,True,False,Request timeout: 300.0s exceeded,11,59.56268577710819
239,2026-09-21T07:59:26.092+00:00,2026-09-21T08:04:26.165+00:00,2026-09-21T08:04:26.165+00:00,False,1,0.0,,0.0,300073.775762,300073.775762,300073.775762,300073.775762,300073.775762,300073.775762,nan,300073.775762,nan,nan,0.0,22,64,,True,False,"HTTPConnectionPool(host='gpu06', port=9004): Read timed out.",0,59.56268577710819
240,2026-09-21T07:59:26.424+00:00,2026-09-21T08:04:26.533+00:00,2026-09-21T08:04:26.533+00:00,False,1,0.0,,0.0,300108.74227,300108.74227,300108.74227,300108.74227,300108.74227,300108.74227,nan,300108.74227,nan,nan,0.0,22,64,,True,False,"HTTPConnectionPool(host='gpu06', port=9004): Read timed out.",0,59.56268577710819
241,2026-09-21T07:59:26.869+00:00,2026-09-21T08:04:26.948+00:00,2026-09-21T08:04:26.948+00:00,False,1,0.0,,0.0,300078.27756,300078.27756,300078.27756,300078.27756,300078.27756,300078.27756,nan,300078.27756,nan,nan,0.0,22,64,,True,False,"HTTPConnectionPool(host='gpu06', port=9004): Read timed out.",0,59.56268577710819
242,2026-09-21T07:59:27.246+00:00,2026-09-21T08:04:27.288+00:00,2026-09-21T08:04:27.288+00:00,False,1,0.0,,0.0,300042.43455400004,300042.43455400004,300042.43455400004,300042.43455400004,300042.43455400004,300042.43455400004,nan,300042.43455400004,nan,nan,0.0,22,64,,True,False,TTFT timeout: 300.0s exceeded (TTFT: 300.028s),0,59.56268577710819
243,2026-09-21T07:59:27.608+00:00,2026-09-21T08:04:27.660+00:00,2026-09-21T08:04:27.660+00:00,False,1,0.0,,0.0,300051.40986,300051.40986,300051.40986,300051.40986,300051.40986,300051.40986,nan,300051.40986,nan,nan,0.0,22,64,,True,False,TTFT timeout: 300.0s exceeded (TTFT: 300.044s),0,59.56268577710819
244,2026-09-21T07:59:27.986+00:00,2026-09-21T08:04:28.097+00:00,2026-09-21T08:04:28.097+00:00,False,1,0.0,,0.0,300110.83411500003,300110.83411500003,300110.83411500003,300110.83411500003,300110.83411500003,300110.83411500003,nan,300110.83411500003,nan,nan,0.0,22,64,,True,False,"HTTPConnectionPool(host='gpu06', port=9004): Read timed out.",0,59.56268577710819
245,2026-09-21T07:59:28.387+00:00,2026-09-21T08:04:28.469+00:00,2026-09-21T08:04:28.469+00:00,False,1,0.0,,0.0,300081.73686799995,300081.73686799995,300081.73686799995,300081.73686799995,300081.73686799995,300081.73686799995,nan,300081.73686799995,nan,nan,0.0,22,64,,True,False,"HTTPConnectionPool(host='gpu06', port=9004): Read timed out.",0,59.56268577710819
246,2026-09-21T07:59:28.752+00:00,2026-09-21T08:04:28.836+00:00,2026-09-21T08:04:28.836+00:00,False,1,0.0,,0.0,300083.776784,300083.776784,300083.776784,300083.776784,300083.776784,300083.776784,nan,300083.776784,nan,nan,0.0,22,64,,True,False,TTFT timeout: 300.0s exceeded (TTFT: 300.082s),0,59.56268577710819
247,2026-09-21T07:59:29.021+00:00,2026-09-21T08:04:29.132+00:00,2026-09-21T08:04:29.132+00:00,False,1,0.0,,0.0,300111.310106,300111.310106,300111.310106,300111.310106,300111.310106,300111.310106,nan,300111.310106,nan,nan,0.0,22,64,,True,False,"HTTPConnectionPool(host='gpu06', port=9004): Read timed out.",0,59.56268577710819
248,2026-09-21T07:59:29.466+00:00,2026-09-21T08:04:29.575+00:00,2026-09-21T08:04:29.575+00:00,False,1,0.0,,0.0,300109.080626,300109.080626,300109.080626,300109.080626,300109.080626,300109.080626,nan,300109.080626,nan,nan,0.0,22,64,,True,False,"HTTPConnectionPool(host='gpu06', port=9004): Read timed out.",0,59.56268577710819
249,2026-09-21T07:59:29.816+00:00,2026-09-21T08:04:29.751+00:00,2026-09-21T08:04:29.824+00:00,False,3,2.0,,2.0,299934.57430000004,300007.72246,300007.72269100003,100002.57423033334,0.04258,299934.57430000004,173146.19494361358,269948.4274511,36.57408,51.66346154777196,0.0066664950608618405,22,64,,True,False,Request timeout: 300.0s exceeded,18,59.56268577710819
250,2026-09-21T07:59:30.262+00:00,2026-09-21T08:04:30.334+00:00,2026-09-21T08:04:30.334+00:00,False,1,0.0,,0.0,300072.834602,300072.834602,300072.834602,300072.834602,300072.834602,300072.834602,nan,300072.834602,nan,nan,0.0,22,64,,True,False,"HTTPConnectionPool(host='gpu06', port=9004): Read timed out.",0,59.56268577710819
251,2026-09-21T07:59:30.680+00:00,2026-09-21T08:04:30.790+00:00,2026-09-21T08:04:30.790+00:00,False,1,0.0,,0.0,300109.75953399995,300109.75953399995,300109.75953399995,300109.75953399995,300109.75953399995,300109.75953399995,nan,300109.75953399995,nan,nan,0.0,22,64,,True,False,"HTTPConnectionPool(host='gpu06', port=9004): Read timed out.",0,59.56268577710819
252,2026-09-21T07:59:30.975+00:00,2026-09-21T08:04:31.074+00:00,2026-09-21T08:04:31.074+00:00,False,1,0.0,,0.0,300099.222745,300099.222745,300099.222745,300099.222745,300099.222745,300099.222745,nan,300099.222745,nan,nan,0.0,22,64,,True,False,"HTTPConnectionPool(host='gpu06', port=9004): Read timed out.",0,59.56268577710819
253,2026-09-21T07:59:31.232+00:00,2026-09-21T08:04:31.365+00:00,2026-09-21T08:04:31.365+00:00,False,1,0.0,,0.0,300133.16528799996,300133.16528799996,300133.16528799996,300133.16528799996,300133.16528799996,300133.16528799996,nan,300133.16528799996,nan,nan,0.0,22,64,,True,False,"HTTPConnectionPool(host='gpu06', port=9004): Read timed out.",0,59.56268577710819
254,2026-09-21T07:59:31.646+00:00,2026-09-21T08:04:31.691+00:00,2026-09-21T08:04:32.912+00:00,False,21,20.0,,20.0,300045.745329,301266.648753,301266.648935,14346.030901666667,0.02494,300045.745329,65462.036340560735,184.536344,61.045171200000006,33.144036326906615,0.06638637261304497,22,64,,True,False,Request timeout: 300.0s exceeded,20,59.56268577710819
255,2026-09-21T07:59:32.009+00:00,2026-09-21T08:04:32.002+00:00,2026-09-21T08:04:32.960+00:00,False,19,18.0,,18.0,299992.669154,300951.014114,300951.014034,15839.527054421053,0.0293,299992.669154,68810.82591205474,30069.6774713,53.24138666666666,16.956130177830694,0.05981039822375084,22,64,,True,False,Request timeout: 300.0s exceeded,92,59.56268577710819
257,2026-09-21T07:59:32.801+00:00,2026-09-21T08:04:32.467+00:00,2026-09-21T08:04:33.014+00:00,False,12,11.0,,11.0,299666.089673,300213.277129,300213.277115,25017.773092916665,0.04368,299666.089673,86491.79070359471,134891.10474789998,49.74431418181818,18.913556610721265,0.03664061798064101,22,64,,True,False,Request timeout: 300.0s exceeded,77,59.56268577710819
258,2026-09-21T07:59:33.140+00:00,2026-09-21T08:04:33.165+00:00,2026-09-21T08:04:33.165+00:00,False,1,0.0,,0.0,300024.183668,300024.183668,300024.183668,300024.183668,300024.183668,300024.183668,nan,300024.183668,nan,nan,0.0,22,64,,True,False,"HTTPConnectionPool(host='gpu06', port=9004): Read timed out.",0,59.56268577710819
256,2026-09-21T07:59:32.404+00:00,2026-09-21T08:04:33.475+00:00,2026-09-21T08:04:33.475+00:00,False,1,0.0,,0.0,301070.06083,301070.06083,301070.06083,301070.06083,301070.06083,301070.06083,nan,301070.06083,nan,nan,0.0,22,64,,True,False,"HTTPConnectionPool(host='gpu06', port=9004): Read timed out.",0,59.56268577710819
259,2026-09-21T07:59:33.440+00:00,2026-09-21T08:04:33.521+00:00,2026-09-21T08:04:33.521+00:00,False,1,0.0,,0.0,300081.62072,300081.62072,300081.62072,300081.62072,300081.62072,300081.62072,nan,300081.62072,nan,nan,0.0,22,64,,True,False,"HTTPConnectionPool(host='gpu06', port=9004): Read timed out.",0,59.56268577710819
260,2026-09-21T07:59:34.920+00:00,2026-09-21T08:04:34.286+00:00,2026-09-21T08:04:35.101+00:00,False,16,15.0,,15.0,299366.527266,300180.906786,300180.90674299997,18761.306671437498,0.02506,299366.527266,74828.06142161877,74914.68385049999,54.291968,20.403966578264615,0.04996986703985658,22,64,,True,False,Request timeout: 300.0s exceeded,45,59.56268577710819
262,2026-09-21T07:59:35.097+00:00,2026-09-21T08:04:35.366+00:00,2026-09-21T08:04:35.366+00:00,False,1,0.0,,0.0,300268.281892,300268.281892,300268.281892,300268.281892,300268.281892,300268.281892,nan,300268.281892,nan,nan,0.0,22,64,,True,False,"HTTPConnectionPool(host='gpu06', port=9004): Read timed out.",0,59.56268577710819
263,2026-09-21T07:59:35.386+00:00,2026-09-21T08:04:35.672+00:00,2026-09-21T08:04:35.672+00:00,False,1,0.0,,0.0,300286.027863,300286.027863,300286.027863,300286.027863,300286.027863,300286.027863,nan,300286.027863,nan,nan,0.0,22,64,,True,False,"HTTPConnectionPool(host='gpu06', port=9004): Read timed out.",0,59.56268577710819
261,2026-09-21T07:59:35.080+00:00,2026-09-21T08:04:35.736+00:00,2026-09-21T08:04:35.736+00:00,False,1,0.0,,0.0,300655.263432,300655.263432,300655.263432,300655.263432,300655.263432,300655.263432,nan,300655.263432,nan,nan,0.0,22,64,,True,False,"HTTPConnectionPool(host='gpu06', port=9004): Read timed out.",0,59.56268577710819
266,2026-09-21T07:59:35.801+00:00,2026-09-21T08:04:35.892+00:00,2026-09-21T08:04:35.892+00:00,False,1,0.0,,0.0,300091.479613,300091.479613,300091.479613,300091.479613,300091.479613,300091.479613,nan,300091.479613,nan,nan,0.0,22,64,,True,False,"HTTPConnectionPool(host='gpu06', port=9004): Read timed out.",0,59.56268577710819
264,2026-09-21T07:59:35.638+00:00,2026-09-21T08:04:35.998+00:00,2026-09-21T08:04:35.998+00:00,False,1,0.0,,0.0,300360.54973,300360.54973,300360.54973,300360.54973,300360.54973,300360.54973,nan,300360.54973,nan,nan,0.0,22,64,,True,False,"HTTPConnectionPool(host='gpu06', port=9004): Read timed out.",0,59.56268577710819
265,2026-09-21T07:59:35.675+00:00,2026-09-21T08:04:36.013+00:00,2026-09-21T08:04:36.013+00:00,False,1,0.0,,0.0,300337.66107599996,300337.66107599996,300337.66107599996,300337.66107599996,300337.66107599996,300337.66107599996,nan,300337.66107599996,nan,nan,0.0,22,64,,True,False,"HTTPConnectionPool(host='gpu06', port=9004): Read timed out.",0,59.56268577710819
267,2026-09-21T07:59:36.122+00:00,2026-09-21T08:04:36.277+00:00,2026-09-21T08:04:36.277+00:00,False,1,0.0,,0.0,300155.015951,300155.015951,300155.015951,300155.015951,300155.015951,300155.015951,nan,300155.015951,nan,nan,0.0,22,64,,True,False,"HTTPConnectionPool(host='gpu06', port=9004): Read timed out.",0,59.56268577710819
268,2026-09-21T07:59:36.447+00:00,2026-09-21T08:04:36.555+00:00,2026-09-21T08:04:36.555+00:00,False,1,0.0,,0.0,300107.893095,300107.893095,300107.893095,300107.893095,300107.893095,300107.893095,nan,300107.893095,nan,nan,0.0,22,64,,True,False,"HTTPConnectionPool(host='gpu06', port=9004): Read timed out.",0,59.56268577710819
269,2026-09-21T07:59:36.740+00:00,2026-09-21T08:04:36.848+00:00,2026-09-21T08:04:36.848+00:00,False,1,0.0,,0.0,300107.679101,300107.679101,300107.679101,300107.679101,300107.679101,300107.679101,nan,300107.679101,nan,nan,0.0,22,64,,True,False,"HTTPConnectionPool(host='gpu06', port=9004): Read timed out.",0,59.56268577710819
270,2026-09-21T07:59:37.062+00:00,2026-09-21T08:04:37.166+00:00,2026-09-21T08:04:37.166+00:00,False,1,0.0,,0.0,300104.528764,300104.528764,300104.528764,300104.528764,300104.528764,300104.528764,nan,300104.528764,nan,nan,0.0,22,64,,True,False,"HTTPConnectionPool(host='gpu06', port=9004): Read timed out.",0,59.56268577710819
271,2026-09-21T07:59:37.314+00:00,2026-09-21T08:04:37.412+00:00,2026-09-21T08:04:37.412+00:00,False,1,0.0,,0.0,300098.075277,300098.075277,300098.075277,300098.075277,300098.075277,300098.075277,nan,300098.075277,nan,nan,0.0,22,64,,True,False,"HTTPConnectionPool(host='gpu06', port=9004): Read timed out.",0,59.56268577710819
272,2026-09-21T07:59:37.770+00:00,2026-09-21T08:04:37.874+00:00,2026-09-21T08:04:37.874+00:00,False,1,0.0,,0.0,300103.77622899995,300103.77622899995,300103.77622899995,300103.77622899995,300103.77622899995,300103.77622899995,nan,300103.77622899995,nan,nan,0.0,22,64,,True,False,"HTTPConnectionPool(host='gpu06', port=9004): Read timed out.",0,59.56268577710819
273,2026-09-21T07:59:38.094+00:00,2026-09-21T08:04:38.080+00:00,2026-09-21T08:04:38.255+00:00,False,3,2.0,,2.0,299985.177787,300160.60153100005,300160.601626,100053.53387533333,0.05818,299985.177787,173145.90483489397,270004.1965742,87.711872,123.9611361849963,0.006663099653314905,22,64,,True,False,Request timeout: 300.0s exceeded,16,59.56268577710819
274,2026-09-21T07:59:38.447+00:00,2026-09-21T08:04:38.351+00:00,2026-09-21T08:04:38.508+00:00,False,5,4.0,,4.0,299903.879539,300060.506739,300060.50682,60012.101363999995,0.08319,299903.879539,134103.58274221758,239934.25990459998,39.1568,26.282046844881872,0.013330644687204034,22,64,,True,False,Request timeout: 300.0s exceeded,0,59.56268577710819
275,2026-09-21T07:59:38.707+00:00,2026-09-21T08:04:38.811+00:00,2026-09-21T08:04:38.811+00:00,False,1,0.0,,0.0,300104.22911799996,300104.22911799996,300104.22911799996,300104.22911799996,300104.22911799996,300104.22911799996,nan,300104.22911799996,nan,nan,0.0,22,64,,True,False,"HTTPConnectionPool(host='gpu06', port=9004): Read timed out.",0,59.56268577710819
276,2026-09-21T07:59:38.959+00:00,2026-09-21T08:04:39.063+00:00,2026-09-21T08:04:39.063+00:00,False,1,0.0,,0.0,300104.200731,300104.200731,300104.200731,300104.200731,300104.200731,300104.200731,nan,300104.200731,nan,nan,0.0,22,64,,True,False,"HTTPConnectionPool(host='gpu06', port=9004): Read timed out.",0,59.56268577710819
277,2026-09-21T07:59:39.352+00:00,2026-09-21T08:04:39.465+00:00,2026-09-21T08:04:39.465+00:00,False,1,0.0,,0.0,300113.035062,300113.035062,300113.035062,300113.035062,300113.035062,300113.035062,nan,300113.035062,nan,nan,0.0,22,64,,True,False,"HTTPConnectionPool(host='gpu06', port=9004): Read timed out.",0,59.56268577710819
278,2026-09-21T07:59:39.656+00:00,2026-09-21T08:04:39.783+00:00,2026-09-21T08:04:39.783+00:00,False,1,0.0,,0.0,300127.226246,300127.226246,300127.226246,300127.226246,300127.226246,300127.226246,nan,300127.226246,nan,nan,0.0,22,64,,True,False,"HTTPConnectionPool(host='gpu06', port=9004): Read timed out.",0,59.56268577710819
279,2026-09-21T07:59:39.991+00:00,2026-09-21T08:04:40.044+00:00,2026-09-21T08:04:40.044+00:00,False,1,0.0,,0.0,300052.51559100003,300052.51559100003,300052.51559100003,300052.51559100003,300052.51559100003,300052.51559100003,nan,300052.51559100003,nan,nan,0.0,22,64,,True,False,TTFT timeout: 300.0s exceeded (TTFT: 300.047s),0,59.56268577710819
280,2026-09-21T07:59:40.405+00:00,2026-09-21T08:04:40.460+00:00,2026-09-21T08:04:40.460+00:00,False,1,0.0,,0.0,300055.077919,300055.077919,300055.077919,300055.077919,300055.077919,300055.077919,nan,300055.077919,nan,nan,0.0,22,64,,True,False,TTFT timeout: 300.0s exceeded (TTFT: 300.046s),0,59.56268577710819
281,2026-09-21T07:59:40.667+00:00,2026-09-21T08:04:40.699+00:00,2026-09-21T08:04:40.699+00:00,False,1,0.0,,0.0,300031.448911,300031.448911,300031.448911,300031.448911,300031.448911,300031.448911,nan,300031.448911,nan,nan,0.0,22,64,,True,False,TTFT timeout: 300.0s exceeded (TTFT: 300.006s),0,59.56268577710819
282,2026-09-21T07:59:41.025+00:00,2026-09-21T08:04:41.074+00:00,2026-09-21T08:04:41.074+00:00,False,1,0.0,,0.0,300048.50376700005,300048.50376700005,300048.50376700005,300048.50376700005,300048.50376700005,300048.50376700005,nan,300048.50376700005,nan,nan,0.0,22,64,,True,False,"HTTPConnectionPool(host='gpu06', port=9004): Read timed out.",0,59.56268577710819
283,2026-09-21T07:59:41.297+00:00,2026-09-21T08:04:41.404+00:00,2026-09-21T08:04:41.404+00:00,False,1,0.0,,0.0,300107.453543,300107.453543,300107.453543,300107.453543,300107.453543,300107.453543,nan,300107.453543,nan,nan,0.0,22,64,,True,False,"HTTPConnectionPool(host='gpu06', port=9004): Read timed out.",0,59.56268577710819
284,2026-09-21T07:59:41.723+00:00,2026-09-21T08:04:41.825+00:00,2026-09-21T08:04:41.825+00:00,False,1,0.0,,0.0,300101.318809,300101.318809,300101.318809,300101.318809,300101.318809,300101.318809,nan,300101.318809,nan,nan,0.0,22,64,,True,False,"HTTPConnectionPool(host='gpu06', port=9004): Read timed out.",0,59.56268577710819
285,2026-09-21T07:59:42.071+00:00,2026-09-21T08:04:42.178+00:00,2026-09-21T08:04:42.178+00:00,False,1,0.0,,0.0,300107.562408,300107.562408,300107.562408,300107.562408,300107.562408,300107.562408,nan,300107.562408,nan,nan,0.0,22,64,,True,False,"HTTPConnectionPool(host='gpu06', port=9004): Read timed out.",0,59.56268577710819
286,2026-09-21T07:59:42.456+00:00,2026-09-21T08:04:42.455+00:00,2026-09-21T08:04:42.599+00:00,False,3,2.0,,2.0,299999.12524699996,300143.130111,300143.13006799994,100047.71002266665,0.02599,299999.12524699996,173163.02006567517,270013.61060539994,72.002432,101.7902499523778,0.0066634875143081,22,64,,True,False,Request timeout: 300.0s exceeded,4,59.56268577710819
287,2026-09-21T07:59:42.736+00:00,2026-09-21T08:04:42.770+00:00,2026-09-21T08:04:42.770+00:00,False,1,0.0,,0.0,300033.65456199995,300033.65456199995,300033.65456199995,300033.65456199995,300033.65456199995,300033.65456199995,nan,300033.65456199995,nan,nan,0.0,22,64,,True,False,TTFT timeout: 300.0s exceeded (TTFT: 300.014s),0,59.56268577710819
288,2026-09-21T07:59:43.028+00:00,2026-09-21T08:04:43.112+00:00,2026-09-21T08:04:43.112+00:00,False,1,0.0,,0.0,300084.556485,300084.556485,300084.556485,300084.556485,300084.556485,300084.556485,nan,300084.556485,nan,nan,0.0,22,64,,True,False,"HTTPConnectionPool(host='gpu06', port=9004): Read timed out.",0,59.56268577710819
289,2026-09-21T07:59:43.363+00:00,2026-09-21T08:04:43.470+00:00,2026-09-21T08:04:43.470+00:00,False,1,0.0,,0.0,300106.769834,300106.769834,300106.769834,300106.769834,300106.769834,300106.769834,nan,300106.769834,nan,nan,0.0,22,64,,True,False,"HTTPConnectionPool(host='gpu06', port=9004): Read timed out.",0,59.56268577710819
290,2026-09-21T07:59:43.730+00:00,2026-09-21T08:04:43.847+00:00,2026-09-21T08:04:43.847+00:00,False,1,0.0,,0.0,300116.887839,300116.887839,300116.887839,300116.887839,300116.887839,300116.887839,nan,300116.887839,nan,nan,0.0,22,64,,True,False,"HTTPConnectionPool(host='gpu06', port=9004): Read timed out.",0,59.56268577710819
291,2026-09-21T07:59:44.069+00:00,2026-09-21T08:04:44.174+00:00,2026-09-21T08:04:44.174+00:00,False,1,0.0,,0.0,300105.174579,300105.174579,300105.174579,300105.174579,300105.174579,300105.174579,nan,300105.174579,nan,nan,0.0,22,64,,True,False,"HTTPConnectionPool(host='gpu06', port=9004): Read timed out.",0,59.56268577710819
292,2026-09-21T07:59:44.498+00:00,2026-09-21T08:04:44.560+00:00,2026-09-21T08:04:44.560+00:00,False,1,0.0,,0.0,300062.718838,300062.718838,300062.718838,300062.718838,300062.718838,300062.718838,nan,300062.718838,nan,nan,0.0,22,64,,True,False,"HTTPConnectionPool(host='gpu06', port=9004): Read timed out.",0,59.56268577710819
293,2026-09-21T07:59:44.929+00:00,2026-09-21T08:04:44.921+00:00,2026-09-21T08:04:44.952+00:00,False,3,2.0,,2.0,299991.787628,300022.80919600005,300022.80899600004,100007.60299866667,0.03433,299991.787628,173191.38493560237,269995.707569,15.510784,21.886685875123987,0.006666159834179249,22,64,,True,False,Request timeout: 300.0s exceeded,8,59.56268577710819
294,2026-09-21T07:59:45.243+00:00,2026-09-21T08:04:45.350+00:00,2026-09-21T08:04:45.350+00:00,False,1,0.0,,0.0,300106.848245,300106.848245,300106.848245,300106.848245,300106.848245,300106.848245,nan,300106.848245,nan,nan,0.0,22,64,,True,False,"HTTPConnectionPool(host='gpu06', port=9004): Read timed out.",0,59.56268577710819
295,2026-09-21T07:59:45.524+00:00,2026-09-21T08:04:45.986+00:00,2026-09-21T08:04:47.076+00:00,False,19,18.0,,18.0,300462.29302100005,301552.17513300007,301552.175264,15871.167119157897,0.03128,300462.29302100005,68916.89387367775,30203.666715200005,60.549006222222225,32.676267753231336,0.05969116287110538,22,64,,True,False,Request timeout: 300.0s exceeded,54,59.56268577710819
296,2026-09-21T07:59:45.786+00:00,2026-09-21T08:04:46.199+00:00,2026-09-21T08:04:47.128+00:00,False,18,17.0,,17.0,300413.659885,301342.444013,301342.44406799995,16741.246892666666,0.03691,300413.659885,70795.30319821204,45131.356533499995,54.634360470588234,17.139344130624476,0.05641422354451541,22,64,,True,False,Request timeout: 300.0s exceeded,99,59.56268577710819
297,2026-09-21T07:59:46.134+00:00,2026-09-21T08:04:47.231+00:00,2026-09-21T08:04:47.231+00:00,False,1,0.0,,0.0,301096.69066100003,301096.69066100003,301096.69066100003,301096.69066100003,301096.69066100003,301096.69066100003,nan,301096.69066100003,nan,nan,0.0,22,64,,True,False,"HTTPConnectionPool(host='gpu06', port=9004): Read timed out.",0,59.56268577710819
300,2026-09-21T07:59:47.014+00:00,2026-09-21T08:04:47.270+00:00,2026-09-21T08:04:47.270+00:00,False,1,0.0,,0.0,300256.17375099997,300256.17375099997,300256.17375099997,300256.17375099997,300256.17375099997,300256.17375099997,nan,300256.17375099997,nan,nan,0.0,22,64,,True,False,"HTTPConnectionPool(host='gpu06', port=9004): Read timed out.",0,59.56268577710819
301,2026-09-21T07:59:47.398+00:00,2026-09-21T08:04:47.452+00:00,2026-09-21T08:04:47.452+00:00,False,1,0.0,,0.0,300054.06907599996,300054.06907599996,300054.06907599996,300054.06907599996,300054.06907599996,300054.06907599996,nan,300054.06907599996,nan,nan,0.0,22,64,,True,False,"HTTPConnectionPool(host='gpu06', port=9004): Read timed out.",0,59.56268577710819
298,2026-09-21T07:59:46.403+00:00,2026-09-21T08:04:47.508+00:00,2026-09-21T08:04:47.508+00:00,False,1,0.0,,0.0,301104.503021,301104.503021,301104.503021,301104.503021,301104.503021,301104.503021,nan,301104.503021,nan,nan,0.0,22,64,,True,False,"HTTPConnectionPool(host='gpu06', port=9004): Read timed out.",0,59.56268577710819
299,2026-09-21T07:59:46.739+00:00,2026-09-21T08:04:47.807+00:00,2026-09-21T08:04:47.807+00:00,False,1,0.0,,0.0,301068.682862,301068.682862,301068.682862,301068.682862,301068.682862,301068.682862,nan,301068.682862,nan,nan,0.0,22,64,,True,False,"HTTPConnectionPool(host='gpu06', port=9004): Read timed out.",0,59.56268577710819
302,2026-09-21T07:59:47.818+00:00,2026-09-21T08:04:47.843+00:00,2026-09-21T08:04:47.843+00:00,False,1,0.0,,0.0,300025.531155,300025.531155,300025.531155,300025.531155,300025.531155,300025.531155,nan,300025.531155,nan,nan,0.0,22,64,,True,False,"HTTPConnectionPool(host='gpu06', port=9004): Read timed out.",0,59.56268577710819
303,2026-09-21T07:59:48.239+00:00,2026-09-21T08:04:48.358+00:00,2026-09-21T08:04:48.358+00:00,False,1,0.0,,0.0,300119.224017,300119.224017,300119.224017,300119.224017,300119.224017,300119.224017,nan,300119.224017,nan,nan,0.0,22,64,,True,False,"HTTPConnectionPool(host='gpu06', port=9004): Read timed out.",0,59.56268577710819
304,2026-09-21T07:59:48.490+00:00,2026-09-21T08:04:48.594+00:00,2026-09-21T08:04:48.594+00:00,False,1,0.0,,0.0,300104.3824,300104.3824,300104.3824,300104.3824,300104.3824,300104.3824,nan,300104.3824,nan,nan,0.0,22,64,,True,False,"HTTPConnectionPool(host='gpu06', port=9004): Read timed out.",0,59.56268577710819
305,2026-09-21T07:59:48.847+00:00,2026-09-21T08:04:48.965+00:00,2026-09-21T08:04:48.965+00:00,False,1,0.0,,0.0,300117.72825700004,300117.72825700004,300117.72825700004,300117.72825700004,300117.72825700004,300117.72825700004,nan,300117.72825700004,nan,nan,0.0,22,64,,True,False,"HTTPConnectionPool(host='gpu06', port=9004): Read timed out.",0,59.56268577710819
306,2026-09-21T07:59:49.229+00:00,2026-09-21T08:04:49.268+00:00,2026-09-21T08:04:49.268+00:00,False,1,0.0,,0.0,300039.326934,300039.326934,300039.326934,300039.326934,300039.326934,300039.326934,nan,300039.326934,nan,nan,0.0,22,64,,True,False,"HTTPConnectionPool(host='gpu06', port=9004): Read timed out.",0,59.56268577710819
307,2026-09-21T07:59:49.580+00:00,2026-09-21T08:04:49.645+00:00,2026-09-21T08:04:49.645+00:00,False,1,0.0,,0.0,300065.03341000003,300065.03341000003,300065.03341000003,300065.03341000003,300065.03341000003,300065.03341000003,nan,300065.03341000003,nan,nan,0.0,22,64,,True,False,"HTTPConnectionPool(host='gpu06', port=9004): Read timed out.",0,59.56268577710819
308,2026-09-21T07:59:49.932+00:00,2026-09-21T08:04:50.043+00:00,2026-09-21T08:04:50.043+00:00,False,1,0.0,,0.0,300111.009185,300111.009185,300111.009185,300111.009185,300111.009185,300111.009185,nan,300111.009185,nan,nan,0.0,22,64,,True,False,"HTTPConnectionPool(host='gpu06', port=9004): Read timed out.",0,59.56268577710819
309,2026-09-21T07:59:50.206+00:00,2026-09-21T08:04:50.313+00:00,2026-09-21T08:04:50.313+00:00,False,1,0.0,,0.0,300106.688904,300106.688904,300106.688904,300106.688904,300106.688904,300106.688904,nan,300106.688904,nan,nan,0.0,22,64,,True,False,"HTTPConnectionPool(host='gpu06', port=9004): Read timed out.",0,59.56268577710819
310,2026-09-21T07:59:50.537+00:00,2026-09-21T08:04:50.626+00:00,2026-09-21T08:04:50.626+00:00,False,1,0.0,,0.0,300088.588636,300088.588636,300088.588636,300088.588636,300088.588636,300088.588636,nan,300088.588636,nan,nan,0.0,22,64,,True,False,"HTTPConnectionPool(host='gpu06', port=9004): Read timed out.",0,59.56268577710819
311,2026-09-21T07:59:50.980+00:00,2026-09-21T08:04:51.073+00:00,2026-09-21T08:04:51.073+00:00,False,1,0.0,,0.0,300093.62101,300093.62101,300093.62101,300093.62101,300093.62101,300093.62101,nan,300093.62101,nan,nan,0.0,22,64,,True,False,TTFT timeout: 300.0s exceeded (TTFT: 300.083s),0,59.56268577710819
312,2026-09-21T07:59:51.435+00:00,2026-09-21T08:04:51.463+00:00,2026-09-21T08:04:51.463+00:00,False,1,0.0,,0.0,300027.922916,300027.922916,300027.922916,300027.922916,300027.922916,300027.922916,nan,300027.922916,nan,nan,0.0,22,64,,True,False,TTFT timeout: 300.0s exceeded (TTFT: 300.019s),0,59.56268577710819
313,2026-09-21T07:59:51.717+00:00,2026-09-21T08:04:51.822+00:00,2026-09-21T08:04:51.822+00:00,False,1,0.0,,0.0,300105.301769,300105.301769,300105.301769,300105.301769,300105.301769,300105.301769,nan,300105.301769,nan,nan,0.0,22,64,,True,False,"HTTPConnectionPool(host='gpu06', port=9004): Read timed out.",0,59.56268577710819
314,2026-09-21T07:59:51.972+00:00,2026-09-21T08:04:52.092+00:00,2026-09-21T08:04:52.092+00:00,False,1,0.0,,0.0,300120.20382,300120.20382,300120.20382,300120.20382,300120.20382,300120.20382,nan,300120.20382,nan,nan,0.0,22,64,,True,False,"HTTPConnectionPool(host='gpu06', port=9004): Read timed out.",0,59.56268577710819
315,2026-09-21T07:59:52.317+00:00,2026-09-21T08:04:52.381+00:00,2026-09-21T08:04:52.381+00:00,False,1,0.0,,0.0,300064.247342,300064.247342,300064.247342,300064.247342,300064.247342,300064.247342,nan,300064.247342,nan,nan,0.0,22,64,,True,False,"HTTPConnectionPool(host='gpu06', port=9004): Read timed out.",0,59.56268577710819
316,2026-09-21T07:59:52.706+00:00,2026-09-21T08:04:52.815+00:00,2026-09-21T08:04:52.815+00:00,False,1,0.0,,0.0,300109.764391,300109.764391,300109.764391,300109.764391,300109.764391,300109.764391,nan,300109.764391,nan,nan,0.0,22,64,,True,False,"HTTPConnectionPool(host='gpu06', port=9004): Read timed out.",0,59.56268577710819
317,2026-09-21T07:59:54.112+00:00,2026-09-21T08:04:53.199+00:00,2026-09-21T08:04:54.456+00:00,False,23,22.0,,22.0,299087.685925,300344.749861,300344.749838,13058.46738426087,0.02888,299087.685925,62352.181558798606,93.3941652,57.13926981818182,17.47544057491282,0.07324915787667884,22,64,,True,False,Request timeout: 300.0s exceeded,66,59.56268577710819
319,2026-09-21T07:59:54.194+00:00,2026-09-21T08:04:53.398+00:00,2026-09-21T08:04:54.632+00:00,False,23,22.0,,22.0,299204.515735,300438.115735,300438.11587900005,13062.526777347826,0.037509999999999995,299204.515735,62376.76416627275,74.175833,56.07272727272727,15.58214241925566,0.07322639454777101,22,64,,True,False,Request timeout: 300.0s exceeded,66,59.56268577710819
320,2026-09-21T07:59:54.273+00:00,2026-09-21T08:04:53.869+00:00,2026-09-21T08:04:54.635+00:00,False,15,14.0,,14.0,299595.93572899996,300361.65067299997,300361.65070199996,20024.110046799997,0.03319,299595.93572899996,77341.21810571162,89931.02020319998,54.693924571428575,18.42914173663506,0.04661047763131927,22,64,,True,False,Request timeout: 300.0s exceeded,28,59.56268577710819
318,2026-09-21T07:59:54.158+00:00,2026-09-21T08:04:54.635+00:00,2026-09-21T08:04:54.940+00:00,False,7,6.0,,6.0,300477.70993300003,300782.55038100004,300782.550554,42968.93579342858,0.0358,300477.70993300003,113550.69877865326,210356.70388660004,50.806741333333335,26.8578216827218,0.019947965706121663,22,64,,True,False,Request timeout: 300.0s exceeded,24,59.56268577710819
321,2026-09-21T07:59:54.688+00:00,2026-09-21T08:04:55.268+00:00,2026-09-21T08:04:55.268+00:00,False,1,0.0,,0.0,300580.04535699997,300580.04535699997,300580.04535699997,300580.04535699997,300580.04535699997,300580.04535699997,nan,300580.04535699997,nan,nan,0.0,22,64,,True,False,"HTTPConnectionPool(host='gpu06', port=9004): Read timed out.",0,59.56268577710819
322,2026-09-21T07:59:54.990+00:00,2026-09-21T08:04:55.279+00:00,2026-09-21T08:04:55.279+00:00,False,1,0.0,,0.0,300288.64444,300288.64444,300288.64444,300288.64444,300288.64444,300288.64444,nan,300288.64444,nan,nan,0.0,22,64,,True,False,"HTTPConnectionPool(host='gpu06', port=9004): Read timed out.",0,59.56268577710819
323,2026-09-21T07:59:55.185+00:00,2026-09-21T08:04:55.472+00:00,2026-09-21T08:04:55.472+00:00,False,1,0.0,,0.0,300287.645521,300287.645521,300287.645521,300287.645521,300287.645521,300287.645521,nan,300287.645521,nan,nan,0.0,22,64,,True,False,"HTTPConnectionPool(host='gpu06', port=9004): Read timed out.",0,59.56268577710819
324,2026-09-21T07:59:55.552+00:00,2026-09-21T08:04:55.708+00:00,2026-09-21T08:04:55.708+00:00,False,1,0.0,,0.0,300156.143714,300156.143714,300156.143714,300156.143714,300156.143714,300156.143714,nan,300156.143714,nan,nan,0.0,22,64,,True,False,"HTTPConnectionPool(host='gpu06', port=9004): Read timed out.",0,59.56268577710819
325,2026-09-21T07:59:55.875+00:00,2026-09-21T08:04:55.991+00:00,2026-09-21T08:04:55.991+00:00,False,1,0.0,,0.0,300116.377329,300116.377329,300116.377329,300116.377329,300116.377329,300116.377329,nan,300116.377329,nan,nan,0.0,22,64,,True,False,"HTTPConnectionPool(host='gpu06', port=9004): Read timed out.",0,59.56268577710819
326,2026-09-21T07:59:56.169+00:00,2026-09-21T08:04:56.273+00:00,2026-09-21T08:04:56.273+00:00,False,1,0.0,,0.0,300104.55168599996,300104.55168599996,300104.55168599996,300104.55168599996,300104.55168599996,300104.55168599996,nan,300104.55168599996,nan,nan,0.0,22,64,,True,False,"HTTPConnectionPool(host='gpu06', port=9004): Read timed out.",0,59.56268577710819
327,2026-09-21T07:59:56.441+00:00,2026-09-21T08:04:56.547+00:00,2026-09-21T08:04:56.547+00:00,False,1,0.0,,0.0,300105.85598500003,300105.85598500003,300105.85598500003,300105.85598500003,300105.85598500003,300105.85598500003,nan,300105.85598500003,nan,nan,0.0,22,64,,True,False,"HTTPConnectionPool(host='gpu06', port=9004): Read timed out.",0,59.56268577710819
328,2026-09-21T07:59:56.805+00:00,2026-09-21T08:04:56.917+00:00,2026-09-21T08:04:56.917+00:00,False,1,0.0,,0.0,300111.70247,300111.70247,300111.70247,300111.70247,300111.70247,300111.70247,nan,300111.70247,nan,nan,0.0,22,64,,True,False,TTFT timeout: 300.0s exceeded (TTFT: 300.098s),0,59.56268577710819
329,2026-09-21T07:59:57.150+00:00,2026-09-21T08:04:57.189+00:00,2026-09-21T08:04:57.189+00:00,False,1,0.0,,0.0,300038.17514300003,300038.17514300003,300038.17514300003,300038.17514300003,300038.17514300003,300038.17514300003,nan,300038.17514300003,nan,nan,0.0,22,64,,True,False,TTFT timeout: 300.0s exceeded (TTFT: 300.036s),0,59.56268577710819
330,2026-09-21T07:59:57.602+00:00,2026-09-21T08:04:57.714+00:00,2026-09-21T08:04:57.714+00:00,False,1,0.0,,0.0,300111.805392,300111.805392,300111.805392,300111.805392,300111.805392,300111.805392,nan,300111.805392,nan,nan,0.0,22,64,,True,False,"HTTPConnectionPool(host='gpu06', port=9004): Read timed out.",0,59.56268577710819
331,2026-09-21T07:59:58.026+00:00,2026-09-21T08:04:58.128+00:00,2026-09-21T08:04:58.128+00:00,False,1,0.0,,0.0,300102.155108,300102.155108,300102.155108,300102.155108,300102.155108,300102.155108,nan,300102.155108,nan,nan,0.0,22,64,,True,False,"HTTPConnectionPool(host='gpu06', port=9004): Read timed out.",0,59.56268577710819
332,2026-09-21T07:59:58.395+00:00,2026-09-21T08:04:58.508+00:00,2026-09-21T08:04:58.508+00:00,False,1,0.0,,0.0,300113.257963,300113.257963,300113.257963,300113.257963,300113.257963,300113.257963,nan,300113.257963,nan,nan,0.0,22,64,,True,False,"HTTPConnectionPool(host='gpu06', port=9004): Read timed out.",0,59.56268577710819
333,2026-09-21T07:59:58.711+00:00,2026-09-21T08:04:58.803+00:00,2026-09-21T08:04:58.803+00:00,False,1,0.0,,0.0,300092.254157,300092.254157,300092.254157,300092.254157,300092.254157,300092.254157,nan,300092.254157,nan,nan,0.0,22,64,,True,False,TTFT timeout: 300.0s exceeded (TTFT: 300.087s),0,59.56268577710819
334,2026-09-21T07:59:59.071+00:00,2026-09-21T08:04:59.069+00:00,2026-09-21T08:04:59.215+00:00,False,3,2.0,,2.0,299997.547029,300143.471125,300143.47093,100047.82364333334,0.032740000000000005,299997.547029,173161.5552891958,270012.38144220004,72.962048,103.13757687010491,0.00666347994345366,22,64,,True,False,Request timeout: 300.0s exceeded,10,59.56268577710819
335,2026-09-21T07:59:59.409+00:00,2026-09-21T08:04:59.373+00:00,2026-09-21T08:04:59.434+00:00,False,3,2.0,,2.0,299963.86864099995,300024.30640099995,300024.30643799994,100008.10214599999,0.038729999999999994,299963.86864099995,173166.77604781694,269973.5216836,30.21888,42.68128209625798,0.006666126568181725,22,64,,True,False,Request timeout: 300.0s exceeded,4,59.56268577710819
336,2026-09-21T07:59:59.805+00:00,2026-09-21T08:04:59.912+00:00,2026-09-21T08:04:59.912+00:00,False,1,0.0,,0.0,300106.697773,300106.697773,300106.697773,300106.697773,300106.697773,300106.697773,nan,300106.697773,nan,nan,0.0,22,64,,True,False,"HTTPConnectionPool(host='gpu06', port=9004): Read timed out.",0,59.56268577710819
337,2026-09-21T08:00:00.137+00:00,2026-09-21T08:05:00.245+00:00,2026-09-21T08:05:00.245+00:00,False,1,0.0,,0.0,300108.53674400004,300108.53674400004,300108.53674400004,300108.53674400004,300108.53674400004,300108.53674400004,nan,300108.53674400004,nan,nan,0.0,22,64,,True,False,"HTTPConnectionPool(host='gpu06', port=9004): Read timed out.",0,59.56268577710819
338,2026-09-21T08:00:00.560+00:00,2026-09-21T08:05:00.677+00:00,2026-09-21T08:05:00.677+00:00,False,1,0.0,,0.0,300116.83950999996,300116.83950999996,300116.83950999996,300116.83950999996,300116.83950999996,300116.83950999996,nan,300116.83950999996,nan,nan,0.0,22,64,,True,False,"HTTPConnectionPool(host='gpu06', port=9004): Read timed out.",0,59.56268577710819
339,2026-09-21T08:00:00.962+00:00,2026-09-21T08:05:00.977+00:00,2026-09-21T08:05:00.977+00:00,False,1,0.0,,0.0,300014.969616,300014.969616,300014.969616,300014.969616,300014.969616,300014.969616,nan,300014.969616,nan,nan,0.0,22,64,,True,False,TTFT timeout: 300.0s exceeded (TTFT: 300.011s),0,59.56268577710819
340,2026-09-21T08:00:01.315+00:00,2026-09-21T08:05:01.385+00:00,2026-09-21T08:05:02.065+00:00,True,12,12.0,,12.0,300069.99679,300749.60127,300749.601109,25062.466759083334,43.797677,300069.99679,86604.91306120761,135087.9151322,61.782225454545454,15.96664728828955,0.039900302275802255,22,64,,True,True,,79,59.56268577710819
342,2026-09-21T08:00:02.117+00:00,2026-09-21T08:05:03.257+00:00,2026-09-21T08:05:03.257+00:00,False,1,0.0,,0.0,301140.443755,301140.443755,301140.443755,301140.443755,301140.443755,301140.443755,nan,301140.443755,nan,nan,0.0,22,64,,True,False,"HTTPConnectionPool(host='gpu06', port=9004): Read timed out.",0,59.56268577710819
341,2026-09-21T08:00:01.705+00:00,2026-09-21T08:05:03.792+00:00,2026-09-21T08:05:04.909+00:00,False,29,28.0,,28.0,302086.544219,303203.55516299995,303203.555381,10455.29501313793,0.01882,302086.544219,56088.663520914255,119.20582319999998,39.893248,31.491858980183686,0.09234720214592275,22,64,,True,False,Request timeout: 300.0s exceeded,130,59.56268577710819
0,2026-09-21T07:58:02.264+00:00,2026-09-21T07:58:02.382+00:00,2026-09-21T07:58:06.726+00:00,True,74,74.0,,74.0,117.63316800000001,4461.504144,4461.504183,60.29059706756757,0.01654,234.433116,33.7442164098186,102.70233449999999,59.5050818630137,33.289558468740864,16.586334476348746,23,64,,False,True,,518,59.56268577710819
1,2026-09-21T07:58:02.623+00:00,2026-09-21T07:58:04.239+00:00,2026-09-21T07:58:08.988+00:00,True,77,77.0,,77.0,1615.790469,6364.872837000001,6364.872594,82.66068303896104,40.822074,1615.790469,177.35375381037363,77.5761156,62.48792589473684,11.025137354758995,12.09764939094886,23,64,,False,True,,308,59.56268577710819
2,2026-09-21T07:58:03.141+00:00,2026-09-21T07:58:04.241+00:00,2026-09-21T07:58:05.766+00:00,True,26,26.0,,26.0,1100.860304,2625.0433439999997,2625.043387,100.96320719230769,39.700993000000004,1100.860304,204.2251264868404,80.91685275,60.9673216,11.014368388194033,9.904598360033784,23,64,,False,True,,71,59.56268577710819
3,2026-09-21T07:58:03.159+00:00,2026-09-21T07:58:05.518+00:00,2026-09-21T07:58:08.365+00:00,True,46,46.0,,46.0,2359.576289,5205.992673000001,5205.992744,113.17375530434784,46.479575,2359.576289,338.74432830687294,80.44027799999999,63.25369742222222,10.852858698274954,8.835970945286038,23,64,,False,True,,104,59.56268577710819
5,2026-09-21T07:58:03.889+00:00,2026-09-21T07:58:08.497+00:00,2026-09-21T07:58:09.246+00:00,True,13,13.0,,13.0,4608.355328,5357.18912,5357.189116,412.09147046153845,37.390344,4608.355328,1260.8667063221399,1889.2272979999998,62.402816,11.289480598667705,2.4266457108014134,23,64,,False,True,,65,59.56268577710819
6,2026-09-21T07:58:04.106+00:00,2026-09-21T07:58:10.111+00:00,2026-09-21T07:58:15.143+00:00,True,80,80.0,,80.0,6004.964150999999,11036.689462999999,11036.689423,137.9586177875,0.01614,6004.964150999999,665.5318204063918,80.46370205,63.69272546835443,41.47957978139382,7.2485504161548056,23,64,,False,True,,90,59.56268577710819
4,2026-09-21T07:58:03.531+00:00,2026-09-21T07:58:10.384+00:00,2026-09-21T07:58:15.146+00:00,True,76,76.0,,76.0,6853.068698,11614.412954,11614.413083,152.8212247763158,0.01823,6853.068698,780.3510510902901,80.24127800000001,63.48459008,49.20837442145268,6.543593748647075,23,64,,False,True,,576,59.56268577710819
7,2026-09-21T07:58:04.402+00:00,2026-09-21T07:58:11.827+00:00,2026-09-21T07:58:13.170+00:00,True,20,20.0,,20.0,7425.556968999999,8768.032233,8768.032158999999,438.40160794999997,0.01694,7425.556968999999,1646.8446162996192,765.4388182499999,70.65659284210527,88.19644960862091,2.281013512327949,23,64,,False,True,,20,59.56268577710819
8,2026-09-21T07:58:04.759+00:00,2026-09-21T07:58:13.611+00:00,2026-09-21T07:58:14.566+00:00,True,16,16.0,,16.0,8852.244279999999,9806.933815999999,9806.933809999999,612.9333631249999,46.286175,8852.244279999999,2197.1716631944228,2274.7423284999995,63.64596906666667,10.197175180733979,1.6314987232702665,23,64,,False,True,,32,59.56268577710819
9,2026-09-21T07:58:05.050+00:00,2026-09-21T07:58:16.057+00:00,2026-09-21T07:58:18.728+00:00,True,44,44.0,,44.0,11006.746695,13678.658374999999,13678.658422999999,310.87860052272725,43.229545,11006.746695,1649.9887173627785,78.57779099999999,62.137480930232556,9.515029505065394,3.2166897362110634,23,64,,False,True,,458,59.56268577710819
10,2026-09-21T07:58:05.384+00:00,2026-09-21T07:58:17.835+00:00,2026-09-21T07:58:23.301+00:00,True,84,84.0,,84.0,12451.413977,17917.026009,17917.026174,213.29793064285715,0.0169,12451.413977,1352.314051247443,84.045124,65.85074737349397,50.673921026009346,4.688278063435611,23,64,,False,True,,153,59.56268577710819
11,2026-09-21T07:58:05.601+00:00,2026-09-21T07:58:18.940+00:00,2026-09-21T07:58:20.540+00:00,True,26,26.0,,26.0,13338.622558000001,14938.904414,14938.904544,574.5732516923077,48.843245,13338.622558000001,2603.3912338555037,97.67540525,64.01127424,11.823379717434102,1.7404221407049159,23,64,,False,True,,178,59.56268577710819
12,2026-09-21T07:58:05.848+00:00,2026-09-21T07:58:20.201+00:00,2026-09-21T07:58:22.462+00:00,True,36,36.0,,36.0,14353.322712,16614.245592,16614.245506,461.5068196111111,29.401913,14353.322712,2381.497556048311,92.6583095,64.59779657142857,14.58792162430731,2.166815206905002,23,64,,False,True,,108,59.56268577710819
13,2026-09-21T07:58:06.142+00:00,2026-09-21T07:58:21.697+00:00,2026-09-21T07:58:25.561+00:00,True,61,61.0,,61.0,15554.114767000001,19418.212047,19418.212168000002,318.33134701639347,0.0,15554.114767000001,1984.7245989934356,82.634098,64.40162133333334,77.01963212425918,3.141380877516174,23,64,,False,True,,61,59.56268577710819
14,2026-09-21T07:58:06.447+00:00,2026-09-21T07:58:23.311+00:00,2026-09-21T07:58:28.946+00:00,True,95,95.0,,95.0,16863.323254,22499.181429999997,22499.181559999997,236.83349010526314,0.0,16863.323254,1725.006578656977,79.48443130000001,59.95593804255319,59.5564765621493,4.22237583600836,23,64,,False,True,,572,59.56268577710819
15,2026-09-21T07:58:06.808+00:00,2026-09-21T07:58:24.848+00:00,2026-09-21T07:58:25.181+00:00,True,7,7.0,,7.0,18040.792703000003,18373.462399000004,18373.462418000003,2624.7803454285718,44.135884,18040.792703000003,6797.831265152638,12650.428257500003,55.444949333333334,11.968846256705927,0.3809842613214253,23,64,,False,True,,14,59.56268577710819
16,2026-09-21T07:58:07.151+00:00,2026-09-21T07:58:26.978+00:00,2026-09-21T07:58:28.799+00:00,True,33,33.0,,33.0,19827.485188000002,21647.985412,21647.985407000004,655.9995577878789,0.0,19827.485188000002,3441.6601479118117,76.13753000000001,56.890632,17.149158606452456,1.5243912711483676,23,64,,False,True,,33,59.56268577710819
17,2026-09-21T07:58:07.486+00:00,2026-09-21T07:58:28.871+00:00,2026-09-21T07:58:34.191+00:00,True,84,84.0,,84.0,21384.549651,26704.655891000002,26704.655763000002,317.9125686071429,0.0,21384.549651,2327.635754485915,82.76044184999999,64.09766554216867,80.73567924205514,3.145518906622933,23,64,,False,True,,336,59.56268577710819
18,2026-09-21T07:58:07.735+00:00,2026-09-21T07:58:30.023+00:00,2026-09-21T07:58:35.376+00:00,True,83,83.0,,83.0,22287.760384,27640.979968,27640.98,333.02385542168673,0.0,22287.760384,2441.1699202999594,82.194393,65.28316565853659,97.80525850078187,3.0027878930518823,23,64,,False,True,,171,59.56268577710819
19,2026-09-21T07:58:08.076+00:00,2026-09-21T07:58:31.892+00:00,2026-09-21T07:58:35.836+00:00,True,63,63.0,,63.0,23816.235882,27759.946602,27759.946672000002,440.6340741587302,0.0,23816.235882,2994.1728747037923,89.00519980000001,63.60823741935484,99.37914437803015,2.2694568150019814,23,64,,False,True,,126,59.56268577710819
20,2026-09-21T07:58:08.462+00:00,2026-09-21T07:58:33.869+00:00,2026-09-21T07:58:38.574+00:00,True,75,75.0,,75.0,25406.905248,30111.764896,30111.764875999997,401.49019834666666,0.0,25406.905248,2927.071732026392,79.5585713,63.579184432432434,63.3573959732858,2.4907208281890805,23,64,,False,True,,226,59.56268577710819
21,2026-09-21T07:58:08.707+00:00,2026-09-21T07:58:35.383+00:00,2026-09-21T07:58:40.548+00:00,True,84,84.0,,84.0,26676.060120000002,31841.467352,31841.467396000004,379.0650880476191,0.0,26676.060120000002,2904.5603508829595,78.008554,62.23382207228915,66.57300882432766,2.6380693788825615,23,64,,False,True,,420,59.56268577710819
22,2026-09-21T07:58:09.105+00:00,2026-09-21T07:58:36.960+00:00,2026-09-21T07:58:41.258+00:00,True,69,69.0,,69.0,27854.937803,32152.790475,32152.790519000002,465.9824712898551,0.0,27854.937803,3346.4893762635797,78.64060260000001,63.20371576470588,71.74108084083227,2.1460034721916306,23,64,,False,True,,278,59.56268577710819
23,2026-09-21T07:58:09.373+00:00,2026-09-21T07:58:38.154+00:00,2026-09-21T07:58:43.645+00:00,True,86,86.0,,86.0,28781.460579,34272.486499,34272.486448999996,398.51728429069766,0.0,28781.460579,3098.0091119841522,80.122008,64.60030494117647,93.3581379489218,2.5093014480437335,23,64,,False,True,,564,59.56268577710819
24,2026-09-21T07:58:09.596+00:00,2026-09-21T07:58:39.615+00:00,2026-09-21T07:58:40.544+00:00,True,12,12.0,,12.0,30019.681266,30947.900146,30947.900293,2578.991691083333,0.0,30019.681266,8643.261474978972,13847.4605299,84.38353454545455,179.01012763415702,0.38774843990670543,23,64,,False,True,,48,59.56268577710819
25,2026-09-21T07:58:09.966+00:00,2026-09-21T07:58:41.507+00:00,2026-09-21T07:58:43.607+00:00,True,27,27.0,,27.0,31540.644685,33641.315149,33641.315282999996,1245.974640111111,0.01671,31540.644685,6056.462219253515,617.8341164000001,80.79501784615384,159.16464913347642,0.8025845565316011,23,64,,False,True,,81,59.56268577710819
26,2026-09-21T07:58:10.226+00:00,2026-09-21T07:58:43.511+00:00,2026-09-21T07:58:46.526+00:00,True,57,57.0,,57.0,33284.691156,36300.251860000004,36300.251729,636.8465215614035,0.0,33284.691156,4402.574442485539,93.6156194,53.84929828571428,96.64313093921689,1.5702370391211935,23,64,,False,True,,456,59.56268577710819
27,2026-09-21T07:58:10.530+00:00,2026-09-21T07:58:44.258+00:00,2026-09-21T07:58:47.644+00:00,True,54,54.0,,54.0,33728.217302000005,37114.143702,37114.143794,687.2989591481482,0.0,33728.217302000005,4582.165733761705,80.39608035,63.885403773584905,98.10001099249286,1.4549709251971792,23,64,,False,True,,162,59.56268577710819
28,2026-09-21T07:58:10.824+00:00,2026-09-21T07:58:46.486+00:00,2026-09-21T07:58:47.894+00:00,True,30,30.0,,30.0,35662.222483000005,37070.260371000004,37070.260399000006,1235.6753466333334,0.0,35662.222483000005,6502.201480557181,77.4928315,48.553030620689654,29.53729172864757,0.8092740568790001,23,64,,False,True,,120,59.56268577710819
29,2026-09-21T07:58:11.129+00:00,2026-09-21T07:58:47.498+00:00,2026-09-21T07:58:53.737+00:00,True,94,94.0,,94.0,36369.501626000005,42607.74828200001,42607.748404000005,453.2739191914894,0.0,36369.501626000005,3746.106182922344,77.84337685,67.07792103225806,116.64963378451635,2.206171501433486,23,64,,False,True,,98,59.56268577710819
30,2026-09-21T07:58:11.416+00:00,2026-09-21T07:58:48.810+00:00,2026-09-21T07:58:50.509+00:00,True,28,28.0,,28.0,37393.476442,39092.887642,39092.887708,1396.174561,42.338294000000005,37393.476442,7054.814037316065,75.86461100000001,62.941155555555554,9.368007370408014,0.716242817783504,23,64,,False,True,,56,59.56268577710819
31,2026-09-21T07:58:11.739+00:00,2026-09-21T07:58:50.508+00:00,2026-09-21T07:58:56.537+00:00,True,96,96.0,,96.0,38769.139295,44798.592351,44798.592381,466.65200396875,0.0,38769.139295,3951.9120856934246,82.1361665,63.467926905263155,110.57788409133732,2.142924475122645,23,64,,False,True,,480,59.56268577710819
32,2026-09-21T07:58:12.136+00:00,2026-09-21T07:58:52.582+00:00,2026-09-21T07:58:58.278+00:00,True,92,92.0,,92.0,40445.84435,46142.369662,46142.369641,501.54749609782607,0.0,40445.84435,4211.650106798747,78.3092965,62.599179252747255,109.41051765639398,1.9938291135438913,23,64,,False,True,,276,59.56268577710819
33,2026-09-21T07:58:12.526+00:00,2026-09-21T07:58:54.553+00:00,2026-09-21T07:58:58.424+00:00,True,63,63.0,,63.0,42026.973393,45897.880785,45897.880615,728.5377875396825,37.674184000000004,42026.973393,5287.046215135536,79.94669499999999,62.43399019354839,10.97527875532462,1.3726123934809031,23,64,,False,True,,79,59.56268577710819
34,2026-09-21T07:58:12.754+00:00,2026-09-21T07:58:55.904+00:00,2026-09-21T07:59:01.516+00:00,True,89,89.0,,89.0,43149.126661,48761.220357,48761.220223000004,547.8788789101123,0.0,43149.126661,4568.002333662338,81.338567,63.773792,94.38214441268318,1.8252209306575211,23,64,,False,True,,445,59.56268577710819
35,2026-09-21T07:58:13.131+00:00,2026-09-21T07:58:56.202+00:00,2026-09-21T07:59:01.270+00:00,True,79,79.0,,79.0,43070.662431000004,48139.438879,48139.438878,609.3599857974684,0.0,43070.662431000004,4839.5396315864,79.480264,64.98431343589743,100.13722715528225,1.6410660747120254,23,64,,False,True,,79,59.56268577710819
36,2026-09-21T07:58:13.378+00:00,2026-09-21T07:58:59.251+00:00,2026-09-21T07:59:04.574+00:00,True,86,86.0,,86.0,45873.585773,51195.708525,51195.708576,595.2989369302326,0.0,45873.585773,4940.849412984986,82.4431215,62.61320884705883,96.1795301283864,1.679828299631878,23,64,,False,True,,170,59.56268577710819
37,2026-09-21T07:58:13.705+00:00,2026-09-21T07:59:01.278+00:00,2026-09-21T07:59:01.278+00:00,True,5,5.0,,5.0,47573.07428,47573.07428,47573.07428,9514.614856,0.0,47573.07428,21275.325597745374,38058.459424,0.0,0.0,0.1051014691750125,23,64,,False,True,,29,59.56268577710819
38,2026-09-21T07:58:13.994+00:00,2026-09-21T07:59:02.530+00:00,2026-09-21T07:59:05.950+00:00,True,57,57.0,,57.0,48535.858270000004,51955.53955,51955.539775000005,911.5006978070177,0.01498,48535.858270000004,6421.787546569134,99.4180386,61.065737142857145,122.32919023699603,1.097091869196073,23,64,,False,True,,171,59.56268577710819
39,2026-09-21T07:58:14.291+00:00,2026-09-21T07:59:04.087+00:00,2026-09-21T07:59:07.962+00:00,True,63,63.0,,63.0,49796.72492,53671.527352,53671.527353,851.9290056031746,0.01524,49796.72492,6266.960009642675,111.02084959999998,62.496813419354844,114.89103941365558,1.1738067297176031,23,64,,False,True,,189,59.56268577710819
40,2026-09-21T07:58:14.631+00:00,2026-09-21T07:59:05.960+00:00,2026-09-21T07:59:06.062+00:00,True,3,3.0,,3.0,51329.62481,51431.13009,51431.13016,17143.710053333332,43.867494,51329.62481,29605.871431496107,46202.426114600006,50.75264,9.737211101902227,0.05833043129229829,23,64,,False,True,,12,59.56268577710819
41,2026-09-21T07:58:15.017+00:00,2026-09-21T07:59:08.026+00:00,2026-09-21T07:59:11.045+00:00,True,49,49.0,,49.0,53008.737724,56028.387004,56028.386948,1143.4364683265305,0.0,53008.737724,7565.149044461919,113.62358599999999,62.90936,150.15626920026105,0.8745566777873113,23,64,,False,True,,343,59.56268577710819
42,2026-09-21T07:58:15.288+00:00,2026-09-21T07:59:09.221+00:00,2026-09-21T07:59:11.304+00:00,True,35,35.0,,35.0,53932.088939,56015.820651,56015.820766000004,1600.4520218857142,0.0,53932.088939,9107.568063962912,404.9343657,61.28622682352942,180.7205698443952,0.6248234801032979,23,64,,False,True,,127,59.56268577710819
43,2026-09-21T07:58:15.565+00:00,2026-09-21T07:59:10.714+00:00,2026-09-21T07:59:16.321+00:00,True,90,90.0,,90.0,55149.127746,60756.010306,60756.010167,675.0667796333333,5.9524610000000004,55149.127746,5806.59818098111,77.85938900000001,62.9986804494382,11.018334505827827,1.4813349254948032,23,64,,False,True,,180,59.56268577710819
44,2026-09-21T07:58:15.868+00:00,2026-09-21T07:59:12.673+00:00,2026-09-21T07:59:17.847+00:00,True,81,81.0,,81.0,56804.862834,61978.965106,61978.965019,765.1724076419753,43.783203,56804.862834,6304.472286130986,81.662857,64.6762784,9.530195158156475,1.3068950064182119,23,64,,False,True,,91,59.56268577710819
45,2026-09-21T07:58:16.197+00:00,2026-09-21T07:59:14.331+00:00,2026-09-21T07:59:19.940+00:00,True,88,88.0,,88.0,58133.974066,63742.460978,63742.460959000004,724.3461472613636,0.02047,58133.974066,6191.545730799199,89.53700865,64.46536680459769,128.35565833455016,1.3805554201989818,23,64,,False,True,,195,59.56268577710819
46,2026-09-21T07:58:16.416+00:00,2026-09-21T07:59:15.510+00:00,2026-09-21T07:59:19.308+00:00,True,46,46.0,,46.0,59094.506276,62892.278052,62892.27794,1367.2234334782609,0.11084000000000001,59094.506276,8701.905553833109,86.3504545,84.39492835555555,154.39202139075888,0.7314093466604392,23,64,,False,True,,212,59.56268577710819
47,2026-09-21T07:58:16.735+00:00,2026-09-21T07:59:17.216+00:00,2026-09-21T07:59:22.831+00:00,True,89,89.0,,89.0,60481.149633,66096.574913,66096.574737,742.6581431123595,0.0,60481.149633,6406.7618123419725,149.18337319999998,63.81165090909091,181.3074460926873,1.3465145526397815,23,64,,False,True,,573,59.56268577710819
48,2026-09-21T07:58:17.134+00:00,2026-09-21T07:59:19.901+00:00,2026-09-21T07:59:25.544+00:00,True,100,100.0,,100.0,62766.963428,68409.757412,68409.757405,684.09757405,0.0,62766.963428,6272.227871723781,80.0544335,56.99791903030303,124.9092962930112,1.4617797779598416,23,64,,False,True,,500,59.56268577710819
49,2026-09-21T07:58:17.459+00:00,2026-09-21T07:59:21.299+00:00,2026-09-21T07:59:21.299+00:00,True,4,4.0,,4.0,63839.828407,63839.828407,63839.828407,15959.95710175,0.0,63839.828407,31919.9142035,54263.854145950005,0.0,0.0,0.06265681001676067,23,64,,False,True,,8,59.56268577710819
50,2026-09-21T07:58:17.677+00:00,2026-09-21T07:59:22.119+00:00,2026-09-21T07:59:22.707+00:00,True,10,10.0,,10.0,64441.925177000005,65030.272057,65030.27215800001,6503.027215800001,43.828413999999995,64441.925177000005,20357.656366520587,35477.58592805001,65.37187555555555,11.194065413725692,0.1537745373606134,23,64,,False,True,,110,59.56268577710819
51,2026-09-21T07:58:17.988+00:00,2026-09-21T07:59:23.916+00:00,2026-09-21T07:59:29.164+00:00,True,82,82.0,,82.0,65928.390172,71176.667676,71176.667624,868.0081417560975,41.888063,65928.390172,7273.424213538839,79.37229149999999,64.79354943209877,9.952896152633029,1.1520629256383341,23,64,,False,True,,82,59.56268577710819
52,2026-09-21T07:58:18.333+00:00,2026-09-21T07:59:25.802+00:00,2026-09-21T07:59:30.172+00:00,True,69,69.0,,69.0,67468.44560199999,71838.67357,71838.67333699999,1041.140193289855,45.987425,67468.44560199999,8114.514851897266,78.264593,64.26805835294118,9.462752473542512,0.9604854400988629,23,64,,False,True,,414,59.56268577710819
53,2026-09-21T07:58:18.731+00:00,2026-09-21T07:59:27.848+00:00,2026-09-21T07:59:29.717+00:00,True,30,30.0,,30.0,69116.75507099999,70985.651839,70985.651936,2366.1883978666665,39.547034,69116.75507099999,12607.17372811268,81.65689850000001,64.44471613793104,10.701915359959742,0.4226206173050565,23,64,,False,True,,196,59.56268577710819
54,2026-09-21T07:58:19.044+00:00,2026-09-21T07:59:29.417+00:00,2026-09-21T07:59:30.044+00:00,True,11,11.0,,11.0,70373.39313699999,70999.99921699999,70999.99926299999,6454.545387545454,42.236674,70373.39313699999,21199.48579701328,35225.11915199999,62.660608,10.39865274008556,0.15492957917337832,23,64,,False,True,,33,59.56268577710819
55,2026-09-21T07:58:19.277+00:00,2026-09-21T07:59:30.691+00:00,2026-09-21T07:59:35.238+00:00,True,72,72.0,,72.0,71413.361684,75961.006612,75961.006454,1055.013978527778,0.0,71413.361684,8411.53730856876,115.98200295000001,64.05133701408451,223.9759700734788,0.9478547377309999,23,64,,False,True,,88,59.56268577710819
56,2026-09-21T07:58:19.662+00:00,2026-09-21T07:59:32.818+00:00,2026-09-21T07:59:37.312+00:00,True,73,73.0,,73.0,73156.220682,77650.249226,77650.249237,1063.7020443424658,0.0,73156.220682,8556.149071140782,168.3633608,62.41706311111111,142.26831923895423,0.9401128873074764,23,64,,False,True,,572,59.56268577710819
57,2026-09-21T07:58:19.891+00:00,2026-09-21T07:59:34.818+00:00,2026-09-21T07:59:36.246+00:00,True,37,37.0,,37.0,74926.911954,76355.18357,76355.18345,2063.6536067567567,0.01594,74926.911954,12311.636841577227,328.7013368,39.67421155555555,79.69785920187465,0.48457744805340663,23,64,,False,True,,147,59.56268577710819
58,2026-09-21T07:58:20.114+00:00,2026-09-21T07:59:35.115+00:00,2026-09-21T07:59:36.670+00:00,True,26,26.0,,26.0,75001.083747,76556.218723,76556.218843,2944.4699554999997,0.02222,75001.083747,14696.802619459597,170.3004045,62.205399039999996,49.31456313073897,0.33961969953185195,23,64,,False,True,,104,59.56268577710819
59,2026-09-21T07:58:20.399+00:00,2026-09-21T07:59:36.865+00:00,2026-09-21T07:59:38.774+00:00,True,31,31.0,,31.0,76466.243112,78375.049256,78375.04920899999,2528.2273938387098,16.269921,76466.243112,13722.336257762861,125.174026,63.62687146666667,24.586608750965077,0.39553404169155015,23,64,,False,True,,186,59.56268577710819
60,2026-09-21T07:58:20.694+00:00,2026-09-21T07:59:38.302+00:00,2026-09-21T07:59:40.814+00:00,True,42,42.0,,42.0,77607.81142700001,80119.96707500001,80119.96705800001,1907.6182632857144,40.732304,77607.81142700001,11965.69401102701,79.2817075,61.272088975609755,8.877914798519246,0.5242138949044245,23,64,,False,True,,84,59.56268577710819
61,2026-09-21T07:58:20.964+00:00,2026-09-21T07:59:39.808+00:00,2026-09-21T07:59:40.052+00:00,True,5,5.0,,5.0,78844.456521,79088.467017,79088.467083,15817.6934166,47.989385,78844.456521,35233.0328542576,63090.304534200004,61.002624,10.5223474737248,0.0632203428462617,23,64,,False,True,,20,59.56268577710819
62,2026-09-21T07:58:21.369+00:00,2026-09-21T07:59:41.652+00:00,2026-09-21T07:59:41.702+00:00,True,2,2.0,,2.0,80282.858722,80333.00221,80333.00221600001,40166.501108000004,50.143494,80282.858722,56733.09701072798,76271.22296059999,50.143488,nan,0.02489636817968987,23,64,,False,True,,2,59.56268577710819
63,2026-09-21T07:58:21.681+00:00,2026-09-21T07:59:43.099+00:00,2026-09-21T07:59:46.956+00:00,True,55,55.0,,55.0,81418.59971699999,85275.38998899999,85275.38996599999,1550.4616357454543,0.0,81418.59971699999,10971.24467307234,82.70436730000002,71.42204207407407,231.3089723261005,0.6449691992859213,23,64,,False,True,,110,59.56268577710819
64,2026-09-21T07:58:21.929+00:00,2026-09-21T07:59:44.429+00:00,2026-09-21T07:59:50.650+00:00,True,99,99.0,,99.0,82500.677648,88721.126672,88721.12680499999,896.172998030303,0.0,82500.677648,8287.036662452234,78.2918561,63.47396963265306,172.9233419850217,1.1158559828258354,23,64,,False,True,,990,59.56268577710819
65,2026-09-21T07:58:22.205+00:00,2026-09-21T07:59:47.012+00:00,2026-09-21T07:59:48.376+00:00,True,36,36.0,,36.0,84806.960316,86170.644668,86170.644476,2393.629013222222,0.0,84806.960316,14128.038263955945,76.90766200000002,38.962410057142854,33.512877023396825,0.4177756838039396,23,64,,False,True,,72,59.56268577710819
66,2026-09-21T07:58:22.430+00:00,2026-09-21T07:59:47.161+00:00,2026-09-21T07:59:50.784+00:00,True,58,58.0,,58.0,84731.45608599999,88353.93518999999,88353.93516499999,1523.3437097413791,42.120373,84731.45608599999,11117.444566610826,78.517331,63.55226498245614,9.677437431941527,0.6564506705363421,23,64,,False,True,,232,59.56268577710819
67,2026-09-21T07:58:22.815+00:00,2026-09-21T07:59:49.018+00:00,2026-09-21T07:59:49.018+00:00,True,1,1.0,,1.0,86202.332499,86202.332499,86202.332499,86202.332499,86202.332499,86202.332499,nan,86202.332499,nan,nan,0.011600614171450647,23,64,,False,True,,3,59.56268577710819
68,2026-09-21T07:58:23.271+00:00,2026-09-21T07:59:49.388+00:00,2026-09-21T07:59:54.840+00:00,True,85,85.0,,85.0,86116.667565,91568.799149,91568.79908499999,1077.2799892352941,0.0156,86116.667565,9334.865204226619,121.952799,64.90632838095237,153.13702127727885,0.9282637840613013,23,64,,False,True,,760,59.56268577710819
69,2026-09-21T07:58:23.393+00:00,2026-09-21T07:59:51.848+00:00,2026-09-21T07:59:57.843+00:00,True,94,94.0,,94.0,88454.950368,94450.179808,94450.179826,1004.7891470851065,0.01627,88454.950368,9117.867115940058,121.66658235000001,64.46483268817204,141.396731352839,0.9952336797143728,23,64,,False,True,,94,59.56268577710819
70,2026-09-21T07:58:23.718+00:00,2026-09-21T07:59:54.104+00:00,2026-09-21T07:59:57.846+00:00,True,68,68.0,,68.0,90386.140483,94127.91251499999,94127.912472,1384.2340069411764,0.01697,90386.140483,10954.260693900482,147.8975303,55.847343761194026,48.01050093696282,0.7224212051782588,23,64,,False,True,,306,59.56268577710819
71,2026-09-21T07:58:24.041+00:00,2026-09-21T07:59:55.347+00:00,2026-09-21T07:59:55.885+00:00,True,10,10.0,,10.0,91305.646769,91843.863729,91843.863776,9184.3863776,40.255423,91305.646769,28854.473496585866,50260.33137755,59.80188444444445,15.731771286457027,0.1088804367976787,23,64,,False,True,,66,59.56268577710819
72,2026-09-21T07:58:24.401+00:00,2026-09-21T07:59:57.166+00:00,2026-09-21T07:59:57.550+00:00,True,7,7.0,,7.0,92764.716221,93148.679613,93148.679655,13306.95423642857,46.750974,92764.716221,35037.58149482225,64958.276352500005,63.99389866666667,12.429838462843943,0.07514867660049007,23,64,,False,True,,63,59.56268577710819
73,2026-09-21T07:58:24.640+00:00,2026-09-21T07:59:58.443+00:00,2026-09-21T08:00:00.984+00:00,True,42,42.0,,42.0,93803.107319,96344.786935,96344.786873,2293.9234969761906,42.954084,93803.107319,14464.571709463615,79.3888605,61.99218575609756,10.353439334441171,0.43593432853129593,23,64,,False,True,,42,59.56268577710819
74,2026-09-21T07:58:24.960+00:00,2026-09-21T08:00:00.097+00:00,2026-09-21T08:00:05.777+00:00,True,89,89.0,,89.0,95137.16747100001,100817.25348700001,100817.25344100001,1132.7781285505619,0.0,95137.16747100001,10079.626822810742,78.457965,64.546432,199.35186928240876,0.8827854054908986,23,64,,False,True,,264,59.56268577710819
75,2026-09-21T07:58:25.305+00:00,2026-09-21T08:00:02.879+00:00,2026-09-21T08:00:07.924+00:00,True,98,98.0,,98.0,97573.708961,102619.170977,102619.170914,1047.1343970816326,0.0,97573.708961,9851.21183187719,77.45464465,52.0150723298969,25.673268293779916,0.9549872510855181,23,64,,False,True,,98,59.56268577710819
76,2026-09-21T07:58:25.545+00:00,2026-09-21T08:00:03.040+00:00,2026-09-21T08:00:08.154+00:00,True,82,82.0,,82.0,97495.73978,102609.37459600001,102609.37471,1251.3338379268293,43.496104,97495.73978,10759.635764435337,77.63354,63.13129402469136,9.474596623074781,0.79914725455501,23,64,,False,True,,306,59.56268577710819
77,2026-09-21T07:58:25.924+00:00,2026-09-21T08:00:04.896+00:00,2026-09-21T08:00:08.211+00:00,True,54,54.0,,54.0,98971.129573,102286.637029,102286.637045,1894.1969823148147,42.771434,98971.129573,13459.75539987756,78.42566034999999,62.55674445283019,9.766895290064562,0.5279281983304435,23,64,,False,True,,220,59.56268577710819
78,2026-09-21T07:58:26.252+00:00,2026-09-21T08:00:06.359+00:00,2026-09-21T08:00:09.273+00:00,True,49,49.0,,49.0,100107.45028800001,103021.59403200001,103021.594094,2102.481512122449,45.300294,100107.45028800001,14292.393868473631,75.72126120000001,60.711328,8.693122451203834,0.4756284394588176,23,64,,False,True,,150,59.56268577710819
79,2026-09-21T07:58:26.501+00:00,2026-09-21T08:00:07.676+00:00,2026-09-21T08:00:08.574+00:00,True,16,16.0,,16.0,101174.234298,102072.55954599999,102072.559507,6379.5349691875,42.501433,101174.234298,25278.588115828552,25350.33409725,59.888349866666665,9.3911782989371,0.15675123726851822,23,64,,True,True,,106,59.56268577710819
80,2026-09-21T07:58:26.768+00:00,2026-09-21T08:00:09.273+00:00,2026-09-21T08:00:13.528+00:00,True,68,68.0,,68.0,102504.870441,106759.938345,106759.93847600001,1569.9990952352941,43.714694,102504.870441,12422.843509640248,76.45964385,63.50847617910448,9.572462975873355,0.6369430430004057,23,64,,True,True,,271,59.56268577710819
81,2026-09-21T07:58:27.087+00:00,2026-09-21T08:00:11.081+00:00,2026-09-21T08:00:12.651+00:00,True,25,25.0,,25.0,103993.511586,105564.26793799999,105564.267885,4222.5707154,42.424224,103993.511586,20785.615600386933,79.3246232,65.44818133333334,11.252716057948067,0.2368225583175834,23,64,,True,True,,25,59.56268577710819
82,2026-09-21T07:58:27.443+00:00,2026-09-21T08:00:12.774+00:00,2026-09-21T08:00:15.730+00:00,True,48,48.0,,48.0,105331.257338,108287.297018,108287.29699799999,2255.985354125,43.748464,105331.257338,15194.182235254875,75.98728165,62.89446127659574,9.364208559034168,0.4432652889287764,23,64,,True,True,,192,59.56268577710819
83,2026-09-21T07:58:27.806+00:00,2026-09-21T08:00:14.976+00:00,2026-09-21T08:00:18.096+00:00,True,50,50.0,,50.0,107170.845125,110290.045637,110290.04565300001,2205.8009130600003,44.407413999999996,107170.845125,15147.246827414787,77.85046595,63.65715330612245,9.698875156873997,0.4533500708175067,23,64,,True,True,,51,59.56268577710819
84,2026-09-21T07:58:28.138+00:00,2026-09-21T08:00:16.491+00:00,2026-09-21T08:00:16.970+00:00,True,9,9.0,,9.0,108352.889843,108831.978483,108831.978495,12092.442055,48.082524,108352.889843,36097.66915889968,65041.39503659999,59.88608,10.108416956751352,0.08269628215392442,23,64,,True,True,,19,59.56268577710819
85,2026-09-21T07:58:28.507+00:00,2026-09-21T08:00:18.402+00:00,2026-09-21T08:00:22.940+00:00,True,73,73.0,,73.0,109895.84717299999,114433.15968499999,114433.15968999999,1567.5775299999998,43.170864,109895.84717299999,12854.963620234294,77.89621100000001,63.01822933333334,9.304968559333988,0.6379269802646977,23,64,,True,True,,344,59.56268577710819
86,2026-09-21T07:58:28.755+00:00,2026-09-21T08:00:19.669+00:00,2026-09-21T08:00:25.050+00:00,True,87,87.0,,87.0,110913.431872,116294.862144,116294.862201,1336.7225540344828,44.337632,110913.431872,11884.46319521477,78.5200753,62.574770604651164,9.629318479317,0.7480983974362843,23,64,,True,True,,135,59.56268577710819
87,2026-09-21T07:58:29.035+00:00,2026-09-21T08:00:21.042+00:00,2026-09-21T08:00:25.198+00:00,True,68,68.0,,68.0,112007.415534,116163.259374,116163.259363,1708.2832259264705,42.275963000000004,112007.415534,13575.37538875269,77.0378775,62.02752,9.18786887395853,0.5853830235691541,23,64,,True,True,,75,59.56268577710819
88,2026-09-21T07:58:29.364+00:00,2026-09-21T08:00:22.494+00:00,2026-09-21T08:00:26.773+00:00,True,69,69.0,,69.0,113129.69831800001,117408.81563000001,117408.815646,1701.5770383478261,42.343563,113129.69831800001,13611.643032910051,78.84171599999999,62.92819576470588,9.771968841772013,0.5876901119371252,23,64,,True,True,,276,59.56268577710819
89,2026-09-21T07:58:29.587+00:00,2026-09-21T08:00:23.622+00:00,2026-09-21T08:00:28.868+00:00,True,84,84.0,,84.0,114035.631879,119281.612039,119281.61189999999,1420.0191892857142,46.293483,114035.631879,12435.414613742907,77.3478835,63.20458024096386,9.1123804147097,0.704215834813966,23,64,,True,True,,756,59.56268577710819
90,2026-09-21T07:58:29.961+00:00,2026-09-21T08:00:25.798+00:00,2026-09-21T08:00:26.635+00:00,True,14,14.0,,14.0,115837.482682,116673.99161,116673.991754,8333.856553857144,45.544714,115837.482682,30941.67403257488,40594.30838545,64.34684061538462,11.49354503503456,0.11999246624557992,23,64,,True,True,,43,59.56268577710819
91,2026-09-21T07:58:30.264+00:00,2026-09-21T08:00:27.289+00:00,2026-09-21T08:00:32.141+00:00,True,78,78.0,,78.0,117024.836692,121877.688916,121877.68874299999,1562.5344710641025,42.577233,117024.836692,13243.320747935368,77.22504815,63.02405485714286,9.43262514593204,0.6399858800551987,23,64,,True,True,,78,59.56268577710819
92,2026-09-21T07:58:30.659+00:00,2026-09-21T08:00:29.229+00:00,2026-09-21T08:00:30.399+00:00,True,20,20.0,,20.0,118570.02252500001,119740.32166100001,119740.32174200001,5987.016087100001,46.354934,118570.02252500001,26499.291763246427,6002.986433900001,61.59469136842105,9.780537783202018,0.16702811319166594,23,64,,True,True,,100,59.56268577710819
93,2026-09-21T07:58:31.029+00:00,2026-09-21T08:00:31.348+00:00,2026-09-21T08:00:34.447+00:00,True,48,48.0,,48.0,120319.300423,123418.665799,123418.66585399999,2571.2222052916663,42.790043,120319.300423,17357.079337659114,80.60559764999999,65.94394417021277,9.234636831091686,0.38892010126063864,23,64,,True,True,,384,59.56268577710819
94,2026-09-21T07:58:31.248+00:00,2026-09-21T08:00:32.396+00:00,2026-09-21T08:00:36.663+00:00,True,69,69.0,,69.0,121148.465479,125414.84909500001,125414.849155,1817.6065094927537,41.622353000000004,121148.465479,14577.011100240772,75.5709526,62.740935529411765,9.190620384785557,0.5501740862258938,23,64,,True,True,,70,59.56268577710819
95,2026-09-21T07:58:31.543+00:00,2026-09-21T08:00:33.765+00:00,2026-09-21T08:00:34.106+00:00,True,6,6.0,,6.0,122221.66859,122562.713582,122562.713566,20427.118927666666,55.221945,122221.66859,49868.941876471785,91685.94960650001,68.20899840000001,10.127166659590273,0.04895452968235505,23,64,,True,True,,0,59.56268577710819
96,2026-09-21T07:58:31.810+00:00,2026-09-21T08:00:34.813+00:00,2026-09-21T08:00:40.822+00:00,True,97,97.0,,97.0,123003.20541,129012.17641799999,129012.17635699999,1330.022436670103,43.393713000000005,123003.20541,12482.731580380068,77.297004,62.593448,9.649526986938255,0.751867015139095,23,64,,True,True,,776,59.56268577710819
97,2026-09-21T07:58:32.070+00:00,2026-09-21T08:00:36.329+00:00,2026-09-21T08:00:41.472+00:00,True,82,82.0,,82.0,124259.458955,129402.275211,129402.275237,1578.0765272804877,41.486343,124259.458955,13715.153655385824,77.31208095,63.49155871604938,9.779413243882761,0.6336828302770792,23,64,,True,True,,165,59.56268577710819
98,2026-09-21T07:58:32.471+00:00,2026-09-21T08:00:38.584+00:00,2026-09-21T08:00:44.087+00:00,True,85,85.0,,85.0,126113.118401,131615.687873,131615.68784,1548.4198569411765,42.772883,126113.118401,13671.786722445966,79.73913420000001,65.50677942857142,10.083721856513598,0.6458196691721059,23,64,,True,True,,337,59.56268577710819
99,2026-09-21T07:58:32.782+00:00,2026-09-21T08:00:40.037+00:00,2026-09-21T08:00:46.090+00:00,True,94,94.0,,94.0,127255.25344599999,133307.837894,133307.837806,1418.1684872978722,48.348633,127255.25344599999,13118.667564888407,78.4930715,65.08155320430107,8.926347806074247,0.7051348329176587,23,64,,True,True,,188,59.56268577710819
100,2026-09-21T07:58:33.362+00:00,2026-09-21T08:00:42.796+00:00,2026-09-21T08:00:44.757+00:00,True,31,31.0,,31.0,129434.315622,131395.054438,131395.054468,4238.550144129032,42.018903,129434.315622,23235.352386080667,77.76571,65.35796053333333,8.966931076616875,0.23592973215462723,23,64,,True,True,,196,59.56268577710819
101,2026-09-21T07:58:33.418+00:00,2026-09-21T08:00:43.302+00:00,2026-09-21T08:00:48.721+00:00,True,85,85.0,,85.0,129883.680823,135302.942007,135302.941976,1591.799317364706,42.369642999999996,129883.680823,14080.86879788659,79.11593400000001,64.5150140952381,9.64146739276701,0.6282198948460592,23,64,,True,True,,765,59.56268577710819
102,2026-09-21T07:58:33.595+00:00,2026-09-21T08:00:44.552+00:00,2026-09-21T08:00:45.191+00:00,True,11,11.0,,11.0,130957.629619,131596.096179,131596.096236,11963.281476,48.952453999999996,130957.629619,39465.96139517106,65516.781792,63.846656,8.878684172086261,0.08358910575156844,23,64,,True,True,,23,59.56268577710819
103,2026-09-21T07:58:33.902+00:00,2026-09-21T08:00:46.282+00:00,2026-09-21T08:00:47.309+00:00,True,17,17.0,,17.0,132380.465225,133407.289417,133407.289371,7847.4876100588235,40.272572999999994,132380.465225,32091.416085980174,26542.8181858,64.176512,12.547794649381816,0.12742931869983487,23,64,,True,True,,102,59.56268577710819
104,2026-09-21T07:58:34.184+00:00,2026-09-21T08:00:47.889+00:00,2026-09-21T08:00:50.173+00:00,True,37,37.0,,37.0,133705.069365,135988.630325,135988.630235,3675.3683847297298,45.583042999999996,133705.069365,21970.551269304335,77.883192,63.432248888888886,8.13761053273399,0.2720815696986836,23,64,,True,True,,0,59.56268577710819
105,2026-09-21T07:58:34.523+00:00,2026-09-21T08:00:49.780+00:00,2026-09-21T08:00:55.805+00:00,True,96,96.0,,96.0,135257.76625,141282.881386,141282.881428,1471.6966815416665,45.555493000000006,135257.76625,13798.21769426968,77.757951,63.422264589473684,8.743712339612529,0.6794878406940025,23,64,,True,True,,191,59.56268577710819
106,2026-09-21T07:58:34.774+00:00,2026-09-21T08:00:51.115+00:00,2026-09-21T08:00:53.169+00:00,True,34,34.0,,34.0,136340.50782300002,138394.54251100004,138394.54240500001,4070.4277177941185,41.608773,136340.50782300002,23371.53206496714,81.11305399999999,62.24347539393939,11.071994551865536,0.2456744274962835,23,64,,True,True,,34,59.56268577710819
107,2026-09-21T07:58:35.095+00:00,2026-09-21T08:00:52.472+00:00,2026-09-21T08:00:58.423+00:00,True,96,96.0,,96.0,137376.937121,143328.245921,143328.245874,1493.0025611874999,43.117853000000004,137376.937121,14014.584263731487,75.77019525,62.64535578947368,9.289488464965308,0.6697912151448049,23,64,,True,True,,416,59.56268577710819
108,2026-09-21T07:58:35.450+00:00,2026-09-21T08:00:54.517+00:00,2026-09-21T08:01:00.089+00:00,True,90,90.0,,90.0,139067.628766,144638.949598,144638.94939000002,1607.0994376666667,41.914653,139067.628766,14652.419969686913,78.28122794999999,62.59911047191011,9.89726785700016,0.6222390320874155,23,64,,True,True,,447,59.56268577710819
109,2026-09-21T07:58:35.707+00:00,2026-09-21T08:00:56.033+00:00,2026-09-21T08:00:59.271+00:00,True,52,52.0,,52.0,140326.40702200003,143564.11403000003,143564.11399200003,2760.8483460000007,41.219923,140326.40702200003,19450.970288847006,76.18301755,63.4844511372549,10.19702992394887,0.3622075081321072,23,64,,True,True,,183,59.56268577710819
110,2026-09-21T07:58:35.930+00:00,2026-09-21T08:00:57.173+00:00,2026-09-21T08:01:00.692+00:00,True,56,56.0,,56.0,141242.689743,144762.324687,144762.324775,2585.0415138392855,41.989624000000006,141242.689743,18865.799277694765,75.97862225,63.99336261818182,9.633366202338088,0.3868409831154703,23,64,,True,True,,56,59.56268577710819
111,2026-09-21T07:58:36.201+00:00,2026-09-21T08:00:58.569+00:00,2026-09-21T08:01:00.591+00:00,True,32,32.0,,32.0,142367.42204,144389.534552,144389.534529,4512.17295403125,45.679002999999994,142367.42204,25155.71344661822,79.75524295000001,65.22943587096773,10.459848304573624,0.22162271039439926,23,64,,True,True,,67,59.56268577710819
112,2026-09-21T07:58:36.563+00:00,2026-09-21T08:01:00.305+00:00,2026-09-21T08:01:01.131+00:00,True,14,14.0,,14.0,143742.337121,144567.836001,144567.835872,10326.273990857142,44.275693,143742.337121,38399.78595385151,50361.7250391,63.499913846153845,11.106682213544374,0.09684035112694887,23,64,,True,True,,70,59.56268577710819
113,2026-09-21T07:58:36.868+00:00,2026-09-21T08:01:01.723+00:00,2026-09-21T08:01:02.063+00:00,True,6,6.0,,6.0,144855.103764,145194.685972,145194.68587,24199.114311666668,49.640843999999994,144855.103764,59109.12253434282,108660.62213924999,67.9164416,11.011667155644544,0.04132382641853068,23,64,,True,True,,22,59.56268577710819
114,2026-09-21T07:58:37.146+00:00,2026-09-21T08:01:03.329+00:00,2026-09-21T08:01:03.467+00:00,True,3,3.0,,3.0,146183.143695,146321.71035100002,146321.710395,48773.903465,67.028875,146183.143695,84358.87663264635,131571.983108,69.283328,3.1881125453459136,0.020502767448545595,23,64,,True,True,,19,59.56268577710819
115,2026-09-21T07:58:37.443+00:00,2026-09-21T08:01:04.753+00:00,2026-09-21T08:01:08.887+00:00,True,66,66.0,,66.0,147310.4066,151444.09440799998,151444.094327,2294.60748980303,45.386923,147310.4066,18124.83174777119,76.82579349999999,63.59519704615384,8.979428589110508,0.43580438219130435,23,64,,True,True,,198,59.56268577710819
116,2026-09-21T07:58:37.775+00:00,2026-09-21T08:01:06.821+00:00,2026-09-21T08:01:11.018+00:00,True,67,67.0,,67.0,149045.95433,153242.738202,153242.73827200002,2287.205048835821,43.671682999999994,149045.95433,18201.095564842915,77.7690416,63.587634424242424,9.816126952652555,0.4372148448018633,23,64,,True,True,,536,59.56268577710819
117,2026-09-21T07:58:38.105+00:00,2026-09-21T08:01:08.813+00:00,2026-09-21T08:01:12.929+00:00,True,66,66.0,,66.0,150707.625732,154824.028932,154824.02915699998,2345.818623590909,42.160814,150707.625732,18543.03345316275,78.83323899999999,63.32928,9.499379136218955,0.4262904179362737,23,64,,True,True,,198,59.56268577710819
118,2026-09-21T07:58:38.469+00:00,2026-09-21T08:01:10.818+00:00,2026-09-21T08:01:15.687+00:00,True,77,77.0,,77.0,152349.318824,157218.261928,157218.26175499998,2041.795607207792,44.866953,152349.318824,17354.518295783637,77.69004340000001,64.06504084210526,10.25164413290672,0.48976498694065884,23,64,,True,True,,348,59.56268577710819
119,2026-09-21T07:58:38.811+00:00,2026-09-21T08:01:12.739+00:00,2026-09-21T08:01:17.664+00:00,True,78,78.0,,78.0,153927.517091,158852.295587,158852.295586,2036.567892128205,45.060634,153927.517091,17421.62068159973,78.88596285,63.95816228571428,10.735801314284727,0.49102217699637246,23,64,,True,True,,843,59.56268577710819
120,2026-09-21T07:58:39.133+00:00,2026-09-21T08:01:14.573+00:00,2026-09-21T08:01:16.836+00:00,True,37,37.0,,37.0,155440.149805,157702.634541,157702.634602,4262.233367621621,45.174463,155440.149805,25543.87298777806,77.814478,62.846798222222226,9.51657157498236,0.23461878178313267,23,64,,True,True,,74,59.56268577710819
121,2026-09-21T07:58:39.392+00:00,2026-09-21T08:01:16.018+00:00,2026-09-21T08:01:22.207+00:00,True,99,99.0,,99.0,156626.62786399998,162815.02082399998,162815.02087799998,1644.5961704848482,46.229262999999996,156626.62786399998,15735.224762691616,76.1793462,63.14686693877551,9.558686373739208,0.6080520058835184,23,64,,True,True,,198,59.56268577710819
122,2026-09-21T07:58:39.627+00:00,2026-09-21T08:01:17.101+00:00,2026-09-21T08:01:20.814+00:00,True,60,60.0,,60.0,157473.909599,161186.752095,161186.752046,2686.445867433333,44.982574,157473.909599,20321.67264105764,74.79817955,62.929533830508475,10.161606409630112,0.372239028457111,23,64,,True,True,,173,59.56268577710819
123,2026-09-21T07:58:39.983+00:00,2026-09-21T08:01:18.794+00:00,2026-09-21T08:01:18.960+00:00,True,4,4.0,,4.0,158810.639278,158977.216174,158977.21622099998,39744.304055249995,47.631014,158810.639278,79377.55702206024,134998.20264639996,55.525632,7.019028517877955,0.02516083811419879,23,64,,True,True,,40,59.56268577710819
124,2026-09-21T07:58:40.300+00:00,2026-09-21T08:01:20.559+00:00,2026-09-21T08:01:20.987+00:00,True,8,8.0,,8.0,160258.36346700002,160686.32685900002,160686.327049,20085.790881125,42.120363,160258.36346700002,56638.273303774266,104193.03447880002,61.13762742857143,11.229259185282807,0.04978643893590204,23,64,,True,True,,64,59.56268577710819
125,2026-09-21T07:58:40.594+00:00,2026-09-21T08:01:22.267+00:00,2026-09-21T08:01:23.099+00:00,True,14,14.0,,14.0,161673.119527,162505.174055,162505.174001,11607.512428642858,43.114281999999996,161673.119527,43191.854661209,56635.65611105,64.00419446153846,12.949762825833842,0.08615110307356545,23,64,,True,True,,92,59.56268577710819
126,2026-09-21T07:58:40.996+00:00,2026-09-21T08:01:24.031+00:00,2026-09-21T08:01:27.805+00:00,True,62,62.0,,62.0,163035.13798899998,166808.98605299997,166808.98621299997,2690.467519564516,44.717193,163035.13798899998,20697.628684499865,79.97526749999999,61.866361704918035,10.237900267027426,0.3716826141506599,23,64,,True,True,,64,59.56268577710819
127,2026-09-21T07:58:41.387+00:00,2026-09-21T08:01:26.052+00:00,2026-09-21T08:01:31.702+00:00,True,92,92.0,,92.0,164664.652689,170315.152273,170315.15240400002,1851.2516565652174,44.511313,164664.652689,17161.00546528188,76.52286295,62.09340202197802,9.058330269622912,0.540175074103402,23,64,,True,True,,644,59.56268577710819
128,2026-09-21T07:58:41.628+00:00,2026-09-21T08:01:27.260+00:00,2026-09-21T08:01:31.471+00:00,True,68,68.0,,68.0,165631.791879,169843.091463,169843.091316,2497.692519352941,41.291262,165631.791879,20078.184898241143,74.9889555,62.85521767164179,9.314036442119535,0.4003695376377065,23,64,,True,True,,477,59.56268577710819
129,2026-09-21T07:58:41.916+00:00,2026-09-21T08:01:28.625+00:00,2026-09-21T08:01:29.753+00:00,True,19,19.0,,19.0,166708.60025299998,167837.14502099997,167837.14491399997,8833.533942842105,46.815073,166708.60025299998,38231.19302385099,16738.541117899997,62.69693155555555,8.125334769687319,0.1132049761548476,23,64,,True,True,,51,59.56268577710819
130,2026-09-21T07:58:42.314+00:00,2026-09-21T08:01:30.552+00:00,2026-09-21T08:01:34.073+00:00,True,58,58.0,,58.0,168238.404405,171758.994485,171758.994545,2961.3619749137933,44.74221300000001,168238.404405,22082.67618828554,76.481648,61.76473824561403,8.329713066923425,0.3376824612527947,23,64,,True,True,,224,59.56268577710819
131,2026-09-21T07:58:42.569+00:00,2026-09-21T08:01:31.951+00:00,2026-09-21T08:01:32.903+00:00,True,17,17.0,,17.0,169382.218764,170334.67239599998,170334.672406,10019.686612117646,44.848721,169382.218764,41066.78581634622,33938.76594,59.528352,10.525667567364392,0.09980352068589893,23,64,,True,True,,51,59.56268577710819
132,2026-09-21T07:58:43.505+00:00,2026-09-21T08:01:34.013+00:00,2026-09-21T08:01:38.885+00:00,True,77,77.0,,77.0,170508.025029,175380.404933,175380.405082,2277.6675984675326,45.328132,170508.025029,19423.888910279435,76.052232,64.11026189473684,9.156077718217258,0.4390456278705483,23,64,,True,True,,306,59.56268577710819
133,2026-09-21T07:58:43.545+00:00,2026-09-21T08:01:34.713+00:00,2026-09-21T08:01:40.907+00:00,True,98,98.0,,98.0,171168.000752,177362.097392,177362.097617,1809.817322622449,44.287132,171168.000752,17284.13139233274,77.18998235,63.856666391752576,9.781822054098523,0.552541954797724,23,64,,True,True,,343,59.56268577710819
134,2026-09-21T07:58:43.581+00:00,2026-09-21T08:01:35.763+00:00,2026-09-21T08:01:37.872+00:00,True,34,34.0,,34.0,172182.11102500002,174291.428657,174291.42852900003,5126.21848614706,42.241613,172182.11102500002,29518.02799559138,77.793296,63.91871612121213,9.67233384452049,0.19507557119696872,23,64,,True,True,,34,59.56268577710819
135,2026-09-21T07:58:43.745+00:00,2026-09-21T08:01:37.552+00:00,2026-09-21T08:01:38.535+00:00,True,17,17.0,,17.0,173807.419035,174790.318747,174790.318878,10281.783463411764,45.077322,173807.419035,42139.59256060551,34819.7494422,61.431232,8.550297748849687,0.09725939126300596,23,64,,True,True,,68,59.56268577710819
136,2026-09-21T07:58:43.960+00:00,2026-09-21T08:01:39.076+00:00,2026-09-21T08:01:43.104+00:00,True,66,66.0,,66.0,175116.221775,179143.44660700002,179143.446793,2714.294648378788,41.765112,175116.221775,21547.692351514608,76.84776149999999,61.95730510769231,9.205184726019558,0.36841984035725844,23,64,,True,True,,263,59.56268577710819
137,2026-09-21T07:58:44.274+00:00,2026-09-21T08:01:40.465+00:00,2026-09-21T08:01:44.480+00:00,True,66,66.0,,66.0,176191.597527,180206.153175,180206.15322500002,2730.3962609848486,45.80957299999999,176191.597527,21680.08605018233,77.48433975,61.762394584615386,9.473335646633567,0.36624720542093103,23,64,,True,True,,133,59.56268577710819
138,2026-09-21T07:58:44.642+00:00,2026-09-21T08:01:42.391+00:00,2026-09-21T08:01:47.890+00:00,True,89,89.0,,89.0,177749.110743,183247.316183,183247.316061,2058.9586074269664,44.150483,177749.110743,18834.747771739727,77.30598,62.47960727272727,9.838978816819905,0.485682420096784,23,64,,True,True,,267,59.56268577710819
139,2026-09-21T07:58:45.016+00:00,2026-09-21T08:01:44.359+00:00,2026-09-21T08:01:46.087+00:00,True,29,29.0,,29.0,179342.953041,181071.178577,181071.178495,6243.833741206897,43.014041,179342.953041,33291.69054124039,79.1321712,61.722340571428575,11.077001650306196,0.16015801204755417,23,64,,True,True,,100,59.56268577710819
140,2026-09-21T07:58:45.342+00:00,2026-09-21T08:01:45.907+00:00,2026-09-21T08:01:49.186+00:00,True,53,53.0,,53.0,180565.12078099998,183844.33767699997,183844.33787799996,3468.7610920377356,43.457263,180565.12078099998,24793.866144967506,75.987976,63.061863384615386,8.82018602859103,0.28828736674564776,23,64,,True,True,,212,59.56268577710819
141,2026-09-21T07:58:45.622+00:00,2026-09-21T08:01:47.378+00:00,2026-09-21T08:01:52.635+00:00,True,84,84.0,,84.0,181755.989621,187012.55691699998,187012.556796,2226.3399618571425,44.245032,181755.989621,19824.295878472727,75.7692195,63.33213609638554,8.22195928560092,0.4491676996709955,23,64,,True,True,,84,59.56268577710819
142,2026-09-21T07:58:45.864+00:00,2026-09-21T08:01:48.641+00:00,2026-09-21T08:01:51.741+00:00,True,49,49.0,,49.0,182776.686445,185877.154925,185877.154922,3793.4113249387756,43.699323,182776.686445,26101.729100658755,78.70109000000001,64.59309333333334,8.87976670415832,0.26361496666855655,23,64,,True,True,,147,59.56268577710819
143,2026-09-21T07:58:46.151+00:00,2026-09-21T08:01:50.437+00:00,2026-09-21T08:01:52.117+00:00,True,26,26.0,,26.0,184285.572012,185966.224556,185966.224602,7152.547100076923,52.283373,184285.572012,36128.190786004096,75.533984,67.22610176,7.587599189154022,0.13981033417264768,23,64,,True,True,,50,59.56268577710819
144,2026-09-21T07:58:46.507+00:00,2026-09-21T08:01:51.613+00:00,2026-09-21T08:01:53.283+00:00,True,28,28.0,,28.0,185106.35669800002,186776.67221800002,186776.67222900002,6670.595436750001,44.272833,185106.35669800002,34970.12332589919,79.27574765,61.86353777777778,9.161757988607768,0.1499116547451882,23,64,,True,True,,56,59.56268577710819
145,2026-09-21T07:58:46.785+00:00,2026-09-21T08:01:53.139+00:00,2026-09-21T08:01:54.058+00:00,True,15,15.0,,15.0,186354.757012,187272.941972,187272.941883,12484.8627922,51.126074,186354.757012,48099.65810959477,55959.7949104,65.58464,8.076182333237027,0.08009699555124582,23,64,,True,True,,46,59.56268577710819
146,2026-09-21T07:58:47.141+00:00,2026-09-21T08:01:55.011+00:00,2026-09-21T08:01:57.669+00:00,True,43,43.0,,43.0,187870.52153600001,190528.278208,190528.27819,4430.890190465117,42.292021999999996,187870.52153600001,28640.33735740482,76.1265508,63.27992076190476,9.421990648872363,0.22568828314848274,23,64,,True,True,,172,59.56268577710819
147,2026-09-21T07:58:47.447+00:00,2026-09-21T08:01:56.341+00:00,2026-09-21T08:01:58.497+00:00,True,35,35.0,,35.0,188894.31741800002,191050.04682600003,191050.04686400003,5458.572767542858,48.229782,188894.31741800002,31918.251247070282,78.809886,63.40380611764706,9.011114671500073,0.1831980707750177,23,64,,True,True,,242,59.56268577710819
148,2026-09-21T07:58:47.723+00:00,2026-09-21T08:01:58.090+00:00,2026-09-21T08:02:00.918+00:00,True,45,45.0,,45.0,190367.787882,193195.93354600001,193195.933475,4293.242966111111,49.801893,190367.787882,28368.773861332833,79.225656,64.27603781818182,8.592610220953176,0.2329241572224163,23,64,,True,True,,249,59.56268577710819
149,2026-09-21T07:58:48.021+00:00,2026-09-21T08:01:59.532+00:00,2026-09-21T08:02:05.015+00:00,True,89,89.0,,89.0,191510.78222999998,196993.22523799998,196993.225426,2213.4070272584268,42.214223,191510.78222999998,20293.500280197477,74.853534,62.30048872727273,8.603001263766586,0.45179218672354576,23,64,,True,True,,528,59.56268577710819
150,2026-09-21T07:58:48.318+00:00,2026-09-21T08:02:01.233+00:00,2026-09-21T08:02:03.697+00:00,True,41,41.0,,41.0,192915.1676,195379.38724799998,195379.387204,4765.350907414634,44.135903,192915.1676,30118.667625097645,78.729135,61.6054912,9.087856622588175,0.20984813483910494,23,64,,True,True,,42,59.56268577710819
151,2026-09-21T07:58:48.659+00:00,2026-09-21T08:02:03.305+00:00,2026-09-21T08:02:05.267+00:00,True,32,32.0,,32.0,194646.029447,196608.609415,196608.609203,6144.01903759375,45.480533,194646.029447,34397.6913215198,78.43224545,63.30903122580645,8.61236898557154,0.16275991216872215,23,64,,True,True,,96,59.56268577710819
152,2026-09-21T07:58:48.985+00:00,2026-09-21T08:02:04.962+00:00,2026-09-21T08:02:06.084+00:00,True,19,19.0,,19.0,195976.314353,197098.547185,197098.547074,10373.607740736841,50.726123,195976.314353,44945.7474863353,19668.1654829,62.34626844444445,8.285745658184657,0.09639847817937634,23,64,,True,True,,52,59.56268577710819
153,2026-09-21T07:58:49.366+00:00,2026-09-21T08:02:07.173+00:00,2026-09-21T08:02:08.168+00:00,True,16,16.0,,16.0,197806.478462,198802.027902,198802.027946,12425.126746625,50.151372,197806.478462,49435.02762150836,49507.669773500005,66.36996266666667,7.25889747292319,0.08048207640963927,23,64,,True,True,,31,59.56268577710819
154,2026-09-21T07:58:49.669+00:00,2026-09-21T08:02:08.730+00:00,2026-09-21T08:02:12.057+00:00,True,54,54.0,,54.0,199061.045516,202387.68026800003,202387.68027500002,3747.920005092593,43.315722,199061.045516,27080.23717329313,76.004204,62.76669343396226,8.982959559079816,0.2668146595113579,23,64,,True,True,,162,59.56268577710819
155,2026-09-21T07:58:49.992+00:00,2026-09-21T08:02:10.365+00:00,2026-09-21T08:02:13.920+00:00,True,57,57.0,,57.0,200373.76481999998,203927.905492,203927.905522,3577.6825530175433,42.291472999999996,200373.76481999998,26531.748778140394,77.708463,63.46679771428572,9.46981265101717,0.27951054497657307,23,64,,True,True,,342,59.56268577710819
156,2026-09-21T07:58:50.260+00:00,2026-09-21T08:02:12.129+00:00,2026-09-21T08:02:17.042+00:00,True,78,78.0,,78.0,201869.521487,206781.87041499998,206781.870383,2651.0496202948716,43.491572,201869.521487,22850.000717520543,78.51148835,63.79673932467532,9.54670766155946,0.3772090843527928,23,64,,True,True,,456,59.56268577710819
157,2026-09-21T07:58:50.493+00:00,2026-09-21T08:02:13.340+00:00,2026-09-21T08:02:16.142+00:00,True,45,45.0,,45.0,202846.698099,205648.573043,205648.573011,4569.968289133333,42.144773,202846.698099,30229.109383392613,78.65924799999999,63.678976,10.21642785019376,0.21881989908381588,23,64,,True,True,,136,59.56268577710819
158,2026-09-21T07:58:50.828+00:00,2026-09-21T08:02:15.268+00:00,2026-09-21T08:02:19.157+00:00,True,62,62.0,,62.0,204439.407469,208328.892525,208328.89233899998,3360.1434248225805,45.225842,204439.407469,25955.73441584725,76.901099,63.76205009836066,8.872260830572122,0.2976063437411104,23,64,,True,True,,187,59.56268577710819
159,2026-09-21T07:58:51.053+00:00,2026-09-21T08:02:16.462+00:00,2026-09-21T08:02:17.595+00:00,True,19,19.0,,19.0,205409.80984,206542.357424,206542.357321,10870.65038531579,51.987432999999996,205409.80984,47109.80813238386,20608.2797116,62.91931022222222,7.354249907337466,0.09199081600969575,23,64,,True,True,,121,59.56268577710819
160,2026-09-21T07:58:51.427+00:00,2026-09-21T08:02:18.420+00:00,2026-09-21T08:02:19.100+00:00,True,12,12.0,,12.0,206992.937967,207672.716271,207672.716304,17306.059692,45.099742,206992.937967,59735.875637205834,93188.82347534999,61.798027636363635,11.256827144174999,0.057783228415719014,23,64,,True,True,,72,59.56268577710819
161,2026-09-21T07:58:51.681+00:00,2026-09-21T08:02:19.925+00:00,2026-09-21T08:02:24.365+00:00,True,72,72.0,,72.0,208243.35170199999,212683.626646,212683.62673199998,2953.9392601666664,39.940492,208243.35170199999,24534.345861060952,78.3084764,62.539083718309854,9.487658087530896,0.3385309961816665,23,64,,True,True,,812,59.56268577710819
162,2026-09-21T07:58:52.080+00:00,2026-09-21T08:02:21.861+00:00,2026-09-21T08:02:27.861+00:00,True,99,99.0,,99.0,209781.257315,215781.420387,215781.420588,2179.610308969697,45.229132,209781.257315,21077.658512798065,77.37745480000001,61.22615379591837,9.939311172346473,0.4587976102040914,23,64,,True,True,,151,59.56268577710819
163,2026-09-21T07:58:52.381+00:00,2026-09-21T08:02:23.495+00:00,2026-09-21T08:02:24.606+00:00,True,19,19.0,,19.0,211114.831233,212225.353857,212225.353692,11169.755457473684,45.188763,211114.831233,48418.910782379404,21180.064278899998,61.69570133333334,9.09413076703436,0.08952747470880613,23,64,,True,True,,39,59.56268577710819
164,2026-09-21T07:58:52.748+00:00,2026-09-21T08:02:25.347+00:00,2026-09-21T08:02:29.231+00:00,True,64,64.0,,64.0,212599.546895,216482.82702300002,216482.82697700002,3382.5441715156253,44.643112,212599.546895,26567.24000951394,77.42500550000001,61.63936711111111,9.202273135636798,0.29563545931151564,23,64,,True,True,,136,59.56268577710819
165,2026-09-21T07:58:53.749+00:00,2026-09-21T08:02:29.565+00:00,2026-09-21T08:02:31.628+00:00,True,34,34.0,,34.0,215816.702295,217879.622487,217879.622687,6408.2241966764705,42.618901,215816.702295,37001.53979748512,80.33676865,62.512733090909094,10.876411491750359,0.15604947177668552,23,64,,True,True,,34,59.56268577710819
166,2026-09-21T07:58:53.819+00:00,2026-09-21T08:02:30.116+00:00,2026-09-21T08:02:34.122+00:00,True,64,64.0,,64.0,216296.51417699998,220302.59136099997,220302.59135699997,3442.2279899531245,44.320232000000004,216296.51417699998,27029.117382094555,77.4998545,63.58852673015873,9.594390293181513,0.2905095196775333,23,64,,True,True,,512,59.56268577710819
167,2026-09-21T07:58:53.938+00:00,2026-09-21T08:02:30.679+00:00,2026-09-21T08:02:33.366+00:00,True,43,43.0,,43.0,216740.87328600002,219428.39303,219428.39313900002,5102.985886953489,41.640213,216740.87328600002,33042.916834240335,78.491021,63.988565333333334,10.698162613081143,0.19596370098796234,23,64,,True,True,,129,59.56268577710819
168,2026-09-21T07:58:54.252+00:00,2026-09-21T08:02:33.187+00:00,2026-09-21T08:02:39.124+00:00,True,94,94.0,,94.0,218934.84925,224872.126178,224872.126218,2392.256661893617,40.121092,218934.84925,22574.823047467304,77.6521848,63.84168739784946,10.264550385841012,0.41801534764514686,23,64,,True,True,,282,59.56268577710819
169,2026-09-21T07:58:54.622+00:00,2026-09-21T08:02:35.421+00:00,2026-09-21T08:02:38.543+00:00,True,50,50.0,,50.0,220798.587929,223921.017113,223921.017228,4478.42034456,46.817341,220798.587929,31216.625626865047,79.32225255,63.723044571428574,10.305609378117142,0.22329301931836032,23,64,,True,True,,150,59.56268577710819
170,2026-09-21T07:58:54.931+00:00,2026-09-21T08:02:36.845+00:00,2026-09-21T08:02:39.792+00:00,True,48,48.0,,48.0,221913.753007,224860.643759,224860.64369,4684.596743541667,43.903362,221913.753007,32021.442218992754,75.018722,62.699803234042555,7.661231386812306,0.2134655455822905,23,64,,True,True,,188,59.56268577710819
171,2026-09-21T07:58:55.246+00:00,2026-09-21T08:02:38.212+00:00,2026-09-21T08:02:41.168+00:00,True,48,48.0,,48.0,222965.82335299999,225922.225017,225922.225056,4706.713022,44.115482,222965.82335299999,32173.266838951076,78.4359835,62.90216306382979,9.767207031381524,0.212462496756962,23,64,,True,True,,147,59.56268577710819
172,2026-09-21T07:58:55.519+00:00,2026-09-21T08:02:39.732+00:00,2026-09-21T08:02:44.112+00:00,True,69,69.0,,69.0,224213.188377,228593.28898500002,228593.28914,3312.94621942029,43.973873,224213.188377,26984.343287958072,77.46575899999999,64.41324423529412,9.862294952099752,0.30184613164443197,23,64,,True,True,,69,59.56268577710819
173,2026-09-21T07:58:55.909+00:00,2026-09-21T08:02:41.475+00:00,2026-09-21T08:02:45.389+00:00,True,63,63.0,,63.0,225565.296188,229479.467068,229479.466995,3642.531222142857,45.601241,225565.296188,28410.60398992093,77.94278,63.131788387096776,10.043241949049177,0.27453436599332726,23,64,,True,True,,252,59.56268577710819
174,2026-09-21T07:58:56.125+00:00,2026-09-21T08:02:42.581+00:00,2026-09-21T08:02:43.209+00:00,True,11,11.0,,11.0,226456.081154,227083.679746,227083.67988600003,20643.970898727275,41.831951000000004,226456.081154,68260.15583069147,113267.8871085,62.7598592,13.080085981072592,0.04844029307744103,23,64,,True,True,,75,59.56268577710819
175,2026-09-21T07:58:56.417+00:00,2026-09-21T08:02:44.305+00:00,2026-09-21T08:02:48.148+00:00,True,62,62.0,,62.0,227887.474745,231730.33324100001,231730.333048,3737.586016903226,44.853680999999995,227887.474745,28933.73888274413,76.467972,62.997680262295084,8.949439567418969,0.2675523706062248,23,64,,True,True,,186,59.56268577710819
176,2026-09-21T07:58:56.686+00:00,2026-09-21T08:02:45.894+00:00,2026-09-21T08:02:49.398+00:00,True,56,56.0,,56.0,229207.819743,232711.764703,232711.764615,4155.567225267857,49.194582000000004,229207.819743,30620.670977082507,76.51360025,63.70809018181818,8.086066828615984,0.2406410353660907,23,64,,True,True,,364,59.56268577710819
177,2026-09-21T07:58:56.990+00:00,2026-09-21T08:02:47.198+00:00,2026-09-21T08:02:52.734+00:00,True,90,90.0,,90.0,230208.437466,235744.411866,235744.41188,2619.382354222222,43.113471,230208.437466,24259.545058379994,77.4492151,62.2019595505618,9.278979998592114,0.38176938866808474,23,64,,True,True,,90,59.56268577710819
178,2026-09-21T07:58:57.285+00:00,2026-09-21T08:02:48.605+00:00,2026-09-21T08:02:52.882+00:00,True,70,70.0,,70.0,231319.635895,235596.78840700001,235596.788475,3365.6684067857145,46.389250999999994,231319.635895,27640.57709584955,75.544472,61.98771756521739,8.776133867333483,0.29711780229819196,23,64,,True,True,,349,59.56268577710819
179,2026-09-21T07:58:57.529+00:00,2026-09-21T08:02:50.019+00:00,2026-09-21T08:02:55.782+00:00,True,93,93.0,,93.0,232490.352769,238253.402753,238253.402935,2561.864547688172,44.772322,232490.352769,24101.63257569079,77.0187334,62.641847652173915,9.10646578256285,0.3903406999664729,23,64,,True,True,,372,59.56268577710819
180,2026-09-21T07:58:57.861+00:00,2026-09-21T08:02:51.848+00:00,2026-09-21T08:02:52.591+00:00,True,13,13.0,,13.0,233986.474928,234729.990064,234729.99009600002,18056.153084307694,45.178371,233986.474928,64878.98786011389,93641.4478004,61.95959466666667,9.078207297448717,0.05538278255989148,23,64,,True,True,,50,59.56268577710819
181,2026-09-21T07:58:58.143+00:00,2026-09-21T08:02:53.435+00:00,2026-09-21T08:02:58.200+00:00,True,77,77.0,,77.0,235292.623845,240057.357285,240057.357192,3117.6280154805195,44.299362,235292.623845,26806.94005171527,78.327156,62.69386105263158,9.410549093351753,0.32075667611630143,23,64,,True,True,,154,59.56268577710819
182,2026-09-21T07:58:58.375+00:00,2026-09-21T08:02:54.606+00:00,2026-09-21T08:02:57.445+00:00,True,47,47.0,,47.0,236230.10786199998,239069.22466199996,239069.22463099996,5086.579247468085,45.886292000000005,236230.10786199998,34448.70116542321,80.2138847,61.71993043478261,9.448596711721338,0.19659577708694786,23,64,,True,True,,188,59.56268577710819
183,2026-09-21T07:58:58.727+00:00,2026-09-21T08:02:56.267+00:00,2026-09-21T08:02:57.248+00:00,True,17,17.0,,17.0,237539.847233,238521.074497,238521.07466800002,14030.651451058824,49.17516199999999,237539.847233,57597.00188727497,47569.073633,61.326704,7.685090464700074,0.07127252816485957,23,64,,True,True,,79,59.56268577710819
184,2026-09-21T07:58:59.027+00:00,2026-09-21T08:02:58.200+00:00,2026-09-21T08:03:01.338+00:00,True,51,51.0,,51.0,239172.36059,242311.05243,242311.05249,4751.197107647059,46.299150999999995,239172.36059,33482.040413875344,77.97184299999999,62.7738368,9.021115130845917,0.21047327180724917,23,64,,True,True,,0,59.56268577710819
185,2026-09-21T07:58:59.333+00:00,2026-09-21T08:02:59.786+00:00,2026-09-21T08:03:02.047+00:00,True,37,37.0,,37.0,240452.447933,242713.79935699998,242713.799412,6559.83241654054,44.746392,240452.447933,39519.81332287735,76.9175288,62.81531733333333,9.721147450324024,0.15244291877108265,23,64,,True,True,,74,59.56268577710819
186,2026-09-21T07:58:59.574+00:00,2026-09-21T08:03:00.892+00:00,2026-09-21T08:03:07.044+00:00,True,97,97.0,,97.0,241317.61265700002,247470.46129700003,247470.46122300002,2551.241868278351,45.057812,241317.61265700002,24495.585558241513,77.616207,64.09217333333333,9.630360274018967,0.3919659723896748,23,64,,True,True,,203,59.56268577710819
187,2026-09-21T07:58:59.836+00:00,2026-09-21T08:03:02.449+00:00,2026-09-21T08:03:05.123+00:00,True,43,43.0,,43.0,242613.529514,245286.98385,245286.984028,5704.348465767442,42.640512,242613.529514,36988.51073246188,79.827551,63.65367466666667,10.421823216125151,0.17530485851746513,23,64,,True,True,,172,59.56268577710819
188,2026-09-21T07:59:00.167+00:00,2026-09-21T08:03:03.971+00:00,2026-09-21T08:03:08.395+00:00,True,69,69.0,,69.0,243804.369634,248228.126946,248228.126879,3597.5090852028984,44.703481,243804.369634,29342.766625573935,77.491291,65.0552545882353,8.911582472869547,0.2779701109979788,23,64,,True,True,,276,59.56268577710819
189,2026-09-21T07:59:00.552+00:00,2026-09-21T08:03:05.997+00:00,2026-09-21T08:03:10.175+00:00,True,66,66.0,,66.0,245444.944605,249622.262237,249622.262191,3782.155487742424,49.258771,245444.944605,30204.274760715845,77.81472049999999,64.26642510769231,8.672631733566446,0.2643994946946572,23,64,,True,True,,247,59.56268577710819
190,2026-09-21T07:59:00.944+00:00,2026-09-21T08:03:08.214+00:00,2026-09-21T08:03:10.749+00:00,True,41,41.0,,41.0,247270.208382,249805.49004600002,249805.4902,6092.8168341463415,42.473681,247270.208382,38607.22143137099,79.93584299999999,63.3820416,10.521512324593717,0.16412769788386206,23,64,,True,True,,41,59.56268577710819
192,2026-09-21T07:59:01.542+00:00,2026-09-21T08:03:10.115+00:00,2026-09-21T08:03:10.564+00:00,True,8,8.0,,8.0,248572.503796,249021.322228,249021.322102,31127.66526275,49.372491000000004,248572.503796,87860.98331751501,161601.05948345,64.11691885714286,10.520427778297158,0.03212576308094343,23,64,,True,True,,6,59.56268577710819
193,2026-09-21T07:59:01.815+00:00,2026-09-21T08:03:11.435+00:00,2026-09-21T08:03:13.636+00:00,True,36,36.0,,36.0,249620.943206,251821.04663,251821.046653,6995.029073694444,47.591841,249620.943206,41593.01486214769,77.58020549999999,62.86009782857143,9.304058651750813,0.1429586624381508,23,64,,True,True,,36,59.56268577710819
194,2026-09-21T07:59:02.197+00:00,2026-09-21T08:03:14.092+00:00,2026-09-21T08:03:18.586+00:00,True,73,73.0,,73.0,251894.477908,256388.625492,256388.625366,3512.172950219178,43.686911,251894.477908,29474.714372695187,74.36552699999999,62.41871644444445,8.692425391180409,0.28472401948376524,23,64,,True,True,,79,59.56268577710819
191,2026-09-21T07:59:01.246+00:00,2026-09-21T08:03:14.889+00:00,2026-09-21T08:03:18.162+00:00,True,54,54.0,,54.0,253642.605185,256915.337601,256915.337689,4757.691438685185,43.872161,253642.605185,34507.98479786411,76.51071615,61.749668226415096,9.232390215149683,0.21018597217369792,23,64,,True,True,,108,59.56268577710819
195,2026-09-21T07:59:02.532+00:00,2026-09-21T08:03:16.253+00:00,2026-09-21T08:03:22.056+00:00,True,93,93.0,,93.0,253720.686768,259523.721136,259523.721232,2790.577647655914,40.771041,253720.686768,26303.071187953592,79.124483,63.07646052173913,11.05785079791049,0.35834874589850907,23,64,,True,True,,372,59.56268577710819
196,2026-09-21T07:59:02.779+00:00,2026-09-21T08:03:17.675+00:00,2026-09-21T08:03:23.357+00:00,True,90,90.0,,90.0,254895.310742,260577.993622,260577.993672,2895.3110408000002,42.009422,254895.310742,26861.596666612753,78.84808204999999,63.85036943820225,10.912920547075332,0.34538603490268605,23,64,,True,True,,180,59.56268577710819
197,2026-09-21T07:59:03.023+00:00,2026-09-21T08:03:19.104+00:00,2026-09-21T08:03:23.359+00:00,True,67,67.0,,67.0,256081.00515799999,260336.00547799998,260336.00564699998,3885.6120245820894,44.490192,256081.00515799999,31277.3999430227,78.9129367,64.46970181818182,11.44053549905064,0.25735971433141586,23,64,,True,True,,635,59.56268577710819
198,2026-09-21T07:59:03.415+00:00,2026-09-21T08:03:21.224+00:00,2026-09-21T08:03:24.722+00:00,True,56,56.0,,56.0,257809.403472,261307.441488,261307.441545,4666.204313303571,42.527691,257809.403472,34442.732875718575,78.43472799999999,63.6006912,9.181041385847198,0.21430694694766925,23,64,,True,True,,112,59.56268577710819
199,2026-09-21T07:59:03.647+00:00,2026-09-21T08:03:22.369+00:00,2026-09-21T08:03:22.846+00:00,True,8,8.0,,8.0,258722.73148699998,259199.117791,259199.11759399998,32399.889699249998,48.721542,258722.73148699998,91448.2385965892,168198.17324960002,68.05518628571429,12.964679681164279,0.03086430258011387,23,64,,True,True,,45,59.56268577710819
200,2026-09-21T07:59:03.991+00:00,2026-09-21T08:03:23.687+00:00,2026-09-21T08:03:29.794+00:00,True,98,98.0,,98.0,259695.079809,265802.69504099997,265802.695123,2712.2723992142855,41.726941,259695.079809,26226.805917861235,78.026902,62.96510548453608,9.730381345441868,0.3686945310501217,23,64,,True,True,,584,59.56268577710819
201,2026-09-21T07:59:04.212+00:00,2026-09-21T08:03:25.030+00:00,2026-09-21T08:03:25.431+00:00,True,7,7.0,,7.0,260817.267253,261218.734133,261218.734137,37316.96201957143,59.404272,260817.267253,98554.37120956299,182594.82242200003,66.91114666666667,8.096151801787382,0.026797465439197546,23,64,,True,True,,35,59.56268577710819
202,2026-09-21T07:59:04.548+00:00,2026-09-21T08:03:26.875+00:00,2026-09-21T08:03:31.568+00:00,True,75,75.0,,75.0,262327.174842,267019.75212200003,267019.752169,3560.2633622533335,45.120482,262327.174842,30283.612272413575,76.95499,63.41320648648649,9.901118251459755,0.28087809760879734,23,64,,True,True,,150,59.56268577710819
204,2026-09-21T07:59:05.651+00:00,2026-09-21T08:03:28.584+00:00,2026-09-21T08:03:32.531+00:00,True,63,63.0,,63.0,262932.538547,266880.024499,266880.024424,4236.190863873016,44.610911,262932.538547,33118.365954374094,79.2157802,63.66912825806452,9.664646781905121,0.23606112940924157,23,64,,True,True,,315,59.56268577710819
203,2026-09-21T07:59:05.641+00:00,2026-09-21T08:03:30.145+00:00,2026-09-21T08:03:35.321+00:00,True,82,82.0,,82.0,264504.376393,269680.430409,269680.430423,3288.785736865854,42.296021,264504.376393,29202.56640676197,78.14099999999999,63.90190143209877,8.606934189498496,0.30406359065668204,23,64,,True,True,,82,59.56268577710819
205,2026-09-21T07:59:05.727+00:00,2026-09-21T08:03:30.859+00:00,2026-09-21T08:03:30.916+00:00,True,2,2.0,,2.0,265131.948991,265188.999871,265188.999952,132594.499976,57.050961,265131.948991,187436.2579193456,251878.2040895,57.05088,nan,0.0075417909527653515,23,64,,True,True,,9,59.56268577710819
206,2026-09-21T07:59:05.845+00:00,2026-09-21T08:03:32.709+00:00,2026-09-21T08:03:33.120+00:00,True,8,8.0,,8.0,266863.931808,267275.05808000005,267275.05812600005,33409.382265750006,48.150531,266863.931808,94329.88310036478,173484.6695009,58.73232457142858,6.591622215075711,0.029931711763412885,23,64,,True,True,,47,59.56268577710819
207,2026-09-21T07:59:05.968+00:00,2026-09-21T08:03:34.292+00:00,2026-09-21T08:03:38.358+00:00,True,65,65.0,,65.0,268324.154589,272390.828765,272390.82895399997,4190.628137753846,42.461061,268324.154589,33273.63531805149,78.0413598,63.541784,9.757756324133444,0.23862771112634457,23,64,,True,True,,153,59.56268577710819
208,2026-09-21T07:59:06.217+00:00,2026-09-21T08:03:36.120+00:00,2026-09-21T08:03:40.043+00:00,True,62,62.0,,62.0,269902.716821,273826.384277,273826.384333,4416.554586016128,44.161191,269902.716821,34269.5117399443,77.64379905,64.3224173114754,9.810626664765909,0.2264208402112246,23,64,,True,True,,193,59.56268577710819
209,2026-09-21T07:59:06.594+00:00,2026-09-21T08:03:37.849+00:00,2026-09-21T08:03:41.667+00:00,True,60,60.0,,60.0,271255.44057700003,275073.404609,275073.404577,4584.556742950001,46.185231,271255.44057700003,35010.57404897235,79.10223095,64.71125477966102,10.12250615789308,0.21812359535552453,23,64,,True,True,,240,59.56268577710819
210,2026-09-21T07:59:06.867+00:00,2026-09-21T08:03:39.084+00:00,2026-09-21T08:03:42.371+00:00,True,52,52.0,,52.0,272216.95232499996,275503.47725299996,275503.477133,5298.14379101923,45.249301,272216.95232499996,37740.76435733797,78.667874,64.44166525490196,11.065828311485205,0.18874534912765342,23,64,,True,True,,208,59.56268577710819
211,2026-09-21T07:59:07.179+00:00,2026-09-21T08:03:40.982+00:00,2026-09-21T08:03:41.971+00:00,True,17,17.0,,17.0,273803.189403,274792.092315,274792.092491,16164.240734764706,42.630161,273803.189403,66392.03827722109,54820.9188342,61.806432,11.054039323266212,0.06186495345183565,23,64,,True,True,,63,59.56268577710819
212,2026-09-21T07:59:07.552+00:00,2026-09-21T08:03:42.853+00:00,2026-09-21T08:03:43.748+00:00,True,15,15.0,,15.0,275301.757583,276196.438415,276196.438612,18413.095907466668,50.015542,275301.757583,71066.10832859065,82644.4905633,63.905773714285715,9.411402578482203,0.05430917243567672,23,64,,True,True,,135,59.56268577710819
213,2026-09-21T07:59:07.867+00:00,2026-09-21T08:03:44.636+00:00,2026-09-21T08:03:48.219+00:00,True,58,58.0,,58.0,276768.449837,280351.458861,280351.458802,4833.645841413793,42.749961000000006,276768.449837,36333.22525253639,77.35816215,62.8598074385965,9.704477061241121,0.2068831752673588,23,64,,True,True,,291,59.56268577710819
214,2026-09-21T07:59:08.227+00:00,2026-09-21T08:03:46.305+00:00,2026-09-21T08:03:48.220+00:00,True,32,32.0,,32.0,278078.31023500004,279993.04226700007,279993.04230500007,8749.782572031252,44.676121,278078.31023500004,49146.847032913385,78.87409595,61.76554941935484,10.207509004777874,0.114288554247305,23,64,,True,True,,64,59.56268577710819
215,2026-09-21T07:59:08.478+00:00,2026-09-21T08:03:47.643+00:00,2026-09-21T08:03:52.061+00:00,True,70,70.0,,70.0,279164.966667,283583.02644299995,283583.02653,4051.186093285714,46.225062,279164.966667,33358.943557543025,76.7051675,64.02985182608695,8.630881788135506,0.2468412897556475,23,64,,True,True,,213,59.56268577710819
216,2026-09-21T07:59:08.725+00:00,2026-09-21T08:03:49.036+00:00,2026-09-21T08:03:49.750+00:00,True,13,13.0,,13.0,280310.42712,281025.244912,281025.245055,21617.32654269231,49.374171000000004,280310.42712,77727.60367276733,112169.1273726,59.56814933333334,8.681410535857966,0.04625918929123542,23,64,,True,True,,52,59.56268577710819
217,2026-09-21T07:59:09.124+00:00,2026-09-21T08:03:51.042+00:00,2026-09-21T08:03:56.155+00:00,True,81,81.0,,81.0,281918.28327200003,287031.10400800005,287031.10412900004,3543.5938781358027,43.217311,281918.28327200003,31317.153808302068,76.644621,63.910259200000006,8.90946602038517,0.28219938142223916,23,64,,True,True,,405,59.56268577710819
218,2026-09-21T07:59:09.358+00:00,2026-09-21T08:03:52.323+00:00,2026-09-21T08:03:56.399+00:00,True,65,65.0,,65.0,282965.420543,287041.52294299996,287041.522888,4416.023429046154,40.334041,282965.420543,35089.64260571105,78.26156999999999,63.6891,10.101388617177426,0.2264480739008187,23,64,,True,True,,166,59.56268577710819
219,2026-09-21T07:59:09.743+00:00,2026-09-21T08:03:54.012+00:00,2026-09-21T08:03:55.709+00:00,True,28,28.0,,28.0,284268.99599,285966.727062,285966.727085,10213.097395892859,45.487970999999995,284268.99599,53709.90844752591,76.64135135000001,62.87892859259259,9.5473345792523,0.09791348905402328,23,64,,True,True,,224,59.56268577710819
221,2026-09-21T07:59:10.367+00:00,2026-09-21T08:03:55.209+00:00,2026-09-21T08:03:57.995+00:00,True,46,46.0,,46.0,284841.61367,287627.59536599996,287627.595558,6252.77381647826,42.772961,284841.61367,41988.47755570675,75.90554949999999,61.91070435555556,9.621517970162422,0.15992902190579447,23,64,,True,True,,102,59.56268577710819
222,2026-09-21T07:59:10.759+00:00,2026-09-21T08:03:57.208+00:00,2026-09-21T08:03:57.334+00:00,True,3,3.0,,3.0,286449.023341,286575.418477,286575.41843300004,95525.13947766667,60.006601,286449.023341,165344.9336456271,257810.75985600002,63.197568,4.512631026739057,0.010468448466178455,23,64,,True,True,,12,59.56268577710819
223,2026-09-21T07:59:10.989+00:00,2026-09-21T08:03:58.893+00:00,2026-09-21T08:04:02.974+00:00,True,64,64.0,,64.0,287904.687752,291985.541768,291985.54162699997,4562.2740879218745,45.687431,287904.687752,35979.99020312337,76.7042255,64.77546057142858,9.235208977748718,0.2191889352208125,23,64,,True,True,,131,59.56268577710819
220,2026-09-21T07:59:10.098+00:00,2026-09-21T08:04:00.066+00:00,2026-09-21T08:04:00.536+00:00,True,8,8.0,,8.0,289967.75560900004,290437.70709700003,290437.707179,36304.713397375,54.529622,289967.75560900004,102495.34721940263,188504.93149355002,67.13592685714285,6.913033353218239,0.02754463282320353,23,64,,True,True,,47,59.56268577710819
224,2026-09-21T07:59:11.206+00:00,2026-09-21T08:04:00.928+00:00,2026-09-21T08:04:06.623+00:00,True,92,92.0,,92.0,289722.872552,295417.139944,295417.139982,3211.0558693695652,42.864881000000004,289722.872552,30199.17512196249,77.46098099999999,62.57436694505495,9.3977207146483,0.3114240426856741,23,64,,True,True,,276,59.56268577710819
225,2026-09-21T07:59:11.453+00:00,2026-09-21T08:04:02.858+00:00,2026-09-21T08:04:05.073+00:00,True,37,37.0,,37.0,291405.86398699996,293620.41093099996,293620.41098299995,7935.686783324323,48.142411,291405.86398699996,47896.7165822053,75.585865,61.51519288888889,8.206765480034356,0.12601303799923808,23,64,,True,True,,37,59.56268577710819
226,2026-09-21T07:59:11.711+00:00,2026-09-21T08:04:04.426+00:00,2026-09-21T08:04:06.805+00:00,True,40,40.0,,40.0,292714.391413,295093.966965,295093.96710300003,7377.349177575,43.474501,292714.391413,46272.56272091105,75.14105199999999,61.01475774358975,9.5636950059027,0.13555004330110296,23,64,,True,True,,246,59.56268577710819
227,2026-09-21T07:59:11.968+00:00,2026-09-21T08:04:05.783+00:00,2026-09-21T08:04:08.678+00:00,True,47,47.0,,47.0,293814.918137,296710.294265,296710.294408,6312.984987404256,44.567781000000004,293814.918137,42848.13029995317,75.75598699999999,62.94295930434783,9.067716678496225,0.15840367155587476,23,64,,True,True,,278,59.56268577710819
228,2026-09-21T07:59:12.370+00:00,2026-09-21T08:04:07.974+00:00,2026-09-21T08:04:09.882+00:00,True,32,32.0,,32.0,295604.097548,297511.522316,297511.522358,9297.2350736875,42.163321,295604.097548,52245.039280103825,77.04746905,61.529831225806454,9.52288839137042,0.10755885940448182,23,64,,True,True,,96,59.56268577710819
229,2026-09-21T07:59:12.592+00:00,2026-09-21T08:04:09.115+00:00,2026-09-21T08:04:12.646+00:00,False,59,58.0,,58.0,296522.90875199996,300054.027088,300054.027096,5085.661476203389,0.0353,296522.90875199996,38596.07055111113,78.3273469,60.88135062068965,12.709716232075348,0.1932985221457792,23,64,,True,False,Request timeout: 300.0s exceeded,409,59.56268577710819
230,2026-09-21T07:59:12.968+00:00,2026-09-21T08:04:11.138+00:00,2026-09-21T08:04:12.111+00:00,True,17,17.0,,17.0,298169.88983099995,299142.91178299993,299142.911712,17596.641865411762,50.079680999999994,298169.88983099995,72302.0714561875,59693.867950999986,60.813872,7.7399728806443076,0.056829024958919644,23,64,,True,True,,102,59.56268577710819
231,2026-09-21T07:59:13.351+00:00,2026-09-21T08:04:13.329+00:00,2026-09-21T08:04:13.386+00:00,False,3,2.0,,2.0,299977.974494,300035.043038,300035.043055,100011.68101833334,0.02389,299977.974494,173175.8923974111,269985.88151170005,28.534272,40.31988485834988,0.006665888023442302,23,64,,True,False,Request timeout: 300.0s exceeded,7,59.56268577710819
232,2026-09-21T07:59:13.674+00:00,2026-09-21T08:04:13.786+00:00,2026-09-21T08:04:13.786+00:00,False,1,0.0,,0.0,300112.657315,300112.657315,300112.657315,300112.657315,300112.657315,300112.657315,nan,300112.657315,nan,nan,0.0,23,64,,True,False,"HTTPConnectionPool(host='gpu06', port=9004): Read timed out.",0,59.56268577710819
233,2026-09-21T07:59:13.957+00:00,2026-09-21T08:04:14.045+00:00,2026-09-21T08:04:14.045+00:00,False,1,0.0,,0.0,300088.151295,300088.151295,300088.151295,300088.151295,300088.151295,300088.151295,nan,300088.151295,nan,nan,0.0,23,64,,True,False,"HTTPConnectionPool(host='gpu06', port=9004): Read timed out.",0,59.56268577710819
234,2026-09-21T07:59:14.234+00:00,2026-09-21T08:04:14.339+00:00,2026-09-21T08:04:14.339+00:00,False,1,0.0,,0.0,300104.755887,300104.755887,300104.755887,300104.755887,300104.755887,300104.755887,nan,300104.755887,nan,nan,0.0,23,64,,True,False,"HTTPConnectionPool(host='gpu06', port=9004): Read timed out.",0,59.56268577710819
235,2026-09-21T07:59:14.616+00:00,2026-09-21T08:04:14.721+00:00,2026-09-21T08:04:14.721+00:00,False,1,0.0,,0.0,300104.988081,300104.988081,300104.988081,300104.988081,300104.988081,300104.988081,nan,300104.988081,nan,nan,0.0,23,64,,True,False,"HTTPConnectionPool(host='gpu06', port=9004): Read timed out.",0,59.56268577710819
236,2026-09-21T07:59:14.901+00:00,2026-09-21T08:04:14.949+00:00,2026-09-21T08:04:14.949+00:00,False,1,0.0,,0.0,300047.058501,300047.058501,300047.058501,300047.058501,300047.058501,300047.058501,nan,300047.058501,nan,nan,0.0,23,64,,True,False,"HTTPConnectionPool(host='gpu06', port=9004): Read timed out.",0,59.56268577710819
237,2026-09-21T07:59:15.194+00:00,2026-09-21T08:04:15.313+00:00,2026-09-21T08:04:15.313+00:00,False,1,0.0,,0.0,300118.38951300003,300118.38951300003,300118.38951300003,300118.38951300003,300118.38951300003,300118.38951300003,nan,300118.38951300003,nan,nan,0.0,23,64,,True,False,"HTTPConnectionPool(host='gpu06', port=9004): Read timed out.",0,59.56268577710819
238,2026-09-21T07:59:15.491+00:00,2026-09-21T08:04:15.487+00:00,2026-09-21T08:04:15.646+00:00,False,3,2.0,,2.0,299995.9645,300154.949972,300154.949933,100051.64997766666,0.031190000000000002,299995.9645,173156.87395101736,270012.2634743,79.492736,112.37553664336394,0.006663225111518468,23,64,,True,False,Request timeout: 300.0s exceeded,8,59.56268577710819
239,2026-09-21T07:59:15.759+00:00,2026-09-21T08:04:15.805+00:00,2026-09-21T08:04:15.805+00:00,False,1,0.0,,0.0,300045.767134,300045.767134,300045.767134,300045.767134,300045.767134,300045.767134,nan,300045.767134,nan,nan,0.0,23,64,,True,False,TTFT timeout: 300.0s exceeded (TTFT: 300.040s),0,59.56268577710819
240,2026-09-21T07:59:15.976+00:00,2026-09-21T08:04:16.081+00:00,2026-09-21T08:04:16.081+00:00,False,1,0.0,,0.0,300104.438391,300104.438391,300104.438391,300104.438391,300104.438391,300104.438391,nan,300104.438391,nan,nan,0.0,23,64,,True,False,"HTTPConnectionPool(host='gpu06', port=9004): Read timed out.",0,59.56268577710819
241,2026-09-21T07:59:16.356+00:00,2026-09-21T08:04:16.459+00:00,2026-09-21T08:04:16.459+00:00,False,1,0.0,,0.0,300103.412934,300103.412934,300103.412934,300103.412934,300103.412934,300103.412934,nan,300103.412934,nan,nan,0.0,23,64,,True,False,"HTTPConnectionPool(host='gpu06', port=9004): Read timed out.",0,59.56268577710819
242,2026-09-21T07:59:16.671+00:00,2026-09-21T08:04:16.680+00:00,2026-09-21T08:04:16.680+00:00,False,1,0.0,,0.0,300008.461402,300008.461402,300008.461402,300008.461402,300008.461402,300008.461402,nan,300008.461402,nan,nan,0.0,23,64,,True,False,"HTTPConnectionPool(host='gpu06', port=9004): Read timed out.",0,59.56268577710819
243,2026-09-21T07:59:17.013+00:00,2026-09-21T08:04:17.128+00:00,2026-09-21T08:04:17.128+00:00,False,1,0.0,,0.0,300114.799841,300114.799841,300114.799841,300114.799841,300114.799841,300114.799841,nan,300114.799841,nan,nan,0.0,23,64,,True,False,"HTTPConnectionPool(host='gpu06', port=9004): Read timed out.",0,59.56268577710819
244,2026-09-21T07:59:17.367+00:00,2026-09-21T08:04:17.401+00:00,2026-09-21T08:04:17.401+00:00,False,1,0.0,,0.0,300033.397615,300033.397615,300033.397615,300033.397615,300033.397615,300033.397615,nan,300033.397615,nan,nan,0.0,23,64,,True,False,"HTTPConnectionPool(host='gpu06', port=9004): Read timed out.",0,59.56268577710819
245,2026-09-21T07:59:17.619+00:00,2026-09-21T08:04:17.713+00:00,2026-09-21T08:04:17.713+00:00,False,1,0.0,,0.0,300094.13067000004,300094.13067000004,300094.13067000004,300094.13067000004,300094.13067000004,300094.13067000004,nan,300094.13067000004,nan,nan,0.0,23,64,,True,False,"HTTPConnectionPool(host='gpu06', port=9004): Read timed out.",0,59.56268577710819
246,2026-09-21T07:59:17.950+00:00,2026-09-21T08:04:17.918+00:00,2026-09-21T08:04:18.033+00:00,False,3,2.0,,2.0,299967.584895,300083.07007899997,300083.070167,100027.69005566667,0.03666,299967.584895,173153.03777656463,269982.3712667,57.742592,81.60858520288483,0.006664821175927983,23,64,,True,False,Request timeout: 300.0s exceeded,3,59.56268577710819
247,2026-09-21T07:59:18.184+00:00,2026-09-21T08:04:18.287+00:00,2026-09-21T08:04:18.287+00:00,False,1,0.0,,0.0,300103.370943,300103.370943,300103.370943,300103.370943,300103.370943,300103.370943,nan,300103.370943,nan,nan,0.0,23,64,,True,False,"HTTPConnectionPool(host='gpu06', port=9004): Read timed out.",0,59.56268577710819
248,2026-09-21T07:59:19.321+00:00,2026-09-21T08:04:19.159+00:00,2026-09-21T08:04:19.978+00:00,False,15,14.0,,14.0,299838.294741,300657.296597,300657.296738,20043.819782533334,0.0285,299838.294741,77402.81428919036,90032.0259647,58.50013257142857,26.319943369647138,0.046564644059730084,23,64,,True,False,Request timeout: 300.0s exceeded,63,59.56268577710819
249,2026-09-21T07:59:19.408+00:00,2026-09-21T08:04:19.163+00:00,2026-09-21T08:04:19.859+00:00,False,13,12.0,,12.0,299754.749663,300451.22070299997,300451.220648,23111.63235753846,0.03787,299754.749663,83120.91598400085,119970.72009500001,58.039253333333335,26.753185317620062,0.03993992759264626,23,64,,True,False,Request timeout: 300.0s exceeded,48,59.56268577710819
251,2026-09-21T07:59:19.508+00:00,2026-09-21T08:04:20.019+00:00,2026-09-21T08:04:20.019+00:00,False,1,0.0,,0.0,300511.629182,300511.629182,300511.629182,300511.629182,300511.629182,300511.629182,nan,300511.629182,nan,nan,0.0,23,64,,True,False,"HTTPConnectionPool(host='gpu06', port=9004): Read timed out.",0,59.56268577710819
252,2026-09-21T07:59:19.770+00:00,2026-09-21T08:04:20.399+00:00,2026-09-21T08:04:20.399+00:00,False,1,0.0,,0.0,300629.57137699996,300629.57137699996,300629.57137699996,300629.57137699996,300629.57137699996,300629.57137699996,nan,300629.57137699996,nan,nan,0.0,23,64,,True,False,"HTTPConnectionPool(host='gpu06', port=9004): Read timed out.",0,59.56268577710819
250,2026-09-21T07:59:19.494+00:00,2026-09-21T08:04:20.400+00:00,2026-09-21T08:04:20.400+00:00,False,1,0.0,,0.0,300905.905361,300905.905361,300905.905361,300905.905361,300905.905361,300905.905361,nan,300905.905361,nan,nan,0.0,23,64,,True,False,"HTTPConnectionPool(host='gpu06', port=9004): Read timed out.",0,59.56268577710819
253,2026-09-21T07:59:20.016+00:00,2026-09-21T08:04:20.967+00:00,2026-09-21T08:04:21.361+00:00,False,6,5.0,,5.0,300950.40095700003,301344.362941,301344.36300500005,50224.06050083334,0.0327,300950.40095700003,122830.33334683308,225755.87128625007,78.79239679999999,64.40537238943561,0.01659231303085283,23,64,,True,False,Request timeout: 300.0s exceeded,20,59.56268577710819
254,2026-09-21T07:59:20.352+00:00,2026-09-21T08:04:21.560+00:00,2026-09-21T08:04:21.560+00:00,False,1,0.0,,0.0,301208.17614,301208.17614,301208.17614,301208.17614,301208.17614,301208.17614,nan,301208.17614,nan,nan,0.0,23,64,,True,False,"HTTPConnectionPool(host='gpu06', port=9004): Read timed out.",0,59.56268577710819
257,2026-09-21T07:59:21.326+00:00,2026-09-21T08:04:21.896+00:00,2026-09-21T08:04:21.896+00:00,False,1,0.0,,0.0,300570.715241,300570.715241,300570.715241,300570.715241,300570.715241,300570.715241,nan,300570.715241,nan,nan,0.0,23,64,,True,False,"HTTPConnectionPool(host='gpu06', port=9004): Read timed out.",0,59.56268577710819
258,2026-09-21T07:59:21.639+00:00,2026-09-21T08:04:21.898+00:00,2026-09-21T08:04:21.898+00:00,False,1,0.0,,0.0,300259.34222399996,300259.34222399996,300259.34222399996,300259.34222399996,300259.34222399996,300259.34222399996,nan,300259.34222399996,nan,nan,0.0,23,64,,True,False,"HTTPConnectionPool(host='gpu06', port=9004): Read timed out.",0,59.56268577710819
255,2026-09-21T07:59:20.728+00:00,2026-09-21T08:04:21.899+00:00,2026-09-21T08:04:21.899+00:00,False,1,0.0,,0.0,301171.00117400003,301171.00117400003,301171.00117400003,301171.00117400003,301171.00117400003,301171.00117400003,nan,301171.00117400003,nan,nan,0.0,23,64,,True,False,"HTTPConnectionPool(host='gpu06', port=9004): Read timed out.",0,59.56268577710819
259,2026-09-21T07:59:21.942+00:00,2026-09-21T08:04:23.284+00:00,2026-09-21T08:04:23.284+00:00,False,1,0.0,,0.0,301342.478126,301342.478126,301342.478126,301342.478126,301342.478126,301342.478126,nan,301342.478126,nan,nan,0.0,23,64,,True,False,"HTTPConnectionPool(host='gpu06', port=9004): Read timed out.",0,59.56268577710819
262,2026-09-21T07:59:22.986+00:00,2026-09-21T08:04:23.292+00:00,2026-09-21T08:04:23.292+00:00,False,1,0.0,,0.0,300305.30220499996,300305.30220499996,300305.30220499996,300305.30220499996,300305.30220499996,300305.30220499996,nan,300305.30220499996,nan,nan,0.0,23,64,,True,False,"HTTPConnectionPool(host='gpu06', port=9004): Read timed out.",0,59.56268577710819
260,2026-09-21T07:59:22.238+00:00,2026-09-21T08:04:23.301+00:00,2026-09-21T08:04:23.301+00:00,False,1,0.0,,0.0,301063.332051,301063.332051,301063.332051,301063.332051,301063.332051,301063.332051,nan,301063.332051,nan,nan,0.0,23,64,,True,False,"HTTPConnectionPool(host='gpu06', port=9004): Read timed out.",0,59.56268577710819
256,2026-09-21T07:59:21.035+00:00,2026-09-21T08:04:23.307+00:00,2026-09-21T08:04:23.307+00:00,False,1,0.0,,0.0,302272.630727,302272.630727,302272.630727,302272.630727,302272.630727,302272.630727,nan,302272.630727,nan,nan,0.0,23,64,,True,False,"HTTPConnectionPool(host='gpu06', port=9004): Read timed out.",0,59.56268577710819
261,2026-09-21T07:59:22.596+00:00,2026-09-21T08:04:23.314+00:00,2026-09-21T08:04:23.314+00:00,False,1,0.0,,0.0,300717.80779000005,300717.80779000005,300717.80779000005,300717.80779000005,300717.80779000005,300717.80779000005,nan,300717.80779000005,nan,nan,0.0,23,64,,True,False,"HTTPConnectionPool(host='gpu06', port=9004): Read timed out.",0,59.56268577710819
263,2026-09-21T07:59:23.300+00:00,2026-09-21T08:04:23.368+00:00,2026-09-21T08:04:23.368+00:00,False,1,0.0,,0.0,300067.28036900004,300067.28036900004,300067.28036900004,300067.28036900004,300067.28036900004,300067.28036900004,nan,300067.28036900004,nan,nan,0.0,23,64,,True,False,"HTTPConnectionPool(host='gpu06', port=9004): Read timed out.",0,59.56268577710819
264,2026-09-21T07:59:23.589+00:00,2026-09-21T08:04:23.598+00:00,2026-09-21T08:04:23.598+00:00,False,1,0.0,,0.0,300008.399028,300008.399028,300008.399028,300008.399028,300008.399028,300008.399028,nan,300008.399028,nan,nan,0.0,23,64,,True,False,"HTTPConnectionPool(host='gpu06', port=9004): Read timed out.",0,59.56268577710819
265,2026-09-21T07:59:23.933+00:00,2026-09-21T08:04:23.969+00:00,2026-09-21T08:04:23.969+00:00,False,1,0.0,,0.0,300035.898216,300035.898216,300035.898216,300035.898216,300035.898216,300035.898216,nan,300035.898216,nan,nan,0.0,23,64,,True,False,"HTTPConnectionPool(host='gpu06', port=9004): Read timed out.",0,59.56268577710819
266,2026-09-21T07:59:24.310+00:00,2026-09-21T08:04:24.415+00:00,2026-09-21T08:04:24.415+00:00,False,1,0.0,,0.0,300104.685822,300104.685822,300104.685822,300104.685822,300104.685822,300104.685822,nan,300104.685822,nan,nan,0.0,23,64,,True,False,"HTTPConnectionPool(host='gpu06', port=9004): Read timed out.",0,59.56268577710819
267,2026-09-21T07:59:24.708+00:00,2026-09-21T08:04:24.812+00:00,2026-09-21T08:04:24.812+00:00,False,1,0.0,,0.0,300104.051425,300104.051425,300104.051425,300104.051425,300104.051425,300104.051425,nan,300104.051425,nan,nan,0.0,23,64,,True,False,"HTTPConnectionPool(host='gpu06', port=9004): Read timed out.",0,59.56268577710819
268,2026-09-21T07:59:25.087+00:00,2026-09-21T08:04:25.135+00:00,2026-09-21T08:04:25.135+00:00,False,1,0.0,,0.0,300047.665428,300047.665428,300047.665428,300047.665428,300047.665428,300047.665428,nan,300047.665428,nan,nan,0.0,23,64,,True,False,TTFT timeout: 300.0s exceeded (TTFT: 300.034s),0,59.56268577710819
269,2026-09-21T07:59:25.334+00:00,2026-09-21T08:04:25.326+00:00,2026-09-21T08:04:25.530+00:00,False,3,2.0,,2.0,299992.39376099996,300196.52355299995,300196.52341499995,100065.50780499999,0.02825,299992.39376099996,173141.79220370398,270013.56452529994,102.064896,144.301735911483,0.006662302335579506,23,64,,True,False,Request timeout: 300.0s exceeded,7,59.56268577710819
270,2026-09-21T07:59:25.724+00:00,2026-09-21T08:04:25.640+00:00,2026-09-21T08:04:25.787+00:00,False,4,3.0,,3.0,299916.533583,300063.451215,300063.451346,75015.8628365,0.07068,299916.533583,149933.78451947187,254940.65697870002,48.972544,42.53249232426202,0.009997885406745038,23,64,,True,False,Request timeout: 300.0s exceeded,5,59.56268577710819
271,2026-09-21T07:59:25.975+00:00,2026-09-21T08:04:26.081+00:00,2026-09-21T08:04:26.081+00:00,False,1,0.0,,0.0,300105.93404,300105.93404,300105.93404,300105.93404,300105.93404,300105.93404,nan,300105.93404,nan,nan,0.0,23,64,,True,False,"HTTPConnectionPool(host='gpu06', port=9004): Read timed out.",0,59.56268577710819
272,2026-09-21T07:59:26.376+00:00,2026-09-21T08:04:26.491+00:00,2026-09-21T08:04:26.491+00:00,False,1,0.0,,0.0,300115.121943,300115.121943,300115.121943,300115.121943,300115.121943,300115.121943,nan,300115.121943,nan,nan,0.0,23,64,,True,False,"HTTPConnectionPool(host='gpu06', port=9004): Read timed out.",0,59.56268577710819
273,2026-09-21T07:59:26.623+00:00,2026-09-21T08:04:26.742+00:00,2026-09-21T08:04:26.742+00:00,False,1,0.0,,0.0,300119.276057,300119.276057,300119.276057,300119.276057,300119.276057,300119.276057,nan,300119.276057,nan,nan,0.0,23,64,,True,False,"HTTPConnectionPool(host='gpu06', port=9004): Read timed out.",0,59.56268577710819
274,2026-09-21T07:59:27.000+00:00,2026-09-21T08:04:27.085+00:00,2026-09-21T08:04:27.085+00:00,False,1,0.0,,0.0,300084.710281,300084.710281,300084.710281,300084.710281,300084.710281,300084.710281,nan,300084.710281,nan,nan,0.0,23,64,,True,False,TTFT timeout: 300.0s exceeded (TTFT: 300.069s),0,59.56268577710819
275,2026-09-21T07:59:27.312+00:00,2026-09-21T08:04:27.381+00:00,2026-09-21T08:04:27.381+00:00,False,1,0.0,,0.0,300068.60437,300068.60437,300068.60437,300068.60437,300068.60437,300068.60437,nan,300068.60437,nan,nan,0.0,23,64,,True,False,"HTTPConnectionPool(host='gpu06', port=9004): Read timed out.",0,59.56268577710819
276,2026-09-21T07:59:27.573+00:00,2026-09-21T08:04:27.659+00:00,2026-09-21T08:04:27.659+00:00,False,1,0.0,,0.0,300086.492203,300086.492203,300086.492203,300086.492203,300086.492203,300086.492203,nan,300086.492203,nan,nan,0.0,23,64,,True,False,TTFT timeout: 300.0s exceeded (TTFT: 300.052s),0,59.56268577710819
277,2026-09-21T07:59:27.973+00:00,2026-09-21T08:04:28.086+00:00,2026-09-21T08:04:28.086+00:00,False,1,0.0,,0.0,300112.48441699997,300112.48441699997,300112.48441699997,300112.48441699997,300112.48441699997,300112.48441699997,nan,300112.48441699997,nan,nan,0.0,23,64,,True,False,"HTTPConnectionPool(host='gpu06', port=9004): Read timed out.",0,59.56268577710819
278,2026-09-21T07:59:28.253+00:00,2026-09-21T08:04:28.308+00:00,2026-09-21T08:04:28.308+00:00,False,1,0.0,,0.0,300055.409826,300055.409826,300055.409826,300055.409826,300055.409826,300055.409826,nan,300055.409826,nan,nan,0.0,23,64,,True,False,"HTTPConnectionPool(host='gpu06', port=9004): Read timed out.",0,59.56268577710819
279,2026-09-21T07:59:28.475+00:00,2026-09-21T08:04:28.576+00:00,2026-09-21T08:04:28.576+00:00,False,1,0.0,,0.0,300101.304922,300101.304922,300101.304922,300101.304922,300101.304922,300101.304922,nan,300101.304922,nan,nan,0.0,23,64,,True,False,"HTTPConnectionPool(host='gpu06', port=9004): Read timed out.",0,59.56268577710819
280,2026-09-21T07:59:28.810+00:00,2026-09-21T08:04:28.836+00:00,2026-09-21T08:04:28.836+00:00,False,1,0.0,,0.0,300026.121109,300026.121109,300026.121109,300026.121109,300026.121109,300026.121109,nan,300026.121109,nan,nan,0.0,23,64,,True,False,TTFT timeout: 300.0s exceeded (TTFT: 300.025s),0,59.56268577710819
281,2026-09-21T07:59:29.032+00:00,2026-09-21T08:04:29.141+00:00,2026-09-21T08:04:29.141+00:00,False,1,0.0,,0.0,300108.379985,300108.379985,300108.379985,300108.379985,300108.379985,300108.379985,nan,300108.379985,nan,nan,0.0,23,64,,True,False,"HTTPConnectionPool(host='gpu06', port=9004): Read timed out.",0,59.56268577710819
282,2026-09-21T07:59:29.423+00:00,2026-09-21T08:04:29.530+00:00,2026-09-21T08:04:29.530+00:00,False,1,0.0,,0.0,300107.11629900004,300107.11629900004,300107.11629900004,300107.11629900004,300107.11629900004,300107.11629900004,nan,300107.11629900004,nan,nan,0.0,23,64,,True,False,"HTTPConnectionPool(host='gpu06', port=9004): Read timed out.",0,59.56268577710819
283,2026-09-21T07:59:29.706+00:00,2026-09-21T08:04:29.606+00:00,2026-09-21T08:04:29.752+00:00,False,4,3.0,,3.0,299900.111246,300045.91911799996,300045.919029,75011.47975725,0.032780000000000004,299900.111246,149925.7604470036,254930.7327449,48.602624,52.470681453891714,0.009998469596982524,23,64,,True,False,Request timeout: 300.0s exceeded,9,59.56268577710819
284,2026-09-21T07:59:30.003+00:00,2026-09-21T08:04:30.108+00:00,2026-09-21T08:04:30.108+00:00,False,1,0.0,,0.0,300104.63177,300104.63177,300104.63177,300104.63177,300104.63177,300104.63177,nan,300104.63177,nan,nan,0.0,23,64,,True,False,"HTTPConnectionPool(host='gpu06', port=9004): Read timed out.",0,59.56268577710819
285,2026-09-21T07:59:30.268+00:00,2026-09-21T08:04:30.334+00:00,2026-09-21T08:04:30.334+00:00,False,1,0.0,,0.0,300066.79788200004,300066.79788200004,300066.79788200004,300066.79788200004,300066.79788200004,300066.79788200004,nan,300066.79788200004,nan,nan,0.0,23,64,,True,False,"HTTPConnectionPool(host='gpu06', port=9004): Read timed out.",0,59.56268577710819
286,2026-09-21T07:59:30.520+00:00,2026-09-21T08:04:30.634+00:00,2026-09-21T08:04:30.634+00:00,False,1,0.0,,0.0,300113.874945,300113.874945,300113.874945,300113.874945,300113.874945,300113.874945,nan,300113.874945,nan,nan,0.0,23,64,,True,False,"HTTPConnectionPool(host='gpu06', port=9004): Read timed out.",0,59.56268577710819
287,2026-09-21T07:59:30.752+00:00,2026-09-21T08:04:30.864+00:00,2026-09-21T08:04:30.864+00:00,False,1,0.0,,0.0,300111.80821,300111.80821,300111.80821,300111.80821,300111.80821,300111.80821,nan,300111.80821,nan,nan,0.0,23,64,,True,False,"HTTPConnectionPool(host='gpu06', port=9004): Read timed out.",0,59.56268577710819
288,2026-09-21T07:59:31.145+00:00,2026-09-21T08:04:31.237+00:00,2026-09-21T08:04:31.237+00:00,False,1,0.0,,0.0,300092.126484,300092.126484,300092.126484,300092.126484,300092.126484,300092.126484,nan,300092.126484,nan,nan,0.0,23,64,,True,False,TTFT timeout: 300.0s exceeded (TTFT: 300.077s),0,59.56268577710819
289,2026-09-21T07:59:31.489+00:00,2026-09-21T08:04:31.511+00:00,2026-09-21T08:04:32.856+00:00,False,21,20.0,,20.0,300022.747648,301366.803712,301366.803717,14350.800177000001,0.032380000000000006,300022.747648,65455.67937960669,183.925034,67.2028032,42.680216069494634,0.06636431004893598,23,64,,True,False,Request timeout: 300.0s exceeded,85,59.56268577710819
290,2026-09-21T07:59:31.860+00:00,2026-09-21T08:04:31.878+00:00,2026-09-21T08:04:32.916+00:00,False,20,19.0,,19.0,300018.019684,301056.080228,301056.080206,15052.8040103,0.02776,300018.019684,67073.8537373146,15072.45666665,54.63476547368421,15.934737210484421,0.0631111651543814,23,64,,True,False,Request timeout: 300.0s exceeded,92,59.56268577710819
293,2026-09-21T07:59:32.826+00:00,2026-09-21T08:04:32.693+00:00,2026-09-21T08:04:33.014+00:00,False,8,7.0,,7.0,299867.19943599997,300187.792844,300187.79266299994,37523.47408287499,0.03271,299867.19943599997,106002.8744559379,194935.4100386,45.79905828571428,20.928375265421298,0.023318736360601187,23,64,,True,False,Request timeout: 300.0s exceeded,30,59.56268577710819
294,2026-09-21T07:59:33.066+00:00,2026-09-21T08:04:33.102+00:00,2026-09-21T08:04:33.102+00:00,False,1,0.0,,0.0,300035.58749400004,300035.58749400004,300035.58749400004,300035.58749400004,300035.58749400004,300035.58749400004,nan,300035.58749400004,nan,nan,0.0,23,64,,True,False,"HTTPConnectionPool(host='gpu06', port=9004): Read timed out.",0,59.56268577710819
291,2026-09-21T07:59:32.255+00:00,2026-09-21T08:04:33.430+00:00,2026-09-21T08:04:33.430+00:00,False,1,0.0,,0.0,301174.984152,301174.984152,301174.984152,301174.984152,301174.984152,301174.984152,nan,301174.984152,nan,nan,0.0,23,64,,True,False,"HTTPConnectionPool(host='gpu06', port=9004): Read timed out.",0,59.56268577710819
295,2026-09-21T07:59:33.399+00:00,2026-09-21T08:04:33.453+00:00,2026-09-21T08:04:33.453+00:00,False,1,0.0,,0.0,300054.486451,300054.486451,300054.486451,300054.486451,300054.486451,300054.486451,nan,300054.486451,nan,nan,0.0,23,64,,True,False,"HTTPConnectionPool(host='gpu06', port=9004): Read timed out.",0,59.56268577710819
292,2026-09-21T07:59:32.554+00:00,2026-09-21T08:04:33.603+00:00,2026-09-21T08:04:33.603+00:00,False,1,0.0,,0.0,301048.929299,301048.929299,301048.929299,301048.929299,301048.929299,301048.929299,nan,301048.929299,nan,nan,0.0,23,64,,True,False,"HTTPConnectionPool(host='gpu06', port=9004): Read timed out.",0,59.56268577710819
300,2026-09-21T07:59:35.284+00:00,2026-09-21T08:04:35.486+00:00,2026-09-21T08:04:35.486+00:00,False,1,0.0,,0.0,300202.260139,300202.260139,300202.260139,300202.260139,300202.260139,300202.260139,nan,300202.260139,nan,nan,0.0,23,64,,True,False,"HTTPConnectionPool(host='gpu06', port=9004): Read timed out.",0,59.56268577710819
299,2026-09-21T07:59:35.201+00:00,2026-09-21T08:04:35.490+00:00,2026-09-21T08:04:35.490+00:00,False,1,0.0,,0.0,300288.93315600004,300288.93315600004,300288.93315600004,300288.93315600004,300288.93315600004,300288.93315600004,nan,300288.93315600004,nan,nan,0.0,23,64,,True,False,"HTTPConnectionPool(host='gpu06', port=9004): Read timed out.",0,59.56268577710819
298,2026-09-21T07:59:35.129+00:00,2026-09-21T08:04:35.490+00:00,2026-09-21T08:04:35.490+00:00,False,1,0.0,,0.0,300360.754172,300360.754172,300360.754172,300360.754172,300360.754172,300360.754172,nan,300360.754172,nan,nan,0.0,23,64,,True,False,"HTTPConnectionPool(host='gpu06', port=9004): Read timed out.",0,59.56268577710819
301,2026-09-21T07:59:35.430+00:00,2026-09-21T08:04:35.526+00:00,2026-09-21T08:04:35.526+00:00,False,1,0.0,,0.0,300095.396967,300095.396967,300095.396967,300095.396967,300095.396967,300095.396967,nan,300095.396967,nan,nan,0.0,23,64,,True,False,"HTTPConnectionPool(host='gpu06', port=9004): Read timed out.",0,59.56268577710819
296,2026-09-21T07:59:34.902+00:00,2026-09-21T08:04:35.547+00:00,2026-09-21T08:04:35.547+00:00,False,1,0.0,,0.0,300644.888143,300644.888143,300644.888143,300644.888143,300644.888143,300644.888143,nan,300644.888143,nan,nan,0.0,23,64,,True,False,"HTTPConnectionPool(host='gpu06', port=9004): Read timed out.",0,59.56268577710819
297,2026-09-21T07:59:35.022+00:00,2026-09-21T08:04:35.547+00:00,2026-09-21T08:04:35.547+00:00,False,1,0.0,,0.0,300524.59417299996,300524.59417299996,300524.59417299996,300524.59417299996,300524.59417299996,300524.59417299996,nan,300524.59417299996,nan,nan,0.0,23,64,,True,False,"HTTPConnectionPool(host='gpu06', port=9004): Read timed out.",0,59.56268577710819
302,2026-09-21T07:59:35.889+00:00,2026-09-21T08:04:36.154+00:00,2026-09-21T08:04:36.154+00:00,False,1,0.0,,0.0,300264.968019,300264.968019,300264.968019,300264.968019,300264.968019,300264.968019,nan,300264.968019,nan,nan,0.0,23,64,,True,False,"HTTPConnectionPool(host='gpu06', port=9004): Read timed out.",0,59.56268577710819
303,2026-09-21T07:59:35.970+00:00,2026-09-21T08:04:36.201+00:00,2026-09-21T08:04:36.201+00:00,False,1,0.0,,0.0,300231.02972899994,300231.02972899994,300231.02972899994,300231.02972899994,300231.02972899994,300231.02972899994,nan,300231.02972899994,nan,nan,0.0,23,64,,True,False,"HTTPConnectionPool(host='gpu06', port=9004): Read timed out.",0,59.56268577710819
304,2026-09-21T07:59:36.224+00:00,2026-09-21T08:04:36.329+00:00,2026-09-21T08:04:36.329+00:00,False,1,0.0,,0.0,300104.93108899996,300104.93108899996,300104.93108899996,300104.93108899996,300104.93108899996,300104.93108899996,nan,300104.93108899996,nan,nan,0.0,23,64,,True,False,"HTTPConnectionPool(host='gpu06', port=9004): Read timed out.",0,59.56268577710819
305,2026-09-21T07:59:36.444+00:00,2026-09-21T08:04:36.555+00:00,2026-09-21T08:04:36.555+00:00,False,1,0.0,,0.0,300111.438656,300111.438656,300111.438656,300111.438656,300111.438656,300111.438656,nan,300111.438656,nan,nan,0.0,23,64,,True,False,"HTTPConnectionPool(host='gpu06', port=9004): Read timed out.",0,59.56268577710819
306,2026-09-21T07:59:36.726+00:00,2026-09-21T08:04:36.826+00:00,2026-09-21T08:04:36.826+00:00,False,1,0.0,,0.0,300099.838745,300099.838745,300099.838745,300099.838745,300099.838745,300099.838745,nan,300099.838745,nan,nan,0.0,23,64,,True,False,"HTTPConnectionPool(host='gpu06', port=9004): Read timed out.",0,59.56268577710819
307,2026-09-21T07:59:37.106+00:00,2026-09-21T08:04:37.208+00:00,2026-09-21T08:04:37.208+00:00,False,1,0.0,,0.0,300101.651557,300101.651557,300101.651557,300101.651557,300101.651557,300101.651557,nan,300101.651557,nan,nan,0.0,23,64,,True,False,"HTTPConnectionPool(host='gpu06', port=9004): Read timed out.",0,59.56268577710819
308,2026-09-21T07:59:37.383+00:00,2026-09-21T08:04:37.466+00:00,2026-09-21T08:04:37.466+00:00,False,1,0.0,,0.0,300082.955928,300082.955928,300082.955928,300082.955928,300082.955928,300082.955928,nan,300082.955928,nan,nan,0.0,23,64,,True,False,"HTTPConnectionPool(host='gpu06', port=9004): Read timed out.",0,59.56268577710819
309,2026-09-21T07:59:37.670+00:00,2026-09-21T08:04:37.776+00:00,2026-09-21T08:04:37.776+00:00,False,1,0.0,,0.0,300105.306964,300105.306964,300105.306964,300105.306964,300105.306964,300105.306964,nan,300105.306964,nan,nan,0.0,23,64,,True,False,"HTTPConnectionPool(host='gpu06', port=9004): Read timed out.",0,59.56268577710819
310,2026-09-21T07:59:37.934+00:00,2026-09-21T08:04:37.910+00:00,2026-09-21T08:04:38.078+00:00,False,3,2.0,,2.0,299975.941031,300144.243111,300144.243251,100048.08108366666,0.03476,299975.941031,173142.62607140027,269995.1736739,84.15104,118.95830479641323,0.006663462804650082,23,64,,True,False,Request timeout: 300.0s exceeded,7,59.56268577710819
311,2026-09-21T07:59:38.241+00:00,2026-09-21T08:04:38.253+00:00,2026-09-21T08:04:38.298+00:00,False,3,2.0,,2.0,300012.192064,300057.502784,300057.502932,100019.167644,0.03982,300012.192064,173199.04120392824,270015.4999624,22.65536,31.983401378289958,0.006665389071906407,23,64,,True,False,Request timeout: 300.0s exceeded,13,59.56268577710819
312,2026-09-21T07:59:38.461+00:00,2026-09-21T08:04:38.566+00:00,2026-09-21T08:04:38.566+00:00,False,1,0.0,,0.0,300105.075385,300105.075385,300105.075385,300105.075385,300105.075385,300105.075385,nan,300105.075385,nan,nan,0.0,23,64,,True,False,"HTTPConnectionPool(host='gpu06', port=9004): Read timed out.",0,59.56268577710819
313,2026-09-21T07:59:38.733+00:00,2026-09-21T08:04:38.806+00:00,2026-09-21T08:04:38.806+00:00,False,1,0.0,,0.0,300073.52809700003,300073.52809700003,300073.52809700003,300073.52809700003,300073.52809700003,300073.52809700003,nan,300073.52809700003,nan,nan,0.0,23,64,,True,False,"HTTPConnectionPool(host='gpu06', port=9004): Read timed out.",0,59.56268577710819
314,2026-09-21T07:59:39.109+00:00,2026-09-21T08:04:39.151+00:00,2026-09-21T08:04:39.151+00:00,False,1,0.0,,0.0,300041.59280299995,300041.59280299995,300041.59280299995,300041.59280299995,300041.59280299995,300041.59280299995,nan,300041.59280299995,nan,nan,0.0,23,64,,True,False,"HTTPConnectionPool(host='gpu06', port=9004): Read timed out.",0,59.56268577710819
315,2026-09-21T07:59:39.386+00:00,2026-09-21T08:04:39.473+00:00,2026-09-21T08:04:39.473+00:00,False,1,0.0,,0.0,300087.66884899995,300087.66884899995,300087.66884899995,300087.66884899995,300087.66884899995,300087.66884899995,nan,300087.66884899995,nan,nan,0.0,23,64,,True,False,"HTTPConnectionPool(host='gpu06', port=9004): Read timed out.",0,59.56268577710819
316,2026-09-21T07:59:39.663+00:00,2026-09-21T08:04:39.780+00:00,2026-09-21T08:04:39.780+00:00,False,1,0.0,,0.0,300117.557295,300117.557295,300117.557295,300117.557295,300117.557295,300117.557295,nan,300117.557295,nan,nan,0.0,23,64,,True,False,"HTTPConnectionPool(host='gpu06', port=9004): Read timed out.",0,59.56268577710819
317,2026-09-21T07:59:39.885+00:00,2026-09-21T08:04:39.990+00:00,2026-09-21T08:04:39.990+00:00,False,1,0.0,,0.0,300105.187163,300105.187163,300105.187163,300105.187163,300105.187163,300105.187163,nan,300105.187163,nan,nan,0.0,23,64,,True,False,"HTTPConnectionPool(host='gpu06', port=9004): Read timed out.",0,59.56268577710819
318,2026-09-21T07:59:40.222+00:00,2026-09-21T08:04:40.319+00:00,2026-09-21T08:04:40.319+00:00,False,1,0.0,,0.0,300097.358183,300097.358183,300097.358183,300097.358183,300097.358183,300097.358183,nan,300097.358183,nan,nan,0.0,23,64,,True,False,"HTTPConnectionPool(host='gpu06', port=9004): Read timed out.",0,59.56268577710819
319,2026-09-21T07:59:40.501+00:00,2026-09-21T08:04:40.460+00:00,2026-09-21T08:04:40.513+00:00,False,3,2.0,,2.0,299959.45147100004,300012.01441500004,300012.01450700004,100004.00483566668,0.027899999999999998,299959.45147100004,173166.49840140613,269968.75983750005,26.281472,37.12815192628429,0.0066663996903585454,23,64,,True,False,Request timeout: 300.0s exceeded,6,59.56268577710819
320,2026-09-21T07:59:40.786+00:00,2026-09-21T08:04:40.874+00:00,2026-09-21T08:04:40.874+00:00,False,1,0.0,,0.0,300088.10738999996,300088.10738999996,300088.10738999996,300088.10738999996,300088.10738999996,300088.10738999996,nan,300088.10738999996,nan,nan,0.0,23,64,,True,False,"HTTPConnectionPool(host='gpu06', port=9004): Read timed out.",0,59.56268577710819
321,2026-09-21T07:59:41.054+00:00,2026-09-21T08:04:41.157+00:00,2026-09-21T08:04:41.157+00:00,False,1,0.0,,0.0,300103.491459,300103.491459,300103.491459,300103.491459,300103.491459,300103.491459,nan,300103.491459,nan,nan,0.0,23,64,,True,False,"HTTPConnectionPool(host='gpu06', port=9004): Read timed out.",0,59.56268577710819
322,2026-09-21T07:59:41.441+00:00,2026-09-21T08:04:41.544+00:00,2026-09-21T08:04:41.544+00:00,False,1,0.0,,0.0,300102.820741,300102.820741,300102.820741,300102.820741,300102.820741,300102.820741,nan,300102.820741,nan,nan,0.0,23,64,,True,False,"HTTPConnectionPool(host='gpu06', port=9004): Read timed out.",0,59.56268577710819
323,2026-09-21T07:59:41.826+00:00,2026-09-21T08:04:41.928+00:00,2026-09-21T08:04:41.928+00:00,False,1,0.0,,0.0,300101.782734,300101.782734,300101.782734,300101.782734,300101.782734,300101.782734,nan,300101.782734,nan,nan,0.0,23,64,,True,False,"HTTPConnectionPool(host='gpu06', port=9004): Read timed out.",0,59.56268577710819
324,2026-09-21T07:59:42.141+00:00,2026-09-21T08:04:42.194+00:00,2026-09-21T08:04:42.194+00:00,False,1,0.0,,0.0,300052.99579,300052.99579,300052.99579,300052.99579,300052.99579,300052.99579,nan,300052.99579,nan,nan,0.0,23,64,,True,False,TTFT timeout: 300.0s exceeded (TTFT: 300.048s),0,59.56268577710819
325,2026-09-21T07:59:42.472+00:00,2026-09-21T08:04:42.456+00:00,2026-09-21T08:04:42.601+00:00,False,3,2.0,,2.0,299984.301294,300129.415918,300129.416086,100043.13869533333,0.03065,299984.301294,173154.14126179233,270000.3795788,72.557312,102.56809003910003,0.006663791997470954,23,64,,True,False,Request timeout: 300.0s exceeded,10,59.56268577710819
326,2026-09-21T07:59:42.819+00:00,2026-09-21T08:04:42.910+00:00,2026-09-21T08:04:42.910+00:00,False,1,0.0,,0.0,300090.619937,300090.619937,300090.619937,300090.619937,300090.619937,300090.619937,nan,300090.619937,nan,nan,0.0,23,64,,True,False,TTFT timeout: 300.0s exceeded (TTFT: 300.083s),0,59.56268577710819
327,2026-09-21T07:59:43.123+00:00,2026-09-21T08:04:43.228+00:00,2026-09-21T08:04:43.228+00:00,False,1,0.0,,0.0,300105.19428,300105.19428,300105.19428,300105.19428,300105.19428,300105.19428,nan,300105.19428,nan,nan,0.0,23,64,,True,False,"HTTPConnectionPool(host='gpu06', port=9004): Read timed out.",0,59.56268577710819
328,2026-09-21T07:59:43.507+00:00,2026-09-21T08:04:43.613+00:00,2026-09-21T08:04:43.613+00:00,False,1,0.0,,0.0,300106.155443,300106.155443,300106.155443,300106.155443,300106.155443,300106.155443,nan,300106.155443,nan,nan,0.0,23,64,,True,False,"HTTPConnectionPool(host='gpu06', port=9004): Read timed out.",0,59.56268577710819
329,2026-09-21T07:59:43.842+00:00,2026-09-21T08:04:43.956+00:00,2026-09-21T08:04:43.956+00:00,False,1,0.0,,0.0,300113.634073,300113.634073,300113.634073,300113.634073,300113.634073,300113.634073,nan,300113.634073,nan,nan,0.0,23,64,,True,False,"HTTPConnectionPool(host='gpu06', port=9004): Read timed out.",0,59.56268577710819
330,2026-09-21T07:59:44.073+00:00,2026-09-21T08:04:44.177+00:00,2026-09-21T08:04:44.177+00:00,False,1,0.0,,0.0,300104.550819,300104.550819,300104.550819,300104.550819,300104.550819,300104.550819,nan,300104.550819,nan,nan,0.0,23,64,,True,False,"HTTPConnectionPool(host='gpu06', port=9004): Read timed out.",0,59.56268577710819
331,2026-09-21T07:59:44.415+00:00,2026-09-21T08:04:44.408+00:00,2026-09-21T08:04:44.637+00:00,False,3,2.0,,2.0,299993.198284,300222.50669999997,300222.50669999997,100074.16889999999,0.03033,299993.198284,173134.99608979662,270016.8062642,114.654208,162.10281537345364,0.006661725737965801,23,64,,True,False,Request timeout: 300.0s exceeded,2,59.56268577710819
332,2026-09-21T07:59:44.816+00:00,2026-09-21T08:04:44.750+00:00,2026-09-21T08:04:44.923+00:00,False,3,2.0,,2.0,299933.86936799996,300106.30482399993,300106.304838,100035.43494599998,0.03494,299933.86936799996,173117.14383835334,269957.72248419997,86.217728,121.880680956535,0.006664305174037973,23,64,,True,False,Request timeout: 300.0s exceeded,2,59.56268577710819
333,2026-09-21T07:59:45.210+00:00,2026-09-21T08:04:45.312+00:00,2026-09-21T08:04:45.312+00:00,False,1,0.0,,0.0,300101.798829,300101.798829,300101.798829,300101.798829,300101.798829,300101.798829,nan,300101.798829,nan,nan,0.0,23,64,,True,False,"HTTPConnectionPool(host='gpu06', port=9004): Read timed out.",0,59.56268577710819
334,2026-09-21T07:59:45.520+00:00,2026-09-21T08:04:45.884+00:00,2026-09-21T08:04:46.201+00:00,True,4,4.0,,4.0,300363.745217,300681.599169,300681.59903700004,75170.39975925001,46.385247,300363.745217,150128.90520890197,255334.40131430005,105.95131733333332,60.9087639697221,0.013303108707200187,23,64,,True,True,,16,59.56268577710819
335,2026-09-21T07:59:45.901+00:00,2026-09-21T08:04:46.342+00:00,2026-09-21T08:04:46.906+00:00,True,11,11.0,,11.0,300441.459336,301004.95834400004,301004.95836100006,27364.087123727277,45.367127,300441.459336,90569.51851853199,150256.75703100002,56.3499008,7.535054463944443,0.03654424850845406,23,64,,True,True,,35,59.56268577710819
339,2026-09-21T07:59:47.064+00:00,2026-09-21T08:04:47.251+00:00,2026-09-21T08:04:47.251+00:00,False,1,0.0,,0.0,300186.697248,300186.697248,300186.697248,300186.697248,300186.697248,300186.697248,nan,300186.697248,nan,nan,0.0,23,64,,True,False,"HTTPConnectionPool(host='gpu06', port=9004): Read timed out.",0,59.56268577710819
336,2026-09-21T07:59:46.157+00:00,2026-09-21T08:04:47.352+00:00,2026-09-21T08:04:47.352+00:00,False,1,0.0,,0.0,301194.791631,301194.791631,301194.791631,301194.791631,301194.791631,301194.791631,nan,301194.791631,nan,nan,0.0,23,64,,True,False,"HTTPConnectionPool(host='gpu06', port=9004): Read timed out.",0,59.56268577710819
340,2026-09-21T07:59:47.357+00:00,2026-09-21T08:04:47.454+00:00,2026-09-21T08:04:47.454+00:00,False,1,0.0,,0.0,300096.20876999997,300096.20876999997,300096.20876999997,300096.20876999997,300096.20876999997,300096.20876999997,nan,300096.20876999997,nan,nan,0.0,23,64,,True,False,"HTTPConnectionPool(host='gpu06', port=9004): Read timed out.",0,59.56268577710819
337,2026-09-21T07:59:46.551+00:00,2026-09-21T08:04:47.686+00:00,2026-09-21T08:04:47.686+00:00,False,1,0.0,,0.0,301135.161737,301135.161737,301135.161737,301135.161737,301135.161737,301135.161737,nan,301135.161737,nan,nan,0.0,23,64,,True,False,"HTTPConnectionPool(host='gpu06', port=9004): Read timed out.",0,59.56268577710819
341,2026-09-21T07:59:47.743+00:00,2026-09-21T08:04:47.786+00:00,2026-09-21T08:04:47.786+00:00,False,1,0.0,,0.0,300042.67213599995,300042.67213599995,300042.67213599995,300042.67213599995,300042.67213599995,300042.67213599995,nan,300042.67213599995,nan,nan,0.0,23,64,,True,False,"HTTPConnectionPool(host='gpu06', port=9004): Read timed out.",0,59.56268577710819
338,2026-09-21T07:59:46.780+00:00,2026-09-21T08:04:47.865+00:00,2026-09-21T08:04:47.865+00:00,False,1,0.0,,0.0,301084.917055,301084.917055,301084.917055,301084.917055,301084.917055,301084.917055,nan,301084.917055,nan,nan,0.0,23,64,,True,False,"HTTPConnectionPool(host='gpu06', port=9004): Read timed out.",0,59.56268577710819
342,2026-09-21T07:59:48.119+00:00,2026-09-21T08:04:48.234+00:00,2026-09-21T08:04:48.234+00:00,False,1,0.0,,0.0,300115.059715,300115.059715,300115.059715,300115.059715,300115.059715,300115.059715,nan,300115.059715,nan,nan,0.0,23,64,,True,False,"HTTPConnectionPool(host='gpu06', port=9004): Read timed out.",0,59.56268577710819
343,2026-09-21T07:59:48.339+00:00,2026-09-21T08:04:48.448+00:00,2026-09-21T08:04:48.448+00:00,False,1,0.0,,0.0,300109.305682,300109.305682,300109.305682,300109.305682,300109.305682,300109.305682,nan,300109.305682,nan,nan,0.0,23,64,,True,False,"HTTPConnectionPool(host='gpu06', port=9004): Read timed out.",0,59.56268577710819
344,2026-09-21T07:59:48.599+00:00,2026-09-21T08:04:48.703+00:00,2026-09-21T08:04:48.703+00:00,False,1,0.0,,0.0,300104.166554,300104.166554,300104.166554,300104.166554,300104.166554,300104.166554,nan,300104.166554,nan,nan,0.0,23,64,,True,False,"HTTPConnectionPool(host='gpu06', port=9004): Read timed out.",0,59.56268577710819
345,2026-09-21T07:59:48.928+00:00,2026-09-21T08:04:49.025+00:00,2026-09-21T08:04:49.025+00:00,False,1,0.0,,0.0,300096.718355,300096.718355,300096.718355,300096.718355,300096.718355,300096.718355,nan,300096.718355,nan,nan,0.0,23,64,,True,False,TTFT timeout: 300.0s exceeded (TTFT: 300.092s),0,59.56268577710819
346,2026-09-21T07:59:49.180+00:00,2026-09-21T08:04:49.135+00:00,2026-09-21T08:04:49.284+00:00,False,3,2.0,,2.0,299955.866926,300104.707374,300104.70734699996,100034.902449,0.02996,299955.866926,173136.64996750338,269975.1612795,74.420224,105.20373157102351,0.006664340647971032,23,64,,True,False,Request timeout: 300.0s exceeded,12,59.56268577710819
347,2026-09-21T07:59:49.435+00:00,2026-09-21T08:04:49.407+00:00,2026-09-21T08:04:49.461+00:00,False,3,2.0,,2.0,299972.060428,300026.120972,300026.120814,100008.706938,0.08421,299972.060428,173173.34604468153,269980.2520028,27.030272,38.10746653395642,0.006666086251158946,23,64,,True,False,Request timeout: 300.0s exceeded,10,59.56268577710819
348,2026-09-21T07:59:49.842+00:00,2026-09-21T08:04:49.948+00:00,2026-09-21T08:04:49.948+00:00,False,1,0.0,,0.0,300106.356039,300106.356039,300106.356039,300106.356039,300106.356039,300106.356039,nan,300106.356039,nan,nan,0.0,23,64,,True,False,"HTTPConnectionPool(host='gpu06', port=9004): Read timed out.",0,59.56268577710819
349,2026-09-21T07:59:50.164+00:00,2026-09-21T08:04:50.269+00:00,2026-09-21T08:04:50.269+00:00,False,1,0.0,,0.0,300104.929371,300104.929371,300104.929371,300104.929371,300104.929371,300104.929371,nan,300104.929371,nan,nan,0.0,23,64,,True,False,"HTTPConnectionPool(host='gpu06', port=9004): Read timed out.",0,59.56268577710819
350,2026-09-21T07:59:50.528+00:00,2026-09-21T08:04:50.626+00:00,2026-09-21T08:04:50.626+00:00,False,1,0.0,,0.0,300097.573267,300097.573267,300097.573267,300097.573267,300097.573267,300097.573267,nan,300097.573267,nan,nan,0.0,23,64,,True,False,"HTTPConnectionPool(host='gpu06', port=9004): Read timed out.",0,59.56268577710819
351,2026-09-21T07:59:50.842+00:00,2026-09-21T08:04:50.873+00:00,2026-09-21T08:04:50.873+00:00,False,1,0.0,,0.0,300031.383454,300031.383454,300031.383454,300031.383454,300031.383454,300031.383454,nan,300031.383454,nan,nan,0.0,23,64,,True,False,"HTTPConnectionPool(host='gpu06', port=9004): Read timed out.",0,59.56268577710819
352,2026-09-21T07:59:51.183+00:00,2026-09-21T08:04:51.287+00:00,2026-09-21T08:04:51.287+00:00,False,1,0.0,,0.0,300103.622099,300103.622099,300103.622099,300103.622099,300103.622099,300103.622099,nan,300103.622099,nan,nan,0.0,23,64,,True,False,"HTTPConnectionPool(host='gpu06', port=9004): Read timed out.",0,59.56268577710819
353,2026-09-21T07:59:51.502+00:00,2026-09-21T08:04:51.462+00:00,2026-09-21T08:04:51.567+00:00,False,3,2.0,,2.0,299960.45511000004,300065.32167000003,300065.321813,100021.77393766669,0.05306,299960.45511000004,173151.98501719208,269974.8909633,52.43328,74.07691369060868,0.006665215389999384,23,64,,True,False,Request timeout: 300.0s exceeded,4,59.56268577710819
354,2026-09-21T07:59:51.786+00:00,2026-09-21T08:04:51.895+00:00,2026-09-21T08:04:51.895+00:00,False,1,0.0,,0.0,300108.90481800004,300108.90481800004,300108.90481800004,300108.90481800004,300108.90481800004,300108.90481800004,nan,300108.90481800004,nan,nan,0.0,23,64,,True,False,"HTTPConnectionPool(host='gpu06', port=9004): Read timed out.",0,59.56268577710819
355,2026-09-21T07:59:52.026+00:00,2026-09-21T08:04:52.094+00:00,2026-09-21T08:04:52.094+00:00,False,1,0.0,,0.0,300067.272935,300067.272935,300067.272935,300067.272935,300067.272935,300067.272935,nan,300067.272935,nan,nan,0.0,23,64,,True,False,"HTTPConnectionPool(host='gpu06', port=9004): Read timed out.",0,59.56268577710819
356,2026-09-21T07:59:52.340+00:00,2026-09-21T08:04:52.392+00:00,2026-09-21T08:04:52.392+00:00,False,1,0.0,,0.0,300051.62072899996,300051.62072899996,300051.62072899996,300051.62072899996,300051.62072899996,300051.62072899996,nan,300051.62072899996,nan,nan,0.0,23,64,,True,False,"HTTPConnectionPool(host='gpu06', port=9004): Read timed out.",0,59.56268577710819
357,2026-09-21T07:59:52.678+00:00,2026-09-21T08:04:52.721+00:00,2026-09-21T08:04:52.721+00:00,False,1,0.0,,0.0,300043.65894,300043.65894,300043.65894,300043.65894,300043.65894,300043.65894,nan,300043.65894,nan,nan,0.0,23,64,,True,False,TTFT timeout: 300.0s exceeded (TTFT: 300.031s),0,59.56268577710819
359,2026-09-21T07:59:54.449+00:00,2026-09-21T08:04:54.710+00:00,2026-09-21T08:04:54.710+00:00,False,1,0.0,,0.0,300261.336162,300261.336162,300261.336162,300261.336162,300261.336162,300261.336162,nan,300261.336162,nan,nan,0.0,23,64,,True,False,"HTTPConnectionPool(host='gpu06', port=9004): Read timed out.",0,59.56268577710819
360,2026-09-21T07:59:54.459+00:00,2026-09-21T08:04:54.782+00:00,2026-09-21T08:04:54.782+00:00,False,1,0.0,,0.0,300323.04230699997,300323.04230699997,300323.04230699997,300323.04230699997,300323.04230699997,300323.04230699997,nan,300323.04230699997,nan,nan,0.0,23,64,,True,False,"HTTPConnectionPool(host='gpu06', port=9004): Read timed out.",0,59.56268577710819
358,2026-09-21T07:59:54.433+00:00,2026-09-21T08:04:54.933+00:00,2026-09-21T08:04:54.933+00:00,False,1,0.0,,0.0,300499.74517,300499.74517,300499.74517,300499.74517,300499.74517,300499.74517,nan,300499.74517,nan,nan,0.0,23,64,,True,False,"HTTPConnectionPool(host='gpu06', port=9004): Read timed out.",0,59.56268577710819
362,2026-09-21T07:59:54.628+00:00,2026-09-21T08:04:55.038+00:00,2026-09-21T08:04:55.038+00:00,False,1,0.0,,0.0,300409.719266,300409.719266,300409.719266,300409.719266,300409.719266,300409.719266,nan,300409.719266,nan,nan,0.0,23,64,,True,False,"HTTPConnectionPool(host='gpu06', port=9004): Read timed out.",0,59.56268577710819
364,2026-09-21T07:59:54.965+00:00,2026-09-21T08:04:55.341+00:00,2026-09-21T08:04:55.341+00:00,False,1,0.0,,0.0,300376.495769,300376.495769,300376.495769,300376.495769,300376.495769,300376.495769,nan,300376.495769,nan,nan,0.0,23,64,,True,False,"HTTPConnectionPool(host='gpu06', port=9004): Read timed out.",0,59.56268577710819
363,2026-09-21T07:59:54.681+00:00,2026-09-21T08:04:55.404+00:00,2026-09-21T08:04:55.404+00:00,False,1,0.0,,0.0,300722.69851899997,300722.69851899997,300722.69851899997,300722.69851899997,300722.69851899997,300722.69851899997,nan,300722.69851899997,nan,nan,0.0,23,64,,True,False,"HTTPConnectionPool(host='gpu06', port=9004): Read timed out.",0,59.56268577710819
361,2026-09-21T07:59:54.490+00:00,2026-09-21T08:04:55.472+00:00,2026-09-21T08:04:55.472+00:00,False,1,0.0,,0.0,300982.192602,300982.192602,300982.192602,300982.192602,300982.192602,300982.192602,nan,300982.192602,nan,nan,0.0,23,64,,True,False,"HTTPConnectionPool(host='gpu06', port=9004): Read timed out.",0,59.56268577710819
365,2026-09-21T07:59:55.258+00:00,2026-09-21T08:04:55.485+00:00,2026-09-21T08:04:55.485+00:00,False,1,0.0,,0.0,300226.836304,300226.836304,300226.836304,300226.836304,300226.836304,300226.836304,nan,300226.836304,nan,nan,0.0,23,64,,True,False,"HTTPConnectionPool(host='gpu06', port=9004): Read timed out.",0,59.56268577710819
366,2026-09-21T07:59:55.522+00:00,2026-09-21T08:04:55.688+00:00,2026-09-21T08:04:55.688+00:00,False,1,0.0,,0.0,300166.181478,300166.181478,300166.181478,300166.181478,300166.181478,300166.181478,nan,300166.181478,nan,nan,0.0,23,64,,True,False,"HTTPConnectionPool(host='gpu06', port=9004): Read timed out.",0,59.56268577710819
367,2026-09-21T07:59:55.780+00:00,2026-09-21T08:04:55.885+00:00,2026-09-21T08:04:55.885+00:00,False,1,0.0,,0.0,300105.450014,300105.450014,300105.450014,300105.450014,300105.450014,300105.450014,nan,300105.450014,nan,nan,0.0,23,64,,True,False,"HTTPConnectionPool(host='gpu06', port=9004): Read timed out.",0,59.56268577710819
368,2026-09-21T07:59:56.094+00:00,2026-09-21T08:04:56.194+00:00,2026-09-21T08:04:56.194+00:00,False,1,0.0,,0.0,300100.118727,300100.118727,300100.118727,300100.118727,300100.118727,300100.118727,nan,300100.118727,nan,nan,0.0,23,64,,True,False,"HTTPConnectionPool(host='gpu06', port=9004): Read timed out.",0,59.56268577710819
369,2026-09-21T07:59:56.340+00:00,2026-09-21T08:04:56.437+00:00,2026-09-21T08:04:56.437+00:00,False,1,0.0,,0.0,300097.832661,300097.832661,300097.832661,300097.832661,300097.832661,300097.832661,nan,300097.832661,nan,nan,0.0,23,64,,True,False,"HTTPConnectionPool(host='gpu06', port=9004): Read timed out.",0,59.56268577710819
370,2026-09-21T07:59:56.672+00:00,2026-09-21T08:04:56.787+00:00,2026-09-21T08:04:56.787+00:00,False,1,0.0,,0.0,300115.209309,300115.209309,300115.209309,300115.209309,300115.209309,300115.209309,nan,300115.209309,nan,nan,0.0,23,64,,True,False,"HTTPConnectionPool(host='gpu06', port=9004): Read timed out.",0,59.56268577710819
371,2026-09-21T07:59:56.941+00:00,2026-09-21T08:04:56.917+00:00,2026-09-21T08:04:57.189+00:00,False,3,2.0,,2.0,299975.982068,300248.06501200004,300248.065002,100082.688334,0.03602,299975.982068,173112.72384591497,270005.5885526,136.041472,192.3410093335242,0.006661158665319178,23,64,,True,False,Request timeout: 300.0s exceeded,14,59.56268577710819
372,2026-09-21T07:59:57.267+00:00,2026-09-21T08:04:57.350+00:00,2026-09-21T08:04:57.350+00:00,False,1,0.0,,0.0,300082.80491299997,300082.80491299997,300082.80491299997,300082.80491299997,300082.80491299997,300082.80491299997,nan,300082.80491299997,nan,nan,0.0,23,64,,True,False,"HTTPConnectionPool(host='gpu06', port=9004): Read timed out.",0,59.56268577710819
373,2026-09-21T07:59:57.514+00:00,2026-09-21T08:04:57.448+00:00,2026-09-21T08:04:57.583+00:00,False,4,3.0,,3.0,299934.206205,300069.288701,300069.288697,75017.32217425,0.02623,299934.206205,149944.5932918057,254956.58849099997,45.027498666666666,42.08830860982871,0.009997690909946167,23,64,,True,False,Request timeout: 300.0s exceeded,15,59.56268577710819
374,2026-09-21T07:59:57.891+00:00,2026-09-21T08:04:57.999+00:00,2026-09-21T08:04:57.999+00:00,False,1,0.0,,0.0,300108.632398,300108.632398,300108.632398,300108.632398,300108.632398,300108.632398,nan,300108.632398,nan,nan,0.0,23,64,,True,False,"HTTPConnectionPool(host='gpu06', port=9004): Read timed out.",0,59.56268577710819
375,2026-09-21T07:59:58.118+00:00,2026-09-21T08:04:58.224+00:00,2026-09-21T08:04:58.224+00:00,False,1,0.0,,0.0,300105.783045,300105.783045,300105.783045,300105.783045,300105.783045,300105.783045,nan,300105.783045,nan,nan,0.0,23,64,,True,False,"HTTPConnectionPool(host='gpu06', port=9004): Read timed out.",0,59.56268577710819
376,2026-09-21T07:59:58.431+00:00,2026-09-21T08:04:58.545+00:00,2026-09-21T08:04:58.545+00:00,False,1,0.0,,0.0,300114.199398,300114.199398,300114.199398,300114.199398,300114.199398,300114.199398,nan,300114.199398,nan,nan,0.0,23,64,,True,False,"HTTPConnectionPool(host='gpu06', port=9004): Read timed out.",0,59.56268577710819
377,2026-09-21T07:59:58.804+00:00,2026-09-21T08:04:58.910+00:00,2026-09-21T08:04:58.910+00:00,False,1,0.0,,0.0,300105.907783,300105.907783,300105.907783,300105.907783,300105.907783,300105.907783,nan,300105.907783,nan,nan,0.0,23,64,,True,False,"HTTPConnectionPool(host='gpu06', port=9004): Read timed out.",0,59.56268577710819
378,2026-09-21T07:59:59.084+00:00,2026-09-21T08:04:59.069+00:00,2026-09-21T08:04:59.212+00:00,False,3,2.0,,2.0,299984.83893800003,300128.12802600005,300128.128069,100042.70935633335,0.02889,299984.83893800003,173154.97831435275,270000.68106830004,71.644544,101.27977542490362,0.006663820592739445,23,64,,True,False,Request timeout: 300.0s exceeded,6,59.56268577710819
379,2026-09-21T07:59:59.376+00:00,2026-09-21T08:04:59.371+00:00,2026-09-21T08:04:59.434+00:00,False,3,2.0,,2.0,299995.232473,300058.073561,300058.07359,100019.35786333334,0.03376,299995.232473,173184.1904001545,270001.9899614,31.420544,44.38757035724086,0.006665376392858204,23,64,,True,False,Request timeout: 300.0s exceeded,9,59.56268577710819
380,2026-09-21T07:59:59.721+00:00,2026-09-21T08:04:59.824+00:00,2026-09-21T08:04:59.824+00:00,False,1,0.0,,0.0,300102.904346,300102.904346,300102.904346,300102.904346,300102.904346,300102.904346,nan,300102.904346,nan,nan,0.0,23,64,,True,False,"HTTPConnectionPool(host='gpu06', port=9004): Read timed out.",0,59.56268577710819
381,2026-09-21T08:00:00.047+00:00,2026-09-21T08:05:00.160+00:00,2026-09-21T08:05:00.160+00:00,False,1,0.0,,0.0,300113.50469599996,300113.50469599996,300113.50469599996,300113.50469599996,300113.50469599996,300113.50469599996,nan,300113.50469599996,nan,nan,0.0,23,64,,True,False,"HTTPConnectionPool(host='gpu06', port=9004): Read timed out.",0,59.56268577710819
382,2026-09-21T08:00:00.306+00:00,2026-09-21T08:05:00.414+00:00,2026-09-21T08:05:00.414+00:00,False,1,0.0,,0.0,300108.509549,300108.509549,300108.509549,300108.509549,300108.509549,300108.509549,nan,300108.509549,nan,nan,0.0,23,64,,True,False,"HTTPConnectionPool(host='gpu06', port=9004): Read timed out.",0,59.56268577710819
383,2026-09-21T08:00:00.695+00:00,2026-09-21T08:05:00.803+00:00,2026-09-21T08:05:00.803+00:00,False,1,0.0,,0.0,300108.09175,300108.09175,300108.09175,300108.09175,300108.09175,300108.09175,nan,300108.09175,nan,nan,0.0,23,64,,True,False,"HTTPConnectionPool(host='gpu06', port=9004): Read timed out.",0,59.56268577710819
384,2026-09-21T08:00:00.954+00:00,2026-09-21T08:05:00.977+00:00,2026-09-21T08:05:00.977+00:00,False,1,0.0,,0.0,300023.060547,300023.060547,300023.060547,300023.060547,300023.060547,300023.060547,nan,300023.060547,nan,nan,0.0,23,64,,True,False,TTFT timeout: 300.0s exceeded (TTFT: 300.016s),0,59.56268577710819
385,2026-09-21T08:00:01.322+00:00,2026-09-21T08:05:01.383+00:00,2026-09-21T08:05:02.971+00:00,False,28,27.0,,27.0,300060.778039,301648.858167,301648.858192,10773.173506857143,0.03566,300060.778039,56695.044528931656,108.44076985,58.81778251851851,19.17973916286712,0.08950804642214874,23,64,,True,False,Request timeout: 300.0s exceeded,81,59.56268577710819
387,2026-09-21T08:00:02.050+00:00,2026-09-21T08:05:03.225+00:00,2026-09-21T08:05:03.225+00:00,False,1,0.0,,0.0,301174.649203,301174.649203,301174.649203,301174.649203,301174.649203,301174.649203,nan,301174.649203,nan,nan,0.0,23,64,,True,False,"HTTPConnectionPool(host='gpu06', port=9004): Read timed out.",0,59.56268577710819
386,2026-09-21T08:00:01.721+00:00,2026-09-21T08:05:03.901+00:00,2026-09-21T08:05:04.893+00:00,False,26,25.0,,25.0,302179.76586000004,303171.843172,303171.84319000004,11660.455507307694,0.02273,302179.76586000004,59254.55517441145,139.47120625,39.68309248,34.90911931353564,0.08246148368671764,23,64,,True,False,Request timeout: 300.0s exceeded,50,59.56268577710819
0,2026-09-21T07:58:02.265+00:00,2026-09-21T07:58:02.382+00:00,2026-09-21T07:58:07.530+00:00,True,88,88.0,,88.0,116.946268,5264.89174,5264.891777,59.82831564772727,0.01719,230.128186,30.89313798710416,98.78984865000001,59.17178703448276,30.448525960154512,16.71449373430041,24,64,,False,True,,180,59.56268577710819
3,2026-09-21T07:58:03.149+00:00,2026-09-21T07:58:04.903+00:00,2026-09-21T07:58:05.842+00:00,True,16,16.0,,16.0,1754.549158,2692.850342,2692.850472,168.3031545,45.074213,1754.549158,423.0850327154928,494.79676825,62.55341226666667,8.834569050373032,5.941659568097898,24,64,,False,True,,80,59.56268577710819
2,2026-09-21T07:58:02.910+00:00,2026-09-21T07:58:05.098+00:00,2026-09-21T07:58:10.244+00:00,True,83,83.0,,83.0,2187.837938,7333.752306,7333.752486,88.35846368674699,39.701593,2187.837938,233.54939628972753,78.350229,62.75505326829268,11.731747512089965,11.317535217557701,24,64,,False,True,,496,59.56268577710819
1,2026-09-21T07:58:02.608+00:00,2026-09-21T07:58:05.280+00:00,2026-09-21T07:58:10.244+00:00,True,80,80.0,,80.0,2671.68088,7636.039536,7636.039676,95.45049595,42.759564,2671.68088,291.89386993381777,76.3687615,62.83998298734177,11.31445463070336,10.476635122545023,24,64,,False,True,,556,59.56268577710819
5,2026-09-21T07:58:03.715+00:00,2026-09-21T07:58:06.897+00:00,2026-09-21T07:58:13.189+00:00,True,96,96.0,,96.0,3181.4907940000003,9473.936234,9473.936118,98.68683456250001,0.03542,3181.4907940000003,320.5026607427443,81.103684,66.23626778947369,40.589634271039635,10.133063768729604,24,64,,False,True,,407,59.56268577710819
4,2026-09-21T07:58:03.418+00:00,2026-09-21T07:58:07.020+00:00,2026-09-21T07:58:07.422+00:00,True,8,8.0,,8.0,3602.2003569999997,4003.9211889999997,4003.921129,500.490141125,39.848654,3602.2003569999997,1253.3510844218454,2368.3158278499996,57.38869028571428,14.399040433650915,1.9980413255831446,24,64,,False,True,,36,59.56268577710819
6,2026-09-21T07:58:03.985+00:00,2026-09-21T07:58:09.683+00:00,2026-09-21T07:58:10.463+00:00,True,13,13.0,,13.0,5697.294543999999,6477.692623999999,6477.692765999999,498.2840589230769,44.132805,5697.294543999999,1562.149600296453,2326.941505,65.03317333333334,11.872917333230534,2.006887445050218,24,64,,False,True,,130,59.56268577710819
7,2026-09-21T07:58:04.276+00:00,2026-09-21T07:58:11.220+00:00,2026-09-21T07:58:15.010+00:00,True,61,61.0,,61.0,6943.825575,10734.481831000001,10734.481779,175.97511113114754,0.01696,6943.825575,882.3671896558678,79.63091800000001,63.17760426666666,49.93467426703467,5.682621756724085,24,64,,False,True,,132,59.56268577710819
8,2026-09-21T07:58:04.547+00:00,2026-09-21T07:58:12.695+00:00,2026-09-21T07:58:17.691+00:00,True,82,82.0,,82.0,8147.83464,13143.91144,13143.911419,160.29160267073172,0.0174,8147.83464,893.9274308847765,79.994408,61.67996049382717,41.697999862630155,6.238629982735185,24,64,,False,True,,16,59.56268577710819
9,2026-09-21T07:58:04.865+00:00,2026-09-21T07:58:14.211+00:00,2026-09-21T07:58:17.048+00:00,True,48,48.0,,48.0,9346.136556,12183.598571999999,12183.59851,253.82496895833333,38.88112400000001,9346.136556,1340.3209937773286,78.13318650000001,60.371532255319146,9.965479538400404,3.9397227113434483,24,64,,False,True,,312,59.56268577710819
10,2026-09-21T07:58:05.130+00:00,2026-09-21T07:58:16.324+00:00,2026-09-21T07:58:20.318+00:00,True,65,65.0,,65.0,11193.065437000001,15187.581149000001,15187.581262000002,233.65509633846156,42.217005,11193.065437000001,1380.6164293886688,77.4173208,62.414308,9.030243708347035,4.279812523291755,24,64,,False,True,,325,59.56268577710819
11,2026-09-21T07:58:05.370+00:00,2026-09-21T07:58:17.763+00:00,2026-09-21T07:58:19.883+00:00,True,34,34.0,,34.0,12393.04219,14513.283598,14513.283731,426.8612862058824,44.912065000000005,12393.04219,2114.3909792537916,77.55489349999999,64.24973963636363,9.459285290677112,2.342681431835685,24,64,,False,True,,111,59.56268577710819
12,2026-09-21T07:58:05.700+00:00,2026-09-21T07:58:19.400+00:00,2026-09-21T07:58:22.002+00:00,True,42,42.0,,42.0,13699.239357999999,16301.929406,16301.929558999998,388.1411799761905,25.618023,13699.239357999999,2104.084422915198,93.30358645,63.48024507317073,13.316676753899197,2.576382154160336,24,64,,False,True,,208,59.56268577710819
13,2026-09-21T07:58:05.905+00:00,2026-09-21T07:58:20.546+00:00,2026-09-21T07:58:20.842+00:00,True,6,6.0,,6.0,14640.671273,14937.136681,14937.136634,2489.5227723333333,46.758155,14640.671273,5952.830127933378,10998.331604,59.2930816,10.49762129698556,0.40168341015664566,24,64,,False,True,,24,59.56268577710819
14,2026-09-21T07:58:06.144+00:00,2026-09-21T07:58:21.694+00:00,2026-09-21T07:58:21.694+00:00,True,1,1.0,,1.0,15549.569377,15549.569377,15549.569377,15549.569377,15549.569377,15549.569377,nan,15549.569377,nan,nan,0.06431046260863922,24,64,,False,True,,1,59.56268577710819
15,2026-09-21T07:58:06.417+00:00,2026-09-21T07:58:23.339+00:00,2026-09-21T07:58:27.042+00:00,True,67,67.0,,67.0,16921.915699,20625.303347,20625.303284,307.8403475223881,0.0,16921.915699,2061.686666874854,79.21762000000001,56.11193406060606,70.8944534857581,3.248437071338653,24,64,,False,True,,378,59.56268577710819
16,2026-09-21T07:58:06.652+00:00,2026-09-21T07:58:24.237+00:00,2026-09-21T07:58:27.040+00:00,True,46,46.0,,46.0,17585.175376,20388.158799999997,20388.158857,443.2208447173913,0.0,17585.175376,2584.3167179833026,78.16719125,62.28852053333333,61.17240133628563,2.2562115810084826,24,64,,False,True,,46,59.56268577710819
17,2026-09-21T07:58:06.920+00:00,2026-09-21T07:58:25.699+00:00,2026-09-21T07:58:27.738+00:00,True,35,35.0,,35.0,18778.992458999997,20818.470475,20818.470470999997,594.8134420285713,0.0,18778.992458999997,3164.8448514934566,183.2723331,59.98464752941176,70.16659232402795,1.68119939656614,24,64,,False,True,,243,59.56268577710819
18,2026-09-21T07:58:07.228+00:00,2026-09-21T07:58:27.334+00:00,2026-09-21T07:58:29.745+00:00,True,40,40.0,,40.0,20105.040447,22516.677439,22516.677287,562.9169321749999,41.263394,20105.040447,3169.1276203704456,78.162386,61.83684594871795,11.079416724860636,1.776461030201464,24,64,,False,True,,120,59.56268577710819
19,2026-09-21T07:58:07.519+00:00,2026-09-21T07:58:29.178+00:00,2026-09-21T07:58:33.737+00:00,True,72,72.0,,72.0,21658.679638999998,26218.164823,26218.164702,364.14117641666667,0.0,21658.679638999998,2546.4768368692994,80.1378095,64.2181011830986,89.32701181321814,2.746187633119069,24,64,,False,True,,6,59.56268577710819
20,2026-09-21T07:58:07.791+00:00,2026-09-21T07:58:30.401+00:00,2026-09-21T07:58:31.899+00:00,True,24,24.0,,24.0,22609.631748,24107.394052,24107.394143,1004.4747559583333,0.0,22609.631748,4602.710350692818,398.03190715,65.12010017391304,89.43399717672911,0.9955451820396535,24,64,,False,True,,96,59.56268577710819
21,2026-09-21T07:58:08.002+00:00,2026-09-21T07:58:31.576+00:00,2026-09-21T07:58:36.367+00:00,True,76,76.0,,76.0,23573.758358,28364.990614,28364.990664999998,373.2235613815789,0.0,23573.758358,2698.389378120628,81.08638325000001,63.883096746666666,94.16872440752537,2.6793592507832162,24,64,,False,True,,281,59.56268577710819
22,2026-09-21T07:58:08.332+00:00,2026-09-21T07:58:33.428+00:00,2026-09-21T07:58:37.185+00:00,True,66,66.0,,66.0,25095.850766,28853.13435,28853.134186,437.1686997878788,0.0,25095.850766,3082.7382766879946,77.7638155,57.804362830769236,69.33473719799075,2.287446459001429,24,64,,False,True,,528,59.56268577710819
23,2026-09-21T07:58:08.671+00:00,2026-09-21T07:58:34.800+00:00,2026-09-21T07:58:41.060+00:00,True,99,99.0,,99.0,26129.602163,32389.709683,32389.709652999998,327.16878437373737,0.0,26129.602163,2620.9547241734194,81.12918900000001,63.878648163265304,81.38396344328423,3.05652631557735,24,64,,False,True,,198,59.56268577710819
24,2026-09-21T07:58:08.939+00:00,2026-09-21T07:58:36.049+00:00,2026-09-21T07:58:41.506+00:00,True,87,87.0,,87.0,27109.574715,32566.666298999997,32566.666291999998,374.3294976091954,0.0,27109.574715,2900.3809469015673,79.93331,63.454553302325586,65.56308237977746,2.6714432236090264,24,64,,False,True,,261,59.56268577710819
25,2026-09-21T07:58:09.240+00:00,2026-09-21T07:58:37.519+00:00,2026-09-21T07:58:43.601+00:00,True,96,96.0,,96.0,28278.934956,34360.272556,34360.272537000004,357.91950559375,0.0,28278.934956,2881.1581822161925,78.66279800000001,64.01408,92.97923292802116,2.7939242869374863,24,64,,False,True,,352,59.56268577710819
26,2026-09-21T07:58:09.500+00:00,2026-09-21T07:58:38.972+00:00,2026-09-21T07:58:43.853+00:00,True,77,77.0,,77.0,29471.97263,34352.520214000004,34352.520096,446.13662462337663,0.0,29471.97263,3352.9553611400574,82.336155,64.21773136842106,105.25286487505555,2.241465823186372,24,64,,False,True,,156,59.56268577710819
27,2026-09-21T07:58:09.758+00:00,2026-09-21T07:58:40.549+00:00,2026-09-21T07:58:42.832+00:00,True,39,39.0,,39.0,30790.720767000003,33073.757951,33073.758004,848.045077025641,0.0,30790.720767000003,4920.8680867398225,79.46924800000001,60.07992589473684,16.61261451670894,1.1791826032524018,24,64,,False,True,,156,59.56268577710819
28,2026-09-21T07:58:10.050+00:00,2026-09-21T07:58:41.945+00:00,2026-09-21T07:58:45.130+00:00,True,51,51.0,,51.0,31894.333761,35079.594305,35079.594392,687.8351841568627,0.01587,31894.333761,4458.514149701435,76.6649935,63.70521088,110.19061144391479,1.4538366537702752,24,64,,False,True,,166,59.56268577710819
29,2026-09-21T07:58:10.326+00:00,2026-09-21T07:58:43.513+00:00,2026-09-21T07:58:45.240+00:00,True,33,33.0,,33.0,33186.651745999996,34913.19869,34913.198605,1057.9757153030303,0.019370000000000002,33186.651745999996,5767.70506445829,84.0183244,53.954592,22.57728115527925,0.945201277402635,24,64,,False,True,,194,59.56268577710819
30,2026-09-21T07:58:10.598+00:00,2026-09-21T07:58:44.729+00:00,2026-09-21T07:58:47.431+00:00,True,44,44.0,,44.0,34131.150193,36833.024625,36833.024494000005,837.1141930454546,0.0,34131.150193,5137.128289694171,82.16015300000001,62.83428911627907,109.32777401367939,1.1945801477876865,24,64,,False,True,,230,59.56268577710819
31,2026-09-21T07:58:10.853+00:00,2026-09-21T07:58:46.495+00:00,2026-09-21T07:58:51.976+00:00,True,90,90.0,,90.0,35642.425631,41123.334942999994,41123.335009999995,456.92594455555553,0.0,35642.425631,3750.5811381688795,78.978531,61.583250696629214,15.345056673707575,2.1885384569307598,24,64,,False,True,,798,59.56268577710819
32,2026-09-21T07:58:11.094+00:00,2026-09-21T07:58:47.285+00:00,2026-09-21T07:58:48.029+00:00,True,13,13.0,,13.0,36190.648307999996,36935.414004,36935.414085,2841.1856988461536,40.728944000000006,36190.648307999996,10020.272596257486,14523.505302,62.063808,11.58823806586197,0.35196573127871633,24,64,,False,True,,49,59.56268577710819
33,2026-09-21T07:58:11.322+00:00,2026-09-21T07:58:48.421+00:00,2026-09-21T07:58:49.382+00:00,True,16,16.0,,16.0,37098.849162,38059.749513999996,38059.749620999995,2378.7343513124997,50.061755,37098.849162,9258.702284899224,9333.972857249999,64.06002346666666,9.961956614559139,0.42039162643764955,24,64,,False,True,,68,59.56268577710819
34,2026-09-21T07:58:11.661+00:00,2026-09-21T07:58:49.919+00:00,2026-09-21T07:58:56.138+00:00,True,100,100.0,,100.0,38257.856552,44477.270055999994,44477.270048,444.77270047999997,0.0,38257.856552,3821.378944389488,77.722735,62.82235862626263,120.31999560003302,2.2483394298726744,24,64,,False,True,,1182,59.56268577710819
35,2026-09-21T07:58:11.877+00:00,2026-09-21T07:58:51.156+00:00,2026-09-21T07:58:54.911+00:00,True,60,60.0,,60.0,39278.952109,43034.011052999995,43034.011158,717.2335193,0.0,39278.952109,5064.619828221059,100.73401410000001,63.64506684745763,141.56951305565303,1.394246051712562,24,64,,False,True,,180,59.56268577710819
36,2026-09-21T07:58:12.076+00:00,2026-09-21T07:58:52.257+00:00,2026-09-21T07:58:58.343+00:00,True,98,98.0,,98.0,40180.484491999996,46266.901132,46266.901313999995,472.11123789795914,0.0,40180.484491999996,4054.115613336982,79.3455235,62.74656329896907,114.9124934705975,2.1181448854853033,24,64,,False,True,,289,59.56268577710819
37,2026-09-21T07:58:12.405+00:00,2026-09-21T07:58:53.847+00:00,2026-09-21T07:58:59.992+00:00,True,99,99.0,,99.0,41442.635573,47587.414325,47587.414421,480.68095374747475,20.377692,41442.635573,4158.853493234595,78.559506,62.701824,10.718877801600527,2.080381996043657,24,64,,False,True,,768,59.56268577710819
38,2026-09-21T07:58:12.601+00:00,2026-09-21T07:58:54.906+00:00,2026-09-21T07:58:55.254+00:00,True,7,7.0,,7.0,42304.440152,42652.965976,42652.966168000006,6093.280881142858,45.617305,42304.440152,15967.62307114184,29634.5787515,58.08763733333333,10.206788969411656,0.16411519902130053,24,64,,False,True,,27,59.56268577710819
39,2026-09-21T07:58:13.161+00:00,2026-09-21T07:58:57.282+00:00,2026-09-21T07:58:57.358+00:00,True,2,2.0,,2.0,44120.980951,44197.345751,44197.345757999996,22098.672878999998,76.364807,44120.980951,31144.246750180886,41918.7501438,76.3648,nan,0.04525158617595828,24,64,,False,True,,15,59.56268577710819
40,2026-09-21T07:58:13.176+00:00,2026-09-21T07:58:57.987+00:00,2026-09-21T07:59:03.003+00:00,True,80,80.0,,80.0,44811.134033,49826.881617,49826.881474,622.836018425,0.0,44811.134033,5003.916966329762,84.52833155,63.49047574683544,99.57642644065156,1.605559035681364,24,64,,False,True,,542,59.56268577710819
41,2026-09-21T07:58:13.292+00:00,2026-09-21T07:58:58.698+00:00,2026-09-21T07:59:02.590+00:00,True,62,62.0,,62.0,45406.655855,49298.709615,49298.709629,795.1404778870967,0.0,45406.655855,5759.642196269968,81.73434,63.80416,113.19942646818905,1.2576394084995566,24,64,,False,True,,260,59.56268577710819
42,2026-09-21T07:58:13.499+00:00,2026-09-21T07:58:59.861+00:00,2026-09-21T07:59:01.271+00:00,True,21,21.0,,21.0,46361.738553,47772.058425,47772.05857,2274.859931904762,0.0,46361.738553,10103.452365015477,909.081934,70.51599359999999,199.9321297776227,0.4395875055911409,24,64,,False,True,,175,59.56268577710819
43,2026-09-21T07:58:13.776+00:00,2026-09-21T07:59:01.276+00:00,2026-09-21T07:59:06.253+00:00,True,84,84.0,,84.0,47500.009951,52476.691423,52476.691568,624.7225186666667,0.0,47500.009951,5177.1980311657435,81.8795095,59.96001773493976,105.60616361010065,1.6007106721515536,24,64,,False,True,,588,59.56268577710819
44,2026-09-21T07:58:14.114+00:00,2026-09-21T07:59:02.939+00:00,2026-09-21T07:59:07.252+00:00,True,71,71.0,,71.0,48825.740699,53138.302875,53138.302897,748.4268013661972,0.01579,48825.740699,5788.506936477,77.831523,61.60803108571429,122.0813242531655,1.336136010346755,24,64,,False,True,,213,59.56268577710819
45,2026-09-21T07:58:14.414+00:00,2026-09-21T07:59:04.708+00:00,2026-09-21T07:59:06.619+00:00,True,32,32.0,,32.0,50294.559852,52205.461356,52205.46136,1631.4206675,0.01625,50294.559852,8881.315495399764,465.0845736499999,61.641984,154.83742688960672,0.6129626895122194,24,64,,False,True,,128,59.56268577710819
46,2026-09-21T07:58:14.619+00:00,2026-09-21T07:59:05.942+00:00,2026-09-21T07:59:10.285+00:00,True,54,54.0,,54.0,51323.463409,55666.135537,55666.13537,1030.8543587037038,12.463941,51323.463409,6974.420944519739,90.137798,81.93720996226415,137.62924359824862,0.9700691359131162,24,64,,False,True,,108,59.56268577710819
47,2026-09-21T07:58:14.867+00:00,2026-09-21T07:59:07.002+00:00,2026-09-21T07:59:10.322+00:00,True,39,39.0,,39.0,52135.592233,55455.225641000005,55455.225528,1421.9288596923077,0.0,52135.592233,8335.951186755477,193.5705721,87.35877389473684,163.6188942590598,0.7032700624549605,24,64,,False,True,,311,59.56268577710819
48,2026-09-21T07:58:15.103+00:00,2026-09-21T07:59:08.406+00:00,2026-09-21T07:59:08.529+00:00,True,3,3.0,,3.0,53302.917064999994,53426.53229699999,53426.53208699999,17808.844029,57.011095000000005,53302.917064999994,30738.76930716783,47979.28575119999,61.807616,6.783156557983311,0.05615187568833578,24,64,,False,True,,9,59.56268577710819
49,2026-09-21T07:58:15.349+00:00,2026-09-21T07:59:10.336+00:00,2026-09-21T07:59:11.364+00:00,True,32,32.0,,32.0,54987.184259,56014.296707,56014.296886000004,1750.4467776875001,0.0,54987.184259,9714.652237153432,92.27750524999999,33.132659612903225,33.71078959634446,0.5712827238978977,24,64,,False,True,,65,59.56268577710819
50,2026-09-21T07:58:15.590+00:00,2026-09-21T07:59:10.982+00:00,2026-09-21T07:59:15.582+00:00,True,72,72.0,,72.0,55392.283321,59991.966393,59991.966529000005,833.2217573472223,43.937255,55392.283321,6520.414742749897,78.58933800000001,64.78426861971832,9.235653709537685,1.2001606936558278,24,64,,False,True,,512,59.56268577710819
51,2026-09-21T07:58:15.825+00:00,2026-09-21T07:59:12.249+00:00,2026-09-21T07:59:13.683+00:00,True,23,23.0,,23.0,56423.338661,57857.224357,57857.224258,2515.531489478261,50.186985,56423.338661,11751.49215379849,76.7210101,65.17662254545455,8.620444848233456,0.39753030422063945,24,64,,False,True,,253,59.56268577710819
52,2026-09-21T07:58:16.081+00:00,2026-09-21T07:59:13.832+00:00,2026-09-21T07:59:19.340+00:00,True,87,87.0,,87.0,57750.909584,63258.716048,63258.716228,727.1116807816092,0.015449999999999998,57750.909584,6185.778309414469,77.35392800000001,64.04426120930233,117.18428199764807,1.375304549873971,24,64,,False,True,,482,59.56268577710819
53,2026-09-21T07:58:16.399+00:00,2026-09-21T07:59:15.390+00:00,2026-09-21T07:59:19.652+00:00,True,48,48.0,,48.0,58990.962008,63252.88124,63252.881362,1317.7683617083335,0.05009,58990.962008,8503.843204345938,85.94671865000001,90.67913259574469,200.75915428212105,0.7588587121885232,24,64,,False,True,,144,59.56268577710819
54,2026-09-21T07:58:16.700+00:00,2026-09-21T07:59:16.973+00:00,2026-09-21T07:59:23.044+00:00,True,96,96.0,,96.0,60273.129356,66343.975308,66343.97549,691.0830780208333,0.0,60273.129356,6147.263243608234,154.74754875,63.9036416,164.75121613255862,1.4470040354730442,24,64,,False,True,,101,59.56268577710819
55,2026-09-21T07:58:16.992+00:00,2026-09-21T07:59:19.530+00:00,2026-09-21T07:59:21.583+00:00,True,50,50.0,,50.0,62537.438111,64591.002783,64591.002631,1291.82005262,0.0,62537.438111,8839.976288950977,253.81988250000003,41.90948310204082,178.91932322324186,0.7741016216760103,24,64,,False,True,,208,59.56268577710819
56,2026-09-21T07:58:17.238+00:00,2026-09-21T07:59:19.765+00:00,2026-09-21T07:59:22.831+00:00,True,50,50.0,,50.0,62527.280195,65593.197891,65593.197895,1311.8639579,0.0,62527.280195,8835.257025987503,150.7512959,62.56974889795918,159.6427506317981,0.7622741626820495,24,64,,False,True,,450,59.56268577710819
57,2026-09-21T07:58:17.430+00:00,2026-09-21T07:59:21.309+00:00,2026-09-21T07:59:27.012+00:00,True,98,98.0,,98.0,63878.114791,69581.328871,69581.329043,710.0135616632652,0.0,63878.114791,6446.754745674552,78.04492599999999,58.79602144329897,19.7764919578047,1.4084238054965386,24,64,,False,True,,196,59.56268577710819
58,2026-09-21T07:58:17.657+00:00,2026-09-21T07:59:22.048+00:00,2026-09-21T07:59:22.765+00:00,True,12,12.0,,12.0,64390.977053,65108.412701,65108.412796000004,5425.701066333333,47.175774,64390.977053,18569.24858805632,29020.3177312,65.22142254545454,9.955286052209132,0.1843079796017772,24,64,,False,True,,48,59.56268577710819
59,2026-09-21T07:58:17.945+00:00,2026-09-21T07:59:23.607+00:00,2026-09-21T07:59:25.880+00:00,True,36,36.0,,36.0,65662.81307999999,67935.20578399999,67935.20581999999,1887.0890505555553,41.116533000000004,65662.81307999999,10932.98588389822,82.09017524999999,64.92550582857143,10.199532657384113,0.5299166990744388,24,64,,False,True,,7,59.56268577710819
60,2026-09-21T07:58:18.183+00:00,2026-09-21T07:59:24.960+00:00,2026-09-21T07:59:27.611+00:00,True,42,42.0,,42.0,66777.563084,69428.42977199999,69428.429678,1653.0578494761903,46.970474,66777.563084,10294.030060012596,81.846581,64.65528507317073,10.169338541091097,0.6049395058757084,24,64,,False,True,,84,59.56268577710819
61,2026-09-21T07:58:18.500+00:00,2026-09-21T07:59:26.703+00:00,2026-09-21T07:59:27.269+00:00,True,10,10.0,,10.0,68202.794905,68768.950937,68768.950985,6876.8950985,42.516323,68202.794905,21547.72840098103,37549.17588535,62.90622577777778,13.264403261566969,0.14541446195916397,24,64,,False,True,,35,59.56268577710819
62,2026-09-21T07:58:18.799+00:00,2026-09-21T07:59:28.186+00:00,2026-09-21T07:59:30.300+00:00,True,34,34.0,,34.0,69386.476424,71500.791176,71500.79131999999,2102.964450588235,46.162434000000005,69386.476424,11888.699067594045,82.81571899999999,64.070144,10.472426460132342,0.4755192137148332,24,64,,False,True,,34,59.56268577710819
63,2026-09-21T07:58:19.133+00:00,2026-09-21T07:59:29.980+00:00,2026-09-21T07:59:35.475+00:00,True,88,88.0,,88.0,70847.299207,76341.48698300001,76341.48689,867.5168964772728,0.0,70847.299207,7547.946414452859,148.8365023,63.15158363218391,188.65588499078882,1.1527152990823475,24,64,,False,True,,183,59.56268577710819
64,2026-09-21T07:58:19.373+00:00,2026-09-21T07:59:31.343+00:00,2026-09-21T07:59:32.839+00:00,True,6,6.0,,6.0,71970.55547200001,73466.96712,73466.967233,12244.494538833334,0.0,71970.55547200001,29264.502787952304,54318.07789875001,299.2823296,594.3045340230548,0.08166935747054423,24,64,,False,True,,24,59.56268577710819
65,2026-09-21T07:58:19.583+00:00,2026-09-21T07:59:32.831+00:00,2026-09-21T07:59:34.754+00:00,True,27,27.0,,27.0,73248.532262,75170.789926,75170.790121,2784.1033378148145,0.0,73248.532262,14084.24772602884,853.5212326000002,73.93298707692307,228.95717356642984,0.35918207094244287,24,64,,False,True,,216,59.56268577710819
66,2026-09-21T07:58:19.838+00:00,2026-09-21T07:59:33.448+00:00,2026-09-21T07:59:39.370+00:00,True,94,94.0,,94.0,73609.167509,79531.571093,79531.57096000001,846.0805421276597,0.01515,73609.167509,7586.795455214179,136.25755725,63.681758967741935,133.25750197436258,1.1819205720214099,24,64,,False,True,,470,59.56268577710819
67,2026-09-21T07:58:20.156+00:00,2026-09-21T07:59:35.684+00:00,2026-09-21T07:59:40.205+00:00,True,76,76.0,,76.0,75528.217903,80049.403183,80049.40327,1053.2816219736842,0.02087,75528.217903,8656.796561020465,85.92875824999999,60.2824704,23.197140237800376,0.9494136992659058,24,64,,False,True,,76,59.56268577710819
68,2026-09-21T07:58:20.421+00:00,2026-09-21T07:59:36.924+00:00,2026-09-21T07:59:39.166+00:00,True,36,36.0,,36.0,76503.632595,78745.639123,78745.639092,2187.378863666667,13.321092,76503.632595,12739.9486538413,100.67331624999998,64.05732937142857,22.582521358700113,0.4571681733863168,24,64,,False,True,,184,59.56268577710819
69,2026-09-21T07:58:20.620+00:00,2026-09-21T07:59:37.709+00:00,2026-09-21T07:59:40.525+00:00,True,47,47.0,,47.0,77088.798993,79905.551121,79905.55124,1700.1181114893618,34.616043,77088.798993,11235.630399212465,78.94018299999999,61.233741913043474,10.980696938032052,0.5881944288054339,24,64,,False,True,,94,59.56268577710819
70,2026-09-21T07:58:20.936+00:00,2026-09-21T07:59:39.625+00:00,2026-09-21T07:59:41.704+00:00,True,34,34.0,,34.0,78689.35684800001,80767.96651200001,80767.96635100001,2375.5284220882354,46.807434,78689.35684800001,13484.314045050549,78.82686149999999,62.98817163636363,9.227120106988332,0.4209589701004604,24,64,,False,True,,74,59.56268577710819
71,2026-09-21T07:58:21.235+00:00,2026-09-21T07:59:41.090+00:00,2026-09-21T07:59:47.165+00:00,True,95,95.0,,95.0,79855.062286,85929.612302,85929.6123,904.5222347368422,0.0,79855.062286,8188.2618549189,80.001572,64.6228725106383,178.97992669288007,1.1055560179431752,24,64,,False,True,,1231,59.56268577710819
72,2026-09-21T07:58:21.484+00:00,2026-09-21T07:59:42.317+00:00,2026-09-21T07:59:42.923+00:00,True,10,10.0,,10.0,80833.299518,81438.863422,81438.863431,8143.8863431,52.778085,80833.299518,25540.458487554606,44497.416777499995,67.28487822222222,11.007038631963297,0.122791497570171,24,64,,False,True,,12,59.56268577710819
73,2026-09-21T07:58:21.766+00:00,2026-09-21T07:59:43.622+00:00,2026-09-21T07:59:49.452+00:00,True,93,93.0,,93.0,81856.545054,87686.22569400001,87686.22588700001,942.8626439462366,0.0,81856.545054,8483.396643813703,78.256499,63.36609391304348,177.60332040419203,1.0605998748827845,24,64,,False,True,,196,59.56268577710819
74,2026-09-21T07:58:21.971+00:00,2026-09-21T07:59:44.562+00:00,2026-09-21T07:59:46.957+00:00,True,29,29.0,,29.0,82590.496455,84985.347015,84985.347166,2930.5292126206896,0.0,82590.496455,15324.061045113807,1064.7656610000001,85.53037714285715,322.53732840934816,0.3412352954784249,24,64,,False,True,,58,59.56268577710819
75,2026-09-21T07:58:22.203+00:00,2026-09-21T07:59:46.979+00:00,2026-09-21T07:59:46.979+00:00,True,12,12.0,,12.0,84775.508253,84775.508253,84775.508253,7064.625687750001,0.0,84775.508253,24472.58125527845,38148.97871385,0.0,0.0,0.14155031620910805,24,64,,False,True,,45,59.56268577710819
76,2026-09-21T07:58:22.413+00:00,2026-09-21T07:59:46.996+00:00,2026-09-21T07:59:50.487+00:00,True,56,56.0,,56.0,84583.287044,88073.852164,88073.852061,1572.747358232143,43.822584,84583.287044,11294.440419623366,75.8987795,63.46482036363637,9.703467300413768,0.6358300292772919,24,64,,False,True,,112,59.56268577710819
77,2026-09-21T07:58:22.755+00:00,2026-09-21T07:59:48.568+00:00,2026-09-21T07:59:52.038+00:00,True,57,57.0,,57.0,85812.328846,89283.02043,89283.02047100001,1566.3687801929825,40.625754,85812.328846,11357.916292967842,78.485163,61.97663542857143,10.403760437890892,0.6384192618650188,24,64,,False,True,,182,59.56268577710819
78,2026-09-21T07:58:23.263+00:00,2026-09-21T07:59:49.151+00:00,2026-09-21T07:59:54.274+00:00,True,70,70.0,,70.0,85887.896414,91011.220318,91011.220285,1300.1602897857142,0.015880000000000002,85887.896414,10258.258258644155,78.09794044999998,74.25107107246376,180.54349856943625,0.769135934617894,24,64,,False,True,,209,59.56268577710819
79,2026-09-21T07:58:23.363+00:00,2026-09-21T07:59:51.919+00:00,2026-09-21T07:59:54.258+00:00,True,14,14.0,,14.0,88555.999948,90894.839756,90894.83987299999,6492.488562357143,48.024834000000006,88555.999948,23622.67879137358,31983.41217825,179.91075446153846,403.13269691180153,0.15402414523840838,24,64,,False,True,,28,59.56268577710819
80,2026-09-21T07:58:23.674+00:00,2026-09-21T07:59:54.140+00:00,2026-09-21T07:59:58.005+00:00,True,76,76.0,,76.0,90466.495891,94331.55931499999,94331.559381,1241.2047286973684,0.015609999999999999,90466.495891,10371.41346107202,146.000463,51.53417898666667,47.22063160873916,0.8056688615335438,24,64,,False,True,,226,59.56268577710819
81,2026-09-21T07:58:24.003+00:00,2026-09-21T07:59:55.148+00:00,2026-09-21T07:59:59.121+00:00,True,64,64.0,,64.0,91144.621676,95117.93086,95117.930885,1486.217670078125,28.481453000000002,91144.621676,11385.203045647946,83.168996,63.068399746031744,14.338904253646124,0.6728489509953582,24,64,,False,True,,576,59.56268577710819
82,2026-09-21T07:58:24.213+00:00,2026-09-21T07:59:56.390+00:00,2026-09-21T07:59:57.020+00:00,True,10,10.0,,10.0,92177.302933,92807.175829,92807.175888,9280.7175888,57.574605000000005,92177.302933,29126.89225662861,50735.3169448,69.98587733333333,8.690319707525608,0.10775028881845623,24,64,,False,True,,33,59.56268577710819
83,2026-09-21T07:58:24.449+00:00,2026-09-21T07:59:57.435+00:00,2026-09-21T07:59:58.771+00:00,True,23,23.0,,23.0,92985.88969,94321.663386,94321.663327,4100.941883782609,46.707044,92985.88969,19376.240360588206,82.6403049,60.71698618181818,9.917128400737727,0.2438464205818263,24,64,,False,True,,92,59.56268577710819
84,2026-09-21T07:58:24.697+00:00,2026-09-21T07:59:58.706+00:00,2026-09-21T08:00:02.870+00:00,True,40,40.0,,40.0,94008.830037,98173.09883700001,98173.098943,2454.327473575,0.0,94008.830037,14850.021122701948,173.83547845,106.77612307692307,292.27468223617774,0.4074435917156216,24,64,,False,True,,120,59.56268577710819
85,2026-09-21T07:58:24.901+00:00,2026-09-21T07:59:59.715+00:00,2026-09-21T08:00:00.422+00:00,True,12,12.0,,12.0,94814.22162299999,95521.354551,95521.35446599999,7960.1128721666655,42.563344,94814.22162299999,27351.953890352317,42712.27623574999,64.28481163636363,13.71564793050174,0.1256263592199486,24,64,,False,True,,48,59.56268577710819
86,2026-09-21T07:58:25.189+00:00,2026-09-21T08:00:02.879+00:00,2026-09-21T08:00:06.303+00:00,True,79,79.0,,79.0,97689.71790199999,101113.87278199999,101113.87278299998,1279.922440291139,0.0,97689.71790199999,10986.057257734195,77.2947911,43.89942153846154,31.42297794562761,0.781297341565809,24,64,,False,True,,237,59.56268577710819
87,2026-09-21T07:58:25.439+00:00,2026-09-21T08:00:02.880+00:00,2026-09-21T08:00:06.545+00:00,True,63,63.0,,63.0,97441.026707,101105.562003,101105.562089,1604.850191888889,0.0,97441.026707,12268.984369876729,78.084327,59.105408,19.671138333770827,0.6231111202183978,24,64,,False,True,,246,59.56268577710819
88,2026-09-21T07:58:25.626+00:00,2026-09-21T08:00:03.557+00:00,2026-09-21T08:00:08.970+00:00,True,87,87.0,,87.0,97931.637846,103344.625238,103344.625334,1187.8692567126436,43.255184,97931.637846,10492.62970421329,77.96390170000001,62.941713860465114,9.347401771265005,0.8418434901635306,24,64,,False,True,,268,59.56268577710819
89,2026-09-21T07:58:25.825+00:00,2026-09-21T08:00:04.497+00:00,2026-09-21T08:00:06.243+00:00,True,27,27.0,,27.0,98671.511138,100418.26109,100418.261163,3719.194857888889,48.151834,98671.511138,18976.413771861862,82.62548199999999,67.18269046153847,8.693927552670079,0.268875398826128,24,64,,False,True,,81,59.56268577710819
90,2026-09-21T07:58:26.013+00:00,2026-09-21T08:00:05.354+00:00,2026-09-21T08:00:10.513+00:00,True,84,84.0,,84.0,99341.736695,104500.852983,104500.852838,1244.0577718809525,44.022794000000005,99341.736695,10832.294070779722,77.6709615,62.15802756626506,9.330948369716475,0.8038211899922478,24,64,,False,True,,92,59.56268577710819
91,2026-09-21T07:58:26.304+00:00,2026-09-21T08:00:06.603+00:00,2026-09-21T08:00:09.915+00:00,True,56,56.0,,56.0,100299.500174,103610.82459,103610.824655,1850.1932974107142,42.943614000000004,100299.500174,13395.04206578916,75.83409625,60.20589847272728,8.93785092392548,0.540484068354812,24,64,,False,True,,168,59.56268577710819
92,2026-09-21T07:58:26.614+00:00,2026-09-21T08:00:08.452+00:00,2026-09-21T08:00:11.898+00:00,True,55,55.0,,55.0,101838.189655,105283.876951,105283.877018,1914.2523094181818,41.588364,101838.189655,13723.257289546451,75.75527329999998,63.809024,8.535003384512466,0.5223971760234235,24,64,,True,True,,113,59.56268577710819
93,2026-09-21T07:58:26.880+00:00,2026-09-21T08:00:09.912+00:00,2026-09-21T08:00:11.229+00:00,True,21,21.0,,21.0,103031.512495,104348.12663900001,104348.126622,4968.958410571428,50.492014000000005,103031.512495,22468.955428663823,78.422977,65.8307072,8.650686642336838,0.20124942034322318,24,64,,True,True,,201,59.56268577710819
94,2026-09-21T07:58:27.181+00:00,2026-09-21T08:00:11.358+00:00,2026-09-21T08:00:13.790+00:00,True,39,39.0,,39.0,104177.048902,106608.83155799999,106608.83157499999,2733.5597839743587,44.967244,104177.048902,16671.433593753536,75.6685441,63.994280421052636,9.009308261043811,0.36582335093675844,24,64,,True,True,,80,59.56268577710819
95,2026-09-21T07:58:27.424+00:00,2026-09-21T08:00:12.704+00:00,2026-09-21T08:00:18.584+00:00,True,94,94.0,,94.0,105279.04639399999,111159.11704999999,111159.11719899999,1182.5437999893616,40.275654,105279.04639399999,10852.187716811773,76.89122015,63.226566193548386,9.953653309236843,0.8456346406360737,24,64,,True,True,,188,59.56268577710819
96,2026-09-21T07:58:27.744+00:00,2026-09-21T08:00:14.410+00:00,2026-09-21T08:00:14.844+00:00,True,8,8.0,,8.0,106665.857741,107099.468493,107099.468599,13387.433574875,48.815854,106665.857741,37690.17616327802,69358.72972725,61.944393142857145,10.074039708314757,0.07469691598444188,24,64,,True,True,,32,59.56268577710819
97,2026-09-21T07:58:28.018+00:00,2026-09-21T08:00:15.858+00:00,2026-09-21T08:00:19.671+00:00,True,61,61.0,,61.0,107839.71098,111652.322308,111652.322299,1830.365939327869,42.486374000000005,107839.71098,13799.327973532983,77.526398,63.54352213333333,10.274246650330065,0.5463388377335102,24,64,,True,True,,122,59.56268577710819
98,2026-09-21T07:58:28.329+00:00,2026-09-21T08:00:17.378+00:00,2026-09-21T08:00:19.541+00:00,True,35,35.0,,35.0,109049.147406,111212.37147,111212.371417,3177.4963262,44.496994,109049.147406,18421.918683234857,78.04651559999998,63.62423717647059,10.60186061412934,0.31471318826648165,24,64,,True,True,,105,59.56268577710819
99,2026-09-21T07:58:28.522+00:00,2026-09-21T08:00:18.456+00:00,2026-09-21T08:00:23.757+00:00,True,85,85.0,,85.0,109933.673616,115234.933648,115234.933529,1355.7051003411764,42.660463,109933.673616,11917.139575767103,79.470148,63.110238476190474,9.53420907804634,0.7376235426979416,24,64,,True,True,,170,59.56268577710819
100,2026-09-21T07:58:28.712+00:00,2026-09-21T08:00:19.411+00:00,2026-09-21T08:00:20.931+00:00,True,24,24.0,,24.0,110699.349858,112219.213666,112219.21357,4675.800565416666,52.659614000000005,110699.349858,22582.922661786877,76.24914985000001,66.08103513043478,7.615567344377504,0.2138671196844385,24,64,,True,True,,231,59.56268577710819
101,2026-09-21T07:58:29.009+00:00,2026-09-21T08:00:20.813+00:00,2026-09-21T08:00:21.651+00:00,True,15,15.0,,15.0,111804.01746999999,112641.96050999999,112641.960503,7509.464033533332,55.555324,111804.01746999999,28852.219571154503,33591.23621149999,59.853074285714285,4.91244382259063,0.13316529588162085,24,64,,True,True,,30,59.56268577710819
102,2026-09-21T07:58:29.321+00:00,2026-09-21T08:00:22.329+00:00,2026-09-21T08:00:24.200+00:00,True,31,31.0,,31.0,113008.325151,114878.95606299999,114878.956161,3705.7727793870968,44.540673000000005,113008.325151,20285.697445564434,75.92057000000001,62.35436373333334,9.718100528853324,0.26984924883021655,24,64,,True,True,,64,59.56268577710819
103,2026-09-21T07:58:29.601+00:00,2026-09-21T08:00:23.699+00:00,2026-09-21T08:00:25.130+00:00,True,24,24.0,,24.0,114097.947083,115528.92589900001,115528.92581900001,4813.7052424583335,48.629222,114097.947083,23277.447666748918,78.26032449999998,62.21647026086956,8.90371419736459,0.20774018119913756,24,64,,True,True,,77,59.56268577710819
104,2026-09-21T07:58:29.788+00:00,2026-09-21T08:00:24.869+00:00,2026-09-21T08:00:26.113+00:00,True,21,21.0,,21.0,115081.45445,116324.95601800001,116324.956063,5539.283622047619,50.094144,115081.45445,25099.265837239553,81.937696,62.1750784,8.467214219521656,0.18052875942416416,24,64,,True,True,,42,59.56268577710819
105,2026-09-21T07:58:30.075+00:00,2026-09-21T08:00:26.514+00:00,2026-09-21T08:00:26.768+00:00,True,5,5.0,,5.0,116438.544513,116692.498049,116692.497842,23338.4995684,57.242564,116438.544513,52044.50755253916,93165.1345794,63.488384,5.907261820579368,0.042847655878447855,24,64,,True,True,,16,59.56268577710819
106,2026-09-21T07:58:30.265+00:00,2026-09-21T08:00:27.234+00:00,2026-09-21T08:00:31.176+00:00,True,64,64.0,,64.0,116968.750906,120911.003194,120911.00309,1889.23442328125,43.983854,116968.750906,14613.275039765138,77.2085697,62.57543314285714,9.603438285509997,0.5293149366837433,24,64,,True,True,,133,59.56268577710819
107,2026-09-21T07:58:30.476+00:00,2026-09-21T08:00:28.542+00:00,2026-09-21T08:00:28.750+00:00,True,4,4.0,,4.0,118066.254283,118274.331851,118274.331888,29568.582972,65.571584,118066.254283,58998.44762260672,100367.29431295,69.35918933333333,3.808293896737138,0.033819679531473766,24,64,,True,True,,32,59.56268577710819
108,2026-09-21T07:58:30.719+00:00,2026-09-21T08:00:29.665+00:00,2026-09-21T08:00:35.822+00:00,True,98,98.0,,98.0,118945.650032,125102.54731200001,125102.547378,1276.5566058979593,46.49071300000001,118945.650032,12008.916478512518,77.38783115,63.47316783505154,8.718876239765915,0.7833573504749867,24,64,,True,True,,490,59.56268577710819
109,2026-09-21T07:58:31.005+00:00,2026-09-21T08:00:31.113+00:00,2026-09-21T08:00:35.214+00:00,True,65,65.0,,65.0,120107.691569,124208.885553,124208.885574,1910.9059319076923,43.514654,120107.691569,14889.580048821497,77.8273492,64.081156,9.02455004420774,0.5233119974517803,24,64,,True,True,,390,59.56268577710819
110,2026-09-21T07:58:31.250+00:00,2026-09-21T08:00:32.459+00:00,2026-09-21T08:00:33.426+00:00,True,16,16.0,,16.0,121209.25233300001,122175.67306900001,122175.67303500001,7635.979564687501,41.633793,121209.25233300001,30286.20785785854,30359.1015345,64.42804906666667,10.767056161774262,0.1309589675103638,24,64,,True,True,,64,59.56268577710819
111,2026-09-21T07:58:31.535+00:00,2026-09-21T08:00:33.710+00:00,2026-09-21T08:00:37.701+00:00,True,66,66.0,,66.0,122174.710809,126165.536025,126165.53597299999,1911.5990298939394,44.040754,122174.710809,15031.11259460338,76.78760774999999,61.397311015384616,9.192405620268888,0.5231222573090162,24,64,,True,True,,580,59.56268577710819
112,2026-09-21T07:58:31.830+00:00,2026-09-21T08:00:35.036+00:00,2026-09-21T08:00:38.395+00:00,True,56,56.0,,56.0,123205.478324,126564.16274,126564.16271399999,2260.0743341785715,41.212243,123205.478324,16455.867265702323,76.660955,61.06698938181818,10.213121268260013,0.44246332285261875,24,64,,True,True,,275,59.56268577710819
113,2026-09-21T07:58:32.169+00:00,2026-09-21T08:00:36.932+00:00,2026-09-21T08:00:39.579+00:00,True,43,43.0,,43.0,124763.4258,127410.12404,127410.12396699999,2963.026138767442,46.494533000000004,124763.4258,19016.636831634554,78.294578,63.01662476190476,10.279693628971927,0.33749280384108477,24,64,,True,True,,90,59.56268577710819
114,2026-09-21T07:58:32.436+00:00,2026-09-21T08:00:38.455+00:00,2026-09-21T08:00:40.826+00:00,True,37,37.0,,37.0,126019.303855,128389.482159,128389.48219200001,3469.986005189189,51.734164,126019.303855,20706.623792102582,76.8088332,65.83828622222222,8.268807717772406,0.28818560039192687,24,64,,True,True,,325,59.56268577710819
115,2026-09-21T07:58:32.690+00:00,2026-09-21T08:00:39.579+00:00,2026-09-21T08:00:40.096+00:00,True,9,9.0,,9.0,126889.032523,127405.414219,127405.414301,14156.157144555556,51.209894,126889.032523,42274.828978061305,76162.91289980001,64.547712,8.289617002590996,0.0706406400008221,24,64,,True,True,,91,59.56268577710819
116,2026-09-21T07:58:33.422+00:00,2026-09-21T08:00:41.413+00:00,2026-09-21T08:00:41.532+00:00,True,3,3.0,,3.0,127991.885823,128110.42047900001,128110.42038200001,42703.47346066667,58.682663999999995,127991.885823,73861.93175653704,115198.6824302,59.267328,0.8268963267737982,0.023417298833171524,24,64,,True,True,,6,59.56268577710819
117,2026-09-21T07:58:33.471+00:00,2026-09-21T08:00:42.457+00:00,2026-09-21T08:00:44.407+00:00,True,31,31.0,,31.0,128985.871356,130935.675644,130935.675531,4223.731468741936,46.971453000000004,128985.871356,23154.875117980777,80.8318715,64.99347626666666,9.561038830228638,0.23675747535977634,24,64,,True,True,,273,59.56268577710819
118,2026-09-21T07:58:33.501+00:00,2026-09-21T08:00:43.698+00:00,2026-09-21T08:00:44.552+00:00,True,14,14.0,,14.0,130196.41048399999,131050.41317199999,131050.41318799999,9360.743799142856,43.262252999999994,130196.41048399999,34778.89933161617,45621.366022300004,65.69251446153847,12.387670807541024,0.10682911759786207,24,64,,True,True,,42,59.56268577710819
119,2026-09-21T07:58:33.742+00:00,2026-09-21T08:00:45.502+00:00,2026-09-21T08:00:51.860+00:00,True,100,100.0,,100.0,131760.34180300002,138118.00042700002,138118.000315,1381.1800031500002,45.462563,131760.34180300002,13169.61529432809,79.71423794999998,64.21877397979799,8.921481590014023,0.7240185905591164,24,64,,True,True,,100,59.56268577710819
120,2026-09-21T07:58:34.077+00:00,2026-09-21T08:00:47.376+00:00,2026-09-21T08:00:51.586+00:00,True,67,67.0,,67.0,133299.069418,137509.18065,137509.180701,2052.375831358209,44.24221300000001,133299.069418,16277.282448689339,80.18785,63.78956412121212,8.795582259782918,0.4872401950422065,24,64,,True,True,,201,59.56268577710819
121,2026-09-21T07:58:34.408+00:00,2026-09-21T08:00:49.048+00:00,2026-09-21T08:00:49.162+00:00,True,3,3.0,,3.0,134640.49451699998,134754.10117299997,134754.10119599997,44918.033731999996,55.513093999999995,134640.49451699998,77701.93034057539,121182.25442379998,56.803328,1.8246749067162622,0.02226277325799933,24,64,,True,True,,10,59.56268577710819
122,2026-09-21T07:58:34.664+00:00,2026-09-21T08:00:50.507+00:00,2026-09-21T08:00:54.227+00:00,True,60,60.0,,60.0,135842.60181999998,139562.690908,139562.69093599997,2326.044848933333,42.322193,135842.60181999998,17529.0672390749,79.2758065,63.052357423728814,9.95403273848168,0.42991432459232337,24,64,,True,True,,749,59.56268577710819
123,2026-09-21T07:58:34.984+00:00,2026-09-21T08:00:52.091+00:00,2026-09-21T08:00:57.053+00:00,True,80,80.0,,80.0,137107.043624,142069.31280800002,142069.31267400002,1775.8664084250001,42.84046300000001,137107.043624,15322.0135664745,78.13334705000001,62.813533974683544,9.398489973450708,0.5631054195927324,24,64,,True,True,,320,59.56268577710819
124,2026-09-21T07:58:35.235+00:00,2026-09-21T08:00:53.431+00:00,2026-09-21T08:00:59.197+00:00,True,92,92.0,,92.0,138196.173767,143961.873095,143961.873196,1564.8029695217392,40.824752999999994,138196.173767,14401.344420855132,76.32655249999999,63.35933327472527,9.330141524520334,0.6390580924109642,24,64,,True,True,,368,59.56268577710819
125,2026-09-21T07:58:35.478+00:00,2026-09-21T08:00:54.708+00:00,2026-09-21T08:00:59.851+00:00,True,83,83.0,,83.0,139229.77172699998,144373.098191,144373.09798899997,1739.4349155301204,41.209333,139229.77172699998,15275.571338245876,78.45877300000001,62.723493463414634,10.062264537686673,0.5748993478701567,24,64,,True,True,,88,59.56268577710819
126,2026-09-21T07:58:35.688+00:00,2026-09-21T08:00:56.039+00:00,2026-09-21T08:00:58.670+00:00,True,43,43.0,,43.0,140350.334734,142981.72571,142981.72568,3325.156411162791,42.353783,140350.334734,21393.67349578027,78.6182429,62.652166095238094,10.402362475376943,0.3007377326471352,24,64,,True,True,,172,59.56268577710819
127,2026-09-21T07:58:35.914+00:00,2026-09-21T08:00:57.055+00:00,2026-09-21T08:01:00.085+00:00,True,49,49.0,,49.0,141140.500787,144170.97272299998,144170.972622,2942.264747387755,43.670053,141140.500787,20153.911984987593,76.2725594,63.134832,10.270740076860376,0.3398742414962072,24,64,,True,True,,67,59.56268577710819
128,2026-09-21T07:58:36.111+00:00,2026-09-21T08:00:58.052+00:00,2026-09-21T08:01:00.809+00:00,True,44,44.0,,44.0,141941.121521,144697.400561,144697.400566,3288.577285590909,43.294073,141941.121521,21388.768560681037,78.217082,64.09951255813954,10.925426889188989,0.3040828641662498,24,64,,True,True,,289,59.56268577710819
129,2026-09-21T07:58:36.375+00:00,2026-09-21T08:00:59.477+00:00,2026-09-21T08:01:04.952+00:00,True,87,87.0,,87.0,143102.283679,148577.818271,148577.81831499998,1707.7910151149424,44.347234,143102.283679,15335.352078020216,75.77573499999998,63.669006883720925,9.490450299292695,0.5855517399058552,24,64,,True,True,,756,59.56268577710819
130,2026-09-21T07:58:36.567+00:00,2026-09-21T08:01:00.302+00:00,2026-09-21T08:01:02.504+00:00,True,35,35.0,,35.0,143735.85726,145937.812076,145937.812164,4169.651776114285,45.969303999999994,143735.85726,24284.849608896657,78.7653517,64.76337694117647,10.853434555658444,0.23982818093622685,24,64,,True,True,,297,59.56268577710819
131,2026-09-21T07:58:36.861+00:00,2026-09-21T08:01:01.729+00:00,2026-09-21T08:01:05.775+00:00,True,65,65.0,,65.0,144867.378626,148914.190786,148914.190587,2290.9875474923074,44.164213000000004,144867.378626,17960.74624275387,75.59809,63.23144,9.118946326612068,0.43649298738365033,24,64,,True,True,,325,59.56268577710819
132,2026-09-21T07:58:37.180+00:00,2026-09-21T08:01:03.470+00:00,2026-09-21T08:01:04.386+00:00,True,16,16.0,,16.0,146290.747072,147206.264512,147206.26437,9200.391523125,51.172473,146290.747072,36557.428914487355,36628.526155,61.034496,7.757064289849277,0.1086910265201092,24,64,,True,True,,32,59.56268577710819
133,2026-09-21T07:58:37.507+00:00,2026-09-21T08:01:05.197+00:00,2026-09-21T08:01:07.074+00:00,True,31,31.0,,31.0,147690.116867,149566.30707500002,149566.307066,4824.719582774193,46.281183,147690.116867,26514.697236724638,79.7809665,62.5396736,9.50637543785372,0.20726593178806674,24,64,,True,True,,65,59.56268577710819
134,2026-09-21T07:58:37.720+00:00,2026-09-21T08:01:06.514+00:00,2026-09-21T08:01:11.297+00:00,True,76,76.0,,76.0,148794.514092,153576.799404,153576.799447,2020.7473611447367,42.792972999999996,148794.514092,17060.58998351981,77.279019,63.76380416,9.963162682686146,0.4948664140348047,24,64,,True,True,,152,59.56268577710819
135,2026-09-21T07:58:37.936+00:00,2026-09-21T08:01:07.953+00:00,2026-09-21T08:01:10.509+00:00,True,41,41.0,,41.0,150017.068146,152573.324658,152573.324646,3721.3006011219513,46.281403,150017.068146,23418.75174563335,80.677086,63.9064128,10.671503933317439,0.26872325219302495,24,64,,True,True,,123,59.56268577710819
136,2026-09-21T07:58:38.145+00:00,2026-09-21T08:01:08.940+00:00,2026-09-21T08:01:12.819+00:00,True,62,62.0,,62.0,150795.14451800002,154673.580358,154673.58018500003,2494.7351642741937,42.157094,150795.14451800002,19142.930400810645,80.9465295,63.58091540983607,10.213474486356379,0.4008441509952623,24,64,,True,True,,271,59.56268577710819
137,2026-09-21T07:58:38.386+00:00,2026-09-21T08:01:10.173+00:00,2026-09-21T08:01:15.546+00:00,True,85,85.0,,85.0,151787.475144,157160.479176,157160.479413,1848.9468166235295,44.616013,151787.475144,16456.72883919655,80.85088520000001,63.964333714285715,10.810627180941864,0.5408484400509538,24,64,,True,True,,85,59.56268577710819
138,2026-09-21T07:58:38.579+00:00,2026-09-21T08:01:11.423+00:00,2026-09-21T08:01:17.105+00:00,True,90,90.0,,90.0,152844.406677,158525.478805,158525.478839,1761.3942093222222,44.641184,152844.406677,16104.490152518945,78.8565685,63.832271101123595,10.790240246167876,0.5677320811672663,24,64,,True,True,,90,59.56268577710819
139,2026-09-21T07:58:38.894+00:00,2026-09-21T08:01:13.098+00:00,2026-09-21T08:01:13.156+00:00,True,2,2.0,,2.0,154204.56229899998,154262.61951499997,154262.61938499997,77131.30969249998,58.057086000000005,154204.56229899998,108998.03913231978,146497.23703834997,58.057216,nan,0.012964903657723294,24,64,,True,True,,10,59.56268577710819
140,2026-09-21T07:58:39.238+00:00,2026-09-21T08:01:15.002+00:00,2026-09-21T08:01:18.490+00:00,True,56,56.0,,56.0,155764.193154,159251.270018,159251.269994,2843.772678464286,44.786993,155764.193154,20806.395602662837,78.22411174999999,63.40139752727272,9.471965091385233,0.35164554727676817,24,64,,True,True,,279,59.56268577710819
141,2026-09-21T07:58:39.454+00:00,2026-09-21T08:01:16.149+00:00,2026-09-21T08:01:16.416+00:00,True,5,5.0,,5.0,156695.248987,156961.674075,156961.673997,31392.3347994,57.565364,156695.248987,70046.45880037697,125371.27226459999,66.606272,7.789072197708787,0.03185490999293803,24,64,,True,True,,46,59.56268577710819
142,2026-09-21T07:58:39.735+00:00,2026-09-21T08:01:17.430+00:00,2026-09-21T08:01:20.393+00:00,True,48,48.0,,48.0,157694.727283,160658.044275,160658.044305,3347.0425896875,46.622713000000005,157694.727283,22752.17529698714,79.82428515000001,63.04929770212766,10.491976368638397,0.29877122067935746,24,64,,True,True,,94,59.56268577710819
143,2026-09-21T07:58:39.960+00:00,2026-09-21T08:01:18.795+00:00,2026-09-21T08:01:23.232+00:00,True,72,72.0,,72.0,158835.27697099998,163271.732651,163271.73266399998,2267.6629536666665,41.341893,158835.27697099998,18711.555313462184,76.84721300000001,62.48529126760563,9.483447954652354,0.4409826418263285,24,64,,True,True,,288,59.56268577710819
144,2026-09-21T07:58:40.158+00:00,2026-09-21T08:01:19.777+00:00,2026-09-21T08:01:24.868+00:00,True,82,82.0,,82.0,159619.537114,164709.967322,164709.967252,2008.6581372195124,41.590922,159619.537114,17620.091708128282,77.19327700000001,62.84481738271605,9.78289192064308,0.4978447955107293,24,64,,True,True,,574,59.56268577710819
145,2026-09-21T07:58:40.473+00:00,2026-09-21T08:01:21.456+00:00,2026-09-21T08:01:21.966+00:00,True,9,9.0,,9.0,160983.208697,161493.182201,161493.182303,17943.686922555557,54.83446300000001,160983.208697,53639.82123303115,96620.2214046,63.746688,8.342223949289302,0.05572990684398236,24,64,,True,True,,45,59.56268577710819
146,2026-09-21T07:58:40.707+00:00,2026-09-21T08:01:22.808+00:00,2026-09-21T08:01:24.694+00:00,True,30,30.0,,30.0,162101.407115,163986.677899,163986.67772500002,5466.222590833334,45.922192,162101.407115,29583.66471245855,78.50714205,65.00933737931035,8.964797164104004,0.18294169004677996,24,64,,True,True,,272,59.56268577710819
147,2026-09-21T07:58:41.036+00:00,2026-09-21T08:01:24.346+00:00,2026-09-21T08:01:25.320+00:00,True,17,17.0,,17.0,163309.908312,164283.97781600003,164283.978035,9663.76341382353,49.668292,163309.908312,39593.7060066556,32724.4854256,60.879344,7.866680216089936,0.10347935462726741,24,64,,True,True,,68,59.56268577710819
148,2026-09-21T07:58:41.222+00:00,2026-09-21T08:01:25.268+00:00,2026-09-21T08:01:29.961+00:00,True,76,76.0,,76.0,164046.983933,168739.881981,168739.881987,2220.2616050921056,44.342802999999996,164046.983933,18810.304585704085,77.47197924999999,62.571973973333336,9.722722197869336,0.45039737558046616,24,64,,True,True,,154,59.56268577710819
149,2026-09-21T07:58:41.461+00:00,2026-09-21T08:01:26.537+00:00,2026-09-21T08:01:28.495+00:00,True,33,33.0,,33.0,165075.771927,167033.945111,167033.945213,5061.634703424243,46.96564299999999,165075.771927,28725.353017563586,80.668219,61.192912,10.628019323096593,0.1975646326144684,24,64,,True,True,,69,59.56268577710819
150,2026-09-21T07:58:41.676+00:00,2026-09-21T08:01:27.575+00:00,2026-09-21T08:01:32.739+00:00,True,84,84.0,,84.0,165899.186591,171062.947999,171062.94819,2036.4636689285715,41.634952,165899.186591,18094.299536314873,76.0743205,62.21399286746988,9.366032275418837,0.4910473073367767,24,64,,True,True,,738,59.56268577710819
151,2026-09-21T07:58:42.018+00:00,2026-09-21T08:01:29.091+00:00,2026-09-21T08:01:30.792+00:00,True,28,28.0,,28.0,167073.007627,168774.81575500002,168774.815539,6027.671983535714,50.208521999999995,167073.007627,31561.920365479604,77.592461,63.029930666666665,9.089373344830664,0.16590152905659736,24,64,,True,True,,111,59.56268577710819
152,2026-09-21T07:58:42.214+00:00,2026-09-21T08:01:30.082+00:00,2026-09-21T08:01:35.769+00:00,True,91,91.0,,91.0,167867.92312,173554.63646399998,173554.636347,1907.193806010989,44.940022,167867.92312,17590.718723945258,77.5874645,63.18570382222222,9.519990959928101,0.5243305615685808,24,64,,True,True,,93,59.56268577710819
153,2026-09-21T07:58:42.401+00:00,2026-09-21T08:01:30.993+00:00,2026-09-21T08:01:34.713+00:00,True,61,61.0,,61.0,168591.98758000002,172311.15532400002,172311.15524000002,2824.7730367213117,45.404123,168591.98758000002,21578.05719785967,74.949974,61.98612906666667,8.47559800672778,0.35401074228363516,24,64,,True,True,,549,59.56268577710819
154,2026-09-21T07:58:42.731+00:00,2026-09-21T08:01:33.031+00:00,2026-09-21T08:01:37.478+00:00,True,70,70.0,,70.0,170300.15281600002,174746.241008,174746.241026,2496.3748718,42.693502,170300.15281600002,20347.062032808222,77.9447934,64.43606075362318,9.385383155618836,0.4005808628340987,24,64,,True,True,,280,59.56268577710819
155,2026-09-21T07:58:43.489+00:00,2026-09-21T08:01:35.113+00:00,2026-09-21T08:01:36.324+00:00,True,20,20.0,,20.0,171623.794229,172834.417717,172834.417654,8641.7208827,41.936693,171623.794229,38362.000978994496,8655.811103749998,63.717025684210526,10.996331865464416,0.11571769248384374,24,64,,True,True,,40,59.56268577710819
156,2026-09-21T07:58:43.525+00:00,2026-09-21T08:01:35.399+00:00,2026-09-21T08:01:37.407+00:00,True,33,33.0,,33.0,171874.86765099998,173882.85997099997,173882.85993999997,5269.177573939393,43.616161999999996,171874.86765099998,29908.6522651061,78.8835874,62.74976,9.680504783103638,0.18978293780941785,24,64,,True,True,,142,59.56268577710819
157,2026-09-21T07:58:43.591+00:00,2026-09-21T08:01:36.321+00:00,2026-09-21T08:01:40.709+00:00,True,70,70.0,,70.0,172730.159924,177118.008116,177118.008012,2530.2572573142857,42.711792,172730.159924,20637.604220297682,76.1575759,63.592002782608695,9.231119304437273,0.3952167300467542,24,64,,True,True,,280,59.56268577710819
158,2026-09-21T07:58:43.716+00:00,2026-09-21T08:01:37.931+00:00,2026-09-21T08:01:38.734+00:00,True,14,14.0,,14.0,174214.919708,175018.721052,175018.720932,12501.337209428571,45.043271999999995,174214.919708,46544.37183021207,61024.821256049996,61.830872615384614,10.15561132951248,0.07999144272023588,24,64,,True,True,,14,59.56268577710819
159,2026-09-21T07:58:44.006+00:00,2026-09-21T08:01:39.212+00:00,2026-09-21T08:01:44.623+00:00,True,88,88.0,,88.0,175206.497248,180616.9016,180616.901621,2052.4647911477273,43.745682,175206.497248,18670.448571950277,77.00677845,62.188555770114945,9.781027874809341,0.48721907651194035,24,64,,True,True,,352,59.56268577710819
160,2026-09-21T07:58:44.299+00:00,2026-09-21T08:01:40.631+00:00,2026-09-21T08:01:42.450+00:00,True,30,30.0,,30.0,176332.013104,178150.311472,178150.311342,5938.343711400001,42.899553,176332.013104,32182.22749373958,77.1865049,62.69994372413793,8.77466377400609,0.16839712348588917,24,64,,True,True,,132,59.56268577710819
161,2026-09-21T07:58:44.496+00:00,2026-09-21T08:01:41.512+00:00,2026-09-21T08:01:44.481+00:00,True,50,50.0,,50.0,177015.72412099998,179985.08296899998,179985.08294199998,3599.7016588399997,44.872052000000004,177015.72412099998,25025.23545253522,76.7490455,60.5991601632653,9.28506877222917,0.2778007997952354,24,64,,True,True,,404,59.56268577710819
162,2026-09-21T07:58:44.776+00:00,2026-09-21T08:01:43.228+00:00,2026-09-21T08:01:43.940+00:00,True,12,12.0,,12.0,178452.24814500002,179164.63828900002,179164.638363,14930.386530250002,47.631792000000004,178452.24814500002,51496.032009291135,80345.3384354,64.76274036363637,8.594642339083101,0.06697750245025193,24,64,,True,True,,36,59.56268577710819
163,2026-09-21T07:58:45.080+00:00,2026-09-21T08:01:44.628+00:00,2026-09-21T08:01:47.553+00:00,True,48,48.0,,48.0,179547.617889,182472.813665,182472.81364699997,3801.5169509791663,47.971933,179547.617889,25906.48471590891,76.96160679999998,62.238208,9.338348111474255,0.2630528846238033,24,64,,True,True,,123,59.56268577710819
164,2026-09-21T07:58:45.345+00:00,2026-09-21T08:01:45.904+00:00,2026-09-21T08:01:52.119+00:00,True,98,98.0,,98.0,180559.492121,186774.083609,186774.083586,1905.85799577551,44.046082000000006,180559.492121,18232.79319457072,77.25371150000001,64.06795348453608,8.572011262496904,0.5246980635983574,24,64,,True,True,,196,59.56268577710819
165,2026-09-21T07:58:45.645+00:00,2026-09-21T08:01:47.551+00:00,2026-09-21T08:01:49.306+00:00,True,29,29.0,,29.0,181905.445889,183661.141249,183661.141274,6333.142802551724,42.059323,181905.445889,33767.35070961627,75.144504,62.703405714285715,8.971764863879615,0.15789948708139098,24,64,,True,True,,145,59.56268577710819
166,2026-09-21T07:58:45.949+00:00,2026-09-21T08:01:49.245+00:00,2026-09-21T08:01:52.119+00:00,True,45,45.0,,45.0,183296.60538800003,186170.42503600003,186170.42499400003,4137.120555422222,48.251252,183296.60538800003,27314.509673747812,80.039286,65.3140829090909,9.083514037904889,0.24171401011357355,24,64,,True,True,,51,59.56268577710819
167,2026-09-21T07:58:46.176+00:00,2026-09-21T08:01:50.657+00:00,2026-09-21T08:01:54.308+00:00,True,58,58.0,,58.0,184480.937241,188131.498777,188131.498778,3243.6465306551727,47.295503,184480.937241,24215.125923078143,77.08745335,64.04493922807018,8.979981267150919,0.30829499779167646,24,64,,True,True,,131,59.56268577710819
168,2026-09-21T07:58:46.411+00:00,2026-09-21T08:01:51.341+00:00,2026-09-21T08:01:53.534+00:00,True,36,36.0,,36.0,184929.24720399998,187122.929636,187122.929572,5197.859154777778,45.992472,184929.24720399998,30811.096263078565,75.3726965,62.67664091428571,8.611066895722509,0.19238689812108453,24,64,,True,True,,148,59.56268577710819
169,2026-09-21T07:58:46.598+00:00,2026-09-21T08:01:52.062+00:00,2026-09-21T08:01:57.788+00:00,True,92,92.0,,92.0,185463.970523,191190.228955,191190.229015,2078.1546632065215,43.572322,185463.970523,19329.396796826422,75.2504545,62.925916835164834,8.16625277945885,0.4811961390644802,24,64,,True,True,,138,59.56268577710819
170,2026-09-21T07:58:46.932+00:00,2026-09-21T08:01:53.847+00:00,2026-09-21T08:01:58.902+00:00,True,80,80.0,,80.0,186914.473895,191969.946023,191969.946119,2399.6243264875,41.063202,186914.473895,20890.521172110388,79.510443,63.99331807594936,9.99826616361034,0.4167318981816829,24,64,,True,True,,179,59.56268577710819
171,2026-09-21T07:58:47.229+00:00,2026-09-21T08:01:55.345+00:00,2026-09-21T08:01:59.335+00:00,True,64,64.0,,64.0,188115.786555,192105.492539,192105.492621,3001.648322203125,42.411582,188115.786555,23506.558730719807,76.46010535,63.32866641269841,8.450378566991432,0.33315028713719436,24,64,,True,True,,700,59.56268577710819
172,2026-09-21T07:58:47.573+00:00,2026-09-21T08:01:57.114+00:00,2026-09-21T08:01:59.223+00:00,True,34,34.0,,34.0,189541.492925,191650.046397,191650.046229,5636.766065558823,43.908702,189541.492925,32495.141083908442,78.191975,63.89555975757576,9.037613111404246,0.17740668807128562,24,64,,True,True,,68,59.56268577710819
173,2026-09-21T07:58:47.782+00:00,2026-09-21T08:01:58.425+00:00,2026-09-21T08:01:59.875+00:00,True,23,23.0,,23.0,190642.958435,192093.116771,192093.116813,8351.874644043479,51.207792,190642.958435,39738.06103146614,77.63843089999999,65.916288,7.93304273777874,0.119733597885337,24,64,,True,True,,61,59.56268577710819
174,2026-09-21T07:58:48.023+00:00,2026-09-21T08:01:59.532+00:00,2026-09-21T08:02:04.427+00:00,True,80,80.0,,80.0,191508.77773,196403.667202,196403.667184,2455.0458398,45.305743,191508.77773,21404.406632104074,75.626804,61.960626227848095,8.775349122144974,0.4073243699554778,24,64,,True,True,,304,59.56268577710819
175,2026-09-21T07:58:48.305+00:00,2026-09-21T08:02:01.172+00:00,2026-09-21T08:02:03.546+00:00,True,40,40.0,,40.0,192866.998388,195240.936564,195240.936576,4881.023414400001,43.501402,192866.998388,30485.326534417167,73.4224905,60.87020964102564,7.67092548827893,0.20487506720645132,24,64,,True,True,,62,59.56268577710819
176,2026-09-21T07:58:48.618+00:00,2026-09-21T08:02:03.172+00:00,2026-09-21T08:02:06.769+00:00,True,58,58.0,,58.0,194554.341594,198151.320538,198151.320409,3416.402076017241,44.348113,194554.341594,25537.951873088045,76.90798535,63.10489375438596,8.406101415102688,0.2927055941011364,24,64,,True,True,,58,59.56268577710819
177,2026-09-21T07:58:48.846+00:00,2026-09-21T08:02:04.229+00:00,2026-09-21T08:02:10.180+00:00,True,95,95.0,,95.0,195382.75996700002,201333.644831,201333.644899,2119.3015252526316,42.639342,195382.75996700002,20039.35499920928,76.8546297,63.30728578723404,8.956143494726424,0.47185357459625415,24,64,,True,True,,560,59.56268577710819
178,2026-09-21T07:58:49.178+00:00,2026-09-21T08:02:05.966+00:00,2026-09-21T08:02:09.191+00:00,True,52,52.0,,52.0,196787.23614700002,200012.599091,200012.599011,3846.3961348269236,42.641521999999995,196787.23614700002,27280.710992463002,77.54527805,63.242410666666665,9.168012278043669,0.25998362221342614,24,64,,True,True,,156,59.56268577710819
179,2026-09-21T07:58:49.511+00:00,2026-09-21T08:02:07.960+00:00,2026-09-21T08:02:12.332+00:00,True,70,70.0,,70.0,198449.01397,202820.731602,202820.731446,2897.439020657143,44.115472000000004,198449.01397,23711.622670591714,76.23855354999999,63.35822655072464,8.574032672294559,0.3451323710702448,24,64,,True,True,,384,59.56268577710819
180,2026-09-21T07:58:49.778+00:00,2026-09-21T08:02:09.188+00:00,2026-09-21T08:02:15.410+00:00,True,100,100.0,,100.0,199410.354588,205631.57903599998,205631.579145,2056.31579145,42.960331,199410.354588,19934.753690507463,77.75148644999999,62.84065098989899,9.618312010167381,0.4863066289175991,24,64,,True,True,,400,59.56268577710819
181,2026-09-21T07:58:49.972+00:00,2026-09-21T08:02:10.118+00:00,2026-09-21T08:02:10.982+00:00,True,15,15.0,,15.0,200145.811239,201009.639975,201009.639975,13400.642665,44.871592,200145.811239,51661.49554177453,60098.565771500005,61.702052571428574,8.786235438831405,0.07462328673324116,24,64,,True,True,,46,59.56268577710819
182,2026-09-21T07:58:50.165+00:00,2026-09-21T08:02:11.481+00:00,2026-09-21T08:02:14.890+00:00,True,55,55.0,,55.0,201315.939462,204724.381574,204724.381587,3722.2614834,42.324563000000005,201315.939462,27136.92689744509,81.123346,63.11929837037037,10.935456883804774,0.2686538827331595,24,64,,True,True,,165,59.56268577710819
183,2026-09-21T07:58:50.465+00:00,2026-09-21T08:02:13.192+00:00,2026-09-21T08:02:18.241+00:00,True,80,80.0,,80.0,202727.165514,207775.609674,207775.60984699999,2597.1951230874997,42.405283000000004,202727.165514,22658.443552397923,77.52580555,63.9043564556962,9.883172399571574,0.3850307556576059,24,64,,True,True,,400,59.56268577710819
184,2026-09-21T07:58:50.750+00:00,2026-09-21T08:02:14.700+00:00,2026-09-21T08:02:19.674+00:00,True,79,79.0,,79.0,203950.428117,208924.701653,208924.701705,2644.616477278481,43.745963,203950.428117,22939.04299298442,79.26938620000001,63.77273764102564,9.832597925322364,0.37812666178272186,24,64,,True,True,,393,59.56268577710819
185,2026-09-21T07:58:51.069+00:00,2026-09-21T08:02:16.533+00:00,2026-09-21T08:02:17.802+00:00,True,21,21.0,,21.0,205463.775602,206733.47672200002,206733.47685,9844.451278571429,52.440503,205463.775602,44822.01875823104,76.70726300000001,63.485056,8.143703908209877,0.10158006498502056,24,64,,True,True,,42,59.56268577710819
186,2026-09-21T07:58:51.348+00:00,2026-09-21T08:02:18.182+00:00,2026-09-21T08:02:23.361+00:00,True,84,84.0,,84.0,206834.209822,212013.517342,212013.517372,2523.9704449047617,43.767212,206834.209822,22560.655809076503,78.061409,62.40129542168675,9.316932633722464,0.3962011528939412,24,64,,True,True,,252,59.56268577710819
187,2026-09-21T07:58:51.569+00:00,2026-09-21T08:02:19.247+00:00,2026-09-21T08:02:21.071+00:00,True,30,30.0,,30.0,207677.863087,209502.325679,209502.325587,6983.4108529000005,41.243773000000004,207677.863087,37905.13173321421,78.2700686,62.91250317241379,9.554307206725944,0.14319650105443735,24,64,,True,True,,60,59.56268577710819
188,2026-09-21T07:58:51.827+00:00,2026-09-21T08:02:20.519+00:00,2026-09-21T08:02:23.571+00:00,True,50,50.0,,50.0,208692.076339,211744.13829099998,211744.138205,4234.8827641,44.825033000000005,208692.076339,29504.709355390358,77.8977165,62.286978612244894,9.793737891146755,0.23613404556817055,24,64,,True,True,,78,59.56268577710819
189,2026-09-21T07:58:52.125+00:00,2026-09-21T08:02:22.117+00:00,2026-09-21T08:02:23.571+00:00,True,25,25.0,,25.0,209992.398065,211446.69489699998,211446.69500399998,8457.86780016,47.060103000000005,209992.398065,41986.361577005235,76.4534,60.59570133333334,9.840645562459029,0.11823310840672166,24,64,,True,True,,100,59.56268577710819
190,2026-09-21T07:58:52.396+00:00,2026-09-21T08:02:23.571+00:00,2026-09-21T08:02:25.287+00:00,True,29,29.0,,29.0,211175.10780599999,212890.525662,212890.525528,7341.052604413792,43.122752999999996,211175.10780599999,39202.85762272878,74.873618,61.26492342857143,9.76982220438341,0.13622024704867536,24,64,,True,True,,261,59.56268577710819
191,2026-09-21T07:58:52.582+00:00,2026-09-21T08:02:24.547+00:00,2026-09-21T08:02:25.231+00:00,True,12,12.0,,12.0,211965.382548,212649.68744399998,212649.687585,17720.807298749998,40.734182000000004,211965.382548,61171.17814255548,95428.57964735,62.209536,12.472533389833005,0.05643083770419426,24,64,,True,True,,62,59.56268577710819
192,2026-09-21T07:58:52.785+00:00,2026-09-21T08:02:25.545+00:00,2026-09-21T08:02:27.047+00:00,True,25,25.0,,25.0,212760.17785100001,214261.622459,214261.622386,8570.46489544,45.062114,212760.17785100001,42539.52480642886,79.87344200000001,62.560192,10.635081773537436,0.11667978480273046,24,64,,True,True,,153,59.56268577710819
193,2026-09-21T07:58:53.765+00:00,2026-09-21T08:02:29.359+00:00,2026-09-21T08:02:31.957+00:00,True,42,42.0,,42.0,215594.290687,218191.557631,218191.557718,5195.03708852381,44.157443,215594.290687,33257.14791188192,76.41028505,63.347974243902435,9.87780472069498,0.19249140734871756,24,64,,True,True,,168,59.56268577710819
194,2026-09-21T07:58:53.878+00:00,2026-09-21T08:02:30.355+00:00,2026-09-21T08:02:31.879+00:00,True,25,25.0,,25.0,216477.04641,218001.21741800001,218001.217313,8720.04869252,43.354563,216477.04641,43282.709424816625,83.13409399999999,63.507125333333335,11.8973109890876,0.11467825866341144,24,64,,True,True,,49,59.56268577710819
195,2026-09-21T07:58:53.888+00:00,2026-09-21T08:02:30.878+00:00,2026-09-21T08:02:36.544+00:00,True,89,89.0,,89.0,216990.711227,222656.321467,222656.321286,2501.7564189438203,43.222351,216990.711227,22994.1475330581,78.1788824,64.38193454545454,11.031406854014515,0.3997191699459148,24,64,,True,True,,356,59.56268577710819
196,2026-09-21T07:58:53.908+00:00,2026-09-21T08:02:31.074+00:00,2026-09-21T08:02:34.802+00:00,True,59,59.0,,59.0,217166.845273,220894.745689,220894.74556200003,3743.9787383389835,42.368231,217166.845273,28264.34920026182,79.26203100000001,64.27414510344828,10.436776847578232,0.267095533739253,24,64,,True,True,,117,59.56268577710819
197,2026-09-21T07:58:54.216+00:00,2026-09-21T08:02:33.047+00:00,2026-09-21T08:02:33.477+00:00,True,8,8.0,,8.0,218830.647509,219260.853205,219260.853204,27407.6066505,46.323492,218830.647509,77346.58965249908,142266.88070955,61.457956571428575,12.947400513160506,0.03648622124315244,24,64,,True,True,,10,59.56268577710819
198,2026-09-21T07:58:54.429+00:00,2026-09-21T08:02:34.242+00:00,2026-09-21T08:02:38.004+00:00,True,59,59.0,,59.0,219812.672087,223574.989911,223574.98977900003,3789.406606423729,48.350171,219812.672087,28608.72937606705,77.92268800000001,64.86754868965517,10.824525807482157,0.26389355993479646,24,64,,True,True,,295,59.56268577710819
199,2026-09-21T07:58:54.640+00:00,2026-09-21T08:02:35.551+00:00,2026-09-21T08:02:40.559+00:00,True,80,80.0,,80.0,220911.114802,225918.96069,225918.96061799998,2823.987007725,43.394451000000004,220911.114802,24691.528173376155,78.5351725,63.390454278481016,9.894486691242411,0.3541092777501481,24,64,,True,True,,560,59.56268577710819
200,2026-09-21T07:58:54.922+00:00,2026-09-21T08:02:36.789+00:00,2026-09-21T08:02:37.524+00:00,True,12,12.0,,12.0,221866.654136,222602.043832,222602.043811,18550.17031758333,52.870581,221866.654136,64028.087634702024,99880.74764685,66.85360872727273,7.158977018554943,0.05390786083283459,24,64,,True,True,,45,59.56268577710819
201,2026-09-21T07:58:55.127+00:00,2026-09-21T08:02:37.643+00:00,2026-09-21T08:02:42.168+00:00,True,73,73.0,,73.0,222516.66059400002,227041.50974600003,227041.50972300002,3110.1576674383564,44.167231,222516.66059400002,26036.251406835807,78.51030300000001,62.84512711111111,9.324147166156985,0.32152710789171496,24,64,,True,True,,86,59.56268577710819
202,2026-09-21T07:58:55.442+00:00,2026-09-21T08:02:39.240+00:00,2026-09-21T08:02:39.862+00:00,True,11,11.0,,11.0,223797.91862799998,224420.361124,224420.36103899998,20401.851003545453,52.520552,223797.91862799998,67458.84449333377,111936.77919049999,62.2442496,8.473277367000525,0.049015160411056115,24,64,,True,True,,44,59.56268577710819
203,2026-09-21T07:58:55.693+00:00,2026-09-21T08:02:40.504+00:00,2026-09-21T08:02:42.378+00:00,True,30,30.0,,30.0,224810.976296,226684.64516000001,226684.645132,7556.154837733334,47.603111,224810.976296,41032.88599319363,77.81616,64.6092711724138,9.284040486078116,0.13234244418639476,24,64,,True,True,,85,59.56268577710819
204,2026-09-21T07:58:55.917+00:00,2026-09-21T08:02:41.650+00:00,2026-09-21T08:02:47.130+00:00,True,87,87.0,,87.0,225732.948663,231212.885943,231212.886045,2657.6193798275863,41.181271,225732.948663,24194.283243430345,78.18081400000001,63.72020093023256,10.811256463352258,0.3762766060601301,24,64,,True,True,,87,59.56268577710819
205,2026-09-21T07:58:56.235+00:00,2026-09-21T08:02:43.318+00:00,2026-09-21T08:02:45.703+00:00,True,39,39.0,,39.0,227082.681469,229467.855741,229467.855512,5883.791166974359,44.261402000000004,227082.681469,36352.281171459086,79.8916721,62.767744,10.613936436598205,0.1699584452648533,24,64,,True,True,,261,59.56268577710819
206,2026-09-21T07:58:56.447+00:00,2026-09-21T08:02:44.537+00:00,2026-09-21T08:02:47.703+00:00,True,51,51.0,,51.0,228090.697499,231256.331547,231256.33153,4534.437873137255,45.876511,228090.697499,31930.222034632803,76.988468,63.31268096,9.811266301633696,0.22053450238025105,24,64,,True,True,,306,59.56268577710819
207,2026-09-21T07:58:56.707+00:00,2026-09-21T08:02:45.970+00:00,2026-09-21T08:02:50.016+00:00,True,65,65.0,,65.0,229262.612652,233308.311212,233308.311144,3589.3586329846157,43.669202,229262.612652,28428.688053897433,77.1236422,63.21404,9.242431123276354,0.278601305124259,24,64,,True,True,,130,59.56268577710819
208,2026-09-21T07:58:56.964+00:00,2026-09-21T08:02:47.202+00:00,2026-09-21T08:02:49.125+00:00,True,32,32.0,,32.0,230237.244959,232160.576287,232160.576296,7255.01800925,42.013152000000005,230237.244959,40689.61245106492,76.03770549999999,62.04294606451613,8.699740707812872,0.13783563304236968,24,64,,True,True,,67,59.56268577710819
209,2026-09-21T07:58:57.150+00:00,2026-09-21T08:02:48.077+00:00,2026-09-21T08:02:48.077+00:00,True,1,1.0,,1.0,230926.94672,230926.94672,230926.94672,230926.94672,230926.94672,230926.94672,nan,230926.94672,nan,nan,0.004330373800908149,24,64,,True,True,,1,59.56268577710819
210,2026-09-21T07:58:57.427+00:00,2026-09-21T08:02:49.517+00:00,2026-09-21T08:02:54.105+00:00,True,74,74.0,,74.0,232089.858761,236677.80909700002,236677.809152,3198.3487723243243,44.513071000000004,232089.858761,26972.593471784643,74.98648015,62.84863473972603,8.81253430774994,0.3126613360261073,24,64,,True,True,,74,59.56268577710819
211,2026-09-21T07:58:57.747+00:00,2026-09-21T08:02:51.198+00:00,2026-09-21T08:02:53.907+00:00,True,44,44.0,,44.0,233451.006147,236159.65766700002,236159.65755200002,5367.2649443636365,42.413900999999996,233451.006147,35184.5684096145,78.09779515000001,62.99189581395349,10.102417414883627,0.18631463322174513,24,64,,True,True,,166,59.56268577710819
212,2026-09-21T07:58:58.005+00:00,2026-09-21T08:02:52.805+00:00,2026-09-21T08:02:56.808+00:00,True,65,65.0,,65.0,234800.333557,238803.27934900002,238803.27938700002,3673.896605953846,45.458833,234800.333557,29115.640997630962,80.87499480000001,62.546028,10.386046706341986,0.2721905669687454,24,64,,True,True,,195,59.56268577710819
213,2026-09-21T07:58:58.251+00:00,2026-09-21T08:02:53.987+00:00,2026-09-21T08:02:58.130+00:00,True,67,67.0,,67.0,235736.566493,239878.96879699998,239878.96885799998,3580.2831172835818,45.972213,235736.566493,28792.138878179983,75.5122753,62.76367127272727,8.845690553031103,0.2793075205217321,24,64,,True,True,,268,59.56268577710819
214,2026-09-21T07:58:58.580+00:00,2026-09-21T08:02:55.596+00:00,2026-09-21T08:02:57.388+00:00,True,30,30.0,,30.0,237015.794831,238808.064143,238808.06413800002,7960.2688046,44.747333,237015.794831,43261.683167590985,77.117539,61.802390068965515,9.066493941338239,0.1256238984544332,24,64,,True,True,,100,59.56268577710819
215,2026-09-21T07:58:58.835+00:00,2026-09-21T08:02:57.319+00:00,2026-09-21T08:03:02.494+00:00,True,83,83.0,,83.0,238484.59130899998,243659.32769299997,243659.32776,2935.654551325301,43.457811,238484.59130899998,26170.159524115523,77.11628300000001,63.10654126829268,9.443396963318863,0.34063953465625724,24,64,,True,True,,664,59.56268577710819
216,2026-09-21T07:58:59.049+00:00,2026-09-21T08:02:58.265+00:00,2026-09-21T08:03:04.052+00:00,True,93,93.0,,93.0,239216.40622,245003.393996,245003.393813,2634.445094763441,42.557921,239216.40622,24799.06505114711,77.313024,62.902041043478256,9.773646548377124,0.379586578304782,24,64,,True,True,,195,59.56268577710819
217,2026-09-21T07:58:59.261+00:00,2026-09-21T08:02:59.432+00:00,2026-09-21T08:03:02.052+00:00,True,43,43.0,,43.0,240170.79112900002,242790.437593,242790.43751000002,5646.289244418605,44.499452,240170.79112900002,36616.191823249435,76.88742,62.37253485714286,9.732020711096757,0.17710746941394265,24,64,,True,True,,215,59.56268577710819
218,2026-09-21T07:58:59.515+00:00,2026-09-21T08:03:00.538+00:00,2026-09-21T08:03:02.292+00:00,True,29,29.0,,29.0,241022.25565,242776.20995400002,242776.20999200002,8371.593448,44.637942,241022.25565,44745.07821510445,78.1624806,62.641225142857145,10.230219170501096,0.11945157231631044,24,64,,True,True,,29,59.56268577710819
219,2026-09-21T07:58:59.859+00:00,2026-09-21T08:03:02.567+00:00,2026-09-21T08:03:04.100+00:00,True,25,25.0,,25.0,242708.732477,244241.090877,244241.09072,9769.6436288,50.478981,242708.732477,48528.97764366975,78.59700280000001,63.84826666666667,9.002896004835442,0.10235787889020696,24,64,,True,True,,103,59.56268577710819
220,2026-09-21T07:59:00.091+00:00,2026-09-21T08:03:03.574+00:00,2026-09-21T08:03:04.442+00:00,True,14,14.0,,14.0,243482.675588,244350.471556,244350.471728,17453.605123428573,53.336562,243482.675588,65055.64215465531,85268.81195875003,66.753536,8.637664599016256,0.05729475335508609,24,64,,True,True,,122,59.56268577710819
221,2026-09-21T07:59:00.319+00:00,2026-09-21T08:03:04.560+00:00,2026-09-21T08:03:07.746+00:00,True,50,50.0,,50.0,244241.054908,247427.551164,247427.55127999999,4948.5510256,46.603042,244241.054908,34531.70590028268,78.1394915,65.0305358367347,9.839614696375122,0.2020793552083413,24,64,,True,True,,225,59.56268577710819
222,2026-09-21T07:59:00.642+00:00,2026-09-21T08:03:06.466+00:00,2026-09-21T08:03:06.969+00:00,True,9,9.0,,9.0,245823.64157100001,246326.70435500002,246326.70446900002,27369.63382988889,50.828652000000005,245823.64157100001,81920.25335122876,147525.0454638,62.882848,9.16212564325712,0.03653684249771563,24,64,,True,True,,23,59.56268577710819
223,2026-09-21T07:59:00.831+00:00,2026-09-21T08:03:07.748+00:00,2026-09-21T08:03:10.178+00:00,True,39,39.0,,39.0,246916.418427,249346.374267,249346.374262,6393.496775948718,43.407011,246916.418427,39528.03177474951,77.88399299999999,63.946206315789475,9.603095180373963,0.15640893161028607,24,64,,True,True,,41,59.56268577710819
225,2026-09-21T07:59:01.432+00:00,2026-09-21T08:03:09.663+00:00,2026-09-21T08:03:12.847+00:00,True,52,52.0,,52.0,248231.56976100002,251415.205473,251415.205423,4834.907796596154,43.508991,248231.56976100002,34414.86977164489,76.78320855,62.42422964705882,9.70176635699499,0.20682917686768307,24,64,,True,True,,260,59.56268577710819
226,2026-09-21T07:59:01.655+00:00,2026-09-21T08:03:10.749+00:00,2026-09-21T08:03:14.284+00:00,True,57,57.0,,57.0,249094.216646,252629.64550999997,252629.64557,4432.099045087719,41.975282,249094.216646,32984.97412378437,78.542433,63.132658285714285,9.193294750009363,0.22562672676411502,24,64,,True,True,,223,59.56268577710819
227,2026-09-21T07:59:01.903+00:00,2026-09-21T08:03:11.939+00:00,2026-09-21T08:03:12.906+00:00,True,17,17.0,,17.0,250036.145342,251003.011518,251003.011476,14764.883028,47.312901,250036.145342,60628.01719795738,50066.942390000004,60.429136,8.979380324963367,0.06772827105614583,24,64,,True,True,,84,59.56268577710819
228,2026-09-21T07:59:02.154+00:00,2026-09-21T08:03:13.893+00:00,2026-09-21T08:03:18.648+00:00,True,77,77.0,,77.0,251738.560055,256493.814327,256493.814194,3331.088496025974,47.012522,251738.560055,28681.142398996253,79.126563,62.569135157894735,8.996845755607078,0.30020217135464283,24,64,,True,True,,308,59.56268577710819
224,2026-09-21T07:59:01.163+00:00,2026-09-21T08:03:14.491+00:00,2026-09-21T08:03:15.781+00:00,True,21,21.0,,21.0,253328.27930899998,254617.76026899996,254617.76007399996,12124.655241619046,42.822282,253328.27930899998,55266.69410742798,78.93691199999999,64.474048,9.933689345882875,0.0824765718534866,24,64,,True,True,,46,59.56268577710819
229,2026-09-21T07:59:02.404+00:00,2026-09-21T08:03:15.658+00:00,2026-09-21T08:03:19.049+00:00,True,56,56.0,,56.0,253254.25506,256644.532692,256644.53274999998,4582.938084821429,46.138262000000005,253254.25506,33834.28736630983,77.71107725,61.64141149090909,9.029908120669358,0.21820063498958617,24,64,,True,True,,279,59.56268577710819
230,2026-09-21T07:59:02.715+00:00,2026-09-21T08:03:17.297+00:00,2026-09-21T08:03:17.404+00:00,True,3,3.0,,3.0,254581.92927599998,254689.15897199998,254689.15911999997,84896.38637333333,44.855512000000004,254581.92927599998,146951.99106972592,229129.97378159995,53.614848,12.387515200040403,0.011779064378353906,24,64,,True,True,,7,59.56268577710819
231,2026-09-21T07:59:02.996+00:00,2026-09-21T08:03:18.866+00:00,2026-09-21T08:03:22.647+00:00,True,60,60.0,,60.0,255869.46160299997,259650.44566699996,259650.44566499998,4327.50742775,42.160232,255869.46160299997,33024.334292614825,78.4990685,64.08447566101695,11.90593983913208,0.2310799037755152,24,64,,True,True,,300,59.56268577710819
232,2026-09-21T07:59:03.213+00:00,2026-09-21T08:03:20.015+00:00,2026-09-21T08:03:26.269+00:00,True,99,99.0,,99.0,256801.66338999997,263056.11049399996,263056.11052999995,2657.1324295959594,43.017322,256801.66338999997,25803.12614373979,78.7584861,63.82088881632653,10.492632010729869,0.37634556298306593,24,64,,True,True,,298,59.56268577710819
233,2026-09-21T07:59:03.418+00:00,2026-09-21T08:03:21.286+00:00,2026-09-21T08:03:24.170+00:00,True,46,46.0,,46.0,257867.847144,260751.909864,260751.909745,5668.519777065218,45.934841,257867.847144,38011.09128218993,76.9390705,64.09028266666667,9.104269410184692,0.1764128977003166,24,64,,True,True,,92,59.56268577710819
234,2026-09-21T07:59:03.679+00:00,2026-09-21T08:03:22.514+00:00,2026-09-21T08:03:24.718+00:00,True,36,36.0,,36.0,258835.025449,261039.175209,261039.175217,7251.0882004722225,50.029921,258835.025449,43128.67587308122,78.18022225,62.975707428571425,9.019568406490473,0.13791033461233065,24,64,,True,True,,72,59.56268577710819
235,2026-09-21T07:59:03.938+00:00,2026-09-21T08:03:23.544+00:00,2026-09-21T08:03:26.754+00:00,True,52,52.0,,52.0,259605.89337900002,262816.297475,262816.29749100003,5054.159567134616,47.861672,259605.89337900002,35992.13145492577,75.031295,62.949099921568624,8.24050690912087,0.19785683193770132,24,64,,True,True,,52,59.56268577710819
236,2026-09-21T07:59:04.192+00:00,2026-09-21T08:03:24.904+00:00,2026-09-21T08:03:29.905+00:00,True,80,80.0,,80.0,260712.23306,265713.90422799997,265713.904106,3321.423801325,44.193841,260712.23306,29141.436811581716,75.92658595,63.31229326582278,9.58572464904081,0.30107570107191206,24,64,,True,True,,400,59.56268577710819
237,2026-09-21T07:59:04.410+00:00,2026-09-21T08:03:26.012+00:00,2026-09-21T08:03:30.337+00:00,True,70,70.0,,70.0,261602.191786,265927.779242,265927.779418,3798.9682774000003,44.104791,261602.191786,31259.95102475421,77.1988085,62.68967327536232,9.707475620904237,0.26322936324865287,24,64,,True,True,,176,59.56268577710819
238,2026-09-21T07:59:04.646+00:00,2026-09-21T08:03:27.427+00:00,2026-09-21T08:03:32.767+00:00,True,85,85.0,,85.0,262780.288752,268121.08824,268121.088364,3154.3657454588238,42.779692000000004,262780.288752,28495.629423083916,76.7658718,63.58094628571428,9.524462852982735,0.31702094213460363,24,64,,True,True,,94,59.56268577710819
239,2026-09-21T07:59:05.565+00:00,2026-09-21T08:03:28.266+00:00,2026-09-21T08:03:28.898+00:00,True,11,11.0,,11.0,262700.679895,263332.515031,263332.515107,23939.31955518182,44.398281000000004,262700.679895,79188.18560441876,131389.615079,63.183513600000005,12.835450469263833,0.0417722817051478,24,64,,True,True,,33,59.56268577710819
241,2026-09-21T07:59:05.601+00:00,2026-09-21T08:03:29.354+00:00,2026-09-21T08:03:33.403+00:00,True,65,65.0,,65.0,263753.37511,267801.97543000005,267801.97532800003,4120.030389661539,45.503631999999996,263753.37511,32706.734606951104,76.09782899999999,63.25938,8.504412929235299,0.24271665619953636,24,64,,True,True,,109,59.56268577710819
242,2026-09-21T07:59:05.662+00:00,2026-09-21T08:03:30.086+00:00,2026-09-21T08:03:31.112+00:00,True,17,17.0,,17.0,264424.143379,265450.422035,265450.42196300003,15614.730703705884,42.634211,264424.143379,64116.7187682825,52948.85635740001,64.142416,9.778206566210473,0.0640420906837305,24,64,,True,True,,34,59.56268577710819
240,2026-09-21T07:59:05.575+00:00,2026-09-21T08:03:30.914+00:00,2026-09-21T08:03:31.356+00:00,True,8,8.0,,8.0,265338.842417,265780.895025,265780.895057,33222.611882125,47.061161,265338.842417,93789.12096090992,172496.61999125,63.150372571428576,11.441977322232942,0.030099981412311454,24,64,,True,True,,45,59.56268577710819
243,2026-09-21T07:59:05.853+00:00,2026-09-21T08:03:34.120+00:00,2026-09-21T08:03:39.717+00:00,True,89,89.0,,89.0,268266.844286,273863.737982,273863.737983,3077.120651494382,45.407011,268266.844286,28429.48838074057,77.32287360000001,63.60106472727273,9.157776725821583,0.3249791325270293,24,64,,True,True,,534,59.56268577710819
244,2026-09-21T07:59:06.171+00:00,2026-09-21T08:03:35.886+00:00,2026-09-21T08:03:40.833+00:00,True,78,78.0,,78.0,269714.80147,274662.00787000003,274662.007754,3521.307791717949,44.426111,269714.80147,30531.91439461887,78.0630905,64.24943376623376,10.143069488812682,0.2839853993819127,24,64,,True,True,,155,59.56268577710819
245,2026-09-21T07:59:06.412+00:00,2026-09-21T08:03:36.964+00:00,2026-09-21T08:03:39.853+00:00,True,46,46.0,,46.0,270552.884458,273441.129962,273441.129888,5944.372388869566,48.944311,270552.884458,39881.384406654026,77.44880875000001,64.18323342222222,9.811422702922147,0.16822633817521382,24,64,,True,True,,228,59.56268577710819
246,2026-09-21T07:59:06.745+00:00,2026-09-21T08:03:38.631+00:00,2026-09-21T08:03:38.631+00:00,True,1,1.0,,1.0,271885.615019,271885.615019,271885.615019,271885.615019,271885.615019,271885.615019,nan,271885.615019,nan,nan,0.003678017315958837,24,64,,True,True,,2,59.56268577710819
247,2026-09-21T07:59:06.961+00:00,2026-09-21T08:03:39.774+00:00,2026-09-21T08:03:43.102+00:00,True,52,52.0,,52.0,272813.32594,276140.673396,276140.673289,5310.3975632500005,46.402101,272813.32594,37823.35533402411,77.6658675,65.24210698039215,10.497492078045699,0.18830981818252218,24,64,,True,True,,104,59.56268577710819
248,2026-09-21T07:59:07.289+00:00,2026-09-21T08:03:41.480+00:00,2026-09-21T08:03:41.967+00:00,True,9,9.0,,9.0,274191.862041,274678.515481,274678.51545899996,30519.835051,46.187761,274191.862041,91377.0107624529,164545.18888499998,60.83168,11.57248947212152,0.032765576820741715,24,64,,True,True,,19,59.56268577710819
249,2026-09-21T07:59:07.503+00:00,2026-09-21T08:03:42.581+00:00,2026-09-21T08:03:44.637+00:00,True,33,33.0,,33.0,275078.379592,277134.072904,277134.072905,8398.002209242424,47.222422,275078.379592,47873.817716930185,79.619809,64.240416,10.013484256551534,0.11907593914455726,24,64,,True,True,,132,59.56268577710819
250,2026-09-21T07:59:07.774+00:00,2026-09-21T08:03:43.948+00:00,2026-09-21T08:03:49.587+00:00,True,90,90.0,,90.0,276174.624183,281813.458615,281813.45861000003,3131.2606512222224,41.177171,276174.624183,29104.68465380421,79.2724985,63.35769024719101,9.891872679786223,0.31936019110767055,24,64,,True,True,,419,59.56268577710819
251,2026-09-21T07:59:08.058+00:00,2026-09-21T08:03:45.587+00:00,2026-09-21T08:03:46.437+00:00,True,14,14.0,,14.0,277528.24774699996,278378.81030699995,278378.810265,19884.200733214282,52.843291,277528.24774699996,74155.05839592128,97186.02258324997,65.42788923076924,9.614578010876523,0.05029118410471189,24,64,,True,True,,28,59.56268577710819
252,2026-09-21T07:59:08.350+00:00,2026-09-21T08:03:47.039+00:00,2026-09-21T08:03:52.188+00:00,True,82,82.0,,82.0,278688.92149800004,283837.75170600007,283837.751876,3461.435998487805,45.682041,278688.92149800004,30769.02467304252,78.051402,63.56580503703704,9.47531593649271,0.28889744055236116,24,64,,True,True,,656,59.56268577710819
253,2026-09-21T07:59:08.539+00:00,2026-09-21T08:03:48.015+00:00,2026-09-21T08:03:48.816+00:00,True,13,13.0,,13.0,279475.942339,280276.866243,280276.866456,21559.758958153845,50.824531,279475.942339,77494.16919478249,111838.20002620001,66.74365866666666,9.485535489828148,0.046382707835505056,24,64,,True,True,,26,59.56268577710819
254,2026-09-21T07:59:08.822+00:00,2026-09-21T08:03:49.367+00:00,2026-09-21T08:03:51.346+00:00,True,33,33.0,,33.0,280545.304926,282524.621662,282524.62190900004,8561.352179060606,44.861900999999996,280545.304926,48825.90260116387,78.5596374,61.853648,9.362928221614268,0.11680397908639532,24,64,,True,True,,122,59.56268577710819
255,2026-09-21T07:59:09.087+00:00,2026-09-21T08:03:50.919+00:00,2026-09-21T08:03:52.883+00:00,True,32,32.0,,32.0,281832.482173,283796.107901,283796.107754,8868.6283673125,49.349581,281832.482173,49810.218063880566,78.09179295000001,63.34276541935484,8.856654713307956,0.11275700796842127,24,64,,True,True,,288,59.56268577710819
256,2026-09-21T07:59:09.340+00:00,2026-09-21T08:03:52.189+00:00,2026-09-21T08:03:55.004+00:00,True,45,45.0,,45.0,282849.380713,285663.898729,285663.89874200005,6348.086638711112,46.524041,282849.380713,42155.16171591756,78.23459179999999,63.96631854545455,9.625157094831163,0.15752778072489318,24,64,,True,True,,97,59.56268577710819
257,2026-09-21T07:59:09.674+00:00,2026-09-21T08:03:53.613+00:00,2026-09-21T08:03:54.153+00:00,True,9,9.0,,9.0,283939.535018,284479.859114,284479.85907,31608.87323,52.00614100000001,283939.535018,94623.99856207051,170394.28494759998,67.540512,9.202738262114567,0.03163668608396428,24,64,,True,True,,23,59.56268577710819
260,2026-09-21T07:59:10.433+00:00,2026-09-21T08:03:55.525+00:00,2026-09-21T08:03:56.156+00:00,True,11,11.0,,11.0,285092.202499,285723.067139,285723.067133,25974.824284818184,44.732791,285092.202499,85939.51246079047,142582.35026550002,63.086464,9.17806318625372,0.03849881673938725,24,64,,True,True,,77,59.56268577710819
261,2026-09-21T07:59:10.664+00:00,2026-09-21T08:03:56.813+00:00,2026-09-21T08:04:00.211+00:00,True,54,54.0,,54.0,286148.633192,289546.232424,289546.23254399997,5361.967269333333,40.976821,286148.633192,38931.174197089735,78.48467799999999,64.10564588679244,9.333768367576123,0.1864987140323917,24,64,,True,True,,108,59.56268577710819
262,2026-09-21T07:59:11.006+00:00,2026-09-21T08:03:59.015+00:00,2026-09-21T08:03:59.941+00:00,True,15,15.0,,15.0,288009.445413,288935.48778100003,288935.487752,19262.365850133334,50.488141000000006,288009.445413,74346.6407858908,86458.6410623,66.14588342857142,9.270385484906038,0.05191470288125119,24,64,,True,True,,44,59.56268577710819
258,2026-09-21T07:59:10.005+00:00,2026-09-21T08:03:59.087+00:00,2026-09-21T08:04:01.359+00:00,True,36,36.0,,36.0,289081.678458,291353.76140200003,291353.761306,8093.160036277778,44.104731,289081.678458,48169.46108603904,76.09289625000001,64.91665554285714,8.824246769509179,0.12356113003919116,24,64,,True,True,,219,59.56268577710819
263,2026-09-21T07:59:11.199+00:00,2026-09-21T08:04:00.864+00:00,2026-09-21T08:04:04.160+00:00,True,53,53.0,,53.0,289664.82465100003,292960.21204300004,292960.21197,5527.551169245284,48.085821,289664.82465100003,39779.81942808938,74.94842399999999,63.37283446153847,7.459853041155236,0.18091193896398733,24,64,,True,True,,250,59.56268577710819
259,2026-09-21T07:59:10.222+00:00,2026-09-21T08:04:01.605+00:00,2026-09-21T08:04:06.313+00:00,True,76,76.0,,76.0,291383.06384899997,296090.66935299995,296090.66946699994,3895.9298614078944,43.571281000000006,291383.06384899997,33416.73102660844,77.57555199999999,62.768073386666664,9.39620781348716,0.25667813229667374,24,64,,True,True,,380,59.56268577710819
264,2026-09-21T07:59:11.439+00:00,2026-09-21T08:04:02.780+00:00,2026-09-21T08:04:03.104+00:00,True,6,6.0,,6.0,291340.270276,291664.82118800003,291664.821003,48610.803500500006,54.349661,291340.270276,118912.66810282024,218523.5524775,64.9101824,9.04591850633449,0.020571558734992407,24,64,,True,True,,6,59.56268577710819
265,2026-09-21T07:59:11.671+00:00,2026-09-21T08:04:04.100+00:00,2026-09-21T08:04:07.576+00:00,True,57,57.0,,57.0,292428.75983999996,295904.72912,295904.72906299995,5191.311036192982,42.918181,292428.75983999996,38724.91528722069,79.25173579999999,62.07088,10.208504396113407,0.19262956752842048,24,64,,True,True,,291,59.56268577710819
266,2026-09-21T07:59:11.934+00:00,2026-09-21T08:04:05.641+00:00,2026-09-21T08:04:06.249+00:00,True,11,11.0,,11.0,293707.260877,294314.93806099996,294314.93802,26755.903456363634,45.631071000000006,293707.260877,88537.74967533434,146893.00902399997,60.7677184,11.662489321796814,0.03737492929332772,24,64,,True,True,,44,59.56268577710819
267,2026-09-21T07:59:12.255+00:00,2026-09-21T08:04:07.311+00:00,2026-09-21T08:04:12.262+00:00,False,80,79.0,,79.0,295056.233074,300006.851698,300006.85171799996,3750.085646475,0.032920000000000005,295056.233074,32981.28550961925,76.8736305,62.66605853164557,11.762814375949462,0.26332731920244556,24,64,,True,False,Request timeout: 300.0s exceeded,474,59.56268577710819
268,2026-09-21T07:59:12.477+00:00,2026-09-21T08:04:08.427+00:00,2026-09-21T08:04:09.770+00:00,True,23,23.0,,23.0,295949.415237,297292.82234099996,297292.82225599996,12925.774880695652,44.238101,295949.415237,61696.98678440457,76.028898,61.063959272727274,8.737765132090983,0.0773648008683459,24,64,,True,True,,69,59.56268577710819
269,2026-09-21T07:59:12.816+00:00,2026-09-21T08:04:10.431+00:00,2026-09-21T08:04:12.823+00:00,False,41,40.0,,40.0,297614.68533,300006.990482,300006.99053,7317.243671463415,0.03321,297614.68533,46470.26651172676,77.030361,59.807628799999996,13.433110646334908,0.13333022652483809,24,64,,True,False,Request timeout: 300.0s exceeded,243,59.56268577710819
270,2026-09-21T07:59:13.093+00:00,2026-09-21T08:04:11.726+00:00,2026-09-21T08:04:13.150+00:00,False,26,25.0,,25.0,298633.028893,300056.331549,300056.331502,11540.628134692306,0.02341,298633.028893,58555.59196429396,78.1363595,56.93210624,14.89004988867067,0.08331768861847008,24,64,,True,False,Request timeout: 300.0s exceeded,100,59.56268577710819
271,2026-09-21T07:59:13.407+00:00,2026-09-21T08:04:13.451+00:00,2026-09-21T08:04:13.451+00:00,False,1,0.0,,0.0,300043.939642,300043.939642,300043.939642,300043.939642,300043.939642,300043.939642,nan,300043.939642,nan,nan,0.0,24,64,,True,False,"HTTPConnectionPool(host='gpu06', port=9004): Read timed out.",0,59.56268577710819
272,2026-09-21T07:59:13.642+00:00,2026-09-21T08:04:13.735+00:00,2026-09-21T08:04:13.735+00:00,False,1,0.0,,0.0,300093.245627,300093.245627,300093.245627,300093.245627,300093.245627,300093.245627,nan,300093.245627,nan,nan,0.0,24,64,,True,False,"HTTPConnectionPool(host='gpu06', port=9004): Read timed out.",0,59.56268577710819
273,2026-09-21T07:59:13.937+00:00,2026-09-21T08:04:14.036+00:00,2026-09-21T08:04:14.036+00:00,False,1,0.0,,0.0,300099.442907,300099.442907,300099.442907,300099.442907,300099.442907,300099.442907,nan,300099.442907,nan,nan,0.0,24,64,,True,False,"HTTPConnectionPool(host='gpu06', port=9004): Read timed out.",0,59.56268577710819
274,2026-09-21T07:59:14.132+00:00,2026-09-21T08:04:14.170+00:00,2026-09-21T08:04:14.170+00:00,False,1,0.0,,0.0,300037.981093,300037.981093,300037.981093,300037.981093,300037.981093,300037.981093,nan,300037.981093,nan,nan,0.0,24,64,,True,False,"HTTPConnectionPool(host='gpu06', port=9004): Read timed out.",0,59.56268577710819
275,2026-09-21T07:59:14.395+00:00,2026-09-21T08:04:14.500+00:00,2026-09-21T08:04:14.500+00:00,False,1,0.0,,0.0,300105.503286,300105.503286,300105.503286,300105.503286,300105.503286,300105.503286,nan,300105.503286,nan,nan,0.0,24,64,,True,False,"HTTPConnectionPool(host='gpu06', port=9004): Read timed out.",0,59.56268577710819
276,2026-09-21T07:59:14.734+00:00,2026-09-21T08:04:14.841+00:00,2026-09-21T08:04:14.841+00:00,False,1,0.0,,0.0,300107.264914,300107.264914,300107.264914,300107.264914,300107.264914,300107.264914,nan,300107.264914,nan,nan,0.0,24,64,,True,False,"HTTPConnectionPool(host='gpu06', port=9004): Read timed out.",0,59.56268577710819
277,2026-09-21T07:59:15.046+00:00,2026-09-21T08:04:15.156+00:00,2026-09-21T08:04:15.156+00:00,False,1,0.0,,0.0,300110.293602,300110.293602,300110.293602,300110.293602,300110.293602,300110.293602,nan,300110.293602,nan,nan,0.0,24,64,,True,False,"HTTPConnectionPool(host='gpu06', port=9004): Read timed out.",0,59.56268577710819
278,2026-09-21T07:59:15.263+00:00,2026-09-21T08:04:15.351+00:00,2026-09-21T08:04:15.351+00:00,False,1,0.0,,0.0,300087.955597,300087.955597,300087.955597,300087.955597,300087.955597,300087.955597,nan,300087.955597,nan,nan,0.0,24,64,,True,False,"HTTPConnectionPool(host='gpu06', port=9004): Read timed out.",0,59.56268577710819
279,2026-09-21T07:59:15.544+00:00,2026-09-21T08:04:15.647+00:00,2026-09-21T08:04:15.647+00:00,False,1,0.0,,0.0,300102.761759,300102.761759,300102.761759,300102.761759,300102.761759,300102.761759,nan,300102.761759,nan,nan,0.0,24,64,,True,False,TTFT timeout: 300.0s exceeded (TTFT: 300.098s),0,59.56268577710819
280,2026-09-21T07:59:15.817+00:00,2026-09-21T08:04:15.803+00:00,2026-09-21T08:04:15.856+00:00,False,3,2.0,,2.0,299986.008379,300038.890555,300038.89048,100012.96349333333,0.02417,299986.008379,173181.73895790867,269992.6933342,26.441088,37.35895157966358,0.006665802544131795,24,64,,True,False,Request timeout: 300.0s exceeded,16,59.56268577710819
281,2026-09-21T07:59:16.106+00:00,2026-09-21T08:04:16.219+00:00,2026-09-21T08:04:16.219+00:00,False,1,0.0,,0.0,300113.376531,300113.376531,300113.376531,300113.376531,300113.376531,300113.376531,nan,300113.376531,nan,nan,0.0,24,64,,True,False,"HTTPConnectionPool(host='gpu06', port=9004): Read timed out.",0,59.56268577710819
282,2026-09-21T07:59:16.298+00:00,2026-09-21T08:04:16.402+00:00,2026-09-21T08:04:16.402+00:00,False,1,0.0,,0.0,300104.50680800003,300104.50680800003,300104.50680800003,300104.50680800003,300104.50680800003,300104.50680800003,nan,300104.50680800003,nan,nan,0.0,24,64,,True,False,"HTTPConnectionPool(host='gpu06', port=9004): Read timed out.",0,59.56268577710819
283,2026-09-21T07:59:16.555+00:00,2026-09-21T08:04:16.657+00:00,2026-09-21T08:04:16.657+00:00,False,1,0.0,,0.0,300101.689752,300101.689752,300101.689752,300101.689752,300101.689752,300101.689752,nan,300101.689752,nan,nan,0.0,24,64,,True,False,"HTTPConnectionPool(host='gpu06', port=9004): Read timed out.",0,59.56268577710819
284,2026-09-21T07:59:16.834+00:00,2026-09-21T08:04:16.936+00:00,2026-09-21T08:04:16.936+00:00,False,1,0.0,,0.0,300101.81354299997,300101.81354299997,300101.81354299997,300101.81354299997,300101.81354299997,300101.81354299997,nan,300101.81354299997,nan,nan,0.0,24,64,,True,False,"HTTPConnectionPool(host='gpu06', port=9004): Read timed out.",0,59.56268577710819
285,2026-09-21T07:59:17.031+00:00,2026-09-21T08:04:17.128+00:00,2026-09-21T08:04:17.128+00:00,False,1,0.0,,0.0,300096.783069,300096.783069,300096.783069,300096.783069,300096.783069,300096.783069,nan,300096.783069,nan,nan,0.0,24,64,,True,False,"HTTPConnectionPool(host='gpu06', port=9004): Read timed out.",0,59.56268577710819
286,2026-09-21T07:59:17.346+00:00,2026-09-21T08:04:17.342+00:00,2026-09-21T08:04:17.547+00:00,False,3,2.0,,2.0,299996.077956,300201.273732,300201.27371,100067.09123666666,0.02856,299996.077956,173143.61183257474,270016.9868798,102.597888,145.05513838784742,0.006662196915878075,24,64,,True,False,Request timeout: 300.0s exceeded,11,59.56268577710819
287,2026-09-21T07:59:17.595+00:00,2026-09-21T08:04:17.548+00:00,2026-09-21T08:04:17.806+00:00,False,3,2.0,,2.0,299953.405638,300210.696902,300210.696994,100070.23233133333,0.044270000000000004,299953.405638,173103.95364254204,269983.7897828,128.645632,181.8701268628798,0.00666198779936504,24,64,,True,False,Request timeout: 300.0s exceeded,11,59.56268577710819
288,2026-09-21T07:59:17.816+00:00,2026-09-21T08:04:17.804+00:00,2026-09-21T08:04:17.918+00:00,False,3,2.0,,2.0,299988.478355,300102.443411,300102.443417,100034.14780566668,0.04179,299988.478355,173165.53921413474,270001.02284670004,56.982528,80.52608957370197,0.006664390923538517,24,64,,True,False,Request timeout: 300.0s exceeded,9,59.56268577710819
289,2026-09-21T07:59:18.053+00:00,2026-09-21T08:04:18.103+00:00,2026-09-21T08:04:18.103+00:00,False,1,0.0,,0.0,300050.09636,300050.09636,300050.09636,300050.09636,300050.09636,300050.09636,nan,300050.09636,nan,nan,0.0,24,64,,True,False,TTFT timeout: 300.0s exceeded (TTFT: 300.028s),0,59.56268577710819
290,2026-09-21T07:59:18.256+00:00,2026-09-21T08:04:18.518+00:00,2026-09-21T08:04:19.356+00:00,False,11,10.0,,10.0,300261.51708099997,301099.82415299997,301099.82431799994,27372.711301636362,0.02565,300261.51708099997,90506.98617434005,150198.469337,83.8307072,40.976929764378276,0.03321157701812084,24,64,,True,False,Request timeout: 300.0s exceeded,32,59.56268577710819
291,2026-09-21T07:59:19.347+00:00,2026-09-21T08:04:18.632+00:00,2026-09-21T08:04:19.475+00:00,False,12,11.0,,11.0,299285.203977,300128.27981700003,300128.27985500003,25010.68998791667,0.03508,299285.203977,86374.07954138782,134753.4636623,76.64325818181818,39.00160087984198,0.03665099472367993,24,64,,True,False,Request timeout: 300.0s exceeded,44,59.56268577710819
293,2026-09-21T07:59:19.991+00:00,2026-09-21T08:04:20.400+00:00,2026-09-21T08:04:20.400+00:00,False,1,0.0,,0.0,300409.18255800003,300409.18255800003,300409.18255800003,300409.18255800003,300409.18255800003,300409.18255800003,nan,300409.18255800003,nan,nan,0.0,24,64,,True,False,"HTTPConnectionPool(host='gpu06', port=9004): Read timed out.",0,59.56268577710819
295,2026-09-21T07:59:20.050+00:00,2026-09-21T08:04:20.647+00:00,2026-09-21T08:04:21.360+00:00,False,10,9.0,,9.0,300596.698027,301309.296043,301309.295932,30130.929593200002,0.02389,300596.698027,95031.99394232515,165405.04015015002,79.17755733333333,45.75597053439947,0.029869639331391903,24,64,,True,False,Request timeout: 300.0s exceeded,46,59.56268577710819
294,2026-09-21T07:59:20.045+00:00,2026-09-21T08:04:20.790+00:00,2026-09-21T08:04:21.361+00:00,False,8,7.0,,7.0,300744.102781,301315.350653,301315.35074300005,37664.418842875006,0.038020000000000005,300744.102781,106300.25612559683,195543.46815205005,81.60683885714285,52.86060220109883,0.023231474881149756,24,64,,True,False,Request timeout: 300.0s exceeded,16,59.56268577710819
292,2026-09-21T07:59:19.740+00:00,2026-09-21T08:04:20.861+00:00,2026-09-21T08:04:21.360+00:00,False,7,6.0,,6.0,301120.70803,301619.53606199997,301619.53602,43088.50514571428,0.023829999999999997,301120.70803,113781.51915002064,210836.78645019996,83.13800533333333,58.744138636413865,0.019892610665532814,24,64,,True,False,Request timeout: 300.0s exceeded,12,59.56268577710819
296,2026-09-21T07:59:20.184+00:00,2026-09-21T08:04:21.214+00:00,2026-09-21T08:04:21.406+00:00,False,5,4.0,,4.0,301030.157968,301222.325648,301222.325642,60244.4651284,0.02813,301030.157968,134603.29859639565,240843.3500528,48.04192,39.27169704879306,0.013279228195968079,24,64,,True,False,Request timeout: 300.0s exceeded,14,59.56268577710819
298,2026-09-21T07:59:20.257+00:00,2026-09-21T08:04:21.526+00:00,2026-09-21T08:04:21.526+00:00,False,1,0.0,,0.0,301269.438867,301269.438867,301269.438867,301269.438867,301269.438867,301269.438867,nan,301269.438867,nan,nan,0.0,24,64,,True,False,"HTTPConnectionPool(host='gpu06', port=9004): Read timed out.",0,59.56268577710819
297,2026-09-21T07:59:20.243+00:00,2026-09-21T08:04:21.528+00:00,2026-09-21T08:04:21.528+00:00,False,1,0.0,,0.0,301284.77779900003,301284.77779900003,301284.77779900003,301284.77779900003,301284.77779900003,301284.77779900003,nan,301284.77779900003,nan,nan,0.0,24,64,,True,False,"HTTPConnectionPool(host='gpu06', port=9004): Read timed out.",0,59.56268577710819
302,2026-09-21T07:59:21.497+00:00,2026-09-21T08:04:21.545+00:00,2026-09-21T08:04:21.545+00:00,False,1,0.0,,0.0,300048.589909,300048.589909,300048.589909,300048.589909,300048.589909,300048.589909,nan,300048.589909,nan,nan,0.0,24,64,,True,False,"HTTPConnectionPool(host='gpu06', port=9004): Read timed out.",0,59.56268577710819
299,2026-09-21T07:59:20.580+00:00,2026-09-21T08:04:21.898+00:00,2026-09-21T08:04:21.898+00:00,False,1,0.0,,0.0,301317.647767,301317.647767,301317.647767,301317.647767,301317.647767,301317.647767,nan,301317.647767,nan,nan,0.0,24,64,,True,False,"HTTPConnectionPool(host='gpu06', port=9004): Read timed out.",0,59.56268577710819
303,2026-09-21T07:59:21.812+00:00,2026-09-21T08:04:21.917+00:00,2026-09-21T08:04:21.917+00:00,False,1,0.0,,0.0,300105.12951,300105.12951,300105.12951,300105.12951,300105.12951,300105.12951,nan,300105.12951,nan,nan,0.0,24,64,,True,False,"HTTPConnectionPool(host='gpu06', port=9004): Read timed out.",0,59.56268577710819
300,2026-09-21T07:59:20.922+00:00,2026-09-21T08:04:21.939+00:00,2026-09-21T08:04:21.939+00:00,False,1,0.0,,0.0,301016.486458,301016.486458,301016.486458,301016.486458,301016.486458,301016.486458,nan,301016.486458,nan,nan,0.0,24,64,,True,False,"HTTPConnectionPool(host='gpu06', port=9004): Read timed out.",0,59.56268577710819
304,2026-09-21T07:59:22.082+00:00,2026-09-21T08:04:23.272+00:00,2026-09-21T08:04:23.272+00:00,False,1,0.0,,0.0,301189.299334,301189.299334,301189.299334,301189.299334,301189.299334,301189.299334,nan,301189.299334,nan,nan,0.0,24,64,,True,False,"HTTPConnectionPool(host='gpu06', port=9004): Read timed out.",0,59.56268577710819
306,2026-09-21T07:59:22.637+00:00,2026-09-21T08:04:23.300+00:00,2026-09-21T08:04:23.300+00:00,False,1,0.0,,0.0,300663.13349599997,300663.13349599997,300663.13349599997,300663.13349599997,300663.13349599997,300663.13349599997,nan,300663.13349599997,nan,nan,0.0,24,64,,True,False,"HTTPConnectionPool(host='gpu06', port=9004): Read timed out.",0,59.56268577710819
305,2026-09-21T07:59:22.323+00:00,2026-09-21T08:04:23.306+00:00,2026-09-21T08:04:23.306+00:00,False,1,0.0,,0.0,300983.411404,300983.411404,300983.411404,300983.411404,300983.411404,300983.411404,nan,300983.411404,nan,nan,0.0,24,64,,True,False,"HTTPConnectionPool(host='gpu06', port=9004): Read timed out.",0,59.56268577710819
308,2026-09-21T07:59:23.070+00:00,2026-09-21T08:04:23.312+00:00,2026-09-21T08:04:23.312+00:00,False,1,0.0,,0.0,300242.487258,300242.487258,300242.487258,300242.487258,300242.487258,300242.487258,nan,300242.487258,nan,nan,0.0,24,64,,True,False,"HTTPConnectionPool(host='gpu06', port=9004): Read timed out.",0,59.56268577710819
307,2026-09-21T07:59:22.874+00:00,2026-09-21T08:04:23.316+00:00,2026-09-21T08:04:23.316+00:00,False,1,0.0,,0.0,300442.10415499995,300442.10415499995,300442.10415499995,300442.10415499995,300442.10415499995,300442.10415499995,nan,300442.10415499995,nan,nan,0.0,24,64,,True,False,"HTTPConnectionPool(host='gpu06', port=9004): Read timed out.",0,59.56268577710819
301,2026-09-21T07:59:21.191+00:00,2026-09-21T08:04:23.321+00:00,2026-09-21T08:04:23.321+00:00,False,1,0.0,,0.0,302129.98732300004,302129.98732300004,302129.98732300004,302129.98732300004,302129.98732300004,302129.98732300004,nan,302129.98732300004,nan,nan,0.0,24,64,,True,False,"HTTPConnectionPool(host='gpu06', port=9004): Read timed out.",0,59.56268577710819
309,2026-09-21T07:59:23.294+00:00,2026-09-21T08:04:23.401+00:00,2026-09-21T08:04:23.401+00:00,False,1,0.0,,0.0,300107.21222000004,300107.21222000004,300107.21222000004,300107.21222000004,300107.21222000004,300107.21222000004,nan,300107.21222000004,nan,nan,0.0,24,64,,True,False,"HTTPConnectionPool(host='gpu06', port=9004): Read timed out.",0,59.56268577710819
310,2026-09-21T07:59:23.506+00:00,2026-09-21T08:04:23.611+00:00,2026-09-21T08:04:23.611+00:00,False,1,0.0,,0.0,300105.197875,300105.197875,300105.197875,300105.197875,300105.197875,300105.197875,nan,300105.197875,nan,nan,0.0,24,64,,True,False,"HTTPConnectionPool(host='gpu06', port=9004): Read timed out.",0,59.56268577710819
311,2026-09-21T07:59:23.798+00:00,2026-09-21T08:04:23.880+00:00,2026-09-21T08:04:23.880+00:00,False,1,0.0,,0.0,300081.527836,300081.527836,300081.527836,300081.527836,300081.527836,300081.527836,nan,300081.527836,nan,nan,0.0,24,64,,True,False,"HTTPConnectionPool(host='gpu06', port=9004): Read timed out.",0,59.56268577710819
312,2026-09-21T07:59:23.987+00:00,2026-09-21T08:04:24.095+00:00,2026-09-21T08:04:24.095+00:00,False,1,0.0,,0.0,300108.53092299995,300108.53092299995,300108.53092299995,300108.53092299995,300108.53092299995,300108.53092299995,nan,300108.53092299995,nan,nan,0.0,24,64,,True,False,"HTTPConnectionPool(host='gpu06', port=9004): Read timed out.",0,59.56268577710819
313,2026-09-21T07:59:24.240+00:00,2026-09-21T08:04:24.344+00:00,2026-09-21T08:04:24.344+00:00,False,1,0.0,,0.0,300104.172506,300104.172506,300104.172506,300104.172506,300104.172506,300104.172506,nan,300104.172506,nan,nan,0.0,24,64,,True,False,"HTTPConnectionPool(host='gpu06', port=9004): Read timed out.",0,59.56268577710819
314,2026-09-21T07:59:24.485+00:00,2026-09-21T08:04:24.551+00:00,2026-09-21T08:04:24.551+00:00,False,1,0.0,,0.0,300065.496119,300065.496119,300065.496119,300065.496119,300065.496119,300065.496119,nan,300065.496119,nan,nan,0.0,24,64,,True,False,"HTTPConnectionPool(host='gpu06', port=9004): Read timed out.",0,59.56268577710819
315,2026-09-21T07:59:24.768+00:00,2026-09-21T08:04:24.873+00:00,2026-09-21T08:04:24.873+00:00,False,1,0.0,,0.0,300105.003241,300105.003241,300105.003241,300105.003241,300105.003241,300105.003241,nan,300105.003241,nan,nan,0.0,24,64,,True,False,TTFT timeout: 300.0s exceeded (TTFT: 300.095s),0,59.56268577710819
316,2026-09-21T07:59:25.056+00:00,2026-09-21T08:04:25.135+00:00,2026-09-21T08:04:25.135+00:00,False,1,0.0,,0.0,300079.59971100005,300079.59971100005,300079.59971100005,300079.59971100005,300079.59971100005,300079.59971100005,nan,300079.59971100005,nan,nan,0.0,24,64,,True,False,TTFT timeout: 300.0s exceeded (TTFT: 300.078s),0,59.56268577710819
317,2026-09-21T07:59:25.276+00:00,2026-09-21T08:04:25.327+00:00,2026-09-21T08:04:25.327+00:00,False,1,0.0,,0.0,300050.573966,300050.573966,300050.573966,300050.573966,300050.573966,300050.573966,nan,300050.573966,nan,nan,0.0,24,64,,True,False,TTFT timeout: 300.0s exceeded (TTFT: 300.039s),0,59.56268577710819
318,2026-09-21T07:59:25.475+00:00,2026-09-21T08:04:25.531+00:00,2026-09-21T08:04:25.531+00:00,False,1,0.0,,0.0,300056.603522,300056.603522,300056.603522,300056.603522,300056.603522,300056.603522,nan,300056.603522,nan,nan,0.0,24,64,,True,False,TTFT timeout: 300.0s exceeded (TTFT: 300.052s),0,59.56268577710819
319,2026-09-21T07:59:25.744+00:00,2026-09-21T08:04:25.716+00:00,2026-09-21T08:04:25.787+00:00,False,3,2.0,,2.0,299972.46831300005,300043.3055610001,300043.30556500005,100014.43518833334,0.05677,299972.46831300005,173168.73998725877,269982.2995299001,35.418624,50.00912583621641,0.006665704459763031,24,64,,True,False,Request timeout: 300.0s exceeded,11,59.56268577710819
320,2026-09-21T07:59:26.052+00:00,2026-09-21T08:04:26.165+00:00,2026-09-21T08:04:26.165+00:00,False,1,0.0,,0.0,300113.509106,300113.509106,300113.509106,300113.509106,300113.509106,300113.509106,nan,300113.509106,nan,nan,0.0,24,64,,True,False,"HTTPConnectionPool(host='gpu06', port=9004): Read timed out.",0,59.56268577710819
321,2026-09-21T07:59:26.364+00:00,2026-09-21T08:04:26.492+00:00,2026-09-21T08:04:26.492+00:00,False,1,0.0,,0.0,300128.537714,300128.537714,300128.537714,300128.537714,300128.537714,300128.537714,nan,300128.537714,nan,nan,0.0,24,64,,True,False,"HTTPConnectionPool(host='gpu06', port=9004): Read timed out.",0,59.56268577710819
322,2026-09-21T07:59:26.676+00:00,2026-09-21T08:04:26.737+00:00,2026-09-21T08:04:26.737+00:00,False,1,0.0,,0.0,300061.893543,300061.893543,300061.893543,300061.893543,300061.893543,300061.893543,nan,300061.893543,nan,nan,0.0,24,64,,True,False,"HTTPConnectionPool(host='gpu06', port=9004): Read timed out.",0,59.56268577710819
323,2026-09-21T07:59:26.863+00:00,2026-09-21T08:04:26.969+00:00,2026-09-21T08:04:26.969+00:00,False,1,0.0,,0.0,300105.59858,300105.59858,300105.59858,300105.59858,300105.59858,300105.59858,nan,300105.59858,nan,nan,0.0,24,64,,True,False,"HTTPConnectionPool(host='gpu06', port=9004): Read timed out.",0,59.56268577710819
324,2026-09-21T07:59:27.154+00:00,2026-09-21T08:04:27.253+00:00,2026-09-21T08:04:27.253+00:00,False,1,0.0,,0.0,300098.825771,300098.825771,300098.825771,300098.825771,300098.825771,300098.825771,nan,300098.825771,nan,nan,0.0,24,64,,True,False,"HTTPConnectionPool(host='gpu06', port=9004): Read timed out.",0,59.56268577710819
325,2026-09-21T07:59:27.379+00:00,2026-09-21T08:04:27.484+00:00,2026-09-21T08:04:27.484+00:00,False,1,0.0,,0.0,300104.924986,300104.924986,300104.924986,300104.924986,300104.924986,300104.924986,nan,300104.924986,nan,nan,0.0,24,64,,True,False,"HTTPConnectionPool(host='gpu06', port=9004): Read timed out.",0,59.56268577710819
326,2026-09-21T07:59:27.636+00:00,2026-09-21T08:04:27.658+00:00,2026-09-21T08:04:27.764+00:00,False,3,2.0,,2.0,300021.814727,300127.987655,300127.98759900004,100042.66253300001,0.03309,300021.814727,173187.0341533418,270030.2472325,53.086464,75.02889437854725,0.0066638237094336535,24,64,,True,False,Request timeout: 300.0s exceeded,2,59.56268577710819
327,2026-09-21T07:59:27.910+00:00,2026-09-21T08:04:28.023+00:00,2026-09-21T08:04:28.023+00:00,False,1,0.0,,0.0,300112.84004000004,300112.84004000004,300112.84004000004,300112.84004000004,300112.84004000004,300112.84004000004,nan,300112.84004000004,nan,nan,0.0,24,64,,True,False,"HTTPConnectionPool(host='gpu06', port=9004): Read timed out.",0,59.56268577710819
328,2026-09-21T07:59:28.097+00:00,2026-09-21T08:04:28.121+00:00,2026-09-21T08:04:28.121+00:00,False,1,0.0,,0.0,300024.282406,300024.282406,300024.282406,300024.282406,300024.282406,300024.282406,nan,300024.282406,nan,nan,0.0,24,64,,True,False,"HTTPConnectionPool(host='gpu06', port=9004): Read timed out.",0,59.56268577710819
329,2026-09-21T07:59:28.287+00:00,2026-09-21T08:04:28.394+00:00,2026-09-21T08:04:28.394+00:00,False,1,0.0,,0.0,300106.938365,300106.938365,300106.938365,300106.938365,300106.938365,300106.938365,nan,300106.938365,nan,nan,0.0,24,64,,True,False,"HTTPConnectionPool(host='gpu06', port=9004): Read timed out.",0,59.56268577710819
330,2026-09-21T07:59:28.484+00:00,2026-09-21T08:04:28.549+00:00,2026-09-21T08:04:28.549+00:00,False,1,0.0,,0.0,300064.126822,300064.126822,300064.126822,300064.126822,300064.126822,300064.126822,nan,300064.126822,nan,nan,0.0,24,64,,True,False,"HTTPConnectionPool(host='gpu06', port=9004): Read timed out.",0,59.56268577710819
331,2026-09-21T07:59:28.796+00:00,2026-09-21T08:04:28.837+00:00,2026-09-21T08:04:28.837+00:00,False,1,0.0,,0.0,300040.99860000005,300040.99860000005,300040.99860000005,300040.99860000005,300040.99860000005,300040.99860000005,nan,300040.99860000005,nan,nan,0.0,24,64,,True,False,TTFT timeout: 300.0s exceeded (TTFT: 300.039s),0,59.56268577710819
332,2026-09-21T07:59:29.002+00:00,2026-09-21T08:04:29.104+00:00,2026-09-21T08:04:29.104+00:00,False,1,0.0,,0.0,300101.703277,300101.703277,300101.703277,300101.703277,300101.703277,300101.703277,nan,300101.703277,nan,nan,0.0,24,64,,True,False,"HTTPConnectionPool(host='gpu06', port=9004): Read timed out.",0,59.56268577710819
333,2026-09-21T07:59:29.308+00:00,2026-09-21T08:04:29.416+00:00,2026-09-21T08:04:29.416+00:00,False,1,0.0,,0.0,300108.595187,300108.595187,300108.595187,300108.595187,300108.595187,300108.595187,nan,300108.595187,nan,nan,0.0,24,64,,True,False,"HTTPConnectionPool(host='gpu06', port=9004): Read timed out.",0,59.56268577710819
334,2026-09-21T07:59:29.578+00:00,2026-09-21T08:04:29.607+00:00,2026-09-21T08:04:29.607+00:00,False,1,0.0,,0.0,300028.825037,300028.825037,300028.825037,300028.825037,300028.825037,300028.825037,nan,300028.825037,nan,nan,0.0,24,64,,True,False,TTFT timeout: 300.0s exceeded (TTFT: 300.022s),0,59.56268577710819
335,2026-09-21T07:59:29.860+00:00,2026-09-21T08:04:29.825+00:00,2026-09-21T08:04:29.897+00:00,True,2,2.0,,2.0,299964.901077,300036.96456500003,300036.964469,150018.4822345,72.06339200000001,299964.901077,212056.25915634012,284970.25919275003,72.063488,nan,0.0066658453330896835,24,64,,True,True,,16,59.56268577710819
336,2026-09-21T07:59:30.046+00:00,2026-09-21T08:04:30.162+00:00,2026-09-21T08:04:30.162+00:00,False,1,0.0,,0.0,300116.16743699997,300116.16743699997,300116.16743699997,300116.16743699997,300116.16743699997,300116.16743699997,nan,300116.16743699997,nan,nan,0.0,24,64,,True,False,"HTTPConnectionPool(host='gpu06', port=9004): Read timed out.",0,59.56268577710819
337,2026-09-21T07:59:30.369+00:00,2026-09-21T08:04:30.474+00:00,2026-09-21T08:04:30.474+00:00,False,1,0.0,,0.0,300105.546296,300105.546296,300105.546296,300105.546296,300105.546296,300105.546296,nan,300105.546296,nan,nan,0.0,24,64,,True,False,"HTTPConnectionPool(host='gpu06', port=9004): Read timed out.",0,59.56268577710819
338,2026-09-21T07:59:30.655+00:00,2026-09-21T08:04:30.759+00:00,2026-09-21T08:04:30.759+00:00,False,1,0.0,,0.0,300104.47182700003,300104.47182700003,300104.47182700003,300104.47182700003,300104.47182700003,300104.47182700003,nan,300104.47182700003,nan,nan,0.0,24,64,,True,False,"HTTPConnectionPool(host='gpu06', port=9004): Read timed out.",0,59.56268577710819
339,2026-09-21T07:59:30.878+00:00,2026-09-21T08:04:30.949+00:00,2026-09-21T08:04:30.949+00:00,False,1,0.0,,0.0,300071.161611,300071.161611,300071.161611,300071.161611,300071.161611,300071.161611,nan,300071.161611,nan,nan,0.0,24,64,,True,False,"HTTPConnectionPool(host='gpu06', port=9004): Read timed out.",0,59.56268577710819
340,2026-09-21T07:59:31.126+00:00,2026-09-21T08:04:31.237+00:00,2026-09-21T08:04:31.237+00:00,False,1,0.0,,0.0,300111.22972500004,300111.22972500004,300111.22972500004,300111.22972500004,300111.22972500004,300111.22972500004,nan,300111.22972500004,nan,nan,0.0,24,64,,True,False,"HTTPConnectionPool(host='gpu06', port=9004): Read timed out.",0,59.56268577710819
341,2026-09-21T07:59:31.328+00:00,2026-09-21T08:04:31.433+00:00,2026-09-21T08:04:31.433+00:00,False,1,0.0,,0.0,300104.86975099996,300104.86975099996,300104.86975099996,300104.86975099996,300104.86975099996,300104.86975099996,nan,300104.86975099996,nan,nan,0.0,24,64,,True,False,"HTTPConnectionPool(host='gpu06', port=9004): Read timed out.",0,59.56268577710819
342,2026-09-21T07:59:31.551+00:00,2026-09-21T08:04:31.693+00:00,2026-09-21T08:04:32.856+00:00,False,20,19.0,,19.0,300141.90719700005,301305.1832290001,301305.18316200003,15065.259158100003,0.03009,300141.90719700005,67100.08872666424,15182.314788650001,61.22505431578948,34.34136524540999,0.06305898822045648,24,64,,True,False,Request timeout: 300.0s exceeded,114,59.56268577710819
343,2026-09-21T07:59:31.766+00:00,2026-09-21T08:04:31.875+00:00,2026-09-21T08:04:31.946+00:00,True,2,2.0,,2.0,300109.018012,300179.05039600004,300179.050294,150089.525147,70.03228200000001,300109.018012,212159.60143001677,285107.0687255,70.032384,nan,0.006662690142305316,24,64,,True,True,,6,59.56268577710819
344,2026-09-21T07:59:32.004+00:00,2026-09-21T08:04:31.999+00:00,2026-09-21T08:04:32.960+00:00,False,19,18.0,,18.0,299995.00967400003,300955.791242,300955.79125400004,15839.778487052634,0.02966,299995.00967400003,68811.3317560825,30069.648192300006,53.37675377777778,16.733123681998084,0.05980944884202647,24,64,,True,False,Request timeout: 300.0s exceeded,37,59.56268577710819
347,2026-09-21T07:59:32.872+00:00,2026-09-21T08:04:32.910+00:00,2026-09-21T08:04:33.013+00:00,False,4,3.0,,3.0,300037.819737,300140.35336899996,300140.353229,75035.08830725,0.052590000000000005,300037.819737,150001.8228990315,255040.0578831,34.177877333333335,29.591289821340695,0.00999532374212849,24,64,,True,False,Request timeout: 300.0s exceeded,22,59.56268577710819
348,2026-09-21T07:59:33.076+00:00,2026-09-21T08:04:33.102+00:00,2026-09-21T08:04:33.102+00:00,False,1,0.0,,0.0,300025.89210299996,300025.89210299996,300025.89210299996,300025.89210299996,300025.89210299996,300025.89210299996,nan,300025.89210299996,nan,nan,0.0,24,64,,True,False,"HTTPConnectionPool(host='gpu06', port=9004): Read timed out.",0,59.56268577710819
349,2026-09-21T07:59:33.293+00:00,2026-09-21T08:04:33.305+00:00,2026-09-21T08:04:33.305+00:00,False,1,0.0,,0.0,300012.432128,300012.432128,300012.432128,300012.432128,300012.432128,300012.432128,nan,300012.432128,nan,nan,0.0,24,64,,True,False,"HTTPConnectionPool(host='gpu06', port=9004): Read timed out.",0,59.56268577710819
345,2026-09-21T07:59:32.317+00:00,2026-09-21T08:04:33.474+00:00,2026-09-21T08:04:33.474+00:00,False,1,0.0,,0.0,301157.31908700004,301157.31908700004,301157.31908700004,301157.31908700004,301157.31908700004,301157.31908700004,nan,301157.31908700004,nan,nan,0.0,24,64,,True,False,"HTTPConnectionPool(host='gpu06', port=9004): Read timed out.",0,59.56268577710819
350,2026-09-21T07:59:33.559+00:00,2026-09-21T08:04:33.619+00:00,2026-09-21T08:04:33.619+00:00,False,1,0.0,,0.0,300060.27202100004,300060.27202100004,300060.27202100004,300060.27202100004,300060.27202100004,300060.27202100004,nan,300060.27202100004,nan,nan,0.0,24,64,,True,False,"HTTPConnectionPool(host='gpu06', port=9004): Read timed out.",0,59.56268577710819
351,2026-09-21T07:59:34.791+00:00,2026-09-21T08:04:33.917+00:00,2026-09-21T08:04:34.924+00:00,False,16,15.0,,15.0,299125.529999,300132.76993500005,300132.76986,18758.29811625,0.027059999999999997,299125.529999,74764.60919910115,74945.4216785,67.14932906666667,47.41100291853803,0.049977881466420876,24,64,,True,False,Request timeout: 300.0s exceeded,33,59.56268577710819
354,2026-09-21T07:59:35.056+00:00,2026-09-21T08:04:34.390+00:00,2026-09-21T08:04:34.761+00:00,True,8,8.0,,8.0,299333.92694599996,299704.487714,299704.48762299994,37463.06095287499,42.227790999999996,299333.92694599996,105811.80888347038,194590.70124524995,52.93725257142857,7.5789208930592675,0.02669296032575324,24,64,,True,True,,32,59.56268577710819
346,2026-09-21T07:59:32.582+00:00,2026-09-21T08:04:34.564+00:00,2026-09-21T08:04:34.612+00:00,True,2,2.0,,2.0,301981.563156,302029.379348,302029.379227,151014.6896135,47.816071,301981.563156,213499.40003286747,286884.87580175,47.816192,nan,0.00662187236326963,24,64,,True,True,,22,59.56268577710819
352,2026-09-21T07:59:34.977+00:00,2026-09-21T08:04:34.979+00:00,2026-09-21T08:04:35.319+00:00,False,8,7.0,,7.0,300001.484635,300342.075995,300342.075782,37542.75947275,0.027800000000000002,300001.484635,106049.34185928771,195026.58703295,48.655908571428576,23.51306466981559,0.023306757725536042,24,64,,True,False,Request timeout: 300.0s exceeded,28,59.56268577710819
355,2026-09-21T07:59:35.128+00:00,2026-09-21T08:04:35.465+00:00,2026-09-21T08:04:35.465+00:00,False,1,0.0,,0.0,300337.160721,300337.160721,300337.160721,300337.160721,300337.160721,300337.160721,nan,300337.160721,nan,nan,0.0,24,64,,True,False,"HTTPConnectionPool(host='gpu06', port=9004): Read timed out.",0,59.56268577710819
353,2026-09-21T07:59:35.020+00:00,2026-09-21T08:04:35.490+00:00,2026-09-21T08:04:35.490+00:00,False,1,0.0,,0.0,300469.781862,300469.781862,300469.781862,300469.781862,300469.781862,300469.781862,nan,300469.781862,nan,nan,0.0,24,64,,True,False,"HTTPConnectionPool(host='gpu06', port=9004): Read timed out.",0,59.56268577710819
356,2026-09-21T07:59:35.195+00:00,2026-09-21T08:04:35.796+00:00,2026-09-21T08:04:35.796+00:00,False,1,0.0,,0.0,300600.680362,300600.680362,300600.680362,300600.680362,300600.680362,300600.680362,nan,300600.680362,nan,nan,0.0,24,64,,True,False,TTFT timeout: 300.0s exceeded (TTFT: 300.065s),0,59.56268577710819
357,2026-09-21T07:59:35.320+00:00,2026-09-21T08:04:35.956+00:00,2026-09-21T08:04:35.956+00:00,False,1,0.0,,0.0,300636.405231,300636.405231,300636.405231,300636.405231,300636.405231,300636.405231,nan,300636.405231,nan,nan,0.0,24,64,,True,False,"HTTPConnectionPool(host='gpu06', port=9004): Read timed out.",0,59.56268577710819
359,2026-09-21T07:59:35.835+00:00,2026-09-21T08:04:36.074+00:00,2026-09-21T08:04:36.074+00:00,False,1,0.0,,0.0,300239.229399,300239.229399,300239.229399,300239.229399,300239.229399,300239.229399,nan,300239.229399,nan,nan,0.0,24,64,,True,False,"HTTPConnectionPool(host='gpu06', port=9004): Read timed out.",0,59.56268577710819
358,2026-09-21T07:59:35.518+00:00,2026-09-21T08:04:36.143+00:00,2026-09-21T08:04:36.143+00:00,False,1,0.0,,0.0,300624.974063,300624.974063,300624.974063,300624.974063,300624.974063,300624.974063,nan,300624.974063,nan,nan,0.0,24,64,,True,False,"HTTPConnectionPool(host='gpu06', port=9004): Read timed out.",0,59.56268577710819
360,2026-09-21T07:59:36.099+00:00,2026-09-21T08:04:36.278+00:00,2026-09-21T08:04:36.278+00:00,False,1,0.0,,0.0,300179.521273,300179.521273,300179.521273,300179.521273,300179.521273,300179.521273,nan,300179.521273,nan,nan,0.0,24,64,,True,False,"HTTPConnectionPool(host='gpu06', port=9004): Read timed out.",0,59.56268577710819
361,2026-09-21T07:59:36.420+00:00,2026-09-21T08:04:36.526+00:00,2026-09-21T08:04:36.526+00:00,False,1,0.0,,0.0,300105.98676999996,300105.98676999996,300105.98676999996,300105.98676999996,300105.98676999996,300105.98676999996,nan,300105.98676999996,nan,nan,0.0,24,64,,True,False,"HTTPConnectionPool(host='gpu06', port=9004): Read timed out.",0,59.56268577710819
362,2026-09-21T07:59:36.717+00:00,2026-09-21T08:04:36.818+00:00,2026-09-21T08:04:36.818+00:00,False,1,0.0,,0.0,300100.973946,300100.973946,300100.973946,300100.973946,300100.973946,300100.973946,nan,300100.973946,nan,nan,0.0,24,64,,True,False,"HTTPConnectionPool(host='gpu06', port=9004): Read timed out.",0,59.56268577710819
363,2026-09-21T07:59:37.027+00:00,2026-09-21T08:04:37.128+00:00,2026-09-21T08:04:37.128+00:00,False,1,0.0,,0.0,300100.78989899997,300100.78989899997,300100.78989899997,300100.78989899997,300100.78989899997,300100.78989899997,nan,300100.78989899997,nan,nan,0.0,24,64,,True,False,"HTTPConnectionPool(host='gpu06', port=9004): Read timed out.",0,59.56268577710819
364,2026-09-21T07:59:37.367+00:00,2026-09-21T08:04:37.461+00:00,2026-09-21T08:04:37.461+00:00,False,1,0.0,,0.0,300093.462749,300093.462749,300093.462749,300093.462749,300093.462749,300093.462749,nan,300093.462749,nan,nan,0.0,24,64,,True,False,"HTTPConnectionPool(host='gpu06', port=9004): Read timed out.",0,59.56268577710819
365,2026-09-21T07:59:37.647+00:00,2026-09-21T08:04:37.737+00:00,2026-09-21T08:04:37.737+00:00,False,1,0.0,,0.0,300089.15205800004,300089.15205800004,300089.15205800004,300089.15205800004,300089.15205800004,300089.15205800004,nan,300089.15205800004,nan,nan,0.0,24,64,,True,False,"HTTPConnectionPool(host='gpu06', port=9004): Read timed out.",0,59.56268577710819
366,2026-09-21T07:59:37.900+00:00,2026-09-21T08:04:37.911+00:00,2026-09-21T08:04:38.081+00:00,False,3,2.0,,2.0,300010.980074,300180.43953000003,300180.439384,100060.14646133334,0.02831,300010.980074,173162.52213200778,270026.8251666,84.729728,119.78574418119499,0.00666265930961874,24,64,,True,False,Request timeout: 300.0s exceeded,6,59.56268577710819
367,2026-09-21T07:59:38.155+00:00,2026-09-21T08:04:38.081+00:00,2026-09-21T08:04:38.253+00:00,False,3,2.0,,2.0,299925.870012,300098.09426800004,300098.094331,100032.69811033334,0.026699999999999998,299925.870012,173112.58631419117,269950.50277270004,86.112128,121.74328728052333,0.006664487506588152,24,64,,True,False,Request timeout: 300.0s exceeded,7,59.56268577710819
368,2026-09-21T07:59:38.396+00:00,2026-09-21T08:04:38.299+00:00,2026-09-21T08:04:38.452+00:00,False,5,4.0,,4.0,299902.351458,300055.968866,300055.968758,60011.1937516,0.030170000000000002,299902.351458,134103.2358414104,239932.7565676,38.404352,25.951232659116908,0.013330846292167357,24,64,,True,False,Request timeout: 300.0s exceeded,17,59.56268577710819
369,2026-09-21T07:59:38.701+00:00,2026-09-21T08:04:38.806+00:00,2026-09-21T08:04:38.806+00:00,False,1,0.0,,0.0,300105.14778,300105.14778,300105.14778,300105.14778,300105.14778,300105.14778,nan,300105.14778,nan,nan,0.0,24,64,,True,False,"HTTPConnectionPool(host='gpu06', port=9004): Read timed out.",0,59.56268577710819
370,2026-09-21T07:59:38.969+00:00,2026-09-21T08:04:39.083+00:00,2026-09-21T08:04:39.083+00:00,False,1,0.0,,0.0,300114.606209,300114.606209,300114.606209,300114.606209,300114.606209,300114.606209,nan,300114.606209,nan,nan,0.0,24,64,,True,False,"HTTPConnectionPool(host='gpu06', port=9004): Read timed out.",0,59.56268577710819
371,2026-09-21T07:59:39.228+00:00,2026-09-21T08:04:39.328+00:00,2026-09-21T08:04:39.328+00:00,False,1,0.0,,0.0,300100.03233200003,300100.03233200003,300100.03233200003,300100.03233200003,300100.03233200003,300100.03233200003,nan,300100.03233200003,nan,nan,0.0,24,64,,True,False,"HTTPConnectionPool(host='gpu06', port=9004): Read timed out.",0,59.56268577710819
372,2026-09-21T07:59:39.432+00:00,2026-09-21T08:04:39.554+00:00,2026-09-21T08:04:39.554+00:00,False,1,0.0,,0.0,300121.36917,300121.36917,300121.36917,300121.36917,300121.36917,300121.36917,nan,300121.36917,nan,nan,0.0,24,64,,True,False,TTFT timeout: 300.0s exceeded (TTFT: 300.099s),0,59.56268577710819
373,2026-09-21T07:59:39.649+00:00,2026-09-21T08:04:39.752+00:00,2026-09-21T08:04:39.752+00:00,False,1,0.0,,0.0,300103.007399,300103.007399,300103.007399,300103.007399,300103.007399,300103.007399,nan,300103.007399,nan,nan,0.0,24,64,,True,False,"HTTPConnectionPool(host='gpu06', port=9004): Read timed out.",0,59.56268577710819
374,2026-09-21T07:59:39.898+00:00,2026-09-21T08:04:39.993+00:00,2026-09-21T08:04:39.993+00:00,False,1,0.0,,0.0,300094.992792,300094.992792,300094.992792,300094.992792,300094.992792,300094.992792,nan,300094.992792,nan,nan,0.0,24,64,,True,False,"HTTPConnectionPool(host='gpu06', port=9004): Read timed out.",0,59.56268577710819
375,2026-09-21T07:59:40.147+00:00,2026-09-21T08:04:40.154+00:00,2026-09-21T08:04:40.461+00:00,False,3,2.0,,2.0,300007.11674,300313.426884,300313.42693200003,100104.475644,0.040119999999999996,300007.11674,173120.833183251,270037.03207320004,153.155072,216.53750193580095,0.006659708893976712,24,64,,True,False,Request timeout: 300.0s exceeded,12,59.56268577710819
376,2026-09-21T07:59:40.392+00:00,2026-09-21T08:04:40.461+00:00,2026-09-21T08:04:40.461+00:00,False,1,0.0,,0.0,300069.09575,300069.09575,300069.09575,300069.09575,300069.09575,300069.09575,nan,300069.09575,nan,nan,0.0,24,64,,True,False,TTFT timeout: 300.0s exceeded (TTFT: 300.059s),0,59.56268577710819
377,2026-09-21T07:59:40.674+00:00,2026-09-21T08:04:40.698+00:00,2026-09-21T08:04:40.698+00:00,False,1,0.0,,0.0,300023.96015,300023.96015,300023.96015,300023.96015,300023.96015,300023.96015,nan,300023.96015,nan,nan,0.0,24,64,,True,False,TTFT timeout: 300.0s exceeded (TTFT: 300.005s),0,59.56268577710819
378,2026-09-21T07:59:40.932+00:00,2026-09-21T08:04:41.033+00:00,2026-09-21T08:04:41.033+00:00,False,1,0.0,,0.0,300101.09967799997,300101.09967799997,300101.09967799997,300101.09967799997,300101.09967799997,300101.09967799997,nan,300101.09967799997,nan,nan,0.0,24,64,,True,False,"HTTPConnectionPool(host='gpu06', port=9004): Read timed out.",0,59.56268577710819
379,2026-09-21T07:59:41.250+00:00,2026-09-21T08:04:41.331+00:00,2026-09-21T08:04:41.331+00:00,False,1,0.0,,0.0,300081.315121,300081.315121,300081.315121,300081.315121,300081.315121,300081.315121,nan,300081.315121,nan,nan,0.0,24,64,,True,False,"HTTPConnectionPool(host='gpu06', port=9004): Read timed out.",0,59.56268577710819
380,2026-09-21T07:59:41.536+00:00,2026-09-21T08:04:41.642+00:00,2026-09-21T08:04:41.642+00:00,False,1,0.0,,0.0,300106.184717,300106.184717,300106.184717,300106.184717,300106.184717,300106.184717,nan,300106.184717,nan,nan,0.0,24,64,,True,False,"HTTPConnectionPool(host='gpu06', port=9004): Read timed out.",0,59.56268577710819
381,2026-09-21T07:59:41.846+00:00,2026-09-21T08:04:41.955+00:00,2026-09-21T08:04:41.955+00:00,False,1,0.0,,0.0,300108.77823,300108.77823,300108.77823,300108.77823,300108.77823,300108.77823,nan,300108.77823,nan,nan,0.0,24,64,,True,False,"HTTPConnectionPool(host='gpu06', port=9004): Read timed out.",0,59.56268577710819
382,2026-09-21T07:59:42.081+00:00,2026-09-21T08:04:42.189+00:00,2026-09-21T08:04:42.189+00:00,False,1,0.0,,0.0,300107.455416,300107.455416,300107.455416,300107.455416,300107.455416,300107.455416,nan,300107.455416,nan,nan,0.0,24,64,,True,False,"HTTPConnectionPool(host='gpu06', port=9004): Read timed out.",0,59.56268577710819
383,2026-09-21T07:59:42.327+00:00,2026-09-21T08:04:42.413+00:00,2026-09-21T08:04:42.413+00:00,False,1,0.0,,0.0,300086.55048000003,300086.55048000003,300086.55048000003,300086.55048000003,300086.55048000003,300086.55048000003,nan,300086.55048000003,nan,nan,0.0,24,64,,True,False,"HTTPConnectionPool(host='gpu06', port=9004): Read timed out.",0,59.56268577710819
384,2026-09-21T07:59:42.614+00:00,2026-09-21T08:04:42.600+00:00,2026-09-21T08:04:42.770+00:00,False,3,2.0,,2.0,299985.691194,300155.958842,300155.958683,100051.98622766667,0.029079999999999998,299985.691194,173147.6884886932,270004.1459155,85.133824,120.35613610887981,0.0066632027154016485,24,64,,True,False,Request timeout: 300.0s exceeded,13,59.56268577710819
385,2026-09-21T07:59:42.891+00:00,2026-09-21T08:04:42.998+00:00,2026-09-21T08:04:42.998+00:00,False,1,0.0,,0.0,300106.766664,300106.766664,300106.766664,300106.766664,300106.766664,300106.766664,nan,300106.766664,nan,nan,0.0,24,64,,True,False,"HTTPConnectionPool(host='gpu06', port=9004): Read timed out.",0,59.56268577710819
386,2026-09-21T07:59:43.136+00:00,2026-09-21T08:04:43.228+00:00,2026-09-21T08:04:43.228+00:00,False,1,0.0,,0.0,300091.647229,300091.647229,300091.647229,300091.647229,300091.647229,300091.647229,nan,300091.647229,nan,nan,0.0,24,64,,True,False,"HTTPConnectionPool(host='gpu06', port=9004): Read timed out.",0,59.56268577710819
387,2026-09-21T07:59:43.362+00:00,2026-09-21T08:04:43.470+00:00,2026-09-21T08:04:43.470+00:00,False,1,0.0,,0.0,300108.074494,300108.074494,300108.074494,300108.074494,300108.074494,300108.074494,nan,300108.074494,nan,nan,0.0,24,64,,True,False,"HTTPConnectionPool(host='gpu06', port=9004): Read timed out.",0,59.56268577710819
388,2026-09-21T07:59:43.571+00:00,2026-09-21T08:04:43.671+00:00,2026-09-21T08:04:43.671+00:00,False,1,0.0,,0.0,300099.96979400003,300099.96979400003,300099.96979400003,300099.96979400003,300099.96979400003,300099.96979400003,nan,300099.96979400003,nan,nan,0.0,24,64,,True,False,"HTTPConnectionPool(host='gpu06', port=9004): Read timed out.",0,59.56268577710819
389,2026-09-21T07:59:43.822+00:00,2026-09-21T08:04:43.928+00:00,2026-09-21T08:04:43.928+00:00,False,1,0.0,,0.0,300106.526127,300106.526127,300106.526127,300106.526127,300106.526127,300106.526127,nan,300106.526127,nan,nan,0.0,24,64,,True,False,"HTTPConnectionPool(host='gpu06', port=9004): Read timed out.",0,59.56268577710819
390,2026-09-21T07:59:44.113+00:00,2026-09-21T08:04:44.231+00:00,2026-09-21T08:04:44.231+00:00,False,1,0.0,,0.0,300118.068152,300118.068152,300118.068152,300118.068152,300118.068152,300118.068152,nan,300118.068152,nan,nan,0.0,24,64,,True,False,"HTTPConnectionPool(host='gpu06', port=9004): Read timed out.",0,59.56268577710819
391,2026-09-21T07:59:44.415+00:00,2026-09-21T08:04:44.408+00:00,2026-09-21T08:04:44.637+00:00,False,3,2.0,,2.0,299992.700384,300222.19312,300222.19314000005,100074.06438000001,0.036590000000000004,299992.700384,173134.65546969604,270016.3759622,114.746368,162.22446036723474,0.006661732696092165,24,64,,True,False,Request timeout: 300.0s exceeded,2,59.56268577710819
392,2026-09-21T07:59:44.653+00:00,2026-09-21T08:04:44.635+00:00,2026-09-21T08:04:44.750+00:00,False,3,2.0,,2.0,299982.023049,300096.745865,300096.74579200003,100032.24859733334,0.02822,299982.023049,173161.5936475076,269995.2901964,57.361408,81.08145689650013,0.006664517451647776,24,64,,True,False,Request timeout: 300.0s exceeded,6,59.56268577710819
393,2026-09-21T07:59:44.944+00:00,2026-09-21T08:04:44.921+00:00,2026-09-21T08:04:44.952+00:00,False,3,2.0,,2.0,299977.33725700004,300007.72087300004,300007.720955,100002.57365166668,0.02863,299977.33725700004,173183.2260618214,269982.6390381,15.191808,21.443912579307725,0.006666495096126691,24,64,,True,False,Request timeout: 300.0s exceeded,4,59.56268577710819
394,2026-09-21T07:59:45.145+00:00,2026-09-21T08:04:45.246+00:00,2026-09-21T08:04:45.246+00:00,False,1,0.0,,0.0,300101.264379,300101.264379,300101.264379,300101.264379,300101.264379,300101.264379,nan,300101.264379,nan,nan,0.0,24,64,,True,False,"HTTPConnectionPool(host='gpu06', port=9004): Read timed out.",0,59.56268577710819
395,2026-09-21T07:59:45.406+00:00,2026-09-21T08:04:45.768+00:00,2026-09-21T08:04:47.030+00:00,False,20,19.0,,19.0,300361.212484,301624.021572,301624.02173700003,15081.20108685,0.0313,300361.212484,67147.95541949462,15179.754481200001,66.46363621052632,34.198805525897654,0.06299233032228685,24,64,,True,False,Request timeout: 300.0s exceeded,39,59.56268577710819
396,2026-09-21T07:59:45.680+00:00,2026-09-21T08:04:46.200+00:00,2026-09-21T08:04:47.130+00:00,False,18,17.0,,17.0,300519.355134,301449.273598,301449.273677,16747.181870944445,0.03857,300519.355134,70820.20015209468,45143.95950285,54.70108611764706,17.457697622839394,0.05639423109929428,24,64,,True,False,Request timeout: 300.0s exceeded,17,59.56268577710819
397,2026-09-21T07:59:45.966+00:00,2026-09-21T08:04:46.748+00:00,2026-09-21T08:04:47.187+00:00,False,10,9.0,,9.0,300781.555615,301221.143455,301221.143348,30122.1143348,0.09209,300781.555615,95100.03571128107,165460.69856845,48.843093333333336,19.942310148398356,0.02987838070319432,24,64,,True,False,Request timeout: 300.0s exceeded,99,59.56268577710819
401,2026-09-21T07:59:47.049+00:00,2026-09-21T08:04:47.271+00:00,2026-09-21T08:04:47.271+00:00,False,1,0.0,,0.0,300222.127428,300222.127428,300222.127428,300222.127428,300222.127428,300222.127428,nan,300222.127428,nan,nan,0.0,24,64,,True,False,"HTTPConnectionPool(host='gpu06', port=9004): Read timed out.",0,59.56268577710819
398,2026-09-21T07:59:46.162+00:00,2026-09-21T08:04:47.346+00:00,2026-09-21T08:04:47.346+00:00,False,1,0.0,,0.0,301184.108402,301184.108402,301184.108402,301184.108402,301184.108402,301184.108402,nan,301184.108402,nan,nan,0.0,24,64,,True,False,"HTTPConnectionPool(host='gpu06', port=9004): Read timed out.",0,59.56268577710819
402,2026-09-21T07:59:47.365+00:00,2026-09-21T08:04:47.472+00:00,2026-09-21T08:04:47.472+00:00,False,1,0.0,,0.0,300106.904858,300106.904858,300106.904858,300106.904858,300106.904858,300106.904858,nan,300106.904858,nan,nan,0.0,24,64,,True,False,"HTTPConnectionPool(host='gpu06', port=9004): Read timed out.",0,59.56268577710819
399,2026-09-21T07:59:46.436+00:00,2026-09-21T08:04:47.528+00:00,2026-09-21T08:04:47.528+00:00,False,1,0.0,,0.0,301092.548986,301092.548986,301092.548986,301092.548986,301092.548986,301092.548986,nan,301092.548986,nan,nan,0.0,24,64,,True,False,"HTTPConnectionPool(host='gpu06', port=9004): Read timed out.",0,59.56268577710819
403,2026-09-21T07:59:47.582+00:00,2026-09-21T08:04:47.591+00:00,2026-09-21T08:04:47.591+00:00,False,1,0.0,,0.0,300009.290202,300009.290202,300009.290202,300009.290202,300009.290202,300009.290202,nan,300009.290202,nan,nan,0.0,24,64,,True,False,"HTTPConnectionPool(host='gpu06', port=9004): Read timed out.",0,59.56268577710819
400,2026-09-21T07:59:46.755+00:00,2026-09-21T08:04:47.802+00:00,2026-09-21T08:04:47.802+00:00,False,1,0.0,,0.0,301046.889572,301046.889572,301046.889572,301046.889572,301046.889572,301046.889572,nan,301046.889572,nan,nan,0.0,24,64,,True,False,"HTTPConnectionPool(host='gpu06', port=9004): Read timed out.",0,59.56268577710819
404,2026-09-21T07:59:47.888+00:00,2026-09-21T08:04:47.906+00:00,2026-09-21T08:04:47.906+00:00,False,1,0.0,,0.0,300018.574175,300018.574175,300018.574175,300018.574175,300018.574175,300018.574175,nan,300018.574175,nan,nan,0.0,24,64,,True,False,"HTTPConnectionPool(host='gpu06', port=9004): Read timed out.",0,59.56268577710819
405,2026-09-21T07:59:48.131+00:00,2026-09-21T08:04:48.236+00:00,2026-09-21T08:04:48.236+00:00,False,1,0.0,,0.0,300105.035454,300105.035454,300105.035454,300105.035454,300105.035454,300105.035454,nan,300105.035454,nan,nan,0.0,24,64,,True,False,"HTTPConnectionPool(host='gpu06', port=9004): Read timed out.",0,59.56268577710819
406,2026-09-21T07:59:48.423+00:00,2026-09-21T08:04:48.534+00:00,2026-09-21T08:04:48.534+00:00,False,1,0.0,,0.0,300111.6285,300111.6285,300111.6285,300111.6285,300111.6285,300111.6285,nan,300111.6285,nan,nan,0.0,24,64,,True,False,"HTTPConnectionPool(host='gpu06', port=9004): Read timed out.",0,59.56268577710819
407,2026-09-21T07:59:48.685+00:00,2026-09-21T08:04:48.757+00:00,2026-09-21T08:04:48.757+00:00,False,1,0.0,,0.0,300072.975583,300072.975583,300072.975583,300072.975583,300072.975583,300072.975583,nan,300072.975583,nan,nan,0.0,24,64,,True,False,TTFT timeout: 300.0s exceeded (TTFT: 300.058s),0,59.56268577710819
408,2026-09-21T07:59:49.010+00:00,2026-09-21T08:04:49.024+00:00,2026-09-21T08:04:49.136+00:00,False,3,2.0,,2.0,300014.114628,300126.328388,300126.32845100004,100042.10948366667,0.02265,300014.114628,173180.84558209186,270023.9222825,56.10688,79.31525123530662,0.00666386055079587,24,64,,True,False,Request timeout: 300.0s exceeded,10,59.56268577710819
409,2026-09-21T07:59:49.215+00:00,2026-09-21T08:04:49.137+00:00,2026-09-21T08:04:49.283+00:00,False,3,2.0,,2.0,299921.843223,300067.890455,300067.89035400003,100022.630118,0.02549,299921.843223,173117.8121358911,269944.26106479997,73.023616,103.23478425352819,0.006665158331227486,24,64,,True,False,Request timeout: 300.0s exceeded,6,59.56268577710819
410,2026-09-21T07:59:49.487+00:00,2026-09-21T08:04:49.589+00:00,2026-09-21T08:04:49.589+00:00,False,1,0.0,,0.0,300101.720681,300101.720681,300101.720681,300101.720681,300101.720681,300101.720681,nan,300101.720681,nan,nan,0.0,24,64,,True,False,"HTTPConnectionPool(host='gpu06', port=9004): Read timed out.",0,59.56268577710819
411,2026-09-21T07:59:49.685+00:00,2026-09-21T08:04:49.757+00:00,2026-09-21T08:04:49.757+00:00,False,1,0.0,,0.0,300071.675704,300071.675704,300071.675704,300071.675704,300071.675704,300071.675704,nan,300071.675704,nan,nan,0.0,24,64,,True,False,"HTTPConnectionPool(host='gpu06', port=9004): Read timed out.",0,59.56268577710819
412,2026-09-21T07:59:49.943+00:00,2026-09-21T08:04:50.047+00:00,2026-09-21T08:04:50.047+00:00,False,1,0.0,,0.0,300104.337623,300104.337623,300104.337623,300104.337623,300104.337623,300104.337623,nan,300104.337623,nan,nan,0.0,24,64,,True,False,"HTTPConnectionPool(host='gpu06', port=9004): Read timed out.",0,59.56268577710819
413,2026-09-21T07:59:50.150+00:00,2026-09-21T08:04:50.184+00:00,2026-09-21T08:04:50.184+00:00,False,1,0.0,,0.0,300034.04020700004,300034.04020700004,300034.04020700004,300034.04020700004,300034.04020700004,300034.04020700004,nan,300034.04020700004,nan,nan,0.0,24,64,,True,False,"HTTPConnectionPool(host='gpu06', port=9004): Read timed out.",0,59.56268577710819
414,2026-09-21T07:59:50.465+00:00,2026-09-21T08:04:50.586+00:00,2026-09-21T08:04:50.586+00:00,False,1,0.0,,0.0,300120.79513499996,300120.79513499996,300120.79513499996,300120.79513499996,300120.79513499996,300120.79513499996,nan,300120.79513499996,nan,nan,0.0,24,64,,True,False,"HTTPConnectionPool(host='gpu06', port=9004): Read timed out.",0,59.56268577710819
415,2026-09-21T07:59:50.755+00:00,2026-09-21T08:04:50.860+00:00,2026-09-21T08:04:50.860+00:00,False,1,0.0,,0.0,300105.29343300004,300105.29343300004,300105.29343300004,300105.29343300004,300105.29343300004,300105.29343300004,nan,300105.29343300004,nan,nan,0.0,24,64,,True,False,"HTTPConnectionPool(host='gpu06', port=9004): Read timed out.",0,59.56268577710819
416,2026-09-21T07:59:50.976+00:00,2026-09-21T08:04:51.073+00:00,2026-09-21T08:04:51.073+00:00,False,1,0.0,,0.0,300097.00885000004,300097.00885000004,300097.00885000004,300097.00885000004,300097.00885000004,300097.00885000004,nan,300097.00885000004,nan,nan,0.0,24,64,,True,False,TTFT timeout: 300.0s exceeded (TTFT: 300.086s),0,59.56268577710819
417,2026-09-21T07:59:51.174+00:00,2026-09-21T08:04:51.283+00:00,2026-09-21T08:04:51.283+00:00,False,1,0.0,,0.0,300109.0587,300109.0587,300109.0587,300109.0587,300109.0587,300109.0587,nan,300109.0587,nan,nan,0.0,24,64,,True,False,"HTTPConnectionPool(host='gpu06', port=9004): Read timed out.",0,59.56268577710819
418,2026-09-21T07:59:51.464+00:00,2026-09-21T08:04:51.463+00:00,2026-09-21T08:04:51.566+00:00,False,3,2.0,,2.0,299999.181163,300102.816619,300102.816477,100034.272159,0.03272,299999.181163,173174.69880560844,270009.6233061,51.817728,73.23499275894824,0.006664382635698917,24,64,,True,False,Request timeout: 300.0s exceeded,4,59.56268577710819
419,2026-09-21T07:59:51.799+00:00,2026-09-21T08:04:51.907+00:00,2026-09-21T08:04:51.907+00:00,False,1,0.0,,0.0,300108.167847,300108.167847,300108.167847,300108.167847,300108.167847,300108.167847,nan,300108.167847,nan,nan,0.0,24,64,,True,False,"HTTPConnectionPool(host='gpu06', port=9004): Read timed out.",0,59.56268577710819
420,2026-09-21T07:59:52.072+00:00,2026-09-21T08:04:52.114+00:00,2026-09-21T08:04:52.114+00:00,False,1,0.0,,0.0,300042.11108,300042.11108,300042.11108,300042.11108,300042.11108,300042.11108,nan,300042.11108,nan,nan,0.0,24,64,,True,False,"HTTPConnectionPool(host='gpu06', port=9004): Read timed out.",0,59.56268577710819
421,2026-09-21T07:59:52.399+00:00,2026-09-21T08:04:52.483+00:00,2026-09-21T08:04:52.483+00:00,False,1,0.0,,0.0,300084.57267799997,300084.57267799997,300084.57267799997,300084.57267799997,300084.57267799997,300084.57267799997,nan,300084.57267799997,nan,nan,0.0,24,64,,True,False,"HTTPConnectionPool(host='gpu06', port=9004): Read timed out.",0,59.56268577710819
422,2026-09-21T07:59:52.606+00:00,2026-09-21T08:04:52.715+00:00,2026-09-21T08:04:52.715+00:00,False,1,0.0,,0.0,300109.381486,300109.381486,300109.381486,300109.381486,300109.381486,300109.381486,nan,300109.381486,nan,nan,0.0,24,64,,True,False,"HTTPConnectionPool(host='gpu06', port=9004): Read timed out.",0,59.56268577710819
423,2026-09-21T07:59:54.226+00:00,2026-09-21T08:04:53.200+00:00,2026-09-21T08:04:54.404+00:00,False,22,21.0,,21.0,298973.674194,300177.486802,300177.48675000004,13644.431215909091,0.037939999999999995,298973.674194,63729.182149863685,90.42172605,57.3244099047619,17.33340408878624,0.06995861089959689,24,64,,True,False,Request timeout: 300.0s exceeded,93,59.56268577710819
424,2026-09-21T07:59:54.262+00:00,2026-09-21T08:04:53.202+00:00,2026-09-21T08:04:54.456+00:00,True,22,22.0,,22.0,298940.263111,300193.64883900003,300193.648804,13645.165854727273,43.246108,298940.263111,63721.55442683655,94.0157056,59.68503466666667,11.998418879248337,0.0732860274862079,24,64,,True,True,,80,59.56268577710819
425,2026-09-21T07:59:54.297+00:00,2026-09-21T08:04:53.296+00:00,2026-09-21T08:04:54.688+00:00,False,26,25.0,,25.0,298999.121172,300391.114772,300391.114887,11553.50441873077,0.0192,298999.121172,58627.634023362865,71.751226,55.679744,14.267009646973586,0.08322483179629085,24,64,,True,False,Request timeout: 300.0s exceeded,76,59.56268577710819
427,2026-09-21T07:59:54.579+00:00,2026-09-21T08:04:54.635+00:00,2026-09-21T08:04:54.879+00:00,False,6,5.0,,5.0,300055.86665499996,300299.65775899997,300299.65790999995,50049.942984999994,0.08255,300055.86665499996,122477.39198355211,225060.04614274998,48.7582208,29.543896830793926,0.016650035625457353,24,64,,True,False,Request timeout: 300.0s exceeded,15,59.56268577710819
426,2026-09-21T07:59:54.464+00:00,2026-09-21T08:04:54.913+00:00,2026-09-21T08:04:54.913+00:00,False,1,0.0,,0.0,300449.105149,300449.105149,300449.105149,300449.105149,300449.105149,300449.105149,nan,300449.105149,nan,nan,0.0,24,64,,True,False,"HTTPConnectionPool(host='gpu06', port=9004): Read timed out.",0,59.56268577710819
428,2026-09-21T07:59:54.580+00:00,2026-09-21T08:04:55.010+00:00,2026-09-21T08:04:55.010+00:00,False,1,0.0,,0.0,300429.841932,300429.841932,300429.841932,300429.841932,300429.841932,300429.841932,nan,300429.841932,nan,nan,0.0,24,64,,True,False,"HTTPConnectionPool(host='gpu06', port=9004): Read timed out.",0,59.56268577710819
429,2026-09-21T07:59:54.993+00:00,2026-09-21T08:04:55.310+00:00,2026-09-21T08:04:55.310+00:00,False,1,0.0,,0.0,300316.863258,300316.863258,300316.863258,300316.863258,300316.863258,300316.863258,nan,300316.863258,nan,nan,0.0,24,64,,True,False,"HTTPConnectionPool(host='gpu06', port=9004): Read timed out.",0,59.56268577710819
431,2026-09-21T07:59:55.072+00:00,2026-09-21T08:04:55.328+00:00,2026-09-21T08:04:55.328+00:00,False,1,0.0,,0.0,300255.71172,300255.71172,300255.71172,300255.71172,300255.71172,300255.71172,nan,300255.71172,nan,nan,0.0,24,64,,True,False,"HTTPConnectionPool(host='gpu06', port=9004): Read timed out.",0,59.56268577710819
432,2026-09-21T07:59:55.190+00:00,2026-09-21T08:04:55.408+00:00,2026-09-21T08:04:55.408+00:00,False,1,0.0,,0.0,300218.630555,300218.630555,300218.630555,300218.630555,300218.630555,300218.630555,nan,300218.630555,nan,nan,0.0,24,64,,True,False,"HTTPConnectionPool(host='gpu06', port=9004): Read timed out.",0,59.56268577710819
430,2026-09-21T07:59:55.009+00:00,2026-09-21T08:04:55.431+00:00,2026-09-21T08:04:55.431+00:00,False,1,0.0,,0.0,300421.761509,300421.761509,300421.761509,300421.761509,300421.761509,300421.761509,nan,300421.761509,nan,nan,0.0,24,64,,True,False,"HTTPConnectionPool(host='gpu06', port=9004): Read timed out.",0,59.56268577710819
433,2026-09-21T07:59:55.521+00:00,2026-09-21T08:04:55.695+00:00,2026-09-21T08:04:55.695+00:00,False,1,0.0,,0.0,300173.98175800004,300173.98175800004,300173.98175800004,300173.98175800004,300173.98175800004,300173.98175800004,nan,300173.98175800004,nan,nan,0.0,24,64,,True,False,"HTTPConnectionPool(host='gpu06', port=9004): Read timed out.",0,59.56268577710819
434,2026-09-21T07:59:55.743+00:00,2026-09-21T08:04:55.842+00:00,2026-09-21T08:04:55.842+00:00,False,1,0.0,,0.0,300098.500269,300098.500269,300098.500269,300098.500269,300098.500269,300098.500269,nan,300098.500269,nan,nan,0.0,24,64,,True,False,"HTTPConnectionPool(host='gpu06', port=9004): Read timed out.",0,59.56268577710819
435,2026-09-21T07:59:56.066+00:00,2026-09-21T08:04:56.185+00:00,2026-09-21T08:04:56.185+00:00,False,1,0.0,,0.0,300118.77099,300118.77099,300118.77099,300118.77099,300118.77099,300118.77099,nan,300118.77099,nan,nan,0.0,24,64,,True,False,"HTTPConnectionPool(host='gpu06', port=9004): Read timed out.",0,59.56268577710819
436,2026-09-21T07:59:56.326+00:00,2026-09-21T08:04:56.434+00:00,2026-09-21T08:04:56.434+00:00,False,1,0.0,,0.0,300107.67024199996,300107.67024199996,300107.67024199996,300107.67024199996,300107.67024199996,300107.67024199996,nan,300107.67024199996,nan,nan,0.0,24,64,,True,False,"HTTPConnectionPool(host='gpu06', port=9004): Read timed out.",0,59.56268577710819
437,2026-09-21T07:59:56.582+00:00,2026-09-21T08:04:56.704+00:00,2026-09-21T08:04:56.704+00:00,False,1,0.0,,0.0,300122.25345200003,300122.25345200003,300122.25345200003,300122.25345200003,300122.25345200003,300122.25345200003,nan,300122.25345200003,nan,nan,0.0,24,64,,True,False,"HTTPConnectionPool(host='gpu06', port=9004): Read timed out.",0,59.56268577710819
438,2026-09-21T07:59:56.881+00:00,2026-09-21T08:04:56.918+00:00,2026-09-21T08:04:56.918+00:00,False,1,0.0,,0.0,300037.245283,300037.245283,300037.245283,300037.245283,300037.245283,300037.245283,nan,300037.245283,nan,nan,0.0,24,64,,True,False,TTFT timeout: 300.0s exceeded (TTFT: 300.030s),0,59.56268577710819
439,2026-09-21T07:59:57.115+00:00,2026-09-21T08:04:57.188+00:00,2026-09-21T08:04:57.188+00:00,False,1,0.0,,0.0,300072.445256,300072.445256,300072.445256,300072.445256,300072.445256,300072.445256,nan,300072.445256,nan,nan,0.0,24,64,,True,False,TTFT timeout: 300.0s exceeded (TTFT: 300.067s),0,59.56268577710819
440,2026-09-21T07:59:57.425+00:00,2026-09-21T08:04:57.357+00:00,2026-09-21T08:04:57.447+00:00,False,3,2.0,,2.0,299932.12554900005,300021.69636500004,300021.69615300006,100007.23205100001,0.02875,299932.12554900005,173140.04240293155,269947.86717950006,44.785408,63.29522102008018,0.006666184560088756,24,64,,True,False,Request timeout: 300.0s exceeded,10,59.56268577710819
441,2026-09-21T07:59:57.624+00:00,2026-09-21T08:04:57.726+00:00,2026-09-21T08:04:57.726+00:00,False,1,0.0,,0.0,300102.482869,300102.482869,300102.482869,300102.482869,300102.482869,300102.482869,nan,300102.482869,nan,nan,0.0,24,64,,True,False,"HTTPConnectionPool(host='gpu06', port=9004): Read timed out.",0,59.56268577710819
442,2026-09-21T07:59:57.965+00:00,2026-09-21T08:04:58.072+00:00,2026-09-21T08:04:58.072+00:00,False,1,0.0,,0.0,300107.722358,300107.722358,300107.722358,300107.722358,300107.722358,300107.722358,nan,300107.722358,nan,nan,0.0,24,64,,True,False,"HTTPConnectionPool(host='gpu06', port=9004): Read timed out.",0,59.56268577710819
443,2026-09-21T07:59:58.189+00:00,2026-09-21T08:04:58.242+00:00,2026-09-21T08:04:58.242+00:00,False,1,0.0,,0.0,300053.26775700005,300053.26775700005,300053.26775700005,300053.26775700005,300053.26775700005,300053.26775700005,nan,300053.26775700005,nan,nan,0.0,24,64,,True,False,"HTTPConnectionPool(host='gpu06', port=9004): Read timed out.",0,59.56268577710819
444,2026-09-21T07:59:58.418+00:00,2026-09-21T08:04:58.525+00:00,2026-09-21T08:04:58.525+00:00,False,1,0.0,,0.0,300106.75301,300106.75301,300106.75301,300106.75301,300106.75301,300106.75301,nan,300106.75301,nan,nan,0.0,24,64,,True,False,"HTTPConnectionPool(host='gpu06', port=9004): Read timed out.",0,59.56268577710819
445,2026-09-21T07:59:58.761+00:00,2026-09-21T08:04:58.873+00:00,2026-09-21T08:04:58.873+00:00,False,1,0.0,,0.0,300112.405359,300112.405359,300112.405359,300112.405359,300112.405359,300112.405359,nan,300112.405359,nan,nan,0.0,24,64,,True,False,"HTTPConnectionPool(host='gpu06', port=9004): Read timed out.",0,59.56268577710819
446,2026-09-21T07:59:58.960+00:00,2026-09-21T08:04:59.068+00:00,2026-09-21T08:04:59.068+00:00,False,1,0.0,,0.0,300108.303009,300108.303009,300108.303009,300108.303009,300108.303009,300108.303009,nan,300108.303009,nan,nan,0.0,24,64,,True,False,TTFT timeout: 300.0s exceeded (TTFT: 300.084s),0,59.56268577710819
447,2026-09-21T07:59:59.277+00:00,2026-09-21T08:04:59.213+00:00,2026-09-21T08:04:59.374+00:00,False,3,2.0,,2.0,299936.23881199997,300096.76028399996,300096.760362,100032.25345399999,0.03318,299936.23881199997,173121.9482271835,269958.66376779997,80.260736,113.45875634989073,0.006664517131432133,24,64,,True,False,Request timeout: 300.0s exceeded,8,59.56268577710819
448,2026-09-21T07:59:59.587+00:00,2026-09-21T08:04:59.701+00:00,2026-09-21T08:04:59.701+00:00,False,1,0.0,,0.0,300114.118125,300114.118125,300114.118125,300114.118125,300114.118125,300114.118125,nan,300114.118125,nan,nan,0.0,24,64,,True,False,"HTTPConnectionPool(host='gpu06', port=9004): Read timed out.",0,59.56268577710819
449,2026-09-21T07:59:59.926+00:00,2026-09-21T08:05:00.019+00:00,2026-09-21T08:05:00.019+00:00,False,1,0.0,,0.0,300093.26652600005,300093.26652600005,300093.26652600005,300093.26652600005,300093.26652600005,300093.26652600005,nan,300093.26652600005,nan,nan,0.0,24,64,,True,False,"HTTPConnectionPool(host='gpu06', port=9004): Read timed out.",0,59.56268577710819
450,2026-09-21T08:00:00.135+00:00,2026-09-21T08:05:00.243+00:00,2026-09-21T08:05:00.243+00:00,False,1,0.0,,0.0,300107.768534,300107.768534,300107.768534,300107.768534,300107.768534,300107.768534,nan,300107.768534,nan,nan,0.0,24,64,,True,False,"HTTPConnectionPool(host='gpu06', port=9004): Read timed out.",0,59.56268577710819
451,2026-09-21T08:00:00.417+00:00,2026-09-21T08:05:00.539+00:00,2026-09-21T08:05:00.539+00:00,False,1,0.0,,0.0,300122.53065100004,300122.53065100004,300122.53065100004,300122.53065100004,300122.53065100004,300122.53065100004,nan,300122.53065100004,nan,nan,0.0,24,64,,True,False,"HTTPConnectionPool(host='gpu06', port=9004): Read timed out.",0,59.56268577710819
452,2026-09-21T08:00:00.645+00:00,2026-09-21T08:05:00.772+00:00,2026-09-21T08:05:00.772+00:00,False,1,0.0,,0.0,300127.240287,300127.240287,300127.240287,300127.240287,300127.240287,300127.240287,nan,300127.240287,nan,nan,0.0,24,64,,True,False,"HTTPConnectionPool(host='gpu06', port=9004): Read timed out.",0,59.56268577710819
453,2026-09-21T08:00:00.931+00:00,2026-09-21T08:05:00.977+00:00,2026-09-21T08:05:00.977+00:00,False,1,0.0,,0.0,300045.799949,300045.799949,300045.799949,300045.799949,300045.799949,300045.799949,nan,300045.799949,nan,nan,0.0,24,64,,True,False,TTFT timeout: 300.0s exceeded (TTFT: 300.041s),0,59.56268577710819
454,2026-09-21T08:00:01.184+00:00,2026-09-21T08:05:01.168+00:00,2026-09-21T08:05:02.288+00:00,True,16,16.0,,16.0,299984.849675,301104.487947,301104.488106,18819.030506625,42.735487,299984.849675,74977.56362397833,75157.76504075,74.64255146666667,43.62578842489801,0.053137700168774296,24,64,,True,True,,64,59.56268577710819
455,2026-09-21T08:00:01.473+00:00,2026-09-21T08:05:01.382+00:00,2026-09-21T08:05:03.025+00:00,False,29,28.0,,28.0,299909.542516,301552.782452,301552.782386,10398.371806413792,0.03607,299909.542516,55680.90925469362,110.46411339999999,58.68714057142857,19.4110551714043,0.09285273301849545,24,64,,True,False,Request timeout: 300.0s exceeded,84,59.56268577710819
457,2026-09-21T08:00:02.006+00:00,2026-09-21T08:05:02.856+00:00,2026-09-21T08:05:03.069+00:00,False,6,5.0,,5.0,300849.247179,301062.594507,301062.594496,50177.09908266667,0.03363,300849.247179,122803.77314867804,225652.91270825,42.6694656,25.001367088457158,0.016607841994412044,24,64,,True,False,Request timeout: 300.0s exceeded,15,59.56268577710819
456,2026-09-21T08:00:01.787+00:00,2026-09-21T08:05:04.098+00:00,2026-09-21T08:05:04.909+00:00,False,24,23.0,,23.0,302311.646452,303122.28018,303122.280173,12630.095007208334,0.04151,302311.646452,61701.91539571074,83.16480015,35.24494469565217,20.677843493245582,0.07587696947364655,24,64,,True,False,Request timeout: 300.0s exceeded,32,59.56268577710819
0,2026-09-21T07:58:02.267+00:00,2026-09-21T07:58:02.383+00:00,2026-09-21T07:58:03.124+00:00,True,16,16.0,,16.0,115.715728,857.036432,857.036418,53.564776125,0.01611,234.18025599999999,59.66490997865802,145.33185999999998,49.42138026666667,59.328547079732346,18.66898465758571,25,64,,False,True,,56,59.56268577710819
3,2026-09-21T07:58:03.112+00:00,2026-09-21T07:58:03.304+00:00,2026-09-21T07:58:05.281+00:00,True,32,32.0,,32.0,192.179233,2169.358113,2169.358196,67.792443625,40.904472999999996,192.179233,33.80735217228479,130.13823370000003,63.77996387096774,25.468870916018023,14.750907103920836,25,64,,False,True,,188,59.56268577710819
2,2026-09-21T07:58:02.759+00:00,2026-09-21T07:58:03.573+00:00,2026-09-21T07:58:04.023+00:00,True,9,9.0,,9.0,813.929925,1263.596741,1263.596575,140.39961944444445,42.403303,813.929925,252.71873216352478,518.123133,56.208352,9.14650502456377,7.122525492490171,25,64,,False,True,,81,59.56268577710819
1,2026-09-21T07:58:02.502+00:00,2026-09-21T07:58:06.309+00:00,2026-09-21T07:58:07.735+00:00,True,24,24.0,,24.0,3806.786716,5233.400988,5233.400922,218.05837175,47.211135,3806.786716,764.5116432045285,105.4070398,62.02670747826087,13.599483214870098,4.585927975905369,25,64,,False,True,,145,59.56268577710819
4,2026-09-21T07:58:03.297+00:00,2026-09-21T07:58:08.500+00:00,2026-09-21T07:58:10.936+00:00,True,40,40.0,,40.0,5203.7993289999995,7639.161633,7639.161491999999,190.9790373,43.708925,5203.7993289999995,812.998928994909,83.0580435,62.44518728205128,11.515070179552794,5.236176680331801,25,64,,False,True,,90,59.56268577710819
5,2026-09-21T07:58:03.642+00:00,2026-09-21T07:58:09.242+00:00,2026-09-21T07:58:09.411+00:00,True,4,4.0,,4.0,5599.996313,5769.019289,5769.0192099999995,1442.2548024999999,47.628964999999994,5599.996313,2771.8363047609055,4769.6793999500005,56.340992,8.471741178112561,0.6933587494891803,25,64,,False,True,,24,59.56268577710819
7,2026-09-21T07:58:04.209+00:00,2026-09-21T07:58:10.637+00:00,2026-09-21T07:58:13.683+00:00,True,48,48.0,,48.0,6427.836779,9473.715563,9473.715685000001,197.36907677083335,0.016210000000000002,6427.836779,920.351995578502,80.8734065,64.80593157446809,60.17875071074872,5.0666498989547515,25,64,,False,True,,192,59.56268577710819
8,2026-09-21T07:58:04.459+00:00,2026-09-21T07:58:12.076+00:00,2026-09-21T07:58:15.287+00:00,True,51,51.0,,51.0,7616.743542,10827.881078,10827.880995,212.31139205882354,0.01704,7616.743542,1059.114621355021,84.876034,64.22275072,57.86351942893623,4.710062812161964,25,64,,False,True,,307,59.56268577710819
9,2026-09-21T07:58:04.786+00:00,2026-09-21T07:58:13.810+00:00,2026-09-21T07:58:15.748+00:00,True,33,33.0,,33.0,9023.982659,10962.214723,10962.214779999998,332.1883266666666,38.191134,9023.982659,1560.3756659158134,82.66254840000002,60.569752,12.14100485248843,3.010340595752259,25,64,,False,True,,99,59.56268577710819
6,2026-09-21T07:58:03.924+00:00,2026-09-21T07:58:15.203+00:00,2026-09-21T07:58:15.287+00:00,True,2,2.0,,2.0,11279.406912,11363.165504,11363.16548,5681.58274,83.758568,11279.406912,7916.518863822342,10719.6244948,83.758592,nan,0.17600729297623718,25,64,,False,True,,14,59.56268577710819
10,2026-09-21T07:58:05.061+00:00,2026-09-21T07:58:16.051+00:00,2026-09-21T07:58:16.127+00:00,True,2,2.0,,2.0,10990.148984,11066.379896,11066.379751999999,5533.1898759999995,76.230768,10990.148984,7717.305579848987,10444.4530732,76.230912,nan,0.18072757476208728,25,64,,False,True,,6,59.56268577710819
11,2026-09-21T07:58:05.354+00:00,2026-09-21T07:58:17.484+00:00,2026-09-21T07:58:18.613+00:00,True,19,19.0,,19.0,12129.302092,13258.215756,13258.21596,697.80084,47.366675,12129.302092,2768.2823447478536,1288.2588133,62.71742577777778,10.26398732774113,1.4330736767050694,25,64,,False,True,,57,59.56268577710819
12,2026-09-21T07:58:05.596+00:00,2026-09-21T07:58:18.861+00:00,2026-09-21T07:58:20.790+00:00,True,31,31.0,,31.0,13265.47056,15194.085728,15194.08575,490.13179838709675,45.250775000000004,13265.47056,2371.0328934579725,90.4268295,64.28717226666667,12.204592476947477,2.040267545869674,25,64,,False,True,,155,59.56268577710819
13,2026-09-21T07:58:05.861+00:00,2026-09-21T07:58:20.321+00:00,2026-09-21T07:58:22.818+00:00,True,39,39.0,,39.0,14460.200622999999,16956.962991,16956.962852,434.79391928205126,26.024593,14460.200622999999,2305.0063689911203,94.03706910000001,65.70427284210527,14.142201031808574,2.2999401497013032,25,64,,False,True,,0,59.56268577710819
14,2026-09-21T07:58:06.098+00:00,2026-09-21T07:58:21.441+00:00,2026-09-21T07:58:25.109+00:00,True,58,58.0,,58.0,15343.475123,19011.691955000002,19011.691794,327.78778955172413,0.0,15343.475123,2007.8893866426079,132.89366239999998,64.3546812631579,81.92251320270769,3.050754248348013,25,64,,False,True,,290,59.56268577710819
15,2026-09-21T07:58:06.398+00:00,2026-09-21T07:58:22.812+00:00,2026-09-21T07:58:23.783+00:00,True,12,12.0,,12.0,16414.375696,17384.952591999998,17384.952477,1448.74603975,0.0,16414.375696,4716.018588433812,7660.710575249999,88.23426327272726,178.3698647645565,0.6902520979851288,25,64,,False,True,,38,59.56268577710819
16,2026-09-21T07:58:06.635+00:00,2026-09-21T07:58:24.101+00:00,2026-09-21T07:58:27.867+00:00,True,62,62.0,,62.0,17465.805414000002,21231.201126000004,21231.201024,342.4387261935484,0.0,17465.805414000002,2210.9292685789933,76.6794175,61.72779855737705,52.32893599017088,2.920230449141853,25,64,,False,True,,71,59.56268577710819
17,2026-09-21T07:58:06.917+00:00,2026-09-21T07:58:25.694+00:00,2026-09-21T07:58:26.967+00:00,True,18,18.0,,18.0,18777.10682,20049.44602,20049.446032,1113.8581128888889,0.0,18777.10682,4409.112506341104,3182.01915825,74.84348235294117,94.1786323113496,0.8977804165783131,25,64,,False,True,,18,59.56268577710819
18,2026-09-21T07:58:07.243+00:00,2026-09-21T07:58:27.406+00:00,2026-09-21T07:58:33.468+00:00,True,88,88.0,,88.0,20162.652284000003,26224.968060000003,26224.968083000003,298.01100094318184,0.0,20162.652284000003,2143.4740614069556,79.98181000000001,69.68179052873563,82.13716801042516,3.355580826587287,25,64,,False,True,,182,59.56268577710819
19,2026-09-21T07:58:07.511+00:00,2026-09-21T07:58:29.053+00:00,2026-09-21T07:58:33.614+00:00,True,72,72.0,,72.0,21542.718057,26103.435625,26103.435559999998,362.5477161111111,0.0,21542.718057,2532.7953607473323,85.45463145,64.23545870422535,88.7046521738878,2.758257611539975,25,64,,False,True,,136,59.56268577710819
20,2026-09-21T07:58:07.785+00:00,2026-09-21T07:58:30.334+00:00,2026-09-21T07:58:31.266+00:00,True,15,15.0,,15.0,22549.014202,23481.647802,23481.647997999997,1565.4431998666666,0.0,22549.014202,5806.009236256016,7082.4667385,66.61668571428572,116.16341278140764,0.6387967372001213,25,64,,False,True,,46,59.56268577710819
21,2026-09-21T07:58:08.099+00:00,2026-09-21T07:58:32.027+00:00,2026-09-21T07:58:35.382+00:00,True,47,47.0,,47.0,23927.956864,27282.754176,27282.754193,580.4841317659574,0.0,23927.956864,3481.6330184737144,441.1472779999999,72.9303763478261,119.88597988463876,1.7226999773118508,25,64,,False,True,,188,59.56268577710819
22,2026-09-21T07:58:08.305+00:00,2026-09-21T07:58:33.447+00:00,2026-09-21T07:58:34.731+00:00,True,30,30.0,,30.0,25141.755111000002,26426.432487000002,26426.432294000002,880.8810764666667,0.015609999999999999,25141.755111000002,4582.236277322012,78.048102,44.299219862068966,29.015771714190446,1.1352270123770187,25,64,,False,True,,180,59.56268577710819
23,2026-09-21T07:58:08.650+00:00,2026-09-21T07:58:34.667+00:00,2026-09-21T07:58:38.651+00:00,True,63,63.0,,63.0,26016.430102000002,30000.230166,30000.230165,476.19412960317464,0.0,26016.430102000002,3270.3789134202,81.38697389999999,64.25483974193548,68.80364206902844,2.0999838885036106,25,64,,False,True,,335,59.56268577710819
24,2026-09-21T07:58:08.987+00:00,2026-09-21T07:58:36.256+00:00,2026-09-21T07:58:39.050+00:00,True,45,45.0,,45.0,27268.703632,30062.684048,30062.684042,668.0596453777778,41.970954,27268.703632,4055.5221738777595,76.452306,63.499554909090904,9.01715045150844,1.4968723327614437,25,64,,False,True,,300,59.56268577710819
25,2026-09-21T07:58:09.192+00:00,2026-09-21T07:58:37.328+00:00,2026-09-21T07:58:37.900+00:00,True,10,10.0,,10.0,28136.513640999998,28708.226920999998,28708.227,2870.8226999999997,44.669624000000006,28136.513640999998,8877.466962671026,15509.388044649999,63.52369777777778,12.69649081614209,0.34833220552137356,25,64,,False,True,,40,59.56268577710819
26,2026-09-21T07:58:09.465+00:00,2026-09-21T07:58:38.570+00:00,2026-09-21T07:58:40.612+00:00,True,33,33.0,,33.0,29104.374192000003,31146.888112000004,31146.888174000003,943.8450961818182,0.0,29104.374192000003,5056.431780281955,301.5502652,63.82856,108.20306156286367,1.0594958918957316,25,64,,False,True,,65,59.56268577710819
27,2026-09-21T07:58:09.759+00:00,2026-09-21T07:58:40.549+00:00,2026-09-21T07:58:42.762+00:00,True,37,37.0,,37.0,30790.251067,33002.785851,33002.785827,891.9671845135135,21.374973,30790.251067,5051.7953077734965,78.08081,61.45929955555555,11.650012960435955,1.1211174767804908,25,64,,False,True,,325,59.56268577710819
28,2026-09-21T07:58:10.013+00:00,2026-09-21T07:58:41.813+00:00,2026-09-21T07:58:42.494+00:00,True,12,12.0,,12.0,31800.351002,32480.947994,32480.947962,2706.7456635,52.316026,31800.351002,9162.111637606533,14350.74569425,61.87245381818182,6.459512750770816,0.36944734501642884,25,64,,False,True,,103,59.56268577710819
29,2026-09-21T07:58:10.338+00:00,2026-09-21T07:58:43.508+00:00,2026-09-21T07:58:44.393+00:00,True,18,18.0,,18.0,33170.019704,34055.083128,34055.083074999995,1891.949059722222,0.024399999999999998,33170.019704,7806.0206929644,5069.87565145,52.06255435294118,26.810235664166736,0.5285554562396722,25,64,,False,True,,40,59.56268577710819
30,2026-09-21T07:58:10.545+00:00,2026-09-21T07:58:44.395+00:00,2026-09-21T07:58:46.497+00:00,True,25,25.0,,25.0,33850.417875,35952.430546999996,35952.430613,1438.09722452,0.0,33850.417875,6753.9354259559495,604.0358152,87.58386133333333,138.88493179741587,0.6953632791896484,25,64,,False,True,,50,59.56268577710819
31,2026-09-21T07:58:10.873+00:00,2026-09-21T07:58:46.486+00:00,2026-09-21T07:58:47.500+00:00,True,19,19.0,,19.0,35612.845598,36626.571294,36626.571333,1927.7142806842105,0.0,35612.845598,8157.262119508654,3640.5677278999997,56.31809422222222,24.6827737428347,0.518749075568329,25,64,,False,True,,57,59.56268577710819
32,2026-09-21T07:58:11.170+00:00,2026-09-21T07:58:47.642+00:00,2026-09-21T07:58:49.786+00:00,True,34,34.0,,34.0,36472.090147,38615.955747,38615.955579,1135.763399382353,38.580584,36472.090147,6243.775916976431,77.946408,64.96562424242424,8.470318775821482,0.8804650653413232,25,64,,False,True,,136,59.56268577710819
33,2026-09-21T07:58:11.365+00:00,2026-09-21T07:58:48.685+00:00,2026-09-21T07:58:54.345+00:00,True,90,90.0,,90.0,37319.547535,42979.902862999996,42979.903063,477.55447847777776,0.0,37319.547535,3928.7239908755096,83.77494060000001,63.59949806741573,112.8276367214335,2.0940019405552937,25,64,,False,True,,980,59.56268577710819
34,2026-09-21T07:58:11.652+00:00,2026-09-21T07:58:49.853+00:00,2026-09-21T07:58:56.092+00:00,True,100,100.0,,100.0,38200.670666,44439.690186,44439.690274,444.39690274,0.0,38200.670666,3815.418027326782,79.80769355,63.02039919191919,112.87040460120157,2.2502407100827035,25,64,,False,True,,400,59.56268577710819
35,2026-09-21T07:58:11.979+00:00,2026-09-21T07:58:51.837+00:00,2026-09-21T07:58:56.681+00:00,True,77,77.0,,77.0,39857.732277999996,44702.167477999996,44702.167331,580.5476276753246,0.0,39857.732277999996,4536.522808891265,91.0833192,63.74256842105263,120.39363950497925,1.7225115546778635,25,64,,False,True,,545,59.56268577710819
36,2026-09-21T07:58:12.197+00:00,2026-09-21T07:58:53.655+00:00,2026-09-21T07:58:58.271+00:00,True,87,87.0,,87.0,41457.685844,46074.162516,46074.162453,529.5880741724138,0.0,41457.685844,4439.049513753499,80.191232,53.67996130232559,25.806850735252947,1.8882600409673829,25,64,,False,True,,174,59.56268577710819
37,2026-09-21T07:58:12.438+00:00,2026-09-21T07:58:54.092+00:00,2026-09-21T07:58:57.226+00:00,True,51,51.0,,51.0,41653.773714,44787.991954000005,44787.99207,878.1959229411765,36.565974000000004,41653.773714,5823.926725013334,78.41515799999999,62.6843648,10.522920109019976,1.1386980700626208,25,64,,False,True,,209,59.56268577710819
38,2026-09-21T07:58:12.778+00:00,2026-09-21T07:58:56.085+00:00,2026-09-21T07:58:57.360+00:00,True,21,21.0,,21.0,43307.254755999995,44581.912035999994,44581.91202899999,2122.948191857143,34.854304,43307.254755999995,9436.517160123023,79.974139,63.732864,11.831544369175889,0.4710430540314748,25,64,,False,True,,189,59.56268577710819
39,2026-09-21T07:58:13.141+00:00,2026-09-21T07:58:56.461+00:00,2026-09-21T07:59:01.276+00:00,True,65,65.0,,65.0,43320.752518,48135.235974,48135.235907,740.5420908769231,0.0,43320.752518,5365.010353148019,81.65958280000001,75.226304,107.63722061976179,1.3503621346140156,25,64,,False,True,,455,59.56268577710819
40,2026-09-21T07:58:13.311+00:00,2026-09-21T07:58:58.765+00:00,2026-09-21T07:59:02.881+00:00,True,66,66.0,,66.0,45454.353090000004,49570.456514000005,49570.456467,751.0675222272728,0.0,45454.353090000004,5588.315603579724,80.88136875,63.32466806153846,110.00905830431289,1.3314382122214237,25,64,,False,True,,131,59.56268577710819
41,2026-09-21T07:58:13.520+00:00,2026-09-21T07:58:59.990+00:00,2026-09-21T07:58:59.990+00:00,True,1,1.0,,1.0,46470.534775,46470.534775,46470.534775,46470.534775,46470.534775,46470.534775,nan,46470.534775,nan,nan,0.021519012097488823,25,64,,False,True,,5,59.56268577710819
42,2026-09-21T07:58:13.821+00:00,2026-09-21T07:59:01.465+00:00,2026-09-21T07:59:02.532+00:00,True,18,18.0,,18.0,47644.103957,48711.059989,48711.060037999996,2706.170002111111,44.340564,47644.103957,11215.03628616357,7220.469296200001,62.76211952941176,12.410789221158973,0.3695259352612073,25,64,,False,True,,18,59.56268577710819
43,2026-09-21T07:58:14.120+00:00,2026-09-21T07:59:03.000+00:00,2026-09-21T07:59:03.838+00:00,True,15,15.0,,15.0,48879.813774999995,49718.108046999994,49718.108201999996,3314.5405467999994,42.459075,48879.813774999995,12605.256344499965,14713.218412099997,59.87816228571428,9.28383872227474,0.3017009413515908,25,64,,False,True,,48,59.56268577710819
44,2026-09-21T07:58:14.370+00:00,2026-09-21T07:59:04.523+00:00,2026-09-21T07:59:08.473+00:00,True,64,64.0,,64.0,50152.899648,54102.319936,54102.319758,845.34874621875,0.014960000000000001,50152.899648,6262.505950141229,79.061886,62.68921092063492,125.092753736403,1.1829437272876357,25,64,,False,True,,576,59.56268577710819
45,2026-09-21T07:58:14.690+00:00,2026-09-21T07:59:06.137+00:00,2026-09-21T07:59:10.334+00:00,True,65,65.0,,65.0,51447.234912,55643.789152,55643.789358,856.0582978153847,0.0,51447.234912,6374.407846938872,84.00166279999999,65.57116,129.59029986391224,1.1681447469805122,25,64,,False,True,,390,59.56268577710819
46,2026-09-21T07:58:14.934+00:00,2026-09-21T07:59:07.331+00:00,2026-09-21T07:59:08.949+00:00,True,26,26.0,,26.0,52397.24338,54014.814964,54014.814938,2077.4928822307693,48.375655,52397.24338,10263.259231367241,80.98347075,64.70286336,8.825873134555824,0.4813494226968764,25,64,,False,True,,104,59.56268577710819
47,2026-09-21T07:58:15.138+00:00,2026-09-21T07:59:08.584+00:00,2026-09-21T07:59:10.336+00:00,True,24,24.0,,24.0,53445.726679,55197.494486999996,55197.494281,2299.8955950416666,0.0,53445.726679,10896.102003468632,916.6710241999998,76.16381773913044,217.97063421187679,0.4348023442559052,25,64,,False,True,,72,59.56268577710819
48,2026-09-21T07:58:15.475+00:00,2026-09-21T07:59:10.332+00:00,2026-09-21T07:59:16.272+00:00,True,95,95.0,,95.0,54857.428226,60797.444610000006,60797.444601,639.973101063158,0.05946,54857.428226,5621.787816775653,79.076533,63.19166365957447,14.20819995552622,1.5625656737614648,25,64,,False,True,,855,59.56268577710819
49,2026-09-21T07:58:15.694+00:00,2026-09-21T07:59:11.565+00:00,2026-09-21T07:59:15.384+00:00,True,60,60.0,,60.0,55870.634151,59689.416102999996,59689.416079999995,994.8236013333333,38.727084000000005,55870.634151,7204.518574474732,79.83536850000002,64.72511783050848,9.908056302995382,1.0052033328063397,25,64,,False,True,,240,59.56268577710819
50,2026-09-21T07:58:16.014+00:00,2026-09-21T07:59:13.616+00:00,2026-09-21T07:59:17.504+00:00,True,62,62.0,,62.0,57601.910362,61489.786202,61489.786304,991.7707468387097,43.112004,57601.910362,7307.362170456483,79.62704500000001,63.73566950819672,9.96064362088277,1.008297537355617,25,64,,False,True,,352,59.56268577710819
51,2026-09-21T07:58:16.367+00:00,2026-09-21T07:59:15.202+00:00,2026-09-21T07:59:17.852+00:00,True,43,43.0,,43.0,58834.461804,61484.281964,61484.281907,1429.8670210930231,47.678633999999995,58834.461804,8962.555916715959,78.62172199999999,63.09095619047619,10.39595123614742,0.6993657342404546,25,64,,False,True,,92,59.56268577710819
52,2026-09-21T07:58:16.692+00:00,2026-09-21T07:59:16.721+00:00,2026-09-21T07:59:22.120+00:00,True,86,86.0,,86.0,60028.922625,65427.232256999996,65427.23241,760.7817722093023,0.0,60028.922625,6468.661345887485,173.89349024999999,63.509525082352944,178.14245149880136,1.3144373838433145,25,64,,False,True,,145,59.56268577710819
54,2026-09-21T07:58:17.168+00:00,2026-09-21T07:59:19.435+00:00,2026-09-21T07:59:25.349+00:00,True,96,96.0,,96.0,62266.615012999995,68181.244645,68181.24460399999,710.2212979583333,0.0,62266.615012999995,6349.937225415494,104.95337899999998,62.25925928421052,125.72974968304146,1.408011844017284,25,64,,False,True,,192,59.56268577710819
53,2026-09-21T07:58:16.974+00:00,2026-09-21T07:59:19.586+00:00,2026-09-21T07:59:23.792+00:00,True,85,85.0,,85.0,62612.010757,66818.48499699999,66818.485057,786.0998242,0.0,62612.010757,6787.067705664661,89.6069518,50.07707428571428,132.24910851961593,1.2721030715350148,25,64,,False,True,,425,59.56268577710819
55,2026-09-21T07:58:17.373+00:00,2026-09-21T07:59:21.305+00:00,2026-09-21T07:59:22.693+00:00,True,36,36.0,,36.0,63931.658717,65320.265437,65320.265479,1814.4518188611112,0.0,63931.658717,10648.709911574959,82.6218045,39.674477714285715,31.712535496317383,0.5511306446652644,25,64,,False,True,,360,59.56268577710819
56,2026-09-21T07:58:17.581+00:00,2026-09-21T07:59:21.656+00:00,2026-09-21T07:59:25.161+00:00,True,55,55.0,,55.0,64074.463546,67579.719994,67579.719894,1228.722179890909,29.579313,64074.463546,8631.054843901788,81.168444,64.91215644444445,12.366337691822482,0.8138536236149413,25,64,,False,True,,113,59.56268577710819
57,2026-09-21T07:58:17.894+00:00,2026-09-21T07:59:23.175+00:00,2026-09-21T07:59:28.314+00:00,True,81,81.0,,81.0,65280.682287,70419.239983,70419.239999,869.3733333209877,42.165864,65280.682287,7246.278963387033,79.02912699999999,64.2319712,9.920630614160396,1.1502538229545547,25,64,,False,True,,448,59.56268577710819
58,2026-09-21T07:58:18.089+00:00,2026-09-21T07:59:24.635+00:00,2026-09-21T07:59:30.177+00:00,True,87,87.0,,87.0,66545.667796,72087.637204,72087.637213,828.593531183908,41.923514000000004,66545.667796,7127.543042241343,79.404712,64.44150474418605,10.357760963306609,1.2068643580840313,25,64,,False,True,,184,59.56268577710819
59,2026-09-21T07:58:18.428+00:00,2026-09-21T07:59:26.200+00:00,2026-09-21T07:59:28.833+00:00,True,42,42.0,,42.0,67771.21548700001,70404.497791,70404.497629,1676.2975625952383,48.572074,67771.21548700001,10447.419506958524,79.9200355,64.22639765853658,9.567529449942027,0.5965527958835746,25,64,,False,True,,588,59.56268577710819
60,2026-09-21T07:58:18.672+00:00,2026-09-21T07:59:27.605+00:00,2026-09-21T07:59:30.303+00:00,True,43,43.0,,43.0,68933.285206,71631.570774,71631.570573,1665.8504784418606,46.813303999999995,68933.285206,10502.434116584194,78.550861,64.24489447619048,9.193625108725527,0.6002939700382451,25,64,,False,True,,243,59.56268577710819
61,2026-09-21T07:58:18.885+00:00,2026-09-21T07:59:28.630+00:00,2026-09-21T07:59:34.802+00:00,True,91,91.0,,91.0,69744.79683400001,75916.561058,75916.561107,834.2479242527473,0.0,69744.79683400001,7306.406349300498,79.226727,68.57515804444444,186.47995183686734,1.1986844336965723,25,64,,False,True,,451,59.56268577710819
62,2026-09-21T07:58:19.213+00:00,2026-09-21T07:59:30.432+00:00,2026-09-21T07:59:32.838+00:00,True,33,33.0,,33.0,71218.383619,73624.333571,73624.33357,2231.0404112121214,0.0,71218.383619,12386.616137980265,596.1674004,75.185936,235.83095445293375,0.44822137463799633,25,64,,False,True,,49,59.56268577710819
63,2026-09-21T07:58:19.530+00:00,2026-09-21T07:59:32.831+00:00,2026-09-21T07:59:37.295+00:00,True,83,83.0,,83.0,73300.403387,77764.856507,77764.856519,936.9259821566264,0.0,73300.403387,8041.349953525731,160.8513419,54.44455024390244,159.4379524877003,1.067320171709296,25,64,,False,True,,332,59.56268577710819
64,2026-09-21T07:58:19.871+00:00,2026-09-21T07:59:34.995+00:00,2026-09-21T07:59:34.996+00:00,True,9,9.0,,9.0,75123.85233200001,75124.16977200001,75124.169672,8347.129963555557,0.02327,75123.85233200001,25041.2708881789,45074.35104720001,0.03968,0.026444405252205185,0.11980165674129614,25,64,,False,True,,9,59.56268577710819
65,2026-09-21T07:58:20.107+00:00,2026-09-21T07:59:35.320+00:00,2026-09-21T07:59:39.853+00:00,True,78,78.0,,78.0,75213.344536,79746.773528,79746.773394,1022.3945306923077,0.01998,75213.344536,8509.634288543912,143.897952,58.875701194805195,33.83212462731495,0.9780959974840023,25,64,,False,True,,156,59.56268577710819
66,2026-09-21T07:58:20.350+00:00,2026-09-21T07:59:36.442+00:00,2026-09-21T07:59:42.319+00:00,True,94,94.0,,94.0,76092.802679,81969.962615,81969.962676,872.0208795319149,16.159112,76092.802679,7841.871656102833,78.644083,63.195268129032264,16.13134948950802,1.1467615331423682,25,64,,False,True,,109,59.56268577710819
67,2026-09-21T07:58:20.642+00:00,2026-09-21T07:59:37.844+00:00,2026-09-21T07:59:39.363+00:00,True,26,26.0,,26.0,77201.974163,78720.85313900001,78720.853086,3027.725118692308,34.765983,77201.974163,15128.641115766724,80.35340675,60.75515904,10.328174887548027,0.3302809733793273,25,64,,False,True,,114,59.56268577710819
68,2026-09-21T07:58:20.851+00:00,2026-09-21T07:59:39.105+00:00,2026-09-21T07:59:39.105+00:00,True,1,1.0,,1.0,78254.174572,78254.174572,78254.174572,78254.174572,78254.174572,78254.174572,nan,78254.174572,nan,nan,0.012778870973585203,25,64,,False,True,,3,59.56268577710819
69,2026-09-21T07:58:21.046+00:00,2026-09-21T07:59:40.160+00:00,2026-09-21T07:59:42.166+00:00,True,33,33.0,,33.0,79114.071794,81119.779826,81119.77979100001,2458.175145181818,44.229224,79114.071794,13761.08523793294,81.433835,62.678376,10.622189618682313,0.4068058378706675,25,64,,False,True,,165,59.56268577710819
70,2026-09-21T07:58:21.284+00:00,2026-09-21T07:59:41.305+00:00,2026-09-21T07:59:46.974+00:00,True,86,86.0,,86.0,80020.14926,85689.752332,85689.752489,996.3924708023256,0.0,80020.14926,8623.591665353148,80.7884645,66.7012126117647,186.3333593997471,1.0036205924227435,25,64,,False,True,,172,59.56268577710819
71,2026-09-21T07:58:21.631+00:00,2026-09-21T07:59:42.929+00:00,2026-09-21T07:59:48.241+00:00,True,83,83.0,,83.0,81298.46680699999,86610.885367,86610.885174,1043.5046406506024,0.0,81298.46680699999,8918.551717173752,83.60393909999999,64.78559219512195,189.87633818687232,0.9583091045461615,25,64,,False,True,,415,59.56268577710819
72,2026-09-21T07:58:21.982+00:00,2026-09-21T07:59:44.626+00:00,2026-09-21T07:59:48.644+00:00,True,63,63.0,,63.0,82643.040609,86661.80515300001,86661.805252,1375.5842103492064,0.0,82643.040609,10406.107184713637,75.54626999999999,64.81878296774194,217.1385031126916,0.7269638555159857,25,64,,False,True,,251,59.56268577710819
73,2026-09-21T07:58:22.180+00:00,2026-09-21T07:59:46.963+00:00,2026-09-21T07:59:50.033+00:00,True,66,66.0,,66.0,84783.267625,87853.35581699999,87853.35572499999,1331.1114503787878,0.0,84783.267625,10430.3251466638,79.156122,47.23212603076923,29.18289146635439,0.7512518945489015,25,64,,False,True,,132,59.56268577710819
74,2026-09-21T07:58:22.498+00:00,2026-09-21T07:59:47.560+00:00,2026-09-21T07:59:51.985+00:00,True,71,71.0,,71.0,85061.748124,89486.914204,89486.914093,1260.3790717323946,45.404984,85061.748124,10087.473553174497,76.750567,63.21665828571428,8.750662317646599,0.7934120941766294,25,64,,False,True,,142,59.56268577710819
75,2026-09-21T07:58:22.701+00:00,2026-09-21T07:59:48.430+00:00,2026-09-21T07:59:51.108+00:00,True,44,44.0,,44.0,85729.70197,88407.827794,88407.827815,2009.2688139772727,44.662594,85729.70197,12914.853395832486,77.975265,62.281995906976746,10.16131899742565,0.4976934859492856,25,64,,False,True,,168,59.56268577710819
76,2026-09-21T07:58:23.265+00:00,2026-09-21T07:59:49.512+00:00,2026-09-21T07:59:52.327+00:00,True,45,45.0,,45.0,86247.925076,89062.847572,89062.847573,1979.1743905111111,41.605974,86247.925076,12847.547988133421,78.787985,63.975511272727275,9.3641373180586,0.5052611860812243,25,64,,False,True,,403,59.56268577710819
77,2026-09-21T07:58:23.304+00:00,2026-09-21T07:59:50.600+00:00,2026-09-21T07:59:54.709+00:00,True,64,64.0,,64.0,87295.497328,91404.960368,91404.960559,1428.202508734375,0.015300000000000001,87295.497328,10905.170028783252,175.7283287,65.22957206349207,175.2915988983033,0.7001808188782475,25,64,,False,True,,448,59.56268577710819
78,2026-09-21T07:58:23.566+00:00,2026-09-21T07:59:54.135+00:00,2026-09-21T07:59:54.135+00:00,True,2,2.0,,2.0,90568.497572,90568.55696399999,90568.556982,45284.278491,0.05941,90568.497572,64041.55678582469,86040.07566389999,0.059392,nan,0.02208271906987519,25,64,,False,True,,8,59.56268577710819
79,2026-09-21T07:58:23.854+00:00,2026-09-21T07:59:54.414+00:00,2026-09-21T07:59:55.458+00:00,True,22,22.0,,22.0,90559.70122599999,91604.26519399999,91604.26521799999,4163.830237181818,0.01871,90559.70122599999,19296.868251777752,175.8222838,49.74114133333334,56.91054491147438,0.24016348969568485,25,64,,False,True,,66,59.56268577710819
80,2026-09-21T07:58:24.099+00:00,2026-09-21T07:59:55.665+00:00,2026-09-21T07:59:56.524+00:00,True,15,15.0,,15.0,91565.945271,92425.09663100001,92425.09671700001,6161.673114466667,40.901624000000005,91565.945271,23626.38323686957,27525.214304200003,61.36795428571428,12.290627178319054,0.1622935820114566,25,64,,False,True,,18,59.56268577710819
81,2026-09-21T07:58:24.381+00:00,2026-09-21T07:59:57.092+00:00,2026-09-21T08:00:02.971+00:00,True,95,95.0,,95.0,92710.97623700001,98589.81860500001,98589.818624,1037.787564463158,0.0,92710.97623700001,9507.484940021845,78.740739,62.54087625531915,193.8815250603565,0.9635883435450611,25,64,,False,True,,760,59.56268577710819
82,2026-09-21T07:58:24.619+00:00,2026-09-21T07:59:58.201+00:00,2026-09-21T08:00:03.866+00:00,True,91,91.0,,91.0,93582.52365,99246.943234,99246.94311800001,1090.6257485494507,0.0,93582.52365,9805.541440614512,78.271682,62.937995377777774,200.38996263243533,0.9169048137376309,25,64,,False,True,,541,59.56268577710819
83,2026-09-21T07:58:24.879+00:00,2026-09-21T07:59:59.598+00:00,2026-09-21T08:00:05.783+00:00,True,97,97.0,,97.0,94718.852096,100904.34304,100904.34312,1040.25096,0.0,94718.852096,9612.55970337831,79.197055,64.43219733333333,190.0565588237117,0.9613064916496977,25,64,,False,True,,97,59.56268577710819
84,2026-09-21T07:58:25.141+00:00,2026-09-21T08:00:02.885+00:00,2026-09-21T08:00:04.839+00:00,True,58,58.0,,58.0,97744.271107,99697.654019,99697.65403899999,1718.9250696379308,0.0,97744.271107,12829.99283600986,76.53099015000001,34.2698756491228,32.771470610740224,0.581758924728024,25,64,,False,True,,286,59.56268577710819
85,2026-09-21T07:58:25.341+00:00,2026-09-21T08:00:02.906+00:00,2026-09-21T08:00:04.431+00:00,True,41,41.0,,41.0,97565.106709,99090.541589,99090.541573,2416.842477390244,0.0,97565.106709,15231.185907520938,77.523906,38.135872,31.61265404755685,0.4137630024271801,25,64,,False,True,,451,59.56268577710819
86,2026-09-21T07:58:25.604+00:00,2026-09-21T08:00:03.480+00:00,2026-09-21T08:00:08.646+00:00,True,83,83.0,,83.0,97875.918812,103041.96322800001,103041.963206,1241.4694362168675,46.364694,97875.918812,10736.366152469021,75.62142809999999,63.000541658536584,8.798279413073141,0.8054970751706919,25,64,,False,True,,259,59.56268577710819
87,2026-09-21T07:58:25.941+00:00,2026-09-21T08:00:04.900+00:00,2026-09-21T08:00:09.201+00:00,True,70,70.0,,70.0,98959.38229099999,103259.40405099999,103259.40386999998,1475.1343409999997,47.942074,98959.38229099999,11820.463198213194,79.14589600000001,62.319155942028985,8.862301825654804,0.677904357896806,25,64,,False,True,,210,59.56268577710819
88,2026-09-21T07:58:26.224+00:00,2026-09-21T08:00:06.107+00:00,2026-09-21T08:00:10.317+00:00,True,70,70.0,,70.0,99883.746979,104093.458083,104093.45809900001,1487.0494014142857,44.930164,99883.746979,11931.102693803145,77.07606355,61.01030585507246,9.362823650164481,0.6724726153701683,25,64,,False,True,,141,59.56268577710819
89,2026-09-21T07:58:26.468+00:00,2026-09-21T08:00:07.545+00:00,2026-09-21T08:00:13.338+00:00,True,93,93.0,,93.0,101076.47234000001,106870.12994000001,106870.12999,1149.1411826881722,43.132974000000004,101076.47234000001,10474.615842703628,77.15125659999998,62.974539130434785,9.283578945628637,0.8702150923949741,25,64,,True,True,,372,59.56268577710819
90,2026-09-21T07:58:26.713+00:00,2026-09-21T08:00:09.091+00:00,2026-09-21T08:00:10.060+00:00,True,17,17.0,,17.0,102378.0182,103346.945944,103346.94610500001,6079.23212382353,44.783483999999994,102378.0182,24815.631331733475,20538.3369656,60.557984,10.71466643736678,0.16449445936420498,25,64,,True,True,,85,59.56268577710819
91,2026-09-21T07:58:26.985+00:00,2026-09-21T08:00:10.453+00:00,2026-09-21T08:00:11.698+00:00,True,20,20.0,,20.0,103467.546322,104712.59156999999,104712.59163099999,5235.62958155,45.916674,103467.546322,23121.39539965735,5247.8270358,65.5286972631579,8.14292727900974,0.19099899735200493,25,64,,True,True,,115,59.56268577710819
92,2026-09-21T07:58:27.283+00:00,2026-09-21T08:00:11.695+00:00,2026-09-21T08:00:13.994+00:00,True,37,37.0,,37.0,104412.53556,106710.779144,106710.779062,2884.075109783784,43.018634,104412.53556,17154.82238569883,77.9464242,63.840099555555554,9.439626031120477,0.34673160759205635,25,64,,True,True,,148,59.56268577710819
93,2026-09-21T07:58:27.580+00:00,2026-09-21T08:00:13.589+00:00,2026-09-21T08:00:17.234+00:00,True,59,59.0,,59.0,106008.291996,109653.922972,109653.922952,1858.5410669830508,43.057794,106008.291996,13792.924270646468,78.54505089999999,62.85570648275862,9.619648149241476,0.5380564452314722,25,64,,True,True,,224,59.56268577710819
94,2026-09-21T07:58:27.798+00:00,2026-09-21T08:00:14.916+00:00,2026-09-21T08:00:18.334+00:00,True,55,55.0,,55.0,107118.61584,110536.279584,110536.279372,2009.7505340363637,44.797084000000005,107118.61584,14435.340233124607,77.266214,63.290069333333335,9.472692563653904,0.4975741919937134,25,64,,True,True,,268,59.56268577710819
95,2026-09-21T07:58:28.097+00:00,2026-09-21T08:00:16.345+00:00,2026-09-21T08:00:21.843+00:00,True,87,87.0,,87.0,108247.96633499999,113746.06502299999,113746.06504199999,1307.4260349655171,43.983283,108247.96633499999,11598.5495320902,77.2071433,63.93138009302326,9.112029491892716,0.7648616238496532,25,64,,True,True,,348,59.56268577710819
96,2026-09-21T07:58:28.404+00:00,2026-09-21T08:00:17.774+00:00,2026-09-21T08:00:22.789+00:00,True,81,81.0,,81.0,109370.706618,114385.788858,114385.78888,1412.1702330864198,45.549214,109370.706618,12145.33928002664,77.607816,62.688528,9.840530403623166,0.7081299242561893,25,64,,True,True,,324,59.56268577710819
97,2026-09-21T07:58:28.706+00:00,2026-09-21T08:00:19.357+00:00,2026-09-21T08:00:20.000+00:00,True,11,11.0,,11.0,110651.240213,111294.619413,111294.619391,10117.69267190909,54.216905,110651.240213,33343.20641031472,55362.8973845,64.33792,7.730849832482038,0.09883676369996304,25,64,,True,True,,48,59.56268577710819
98,2026-09-21T07:58:29.054+00:00,2026-09-21T08:00:21.149+00:00,2026-09-21T08:00:26.394+00:00,True,85,85.0,,85.0,112094.8487,117339.997628,117339.99765,1380.4705605882352,43.097923,112094.8487,12151.624100423276,79.447496,62.44224914285714,9.264346338173167,0.7243906742649965,25,64,,True,True,,170,59.56268577710819
99,2026-09-21T07:58:29.376+00:00,2026-09-21T08:00:22.629+00:00,2026-09-21T08:00:28.069+00:00,True,87,87.0,,87.0,113253.636647,118693.35863100001,118693.358762,1364.2914800229885,44.332833,113253.636647,12135.286264264321,76.1277627,63.25258120930233,9.010721040386054,0.7329811962813358,25,64,,True,True,,348,59.56268577710819
100,2026-09-21T07:58:29.584+00:00,2026-09-21T08:00:23.628+00:00,2026-09-21T08:00:25.797+00:00,True,36,36.0,,36.0,114043.94370999999,116213.72700599999,116213.72681099999,3228.159078083333,43.569733,114043.94370999999,18996.993848765593,77.4816385,61.99380845714286,9.270968585551008,0.30977407684499575,25,64,,True,True,,144,59.56268577710819
101,2026-09-21T07:58:29.884+00:00,2026-09-21T08:00:25.502+00:00,2026-09-21T08:00:25.747+00:00,True,5,5.0,,5.0,115617.236407,115862.524343,115862.524466,23172.5048932,56.46521499999999,115617.236407,51678.17635921464,92508.2741788,61.321984,7.448308143657861,0.04315459229248255,25,64,,True,True,,28,59.56268577710819
102,2026-09-21T07:58:30.152+00:00,2026-09-21T08:00:26.842+00:00,2026-09-21T08:00:33.114+00:00,True,100,100.0,,100.0,116689.86245,122961.56421,122961.564396,1229.61564396,43.497234,116689.86245,11662.655002157158,77.47060149999999,63.35052282828283,9.474576099558647,0.8132622632322319,25,64,,True,True,,154,59.56268577710819
103,2026-09-21T07:58:30.430+00:00,2026-09-21T08:00:28.121+00:00,2026-09-21T08:00:28.816+00:00,True,12,12.0,,12.0,117690.880756,118385.806068,118385.806227,9865.48385225,42.064604,117690.880756,33956.19590769537,53006.251648,63.175028363636365,12.61082979303176,0.10136350292793785,25,64,,True,True,,72,59.56268577710819
104,2026-09-21T07:58:30.762+00:00,2026-09-21T08:00:29.855+00:00,2026-09-21T08:00:31.401+00:00,True,26,26.0,,26.0,119092.437131,120638.760587,120638.760536,4639.952328307692,47.266163999999996,119092.437131,23343.819790975733,76.18930075,61.85293824,8.972669908171152,0.2155194555505219,25,64,,True,True,,88,59.56268577710819
105,2026-09-21T07:58:30.957+00:00,2026-09-21T08:00:30.959+00:00,2026-09-21T08:00:35.944+00:00,True,79,79.0,,79.0,120002.054023,124986.499207,124986.499113,1582.1075837088608,39.880832000000005,120002.054023,13494.099813789224,78.058365,63.90314338461538,9.882341773357986,0.6320682673827185,25,64,,True,True,,79,59.56268577710819
106,2026-09-21T07:58:31.171+00:00,2026-09-21T08:00:32.138+00:00,2026-09-21T08:00:37.166+00:00,True,81,81.0,,81.0,120967.048668,125995.284444,125995.284271,1555.4973366790123,41.62657299999999,120967.048668,13433.802524056873,76.632945,62.8529472,9.03345351735648,0.6428812027167679,25,64,,True,True,,243,59.56268577710819
107,2026-09-21T07:58:31.470+00:00,2026-09-21T08:00:33.432+00:00,2026-09-21T08:00:36.191+00:00,True,45,45.0,,45.0,121961.361022,124720.82162999999,124720.821767,2771.5738170444442,46.703713,121961.361022,18171.57938763261,77.198184,62.71501381818182,8.90453018558907,0.3608058334758102,25,64,,True,True,,96,59.56268577710819
108,2026-09-21T07:58:31.781+00:00,2026-09-21T08:00:34.810+00:00,2026-09-21T08:00:36.001+00:00,True,21,21.0,,21.0,123028.980003,124219.396643,124219.396511,5915.209357666667,42.414963,123028.980003,26834.13769326864,78.271736,59.520832,9.937514816285162,0.1690557237236701,25,64,,True,True,,189,59.56268577710819
109,2026-09-21T07:58:31.973+00:00,2026-09-21T08:00:35.994+00:00,2026-09-21T08:00:40.092+00:00,True,66,66.0,,66.0,124021.165611,128119.821867,128119.821975,1941.2094238636364,38.876762,124021.165611,15258.192121894757,80.10694525,63.05625009230769,10.594999368838705,0.5151427705582824,25,64,,True,True,,197,59.56268577710819
110,2026-09-21T07:58:32.229+00:00,2026-09-21T08:00:37.225+00:00,2026-09-21T08:00:37.893+00:00,True,12,12.0,,12.0,124996.102486,125664.53231000001,125664.53239600001,10472.044366333334,48.207163,124996.102486,36065.725944706675,56290.28331995,60.76634763636363,8.780053579275142,0.09549233804807687,25,64,,True,True,,36,59.56268577710819
111,2026-09-21T07:58:32.493+00:00,2026-09-21T08:00:38.659+00:00,2026-09-21T08:00:43.303+00:00,True,72,72.0,,72.0,126166.26867399999,130810.41408199999,130810.41423,1816.8113087499999,45.818803,126166.26867399999,14861.131409200942,78.58523100000001,65.41049870422535,9.112728642668305,0.5504148924631183,25,64,,True,True,,288,59.56268577710819
112,2026-09-21T07:58:32.687+00:00,2026-09-21T08:00:39.525+00:00,2026-09-21T08:00:44.085+00:00,True,71,71.0,,71.0,126838.009729,131398.631041,131398.631108,1850.6849451830985,46.060763,126838.009729,15045.173392200328,79.6863855,65.15173302857143,9.77435434877662,0.540340484809511,25,64,,True,True,,75,59.56268577710819
114,2026-09-21T07:58:33.374+00:00,2026-09-21T08:00:40.489+00:00,2026-09-21T08:00:45.941+00:00,True,85,85.0,,85.0,127115.525769,132566.725257,132566.725284,1559.608532752941,46.663383,127115.525769,13780.578907285055,77.8449784,64.895232,9.422622375356976,0.6411865408549171,25,64,,True,True,,260,59.56268577710819
113,2026-09-21T07:58:33.374+00:00,2026-09-21T08:00:40.893+00:00,2026-09-21T08:00:41.088+00:00,True,4,4.0,,4.0,127519.84378,127714.73658,127714.73652399999,31928.684130999998,54.615964,127519.84378,63727.440325383264,108403.16202025,64.96426666666666,10.34138275974298,0.031319799947239574,25,64,,True,True,,16,59.56268577710819
115,2026-09-21T07:58:33.506+00:00,2026-09-21T08:00:44.223+00:00,2026-09-21T08:00:45.748+00:00,True,25,25.0,,25.0,130716.68978300001,132242.422135,132242.42211500002,5289.6968846,47.566634,130716.68978300001,26130.625476480116,77.668699,63.57218133333333,10.327904014118655,0.1890467491171531,25,64,,True,True,,100,59.56268577710819
116,2026-09-21T07:58:33.779+00:00,2026-09-21T08:00:45.806+00:00,2026-09-21T08:00:51.185+00:00,True,85,85.0,,85.0,132027.191022,137406.00215800002,137406.002222,1616.541202611765,41.427322999999994,132027.191022,14313.416766969298,77.2343512,64.0334659047619,8.803578880230916,0.618604709146988,25,64,,True,True,,255,59.56268577710819
117,2026-09-21T07:58:33.990+00:00,2026-09-21T08:00:46.746+00:00,2026-09-21T08:00:49.785+00:00,True,49,49.0,,49.0,132755.9394,135794.997064,135794.997056,2771.3264705306124,42.793693,132755.9394,18956.09176111184,77.856322,63.313701333333334,9.590595791755645,0.36083803571133305,25,64,,True,True,,147,59.56268577710819
118,2026-09-21T07:58:34.327+00:00,2026-09-21T08:00:48.479+00:00,2026-09-21T08:00:50.996+00:00,True,41,41.0,,41.0,134152.558704,136669.080944,136669.08095099998,3333.392218317073,41.403332999999996,134152.558704,20941.285973669663,77.283595,62.913056,8.244992874076539,0.29999470046044807,25,64,,True,True,,51,59.56268577710819
119,2026-09-21T07:58:34.631+00:00,2026-09-21T08:00:50.317+00:00,2026-09-21T08:00:53.380+00:00,True,50,50.0,,50.0,135685.732999,138749.386375,138749.386286,2774.98772572,43.665374,135685.732999,19180.020869251148,80.12581304999999,62.52353828571428,10.186446015106936,0.3603619540692185,25,64,,True,True,,148,59.56268577710819
120,2026-09-21T07:58:34.899+00:00,2026-09-21T08:00:51.730+00:00,2026-09-21T08:00:51.966+00:00,True,5,5.0,,5.0,136830.89913600002,137066.61907200003,137066.619073,27413.323814600004,49.823752999999996,136830.89913600002,61166.28512561375,109480.30085000003,58.929984,13.009687642369487,0.036478611888526545,25,64,,True,True,,23,59.56268577710819
121,2026-09-21T07:58:35.195+00:00,2026-09-21T08:00:53.241+00:00,2026-09-21T08:00:54.222+00:00,True,16,16.0,,16.0,138045.97484799998,139027.14425599997,139027.14445099997,8689.196528187498,51.356984,138045.97484799998,34495.141828175016,34569.445368999994,65.41129386666667,8.348456137451025,0.11508543950624586,25,64,,True,True,,56,59.56268577710819
122,2026-09-21T07:58:35.444+00:00,2026-09-21T08:00:54.439+00:00,2026-09-21T08:00:56.589+00:00,True,36,36.0,,36.0,138995.122801,141144.97035299998,141144.97055099998,3920.6936264166666,47.285303,138995.122801,23155.617593834184,74.63250275,61.42421577142857,7.448996840447424,0.2550569099980319,25,64,,True,True,,216,59.56268577710819
123,2026-09-21T07:58:35.641+00:00,2026-09-21T08:00:55.682+00:00,2026-09-21T08:01:00.306+00:00,True,74,74.0,,74.0,140041.340272,144664.909424,144664.909356,1954.9312075135135,45.566153,140041.340272,16272.115061969394,75.98060315000001,63.3365637260274,9.359230826926854,0.5115269507625555,25,64,,True,True,,814,59.56268577710819
124,2026-09-21T07:58:35.994+00:00,2026-09-21T08:00:57.360+00:00,2026-09-21T08:00:59.344+00:00,True,32,32.0,,32.0,141365.63937299998,143349.752013,143349.75193099998,4479.679747843749,46.414444,141365.63937299998,24978.838139350933,75.84070799999999,64.0036335483871,9.988971641019718,0.22323024316845702,25,64,,True,True,,149,59.56268577710819
125,2026-09-21T07:58:36.290+00:00,2026-09-21T08:00:58.961+00:00,2026-09-21T08:01:00.155+00:00,True,20,20.0,,20.0,142671.04506,143864.90362,143864.903668,7193.2451834,46.798713000000006,142671.04506,31888.16695601123,7207.868031250001,62.83466105263158,10.686468769436264,0.13901931254079408,25,64,,True,True,,22,59.56268577710819
126,2026-09-21T07:58:36.579+00:00,2026-09-21T08:01:00.438+00:00,2026-09-21T08:01:01.863+00:00,True,23,23.0,,23.0,143859.256139,145284.753739,145284.753495,6316.728412826087,44.591904,143859.256139,29983.220083835466,80.326233,64.79534545454545,12.136123415137583,0.15830979788367097,25,64,,True,True,,75,59.56268577710819
127,2026-09-21T07:58:36.833+00:00,2026-09-21T08:01:01.531+00:00,2026-09-21T08:01:07.652+00:00,True,98,98.0,,98.0,144697.209656,150818.93202399998,150818.931949,1538.9686933571427,43.598394,144697.209656,14610.253294811106,77.604237,63.11053987628866,9.363623448562572,0.6497857973454231,25,64,,True,True,,541,59.56268577710819
128,2026-09-21T07:58:37.159+00:00,2026-09-21T08:01:03.328+00:00,2026-09-21T08:01:04.833+00:00,True,25,25.0,,25.0,146168.984054,147673.660662,147673.660656,5906.94642624,48.271493,146168.984054,29221.258905627987,78.31544780000002,62.69485866666666,8.064681274667832,0.169292207479171,25,64,,True,True,,99,59.56268577710819
129,2026-09-21T07:58:37.394+00:00,2026-09-21T08:01:04.574+00:00,2026-09-21T08:01:07.333+00:00,True,45,45.0,,45.0,147179.621781,149939.001749,149939.00174799998,3331.9778166222222,44.532463,147179.621781,21930.896151899906,78.9202918,62.713181090909096,10.087630853662425,0.3001220461326709,25,64,,True,True,,180,59.56268577710819
130,2026-09-21T07:58:37.711+00:00,2026-09-21T08:01:06.454+00:00,2026-09-21T08:01:10.948+00:00,True,72,72.0,,72.0,148743.05532800002,153237.097184,153237.09711300003,2128.2930154583337,45.382783,148743.05532800002,17522.080221574997,76.19899455,63.29636416901408,9.594922405654678,0.4698601143138709,25,64,,True,True,,248,59.56268577710819
131,2026-09-21T07:58:37.909+00:00,2026-09-21T08:01:07.481+00:00,2026-09-21T08:01:08.598+00:00,True,19,19.0,,19.0,149572.065914,150688.550778,150688.550876,7930.976361894737,44.619313000000005,149572.065914,34299.957173107876,15029.657289800001,62.02693688888889,11.627698037498085,0.12608788061139103,25,64,,True,True,,78,59.56268577710819
132,2026-09-21T07:58:38.159+00:00,2026-09-21T08:01:09.008+00:00,2026-09-21T08:01:12.040+00:00,True,49,49.0,,49.0,150848.532222,153880.739582,153880.739737,3140.4232599387756,41.560453,150848.532222,21540.768228241068,78.9808406,63.170986666666664,10.142241445798142,0.31842841497319985,25,64,,True,True,,365,59.56268577710819
133,2026-09-21T07:58:38.453+00:00,2026-09-21T08:01:10.689+00:00,2026-09-21T08:01:11.827+00:00,True,19,19.0,,19.0,152235.96459599998,153374.21585999997,153374.21569999997,8072.327142105262,51.660383,152235.96459599998,34910.81935862799,15292.677836999997,63.236181333333334,9.388383933450678,0.12388001394799766,25,64,,True,True,,60,59.56268577710819
134,2026-09-21T07:58:38.742+00:00,2026-09-21T08:01:12.484+00:00,2026-09-21T08:01:13.314+00:00,True,14,14.0,,14.0,153742.334448,154572.597232,154572.59715000002,11040.899796428572,50.003644,153742.334448,41072.30118938366,53880.85062720001,63.866368,16.21186982992005,0.0905723281532704,25,64,,True,True,,32,59.56268577710819
135,2026-09-21T07:58:39.003+00:00,2026-09-21T08:01:13.632+00:00,2026-09-21T08:01:15.268+00:00,True,26,26.0,,26.0,154629.875346,156265.918098,156265.918028,6010.227616461538,49.704243000000005,154629.875346,30312.580660181287,80.88670174999999,65.44171008,9.078582821357758,0.16638304958919106,25,64,,True,True,,104,59.56268577710819
136,2026-09-21T07:58:39.269+00:00,2026-09-21T08:01:15.080+00:00,2026-09-21T08:01:17.982+00:00,True,47,47.0,,47.0,155810.507128,158712.805496,158712.805463,3376.8682013404255,50.374024,155810.507128,22718.096585657782,75.897982,63.0934427826087,8.099792449844488,0.29613237478298204,25,64,,True,True,,503,59.56268577710819
137,2026-09-21T07:58:39.562+00:00,2026-09-21T08:01:16.763+00:00,2026-09-21T08:01:19.636+00:00,True,46,46.0,,46.0,157200.59288100002,160073.44305700003,160073.44314500003,3479.8574596739136,46.220134,157200.59288100002,23168.552357054716,75.39432,63.84111502222222,10.424622032724749,0.28736809255499063,25,64,,True,True,,92,59.56268577710819
138,2026-09-21T07:58:39.830+00:00,2026-09-21T08:01:17.921+00:00,2026-09-21T08:01:22.266+00:00,True,70,70.0,,70.0,158091.35862,162436.468124,162436.468006,2320.520971514286,43.493142,158091.35862,18888.007811944095,76.4791425,62.972601507246374,10.734480277999317,0.43093771250039564,25,64,,True,True,,70,59.56268577710819
139,2026-09-21T07:58:40.031+00:00,2026-09-21T08:01:19.256+00:00,2026-09-21T08:01:22.070+00:00,True,46,46.0,,46.0,159225.573679,162039.23921499998,162039.239295,3522.5921585869564,44.531063,159225.573679,23467.313129387447,76.725586,62.525900799999995,9.841253355831668,0.28388185616550204,25,64,,True,True,,322,59.56268577710819
140,2026-09-21T07:58:40.225+00:00,2026-09-21T08:01:20.091+00:00,2026-09-21T08:01:23.765+00:00,True,59,59.0,,59.0,159866.654861,163539.85524499998,163539.855255,2771.8619534745762,42.577922,159866.654861,20804.623157326292,76.105978,63.33104110344828,10.201724505670867,0.3607683271555534,25,64,,True,True,,59,59.56268577710819
141,2026-09-21T07:58:40.488+00:00,2026-09-21T08:01:21.577+00:00,2026-09-21T08:01:27.133+00:00,True,89,89.0,,89.0,161088.50330399998,166644.22605599998,166644.22598999998,1872.4070335955055,41.819583,161088.50330399998,17068.657823282643,77.3680076,63.133213090909095,9.710551863352814,0.534071909398721,25,64,,True,True,,89,59.56268577710819
142,2026-09-21T07:58:40.705+00:00,2026-09-21T08:01:22.808+00:00,2026-09-21T08:01:25.769+00:00,True,47,47.0,,47.0,162102.945625,165063.893593,165063.893693,3511.997738148936,45.176692,162102.945625,23635.757192854584,77.399631,64.36843408695653,8.538903052482487,0.28473822455617376,25,64,,True,True,,187,59.56268577710819
143,2026-09-21T07:58:40.974+00:00,2026-09-21T08:01:23.958+00:00,2026-09-21T08:01:24.623+00:00,True,12,12.0,,12.0,162983.919208,163648.76656800002,163648.766624,13637.397218666667,42.716472,162983.919208,47031.95774633715,73383.1407683,60.4406690909091,8.213127799107395,0.07332777540375601,25,64,,True,True,,60,59.56268577710819
144,2026-09-21T07:58:41.214+00:00,2026-09-21T08:01:25.268+00:00,2026-09-21T08:01:27.993+00:00,True,45,45.0,,45.0,164053.832004,166778.663748,166778.663642,3706.1925253777777,43.010642,164053.832004,24446.47159499986,78.805506,61.92799418181818,9.79983886444892,0.26981868656769137,25,64,,True,True,,135,59.56268577710819
145,2026-09-21T07:58:41.563+00:00,2026-09-21T08:01:26.942+00:00,2026-09-21T08:01:32.189+00:00,True,85,85.0,,85.0,165379.26085800002,170625.89868200003,170625.898791,2007.3635151882356,43.350682,165379.26085800002,17931.126833939434,76.222482,62.459974095238096,8.902459302172765,0.498165874328473,25,64,,True,True,,425,59.56268577710819
146,2026-09-21T07:58:41.878+00:00,2026-09-21T08:01:28.388+00:00,2026-09-21T08:01:33.742+00:00,True,87,87.0,,87.0,166510.512374,171864.313846,171864.313773,1975.451882448276,41.594523,166510.512374,17845.12868126158,76.9202603,62.25350548837209,8.92860136947885,0.5062132914803759,25,64,,True,True,,783,59.56268577710819
147,2026-09-21T07:58:42.221+00:00,2026-09-21T08:01:30.081+00:00,2026-09-21T08:01:36.069+00:00,True,96,96.0,,96.0,167860.045439,173848.033151,173848.033223,1810.9170127395835,43.923362000000004,167860.045439,17125.71351570289,75.8939115,63.0314496,9.282612502999704,0.5522064199404363,25,64,,True,True,,108,59.56268577710819
148,2026-09-21T07:58:42.569+00:00,2026-09-21T08:01:31.952+00:00,2026-09-21T08:01:36.882+00:00,True,79,79.0,,79.0,169382.749274,174312.85641,174312.856371,2206.4918527974683,44.681861,169382.749274,19049.939078719057,76.723529,63.20650174358975,9.177471503259184,0.4532081088395722,25,64,,True,True,,231,59.56268577710819
149,2026-09-21T07:58:42.776+00:00,2026-09-21T08:01:33.286+00:00,2026-09-21T08:01:33.417+00:00,True,3,3.0,,3.0,170509.709554,170640.820466,170640.820292,56880.27343066667,53.677163,170509.709554,98405.97901739404,153466.4819561,65.555456,16.798232340620604,0.01758078747985009,25,64,,True,True,,9,59.56268577710819
150,2026-09-21T07:58:43.492+00:00,2026-09-21T08:01:34.014+00:00,2026-09-21T08:01:39.917+00:00,True,93,93.0,,93.0,170521.06535,176424.45965399998,176424.459599,1897.0371999892473,43.799832,170521.06535,17675.55947476824,77.572274,64.16732939130435,9.540140828555527,0.5271377913379454,25,64,,True,True,,217,59.56268577710819
151,2026-09-21T07:58:43.503+00:00,2026-09-21T08:01:34.270+00:00,2026-09-21T08:01:39.006+00:00,True,75,75.0,,75.0,170767.194172,175503.62450799998,175503.624679,2340.048329053333,43.623072,170767.194172,19711.10873409318,75.76713330000001,64.00581535135134,9.761691881892618,0.4273416016919997,25,64,,True,True,,300,59.56268577710819
152,2026-09-21T07:58:43.682+00:00,2026-09-21T08:01:37.738+00:00,2026-09-21T08:01:37.870+00:00,True,3,3.0,,3.0,174056.561541,174188.653957,174188.653888,58062.88462933333,58.430763,174056.561541,100453.47117253122,156658.2715453,66.046208,10.76956437501759,0.01722270613986475,25,64,,True,True,,20,59.56268577710819
153,2026-09-21T07:58:43.962+00:00,2026-09-21T08:01:39.152+00:00,2026-09-21T08:01:41.513+00:00,True,38,38.0,,38.0,175190.202289,177550.58987300002,177550.59010600002,4672.383950157895,50.546392999999995,175190.202289,28409.25590047077,76.093617,63.794259027027024,8.063246158328786,0.21402350748133805,25,64,,True,True,,250,59.56268577710819
154,2026-09-21T07:58:44.295+00:00,2026-09-21T08:01:40.572+00:00,2026-09-21T08:01:40.830+00:00,True,5,5.0,,5.0,176277.25257100002,176535.31618700002,176535.31630500001,35307.063261,54.528063,176277.25257100002,78804.7320625166,141036.57115960002,64.515904,10.632656010678048,0.02832294471154774,25,64,,True,True,,25,59.56268577710819
155,2026-09-21T07:58:44.642+00:00,2026-09-21T08:01:42.392+00:00,2026-09-21T08:01:46.458+00:00,True,67,67.0,,67.0,177749.904633,181815.834361,181815.834424,2713.6691705074627,42.245093000000004,177749.904633,21708.08298940405,77.94421329999999,61.604995878787875,9.745128438080865,0.3685047577702709,25,64,,True,True,,542,59.56268577710819
156,2026-09-21T07:58:44.961+00:00,2026-09-21T08:01:44.060+00:00,2026-09-21T08:01:45.774+00:00,True,29,29.0,,29.0,179098.372721,180813.031025,180813.031024,6234.932104275862,47.097552,179098.372721,33246.36264863161,78.2356918,61.237796571428575,9.58584283220806,0.16038667033898862,25,64,,True,True,,87,59.56268577710819
157,2026-09-21T07:58:45.161+00:00,2026-09-21T08:01:44.824+00:00,2026-09-21T08:01:47.378+00:00,True,42,42.0,,42.0,179662.602141,182216.26972500002,182216.26970900001,4338.482612119048,48.054693,179662.602141,27712.93204704535,77.12350395,62.28457521951219,8.893875135781173,0.23049533427166638,25,64,,True,True,,378,59.56268577710819
158,2026-09-21T07:58:45.444+00:00,2026-09-21T08:01:46.462+00:00,2026-09-21T08:01:47.046+00:00,True,10,10.0,,10.0,181018.48154100002,181601.746821,181601.747042,18160.174704200002,51.145623,181018.48154100002,57222.57699341091,99595.6367433,64.80725333333334,10.328993589734095,0.05506554961641824,25,64,,True,True,,60,59.56268577710819
159,2026-09-21T07:58:45.677+00:00,2026-09-21T08:01:47.697+00:00,2026-09-21T08:01:49.247+00:00,True,26,26.0,,26.0,182019.787954,183570.109106,183570.108976,7060.3888067692305,43.331973,182019.787954,35684.85689703315,77.78186725,62.012846079999996,9.768289242582252,0.14163525928388845,25,64,,True,True,,26,59.56268577710819
160,2026-09-21T07:58:46.023+00:00,2026-09-21T08:01:49.440+00:00,2026-09-21T08:01:55.792+00:00,True,100,100.0,,100.0,183416.66116100003,189768.42589700004,189768.42588400003,1897.6842588400002,41.712741,183416.66116100003,18335.252480503597,78.18797295,64.15923975757576,9.207176211127347,0.5269580517797869,25,64,,True,True,,500,59.56268577710819
161,2026-09-21T07:58:46.222+00:00,2026-09-21T08:01:50.785+00:00,2026-09-21T08:01:53.647+00:00,True,46,46.0,,46.0,184563.205684,187424.92549199998,187424.925619,4074.4549047608693,43.595232,184563.205684,27202.985610585773,80.198909,63.59377351111111,10.338976563671045,0.2454316035033636,25,64,,True,True,,534,59.56268577710819
162,2026-09-21T07:58:46.545+00:00,2026-09-21T08:01:51.877+00:00,2026-09-21T08:01:58.095+00:00,True,100,100.0,,100.0,185331.695248,191550.229648,191550.229715,1915.50229715,44.111453000000004,185331.695248,18526.890193099483,76.2462565,62.813478787878786,8.68746096395749,0.5220562783128154,25,64,,True,True,,597,59.56268577710819
163,2026-09-21T07:58:46.755+00:00,2026-09-21T08:01:52.958+00:00,2026-09-21T08:01:54.182+00:00,True,20,20.0,,20.0,186203.175315,187427.480979,187427.481151,9371.37405755,43.368591,186203.175315,41621.88816940328,9386.150021000001,64.43714021052632,9.331246705471958,0.10670793789434146,25,64,,True,True,,30,59.56268577710819
164,2026-09-21T07:58:46.995+00:00,2026-09-21T08:01:54.233+00:00,2026-09-21T08:01:56.215+00:00,True,32,32.0,,32.0,187237.678419,189219.962963,189219.962806,5913.1238376875,46.196742,187237.678419,33087.95549533436,77.919382,63.944662709677424,9.765776750651492,0.16911534860757407,25,64,,True,True,,32,59.56268577710819
165,2026-09-21T07:58:47.284+00:00,2026-09-21T08:01:55.739+00:00,2026-09-21T08:02:01.876+00:00,True,99,99.0,,99.0,188454.81096,194592.10785600002,194592.107912,1965.5768475959596,43.615512,188454.81096,18934.12902831713,77.0551768,62.62547853061225,8.698185678562844,0.5087565014366406,25,64,,True,True,,100,59.56268577710819
166,2026-09-21T07:58:47.604+00:00,2026-09-21T08:01:57.490+00:00,2026-09-21T08:02:03.411+00:00,True,96,96.0,,96.0,189885.34120199998,195806.514962,195806.51505199997,2039.651198458333,44.292443,189885.34120199998,19373.732058397785,76.3159115,62.32814484210526,8.661253593088212,0.49027990727801185,25,64,,True,True,,384,59.56268577710819
167,2026-09-21T07:58:47.941+00:00,2026-09-21T08:01:59.037+00:00,2026-09-21T08:02:03.619+00:00,True,75,75.0,,75.0,191096.574811,195677.855067,195677.855118,2609.03806824,44.855312,191096.574811,22058.78499704652,76.0992583,61.90919264864865,9.152914592618252,0.3832830238982333,25,64,,True,True,,83,59.56268577710819
168,2026-09-21T07:58:48.265+00:00,2026-09-21T08:02:00.917+00:00,2026-09-21T08:02:02.523+00:00,True,28,28.0,,28.0,192651.694009,194257.282233,194257.282036,6937.760072714285,45.695212,192651.694009,36396.51099180351,75.42573914999998,59.466230518518515,8.915214853184667,0.144138740530796,25,64,,True,True,,140,59.56268577710819
169,2026-09-21T07:58:48.539+00:00,2026-09-21T08:02:02.799+00:00,2026-09-21T08:02:07.689+00:00,True,79,79.0,,79.0,194259.547782,199149.706374,199149.70650600002,2520.8823608354433,46.956193,194259.547782,21848.854441757994,76.71771,62.69434092307692,7.932427640316796,0.39668650001240396,25,64,,True,True,,237,59.56268577710819
170,2026-09-21T07:58:48.793+00:00,2026-09-21T08:02:04.000+00:00,2026-09-21T08:02:08.660+00:00,True,75,75.0,,75.0,195206.640301,199866.886573,199866.88673300002,2664.891823106667,47.416892999999995,195206.640301,22533.25065465292,75.61223,62.97630097297297,7.607070641275593,0.3752497539036151,25,64,,True,True,,375,59.56268577710819
171,2026-09-21T07:58:49.103+00:00,2026-09-21T08:02:05.398+00:00,2026-09-21T08:02:07.565+00:00,True,36,36.0,,36.0,196295.309845,198462.470933,198462.470792,5512.846410888889,44.223563,196295.309845,32705.56591387924,75.721564,61.91888822857143,7.124120141288364,0.18139449655523757,25,64,,True,True,,144,59.56268577710819
172,2026-09-21T07:58:49.450+00:00,2026-09-21T08:02:07.422+00:00,2026-09-21T08:02:10.499+00:00,True,49,49.0,,49.0,197972.62103799998,201049.31684599997,201049.31695399998,4103.04728477551,42.944302,197972.62103799998,28272.64741162191,77.283458,64.09782933333334,8.45965444922363,0.24372129569349935,25,64,,True,True,,441,59.56268577710819
173,2026-09-21T07:58:49.664+00:00,2026-09-21T08:02:08.661+00:00,2026-09-21T08:02:10.422+00:00,True,29,29.0,,29.0,198997.11227200003,200758.66952000002,200758.66944800003,6922.712739586208,46.095063,198997.11227200003,36941.15451414898,77.87834260000001,62.91275885714286,9.012373891075748,0.1444520431886552,25,64,,True,True,,116,59.56268577710819
174,2026-09-21T07:58:50.012+00:00,2026-09-21T08:02:10.498+00:00,2026-09-21T08:02:10.976+00:00,True,9,9.0,,9.0,200485.29805500002,200964.18803900003,200964.18814100002,22329.354237888892,41.528242,200485.29805500002,66808.4794661239,120320.3677386,59.861248,9.036254903511425,0.04478409853925526,25,64,,True,True,,17,59.56268577710819
175,2026-09-21T07:58:50.335+00:00,2026-09-21T08:02:12.506+00:00,2026-09-21T08:02:18.670+00:00,True,98,98.0,,98.0,202170.56835100002,208335.24572700003,208335.24568400002,2125.8698539183674,43.358082,202170.56835100002,20415.89385152092,76.93148249999999,63.55337501030928,9.754956272899177,0.4703956820077291,25,64,,True,True,,392,59.56268577710819
176,2026-09-21T07:58:50.568+00:00,2026-09-21T08:02:13.797+00:00,2026-09-21T08:02:18.544+00:00,True,76,76.0,,76.0,203228.640166,207975.506598,207975.506402,2736.519821078947,47.010463,203228.640166,23304.665692702736,76.64546225,63.29155242666667,9.518081487788281,0.365427646953167,25,64,,True,True,,228,59.56268577710819
177,2026-09-21T07:58:50.775+00:00,2026-09-21T08:02:14.884+00:00,2026-09-21T08:02:18.910+00:00,True,64,64.0,,64.0,204109.152554,208135.36721,208135.367171,3252.115112046875,48.276233,204109.152554,25505.65703901709,75.488781,63.90816914285714,8.79067091633851,0.3074921905772345,25,64,,True,True,,70,59.56268577710819
178,2026-09-21T07:58:51.035+00:00,2026-09-21T08:02:16.323+00:00,2026-09-21T08:02:20.940+00:00,True,74,74.0,,74.0,205288.056804,209904.38294799998,209904.382744,2836.5457127567565,41.667932,205288.056804,23856.90268948065,79.20753065000001,63.23734443835616,9.873988047949904,0.35254147131521385,25,64,,True,True,,222,59.56268577710819
179,2026-09-21T07:58:51.282+00:00,2026-09-21T08:02:17.728+00:00,2026-09-21T08:02:23.964+00:00,True,100,100.0,,100.0,206445.617634,212682.24253,212682.242512,2126.82242512,46.633373,206445.617634,20638.26438789931,77.90353845,62.99621107070707,9.676565764447123,0.47018499904097283,25,64,,True,True,,450,59.56268577710819
180,2026-09-21T07:58:51.563+00:00,2026-09-21T08:02:19.241+00:00,2026-09-21T08:02:23.363+00:00,True,67,67.0,,67.0,207677.74060699999,211800.665151,211800.66509,3161.203956567164,44.765183,207677.74060699999,25364.244073301925,78.07172,62.46855369696969,9.209346826959155,0.31633517275421863,25,64,,True,True,,201,59.56268577710819
181,2026-09-21T07:58:51.886+00:00,2026-09-21T08:02:20.998+00:00,2026-09-21T08:02:21.076+00:00,True,2,2.0,,2.0,209112.37246900002,209190.257141,209190.257214,104595.128607,77.884745,209112.37246900002,147809.70377149654,198660.64808280003,77.884672,nan,0.009560674705093673,25,64,,True,True,,6,59.56268577710819
182,2026-09-21T07:58:52.187+00:00,2026-09-21T08:02:22.660+00:00,2026-09-21T08:02:23.769+00:00,True,19,19.0,,19.0,210472.777738,211581.933322,211581.933368,11135.891229894736,45.607303,210472.777738,48271.631337255974,21115.082409399998,61.619754666666665,10.673850492892488,0.08979972770682877,25,64,,True,True,,108,59.56268577710819
183,2026-09-21T07:58:52.528+00:00,2026-09-21T08:02:24.199+00:00,2026-09-21T08:02:28.377+00:00,True,69,69.0,,69.0,211670.948615,215848.239879,215848.23996,3128.2353617391304,43.293631999999995,211670.948615,25474.79387903055,76.819562,61.43075388235294,8.953837504702058,0.319669041724315,25,64,,True,True,,207,59.56268577710819
184,2026-09-21T07:58:52.742+00:00,2026-09-21T08:02:25.286+00:00,2026-09-21T08:02:28.237+00:00,True,49,49.0,,49.0,212543.83324200002,215495.40777000002,215495.40758400003,4397.86546089796,46.005372,212543.83324200002,30354.621527726376,75.50144200000001,61.491136,8.71968429952256,0.22738303570857574,25,64,,True,True,,98,59.56268577710819
187,2026-09-21T07:58:53.691+00:00,2026-09-21T08:02:26.306+00:00,2026-09-21T08:02:28.864+00:00,True,43,43.0,,43.0,212614.518949,215172.329893,215172.329866,5004.007671302325,42.481642,212614.518949,32414.123951731213,76.00935100000001,60.900260571428575,8.078117734476978,0.19983982151135726,25,64,,True,True,,172,59.56268577710819
186,2026-09-21T07:58:53.671+00:00,2026-09-21T08:02:26.636+00:00,2026-09-21T08:02:27.320+00:00,True,13,13.0,,13.0,212964.902239,213649.46927899998,213649.46947399998,16434.574574923077,44.853752,212964.902239,59050.01515681481,85232.3602834,57.04725333333334,9.442882964743932,0.06084733111610774,25,64,,True,True,,38,59.56268577710819
185,2026-09-21T07:58:53.624+00:00,2026-09-21T08:02:26.954+00:00,2026-09-21T08:02:28.032+00:00,True,20,20.0,,20.0,213330.449806,214408.328334,214408.328414,10720.4164207,39.716352,213330.449806,47689.45394030958,10728.385418700002,56.73044884210526,7.176613522400731,0.09327995864435122,25,64,,True,True,,82,59.56268577710819
188,2026-09-21T07:58:53.964+00:00,2026-09-21T08:02:31.884+00:00,2026-09-21T08:02:33.746+00:00,True,30,30.0,,30.0,217919.944374,219782.71583,219782.715919,7326.090530633333,44.870381,217919.944374,39774.829927332656,76.574727,64.23349848275862,8.540410601967526,0.1364984497834886,25,64,,True,True,,180,59.56268577710819
189,2026-09-21T07:58:54.199+00:00,2026-09-21T08:02:32.929+00:00,2026-09-21T08:02:33.186+00:00,True,5,5.0,,5.0,218729.556686,218986.688718,218986.688555,43797.337711,43.161331,218729.556686,97790.08403319611,174998.1151214,64.283008,14.100627889420528,0.022832438032061152,25,64,,True,True,,5,59.56268577710819
190,2026-09-21T07:58:54.537+00:00,2026-09-21T08:02:34.672+00:00,2026-09-21T08:02:36.444+00:00,True,28,28.0,,28.0,220134.759691,221906.44404300002,221906.44408400002,7925.230145857144,48.756032,220134.759691,41589.160412388526,96.93139649999999,65.61793896296297,12.533827489798371,0.12617930101468477,25,64,,True,True,,129,59.56268577710819
191,2026-09-21T07:58:54.840+00:00,2026-09-21T08:02:36.249+00:00,2026-09-21T08:02:39.488+00:00,True,53,53.0,,53.0,221409.168086,224647.37378199998,224647.37380899998,4238.629694509434,44.609552,221409.168086,30404.335577221358,76.606875,62.273186461538465,8.858228211678881,0.23592530421224384,25,64,,True,True,,86,59.56268577710819
192,2026-09-21T07:58:55.093+00:00,2026-09-21T08:02:37.529+00:00,2026-09-21T08:02:42.578+00:00,True,81,81.0,,81.0,222435.764475,227484.329723,227484.329752,2808.44851545679,46.117523,222435.764475,24708.07480915275,77.993122,63.1070656,9.394628691162715,0.3560684821615228,25,64,,True,True,,324,59.56268577710819
193,2026-09-21T07:58:55.384+00:00,2026-09-21T08:02:38.995+00:00,2026-09-21T08:02:44.064+00:00,True,80,80.0,,80.0,223610.294205,228679.198397,228679.198402,2858.489980025,42.311312,223610.294205,24993.219188126244,79.76880299999999,64.16334420253165,9.94245026392038,0.34983505522489844,25,64,,True,True,,400,59.56268577710819
194,2026-09-21T07:58:55.674+00:00,2026-09-21T08:02:40.358+00:00,2026-09-21T08:02:42.376+00:00,True,32,32.0,,32.0,224684.112823,226702.224055,226702.224064,7084.444502,40.421873,224684.112823,39707.407972985726,80.41243899999999,65.10036232258064,10.125808623029862,0.14115432759158336,25,64,,True,True,,128,59.56268577710819
195,2026-09-21T07:58:55.942+00:00,2026-09-21T08:02:41.846+00:00,2026-09-21T08:02:48.014+00:00,True,98,98.0,,98.0,225904.26514700003,232071.72037900003,232071.72036300003,2368.078779214286,44.669621,225904.26514700003,22813.356088884935,78.558186,63.582012701030926,9.639944830091077,0.4222832486438013,25,64,,True,True,,392,59.56268577710819
196,2026-09-21T07:58:56.267+00:00,2026-09-21T08:02:43.510+00:00,2026-09-21T08:02:47.054+00:00,True,57,57.0,,57.0,227243.18515200002,230787.720192,230787.720376,4048.9073750175444,42.823581,227243.18515200002,30090.713273986355,77.5623842,63.29526857142857,10.419932089041989,0.24698021173994786,25,64,,True,True,,513,59.56268577710819
197,2026-09-21T07:58:56.547+00:00,2026-09-21T08:02:45.028+00:00,2026-09-21T08:02:48.659+00:00,True,58,58.0,,58.0,228480.437226,232111.562218,232111.562293,4001.923487810345,48.136081,228480.437226,29992.58771539941,76.43382050000001,63.70394722807018,8.782397635058873,0.24987983987426785,25,64,,True,True,,522,59.56268577710819
198,2026-09-21T07:58:56.833+00:00,2026-09-21T08:02:46.748+00:00,2026-09-21T08:02:52.806+00:00,True,98,98.0,,98.0,229915.098817,235972.60179299998,235972.601749,2407.8836913163263,41.005852,229915.098817,23218.625964102714,76.87992714999999,62.4484842886598,9.695648316688752,0.4153024514514088,25,64,,True,True,,392,59.56268577710819
199,2026-09-21T07:58:57.028+00:00,2026-09-21T08:02:47.394+00:00,2026-09-21T08:02:49.199+00:00,True,30,30.0,,30.0,230365.66783899997,232170.58611099998,232170.58621199997,7739.019540399999,50.484982,230365.66783899997,42047.46172222315,75.879586,62.238561103448276,7.392413212477846,0.1292153347351981,25,64,,True,True,,150,59.56268577710819
200,2026-09-21T07:58:57.299+00:00,2026-09-21T08:02:48.791+00:00,2026-09-21T08:02:49.952+00:00,True,20,20.0,,20.0,231492.16993,232652.338634,232652.338481,11632.61692405,46.560871,231492.16993,51749.570118745236,11652.25448835,61.0615107368421,10.77941334914265,0.08596517927749377,25,64,,True,True,,229,59.56268577710819
201,2026-09-21T07:58:57.583+00:00,2026-09-21T08:02:50.264+00:00,2026-09-21T08:02:50.781+00:00,True,9,9.0,,9.0,232681.629372,233198.858684,233198.85868099998,25910.98429788889,46.090152,232681.629372,77538.99253752806,139638.954532,64.653664,10.606400308035253,0.03859367087295911,25,64,,True,True,,36,59.56268577710819
202,2026-09-21T07:58:57.935+00:00,2026-09-21T08:02:52.531+00:00,2026-09-21T08:02:57.181+00:00,True,75,75.0,,75.0,234595.448608,239245.313824,239245.31387800002,3189.937518373333,41.573142,234595.448608,27081.4952561068,75.7136977,62.83601643243244,10.087903239986385,0.31348576405209544,25,64,,True,True,,305,59.56268577710819
203,2026-09-21T07:58:58.208+00:00,2026-09-21T08:02:53.751+00:00,2026-09-21T08:02:57.726+00:00,True,65,65.0,,65.0,235542.938579,239517.405395,239517.40540800002,3684.8831601230772,41.620051,235542.938579,29207.804798586967,76.974925,62.101044,9.787057114056564,0.2713790252228446,25,64,,True,True,,390,59.56268577710819
204,2026-09-21T07:58:58.541+00:00,2026-09-21T08:02:55.463+00:00,2026-09-21T08:03:00.476+00:00,True,81,81.0,,81.0,236921.892195,241934.803555,241934.80344,2986.8494251851853,44.601771,236921.892195,26317.693950364337,77.244793,62.661392,9.346055184919427,0.3348009414510961,25,64,,True,True,,166,59.56268577710819
205,2026-09-21T07:58:58.778+00:00,2026-09-21T08:02:56.619+00:00,2026-09-21T08:02:58.321+00:00,True,27,27.0,,27.0,237840.09452,239542.95276000001,239542.95289100002,8871.961218185186,47.625482000000005,237840.09452,45759.744010089074,77.7780497,65.49454769230769,9.311277398552372,0.11271464966473681,25,64,,True,True,,51,59.56268577710819
206,2026-09-21T07:58:59.098+00:00,2026-09-21T08:02:58.459+00:00,2026-09-21T08:03:02.494+00:00,True,66,66.0,,66.0,239361.298772,243396.343892,243396.343873,3687.8233920151515,41.938262,239361.298772,29455.699488339254,78.18675800000001,62.077617230769235,9.680229482336173,0.2711626598191038,25,64,,True,True,,245,59.56268577710819
207,2026-09-21T07:58:59.323+00:00,2026-09-21T08:02:59.729+00:00,2026-09-21T08:03:00.958+00:00,True,20,20.0,,20.0,240406.168772,241634.75219600002,241634.752205,12081.73761025,48.982811,240406.168772,53741.99539761946,12094.510632,64.66228547368421,9.32155584030012,0.08276955122654363,25,64,,True,True,,40,59.56268577710819
208,2026-09-21T07:58:59.521+00:00,2026-09-21T08:03:00.538+00:00,2026-09-21T08:03:02.493+00:00,True,32,32.0,,32.0,241016.99827,242971.995774,242971.99590900002,7592.874872156251,43.185131999999996,241016.99827,42595.04144662297,79.76555445,63.064435612903225,10.719882533175886,0.1317024206763513,25,64,,True,True,,128,59.56268577710819
209,2026-09-21T07:58:59.798+00:00,2026-09-21T08:03:02.159+00:00,2026-09-21T08:03:06.000+00:00,True,60,60.0,,60.0,242361.045948,246202.513596,246202.513573,4103.375226216667,46.971041,242361.045948,31280.27221367604,78.2448725,65.10962115254237,9.23006189998103,0.24370181735209873,25,64,,True,True,,304,59.56268577710819
210,2026-09-21T07:59:00.023+00:00,2026-09-21T08:03:03.262+00:00,2026-09-21T08:03:03.262+00:00,True,1,1.0,,1.0,243239.22872400002,243239.22872400002,243239.22872400002,243239.22872400002,243239.22872400002,243239.22872400002,nan,243239.22872400002,nan,nan,0.004111178962562348,25,64,,True,True,,3,59.56268577710819
211,2026-09-21T07:59:00.355+00:00,2026-09-21T08:03:04.886+00:00,2026-09-21T08:03:07.691+00:00,True,44,44.0,,44.0,244530.920896,247336.292288,247336.292224,5621.279368727272,43.371701,244530.920896,36854.58899797661,78.53243700000002,65.2411951627907,9.122985941446627,0.17789544588452919,25,64,,True,True,,132,59.56268577710819
212,2026-09-21T07:59:00.593+00:00,2026-09-21T08:03:06.121+00:00,2026-09-21T08:03:08.649+00:00,True,40,40.0,,40.0,245528.974635,248056.856363,248056.85641399998,6201.42141035,45.410222000000005,245528.974635,38811.292027055555,77.1902885,64.8174802051282,8.926114712555759,0.16125335371284813,25,64,,True,True,,40,59.56268577710819
213,2026-09-21T07:59:00.867+00:00,2026-09-21T08:03:07.824+00:00,2026-09-21T08:03:08.516+00:00,True,12,12.0,,12.0,246956.511506,247648.861714,247648.86166000002,20637.405138333335,47.564832,246956.511506,71272.03538255117,111172.88965135001,62.940928,10.203100828843436,0.04845570424570871,25,64,,True,True,,36,59.56268577710819
215,2026-09-21T07:59:01.482+00:00,2026-09-21T08:03:09.861+00:00,2026-09-21T08:03:10.610+00:00,True,13,13.0,,13.0,248378.71978400002,249127.64880800003,249127.64889,19163.66529923077,47.650322,248378.71978400002,68870.55323603569,99398.1425474,62.410752,9.21361423341785,0.05218208441415894,25,64,,True,True,,62,59.56268577710819
216,2026-09-21T07:59:01.683+00:00,2026-09-21T08:03:10.883+00:00,2026-09-21T08:03:13.111+00:00,True,37,37.0,,37.0,249200.34768799998,251428.74397599997,251428.74396599998,6795.37145854054,45.080441,249200.34768799998,40958.109616429756,75.8265246,61.89989688888889,9.63022284564485,0.14715898991855847,25,64,,True,True,,189,59.56268577710819
217,2026-09-21T07:59:01.905+00:00,2026-09-21T08:03:11.937+00:00,2026-09-21T08:03:17.058+00:00,True,82,82.0,,82.0,250032.168192,255152.930048,255152.93017200002,3111.621099658537,42.874500999999995,250032.168192,27604.454146740354,77.88552650000001,63.219282172839506,9.596449322319751,0.3213758900772723,25,64,,True,True,,711,59.56268577710819
218,2026-09-21T07:59:02.199+00:00,2026-09-21T08:03:14.213+00:00,2026-09-21T08:03:17.938+00:00,True,60,60.0,,60.0,252013.89496200002,255739.43429000003,255739.434123,4262.3239020500005,44.280901,252013.89496200002,32526.70342977608,77.040628,63.14473437288135,9.760210331742767,0.23461379808935526,25,64,,True,True,,280,59.56268577710819
214,2026-09-21T07:59:01.201+00:00,2026-09-21T08:03:14.561+00:00,2026-09-21T08:03:19.474+00:00,True,80,80.0,,80.0,253360.35658700002,258273.535979,258273.53609900002,3228.4192012375,41.617231,253360.35658700002,28319.5972967156,77.041849,62.192144202531644,9.53055159600589,0.3097491181074964,25,64,,True,True,,241,59.56268577710819
219,2026-09-21T07:59:02.508+00:00,2026-09-21T08:03:16.195+00:00,2026-09-21T08:03:16.862+00:00,True,12,12.0,,12.0,253687.304979,254353.622291,254353.622493,21196.13520775,51.840462,253687.304979,73215.73096153945,114200.13377264999,60.574301090909096,7.525066350214667,0.04717841205450215,25,64,,True,True,,70,59.56268577710819
220,2026-09-21T07:59:02.846+00:00,2026-09-21T08:03:17.988+00:00,2026-09-21T08:03:20.788+00:00,True,46,46.0,,46.0,255142.21049700002,257942.21152100002,257942.211478,5607.439379956522,44.553472,255142.21049700002,37609.49365495639,76.43553700000001,62.22224497777778,9.65184280606853,0.17833451814169224,25,64,,True,True,,137,59.56268577710819
221,2026-09-21T07:59:03.077+00:00,2026-09-21T08:03:19.430+00:00,2026-09-21T08:03:21.853+00:00,True,39,39.0,,39.0,256353.05746399998,258776.513208,258776.51332899998,6635.295213564102,42.124492,256353.05746399998,41039.131278534755,82.001374,63.77515115789474,11.837337133619114,0.15070919503677094,25,64,,True,True,,232,59.56268577710819
222,2026-09-21T07:59:03.428+00:00,2026-09-21T08:03:21.411+00:00,2026-09-21T08:03:26.267+00:00,True,77,77.0,,77.0,257982.489537,262838.839489,262838.839408,3413.491420883117,44.090092,257982.489537,29392.552542113022,76.636636,63.89934147368422,8.879654237302612,0.2929551817748858,25,64,,True,True,,231,59.56268577710819
223,2026-09-21T07:59:03.755+00:00,2026-09-21T08:03:22.794+00:00,2026-09-21T08:03:27.612+00:00,True,78,78.0,,78.0,259038.41979100002,263857.006927,263857.00698,3382.782140769231,42.834702,259038.41979100002,29323.24131351353,77.45682000000001,62.57905371428571,9.832497556956737,0.29561466230676936,25,64,,True,True,,277,59.56268577710819
224,2026-09-21T07:59:04.106+00:00,2026-09-21T08:03:24.473+00:00,2026-09-21T08:03:25.030+00:00,True,10,10.0,,10.0,260367.501324,260924.440332,260924.440364,26092.4440364,50.907932,260367.501324,82315.8649713016,143236.88941305,61.882112,9.883275706208343,0.038325271435960574,25,64,,True,True,,70,59.56268577710819
225,2026-09-21T07:59:04.297+00:00,2026-09-21T08:03:25.435+00:00,2026-09-21T08:03:28.903+00:00,True,56,56.0,,56.0,261138.233408,264606.574656,264606.574669,4725.117404803572,43.336122,261138.233408,34887.63888975455,77.81352299999999,63.06074996363636,10.155620254689609,0.21163495303471738,25,64,,True,True,,57,59.56268577710819
226,2026-09-21T07:59:04.640+00:00,2026-09-21T08:03:27.296+00:00,2026-09-21T08:03:28.973+00:00,True,27,27.0,,27.0,262656.866347,264333.477419,264333.477376,9790.128791703704,44.881662,262656.866347,50535.9284835575,77.4311597,64.48504123076923,10.93979489765686,0.102143702203871,25,64,,True,True,,160,59.56268577710819
229,2026-09-21T07:59:05.749+00:00,2026-09-21T08:03:29.647+00:00,2026-09-21T08:03:29.960+00:00,True,6,6.0,,6.0,263898.006665,264211.643017,264211.642956,44035.273826,52.278042,263898.006665,107710.3021290641,197942.15085449998,62.7272704,9.668942970007674,0.02270906736541488,25,64,,True,True,,12,59.56268577710819
227,2026-09-21T07:59:05.647+00:00,2026-09-21T08:03:31.494+00:00,2026-09-21T08:03:37.016+00:00,True,88,88.0,,88.0,265846.49669299996,271369.31678899995,271369.31681899994,3083.742236579545,40.767691,265846.49669299996,28332.566025523247,77.8474755,63.48069075862069,8.70577799595612,0.324281319057244,25,64,,True,True,,968,59.56268577710819
231,2026-09-21T07:59:05.875+00:00,2026-09-21T08:03:33.004+00:00,2026-09-21T08:03:36.312+00:00,True,53,53.0,,53.0,267129.848881,270437.028145,270437.02803,5102.585434528302,45.062481,267129.848881,36684.371784218914,77.32812200000001,63.59960123076923,9.360158683891871,0.19597908009691273,25,64,,True,True,,212,59.56268577710819
228,2026-09-21T07:59:05.668+00:00,2026-09-21T08:03:33.065+00:00,2026-09-21T08:03:35.127+00:00,True,33,33.0,,33.0,267397.915884,269459.27959600004,269459.279737,8165.43271930303,49.295871,267397.915884,46536.78942854665,77.6749854,64.417616,8.156079608521859,0.12246748395333372,25,64,,True,True,,76,59.56268577710819
230,2026-09-21T07:59:05.870+00:00,2026-09-21T08:03:33.876+00:00,2026-09-21T08:03:35.813+00:00,True,32,32.0,,32.0,268006.34644,269943.363272,269943.36336099997,8435.730105031249,42.748081,268006.34644,47366.231204717646,77.22775549999999,62.48441393548387,8.575479325781972,0.11854338484979236,25,64,,True,True,,188,59.56268577710819
232,2026-09-21T07:59:06.119+00:00,2026-09-21T08:03:35.425+00:00,2026-09-21T08:03:39.276+00:00,True,61,61.0,,61.0,269306.021036,273157.435564,273157.43560699996,4477.990747655737,47.92175099999999,269306.021036,34472.88503727917,77.195941,64.19024213333333,8.682172009022938,0.22331444089761152,25,64,,True,True,,123,59.56268577710819
233,2026-09-21T07:59:06.355+00:00,2026-09-21T08:03:36.718+00:00,2026-09-21T08:03:40.364+00:00,True,58,58.0,,58.0,270363.892588,274009.094764,274009.094735,4724.294736810345,44.883860999999996,270363.892588,35492.122262673496,76.83562914999999,63.95091536842106,8.993163140295785,0.21167180618568354,25,64,,True,True,,116,59.56268577710819
234,2026-09-21T07:59:06.619+00:00,2026-09-21T08:03:38.042+00:00,2026-09-21T08:03:41.035+00:00,True,47,47.0,,47.0,271423.408519,274415.784071,274415.784042,5838.633703021276,45.233991,271423.408519,39581.685953878434,77.7719177,65.05164243478261,11.14560565234844,0.1712729468500238,25,64,,True,True,,144,59.56268577710819
235,2026-09-21T07:59:06.939+00:00,2026-09-21T08:03:39.580+00:00,2026-09-21T08:03:42.510+00:00,True,46,46.0,,46.0,272640.436448,275570.747616,275570.74752900004,5990.668424543479,41.836548,272640.436448,40189.03968050611,77.844902,65.11802595555555,11.224143490623922,0.1669262808115602,25,64,,True,True,,92,59.56268577710819
236,2026-09-21T07:59:07.155+00:00,2026-09-21T08:03:40.711+00:00,2026-09-21T08:03:40.711+00:00,True,1,1.0,,1.0,273556.282389,273556.282389,273556.282389,273556.282389,273556.282389,273556.282389,nan,273556.282389,nan,nan,0.003655554868880654,25,64,,True,True,,6,59.56268577710819
237,2026-09-21T07:59:07.479+00:00,2026-09-21T08:03:42.447+00:00,2026-09-21T08:03:43.246+00:00,True,13,13.0,,13.0,274967.37348199997,275766.712234,275766.712159,21212.824012230765,49.256542,274967.37348199997,76243.75393374234,110033.6828654,66.61156266666666,10.337827539781895,0.04714129524439824,25,64,,True,True,,66,59.56268577710819
238,2026-09-21T07:59:07.789+00:00,2026-09-21T08:03:44.176+00:00,2026-09-21T08:03:44.358+00:00,True,4,4.0,,4.0,276386.865116,276568.914396,276568.91448,69142.22862,48.800241,276386.865116,138163.09153116617,234940.44016025,60.68309333333334,14.875156350839118,0.014462941392873517,25,64,,True,True,,15,59.56268577710819
239,2026-09-21T07:59:08.072+00:00,2026-09-21T08:03:45.772+00:00,2026-09-21T08:03:51.495+00:00,True,91,91.0,,91.0,277699.70645,283422.400082,283422.40011,3114.5318693406593,44.838871,277699.70645,29104.174942819674,77.81111700000001,63.585484799999996,8.978223461467296,0.32107553945514467,25,64,,True,True,,637,59.56268577710819
240,2026-09-21T07:59:08.378+00:00,2026-09-21T08:03:47.177+00:00,2026-09-21T08:03:51.555+00:00,True,70,70.0,,70.0,278798.675567,283176.57764699997,283176.577789,4045.3796827,47.201691,278798.675567,33315.23314279315,78.9016475,63.44785623188405,9.317695050596653,0.24719558581310366,25,64,,True,True,,140,59.56268577710819
241,2026-09-21T07:59:08.622+00:00,2026-09-21T08:03:48.421+00:00,2026-09-21T08:03:53.287+00:00,True,77,77.0,,77.0,279798.18255900004,284664.29353500006,284664.29365000007,3696.938878571429,43.996331,279798.18255900004,31878.66695388784,78.0842118,64.027776,9.576674403984672,0.27049405826000683,25,64,,True,True,,308,59.56268577710819
242,2026-09-21T07:59:08.851+00:00,2026-09-21T08:03:49.690+00:00,2026-09-21T08:03:50.474+00:00,True,13,13.0,,13.0,280839.331711,281623.213183,281623.213318,21663.324101384616,52.065331,280839.331711,77872.6990163711,112381.21001560001,65.323456,6.927984026828531,0.046160967532007185,25,64,,True,True,,65,59.56268577710819
243,2026-09-21T07:59:09.188+00:00,2026-09-21T08:03:51.289+00:00,2026-09-21T08:03:56.525+00:00,True,83,83.0,,83.0,282101.0269,287336.415828,287336.415689,3461.884526373494,45.096491,282101.0269,30957.60373061053,76.31215999999999,63.846206439024385,9.033799370432561,0.2888600101759602,25,64,,True,True,,414,59.56268577710819
244,2026-09-21T07:59:09.470+00:00,2026-09-21T08:03:52.879+00:00,2026-09-21T08:03:52.879+00:00,True,1,1.0,,1.0,283409.292594,283409.292594,283409.292594,283409.292594,283409.292594,283409.292594,nan,283409.292594,nan,nan,0.0035284658129843224,25,64,,True,True,,2,59.56268577710819
245,2026-09-21T07:59:09.775+00:00,2026-09-21T08:03:54.214+00:00,2026-09-21T08:03:57.564+00:00,True,55,55.0,,55.0,284438.28420999995,287788.56056199997,287788.56066899997,5232.519284890908,41.401271,284438.28420999995,38345.285946400385,77.1693903,62.04215466666666,10.04121045281182,0.19111253029861494,25,64,,True,True,,383,59.56268577710819
247,2026-09-21T07:59:10.429+00:00,2026-09-21T08:03:55.451+00:00,2026-09-21T08:03:59.996+00:00,True,73,73.0,,73.0,285021.781928,289567.351208,289567.351063,3966.676041958904,43.767511,285021.781928,33351.88845026327,78.400292,63.13290666666666,9.250754071690116,0.2521002443661653,25,64,,True,True,,643,59.56268577710819
248,2026-09-21T07:59:10.639+00:00,2026-09-21T08:03:56.654+00:00,2026-09-21T08:04:01.749+00:00,True,81,81.0,,81.0,286014.34016100003,291109.122113,291109.122068,3593.9397786172844,47.084771,286014.34016100003,31772.296237616814,76.112482,63.6847744,8.767621804611752,0.27824617590842166,25,64,,True,True,,81,59.56268577710819
249,2026-09-21T07:59:10.994+00:00,2026-09-21T08:03:59.015+00:00,2026-09-21T08:04:02.198+00:00,True,50,50.0,,50.0,288021.822815,291204.557663,291204.557511,5824.091150220001,45.052231,288021.822815,40723.25180854268,76.09062850000001,64.95377240816326,8.40789764645044,0.1717006093629314,25,64,,True,True,,294,59.56268577710819
246,2026-09-21T07:59:10.094+00:00,2026-09-21T08:03:59.719+00:00,2026-09-21T08:04:05.510+00:00,True,92,92.0,,92.0,289624.501682,295415.93413,295415.934243,3211.0427635108695,42.779651,289624.501682,30188.80780936961,77.07451250000001,63.642114813186815,8.998045341810146,0.31142531384077177,25,64,,True,True,,368,59.56268577710819
250,2026-09-21T07:59:11.226+00:00,2026-09-21T08:04:01.242+00:00,2026-09-21T08:04:03.677+00:00,True,39,39.0,,39.0,290016.43314700003,292450.999803,292450.999828,7498.7435853333345,46.28925099999999,290016.43314700003,46429.53772233208,76.30256,64.06754357894737,8.326330262541735,0.13335567334791493,25,64,,True,True,,103,59.56268577710819
251,2026-09-21T07:59:11.448+00:00,2026-09-21T08:04:02.853+00:00,2026-09-21T08:04:08.031+00:00,True,84,84.0,,84.0,291404.453567,296583.144383,296583.144295,3530.7517177976188,42.543911,291404.453567,31788.02599838858,75.39102135000002,62.393865253012045,8.771876904770206,0.28322580561599453,25,64,,True,True,,210,59.56268577710819
252,2026-09-21T07:59:11.808+00:00,2026-09-21T08:04:05.193+00:00,2026-09-21T08:04:10.553+00:00,True,86,86.0,,86.0,293384.494959,298744.505967,298744.50591099996,3473.7733245465115,42.354541,293384.494959,31629.665160974862,76.56133425000002,63.05895303529412,9.03898951961131,0.2878714027614612,25,64,,True,True,,190,59.56268577710819
253,2026-09-21T07:59:12.054+00:00,2026-09-21T08:04:06.253+00:00,2026-09-21T08:04:11.939+00:00,True,91,91.0,,91.0,294198.72522,299884.684644,299884.684559,3295.4360940549454,44.464881,294198.72522,30833.784726351216,76.7930915,63.17732693333333,8.816699270274356,0.30344997480624325,25,64,,True,True,,191,59.56268577710819
254,2026-09-21T07:59:12.404+00:00,2026-09-21T08:04:08.160+00:00,2026-09-21T08:04:12.450+00:00,False,70,69.0,,69.0,295756.15972899995,300045.981681,300045.98173899995,4286.371167699999,0.02467,295756.15972899995,35342.19342715822,76.57779794999999,62.171332637681154,11.896772544535235,0.22996475278032136,25,64,,True,False,Request timeout: 300.0s exceeded,450,59.56268577710819
255,2026-09-21T07:59:12.688+00:00,2026-09-21T08:04:09.541+00:00,2026-09-21T08:04:10.025+00:00,True,9,9.0,,9.0,296852.305583,297336.08951900003,297336.089413,33037.343268111115,44.662501,296852.305583,98930.6113943514,178141.9423782,60.472992,10.908893777847767,0.030268777713997923,25,64,,True,True,,34,59.56268577710819
256,2026-09-21T07:59:13.016+00:00,2026-09-21T08:04:11.405+00:00,2026-09-21T08:04:13.026+00:00,False,29,28.0,,28.0,298389.797483,300010.456427,300010.456527,10345.188156103448,0.02444,298389.797483,55398.84802763956,75.339798,57.88067657142857,14.571531329189824,0.09333008033609354,25,64,,True,False,Request timeout: 300.0s exceeded,140,59.56268577710819
257,2026-09-21T07:59:13.361+00:00,2026-09-21T08:04:13.330+00:00,2026-09-21T08:04:13.386+00:00,False,3,2.0,,2.0,299969.196003,300025.504739,300025.504574,100008.50152466667,0.02577,299969.196003,173171.04346110066,269977.9046828,28.154368,39.779723159774356,0.006666099942869364,25,64,,True,False,Request timeout: 300.0s exceeded,16,59.56268577710819
258,2026-09-21T07:59:13.618+00:00,2026-09-21T08:04:13.691+00:00,2026-09-21T08:04:13.691+00:00,False,1,0.0,,0.0,300072.405068,300072.405068,300072.405068,300072.405068,300072.405068,300072.405068,nan,300072.405068,nan,nan,0.0,25,64,,True,False,"HTTPConnectionPool(host='gpu06', port=9004): Read timed out.",0,59.56268577710819
259,2026-09-21T07:59:13.879+00:00,2026-09-21T08:04:13.973+00:00,2026-09-21T08:04:13.973+00:00,False,1,0.0,,0.0,300093.95797000005,300093.95797000005,300093.95797000005,300093.95797000005,300093.95797000005,300093.95797000005,nan,300093.95797000005,nan,nan,0.0,25,64,,True,False,"HTTPConnectionPool(host='gpu06', port=9004): Read timed out.",0,59.56268577710819
260,2026-09-21T07:59:14.076+00:00,2026-09-21T08:04:14.186+00:00,2026-09-21T08:04:14.186+00:00,False,1,0.0,,0.0,300110.528198,300110.528198,300110.528198,300110.528198,300110.528198,300110.528198,nan,300110.528198,nan,nan,0.0,25,64,,True,False,"HTTPConnectionPool(host='gpu06', port=9004): Read timed out.",0,59.56268577710819
261,2026-09-21T07:59:14.412+00:00,2026-09-21T08:04:14.461+00:00,2026-09-21T08:04:14.461+00:00,False,1,0.0,,0.0,300048.446764,300048.446764,300048.446764,300048.446764,300048.446764,300048.446764,nan,300048.446764,nan,nan,0.0,25,64,,True,False,"HTTPConnectionPool(host='gpu06', port=9004): Read timed out.",0,59.56268577710819
262,2026-09-21T07:59:14.703+00:00,2026-09-21T08:04:14.817+00:00,2026-09-21T08:04:14.817+00:00,False,1,0.0,,0.0,300114.52579600003,300114.52579600003,300114.52579600003,300114.52579600003,300114.52579600003,300114.52579600003,nan,300114.52579600003,nan,nan,0.0,25,64,,True,False,"HTTPConnectionPool(host='gpu06', port=9004): Read timed out.",0,59.56268577710819
263,2026-09-21T07:59:15.015+00:00,2026-09-21T08:04:15.127+00:00,2026-09-21T08:04:15.127+00:00,False,1,0.0,,0.0,300111.87636500003,300111.87636500003,300111.87636500003,300111.87636500003,300111.87636500003,300111.87636500003,nan,300111.87636500003,nan,nan,0.0,25,64,,True,False,"HTTPConnectionPool(host='gpu06', port=9004): Read timed out.",0,59.56268577710819
264,2026-09-21T07:59:15.209+00:00,2026-09-21T08:04:15.314+00:00,2026-09-21T08:04:15.314+00:00,False,1,0.0,,0.0,300104.723052,300104.723052,300104.723052,300104.723052,300104.723052,300104.723052,nan,300104.723052,nan,nan,0.0,25,64,,True,False,"HTTPConnectionPool(host='gpu06', port=9004): Read timed out.",0,59.56268577710819
265,2026-09-21T07:59:15.505+00:00,2026-09-21T08:04:15.488+00:00,2026-09-21T08:04:15.647+00:00,False,3,2.0,,2.0,299982.43917900004,300141.590795,300141.59092200006,100047.196974,0.02537,299982.43917900004,173149.01713541808,270000.10789840005,79.575808,112.50134508187266,0.006663521688888568,25,64,,True,False,Request timeout: 300.0s exceeded,5,59.56268577710819
266,2026-09-21T07:59:15.819+00:00,2026-09-21T08:04:15.803+00:00,2026-09-21T08:04:15.856+00:00,False,3,2.0,,2.0,299983.90150800004,300036.659012,300036.65894900006,100012.21964966667,0.03138,299983.90150800004,173180.55853103206,269990.78396330005,26.378752,37.2606580802244,0.0066658521214902925,25,64,,True,False,Request timeout: 300.0s exceeded,10,59.56268577710819
267,2026-09-21T07:59:16.080+00:00,2026-09-21T08:04:16.187+00:00,2026-09-21T08:04:16.187+00:00,False,1,0.0,,0.0,300107.430424,300107.430424,300107.430424,300107.430424,300107.430424,300107.430424,nan,300107.430424,nan,nan,0.0,25,64,,True,False,"HTTPConnectionPool(host='gpu06', port=9004): Read timed out.",0,59.56268577710819
268,2026-09-21T07:59:16.291+00:00,2026-09-21T08:04:16.381+00:00,2026-09-21T08:04:16.381+00:00,False,1,0.0,,0.0,300090.165099,300090.165099,300090.165099,300090.165099,300090.165099,300090.165099,nan,300090.165099,nan,nan,0.0,25,64,,True,False,"HTTPConnectionPool(host='gpu06', port=9004): Read timed out.",0,59.56268577710819
269,2026-09-21T07:59:16.624+00:00,2026-09-21T08:04:16.726+00:00,2026-09-21T08:04:16.726+00:00,False,1,0.0,,0.0,300102.134757,300102.134757,300102.134757,300102.134757,300102.134757,300102.134757,nan,300102.134757,nan,nan,0.0,25,64,,True,False,"HTTPConnectionPool(host='gpu06', port=9004): Read timed out.",0,59.56268577710819
270,2026-09-21T07:59:16.936+00:00,2026-09-21T08:04:17.019+00:00,2026-09-21T08:04:17.019+00:00,False,1,0.0,,0.0,300083.802795,300083.802795,300083.802795,300083.802795,300083.802795,300083.802795,nan,300083.802795,nan,nan,0.0,25,64,,True,False,"HTTPConnectionPool(host='gpu06', port=9004): Read timed out.",0,59.56268577710819
271,2026-09-21T07:59:17.192+00:00,2026-09-21T08:04:17.296+00:00,2026-09-21T08:04:17.296+00:00,False,1,0.0,,0.0,300104.392559,300104.392559,300104.392559,300104.392559,300104.392559,300104.392559,nan,300104.392559,nan,nan,0.0,25,64,,True,False,"HTTPConnectionPool(host='gpu06', port=9004): Read timed out.",0,59.56268577710819
272,2026-09-21T07:59:17.392+00:00,2026-09-21T08:04:17.530+00:00,2026-09-21T08:04:17.530+00:00,False,1,0.0,,0.0,300138.679836,300138.679836,300138.679836,300138.679836,300138.679836,300138.679836,nan,300138.679836,nan,nan,0.0,25,64,,True,False,"HTTPConnectionPool(host='gpu06', port=9004): Read timed out.",0,59.56268577710819
273,2026-09-21T07:59:17.720+00:00,2026-09-21T08:04:17.805+00:00,2026-09-21T08:04:17.805+00:00,False,1,0.0,,0.0,300084.859983,300084.859983,300084.859983,300084.859983,300084.859983,300084.859983,nan,300084.859983,nan,nan,0.0,25,64,,True,False,TTFT timeout: 300.0s exceeded (TTFT: 300.076s),0,59.56268577710819
274,2026-09-21T07:59:17.966+00:00,2026-09-21T08:04:18.033+00:00,2026-09-21T08:04:18.033+00:00,False,1,0.0,,0.0,300067.366346,300067.366346,300067.366346,300067.366346,300067.366346,300067.366346,nan,300067.366346,nan,nan,0.0,25,64,,True,False,TTFT timeout: 300.0s exceeded (TTFT: 300.049s),0,59.56268577710819
275,2026-09-21T07:59:18.253+00:00,2026-09-21T08:04:18.361+00:00,2026-09-21T08:04:18.361+00:00,False,1,0.0,,0.0,300107.889977,300107.889977,300107.889977,300107.889977,300107.889977,300107.889977,nan,300107.889977,nan,nan,0.0,25,64,,True,False,"HTTPConnectionPool(host='gpu06', port=9004): Read timed out.",0,59.56268577710819
276,2026-09-21T07:59:19.444+00:00,2026-09-21T08:04:18.999+00:00,2026-09-21T08:04:19.903+00:00,False,16,15.0,,15.0,299555.299417,300459.016281,300459.01644599997,18778.688527874998,0.04036,299555.299417,74873.76758038589,74975.67076825,60.24779093333333,27.392256881716357,0.04992361416097916,25,64,,True,False,Request timeout: 300.0s exceeded,22,59.56268577710819
277,2026-09-21T07:59:19.448+00:00,2026-09-21T08:04:19.272+00:00,2026-09-21T08:04:19.978+00:00,False,14,13.0,,13.0,299823.989971,300529.965011,300529.964966,21466.426069,0.0338,299823.989971,80116.82066859285,104992.69354565,54.3057723076923,21.166786202690446,0.04325691782356603,25,64,,True,False,Request timeout: 300.0s exceeded,42,59.56268577710819
278,2026-09-21T07:59:19.558+00:00,2026-09-21T08:04:19.860+00:00,2026-09-21T08:04:20.032+00:00,True,4,4.0,,4.0,300301.611995,300474.26530699997,300474.265248,75118.566312,43.097511,300301.611995,150122.0310063325,255267.5214914,57.551104,15.752731239551318,0.013312288145253067,25,64,,True,True,,25,59.56268577710819
280,2026-09-21T07:59:19.876+00:00,2026-09-21T08:04:20.400+00:00,2026-09-21T08:04:20.400+00:00,False,1,0.0,,0.0,300524.800378,300524.800378,300524.800378,300524.800378,300524.800378,300524.800378,nan,300524.800378,nan,nan,0.0,25,64,,True,False,"HTTPConnectionPool(host='gpu06', port=9004): Read timed out.",0,59.56268577710819
279,2026-09-21T07:59:19.640+00:00,2026-09-21T08:04:20.402+00:00,2026-09-21T08:04:20.402+00:00,False,1,0.0,,0.0,300761.29761799995,300761.29761799995,300761.29761799995,300761.29761799995,300761.29761799995,300761.29761799995,nan,300761.29761799995,nan,nan,0.0,25,64,,True,False,"HTTPConnectionPool(host='gpu06', port=9004): Read timed out.",0,59.56268577710819
281,2026-09-21T07:59:20.161+00:00,2026-09-21T08:04:21.216+00:00,2026-09-21T08:04:21.405+00:00,False,5,4.0,,4.0,301054.48329,301243.727194,301243.727154,60248.7454308,0.03169,301054.48329,134614.50438893778,240863.3900204,47.310976,40.55910410799029,0.013278284787068821,25,64,,True,False,Request timeout: 300.0s exceeded,8,59.56268577710819
282,2026-09-21T07:59:20.335+00:00,2026-09-21T08:04:21.525+00:00,2026-09-21T08:04:21.525+00:00,False,1,0.0,,0.0,301189.56609100004,301189.56609100004,301189.56609100004,301189.56609100004,301189.56609100004,301189.56609100004,nan,301189.56609100004,nan,nan,0.0,25,64,,True,False,"HTTPConnectionPool(host='gpu06', port=9004): Read timed out.",0,59.56268577710819
286,2026-09-21T07:59:21.370+00:00,2026-09-21T08:04:21.525+00:00,2026-09-21T08:04:21.525+00:00,False,1,0.0,,0.0,300155.6656,300155.6656,300155.6656,300155.6656,300155.6656,300155.6656,nan,300155.6656,nan,nan,0.0,25,64,,True,False,"HTTPConnectionPool(host='gpu06', port=9004): Read timed out.",0,59.56268577710819
283,2026-09-21T07:59:20.541+00:00,2026-09-21T08:04:21.564+00:00,2026-09-21T08:04:21.564+00:00,False,1,0.0,,0.0,301023.153383,301023.153383,301023.153383,301023.153383,301023.153383,301023.153383,nan,301023.153383,nan,nan,0.0,25,64,,True,False,"HTTPConnectionPool(host='gpu06', port=9004): Read timed out.",0,59.56268577710819
287,2026-09-21T07:59:21.592+00:00,2026-09-21T08:04:21.898+00:00,2026-09-21T08:04:21.898+00:00,False,1,0.0,,0.0,300306.619398,300306.619398,300306.619398,300306.619398,300306.619398,300306.619398,nan,300306.619398,nan,nan,0.0,25,64,,True,False,"HTTPConnectionPool(host='gpu06', port=9004): Read timed out.",0,59.56268577710819
290,2026-09-21T07:59:22.419+00:00,2026-09-21T08:04:23.277+00:00,2026-09-21T08:04:23.277+00:00,False,1,0.0,,0.0,300858.094014,300858.094014,300858.094014,300858.094014,300858.094014,300858.094014,nan,300858.094014,nan,nan,0.0,25,64,,True,False,"HTTPConnectionPool(host='gpu06', port=9004): Read timed out.",0,59.56268577710819
291,2026-09-21T07:59:22.744+00:00,2026-09-21T08:04:23.290+00:00,2026-09-21T08:04:23.290+00:00,False,1,0.0,,0.0,300545.67546600004,300545.67546600004,300545.67546600004,300545.67546600004,300545.67546600004,300545.67546600004,nan,300545.67546600004,nan,nan,0.0,25,64,,True,False,"HTTPConnectionPool(host='gpu06', port=9004): Read timed out.",0,59.56268577710819
285,2026-09-21T07:59:21.119+00:00,2026-09-21T08:04:23.294+00:00,2026-09-21T08:04:23.294+00:00,False,1,0.0,,0.0,302174.891879,302174.891879,302174.891879,302174.891879,302174.891879,302174.891879,nan,302174.891879,nan,nan,0.0,25,64,,True,False,"HTTPConnectionPool(host='gpu06', port=9004): Read timed out.",0,59.56268577710819
293,2026-09-21T07:59:23.159+00:00,2026-09-21T08:04:23.296+00:00,2026-09-21T08:04:23.296+00:00,False,1,0.0,,0.0,300136.85354000004,300136.85354000004,300136.85354000004,300136.85354000004,300136.85354000004,300136.85354000004,nan,300136.85354000004,nan,nan,0.0,25,64,,True,False,"HTTPConnectionPool(host='gpu06', port=9004): Read timed out.",0,59.56268577710819
288,2026-09-21T07:59:21.877+00:00,2026-09-21T08:04:23.297+00:00,2026-09-21T08:04:23.297+00:00,False,1,0.0,,0.0,301419.882353,301419.882353,301419.882353,301419.882353,301419.882353,301419.882353,nan,301419.882353,nan,nan,0.0,25,64,,True,False,"HTTPConnectionPool(host='gpu06', port=9004): Read timed out.",0,59.56268577710819
292,2026-09-21T07:59:22.969+00:00,2026-09-21T08:04:23.306+00:00,2026-09-21T08:04:23.306+00:00,False,1,0.0,,0.0,300337.04413700005,300337.04413700005,300337.04413700005,300337.04413700005,300337.04413700005,300337.04413700005,nan,300337.04413700005,nan,nan,0.0,25,64,,True,False,"HTTPConnectionPool(host='gpu06', port=9004): Read timed out.",0,59.56268577710819
289,2026-09-21T07:59:22.090+00:00,2026-09-21T08:04:23.309+00:00,2026-09-21T08:04:23.309+00:00,False,1,0.0,,0.0,301219.517604,301219.517604,301219.517604,301219.517604,301219.517604,301219.517604,nan,301219.517604,nan,nan,0.0,25,64,,True,False,"HTTPConnectionPool(host='gpu06', port=9004): Read timed out.",0,59.56268577710819
284,2026-09-21T07:59:20.874+00:00,2026-09-21T08:04:23.313+00:00,2026-09-21T08:04:23.313+00:00,False,1,0.0,,0.0,302439.017471,302439.017471,302439.017471,302439.017471,302439.017471,302439.017471,nan,302439.017471,nan,nan,0.0,25,64,,True,False,"HTTPConnectionPool(host='gpu06', port=9004): Read timed out.",0,59.56268577710819
294,2026-09-21T07:59:23.475+00:00,2026-09-21T08:04:23.580+00:00,2026-09-21T08:04:23.580+00:00,False,1,0.0,,0.0,300104.935738,300104.935738,300104.935738,300104.935738,300104.935738,300104.935738,nan,300104.935738,nan,nan,0.0,25,64,,True,False,"HTTPConnectionPool(host='gpu06', port=9004): Read timed out.",0,59.56268577710819
295,2026-09-21T07:59:23.795+00:00,2026-09-21T08:04:23.901+00:00,2026-09-21T08:04:23.901+00:00,False,1,0.0,,0.0,300105.073936,300105.073936,300105.073936,300105.073936,300105.073936,300105.073936,nan,300105.073936,nan,nan,0.0,25,64,,True,False,"HTTPConnectionPool(host='gpu06', port=9004): Read timed out.",0,59.56268577710819
296,2026-09-21T07:59:24.004+00:00,2026-09-21T08:04:24.011+00:00,2026-09-21T08:04:24.011+00:00,False,1,0.0,,0.0,300006.362351,300006.362351,300006.362351,300006.362351,300006.362351,300006.362351,nan,300006.362351,nan,nan,0.0,25,64,,True,False,"HTTPConnectionPool(host='gpu06', port=9004): Read timed out.",0,59.56268577710819
297,2026-09-21T07:59:24.263+00:00,2026-09-21T08:04:24.368+00:00,2026-09-21T08:04:24.368+00:00,False,1,0.0,,0.0,300104.832485,300104.832485,300104.832485,300104.832485,300104.832485,300104.832485,nan,300104.832485,nan,nan,0.0,25,64,,True,False,"HTTPConnectionPool(host='gpu06', port=9004): Read timed out.",0,59.56268577710819
298,2026-09-21T07:59:24.609+00:00,2026-09-21T08:04:24.628+00:00,2026-09-21T08:04:24.628+00:00,False,1,0.0,,0.0,300019.006709,300019.006709,300019.006709,300019.006709,300019.006709,300019.006709,nan,300019.006709,nan,nan,0.0,25,64,,True,False,"HTTPConnectionPool(host='gpu06', port=9004): Read timed out.",0,59.56268577710819
299,2026-09-21T07:59:24.873+00:00,2026-09-21T08:04:24.974+00:00,2026-09-21T08:04:24.974+00:00,False,1,0.0,,0.0,300101.22642400005,300101.22642400005,300101.22642400005,300101.22642400005,300101.22642400005,300101.22642400005,nan,300101.22642400005,nan,nan,0.0,25,64,,True,False,"HTTPConnectionPool(host='gpu06', port=9004): Read timed out.",0,59.56268577710819
300,2026-09-21T07:59:25.136+00:00,2026-09-21T08:04:25.232+00:00,2026-09-21T08:04:25.232+00:00,False,1,0.0,,0.0,300095.845176,300095.845176,300095.845176,300095.845176,300095.845176,300095.845176,nan,300095.845176,nan,nan,0.0,25,64,,True,False,"HTTPConnectionPool(host='gpu06', port=9004): Read timed out.",0,59.56268577710819
301,2026-09-21T07:59:25.415+00:00,2026-09-21T08:04:25.462+00:00,2026-09-21T08:04:25.462+00:00,False,1,0.0,,0.0,300047.885937,300047.885937,300047.885937,300047.885937,300047.885937,300047.885937,nan,300047.885937,nan,nan,0.0,25,64,,True,False,"HTTPConnectionPool(host='gpu06', port=9004): Read timed out.",0,59.56268577710819
302,2026-09-21T07:59:25.646+00:00,2026-09-21T08:04:25.639+00:00,2026-09-21T08:04:25.718+00:00,False,3,2.0,,2.0,299993.13549,300071.867778,300071.86778100004,100023.955927,0.04202,299993.13549,173178.39394021226,270001.6909681,39.366144,55.612760400929574,0.006665069987432629,25,64,,True,False,Request timeout: 300.0s exceeded,6,59.56268577710819
303,2026-09-21T07:59:25.973+00:00,2026-09-21T08:04:26.079+00:00,2026-09-21T08:04:26.079+00:00,False,1,0.0,,0.0,300106.0624,300106.0624,300106.0624,300106.0624,300106.0624,300106.0624,nan,300106.0624,nan,nan,0.0,25,64,,True,False,"HTTPConnectionPool(host='gpu06', port=9004): Read timed out.",0,59.56268577710819
304,2026-09-21T07:59:26.203+00:00,2026-09-21T08:04:26.259+00:00,2026-09-21T08:04:26.259+00:00,False,1,0.0,,0.0,300056.282834,300056.282834,300056.282834,300056.282834,300056.282834,300056.282834,nan,300056.282834,nan,nan,0.0,25,64,,True,False,"HTTPConnectionPool(host='gpu06', port=9004): Read timed out.",0,59.56268577710819
305,2026-09-21T07:59:26.510+00:00,2026-09-21T08:04:26.593+00:00,2026-09-21T08:04:26.593+00:00,False,1,0.0,,0.0,300083.166884,300083.166884,300083.166884,300083.166884,300083.166884,300083.166884,nan,300083.166884,nan,nan,0.0,25,64,,True,False,"HTTPConnectionPool(host='gpu06', port=9004): Read timed out.",0,59.56268577710819
306,2026-09-21T07:59:26.804+00:00,2026-09-21T08:04:26.912+00:00,2026-09-21T08:04:26.912+00:00,False,1,0.0,,0.0,300108.195734,300108.195734,300108.195734,300108.195734,300108.195734,300108.195734,nan,300108.195734,nan,nan,0.0,25,64,,True,False,"HTTPConnectionPool(host='gpu06', port=9004): Read timed out.",0,59.56268577710819
307,2026-09-21T07:59:27.018+00:00,2026-09-21T08:04:27.085+00:00,2026-09-21T08:04:27.085+00:00,False,1,0.0,,0.0,300066.7198,300066.7198,300066.7198,300066.7198,300066.7198,300066.7198,nan,300066.7198,nan,nan,0.0,25,64,,True,False,TTFT timeout: 300.0s exceeded (TTFT: 300.059s),0,59.56268577710819
308,2026-09-21T07:59:27.257+00:00,2026-09-21T08:04:27.289+00:00,2026-09-21T08:04:27.289+00:00,False,1,0.0,,0.0,300031.442093,300031.442093,300031.442093,300031.442093,300031.442093,300031.442093,nan,300031.442093,nan,nan,0.0,25,64,,True,False,TTFT timeout: 300.0s exceeded (TTFT: 300.019s),0,59.56268577710819
309,2026-09-21T07:59:27.579+00:00,2026-09-21T08:04:27.659+00:00,2026-09-21T08:04:27.659+00:00,False,1,0.0,,0.0,300080.62226200005,300080.62226200005,300080.62226200005,300080.62226200005,300080.62226200005,300080.62226200005,nan,300080.62226200005,nan,nan,0.0,25,64,,True,False,TTFT timeout: 300.0s exceeded (TTFT: 300.052s),0,59.56268577710819
310,2026-09-21T07:59:27.799+00:00,2026-09-21T08:04:27.765+00:00,2026-09-21T08:04:27.833+00:00,False,3,2.0,,2.0,299965.628595,300033.658803,300033.658866,100011.219622,0.038,299965.628595,173165.60110267872,269975.8649626,34.015104,48.05103967888012,0.0066659187771768835,25,64,,True,False,Request timeout: 300.0s exceeded,12,59.56268577710819
311,2026-09-21T07:59:28.136+00:00,2026-09-21T08:04:28.233+00:00,2026-09-21T08:04:28.233+00:00,False,1,0.0,,0.0,300097.25435500004,300097.25435500004,300097.25435500004,300097.25435500004,300097.25435500004,300097.25435500004,nan,300097.25435500004,nan,nan,0.0,25,64,,True,False,"HTTPConnectionPool(host='gpu06', port=9004): Read timed out.",0,59.56268577710819
312,2026-09-21T07:59:28.454+00:00,2026-09-21T08:04:28.549+00:00,2026-09-21T08:04:28.549+00:00,False,1,0.0,,0.0,300094.94623400003,300094.94623400003,300094.94623400003,300094.94623400003,300094.94623400003,300094.94623400003,nan,300094.94623400003,nan,nan,0.0,25,64,,True,False,"HTTPConnectionPool(host='gpu06', port=9004): Read timed out.",0,59.56268577710819
313,2026-09-21T07:59:28.707+00:00,2026-09-21T08:04:28.805+00:00,2026-09-21T08:04:28.805+00:00,False,1,0.0,,0.0,300098.398847,300098.398847,300098.398847,300098.398847,300098.398847,300098.398847,nan,300098.398847,nan,nan,0.0,25,64,,True,False,"HTTPConnectionPool(host='gpu06', port=9004): Read timed out.",0,59.56268577710819
314,2026-09-21T07:59:28.997+00:00,2026-09-21T08:04:29.097+00:00,2026-09-21T08:04:29.097+00:00,False,1,0.0,,0.0,300099.910378,300099.910378,300099.910378,300099.910378,300099.910378,300099.910378,nan,300099.910378,nan,nan,0.0,25,64,,True,False,"HTTPConnectionPool(host='gpu06', port=9004): Read timed out.",0,59.56268577710819
315,2026-09-21T07:59:29.325+00:00,2026-09-21T08:04:29.430+00:00,2026-09-21T08:04:29.430+00:00,False,1,0.0,,0.0,300105.20644599997,300105.20644599997,300105.20644599997,300105.20644599997,300105.20644599997,300105.20644599997,nan,300105.20644599997,nan,nan,0.0,25,64,,True,False,"HTTPConnectionPool(host='gpu06', port=9004): Read timed out.",0,59.56268577710819
316,2026-09-21T07:59:29.649+00:00,2026-09-21T08:04:29.606+00:00,2026-09-21T08:04:29.752+00:00,False,4,3.0,,3.0,299957.278471,300103.025159,300103.025084,75025.756271,0.02561,299957.278471,149954.35403239692,254979.07928665,48.58222933333334,51.51482151188185,0.009996567006982171,25,64,,True,False,Request timeout: 300.0s exceeded,15,59.56268577710819
317,2026-09-21T07:59:29.931+00:00,2026-09-21T08:04:30.004+00:00,2026-09-21T08:04:30.004+00:00,False,1,0.0,,0.0,300073.08354400005,300073.08354400005,300073.08354400005,300073.08354400005,300073.08354400005,300073.08354400005,nan,300073.08354400005,nan,nan,0.0,25,64,,True,False,"HTTPConnectionPool(host='gpu06', port=9004): Read timed out.",0,59.56268577710819
318,2026-09-21T07:59:30.176+00:00,2026-09-21T08:04:30.284+00:00,2026-09-21T08:04:30.284+00:00,False,1,0.0,,0.0,300107.888739,300107.888739,300107.888739,300107.888739,300107.888739,300107.888739,nan,300107.888739,nan,nan,0.0,25,64,,True,False,"HTTPConnectionPool(host='gpu06', port=9004): Read timed out.",0,59.56268577710819
319,2026-09-21T07:59:30.472+00:00,2026-09-21T08:04:30.575+00:00,2026-09-21T08:04:30.575+00:00,False,1,0.0,,0.0,300103.672769,300103.672769,300103.672769,300103.672769,300103.672769,300103.672769,nan,300103.672769,nan,nan,0.0,25,64,,True,False,"HTTPConnectionPool(host='gpu06', port=9004): Read timed out.",0,59.56268577710819
320,2026-09-21T07:59:30.725+00:00,2026-09-21T08:04:30.829+00:00,2026-09-21T08:04:30.829+00:00,False,1,0.0,,0.0,300104.32014200004,300104.32014200004,300104.32014200004,300104.32014200004,300104.32014200004,300104.32014200004,nan,300104.32014200004,nan,nan,0.0,25,64,,True,False,"HTTPConnectionPool(host='gpu06', port=9004): Read timed out.",0,59.56268577710819
321,2026-09-21T07:59:30.967+00:00,2026-09-21T08:04:31.074+00:00,2026-09-21T08:04:31.074+00:00,False,1,0.0,,0.0,300106.954005,300106.954005,300106.954005,300106.954005,300106.954005,300106.954005,nan,300106.954005,nan,nan,0.0,25,64,,True,False,"HTTPConnectionPool(host='gpu06', port=9004): Read timed out.",0,59.56268577710819
322,2026-09-21T07:59:31.254+00:00,2026-09-21T08:04:31.351+00:00,2026-09-21T08:04:31.351+00:00,False,1,0.0,,0.0,300096.215926,300096.215926,300096.215926,300096.215926,300096.215926,300096.215926,nan,300096.215926,nan,nan,0.0,25,64,,True,False,"HTTPConnectionPool(host='gpu06', port=9004): Read timed out.",0,59.56268577710819
323,2026-09-21T07:59:31.577+00:00,2026-09-21T08:04:31.692+00:00,2026-09-21T08:04:32.857+00:00,False,20,19.0,,19.0,300115.041805,301279.720973,301279.7209,15063.986045,0.05191,300115.041805,67094.06469653797,15181.07609505,61.29890357894737,33.856482076912044,0.06306431756720439,25,64,,True,False,Request timeout: 300.0s exceeded,83,59.56268577710819
324,2026-09-21T07:59:31.845+00:00,2026-09-21T08:04:31.876+00:00,2026-09-21T08:04:32.915+00:00,False,20,19.0,,19.0,300030.736545,301069.71049699996,301069.710697,15053.48553485,0.02491,300030.736545,67076.68654069795,15073.416003699998,54.682839578947366,15.842064682543926,0.06310830793517944,25,64,,True,False,Request timeout: 300.0s exceeded,21,59.56268577710819
328,2026-09-21T07:59:32.963+00:00,2026-09-21T08:04:33.112+00:00,2026-09-21T08:04:33.112+00:00,False,1,0.0,,0.0,300149.539803,300149.539803,300149.539803,300149.539803,300149.539803,300149.539803,nan,300149.539803,nan,nan,0.0,25,64,,True,False,"HTTPConnectionPool(host='gpu06', port=9004): Read timed out.",0,59.56268577710819
325,2026-09-21T07:59:32.195+00:00,2026-09-21T08:04:33.285+00:00,2026-09-21T08:04:33.285+00:00,False,1,0.0,,0.0,301090.62409399997,301090.62409399997,301090.62409399997,301090.62409399997,301090.62409399997,301090.62409399997,nan,301090.62409399997,nan,nan,0.0,25,64,,True,False,"HTTPConnectionPool(host='gpu06', port=9004): Read timed out.",0,59.56268577710819
329,2026-09-21T07:59:33.213+00:00,2026-09-21T08:04:33.286+00:00,2026-09-21T08:04:33.286+00:00,False,1,0.0,,0.0,300073.15084500005,300073.15084500005,300073.15084500005,300073.15084500005,300073.15084500005,300073.15084500005,nan,300073.15084500005,nan,nan,0.0,25,64,,True,False,"HTTPConnectionPool(host='gpu06', port=9004): Read timed out.",0,59.56268577710819
326,2026-09-21T07:59:32.398+00:00,2026-09-21T08:04:33.474+00:00,2026-09-21T08:04:33.474+00:00,False,1,0.0,,0.0,301075.19336000003,301075.19336000003,301075.19336000003,301075.19336000003,301075.19336000003,301075.19336000003,nan,301075.19336000003,nan,nan,0.0,25,64,,True,False,"HTTPConnectionPool(host='gpu06', port=9004): Read timed out.",0,59.56268577710819
330,2026-09-21T07:59:33.502+00:00,2026-09-21T08:04:33.521+00:00,2026-09-21T08:04:33.521+00:00,False,1,0.0,,0.0,300019.182654,300019.182654,300019.182654,300019.182654,300019.182654,300019.182654,nan,300019.182654,nan,nan,0.0,25,64,,True,False,"HTTPConnectionPool(host='gpu06', port=9004): Read timed out.",0,59.56268577710819
331,2026-09-21T07:59:34.749+00:00,2026-09-21T08:04:33.916+00:00,2026-09-21T08:04:34.928+00:00,False,16,15.0,,15.0,299167.315043,300179.880547,300179.880624,18761.242539,0.0205,299167.315043,74774.96690312578,74958.26631199999,67.50436693333334,47.75945140559415,0.049970037874178606,25,64,,True,False,Request timeout: 300.0s exceeded,91,59.56268577710819
327,2026-09-21T07:59:32.676+00:00,2026-09-21T08:04:33.916+00:00,2026-09-21T08:04:34.875+00:00,False,15,14.0,,14.0,301240.453135,302198.834959,302198.835005,20146.589000333333,0.026,301240.453135,77762.28973449966,90526.61168500001,68.45584457142857,49.130888740471015,0.04632711440432724,25,64,,True,False,Request timeout: 300.0s exceeded,30,59.56268577710819
332,2026-09-21T07:59:34.775+00:00,2026-09-21T08:04:34.286+00:00,2026-09-21T08:04:35.101+00:00,False,16,15.0,,15.0,299510.965478,300326.437862,300326.437675,18770.4023546875,0.02785,299510.965478,74864.15286026114,74954.65720100001,54.3648256,20.789151223113752,0.04994565282625068,25,64,,True,False,Request timeout: 300.0s exceeded,45,59.56268577710819
333,2026-09-21T07:59:34.921+00:00,2026-09-21T08:04:35.427+00:00,2026-09-21T08:04:35.427+00:00,False,1,0.0,,0.0,300506.437259,300506.437259,300506.437259,300506.437259,300506.437259,300506.437259,nan,300506.437259,nan,nan,0.0,25,64,,True,False,"HTTPConnectionPool(host='gpu06', port=9004): Read timed out.",0,59.56268577710819
334,2026-09-21T07:59:35.264+00:00,2026-09-21T08:04:35.490+00:00,2026-09-21T08:04:35.490+00:00,False,1,0.0,,0.0,300225.5244,300225.5244,300225.5244,300225.5244,300225.5244,300225.5244,nan,300225.5244,nan,nan,0.0,25,64,,True,False,"HTTPConnectionPool(host='gpu06', port=9004): Read timed out.",0,59.56268577710819
336,2026-09-21T07:59:35.360+00:00,2026-09-21T08:04:35.528+00:00,2026-09-21T08:04:35.528+00:00,False,1,0.0,,0.0,300167.89718300005,300167.89718300005,300167.89718300005,300167.89718300005,300167.89718300005,300167.89718300005,nan,300167.89718300005,nan,nan,0.0,25,64,,True,False,"HTTPConnectionPool(host='gpu06', port=9004): Read timed out.",0,59.56268577710819
335,2026-09-21T07:59:35.354+00:00,2026-09-21T08:04:35.936+00:00,2026-09-21T08:04:35.936+00:00,False,1,0.0,,0.0,300581.870319,300581.870319,300581.870319,300581.870319,300581.870319,300581.870319,nan,300581.870319,nan,nan,0.0,25,64,,True,False,"HTTPConnectionPool(host='gpu06', port=9004): Read timed out.",0,59.56268577710819
337,2026-09-21T07:59:35.665+00:00,2026-09-21T08:04:35.943+00:00,2026-09-21T08:04:35.943+00:00,False,1,0.0,,0.0,300277.876062,300277.876062,300277.876062,300277.876062,300277.876062,300277.876062,nan,300277.876062,nan,nan,0.0,25,64,,True,False,"HTTPConnectionPool(host='gpu06', port=9004): Read timed out.",0,59.56268577710819
338,2026-09-21T07:59:35.838+00:00,2026-09-21T08:04:36.162+00:00,2026-09-21T08:04:36.162+00:00,False,1,0.0,,0.0,300324.79961299995,300324.79961299995,300324.79961299995,300324.79961299995,300324.79961299995,300324.79961299995,nan,300324.79961299995,nan,nan,0.0,25,64,,True,False,"HTTPConnectionPool(host='gpu06', port=9004): Read timed out.",0,59.56268577710819
339,2026-09-21T07:59:36.117+00:00,2026-09-21T08:04:36.272+00:00,2026-09-21T08:04:36.272+00:00,False,1,0.0,,0.0,300154.862372,300154.862372,300154.862372,300154.862372,300154.862372,300154.862372,nan,300154.862372,nan,nan,0.0,25,64,,True,False,"HTTPConnectionPool(host='gpu06', port=9004): Read timed out.",0,59.56268577710819
340,2026-09-21T07:59:36.402+00:00,2026-09-21T08:04:36.507+00:00,2026-09-21T08:04:36.507+00:00,False,1,0.0,,0.0,300104.96843199997,300104.96843199997,300104.96843199997,300104.96843199997,300104.96843199997,300104.96843199997,nan,300104.96843199997,nan,nan,0.0,25,64,,True,False,"HTTPConnectionPool(host='gpu06', port=9004): Read timed out.",0,59.56268577710819
341,2026-09-21T07:59:36.744+00:00,2026-09-21T08:04:36.852+00:00,2026-09-21T08:04:36.852+00:00,False,1,0.0,,0.0,300108.679191,300108.679191,300108.679191,300108.679191,300108.679191,300108.679191,nan,300108.679191,nan,nan,0.0,25,64,,True,False,"HTTPConnectionPool(host='gpu06', port=9004): Read timed out.",0,59.56268577710819
342,2026-09-21T07:59:36.947+00:00,2026-09-21T08:04:37.049+00:00,2026-09-21T08:04:37.049+00:00,False,1,0.0,,0.0,300101.97691100003,300101.97691100003,300101.97691100003,300101.97691100003,300101.97691100003,300101.97691100003,nan,300101.97691100003,nan,nan,0.0,25,64,,True,False,"HTTPConnectionPool(host='gpu06', port=9004): Read timed out.",0,59.56268577710819
343,2026-09-21T07:59:37.163+00:00,2026-09-21T08:04:37.265+00:00,2026-09-21T08:04:37.265+00:00,False,1,0.0,,0.0,300101.846949,300101.846949,300101.846949,300101.846949,300101.846949,300101.846949,nan,300101.846949,nan,nan,0.0,25,64,,True,False,"HTTPConnectionPool(host='gpu06', port=9004): Read timed out.",0,59.56268577710819
344,2026-09-21T07:59:37.517+00:00,2026-09-21T08:04:37.622+00:00,2026-09-21T08:04:37.622+00:00,False,1,0.0,,0.0,300104.638386,300104.638386,300104.638386,300104.638386,300104.638386,300104.638386,nan,300104.638386,nan,nan,0.0,25,64,,True,False,"HTTPConnectionPool(host='gpu06', port=9004): Read timed out.",0,59.56268577710819
345,2026-09-21T07:59:37.789+00:00,2026-09-21T08:04:37.874+00:00,2026-09-21T08:04:37.874+00:00,False,1,0.0,,0.0,300084.514347,300084.514347,300084.514347,300084.514347,300084.514347,300084.514347,nan,300084.514347,nan,nan,0.0,25,64,,True,False,"HTTPConnectionPool(host='gpu06', port=9004): Read timed out.",0,59.56268577710819
346,2026-09-21T07:59:38.042+00:00,2026-09-21T08:04:38.081+00:00,2026-09-21T08:04:38.081+00:00,False,1,0.0,,0.0,300039.578842,300039.578842,300039.578842,300039.578842,300039.578842,300039.578842,nan,300039.578842,nan,nan,0.0,25,64,,True,False,TTFT timeout: 300.0s exceeded (TTFT: 300.033s),0,59.56268577710819
347,2026-09-21T07:59:38.288+00:00,2026-09-21T08:04:38.252+00:00,2026-09-21T08:04:38.351+00:00,False,4,3.0,,3.0,299963.60286000004,300063.19070000004,300063.19057300006,75015.79764325001,0.02935,299963.60286000004,149965.205317572,254976.77464440002,33.19594666666667,28.769567399833967,0.009997894086913739,25,64,,True,False,Request timeout: 300.0s exceeded,22,59.56268577710819
348,2026-09-21T07:59:38.617+00:00,2026-09-21T08:04:38.724+00:00,2026-09-21T08:04:38.724+00:00,False,1,0.0,,0.0,300107.48287199996,300107.48287199996,300107.48287199996,300107.48287199996,300107.48287199996,300107.48287199996,nan,300107.48287199996,nan,nan,0.0,25,64,,True,False,"HTTPConnectionPool(host='gpu06', port=9004): Read timed out.",0,59.56268577710819
349,2026-09-21T07:59:38.882+00:00,2026-09-21T08:04:38.970+00:00,2026-09-21T08:04:38.970+00:00,False,1,0.0,,0.0,300087.971404,300087.971404,300087.971404,300087.971404,300087.971404,300087.971404,nan,300087.971404,nan,nan,0.0,25,64,,True,False,"HTTPConnectionPool(host='gpu06', port=9004): Read timed out.",0,59.56268577710819
350,2026-09-21T07:59:39.233+00:00,2026-09-21T08:04:39.294+00:00,2026-09-21T08:04:39.294+00:00,False,1,0.0,,0.0,300061.557843,300061.557843,300061.557843,300061.557843,300061.557843,300061.557843,nan,300061.557843,nan,nan,0.0,25,64,,True,False,"HTTPConnectionPool(host='gpu06', port=9004): Read timed out.",0,59.56268577710819
351,2026-09-21T07:59:39.443+00:00,2026-09-21T08:04:39.554+00:00,2026-09-21T08:04:39.554+00:00,False,1,0.0,,0.0,300110.773639,300110.773639,300110.773639,300110.773639,300110.773639,300110.773639,nan,300110.773639,nan,nan,0.0,25,64,,True,False,TTFT timeout: 300.0s exceeded (TTFT: 300.094s),0,59.56268577710819
352,2026-09-21T07:59:39.762+00:00,2026-09-21T08:04:39.868+00:00,2026-09-21T08:04:39.868+00:00,False,1,0.0,,0.0,300105.40507200005,300105.40507200005,300105.40507200005,300105.40507200005,300105.40507200005,300105.40507200005,nan,300105.40507200005,nan,nan,0.0,25,64,,True,False,"HTTPConnectionPool(host='gpu06', port=9004): Read timed out.",0,59.56268577710819
353,2026-09-21T07:59:40.078+00:00,2026-09-21T08:04:40.044+00:00,2026-09-21T08:04:40.156+00:00,False,3,2.0,,2.0,299966.236523,300078.285419,300078.285356,100026.09511866666,0.02934,299966.236523,173153.25074637553,269980.81481999997,56.024448,79.18889973878996,0.006664927444541332,25,64,,True,False,Request timeout: 300.0s exceeded,6,59.56268577710819
354,2026-09-21T07:59:40.371+00:00,2026-09-21T08:04:40.461+00:00,2026-09-21T08:04:40.461+00:00,False,1,0.0,,0.0,300090.140141,300090.140141,300090.140141,300090.140141,300090.140141,300090.140141,nan,300090.140141,nan,nan,0.0,25,64,,True,False,TTFT timeout: 300.0s exceeded (TTFT: 300.085s),0,59.56268577710819
355,2026-09-21T07:59:40.697+00:00,2026-09-21T08:04:40.812+00:00,2026-09-21T08:04:40.812+00:00,False,1,0.0,,0.0,300115.609112,300115.609112,300115.609112,300115.609112,300115.609112,300115.609112,nan,300115.609112,nan,nan,0.0,25,64,,True,False,"HTTPConnectionPool(host='gpu06', port=9004): Read timed out.",0,59.56268577710819
356,2026-09-21T07:59:41.038+00:00,2026-09-21T08:04:41.074+00:00,2026-09-21T08:04:41.074+00:00,False,1,0.0,,0.0,300035.65534600004,300035.65534600004,300035.65534600004,300035.65534600004,300035.65534600004,300035.65534600004,nan,300035.65534600004,nan,nan,0.0,25,64,,True,False,"HTTPConnectionPool(host='gpu06', port=9004): Read timed out.",0,59.56268577710819
357,2026-09-21T07:59:41.304+00:00,2026-09-21T08:04:41.414+00:00,2026-09-21T08:04:41.414+00:00,False,1,0.0,,0.0,300110.387661,300110.387661,300110.387661,300110.387661,300110.387661,300110.387661,nan,300110.387661,nan,nan,0.0,25,64,,True,False,"HTTPConnectionPool(host='gpu06', port=9004): Read timed out.",0,59.56268577710819
358,2026-09-21T07:59:41.656+00:00,2026-09-21T08:04:41.718+00:00,2026-09-21T08:04:41.718+00:00,False,1,0.0,,0.0,300062.520832,300062.520832,300062.520832,300062.520832,300062.520832,300062.520832,nan,300062.520832,nan,nan,0.0,25,64,,True,False,"HTTPConnectionPool(host='gpu06', port=9004): Read timed out.",0,59.56268577710819
359,2026-09-21T07:59:41.976+00:00,2026-09-21T08:04:42.081+00:00,2026-09-21T08:04:42.081+00:00,False,1,0.0,,0.0,300105.55827100005,300105.55827100005,300105.55827100005,300105.55827100005,300105.55827100005,300105.55827100005,nan,300105.55827100005,nan,nan,0.0,25,64,,True,False,"HTTPConnectionPool(host='gpu06', port=9004): Read timed out.",0,59.56268577710819
360,2026-09-21T07:59:42.204+00:00,2026-09-21T08:04:42.194+00:00,2026-09-21T08:04:42.457+00:00,False,3,2.0,,2.0,299989.571365,300252.31926899997,300252.319338,100084.10644599999,0.034659999999999996,299989.571365,173123.2607952491,270016.88555979996,131.373952,185.7419494402364,0.006661064283763863,25,64,,True,False,Request timeout: 300.0s exceeded,14,59.56268577710819
361,2026-09-21T07:59:42.505+00:00,2026-09-21T08:04:42.560+00:00,2026-09-21T08:04:42.560+00:00,False,1,0.0,,0.0,300054.149835,300054.149835,300054.149835,300054.149835,300054.149835,300054.149835,nan,300054.149835,nan,nan,0.0,25,64,,True,False,"HTTPConnectionPool(host='gpu06', port=9004): Read timed out.",0,59.56268577710819
362,2026-09-21T07:59:42.761+00:00,2026-09-21T08:04:42.769+00:00,2026-09-21T08:04:42.769+00:00,False,1,0.0,,0.0,300007.98773,300007.98773,300007.98773,300007.98773,300007.98773,300007.98773,nan,300007.98773,nan,nan,0.0,25,64,,True,False,TTFT timeout: 300.0s exceeded (TTFT: 300.000s),0,59.56268577710819
363,2026-09-21T07:59:42.986+00:00,2026-09-21T08:04:43.091+00:00,2026-09-21T08:04:43.091+00:00,False,1,0.0,,0.0,300104.678021,300104.678021,300104.678021,300104.678021,300104.678021,300104.678021,nan,300104.678021,nan,nan,0.0,25,64,,True,False,"HTTPConnectionPool(host='gpu06', port=9004): Read timed out.",0,59.56268577710819
364,2026-09-21T07:59:43.257+00:00,2026-09-21T08:04:43.363+00:00,2026-09-21T08:04:43.363+00:00,False,1,0.0,,0.0,300106.13493,300106.13493,300106.13493,300106.13493,300106.13493,300106.13493,nan,300106.13493,nan,nan,0.0,25,64,,True,False,"HTTPConnectionPool(host='gpu06', port=9004): Read timed out.",0,59.56268577710819
365,2026-09-21T07:59:43.538+00:00,2026-09-21T08:04:43.650+00:00,2026-09-21T08:04:43.650+00:00,False,1,0.0,,0.0,300112.63031800004,300112.63031800004,300112.63031800004,300112.63031800004,300112.63031800004,300112.63031800004,nan,300112.63031800004,nan,nan,0.0,25,64,,True,False,"HTTPConnectionPool(host='gpu06', port=9004): Read timed out.",0,59.56268577710819
366,2026-09-21T07:59:43.827+00:00,2026-09-21T08:04:43.935+00:00,2026-09-21T08:04:43.935+00:00,False,1,0.0,,0.0,300107.881995,300107.881995,300107.881995,300107.881995,300107.881995,300107.881995,nan,300107.881995,nan,nan,0.0,25,64,,True,False,"HTTPConnectionPool(host='gpu06', port=9004): Read timed out.",0,59.56268577710819
367,2026-09-21T07:59:44.162+00:00,2026-09-21T08:04:44.273+00:00,2026-09-21T08:04:44.273+00:00,False,1,0.0,,0.0,300111.431555,300111.431555,300111.431555,300111.431555,300111.431555,300111.431555,nan,300111.431555,nan,nan,0.0,25,64,,True,False,"HTTPConnectionPool(host='gpu06', port=9004): Read timed out.",0,59.56268577710819
368,2026-09-21T07:59:44.466+00:00,2026-09-21T08:04:44.531+00:00,2026-09-21T08:04:44.531+00:00,False,1,0.0,,0.0,300065.056093,300065.056093,300065.056093,300065.056093,300065.056093,300065.056093,nan,300065.056093,nan,nan,0.0,25,64,,True,False,"HTTPConnectionPool(host='gpu06', port=9004): Read timed out.",0,59.56268577710819
369,2026-09-21T07:59:44.786+00:00,2026-09-21T08:04:44.748+00:00,2026-09-21T08:04:44.923+00:00,False,3,2.0,,2.0,299962.660591,300137.479151,300137.479251,100045.826417,0.032369999999999996,299962.660591,173133.07908758827,269983.87316089997,87.40928,123.56977238059942,0.006663612973819223,25,64,,True,False,Request timeout: 300.0s exceeded,10,59.56268577710819
370,2026-09-21T07:59:45.022+00:00,2026-09-21T08:04:45.119+00:00,2026-09-21T08:04:45.119+00:00,False,1,0.0,,0.0,300096.768148,300096.768148,300096.768148,300096.768148,300096.768148,300096.768148,nan,300096.768148,nan,nan,0.0,25,64,,True,False,TTFT timeout: 300.0s exceeded (TTFT: 300.095s),0,59.56268577710819
371,2026-09-21T07:59:45.325+00:00,2026-09-21T08:04:45.605+00:00,2026-09-21T08:04:47.025+00:00,False,22,21.0,,21.0,300279.489121,301699.813729,301699.813794,13713.627899727273,0.04087,300279.489121,64005.39092289194,167.9695437,67.63450514285715,33.72323478824246,0.06960561142030774,25,64,,True,False,Request timeout: 300.0s exceeded,84,59.56268577710819
372,2026-09-21T07:59:45.572+00:00,2026-09-21T08:04:45.985+00:00,2026-09-21T08:04:47.077+00:00,False,19,18.0,,18.0,300413.083577,301504.314809,301504.31482,15868.648148421053,0.03449,300413.083577,68905.58631864327,30190.217047700004,60.62395733333334,30.500321155698742,0.05970063815306531,25,64,,True,False,Request timeout: 300.0s exceeded,66,59.56268577710819
373,2026-09-21T07:59:45.785+00:00,2026-09-21T08:04:46.201+00:00,2026-09-21T08:04:47.129+00:00,False,18,17.0,,17.0,300415.758884,301343.948068,301343.948098,16741.33044988889,0.020640000000000002,300415.758884,70795.80609494454,45127.112783200006,54.599363764705885,16.734183171571207,0.056413941972260385,25,64,,True,False,Request timeout: 300.0s exceeded,21,59.56268577710819
378,2026-09-21T07:59:46.995+00:00,2026-09-21T08:04:47.189+00:00,2026-09-21T08:04:47.189+00:00,False,1,0.0,,0.0,300193.996968,300193.996968,300193.996968,300193.996968,300193.996968,300193.996968,nan,300193.996968,nan,nan,0.0,25,64,,True,False,TTFT timeout: 300.0s exceeded (TTFT: 300.041s),0,59.56268577710819
374,2026-09-21T07:59:46.092+00:00,2026-09-21T08:04:47.250+00:00,2026-09-21T08:04:47.250+00:00,False,1,0.0,,0.0,301157.950603,301157.950603,301157.950603,301157.950603,301157.950603,301157.950603,nan,301157.950603,nan,nan,0.0,25,64,,True,False,"HTTPConnectionPool(host='gpu06', port=9004): Read timed out.",0,59.56268577710819
375,2026-09-21T07:59:46.288+00:00,2026-09-21T08:04:47.388+00:00,2026-09-21T08:04:47.388+00:00,False,1,0.0,,0.0,301099.847498,301099.847498,301099.847498,301099.847498,301099.847498,301099.847498,nan,301099.847498,nan,nan,0.0,25,64,,True,False,"HTTPConnectionPool(host='gpu06', port=9004): Read timed out.",0,59.56268577710819
379,2026-09-21T07:59:47.266+00:00,2026-09-21T08:04:47.388+00:00,2026-09-21T08:04:47.388+00:00,False,1,0.0,,0.0,300121.29654199997,300121.29654199997,300121.29654199997,300121.29654199997,300121.29654199997,300121.29654199997,nan,300121.29654199997,nan,nan,0.0,25,64,,True,False,"HTTPConnectionPool(host='gpu06', port=9004): Read timed out.",0,59.56268577710819
380,2026-09-21T07:59:47.542+00:00,2026-09-21T08:04:47.571+00:00,2026-09-21T08:04:47.571+00:00,False,1,0.0,,0.0,300029.277236,300029.277236,300029.277236,300029.277236,300029.277236,300029.277236,nan,300029.277236,nan,nan,0.0,25,64,,True,False,"HTTPConnectionPool(host='gpu06', port=9004): Read timed out.",0,59.56268577710819
376,2026-09-21T07:59:46.531+00:00,2026-09-21T08:04:47.613+00:00,2026-09-21T08:04:47.613+00:00,False,1,0.0,,0.0,301081.793972,301081.793972,301081.793972,301081.793972,301081.793972,301081.793972,nan,301081.793972,nan,nan,0.0,25,64,,True,False,"HTTPConnectionPool(host='gpu06', port=9004): Read timed out.",0,59.56268577710819
377,2026-09-21T07:59:46.725+00:00,2026-09-21T08:04:47.802+00:00,2026-09-21T08:04:47.802+00:00,False,1,0.0,,0.0,301076.703874,301076.703874,301076.703874,301076.703874,301076.703874,301076.703874,nan,301076.703874,nan,nan,0.0,25,64,,True,False,"HTTPConnectionPool(host='gpu06', port=9004): Read timed out.",0,59.56268577710819
381,2026-09-21T07:59:47.750+00:00,2026-09-21T08:04:47.807+00:00,2026-09-21T08:04:47.807+00:00,False,1,0.0,,0.0,300057.242333,300057.242333,300057.242333,300057.242333,300057.242333,300057.242333,nan,300057.242333,nan,nan,0.0,25,64,,True,False,"HTTPConnectionPool(host='gpu06', port=9004): Read timed out.",0,59.56268577710819
382,2026-09-21T07:59:47.960+00:00,2026-09-21T08:04:48.084+00:00,2026-09-21T08:04:48.084+00:00,False,1,0.0,,0.0,300124.646568,300124.646568,300124.646568,300124.646568,300124.646568,300124.646568,nan,300124.646568,nan,nan,0.0,25,64,,True,False,"HTTPConnectionPool(host='gpu06', port=9004): Read timed out.",0,59.56268577710819
383,2026-09-21T07:59:48.159+00:00,2026-09-21T08:04:48.267+00:00,2026-09-21T08:04:48.267+00:00,False,1,0.0,,0.0,300108.374429,300108.374429,300108.374429,300108.374429,300108.374429,300108.374429,nan,300108.374429,nan,nan,0.0,25,64,,True,False,"HTTPConnectionPool(host='gpu06', port=9004): Read timed out.",0,59.56268577710819
384,2026-09-21T07:59:48.487+00:00,2026-09-21T08:04:48.572+00:00,2026-09-21T08:04:48.572+00:00,False,1,0.0,,0.0,300085.500212,300085.500212,300085.500212,300085.500212,300085.500212,300085.500212,nan,300085.500212,nan,nan,0.0,25,64,,True,False,"HTTPConnectionPool(host='gpu06', port=9004): Read timed out.",0,59.56268577710819
385,2026-09-21T07:59:48.837+00:00,2026-09-21T08:04:48.848+00:00,2026-09-21T08:04:48.848+00:00,False,1,0.0,,0.0,300010.996494,300010.996494,300010.996494,300010.996494,300010.996494,300010.996494,nan,300010.996494,nan,nan,0.0,25,64,,True,False,"HTTPConnectionPool(host='gpu06', port=9004): Read timed out.",0,59.56268577710819
386,2026-09-21T07:59:49.063+00:00,2026-09-21T08:04:49.025+00:00,2026-09-21T08:04:49.137+00:00,True,2,2.0,,2.0,299962.482564,300074.33818,300074.338167,150037.1690835,111.855603,299962.482564,212026.41166716092,284969.95121595,111.855616,nan,0.006665015116355258,25,64,,True,True,,8,59.56268577710819
387,2026-09-21T07:59:49.336+00:00,2026-09-21T08:04:49.281+00:00,2026-09-21T08:04:49.355+00:00,False,3,2.0,,2.0,299945.220884,300019.02338,300019.02341,100006.34113666667,0.06394,299945.220884,173152.15298387813,269958.0726542,36.901248,52.096097760773134,0.00666624395169378,25,64,,True,False,Request timeout: 300.0s exceeded,11,59.56268577710819
388,2026-09-21T07:59:49.641+00:00,2026-09-21T08:04:49.742+00:00,2026-09-21T08:04:49.742+00:00,False,1,0.0,,0.0,300100.80290899996,300100.80290899996,300100.80290899996,300100.80290899996,300100.80290899996,300100.80290899996,nan,300100.80290899996,nan,nan,0.0,25,64,,True,False,"HTTPConnectionPool(host='gpu06', port=9004): Read timed out.",0,59.56268577710819
389,2026-09-21T07:59:49.845+00:00,2026-09-21T08:04:49.869+00:00,2026-09-21T08:04:49.869+00:00,False,1,0.0,,0.0,300023.974093,300023.974093,300023.974093,300023.974093,300023.974093,300023.974093,nan,300023.974093,nan,nan,0.0,25,64,,True,False,"HTTPConnectionPool(host='gpu06', port=9004): Read timed out.",0,59.56268577710819
390,2026-09-21T07:59:50.120+00:00,2026-09-21T08:04:50.182+00:00,2026-09-21T08:04:50.182+00:00,False,1,0.0,,0.0,300062.575,300062.575,300062.575,300062.575,300062.575,300062.575,nan,300062.575,nan,nan,0.0,25,64,,True,False,"HTTPConnectionPool(host='gpu06', port=9004): Read timed out.",0,59.56268577710819
391,2026-09-21T07:59:50.394+00:00,2026-09-21T08:04:50.499+00:00,2026-09-21T08:04:50.499+00:00,False,1,0.0,,0.0,300105.344297,300105.344297,300105.344297,300105.344297,300105.344297,300105.344297,nan,300105.344297,nan,nan,0.0,25,64,,True,False,"HTTPConnectionPool(host='gpu06', port=9004): Read timed out.",0,59.56268577710819
392,2026-09-21T07:59:50.659+00:00,2026-09-21T08:04:50.768+00:00,2026-09-21T08:04:50.768+00:00,False,1,0.0,,0.0,300108.751076,300108.751076,300108.751076,300108.751076,300108.751076,300108.751076,nan,300108.751076,nan,nan,0.0,25,64,,True,False,"HTTPConnectionPool(host='gpu06', port=9004): Read timed out.",0,59.56268577710819
393,2026-09-21T07:59:50.936+00:00,2026-09-21T08:04:51.040+00:00,2026-09-21T08:04:51.040+00:00,False,1,0.0,,0.0,300104.271006,300104.271006,300104.271006,300104.271006,300104.271006,300104.271006,nan,300104.271006,nan,nan,0.0,25,64,,True,False,"HTTPConnectionPool(host='gpu06', port=9004): Read timed out.",0,59.56268577710819
394,2026-09-21T07:59:51.135+00:00,2026-09-21T08:04:51.241+00:00,2026-09-21T08:04:51.241+00:00,False,1,0.0,,0.0,300106.095155,300106.095155,300106.095155,300106.095155,300106.095155,300106.095155,nan,300106.095155,nan,nan,0.0,25,64,,True,False,"HTTPConnectionPool(host='gpu06', port=9004): Read timed out.",0,59.56268577710819
395,2026-09-21T07:59:51.357+00:00,2026-09-21T08:04:51.338+00:00,2026-09-21T08:04:51.463+00:00,False,3,2.0,,2.0,299981.51124,300105.83072800003,300105.83065300004,100035.27688433335,0.026940000000000002,299981.51124,173158.52949028835,269995.7893633,62.159744,87.86913893788304,0.006664315702058763,25,64,,True,False,Request timeout: 300.0s exceeded,2,59.56268577710819
396,2026-09-21T07:59:51.607+00:00,2026-09-21T08:04:51.565+00:00,2026-09-21T08:04:51.657+00:00,False,4,3.0,,3.0,299957.353735,300049.33197500004,300049.33208900003,75012.33302225001,0.05355,299957.353735,149963.34870341807,254970.64848580002,30.659413333333333,26.505504891435464,0.009998355871193736,25,64,,True,False,Request timeout: 300.0s exceeded,3,59.56268577710819
397,2026-09-21T07:59:51.841+00:00,2026-09-21T08:04:51.955+00:00,2026-09-21T08:04:51.955+00:00,False,1,0.0,,0.0,300113.69635000004,300113.69635000004,300113.69635000004,300113.69635000004,300113.69635000004,300113.69635000004,nan,300113.69635000004,nan,nan,0.0,25,64,,True,False,"HTTPConnectionPool(host='gpu06', port=9004): Read timed out.",0,59.56268577710819
398,2026-09-21T07:59:52.076+00:00,2026-09-21T08:04:52.169+00:00,2026-09-21T08:04:52.169+00:00,False,1,0.0,,0.0,300093.50631699996,300093.50631699996,300093.50631699996,300093.50631699996,300093.50631699996,300093.50631699996,nan,300093.50631699996,nan,nan,0.0,25,64,,True,False,"HTTPConnectionPool(host='gpu06', port=9004): Read timed out.",0,59.56268577710819
399,2026-09-21T07:59:52.336+00:00,2026-09-21T08:04:52.382+00:00,2026-09-21T08:04:52.382+00:00,False,1,0.0,,0.0,300045.998051,300045.998051,300045.998051,300045.998051,300045.998051,300045.998051,nan,300045.998051,nan,nan,0.0,25,64,,True,False,"HTTPConnectionPool(host='gpu06', port=9004): Read timed out.",0,59.56268577710819
400,2026-09-21T07:59:52.658+00:00,2026-09-21T08:04:52.721+00:00,2026-09-21T08:04:52.721+00:00,False,1,0.0,,0.0,300062.431001,300062.431001,300062.431001,300062.431001,300062.431001,300062.431001,nan,300062.431001,nan,nan,0.0,25,64,,True,False,TTFT timeout: 300.0s exceeded (TTFT: 300.038s),0,59.56268577710819
401,2026-09-21T07:59:54.229+00:00,2026-09-21T08:04:53.796+00:00,2026-09-21T08:04:54.631+00:00,False,16,15.0,,15.0,299567.258037,300402.28165300004,300402.281746,18775.142609125,0.06951,299567.258037,74877.8992853336,74945.41182375001,55.66824106666667,17.172483513611816,0.049933042843285605,25,64,,True,False,Request timeout: 300.0s exceeded,104,59.56268577710819
402,2026-09-21T07:59:54.326+00:00,2026-09-21T08:04:54.328+00:00,2026-09-21T08:04:54.688+00:00,False,8,7.0,,7.0,300002.650967,300362.432087,300362.432095,37545.304011875,0.0324,300002.650967,106048.78510866864,195027.94521779998,51.39730285714286,24.18299712991641,0.023305178185441144,25,64,,True,False,Request timeout: 300.0s exceeded,23,59.56268577710819
406,2026-09-21T07:59:54.673+00:00,2026-09-21T08:04:54.894+00:00,2026-09-21T08:04:54.894+00:00,False,1,0.0,,0.0,300220.883671,300220.883671,300220.883671,300220.883671,300220.883671,300220.883671,nan,300220.883671,nan,nan,0.0,25,64,,True,False,"HTTPConnectionPool(host='gpu06', port=9004): Read timed out.",0,59.56268577710819
404,2026-09-21T07:59:54.425+00:00,2026-09-21T08:04:54.990+00:00,2026-09-21T08:04:54.990+00:00,False,1,0.0,,0.0,300565.016827,300565.016827,300565.016827,300565.016827,300565.016827,300565.016827,nan,300565.016827,nan,nan,0.0,25,64,,True,False,"HTTPConnectionPool(host='gpu06', port=9004): Read timed out.",0,59.56268577710819
403,2026-09-21T07:59:54.409+00:00,2026-09-21T08:04:55.164+00:00,2026-09-21T08:04:55.164+00:00,False,1,0.0,,0.0,300754.27591799997,300754.27591799997,300754.27591799997,300754.27591799997,300754.27591799997,300754.27591799997,nan,300754.27591799997,nan,nan,0.0,25,64,,True,False,"HTTPConnectionPool(host='gpu06', port=9004): Read timed out.",0,59.56268577710819
407,2026-09-21T07:59:54.792+00:00,2026-09-21T08:04:55.183+00:00,2026-09-21T08:04:55.183+00:00,False,1,0.0,,0.0,300391.840823,300391.840823,300391.840823,300391.840823,300391.840823,300391.840823,nan,300391.840823,nan,nan,0.0,25,64,,True,False,"HTTPConnectionPool(host='gpu06', port=9004): Read timed out.",0,59.56268577710819
405,2026-09-21T07:59:54.565+00:00,2026-09-21T08:04:55.283+00:00,2026-09-21T08:04:55.283+00:00,False,1,0.0,,0.0,300718.053747,300718.053747,300718.053747,300718.053747,300718.053747,300718.053747,nan,300718.053747,nan,nan,0.0,25,64,,True,False,"HTTPConnectionPool(host='gpu06', port=9004): Read timed out.",0,59.56268577710819
408,2026-09-21T07:59:55.128+00:00,2026-09-21T08:04:55.330+00:00,2026-09-21T08:04:55.330+00:00,False,1,0.0,,0.0,300201.315314,300201.315314,300201.315314,300201.315314,300201.315314,300201.315314,nan,300201.315314,nan,nan,0.0,25,64,,True,False,"HTTPConnectionPool(host='gpu06', port=9004): Read timed out.",0,59.56268577710819
409,2026-09-21T07:59:55.239+00:00,2026-09-21T08:04:55.555+00:00,2026-09-21T08:04:55.555+00:00,False,1,0.0,,0.0,300315.725771,300315.725771,300315.725771,300315.725771,300315.725771,300315.725771,nan,300315.725771,nan,nan,0.0,25,64,,True,False,"HTTPConnectionPool(host='gpu06', port=9004): Read timed out.",0,59.56268577710819
410,2026-09-21T07:59:55.520+00:00,2026-09-21T08:04:55.687+00:00,2026-09-21T08:04:55.687+00:00,False,1,0.0,,0.0,300166.977489,300166.977489,300166.977489,300166.977489,300166.977489,300166.977489,nan,300166.977489,nan,nan,0.0,25,64,,True,False,"HTTPConnectionPool(host='gpu06', port=9004): Read timed out.",0,59.56268577710819
411,2026-09-21T07:59:55.679+00:00,2026-09-21T08:04:55.783+00:00,2026-09-21T08:04:55.783+00:00,False,1,0.0,,0.0,300104.188999,300104.188999,300104.188999,300104.188999,300104.188999,300104.188999,nan,300104.188999,nan,nan,0.0,25,64,,True,False,"HTTPConnectionPool(host='gpu06', port=9004): Read timed out.",0,59.56268577710819
412,2026-09-21T07:59:55.975+00:00,2026-09-21T08:04:56.080+00:00,2026-09-21T08:04:56.080+00:00,False,1,0.0,,0.0,300104.74835500005,300104.74835500005,300104.74835500005,300104.74835500005,300104.74835500005,300104.74835500005,nan,300104.74835500005,nan,nan,0.0,25,64,,True,False,"HTTPConnectionPool(host='gpu06', port=9004): Read timed out.",0,59.56268577710819
413,2026-09-21T07:59:56.224+00:00,2026-09-21T08:04:56.337+00:00,2026-09-21T08:04:56.337+00:00,False,1,0.0,,0.0,300112.959237,300112.959237,300112.959237,300112.959237,300112.959237,300112.959237,nan,300112.959237,nan,nan,0.0,25,64,,True,False,"HTTPConnectionPool(host='gpu06', port=9004): Read timed out.",0,59.56268577710819
414,2026-09-21T07:59:56.531+00:00,2026-09-21T08:04:56.640+00:00,2026-09-21T08:04:56.640+00:00,False,1,0.0,,0.0,300108.881441,300108.881441,300108.881441,300108.881441,300108.881441,300108.881441,nan,300108.881441,nan,nan,0.0,25,64,,True,False,"HTTPConnectionPool(host='gpu06', port=9004): Read timed out.",0,59.56268577710819
415,2026-09-21T07:59:56.744+00:00,2026-09-21T08:04:56.850+00:00,2026-09-21T08:04:56.850+00:00,False,1,0.0,,0.0,300106.581649,300106.581649,300106.581649,300106.581649,300106.581649,300106.581649,nan,300106.581649,nan,nan,0.0,25,64,,True,False,"HTTPConnectionPool(host='gpu06', port=9004): Read timed out.",0,59.56268577710819
416,2026-09-21T07:59:57.003+00:00,2026-09-21T08:04:57.118+00:00,2026-09-21T08:04:57.118+00:00,False,1,0.0,,0.0,300115.41623000003,300115.41623000003,300115.41623000003,300115.41623000003,300115.41623000003,300115.41623000003,nan,300115.41623000003,nan,nan,0.0,25,64,,True,False,"HTTPConnectionPool(host='gpu06', port=9004): Read timed out.",0,59.56268577710819
417,2026-09-21T07:59:57.322+00:00,2026-09-21T08:04:57.357+00:00,2026-09-21T08:04:57.357+00:00,False,1,0.0,,0.0,300034.792348,300034.792348,300034.792348,300034.792348,300034.792348,300034.792348,nan,300034.792348,nan,nan,0.0,25,64,,True,False,TTFT timeout: 300.0s exceeded (TTFT: 300.029s),0,59.56268577710819
418,2026-09-21T07:59:57.620+00:00,2026-09-21T08:04:57.705+00:00,2026-09-21T08:04:57.705+00:00,False,1,0.0,,0.0,300084.27138,300084.27138,300084.27138,300084.27138,300084.27138,300084.27138,nan,300084.27138,nan,nan,0.0,25,64,,True,False,"HTTPConnectionPool(host='gpu06', port=9004): Read timed out.",0,59.56268577710819
419,2026-09-21T07:59:57.902+00:00,2026-09-21T08:04:57.965+00:00,2026-09-21T08:04:57.965+00:00,False,1,0.0,,0.0,300063.041619,300063.041619,300063.041619,300063.041619,300063.041619,300063.041619,nan,300063.041619,nan,nan,0.0,25,64,,True,False,"HTTPConnectionPool(host='gpu06', port=9004): Read timed out.",0,59.56268577710819
420,2026-09-21T07:59:58.240+00:00,2026-09-21T08:04:58.325+00:00,2026-09-21T08:04:58.325+00:00,False,1,0.0,,0.0,300084.833197,300084.833197,300084.833197,300084.833197,300084.833197,300084.833197,nan,300084.833197,nan,nan,0.0,25,64,,True,False,"HTTPConnectionPool(host='gpu06', port=9004): Read timed out.",0,59.56268577710819
421,2026-09-21T07:59:58.526+00:00,2026-09-21T08:04:58.603+00:00,2026-09-21T08:04:58.603+00:00,False,1,0.0,,0.0,300077.817745,300077.817745,300077.817745,300077.817745,300077.817745,300077.817745,nan,300077.817745,nan,nan,0.0,25,64,,True,False,"HTTPConnectionPool(host='gpu06', port=9004): Read timed out.",0,59.56268577710819
422,2026-09-21T07:59:58.716+00:00,2026-09-21T08:04:58.803+00:00,2026-09-21T08:04:58.803+00:00,False,1,0.0,,0.0,300086.95818699995,300086.95818699995,300086.95818699995,300086.95818699995,300086.95818699995,300086.95818699995,nan,300086.95818699995,nan,nan,0.0,25,64,,True,False,TTFT timeout: 300.0s exceeded (TTFT: 300.079s),0,59.56268577710819
423,2026-09-21T07:59:58.927+00:00,2026-09-21T08:04:59.032+00:00,2026-09-21T08:04:59.032+00:00,False,1,0.0,,0.0,300105.281524,300105.281524,300105.281524,300105.281524,300105.281524,300105.281524,nan,300105.281524,nan,nan,0.0,25,64,,True,False,"HTTPConnectionPool(host='gpu06', port=9004): Read timed out.",0,59.56268577710819
424,2026-09-21T07:59:59.260+00:00,2026-09-21T08:04:59.213+00:00,2026-09-21T08:04:59.373+00:00,False,3,2.0,,2.0,299952.866624,300113.49024,300113.490154,100037.83005133334,0.026670000000000003,299952.866624,173131.51888545445,269973.6396476,80.311808,113.54039607041942,0.006664145615049176,25,64,,True,False,Request timeout: 300.0s exceeded,20,59.56268577710819
425,2026-09-21T07:59:59.490+00:00,2026-09-21T08:04:59.434+00:00,2026-09-21T08:04:59.534+00:00,False,4,3.0,,3.0,299943.93568,300043.993536,300043.993563,75010.99839075,0.03186,299943.93568,149955.29341814315,254960.4912409,33.352618666666665,29.17410839394173,0.00999853376381638,25,64,,True,False,Request timeout: 300.0s exceeded,6,59.56268577710819
426,2026-09-21T07:59:59.788+00:00,2026-09-21T08:04:59.894+00:00,2026-09-21T08:04:59.894+00:00,False,1,0.0,,0.0,300106.068775,300106.068775,300106.068775,300106.068775,300106.068775,300106.068775,nan,300106.068775,nan,nan,0.0,25,64,,True,False,"HTTPConnectionPool(host='gpu06', port=9004): Read timed out.",0,59.56268577710819
427,2026-09-21T08:00:00.121+00:00,2026-09-21T08:05:00.225+00:00,2026-09-21T08:05:00.225+00:00,False,1,0.0,,0.0,300104.005476,300104.005476,300104.005476,300104.005476,300104.005476,300104.005476,nan,300104.005476,nan,nan,0.0,25,64,,True,False,"HTTPConnectionPool(host='gpu06', port=9004): Read timed out.",0,59.56268577710819
428,2026-09-21T08:00:00.371+00:00,2026-09-21T08:05:00.478+00:00,2026-09-21T08:05:00.478+00:00,False,1,0.0,,0.0,300107.082859,300107.082859,300107.082859,300107.082859,300107.082859,300107.082859,nan,300107.082859,nan,nan,0.0,25,64,,True,False,"HTTPConnectionPool(host='gpu06', port=9004): Read timed out.",0,59.56268577710819
429,2026-09-21T08:00:00.650+00:00,2026-09-21T08:05:00.772+00:00,2026-09-21T08:05:00.772+00:00,False,1,0.0,,0.0,300122.503236,300122.503236,300122.503236,300122.503236,300122.503236,300122.503236,nan,300122.503236,nan,nan,0.0,25,64,,True,False,"HTTPConnectionPool(host='gpu06', port=9004): Read timed out.",0,59.56268577710819
430,2026-09-21T08:00:00.887+00:00,2026-09-21T08:05:00.977+00:00,2026-09-21T08:05:00.977+00:00,False,1,0.0,,0.0,300090.154592,300090.154592,300090.154592,300090.154592,300090.154592,300090.154592,nan,300090.154592,nan,nan,0.0,25,64,,True,False,TTFT timeout: 300.0s exceeded (TTFT: 300.083s),0,59.56268577710819
431,2026-09-21T08:00:01.140+00:00,2026-09-21T08:05:01.169+00:00,2026-09-21T08:05:02.971+00:00,False,29,28.0,,28.0,300028.742828,301831.372716,301831.37287799997,10407.978375103448,0.0298,300028.742828,55701.99469489507,173.94668739999997,64.37963885714287,35.376256667677204,0.09276702997453427,25,64,,True,False,Request timeout: 300.0s exceeded,0,59.56268577710819
432,2026-09-21T08:00:01.429+00:00,2026-09-21T08:05:01.386+00:00,2026-09-21T08:05:02.563+00:00,True,20,20.0,,20.0,299957.43701999995,301134.27900399995,301134.27896799997,15056.713948399998,44.506997000000005,299957.43701999995,67058.67402051325,15101.79227785,61.93905178947368,17.076284275966387,0.06641555410479967,25,64,,True,True,,46,59.56268577710819
434,2026-09-21T08:00:02.005+00:00,2026-09-21T08:05:03.225+00:00,2026-09-21T08:05:03.225+00:00,False,1,0.0,,0.0,301219.952557,301219.952557,301219.952557,301219.952557,301219.952557,301219.952557,nan,301219.952557,nan,nan,0.0,25,64,,True,False,"HTTPConnectionPool(host='gpu06', port=9004): Read timed out.",0,59.56268577710819
433,2026-09-21T08:00:01.712+00:00,2026-09-21T08:05:03.600+00:00,2026-09-21T08:05:04.839+00:00,False,30,29.0,,29.0,301887.59922000003,303126.67890000006,303126.678994,10104.222633133335,0.04388,301887.59922000003,55109.08707761422,87.12712395,42.72688551724138,24.51171712632612,0.0956695732135374,25,64,,True,False,Request timeout: 300.0s exceeded,87,59.56268577710819
0,2026-09-21T07:58:02.269+00:00,2026-09-21T07:58:02.478+00:00,2026-09-21T07:58:05.152+00:00,True,49,49.0,,49.0,208.790154,2883.3204579999997,2883.320564,58.84327681632653,0.01787,226.055415,43.71138100946259,152.3137666,55.71938133333334,38.24902045917428,16.994295540076248,26,64,,False,True,,343,59.56268577710819
1,2026-09-21T07:58:02.661+00:00,2026-09-21T07:58:02.773+00:00,2026-09-21T07:58:08.180+00:00,True,91,91.0,,91.0,112.03586800000001,5518.950428,5518.950398,60.647806571428575,0.01614,246.984297,30.744896061664758,82.43285250000001,60.076828444444445,30.428095285632402,16.488642394452032,26,64,,False,True,,274,59.56268577710819
2,2026-09-21T07:58:03.121+00:00,2026-09-21T07:58:03.488+00:00,2026-09-21T07:58:04.480+00:00,True,18,18.0,,18.0,366.830015,1358.554047,1358.554112,75.47522844444444,34.443892999999996,366.830015,73.56489554582396,127.95197435000001,58.336707764705885,11.509467797902774,13.249380869129308,26,64,,False,True,,35,59.56268577710819
5,2026-09-21T07:58:03.880+00:00,2026-09-21T07:58:04.765+00:00,2026-09-21T07:58:06.238+00:00,True,24,24.0,,24.0,884.912249,2358.151801,2358.151808,98.25632533333334,39.789653,884.912249,167.85586143023917,78.436549,64.0538935652174,10.23696615912051,10.17746185373755,26,64,,False,True,,24,59.56268577710819
4,2026-09-21T07:58:03.534+00:00,2026-09-21T07:58:06.412+00:00,2026-09-21T07:58:07.673+00:00,True,22,22.0,,22.0,2877.8875639999997,4139.1570679999995,4139.157067,188.14350304545454,44.967285000000004,2877.8875639999997,600.8419027549113,77.74052744999999,60.06045257142858,9.992716825663162,5.315091850483989,26,64,,False,True,,66,59.56268577710819
3,2026-09-21T07:58:03.257+00:00,2026-09-21T07:58:07.732+00:00,2026-09-21T07:58:13.399+00:00,True,90,90.0,,90.0,4474.924261,10141.533669,10141.533599,112.68370665555555,0.01575,4474.924261,466.7648387320539,78.414602,63.66976862921348,40.93017913114246,8.874397397615146,26,64,,False,True,,990,59.56268577710819
6,2026-09-21T07:58:04.203+00:00,2026-09-21T07:58:10.636+00:00,2026-09-21T07:58:14.285+00:00,True,57,57.0,,57.0,6432.715399000001,10081.903495,10081.903488,176.8754997894737,0.01731,6432.715399000001,845.2287775816673,79.7013602,65.16407314285715,56.031309094136915,5.6536942679791045,26,64,,False,True,,57,59.56268577710819
7,2026-09-21T07:58:04.575+00:00,2026-09-21T07:58:13.159+00:00,2026-09-21T07:58:13.687+00:00,True,13,13.0,,13.0,8584.100556,9112.139212,9112.139091,700.9337762307692,0.01775,8584.100556,2368.813585308403,3479.3912652,44.003221333333336,33.46901524074229,1.4266682825565242,26,64,,False,True,,53,59.56268577710819
8,2026-09-21T07:58:04.819+00:00,2026-09-21T07:58:13.882+00:00,2026-09-21T07:58:14.628+00:00,True,13,13.0,,13.0,9063.087975,9808.913767,9808.913912,754.5318393846154,49.711585,9063.087975,2496.427102941093,3672.7536528,62.152149333333334,9.529265449741056,1.3253251388278822,26,64,,False,True,,25,59.56268577710819
9,2026-09-21T07:58:05.202+00:00,2026-09-21T07:58:16.750+00:00,2026-09-21T07:58:22.003+00:00,True,84,84.0,,84.0,11548.458505999999,16801.689354,16801.689402,200.02011192857142,20.585302,11548.458505999999,1253.1900945639438,81.01052349999999,63.29193792771085,11.885644915743104,4.999497266624682,26,64,,False,True,,87,59.56268577710819
10,2026-09-21T07:58:05.570+00:00,2026-09-21T07:58:18.664+00:00,2026-09-21T07:58:25.071+00:00,True,100,100.0,,100.0,13093.702481,19500.881745,19500.881926000002,195.00881926,0.0,13093.702481,1304.3433124669352,82.72233554999998,64.71898246464647,61.69123513704666,5.127973253088409,26,64,,False,True,,200,59.56268577710819
11,2026-09-21T07:58:05.953+00:00,2026-09-21T07:58:20.692+00:00,2026-09-21T07:58:21.750+00:00,True,18,18.0,,18.0,14739.024516000001,15796.38362,15796.383675000001,877.5768708333334,36.432344,14739.024516000001,3459.387740542127,2288.77896505,62.19759435294118,13.946912135334836,1.1395013208725808,26,64,,False,True,,72,59.56268577710819
12,2026-09-21T07:58:06.297+00:00,2026-09-21T07:58:22.381+00:00,2026-09-21T07:58:26.972+00:00,True,71,71.0,,71.0,16083.646098,20674.699153999998,20674.699295,291.1929478169014,0.0,16083.646098,1902.993056059797,246.00201550000003,65.58647222857142,87.83413336858432,3.4341491245478855,26,64,,False,True,,143,59.56268577710819
13,2026-09-21T07:58:06.568+00:00,2026-09-21T07:58:23.805+00:00,2026-09-21T07:58:29.740+00:00,True,97,97.0,,97.0,17237.814397,23172.640892999996,23172.640962999998,238.89320580412368,0.0,17237.814397,1744.4620060662182,77.615388,61.82110933333333,42.15537383353364,4.185970880397228,26,64,,False,True,,388,59.56268577710819
14,2026-09-21T07:58:06.930+00:00,2026-09-21T07:58:25.694+00:00,2026-09-21T07:58:30.919+00:00,True,80,80.0,,80.0,18764.134578,23989.137586,23989.137600000002,299.86422,0.0,18764.134578,2091.5121043919485,82.39197005,66.13927858227848,65.4929451018954,3.3348426850779243,26,64,,False,True,,90,59.56268577710819
15,2026-09-21T07:58:07.347+00:00,2026-09-21T07:58:27.989+00:00,2026-09-21T07:58:30.470+00:00,True,40,40.0,,40.0,20642.239803,23122.585659,23122.585621000002,578.064640525,41.104334,20642.239803,3253.7841202643913,79.4603955,63.5986116923077,10.093593484289993,1.7299103391765707,26,64,,False,True,,385,59.56268577710819
16,2026-09-21T07:58:07.644+00:00,2026-09-21T07:58:29.608+00:00,2026-09-21T07:58:32.239+00:00,True,41,41.0,,41.0,21963.588620000002,24595.117068000003,24595.117064000002,599.8809040000001,0.0,21963.588620000002,3420.500270966713,82.89465799999999,65.7882112,66.92447494142927,1.6669975542968207,26,64,,False,True,,139,59.56268577710819
17,2026-09-21T07:58:07.937+00:00,2026-09-21T07:58:31.193+00:00,2026-09-21T07:58:34.451+00:00,True,52,52.0,,52.0,23255.993395,26513.311283000003,26513.311433000003,509.87137371153847,0.01568,23255.993395,3217.4897469387047,85.24536400000001,63.86897819607844,93.09802285540331,1.9612789758683116,26,64,,False,True,,154,59.56268577710819
18,2026-09-21T07:58:08.290+00:00,2026-09-21T07:58:33.389+00:00,2026-09-21T07:58:36.317+00:00,True,55,55.0,,55.0,25099.373416000002,28027.160424,28027.1604,509.5847345454546,0.0,25099.373416000002,3377.9697139297787,76.49163399999999,54.218277925925925,77.89868072708677,1.9623821738609961,26,64,,False,True,,550,59.56268577710819
19,2026-09-21T07:58:08.655+00:00,2026-09-21T07:58:34.730+00:00,2026-09-21T07:58:39.681+00:00,True,78,78.0,,78.0,26075.699357,31025.792157000003,31025.791981000002,397.7665638589744,0.0,26075.699357,2945.8919384186665,76.5500095,64.28691948051949,63.681614615237116,2.51403734045842,26,64,,False,True,,406,59.56268577710819
20,2026-09-21T07:58:09.020+00:00,2026-09-21T07:58:36.516+00:00,2026-09-21T07:58:41.125+00:00,True,74,74.0,,74.0,27495.686175000003,32105.528095,32105.527993000003,433.8584863918919,0.0,27495.686175000003,3189.7249454059697,76.4887405,63.14851945205479,69.97960217184966,2.30489901243906,26,64,,False,True,,222,59.56268577710819
21,2026-09-21T07:58:09.271+00:00,2026-09-21T07:58:37.591+00:00,2026-09-21T07:58:41.196+00:00,True,58,58.0,,58.0,28320.31559,31924.571846,31924.571664,550.4236493793103,0.0,28320.31559,3711.1405717096,81.47165349999999,63.232565894736844,77.92226562354482,1.8167823919388641,26,64,,False,True,,319,59.56268577710819
22,2026-09-21T07:58:09.518+00:00,2026-09-21T07:58:39.052+00:00,2026-09-21T07:58:40.553+00:00,True,24,24.0,,24.0,29533.581717,31035.066261,31035.066333000002,1293.127763875,0.0,29533.581717,6016.468295463359,546.3434308,65.28193669565218,126.72880385188078,0.7733187935918614,26,64,,False,True,,72,59.56268577710819
23,2026-09-21T07:58:09.912+00:00,2026-09-21T07:58:41.329+00:00,2026-09-21T07:58:46.796+00:00,True,87,87.0,,87.0,31417.237832,36884.181576,36884.1814,423.956108045977,0.0,31417.237832,3363.1823687216843,76.96038800000001,63.56911330232558,108.05978213808167,2.3587347280767545,26,64,,False,True,,350,59.56268577710819
24,2026-09-21T07:58:10.186+00:00,2026-09-21T07:58:42.834+00:00,2026-09-21T07:58:44.963+00:00,True,34,34.0,,34.0,32647.18923,34776.493806,34776.493861,1022.8380547352941,0.01564,32647.18923,5589.045189360568,322.1863508,64.52438109090909,115.84295519172065,0.9776718777248893,26,64,,False,True,,34,59.56268577710819
25,2026-09-21T07:58:10.617+00:00,2026-09-21T07:58:44.844+00:00,2026-09-21T07:58:44.844+00:00,True,1,1.0,,1.0,34226.879902999994,34226.879902999994,34226.879902999994,34226.879902999994,34226.879902999994,34226.879902999994,nan,34226.879902999994,nan,nan,0.029216802782901334,26,64,,False,True,,7,59.56268577710819
26,2026-09-21T07:58:10.893+00:00,2026-09-21T07:58:46.499+00:00,2026-09-21T07:58:49.385+00:00,True,46,46.0,,46.0,35605.993187,38491.961315,38491.961467,836.7817710217391,22.443112,35605.993187,5240.375496173465,80.582088,64.13262506666668,12.271973053235035,1.1950547186608074,26,64,,False,True,,92,59.56268577710819
27,2026-09-21T07:58:11.145+00:00,2026-09-21T07:58:47.574+00:00,2026-09-21T07:58:47.574+00:00,True,1,1.0,,1.0,36428.330223,36428.330223,36428.330223,36428.330223,36428.330223,36428.330223,nan,36428.330223,nan,nan,0.02745116215534423,26,64,,False,True,,4,59.56268577710819
28,2026-09-21T07:58:11.409+00:00,2026-09-21T07:58:48.810+00:00,2026-09-21T07:58:50.850+00:00,True,33,33.0,,33.0,37400.843133,39440.335485,39440.335675,1195.1616871212123,42.694314,37400.843133,6499.564234425682,79.666822,63.734136,10.244353141911398,0.8367068787371396,26,64,,False,True,,177,59.56268577710819
29,2026-09-21T07:58:11.668+00:00,2026-09-21T07:58:50.084+00:00,2026-09-21T07:58:52.578+00:00,True,40,40.0,,40.0,38415.532008,40909.839080000005,40909.839077000004,1022.745976925,44.265915,38415.532008,6063.923489952896,79.4893855,63.95659158974359,9.32185918013543,0.9777598958964175,26,64,,False,True,,45,59.56268577710819
30,2026-09-21T07:58:12.099+00:00,2026-09-21T07:58:52.322+00:00,2026-09-21T07:58:53.648+00:00,True,16,16.0,,16.0,40222.946336999994,41549.36220899999,41549.362334,2596.835145875,0.0,40222.946336999994,10037.109390208921,10859.417917499999,88.4277248,273.5499366206834,0.3850841300407313,26,64,,False,True,,128,59.56268577710819
31,2026-09-21T07:58:12.404+00:00,2026-09-21T07:58:53.802+00:00,2026-09-21T07:58:54.346+00:00,True,10,10.0,,10.0,41397.774658,41942.051138,41942.051305,4194.2051305,12.964922,41397.774658,13072.017222405058,22810.395877900002,60.475164444444445,21.252256041199246,0.2384242002637749,26,64,,False,True,,55,59.56268577710819
33,2026-09-21T07:58:13.191+00:00,2026-09-21T07:58:58.111+00:00,2026-09-21T07:59:04.137+00:00,True,97,97.0,,97.0,44920.214924,50946.179468,50946.179529,525.2183456597938,0.0,44920.214924,4555.476909315018,76.941644,62.770464,90.69406456655277,1.903970052571401,26,64,,False,True,,296,59.56268577710819
32,2026-09-21T07:58:13.170+00:00,2026-09-21T07:58:58.349+00:00,2026-09-21T07:59:01.520+00:00,True,50,50.0,,50.0,45178.922810000004,48349.10009000001,48349.09997,966.9819994000001,0.0,45178.922810000004,6381.339944336661,78.23911345,64.69749551020408,126.32758944956568,1.0341454113298263,26,64,,False,True,,450,59.56268577710819
34,2026-09-21T07:58:13.549+00:00,2026-09-21T07:59:00.121+00:00,2026-09-21T07:59:04.711+00:00,True,75,75.0,,75.0,46571.290645,51161.835541,51161.835542,682.1578072266667,0.0,46571.290645,5371.407978416492,80.35700299999999,62.03439048648649,103.38869122028738,1.4659364584348542,26,64,,False,True,,155,59.56268577710819
35,2026-09-21T07:58:13.986+00:00,2026-09-21T07:59:02.385+00:00,2026-09-21T07:59:03.529+00:00,True,20,20.0,,20.0,48399.181266,49542.934994,49542.935004,2477.1467502,37.803573,48399.181266,10808.93243154318,2507.1779743,60.19756463157894,12.710255161049636,0.4036902537651865,26,64,,False,True,,22,59.56268577710819
36,2026-09-21T07:58:14.383+00:00,2026-09-21T07:59:04.571+00:00,2026-09-21T07:59:06.861+00:00,True,38,38.0,,38.0,50188.748122000005,52478.345562,52478.34557900001,1381.0090941842107,0.01568,50188.748122000005,8133.304128226731,229.0887487,61.88101189189189,166.20648318467647,0.7241081934472438,26,64,,False,True,,46,59.56268577710819
37,2026-09-21T07:58:14.689+00:00,2026-09-21T07:59:06.135+00:00,2026-09-21T07:59:08.749+00:00,True,42,42.0,,42.0,51445.806392,54059.248695999995,54059.248553,1287.124965547619,41.632245000000005,51445.806392,7928.430838031772,80.26513,63.74249521951219,10.079037635951051,0.7769253367945474,26,64,,False,True,,210,59.56268577710819
38,2026-09-21T07:58:14.957+00:00,2026-09-21T07:59:07.543+00:00,2026-09-21T07:59:13.681+00:00,True,98,98.0,,98.0,52586.19603,58724.331838,58724.331967,599.2278772142857,0.0,52586.19603,5306.642770393831,81.81737765,63.27975059793814,104.94050808019144,1.6688142194677993,26,64,,False,True,,196,59.56268577710819
39,2026-09-21T07:58:15.248+00:00,2026-09-21T07:59:09.039+00:00,2026-09-21T07:59:13.901+00:00,True,78,78.0,,78.0,53791.170835000004,58653.018899,58653.01878700001,751.9617793205128,0.0,53791.170835000004,6084.641709506183,79.2386912,63.14088394805194,118.56442489057918,1.329854821868851,26,64,,False,True,,296,59.56268577710819
40,2026-09-21T07:58:15.579+00:00,2026-09-21T07:59:10.772+00:00,2026-09-21T07:59:14.840+00:00,True,64,64.0,,64.0,55192.980299999996,59261.202507999995,59261.202584,925.956290375,46.634575,55192.980299999996,6891.056676845282,79.46799215000001,64.57495568253968,9.173462615363409,1.0799645854530253,26,64,,False,True,,192,59.56268577710819
41,2026-09-21T07:58:15.908+00:00,2026-09-21T07:59:12.998+00:00,2026-09-21T07:59:16.968+00:00,True,62,62.0,,62.0,57090.131208,61059.79444,61059.794626999996,984.8353972096774,43.353333,57090.131208,7242.194602070597,77.77602550000002,65.07644642622951,8.921947369991951,1.0153981121067135,26,64,,False,True,,189,59.56268577710819
42,2026-09-21T07:58:16.158+00:00,2026-09-21T07:59:14.262+00:00,2026-09-21T07:59:20.121+00:00,True,92,92.0,,92.0,58103.700094,63963.12435,63963.124379,695.2513519456521,0.01514,58103.700094,6052.192790851235,82.5695535,64.38927753846154,119.98237256734579,1.4383287391745427,26,64,,False,True,,94,59.56268577710819
43,2026-09-21T07:58:16.455+00:00,2026-09-21T07:59:15.700+00:00,2026-09-21T07:59:16.530+00:00,True,14,14.0,,14.0,59245.361919,60075.351551,60075.351442,4291.096531571428,46.480285,59245.361919,15816.929811514568,20787.750654199997,63.845356307692306,11.98936055940115,0.23304066707150148,26,64,,False,True,,69,59.56268577710819
44,2026-09-21T07:58:16.697+00:00,2026-09-21T07:59:16.858+00:00,2026-09-21T07:59:19.356+00:00,True,39,39.0,,39.0,60161.385566,62659.684446,62659.684316,1606.6585722051282,0.01618,60161.385566,9624.6848995862,191.4651423,65.74470736842106,182.2838264931942,0.6224097734422861,26,64,,False,True,,78,59.56268577710819
45,2026-09-21T07:58:17.031+00:00,2026-09-21T07:59:19.910+00:00,2026-09-21T07:59:21.358+00:00,True,44,44.0,,44.0,62878.77424,64327.303136,64327.303208,1461.9841638181817,0.0,62878.77424,9476.007059076112,117.72731529999999,33.6867185116279,184.45367979700316,0.6840019378237533,26,64,,False,True,,88,59.56268577710819
46,2026-09-21T07:58:17.289+00:00,2026-09-21T07:59:19.987+00:00,2026-09-21T07:59:24.157+00:00,True,67,67.0,,67.0,62698.4468,66868.553936,66868.553887,998.0381177164179,0.0,62698.4468,7653.2201146828365,82.6077997,63.18344145454545,131.03193784803435,1.0019657380975489,26,64,,False,True,,603,59.56268577710819
47,2026-09-21T07:58:17.639+00:00,2026-09-21T07:59:21.975+00:00,2026-09-21T07:59:26.946+00:00,True,78,78.0,,78.0,64336.136338,69307.305874,69307.305855,888.5552032692307,40.208433,64336.136338,7277.329976620614,79.0593925,64.56064332467533,10.207552174964396,1.1254224791510903,26,64,,False,True,,312,59.56268577710819
48,2026-09-21T07:58:17.958+00:00,2026-09-21T07:59:23.737+00:00,2026-09-21T07:59:27.272+00:00,True,56,56.0,,56.0,65779.20185,69313.562426,69313.562351,1237.7421848392858,47.292464,65779.20185,8781.532731441746,77.5043345,64.26110138181818,8.864631331344356,0.8079226927599671,26,64,,False,True,,168,59.56268577710819
49,2026-09-21T07:58:18.242+00:00,2026-09-21T07:59:25.348+00:00,2026-09-21T07:59:27.982+00:00,True,42,42.0,,42.0,67105.077663,69739.965087,69739.965104,1660.4753596190476,42.847322999999996,67105.077663,10344.62699622311,81.41023895000001,64.26554692682927,10.402306874005632,0.602237181329319,26,64,,False,True,,42,59.56268577710819
50,2026-09-21T07:58:18.497+00:00,2026-09-21T07:59:26.572+00:00,2026-09-21T07:59:27.144+00:00,True,10,10.0,,10.0,68075.250113,68647.302337,68647.302374,6864.7302374,39.693533,68075.250113,21507.18767317982,37476.6226508,63.561358222222225,12.591869484285343,0.14567214820632698,26,64,,False,True,,20,59.56268577710819
51,2026-09-21T07:58:18.787+00:00,2026-09-21T07:59:28.114+00:00,2026-09-21T07:59:30.762+00:00,True,42,42.0,,42.0,69326.806749,71974.931165,71974.931162,1713.688837190476,41.880354,69326.806749,10687.396222680629,79.14532100000001,64.5884003902439,9.250431346804616,0.583536508061626,26,64,,False,True,,84,59.56268577710819
52,2026-09-21T07:58:19.143+00:00,2026-09-21T07:59:30.119+00:00,2026-09-21T07:59:31.350+00:00,True,21,21.0,,21.0,70975.74179799999,72207.20854999998,72207.20840599999,3438.438495523809,42.558434,70975.74179799999,15474.743566864592,83.18470699999997,61.5733376,10.425056726823335,0.2908296889147643,26,64,,False,True,,66,59.56268577710819
53,2026-09-21T07:58:19.558+00:00,2026-09-21T07:59:32.824+00:00,2026-09-21T07:59:32.824+00:00,True,2,2.0,,2.0,73265.824383,73265.824383,73265.824383,36632.9121915,0.0,73265.824383,51806.761250441996,69602.53316385,0.0,nan,0.027297857041025306,26,64,,False,True,,4,59.56268577710819
54,2026-09-21T07:58:19.978+00:00,2026-09-21T07:59:34.845+00:00,2026-09-21T07:59:37.124+00:00,True,44,44.0,,44.0,74866.928268,77145.57454,77145.574448,1753.3085101818183,0.01511,74866.928268,11278.73031669039,162.82818305,52.99177376744186,49.24899527077204,0.5703502794860383,26,64,,False,True,,220,59.56268577710819
55,2026-09-21T07:58:20.304+00:00,2026-09-21T07:59:36.142+00:00,2026-09-21T07:59:42.172+00:00,True,97,97.0,,97.0,75837.90699799999,81868.27192599999,81868.272088,844.0028050309278,7.154261,75837.90699799999,7693.810954165724,78.835041,62.816301333333335,15.861255855609354,1.1848301877884688,26,64,,False,True,,555,59.56268577710819
56,2026-09-21T07:58:20.700+00:00,2026-09-21T07:59:38.551+00:00,2026-09-21T07:59:43.402+00:00,True,77,77.0,,77.0,77850.731559,82701.31152700001,82701.311335,1074.0430043506494,42.273883000000005,77850.731559,8864.647632142089,79.981977,63.82342063157895,11.003521070753338,0.9310614133956187,26,64,,False,True,,308,59.56268577710819
57,2026-09-21T07:58:21.064+00:00,2026-09-21T07:59:40.273+00:00,2026-09-21T07:59:46.998+00:00,True,98,98.0,,98.0,79209.74098199999,85934.91909399998,85934.91892399998,876.8869277959183,0.0,79209.74098199999,7996.300602030679,80.96373600000001,69.33173311340207,175.76425257576895,1.1403978852042977,26,64,,False,True,,197,59.56268577710819
58,2026-09-21T07:58:21.450+00:00,2026-09-21T07:59:41.965+00:00,2026-09-21T07:59:44.380+00:00,True,38,38.0,,38.0,80514.829081,82929.693721,82929.693873,2182.3603650789473,41.421824,80514.829081,13050.649162955828,87.26456595000002,65.26661189189188,13.516715382612563,0.4582194663330511,26,64,,False,True,,104,59.56268577710819
59,2026-09-21T07:58:21.714+00:00,2026-09-21T07:59:43.279+00:00,2026-09-21T07:59:49.453+00:00,True,98,98.0,,98.0,81564.970579,87738.958163,87738.958132,895.2954911428571,0.0,81564.970579,8234.699832391192,78.33113085000001,63.64935653608248,174.1702431738181,1.1169496658250397,26,64,,False,True,,207,59.56268577710819
60,2026-09-21T07:58:21.963+00:00,2026-09-21T07:59:44.504+00:00,2026-09-21T07:59:49.269+00:00,True,76,76.0,,76.0,82541.615,87306.300824,87306.30076,1148.767115263158,0.0,82541.615,9462.910148039593,77.8535145,63.52914432,197.06768658435016,0.8704984552398769,26,64,,False,True,,572,59.56268577710819
61,2026-09-21T07:58:22.219+00:00,2026-09-21T07:59:47.008+00:00,2026-09-21T07:59:47.620+00:00,True,24,24.0,,24.0,84789.10966500001,85400.75305700001,85400.753158,3558.3647149166673,0.0,84789.10966500001,17302.105346375636,78.72683915,26.593190956521738,32.45971129068307,0.2810279668609176,26,64,,False,True,,139,59.56268577710819
62,2026-09-21T07:58:22.468+00:00,2026-09-21T07:59:47.292+00:00,2026-09-21T07:59:50.786+00:00,True,56,56.0,,56.0,84823.607684,88317.68589200001,88317.685831,1577.1015326964286,35.606353999999996,84823.607684,11326.546473769375,78.3178195,63.528694690909084,10.17364817805918,0.6340745846588423,26,64,,False,True,,223,59.56268577710819
63,2026-09-21T07:58:22.805+00:00,2026-09-21T07:59:48.816+00:00,2026-09-21T07:59:51.667+00:00,True,47,47.0,,47.0,86011.086393,88861.66559300001,88861.66549300001,1890.673733893617,40.132424,86011.086393,12536.97122721644,76.237131,61.96911304347826,10.08180959578174,0.5289119856842114,26,64,,False,True,,322,59.56268577710819
64,2026-09-21T07:58:23.303+00:00,2026-09-21T07:59:50.835+00:00,2026-09-21T07:59:51.604+00:00,True,13,13.0,,13.0,87532.510028,88301.398348,88301.398436,6792.415264307692,51.517425,87532.510028,24259.380415014333,35057.5003268,64.07402666666667,7.666096657225682,0.14722303659072739,26,64,,False,True,,13,59.56268577710819
65,2026-09-21T07:58:23.470+00:00,2026-09-21T07:59:52.328+00:00,2026-09-21T07:59:52.524+00:00,True,4,4.0,,4.0,88857.91595299999,89053.804337,89053.80423,22263.4510575,55.119824,88857.91595299999,44396.31064152849,75540.40567759999,65.296128,9.73259363374183,0.04491666616355977,26,64,,False,True,,4,59.56268577710819
66,2026-09-21T07:58:23.891+00:00,2026-09-21T07:59:54.583+00:00,2026-09-21T07:59:56.737+00:00,True,40,40.0,,40.0,90691.736857,92845.249817,92845.249776,2321.1312444,0.01732,90691.736857,14330.937130607554,117.07298870000001,55.218281025641026,36.47831332284106,0.4308244102831417,26,64,,False,True,,274,59.56268577710819
67,2026-09-21T07:58:24.157+00:00,2026-09-21T07:59:56.032+00:00,2026-09-21T08:00:02.901+00:00,True,91,91.0,,91.0,91874.258767,98743.434319,98743.43431200001,1085.0926847472529,0.0,91874.258767,9625.045601915288,78.3759065,76.3241728,197.66403534194703,0.9215802612861924,26,64,,False,True,,387,59.56268577710819
68,2026-09-21T07:58:24.454+00:00,2026-09-21T07:59:57.431+00:00,2026-09-21T08:00:00.020+00:00,True,44,44.0,,44.0,92977.685679,95565.824943,95565.824877,2171.950565386364,43.261053999999994,92977.685679,14007.842566490672,77.118215,60.18928520930233,9.167385150973944,0.4604156352570984,26,64,,False,True,,176,59.56268577710819
69,2026-09-21T07:58:24.807+00:00,2026-09-21T07:59:59.422+00:00,2026-09-21T08:00:03.224+00:00,True,61,61.0,,61.0,94615.810948,98417.044868,98417.045032,1613.394180852459,0.0,94615.810948,12108.622068442332,76.857177,63.353898666666666,244.14108181344886,0.6198113353415061,26,64,,False,True,,167,59.56268577710819
70,2026-09-21T07:58:25.078+00:00,2026-09-21T08:00:00.855+00:00,2026-09-21T08:00:05.914+00:00,True,79,79.0,,79.0,95776.322866,100835.22053,100835.220541,1276.395196721519,0.0,95776.322866,10770.46539250303,79.321314,64.85766235897437,213.2492350954864,0.7834564112099731,26,64,,False,True,,316,59.56268577710819
71,2026-09-21T07:58:25.350+00:00,2026-09-21T08:00:02.888+00:00,2026-09-21T08:00:02.888+00:00,True,1,1.0,,1.0,97537.998976,97537.998976,97537.998976,97537.998976,97537.998976,97537.998976,nan,97537.998976,nan,nan,0.010252414551236159,26,64,,False,True,,4,59.56268577710819
72,2026-09-21T07:58:25.762+00:00,2026-09-21T08:00:04.143+00:00,2026-09-21T08:00:07.266+00:00,True,50,50.0,,50.0,98381.64384399999,101504.293956,101504.29399899999,2030.0858799799998,47.318825,98381.64384399999,13904.256110580212,78.45976950000001,63.72755330612245,9.299558773134038,0.4925899984258199,26,64,,False,True,,100,59.56268577710819
73,2026-09-21T07:58:26.180+00:00,2026-09-21T08:00:05.985+00:00,2026-09-21T08:00:08.448+00:00,True,42,42.0,,42.0,99805.05781299999,102268.058901,102268.059,2434.9537857142855,43.928934,99805.05781299999,15390.98766534837,77.22275295,60.07319726829268,8.69757919924805,0.4106854129367788,26,64,,False,True,,322,59.56268577710819
74,2026-09-21T07:58:26.599+00:00,2026-09-21T08:00:08.390+00:00,2026-09-21T08:00:13.662+00:00,True,84,84.0,,84.0,101790.85317100001,107063.03723500001,107063.03704400001,1274.559964809524,45.593644,101790.85317100001,11099.365552804216,76.16567835,63.52028992771085,8.959126957128113,0.7845845043198488,26,64,,True,True,,244,59.56268577710819
75,2026-09-21T07:58:26.938+00:00,2026-09-21T08:00:10.181+00:00,2026-09-21T08:00:13.793+00:00,True,57,57.0,,57.0,103243.677063,106855.065991,106855.066041,1874.6502814210526,45.636222000000004,103243.677063,13666.420034097588,78.190453,64.489088,8.715351883565827,0.5334328276471318,26,64,,True,True,,285,59.56268577710819
76,2026-09-21T07:58:27.358+00:00,2026-09-21T08:00:12.100+00:00,2026-09-21T08:00:17.157+00:00,True,82,82.0,,82.0,104741.89557,109798.973074,109798.97297999999,1339.0118656097561,45.211425000000006,104741.89557,11559.916740097666,77.81395144999999,62.43305560493827,9.61075366754087,0.7468193709310503,26,64,,True,True,,612,59.56268577710819
77,2026-09-21T07:58:27.673+00:00,2026-09-21T08:00:13.932+00:00,2026-09-21T08:00:17.381+00:00,True,56,56.0,,56.0,106259.504677,109707.690789,109707.690634,1959.0659041785716,42.972324,106259.504677,14191.148952167778,76.90458124999999,62.69429294545454,9.672829347099574,0.5104473496548605,26,64,,True,True,,168,59.56268577710819
78,2026-09-21T07:58:28.041+00:00,2026-09-21T08:00:16.028+00:00,2026-09-21T08:00:21.097+00:00,True,80,80.0,,80.0,107986.568412,113055.870684,113055.870801,1413.1983850125,43.078362999999996,107986.568412,12066.094967997282,77.7362145,64.16838318987342,9.67551308337238,0.7076147352277375,26,64,,True,True,,320,59.56268577710819
79,2026-09-21T07:58:28.394+00:00,2026-09-21T08:00:17.707+00:00,2026-09-21T08:00:19.941+00:00,True,36,36.0,,36.0,109312.936184,111547.311352,111547.31126,3098.536423888889,45.801824,109312.936184,18208.185485284455,77.43282300000001,63.839290514285715,10.003214218695959,0.3227330140338208,26,64,,True,True,,226,59.56268577710819
80,2026-09-21T07:58:28.783+00:00,2026-09-21T08:00:19.876+00:00,2026-09-21T08:00:20.873+00:00,True,16,16.0,,16.0,111092.945534,112090.496126,112090.496228,7005.65601425,52.066674,111092.945534,27756.61204113781,27831.8594405,66.5033728,9.453480139329272,0.14274180731624678,26,64,,True,True,,64,59.56268577710819
81,2026-09-21T07:58:29.220+00:00,2026-09-21T08:00:21.657+00:00,2026-09-21T08:00:23.818+00:00,True,36,36.0,,36.0,112437.347091,114597.617939,114597.617742,3183.2671595,44.203434,112437.347091,18729.272970035585,78.3895385,61.72202422857143,9.051339052673827,0.31414265538366337,26,64,,True,True,,204,59.56268577710819
82,2026-09-21T07:58:29.655+00:00,2026-09-21T08:00:24.061+00:00,2026-09-21T08:00:26.905+00:00,True,46,46.0,,46.0,114405.998435,117250.622051,117250.62201600001,2548.9265655652175,46.885042999999996,114405.998435,16858.926471788163,78.921581,63.21385813333333,9.544030245715147,0.3923220124153506,26,64,,True,True,,138,59.56268577710819
83,2026-09-21T07:58:29.992+00:00,2026-09-21T08:00:26.117+00:00,2026-09-21T08:00:32.338+00:00,True,99,99.0,,99.0,116125.36191200001,122346.31167200001,122346.311795,1235.8213312626262,45.496612999999996,116125.36191200001,11664.661707911846,77.2336439,63.47907918367347,9.201659121177507,0.8091784594652148,26,64,,True,True,,294,59.56268577710819
84,2026-09-21T07:58:30.254+00:00,2026-09-21T08:00:27.104+00:00,2026-09-21T08:00:32.078+00:00,True,80,80.0,,80.0,116850.094158,121823.669326,121823.66936900001,1522.7958671125,43.022944,116850.094158,13057.20219316779,77.12856395,62.95664769620253,9.306623366820567,0.6566868363316171,26,64,,True,True,,241,59.56268577710819
85,2026-09-21T07:58:30.596+00:00,2026-09-21T08:00:28.937+00:00,2026-09-21T08:00:29.544+00:00,True,11,11.0,,11.0,118340.252159,118948.209407,118948.209315,10813.47357409091,49.707744,118340.252159,35662.59888029728,59206.7062775,60.795724799999995,8.594868781296855,0.09247722227042333,26,64,,True,True,,33,59.56268577710819
86,2026-09-21T07:58:31.031+00:00,2026-09-21T08:00:31.290+00:00,2026-09-21T08:00:34.047+00:00,True,43,43.0,,43.0,120259.603939,123016.139747,123016.13997399999,2860.840464511628,45.839543,120259.603939,18329.41112050223,79.52208789999999,65.63180495238096,9.106438507686127,0.349547629184557,26,64,,True,True,,88,59.56268577710819
87,2026-09-21T07:58:31.299+00:00,2026-09-21T08:00:32.785+00:00,2026-09-21T08:00:33.355+00:00,True,10,10.0,,10.0,121486.461532,122056.202076,122056.202015,12205.6202015,44.260794000000004,121486.461532,38397.37494466402,66851.81990935,63.304504888888886,10.404975777986564,0.0819294704399647,26,64,,True,True,,30,59.56268577710819
88,2026-09-21T07:58:31.563+00:00,2026-09-21T08:00:33.897+00:00,2026-09-21T08:00:37.894+00:00,True,66,66.0,,66.0,122333.809408,126331.1296,126331.129445,1914.1080218939394,43.076783000000006,122333.809408,15050.684047630068,75.83178775,61.497233723076924,9.311878202691496,0.5224365539117288,26,64,,True,True,,198,59.56268577710819
89,2026-09-21T07:58:31.955+00:00,2026-09-21T08:00:35.943+00:00,2026-09-21T08:00:36.986+00:00,True,18,18.0,,18.0,123987.381059,125030.60768300001,125030.607686,6946.144871444445,41.769453999999996,123987.381059,29209.643486997422,18666.638473450002,61.366272,10.211446379177438,0.14396474858089808,26,64,,True,True,,72,59.56268577710819
90,2026-09-21T07:58:32.307+00:00,2026-09-21T08:00:37.890+00:00,2026-09-21T08:00:38.459+00:00,True,10,10.0,,10.0,125582.749537,126152.598881,126152.59873,12615.259872999999,46.534524,125582.749537,39692.73130027679,69104.92253304999,63.316593777777776,11.275703196685361,0.07926907640985677,26,64,,True,True,,40,59.56268577710819
91,2026-09-21T07:58:32.710+00:00,2026-09-21T08:00:39.691+00:00,2026-09-21T08:00:46.153+00:00,True,100,100.0,,100.0,126981.255689,133443.773449,133443.773479,1334.43773479,41.358863,126981.255689,12691.601387538383,78.645,65.27795717171718,9.627096450032244,0.7493792884852611,26,64,,True,True,,696,59.56268577710819
92,2026-09-21T07:58:33.381+00:00,2026-09-21T08:00:40.682+00:00,2026-09-21T08:00:41.414+00:00,True,12,12.0,,12.0,127301.46111300001,128033.284473,128033.28431700001,10669.44035975,54.511863,127301.46111300001,36729.561783622514,57327.228632100014,66.52939636363637,7.7383110818506555,0.09372562806143266,26,64,,True,True,,48,59.56268577710819
93,2026-09-21T07:58:33.435+00:00,2026-09-21T08:00:43.945+00:00,2026-09-21T08:00:46.751+00:00,True,44,44.0,,44.0,130509.410699,133315.901323,133315.901198,3029.9068454090907,51.046983999999995,130509.410699,19665.196598914987,78.83014535000001,65.26722381395349,9.091591017881838,0.33004314986699196,26,64,,True,True,,118,59.56268577710819
94,2026-09-21T07:58:33.588+00:00,2026-09-21T08:00:44.478+00:00,2026-09-21T08:00:46.872+00:00,True,38,38.0,,38.0,130890.053374,133283.97619,133283.976171,3507.473057131579,41.833663,130890.053374,21222.676609159862,77.9071955,64.70061664864865,9.258256661424548,0.285105539962508,26,64,,True,True,,114,59.56268577710819
95,2026-09-21T07:58:33.833+00:00,2026-09-21T08:00:46.086+00:00,2026-09-21T08:00:50.448+00:00,True,69,69.0,,69.0,132252.60674699998,136614.78556299998,136614.78568099998,1979.9244301594201,44.583993,132252.60674699998,15913.622338527339,78.56293559999999,64.14968847058823,8.367807980420416,0.5050697822760964,26,64,,True,True,,270,59.56268577710819
96,2026-09-21T07:58:34.138+00:00,2026-09-21T08:00:47.700+00:00,2026-09-21T08:00:50.998+00:00,True,53,53.0,,53.0,133562.525965,136860.25063700002,136860.2508,2582.268883018868,46.489473,133562.525965,18337.514749466354,77.1727456,63.417782153846154,8.568198061705283,0.38725634180353835,26,64,,True,True,,106,59.56268577710819
97,2026-09-21T07:58:34.432+00:00,2026-09-21T08:00:49.284+00:00,2026-09-21T08:00:54.087+00:00,True,77,77.0,,77.0,134852.091253,139654.968181,139654.968259,1813.7008864805193,43.683133000000005,134852.091253,15360.622931068012,78.651748,63.19574905263158,9.166707372893706,0.5513588310027328,26,64,,True,True,,306,59.56268577710819
98,2026-09-21T07:58:34.848+00:00,2026-09-21T08:00:51.503+00:00,2026-09-21T08:00:55.492+00:00,True,64,64.0,,64.0,136654.883115,140643.434539,140643.434551,2197.553664859375,42.690013,136654.883115,17073.949560427092,78.952373,63.31034006349207,10.140653037881332,0.4550514583903523,26,64,,True,True,,320,59.56268577710819
99,2026-09-21T07:58:35.262+00:00,2026-09-21T08:00:53.580+00:00,2026-09-21T08:00:54.511+00:00,True,15,15.0,,15.0,138317.756406,139248.432374,139248.432275,9283.228818333333,49.724494,138317.756406,35696.32763031407,41548.03708,66.47685485714285,7.554365614989224,0.10772114087225264,26,64,,True,True,,27,59.56268577710819
100,2026-09-21T07:58:35.544+00:00,2026-09-21T08:00:55.144+00:00,2026-09-21T08:01:00.442+00:00,True,85,85.0,,85.0,139600.27776199998,144898.015234,144898.01533599998,1704.6825333647057,44.487913,139600.27776199998,15134.93815920988,77.79150120000003,63.06830323809524,9.251675675420397,0.5866194913900722,26,64,,True,True,,255,59.56268577710819
101,2026-09-21T07:58:35.809+00:00,2026-09-21T08:00:56.545+00:00,2026-09-21T08:00:59.478+00:00,True,47,47.0,,47.0,140736.40756,143669.477896,143669.47779799998,3056.7973999574465,39.186953,140736.40756,20519.217394824132,78.87310099999999,63.76239860869565,11.593600097351281,0.32713977031379304,26,64,,True,True,,279,59.56268577710819
102,2026-09-21T07:58:36.121+00:00,2026-09-21T08:00:58.122+00:00,2026-09-21T08:00:58.819+00:00,True,12,12.0,,12.0,142000.98797400002,142697.20531800002,142697.20537600003,11891.433781333335,42.104423000000004,142000.98797400002,40973.884618609554,63941.255306600004,63.292485818181824,10.703751140825554,0.08409414867837152,26,64,,True,True,,36,59.56268577710819
103,2026-09-21T07:58:36.382+00:00,2026-09-21T08:00:59.480+00:00,2026-09-21T08:01:04.437+00:00,True,79,79.0,,79.0,143097.648468,148055.073364,148055.073396,1874.114853113924,43.031043,143097.648468,16092.596025921046,77.19515789999998,63.55672943589743,10.563299168373044,0.5335852274766362,26,64,,True,True,,5,59.56268577710819
104,2026-09-21T07:58:36.705+00:00,2026-09-21T08:01:00.997+00:00,2026-09-21T08:01:05.328+00:00,True,69,69.0,,69.0,144292.623157,148622.723637,148622.723649,2153.952516652174,41.976963000000005,144292.623157,17363.127471039956,77.34743399999999,63.67794823529412,10.044179476857769,0.4642627877586701,26,64,,True,True,,412,59.56268577710819
105,2026-09-21T07:58:36.968+00:00,2026-09-21T08:01:02.379+00:00,2026-09-21T08:01:02.578+00:00,True,4,4.0,,4.0,145410.04504199998,145609.91653,145609.916447,36402.47911175,49.951954,145410.04504199998,72671.71161127399,123610.1961336,66.62382933333333,14.699528373572445,0.027470656500073472,26,64,,True,True,,18,59.56268577710819
106,2026-09-21T07:58:37.231+00:00,2026-09-21T08:01:03.678+00:00,2026-09-21T08:01:06.516+00:00,True,47,47.0,,47.0,146446.913122,149285.059938,149285.059863,3176.2778694255317,45.461703,146446.913122,21352.479986330403,77.229312,61.69884382608695,9.226320281842375,0.31483391586217474,26,64,,True,True,,92,59.56268577710819
107,2026-09-21T07:58:37.516+00:00,2026-09-21T08:01:05.254+00:00,2026-09-21T08:01:09.699+00:00,True,72,72.0,,72.0,147738.13348,152183.35869599998,152183.35871,2113.657759861111,42.921513,147738.13348,17403.730374759783,77.5864365,62.608805859154934,10.099962689164823,0.47311349031155575,26,64,,True,True,,360,59.56268577710819
108,2026-09-21T07:58:37.889+00:00,2026-09-21T08:01:07.273+00:00,2026-09-21T08:01:10.033+00:00,True,45,45.0,,45.0,149383.916911,152143.31223900002,152143.312076,3380.9624905777778,40.327543,149383.916911,22259.49315502755,77.24958600000001,62.71353018181818,10.467094858135503,0.29577376315634607,26,64,,True,True,,89,59.56268577710819
109,2026-09-21T07:58:38.261+00:00,2026-09-21T08:01:09.575+00:00,2026-09-21T08:01:12.165+00:00,True,41,41.0,,41.0,151314.279343,153903.630255,153903.630355,3753.747081829268,45.682933,151314.279343,23621.212177114972,77.158896,64.7337728,8.973517778136022,0.2664004736734792,26,64,,True,True,,161,59.56268577710819
110,2026-09-21T07:58:38.593+00:00,2026-09-21T08:01:11.595+00:00,2026-09-21T08:01:16.763+00:00,True,82,82.0,,82.0,153002.13271900002,158170.284271,158170.284492,1928.9059084390246,46.951104,153002.13271900002,16889.21611353256,77.57918794999999,63.80434014814815,10.322608362161425,0.5184286060933281,26,64,,True,True,,82,59.56268577710819
111,2026-09-21T07:58:38.985+00:00,2026-09-21T08:01:13.504+00:00,2026-09-21T08:01:14.817+00:00,True,21,21.0,,21.0,154518.28922900002,155831.50932500002,155831.509457,7420.548069380953,50.310292999999994,154518.28922900002,33704.328011358026,79.14751700000001,65.6610048,9.752099930501132,0.13476093564750563,26,64,,True,True,,46,59.56268577710819
112,2026-09-21T07:58:39.385+00:00,2026-09-21T08:01:16.017+00:00,2026-09-21T08:01:19.895+00:00,True,62,62.0,,62.0,156632.268225,160510.61497700002,160510.614903,2588.880885532258,42.064604,156632.268225,19884.246018634683,77.2677765,63.579454950819674,10.3713341386203,0.386267288358992,26,64,,True,True,,248,59.56268577710819
113,2026-09-21T07:58:39.667+00:00,2026-09-21T08:01:17.180+00:00,2026-09-21T08:01:17.180+00:00,True,1,1.0,,1.0,157513.113361,157513.113361,157513.113361,157513.113361,157513.113361,157513.113361,nan,157513.113361,nan,nan,0.0063486777618834015,26,64,,True,True,,2,59.56268577710819
114,2026-09-21T07:58:39.945+00:00,2026-09-21T08:01:18.633+00:00,2026-09-21T08:01:21.249+00:00,True,43,43.0,,43.0,158687.50661,161303.816882,161303.816735,3751.2515519767444,44.401373,158687.50661,24190.120738178113,77.65740480000001,62.29310171428572,11.039233788253812,0.2665776968653889,26,64,,True,True,,288,59.56268577710819
115,2026-09-21T07:58:40.247+00:00,2026-09-21T08:01:20.289+00:00,2026-09-21T08:01:21.254+00:00,True,17,17.0,,17.0,160042.022123,161007.20407500002,161007.204045,9471.01200264706,45.592934,160042.022123,38801.26244280461,32070.7473726,60.323872,10.223420067299854,0.10558533761061462,26,64,,True,True,,17,59.56268577710819
116,2026-09-21T07:58:40.618+00:00,2026-09-21T08:01:22.339+00:00,2026-09-21T08:01:24.459+00:00,True,34,34.0,,34.0,161721.128188,163840.819452,163840.819462,4818.847631235294,45.652021999999995,161721.128188,27723.93065511628,78.051391,64.23306860606061,10.323027919712516,0.20751849333835204,26,64,,True,True,,119,59.56268577710819
117,2026-09-21T07:58:40.999+00:00,2026-09-21T08:01:24.102+00:00,2026-09-21T08:01:26.888+00:00,True,46,46.0,,46.0,163103.107063,165888.148983,165888.149024,3606.2641092173913,46.702512999999996,163103.107063,24039.11772496139,77.1020725,61.889820444444446,9.199005765435869,0.27729527565416395,26,64,,True,True,,92,59.56268577710819
118,2026-09-21T07:58:41.360+00:00,2026-09-21T08:01:25.922+00:00,2026-09-21T08:01:30.083+00:00,True,68,68.0,,68.0,164561.89679300002,168723.019609,168723.01950800003,2481.220875117647,42.272133000000004,164561.89679300002,19948.53182577378,76.83293335,62.10631068656716,9.165400989464498,0.4030274005146643,26,64,,True,True,,136,59.56268577710819
119,2026-09-21T07:58:41.608+00:00,2026-09-21T08:01:27.206+00:00,2026-09-21T08:01:29.692+00:00,True,41,41.0,,41.0,165597.787138,168083.60678600002,168083.606792,4099.600165658537,47.359733,165597.787138,25852.325638110513,78.913854,62.1454912,9.648613141112211,0.24392622685804338,26,64,,True,True,,82,59.56268577710819
120,2026-09-21T07:58:41.888+00:00,2026-09-21T08:01:28.388+00:00,2026-09-21T08:01:33.363+00:00,True,81,81.0,,81.0,166500.90854300003,171475.06150300003,171475.06154200004,2116.9760684197536,45.616942,166500.90854300003,18493.19412839962,73.896605,62.176912,8.038001612377299,0.47237189647302075,26,64,,True,True,,81,59.56268577710819
121,2026-09-21T07:58:42.292+00:00,2026-09-21T08:01:30.476+00:00,2026-09-21T08:01:36.639+00:00,True,99,99.0,,99.0,168184.244553,174347.087177,174347.087076,1761.0816876363635,44.365892,168184.244553,16896.834591358922,76.307621,62.88614922448979,8.893064167422947,0.5678328304934259,26,64,,True,True,,297,59.56268577710819
122,2026-09-21T07:58:42.658+00:00,2026-09-21T08:01:32.314+00:00,2026-09-21T08:01:34.979+00:00,True,43,43.0,,43.0,169655.814495,172320.490079,172320.490039,4007.4532567209303,45.050663,169655.814495,25862.595621950342,77.934261,63.44465676190476,9.440975873116683,0.24953503776763128,26,64,,True,True,,590,59.56268577710819
123,2026-09-21T07:58:43.481+00:00,2026-09-21T08:01:33.867+00:00,2026-09-21T08:01:38.612+00:00,True,75,75.0,,75.0,170385.136273,175130.524305,175130.524249,2335.0736566533333,43.620313,170385.136273,19666.978702660806,78.9677613,64.1268652972973,10.135749827797245,0.4282520154475364,26,64,,True,True,,150,59.56268577710819
124,2026-09-21T07:58:43.537+00:00,2026-09-21T08:01:34.487+00:00,2026-09-21T08:01:36.399+00:00,True,31,31.0,,31.0,170950.19522,172861.510164,172861.510233,5576.177749451613,45.934883,170950.19522,30692.120442934152,77.7635845,63.71049813333333,10.51927479285443,0.17933431202000474,26,64,,True,True,,31,59.56268577710819
125,2026-09-21T07:58:43.623+00:00,2026-09-21T08:01:36.206+00:00,2026-09-21T08:01:38.535+00:00,True,38,38.0,,38.0,172582.73215400003,174911.77049000002,174911.77030000003,4602.941323684211,43.144682,172582.73215400003,27986.406406629198,78.0832215,62.946982054054054,9.836805094869895,0.21725238898186394,26,64,,True,True,,153,59.56268577710819
126,2026-09-21T07:58:43.728+00:00,2026-09-21T08:01:37.872+00:00,2026-09-21T08:01:41.109+00:00,True,52,52.0,,52.0,174143.505514,177380.52413799998,177380.524049,3411.1639240192308,41.851132,174143.505514,24140.559064435325,77.68570755,63.470953411764704,9.234942330070913,0.2931550701673686,26,64,,True,True,,255,59.56268577710819
127,2026-09-21T07:58:44.137+00:00,2026-09-21T08:01:39.922+00:00,2026-09-21T08:01:46.010+00:00,True,100,100.0,,100.0,175784.35329199999,181872.56423599998,181872.564422,1818.7256442199998,43.620023,175784.35329199999,17572.28806699661,75.29938250000001,61.49708024242424,9.318867463023645,0.5498355423759178,26,64,,True,True,,200,59.56268577710819
128,2026-09-21T07:58:44.507+00:00,2026-09-21T08:01:41.643+00:00,2026-09-21T08:01:46.780+00:00,True,85,85.0,,85.0,177136.434687,182273.309695,182273.309805,2144.3918800588235,43.267252,177136.434687,19206.51315187931,76.265942,61.1532739047619,9.288663350223086,0.4663326744998018,26,64,,True,True,,431,59.56268577710819
129,2026-09-21T07:58:44.835+00:00,2026-09-21T08:01:43.482+00:00,2026-09-21T08:01:47.889+00:00,True,71,71.0,,71.0,178646.797533,183053.632221,183053.632391,2578.220174521127,44.234303,178646.797533,21194.004644883225,76.60215899999999,62.954781257142855,8.656117337761634,0.38786446976524314,26,64,,True,True,,275,59.56268577710819
130,2026-09-21T07:58:45.100+00:00,2026-09-21T08:01:44.621+00:00,2026-09-21T08:01:49.995+00:00,True,87,87.0,,87.0,179520.634487,184894.93439100002,184894.934227,2125.229129045977,43.414963,179520.634487,19239.934412391347,75.74422899999999,62.49185934883721,8.809139357487918,0.4705374989669529,26,64,,True,True,,520,59.56268577710819
131,2026-09-21T07:58:45.446+00:00,2026-09-21T08:01:46.461+00:00,2026-09-21T08:01:51.418+00:00,True,78,78.0,,78.0,181014.80826,185971.715268,185971.71530799998,2384.2527603589742,42.823553,181014.80826,20488.604080123438,78.84238565,64.37541568831169,9.419963081414162,0.41941861904965394,26,64,,True,True,,571,59.56268577710819
132,2026-09-21T07:58:45.785+00:00,2026-09-21T08:01:48.164+00:00,2026-09-21T08:01:50.783+00:00,True,43,43.0,,43.0,182378.809457,184998.511729,184998.511749,4302.290970906976,42.497882,182378.809457,27802.99715161382,76.66324399999999,62.37386361904762,8.851841285109698,0.23243430229854872,26,64,,True,True,,421,59.56268577710819
133,2026-09-21T07:58:46.149+00:00,2026-09-21T08:01:50.386+00:00,2026-09-21T08:01:50.656+00:00,True,5,5.0,,5.0,184236.899729,184507.578513,184507.578504,36901.5157008,51.469933,184236.899729,82362.98410357219,147404.69181,67.669696,11.080999584019244,0.0270991578790229,26,64,,True,True,,15,59.56268577710819
134,2026-09-21T07:58:46.550+00:00,2026-09-21T08:01:51.937+00:00,2026-09-21T08:01:56.971+00:00,True,81,81.0,,81.0,185387.711832,190421.64028,190421.640164,2350.884446469136,41.828962,185387.711832,20591.645138556818,77.319924,62.924105600000004,9.263616249328395,0.42537182161069453,26,64,,True,True,,326,59.56268577710819
135,2026-09-21T07:58:46.936+00:00,2026-09-21T08:01:53.918+00:00,2026-09-21T08:01:55.204+00:00,True,21,21.0,,21.0,186981.66411800002,188267.92075800002,188267.920847,8965.139087952382,42.916621,186981.66411800002,40788.71119506421,77.36651499999999,64.312832,9.936991371260989,0.11154316633152518,26,64,,True,True,,32,59.56268577710819
136,2026-09-21T07:58:47.233+00:00,2026-09-21T08:01:55.347+00:00,2026-09-21T08:01:59.095+00:00,True,60,60.0,,60.0,188113.447645,191861.622237,191861.622268,3197.693704466667,41.213091999999996,188113.447645,24277.14201538828,77.67878194999999,63.528382915254234,9.507664153592644,0.31272538666374916,26,64,,True,True,,120,59.56268577710819
137,2026-09-21T07:58:47.653+00:00,2026-09-21T08:01:57.792+00:00,2026-09-21T08:02:00.371+00:00,True,41,41.0,,41.0,190138.973015,192718.508375,192718.508192,4700.4514193170735,46.146652,190138.973015,29684.648572915274,78.978113,64.488384,8.788105865676076,0.21274552374710387,26,64,,True,True,,483,59.56268577710819
138,2026-09-21T07:58:47.916+00:00,2026-09-21T08:01:58.898+00:00,2026-09-21T08:02:04.176+00:00,True,86,86.0,,86.0,190981.64643599998,196259.692644,196259.69256199998,2282.0894483953484,43.186363,190981.64643599998,20587.386668777974,76.72238675,62.09466127058823,8.995277264986855,0.43819491838294783,26,64,,True,True,,172,59.56268577710819
139,2026-09-21T07:58:48.349+00:00,2026-09-21T08:02:01.523+00:00,2026-09-21T08:02:07.231+00:00,True,93,93.0,,93.0,193174.047553,198881.71910500003,198881.71921100002,2138.513109795699,47.426063,193174.047553,20024.784098277087,77.0667756,62.03990817391305,8.389671552166224,0.4676146224927815,26,64,,True,True,,189,59.56268577710819
140,2026-09-21T07:58:48.669+00:00,2026-09-21T08:02:03.305+00:00,2026-09-21T08:02:05.670+00:00,True,38,38.0,,38.0,194636.319376,197001.414288,197001.414184,5184.24774168421,46.475383,194636.319376,31563.81223873663,79.33119149999999,63.92148410810811,9.322245002257652,0.1928920162189653,26,64,,True,True,,73,59.56268577710819
141,2026-09-21T07:58:48.948+00:00,2026-09-21T08:02:04.832+00:00,2026-09-21T08:02:08.914+00:00,True,66,66.0,,66.0,195883.9339,199965.873612,199965.873411,3029.7859607727273,47.459033000000005,195883.9339,24103.916794484147,77.652439,62.799072492307694,8.108689267437478,0.3300563181498752,26,64,,True,True,,144,59.56268577710819
142,2026-09-21T07:58:49.289+00:00,2026-09-21T08:02:06.517+00:00,2026-09-21T08:02:06.938+00:00,True,8,8.0,,8.0,197228.34773500002,197649.712471,197649.712388,24706.2140485,47.413142,197228.34773500002,69709.46965340708,128224.53680265002,60.19496228571428,10.81736652231965,0.040475647042359314,26,64,,True,True,,15,59.56268577710819
143,2026-09-21T07:58:49.676+00:00,2026-09-21T08:02:08.803+00:00,2026-09-21T08:02:09.552+00:00,True,13,13.0,,13.0,199126.245999,199875.875183,199875.87533900002,15375.067333769231,47.534451999999995,199126.245999,55210.358730596054,79698.73149600001,62.46909866666667,9.05201276422148,0.06504036561739936,26,64,,True,True,,78,59.56268577710819
144,2026-09-21T07:58:49.995+00:00,2026-09-21T08:02:10.501+00:00,2026-09-21T08:02:10.689+00:00,True,4,4.0,,4.0,200506.53220699998,200694.22270299998,200694.222708,50173.555677,57.867154,200506.53220699998,100221.98446722286,170440.92021455002,62.56349866666667,5.851800538158263,0.019930817868730848,26,64,,True,True,,12,59.56268577710819
145,2026-09-21T07:58:50.402+00:00,2026-09-21T08:02:12.694+00:00,2026-09-21T08:02:17.102+00:00,True,70,70.0,,70.0,202291.64321399998,206700.22484599997,206700.225013,2952.8603573285714,43.343542,202291.64321399998,24170.841485713707,78.4329655,63.892487420289854,10.291064294004496,0.33865468725132175,26,64,,True,True,,140,59.56268577710819
146,2026-09-21T07:58:50.815+00:00,2026-09-21T08:02:15.191+00:00,2026-09-21T08:02:16.783+00:00,True,25,25.0,,25.0,204376.432466,205968.04821,205968.047992,8238.72191968,49.620803,204376.432466,40862.02387118601,79.2552588,66.31732266666667,8.467092529620855,0.12137804973764964,26,64,,True,True,,89,59.56268577710819
147,2026-09-21T07:58:51.249+00:00,2026-09-21T08:02:17.544+00:00,2026-09-21T08:02:17.595+00:00,True,2,2.0,,2.0,206295.185918,206346.168318,206346.168371,103173.0841855,50.982453,206295.185918,145836.67485051954,195982.97574474997,50.9824,nan,0.009692450391992744,26,64,,True,True,,4,59.56268577710819
148,2026-09-21T07:58:51.566+00:00,2026-09-21T08:02:19.241+00:00,2026-09-21T08:02:22.817+00:00,True,58,58.0,,58.0,207674.252177,211250.84584099997,211250.845832,3642.2559626206894,40.757873,207674.252177,27260.727815802147,78.13628865000001,62.7472572631579,9.667512900503334,0.27455511370427493,26,64,,True,True,,116,59.56268577710819
149,2026-09-21T07:58:51.843+00:00,2026-09-21T08:02:20.593+00:00,2026-09-21T08:02:22.998+00:00,True,40,40.0,,40.0,208749.45779100002,211154.02355100002,211154.023672,5278.850591800001,45.425521999999994,208749.45779100002,32996.44009919721,77.68024600000001,61.655532307692305,9.555317897959478,0.1894351778257202,26,64,,True,True,,393,59.56268577710819
150,2026-09-21T07:58:52.175+00:00,2026-09-21T08:02:22.527+00:00,2026-09-21T08:02:22.527+00:00,True,1,1.0,,1.0,210351.924832,210351.924832,210351.924832,210351.924832,210351.924832,210351.924832,nan,210351.924832,nan,nan,0.004753937958013275,26,64,,True,True,,5,59.56268577710819
151,2026-09-21T07:58:52.533+00:00,2026-09-21T08:02:24.205+00:00,2026-09-21T08:02:24.606+00:00,True,8,8.0,,8.0,211671.754465,212072.818913,212072.818766,26509.10234575,41.215033000000005,211671.754465,74817.01013294818,137610.91372265003,57.29492114285714,8.91461901815416,0.03772289179256816,26,64,,True,True,,2,59.56268577710819
152,2026-09-21T07:58:52.862+00:00,2026-09-21T08:02:25.888+00:00,2026-09-21T08:02:28.992+00:00,True,52,52.0,,52.0,213026.928002,216130.719874,216130.719837,4156.359996865384,45.232002,213026.928002,29533.081317658467,77.98470655000001,60.858664156862744,8.519758041238344,0.24059513626899032,26,64,,True,True,,104,59.56268577710819
153,2026-09-21T07:58:53.671+00:00,2026-09-21T08:02:26.305+00:00,2026-09-21T08:02:28.757+00:00,True,41,41.0,,41.0,212634.189411,215085.473635,215085.473724,5245.987164,45.969742,212634.189411,33198.31142200016,73.738814,61.2821056,7.44010118295976,0.19062189234395713,26,64,,True,True,,205,59.56268577710819
154,2026-09-21T07:58:53.793+00:00,2026-09-21T08:02:28.751+00:00,2026-09-21T08:02:35.067+00:00,True,100,100.0,,100.0,214958.311962,221273.774874,221273.77471300002,2212.73774713,42.351471,214958.311962,21489.4542218308,77.54195855,63.79255466666667,9.951492568420347,0.4519288381867351,26,64,,True,True,,401,59.56268577710819
155,2026-09-21T07:58:53.942+00:00,2026-09-21T08:02:30.808+00:00,2026-09-21T08:02:34.804+00:00,True,63,63.0,,63.0,216865.52199900002,220861.20020700002,220861.20022800003,3505.7333369523813,43.203742,216865.52199900002,27314.370031634433,78.90975420000001,64.44642270967742,10.375993793436237,0.2852470236553721,26,64,,True,True,,381,59.56268577710819
156,2026-09-21T07:58:54.354+00:00,2026-09-21T08:02:33.821+00:00,2026-09-21T08:02:35.623+00:00,True,29,29.0,,29.0,219466.793801,221268.63111299998,221268.631024,7629.952793931035,40.682711000000005,219466.793801,40742.01204347377,81.4207806,64.35133257142857,10.44811667110433,0.13106240976919115,26,64,,True,True,,69,59.56268577710819
157,2026-09-21T07:58:54.695+00:00,2026-09-21T08:02:35.827+00:00,2026-09-21T08:02:41.303+00:00,True,87,87.0,,87.0,221132.200296,226607.498344,226607.498308,2604.6838885977013,47.518811,221132.200296,23701.036897651695,79.29510769999999,63.666256372093024,10.405020683149342,0.3839237476066667,26,64,,True,True,,261,59.56268577710819
158,2026-09-21T07:58:55.021+00:00,2026-09-21T08:02:37.177+00:00,2026-09-21T08:02:39.673+00:00,True,41,41.0,,41.0,222156.000169,224651.364009,224651.363997,5479.30156090244,48.250032,222156.000169,34685.1967151937,78.160723,62.384096,9.246188558871285,0.18250501251511408,26,64,,True,True,,41,59.56268577710819
159,2026-09-21T07:58:55.413+00:00,2026-09-21T08:02:39.067+00:00,2026-09-21T08:02:42.372+00:00,True,53,53.0,,53.0,223654.251736,226958.760664,226958.76052,4282.240764528302,45.648112999999995,223654.251736,30712.546617079257,79.145489,63.548248615384615,9.6665705852896,0.2335226005153579,26,64,,True,True,,470,59.56268577710819
160,2026-09-21T07:58:55.814+00:00,2026-09-21T08:02:40.975+00:00,2026-09-21T08:02:45.102+00:00,True,66,66.0,,66.0,225160.76299000002,229287.88875,229287.88859500003,3474.058918106061,44.568101000000006,225160.76299000002,27707.56041411495,78.63295550000001,63.49424246153846,10.578490816901711,0.287847737444004,26,64,,True,True,,594,59.56268577710819
161,2026-09-21T07:58:56.072+00:00,2026-09-21T08:02:42.301+00:00,2026-09-21T08:02:48.222+00:00,True,94,94.0,,94.0,226229.09647999998,232149.30204799998,232149.30212699997,2469.6734268829787,43.615711000000005,226229.09647999998,23327.185887137075,76.3613625,63.65812438709678,9.85250748429024,0.4049118354900944,26,64,,True,True,,846,59.56268577710819
162,2026-09-21T07:58:56.344+00:00,2026-09-21T08:02:43.845+00:00,2026-09-21T08:02:46.434+00:00,True,42,42.0,,42.0,227500.527686,230090.414662,230090.414627,5478.343205404762,42.398120999999996,227500.527686,35094.34816281573,79.37029695,63.167975024390245,10.90434046342372,0.18253693906240068,26,64,,True,True,,196,59.56268577710819
163,2026-09-21T07:58:56.685+00:00,2026-09-21T08:02:45.900+00:00,2026-09-21T08:02:50.592+00:00,True,75,75.0,,75.0,229215.824823,233907.663799,233907.663796,3118.768850613333,45.631831,229215.824823,26460.24416451532,79.33765199999999,63.403229405405405,9.566572603212379,0.3206393445254898,26,64,,True,True,,300,59.56268577710819
164,2026-09-21T07:58:56.999+00:00,2026-09-21T08:02:47.270+00:00,2026-09-21T08:02:51.013+00:00,True,61,61.0,,61.0,230271.02822799998,234013.352196,234013.35199899998,3836.2844589999995,44.385482,230271.02822799998,29475.199488913782,76.820633,62.372066133333334,9.226423393903078,0.26066888674330385,26,64,,True,True,,183,59.56268577710819
165,2026-09-21T07:58:57.378+00:00,2026-09-21T08:02:49.256+00:00,2026-09-21T08:02:53.105+00:00,True,62,62.0,,62.0,231877.894427,235726.896923,235726.896962,3802.0467251935484,44.028172,231877.894427,29440.510084821526,78.064721,63.098401573770495,9.629950322741214,0.26301623111024214,26,64,,True,True,,300,59.56268577710819
166,2026-09-21T07:58:57.751+00:00,2026-09-21T08:02:51.270+00:00,2026-09-21T08:02:56.391+00:00,True,83,83.0,,83.0,233519.53832,238640.572816,238640.57285,2875.187624698795,40.920032,233519.53832,25625.246244331418,77.78853409999999,62.45164019512195,9.890998245770835,0.3478033890909063,26,64,,True,True,,173,59.56268577710819
167,2026-09-21T07:58:58.039+00:00,2026-09-21T08:02:53.028+00:00,2026-09-21T08:02:55.730+00:00,True,44,44.0,,44.0,234988.905692,237690.219996,237690.219891,5402.050452068182,47.706051,234988.905692,35416.44118157189,80.069389,62.82126288372093,10.021553958990832,0.185114894507399,26,64,,True,True,,176,59.56268577710819
168,2026-09-21T07:58:58.425+00:00,2026-09-21T08:02:55.036+00:00,2026-09-21T08:02:59.847+00:00,True,78,78.0,,78.0,236610.500942,241421.55579,241421.55569,3095.148149871795,39.750481,236610.500942,26783.790518794034,76.335336,62.481231792207794,9.021534593566777,0.32308631159616963,26,64,,True,True,,312,59.56268577710819
169,2026-09-21T07:58:58.831+00:00,2026-09-21T08:02:57.184+00:00,2026-09-21T08:03:02.823+00:00,True,90,90.0,,90.0,238353.153785,243992.274425,243992.274462,2711.0252718,43.099261,238353.153785,25117.951536538727,79.00480854999999,63.360906067415726,9.862113114765066,0.3688641380637845,26,64,,True,True,,270,59.56268577710819
170,2026-09-21T07:58:59.234+00:00,2026-09-21T08:02:59.270+00:00,2026-09-21T08:03:03.456+00:00,True,68,68.0,,68.0,240035.83674700002,244221.536587,244221.53654300002,3591.493184455883,44.447252,240035.83674700002,29101.04651808106,77.50980065,62.47313194029851,9.872962215390757,0.27843572254233234,26,64,,True,True,,476,59.56268577710819
171,2026-09-21T07:58:59.538+00:00,2026-09-21T08:03:00.688+00:00,2026-09-21T08:03:04.311+00:00,True,58,58.0,,58.0,241149.863944,244772.43316000002,244772.43334000002,4220.214367931035,44.955621,241149.863944,31656.184949147922,78.98643535,63.55384589473684,10.02418743355975,0.2369547879686567,26,64,,True,True,,233,59.56268577710819
172,2026-09-21T07:58:59.927+00:00,2026-09-21T08:03:02.960+00:00,2026-09-21T08:03:07.612+00:00,True,73,73.0,,73.0,243032.99052300001,247685.152827,247685.15291600002,3392.9473002191785,41.839782,243032.99052300001,28437.29902640751,76.915516,64.61336533333333,9.086837693741884,0.29472901046671984,26,64,,True,True,,218,59.56268577710819
173,2026-09-21T07:59:00.290+00:00,2026-09-21T08:03:04.448+00:00,2026-09-21T08:03:05.852+00:00,True,23,23.0,,23.0,244158.20280700002,245562.75423100003,245562.75421700004,10676.641487695653,49.694790999999995,244158.20280700002,50897.1931996494,78.732444,63.84324654545455,9.470998904526862,0.09366241257566275,26,64,,True,True,,161,59.56268577710819
174,2026-09-21T07:59:00.617+00:00,2026-09-21T08:03:06.259+00:00,2026-09-21T08:03:11.286+00:00,True,80,80.0,,80.0,245642.18065700002,250669.65969700002,250669.65989300003,3133.3707486625003,42.200622,245642.18065700002,27456.51711431421,76.94198899999998,63.63897518987342,9.022859294923798,0.31914512548786705,26,64,,True,True,,430,59.56268577710819
175,2026-09-21T07:59:00.895+00:00,2026-09-21T08:03:07.959+00:00,2026-09-21T08:03:12.113+00:00,True,67,67.0,,67.0,247063.941668,251217.329188,251217.32919400002,3749.512376029851,42.483861,247063.941668,30175.977927278265,77.1811287,62.93011393939394,9.87186111259808,0.26670134666490364,26,64,,True,True,,67,59.56268577710819
177,2026-09-21T07:59:01.524+00:00,2026-09-21T08:03:09.929+00:00,2026-09-21T08:03:11.220+00:00,True,22,22.0,,22.0,248405.143832,249696.907288,249696.907197,11349.859418045455,47.502341,248405.143832,52947.04107741125,80.99703699999999,61.51254552380952,10.459141413267036,0.08810681813782034,26,64,,True,True,,255,59.56268577710819
178,2026-09-21T07:59:01.841+00:00,2026-09-21T08:03:11.506+00:00,2026-09-21T08:03:14.095+00:00,True,42,42.0,,42.0,249664.278124,252253.545324,252253.54529500002,6006.036792738096,42.303171,249664.278124,38514.29108320838,80.26243099999999,63.15285853658537,10.132464091114096,0.16649914650774986,26,64,,True,True,,164,59.56268577710819
179,2026-09-21T07:59:02.200+00:00,2026-09-21T08:03:14.157+00:00,2026-09-21T08:03:14.888+00:00,True,12,12.0,,12.0,251957.15823,252688.04847,252688.048476,21057.337373,47.691572,251957.15823,72714.58627173265,113423.84675409998,66.44456727272727,9.814403561933135,0.047489384926033336,26,64,,True,True,,36,59.56268577710819
176,2026-09-21T07:59:01.208+00:00,2026-09-21T08:03:14.494+00:00,2026-09-21T08:03:17.864+00:00,True,55,55.0,,55.0,253286.06914500002,256655.18351300003,256655.183523,4666.457882236364,42.109842,253286.06914500002,34144.67516623618,78.7935163,62.391006814814816,9.769065134395232,0.21429530176316958,26,64,,True,True,,126,59.56268577710819
180,2026-09-21T07:59:02.604+00:00,2026-09-21T08:03:16.641+00:00,2026-09-21T08:03:21.800+00:00,True,83,83.0,,83.0,254036.091035,259195.88649099998,259195.886486,3122.8420058554216,42.227051,254036.091035,27877.17876078409,77.04477479999998,62.92433482926829,10.784761625755005,0.32022113129824686,26,64,,True,True,,415,59.56268577710819
181,2026-09-21T07:59:02.929+00:00,2026-09-21T08:03:18.337+00:00,2026-09-21T08:03:18.337+00:00,True,1,1.0,,1.0,255408.58338,255408.58338,255408.58338,255408.58338,255408.58338,255408.58338,nan,255408.58338,nan,nan,0.003915295197860237,26,64,,True,True,,2,59.56268577710819
182,2026-09-21T07:59:03.332+00:00,2026-09-21T08:03:20.792+00:00,2026-09-21T08:03:21.853+00:00,True,17,17.0,,17.0,257459.745247,258520.598751,258520.598662,15207.094038941177,48.538271,257459.745247,62427.08084220473,51576.1875886,66.303344,14.26824271758326,0.06575878317678636,26,64,,True,True,,161,59.56268577710819
183,2026-09-21T07:59:03.640+00:00,2026-09-21T08:03:22.310+00:00,2026-09-21T08:03:25.806+00:00,True,56,56.0,,56.0,258670.245146,262166.309658,262166.309499,4681.541241053572,48.208422,258670.245146,34557.77245707007,78.4998705,63.56480930909091,9.113576929737077,0.21360486811998408,26,64,,True,True,,224,59.56268577710819
184,2026-09-21T07:59:04.068+00:00,2026-09-21T08:03:24.295+00:00,2026-09-21T08:03:24.660+00:00,True,7,7.0,,7.0,260227.041712,260591.712432,260591.712315,37227.38747357143,51.554911999999995,260227.041712,98333.60509093439,182182.9900993,60.77845333333334,10.821669120198763,0.026861944052908482,26,64,,True,True,,7,59.56268577710819
185,2026-09-21T07:59:04.306+00:00,2026-09-21T08:03:25.565+00:00,2026-09-21T08:03:26.017+00:00,True,8,8.0,,8.0,261258.471401,261710.73892099998,261710.73881699998,32713.842352124997,56.286412,261258.471401,92345.97572878553,169845.41685384995,64.60964571428572,8.010478141444777,0.030568099853231015,26,64,,True,True,,24,59.56268577710819
186,2026-09-21T07:59:04.630+00:00,2026-09-21T08:03:27.302+00:00,2026-09-21T08:03:32.527+00:00,True,83,83.0,,83.0,262672.062238,267896.537374,267896.53728,3227.6691238554213,45.510791,262672.062238,28825.012746563574,78.8926011,63.71311141463415,9.775685450518392,0.3098211003904351,26,64,,True,True,,14,59.56268577710819
187,2026-09-21T07:59:05.573+00:00,2026-09-21T08:03:28.804+00:00,2026-09-21T08:03:31.616+00:00,True,46,46.0,,46.0,263231.309043,266043.21611499996,266043.216203,5783.548178326087,42.482841,263231.309043,38802.12733396307,78.653512,62.48682382222223,10.493112824860589,0.17290423966351398,26,64,,True,True,,451,59.56268577710819
188,2026-09-21T07:59:05.644+00:00,2026-09-21T08:03:29.530+00:00,2026-09-21T08:03:35.181+00:00,True,90,90.0,,90.0,263886.385952,269537.771296,269537.77145999996,2994.8641273333333,41.94850099999999,263886.385952,27809.375633725664,77.73381995,63.49871173033708,9.333117268641828,0.33390496466324243,26,64,,True,True,,90,59.56268577710819
189,2026-09-21T07:59:05.669+00:00,2026-09-21T08:03:32.281+00:00,2026-09-21T08:03:34.359+00:00,True,34,34.0,,34.0,266611.515927,268690.194967,268690.19496999995,7902.652793235293,42.464431,266611.515927,45712.69603284853,78.87254385,62.99027393939394,9.765803382254843,0.1265397868507104,26,64,,True,True,,193,59.56268577710819
190,2026-09-21T07:59:05.956+00:00,2026-09-21T08:03:34.487+00:00,2026-09-21T08:03:38.874+00:00,True,70,70.0,,70.0,268530.364064,272918.05635200004,272918.056296,3898.8293756571434,46.070611,268530.364064,32087.918262880547,78.27800950000001,63.58974330434783,9.3077840235182,0.25648724359122826,26,64,,True,True,,282,59.56268577710819
191,2026-09-21T07:59:06.283+00:00,2026-09-21T08:03:36.381+00:00,2026-09-21T08:03:39.849+00:00,True,55,55.0,,55.0,270097.46117900003,273565.72050700005,273565.720632,4973.922193309091,43.804701,270097.46117900003,36411.27505151867,79.08971100000001,64.22702459259258,9.382039964939496,0.2010485812991056,26,64,,True,True,,82,59.56268577710819
192,2026-09-21T07:59:06.625+00:00,2026-09-21T08:03:38.219+00:00,2026-09-21T08:03:40.293+00:00,True,33,33.0,,33.0,271594.188142,273668.287854,273668.287945,8292.978422575758,43.695040999999996,271594.188142,47267.19765173524,77.6238076,64.815616,9.677770927525556,0.12058393852927987,26,64,,True,True,,199,59.56268577710819
193,2026-09-21T07:59:06.990+00:00,2026-09-21T08:03:39.847+00:00,2026-09-21T08:03:40.497+00:00,True,11,11.0,,11.0,272857.21710799995,273507.73102799995,273507.73094199994,24864.33917654545,43.103541,272857.21710799995,82249.93343196872,136468.57830999998,65.051392,11.739930972229399,0.04021824157823857,26,64,,True,True,,28,59.56268577710819
194,2026-09-21T07:59:07.405+00:00,2026-09-21T08:03:42.097+00:00,2026-09-21T08:03:44.175+00:00,True,33,33.0,,33.0,274691.61559,276769.953126,276769.953076,8386.968275030304,46.450402000000004,274691.61559,47806.367430826554,78.552908,64.948048,9.329686576057602,0.11923259597828052,26,64,,True,True,,70,59.56268577710819
195,2026-09-21T07:59:07.838+00:00,2026-09-21T08:03:44.483+00:00,2026-09-21T08:03:45.458+00:00,True,16,16.0,,16.0,276645.092757,277619.815061,277619.815047,17351.2384404375,51.45565,276645.092757,69145.02836288868,69221.0383275,64.98148693333333,8.987328596139848,0.057632773786281795,26,64,,True,True,,96,59.56268577710819
196,2026-09-21T07:59:08.139+00:00,2026-09-21T08:03:45.987+00:00,2026-09-21T08:03:48.012+00:00,True,34,34.0,,34.0,277848.738758,279873.505734,279873.50561,8231.573694411765,40.178141000000004,277848.738758,47640.14406271353,77.56300614999999,61.356575030303034,10.144000833768057,0.12148345342954542,26,64,,True,True,,68,59.56268577710819
197,2026-09-21T07:59:08.386+00:00,2026-09-21T08:03:47.394+00:00,2026-09-21T08:03:49.993+00:00,True,42,42.0,,42.0,279008.50316100003,281607.000185,281607.00009600003,6704.928573714286,46.332051,279008.50316100003,43042.168092701184,78.286953,63.37797619512195,8.510042810419696,0.14914401975948166,26,64,,True,True,,208,59.56268577710819
198,2026-09-21T07:59:08.779+00:00,2026-09-21T08:03:49.256+00:00,2026-09-21T08:03:50.051+00:00,True,15,15.0,,15.0,280477.13712,281271.799008,281271.79916700005,18751.453277800003,44.141091,280477.13712,72404.22994895064,84192.3781917,56.76156342857143,7.071821233186233,0.0533291999158912,26,64,,True,True,,150,59.56268577710819
199,2026-09-21T07:59:09.193+00:00,2026-09-21T08:03:51.497+00:00,2026-09-21T08:03:56.026+00:00,True,72,72.0,,72.0,282303.890304,286833.579904,286833.579749,3983.799718736111,43.858221,282303.890304,33262.315412937976,79.42375299999999,63.79844507042254,10.390328385351975,0.25101663488667403,26,64,,True,True,,146,59.56268577710819
200,2026-09-21T07:59:09.606+00:00,2026-09-21T08:03:53.414+00:00,2026-09-21T08:03:59.469+00:00,True,97,97.0,,97.0,283808.02068099997,289862.88378499995,289862.88367799995,2988.277151319587,41.535821000000006,283808.02068099997,28809.93612696883,77.02788399999999,63.07149066666666,9.417588709063795,0.3346409817406903,26,64,,True,True,,671,59.56268577710819
203,2026-09-21T07:59:10.672+00:00,2026-09-21T08:03:56.927+00:00,2026-09-21T08:04:00.395+00:00,True,55,55.0,,55.0,286254.81821399997,289722.685862,289722.68579599995,5267.685196290909,45.039821,286254.81821399997,38589.9333845507,77.7717417,64.21977125925926,8.700794444107467,0.1898367048350417,26,64,,True,True,,467,59.56268577710819
204,2026-09-21T07:59:10.918+00:00,2026-09-21T08:03:58.287+00:00,2026-09-21T08:04:01.679+00:00,True,53,53.0,,53.0,287369.07995700004,290760.76226100005,290760.762348,5486.052119773585,43.637341,287369.07995700004,39464.22065691121,76.30668539999999,65.2246596923077,9.274629185345473,0.18228044110169442,26,64,,True,True,,213,59.56268577710819
201,2026-09-21T07:59:09.950+00:00,2026-09-21T08:03:58.686+00:00,2026-09-21T08:04:03.108+00:00,True,69,69.0,,69.0,288735.261575,293157.95955900004,293157.959648,4248.666081855073,45.336021,288735.261575,34751.811964477245,77.60770959999999,65.03967623529412,8.56888201727563,0.2353679910441363,26,64,,True,True,,209,59.56268577710819
202,2026-09-21T07:59:10.248+00:00,2026-09-21T08:04:02.131+00:00,2026-09-21T08:04:06.174+00:00,True,66,66.0,,66.0,291883.787827,295925.913139,295925.91305100004,4483.725955318182,44.880651,291883.787827,35920.75736323742,78.90435450000001,62.18654326153846,9.965443881665657,0.22302879561952724,26,64,,True,True,,143,59.56268577710819
205,2026-09-21T07:59:11.356+00:00,2026-09-21T08:04:02.390+00:00,2026-09-21T08:04:04.046+00:00,True,27,27.0,,27.0,291034.14649699995,292690.39328099997,292690.39311199996,10840.384930074073,39.604521,291034.14649699995,55997.28908711645,77.997891,63.701799384615384,10.210421660909889,0.09224764672777769,26,64,,True,True,,270,59.56268577710819
206,2026-09-21T07:59:11.622+00:00,2026-09-21T08:04:03.930+00:00,2026-09-21T08:04:09.427+00:00,True,89,89.0,,89.0,292308.10815100005,297805.09503100003,297805.095106,3346.1246641123603,42.788250999999995,292308.10815100005,30977.977366756502,76.5019316,62.46576,8.777090654797034,0.29885318110738013,26,64,,True,True,,775,59.56268577710819
207,2026-09-21T07:59:12.062+00:00,2026-09-21T08:04:06.312+00:00,2026-09-21T08:04:07.829+00:00,True,25,25.0,,25.0,294250.29885,295767.26653,295767.266412,11830.690656480001,49.925771,294250.29885,58837.41889348899,78.87684180000001,63.206986666666666,7.989421270429535,0.0845259189541322,26,64,,True,True,,25,59.56268577710819
208,2026-09-21T07:59:12.333+00:00,2026-09-21T08:04:07.695+00:00,2026-09-21T08:04:07.899+00:00,True,4,4.0,,4.0,295362.536165,295566.006757,295566.006959,73891.50173975,56.350831,295362.536165,147647.3565098244,251069.37529640002,67.82353066666667,10.012231626505917,0.013533356030650054,26,64,,True,True,,25,59.56268577710819
209,2026-09-21T07:59:12.711+00:00,2026-09-21T08:04:09.825+00:00,2026-09-21T08:04:10.555+00:00,True,12,12.0,,12.0,297113.951547,297843.921979,297843.922132,24820.326844333333,46.908491000000005,297113.951547,85750.2536739334,133743.56660825,66.36094836363637,9.524095114484055,0.04028955810233416,26,64,,True,True,,52,59.56268577710819
210,2026-09-21T07:59:13.067+00:00,2026-09-21T08:04:11.601+00:00,2026-09-21T08:04:13.087+00:00,False,27,26.0,,26.0,298534.52424299996,300020.46677099995,300020.46682399994,11111.869141629628,0.027190000000000002,298534.52424299996,57441.99888119916,75.45643100000001,57.15163569230769,14.422592857702377,0.08666075444728014,26,64,,True,False,Request timeout: 300.0s exceeded,78,59.56268577710819
211,2026-09-21T07:59:13.427+00:00,2026-09-21T08:04:13.532+00:00,2026-09-21T08:04:13.532+00:00,False,1,0.0,,0.0,300105.10937099997,300105.10937099997,300105.10937099997,300105.10937099997,300105.10937099997,300105.10937099997,nan,300105.10937099997,nan,nan,0.0,26,64,,True,False,"HTTPConnectionPool(host='gpu06', port=9004): Read timed out.",0,59.56268577710819
212,2026-09-21T07:59:13.671+00:00,2026-09-21T08:04:13.785+00:00,2026-09-21T08:04:13.785+00:00,False,1,0.0,,0.0,300114.090725,300114.090725,300114.090725,300114.090725,300114.090725,300114.090725,nan,300114.090725,nan,nan,0.0,26,64,,True,False,"HTTPConnectionPool(host='gpu06', port=9004): Read timed out.",0,59.56268577710819
213,2026-09-21T07:59:13.946+00:00,2026-09-21T08:04:14.026+00:00,2026-09-21T08:04:14.026+00:00,False,1,0.0,,0.0,300080.069336,300080.069336,300080.069336,300080.069336,300080.069336,300080.069336,nan,300080.069336,nan,nan,0.0,26,64,,True,False,"HTTPConnectionPool(host='gpu06', port=9004): Read timed out.",0,59.56268577710819
214,2026-09-21T07:59:14.371+00:00,2026-09-21T08:04:14.461+00:00,2026-09-21T08:04:14.461+00:00,False,1,0.0,,0.0,300089.800058,300089.800058,300089.800058,300089.800058,300089.800058,300089.800058,nan,300089.800058,nan,nan,0.0,26,64,,True,False,"HTTPConnectionPool(host='gpu06', port=9004): Read timed out.",0,59.56268577710819
215,2026-09-21T07:59:14.724+00:00,2026-09-21T08:04:14.841+00:00,2026-09-21T08:04:14.841+00:00,False,1,0.0,,0.0,300117.460315,300117.460315,300117.460315,300117.460315,300117.460315,300117.460315,nan,300117.460315,nan,nan,0.0,26,64,,True,False,"HTTPConnectionPool(host='gpu06', port=9004): Read timed out.",0,59.56268577710819
216,2026-09-21T07:59:14.990+00:00,2026-09-21T08:04:15.060+00:00,2026-09-21T08:04:15.060+00:00,False,1,0.0,,0.0,300070.086455,300070.086455,300070.086455,300070.086455,300070.086455,300070.086455,nan,300070.086455,nan,nan,0.0,26,64,,True,False,"HTTPConnectionPool(host='gpu06', port=9004): Read timed out.",0,59.56268577710819
217,2026-09-21T07:59:15.410+00:00,2026-09-21T08:04:15.488+00:00,2026-09-21T08:04:15.488+00:00,False,1,0.0,,0.0,300078.52176800004,300078.52176800004,300078.52176800004,300078.52176800004,300078.52176800004,300078.52176800004,nan,300078.52176800004,nan,nan,0.0,26,64,,True,False,TTFT timeout: 300.0s exceeded (TTFT: 300.073s),0,59.56268577710819
218,2026-09-21T07:59:15.802+00:00,2026-09-21T08:04:15.804+00:00,2026-09-21T08:04:15.856+00:00,False,3,2.0,,2.0,300001.58586,300054.049476,300054.049471,100018.01649033334,0.0344,300001.58586,173190.8533949708,270006.67019509996,26.231808,37.04850341845144,0.00666546578355701,26,64,,True,False,Request timeout: 300.0s exceeded,9,59.56268577710819
219,2026-09-21T07:59:16.194+00:00,2026-09-21T08:04:16.226+00:00,2026-09-21T08:04:16.226+00:00,False,1,0.0,,0.0,300032.134094,300032.134094,300032.134094,300032.134094,300032.134094,300032.134094,nan,300032.134094,nan,nan,0.0,26,64,,True,False,"HTTPConnectionPool(host='gpu06', port=9004): Read timed out.",0,59.56268577710819
220,2026-09-21T07:59:16.508+00:00,2026-09-21T08:04:16.527+00:00,2026-09-21T08:04:16.527+00:00,False,1,0.0,,0.0,300019.241623,300019.241623,300019.241623,300019.241623,300019.241623,300019.241623,nan,300019.241623,nan,nan,0.0,26,64,,True,False,"HTTPConnectionPool(host='gpu06', port=9004): Read timed out.",0,59.56268577710819
221,2026-09-21T07:59:16.838+00:00,2026-09-21T08:04:16.940+00:00,2026-09-21T08:04:16.940+00:00,False,1,0.0,,0.0,300101.983203,300101.983203,300101.983203,300101.983203,300101.983203,300101.983203,nan,300101.983203,nan,nan,0.0,26,64,,True,False,"HTTPConnectionPool(host='gpu06', port=9004): Read timed out.",0,59.56268577710819
222,2026-09-21T07:59:17.242+00:00,2026-09-21T08:04:17.343+00:00,2026-09-21T08:04:17.343+00:00,False,1,0.0,,0.0,300101.641026,300101.641026,300101.641026,300101.641026,300101.641026,300101.641026,nan,300101.641026,nan,nan,0.0,26,64,,True,False,TTFT timeout: 300.0s exceeded (TTFT: 300.097s),0,59.56268577710819
223,2026-09-21T07:59:17.654+00:00,2026-09-21T08:04:17.752+00:00,2026-09-21T08:04:17.752+00:00,False,1,0.0,,0.0,300097.780587,300097.780587,300097.780587,300097.780587,300097.780587,300097.780587,nan,300097.780587,nan,nan,0.0,26,64,,True,False,"HTTPConnectionPool(host='gpu06', port=9004): Read timed out.",0,59.56268577710819
224,2026-09-21T07:59:17.979+00:00,2026-09-21T08:04:18.033+00:00,2026-09-21T08:04:18.033+00:00,False,1,0.0,,0.0,300053.88655500003,300053.88655500003,300053.88655500003,300053.88655500003,300053.88655500003,300053.88655500003,nan,300053.88655500003,nan,nan,0.0,26,64,,True,False,TTFT timeout: 300.0s exceeded (TTFT: 300.048s),0,59.56268577710819
225,2026-09-21T07:59:18.242+00:00,2026-09-21T08:04:18.346+00:00,2026-09-21T08:04:18.346+00:00,False,1,0.0,,0.0,300104.04626800003,300104.04626800003,300104.04626800003,300104.04626800003,300104.04626800003,300104.04626800003,nan,300104.04626800003,nan,nan,0.0,26,64,,True,False,"HTTPConnectionPool(host='gpu06', port=9004): Read timed out.",0,59.56268577710819
226,2026-09-21T07:59:19.400+00:00,2026-09-21T08:04:18.822+00:00,2026-09-21T08:04:19.903+00:00,False,18,17.0,,17.0,299421.145867,300502.97575499996,300502.97591,16694.609772777778,0.0344,299421.145867,70559.2468256231,45010.98051559999,63.63705223529412,28.279607771537158,0.05657181915516237,26,64,,True,False,Request timeout: 300.0s exceeded,85,59.56268577710819
228,2026-09-21T07:59:19.547+00:00,2026-09-21T08:04:19.274+00:00,2026-09-21T08:04:19.978+00:00,False,14,13.0,,13.0,299727.249723,300431.411003,300431.410868,21459.38649057143,0.02985,299727.249723,80091.00302055724,104957.42229485,54.166252307692304,21.08386019523588,0.04327110789314299,26,64,,True,False,Request timeout: 300.0s exceeded,52,59.56268577710819
227,2026-09-21T07:59:19.516+00:00,2026-09-21T08:04:20.098+00:00,2026-09-21T08:04:20.098+00:00,False,1,0.0,,0.0,300581.822333,300581.822333,300581.822333,300581.822333,300581.822333,300581.822333,nan,300581.822333,nan,nan,0.0,26,64,,True,False,"HTTPConnectionPool(host='gpu06', port=9004): Read timed out.",0,59.56268577710819
230,2026-09-21T07:59:19.808+00:00,2026-09-21T08:04:20.401+00:00,2026-09-21T08:04:20.401+00:00,False,1,0.0,,0.0,300593.743924,300593.743924,300593.743924,300593.743924,300593.743924,300593.743924,nan,300593.743924,nan,nan,0.0,26,64,,True,False,"HTTPConnectionPool(host='gpu06', port=9004): Read timed out.",0,59.56268577710819
229,2026-09-21T07:59:19.658+00:00,2026-09-21T08:04:20.717+00:00,2026-09-21T08:04:21.358+00:00,False,9,8.0,,8.0,301058.927834,301699.63080999994,301699.63095699996,33522.18121744444,0.03914,301058.927834,100326.29104774607,180705.29592599996,80.087872,50.37602030005426,0.026516439474989367,26,64,,True,False,Request timeout: 300.0s exceeded,21,59.56268577710819
231,2026-09-21T07:59:20.059+00:00,2026-09-21T08:04:20.790+00:00,2026-09-21T08:04:21.358+00:00,False,8,7.0,,7.0,300730.98149000003,301298.714738,301298.71474200004,37662.339342750005,0.03429,300730.98149000003,106295.79475006928,195534.59340090002,81.10474971428572,53.28418490537248,0.023232757584402516,26,64,,True,False,Request timeout: 300.0s exceeded,21,59.56268577710819
235,2026-09-21T07:59:21.522+00:00,2026-09-21T08:04:21.545+00:00,2026-09-21T08:04:21.545+00:00,False,1,0.0,,0.0,300023.236607,300023.236607,300023.236607,300023.236607,300023.236607,300023.236607,nan,300023.236607,nan,nan,0.0,26,64,,True,False,"HTTPConnectionPool(host='gpu06', port=9004): Read timed out.",0,59.56268577710819
232,2026-09-21T07:59:20.445+00:00,2026-09-21T08:04:21.899+00:00,2026-09-21T08:04:21.899+00:00,False,1,0.0,,0.0,301454.045139,301454.045139,301454.045139,301454.045139,301454.045139,301454.045139,nan,301454.045139,nan,nan,0.0,26,64,,True,False,"HTTPConnectionPool(host='gpu06', port=9004): Read timed out.",0,59.56268577710819
234,2026-09-21T07:59:21.226+00:00,2026-09-21T08:04:23.276+00:00,2026-09-21T08:04:23.276+00:00,False,1,0.0,,0.0,302049.478019,302049.478019,302049.478019,302049.478019,302049.478019,302049.478019,nan,302049.478019,nan,nan,0.0,26,64,,True,False,"HTTPConnectionPool(host='gpu06', port=9004): Read timed out.",0,59.56268577710819
239,2026-09-21T07:59:22.743+00:00,2026-09-21T08:04:23.279+00:00,2026-09-21T08:04:23.279+00:00,False,1,0.0,,0.0,300536.169836,300536.169836,300536.169836,300536.169836,300536.169836,300536.169836,nan,300536.169836,nan,nan,0.0,26,64,,True,False,"HTTPConnectionPool(host='gpu06', port=9004): Read timed out.",0,59.56268577710819
238,2026-09-21T07:59:22.407+00:00,2026-09-21T08:04:23.282+00:00,2026-09-21T08:04:23.282+00:00,False,1,0.0,,0.0,300874.97784500004,300874.97784500004,300874.97784500004,300874.97784500004,300874.97784500004,300874.97784500004,nan,300874.97784500004,nan,nan,0.0,26,64,,True,False,"HTTPConnectionPool(host='gpu06', port=9004): Read timed out.",0,59.56268577710819
236,2026-09-21T07:59:21.882+00:00,2026-09-21T08:04:23.298+00:00,2026-09-21T08:04:23.298+00:00,False,1,0.0,,0.0,301415.833442,301415.833442,301415.833442,301415.833442,301415.833442,301415.833442,nan,301415.833442,nan,nan,0.0,26,64,,True,False,"HTTPConnectionPool(host='gpu06', port=9004): Read timed out.",0,59.56268577710819
237,2026-09-21T07:59:22.128+00:00,2026-09-21T08:04:23.307+00:00,2026-09-21T08:04:23.307+00:00,False,1,0.0,,0.0,301179.35035100003,301179.35035100003,301179.35035100003,301179.35035100003,301179.35035100003,301179.35035100003,nan,301179.35035100003,nan,nan,0.0,26,64,,True,False,"HTTPConnectionPool(host='gpu06', port=9004): Read timed out.",0,59.56268577710819
240,2026-09-21T07:59:23.174+00:00,2026-09-21T08:04:23.314+00:00,2026-09-21T08:04:23.314+00:00,False,1,0.0,,0.0,300139.847819,300139.847819,300139.847819,300139.847819,300139.847819,300139.847819,nan,300139.847819,nan,nan,0.0,26,64,,True,False,"HTTPConnectionPool(host='gpu06', port=9004): Read timed out.",0,59.56268577710819
233,2026-09-21T07:59:20.875+00:00,2026-09-21T08:04:23.321+00:00,2026-09-21T08:04:23.321+00:00,False,1,0.0,,0.0,302445.394541,302445.394541,302445.394541,302445.394541,302445.394541,302445.394541,nan,302445.394541,nan,nan,0.0,26,64,,True,False,"HTTPConnectionPool(host='gpu06', port=9004): Read timed out.",0,59.56268577710819
241,2026-09-21T07:59:23.432+00:00,2026-09-21T08:04:23.451+00:00,2026-09-21T08:04:23.451+00:00,False,1,0.0,,0.0,300018.760949,300018.760949,300018.760949,300018.760949,300018.760949,300018.760949,nan,300018.760949,nan,nan,0.0,26,64,,True,False,"HTTPConnectionPool(host='gpu06', port=9004): Read timed out.",0,59.56268577710819
242,2026-09-21T07:59:23.758+00:00,2026-09-21T08:04:23.783+00:00,2026-09-21T08:04:23.783+00:00,False,1,0.0,,0.0,300025.180527,300025.180527,300025.180527,300025.180527,300025.180527,300025.180527,nan,300025.180527,nan,nan,0.0,26,64,,True,False,"HTTPConnectionPool(host='gpu06', port=9004): Read timed out.",0,59.56268577710819
243,2026-09-21T07:59:24.163+00:00,2026-09-21T08:04:24.274+00:00,2026-09-21T08:04:24.274+00:00,False,1,0.0,,0.0,300110.891112,300110.891112,300110.891112,300110.891112,300110.891112,300110.891112,nan,300110.891112,nan,nan,0.0,26,64,,True,False,"HTTPConnectionPool(host='gpu06', port=9004): Read timed out.",0,59.56268577710819
244,2026-09-21T07:59:24.435+00:00,2026-09-21T08:04:24.510+00:00,2026-09-21T08:04:24.510+00:00,False,1,0.0,,0.0,300074.688533,300074.688533,300074.688533,300074.688533,300074.688533,300074.688533,nan,300074.688533,nan,nan,0.0,26,64,,True,False,"HTTPConnectionPool(host='gpu06', port=9004): Read timed out.",0,59.56268577710819
245,2026-09-21T07:59:24.731+00:00,2026-09-21T08:04:24.832+00:00,2026-09-21T08:04:24.832+00:00,False,1,0.0,,0.0,300100.979464,300100.979464,300100.979464,300100.979464,300100.979464,300100.979464,nan,300100.979464,nan,nan,0.0,26,64,,True,False,"HTTPConnectionPool(host='gpu06', port=9004): Read timed out.",0,59.56268577710819
246,2026-09-21T07:59:24.983+00:00,2026-09-21T08:04:25.084+00:00,2026-09-21T08:04:25.084+00:00,False,1,0.0,,0.0,300101.140417,300101.140417,300101.140417,300101.140417,300101.140417,300101.140417,nan,300101.140417,nan,nan,0.0,26,64,,True,False,"HTTPConnectionPool(host='gpu06', port=9004): Read timed out.",0,59.56268577710819
247,2026-09-21T07:59:25.407+00:00,2026-09-21T08:04:25.524+00:00,2026-09-21T08:04:25.524+00:00,False,1,0.0,,0.0,300117.14731800003,300117.14731800003,300117.14731800003,300117.14731800003,300117.14731800003,300117.14731800003,nan,300117.14731800003,nan,nan,0.0,26,64,,True,False,"HTTPConnectionPool(host='gpu06', port=9004): Read timed out.",0,59.56268577710819
248,2026-09-21T07:59:25.836+00:00,2026-09-21T08:04:25.942+00:00,2026-09-21T08:04:25.942+00:00,False,1,0.0,,0.0,300106.43610000005,300106.43610000005,300106.43610000005,300106.43610000005,300106.43610000005,300106.43610000005,nan,300106.43610000005,nan,nan,0.0,26,64,,True,False,"HTTPConnectionPool(host='gpu06', port=9004): Read timed out.",0,59.56268577710819
249,2026-09-21T07:59:26.233+00:00,2026-09-21T08:04:26.338+00:00,2026-09-21T08:04:26.338+00:00,False,1,0.0,,0.0,300104.806773,300104.806773,300104.806773,300104.806773,300104.806773,300104.806773,nan,300104.806773,nan,nan,0.0,26,64,,True,False,"HTTPConnectionPool(host='gpu06', port=9004): Read timed out.",0,59.56268577710819
250,2026-09-21T07:59:26.649+00:00,2026-09-21T08:04:26.737+00:00,2026-09-21T08:04:26.737+00:00,False,1,0.0,,0.0,300088.724865,300088.724865,300088.724865,300088.724865,300088.724865,300088.724865,nan,300088.724865,nan,nan,0.0,26,64,,True,False,"HTTPConnectionPool(host='gpu06', port=9004): Read timed out.",0,59.56268577710819
251,2026-09-21T07:59:26.939+00:00,2026-09-21T08:04:27.006+00:00,2026-09-21T08:04:27.006+00:00,False,1,0.0,,0.0,300066.61146399996,300066.61146399996,300066.61146399996,300066.61146399996,300066.61146399996,300066.61146399996,nan,300066.61146399996,nan,nan,0.0,26,64,,True,False,"HTTPConnectionPool(host='gpu06', port=9004): Read timed out.",0,59.56268577710819
252,2026-09-21T07:59:27.345+00:00,2026-09-21T08:04:27.368+00:00,2026-09-21T08:04:27.368+00:00,False,1,0.0,,0.0,300022.81438700005,300022.81438700005,300022.81438700005,300022.81438700005,300022.81438700005,300022.81438700005,nan,300022.81438700005,nan,nan,0.0,26,64,,True,False,"HTTPConnectionPool(host='gpu06', port=9004): Read timed out.",0,59.56268577710819
253,2026-09-21T07:59:27.636+00:00,2026-09-21T08:04:27.660+00:00,2026-09-21T08:04:27.763+00:00,False,3,2.0,,2.0,300024.45982700004,300127.18136300007,300127.18140900007,100042.39380300001,0.047409999999999994,300024.45982700004,173189.55707976074,270032.28126150003,51.360768,72.56811752518408,0.006663841611803314,26,64,,True,False,Request timeout: 300.0s exceeded,4,59.56268577710819
254,2026-09-21T07:59:27.877+00:00,2026-09-21T08:04:27.981+00:00,2026-09-21T08:04:27.981+00:00,False,1,0.0,,0.0,300104.082863,300104.082863,300104.082863,300104.082863,300104.082863,300104.082863,nan,300104.082863,nan,nan,0.0,26,64,,True,False,"HTTPConnectionPool(host='gpu06', port=9004): Read timed out.",0,59.56268577710819
255,2026-09-21T07:59:28.156+00:00,2026-09-21T08:04:28.211+00:00,2026-09-21T08:04:28.211+00:00,False,1,0.0,,0.0,300054.994763,300054.994763,300054.994763,300054.994763,300054.994763,300054.994763,nan,300054.994763,nan,nan,0.0,26,64,,True,False,"HTTPConnectionPool(host='gpu06', port=9004): Read timed out.",0,59.56268577710819
256,2026-09-21T07:59:28.523+00:00,2026-09-21T08:04:28.549+00:00,2026-09-21T08:04:28.549+00:00,False,1,0.0,,0.0,300025.51112800004,300025.51112800004,300025.51112800004,300025.51112800004,300025.51112800004,300025.51112800004,nan,300025.51112800004,nan,nan,0.0,26,64,,True,False,"HTTPConnectionPool(host='gpu06', port=9004): Read timed out.",0,59.56268577710819
257,2026-09-21T07:59:28.905+00:00,2026-09-21T08:04:29.008+00:00,2026-09-21T08:04:29.008+00:00,False,1,0.0,,0.0,300102.818364,300102.818364,300102.818364,300102.818364,300102.818364,300102.818364,nan,300102.818364,nan,nan,0.0,26,64,,True,False,"HTTPConnectionPool(host='gpu06', port=9004): Read timed out.",0,59.56268577710819
258,2026-09-21T07:59:29.321+00:00,2026-09-21T08:04:29.416+00:00,2026-09-21T08:04:29.416+00:00,False,1,0.0,,0.0,300095.64797600004,300095.64797600004,300095.64797600004,300095.64797600004,300095.64797600004,300095.64797600004,nan,300095.64797600004,nan,nan,0.0,26,64,,True,False,"HTTPConnectionPool(host='gpu06', port=9004): Read timed out.",0,59.56268577710819
259,2026-09-21T07:59:29.604+00:00,2026-09-21T08:04:29.607+00:00,2026-09-21T08:04:29.648+00:00,False,3,2.0,,2.0,300003.177005,300044.470573,300044.470636,100014.82354533333,0.03226,300003.177005,173194.99578391787,270006.98544160003,20.646784,29.153345079519912,0.006665678578180648,26,64,,True,False,Request timeout: 300.0s exceeded,9,59.56268577710819
260,2026-09-21T07:59:30.042+00:00,2026-09-21T08:04:30.162+00:00,2026-09-21T08:04:30.162+00:00,False,1,0.0,,0.0,300120.581598,300120.581598,300120.581598,300120.581598,300120.581598,300120.581598,nan,300120.581598,nan,nan,0.0,26,64,,True,False,"HTTPConnectionPool(host='gpu06', port=9004): Read timed out.",0,59.56268577710819
261,2026-09-21T07:59:30.463+00:00,2026-09-21T08:04:30.567+00:00,2026-09-21T08:04:30.567+00:00,False,1,0.0,,0.0,300104.47708,300104.47708,300104.47708,300104.47708,300104.47708,300104.47708,nan,300104.47708,nan,nan,0.0,26,64,,True,False,"HTTPConnectionPool(host='gpu06', port=9004): Read timed out.",0,59.56268577710819
262,2026-09-21T07:59:30.785+00:00,2026-09-21T08:04:30.881+00:00,2026-09-21T08:04:30.881+00:00,False,1,0.0,,0.0,300095.539917,300095.539917,300095.539917,300095.539917,300095.539917,300095.539917,nan,300095.539917,nan,nan,0.0,26,64,,True,False,"HTTPConnectionPool(host='gpu06', port=9004): Read timed out.",0,59.56268577710819
263,2026-09-21T07:59:31.095+00:00,2026-09-21T08:04:31.200+00:00,2026-09-21T08:04:31.200+00:00,False,1,0.0,,0.0,300105.16650700005,300105.16650700005,300105.16650700005,300105.16650700005,300105.16650700005,300105.16650700005,nan,300105.16650700005,nan,nan,0.0,26,64,,True,False,"HTTPConnectionPool(host='gpu06', port=9004): Read timed out.",0,59.56268577710819
264,2026-09-21T07:59:31.351+00:00,2026-09-21T08:04:31.465+00:00,2026-09-21T08:04:31.465+00:00,False,1,0.0,,0.0,300113.60051,300113.60051,300113.60051,300113.60051,300113.60051,300113.60051,nan,300113.60051,nan,nan,0.0,26,64,,True,False,"HTTPConnectionPool(host='gpu06', port=9004): Read timed out.",0,59.56268577710819
265,2026-09-21T07:59:31.661+00:00,2026-09-21T08:04:31.693+00:00,2026-09-21T08:04:32.911+00:00,False,21,20.0,,20.0,300032.721847,301250.144439,301250.144483,14345.244975380952,0.038740000000000004,300032.721847,65459.23230881406,184.171984,60.8711296,33.02779624773103,0.06639000966205276,26,64,,True,False,Request timeout: 300.0s exceeded,220,59.56268577710819
266,2026-09-21T07:59:31.908+00:00,2026-09-21T08:04:31.878+00:00,2026-09-21T08:04:31.878+00:00,True,1,1.0,,1.0,299969.802249,299969.802249,299969.802249,299969.802249,299969.802249,299969.802249,nan,299969.802249,nan,nan,0.0033336688976776285,26,64,,True,True,,3,59.56268577710819
269,2026-09-21T07:59:32.823+00:00,2026-09-21T08:04:32.564+00:00,2026-09-21T08:04:33.013+00:00,False,10,9.0,,9.0,299740.50542400003,300189.70888000005,300189.708753,30018.970875300005,0.03792,299740.50542400003,94770.48919148826,164894.2865826,49.911495111111115,21.523947852519044,0.029981041100905038,26,64,,True,False,Request timeout: 300.0s exceeded,39,59.56268577710819
270,2026-09-21T07:59:33.121+00:00,2026-09-21T08:04:33.143+00:00,2026-09-21T08:04:33.143+00:00,False,1,0.0,,0.0,300022.03052,300022.03052,300022.03052,300022.03052,300022.03052,300022.03052,nan,300022.03052,nan,nan,0.0,26,64,,True,False,"HTTPConnectionPool(host='gpu06', port=9004): Read timed out.",0,59.56268577710819
267,2026-09-21T07:59:32.204+00:00,2026-09-21T08:04:33.286+00:00,2026-09-21T08:04:33.286+00:00,False,1,0.0,,0.0,301081.931643,301081.931643,301081.931643,301081.931643,301081.931643,301081.931643,nan,301081.931643,nan,nan,0.0,26,64,,True,False,"HTTPConnectionPool(host='gpu06', port=9004): Read timed out.",0,59.56268577710819
271,2026-09-21T07:59:33.441+00:00,2026-09-21T08:04:33.474+00:00,2026-09-21T08:04:33.474+00:00,False,1,0.0,,0.0,300033.723179,300033.723179,300033.723179,300033.723179,300033.723179,300033.723179,nan,300033.723179,nan,nan,0.0,26,64,,True,False,"HTTPConnectionPool(host='gpu06', port=9004): Read timed out.",0,59.56268577710819
268,2026-09-21T07:59:32.473+00:00,2026-09-21T08:04:33.542+00:00,2026-09-21T08:04:33.542+00:00,False,1,0.0,,0.0,301069.392265,301069.392265,301069.392265,301069.392265,301069.392265,301069.392265,nan,301069.392265,nan,nan,0.0,26,64,,True,False,"HTTPConnectionPool(host='gpu06', port=9004): Read timed out.",0,59.56268577710819
273,2026-09-21T07:59:35.126+00:00,2026-09-21T08:04:34.874+00:00,2026-09-21T08:04:35.265+00:00,False,9,8.0,,8.0,299748.449999,300138.864591,300138.864517,33348.76272411111,0.03052,299748.449999,99899.88486124347,179878.5225282,48.801824,22.07006771770164,0.026654328858415652,26,64,,True,False,Request timeout: 300.0s exceeded,40,59.56268577710819
276,2026-09-21T07:59:35.323+00:00,2026-09-21T08:04:35.465+00:00,2026-09-21T08:04:35.465+00:00,False,1,0.0,,0.0,300141.85631400003,300141.85631400003,300141.85631400003,300141.85631400003,300141.85631400003,300141.85631400003,nan,300141.85631400003,nan,nan,0.0,26,64,,True,False,"HTTPConnectionPool(host='gpu06', port=9004): Read timed out.",0,59.56268577710819
275,2026-09-21T07:59:35.319+00:00,2026-09-21T08:04:35.465+00:00,2026-09-21T08:04:35.465+00:00,False,1,0.0,,0.0,300145.797244,300145.797244,300145.797244,300145.797244,300145.797244,300145.797244,nan,300145.797244,nan,nan,0.0,26,64,,True,False,"HTTPConnectionPool(host='gpu06', port=9004): Read timed out.",0,59.56268577710819
274,2026-09-21T07:59:35.142+00:00,2026-09-21T08:04:35.676+00:00,2026-09-21T08:04:35.676+00:00,False,1,0.0,,0.0,300534.05959500006,300534.05959500006,300534.05959500006,300534.05959500006,300534.05959500006,300534.05959500006,nan,300534.05959500006,nan,nan,0.0,26,64,,True,False,"HTTPConnectionPool(host='gpu06', port=9004): Read timed out.",0,59.56268577710819
272,2026-09-21T07:59:35.055+00:00,2026-09-21T08:04:35.676+00:00,2026-09-21T08:04:35.676+00:00,False,1,0.0,,0.0,300621.606593,300621.606593,300621.606593,300621.606593,300621.606593,300621.606593,nan,300621.606593,nan,nan,0.0,26,64,,True,False,"HTTPConnectionPool(host='gpu06', port=9004): Read timed out.",0,59.56268577710819
277,2026-09-21T07:59:35.415+00:00,2026-09-21T08:04:35.856+00:00,2026-09-21T08:04:35.856+00:00,False,1,0.0,,0.0,300441.478959,300441.478959,300441.478959,300441.478959,300441.478959,300441.478959,nan,300441.478959,nan,nan,0.0,26,64,,True,False,"HTTPConnectionPool(host='gpu06', port=9004): Read timed out.",0,59.56268577710819
278,2026-09-21T07:59:35.875+00:00,2026-09-21T08:04:36.248+00:00,2026-09-21T08:04:36.248+00:00,False,1,0.0,,0.0,300373.134835,300373.134835,300373.134835,300373.134835,300373.134835,300373.134835,nan,300373.134835,nan,nan,0.0,26,64,,True,False,"HTTPConnectionPool(host='gpu06', port=9004): Read timed out.",0,59.56268577710819
279,2026-09-21T07:59:36.065+00:00,2026-09-21T08:04:36.270+00:00,2026-09-21T08:04:36.270+00:00,False,1,0.0,,0.0,300205.431097,300205.431097,300205.431097,300205.431097,300205.431097,300205.431097,nan,300205.431097,nan,nan,0.0,26,64,,True,False,"HTTPConnectionPool(host='gpu06', port=9004): Read timed out.",0,59.56268577710819
280,2026-09-21T07:59:36.303+00:00,2026-09-21T08:04:36.418+00:00,2026-09-21T08:04:36.418+00:00,False,1,0.0,,0.0,300114.742607,300114.742607,300114.742607,300114.742607,300114.742607,300114.742607,nan,300114.742607,nan,nan,0.0,26,64,,True,False,"HTTPConnectionPool(host='gpu06', port=9004): Read timed out.",0,59.56268577710819
281,2026-09-21T07:59:36.650+00:00,2026-09-21T08:04:36.757+00:00,2026-09-21T08:04:36.757+00:00,False,1,0.0,,0.0,300106.642765,300106.642765,300106.642765,300106.642765,300106.642765,300106.642765,nan,300106.642765,nan,nan,0.0,26,64,,True,False,"HTTPConnectionPool(host='gpu06', port=9004): Read timed out.",0,59.56268577710819
282,2026-09-21T07:59:36.945+00:00,2026-09-21T08:04:37.046+00:00,2026-09-21T08:04:37.046+00:00,False,1,0.0,,0.0,300101.475681,300101.475681,300101.475681,300101.475681,300101.475681,300101.475681,nan,300101.475681,nan,nan,0.0,26,64,,True,False,"HTTPConnectionPool(host='gpu06', port=9004): Read timed out.",0,59.56268577710819
283,2026-09-21T07:59:37.235+00:00,2026-09-21T08:04:37.332+00:00,2026-09-21T08:04:37.332+00:00,False,1,0.0,,0.0,300096.999299,300096.999299,300096.999299,300096.999299,300096.999299,300096.999299,nan,300096.999299,nan,nan,0.0,26,64,,True,False,"HTTPConnectionPool(host='gpu06', port=9004): Read timed out.",0,59.56268577710819
284,2026-09-21T07:59:37.608+00:00,2026-09-21T08:04:37.656+00:00,2026-09-21T08:04:37.656+00:00,False,1,0.0,,0.0,300048.29215600004,300048.29215600004,300048.29215600004,300048.29215600004,300048.29215600004,300048.29215600004,nan,300048.29215600004,nan,nan,0.0,26,64,,True,False,TTFT timeout: 300.0s exceeded (TTFT: 300.044s),0,59.56268577710819
285,2026-09-21T07:59:37.897+00:00,2026-09-21T08:04:37.912+00:00,2026-09-21T08:04:38.081+00:00,False,3,2.0,,2.0,300015.073705,300183.689129,300183.68908499996,100061.229695,0.02754,300015.073705,173165.1290067525,270030.4251185,84.307712,119.19000954647244,0.006662587183877689,26,64,,True,False,Request timeout: 300.0s exceeded,15,59.56268577710819
286,2026-09-21T07:59:38.329+00:00,2026-09-21T08:04:38.252+00:00,2026-09-21T08:04:38.353+00:00,False,4,3.0,,3.0,299922.495467,300023.531499,300023.53169,75005.8829225,0.02504,299922.495467,149944.4102806518,254942.24185535003,33.67867733333333,29.37058260777415,0.00999921567822089,26,64,,True,False,Request timeout: 300.0s exceeded,9,59.56268577710819
287,2026-09-21T07:59:38.715+00:00,2026-09-21T08:04:38.830+00:00,2026-09-21T08:04:38.830+00:00,False,1,0.0,,0.0,300114.84260699997,300114.84260699997,300114.84260699997,300114.84260699997,300114.84260699997,300114.84260699997,nan,300114.84260699997,nan,nan,0.0,26,64,,True,False,"HTTPConnectionPool(host='gpu06', port=9004): Read timed out.",0,59.56268577710819
288,2026-09-21T07:59:38.996+00:00,2026-09-21T08:04:39.102+00:00,2026-09-21T08:04:39.102+00:00,False,1,0.0,,0.0,300105.425646,300105.425646,300105.425646,300105.425646,300105.425646,300105.425646,nan,300105.425646,nan,nan,0.0,26,64,,True,False,"HTTPConnectionPool(host='gpu06', port=9004): Read timed out.",0,59.56268577710819
289,2026-09-21T07:59:39.356+00:00,2026-09-21T08:04:39.469+00:00,2026-09-21T08:04:39.469+00:00,False,1,0.0,,0.0,300112.957441,300112.957441,300112.957441,300112.957441,300112.957441,300112.957441,nan,300112.957441,nan,nan,0.0,26,64,,True,False,"HTTPConnectionPool(host='gpu06', port=9004): Read timed out.",0,59.56268577710819
290,2026-09-21T07:59:39.637+00:00,2026-09-21T08:04:39.714+00:00,2026-09-21T08:04:39.714+00:00,False,1,0.0,,0.0,300077.84957200004,300077.84957200004,300077.84957200004,300077.84957200004,300077.84957200004,300077.84957200004,nan,300077.84957200004,nan,nan,0.0,26,64,,True,False,"HTTPConnectionPool(host='gpu06', port=9004): Read timed out.",0,59.56268577710819
291,2026-09-21T07:59:39.931+00:00,2026-09-21T08:04:40.017+00:00,2026-09-21T08:04:40.017+00:00,False,1,0.0,,0.0,300085.707948,300085.707948,300085.707948,300085.707948,300085.707948,300085.707948,nan,300085.707948,nan,nan,0.0,26,64,,True,False,"HTTPConnectionPool(host='gpu06', port=9004): Read timed out.",0,59.56268577710819
292,2026-09-21T07:59:40.290+00:00,2026-09-21T08:04:40.378+00:00,2026-09-21T08:04:40.378+00:00,False,1,0.0,,0.0,300087.936474,300087.936474,300087.936474,300087.936474,300087.936474,300087.936474,nan,300087.936474,nan,nan,0.0,26,64,,True,False,"HTTPConnectionPool(host='gpu06', port=9004): Read timed out.",0,59.56268577710819
293,2026-09-21T07:59:40.671+00:00,2026-09-21T08:04:40.624+00:00,2026-09-21T08:04:40.699+00:00,False,3,2.0,,2.0,299952.440976,300027.19912,300027.19935099996,100009.06645033332,0.04126,299952.440976,173156.04568323362,269964.6685899,37.379072,52.80370234513364,0.006666062296572227,26,64,,True,False,Request timeout: 300.0s exceeded,15,59.56268577710819
294,2026-09-21T07:59:40.993+00:00,2026-09-21T08:04:41.097+00:00,2026-09-21T08:04:41.097+00:00,False,1,0.0,,0.0,300103.917738,300103.917738,300103.917738,300103.917738,300103.917738,300103.917738,nan,300103.917738,nan,nan,0.0,26,64,,True,False,"HTTPConnectionPool(host='gpu06', port=9004): Read timed out.",0,59.56268577710819
295,2026-09-21T07:59:41.332+00:00,2026-09-21T08:04:41.400+00:00,2026-09-21T08:04:41.400+00:00,False,1,0.0,,0.0,300067.03173000005,300067.03173000005,300067.03173000005,300067.03173000005,300067.03173000005,300067.03173000005,nan,300067.03173000005,nan,nan,0.0,26,64,,True,False,"HTTPConnectionPool(host='gpu06', port=9004): Read timed out.",0,59.56268577710819
296,2026-09-21T07:59:41.677+00:00,2026-09-21T08:04:41.782+00:00,2026-09-21T08:04:41.782+00:00,False,1,0.0,,0.0,300104.715096,300104.715096,300104.715096,300104.715096,300104.715096,300104.715096,nan,300104.715096,nan,nan,0.0,26,64,,True,False,"HTTPConnectionPool(host='gpu06', port=9004): Read timed out.",0,59.56268577710819
297,2026-09-21T07:59:41.933+00:00,2026-09-21T08:04:42.004+00:00,2026-09-21T08:04:42.004+00:00,False,1,0.0,,0.0,300070.65124000004,300070.65124000004,300070.65124000004,300070.65124000004,300070.65124000004,300070.65124000004,nan,300070.65124000004,nan,nan,0.0,26,64,,True,False,TTFT timeout: 300.0s exceeded (TTFT: 300.064s),0,59.56268577710819
298,2026-09-21T07:59:42.187+00:00,2026-09-21T08:04:42.194+00:00,2026-09-21T08:04:42.194+00:00,False,1,0.0,,0.0,300006.736936,300006.736936,300006.736936,300006.736936,300006.736936,300006.736936,nan,300006.736936,nan,nan,0.0,26,64,,True,False,TTFT timeout: 300.0s exceeded (TTFT: 300.002s),0,59.56268577710819
299,2026-09-21T07:59:42.556+00:00,2026-09-21T08:04:42.600+00:00,2026-09-21T08:04:42.600+00:00,False,1,0.0,,0.0,300043.48209899996,300043.48209899996,300043.48209899996,300043.48209899996,300043.48209899996,300043.48209899996,nan,300043.48209899996,nan,nan,0.0,26,64,,True,False,TTFT timeout: 300.0s exceeded (TTFT: 300.034s),0,59.56268577710819
300,2026-09-21T07:59:42.838+00:00,2026-09-21T08:04:42.944+00:00,2026-09-21T08:04:42.944+00:00,False,1,0.0,,0.0,300105.84748299996,300105.84748299996,300105.84748299996,300105.84748299996,300105.84748299996,300105.84748299996,nan,300105.84748299996,nan,nan,0.0,26,64,,True,False,"HTTPConnectionPool(host='gpu06', port=9004): Read timed out.",0,59.56268577710819
301,2026-09-21T07:59:43.163+00:00,2026-09-21T08:04:43.248+00:00,2026-09-21T08:04:43.248+00:00,False,1,0.0,,0.0,300085.135196,300085.135196,300085.135196,300085.135196,300085.135196,300085.135196,nan,300085.135196,nan,nan,0.0,26,64,,True,False,"HTTPConnectionPool(host='gpu06', port=9004): Read timed out.",0,59.56268577710819
302,2026-09-21T07:59:43.456+00:00,2026-09-21T08:04:43.530+00:00,2026-09-21T08:04:43.530+00:00,False,1,0.0,,0.0,300074.29719300003,300074.29719300003,300074.29719300003,300074.29719300003,300074.29719300003,300074.29719300003,nan,300074.29719300003,nan,nan,0.0,26,64,,True,False,"HTTPConnectionPool(host='gpu06', port=9004): Read timed out.",0,59.56268577710819
303,2026-09-21T07:59:43.804+00:00,2026-09-21T08:04:43.917+00:00,2026-09-21T08:04:43.917+00:00,False,1,0.0,,0.0,300113.26462800003,300113.26462800003,300113.26462800003,300113.26462800003,300113.26462800003,300113.26462800003,nan,300113.26462800003,nan,nan,0.0,26,64,,True,False,"HTTPConnectionPool(host='gpu06', port=9004): Read timed out.",0,59.56268577710819
304,2026-09-21T07:59:44.200+00:00,2026-09-21T08:04:44.291+00:00,2026-09-21T08:04:44.291+00:00,False,1,0.0,,0.0,300090.87054000003,300090.87054000003,300090.87054000003,300090.87054000003,300090.87054000003,300090.87054000003,nan,300090.87054000003,nan,nan,0.0,26,64,,True,False,"HTTPConnectionPool(host='gpu06', port=9004): Read timed out.",0,59.56268577710819
305,2026-09-21T07:59:44.527+00:00,2026-09-21T08:04:44.631+00:00,2026-09-21T08:04:44.631+00:00,False,1,0.0,,0.0,300104.602592,300104.602592,300104.602592,300104.602592,300104.602592,300104.602592,nan,300104.602592,nan,nan,0.0,26,64,,True,False,"HTTPConnectionPool(host='gpu06', port=9004): Read timed out.",0,59.56268577710819
306,2026-09-21T07:59:44.784+00:00,2026-09-21T08:04:44.750+00:00,2026-09-21T08:04:44.920+00:00,False,3,2.0,,2.0,299965.384611,300135.769251,300135.769301,100045.25643366667,0.04519,299965.384611,173135.93066682908,269985.8800999,85.19232,120.4164155477624,0.006663650937011188,26,64,,True,False,Request timeout: 300.0s exceeded,9,59.56268577710819
307,2026-09-21T07:59:45.157+00:00,2026-09-21T08:04:45.257+00:00,2026-09-21T08:04:45.257+00:00,False,1,0.0,,0.0,300099.769167,300099.769167,300099.769167,300099.769167,300099.769167,300099.769167,nan,300099.769167,nan,nan,0.0,26,64,,True,False,"HTTPConnectionPool(host='gpu06', port=9004): Read timed out.",0,59.56268577710819
308,2026-09-21T07:59:45.504+00:00,2026-09-21T08:04:45.883+00:00,2026-09-21T08:04:47.032+00:00,False,19,18.0,,18.0,300378.33280900004,301527.85984900006,301527.85994900006,15869.887365736844,0.0295,300378.33280900004,68896.87222372342,30193.018426000006,63.862613333333336,33.41532741239393,0.05969597638179799,26,64,,True,False,Request timeout: 300.0s exceeded,111,59.56268577710819
309,2026-09-21T07:59:45.863+00:00,2026-09-21T08:04:46.278+00:00,2026-09-21T08:04:47.127+00:00,False,17,16.0,,16.0,300414.101033,301263.408681,301263.408601,17721.37697652941,0.03047,300414.101033,72848.24922835772,60138.825803399995,53.081728,16.12673740571487,0.05310966927597233,26,64,,True,False,Request timeout: 300.0s exceeded,47,59.56268577710819
312,2026-09-21T07:59:46.950+00:00,2026-09-21T08:04:47.129+00:00,2026-09-21T08:04:47.189+00:00,False,3,2.0,,2.0,300178.918195,300239.139891,300239.13990099996,100079.71330033333,0.04119,300178.918195,173290.99732471094,270167.0444271,30.110848,42.524881389968016,0.006661356679632403,26,64,,True,False,Request timeout: 300.0s exceeded,18,59.56268577710819
313,2026-09-21T07:59:47.290+00:00,2026-09-21T08:04:47.352+00:00,2026-09-21T08:04:47.352+00:00,False,1,0.0,,0.0,300061.767842,300061.767842,300061.767842,300061.767842,300061.767842,300061.767842,nan,300061.767842,nan,nan,0.0,26,64,,True,False,"HTTPConnectionPool(host='gpu06', port=9004): Read timed out.",0,59.56268577710819
310,2026-09-21T07:59:46.264+00:00,2026-09-21T08:04:47.352+00:00,2026-09-21T08:04:47.352+00:00,False,1,0.0,,0.0,301087.839072,301087.839072,301087.839072,301087.839072,301087.839072,301087.839072,nan,301087.839072,nan,nan,0.0,26,64,,True,False,"HTTPConnectionPool(host='gpu06', port=9004): Read timed out.",0,59.56268577710819
314,2026-09-21T07:59:47.629+00:00,2026-09-21T08:04:47.654+00:00,2026-09-21T08:04:47.654+00:00,False,1,0.0,,0.0,300024.989194,300024.989194,300024.989194,300024.989194,300024.989194,300024.989194,nan,300024.989194,nan,nan,0.0,26,64,,True,False,"HTTPConnectionPool(host='gpu06', port=9004): Read timed out.",0,59.56268577710819
311,2026-09-21T07:59:46.634+00:00,2026-09-21T08:04:47.686+00:00,2026-09-21T08:04:47.686+00:00,False,1,0.0,,0.0,301052.207639,301052.207639,301052.207639,301052.207639,301052.207639,301052.207639,nan,301052.207639,nan,nan,0.0,26,64,,True,False,"HTTPConnectionPool(host='gpu06', port=9004): Read timed out.",0,59.56268577710819
315,2026-09-21T07:59:48.046+00:00,2026-09-21T08:04:48.140+00:00,2026-09-21T08:04:48.140+00:00,False,1,0.0,,0.0,300094.215187,300094.215187,300094.215187,300094.215187,300094.215187,300094.215187,nan,300094.215187,nan,nan,0.0,26,64,,True,False,"HTTPConnectionPool(host='gpu06', port=9004): Read timed out.",0,59.56268577710819
316,2026-09-21T07:59:48.301+00:00,2026-09-21T08:04:48.411+00:00,2026-09-21T08:04:48.411+00:00,False,1,0.0,,0.0,300110.68505800003,300110.68505800003,300110.68505800003,300110.68505800003,300110.68505800003,300110.68505800003,nan,300110.68505800003,nan,nan,0.0,26,64,,True,False,"HTTPConnectionPool(host='gpu06', port=9004): Read timed out.",0,59.56268577710819
317,2026-09-21T07:59:48.610+00:00,2026-09-21T08:04:48.725+00:00,2026-09-21T08:04:48.725+00:00,False,1,0.0,,0.0,300114.801721,300114.801721,300114.801721,300114.801721,300114.801721,300114.801721,nan,300114.801721,nan,nan,0.0,26,64,,True,False,"HTTPConnectionPool(host='gpu06', port=9004): Read timed out.",0,59.56268577710819
318,2026-09-21T07:59:48.991+00:00,2026-09-21T08:04:49.023+00:00,2026-09-21T08:04:49.023+00:00,False,1,0.0,,0.0,300032.08791,300032.08791,300032.08791,300032.08791,300032.08791,300032.08791,nan,300032.08791,nan,nan,0.0,26,64,,True,False,TTFT timeout: 300.0s exceeded (TTFT: 300.029s),0,59.56268577710819
319,2026-09-21T07:59:49.325+00:00,2026-09-21T08:04:49.281+00:00,2026-09-21T08:04:49.356+00:00,False,3,2.0,,2.0,299956.52407499996,300030.763819,300030.763781,100010.25459366666,0.02366,299956.52407499996,173158.55273636934,269968.2932720999,37.119872,52.46175681946033,0.006665983096341891,26,64,,True,False,Request timeout: 300.0s exceeded,4,59.56268577710819
320,2026-09-21T07:59:49.665+00:00,2026-09-21T08:04:49.770+00:00,2026-09-21T08:04:49.770+00:00,False,1,0.0,,0.0,300105.34703500004,300105.34703500004,300105.34703500004,300105.34703500004,300105.34703500004,300105.34703500004,nan,300105.34703500004,nan,nan,0.0,26,64,,True,False,"HTTPConnectionPool(host='gpu06', port=9004): Read timed out.",0,59.56268577710819
321,2026-09-21T07:59:50.106+00:00,2026-09-21T08:04:50.182+00:00,2026-09-21T08:04:50.182+00:00,False,1,0.0,,0.0,300076.724741,300076.724741,300076.724741,300076.724741,300076.724741,300076.724741,nan,300076.724741,nan,nan,0.0,26,64,,True,False,"HTTPConnectionPool(host='gpu06', port=9004): Read timed out.",0,59.56268577710819
322,2026-09-21T07:59:50.479+00:00,2026-09-21T08:04:50.592+00:00,2026-09-21T08:04:50.592+00:00,False,1,0.0,,0.0,300112.296903,300112.296903,300112.296903,300112.296903,300112.296903,300112.296903,nan,300112.296903,nan,nan,0.0,26,64,,True,False,"HTTPConnectionPool(host='gpu06', port=9004): Read timed out.",0,59.56268577710819
323,2026-09-21T07:59:50.796+00:00,2026-09-21T08:04:50.901+00:00,2026-09-21T08:04:50.901+00:00,False,1,0.0,,0.0,300104.87915600004,300104.87915600004,300104.87915600004,300104.87915600004,300104.87915600004,300104.87915600004,nan,300104.87915600004,nan,nan,0.0,26,64,,True,False,"HTTPConnectionPool(host='gpu06', port=9004): Read timed out.",0,59.56268577710819
324,2026-09-21T07:59:51.121+00:00,2026-09-21T08:04:51.219+00:00,2026-09-21T08:04:51.219+00:00,False,1,0.0,,0.0,300098.26773900003,300098.26773900003,300098.26773900003,300098.26773900003,300098.26773900003,300098.26773900003,nan,300098.26773900003,nan,nan,0.0,26,64,,True,False,"HTTPConnectionPool(host='gpu06', port=9004): Read timed out.",0,59.56268577710819
325,2026-09-21T07:59:51.374+00:00,2026-09-21T08:04:51.338+00:00,2026-09-21T08:04:51.463+00:00,False,3,2.0,,2.0,299963.800659,300088.904019,300088.903861,100029.63462033334,0.02739,299963.800659,173148.0781627674,269979.9281743,62.55168,88.42269606732135,0.006664691607102444,26,64,,True,False,Request timeout: 300.0s exceeded,2,59.56268577710819
326,2026-09-21T07:59:51.790+00:00,2026-09-21T08:04:51.901+00:00,2026-09-21T08:04:51.901+00:00,False,1,0.0,,0.0,300111.541988,300111.541988,300111.541988,300111.541988,300111.541988,300111.541988,nan,300111.541988,nan,nan,0.0,26,64,,True,False,"HTTPConnectionPool(host='gpu06', port=9004): Read timed out.",0,59.56268577710819
327,2026-09-21T07:59:52.122+00:00,2026-09-21T08:04:52.227+00:00,2026-09-21T08:04:52.227+00:00,False,1,0.0,,0.0,300105.041478,300105.041478,300105.041478,300105.041478,300105.041478,300105.041478,nan,300105.041478,nan,nan,0.0,26,64,,True,False,"HTTPConnectionPool(host='gpu06', port=9004): Read timed out.",0,59.56268577710819
328,2026-09-21T07:59:52.476+00:00,2026-09-21T08:04:52.590+00:00,2026-09-21T08:04:52.590+00:00,False,1,0.0,,0.0,300114.013775,300114.013775,300114.013775,300114.013775,300114.013775,300114.013775,nan,300114.013775,nan,nan,0.0,26,64,,True,False,"HTTPConnectionPool(host='gpu06', port=9004): Read timed out.",0,59.56268577710819
329,2026-09-21T07:59:52.767+00:00,2026-09-21T08:04:52.865+00:00,2026-09-21T08:04:52.865+00:00,False,1,0.0,,0.0,300098.329393,300098.329393,300098.329393,300098.329393,300098.329393,300098.329393,nan,300098.329393,nan,nan,0.0,26,64,,True,False,TTFT timeout: 300.0s exceeded (TTFT: 300.090s),0,59.56268577710819
330,2026-09-21T07:59:54.327+00:00,2026-09-21T08:04:53.203+00:00,2026-09-21T08:04:54.205+00:00,True,18,18.0,,18.0,298875.594236,299878.08102,299878.08108399995,16659.893393555554,43.117177000000005,298875.594236,70431.75495134725,44911.321673800005,58.969810823529414,13.013221186283722,0.06002439370952062,26,64,,True,True,,45,59.56268577710819
332,2026-09-21T07:59:54.600+00:00,2026-09-21T08:04:54.729+00:00,2026-09-21T08:04:54.729+00:00,False,1,0.0,,0.0,300129.757018,300129.757018,300129.757018,300129.757018,300129.757018,300129.757018,nan,300129.757018,nan,nan,0.0,26,64,,True,False,"HTTPConnectionPool(host='gpu06', port=9004): Read timed out.",0,59.56268577710819
331,2026-09-21T07:59:54.387+00:00,2026-09-21T08:04:54.821+00:00,2026-09-21T08:04:54.821+00:00,False,1,0.0,,0.0,300434.11181000003,300434.11181000003,300434.11181000003,300434.11181000003,300434.11181000003,300434.11181000003,nan,300434.11181000003,nan,nan,0.0,26,64,,True,False,"HTTPConnectionPool(host='gpu06', port=9004): Read timed out.",0,59.56268577710819
335,2026-09-21T07:59:54.884+00:00,2026-09-21T08:04:55.030+00:00,2026-09-21T08:04:55.030+00:00,False,1,0.0,,0.0,300145.82347500004,300145.82347500004,300145.82347500004,300145.82347500004,300145.82347500004,300145.82347500004,nan,300145.82347500004,nan,nan,0.0,26,64,,True,False,"HTTPConnectionPool(host='gpu06', port=9004): Read timed out.",0,59.56268577710819
333,2026-09-21T07:59:54.694+00:00,2026-09-21T08:04:55.052+00:00,2026-09-21T08:04:55.052+00:00,False,1,0.0,,0.0,300357.536889,300357.536889,300357.536889,300357.536889,300357.536889,300357.536889,nan,300357.536889,nan,nan,0.0,26,64,,True,False,"HTTPConnectionPool(host='gpu06', port=9004): Read timed out.",0,59.56268577710819
334,2026-09-21T07:59:54.757+00:00,2026-09-21T08:04:55.143+00:00,2026-09-21T08:04:55.143+00:00,False,1,0.0,,0.0,300386.118809,300386.118809,300386.118809,300386.118809,300386.118809,300386.118809,nan,300386.118809,nan,nan,0.0,26,64,,True,False,"HTTPConnectionPool(host='gpu06', port=9004): Read timed out.",0,59.56268577710819
336,2026-09-21T07:59:55.160+00:00,2026-09-21T08:04:55.465+00:00,2026-09-21T08:04:55.465+00:00,False,1,0.0,,0.0,300305.099403,300305.099403,300305.099403,300305.099403,300305.099403,300305.099403,nan,300305.099403,nan,nan,0.0,26,64,,True,False,"HTTPConnectionPool(host='gpu06', port=9004): Read timed out.",0,59.56268577710819
337,2026-09-21T07:59:55.495+00:00,2026-09-21T08:04:55.666+00:00,2026-09-21T08:04:55.666+00:00,False,1,0.0,,0.0,300171.475812,300171.475812,300171.475812,300171.475812,300171.475812,300171.475812,nan,300171.475812,nan,nan,0.0,26,64,,True,False,"HTTPConnectionPool(host='gpu06', port=9004): Read timed out.",0,59.56268577710819
338,2026-09-21T07:59:55.894+00:00,2026-09-21T08:04:55.993+00:00,2026-09-21T08:04:55.993+00:00,False,1,0.0,,0.0,300099.61513700004,300099.61513700004,300099.61513700004,300099.61513700004,300099.61513700004,300099.61513700004,nan,300099.61513700004,nan,nan,0.0,26,64,,True,False,"HTTPConnectionPool(host='gpu06', port=9004): Read timed out.",0,59.56268577710819
339,2026-09-21T07:59:56.200+00:00,2026-09-21T08:04:56.307+00:00,2026-09-21T08:04:56.307+00:00,False,1,0.0,,0.0,300106.899671,300106.899671,300106.899671,300106.899671,300106.899671,300106.899671,nan,300106.899671,nan,nan,0.0,26,64,,True,False,"HTTPConnectionPool(host='gpu06', port=9004): Read timed out.",0,59.56268577710819
340,2026-09-21T07:59:56.553+00:00,2026-09-21T08:04:56.657+00:00,2026-09-21T08:04:56.657+00:00,False,1,0.0,,0.0,300103.999468,300103.999468,300103.999468,300103.999468,300103.999468,300103.999468,nan,300103.999468,nan,nan,0.0,26,64,,True,False,"HTTPConnectionPool(host='gpu06', port=9004): Read timed out.",0,59.56268577710819
341,2026-09-21T07:59:56.794+00:00,2026-09-21T08:04:56.918+00:00,2026-09-21T08:04:56.918+00:00,False,1,0.0,,0.0,300123.975671,300123.975671,300123.975671,300123.975671,300123.975671,300123.975671,nan,300123.975671,nan,nan,0.0,26,64,,True,False,TTFT timeout: 300.0s exceeded (TTFT: 300.100s),0,59.56268577710819
342,2026-09-21T07:59:57.080+00:00,2026-09-21T08:04:57.153+00:00,2026-09-21T08:04:57.153+00:00,False,1,0.0,,0.0,300073.292971,300073.292971,300073.292971,300073.292971,300073.292971,300073.292971,nan,300073.292971,nan,nan,0.0,26,64,,True,False,"HTTPConnectionPool(host='gpu06', port=9004): Read timed out.",0,59.56268577710819
343,2026-09-21T07:59:57.332+00:00,2026-09-21T08:04:57.358+00:00,2026-09-21T08:04:57.358+00:00,False,1,0.0,,0.0,300026.547607,300026.547607,300026.547607,300026.547607,300026.547607,300026.547607,nan,300026.547607,nan,nan,0.0,26,64,,True,False,TTFT timeout: 300.0s exceeded (TTFT: 300.025s),0,59.56268577710819
344,2026-09-21T07:59:57.695+00:00,2026-09-21T08:04:57.797+00:00,2026-09-21T08:04:57.797+00:00,False,1,0.0,,0.0,300101.75930800004,300101.75930800004,300101.75930800004,300101.75930800004,300101.75930800004,300101.75930800004,nan,300101.75930800004,nan,nan,0.0,26,64,,True,False,"HTTPConnectionPool(host='gpu06', port=9004): Read timed out.",0,59.56268577710819
345,2026-09-21T07:59:57.973+00:00,2026-09-21T08:04:58.080+00:00,2026-09-21T08:04:58.080+00:00,False,1,0.0,,0.0,300106.724566,300106.724566,300106.724566,300106.724566,300106.724566,300106.724566,nan,300106.724566,nan,nan,0.0,26,64,,True,False,"HTTPConnectionPool(host='gpu06', port=9004): Read timed out.",0,59.56268577710819
346,2026-09-21T07:59:58.332+00:00,2026-09-21T08:04:58.378+00:00,2026-09-21T08:04:58.378+00:00,False,1,0.0,,0.0,300045.47312599997,300045.47312599997,300045.47312599997,300045.47312599997,300045.47312599997,300045.47312599997,nan,300045.47312599997,nan,nan,0.0,26,64,,True,False,"HTTPConnectionPool(host='gpu06', port=9004): Read timed out.",0,59.56268577710819
347,2026-09-21T07:59:58.770+00:00,2026-09-21T08:04:58.890+00:00,2026-09-21T08:04:58.890+00:00,False,1,0.0,,0.0,300120.023227,300120.023227,300120.023227,300120.023227,300120.023227,300120.023227,nan,300120.023227,nan,nan,0.0,26,64,,True,False,"HTTPConnectionPool(host='gpu06', port=9004): Read timed out.",0,59.56268577710819
348,2026-09-21T07:59:59.134+00:00,2026-09-21T08:04:59.212+00:00,2026-09-21T08:04:59.212+00:00,False,1,0.0,,0.0,300078.219675,300078.219675,300078.219675,300078.219675,300078.219675,300078.219675,nan,300078.219675,nan,nan,0.0,26,64,,True,False,TTFT timeout: 300.0s exceeded (TTFT: 300.073s),0,59.56268577710819
349,2026-09-21T07:59:59.467+00:00,2026-09-21T08:04:59.372+00:00,2026-09-21T08:04:59.489+00:00,False,4,3.0,,3.0,299904.56477600004,300021.186088,300021.185959,75005.29648975,0.02463,299904.56477600004,149932.84806803934,254928.15067715003,38.873770666666665,33.82656381799401,0.009999293846935401,26,64,,True,False,Request timeout: 300.0s exceeded,6,59.56268577710819
350,2026-09-21T07:59:59.748+00:00,2026-09-21T08:04:59.854+00:00,2026-09-21T08:04:59.854+00:00,False,1,0.0,,0.0,300106.489772,300106.489772,300106.489772,300106.489772,300106.489772,300106.489772,nan,300106.489772,nan,nan,0.0,26,64,,True,False,"HTTPConnectionPool(host='gpu06', port=9004): Read timed out.",0,59.56268577710819
351,2026-09-21T08:00:00.115+00:00,2026-09-21T08:05:00.219+00:00,2026-09-21T08:05:00.219+00:00,False,1,0.0,,0.0,300103.856897,300103.856897,300103.856897,300103.856897,300103.856897,300103.856897,nan,300103.856897,nan,nan,0.0,26,64,,True,False,"HTTPConnectionPool(host='gpu06', port=9004): Read timed out.",0,59.56268577710819
352,2026-09-21T08:00:00.387+00:00,2026-09-21T08:05:00.492+00:00,2026-09-21T08:05:00.492+00:00,False,1,0.0,,0.0,300105.350676,300105.350676,300105.350676,300105.350676,300105.350676,300105.350676,nan,300105.350676,nan,nan,0.0,26,64,,True,False,"HTTPConnectionPool(host='gpu06', port=9004): Read timed out.",0,59.56268577710819
353,2026-09-21T08:00:00.752+00:00,2026-09-21T08:05:00.858+00:00,2026-09-21T08:05:00.858+00:00,False,1,0.0,,0.0,300106.54748199997,300106.54748199997,300106.54748199997,300106.54748199997,300106.54748199997,300106.54748199997,nan,300106.54748199997,nan,nan,0.0,26,64,,True,False,"HTTPConnectionPool(host='gpu06', port=9004): Read timed out.",0,59.56268577710819
354,2026-09-21T08:00:01.127+00:00,2026-09-21T08:05:01.166+00:00,2026-09-21T08:05:02.966+00:00,False,29,28.0,,28.0,300039.32978,301839.38558799995,301839.38555999997,10408.254674482758,0.02993,300039.32978,55703.97774661552,174.52111279999997,64.28770742857142,35.42842380552263,0.09276456730606722,26,64,,True,False,Request timeout: 300.0s exceeded,84,59.56268577710819
355,2026-09-21T08:00:01.390+00:00,2026-09-21T08:05:01.384+00:00,2026-09-21T08:05:01.490+00:00,True,2,2.0,,2.0,299994.030833,300100.609521,300100.609447,150050.3047235,106.578614,299994.030833,212052.45105681167,284999.65822205006,106.578688,nan,0.006664431649080162,26,64,,True,True,,4,59.56268577710819
356,2026-09-21T08:00:01.628+00:00,2026-09-21T08:05:01.951+00:00,2026-09-21T08:05:03.025+00:00,False,20,19.0,,19.0,300322.006908,301396.464764,301396.464742,15069.8232371,0.03971,300322.006908,67141.40020391863,15126.50718225,56.550413473684216,20.62787641482675,0.06303989004939861,26,64,,True,False,Request timeout: 300.0s exceeded,60,59.56268577710819
357,2026-09-21T08:00:01.939+00:00,2026-09-21T08:05:02.409+00:00,2026-09-21T08:05:03.068+00:00,False,14,13.0,,13.0,300469.970713,301128.389913,301128.389812,21509.170700857143,0.0482,300469.970713,80290.44304073624,105211.49184429999,50.647630769230766,16.979162695938992,0.043170954434936785,26,64,,True,False,Request timeout: 300.0s exceeded,56,59.56268577710819
358,2026-09-21T08:00:02.233+00:00,2026-09-21T08:05:03.385+00:00,2026-09-21T08:05:03.385+00:00,False,1,0.0,,0.0,301152.763777,301152.763777,301152.763777,301152.763777,301152.763777,301152.763777,nan,301152.763777,nan,nan,0.0,26,64,,True,False,"HTTPConnectionPool(host='gpu06', port=9004): Read timed out.",0,59.56268577710819
0,2026-09-21T07:58:02.270+00:00,2026-09-21T07:58:02.381+00:00,2026-09-21T07:58:05.585+00:00,True,57,57.0,,57.0,111.439758,3315.45563,3315.4555530000002,58.16588689473684,0.01582,222.626755,36.00780117713475,100.21865319999999,57.214569142857144,35.60352792743315,17.192207153741943,27,64,,False,True,,289,59.56268577710819
5,2026-09-21T07:58:03.878+00:00,2026-09-21T07:58:04.141+00:00,2026-09-21T07:58:09.038+00:00,True,80,80.0,,80.0,262.874068,5159.619028,5159.619066,64.495238325,40.364733,262.874068,24.664850579168945,77.31622105000001,61.98411341772152,10.258014527207497,15.505020732317526,27,64,,False,True,,320,59.56268577710819
3,2026-09-21T07:58:03.148+00:00,2026-09-21T07:58:05.522+00:00,2026-09-21T07:58:06.172+00:00,True,11,11.0,,11.0,2373.86175,3023.54751,3023.547514,274.8679558181818,47.313874000000006,2373.86175,696.2036981623843,1224.3544975,64.968576,8.455526673538385,3.6381105187263953,27,64,,False,True,,12,59.56268577710819
2,2026-09-21T07:58:02.867+00:00,2026-09-21T07:58:05.972+00:00,2026-09-21T07:58:09.925+00:00,True,64,64.0,,64.0,3104.8916090000002,7057.857241,7057.857266,110.27901978125,41.412345,3104.8916090000002,380.4233560945393,77.58460450000001,62.745486222222226,10.94893098424461,9.067907980373388,27,64,,False,True,,202,59.56268577710819
1,2026-09-21T07:58:02.585+00:00,2026-09-21T07:58:06.411+00:00,2026-09-21T07:58:07.920+00:00,True,26,26.0,,26.0,3825.7417880000003,5334.297052,5334.297116000001,205.1652736923077,39.493274,3825.7417880000003,738.5281663690363,78.254583,60.342210560000005,10.565369729711175,4.874119260053536,27,64,,False,True,,79,59.56268577710819
4,2026-09-21T07:58:03.487+00:00,2026-09-21T07:58:07.916+00:00,2026-09-21T07:58:11.343+00:00,True,55,55.0,,55.0,4428.9190849999995,7855.904812999999,7855.9047709999995,142.8346322,44.803905,4428.9190849999995,588.7222028284642,78.799794,63.46269866666666,10.049120904254893,7.001103158605698,27,64,,False,True,,125,59.56268577710819
6,2026-09-21T07:58:04.272+00:00,2026-09-21T07:58:11.149+00:00,2026-09-21T07:58:16.488+00:00,True,86,86.0,,86.0,6877.127068,12216.191388,12216.191442,142.04873769767443,0.0169,6877.127068,736.4027229672187,78.75672125,62.812521411764706,48.74866238229775,7.039837316602461,27,64,,False,True,,768,59.56268577710819
7,2026-09-21T07:58:04.560+00:00,2026-09-21T07:58:13.149+00:00,2026-09-21T07:58:13.149+00:00,True,4,4.0,,4.0,8589.133226,8589.233066,8589.233136,2147.308284,0.02062,8589.133226,4294.549961354719,7300.771055599999,0.03328,0.01674012950965434,0.4656993202144877,27,64,,False,True,,8,59.56268577710819
8,2026-09-21T07:58:04.939+00:00,2026-09-21T07:58:14.683+00:00,2026-09-21T07:58:18.476+00:00,True,63,63.0,,63.0,9744.27825,13536.642794,13536.642694,214.86734434920635,34.157353,9744.27825,1220.0010757115278,78.713557,61.16717006451613,10.416270743753305,4.654034309594415,27,64,,False,True,,192,59.56268577710819
9,2026-09-21T07:58:05.197+00:00,2026-09-21T07:58:16.685+00:00,2026-09-21T07:58:20.364+00:00,True,60,60.0,,60.0,11487.809630999998,15166.747999,15166.748081999998,252.7791347,38.930993,11487.809630999998,1475.0500655335004,77.7523715,62.35488759322034,9.520049543645921,3.956022741589431,27,64,,False,True,,120,59.56268577710819
10,2026-09-21T07:58:05.423+00:00,2026-09-21T07:58:17.955+00:00,2026-09-21T07:58:22.192+00:00,True,67,67.0,,67.0,12532.457557,16768.960085,16768.959977,250.28298473134328,33.867804,12532.457557,1523.2777775203438,81.7675393,64.18943224242425,10.609605369177252,3.9954773379138855,27,64,,False,True,,139,59.56268577710819
11,2026-09-21T07:58:05.662+00:00,2026-09-21T07:58:19.192+00:00,2026-09-21T07:58:22.458+00:00,True,52,52.0,,52.0,13530.066719,16795.777311,16795.777298,322.9957172692308,26.974983,13530.066719,1867.4421672019173,85.17165249999998,64.03354101960784,12.244460258866582,3.096016280588801,27,64,,False,True,,111,59.56268577710819
12,2026-09-21T07:58:05.922+00:00,2026-09-21T07:58:20.610+00:00,2026-09-21T07:58:24.035+00:00,True,54,54.0,,54.0,14687.888579,18112.676035,18112.675915,335.4199243518519,0.0,14687.888579,1991.805815411506,205.75353105000002,64.61863124528303,86.19833256208582,2.9813374840721045,27,64,,False,True,,266,59.56268577710819
13,2026-09-21T07:58:06.228+00:00,2026-09-21T07:58:22.133+00:00,2026-09-21T07:58:25.507+00:00,True,53,53.0,,53.0,15904.601756,19279.120028,19279.119857,363.7569784339623,0.0,15904.601756,2177.16201649884,218.51620060000002,64.89458215384616,79.13261069471513,2.7490881286607234,27,64,,False,True,,106,59.56268577710819
14,2026-09-21T07:58:06.496+00:00,2026-09-21T07:58:23.365+00:00,2026-09-21T07:58:29.290+00:00,True,97,97.0,,97.0,16868.255306000003,22794.182474,22794.182451000004,234.99157165979383,0.0,16868.255306000003,1707.3983990932297,77.26351079999999,61.728408,57.372079944010146,4.255471768318178,27,64,,False,True,,288,59.56268577710819
15,2026-09-21T07:58:06.886+00:00,2026-09-21T07:58:25.505+00:00,2026-09-21T07:58:27.273+00:00,True,30,30.0,,30.0,18618.837013,20386.645525,20386.645517,679.5548505666667,0.0,18618.837013,3389.013009535573,272.11432135,60.95891420689655,76.02975062551734,1.4715515587501247,27,64,,False,True,,120,59.56268577710819
16,2026-09-21T07:58:07.122+00:00,2026-09-21T07:58:26.971+00:00,2026-09-21T07:58:30.916+00:00,True,61,61.0,,61.0,19849.026001,23793.423824999998,23793.42382,390.05612819672126,0.0,19849.026001,2533.524254962863,77.439878,65.73996373333334,52.45530707282438,2.563733594990506,27,64,,False,True,,549,59.56268577710819
17,2026-09-21T07:58:07.462+00:00,2026-09-21T07:58:28.629+00:00,2026-09-21T07:58:34.671+00:00,True,96,96.0,,96.0,21166.641217999997,27209.218625999998,27209.218614999998,283.4293605729166,0.0,21166.641217999997,2155.0762592932365,83.27645150000001,63.60607797894737,73.97859472353008,3.5282159814860097,27,64,,False,True,,196,59.56268577710819
18,2026-09-21T07:58:07.710+00:00,2026-09-21T07:58:29.882+00:00,2026-09-21T07:58:30.927+00:00,True,16,16.0,,16.0,22171.959012,23216.97226,23216.97241,1451.060775625,0.0,22171.959012,5526.6531776554175,5889.444406499999,69.66754986666666,113.10493462676723,0.6891510150772778,27,64,,False,True,,32,59.56268577710819
19,2026-09-21T07:58:08.035+00:00,2026-09-21T07:58:31.710+00:00,2026-09-21T07:58:31.770+00:00,True,2,2.0,,2.0,23675.099997999998,23734.784605999997,23734.784553999998,11867.392276999999,59.68455599999999,23675.099997999998,16698.62039957571,22494.3292259,59.684608,nan,0.08426451021992477,27,64,,False,True,,11,59.56268577710819
20,2026-09-21T07:58:08.404+00:00,2026-09-21T07:58:33.533+00:00,2026-09-21T07:58:36.890+00:00,True,54,54.0,,54.0,25129.163679,28485.919391000003,28485.919437,527.5170266111111,0.0,25129.163679,3411.8499132645097,76.07218,63.33501343396226,75.63720079963393,1.895673411793093,27,64,,False,True,,108,59.56268577710819
21,2026-09-21T07:58:08.718+00:00,2026-09-21T07:58:35.385+00:00,2026-09-21T07:58:35.912+00:00,True,15,15.0,,15.0,26666.744949,27193.780597,27193.780644,1812.9187096,0.0,26666.744949,6875.667019834646,8051.1541356,37.64540342857143,30.564711554796187,0.5515967133181471,27,64,,False,True,,135,59.56268577710819
22,2026-09-21T07:58:09.080+00:00,2026-09-21T07:58:36.885+00:00,2026-09-21T07:58:42.250+00:00,True,86,86.0,,86.0,27804.820166999998,33170.179015,33170.179004,385.6997558604651,0.0,27804.820166999998,2992.171628547236,78.55685075000001,63.121868799999994,65.44477817840529,2.5926902583525293,27,64,,False,True,,344,59.56268577710819
23,2026-09-21T07:58:09.464+00:00,2026-09-21T07:58:38.576+00:00,2026-09-21T07:58:40.798+00:00,True,36,36.0,,36.0,29111.388822,31334.074774,31334.074803,870.3909667500001,0.0,29111.388822,4842.389185061752,217.72747825,63.50531291428571,103.53169334297502,1.1489089835794875,27,64,,False,True,,107,59.56268577710819
24,2026-09-21T07:58:09.732+00:00,2026-09-21T07:58:40.550+00:00,2026-09-21T07:58:41.126+00:00,True,14,14.0,,14.0,30817.774859,31394.243339,31394.243329,2242.4459520714286,0.0,30817.774859,8224.597500553218,10834.88636785,44.343729230769235,30.463715778866348,0.4459416284962115,27,64,,False,True,,112,59.56268577710819
25,2026-09-21T07:58:10.007+00:00,2026-09-21T07:58:41.813+00:00,2026-09-21T07:58:46.927+00:00,True,81,81.0,,81.0,31805.847543,36920.718583,36920.718684,455.8113417777778,0.0,31805.847543,3528.5573921404894,81.48495799999999,63.935888,109.50418253093568,2.1938901275149103,27,64,,False,True,,949,59.56268577710819
26,2026-09-21T07:58:10.283+00:00,2026-09-21T07:58:43.536+00:00,2026-09-21T07:58:44.525+00:00,True,25,25.0,,25.0,33252.406612,34241.771348,34241.771205,1369.6708482,0.015300000000000001,33252.406612,6642.318407388362,106.75375119999998,41.22353066666666,33.67172003966252,0.730102416312648,27,64,,False,True,,157,59.56268577710819
27,2026-09-21T07:58:10.549+00:00,2026-09-21T07:58:44.396+00:00,2026-09-21T07:58:48.816+00:00,True,70,70.0,,70.0,33846.730075,38266.626651,38266.626814,546.6660973428571,0.0,33846.730075,4038.701484608124,79.97597055,64.05647211594203,85.86718543461365,1.829270205560979,27,64,,False,True,,279,59.56268577710819
28,2026-09-21T07:58:10.900+00:00,2026-09-21T07:58:46.519+00:00,2026-09-21T07:58:46.658+00:00,True,3,3.0,,3.0,35619.070468000005,35757.97120400001,35757.971213000004,11919.32373766667,57.140076,35619.070468000005,20524.586423479017,32065.339488100006,69.450368,17.409534638237748,0.08389737725568754,27,64,,False,True,,3,59.56268577710819
29,2026-09-21T07:58:11.154+00:00,2026-09-21T07:58:47.570+00:00,2026-09-21T07:58:53.694+00:00,True,92,92.0,,92.0,36416.059791,42540.082575,42540.082697,462.3922032282609,0.0,36416.059791,3791.2954198632674,79.25737600000001,67.29695367032967,113.30741235460081,2.162666229850401,27,64,,False,True,,276,59.56268577710819
30,2026-09-21T07:58:11.521+00:00,2026-09-21T07:58:49.151+00:00,2026-09-21T07:58:51.834+00:00,True,44,44.0,,44.0,37630.350806999995,40313.286103,40313.286115999996,916.211048090909,44.490675,37630.350806999995,5663.588310167868,76.696673,62.393844093023255,8.131571248606354,1.0914515846607118,27,64,,False,True,,202,59.56268577710819
31,2026-09-21T07:58:11.793+00:00,2026-09-21T07:58:50.710+00:00,2026-09-21T07:58:53.687+00:00,True,43,43.0,,43.0,38917.08143,41894.562646,41894.562729,974.292156488372,0.0,38917.08143,5926.268685715066,84.67918209999999,70.8924099047619,166.38028596116985,1.0263861772073075,27,64,,False,True,,551,59.56268577710819
32,2026-09-21T07:58:12.079+00:00,2026-09-21T07:58:52.325+00:00,2026-09-21T07:58:54.550+00:00,True,36,36.0,,36.0,40245.656409,42471.112025,42471.112230000006,1179.7531175000001,0.0,40245.656409,6700.12800308992,384.8823595,63.58444617142857,207.3003693413033,0.8476349754819023,27,64,,False,True,,276,59.56268577710819
33,2026-09-21T07:58:12.322+00:00,2026-09-21T07:58:53.786+00:00,2026-09-21T07:58:55.250+00:00,True,31,31.0,,31.0,41463.913265,42927.591729,42927.591917000005,1384.7610295806453,0.02175,41463.913265,7438.424270029853,78.7319175,48.78928213333333,27.297807948439274,0.7221462642419272,27,64,,False,True,,189,59.56268577710819
34,2026-09-21T07:58:12.716+00:00,2026-09-21T07:58:55.648+00:00,2026-09-21T07:58:55.778+00:00,True,3,3.0,,3.0,42931.883608000004,43061.761112,43061.760971,14353.920323666667,56.773016000000005,42931.883608000004,24749.24353972503,38646.0056819,64.938752,11.547947519747742,0.06966737826159161,27,64,,False,True,,7,59.56268577710819
35,2026-09-21T07:58:13.138+00:00,2026-09-21T07:58:56.203+00:00,2026-09-21T07:59:00.327+00:00,True,65,65.0,,65.0,43065.610812,47189.415228,47189.41543,725.9910066153845,37.969774,43065.610812,5333.649426107863,78.9266028,64.434444,10.372736859217124,1.3774275372124558,27,64,,False,True,,556,59.56268577710819
36,2026-09-21T07:58:13.334+00:00,2026-09-21T07:58:58.932+00:00,2026-09-21T07:59:04.140+00:00,True,84,84.0,,84.0,45597.996474,50806.793914,50806.793895,604.8427844642857,0.0,45597.996474,4969.239795855337,82.73588985,62.7565956626506,97.12440976813481,1.653322194314912,27,64,,False,True,,252,59.56268577710819
37,2026-09-21T07:58:13.599+00:00,2026-09-21T07:59:01.238+00:00,2026-09-21T07:59:01.262+00:00,True,5,5.0,,5.0,47638.655355999996,47662.755963999996,47662.755969,9532.5511938,0.0,47638.655355999996,21301.96237236845,38115.7444074,6.025152,12.050304,0.10490371148022858,27,64,,False,True,,10,59.56268577710819
38,2026-09-21T07:58:14.018+00:00,2026-09-21T07:59:02.582+00:00,2026-09-21T07:59:04.633+00:00,True,35,35.0,,35.0,48564.711062,50615.456662000004,50615.456535000005,1446.155901,33.798113,48564.711062,8198.746031106428,81.8998266,60.31604705882353,10.770569421205618,0.6914883774283233,27,64,,False,True,,210,59.56268577710819
39,2026-09-21T07:58:14.359+00:00,2026-09-21T07:59:04.448+00:00,2026-09-21T07:59:10.520+00:00,True,97,97.0,,97.0,50089.533761,56161.282369,56161.282440999996,578.9822932061855,0.0,50089.533761,5081.374306484366,83.34279620000001,63.24738133333334,142.38561498150034,1.7271685386860438,27,64,,False,True,,589,59.56268577710819
40,2026-09-21T07:58:14.617+00:00,2026-09-21T07:59:05.898+00:00,2026-09-21T07:59:08.889+00:00,True,48,48.0,,48.0,51280.796204000006,54272.143404,54272.143385,1130.6696538541669,43.618904,51280.796204000006,7392.565235703646,82.17540085,63.645685106382984,9.775520828279504,0.8844316253126326,27,64,,False,True,,288,59.56268577710819
41,2026-09-21T07:58:14.886+00:00,2026-09-21T07:59:07.131+00:00,2026-09-21T07:59:07.616+00:00,True,8,8.0,,8.0,52245.279663999994,52730.32670399999,52730.326644999994,6591.290830624999,46.917695,52245.279663999994,18446.99992057339,33987.06899925,69.29243428571428,10.830135644388543,0.15171535054026394,27,64,,False,True,,88,59.56268577710819
42,2026-09-21T07:58:15.251+00:00,2026-09-21T07:59:09.042+00:00,2026-09-21T07:59:14.332+00:00,True,84,84.0,,84.0,53791.238115,59081.731299,59081.731374,703.3539449285714,0.0,53791.238115,5863.257389469055,79.48832965000001,63.74088173493976,114.61436890574791,1.421759284183701,27,64,,False,True,,168,59.56268577710819
43,2026-09-21T07:58:15.485+00:00,2026-09-21T07:59:10.348+00:00,2026-09-21T07:59:14.333+00:00,True,63,63.0,,63.0,54863.530545999995,58848.380465999995,58848.380509999995,934.1012779365078,5.028359999999999,54863.530545999995,6904.0739190193235,82.38562,64.27177290322581,15.108490704914056,1.0705477279259814,27,64,,False,True,,66,59.56268577710819
44,2026-09-21T07:58:15.864+00:00,2026-09-21T07:59:12.620+00:00,2026-09-21T07:59:17.266+00:00,True,73,73.0,,73.0,56755.10117,61401.954034,61401.954009,841.1226576575343,44.662234,56755.10117,6635.135579626564,77.991175,64.53962311111111,9.857643026810688,1.1888872455032593,27,64,,False,True,,371,59.56268577710819
45,2026-09-21T07:58:16.253+00:00,2026-09-21T07:59:14.652+00:00,2026-09-21T07:59:15.648+00:00,True,17,17.0,,17.0,58398.832818,59394.98693,59394.986785,3493.822752058824,47.912935,58398.832818,14148.69883570613,11737.6512164,62.259632,6.934945941628673,0.2862194417187996,27,64,,False,True,,136,59.56268577710819
46,2026-09-21T07:58:16.618+00:00,2026-09-21T07:59:16.456+00:00,2026-09-21T07:59:16.665+00:00,True,4,4.0,,4.0,59837.672908,60047.086540000004,60047.086427,15011.77160675,67.173516,59837.672908,29883.9343199608,50873.04138235,69.804544,3.2680132090406246,0.06661438931488249,27,64,,False,True,,21,59.56268577710819
47,2026-09-21T07:58:16.902+00:00,2026-09-21T07:59:18.026+00:00,2026-09-21T07:59:19.478+00:00,True,12,12.0,,12.0,61124.200068000006,62575.87904400001,62575.878945000004,5214.65657875,0.01604,61124.200068000006,17610.579989105423,28199.12050315,131.970816,375.5140648995343,0.19176718223266576,27,64,,False,True,,37,59.56268577710819
48,2026-09-21T07:58:17.219+00:00,2026-09-21T07:59:19.534+00:00,2026-09-21T07:59:24.633+00:00,True,82,82.0,,82.0,62315.423997,67414.343421,67414.343496,822.1261401951219,0.0,62315.423997,6875.785806482833,142.43993469999998,62.94962251851852,126.5364573043727,1.2163583569732799,27,64,,False,True,,387,59.56268577710819
49,2026-09-21T07:58:17.593+00:00,2026-09-21T07:59:21.654+00:00,2026-09-21T07:59:27.215+00:00,True,87,87.0,,87.0,64061.242625,69622.321409,69622.321594,800.256570045977,38.338033,64061.242625,6861.1608691372385,79.957131,64.66370679069767,10.153087039729495,1.249599241153048,27,64,,False,True,,91,59.56268577710819
50,2026-09-21T07:58:17.978+00:00,2026-09-21T07:59:23.919+00:00,2026-09-21T07:59:27.603+00:00,True,58,58.0,,58.0,65941.49031400001,69625.29729000002,69625.29714800001,1200.4361577241382,43.071054,65941.49031400001,8650.060857679193,80.02398699999999,64.62819256140351,9.4619047635271,0.8330305543748147,27,64,,False,True,,231,59.56268577710819
51,2026-09-21T07:58:18.262+00:00,2026-09-21T07:59:25.490+00:00,2026-09-21T07:59:30.893+00:00,True,85,85.0,,85.0,67227.67670299999,72630.62403099998,72630.623998,854.4779293882352,44.755274,67227.67670299999,7284.894287891948,79.48048899999999,64.32080152380952,9.018353004930077,1.1703052415427486,27,64,,False,True,,239,59.56268577710819
52,2026-09-21T07:58:18.572+00:00,2026-09-21T07:59:27.150+00:00,2026-09-21T07:59:31.487+00:00,True,69,69.0,,69.0,68578.309817,72915.204281,72915.204308,1056.7420914202899,40.192023999999996,68578.309817,8248.186982994346,79.52912100000002,63.77785976470588,10.515614867313804,0.9463046929703218,27,64,,False,True,,72,59.56268577710819
53,2026-09-21T07:58:18.812+00:00,2026-09-21T07:59:28.192+00:00,2026-09-21T07:59:29.098+00:00,True,15,15.0,,15.0,69380.219494,70286.24343,70286.243483,4685.749565533333,55.429925000000004,69380.219494,17897.187328889326,20868.4877304,64.71599542857143,7.03602621882426,0.21341302747156934,27,64,,False,True,,22,59.56268577710819
54,2026-09-21T07:58:19.127+00:00,2026-09-21T07:59:29.845+00:00,2026-09-21T07:59:34.800+00:00,True,67,67.0,,67.0,70717.871316,75672.48072400001,75672.480832,1129.4400124179106,0.0,70717.871316,8633.105595758381,83.068335,75.06983951515151,218.1061569295301,0.8853945233323178,27,64,,False,True,,67,59.56268577710819
55,2026-09-21T07:58:19.392+00:00,2026-09-21T07:59:31.484+00:00,2026-09-21T07:59:35.040+00:00,True,44,44.0,,44.0,72091.567352,75648.37119199999,75648.371135,1719.2811621590909,0.0,72091.567352,10859.709315155702,1151.32590285,82.71636837209302,296.9626193295595,0.5816384319541452,27,64,,False,True,,44,59.56268577710819
56,2026-09-21T07:58:19.781+00:00,2026-09-21T07:59:33.060+00:00,2026-09-21T07:59:34.773+00:00,True,20,20.0,,20.0,73278.594201,74991.489945,74991.490021,3749.57450105,0.01622,73278.594201,16367.562139176767,4805.747074299999,90.15240757894736,271.2221713644682,0.26669692807368317,27,64,,False,True,,157,59.56268577710819
57,2026-09-21T07:58:20.042+00:00,2026-09-21T07:59:34.917+00:00,2026-09-21T07:59:34.917+00:00,True,1,1.0,,1.0,74874.800847,74874.800847,74874.800847,74874.800847,74874.800847,74874.800847,nan,74874.800847,nan,nan,0.013355628177808594,27,64,,False,True,,2,59.56268577710819
58,2026-09-21T07:58:20.274+00:00,2026-09-21T07:59:36.038+00:00,2026-09-21T07:59:37.635+00:00,True,26,26.0,,26.0,75763.504592,77361.191632,77361.19143199999,2975.4304396923076,7.538001,75763.504592,14845.935166262141,144.2399175,63.907481600000004,26.524908686071612,0.3360858261294576,27,64,,False,True,,33,59.56268577710819
59,2026-09-21T07:58:20.513+00:00,2026-09-21T07:59:37.312+00:00,2026-09-21T07:59:43.039+00:00,True,91,91.0,,91.0,76799.74845900001,82526.20964300001,82526.20951300001,906.8814232197803,39.326164,76799.74845900001,8044.138629171696,78.430357,63.62734648888889,10.979621660474837,1.1026799897106234,27,64,,False,True,,812,59.56268577710819
60,2026-09-21T07:58:20.850+00:00,2026-09-21T07:59:39.108+00:00,2026-09-21T07:59:44.998+00:00,True,93,93.0,,93.0,78258.065402,84148.328442,84148.32845999999,904.8207361290322,40.982873,78258.065402,8108.352103242964,81.3550796,64.02459826086957,11.301426618746973,1.1051912940148432,27,64,,False,True,,647,59.56268577710819
61,2026-09-21T07:58:21.151+00:00,2026-09-21T07:59:40.650+00:00,2026-09-21T07:59:42.241+00:00,True,26,26.0,,26.0,79498.735576,81089.404632,81089.404586,3118.8232533076925,43.519954,79498.735576,15578.510242237626,82.18755949999999,63.626762240000005,10.968740809163107,0.3206337513266156,27,64,,False,True,,52,59.56268577710819
62,2026-09-21T07:58:21.407+00:00,2026-09-21T07:59:41.830+00:00,2026-09-21T07:59:46.968+00:00,True,61,61.0,,61.0,80422.976853,85560.665429,85560.665395,1402.6338589344261,0.0,80422.976853,10288.412964506228,78.14656699999999,85.62814293333334,217.91108388730868,0.7129444318150968,27,64,,False,True,,244,59.56268577710819
63,2026-09-21T07:58:21.670+00:00,2026-09-21T07:59:43.098+00:00,2026-09-21T07:59:43.928+00:00,True,14,14.0,,14.0,81428.321298,82258.751506,82258.75150099999,5875.625107214285,44.108404,81428.321298,21745.565066243904,28551.247859849995,63.87924676923077,12.347788893664093,0.17019465702660017,27,64,,False,True,,56,59.56268577710819
64,2026-09-21T07:58:21.910+00:00,2026-09-21T07:59:44.308+00:00,2026-09-21T07:59:46.976+00:00,True,35,35.0,,35.0,82398.28361900001,85066.44873900001,85066.44862400001,2430.4699606857143,0.0,82398.28361900001,13917.62470430294,575.9062681,78.47544470588235,295.1297325463028,0.41144306032319083,27,64,,False,True,,129,59.56268577710819
65,2026-09-21T07:58:22.252+00:00,2026-09-21T07:59:46.962+00:00,2026-09-21T07:59:49.650+00:00,True,54,54.0,,54.0,84710.193127,87397.88643900001,87397.88640300001,1618.4793778333335,0.0,84710.193127,11520.726397291402,77.21164599999999,50.71119456603774,26.605116401552806,0.6178639118199923,27,64,,False,True,,81,59.56268577710819
66,2026-09-21T07:58:22.480+00:00,2026-09-21T07:59:47.424+00:00,2026-09-21T07:59:49.308+00:00,True,31,31.0,,31.0,84944.098254,86828.091598,86828.09161,2800.906180967742,40.431654,84944.098254,15245.13418821942,77.8836015,62.799778133333334,9.628280195129188,0.35702731028023715,27,64,,False,True,,63,59.56268577710819
67,2026-09-21T07:58:22.808+00:00,2026-09-21T07:59:48.818+00:00,2026-09-21T07:59:50.485+00:00,True,28,28.0,,28.0,86010.524103,87677.469383,87677.46946000001,3131.3381950000003,41.952144,86010.524103,16242.796356642146,74.78342484999999,61.738714074074075,9.489798008292444,0.3193522828275081,27,64,,False,True,,140,59.56268577710819
68,2026-09-21T07:58:23.264+00:00,2026-09-21T07:59:49.589+00:00,2026-09-21T07:59:51.604+00:00,True,33,33.0,,33.0,86325.091703,88339.35346299999,88339.35329,2676.9500996969696,46.707553999999995,86325.091703,15016.314709481054,78.446347,62.94568,8.858305590319105,0.37355944668331426,27,64,,False,True,,196,59.56268577710819
69,2026-09-21T07:58:23.480+00:00,2026-09-21T07:59:52.459+00:00,2026-09-21T07:59:58.385+00:00,True,94,94.0,,94.0,88978.326183,94904.851623,94904.851644,1009.6260813191489,0.015220000000000001,88978.326183,9171.963847635838,111.39372085,63.72608,144.30662847450452,0.9904656968792868,27,64,,False,True,,374,59.56268577710819
70,2026-09-21T07:58:23.724+00:00,2026-09-21T07:59:54.142+00:00,2026-09-21T07:59:59.473+00:00,True,93,93.0,,93.0,90418.29050599999,95748.53537,95748.535385,1029.554143924731,0.016579999999999998,90418.29050599999,9369.985755202499,98.2565906,57.93744417391304,31.8760423068377,0.9712942306701731,27,64,,False,True,,372,59.56268577710819
71,2026-09-21T07:58:23.994+00:00,2026-09-21T07:59:55.158+00:00,2026-09-21T07:59:58.310+00:00,True,52,52.0,,52.0,91164.00254700001,94316.453875,94316.453695,1813.777955673077,0.03049,91164.00254700001,12633.630449797423,87.90310644999998,61.8127711372549,27.719276783497545,0.5513354018686594,27,64,,False,True,,234,59.56268577710819
72,2026-09-21T07:58:24.262+00:00,2026-09-21T07:59:56.672+00:00,2026-09-21T08:00:02.894+00:00,True,82,82.0,,82.0,92410.621193,98632.148745,98632.14882,1202.8310831707317,0.0,92410.621193,10198.644283154506,77.5570805,76.80898212345679,207.27393491875236,0.8313719313973362,27,64,,False,True,,82,59.56268577710819
73,2026-09-21T07:58:24.539+00:00,2026-09-21T07:59:57.730+00:00,2026-09-21T08:00:02.887+00:00,True,74,74.0,,74.0,93191.330587,98348.48770700001,98348.48781,1329.033619054054,0.0,93191.330587,10827.247908391366,80.39289115,70.64598794520548,219.17518435113521,0.7524264147351298,27,64,,False,True,,147,59.56268577710819
74,2026-09-21T07:58:24.909+00:00,2026-09-21T07:59:59.777+00:00,2026-09-21T08:00:03.733+00:00,True,63,63.0,,63.0,94867.26509900001,98824.022091,98824.02212700002,1568.635271857143,0.0,94867.26509900001,11946.438956327105,76.63306510000001,63.81866116129032,237.72750123233098,0.6374968217948849,27,64,,False,True,,126,59.56268577710819
75,2026-09-21T07:58:25.213+00:00,2026-09-21T08:00:02.909+00:00,2026-09-21T08:00:05.574+00:00,True,67,67.0,,67.0,97696.362912,100360.997536,100360.997527,1497.9253362238805,0.0,97696.362912,11930.621263625259,75.5267,40.373251878787876,32.37789434169857,0.6675900164898895,27,64,,False,True,,403,59.56268577710819
76,2026-09-21T07:58:25.447+00:00,2026-09-21T08:00:02.913+00:00,2026-09-21T08:00:03.409+00:00,True,14,14.0,,14.0,97465.429989,97962.272485,97962.272442,6997.305174428571,0.0,97465.429989,26038.534674772178,34162.3290942,38.21865353846154,31.12927883142015,0.14291216041505858,27,64,,False,True,,34,59.56268577710819
77,2026-09-21T07:58:25.857+00:00,2026-09-21T08:00:04.563+00:00,2026-09-21T08:00:05.728+00:00,True,18,18.0,,18.0,98705.50265099999,99871.31922699999,99871.31904399999,5548.406613555555,48.872474000000004,98705.50265099999,23248.948147955263,14876.205055099997,68.57744564705882,9.729350526018791,0.1802319238327808,27,64,,False,True,,68,59.56268577710819
78,2026-09-21T07:58:26.089+00:00,2026-09-21T08:00:05.655+00:00,2026-09-21T08:00:08.100+00:00,True,41,41.0,,41.0,99566.059903,102010.805887,102010.805958,2488.0684380000002,44.760334,99566.059903,15540.063572656227,75.908436,61.118649600000005,9.0527816232994,0.4019182050714976,27,64,,False,True,,379,59.56268577710819
79,2026-09-21T07:58:26.469+00:00,2026-09-21T08:00:07.546+00:00,2026-09-21T08:00:12.575+00:00,True,81,81.0,,81.0,101077.00484000001,106105.77130400001,106105.77125300001,1309.9477932469138,43.178514,101077.00484000001,11223.798005600915,76.499586,62.859580799999996,9.639709587979919,0.7633892012144153,27,64,,True,True,,87,59.56268577710819
80,2026-09-21T07:58:26.707+00:00,2026-09-21T08:00:09.019+00:00,2026-09-21T08:00:13.866+00:00,True,77,77.0,,77.0,102311.77282500001,107158.960537,107158.96041100001,1391.6748105324675,42.235932999999996,102311.77282500001,11652.244298120318,77.06860579999999,63.778785684210526,9.664715191825842,0.718558668487768,27,64,,True,True,,115,59.56268577710819
81,2026-09-21T07:58:27.040+00:00,2026-09-21T08:00:10.764+00:00,2026-09-21T08:00:14.121+00:00,True,53,53.0,,53.0,103724.422574,107081.35825399999,107081.358279,2020.4029863962264,45.823302000000005,103724.422574,14238.780348432245,75.541323,64.55645538461539,8.820718397540027,0.4949507632718153,27,64,,True,True,,106,59.56268577710819
82,2026-09-21T07:58:27.365+00:00,2026-09-21T08:00:12.209+00:00,2026-09-21T08:00:15.460+00:00,True,53,53.0,,53.0,104844.380917,108095.17925300001,108095.179263,2039.5316842075472,43.162203999999996,104844.380917,14392.899084583676,77.886735,62.515352615384614,9.287769104703935,0.49030863694625926,27,64,,True,True,,265,59.56268577710819
83,2026-09-21T07:58:27.773+00:00,2026-09-21T08:00:14.551+00:00,2026-09-21T08:00:16.797+00:00,True,37,37.0,,37.0,106777.932991,109024.25798299999,109024.257858,2946.6015637297296,42.276844,106777.932991,17543.928095632775,75.56715840000001,62.39791644444445,8.90867362803565,0.33937401349495416,27,64,,True,True,,83,59.56268577710819
84,2026-09-21T07:58:28.088+00:00,2026-09-21T08:00:16.342+00:00,2026-09-21T08:00:19.942+00:00,True,57,57.0,,57.0,108254.252306,111854.77352199999,111854.773542,1962.3644481052631,44.888453999999996,108254.252306,14330.113173950536,76.7288946,64.29502171428571,9.75461949263129,0.5095893380785312,27,64,,True,True,,248,59.56268577710819
85,2026-09-21T07:58:28.400+00:00,2026-09-21T08:00:17.775+00:00,2026-09-21T08:00:19.353+00:00,True,26,26.0,,26.0,109374.641718,110953.040694,110953.040645,4267.424640192307,45.336433,109374.641718,21437.752644092758,79.9828005,63.135959039999996,10.792785130950229,0.23433337056265102,27,64,,True,True,,52,59.56268577710819
86,2026-09-21T07:58:28.810+00:00,2026-09-21T08:00:19.943+00:00,2026-09-21T08:00:23.495+00:00,True,58,58.0,,58.0,111132.328027,114684.281435,114684.28142099999,1977.315196913793,47.685133,111132.328027,14584.21030701499,79.378578,62.314972070175436,9.585924134787406,0.5057362637169494,27,64,,True,True,,232,59.56268577710819
87,2026-09-21T07:58:29.171+00:00,2026-09-21T08:00:21.535+00:00,2026-09-21T08:00:25.928+00:00,True,72,72.0,,72.0,112363.942638,116756.89623799999,116756.896253,1621.6235590694444,46.241774,112363.942638,13234.929059463424,76.66518655,61.87258591549296,9.240381327018845,0.6166659299784187,27,64,,True,True,,216,59.56268577710819
88,2026-09-21T07:58:29.582+00:00,2026-09-21T08:00:23.626+00:00,2026-09-21T08:00:24.992+00:00,True,23,23.0,,23.0,114044.84964900001,115410.275569,115410.27569100002,5017.83807352174,43.482873,114044.84964900001,23767.05520547783,75.79315500000001,62.064814545454546,8.965898811722521,0.19928901379538824,27,64,,True,True,,322,59.56268577710819
89,2026-09-21T07:58:29.990+00:00,2026-09-21T08:00:26.115+00:00,2026-09-21T08:00:26.772+00:00,True,11,11.0,,11.0,116124.45518199999,116782.22695799998,116782.22703099999,10616.566093727271,52.055203999999996,116124.45518199999,34993.00935744008,58100.651763999995,65.7771776,10.072166936675204,0.09419241511772235,27,64,,True,True,,53,59.56268577710819
90,2026-09-21T07:58:30.361+00:00,2026-09-21T08:00:27.758+00:00,2026-09-21T08:00:29.427+00:00,True,28,28.0,,28.0,117396.223686,119065.596102,119065.596171,4252.342720392857,44.056233,117396.223686,22174.11843383273,77.40478249999998,61.828608,9.677463934113954,0.23516448845570154,27,64,,True,True,,56,59.56268577710819
91,2026-09-21T07:58:30.753+00:00,2026-09-21T08:00:29.852+00:00,2026-09-21T08:00:29.930+00:00,True,2,2.0,,2.0,119098.492762,119177.29544999999,119177.295338,59588.647669,78.802576,119098.492762,84159.63002524257,113147.50825269999,78.802688,nan,0.016781719978190696,27,64,,True,True,,8,59.56268577710819
92,2026-09-21T07:58:31.009+00:00,2026-09-21T08:00:31.172+00:00,2026-09-21T08:00:31.172+00:00,True,1,1.0,,1.0,120163.50228300001,120163.50228300001,120163.50228300001,120163.50228300001,120163.50228300001,120163.50228300001,nan,120163.50228300001,nan,nan,0.008321994457558964,27,64,,True,True,,3,59.56268577710819
93,2026-09-21T07:58:31.244+00:00,2026-09-21T08:00:32.335+00:00,2026-09-21T08:00:35.869+00:00,True,57,57.0,,57.0,121090.863575,124625.022423,124625.02234699999,2186.4039008245613,43.754903,121090.863575,16030.520101447612,76.099928,63.10997942857143,9.082927937943452,0.4573720340569459,27,64,,True,True,,342,59.56268577710819
94,2026-09-21T07:58:31.588+00:00,2026-09-21T08:00:33.972+00:00,2026-09-21T08:00:38.911+00:00,True,81,81.0,,81.0,122383.729681,127323.157777,127323.157777,1571.8908367530864,44.485354,122383.729681,13591.33494769308,75.724165,61.742851200000004,9.204306028364018,0.6361764930608095,27,64,,True,True,,247,59.56268577710819
95,2026-09-21T07:58:31.888+00:00,2026-09-21T08:00:35.396+00:00,2026-09-21T08:00:36.431+00:00,True,18,18.0,,18.0,123508.162245,124543.635653,124543.635822,6919.090879,45.476474,123508.162245,29096.79802183376,18596.78043635,60.91020047058824,10.184762100424525,0.14452765816272697,27,64,,True,True,,0,59.56268577710819
96,2026-09-21T07:58:32.263+00:00,2026-09-21T08:00:37.353+00:00,2026-09-21T08:00:38.280+00:00,True,16,16.0,,16.0,125089.292161,126016.563073,126016.56308,7876.0351925,43.627832999999995,125089.292161,31256.87049856659,31331.413729750002,61.8180608,11.497480183293948,0.12696743673870375,27,64,,True,True,,80,59.56268577710819
97,2026-09-21T07:58:32.635+00:00,2026-09-21T08:00:39.310+00:00,2026-09-21T08:00:45.619+00:00,True,98,98.0,,98.0,126674.287248,132983.445136,132983.445017,1356.9739287448979,43.415343,126674.287248,12789.468618811621,78.7122148,65.04286482474227,9.62032562788055,0.7369338333788615,27,64,,True,True,,98,59.56268577710819
99,2026-09-21T07:58:33.383+00:00,2026-09-21T08:00:42.169+00:00,2026-09-21T08:00:46.402+00:00,True,67,67.0,,67.0,128785.78017299999,133019.513293,133019.513158,1985.3658680298506,46.662572999999995,128785.78017299999,15725.85347715107,80.11846100000001,64.14747151515152,10.00291685667961,0.5036854995283297,27,64,,True,True,,226,59.56268577710819
98,2026-09-21T07:58:33.378+00:00,2026-09-21T08:00:43.434+00:00,2026-09-21T08:00:45.057+00:00,True,26,26.0,,26.0,130056.855457,131679.37347299999,131679.373428,5064.591285692308,52.080394,130056.855457,25493.521233636904,77.51894575,64.90072064,8.83993572046914,0.19744929911388992,27,64,,True,True,,50,59.56268577710819
100,2026-09-21T07:58:33.560+00:00,2026-09-21T08:00:43.633+00:00,2026-09-21T08:00:46.601+00:00,True,47,47.0,,47.0,130073.033253,133041.476645,133041.476484,2830.669712425532,46.772174,130073.033253,18963.69118381193,80.317675,64.53137808695652,9.156822219735393,0.35327328879107395,27,64,,True,True,,211,59.56268577710819
101,2026-09-21T07:58:33.850+00:00,2026-09-21T08:00:46.154+00:00,2026-09-21T08:00:46.750+00:00,True,10,10.0,,10.0,132304.05022,132900.130348,132900.130345,13290.0130345,54.384614,132304.05022,41817.270838300596,72802.6666402,66.23112533333334,8.247567984588912,0.07524447097090818,27,64,,True,True,,120,59.56268577710819
102,2026-09-21T07:58:34.244+00:00,2026-09-21T08:00:48.223+00:00,2026-09-21T08:00:50.104+00:00,True,31,31.0,,31.0,133978.824123,135859.542203,135859.542153,4382.565875903226,47.109233,133978.824123,24052.048613155035,78.0596655,62.69060266666666,7.074279649531872,0.22817683246481213,27,64,,True,True,,186,59.56268577710819
103,2026-09-21T07:58:34.579+00:00,2026-09-21T08:00:49.975+00:00,2026-09-21T08:00:53.174+00:00,True,52,52.0,,52.0,135396.604519,138595.14301499998,138595.143097,2665.291213403846,43.069873,135396.604519,18767.436266311754,79.89668950000001,62.71644109803922,10.164060319520914,0.37519352315522414,27,64,,True,True,,156,59.56268577710819
104,2026-09-21T07:58:34.808+00:00,2026-09-21T08:00:51.183+00:00,2026-09-21T08:00:54.842+00:00,True,58,58.0,,58.0,136374.59813499998,140033.430519,140033.43055699999,2414.3694923620687,44.990223,136374.59813499998,17898.435844158295,77.33585950000001,64.1900418245614,9.343247995100269,0.4141868108567865,27,64,,True,True,,232,59.56268577710819
105,2026-09-21T07:58:35.137+00:00,2026-09-21T08:00:52.914+00:00,2026-09-21T08:00:56.659+00:00,True,60,60.0,,60.0,137776.81297,141521.623722,141521.623949,2358.6937324833334,44.049433,137776.81297,17778.71804212278,77.92833455,63.471368677966105,8.69505294338713,0.42396347937515083,27,64,,True,True,,240,59.56268577710819
106,2026-09-21T07:58:35.432+00:00,2026-09-21T08:00:54.367+00:00,2026-09-21T08:00:55.486+00:00,True,19,19.0,,19.0,138934.892257,140054.370529,140054.37062,7371.2826642105265,48.197623,138934.892257,31859.58319847154,13959.9266452,62.193237333333336,8.374320802470258,0.1356616000502877,27,64,,True,True,,19,59.56268577710819
107,2026-09-21T07:58:35.849+00:00,2026-09-21T08:00:56.799+00:00,2026-09-21T08:00:59.605+00:00,True,45,45.0,,45.0,140950.10242500002,143755.64533700002,143755.645393,3194.5698976222225,44.458023999999995,140950.10242500002,21002.098423792297,76.4164058,63.76233890909091,11.07765897187406,0.31303118492848386,27,64,,True,True,,153,59.56268577710819
108,2026-09-21T07:58:36.244+00:00,2026-09-21T08:00:58.885+00:00,2026-09-21T08:00:59.346+00:00,True,8,8.0,,8.0,142640.278159,143101.581455,143101.58152500002,17887.697690625002,47.025783000000004,142640.278159,50407.655909751156,92743.09793415,65.90047085714286,12.221492673391788,0.055904343744207295,27,64,,True,True,,40,59.56268577710819
109,2026-09-21T07:58:36.604+00:00,2026-09-21T08:01:00.444+00:00,2026-09-21T08:01:06.216+00:00,True,92,92.0,,92.0,143839.927706,149611.614106,149611.613956,1626.213195173913,42.239443,143839.927706,14989.740102549908,78.05678755,63.425125274725275,10.310449433033316,0.6149255226590757,27,64,,True,True,,1008,59.56268577710819
110,2026-09-21T07:58:37.013+00:00,2026-09-21T08:01:02.455+00:00,2026-09-21T08:01:06.825+00:00,True,71,71.0,,71.0,145442.536064,149811.899008,149811.898889,2110.026744915493,42.324053,145442.536064,17253.448012469253,76.5207655,62.41947062857143,9.2200583418785,0.47392764173030455,27,64,,True,True,,284,59.56268577710819
111,2026-09-21T07:58:37.344+00:00,2026-09-21T08:01:04.380+00:00,2026-09-21T08:01:08.339+00:00,True,64,64.0,,64.0,147035.842943,150994.854015,150994.85403699998,2359.2945943281247,46.029243,147035.842943,18371.627316823113,76.81311199999999,62.84144558730159,8.917032500809196,0.4238555043315726,27,64,,True,True,,320,59.56268577710819
112,2026-09-21T07:58:37.689+00:00,2026-09-21T08:01:06.221+00:00,2026-09-21T08:01:11.021+00:00,True,77,77.0,,77.0,148531.71300400002,153331.84254,153331.84258100003,1991.3226309220781,40.629752999999994,148531.71300400002,16919.564937597348,78.3430176,63.15959915789474,10.151830829152594,0.5021787955095683,27,64,,True,True,,386,59.56268577710819
113,2026-09-21T07:58:37.933+00:00,2026-09-21T08:01:07.764+00:00,2026-09-21T08:01:12.360+00:00,True,73,73.0,,73.0,149830.94501199998,154426.15985999999,154426.15968299998,2115.4268449726023,45.093534,149830.94501199998,17528.918548391426,78.72562599999999,63.82242844444445,9.813126819631329,0.47271783528244504,27,64,,True,True,,1,59.56268577710819
114,2026-09-21T07:58:38.242+00:00,2026-09-21T08:01:09.302+00:00,2026-09-21T08:01:12.482+00:00,True,51,51.0,,51.0,151059.848074,154240.424842,154240.42466000002,3024.322052156863,41.924803999999995,151059.848074,21143.704485682974,78.6521855,63.61153536,9.757276218259872,0.33065261621421954,27,64,,True,True,,250,59.56268577710819
115,2026-09-21T07:58:38.547+00:00,2026-09-21T08:01:11.223+00:00,2026-09-21T08:01:13.099+00:00,True,31,31.0,,31.0,152676.347767,154551.939703,154551.939655,4985.546440483871,50.146252,152676.347767,27410.254136660813,80.477101,62.5197312,9.094742126118662,0.20057981840649947,27,64,,True,True,,124,59.56268577710819
116,2026-09-21T07:58:38.965+00:00,2026-09-21T08:01:13.313+00:00,2026-09-21T08:01:17.044+00:00,True,59,59.0,,59.0,154347.808557,158079.567661,158079.567524,2679.3147037966105,47.347744,154347.808557,20085.998731082935,78.31887499999999,64.34067420689655,9.18699821210794,0.37322976569954247,27,64,,True,True,,295,59.56268577710819
117,2026-09-21T07:58:39.269+00:00,2026-09-21T08:01:15.149+00:00,2026-09-21T08:01:19.506+00:00,True,70,70.0,,70.0,155879.396693,160236.084821,160236.084786,2289.0869255142857,44.667714,155879.396693,18623.60758234674,77.03275149999999,63.14040765217391,10.380652377996782,0.4368554066844377,27,64,,True,True,,210,59.56268577710819
118,2026-09-21T07:58:39.513+00:00,2026-09-21T08:01:16.416+00:00,2026-09-21T08:01:17.983+00:00,True,26,26.0,,26.0,156902.916371,158469.646867,158469.646977,6094.986422192308,44.352214,156902.916371,30758.904621505262,78.621616,62.669219840000004,9.859471723756702,0.16406927455212425,27,64,,True,True,,34,59.56268577710819
119,2026-09-21T07:58:39.879+00:00,2026-09-21T08:01:18.301+00:00,2026-09-21T08:01:20.439+00:00,True,35,35.0,,35.0,158422.056453,160559.983877,160559.983762,4587.4281074857145,43.951213,158422.056453,26767.58853887531,84.5096366,62.88021835294118,11.076411687404189,0.21798706723097588,27,64,,True,True,,143,59.56268577710819
120,2026-09-21T07:58:40.156+00:00,2026-09-21T08:01:19.773+00:00,2026-09-21T08:01:22.205+00:00,True,40,40.0,,40.0,159617.33195300002,162048.36094500002,162048.360898,4051.2090224500002,43.986934,159617.33195300002,25227.862226546502,77.0680045,62.33407671794872,10.071250213116077,0.24683989252798547,27,64,,True,True,,269,59.56268577710819
121,2026-09-21T07:58:40.404+00:00,2026-09-21T08:01:21.123+00:00,2026-09-21T08:01:26.350+00:00,True,83,83.0,,83.0,160719.412399,165945.552815,165945.553027,1999.3440123734938,42.929972,160719.412399,17634.254249654332,77.9308269,63.733419707317076,9.511084955333855,0.5001640513532191,27,64,,True,True,,498,59.56268577710819
122,2026-09-21T07:58:40.816+00:00,2026-09-21T08:01:23.293+00:00,2026-09-21T08:01:28.187+00:00,True,79,79.0,,79.0,162476.427589,167370.422853,167370.422763,2118.6129463670886,43.323762,162476.427589,18272.969452925416,76.6866231,62.743529025641024,9.356478169640205,0.47200693320459025,27,64,,True,True,,175,59.56268577710819
123,2026-09-21T07:58:41.162+00:00,2026-09-21T08:01:24.999+00:00,2026-09-21T08:01:28.042+00:00,True,50,50.0,,50.0,163837.553517,166880.58865299998,166880.588739,3337.61177478,45.704952,163837.553517,23161.348425531745,78.98724415,62.10275787755102,9.872327277815808,0.29961543402730056,27,64,,True,True,,202,59.56268577710819
124,2026-09-21T07:58:41.538+00:00,2026-09-21T08:01:26.830+00:00,2026-09-21T08:01:30.616+00:00,True,61,61.0,,61.0,165292.572835,169078.289827,169078.289679,2771.7752406393442,45.155752,165292.572835,21155.46873494877,76.658074,63.095283200000004,9.173945876824064,0.3607796131745529,27,64,,True,True,,671,59.56268577710819
125,2026-09-21T07:58:41.945+00:00,2026-09-21T08:01:28.697+00:00,2026-09-21T08:01:33.935+00:00,True,85,85.0,,85.0,166751.834984,171989.82179999998,171989.82169699998,2023.4096670235292,42.256921999999996,166751.834984,18080.014429504114,76.825922,62.356985904761906,8.64356769421156,0.4942152919888659,27,64,,True,True,,177,59.56268577710819
126,2026-09-21T07:58:42.204+00:00,2026-09-21T08:01:29.955+00:00,2026-09-21T08:01:34.906+00:00,True,80,80.0,,80.0,167751.275515,172702.110459,172702.110432,2158.7763803999997,43.418942,167751.275515,18748.158301688905,75.5824125,62.668796759493674,8.968459194595019,0.4632253756910067,27,64,,True,True,,320,59.56268577710819
127,2026-09-21T07:58:42.511+00:00,2026-09-21T08:01:31.776+00:00,2026-09-21T08:01:37.060+00:00,True,85,85.0,,85.0,169264.29303099998,174548.90768699997,174548.907476,2053.5165585411764,44.907543,169264.29303099998,18352.468623804456,75.931854,62.91207923809524,8.846608437241668,0.48696953264480736,27,64,,True,True,,338,59.56268577710819
129,2026-09-21T07:58:43.590+00:00,2026-09-21T08:01:35.948+00:00,2026-09-21T08:01:39.397+00:00,True,55,55.0,,55.0,172357.904724,175806.82043599998,175806.820591,3196.4876471090906,46.202152000000005,172357.904724,23232.124700319277,76.86375699999999,63.868809481481485,8.804166170983091,0.31284338038535875,27,64,,True,True,,440,59.56268577710819
128,2026-09-21T07:58:43.539+00:00,2026-09-21T08:01:36.835+00:00,2026-09-21T08:01:40.706+00:00,True,62,62.0,,62.0,173295.497217,177166.898177,177166.89818699998,2857.5306159193547,46.998942,173295.497217,22000.491746869342,76.29824355,63.46558950819672,8.796396601685434,0.3499525060153077,27,64,,True,True,,145,59.56268577710819
130,2026-09-21T07:58:43.707+00:00,2026-09-21T08:01:37.479+00:00,2026-09-21T08:01:40.981+00:00,True,56,56.0,,56.0,173771.862505,177274.452969,177274.452964,3165.6152315,44.453072,173771.862505,23212.733541206842,76.36312475,63.68346298181818,8.99374684340735,0.3158943607615742,27,64,,True,True,,560,59.56268577710819
131,2026-09-21T07:58:43.806+00:00,2026-09-21T08:01:38.372+00:00,2026-09-21T08:01:38.932+00:00,True,10,10.0,,10.0,174565.480093,175126.285725,175126.285684,17512.6285684,44.816142,174565.480093,55182.74812131799,96046.54109844999,62.31173688888889,11.296405921519955,0.05710165072365524,27,64,,True,True,,30,59.56268577710819
132,2026-09-21T07:58:44.116+00:00,2026-09-21T08:01:39.733+00:00,2026-09-21T08:01:41.110+00:00,True,23,23.0,,23.0,175616.798854,176993.98823,176993.98816799998,7695.390789913044,46.903701999999996,175616.798854,36605.582021838105,77.56659789999999,62.599517090909096,8.806883707130543,0.12994791648014611,27,64,,True,True,,92,59.56268577710819
133,2026-09-21T07:58:44.341+00:00,2026-09-21T08:01:40.835+00:00,2026-09-21T08:01:43.485+00:00,True,44,44.0,,44.0,176494.058101,179144.019573,179144.019324,4071.454984636364,44.237394,176494.058101,26598.19151020105,76.85809835,61.62701097674418,9.753755082801119,0.2456124413467807,27,64,,True,True,,110,59.56268577710819
134,2026-09-21T07:58:44.577+00:00,2026-09-21T08:01:41.875+00:00,2026-09-21T08:01:46.156+00:00,True,71,71.0,,71.0,177297.946132,181579.05998800002,181579.059813,2557.451546661972,43.498152999999995,177297.946132,21034.138887312434,76.01567800000001,61.15876937142857,9.346967514983158,0.39101425023729147,27,64,,True,True,,281,59.56268577710819
135,2026-09-21T07:58:44.973+00:00,2026-09-21T08:01:44.060+00:00,2026-09-21T08:01:47.763+00:00,True,60,60.0,,60.0,179086.77746900002,182789.94726100002,182789.94724900002,3046.499120816667,43.739171,179086.77746900002,23111.902493998925,77.3625778,62.765589694915256,9.554165177063341,0.3282456223608834,27,64,,True,True,,120,59.56268577710819
136,2026-09-21T07:58:45.281+00:00,2026-09-21T08:01:45.554+00:00,2026-09-21T08:01:47.488+00:00,True,32,32.0,,32.0,180272.913798,182206.32231,182206.322282,5693.9475713125,45.609453,180272.913798,31857.026136823682,80.57374645,62.36801651612903,9.5863127800524,0.1756250803721082,27,64,,True,True,,64,59.56268577710819
137,2026-09-21T07:58:45.600+00:00,2026-09-21T08:01:47.173+00:00,2026-09-21T08:01:50.981+00:00,True,61,61.0,,61.0,181573.252232,185380.856968,185380.85694,3039.030441639344,44.735423000000004,181573.252232,23239.949028066683,75.687094,63.46007893333333,8.59657280345515,0.32905231423398623,27,64,,True,True,,313,59.56268577710819
138,2026-09-21T07:58:45.981+00:00,2026-09-21T08:01:49.306+00:00,2026-09-21T08:01:52.359+00:00,True,48,48.0,,48.0,183324.521519,186378.068527,186378.068334,3882.876423625,47.714833,183324.521519,26451.239527031677,77.96012834999999,64.96908527659573,9.135928743906279,0.2575410314065273,27,64,,True,True,,384,59.56268577710819
139,2026-09-21T07:58:46.380+00:00,2026-09-21T08:01:51.271+00:00,2026-09-21T08:01:55.792+00:00,True,72,72.0,,72.0,184890.594453,189411.300501,189411.300387,2630.712505375,42.597721,184890.594453,21782.063514568785,75.7494976,63.67191616901408,8.924323082811775,0.38012515520223605,27,64,,True,True,,218,59.56268577710819
140,2026-09-21T07:58:46.748+00:00,2026-09-21T08:01:52.960+00:00,2026-09-21T08:01:55.664+00:00,True,43,43.0,,43.0,186212.36666600002,188915.78708200002,188915.78717400003,4393.390399395349,45.250602,186212.36666600002,28387.305090350477,79.500399,64.36715276190476,8.677315510278174,0.2276146459974549,27,64,,True,True,,258,59.56268577710819
141,2026-09-21T07:58:46.974+00:00,2026-09-21T08:01:54.176+00:00,2026-09-21T08:01:55.075+00:00,True,15,15.0,,15.0,187202.796209,188101.05924899998,188101.05915699998,12540.070610466666,48.485932999999996,187202.796209,48318.98811608139,56212.51432079999,64.16164571428571,6.7772807734536515,0.07974436752184183,27,64,,True,True,,53,59.56268577710819
142,2026-09-21T07:58:47.236+00:00,2026-09-21T08:01:55.345+00:00,2026-09-21T08:01:56.212+00:00,True,15,15.0,,15.0,188108.922644,188976.52866,188976.528581,12598.435238733333,43.527502,188108.922644,48553.5151294064,56485.185315,61.97185828571428,11.270908762250071,0.07937493669908328,27,64,,True,True,,33,59.56268577710819
143,2026-09-21T07:58:47.513+00:00,2026-09-21T08:01:56.722+00:00,2026-09-21T08:02:00.972+00:00,True,68,68.0,,68.0,189209.06905000002,193459.03769000003,193459.03763,2844.9858475,43.053333,189209.06905000002,22937.279569664996,78.53924465,63.43236776119403,9.558130388465269,0.3514955972693487,27,64,,True,True,,138,59.56268577710819
144,2026-09-21T07:58:47.882+00:00,2026-09-21T08:01:58.693+00:00,2026-09-21T08:02:02.006+00:00,True,54,54.0,,54.0,190810.748418,194123.733506,194123.733537,3594.883954388889,47.761772,190810.748418,25957.54898789878,77.5794475,62.509152603773586,8.784238676956862,0.27817309622437775,27,64,,True,True,,215,59.56268577710819
145,2026-09-21T07:58:48.132+00:00,2026-09-21T08:02:00.001+00:00,2026-09-21T08:02:04.688+00:00,True,77,77.0,,77.0,191869.481923,196555.775683,196555.77564600002,2552.6724109870133,45.796852,191869.481923,21858.531375111153,77.086857,61.66176,8.470983053476363,0.3917463108496164,27,64,,True,True,,462,59.56268577710819
146,2026-09-21T07:58:48.458+00:00,2026-09-21T08:02:02.063+00:00,2026-09-21T08:02:03.112+00:00,True,18,18.0,,18.0,193605.665991,194654.216391,194654.216558,10814.12314211111,45.433193,193605.665991,45618.7559011758,29101.794383549997,61.679435294117646,8.73091605411806,0.092471667625445,27,64,,True,True,,108,59.56268577710819
147,2026-09-21T07:58:48.875+00:00,2026-09-21T08:02:04.426+00:00,2026-09-21T08:02:09.383+00:00,True,79,79.0,,79.0,195551.230545,200508.511313,200508.511154,2538.082419670886,48.457023,195551.230545,21994.08333234177,75.597127,63.55488164102564,8.080170121601679,0.3939982371954204,27,64,,True,True,,539,59.56268577710819
148,2026-09-21T07:58:49.104+00:00,2026-09-21T08:02:05.475+00:00,2026-09-21T08:02:06.090+00:00,True,11,11.0,,11.0,196370.74450799997,196985.72946799998,196985.72946099998,17907.793587363634,50.294263,196370.74450799997,59189.465199250524,98223.6116315,61.498496,7.953374910192528,0.05584160857594982,27,64,,True,True,,22,59.56268577710819
149,2026-09-21T07:58:49.486+00:00,2026-09-21T08:02:07.686+00:00,2026-09-21T08:02:13.655+00:00,True,95,95.0,,95.0,198200.015298,204168.55597000002,204168.55613100002,2149.1426961157895,40.377852,198200.015298,20328.380120452464,77.3799003,63.495113531914896,9.231836876700173,0.46530181667131465,27,64,,True,True,,285,59.56268577710819
150,2026-09-21T07:58:49.864+00:00,2026-09-21T08:02:09.626+00:00,2026-09-21T08:02:09.740+00:00,True,3,3.0,,3.0,199761.939924,199876.408532,199876.40838,66625.46946000001,52.258913,199761.939924,115299.56569936601,179791.9668859,57.234304,7.036040570352618,0.015009275091711002,27,64,,True,True,,3,59.56268577710819
151,2026-09-21T07:58:50.228+00:00,2026-09-21T08:02:11.934+00:00,2026-09-21T08:02:17.542+00:00,True,89,89.0,,89.0,201705.997661,207313.462621,207313.462504,2329.3647472359553,45.175062,201705.997661,21374.040317095012,76.358164,63.72119272727273,8.721999833335673,0.4293015941888217,27,64,,True,True,,445,59.56268577710819
152,2026-09-21T07:58:50.493+00:00,2026-09-21T08:02:13.339+00:00,2026-09-21T08:02:16.069+00:00,True,44,44.0,,44.0,202845.78122900001,205576.123629,205576.123647,4672.1846283409095,41.707783000000006,202845.78122900001,30570.581155950335,76.12635949999999,63.49633488372093,9.587757002857792,0.21403263775615355,27,64,,True,True,,200,59.56268577710819
153,2026-09-21T07:58:50.823+00:00,2026-09-21T08:02:15.196+00:00,2026-09-21T08:02:16.141+00:00,True,15,15.0,,15.0,204372.779296,205317.960992,205317.96102699998,13687.864068466666,56.188703000000004,204372.779296,52751.39336724044,61365.192293299995,67.51297828571428,7.031437515413095,0.07305741751733283,27,64,,True,True,,74,59.56268577710819
154,2026-09-21T07:58:51.240+00:00,2026-09-21T08:02:17.542+00:00,2026-09-21T08:02:19.929+00:00,True,39,39.0,,39.0,206302.62515900002,208689.59629500002,208689.596258,5351.015288666667,43.150532,206302.62515900002,33024.80180514335,80.88560209999999,62.81502989473684,10.951038087001507,0.18688042284997414,27,64,,True,True,,117,59.56268577710819
155,2026-09-21T07:58:51.576+00:00,2026-09-21T08:02:19.243+00:00,2026-09-21T08:02:23.187+00:00,True,64,64.0,,64.0,207667.311956,211611.12021199998,211611.12026,3306.4237540625,40.727572,207667.311956,25950.590853727444,78.72060635,62.600131047619044,9.945942130055412,0.302441572710746,27,64,,True,True,,75,59.56268577710819
156,2026-09-21T07:58:51.826+00:00,2026-09-21T08:02:20.593+00:00,2026-09-21T08:02:24.852+00:00,True,70,70.0,,70.0,208766.961093,213025.978565,213025.978584,3043.228265485714,43.458003,208766.961093,24945.048886283825,77.48305645,61.724890898550726,9.970334351698197,0.32859842011541845,27,64,,True,True,,451,59.56268577710819
157,2026-09-21T07:58:52.091+00:00,2026-09-21T08:02:21.997+00:00,2026-09-21T08:02:23.306+00:00,True,23,23.0,,23.0,209906.425831,211214.997223,211214.997222,9183.260748782608,43.614023,209906.425831,43756.11422923015,79.53576200000002,59.48051781818182,11.270746732909867,0.10889378264989719,27,64,,True,True,,137,59.56268577710819
158,2026-09-21T07:58:52.346+00:00,2026-09-21T08:02:23.305+00:00,2026-09-21T08:02:25.003+00:00,True,28,28.0,,28.0,210958.79738600002,212656.162378,212656.16246800002,7594.862945285715,41.288342,210958.79738600002,39855.5862016805,79.4038617,62.86537007407407,10.374357108754072,0.13166794550834374,27,64,,True,True,,0,59.56268577710819
159,2026-09-21T07:58:52.751+00:00,2026-09-21T08:02:25.396+00:00,2026-09-21T08:02:29.153+00:00,True,62,62.0,,62.0,212645.414547,216402.049427,216402.049424,3490.3556358709675,43.783561,212645.414547,26998.175117880233,79.72127694999999,61.58417836065574,9.554338025160728,0.2865037561528029,27,64,,True,True,,62,59.56268577710819
162,2026-09-21T07:58:53.738+00:00,2026-09-21T08:02:26.569+00:00,2026-09-21T08:02:31.125+00:00,True,75,75.0,,75.0,212830.537758,217386.825502,217386.825551,2898.4910073466667,42.345102,212830.537758,24568.445787850516,78.3302517,61.571456,9.452998121447774,0.3450071080747715,27,64,,True,True,,450,59.56268577710819
160,2026-09-21T07:58:53.724+00:00,2026-09-21T08:02:27.218+00:00,2026-09-21T08:02:32.744+00:00,True,89,89.0,,89.0,213494.918265,219020.83468099998,219020.83486899998,2460.908256955056,41.151082,213494.918265,22623.761797686024,77.18070460000001,62.794504727272724,9.390688975919446,0.4063540353575355,27,64,,True,True,,267,59.56268577710819
161,2026-09-21T07:58:53.728+00:00,2026-09-21T08:02:30.408+00:00,2026-09-21T08:02:36.013+00:00,True,88,88.0,,88.0,216679.32309700001,222284.787673,222284.78772300002,2525.963496852273,43.653862999999994,216679.32309700001,23091.227041717153,78.32639035,64.43062731034483,9.465782646605575,0.39588853974773813,27,64,,True,True,,362,59.56268577710819
163,2026-09-21T07:58:54.063+00:00,2026-09-21T08:02:32.405+00:00,2026-09-21T08:02:33.484+00:00,True,18,18.0,,18.0,218341.730852,219420.48131600002,219420.48129,12190.026738333334,45.961021,218341.730852,51448.68377710084,32817.210178350004,63.455909647058824,10.338199911100874,0.08203427452188097,27,64,,True,True,,108,59.56268577710819
164,2026-09-21T07:58:54.409+00:00,2026-09-21T08:02:34.118+00:00,2026-09-21T08:02:40.355+00:00,True,99,99.0,,99.0,219709.361186,225946.696226,225946.696375,2282.2898623737374,45.184491,219709.361186,22075.226924623876,76.8982592,63.64627591836735,9.39864651557175,0.43815643978691615,27,64,,True,True,,203,59.56268577710819
165,2026-09-21T07:58:54.766+00:00,2026-09-21T08:02:36.081+00:00,2026-09-21T08:02:40.232+00:00,True,67,67.0,,67.0,221314.723658,225466.413386,225466.413503,3365.1703507910447,48.091722000000004,221314.723658,27030.213505026728,77.471756,62.90438981818182,9.610005386690588,0.29716177675339855,27,64,,True,True,,238,59.56268577710819
166,2026-09-21T07:58:55.021+00:00,2026-09-21T08:02:37.181+00:00,2026-09-21T08:02:39.298+00:00,True,35,35.0,,35.0,222159.878499,224276.99389100002,224276.993954,6407.914112971429,45.784262000000005,222159.878499,37541.34900484582,74.8634187,62.26809976470588,8.46533024396503,0.1560570230266695,27,64,,True,True,,35,59.56268577710819
167,2026-09-21T07:58:55.315+00:00,2026-09-21T08:02:38.542+00:00,2026-09-21T08:02:38.933+00:00,True,7,7.0,,7.0,223227.235867,223618.051099,223618.051102,31945.435871714286,55.808283,223227.235867,84347.34574142178,156280.7723428,65.135872,6.694178044809982,0.03130337629541796,27,64,,True,True,,56,59.56268577710819
168,2026-09-21T07:58:55.670+00:00,2026-09-21T08:02:40.353+00:00,2026-09-21T08:02:41.100+00:00,True,12,12.0,,12.0,224683.05342399998,225429.217392,225429.21730899997,18785.768109083332,45.917841,224683.05342399998,64840.82989986785,101154.63715395,67.833088,11.5498714417387,0.053231786628319525,27,64,,True,True,,56,59.56268577710819
169,2026-09-21T07:58:55.934+00:00,2026-09-21T08:02:41.850+00:00,2026-09-21T08:02:47.583+00:00,True,91,91.0,,91.0,225916.164108,231648.897548,231648.897489,2545.592280098901,43.666771,225916.164108,23675.773800395524,78.70644250000001,63.697038222222226,10.13173925546114,0.39283588639200784,27,64,,True,True,,808,59.56268577710819
170,2026-09-21T07:58:56.220+00:00,2026-09-21T08:02:43.209+00:00,2026-09-21T08:02:47.202+00:00,True,64,64.0,,64.0,226988.128807,230981.534503,230981.534587,3609.086477921875,44.819252,226988.128807,28365.59433957414,77.46266685,63.387392,9.790695729746107,0.27707842593438464,27,64,,True,True,,192,59.56268577710819
171,2026-09-21T07:58:56.503+00:00,2026-09-21T08:02:44.799+00:00,2026-09-21T08:02:45.760+00:00,True,17,17.0,,17.0,228295.77192300002,229257.29000300003,229257.29002600003,13485.722942705883,41.653580999999996,228295.77192300002,55355.283907556506,45724.4004742,60.09488,12.488513234139388,0.07415249477902115,27,64,,True,True,,50,59.56268577710819
172,2026-09-21T07:58:56.812+00:00,2026-09-21T08:02:46.601+00:00,2026-09-21T08:02:51.400+00:00,True,77,77.0,,77.0,229788.61600600003,234587.92506200002,234587.92498100002,3046.596428324676,41.831732,229788.61600600003,26179.648275926604,76.63543299999998,63.148803368421056,9.230766505288685,0.328235138188163,27,64,,True,True,,235,59.56268577710819
173,2026-09-21T07:58:57.103+00:00,2026-09-21T08:02:47.779+00:00,2026-09-21T08:02:50.592+00:00,True,46,46.0,,46.0,230675.870665,233488.204745,233488.20466299998,5075.830536152173,45.128971,230675.870665,34002.08816306224,78.114557,62.49631288888889,8.876263648424759,0.19701209339563036,27,64,,True,True,,152,59.56268577710819
174,2026-09-21T07:58:57.470+00:00,2026-09-21T08:02:49.721+00:00,2026-09-21T08:02:51.014+00:00,True,22,22.0,,22.0,232251.194635,233543.605515,233543.60541999998,10615.618428181819,45.005081,232251.194635,49503.00074664251,75.31772095,61.54337523809524,8.92790264225408,0.0942008236598325,27,64,,True,True,,27,59.56268577710819
175,2026-09-21T07:58:57.793+00:00,2026-09-21T08:02:51.400+00:00,2026-09-21T08:02:54.162+00:00,True,45,45.0,,45.0,233607.445039,236369.23934300002,236369.239306,5252.649762355556,49.564042,233607.445039,34814.78605112397,79.68238679999999,62.768052363636365,9.049159909725546,0.19038010244090864,27,64,,True,True,,358,59.56268577710819
176,2026-09-21T07:58:58.093+00:00,2026-09-21T08:02:53.306+00:00,2026-09-21T08:02:55.216+00:00,True,32,32.0,,32.0,235213.60456600002,237123.63567000002,237123.63558200002,7410.1136119375005,44.875361,235213.60456600002,41569.39285698244,78.217849,61.61390658064516,9.521548967793874,0.1349506973844384,27,64,,True,True,,64,59.56268577710819
177,2026-09-21T07:58:58.411+00:00,2026-09-21T08:02:54.969+00:00,2026-09-21T08:03:00.895+00:00,True,95,95.0,,95.0,236557.955641,242483.469113,242483.469298,2552.457571557895,41.877991,236557.955641,24263.868550314874,76.9474387,63.03737736170213,9.650788903309747,0.39177928436733533,27,64,,True,True,,286,59.56268577710819
178,2026-09-21T07:58:58.819+00:00,2026-09-21T08:02:56.978+00:00,2026-09-21T08:03:02.890+00:00,True,94,94.0,,94.0,238159.15432899998,244070.55452099998,244070.55474599998,2596.495263255319,44.346631,238159.15432899998,24557.686916511888,76.3410505,63.56344292473118,9.476349256463713,0.3851345369558382,27,64,,True,True,,94,59.56268577710819
179,2026-09-21T07:58:59.154+00:00,2026-09-21T08:02:58.814+00:00,2026-09-21T08:02:58.997+00:00,True,4,4.0,,4.0,239659.37043799998,239843.00307799998,239843.003114,59960.7507785,46.148180999999994,239659.37043799998,119799.08036266878,203721.74555524997,61.21088,14.557725885243478,0.016677576367317037,27,64,,True,True,,4,59.56268577710819
180,2026-09-21T07:58:59.436+00:00,2026-09-21T08:03:00.103+00:00,2026-09-21T08:03:05.573+00:00,True,87,87.0,,87.0,240667.188114,246137.275282,246137.27518599998,2829.164082597701,39.874032,240667.188114,25795.413691628637,79.735846,63.60566474418604,10.279655198985635,0.35346129471988313,27,64,,True,True,,498,59.56268577710819
181,2026-09-21T07:58:59.737+00:00,2026-09-21T08:03:01.699+00:00,2026-09-21T08:03:03.512+00:00,True,30,30.0,,30.0,241962.045488,243774.968112,243774.968182,8125.832272733333,40.906232,241962.045488,44164.61110526521,82.3062015,62.51457324137931,10.456015305192926,0.1230643171952618,27,64,,True,True,,131,59.56268577710819
182,2026-09-21T07:59:00.125+00:00,2026-09-21T08:03:03.763+00:00,2026-09-21T08:03:09.659+00:00,True,92,92.0,,92.0,243638.45543,249534.01255,249534.012497,2712.3262227934783,43.144961,243638.45543,25394.312612683167,79.91481449999999,64.78634197802198,10.550996281621222,0.36868721445965463,27,64,,True,True,,460,59.56268577710819
183,2026-09-21T07:59:00.410+00:00,2026-09-21T08:03:05.271+00:00,2026-09-21T08:03:08.833+00:00,True,56,56.0,,56.0,244860.076463,248422.207663,248422.207728,4436.110852285715,46.287102,244860.076463,32712.150376269663,77.030898,64.76602181818183,8.304739415172156,0.22542268071285898,27,64,,True,True,,212,59.56268577710819
184,2026-09-21T07:59:00.743+00:00,2026-09-21T08:03:07.292+00:00,2026-09-21T08:03:07.957+00:00,True,11,11.0,,11.0,246549.86997,247214.226322,247214.226354,22474.020577636362,54.874352,246549.86997,74317.55231983573,123314.7352915,66.43563520000001,10.105658556331088,0.04449582114935548,27,64,,True,True,,31,59.56268577710819
186,2026-09-21T07:59:01.496+00:00,2026-09-21T08:03:09.859+00:00,2026-09-21T08:03:13.047+00:00,True,52,52.0,,52.0,248362.694452,251550.870068,251550.870194,4837.5167345,42.85439100000001,248362.694452,34433.04133354208,79.6291435,62.51324737254902,10.348714744202915,0.2067176312526496,27,64,,True,True,,104,59.56268577710819
187,2026-09-21T07:59:01.733+00:00,2026-09-21T08:03:11.222+00:00,2026-09-21T08:03:12.841+00:00,True,27,27.0,,27.0,249488.610435,251107.723907,251107.724052,9300.286076,41.853361,249488.610435,48002.12194198298,74.514572,62.27359507692308,10.1764891689649,0.10752357426488279,27,64,,True,True,,27,59.56268577710819
188,2026-09-21T07:59:02.082+00:00,2026-09-21T08:03:13.114+00:00,2026-09-21T08:03:16.495+00:00,True,54,54.0,,54.0,251031.22715599998,254413.02146,254413.021464,4711.352249333333,45.403841,251031.22715599998,34152.34127864136,78.24639499999999,63.807439698113214,9.359201180952665,0.21225328676225064,27,64,,True,True,,155,59.56268577710819
185,2026-09-21T07:59:01.155+00:00,2026-09-21T08:03:14.565+00:00,2026-09-21T08:03:16.388+00:00,True,30,30.0,,30.0,253409.976072,255233.075464,255233.075316,8507.7691772,45.225361,253409.976072,46254.643396610874,77.52267295000001,62.86549627586207,9.533799550875397,0.11753962508762476,27,64,,True,True,,61,59.56268577710819
189,2026-09-21T07:59:02.355+00:00,2026-09-21T08:03:15.396+00:00,2026-09-21T08:03:18.590+00:00,True,53,53.0,,53.0,253041.368347,256234.452763,256234.45275,4834.6123160377365,42.648891000000006,253041.368347,34749.47150470997,75.4394504,61.40546953846154,8.97252321865823,0.20684181782932018,27,64,,True,True,,132,59.56268577710819
190,2026-09-21T07:59:02.751+00:00,2026-09-21T08:03:17.540+00:00,2026-09-21T08:03:19.537+00:00,True,33,33.0,,33.0,254788.954211,256785.97437100002,256785.974331,7781.393161545455,43.406382,254788.954211,44342.2012325736,78.260184,62.40688,9.390628039813285,0.12851169181196073,27,64,,True,True,,96,59.56268577710819
191,2026-09-21T07:59:02.990+00:00,2026-09-21T08:03:18.870+00:00,2026-09-21T08:03:24.363+00:00,True,87,87.0,,87.0,255879.445924,261372.908196,261372.908166,3004.2863007586207,40.444142,255879.445924,27426.30962828755,77.2266937,63.87746827906977,10.196683521270444,0.33285775714275584,27,64,,True,True,,0,59.56268577710819
192,2026-09-21T07:59:03.285+00:00,2026-09-21T08:03:20.734+00:00,2026-09-21T08:03:25.252+00:00,True,71,71.0,,71.0,257448.62895800002,261966.662366,261966.66222700002,3689.671298971831,46.145982000000004,257448.62895800002,30545.87293407148,79.11663300000001,64.54333439999999,10.387390823313103,0.27102685264892284,27,64,,True,True,,284,59.56268577710819
193,2026-09-21T07:59:03.666+00:00,2026-09-21T08:03:22.443+00:00,2026-09-21T08:03:23.108+00:00,True,11,11.0,,11.0,258777.10959799998,259442.15791799998,259442.15769099997,23585.650699181817,54.052942,258777.10959799998,78004.18269201391,129426.93333499998,66.504832,8.176137610837582,0.04239866060425188,27,64,,True,True,,16,59.56268577710819
194,2026-09-21T07:59:04.034+00:00,2026-09-21T08:03:23.921+00:00,2026-09-21T08:03:27.804+00:00,True,63,63.0,,63.0,259887.053792,263770.154976,263770.154738,4186.827852984127,47.427292,259887.053792,32734.801388190583,75.45151700000001,62.63066425806451,8.158358255273262,0.23884430748327937,27,64,,True,True,,275,59.56268577710819
195,2026-09-21T07:59:04.332+00:00,2026-09-21T08:03:25.688+00:00,2026-09-21T08:03:28.016+00:00,True,38,38.0,,38.0,261356.122423,263684.081719,263684.081844,6939.054785368421,42.301871,261356.122423,42387.35618721909,76.816075,62.917818810810815,10.246754715385608,0.1441118468444198,27,64,,True,True,,173,59.56268577710819
196,2026-09-21T07:59:04.712+00:00,2026-09-21T08:03:27.870+00:00,2026-09-21T08:03:28.475+00:00,True,10,10.0,,10.0,263158.2515,263763.33566000004,263763.33552100003,26376.3335521,43.198652,263158.2515,83196.68609330687,144770.82154940002,67.23157333333333,10.579528987407333,0.037912775007100843,27,64,,True,True,,80,59.56268577710819
199,2026-09-21T07:59:05.776+00:00,2026-09-21T08:03:29.854+00:00,2026-09-21T08:03:32.875+00:00,True,49,49.0,,49.0,264078.09049900004,267098.917635,267098.917528,5450.99831689796,45.012531,264078.09049900004,37716.451985126245,76.54031160000001,62.933898666666664,8.959125382094054,0.1834526340797839,27,64,,True,True,,190,59.56268577710819
198,2026-09-21T07:59:05.670+00:00,2026-09-21T08:03:30.859+00:00,2026-09-21T08:03:32.594+00:00,True,28,28.0,,28.0,265188.918016,266924.099328,266924.099163,9533.003541535714,47.169382,265188.918016,50103.850488924094,79.47544115,64.26597451851852,9.081066956325147,0.10489873364934808,27,64,,True,True,,252,59.56268577710819
197,2026-09-21T07:59:05.614+00:00,2026-09-21T08:03:30.992+00:00,2026-09-21T08:03:31.569+00:00,True,10,10.0,,10.0,265377.359106,265954.62348999997,265954.623358,26595.4623358,48.925701000000004,265377.359106,83899.40692844293,145991.8795032,64.14048711111111,9.765825429832294,0.037600399153715054,27,64,,True,True,,40,59.56268577710819
200,2026-09-21T07:59:05.843+00:00,2026-09-21T08:03:31.313+00:00,2026-09-21T08:03:33.177+00:00,True,31,31.0,,31.0,265469.922468,267333.278116,267333.27795699995,8623.65412764516,41.913041,265469.922468,47668.65111673481,80.3443265,62.11185493333333,10.558436632538827,0.11596012370202796,27,64,,True,True,,93,59.56268577710819
201,2026-09-21T07:59:06.087+00:00,2026-09-21T08:03:35.257+00:00,2026-09-21T08:03:36.515+00:00,True,21,21.0,,21.0,269169.855836,270428.01186800003,270428.011842,12877.524373428572,47.677031,269169.855836,58723.95129187104,76.604451,62.9078016,10.212865089674949,0.07765467732037469,27,64,,True,True,,63,59.56268577710819
202,2026-09-21T07:59:06.362+00:00,2026-09-21T08:03:36.780+00:00,2026-09-21T08:03:42.030+00:00,True,83,83.0,,83.0,270418.95773,275668.41949,275668.41935800004,3321.3062573253014,42.107531,270418.95773,29675.311878617285,77.6501051,64.01782634146342,10.866699915989777,0.30108635640438625,27,64,,True,True,,83,59.56268577710819
203,2026-09-21T07:59:06.718+00:00,2026-09-21T08:03:38.635+00:00,2026-09-21T08:03:44.831+00:00,True,97,97.0,,97.0,271917.695652,278113.07434000005,278113.07433100004,2867.1450961958767,44.342951,271917.695652,27602.50819673609,77.956835,64.53519466666667,10.025576583241332,0.3487790001609746,27,64,,True,True,,290,59.56268577710819
204,2026-09-21T07:59:07.119+00:00,2026-09-21T08:03:40.494+00:00,2026-09-21T08:03:41.278+00:00,True,13,13.0,,13.0,273375.664739,274159.37366700004,274159.37354500004,21089.18258038462,48.650931,273375.664739,75802.6552860661,109413.98159480002,65.30907733333333,14.804977180674769,0.04741767471277522,27,64,,True,True,,51,59.56268577710819
205,2026-09-21T07:59:07.512+00:00,2026-09-21T08:03:42.708+00:00,2026-09-21T08:03:44.777+00:00,True,33,33.0,,33.0,275196.390084,277265.23258,277265.232487,8401.976742030303,40.708830999999996,275196.390084,47894.28920260401,80.72618539999999,64.651328,10.142817696684716,0.11901961054737877,27,64,,True,True,,66,59.56268577710819
206,2026-09-21T07:59:07.814+00:00,2026-09-21T08:03:44.418+00:00,2026-09-21T08:03:48.817+00:00,True,70,70.0,,70.0,276604.537209,281003.384953,281003.38484099996,4014.3340691571425,40.663451,276604.537209,33052.94730174992,78.3841525,63.751416579710146,9.755735521113076,0.24910731951399104,27,64,,True,True,,280,59.56268577710819
207,2026-09-21T07:59:08.070+00:00,2026-09-21T08:03:45.709+00:00,2026-09-21T08:03:46.898+00:00,True,20,20.0,,20.0,277638.895739,278828.606331,278828.606094,13941.4303047,47.222881,277638.895739,62067.94377252697,13958.424358350001,62.61634694736842,10.261003936374935,0.07172865174478481,27,64,,True,True,,56,59.56268577710819
208,2026-09-21T07:59:08.452+00:00,2026-09-21T08:03:47.560+00:00,2026-09-21T08:03:48.423+00:00,True,14,14.0,,14.0,279107.506758,279970.273094,279970.273117,19997.876651214287,54.994761,279107.506758,74576.8822211108,97739.45570745,66.36664123076923,9.59128011721861,0.0500053089397084,27,64,,True,True,,70,59.56268577710819
209,2026-09-21T07:59:08.865+00:00,2026-09-21T08:03:49.814+00:00,2026-09-21T08:03:50.845+00:00,True,17,17.0,,17.0,280948.575733,281979.942645,281979.942554,16587.05544435294,47.699411,280948.575733,68124.40501067755,56250.216747399994,64.460432,8.875177290566462,0.06028797594799937,27,64,,True,True,,33,59.56268577710819
210,2026-09-21T07:59:09.160+00:00,2026-09-21T08:03:51.174+00:00,2026-09-21T08:03:51.418+00:00,True,5,5.0,,5.0,282013.73332999996,282257.793234,282257.79321499995,56451.55864299999,53.108801,282013.73332999996,126093.08908776083,225625.05796219996,61.014976,7.09144370527074,0.017714302739747043,27,64,,True,True,,20,59.56268577710819
211,2026-09-21T07:59:09.504+00:00,2026-09-21T08:03:53.004+00:00,2026-09-21T08:03:59.157+00:00,True,98,98.0,,98.0,283499.912183,289652.958967,289652.959101,2955.6424398061226,41.202760999999995,283499.912183,28631.409734725865,78.119746,63.433472,9.964225508560647,0.33833591878191405,27,64,,True,True,,490,59.56268577710819
212,2026-09-21T07:59:09.745+00:00,2026-09-21T08:03:54.085+00:00,2026-09-21T08:03:54.529+00:00,True,8,8.0,,8.0,284340.03369,284783.626906,284783.62696,35597.95337,47.146921,284340.03369,100506.97866598921,184849.16098570003,63.37045942857142,11.011088104074348,0.028091502615213905,27,64,,True,True,,16,59.56268577710819
214,2026-09-21T07:59:10.420+00:00,2026-09-21T08:03:55.391+00:00,2026-09-21T08:04:01.000+00:00,True,89,89.0,,89.0,284970.621988,290579.736868,290579.736895,3264.9408639887642,43.571751,284970.621988,30200.070488465448,78.15986,63.73994181818182,9.220818307407812,0.3062842611094714,27,64,,True,True,,355,59.56268577710819
215,2026-09-21T07:59:10.694+00:00,2026-09-21T08:03:57.073+00:00,2026-09-21T08:03:58.954+00:00,True,31,31.0,,31.0,286378.677075,288260.16699500004,288260.166884,9298.715060774193,46.579271,286378.677075,51423.86545910511,79.836537,62.716330666666664,9.531367810726582,0.10754174023821234,27,64,,True,True,,67,59.56268577710819
216,2026-09-21T07:59:11.058+00:00,2026-09-21T08:03:59.592+00:00,2026-09-21T08:04:04.098+00:00,True,71,71.0,,71.0,288534.30875,293040.59201400005,293040.592024,4127.332282028169,47.287701,288534.30875,34235.08358938461,76.55058650000001,64.3754752,8.393832261276502,0.2422872528069694,27,64,,True,True,,142,59.56268577710819
213,2026-09-21T07:59:10.159+00:00,2026-09-21T08:04:00.537+00:00,2026-09-21T08:04:01.547+00:00,True,17,17.0,,17.0,290377.784592,291388.155664,291388.155603,17140.47974135294,47.511021,290377.784592,70411.64226089942,58139.542272000006,63.148192,8.34413835118538,0.0583414242121863,27,64,,True,True,,38,59.56268577710819
217,2026-09-21T07:59:11.358+00:00,2026-09-21T08:04:02.387+00:00,2026-09-21T08:04:07.073+00:00,True,76,76.0,,76.0,291028.798827,295715.787627,295715.787665,3890.997206118421,45.060891000000005,291028.798827,33376.12553199911,76.25416175000001,62.493184,9.239033665899141,0.2570035256144738,27,64,,True,True,,454,59.56268577710819
218,2026-09-21T07:59:11.666+00:00,2026-09-21T08:04:04.044+00:00,2026-09-21T08:04:05.198+00:00,True,20,20.0,,20.0,292377.37757,293532.046882,293532.046924,14676.602346200001,46.607651,292377.37757,65363.980828674205,14692.206381900001,60.77206905263158,10.132092288945554,0.06813566086717615,27,64,,True,True,,97,59.56268577710819
219,2026-09-21T07:59:12.023+00:00,2026-09-21T08:04:06.178+00:00,2026-09-21T08:04:11.995+00:00,True,93,93.0,,93.0,294154.71966,299972.47326,299972.473452,3225.5104672258067,44.660481,294154.71966,30495.867368499974,76.53003159999999,63.236452173913044,8.518805174439073,0.3100284469081688,27,64,,True,True,,0,59.56268577710819
220,2026-09-21T07:59:12.314+00:00,2026-09-21T08:04:07.517+00:00,2026-09-21T08:04:09.711+00:00,True,36,36.0,,36.0,295203.637053,297397.483837,297397.48381899996,8261.041217194444,42.559561,295203.637053,49190.16023518471,78.05424425,62.681336685714285,9.80378235239563,0.1210501162805102,27,64,,True,True,,156,59.56268577710819
221,2026-09-21T07:59:12.665+00:00,2026-09-21T08:04:09.349+00:00,2026-09-21T08:04:12.705+00:00,False,56,55.0,,55.0,296684.766861,300040.640653,300040.640741,5357.868584660714,0.02903,296684.766861,39638.01820879402,78.871767,61.01588712727273,13.255188448479949,0.18330850074276456,27,64,,True,False,Request timeout: 300.0s exceeded,109,59.56268577710819
222,2026-09-21T07:59:12.933+00:00,2026-09-21T08:04:10.964+00:00,2026-09-21T08:04:12.972+00:00,False,35,34.0,,34.0,298031.33260100003,300039.536121,300039.536313,8572.55818037143,0.02531,298031.33260100003,50366.50787123241,76.07830630000001,59.064809411764706,14.002372896509735,0.11331839943349489,27,64,,True,False,Request timeout: 300.0s exceeded,134,59.56268577710819
223,2026-09-21T07:59:13.292+00:00,2026-09-21T08:04:13.027+00:00,2026-09-21T08:04:13.330+00:00,False,7,6.0,,6.0,299735.08506300004,300038.032903,300038.032719,42862.57610271429,0.03736,299735.08506300004,113270.13210573084,209836.46308170003,50.49130666666667,26.308538120370116,0.01999746479453741,27,64,,True,False,Request timeout: 300.0s exceeded,42,59.56268577710819
224,2026-09-21T07:59:13.661+00:00,2026-09-21T08:04:13.767+00:00,2026-09-21T08:04:13.767+00:00,False,1,0.0,,0.0,300105.42160500004,300105.42160500004,300105.42160500004,300105.42160500004,300105.42160500004,300105.42160500004,nan,300105.42160500004,nan,nan,0.0,27,64,,True,False,"HTTPConnectionPool(host='gpu06', port=9004): Read timed out.",0,59.56268577710819
225,2026-09-21T07:59:14.053+00:00,2026-09-21T08:04:14.172+00:00,2026-09-21T08:04:14.172+00:00,False,1,0.0,,0.0,300119.02171,300119.02171,300119.02171,300119.02171,300119.02171,300119.02171,nan,300119.02171,nan,nan,0.0,27,64,,True,False,"HTTPConnectionPool(host='gpu06', port=9004): Read timed out.",0,59.56268577710819
226,2026-09-21T07:59:14.317+00:00,2026-09-21T08:04:14.407+00:00,2026-09-21T08:04:14.407+00:00,False,1,0.0,,0.0,300089.872112,300089.872112,300089.872112,300089.872112,300089.872112,300089.872112,nan,300089.872112,nan,nan,0.0,27,64,,True,False,"HTTPConnectionPool(host='gpu06', port=9004): Read timed out.",0,59.56268577710819
227,2026-09-21T07:59:14.711+00:00,2026-09-21T08:04:14.840+00:00,2026-09-21T08:04:14.840+00:00,False,1,0.0,,0.0,300129.202496,300129.202496,300129.202496,300129.202496,300129.202496,300129.202496,nan,300129.202496,nan,nan,0.0,27,64,,True,False,"HTTPConnectionPool(host='gpu06', port=9004): Read timed out.",0,59.56268577710819
228,2026-09-21T07:59:14.940+00:00,2026-09-21T08:04:15.061+00:00,2026-09-21T08:04:15.061+00:00,False,1,0.0,,0.0,300121.05139,300121.05139,300121.05139,300121.05139,300121.05139,300121.05139,nan,300121.05139,nan,nan,0.0,27,64,,True,False,"HTTPConnectionPool(host='gpu06', port=9004): Read timed out.",0,59.56268577710819
229,2026-09-21T07:59:15.326+00:00,2026-09-21T08:04:15.445+00:00,2026-09-21T08:04:15.445+00:00,False,1,0.0,,0.0,300119.200864,300119.200864,300119.200864,300119.200864,300119.200864,300119.200864,nan,300119.200864,nan,nan,0.0,27,64,,True,False,"HTTPConnectionPool(host='gpu06', port=9004): Read timed out.",0,59.56268577710819
230,2026-09-21T07:59:15.597+00:00,2026-09-21T08:04:15.647+00:00,2026-09-21T08:04:15.647+00:00,False,1,0.0,,0.0,300049.075544,300049.075544,300049.075544,300049.075544,300049.075544,300049.075544,nan,300049.075544,nan,nan,0.0,27,64,,True,False,TTFT timeout: 300.0s exceeded (TTFT: 300.044s),0,59.56268577710819
231,2026-09-21T07:59:15.934+00:00,2026-09-21T08:04:15.977+00:00,2026-09-21T08:04:15.977+00:00,False,1,0.0,,0.0,300042.62063099997,300042.62063099997,300042.62063099997,300042.62063099997,300042.62063099997,300042.62063099997,nan,300042.62063099997,nan,nan,0.0,27,64,,True,False,"HTTPConnectionPool(host='gpu06', port=9004): Read timed out.",0,59.56268577710819
232,2026-09-21T07:59:16.341+00:00,2026-09-21T08:04:16.382+00:00,2026-09-21T08:04:16.382+00:00,False,1,0.0,,0.0,300040.870355,300040.870355,300040.870355,300040.870355,300040.870355,300040.870355,nan,300040.870355,nan,nan,0.0,27,64,,True,False,"HTTPConnectionPool(host='gpu06', port=9004): Read timed out.",0,59.56268577710819
233,2026-09-21T07:59:16.644+00:00,2026-09-21T08:04:16.739+00:00,2026-09-21T08:04:16.739+00:00,False,1,0.0,,0.0,300095.545825,300095.545825,300095.545825,300095.545825,300095.545825,300095.545825,nan,300095.545825,nan,nan,0.0,27,64,,True,False,"HTTPConnectionPool(host='gpu06', port=9004): Read timed out.",0,59.56268577710819
234,2026-09-21T07:59:17.037+00:00,2026-09-21T08:04:17.146+00:00,2026-09-21T08:04:17.146+00:00,False,1,0.0,,0.0,300108.70328899997,300108.70328899997,300108.70328899997,300108.70328899997,300108.70328899997,300108.70328899997,nan,300108.70328899997,nan,nan,0.0,27,64,,True,False,"HTTPConnectionPool(host='gpu06', port=9004): Read timed out.",0,59.56268577710819
235,2026-09-21T07:59:17.260+00:00,2026-09-21T08:04:17.295+00:00,2026-09-21T08:04:17.295+00:00,False,1,0.0,,0.0,300035.892153,300035.892153,300035.892153,300035.892153,300035.892153,300035.892153,nan,300035.892153,nan,nan,0.0,27,64,,True,False,"HTTPConnectionPool(host='gpu06', port=9004): Read timed out.",0,59.56268577710819
236,2026-09-21T07:59:17.608+00:00,2026-09-21T08:04:17.713+00:00,2026-09-21T08:04:17.713+00:00,False,1,0.0,,0.0,300104.89308099996,300104.89308099996,300104.89308099996,300104.89308099996,300104.89308099996,300104.89308099996,nan,300104.89308099996,nan,nan,0.0,27,64,,True,False,"HTTPConnectionPool(host='gpu06', port=9004): Read timed out.",0,59.56268577710819
237,2026-09-21T07:59:17.948+00:00,2026-09-21T08:04:17.916+00:00,2026-09-21T08:04:18.034+00:00,False,3,2.0,,2.0,299968.179265,300085.641281,300085.641177,100028.54705899999,0.039310000000000005,299968.179265,173152.81066073466,269983.10359869996,58.731008,83.00243408995973,0.006664764070224877,27,64,,True,False,Request timeout: 300.0s exceeded,5,59.56268577710819
238,2026-09-21T07:59:19.456+00:00,2026-09-21T08:04:19.161+00:00,2026-09-21T08:04:19.858+00:00,False,13,12.0,,12.0,299705.026139,300402.26876300003,300402.268744,23107.86682646154,0.033030000000000004,299705.026139,83107.10748351082,119949.6599888,58.103552,27.280612551970254,0.039946435988695225,27,64,,True,False,Request timeout: 300.0s exceeded,14,59.56268577710819
239,2026-09-21T07:59:19.572+00:00,2026-09-21T08:04:19.271+00:00,2026-09-21T08:04:19.859+00:00,False,12,11.0,,11.0,299699.40364,300286.573944,300286.573943,25023.881161916666,0.02877,299699.40364,86500.35898641162,134910.8533741,53.379118545454546,21.928533684972866,0.0366316743886504,27,64,,True,False,Request timeout: 300.0s exceeded,38,59.56268577710819
242,2026-09-21T07:59:19.957+00:00,2026-09-21T08:04:20.393+00:00,2026-09-21T08:04:20.393+00:00,False,1,0.0,,0.0,300436.13277100003,300436.13277100003,300436.13277100003,300436.13277100003,300436.13277100003,300436.13277100003,nan,300436.13277100003,nan,nan,0.0,27,64,,True,False,"HTTPConnectionPool(host='gpu06', port=9004): Read timed out.",0,59.56268577710819
243,2026-09-21T07:59:20.073+00:00,2026-09-21T08:04:20.399+00:00,2026-09-21T08:04:20.399+00:00,False,1,0.0,,0.0,300326.27407,300326.27407,300326.27407,300326.27407,300326.27407,300326.27407,nan,300326.27407,nan,nan,0.0,27,64,,True,False,"HTTPConnectionPool(host='gpu06', port=9004): Read timed out.",0,59.56268577710819
240,2026-09-21T07:59:19.810+00:00,2026-09-21T08:04:20.401+00:00,2026-09-21T08:04:20.401+00:00,False,1,0.0,,0.0,300590.92396399996,300590.92396399996,300590.92396399996,300590.92396399996,300590.92396399996,300590.92396399996,nan,300590.92396399996,nan,nan,0.0,27,64,,True,False,"HTTPConnectionPool(host='gpu06', port=9004): Read timed out.",0,59.56268577710819
241,2026-09-21T07:59:19.820+00:00,2026-09-21T08:04:20.965+00:00,2026-09-21T08:04:21.357+00:00,False,6,5.0,,5.0,301144.686865,301537.293585,301537.293783,50256.2156305,0.0253,301144.686865,122909.7614136772,225902.65386724996,78.521344,65.68072900600053,0.01658169687919732,27,64,,True,False,Request timeout: 300.0s exceeded,19,59.56268577710819
244,2026-09-21T07:59:20.303+00:00,2026-09-21T08:04:21.526+00:00,2026-09-21T08:04:21.526+00:00,False,1,0.0,,0.0,301222.572264,301222.572264,301222.572264,301222.572264,301222.572264,301222.572264,nan,301222.572264,nan,nan,0.0,27,64,,True,False,"HTTPConnectionPool(host='gpu06', port=9004): Read timed out.",0,59.56268577710819
248,2026-09-21T07:59:21.555+00:00,2026-09-21T08:04:21.566+00:00,2026-09-21T08:04:21.566+00:00,False,1,0.0,,0.0,300010.751724,300010.751724,300010.751724,300010.751724,300010.751724,300010.751724,nan,300010.751724,nan,nan,0.0,27,64,,True,False,"HTTPConnectionPool(host='gpu06', port=9004): Read timed out.",0,59.56268577710819
245,2026-09-21T07:59:20.653+00:00,2026-09-21T08:04:21.889+00:00,2026-09-21T08:04:21.889+00:00,False,1,0.0,,0.0,301235.91091000004,301235.91091000004,301235.91091000004,301235.91091000004,301235.91091000004,301235.91091000004,nan,301235.91091000004,nan,nan,0.0,27,64,,True,False,"HTTPConnectionPool(host='gpu06', port=9004): Read timed out.",0,59.56268577710819
247,2026-09-21T07:59:21.322+00:00,2026-09-21T08:04:21.897+00:00,2026-09-21T08:04:21.897+00:00,False,1,0.0,,0.0,300575.490912,300575.490912,300575.490912,300575.490912,300575.490912,300575.490912,nan,300575.490912,nan,nan,0.0,27,64,,True,False,"HTTPConnectionPool(host='gpu06', port=9004): Read timed out.",0,59.56268577710819
250,2026-09-21T07:59:22.221+00:00,2026-09-21T08:04:23.270+00:00,2026-09-21T08:04:23.270+00:00,False,1,0.0,,0.0,301049.028122,301049.028122,301049.028122,301049.028122,301049.028122,301049.028122,nan,301049.028122,nan,nan,0.0,27,64,,True,False,"HTTPConnectionPool(host='gpu06', port=9004): Read timed out.",0,59.56268577710819
249,2026-09-21T07:59:21.943+00:00,2026-09-21T08:04:23.287+00:00,2026-09-21T08:04:23.287+00:00,False,1,0.0,,0.0,301343.72645599995,301343.72645599995,301343.72645599995,301343.72645599995,301343.72645599995,301343.72645599995,nan,301343.72645599995,nan,nan,0.0,27,64,,True,False,"HTTPConnectionPool(host='gpu06', port=9004): Read timed out.",0,59.56268577710819
246,2026-09-21T07:59:21.025+00:00,2026-09-21T08:04:23.303+00:00,2026-09-21T08:04:23.303+00:00,False,1,0.0,,0.0,302278.310638,302278.310638,302278.310638,302278.310638,302278.310638,302278.310638,nan,302278.310638,nan,nan,0.0,27,64,,True,False,"HTTPConnectionPool(host='gpu06', port=9004): Read timed out.",0,59.56268577710819
251,2026-09-21T07:59:22.557+00:00,2026-09-21T08:04:23.312+00:00,2026-09-21T08:04:23.312+00:00,False,1,0.0,,0.0,300755.496523,300755.496523,300755.496523,300755.496523,300755.496523,300755.496523,nan,300755.496523,nan,nan,0.0,27,64,,True,False,"HTTPConnectionPool(host='gpu06', port=9004): Read timed out.",0,59.56268577710819
252,2026-09-21T07:59:22.961+00:00,2026-09-21T08:04:23.321+00:00,2026-09-21T08:04:23.321+00:00,False,1,0.0,,0.0,300359.326787,300359.326787,300359.326787,300359.326787,300359.326787,300359.326787,nan,300359.326787,nan,nan,0.0,27,64,,True,False,"HTTPConnectionPool(host='gpu06', port=9004): Read timed out.",0,59.56268577710819
253,2026-09-21T07:59:23.377+00:00,2026-09-21T08:04:23.388+00:00,2026-09-21T08:04:23.388+00:00,False,1,0.0,,0.0,300011.657213,300011.657213,300011.657213,300011.657213,300011.657213,300011.657213,nan,300011.657213,nan,nan,0.0,27,64,,True,False,"HTTPConnectionPool(host='gpu06', port=9004): Read timed out.",0,59.56268577710819
254,2026-09-21T07:59:23.765+00:00,2026-09-21T08:04:23.782+00:00,2026-09-21T08:04:23.782+00:00,False,1,0.0,,0.0,300017.076537,300017.076537,300017.076537,300017.076537,300017.076537,300017.076537,nan,300017.076537,nan,nan,0.0,27,64,,True,False,"HTTPConnectionPool(host='gpu06', port=9004): Read timed out.",0,59.56268577710819
255,2026-09-21T07:59:24.072+00:00,2026-09-21T08:04:24.178+00:00,2026-09-21T08:04:24.178+00:00,False,1,0.0,,0.0,300105.596048,300105.596048,300105.596048,300105.596048,300105.596048,300105.596048,nan,300105.596048,nan,nan,0.0,27,64,,True,False,"HTTPConnectionPool(host='gpu06', port=9004): Read timed out.",0,59.56268577710819
256,2026-09-21T07:59:24.430+00:00,2026-09-21T08:04:24.530+00:00,2026-09-21T08:04:24.530+00:00,False,1,0.0,,0.0,300099.876323,300099.876323,300099.876323,300099.876323,300099.876323,300099.876323,nan,300099.876323,nan,nan,0.0,27,64,,True,False,"HTTPConnectionPool(host='gpu06', port=9004): Read timed out.",0,59.56268577710819
257,2026-09-21T07:59:24.698+00:00,2026-09-21T08:04:24.807+00:00,2026-09-21T08:04:24.807+00:00,False,1,0.0,,0.0,300108.739606,300108.739606,300108.739606,300108.739606,300108.739606,300108.739606,nan,300108.739606,nan,nan,0.0,27,64,,True,False,"HTTPConnectionPool(host='gpu06', port=9004): Read timed out.",0,59.56268577710819
258,2026-09-21T07:59:25.061+00:00,2026-09-21T08:04:25.135+00:00,2026-09-21T08:04:25.135+00:00,False,1,0.0,,0.0,300074.202531,300074.202531,300074.202531,300074.202531,300074.202531,300074.202531,nan,300074.202531,nan,nan,0.0,27,64,,True,False,TTFT timeout: 300.0s exceeded (TTFT: 300.072s),0,59.56268577710819
259,2026-09-21T07:59:25.398+00:00,2026-09-21T08:04:25.524+00:00,2026-09-21T08:04:25.524+00:00,False,1,0.0,,0.0,300126.670509,300126.670509,300126.670509,300126.670509,300126.670509,300126.670509,nan,300126.670509,nan,nan,0.0,27,64,,True,False,"HTTPConnectionPool(host='gpu06', port=9004): Read timed out.",0,59.56268577710819
260,2026-09-21T07:59:25.705+00:00,2026-09-21T08:04:25.639+00:00,2026-09-21T08:04:25.716+00:00,False,3,2.0,,2.0,299934.07027499995,300011.61497899995,300011.61504599993,100003.87168199998,0.02057,299934.07027499995,173144.635301763,269948.41566759994,38.772352,54.8034229497462,0.006666408566015003,27,64,,True,False,Request timeout: 300.0s exceeded,8,59.56268577710819
261,2026-09-21T07:59:26.109+00:00,2026-09-21T08:04:26.216+00:00,2026-09-21T08:04:26.216+00:00,False,1,0.0,,0.0,300106.989102,300106.989102,300106.989102,300106.989102,300106.989102,300106.989102,nan,300106.989102,nan,nan,0.0,27,64,,True,False,"HTTPConnectionPool(host='gpu06', port=9004): Read timed out.",0,59.56268577710819
262,2026-09-21T07:59:26.396+00:00,2026-09-21T08:04:26.503+00:00,2026-09-21T08:04:26.503+00:00,False,1,0.0,,0.0,300107.249562,300107.249562,300107.249562,300107.249562,300107.249562,300107.249562,nan,300107.249562,nan,nan,0.0,27,64,,True,False,"HTTPConnectionPool(host='gpu06', port=9004): Read timed out.",0,59.56268577710819
263,2026-09-21T07:59:26.691+00:00,2026-09-21T08:04:26.803+00:00,2026-09-21T08:04:26.803+00:00,False,1,0.0,,0.0,300111.920922,300111.920922,300111.920922,300111.920922,300111.920922,300111.920922,nan,300111.920922,nan,nan,0.0,27,64,,True,False,"HTTPConnectionPool(host='gpu06', port=9004): Read timed out.",0,59.56268577710819
264,2026-09-21T07:59:26.955+00:00,2026-09-21T08:04:27.048+00:00,2026-09-21T08:04:27.048+00:00,False,1,0.0,,0.0,300093.46042400005,300093.46042400005,300093.46042400005,300093.46042400005,300093.46042400005,300093.46042400005,nan,300093.46042400005,nan,nan,0.0,27,64,,True,False,"HTTPConnectionPool(host='gpu06', port=9004): Read timed out.",0,59.56268577710819
265,2026-09-21T07:59:27.289+00:00,2026-09-21T08:04:27.289+00:00,2026-09-21T08:04:27.517+00:00,False,3,2.0,,2.0,299999.62519,300227.770342,300227.77024499996,100075.923415,0.03842,299999.62519,173139.04210876883,270022.4733345,114.072576,161.26831623456854,0.006661608943508889,27,64,,True,False,Request timeout: 300.0s exceeded,12,59.56268577710819
266,2026-09-21T07:59:27.553+00:00,2026-09-21T08:04:27.516+00:00,2026-09-21T08:04:27.659+00:00,False,3,2.0,,2.0,299962.650091,300106.10353100003,300106.103544,100035.36784800001,0.03039,299962.650091,173142.12017637075,269980.7273882,71.72672,101.39381760657339,0.006664309644050296,27,64,,True,False,Request timeout: 300.0s exceeded,10,59.56268577710819
267,2026-09-21T07:59:27.929+00:00,2026-09-21T08:04:28.038+00:00,2026-09-21T08:04:28.038+00:00,False,1,0.0,,0.0,300109.58805900003,300109.58805900003,300109.58805900003,300109.58805900003,300109.58805900003,300109.58805900003,nan,300109.58805900003,nan,nan,0.0,27,64,,True,False,"HTTPConnectionPool(host='gpu06', port=9004): Read timed out.",0,59.56268577710819
268,2026-09-21T07:59:28.214+00:00,2026-09-21T08:04:28.319+00:00,2026-09-21T08:04:28.319+00:00,False,1,0.0,,0.0,300104.91461000004,300104.91461000004,300104.91461000004,300104.91461000004,300104.91461000004,300104.91461000004,nan,300104.91461000004,nan,nan,0.0,27,64,,True,False,"HTTPConnectionPool(host='gpu06', port=9004): Read timed out.",0,59.56268577710819
269,2026-09-21T07:59:28.464+00:00,2026-09-21T08:04:28.567+00:00,2026-09-21T08:04:28.567+00:00,False,1,0.0,,0.0,300103.064913,300103.064913,300103.064913,300103.064913,300103.064913,300103.064913,nan,300103.064913,nan,nan,0.0,27,64,,True,False,"HTTPConnectionPool(host='gpu06', port=9004): Read timed out.",0,59.56268577710819
270,2026-09-21T07:59:28.760+00:00,2026-09-21T08:04:28.837+00:00,2026-09-21T08:04:28.837+00:00,False,1,0.0,,0.0,300076.67322299996,300076.67322299996,300076.67322299996,300076.67322299996,300076.67322299996,300076.67322299996,nan,300076.67322299996,nan,nan,0.0,27,64,,True,False,TTFT timeout: 300.0s exceeded (TTFT: 300.075s),0,59.56268577710819
271,2026-09-21T07:59:29.144+00:00,2026-09-21T08:04:29.209+00:00,2026-09-21T08:04:29.209+00:00,False,1,0.0,,0.0,300064.611277,300064.611277,300064.611277,300064.611277,300064.611277,300064.611277,nan,300064.611277,nan,nan,0.0,27,64,,True,False,"HTTPConnectionPool(host='gpu06', port=9004): Read timed out.",0,59.56268577710819
272,2026-09-21T07:59:29.525+00:00,2026-09-21T08:04:29.606+00:00,2026-09-21T08:04:29.606+00:00,False,1,0.0,,0.0,300081.692292,300081.692292,300081.692292,300081.692292,300081.692292,300081.692292,nan,300081.692292,nan,nan,0.0,27,64,,True,False,TTFT timeout: 300.0s exceeded (TTFT: 300.062s),0,59.56268577710819
273,2026-09-21T07:59:29.854+00:00,2026-09-21T08:04:29.752+00:00,2026-09-21T08:04:29.896+00:00,False,4,3.0,,3.0,299897.956196,300041.891684,300041.89178899996,75010.47294724999,0.02467,299897.956196,149924.99266937227,254924.20975625,47.978496,41.541948165233464,0.009998603805496465,27,64,,True,False,Request timeout: 300.0s exceeded,36,59.56268577710819
274,2026-09-21T07:59:30.141+00:00,2026-09-21T08:04:30.240+00:00,2026-09-21T08:04:30.240+00:00,False,1,0.0,,0.0,300098.992241,300098.992241,300098.992241,300098.992241,300098.992241,300098.992241,nan,300098.992241,nan,nan,0.0,27,64,,True,False,"HTTPConnectionPool(host='gpu06', port=9004): Read timed out.",0,59.56268577710819
275,2026-09-21T07:59:30.425+00:00,2026-09-21T08:04:30.530+00:00,2026-09-21T08:04:30.530+00:00,False,1,0.0,,0.0,300105.774172,300105.774172,300105.774172,300105.774172,300105.774172,300105.774172,nan,300105.774172,nan,nan,0.0,27,64,,True,False,"HTTPConnectionPool(host='gpu06', port=9004): Read timed out.",0,59.56268577710819
276,2026-09-21T07:59:30.720+00:00,2026-09-21T08:04:30.796+00:00,2026-09-21T08:04:30.796+00:00,False,1,0.0,,0.0,300076.393392,300076.393392,300076.393392,300076.393392,300076.393392,300076.393392,nan,300076.393392,nan,nan,0.0,27,64,,True,False,"HTTPConnectionPool(host='gpu06', port=9004): Read timed out.",0,59.56268577710819
277,2026-09-21T07:59:30.981+00:00,2026-09-21T08:04:31.052+00:00,2026-09-21T08:04:31.052+00:00,False,1,0.0,,0.0,300070.868784,300070.868784,300070.868784,300070.868784,300070.868784,300070.868784,nan,300070.868784,nan,nan,0.0,27,64,,True,False,"HTTPConnectionPool(host='gpu06', port=9004): Read timed out.",0,59.56268577710819
278,2026-09-21T07:59:31.253+00:00,2026-09-21T08:04:31.373+00:00,2026-09-21T08:04:31.373+00:00,False,1,0.0,,0.0,300119.923507,300119.923507,300119.923507,300119.923507,300119.923507,300119.923507,nan,300119.923507,nan,nan,0.0,27,64,,True,False,"HTTPConnectionPool(host='gpu06', port=9004): Read timed out.",0,59.56268577710819
279,2026-09-21T07:59:31.559+00:00,2026-09-21T08:04:31.694+00:00,2026-09-21T08:04:32.862+00:00,False,20,19.0,,19.0,300135.099586,301303.468738,301303.46861100005,15065.173430550001,0.02828,300135.099586,67098.50640118163,15180.479953600001,61.493113263157895,34.012926961067784,0.06305934704164175,27,64,,True,False,Request timeout: 300.0s exceeded,194,59.56268577710819
280,2026-09-21T07:59:31.944+00:00,2026-09-21T08:04:31.875+00:00,2026-09-21T08:04:32.958+00:00,False,21,20.0,,20.0,299931.215196,301014.258012,301014.257819,14334.012277095238,0.03047,299931.215196,65438.54198098586,80.449821,54.1521408,16.38528353784954,0.06644203544405758,27,64,,True,False,Request timeout: 300.0s exceeded,89,59.56268577710819
283,2026-09-21T07:59:33.040+00:00,2026-09-21T08:04:33.102+00:00,2026-09-21T08:04:33.102+00:00,False,1,0.0,,0.0,300062.051436,300062.051436,300062.051436,300062.051436,300062.051436,300062.051436,nan,300062.051436,nan,nan,0.0,27,64,,True,False,"HTTPConnectionPool(host='gpu06', port=9004): Read timed out.",0,59.56268577710819
284,2026-09-21T07:59:33.368+00:00,2026-09-21T08:04:33.453+00:00,2026-09-21T08:04:33.453+00:00,False,1,0.0,,0.0,300084.583844,300084.583844,300084.583844,300084.583844,300084.583844,300084.583844,nan,300084.583844,nan,nan,0.0,27,64,,True,False,"HTTPConnectionPool(host='gpu06', port=9004): Read timed out.",0,59.56268577710819
281,2026-09-21T07:59:32.353+00:00,2026-09-21T08:04:33.474+00:00,2026-09-21T08:04:33.474+00:00,False,1,0.0,,0.0,301121.20948400005,301121.20948400005,301121.20948400005,301121.20948400005,301121.20948400005,301121.20948400005,nan,301121.20948400005,nan,nan,0.0,27,64,,True,False,"HTTPConnectionPool(host='gpu06', port=9004): Read timed out.",0,59.56268577710819
282,2026-09-21T07:59:32.742+00:00,2026-09-21T08:04:33.917+00:00,2026-09-21T08:04:34.873+00:00,False,15,14.0,,14.0,301175.735699,302131.05729900004,302131.05732900003,20142.070488600002,0.02585,301175.735699,77745.63628436519,90506.04169150001,68.23725714285715,49.26288674242568,0.0463375070578894,27,64,,True,False,Request timeout: 300.0s exceeded,52,59.56268577710819
285,2026-09-21T07:59:34.819+00:00,2026-09-21T08:04:34.063+00:00,2026-09-21T08:04:34.982+00:00,False,15,14.0,,14.0,299243.334609,300162.57864100003,300162.578448,20010.8385632,0.03202,299243.334609,77247.35773930466,89925.4962185,65.660288,48.9286784823592,0.04664139035380642,27,64,,True,False,Request timeout: 300.0s exceeded,28,59.56268577710819
287,2026-09-21T07:59:34.992+00:00,2026-09-21T08:04:34.386+00:00,2026-09-21T08:04:35.451+00:00,False,21,20.0,,20.0,299394.41971100005,300459.38380700006,300459.3840230001,14307.589715380955,0.06556000000000001,299394.41971100005,65321.60061116485,71.917072,53.248204799999996,15.319904511176128,0.0665647374583148,27,64,,True,False,Request timeout: 300.0s exceeded,102,59.56268577710819
290,2026-09-21T07:59:35.411+00:00,2026-09-21T08:04:35.660+00:00,2026-09-21T08:04:35.660+00:00,False,1,0.0,,0.0,300249.02713,300249.02713,300249.02713,300249.02713,300249.02713,300249.02713,nan,300249.02713,nan,nan,0.0,27,64,,True,False,"HTTPConnectionPool(host='gpu06', port=9004): Read timed out.",0,59.56268577710819
288,2026-09-21T07:59:35.224+00:00,2026-09-21T08:04:35.816+00:00,2026-09-21T08:04:35.816+00:00,False,1,0.0,,0.0,300592.041088,300592.041088,300592.041088,300592.041088,300592.041088,300592.041088,nan,300592.041088,nan,nan,0.0,27,64,,True,False,"HTTPConnectionPool(host='gpu06', port=9004): Read timed out.",0,59.56268577710819
286,2026-09-21T07:59:34.825+00:00,2026-09-21T08:04:35.835+00:00,2026-09-21T08:04:35.835+00:00,False,1,0.0,,0.0,301010.58426200005,301010.58426200005,301010.58426200005,301010.58426200005,301010.58426200005,301010.58426200005,nan,301010.58426200005,nan,nan,0.0,27,64,,True,False,"HTTPConnectionPool(host='gpu06', port=9004): Read timed out.",0,59.56268577710819
289,2026-09-21T07:59:35.387+00:00,2026-09-21T08:04:35.868+00:00,2026-09-21T08:04:35.868+00:00,False,1,0.0,,0.0,300480.52058,300480.52058,300480.52058,300480.52058,300480.52058,300480.52058,nan,300480.52058,nan,nan,0.0,27,64,,True,False,TTFT timeout: 300.0s exceeded (TTFT: 300.025s),0,59.56268577710819
291,2026-09-21T07:59:35.736+00:00,2026-09-21T08:04:36.023+00:00,2026-09-21T08:04:36.023+00:00,False,1,0.0,,0.0,300287.410881,300287.410881,300287.410881,300287.410881,300287.410881,300287.410881,nan,300287.410881,nan,nan,0.0,27,64,,True,False,"HTTPConnectionPool(host='gpu06', port=9004): Read timed out.",0,59.56268577710819
292,2026-09-21T07:59:35.908+00:00,2026-09-21T08:04:36.130+00:00,2026-09-21T08:04:36.130+00:00,False,1,0.0,,0.0,300222.607069,300222.607069,300222.607069,300222.607069,300222.607069,300222.607069,nan,300222.607069,nan,nan,0.0,27,64,,True,False,"HTTPConnectionPool(host='gpu06', port=9004): Read timed out.",0,59.56268577710819
293,2026-09-21T07:59:36.206+00:00,2026-09-21T08:04:36.323+00:00,2026-09-21T08:04:36.323+00:00,False,1,0.0,,0.0,300117.15198,300117.15198,300117.15198,300117.15198,300117.15198,300117.15198,nan,300117.15198,nan,nan,0.0,27,64,,True,False,"HTTPConnectionPool(host='gpu06', port=9004): Read timed out.",0,59.56268577710819
294,2026-09-21T07:59:36.534+00:00,2026-09-21T08:04:36.640+00:00,2026-09-21T08:04:36.640+00:00,False,1,0.0,,0.0,300106.570473,300106.570473,300106.570473,300106.570473,300106.570473,300106.570473,nan,300106.570473,nan,nan,0.0,27,64,,True,False,"HTTPConnectionPool(host='gpu06', port=9004): Read timed out.",0,59.56268577710819
295,2026-09-21T07:59:36.760+00:00,2026-09-21T08:04:36.861+00:00,2026-09-21T08:04:36.861+00:00,False,1,0.0,,0.0,300101.44147,300101.44147,300101.44147,300101.44147,300101.44147,300101.44147,nan,300101.44147,nan,nan,0.0,27,64,,True,False,"HTTPConnectionPool(host='gpu06', port=9004): Read timed out.",0,59.56268577710819
296,2026-09-21T07:59:37.012+00:00,2026-09-21T08:04:37.112+00:00,2026-09-21T08:04:37.112+00:00,False,1,0.0,,0.0,300099.326181,300099.326181,300099.326181,300099.326181,300099.326181,300099.326181,nan,300099.326181,nan,nan,0.0,27,64,,True,False,"HTTPConnectionPool(host='gpu06', port=9004): Read timed out.",0,59.56268577710819
297,2026-09-21T07:59:37.300+00:00,2026-09-21T08:04:37.421+00:00,2026-09-21T08:04:37.421+00:00,False,1,0.0,,0.0,300121.231897,300121.231897,300121.231897,300121.231897,300121.231897,300121.231897,nan,300121.231897,nan,nan,0.0,27,64,,True,False,"HTTPConnectionPool(host='gpu06', port=9004): Read timed out.",0,59.56268577710819
298,2026-09-21T07:59:37.544+00:00,2026-09-21T08:04:37.648+00:00,2026-09-21T08:04:37.648+00:00,False,1,0.0,,0.0,300104.065832,300104.065832,300104.065832,300104.065832,300104.065832,300104.065832,nan,300104.065832,nan,nan,0.0,27,64,,True,False,"HTTPConnectionPool(host='gpu06', port=9004): Read timed out.",0,59.56268577710819
299,2026-09-21T07:59:37.815+00:00,2026-09-21T08:04:37.910+00:00,2026-09-21T08:04:37.910+00:00,False,1,0.0,,0.0,300095.755852,300095.755852,300095.755852,300095.755852,300095.755852,300095.755852,nan,300095.755852,nan,nan,0.0,27,64,,True,False,TTFT timeout: 300.0s exceeded (TTFT: 300.092s),0,59.56268577710819
300,2026-09-21T07:59:38.211+00:00,2026-09-21T08:04:38.079+00:00,2026-09-21T08:04:38.255+00:00,False,3,2.0,,2.0,299868.25131699996,300043.781813,300043.78190599993,100014.59396866665,0.029670000000000002,299868.25131699996,173078.36654004038,269898.9762772,87.765248,124.07716957936188,0.006665693879456849,27,64,,True,False,Request timeout: 300.0s exceeded,3,59.56268577710819
301,2026-09-21T07:59:38.466+00:00,2026-09-21T08:04:38.566+00:00,2026-09-21T08:04:38.566+00:00,False,1,0.0,,0.0,300099.932885,300099.932885,300099.932885,300099.932885,300099.932885,300099.932885,nan,300099.932885,nan,nan,0.0,27,64,,True,False,"HTTPConnectionPool(host='gpu06', port=9004): Read timed out.",0,59.56268577710819
302,2026-09-21T07:59:38.748+00:00,2026-09-21T08:04:38.806+00:00,2026-09-21T08:04:38.806+00:00,False,1,0.0,,0.0,300057.980696,300057.980696,300057.980696,300057.980696,300057.980696,300057.980696,nan,300057.980696,nan,nan,0.0,27,64,,True,False,"HTTPConnectionPool(host='gpu06', port=9004): Read timed out.",0,59.56268577710819
303,2026-09-21T07:59:39.171+00:00,2026-09-21T08:04:39.283+00:00,2026-09-21T08:04:39.283+00:00,False,1,0.0,,0.0,300111.83479,300111.83479,300111.83479,300111.83479,300111.83479,300111.83479,nan,300111.83479,nan,nan,0.0,27,64,,True,False,"HTTPConnectionPool(host='gpu06', port=9004): Read timed out.",0,59.56268577710819
304,2026-09-21T07:59:39.410+00:00,2026-09-21T08:04:39.515+00:00,2026-09-21T08:04:39.515+00:00,False,1,0.0,,0.0,300105.52959399996,300105.52959399996,300105.52959399996,300105.52959399996,300105.52959399996,300105.52959399996,nan,300105.52959399996,nan,nan,0.0,27,64,,True,False,"HTTPConnectionPool(host='gpu06', port=9004): Read timed out.",0,59.56268577710819
305,2026-09-21T07:59:39.717+00:00,2026-09-21T08:04:39.830+00:00,2026-09-21T08:04:39.830+00:00,False,1,0.0,,0.0,300113.232578,300113.232578,300113.232578,300113.232578,300113.232578,300113.232578,nan,300113.232578,nan,nan,0.0,27,64,,True,False,"HTTPConnectionPool(host='gpu06', port=9004): Read timed out.",0,59.56268577710819
306,2026-09-21T07:59:40.129+00:00,2026-09-21T08:04:40.156+00:00,2026-09-21T08:04:40.156+00:00,False,1,0.0,,0.0,300027.33220099995,300027.33220099995,300027.33220099995,300027.33220099995,300027.33220099995,300027.33220099995,nan,300027.33220099995,nan,nan,0.0,27,64,,True,False,TTFT timeout: 300.0s exceeded (TTFT: 300.021s),0,59.56268577710819
307,2026-09-21T07:59:40.448+00:00,2026-09-21T08:04:40.462+00:00,2026-09-21T08:04:40.462+00:00,False,1,0.0,,0.0,300014.336324,300014.336324,300014.336324,300014.336324,300014.336324,300014.336324,nan,300014.336324,nan,nan,0.0,27,64,,True,False,TTFT timeout: 300.0s exceeded (TTFT: 300.008s),0,59.56268577710819
308,2026-09-21T07:59:40.776+00:00,2026-09-21T08:04:40.877+00:00,2026-09-21T08:04:40.877+00:00,False,1,0.0,,0.0,300100.94281,300100.94281,300100.94281,300100.94281,300100.94281,300100.94281,nan,300100.94281,nan,nan,0.0,27,64,,True,False,"HTTPConnectionPool(host='gpu06', port=9004): Read timed out.",0,59.56268577710819
309,2026-09-21T07:59:41.183+00:00,2026-09-21T08:04:41.238+00:00,2026-09-21T08:04:41.238+00:00,False,1,0.0,,0.0,300055.348263,300055.348263,300055.348263,300055.348263,300055.348263,300055.348263,nan,300055.348263,nan,nan,0.0,27,64,,True,False,"HTTPConnectionPool(host='gpu06', port=9004): Read timed out.",0,59.56268577710819
310,2026-09-21T07:59:41.459+00:00,2026-09-21T08:04:41.546+00:00,2026-09-21T08:04:41.546+00:00,False,1,0.0,,0.0,300086.181819,300086.181819,300086.181819,300086.181819,300086.181819,300086.181819,nan,300086.181819,nan,nan,0.0,27,64,,True,False,"HTTPConnectionPool(host='gpu06', port=9004): Read timed out.",0,59.56268577710819
311,2026-09-21T07:59:41.758+00:00,2026-09-21T08:04:41.881+00:00,2026-09-21T08:04:41.881+00:00,False,1,0.0,,0.0,300122.87153299997,300122.87153299997,300122.87153299997,300122.87153299997,300122.87153299997,300122.87153299997,nan,300122.87153299997,nan,nan,0.0,27,64,,True,False,"HTTPConnectionPool(host='gpu06', port=9004): Read timed out.",0,59.56268577710819
312,2026-09-21T07:59:42.124+00:00,2026-09-21T08:04:42.194+00:00,2026-09-21T08:04:42.194+00:00,False,1,0.0,,0.0,300069.10200199997,300069.10200199997,300069.10200199997,300069.10200199997,300069.10200199997,300069.10200199997,nan,300069.10200199997,nan,nan,0.0,27,64,,True,False,TTFT timeout: 300.0s exceeded (TTFT: 300.064s),0,59.56268577710819
313,2026-09-21T07:59:42.462+00:00,2026-09-21T08:04:42.456+00:00,2026-09-21T08:04:42.601+00:00,False,3,2.0,,2.0,299993.31552600005,300138.54125400004,300138.54134700005,100046.18044900002,0.02845,299993.31552600005,173159.31360348186,270008.5037105,72.612864,102.64991077896467,0.0066635893932310685,27,64,,True,False,Request timeout: 300.0s exceeded,8,59.56268577710819
314,2026-09-21T07:59:42.850+00:00,2026-09-21T08:04:42.955+00:00,2026-09-21T08:04:42.955+00:00,False,1,0.0,,0.0,300105.193761,300105.193761,300105.193761,300105.193761,300105.193761,300105.193761,nan,300105.193761,nan,nan,0.0,27,64,,True,False,"HTTPConnectionPool(host='gpu06', port=9004): Read timed out.",0,59.56268577710819
315,2026-09-21T07:59:43.089+00:00,2026-09-21T08:04:43.205+00:00,2026-09-21T08:04:43.205+00:00,False,1,0.0,,0.0,300116.496365,300116.496365,300116.496365,300116.496365,300116.496365,300116.496365,nan,300116.496365,nan,nan,0.0,27,64,,True,False,"HTTPConnectionPool(host='gpu06', port=9004): Read timed out.",0,59.56268577710819
316,2026-09-21T07:59:43.434+00:00,2026-09-21T08:04:43.494+00:00,2026-09-21T08:04:43.494+00:00,False,1,0.0,,0.0,300060.455137,300060.455137,300060.455137,300060.455137,300060.455137,300060.455137,nan,300060.455137,nan,nan,0.0,27,64,,True,False,"HTTPConnectionPool(host='gpu06', port=9004): Read timed out.",0,59.56268577710819
317,2026-09-21T07:59:43.782+00:00,2026-09-21T08:04:43.889+00:00,2026-09-21T08:04:43.889+00:00,False,1,0.0,,0.0,300107.609312,300107.609312,300107.609312,300107.609312,300107.609312,300107.609312,nan,300107.609312,nan,nan,0.0,27,64,,True,False,"HTTPConnectionPool(host='gpu06', port=9004): Read timed out.",0,59.56268577710819
318,2026-09-21T07:59:44.179+00:00,2026-09-21T08:04:44.287+00:00,2026-09-21T08:04:44.287+00:00,False,1,0.0,,0.0,300108.475373,300108.475373,300108.475373,300108.475373,300108.475373,300108.475373,nan,300108.475373,nan,nan,0.0,27,64,,True,False,"HTTPConnectionPool(host='gpu06', port=9004): Read timed out.",0,59.56268577710819
319,2026-09-21T07:59:44.454+00:00,2026-09-21T08:04:44.531+00:00,2026-09-21T08:04:44.531+00:00,False,1,0.0,,0.0,300076.635024,300076.635024,300076.635024,300076.635024,300076.635024,300076.635024,nan,300076.635024,nan,nan,0.0,27,64,,True,False,"HTTPConnectionPool(host='gpu06', port=9004): Read timed out.",0,59.56268577710819
320,2026-09-21T07:59:44.747+00:00,2026-09-21T08:04:44.747+00:00,2026-09-21T08:04:44.920+00:00,False,3,2.0,,2.0,300000.21704400005,300173.619668,300173.61958400003,100057.87319466668,0.048100000000000004,300000.21704400005,173155.1707479325,270017.5307836,86.701312,122.54610803561128,0.006662810683404002,27,64,,True,False,Request timeout: 300.0s exceeded,3,59.56268577710819
321,2026-09-21T07:59:45.014+00:00,2026-09-21T08:04:45.009+00:00,2026-09-21T08:04:45.063+00:00,False,3,2.0,,2.0,299994.997215,300049.098719,300049.09869199997,100016.36623066667,0.08769,299994.997215,173186.57674537625,270000.89887219993,27.050752,38.13172312497824,0.006665575762562202,27,64,,True,False,Request timeout: 300.0s exceeded,8,59.56268577710819
322,2026-09-21T07:59:45.245+00:00,2026-09-21T08:04:45.335+00:00,2026-09-21T08:04:45.335+00:00,False,1,0.0,,0.0,300090.318644,300090.318644,300090.318644,300090.318644,300090.318644,300090.318644,nan,300090.318644,nan,nan,0.0,27,64,,True,False,"HTTPConnectionPool(host='gpu06', port=9004): Read timed out.",0,59.56268577710819
323,2026-09-21T07:59:45.592+00:00,2026-09-21T08:04:45.984+00:00,2026-09-21T08:04:47.074+00:00,False,19,18.0,,18.0,300391.861005,301481.689357,301481.68940800003,15867.457337263158,0.02868,300391.861005,68900.73633419095,30196.5830586,60.54601955555555,32.64324693504808,0.059705118537680985,27,64,,True,False,Request timeout: 300.0s exceeded,72,59.56268577710819
324,2026-09-21T07:59:45.935+00:00,2026-09-21T08:04:46.688+00:00,2026-09-21T08:04:47.189+00:00,False,11,10.0,,10.0,300752.972672,301253.885824,301253.885991,27386.716908272727,0.03311,300752.972672,90665.33183846265,150407.703254,50.091315200000004,18.869394049392874,0.03319459256981086,27,64,,True,False,Request timeout: 300.0s exceeded,52,59.56268577710819
328,2026-09-21T07:59:47.143+00:00,2026-09-21T08:04:47.321+00:00,2026-09-21T08:04:47.321+00:00,False,1,0.0,,0.0,300177.733046,300177.733046,300177.733046,300177.733046,300177.733046,300177.733046,nan,300177.733046,nan,nan,0.0,27,64,,True,False,"HTTPConnectionPool(host='gpu06', port=9004): Read timed out.",0,59.56268577710819
325,2026-09-21T07:59:46.220+00:00,2026-09-21T08:04:47.397+00:00,2026-09-21T08:04:47.397+00:00,False,1,0.0,,0.0,301176.875963,301176.875963,301176.875963,301176.875963,301176.875963,301176.875963,nan,301176.875963,nan,nan,0.0,27,64,,True,False,"HTTPConnectionPool(host='gpu06', port=9004): Read timed out.",0,59.56268577710819
329,2026-09-21T07:59:47.521+00:00,2026-09-21T08:04:47.550+00:00,2026-09-21T08:04:47.550+00:00,False,1,0.0,,0.0,300028.494099,300028.494099,300028.494099,300028.494099,300028.494099,300028.494099,nan,300028.494099,nan,nan,0.0,27,64,,True,False,"HTTPConnectionPool(host='gpu06', port=9004): Read timed out.",0,59.56268577710819
326,2026-09-21T07:59:46.548+00:00,2026-09-21T08:04:47.633+00:00,2026-09-21T08:04:47.633+00:00,False,1,0.0,,0.0,301085.43444,301085.43444,301085.43444,301085.43444,301085.43444,301085.43444,nan,301085.43444,nan,nan,0.0,27,64,,True,False,"HTTPConnectionPool(host='gpu06', port=9004): Read timed out.",0,59.56268577710819
327,2026-09-21T07:59:46.844+00:00,2026-09-21T08:04:47.944+00:00,2026-09-21T08:04:47.944+00:00,False,1,0.0,,0.0,301100.848285,301100.848285,301100.848285,301100.848285,301100.848285,301100.848285,nan,301100.848285,nan,nan,0.0,27,64,,True,False,"HTTPConnectionPool(host='gpu06', port=9004): Read timed out.",0,59.56268577710819
330,2026-09-21T07:59:47.926+00:00,2026-09-21T08:04:48.031+00:00,2026-09-21T08:04:48.031+00:00,False,1,0.0,,0.0,300105.091875,300105.091875,300105.091875,300105.091875,300105.091875,300105.091875,nan,300105.091875,nan,nan,0.0,27,64,,True,False,"HTTPConnectionPool(host='gpu06', port=9004): Read timed out.",0,59.56268577710819
331,2026-09-21T07:59:48.226+00:00,2026-09-21T08:04:48.341+00:00,2026-09-21T08:04:48.341+00:00,False,1,0.0,,0.0,300114.990789,300114.990789,300114.990789,300114.990789,300114.990789,300114.990789,nan,300114.990789,nan,nan,0.0,27,64,,True,False,"HTTPConnectionPool(host='gpu06', port=9004): Read timed out.",0,59.56268577710819
332,2026-09-21T07:59:48.532+00:00,2026-09-21T08:04:48.572+00:00,2026-09-21T08:04:48.572+00:00,False,1,0.0,,0.0,300040.185728,300040.185728,300040.185728,300040.185728,300040.185728,300040.185728,nan,300040.185728,nan,nan,0.0,27,64,,True,False,"HTTPConnectionPool(host='gpu06', port=9004): Read timed out.",0,59.56268577710819
333,2026-09-21T07:59:48.946+00:00,2026-09-21T08:04:49.025+00:00,2026-09-21T08:04:49.025+00:00,False,1,0.0,,0.0,300079.459604,300079.459604,300079.459604,300079.459604,300079.459604,300079.459604,nan,300079.459604,nan,nan,0.0,27,64,,True,False,TTFT timeout: 300.0s exceeded (TTFT: 300.066s),0,59.56268577710819
334,2026-09-21T07:59:49.202+00:00,2026-09-21T08:04:49.138+00:00,2026-09-21T08:04:49.282+00:00,False,3,2.0,,2.0,299935.513164,300079.76046,300079.760365,100026.58678833334,0.0368,299935.513164,173126.2236924568,269956.3828877,72.123648,101.94610760065983,0.006664894683114077,27,64,,True,False,Request timeout: 300.0s exceeded,8,59.56268577710819
335,2026-09-21T07:59:49.483+00:00,2026-09-21T08:04:49.585+00:00,2026-09-21T08:04:49.585+00:00,False,1,0.0,,0.0,300101.796343,300101.796343,300101.796343,300101.796343,300101.796343,300101.796343,nan,300101.796343,nan,nan,0.0,27,64,,True,False,"HTTPConnectionPool(host='gpu06', port=9004): Read timed out.",0,59.56268577710819
336,2026-09-21T07:59:49.866+00:00,2026-09-21T08:04:49.970+00:00,2026-09-21T08:04:49.970+00:00,False,1,0.0,,0.0,300104.29628500005,300104.29628500005,300104.29628500005,300104.29628500005,300104.29628500005,300104.29628500005,nan,300104.29628500005,nan,nan,0.0,27,64,,True,False,"HTTPConnectionPool(host='gpu06', port=9004): Read timed out.",0,59.56268577710819
337,2026-09-21T07:59:50.138+00:00,2026-09-21T08:04:50.235+00:00,2026-09-21T08:04:50.235+00:00,False,1,0.0,,0.0,300097.297875,300097.297875,300097.297875,300097.297875,300097.297875,300097.297875,nan,300097.297875,nan,nan,0.0,27,64,,True,False,"HTTPConnectionPool(host='gpu06', port=9004): Read timed out.",0,59.56268577710819
338,2026-09-21T07:59:50.464+00:00,2026-09-21T08:04:50.572+00:00,2026-09-21T08:04:50.572+00:00,False,1,0.0,,0.0,300107.78926499997,300107.78926499997,300107.78926499997,300107.78926499997,300107.78926499997,300107.78926499997,nan,300107.78926499997,nan,nan,0.0,27,64,,True,False,"HTTPConnectionPool(host='gpu06', port=9004): Read timed out.",0,59.56268577710819
339,2026-09-21T07:59:50.725+00:00,2026-09-21T08:04:50.831+00:00,2026-09-21T08:04:50.831+00:00,False,1,0.0,,0.0,300106.61811599997,300106.61811599997,300106.61811599997,300106.61811599997,300106.61811599997,300106.61811599997,nan,300106.61811599997,nan,nan,0.0,27,64,,True,False,"HTTPConnectionPool(host='gpu06', port=9004): Read timed out.",0,59.56268577710819
340,2026-09-21T07:59:51.074+00:00,2026-09-21T08:04:51.074+00:00,2026-09-21T08:04:51.339+00:00,False,3,2.0,,2.0,300000.735712,300265.727712,300265.727845,100088.57594833334,0.04591,300000.735712,173129.05954539895,270027.1567631,132.496,187.3128352379034,0.006660766832231685,27,64,,True,False,Request timeout: 300.0s exceeded,12,59.56268577710819
341,2026-09-21T07:59:51.387+00:00,2026-09-21T08:04:51.337+00:00,2026-09-21T08:04:51.462+00:00,False,3,2.0,,2.0,299950.532688,300075.43252800003,300075.4326,100025.1442,0.08501,299950.532688,173140.47652396242,269967.9609094,62.44992,88.19732699402158,0.0066649908096471045,27,64,,True,False,Request timeout: 300.0s exceeded,9,59.56268577710819
342,2026-09-21T07:59:51.698+00:00,2026-09-21T08:04:51.789+00:00,2026-09-21T08:04:51.789+00:00,False,1,0.0,,0.0,300091.838713,300091.838713,300091.838713,300091.838713,300091.838713,300091.838713,nan,300091.838713,nan,nan,0.0,27,64,,True,False,"HTTPConnectionPool(host='gpu06', port=9004): Read timed out.",0,59.56268577710819
343,2026-09-21T07:59:52.003+00:00,2026-09-21T08:04:52.093+00:00,2026-09-21T08:04:52.093+00:00,False,1,0.0,,0.0,300090.83662699995,300090.83662699995,300090.83662699995,300090.83662699995,300090.83662699995,300090.83662699995,nan,300090.83662699995,nan,nan,0.0,27,64,,True,False,"HTTPConnectionPool(host='gpu06', port=9004): Read timed out.",0,59.56268577710819
344,2026-09-21T07:59:52.280+00:00,2026-09-21T08:04:52.382+00:00,2026-09-21T08:04:52.382+00:00,False,1,0.0,,0.0,300102.139936,300102.139936,300102.139936,300102.139936,300102.139936,300102.139936,nan,300102.139936,nan,nan,0.0,27,64,,True,False,"HTTPConnectionPool(host='gpu06', port=9004): Read timed out.",0,59.56268577710819
345,2026-09-21T07:59:52.554+00:00,2026-09-21T08:04:52.660+00:00,2026-09-21T08:04:52.660+00:00,False,1,0.0,,0.0,300106.270595,300106.270595,300106.270595,300106.270595,300106.270595,300106.270595,nan,300106.270595,nan,nan,0.0,27,64,,True,False,"HTTPConnectionPool(host='gpu06', port=9004): Read timed out.",0,59.56268577710819
346,2026-09-21T07:59:54.224+00:00,2026-09-21T08:04:53.872+00:00,2026-09-21T08:04:54.256+00:00,True,8,8.0,,8.0,299647.151014,300031.30154200003,300031.30164,37503.912705,43.943197,299647.151014,105921.8639158787,194794.6876382,54.87864685714286,7.537596724368394,0.026663884597654605,27,64,,True,True,,16,59.56268577710819
347,2026-09-21T07:59:54.346+00:00,2026-09-21T08:04:54.817+00:00,2026-09-21T08:04:54.817+00:00,False,1,0.0,,0.0,300470.280455,300470.280455,300470.280455,300470.280455,300470.280455,300470.280455,nan,300470.280455,nan,nan,0.0,27,64,,True,False,"HTTPConnectionPool(host='gpu06', port=9004): Read timed out.",0,59.56268577710819
348,2026-09-21T07:59:54.435+00:00,2026-09-21T08:04:54.858+00:00,2026-09-21T08:04:54.858+00:00,False,1,0.0,,0.0,300423.800534,300423.800534,300423.800534,300423.800534,300423.800534,300423.800534,nan,300423.800534,nan,nan,0.0,27,64,,True,False,"HTTPConnectionPool(host='gpu06', port=9004): Read timed out.",0,59.56268577710819
350,2026-09-21T07:59:54.562+00:00,2026-09-21T08:04:55.254+00:00,2026-09-21T08:04:55.254+00:00,False,1,0.0,,0.0,300692.092889,300692.092889,300692.092889,300692.092889,300692.092889,300692.092889,nan,300692.092889,nan,nan,0.0,27,64,,True,False,TTFT timeout: 300.0s exceeded (TTFT: 300.041s),0,59.56268577710819
349,2026-09-21T07:59:54.520+00:00,2026-09-21T08:04:55.292+00:00,2026-09-21T08:04:55.292+00:00,False,1,0.0,,0.0,300771.89390100003,300771.89390100003,300771.89390100003,300771.89390100003,300771.89390100003,300771.89390100003,nan,300771.89390100003,nan,nan,0.0,27,64,,True,False,"HTTPConnectionPool(host='gpu06', port=9004): Read timed out.",0,59.56268577710819
352,2026-09-21T07:59:55.045+00:00,2026-09-21T08:04:55.394+00:00,2026-09-21T08:04:55.394+00:00,False,1,0.0,,0.0,300348.959518,300348.959518,300348.959518,300348.959518,300348.959518,300348.959518,nan,300348.959518,nan,nan,0.0,27,64,,True,False,"HTTPConnectionPool(host='gpu06', port=9004): Read timed out.",0,59.56268577710819
353,2026-09-21T07:59:55.181+00:00,2026-09-21T08:04:55.473+00:00,2026-09-21T08:04:55.473+00:00,False,1,0.0,,0.0,300292.36414099997,300292.36414099997,300292.36414099997,300292.36414099997,300292.36414099997,300292.36414099997,nan,300292.36414099997,nan,nan,0.0,27,64,,True,False,"HTTPConnectionPool(host='gpu06', port=9004): Read timed out.",0,59.56268577710819
351,2026-09-21T07:59:54.709+00:00,2026-09-21T08:04:55.492+00:00,2026-09-21T08:04:55.492+00:00,False,1,0.0,,0.0,300783.050402,300783.050402,300783.050402,300783.050402,300783.050402,300783.050402,nan,300783.050402,nan,nan,0.0,27,64,,True,False,"HTTPConnectionPool(host='gpu06', port=9004): Read timed out.",0,59.56268577710819
354,2026-09-21T07:59:55.585+00:00,2026-09-21T08:04:55.708+00:00,2026-09-21T08:04:55.708+00:00,False,1,0.0,,0.0,300123.622581,300123.622581,300123.622581,300123.622581,300123.622581,300123.622581,nan,300123.622581,nan,nan,0.0,27,64,,True,False,"HTTPConnectionPool(host='gpu06', port=9004): Read timed out.",0,59.56268577710819
355,2026-09-21T07:59:55.910+00:00,2026-09-21T08:04:56.015+00:00,2026-09-21T08:04:56.015+00:00,False,1,0.0,,0.0,300105.48478299996,300105.48478299996,300105.48478299996,300105.48478299996,300105.48478299996,300105.48478299996,nan,300105.48478299996,nan,nan,0.0,27,64,,True,False,"HTTPConnectionPool(host='gpu06', port=9004): Read timed out.",0,59.56268577710819
356,2026-09-21T07:59:56.302+00:00,2026-09-21T08:04:56.407+00:00,2026-09-21T08:04:56.407+00:00,False,1,0.0,,0.0,300104.923006,300104.923006,300104.923006,300104.923006,300104.923006,300104.923006,nan,300104.923006,nan,nan,0.0,27,64,,True,False,"HTTPConnectionPool(host='gpu06', port=9004): Read timed out.",0,59.56268577710819
357,2026-09-21T07:59:56.703+00:00,2026-09-21T08:04:56.805+00:00,2026-09-21T08:04:56.805+00:00,False,1,0.0,,0.0,300102.44460600003,300102.44460600003,300102.44460600003,300102.44460600003,300102.44460600003,300102.44460600003,nan,300102.44460600003,nan,nan,0.0,27,64,,True,False,"HTTPConnectionPool(host='gpu06', port=9004): Read timed out.",0,59.56268577710819
358,2026-09-21T07:59:57.118+00:00,2026-09-21T08:04:57.190+00:00,2026-09-21T08:04:57.190+00:00,False,1,0.0,,0.0,300071.437226,300071.437226,300071.437226,300071.437226,300071.437226,300071.437226,nan,300071.437226,nan,nan,0.0,27,64,,True,False,TTFT timeout: 300.0s exceeded (TTFT: 300.066s),0,59.56268577710819
359,2026-09-21T07:59:57.356+00:00,2026-09-21T08:04:57.359+00:00,2026-09-21T08:04:57.447+00:00,False,3,2.0,,2.0,300003.008084,300091.42152399995,300091.421699,100030.47389966666,0.03922,300003.008084,173181.3002949627,270011.54471509997,44.20672,62.46235105521892,0.006664635696159176,27,64,,True,False,Request timeout: 300.0s exceeded,6,59.56268577710819
360,2026-09-21T07:59:57.629+00:00,2026-09-21T08:04:57.726+00:00,2026-09-21T08:04:57.726+00:00,False,1,0.0,,0.0,300097.07462800003,300097.07462800003,300097.07462800003,300097.07462800003,300097.07462800003,300097.07462800003,nan,300097.07462800003,nan,nan,0.0,27,64,,True,False,"HTTPConnectionPool(host='gpu06', port=9004): Read timed out.",0,59.56268577710819
361,2026-09-21T07:59:58.015+00:00,2026-09-21T08:04:58.118+00:00,2026-09-21T08:04:58.118+00:00,False,1,0.0,,0.0,300103.79949,300103.79949,300103.79949,300103.79949,300103.79949,300103.79949,nan,300103.79949,nan,nan,0.0,27,64,,True,False,"HTTPConnectionPool(host='gpu06', port=9004): Read timed out.",0,59.56268577710819
362,2026-09-21T07:59:58.362+00:00,2026-09-21T08:04:58.472+00:00,2026-09-21T08:04:58.472+00:00,False,1,0.0,,0.0,300109.760798,300109.760798,300109.760798,300109.760798,300109.760798,300109.760798,nan,300109.760798,nan,nan,0.0,27,64,,True,False,"HTTPConnectionPool(host='gpu06', port=9004): Read timed out.",0,59.56268577710819
363,2026-09-21T07:59:58.619+00:00,2026-09-21T08:04:58.727+00:00,2026-09-21T08:04:58.727+00:00,False,1,0.0,,0.0,300107.76275,300107.76275,300107.76275,300107.76275,300107.76275,300107.76275,nan,300107.76275,nan,nan,0.0,27,64,,True,False,"HTTPConnectionPool(host='gpu06', port=9004): Read timed out.",0,59.56268577710819
364,2026-09-21T07:59:58.924+00:00,2026-09-21T08:04:59.031+00:00,2026-09-21T08:04:59.031+00:00,False,1,0.0,,0.0,300106.732514,300106.732514,300106.732514,300106.732514,300106.732514,300106.732514,nan,300106.732514,nan,nan,0.0,27,64,,True,False,"HTTPConnectionPool(host='gpu06', port=9004): Read timed out.",0,59.56268577710819
365,2026-09-21T07:59:59.306+00:00,2026-09-21T08:04:59.212+00:00,2026-09-21T08:04:59.372+00:00,False,3,2.0,,2.0,299906.11853,300065.916546,300065.91654999997,100021.97218333333,0.022,299906.11853,173104.76697909986,269931.48427899997,79.899008,112.96348744663918,0.00666520217631382,27,64,,True,False,Request timeout: 300.0s exceeded,5,59.56268577710819
366,2026-09-21T07:59:59.689+00:00,2026-09-21T08:04:59.796+00:00,2026-09-21T08:04:59.796+00:00,False,1,0.0,,0.0,300106.85663,300106.85663,300106.85663,300106.85663,300106.85663,300106.85663,nan,300106.85663,nan,nan,0.0,27,64,,True,False,"HTTPConnectionPool(host='gpu06', port=9004): Read timed out.",0,59.56268577710819
367,2026-09-21T08:00:00.090+00:00,2026-09-21T08:05:00.195+00:00,2026-09-21T08:05:00.195+00:00,False,1,0.0,,0.0,300104.436881,300104.436881,300104.436881,300104.436881,300104.436881,300104.436881,nan,300104.436881,nan,nan,0.0,27,64,,True,False,"HTTPConnectionPool(host='gpu06', port=9004): Read timed out.",0,59.56268577710819
368,2026-09-21T08:00:00.370+00:00,2026-09-21T08:05:00.477+00:00,2026-09-21T08:05:00.477+00:00,False,1,0.0,,0.0,300106.772849,300106.772849,300106.772849,300106.772849,300106.772849,300106.772849,nan,300106.772849,nan,nan,0.0,27,64,,True,False,"HTTPConnectionPool(host='gpu06', port=9004): Read timed out.",0,59.56268577710819
369,2026-09-21T08:00:00.692+00:00,2026-09-21T08:05:00.803+00:00,2026-09-21T08:05:00.803+00:00,False,1,0.0,,0.0,300110.640191,300110.640191,300110.640191,300110.640191,300110.640191,300110.640191,nan,300110.640191,nan,nan,0.0,27,64,,True,False,"HTTPConnectionPool(host='gpu06', port=9004): Read timed out.",0,59.56268577710819
370,2026-09-21T08:00:00.943+00:00,2026-09-21T08:05:00.976+00:00,2026-09-21T08:05:00.976+00:00,False,1,0.0,,0.0,300033.623468,300033.623468,300033.623468,300033.623468,300033.623468,300033.623468,nan,300033.623468,nan,nan,0.0,27,64,,True,False,TTFT timeout: 300.0s exceeded (TTFT: 300.028s),0,59.56268577710819
371,2026-09-21T08:00:01.335+00:00,2026-09-21T08:05:01.383+00:00,2026-09-21T08:05:02.968+00:00,False,28,27.0,,27.0,300047.323728,301632.379984,301632.379912,10772.584996857142,0.039909999999999994,300047.323728,56692.523187260056,110.96882135,58.70578725925926,19.539162633390568,0.08951293624852943,27,64,,True,False,Request timeout: 300.0s exceeded,63,59.56268577710819
372,2026-09-21T08:00:01.631+00:00,2026-09-21T08:05:01.950+00:00,2026-09-21T08:05:02.672+00:00,True,13,13.0,,13.0,300319.22075800004,301040.99688600004,301040.996944,23156.99976492308,45.494187,300319.22075800004,83276.88495415724,120194.61203500001,60.148010666666664,17.41832577909151,0.04318348708140545,27,64,,True,True,,122,59.56268577710819
373,2026-09-21T08:00:01.989+00:00,2026-09-21T08:05:03.169+00:00,2026-09-21T08:05:03.169+00:00,False,1,0.0,,0.0,301180.607792,301180.607792,301180.607792,301180.607792,301180.607792,301180.607792,nan,301180.607792,nan,nan,0.0,27,64,,True,False,"HTTPConnectionPool(host='gpu06', port=9004): Read timed out.",0,59.56268577710819
0,2026-09-21T07:58:02.271+00:00,2026-09-21T07:58:02.477+00:00,2026-09-21T07:58:03.622+00:00,True,23,23.0,,23.0,206.146994,1350.293938,1350.293811,58.708426565217394,0.01801,237.180766,65.10316931812213,203.95248780000003,52.006679272727276,57.94867580940435,17.033328338914604,28,64,,False,True,,221,59.56268577710819
2,2026-09-21T07:58:02.826+00:00,2026-09-21T07:58:03.491+00:00,2026-09-21T07:58:04.183+00:00,True,13,13.0,,13.0,664.3355339999999,1356.475054,1356.475221,104.34424776923076,44.635963000000004,664.3355339999999,168.54790554137458,314.96619119999997,57.678293333333336,10.348442732186568,9.583663158172609,28,64,,False,True,,57,59.56268577710819
4,2026-09-21T07:58:03.543+00:00,2026-09-21T07:58:04.644+00:00,2026-09-21T07:58:10.169+00:00,True,89,89.0,,89.0,1100.535024,6625.842672,6625.842855,74.44767252808988,42.358764,1100.535024,110.50846470059797,78.0581426,62.787586909090905,10.638857321696856,13.432253738245718,28,64,,False,True,,265,59.56268577710819
3,2026-09-21T07:58:03.173+00:00,2026-09-21T07:58:07.361+00:00,2026-09-21T07:58:13.320+00:00,True,95,95.0,,95.0,4187.906458,10146.966938000001,10146.966977,106.81017870526316,0.019719999999999998,4187.906458,425.5289684254149,78.67540699999999,63.39426042553192,45.02204376865055,9.362403620753769,28,64,,False,True,,950,59.56268577710819
1,2026-09-21T07:58:02.492+00:00,2026-09-21T07:58:07.601+00:00,2026-09-21T07:58:13.135+00:00,True,88,88.0,,88.0,5109.058849,10643.300385,10643.300204,120.94659322727273,0.02531,5109.058849,539.2709672196497,80.83097585,63.61197167816092,39.398212593729724,8.268112034498404,28,64,,False,True,,418,59.56268577710819
6,2026-09-21T07:58:04.115+00:00,2026-09-21T07:58:10.244+00:00,2026-09-21T07:58:13.541+00:00,True,52,52.0,,52.0,6129.035665,9426.008209,9426.008267000001,181.26938975000002,0.01737,6129.035665,842.4263449059673,84.7062255,64.64652047058824,49.84378879945048,5.516651253321649,28,64,,False,True,,286,59.56268577710819
7,2026-09-21T07:58:04.474+00:00,2026-09-21T07:58:12.219+00:00,2026-09-21T07:58:16.636+00:00,True,71,71.0,,71.0,7744.966676,12162.015764,12162.015674,171.2959954084507,0.01791,7744.966676,912.940209691355,84.294869,63.10070125714286,48.49394997730496,5.83784804901853,28,64,,False,True,,148,59.56268577710819
8,2026-09-21T07:58:04.768+00:00,2026-09-21T07:58:13.685+00:00,2026-09-21T07:58:14.626+00:00,True,16,16.0,,16.0,8916.403558,9857.697382,9857.697346,616.106084125,48.636995000000006,8916.403558,2213.438315682092,2296.735792,62.7529216,11.031215731910583,1.6230970966116032,28,64,,False,True,,64,59.56268577710819
5,2026-09-21T07:58:03.916+00:00,2026-09-21T07:58:15.281+00:00,2026-09-21T07:58:20.142+00:00,True,79,79.0,,79.0,11365.232181,16225.976885,16225.976875,205.39211234177213,30.539383,11365.232181,1271.7135174738835,77.77729500000001,62.31723979487179,9.661853360170754,4.86873613588289,28,64,,False,True,,158,59.56268577710819
9,2026-09-21T07:58:05.019+00:00,2026-09-21T07:58:15.875+00:00,2026-09-21T07:58:16.633+00:00,True,13,13.0,,13.0,10855.846348,11613.437132,11613.437136999999,893.3413182307692,44.195154,10855.846348,2993.3771856603466,4389.303022,63.13256533333334,10.524294740618924,1.1193929800661189,28,64,,False,True,,38,59.56268577710819
10,2026-09-21T07:58:05.362+00:00,2026-09-21T07:58:17.542+00:00,2026-09-21T07:58:19.571+00:00,True,33,33.0,,33.0,12180.221089,14208.836001,14208.836169,430.57079300000004,47.343644999999995,12180.221089,2109.286169176629,79.43946799999999,63.394216,8.69224338738867,2.3224984789519354,28,64,,False,True,,33,59.56268577710819
11,2026-09-21T07:58:05.600+00:00,2026-09-21T07:58:18.857+00:00,2026-09-21T07:58:24.037+00:00,True,81,81.0,,81.0,13256.523879,18437.235815,18437.235747,227.6201944074074,0.0,13256.523879,1467.15263341965,104.29457099999999,64.7588992,64.50520139321772,4.393283288924511,28,64,,False,True,,83,59.56268577710819
12,2026-09-21T07:58:05.816+00:00,2026-09-21T07:58:20.068+00:00,2026-09-21T07:58:24.301+00:00,True,66,66.0,,66.0,14251.56118,18485.00502,18485.005159,280.07583574242426,0.0,14251.56118,1747.905969057589,103.95525549999998,65.12990523076922,77.14398455934536,3.570461567556556,28,64,,False,True,,137,59.56268577710819
13,2026-09-21T07:58:06.042+00:00,2026-09-21T07:58:21.177+00:00,2026-09-21T07:58:25.921+00:00,True,75,75.0,,75.0,15134.561800000001,19878.71284,19878.712653000002,265.04950204,0.0,15134.561800000001,1741.5880945158801,79.4474573,64.11014918918919,70.35003705208356,3.772880095590737,28,64,,False,True,,568,59.56268577710819
14,2026-09-21T07:58:06.407+00:00,2026-09-21T07:58:23.315+00:00,2026-09-21T07:58:24.512+00:00,True,26,26.0,,26.0,16907.932487,18104.939591,18104.939731,696.3438358076922,0.0,16907.932487,3307.5058571497807,327.78864425,47.880284159999995,82.06807578869842,1.43607217628744,28,64,,False,True,,103,59.56268577710819
15,2026-09-21T07:58:06.689+00:00,2026-09-21T07:58:24.514+00:00,2026-09-21T07:58:24.649+00:00,True,3,3.0,,3.0,17825.34026,17959.6993,17959.699384,5986.566461333334,57.274256,17825.34026,10252.683644153089,16050.514720800002,67.17952,14.008362334438955,0.16704065863730802,28,64,,False,True,,6,59.56268577710819
16,2026-09-21T07:58:07.022+00:00,2026-09-21T07:58:26.122+00:00,2026-09-21T07:58:31.835+00:00,True,92,92.0,,92.0,19100.478063000002,24812.629103000003,24812.629137000004,269.70249061956525,0.0,19100.478063000002,1985.7259660252073,79.48198745,62.77089054945055,60.369359683813876,3.7077892720718024,28,64,,False,True,,99,59.56268577710819
17,2026-09-21T07:58:07.337+00:00,2026-09-21T07:58:27.986+00:00,2026-09-21T07:58:30.915+00:00,True,44,44.0,,44.0,20649.085914,23578.071002,23578.071207999998,535.8652547272727,0.0,20649.085914,3103.299807648254,79.61782000000001,68.11593227906977,61.83819639683573,1.8661407880342593,28,64,,False,True,,87,59.56268577710819
18,2026-09-21T07:58:07.544+00:00,2026-09-21T07:58:29.232+00:00,2026-09-21T07:58:29.354+00:00,True,3,3.0,,3.0,21687.677092,21809.990308,21809.990465000003,7269.9968216666675,57.62205599999999,21687.677092,12486.077878052103,19525.3785145,61.156608,4.998667943855443,0.13755164296884564,28,64,,False,True,,16,59.56268577710819
19,2026-09-21T07:58:07.788+00:00,2026-09-21T07:58:30.396+00:00,2026-09-21T07:58:35.726+00:00,True,84,84.0,,84.0,22607.908257,27938.587552999998,27938.587520999998,332.60223239285716,0.0,22607.908257,2461.7422433881507,77.80308635,64.22505175903615,100.43028838317798,3.0065943684751604,28,64,,False,True,,84,59.56268577710819
20,2026-09-21T07:58:08.080+00:00,2026-09-21T07:58:31.952+00:00,2026-09-21T07:58:36.509+00:00,True,72,72.0,,72.0,23872.312359,28429.083687,28429.083712,394.84838488888886,0.0,23872.312359,2807.306900950925,84.7373085,64.17987785915493,92.15219854211948,2.5326176809885728,28,64,,False,True,,216,59.56268577710819
21,2026-09-21T07:58:08.401+00:00,2026-09-21T07:58:33.429+00:00,2026-09-21T07:58:38.772+00:00,True,85,85.0,,85.0,25028.153999000002,30371.426191000002,30371.426044000003,357.3108946352941,0.0,25028.153999000002,2708.4500986501234,80.3182408,63.61038323809524,60.38271162294272,2.7986831920717687,28,64,,False,True,,86,59.56268577710819
22,2026-09-21T07:58:08.754+00:00,2026-09-21T07:58:35.366+00:00,2026-09-21T07:58:40.794+00:00,True,88,88.0,,88.0,26612.079313000002,32039.925969000004,32039.925797000004,364.09006587500005,0.0,26612.079313000002,2830.9291851426083,76.3594045,62.389042022988505,64.33378133674054,2.7465731376890123,28,64,,False,True,,792,59.56268577710819
23,2026-09-21T07:58:09.060+00:00,2026-09-21T07:58:36.766+00:00,2026-09-21T07:58:38.573+00:00,True,30,30.0,,30.0,27706.453546,29513.466154,29513.466194,983.7822064666667,38.577964,27706.453546,5047.116816091075,77.18283949999999,62.3107795862069,10.203177370018944,1.016485147608935,28,64,,False,True,,30,59.56268577710819
24,2026-09-21T07:58:09.273+00:00,2026-09-21T07:58:37.658+00:00,2026-09-21T07:58:40.545+00:00,True,40,40.0,,40.0,28384.972467,31271.603635,31271.603597,781.790089925,0.0,28384.972467,4477.271860464227,108.48362379999999,74.0161837948718,91.777730669736,1.2791157264231552,28,64,,False,True,,83,59.56268577710819
25,2026-09-21T07:58:09.582+00:00,2026-09-21T07:58:39.487+00:00,2026-09-21T07:58:45.244+00:00,True,92,92.0,,92.0,29904.498425,35661.619705000005,35661.619503,387.6262989456522,0.0,29904.498425,3112.7178079365503,78.015463,63.26506901098901,98.89593333667256,2.5798043039279275,28,64,,False,True,,276,59.56268577710819
26,2026-09-21T07:58:09.835+00:00,2026-09-21T07:58:41.059+00:00,2026-09-21T07:58:43.892+00:00,True,45,45.0,,45.0,31223.991742,34056.79251,34056.792566,756.8176125777777,0.01597,31223.991742,4646.324091208715,93.78575560000002,64.38183563636363,112.18257014651773,1.3213223173258837,28,64,,False,True,,136,59.56268577710819
27,2026-09-21T07:58:10.043+00:00,2026-09-21T07:58:41.876+00:00,2026-09-21T07:58:42.501+00:00,True,11,11.0,,11.0,31833.551555,32458.714562999998,32458.71462,2950.792238181818,56.467135999999996,31833.551555,9579.328949392828,15951.513140999998,62.516300799999996,5.445483572654413,0.33889204018384034,28,64,,False,True,,22,59.56268577710819
28,2026-09-21T07:58:10.355+00:00,2026-09-21T07:58:43.599+00:00,2026-09-21T07:58:49.319+00:00,True,93,93.0,,93.0,33243.451592,38963.994055999996,38963.993925999996,418.9676766236559,0.0,33243.451592,3441.5193501556155,80.9866144,62.17980939130435,73.75177897168638,2.3868189658980583,28,64,,False,True,,185,59.56268577710819
29,2026-09-21T07:58:10.643+00:00,2026-09-21T07:58:44.966+00:00,2026-09-21T07:58:47.427+00:00,True,40,40.0,,40.0,34322.769344,36783.551168,36783.551199,919.588779975,0.0,34322.769344,5418.096643135463,116.08726385000001,63.09696984615385,113.90851501343292,1.0874425858805652,28,64,,False,True,,154,59.56268577710819
30,2026-09-21T07:58:10.892+00:00,2026-09-21T07:58:46.498+00:00,2026-09-21T07:58:49.074+00:00,True,41,41.0,,41.0,35605.985317,38181.699621,38181.699594,931.260965707317,22.980632,35605.985317,5550.676153021764,78.86999800000001,64.3928576,11.66706416561,1.0738128581748605,28,64,,False,True,,82,59.56268577710819
31,2026-09-21T07:58:11.254+00:00,2026-09-21T07:58:48.028+00:00,2026-09-21T07:58:51.647+00:00,True,58,58.0,,58.0,36773.934258,40393.617586,40393.617434,696.4416798965517,45.977904,36773.934258,4820.3238628905065,77.03816549999999,63.50321628070176,8.922891823278686,1.4358704039447605,28,64,,False,True,,181,59.56268577710819
32,2026-09-21T07:58:11.482+00:00,2026-09-21T07:58:49.077+00:00,2026-09-21T07:58:53.787+00:00,True,75,75.0,,75.0,37594.441514,42304.502314,42304.502323,564.0600309733333,0.0,37594.441514,4335.539859874042,80.30984000000001,63.64947027027027,127.75662418810514,1.7728609461782971,28,64,,False,True,,944,59.56268577710819
33,2026-09-21T07:58:11.808+00:00,2026-09-21T07:58:50.850+00:00,2026-09-21T07:58:51.837+00:00,True,17,17.0,,17.0,39041.773364,40029.176372,40029.176426,2354.657436823529,48.566025,39041.773364,9454.056615293865,7870.0034872,61.712688,8.078829737715168,0.42469022699880793,28,64,,False,True,,51,59.56268577710819
34,2026-09-21T07:58:12.104+00:00,2026-09-21T07:58:52.398+00:00,2026-09-21T07:58:56.262+00:00,True,63,63.0,,63.0,40294.623854000005,44158.198382,44158.19822500001,700.9237813492065,0.0,40294.623854000005,5070.6091999265755,80.1968439,62.31571819354839,136.7583151778446,1.4266886401253271,28,64,,False,True,,282,59.56268577710819
35,2026-09-21T07:58:12.361+00:00,2026-09-21T07:58:53.668+00:00,2026-09-21T07:58:58.701+00:00,True,82,82.0,,82.0,41307.127838,46340.38147,46340.381411,565.1266025731708,0.06411,41307.127838,4554.778199687717,80.51665000000001,62.13893372839506,16.945273653695097,1.7695149974776416,28,64,,False,True,,86,59.56268577710819
36,2026-09-21T07:58:12.624+00:00,2026-09-21T07:58:55.073+00:00,2026-09-21T07:59:00.325+00:00,True,83,83.0,,83.0,42448.458467,47700.723683,47700.723533,574.7075124457831,42.441535,42448.458467,4652.302271346257,78.21004199999999,64.05201482926829,9.340326896112606,1.740015529986189,28,64,,False,True,,415,59.56268577710819
37,2026-09-21T07:58:13.167+00:00,2026-09-21T07:58:56.760+00:00,2026-09-21T07:58:58.490+00:00,True,29,29.0,,29.0,43592.772886,45323.117846,45323.117926,1562.8661353793102,38.099374000000005,43592.772886,8083.507827376745,81.7141426,61.79803428571428,12.099285924747615,0.6398500672115477,28,64,,False,True,,102,59.56268577710819
38,2026-09-21T07:58:13.187+00:00,2026-09-21T07:58:57.572+00:00,2026-09-21T07:59:02.455+00:00,True,78,78.0,,78.0,44384.424949,49267.621109,49267.621046,631.6361672564102,0.0,44384.424949,5019.367832755466,80.88582199999999,63.41813194805194,100.94715994974777,1.583189897223418,28,64,,False,True,,393,59.56268577710819
39,2026-09-21T07:58:13.333+00:00,2026-09-21T07:58:58.935+00:00,2026-09-21T07:59:04.640+00:00,True,92,92.0,,92.0,45601.915564,51307.347116000004,51307.347077000006,557.6885551847827,0.0,45601.915564,4748.697982890578,80.98524055,62.69705002197802,93.28356008885775,1.793115512131208,28,64,,False,True,,998,59.56268577710819
40,2026-09-21T07:58:13.552+00:00,2026-09-21T07:59:00.116+00:00,2026-09-21T07:59:05.635+00:00,True,86,86.0,,86.0,46564.212765000004,52083.478557,52083.478468,605.6218426511629,0.0,46564.212765000004,5015.966561904838,87.45099400000001,64.93253872941176,135.9205199704081,1.651195395981124,28,64,,False,True,,596,59.56268577710819
41,2026-09-21T07:58:13.822+00:00,2026-09-21T07:59:01.519+00:00,2026-09-21T07:59:02.528+00:00,True,17,17.0,,17.0,47697.245763,48706.424643,48706.424676999995,2865.0838045294117,32.633283999999996,47697.245763,11552.995709471346,9616.9674566,63.07368,17.2053161725666,0.3490299303347286,28,64,,False,True,,141,59.56268577710819
42,2026-09-21T07:58:14.162+00:00,2026-09-21T07:59:03.135+00:00,2026-09-21T07:59:08.166+00:00,True,82,82.0,,82.0,48973.066564,54004.38074,54004.380707000004,658.5900086219513,0.01516,48973.066564,5402.165045355036,77.930696,62.11498982716049,96.652605179683,1.5183953389778282,28,64,,False,True,,489,59.56268577710819
43,2026-09-21T07:58:14.434+00:00,2026-09-21T07:59:04.710+00:00,2026-09-21T07:59:07.477+00:00,True,45,45.0,,45.0,50276.432850000005,53043.04533000001,53043.045277000005,1178.734339488889,0.01541,50276.432850000005,7486.909352642253,117.57991999999999,62.877556363636366,152.32417107745903,0.8483675799539543,28,64,,False,True,,45,59.56268577710819
44,2026-09-21T07:58:14.692+00:00,2026-09-21T07:59:06.137+00:00,2026-09-21T07:59:08.347+00:00,True,36,36.0,,36.0,51445.095931,53654.64498700001,53654.645021000004,1490.406806138889,44.253094,51445.095931,8563.665029383077,79.25098325,63.12997302857143,8.436168675148345,0.6709577522826299,28,64,,False,True,,118,59.56268577710819
45,2026-09-21T07:58:15.012+00:00,2026-09-21T07:59:07.902+00:00,2026-09-21T07:59:13.905+00:00,True,95,95.0,,95.0,52890.158291,58892.535763,58892.535880999996,619.9214303263158,0.0,52890.158291,5420.938663652843,82.41529689999999,63.85507948936171,108.4971578713792,1.6131076505570505,28,64,,False,True,,293,59.56268577710819
46,2026-09-21T07:58:15.265+00:00,2026-09-21T07:59:09.148+00:00,2026-09-21T07:59:10.327+00:00,True,5,5.0,,5.0,53882.953405,55061.920957,55061.920957,11012.3841914,0.0,53882.953405,23969.418169332308,43317.42542380001,294.741888,508.23172093365406,0.09080685731804915,28,64,,False,True,,10,59.56268577710819
47,2026-09-21T07:58:15.506+00:00,2026-09-21T07:59:10.395+00:00,2026-09-21T07:59:12.806+00:00,True,40,40.0,,40.0,54889.619439,57300.486639,57300.486613,1432.512165325,0.02924,54889.619439,8669.056133637238,79.96095629999999,61.817107692307694,18.58465564476935,0.6980743506072618,28,64,,False,True,,266,59.56268577710819
48,2026-09-21T07:58:15.735+00:00,2026-09-21T07:59:11.755+00:00,2026-09-21T07:59:12.855+00:00,True,19,19.0,,19.0,56020.117926,57119.49559,57119.495603999996,3006.2892423157896,42.786994,56020.117926,12837.887783183363,5670.2962209,61.07653688888889,9.38000058904115,0.33263599063235355,28,64,,False,True,,19,59.56268577710819
49,2026-09-21T07:58:16.095+00:00,2026-09-21T07:59:13.899+00:00,2026-09-21T07:59:17.637+00:00,True,60,60.0,,60.0,57804.356499,61541.770131,61541.770207,1025.6961701166667,40.593813000000004,57804.356499,7454.339524709942,78.83997855,63.34599376271187,10.392949927751422,0.9749475823051866,28,64,,False,True,,123,59.56268577710819
50,2026-09-21T07:58:16.434+00:00,2026-09-21T07:59:15.588+00:00,2026-09-21T07:59:21.420+00:00,True,93,93.0,,93.0,59154.604482,64986.097346,64986.097425,698.7752411290323,0.0,59154.604482,6130.069974854314,143.25534240000002,63.385792,179.36201204225264,1.431075319154002,28,64,,False,True,,93,59.56268577710819
51,2026-09-21T07:58:16.792+00:00,2026-09-21T07:59:17.576+00:00,2026-09-21T07:59:21.305+00:00,True,57,57.0,,57.0,60784.410199,64513.010774999995,64513.010707,1131.8072053859648,0.0,60784.410199,8045.656522383851,522.1831922,66.58215314285714,235.42943171880646,0.8835427042584807,28,64,,False,True,,117,59.56268577710819
52,2026-09-21T07:58:17.034+00:00,2026-09-21T07:59:19.355+00:00,2026-09-21T07:59:24.561+00:00,True,92,92.0,,92.0,62320.593590000004,67526.722742,67526.722698,733.9861162826087,0.0,62320.593590000004,6492.478812479931,84.89808700000002,57.210210461538466,118.65125850181923,1.3624235897172927,28,64,,False,True,,368,59.56268577710819
53,2026-09-21T07:58:17.324+00:00,2026-09-21T07:59:21.309+00:00,2026-09-21T07:59:21.902+00:00,True,29,29.0,,29.0,63985.737012000005,64578.69522000001,64578.69515400001,2226.851557034483,0.0,63985.737012000005,11877.955040507337,75.456399,21.17707885714286,29.133299887033065,0.4490645080580492,28,64,,False,True,,34,59.56268577710819
54,2026-09-21T07:58:17.628+00:00,2026-09-21T07:59:21.970+00:00,2026-09-21T07:59:26.125+00:00,True,65,65.0,,65.0,64341.717369000005,68496.81112900001,68496.811315,1053.7970971538462,40.360513,64341.717369000005,7972.5632149972935,80.98747499999999,64.92334,11.47409384780007,0.9489492857935464,28,64,,False,True,,780,59.56268577710819
55,2026-09-21T07:58:17.837+00:00,2026-09-21T07:59:22.975+00:00,2026-09-21T07:59:24.428+00:00,True,24,24.0,,24.0,65138.122556,66590.545212,66590.545254,2774.60605225,46.082444,65138.122556,13283.377178626686,82.262001,63.14881113043478,10.256215358032147,0.3604115257442743,28,64,,False,True,,111,59.56268577710819
56,2026-09-21T07:58:18.067+00:00,2026-09-21T07:59:24.423+00:00,2026-09-21T07:59:26.773+00:00,True,37,37.0,,37.0,66356.160539,68705.677595,68705.677496,1856.9102025945947,43.411294000000005,66356.160539,10898.160639525377,80.3271132,65.26436266666667,9.977158031299867,0.5385290021896625,28,64,,False,True,,325,59.56268577710819
57,2026-09-21T07:58:18.331+00:00,2026-09-21T07:59:25.735+00:00,2026-09-21T07:59:31.184+00:00,True,86,86.0,,86.0,67404.297228,72853.332492,72853.33239699999,847.1317720581395,44.456413,67404.297228,7261.484735808557,77.3720895,64.10629722352941,8.741409213895022,1.1804538935736897,28,64,,False,True,,344,59.56268577710819
58,2026-09-21T07:58:18.629+00:00,2026-09-21T07:59:27.411+00:00,2026-09-21T07:59:32.820+00:00,True,77,77.0,,77.0,68781.972664,74191.240632,74191.24054,963.5226044155844,0.0,68781.972664,7831.721167153688,80.74663500000001,71.1745785263158,149.00830841905204,1.0378583690483338,28,64,,False,True,,154,59.56268577710819
59,2026-09-21T07:58:18.849+00:00,2026-09-21T07:59:28.440+00:00,2026-09-21T07:59:30.507+00:00,True,33,33.0,,33.0,69590.73843099999,71657.73004699999,71657.73013299999,2171.4463676666664,45.119594,69590.73843099999,12102.952080663064,80.181695,64.593488,9.669315016356487,0.46052254206706583,28,64,,False,True,,132,59.56268577710819
60,2026-09-21T07:58:19.189+00:00,2026-09-21T07:59:30.360+00:00,2026-09-21T07:59:30.765+00:00,True,7,7.0,,7.0,71171.336685,71575.843053,71575.843041,10225.120434428572,57.919535,71171.336685,26874.75620674235,49843.1812626,67.417728,7.821651530729301,0.09779835907509586,28,64,,False,True,,21,59.56268577710819
61,2026-09-21T07:58:19.415+00:00,2026-09-21T07:59:31.484+00:00,2026-09-21T07:59:36.308+00:00,True,77,77.0,,77.0,72069.19140000001,76892.57597600001,76892.576144,998.6048849870132,0.0,72069.19140000001,8208.438966565347,227.32326539999997,63.46558652631579,208.95214054853093,1.001397066265975,28,64,,False,True,,86,59.56268577710819
62,2026-09-21T07:58:19.693+00:00,2026-09-21T07:59:32.830+00:00,2026-09-21T07:59:36.440+00:00,True,58,58.0,,58.0,73137.72094,76747.069292,76747.069507,1323.225336327586,0.01499,73137.72094,9597.322639984752,136.48748365,63.321900912280704,206.55324776058777,0.7557291833428462,28,64,,False,True,,232,59.56268577710819
63,2026-09-21T07:58:19.980+00:00,2026-09-21T07:59:34.744+00:00,2026-09-21T07:59:36.241+00:00,True,30,30.0,,30.0,74763.85760799999,76260.89236,76260.89241999999,2542.029747333333,0.01809,74763.85760799999,13640.622342346105,171.5359043,51.621888,52.280691952329086,0.3933864274545974,28,64,,False,True,,157,59.56268577710819
64,2026-09-21T07:58:20.245+00:00,2026-09-21T07:59:35.927+00:00,2026-09-21T07:59:37.448+00:00,True,25,25.0,,25.0,75681.603315,77202.420211,77202.420229,3088.09680916,9.759941000000001,75681.603315,15123.670595355197,150.34639660000002,63.367370666666666,27.180328826500062,0.323824045045131,28,64,,False,True,,77,59.56268577710819
65,2026-09-21T07:58:20.589+00:00,2026-09-21T07:59:37.496+00:00,2026-09-21T07:59:39.802+00:00,True,38,38.0,,38.0,76906.790147,79212.763651,79212.76359,2084.546410263158,43.546764,76906.790147,12465.823418840044,80.5105815,62.323608216216215,11.148691750476912,0.47972066935352126,28,64,,False,True,,38,59.56268577710819
66,2026-09-21T07:58:20.819+00:00,2026-09-21T07:59:39.051+00:00,2026-09-21T07:59:41.644+00:00,True,42,42.0,,42.0,78231.64739,80824.509342,80824.509448,1924.393082095238,45.203934000000004,78231.64739,12061.651619222184,80.17892600000002,63.240535414634145,10.642611153016823,0.519644354688027,28,64,,False,True,,48,59.56268577710819
67,2026-09-21T07:58:21.117+00:00,2026-09-21T07:59:40.399+00:00,2026-09-21T07:59:46.977+00:00,True,79,79.0,,79.0,79281.823097,85860.466041,85860.466006,1086.8413418481014,0.0,79281.823097,8912.435101383759,80.030593,84.3415762051282,191.07806337551574,0.9200974982161871,28,64,,False,True,,79,59.56268577710819
68,2026-09-21T07:58:21.319+00:00,2026-09-21T07:59:41.568+00:00,2026-09-21T07:59:43.219+00:00,True,26,26.0,,26.0,80248.85010899999,81900.428989,81900.429014,3150.016500538461,41.473184,80248.85010899999,15725.145210037539,105.16553175000001,66.0631552,15.065634332127408,0.31745865462428835,28,64,,False,True,,104,59.56268577710819
69,2026-09-21T07:58:21.651+00:00,2026-09-21T07:59:43.042+00:00,2026-09-21T07:59:44.618+00:00,True,26,26.0,,26.0,81390.731835,82967.265083,82967.265073,3191.048656653846,41.270844,81390.731835,15949.672423618178,80.79597174999999,63.06132992,11.534995370764978,0.3133766067133796,28,64,,False,True,,156,59.56268577710819
70,2026-09-21T07:58:22.019+00:00,2026-09-21T07:59:44.887+00:00,2026-09-21T07:59:48.434+00:00,True,56,56.0,,56.0,82867.636839,86414.569319,86414.569501,1543.117312517857,0.0,82867.636839,11067.463182481573,76.56732450000001,64.48968145454545,233.91253757526997,0.648038871700854,28,64,,False,True,,56,59.56268577710819
71,2026-09-21T07:58:22.283+00:00,2026-09-21T07:59:46.963+00:00,2026-09-21T07:59:50.227+00:00,True,60,60.0,,60.0,84679.864774,87943.862726,87943.862901,1465.73104835,0.0,84679.864774,10925.004888612011,77.25892055,55.32199918644068,22.80294280784231,0.6822534073462002,28,64,,False,True,,293,59.56268577710819
72,2026-09-21T07:58:22.502+00:00,2026-09-21T07:59:47.560+00:00,2026-09-21T07:59:48.310+00:00,True,12,12.0,,12.0,85057.717463,85808.32303099999,85808.323119,7150.693593249999,54.227894,85057.717463,24534.351005696313,38319.571576149996,68.23686981818182,8.242242456755537,0.1398465740399653,28,64,,False,True,,36,59.56268577710819
73,2026-09-21T07:58:22.713+00:00,2026-09-21T07:59:48.511+00:00,2026-09-21T07:59:52.044+00:00,True,58,58.0,,58.0,85798.049286,89331.00391,89331.00394699999,1540.1897232241379,44.952284,85798.049286,11257.700444694729,75.19598865,61.98166007017544,8.613550433360965,0.6492706614876327,28,64,,False,True,,164,59.56268577710819
74,2026-09-21T07:58:23.275+00:00,2026-09-21T07:59:50.485+00:00,2026-09-21T07:59:52.180+00:00,True,28,28.0,,28.0,87210.02558,88905.572716,88905.57263,3175.1990225,48.237564,87210.02558,16469.279900390477,77.47662299999999,62.798042074074075,8.134520462951334,0.3149408877826277,28,64,,False,True,,56,59.56268577710819
75,2026-09-21T07:58:23.427+00:00,2026-09-21T07:59:52.254+00:00,2026-09-21T07:59:56.031+00:00,True,60,60.0,,60.0,88827.04133,92604.181554,92604.18157199999,1543.4030261999999,0.01533,88827.04133,11460.834913627388,190.66832049999996,64.01932583050848,191.8139788532774,0.6479189059622797,28,64,,False,True,,243,59.56268577710819
76,2026-09-21T07:58:23.636+00:00,2026-09-21T07:59:54.144+00:00,2026-09-21T07:59:59.281+00:00,True,100,100.0,,100.0,90508.138795,95645.152811,95645.15285700001,956.45152857,0.01529,90508.138795,9045.726365025084,102.59624765000001,51.88903046464647,43.04618167067961,1.0455312899923472,28,64,,False,True,,900,59.56268577710819
77,2026-09-21T07:58:23.936+00:00,2026-09-21T07:59:54.799+00:00,2026-09-21T07:59:58.440+00:00,True,59,59.0,,59.0,90862.810512,94503.978384,94503.978332,1601.7623446101695,0.06695000000000001,90862.810512,11821.16775716126,82.9153462,62.778756413793104,15.89773097887615,0.6243123412250864,28,64,,False,True,,151,59.56268577710819
78,2026-09-21T07:58:24.283+00:00,2026-09-21T07:59:56.736+00:00,2026-09-21T07:59:59.008+00:00,True,37,37.0,,37.0,92452.478196,94724.553972,94724.553886,2560.123078,46.829254,92452.478196,15188.721148571316,79.07461020000001,63.113216,9.853918205099335,0.39060622033582737,28,64,,False,True,,74,59.56268577710819
79,2026-09-21T07:58:24.557+00:00,2026-09-21T07:59:57.896+00:00,2026-09-21T08:00:03.865+00:00,True,96,96.0,,96.0,93339.616589,99308.33978899999,99308.339844,1034.4618733749999,0.0,93339.616589,9522.005388869571,77.399542,62.828665263157895,195.35533206957217,0.9666861836978726,28,64,,False,True,,672,59.56268577710819
80,2026-09-21T07:58:24.792+00:00,2026-09-21T07:59:59.342+00:00,2026-09-21T07:59:59.835+00:00,True,9,9.0,,9.0,94550.212052,95043.734484,95043.734476,10560.414941777779,50.816843999999996,94550.212052,31496.175254873335,56762.4636824,61.690304,9.816515484952546,0.09469324883814506,28,64,,False,True,,9,59.56268577710819
81,2026-09-21T07:58:25.097+00:00,2026-09-21T08:00:00.990+00:00,2026-09-21T08:00:03.352+00:00,True,38,38.0,,38.0,95892.371726,98254.87591799999,98254.875793,2585.654626131579,0.0,95892.371726,15548.416494249359,348.5341796999999,63.85146464864865,308.48295177335945,0.38674925437505453,28,64,,False,True,,102,59.56268577710819
82,2026-09-21T07:58:25.354+00:00,2026-09-21T08:00:02.890+00:00,2026-09-21T08:00:05.428+00:00,True,53,53.0,,53.0,97535.647886,100073.77345400001,100073.773499,1888.1844056415096,0.0,97535.647886,13390.876776017078,79.22129699999999,48.81010707692308,28.507645066861322,0.5296092889348479,28,64,,False,True,,329,59.56268577710819
83,2026-09-21T07:58:25.659+00:00,2026-09-21T08:00:03.792+00:00,2026-09-21T08:00:07.315+00:00,True,56,56.0,,56.0,98133.221104,101656.113392,101656.113434,1815.2877398928572,43.281474,98133.221104,13105.047099300857,78.00274950000001,64.05258705454546,9.26254346351491,0.5508768546369295,28,64,,False,True,,169,59.56268577710819
84,2026-09-21T07:58:25.958+00:00,2026-09-21T08:00:05.019+00:00,2026-09-21T08:00:05.289+00:00,True,5,5.0,,5.0,99060.542191,99331.300847,99331.300915,19866.260183,51.433904999999996,99060.542191,44270.95067744357,79264.2611362,67.689664,11.790944474137431,0.05033660042066196,28,64,,False,True,,12,59.56268577710819
85,2026-09-21T07:58:26.245+00:00,2026-09-21T08:00:06.242+00:00,2026-09-21T08:00:06.433+00:00,True,4,4.0,,4.0,99996.35208,100187.91047999999,100187.91045499999,25046.977613749998,57.328115,99996.35208,49966.24998688057,85007.62796489999,63.8528,7.167422957344711,0.039924976784484395,28,64,,False,True,,12,59.56268577710819
86,2026-09-21T07:58:26.592+00:00,2026-09-21T08:00:08.324+00:00,2026-09-21T08:00:12.520+00:00,True,67,67.0,,67.0,101732.03363600001,105928.069988,105928.06977500001,1581.0159667910448,46.085344,101732.03363600001,12420.7821811672,77.3749364,63.576308363636365,9.040880610526708,0.632504679898256,28,64,,True,True,,214,59.56268577710819
87,2026-09-21T07:58:26.821+00:00,2026-09-21T08:00:09.521+00:00,2026-09-21T08:00:15.271+00:00,True,92,92.0,,92.0,102700.390367,108449.809119,108449.809272,1178.8022746956522,41.328523000000004,102700.390367,10700.672742050803,76.6231161,63.180425846153845,9.182493270341201,0.848318689976209,28,64,,True,True,,271,59.56268577710819
88,2026-09-21T07:58:27.029+00:00,2026-09-21T08:00:10.712+00:00,2026-09-21T08:00:11.153+00:00,True,8,8.0,,8.0,103682.84352,104123.38623999999,104123.386438,13015.42330475,48.126914,103682.84352,36635.17146709355,67421.1979761,62.93467428571429,10.828565526332373,0.07683192305675057,28,64,,True,True,,27,59.56268577710819
89,2026-09-21T07:58:27.317+00:00,2026-09-21T08:00:11.899+00:00,2026-09-21T08:00:16.419+00:00,True,73,73.0,,73.0,104581.76133499999,109101.40549499998,109101.40550299999,1494.5398014109587,43.897894,104581.76133499999,12233.025926494283,77.15624399999999,62.77283555555555,9.46235425140097,0.6691022876267668,28,64,,True,True,,362,59.56268577710819
90,2026-09-21T07:58:27.640+00:00,2026-09-21T08:00:13.865+00:00,2026-09-21T08:00:17.885+00:00,True,65,65.0,,65.0,106225.32536399999,110245.67736399999,110245.67737499998,1696.087344230769,46.779654,106225.32536399999,13167.84146135626,76.86286899999999,62.818,9.01417219195758,0.5895922774857505,28,64,,True,True,,130,59.56268577710819
91,2026-09-21T07:58:27.886+00:00,2026-09-21T08:00:15.401+00:00,2026-09-21T08:00:16.419+00:00,True,17,17.0,,17.0,107514.508633,108532.666713,108532.666753,6384.274514882353,44.879895,107514.508633,26060.66655804958,21564.4349482,63.63488,9.81365780960142,0.15663486869768167,28,64,,True,True,,68,59.56268577710819
92,2026-09-21T07:58:28.113+00:00,2026-09-21T08:00:16.419+00:00,2026-09-21T08:00:19.105+00:00,True,43,43.0,,43.0,108306.24442,110992.49568400001,110992.495627,2581.220828534884,41.649513,108306.24442,16506.796751450125,77.749078,63.958363428571424,9.865776432626173,0.3874135790443229,28,64,,True,True,,215,59.56268577710819
93,2026-09-21T07:58:28.415+00:00,2026-09-21T08:00:17.839+00:00,2026-09-21T08:00:18.584+00:00,True,13,13.0,,13.0,109423.445891,110168.835715,110168.835907,8474.525839,46.726973,109423.445891,30331.377326519054,43814.539742,62.11581866666666,10.624398776282222,0.11800070242759214,28,64,,True,True,,50,59.56268577710819
94,2026-09-21T07:58:28.696+00:00,2026-09-21T08:00:19.357+00:00,2026-09-21T08:00:22.078+00:00,True,44,44.0,,44.0,110661.143274,113382.804458,113382.804537,2576.8819212954545,50.205273999999996,110661.143274,16673.254910509848,75.532925,63.294446139534884,7.962440090840178,0.3880658995015313,28,64,,True,True,,159,59.56268577710819
95,2026-09-21T07:58:29.012+00:00,2026-09-21T08:00:20.814+00:00,2026-09-21T08:00:25.052+00:00,True,70,70.0,,70.0,111802.44842100001,116040.281893,116040.28203500001,1657.7183147857145,41.677193,111802.44842100001,13355.610671152925,75.8281215,61.4178764057971,9.042935735143748,0.6032387965460696,28,64,,True,True,,284,59.56268577710819
96,2026-09-21T07:58:29.301+00:00,2026-09-21T08:00:21.974+00:00,2026-09-21T08:00:23.697+00:00,True,29,29.0,,29.0,112673.51399699999,114396.51790099998,114396.51783499999,3944.7075115517237,43.060863,112673.51399699999,20911.521524180698,80.6260536,61.535853714285714,9.678219432558384,0.25350421963977016,28,64,,True,True,,58,59.56268577710819
97,2026-09-21T07:58:29.659+00:00,2026-09-21T08:00:24.133+00:00,2026-09-21T08:00:29.793+00:00,True,91,91.0,,91.0,114473.714389,120133.041877,120133.04182,1320.1433167032967,40.485913999999994,114473.714389,11993.51839099188,77.9114705,62.88141653333333,10.159011354418784,0.7574935136760435,28,64,,True,True,,725,59.56268577710819
98,2026-09-21T07:58:29.899+00:00,2026-09-21T08:00:25.574+00:00,2026-09-21T08:00:30.718+00:00,True,83,83.0,,83.0,115675.085252,120819.02842,120819.028345,1455.6509439156628,43.341803,115675.085252,12690.108499770204,79.4927201,62.731014243902436,10.126449911046242,0.6869778799368365,28,64,,True,True,,88,59.56268577710819
99,2026-09-21T07:58:30.217+00:00,2026-09-21T08:00:27.030+00:00,2026-09-21T08:00:31.682+00:00,True,75,75.0,,75.0,116812.655346,121465.23493,121465.235032,1619.5364670933334,41.596593999999996,116812.655346,13481.106890621546,77.0441983,62.87269708108108,9.356045019071676,0.6174606260237527,28,64,,True,True,,75,59.56268577710819
100,2026-09-21T07:58:30.577+00:00,2026-09-21T08:00:28.870+00:00,2026-09-21T08:00:34.373+00:00,True,87,87.0,,87.0,118293.84104700001,123796.08104700001,123796.08121500001,1422.9434622413794,41.857173,118293.84104700001,12675.575086927916,77.2126227,63.97953488372093,9.386745956086408,0.7027686116087137,28,64,,True,True,,177,59.56268577710819
101,2026-09-21T07:58:30.890+00:00,2026-09-21T08:00:30.714+00:00,2026-09-21T08:00:30.714+00:00,True,1,1.0,,1.0,119823.214162,119823.214162,119823.214162,119823.214162,119823.214162,119823.214162,nan,119823.214162,nan,nan,0.008345628240684716,28,64,,True,True,,6,59.56268577710819
102,2026-09-21T07:58:31.260+00:00,2026-09-21T08:00:32.580+00:00,2026-09-21T08:00:33.427+00:00,True,14,14.0,,14.0,121320.075511,122167.320055,122167.320034,8726.237145285715,46.266383999999995,121320.075511,32406.736882635683,42510.7370681,65.17265723076923,8.19958312383833,0.11459693143548674,28,64,,True,True,,35,59.56268577710819
103,2026-09-21T07:58:31.621+00:00,2026-09-21T08:00:34.167+00:00,2026-09-21T08:00:34.227+00:00,True,2,2.0,,2.0,122546.488632,122605.865272,122605.86530599999,61302.932652999996,59.376674,122546.488632,86611.46747345765,116422.13303410001,59.37664,nan,0.01631243330458146,28,64,,True,True,,8,59.56268577710819
104,2026-09-21T07:58:31.898+00:00,2026-09-21T08:00:35.473+00:00,2026-09-21T08:00:38.529+00:00,True,51,51.0,,51.0,123575.50089,126631.045978,126631.04606699999,2482.9616875882352,42.184833,123575.50089,17295.47733117448,78.1513705,61.11090176,10.779934050446988,0.40274483722467547,28,64,,True,True,,236,59.56268577710819
105,2026-09-21T07:58:32.101+00:00,2026-09-21T08:00:36.329+00:00,2026-09-21T08:00:38.396+00:00,True,35,35.0,,35.0,124227.58647200001,126294.87684000001,126294.87706600002,3608.425059028572,40.704432999999995,124227.58647200001,20988.019839509725,77.6865653,60.80265788235294,10.832664812941955,0.27712921438880433,28,64,,True,True,,133,59.56268577710819
106,2026-09-21T07:58:32.468+00:00,2026-09-21T08:00:38.528+00:00,2026-09-21T08:00:44.352+00:00,True,90,90.0,,90.0,126059.924598,131883.571062,131883.571011,1465.3730112333333,47.217513,126059.924598,13280.988110296103,77.221194,65.43422993258427,8.522466373032678,0.6824201018767526,28,64,,True,True,,900,59.56268577710819
107,2026-09-21T07:58:32.780+00:00,2026-09-21T08:00:40.035+00:00,2026-09-21T08:00:46.346+00:00,True,98,98.0,,98.0,127255.401746,133565.646098,133565.646025,1362.914755357143,43.716122999999996,127255.401746,12848.168644714968,77.443101,65.05406548453608,9.269647616438814,0.7337216032938236,28,64,,True,True,,441,59.56268577710819
109,2026-09-21T07:58:33.377+00:00,2026-09-21T08:00:41.809+00:00,2026-09-21T08:00:47.637+00:00,True,91,91.0,,91.0,128432.312028,134260.124892,134260.124989,1475.38598889011,45.334603,128432.312028,13456.580460940993,79.665561,64.75347626666667,10.362228348249293,0.6777887334247692,28,64,,True,True,,181,59.56268577710819
108,2026-09-21T07:58:33.362+00:00,2026-09-21T08:00:42.642+00:00,2026-09-21T08:00:47.127+00:00,True,70,70.0,,70.0,129279.71468199999,133764.643194,133764.643223,1910.9234746142856,43.188763,129279.71468199999,15444.116028804048,80.8646715,64.99896394202898,10.520797157984616,0.5233071933551111,28,64,,True,True,,140,59.56268577710819
110,2026-09-21T07:58:33.654+00:00,2026-09-21T08:00:44.952+00:00,2026-09-21T08:00:49.782+00:00,True,77,77.0,,77.0,131298.600202,136128.641546,136128.641641,1767.904436896104,43.354013,131298.600202,14955.623979758708,77.24066520000001,63.55317557894737,8.473863726753361,0.5656414339077973,28,64,,True,True,,231,59.56268577710819
111,2026-09-21T07:58:33.947+00:00,2026-09-21T08:00:46.598+00:00,2026-09-21T08:00:48.717+00:00,True,34,34.0,,34.0,132651.164213,134770.069813,134770.069911,3963.8255856176474,46.116983,132651.164213,22738.47754671989,80.48084800000001,64.20926060606061,10.53059034239563,0.2522815343731486,28,64,,True,True,,306,59.56268577710819
112,2026-09-21T07:58:34.204+00:00,2026-09-21T08:00:47.889+00:00,2026-09-21T08:00:50.105+00:00,True,36,36.0,,36.0,133685.248383,135900.734079,135900.734248,3775.0203957777776,50.339923000000006,133685.248383,22270.32572501566,74.06814025,63.29959131428572,6.520161944434526,0.2648992313689267,28,64,,True,True,,46,59.56268577710819
113,2026-09-21T07:58:34.478+00:00,2026-09-21T08:00:49.647+00:00,2026-09-21T08:00:52.393+00:00,True,44,44.0,,44.0,135169.375065,137915.740505,137915.740639,3134.448650886364,45.439714,135169.375065,20367.923526183127,77.17013949999999,63.86896372093023,9.412802878264673,0.3190353750694963,28,64,,True,True,,45,59.56268577710819
114,2026-09-21T07:58:34.734+00:00,2026-09-21T08:00:50.942+00:00,2026-09-21T08:00:56.846+00:00,True,95,95.0,,95.0,136207.133814,142112.002678,142112.002743,1495.9158183473685,43.182182999999995,136207.133814,13968.115332654728,77.1236696,62.817753872340425,9.548624083152562,0.6684868146939901,28,64,,True,True,,855,59.56268577710819
115,2026-09-21T07:58:35.104+00:00,2026-09-21T08:00:52.747+00:00,2026-09-21T08:00:55.747+00:00,True,48,48.0,,48.0,137643.16963,140643.019614,140643.01959299998,2930.0629081875,45.360813,137643.16963,19857.86940396693,76.62937364999999,63.826595404255315,8.354199887531998,0.3412896006622852,28,64,,True,True,,72,59.56268577710819
116,2026-09-21T07:58:35.388+00:00,2026-09-21T08:00:54.223+00:00,2026-09-21T08:00:54.895+00:00,True,11,11.0,,11.0,138835.557331,139507.176147,139507.176171,12682.470560999998,49.670404000000005,138835.557331,41840.24616302193,69457.15361299999,67.1618816,7.874454384449943,0.07884899045199796,28,64,,True,True,,44,59.56268577710819
117,2026-09-21T07:58:35.594+00:00,2026-09-21T08:00:55.431+00:00,2026-09-21T08:01:01.280+00:00,True,93,93.0,,93.0,139836.726919,145685.492103,145685.492013,1566.5106668064518,41.497623,139836.726919,14493.804467976886,79.3120234,63.573534608695645,10.328190943566517,0.638361436389622,28,64,,True,True,,93,59.56268577710819
118,2026-09-21T07:58:35.920+00:00,2026-09-21T08:00:57.169+00:00,2026-09-21T08:00:58.230+00:00,True,18,18.0,,18.0,141249.218994,142309.307314,142309.307313,7906.0726285,42.810613,141249.218994,33278.06368300576,21251.976078,62.358136470588235,10.093624833812864,0.1264850510464765,28,64,,True,True,,20,59.56268577710819
119,2026-09-21T07:58:36.137+00:00,2026-09-21T08:00:58.362+00:00,2026-09-21T08:01:00.306+00:00,True,31,31.0,,31.0,142225.035131,144168.897659,144168.897545,4650.609598225807,45.194523000000004,142225.035131,25532.73490337298,77.49939,64.79541760000001,10.564594292793412,0.21502557419370522,28,64,,True,True,,137,59.56268577710819
120,2026-09-21T07:58:36.502+00:00,2026-09-21T08:00:59.931+00:00,2026-09-21T08:01:00.040+00:00,True,3,3.0,,3.0,143429.252089,143538.61426499998,143538.61428699997,47846.20476233333,51.592644,143429.252089,82777.34721363932,129092.10383549999,54.681088,4.367634538616069,0.02090029930525469,28,64,,True,True,,20,59.56268577710819
121,2026-09-21T07:58:36.704+00:00,2026-09-21T08:01:00.946+00:00,2026-09-21T08:01:04.261+00:00,True,53,53.0,,53.0,144242.52908399998,147557.56037999998,147557.56044099998,2784.1049139811316,41.622172,144242.52908399998,19804.480911690243,79.047264,63.75060184615385,10.227569822983963,0.35918186681530173,28,64,,True,True,,167,59.56268577710819
122,2026-09-21T07:58:37.036+00:00,2026-09-21T08:01:02.711+00:00,2026-09-21T08:01:05.084+00:00,True,39,39.0,,39.0,145675.04024,148047.815408,148047.815276,3796.0978275897437,45.214383999999995,145675.04024,23316.67817414397,75.1841321,62.44145178947368,8.640632697389647,0.26342840583308313,28,64,,True,True,,77,59.56268577710819
123,2026-09-21T07:58:37.333+00:00,2026-09-21T08:01:04.386+00:00,2026-09-21T08:01:08.677+00:00,True,69,69.0,,69.0,147053.224315,151344.414075,151344.413923,2193.397303231884,41.661343,147053.224315,17695.533595253626,78.634004,63.10573176470588,9.982272994562488,0.45591375421233893,28,64,,True,True,,410,59.56268577710819
124,2026-09-21T07:58:37.556+00:00,2026-09-21T08:01:05.458+00:00,2026-09-21T08:01:08.187+00:00,True,45,45.0,,45.0,147902.33678,150631.29038000002,150631.29035300002,3347.3620078444446,43.746182999999995,147902.33678,22038.73476723231,77.295156,62.02167272727273,9.02896520543388,0.2987427106710549,28,64,,True,True,,305,59.56268577710819
125,2026-09-21T07:58:37.774+00:00,2026-09-21T08:01:06.828+00:00,2026-09-21T08:01:11.422+00:00,True,73,73.0,,73.0,149053.34908,153647.97052,153647.97028100002,2104.7667161780823,43.944194,149053.34908,17437.908560625692,77.1771796,63.814186666666664,9.358016577174737,0.47511203534248936,28,64,,True,True,,77,59.56268577710819
126,2026-09-21T07:58:37.986+00:00,2026-09-21T08:01:08.190+00:00,2026-09-21T08:01:12.666+00:00,True,71,71.0,,71.0,150203.745929,154680.122249,154680.122141,2178.5932695915494,45.302723,150203.745929,17818.31827389427,78.11827600000001,63.94823314285714,9.443423290429024,0.4590117913516131,28,64,,True,True,,434,59.56268577710819
127,2026-09-21T07:58:38.352+00:00,2026-09-21T08:01:09.969+00:00,2026-09-21T08:01:10.552+00:00,True,10,10.0,,10.0,151617.219773,152199.900861,152199.900966,15219.990096599999,42.428983,151617.219773,47925.10295020135,83426.20372579999,64.74234311111111,13.06063480449029,0.06570306513624294,28,64,,True,True,,83,59.56268577710819
128,2026-09-21T07:58:38.581+00:00,2026-09-21T08:01:11.477+00:00,2026-09-21T08:01:13.709+00:00,True,36,36.0,,36.0,152895.149183,155128.052095,155128.052126,4309.112559055556,49.985814,152895.149183,25471.894342750336,87.4195535,63.79722605714285,11.10149970840834,0.2320663446347776,28,64,,True,True,,97,59.56268577710819
129,2026-09-21T07:58:38.907+00:00,2026-09-21T08:01:13.155+00:00,2026-09-21T08:01:17.251+00:00,True,64,64.0,,64.0,154248.288243,158343.515891,158343.515776,2474.117434,46.117683,154248.288243,19272.91318062828,78.94711520000001,65.00361346031747,10.094690512237495,0.40418453284854505,28,64,,True,True,,278,59.56268577710819
130,2026-09-21T07:58:39.132+00:00,2026-09-21T08:01:14.503+00:00,2026-09-21T08:01:14.876+00:00,True,7,7.0,,7.0,155371.410069,155744.001173,155744.001127,22249.14301814286,43.579892,155371.410069,58701.40291994102,108782.8663695,62.098517333333334,10.767830307458949,0.04494555133603136,28,64,,True,True,,28,59.56268577710819
131,2026-09-21T07:58:39.395+00:00,2026-09-21T08:01:16.020+00:00,2026-09-21T08:01:21.383+00:00,True,86,86.0,,86.0,156625.487624,161988.183816,161988.183603,1883.5835302674418,42.360733,156625.487624,16882.561058085357,78.67693600000001,63.090543435294116,11.09252070026559,0.5309029212753329,28,64,,True,True,,97,59.56268577710819
132,2026-09-21T07:58:39.741+00:00,2026-09-21T08:01:17.542+00:00,2026-09-21T08:01:23.822+00:00,True,100,100.0,,100.0,157801.062601,164081.343433,164081.343499,1640.8134349900001,42.112794,157801.062601,15773.766157424392,77.5025441,63.43718012121212,10.734094277398695,0.609453810578004,28,64,,True,True,,500,59.56268577710819
133,2026-09-21T07:58:40.022+00:00,2026-09-21T08:01:19.197+00:00,2026-09-21T08:01:19.895+00:00,True,12,12.0,,12.0,159174.935875,159872.873795,159872.873956,13322.739496333334,50.242194000000005,159174.935875,45931.53039517594,71669.66032005,63.44890181818182,6.977783682451927,0.07505963779313322,28,64,,True,True,,18,59.56268577710819
134,2026-09-21T07:58:40.376+00:00,2026-09-21T08:01:21.051+00:00,2026-09-21T08:01:21.307+00:00,True,5,5.0,,5.0,160674.751648,160930.545568,160930.54555500002,32186.109111,55.790044,160674.751648,71827.33514919267,128554.5522814,63.94848,8.607749145212198,0.031069303731946194,28,64,,True,True,,5,59.56268577710819
135,2026-09-21T07:58:40.665+00:00,2026-09-21T08:01:22.421+00:00,2026-09-21T08:01:22.806+00:00,True,8,8.0,,8.0,161755.958768,162141.148656,162141.14885,20267.64360625,45.296732000000006,161755.958768,57169.9133107263,105165.43657945002,55.02712685714286,9.501086740924384,0.0493397269373789,28,64,,True,True,,39,59.56268577710819
136,2026-09-21T07:58:41.028+00:00,2026-09-21T08:01:24.348+00:00,2026-09-21T08:01:28.769+00:00,True,72,72.0,,72.0,163319.891493,167740.514597,167740.514593,2329.7293693472225,44.458063,163319.891493,19240.098704085238,80.00072804999999,62.26229723943662,10.0541504773474,0.42923440513451067,28,64,,True,True,,255,59.56268577710819
137,2026-09-21T07:58:41.322+00:00,2026-09-21T08:01:25.845+00:00,2026-09-21T08:01:29.829+00:00,True,65,65.0,,65.0,164523.454625,168506.94160100003,168506.941519,2592.4144849076924,44.033612999999995,164523.454625,20398.90486597367,75.5577864,62.241984,9.117326359055482,0.38574078540877305,28,64,,True,True,,129,59.56268577710819
138,2026-09-21T07:58:41.608+00:00,2026-09-21T08:01:27.202+00:00,2026-09-21T08:01:31.646+00:00,True,72,72.0,,72.0,165594.471308,170037.570444,170037.570458,2361.632923027778,42.505432,165594.471308,19508.122744153046,76.81143995000001,62.57886107042254,9.192996572351293,0.42343583134006496,28,64,,True,True,,326,59.56268577710819
139,2026-09-21T07:58:41.938+00:00,2026-09-21T08:01:28.698+00:00,2026-09-21T08:01:31.828+00:00,True,51,51.0,,51.0,166760.037775,169889.903503,169889.903564,3331.1745796862747,45.677103,166760.037775,23342.312304184492,76.76216950000001,62.59731456,9.027722166809639,0.30019441384343015,28,64,,True,True,,153,59.56268577710819
140,2026-09-21T07:58:42.228+00:00,2026-09-21T08:01:30.148+00:00,2026-09-21T08:01:34.345+00:00,True,68,68.0,,68.0,167920.025452,172116.715372,172116.715288,2531.128166,45.650802000000006,167920.025452,20355.699795639062,75.471386,62.637162985074625,7.880502276527314,0.39508074420912553,28,64,,True,True,,136,59.56268577710819
141,2026-09-21T07:58:42.486+00:00,2026-09-21T08:01:31.529+00:00,2026-09-21T08:01:34.273+00:00,True,45,45.0,,45.0,169043.30859099998,171786.78942299998,171786.78960899997,3817.484213533333,43.677273,169043.30859099998,25190.195141621483,77.07310000000001,62.35183709090909,8.481107773804492,0.26195262249877693,28,64,,True,True,,90,59.56268577710819
142,2026-09-21T07:58:42.817+00:00,2026-09-21T08:01:33.553+00:00,2026-09-21T08:01:38.191+00:00,True,73,73.0,,73.0,170736.208265,175374.57677699998,175374.576725,2402.3914619863012,42.355432,170736.208265,19975.623667257598,77.251706,64.4217848888889,8.964382537727378,0.41625189546614944,28,64,,True,True,,219,59.56268577710819
144,2026-09-21T07:58:43.620+00:00,2026-09-21T08:01:34.833+00:00,2026-09-21T08:01:39.076+00:00,True,67,67.0,,67.0,171212.963961,175455.833209,175455.83337,2618.743781641791,41.767993000000004,171212.963961,20909.141399104454,77.528364,64.2858976969697,10.299170071538597,0.3818624822817418,28,64,,True,True,,234,59.56268577710819
143,2026-09-21T07:58:43.523+00:00,2026-09-21T08:01:34.902+00:00,2026-09-21T08:01:35.328+00:00,True,7,7.0,,7.0,171378.85555500002,171804.405635,171804.40558800002,24543.48651257143,66.362804,171378.85555500002,64748.3117659482,119987.78187270003,70.92501333333333,3.379728860110448,0.04074400754816243,28,64,,True,True,,21,59.56268577710819
145,2026-09-21T07:58:43.679+00:00,2026-09-21T08:01:37.057+00:00,2026-09-21T08:01:42.156+00:00,True,81,81.0,,81.0,173377.223945,178476.567049,178476.566881,2203.4144059382716,45.222152,173377.223945,19257.05549157044,75.340754,63.741788799999995,8.649973593694336,0.4538410915185397,28,64,,True,True,,729,59.56268577710819
146,2026-09-21T07:58:43.900+00:00,2026-09-21T08:01:39.007+00:00,2026-09-21T08:01:44.678+00:00,True,92,92.0,,92.0,175106.93481799998,180778.06032199998,180778.06035599997,1964.9789169130433,44.181152000000004,175106.93481799998,18249.664998475437,76.4342575,62.320060483516485,9.329542392950614,0.5089113127783901,28,64,,True,True,,106,59.56268577710819
147,2026-09-21T07:58:44.267+00:00,2026-09-21T08:01:40.467+00:00,2026-09-21T08:01:44.752+00:00,True,70,70.0,,70.0,176199.602579,180485.148051,180485.148,2578.359257142857,43.741462,176199.602579,21052.459007580623,76.04342695,62.10935466666666,9.009018472692105,0.38784354699490275,28,64,,True,True,,280,59.56268577710819
148,2026-09-21T07:58:44.597+00:00,2026-09-21T08:01:41.940+00:00,2026-09-21T08:01:44.681+00:00,True,46,46.0,,46.0,177342.594183,180084.323975,180084.324123,3914.8766113695656,41.625262,177342.594183,26138.757557735684,75.91946425,60.927328711111116,9.828684151206307,0.25543589238997777,28,64,,True,True,,253,59.56268577710819
149,2026-09-21T07:58:44.809+00:00,2026-09-21T08:01:43.351+00:00,2026-09-21T08:01:49.380+00:00,True,97,97.0,,97.0,178541.933097,184570.634793,184570.634904,1902.790050556701,43.384333,178541.933097,18121.812444502528,75.212242,62.798976,8.571482099849954,0.5255440558504207,28,64,,True,True,,101,59.56268577710819
150,2026-09-21T07:58:45.137+00:00,2026-09-21T08:01:44.754+00:00,2026-09-21T08:01:50.787+00:00,True,97,97.0,,97.0,179617.477269,185650.665365,185650.665296,1913.9243844948453,44.196683,179617.477269,18231.012578411945,75.687652,62.84570933333334,8.410362624704081,0.5224866811508182,28,64,,True,True,,197,59.56268577710819
151,2026-09-21T07:58:45.457+00:00,2026-09-21T08:01:46.534+00:00,2026-09-21T08:01:50.788+00:00,True,68,68.0,,68.0,181077.232963,185331.262019,185331.262043,2725.4597359264703,41.483073,181077.232963,21951.14225633818,77.672504,63.49297098507463,9.37436364226383,0.36691057547014766,28,64,,True,True,,408,59.56268577710819
152,2026-09-21T07:58:45.794+00:00,2026-09-21T08:01:48.291+00:00,2026-09-21T08:01:50.840+00:00,True,42,42.0,,42.0,182496.820493,185046.111245,185046.111012,4405.859786,42.360973,182496.820493,28150.27796311999,76.64524250000001,62.17782321951219,9.144825039974082,0.2269704546473405,28,64,,True,True,,51,59.56268577710819
153,2026-09-21T07:58:46.051+00:00,2026-09-21T08:01:49.507+00:00,2026-09-21T08:01:51.939+00:00,True,38,38.0,,38.0,183456.156581,185887.90544499998,185887.905313,4891.786981921053,49.529423,183456.156581,29749.85813227538,78.31702299999999,65.72294227027027,9.136511068290956,0.20442427337610375,28,64,,True,True,,101,59.56268577710819
154,2026-09-21T07:58:46.297+00:00,2026-09-21T08:01:50.985+00:00,2026-09-21T08:01:56.150+00:00,True,82,82.0,,82.0,184687.94861899997,189852.99847499997,189852.99838499998,2315.280468109756,42.723791,184687.94861899997,20388.332657452378,78.80931505,63.766047604938265,10.007315191417598,0.431913115192636,28,64,,True,True,,248,59.56268577710819
155,2026-09-21T07:58:46.568+00:00,2026-09-21T08:01:51.939+00:00,2026-09-21T08:01:53.338+00:00,True,24,24.0,,24.0,185370.79661000002,186769.646402,186769.646356,7782.0685981666675,45.368392,185370.79661000002,37826.24153705032,75.0477927,60.81955617391305,8.283617939065776,0.12850053776052445,28,64,,True,True,,144,59.56268577710819
156,2026-09-21T07:58:46.809+00:00,2026-09-21T08:01:53.277+00:00,2026-09-21T08:01:58.228+00:00,True,79,79.0,,79.0,186467.648797,191418.833437,191418.833405,2423.023207658228,40.986132,186467.648797,20972.109900361367,76.54014999999998,63.47672615384615,9.292736350241478,0.4127075616412665,28,64,,True,True,,268,59.56268577710819
157,2026-09-21T07:58:47.069+00:00,2026-09-21T08:01:54.681+00:00,2026-09-21T08:01:56.970+00:00,True,37,37.0,,37.0,187611.72141600001,189901.416136,189901.41622,5132.470708648649,46.00289299999999,187611.72141600001,30832.721960421244,76.312824,63.60263111111111,8.583307463567209,0.1948379361926508,28,64,,True,True,,441,59.56268577710819
158,2026-09-21T07:58:47.296+00:00,2026-09-21T08:01:55.847+00:00,2026-09-21T08:02:01.582+00:00,True,92,92.0,,92.0,188550.58856499998,194286.124693,194286.12466499998,2111.8057028804346,44.734173000000006,188550.58856499998,19651.18851953613,77.1159735,63.02786953846154,8.64752431155851,0.4735284114878159,28,64,,True,True,,641,59.56268577710819
159,2026-09-21T07:58:47.659+00:00,2026-09-21T08:01:57.792+00:00,2026-09-21T08:01:58.281+00:00,True,9,9.0,,9.0,190132.937975,190622.359799,190622.35981,21180.262201111113,50.705431,190132.937975,63357.25359571861,114106.9278066,61.177728,5.112812177925011,0.04721376867587815,28,64,,True,True,,34,59.56268577710819
160,2026-09-21T07:58:47.889+00:00,2026-09-21T08:01:58.695+00:00,2026-09-21T08:02:04.234+00:00,True,90,90.0,,90.0,190806.53831799998,196345.35457399997,196345.354588,2181.6150509777776,46.803432,190806.53831799998,20106.217071075924,77.67018505,62.23389051685393,8.976409487711187,0.4583760089219742,28,64,,True,True,,284,59.56268577710819
161,2026-09-21T07:58:48.176+00:00,2026-09-21T08:02:00.370+00:00,2026-09-21T08:02:02.009+00:00,True,28,28.0,,28.0,192193.927868,193832.107708,193832.107717,6922.575275607142,50.491293,192193.927868,36309.77290281821,77.19460500000001,60.67332740740741,7.535030843610618,0.14445491168150962,28,64,,True,True,,224,59.56268577710819
162,2026-09-21T07:58:48.498+00:00,2026-09-21T08:02:02.465+00:00,2026-09-21T08:02:08.350+00:00,True,94,94.0,,94.0,193967.666408,199852.43235999998,199852.43229599998,2126.089705276596,42.669162,193967.666408,19999.71245731798,76.86626735,63.277053247311834,8.44766076759698,0.4703470400133789,28,64,,True,True,,187,59.56268577710819
163,2026-09-21T07:58:48.849+00:00,2026-09-21T08:02:04.291+00:00,2026-09-21T08:02:08.293+00:00,True,64,64.0,,64.0,195442.097391,199443.87684699998,199443.87668699998,3116.3105732343747,47.411523,195442.097391,24422.32361071834,76.90516765000001,63.52030882539683,8.556511810085837,0.32089227812742793,28,64,,True,True,,320,59.56268577710819
164,2026-09-21T07:58:49.109+00:00,2026-09-21T08:02:05.474+00:00,2026-09-21T08:02:06.627+00:00,True,20,20.0,,20.0,196364.164348,197517.719036,197517.71891999998,9875.885946,52.364944,196364.164348,43894.78662810605,9891.03138225,60.713404631578946,7.293336327720685,0.10125673837067123,28,64,,True,True,,77,59.56268577710819
165,2026-09-21T07:58:49.337+00:00,2026-09-21T08:02:06.872+00:00,2026-09-21T08:02:11.234+00:00,True,70,70.0,,70.0,197534.98895899998,201897.61065499997,201897.610715,2884.2515816428568,43.877742,197534.98895899998,23602.3915229485,76.57257500000001,63.22640139130435,8.500590500220582,0.34671039331721015,28,64,,True,True,,280,59.56268577710819
166,2026-09-21T07:58:49.704+00:00,2026-09-21T08:02:08.988+00:00,2026-09-21T08:02:13.924+00:00,True,79,79.0,,79.0,199283.99776600001,204219.228486,204219.228623,2585.053526873418,43.998902,199283.99776600001,22414.08439057991,76.59023909999999,63.27218871794872,8.509779790486592,0.38683918544631923,28,64,,True,True,,312,59.56268577710819
167,2026-09-21T07:58:49.929+00:00,2026-09-21T08:02:09.915+00:00,2026-09-21T08:02:15.341+00:00,True,87,87.0,,87.0,199986.144273,205412.17076900002,205412.170836,2361.059434896552,43.407812,199986.144273,21434.003164035577,77.114905,63.09333134883721,9.927620870715856,0.42353868163847713,28,64,,True,True,,429,59.56268577710819
168,2026-09-21T07:58:50.263+00:00,2026-09-21T08:02:12.253+00:00,2026-09-21T08:02:15.342+00:00,True,50,50.0,,50.0,201990.209284,205079.282948,205079.28291100002,4101.58565822,42.769591999999996,201990.209284,28556.815686139744,79.18488654999999,63.042319673469386,10.449384315704213,0.24380814717729446,28,64,,True,True,,75,59.56268577710819
169,2026-09-21T07:58:50.561+00:00,2026-09-21T08:02:13.727+00:00,2026-09-21T08:02:16.985+00:00,True,52,52.0,,52.0,203166.244153,206424.78597700002,206424.785999,3969.7074230576923,47.037963000000005,203166.244153,28165.23009611911,78.460571,63.89297694117647,9.538154712940756,0.2519077336274621,28,64,,True,True,,156,59.56268577710819
170,2026-09-21T07:58:50.851+00:00,2026-09-21T08:02:15.265+00:00,2026-09-21T08:02:19.853+00:00,True,73,73.0,,73.0,204414.052336,209002.480368,209002.48055399998,2863.0476788219175,44.916332000000004,204414.052336,23917.3981038771,79.0029032,63.72816711111111,9.170183423968883,0.34927815149114805,28,64,,True,True,,511,59.56268577710819
171,2026-09-21T07:58:51.134+00:00,2026-09-21T08:02:16.783+00:00,2026-09-21T08:02:19.929+00:00,True,51,51.0,,51.0,205649.163979,208795.158219,208795.158179,4094.022709392157,46.913322,205649.163979,28787.83398634488,76.7107295,62.9198848,9.907348761977575,0.24425853757828703,28,64,,True,True,,433,59.56268577710819
172,2026-09-21T07:58:51.363+00:00,2026-09-21T08:02:18.179+00:00,2026-09-21T08:02:22.236+00:00,True,65,65.0,,65.0,206816.225631,210872.527711,210872.52777000002,3244.192734923077,45.230873,206816.225631,25644.536017473376,78.67688600000001,63.37972,9.270491675080132,0.30824309219208607,28,64,,True,True,,389,59.56268577710819
173,2026-09-21T07:58:51.609+00:00,2026-09-21T08:02:19.375+00:00,2026-09-21T08:02:21.347+00:00,True,32,32.0,,32.0,207766.352869,209738.42736499998,209738.427486,6554.3258589375,51.110082999999996,207766.352869,36717.00455583504,79.19293309999999,63.61530632258064,8.73770166880292,0.15257099236427282,28,64,,True,True,,127,59.56268577710819
174,2026-09-21T07:58:51.813+00:00,2026-09-21T08:02:20.376+00:00,2026-09-21T08:02:24.812+00:00,True,72,72.0,,72.0,208563.192324,212999.031812,212999.031793,2958.319886013889,44.827642999999995,208563.192324,24572.046780219018,76.22515505,62.476612507042255,9.43675795565664,0.33802970552255646,28,64,,True,True,,282,59.56268577710819
175,2026-09-21T07:58:52.148+00:00,2026-09-21T08:02:22.360+00:00,2026-09-21T08:02:25.760+00:00,True,56,56.0,,56.0,210212.479456,213612.27696,213612.277119,3814.5049485535715,42.972112,210212.479456,28082.56538443508,79.10139925,61.81450007272727,9.362740839241736,0.26215721678996146,28,64,,True,True,,224,59.56268577710819
176,2026-09-21T07:58:52.494+00:00,2026-09-21T08:02:23.904+00:00,2026-09-21T08:02:29.712+00:00,True,95,95.0,,95.0,211410.070034,217218.53109,217218.53093100002,2286.5108519052633,43.736354,211410.070034,21683.877836696727,77.66712,61.79213889361702,9.478155966622117,0.43734758504852755,28,64,,True,True,,287,59.56268577710819
177,2026-09-21T07:58:52.828+00:00,2026-09-21T08:02:25.755+00:00,2026-09-21T08:02:29.362+00:00,True,60,60.0,,60.0,212927.279109,216534.08589299998,216534.085984,3608.9014330666664,42.246061999999995,212927.279109,27480.90287190681,80.5714556,61.13231837288135,9.124282827825981,0.2770926330261413,28,64,,True,True,,400,59.56268577710819
178,2026-09-21T07:58:53.842+00:00,2026-09-21T08:02:29.955+00:00,2026-09-21T08:02:33.886+00:00,True,63,63.0,,63.0,216112.52995899998,220043.477543,220043.47764599998,3492.753613428571,41.130433,216112.52995899998,27219.633185648167,77.805565,63.40238038709678,9.51456014467798,0.2863070548759565,28,64,,True,True,,402,59.56268577710819
179,2026-09-21T07:58:53.892+00:00,2026-09-21T08:02:30.542+00:00,2026-09-21T08:02:35.826+00:00,True,83,83.0,,83.0,216649.450155,221933.46705099999,221933.466999,2673.897192759036,44.032531000000006,216649.450155,23773.295347480966,78.8960721,64.43923043902439,9.559165525781392,0.37398595670533424,28,64,,True,True,,404,59.56268577710819
181,2026-09-21T07:58:53.947+00:00,2026-09-21T08:02:30.802+00:00,2026-09-21T08:02:35.476+00:00,True,74,74.0,,74.0,216855.620108,221529.717516,221529.717322,2993.644828675676,42.583242,216855.620108,25201.512487041615,78.0408403,64.02873161643836,9.8270204499612,0.33404096222284646,28,64,,True,True,,450,59.56268577710819
180,2026-09-21T07:58:53.927+00:00,2026-09-21T08:02:30.947+00:00,2026-09-21T08:02:33.431+00:00,True,40,40.0,,40.0,217019.758085,219503.699205,219503.69920200002,5487.592480050001,42.300382,217019.758085,34303.76769982355,79.78473695000001,63.69079794871795,10.135062538169846,0.18222927515514442,28,64,,True,True,,199,59.56268577710819
182,2026-09-21T07:58:54.260+00:00,2026-09-21T08:02:33.318+00:00,2026-09-21T08:02:35.955+00:00,True,42,42.0,,42.0,219057.359933,221694.729021,221694.729015,5278.445928928571,46.312752,219057.359933,33791.36025115102,80.1164564,64.32607531707318,10.222465645060938,0.1894497004302775,28,64,,True,True,,168,59.56268577710819
183,2026-09-21T07:58:54.616+00:00,2026-09-21T08:02:35.301+00:00,2026-09-21T08:02:36.012+00:00,True,12,12.0,,12.0,220685.436676,221396.35917200003,221396.35896,18449.69658,52.419972,220685.436676,63687.7418690965,99350.62070385001,64.62931781818182,9.206912244750438,0.054201433324733914,28,64,,True,True,,22,59.56268577710819
184,2026-09-21T07:58:54.874+00:00,2026-09-21T08:02:36.545+00:00,2026-09-21T08:02:40.357+00:00,True,62,62.0,,62.0,221671.088223,225483.023199,225483.023096,3636.82295316129,41.635142,221671.088223,28144.32132528872,77.57435,62.490737311475414,8.625442647462686,0.2749652684285766,28,64,,True,True,,248,59.56268577710819
185,2026-09-21T07:58:55.157+00:00,2026-09-21T08:02:37.766+00:00,2026-09-21T08:02:43.256+00:00,True,88,88.0,,88.0,222608.855836,228098.847516,228098.847468,2592.032357590909,43.576260999999995,222608.855836,23723.458935616254,76.67972865,63.10335264367816,9.82200180180709,0.3857976528961955,28,64,,True,True,,572,59.56268577710819
186,2026-09-21T07:58:55.368+00:00,2026-09-21T08:02:38.809+00:00,2026-09-21T08:02:44.419+00:00,True,89,89.0,,89.0,223441.35338999997,229051.12567799998,229051.12578699997,2573.6081549101123,46.496091,223441.35338999997,23677.980746378522,78.5674204,63.747412363636364,9.461279874505601,0.38855953986934855,28,64,,True,True,,355,59.56268577710819
187,2026-09-21T07:58:55.649+00:00,2026-09-21T08:02:40.229+00:00,2026-09-21T08:02:46.212+00:00,True,95,95.0,,95.0,224579.950521,230562.577337,230562.57735099999,2426.974498431579,41.712311,224579.950521,23034.889332356885,78.1267773,63.64496612765957,10.601038080530577,0.4120356438466768,28,64,,True,True,,100,59.56268577710819
188,2026-09-21T07:58:55.987+00:00,2026-09-21T08:02:42.039+00:00,2026-09-21T08:02:43.024+00:00,True,16,16.0,,16.0,226051.56290000002,227036.10946,227036.109434,14189.756839625,45.575951,226051.56290000002,56496.48253488285,56571.51436475,65.63643733333333,10.546591016945134,0.07047337112169347,28,64,,True,True,,77,59.56268577710819
189,2026-09-21T07:58:56.298+00:00,2026-09-21T08:02:43.634+00:00,2026-09-21T08:02:45.658+00:00,True,33,33.0,,33.0,227335.864833,229359.389697,229359.389534,6950.284531333334,42.497821,227335.864833,39563.08794831396,80.662293,63.235152,10.342741407983626,0.14387900161225287,28,64,,True,True,,132,59.56268577710819
190,2026-09-21T07:58:56.617+00:00,2026-09-21T08:02:45.459+00:00,2026-09-21T08:02:49.257+00:00,True,61,61.0,,61.0,228842.875653,232640.255749,232640.255556,3813.774681245902,41.764081,228842.875653,29292.22592609996,79.187682,63.289668266666666,9.59059863800481,0.26220741463512687,28,64,,True,True,,143,59.56268577710819
191,2026-09-21T07:58:56.854+00:00,2026-09-21T08:02:46.863+00:00,2026-09-21T08:02:50.478+00:00,True,58,58.0,,58.0,230009.36160899999,233623.79924099997,233623.799095,4027.9965361206896,47.027731,230009.36160899999,30193.383771234876,78.276822,63.41118652631579,8.836541303935238,0.24826237818420535,28,64,,True,True,,58,59.56268577710819
192,2026-09-21T07:58:57.139+00:00,2026-09-21T08:02:48.011+00:00,2026-09-21T08:02:50.776+00:00,True,45,45.0,,45.0,230872.085049,233637.006137,233637.006107,5191.933469044444,43.426642,230872.085049,34407.01222342884,78.9115522,62.83911563636363,9.593911035546459,0.19260647422272187,28,64,,True,True,,226,59.56268577710819
193,2026-09-21T07:58:57.419+00:00,2026-09-21T08:02:49.519+00:00,2026-09-21T08:02:54.456+00:00,True,80,80.0,,80.0,232099.812993,237036.848769,237036.848896,2962.9606112,42.654072,232099.812993,25942.562780923174,77.58698195000001,62.49412374683544,9.901624850545245,0.33750026806153904,28,64,,True,True,,869,59.56268577710819
194,2026-09-21T07:58:57.706+00:00,2026-09-21T08:02:51.068+00:00,2026-09-21T08:02:52.280+00:00,True,21,21.0,,21.0,233361.544617,234573.567657,234573.56765,11170.169888095239,44.215051,233361.544617,50910.440569018676,74.709282,60.601152,9.799345228093644,0.08952415316761854,28,64,,True,True,,84,59.56268577710819
195,2026-09-21T07:58:57.907+00:00,2026-09-21T08:02:52.228+00:00,2026-09-21T08:02:53.241+00:00,True,16,16.0,,16.0,234320.696058,235334.234874,235334.234952,14708.3896845,50.738291,234320.696058,58563.2823153903,58637.953280999995,67.5692544,8.790709963179966,0.06798840809781263,28,64,,True,True,,96,59.56268577710819
196,2026-09-21T07:58:58.232+00:00,2026-09-21T08:02:53.910+00:00,2026-09-21T08:02:56.027+00:00,True,35,35.0,,35.0,235677.200112,237794.80984,237794.809838,6794.137423942857,47.881892,235677.200112,39826.19091058748,77.6203061,62.28263905882353,8.663717524434432,0.1471857187444491,28,64,,True,True,,213,59.56268577710819
197,2026-09-21T07:58:58.519+00:00,2026-09-21T08:02:55.349+00:00,2026-09-21T08:03:01.513+00:00,True,99,99.0,,99.0,236830.509103,242994.728239,242994.728359,2454.4922056464648,43.199220999999994,236830.509103,23796.041759000414,77.60617400000001,62.900195265306124,9.096833394341637,0.4074162460949668,28,64,,True,True,,297,59.56268577710819
198,2026-09-21T07:58:58.815+00:00,2026-09-21T08:02:56.923+00:00,2026-09-21T08:02:58.759+00:00,True,29,29.0,,29.0,238108.583017,239944.250217,239944.250201,8273.939662103448,49.827332000000006,238108.583017,44203.48046946667,76.6325544,65.55954285714286,8.150843754937322,0.12086140832202928,28,64,,True,True,,85,59.56268577710819
199,2026-09-21T07:58:59.048+00:00,2026-09-21T08:02:58.259+00:00,2026-09-21T08:03:00.689+00:00,True,40,40.0,,40.0,239211.18077,241641.593314,241641.593325,6041.039833125,49.159832,239211.18077,37812.75623668716,78.8320275,62.31827035897436,8.676218356918735,0.16553441587360415,28,64,,True,True,,431,59.56268577710819
200,2026-09-21T07:58:59.338+00:00,2026-09-21T08:02:59.791+00:00,2026-09-21T08:03:02.160+00:00,True,39,39.0,,39.0,240452.848593,242821.818577,242821.818566,6226.200476051282,45.391862,240452.848593,38493.28930034187,77.0427049,62.34131536842106,9.649588872413045,0.16061159671956293,28,64,,True,True,,468,59.56268577710819
201,2026-09-21T07:58:59.621+00:00,2026-09-21T08:03:01.100+00:00,2026-09-21T08:03:05.065+00:00,True,64,64.0,,64.0,241479.164789,245443.839093,245443.838888,3835.059982625,40.589692,241479.164789,30177.03075376359,78.35928165,62.931338158730156,9.818683207825739,0.26075211435944845,28,64,,True,True,,289,59.56268577710819
202,2026-09-21T07:58:59.944+00:00,2026-09-21T08:03:03.023+00:00,2026-09-21T08:03:06.186+00:00,True,50,50.0,,50.0,243078.866354,246241.59173,246241.591924,4924.8318384799995,43.817121,243078.866354,34367.41594058616,78.05646005,64.54541583673469,8.74129273832965,0.2030526185634156,28,64,,True,True,,250,59.56268577710819
203,2026-09-21T07:59:00.302+00:00,2026-09-21T08:03:04.504+00:00,2026-09-21T08:03:10.234+00:00,True,90,90.0,,90.0,244202.668018,249932.478962,249932.478909,2777.0275434333334,43.723101,244202.668018,25734.436994587355,77.72956049999999,64.37989824719101,9.79755625114968,0.3600972565621761,28,64,,True,True,,309,59.56268577710819
204,2026-09-21T07:59:00.671+00:00,2026-09-21T08:03:06.532+00:00,2026-09-21T08:03:10.564+00:00,True,64,64.0,,64.0,245860.171351,249892.307799,249892.307742,3904.56730846875,40.661712,245860.171351,30724.52240881648,76.594308,64.00216584126984,8.871849237573599,0.25611032433810715,28,64,,True,True,,318,59.56268577710819
205,2026-09-21T07:59:00.971+00:00,2026-09-21T08:03:08.515+00:00,2026-09-21T08:03:09.138+00:00,True,11,11.0,,11.0,247543.823239,248166.83661499998,248166.836461,22560.621496454543,47.853711000000004,247543.823239,74618.48699906541,123810.545111,62.301337600000004,9.70300598748797,0.044325020014923,28,64,,True,True,,51,59.56268577710819
207,2026-09-21T07:59:01.467+00:00,2026-09-21T08:03:09.788+00:00,2026-09-21T08:03:15.295+00:00,True,87,87.0,,87.0,248320.869243,253827.511675,253827.511706,2917.557605816092,44.283621,248320.869243,26615.92850356591,77.84588,64.03072595348837,9.456175346748251,0.3427524440746776,28,64,,True,True,,605,59.56268577710819
208,2026-09-21T07:59:01.716+00:00,2026-09-21T08:03:11.106+00:00,2026-09-21T08:03:13.378+00:00,True,37,37.0,,37.0,249389.217744,251662.013648,251662.01364299998,6801.676044405405,43.610881,249389.217744,40988.95700709615,77.6861026,63.133219555555556,10.06922853513568,0.14702258582319042,28,64,,True,True,,220,59.56268577710819
209,2026-09-21T07:59:02.008+00:00,2026-09-21T08:03:12.499+00:00,2026-09-21T08:03:15.454+00:00,True,47,47.0,,47.0,250490.841942,253445.737302,253445.737285,5392.462495425532,40.990211,250490.841942,36528.47605510115,81.3445413,64.23685565217392,10.345942621240852,0.18544403429439377,28,64,,True,True,,54,59.56268577710819
206,2026-09-21T07:59:01.178+00:00,2026-09-21T08:03:14.355+00:00,2026-09-21T08:03:15.785+00:00,True,23,23.0,,23.0,253176.912113,254607.213809,254607.213993,11069.878869260869,44.428261,253176.912113,52777.48006398662,78.622917,65.01371345454545,9.865059516976782,0.09033522521185919,28,64,,True,True,,58,59.56268577710819
210,2026-09-21T07:59:02.228+00:00,2026-09-21T08:03:14.713+00:00,2026-09-21T08:03:17.809+00:00,True,51,51.0,,51.0,252484.679536,255581.26552000002,255581.26550500002,5011.397362843138,42.161141,252484.679536,35346.25589940894,76.028527,61.93171968,9.484637126829965,0.19954514231016315,28,64,,True,True,,116,59.56268577710819
211,2026-09-21T07:59:02.599+00:00,2026-09-21T08:03:16.567+00:00,2026-09-21T08:03:20.302+00:00,True,61,61.0,,61.0,253967.885832,257702.584584,257702.584554,4224.632533672131,41.569972,253967.885832,32509.287382710663,76.457853,62.2449792,9.379370911450005,0.23670697792367934,28,64,,True,True,,533,59.56268577710819
212,2026-09-21T07:59:02.900+00:00,2026-09-21T08:03:18.161+00:00,2026-09-21T08:03:20.939+00:00,True,45,45.0,,45.0,255260.769237,258038.362325,258038.362335,5734.185829666667,44.395891999999996,255260.769237,38042.61971354612,79.200889,63.127115636363634,10.245091127114552,0.1743926739983041,28,64,,True,True,,98,59.56268577710819
213,2026-09-21T07:59:03.219+00:00,2026-09-21T08:03:20.200+00:00,2026-09-21T08:03:25.505+00:00,True,84,84.0,,84.0,256981.69075600003,262285.92525200004,262285.92528200004,3122.451491452381,42.852042000000004,256981.69075600003,28032.030256092596,78.2925925,63.90643971084338,10.183169409684126,0.32026118031035855,28,64,,True,True,,907,59.56268577710819
214,2026-09-21T07:59:03.532+00:00,2026-09-21T08:03:21.913+00:00,2026-09-21T08:03:22.112+00:00,True,4,4.0,,4.0,258381.224933,258579.95082099998,258579.95088999998,64644.987722499995,57.830152000000005,258381.224933,129157.49161113145,219634.674551,66.24196266666667,7.298190089632178,0.015469103413856591,28,64,,True,True,,8,59.56268577710819
215,2026-09-21T07:59:03.826+00:00,2026-09-21T08:03:23.235+00:00,2026-09-21T08:03:24.414+00:00,True,20,20.0,,20.0,259409.29725,260587.970402,260587.970431,13029.39852155,48.873692000000005,259409.29725,57991.81112991875,13040.6728379,62.03542905263158,7.078384996385652,0.07674951368302495,28,64,,True,True,,20,59.56268577710819
216,2026-09-21T07:59:04.185+00:00,2026-09-21T08:03:24.853+00:00,2026-09-21T08:03:29.212+00:00,True,70,70.0,,70.0,260667.20522,265026.420324,265026.420342,3786.0917191714284,40.463392,260667.20522,31148.140554871898,77.03481744999999,63.17703049275362,9.850165869859957,0.26412461034799334,28,64,,True,True,,486,59.56268577710819
217,2026-09-21T07:59:04.461+00:00,2026-09-21T08:03:26.464+00:00,2026-09-21T08:03:28.018+00:00,True,26,26.0,,26.0,262003.130447,263556.844111,263556.844231,10136.801701192308,40.297491,262003.130447,51370.85416860345,78.21332950000001,62.14854656,11.165751652412053,0.09865044517322342,28,64,,True,True,,130,59.56268577710819
218,2026-09-21T07:59:05.684+00:00,2026-09-21T08:03:29.535+00:00,2026-09-21T08:03:29.798+00:00,True,5,5.0,,5.0,263850.380658,264113.169778,264113.16990700003,52822.6339814,54.660232,263850.380658,117968.09707406959,211095.546735,65.69728,11.178177344852843,0.01893127860379982,28,64,,True,True,,28,59.56268577710819
219,2026-09-21T07:59:05.750+00:00,2026-09-21T08:03:29.719+00:00,2026-09-21T08:03:33.803+00:00,True,65,65.0,,65.0,263968.760737,268052.913825,268052.91401099996,4123.890984784615,42.967651,263968.760737,32733.381088354115,78.95262199999999,63.814892,8.836389662630221,0.24248943640446918,28,64,,True,True,,69,59.56268577710819
221,2026-09-21T07:59:05.805+00:00,2026-09-21T08:03:31.689+00:00,2026-09-21T08:03:33.068+00:00,True,23,23.0,,23.0,265883.80126,267262.221484,267262.22151899996,11620.096587782607,49.767031,265883.80126,55427.54090189262,76.11429100000001,62.65546472727273,7.170611213704544,0.0860578044749094,28,64,,True,True,,207,59.56268577710819
220,2026-09-21T07:59:05.790+00:00,2026-09-21T08:03:33.323+00:00,2026-09-21T08:03:34.004+00:00,True,11,11.0,,11.0,267532.51888600003,268213.624038,268213.62398100004,24383.05672554546,58.622711,267532.51888600003,80643.55367433098,133805.39436900002,68.11051520000001,7.058751269649592,0.04101208519684123,28,64,,True,True,,26,59.56268577710819
222,2026-09-21T07:59:05.882+00:00,2026-09-21T08:03:33.946+00:00,2026-09-21T08:03:38.151+00:00,True,68,68.0,,68.0,268064.739269,272269.529285,272269.529477,4003.963668779412,40.631801,268064.739269,32500.01534636467,77.87511785000001,62.75805994029851,9.385437472819545,0.24975251611362115,28,64,,True,True,,143,59.56268577710819
223,2026-09-21T07:59:06.148+00:00,2026-09-21T08:03:35.625+00:00,2026-09-21T08:03:36.835+00:00,True,20,20.0,,20.0,269477.29957800003,270687.87442600005,270687.874583,13534.393729150002,41.692571,269477.29957800003,60242.710005698245,13550.061031350002,63.71446568421052,11.108293654127506,0.07388583638040849,28,64,,True,True,,58,59.56268577710819
224,2026-09-21T07:59:06.420+00:00,2026-09-21T08:03:37.088+00:00,2026-09-21T08:03:40.555+00:00,True,55,55.0,,55.0,270667.123969,274134.531073,274134.531162,4984.264202945455,42.594011,270667.123969,36488.09057259037,78.22605530000001,64.21124266666666,9.695852188117493,0.200631419123751,28,64,,True,True,,112,59.56268577710819
225,2026-09-21T07:59:06.707+00:00,2026-09-21T08:03:38.504+00:00,2026-09-21T08:03:43.380+00:00,True,76,76.0,,76.0,271796.97862,276673.224124,276673.224142,3640.437159763158,43.793001,271796.97862,31169.795568740952,77.7041395,65.01660672,10.747177577788378,0.2746922845195101,28,64,,True,True,,228,59.56268577710819
226,2026-09-21T07:59:07.019+00:00,2026-09-21T08:03:39.990+00:00,2026-09-21T08:03:42.783+00:00,True,44,44.0,,44.0,272971.727538,275764.454834,275764.454727,6267.373971068181,44.305838,272971.727538,41142.24655760816,80.061272,64.94714641860465,10.887599997528833,0.1595564592488411,28,64,,True,True,,304,59.56268577710819
227,2026-09-21T07:59:07.336+00:00,2026-09-21T08:03:41.742+00:00,2026-09-21T08:03:43.318+00:00,True,25,25.0,,25.0,274406.08107200003,275981.95435200003,275981.954435,11039.278177400001,43.879881000000005,274406.08107200003,54868.084883095704,79.36309120000001,65.66138666666666,10.411813995864819,0.09058563288566997,28,64,,True,True,,50,59.56268577710819
228,2026-09-21T07:59:07.571+00:00,2026-09-21T08:03:42.851+00:00,2026-09-21T08:03:45.327+00:00,True,40,40.0,,40.0,275280.207911,277756.130855,277756.13104300003,6943.903276075001,43.872581,275280.207911,43515.58570695058,79.382748,63.48520369230769,9.50574001782114,0.1440112226393362,28,64,,True,True,,360,59.56268577710819
229,2026-09-21T07:59:07.797+00:00,2026-09-21T08:03:44.247+00:00,2026-09-21T08:03:47.045+00:00,True,45,45.0,,45.0,276450.006016,279247.765248,279247.765145,6205.505892111111,46.336091,276450.006016,41201.25616995674,78.9382598,63.585437090909096,10.079011745925587,0.16114721620076525,28,64,,True,True,,99,59.56268577710819
230,2026-09-21T07:59:08.072+00:00,2026-09-21T08:03:45.770+00:00,2026-09-21T08:03:51.283+00:00,True,88,88.0,,88.0,277697.92876,283211.369272,283211.369156,3218.3110131363633,40.261231,277697.92876,29595.94476060611,78.84790484999999,63.37287944827587,9.973194322132086,0.3107219891143693,28,64,,True,True,,352,59.56268577710819
231,2026-09-21T07:59:08.335+00:00,2026-09-21T08:03:46.966+00:00,2026-09-21T08:03:47.175+00:00,True,4,4.0,,4.0,278631.41487800004,278840.34646200004,278840.346412,69710.086603,61.321441,278631.41487800004,139280.88564985077,236848.06205810004,69.64386133333333,7.459876257793378,0.014345126344709637,28,64,,True,True,,15,59.56268577710819
232,2026-09-21T07:59:08.690+00:00,2026-09-21T08:03:48.893+00:00,2026-09-21T08:03:50.983+00:00,True,34,34.0,,34.0,280202.75047100004,282292.77747900004,282292.777475,8302.728749264706,44.620861,280202.75047100004,48043.51439303582,78.93536285,63.33415175757576,9.186224489341523,0.12044233048976707,28,64,,True,True,,111,59.56268577710819
233,2026-09-21T07:59:08.956+00:00,2026-09-21T08:03:50.127+00:00,2026-09-21T08:03:54.574+00:00,True,70,70.0,,70.0,281171.221489,285618.517233,285618.517222,4080.2645317428573,43.896641,281171.221489,33598.68649001008,79.03524545,64.45356150724638,9.628167290262,0.2450821490082026,28,64,,True,True,,138,59.56268577710819
234,2026-09-21T07:59:09.212+00:00,2026-09-21T08:03:51.553+00:00,2026-09-21T08:03:52.938+00:00,True,23,23.0,,23.0,282341.151443,283725.795283,283725.795292,12335.904143130436,42.190201,282341.151443,58859.07708505482,79.21452000000001,62.938356363636366,10.431129611397857,0.08106418373788975,28,64,,True,True,,74,59.56268577710819
235,2026-09-21T07:59:09.464+00:00,2026-09-21T08:03:52.813+00:00,2026-09-21T08:03:53.335+00:00,True,9,9.0,,9.0,283349.008293,283870.872997,283870.873183,31541.208131444444,48.877031,283349.008293,94427.92553061634,170039.5395886,65.233088,10.072173182699919,0.031704556036276095,28,64,,True,True,,45,59.56268577710819
236,2026-09-21T07:59:09.685+00:00,2026-09-21T08:03:53.746+00:00,2026-09-21T08:03:54.217+00:00,True,8,8.0,,8.0,284061.57618000003,284532.08190800005,284532.08204,35566.510255,46.283611,284061.57618000003,100407.16976720614,184666.53009470002,67.215104,10.888893021101946,0.028116337343592424,28,64,,True,True,,9,59.56268577710819
239,2026-09-21T07:59:10.485+00:00,2026-09-21T08:03:55.890+00:00,2026-09-21T08:03:58.535+00:00,True,44,44.0,,44.0,285404.93131099996,288049.693423,288049.69323599996,6546.583937181817,43.462571000000004,285404.93131099996,43017.14101187944,79.8795205,61.50609562790698,9.886484672438826,0.1527514210382656,28,64,,True,True,,198,59.56268577710819
240,2026-09-21T07:59:10.810+00:00,2026-09-21T08:03:57.508+00:00,2026-09-21T08:03:59.156+00:00,True,27,27.0,,27.0,286698.197511,288345.991943,288345.99190599995,10679.481181703703,45.120581,286698.197511,55162.89772856891,76.759914,63.37670892307692,9.246990234402011,0.09363750755841038,28,64,,True,True,,270,59.56268577710819
237,2026-09-21T07:59:09.911+00:00,2026-09-21T08:03:58.283+00:00,2026-09-21T08:04:04.428+00:00,True,96,96.0,,96.0,288372.285881,294516.883385,294516.88347999996,3067.8842029166667,42.278901,288372.285881,29425.273063198474,76.3023495,64.6799737263158,8.634292220909211,0.32595754408587285,28,64,,True,True,,768,59.56268577710819
241,2026-09-21T07:59:11.118+00:00,2026-09-21T08:04:00.134+00:00,2026-09-21T08:04:00.923+00:00,True,13,13.0,,13.0,289016.177725,289805.002301,289805.00242100004,22292.692493923078,50.411031,289016.177725,80140.43406593456,115652.6142892,65.73538133333334,9.67205710990423,0.04485774882000766,28,64,,True,True,,144,59.56268577710819
238,2026-09-21T07:59:10.277+00:00,2026-09-21T08:04:01.947+00:00,2026-09-21T08:04:07.446+00:00,True,89,89.0,,89.0,291670.43426999997,297169.50422199996,297169.50431499997,3338.9831945505616,45.259421,291670.43426999997,30910.38158089724,76.2600114,62.48943127272727,8.836817071011929,0.29949237299098064,28,64,,True,True,,267,59.56268577710819
242,2026-09-21T07:59:11.367+00:00,2026-09-21T08:04:02.506+00:00,2026-09-21T08:04:04.915+00:00,True,39,39.0,,39.0,291138.738379,293547.65818699996,293547.658269,7526.863032538461,44.588821,291138.738379,46609.35842318589,75.60255599999999,63.39262652631579,8.127750674664625,0.13285747275543128,28,64,,True,True,,195,59.56268577710819
243,2026-09-21T07:59:11.618+00:00,2026-09-21T08:04:03.805+00:00,2026-09-21T08:04:08.088+00:00,True,70,70.0,,70.0,292187.69629,296470.513058,296470.513099,4235.293044271429,43.906321000000005,292187.69629,34915.69192715515,77.28859795,62.06980823188405,9.590861419569235,0.2361111709828139,28,64,,True,True,,139,59.56268577710819
244,2026-09-21T07:59:11.859+00:00,2026-09-21T08:04:05.256+00:00,2026-09-21T08:04:10.318+00:00,True,81,81.0,,81.0,293396.41051599995,298458.43445199996,298458.43451199995,3684.672031012345,43.062351,293396.41051599995,32592.571843291527,77.400201,63.275299200000006,9.133407302219313,0.271394575089574,28,64,,True,True,,324,59.56268577710819
245,2026-09-21T07:59:12.216+00:00,2026-09-21T08:04:06.950+00:00,2026-09-21T08:04:09.431+00:00,True,40,40.0,,40.0,294733.931269,297214.964741,297214.964551,7430.374113774999,42.199261,294733.931269,46591.4684867169,75.72457345000001,63.616242871794874,8.58048433288304,0.1345827254521216,28,64,,True,True,,80,59.56268577710819
246,2026-09-21T07:59:12.546+00:00,2026-09-21T08:04:08.864+00:00,2026-09-21T08:04:12.593+00:00,False,62,61.0,,61.0,296318.913921,300047.66656100005,300047.666649,4839.47849433871,0.03749,296318.913921,37624.7787564316,78.16864155,61.12709245901639,12.986907412303065,0.20330103112999426,28,64,,True,False,Request timeout: 300.0s exceeded,122,59.56268577710819
247,2026-09-21T07:59:12.800+00:00,2026-09-21T08:04:10.316+00:00,2026-09-21T08:04:12.820+00:00,False,43,42.0,,42.0,297516.096339,300019.856723,300019.85667099996,6977.205969093023,0.04912,297516.096339,45361.69030942452,77.9320031,59.613342476190475,13.344450081940028,0.1399907341425652,28,64,,True,False,Request timeout: 300.0s exceeded,84,59.56268577710819
248,2026-09-21T07:59:13.116+00:00,2026-09-21T08:04:11.997+00:00,2026-09-21T08:04:13.147+00:00,False,21,20.0,,20.0,298880.63989600004,300031.45717600005,300031.45704,14287.212240000003,0.038590000000000006,298880.63989600004,65208.54815400322,76.68714200000001,57.540864,16.26880917906404,0.06665967691603715,28,64,,True,False,Request timeout: 300.0s exceeded,59,59.56268577710819
249,2026-09-21T07:59:13.455+00:00,2026-09-21T08:04:13.562+00:00,2026-09-21T08:04:13.562+00:00,False,1,0.0,,0.0,300107.180559,300107.180559,300107.180559,300107.180559,300107.180559,300107.180559,nan,300107.180559,nan,nan,0.0,28,64,,True,False,"HTTPConnectionPool(host='gpu06', port=9004): Read timed out.",0,59.56268577710819
250,2026-09-21T07:59:13.764+00:00,2026-09-21T08:04:13.840+00:00,2026-09-21T08:04:13.840+00:00,False,1,0.0,,0.0,300076.40003799996,300076.40003799996,300076.40003799996,300076.40003799996,300076.40003799996,300076.40003799996,nan,300076.40003799996,nan,nan,0.0,28,64,,True,False,"HTTPConnectionPool(host='gpu06', port=9004): Read timed out.",0,59.56268577710819
251,2026-09-21T07:59:14.037+00:00,2026-09-21T08:04:14.149+00:00,2026-09-21T08:04:14.149+00:00,False,1,0.0,,0.0,300112.44512,300112.44512,300112.44512,300112.44512,300112.44512,300112.44512,nan,300112.44512,nan,nan,0.0,28,64,,True,False,"HTTPConnectionPool(host='gpu06', port=9004): Read timed out.",0,59.56268577710819
252,2026-09-21T07:59:14.317+00:00,2026-09-21T08:04:14.407+00:00,2026-09-21T08:04:14.407+00:00,False,1,0.0,,0.0,300090.33311199996,300090.33311199996,300090.33311199996,300090.33311199996,300090.33311199996,300090.33311199996,nan,300090.33311199996,nan,nan,0.0,28,64,,True,False,"HTTPConnectionPool(host='gpu06', port=9004): Read timed out.",0,59.56268577710819
253,2026-09-21T07:59:14.671+00:00,2026-09-21T08:04:14.767+00:00,2026-09-21T08:04:14.767+00:00,False,1,0.0,,0.0,300095.549677,300095.549677,300095.549677,300095.549677,300095.549677,300095.549677,nan,300095.549677,nan,nan,0.0,28,64,,True,False,"HTTPConnectionPool(host='gpu06', port=9004): Read timed out.",0,59.56268577710819
254,2026-09-21T07:59:15.005+00:00,2026-09-21T08:04:15.061+00:00,2026-09-21T08:04:15.061+00:00,False,1,0.0,,0.0,300056.38523400004,300056.38523400004,300056.38523400004,300056.38523400004,300056.38523400004,300056.38523400004,nan,300056.38523400004,nan,nan,0.0,28,64,,True,False,"HTTPConnectionPool(host='gpu06', port=9004): Read timed out.",0,59.56268577710819
255,2026-09-21T07:59:15.270+00:00,2026-09-21T08:04:15.389+00:00,2026-09-21T08:04:15.389+00:00,False,1,0.0,,0.0,300118.840958,300118.840958,300118.840958,300118.840958,300118.840958,300118.840958,nan,300118.840958,nan,nan,0.0,28,64,,True,False,"HTTPConnectionPool(host='gpu06', port=9004): Read timed out.",0,59.56268577710819
256,2026-09-21T07:59:15.637+00:00,2026-09-21T08:04:15.648+00:00,2026-09-21T08:04:15.648+00:00,False,1,0.0,,0.0,300010.950171,300010.950171,300010.950171,300010.950171,300010.950171,300010.950171,nan,300010.950171,nan,nan,0.0,28,64,,True,False,TTFT timeout: 300.0s exceeded (TTFT: 300.001s),0,59.56268577710819
257,2026-09-21T07:59:15.940+00:00,2026-09-21T08:04:15.997+00:00,2026-09-21T08:04:15.997+00:00,False,1,0.0,,0.0,300057.34424199996,300057.34424199996,300057.34424199996,300057.34424199996,300057.34424199996,300057.34424199996,nan,300057.34424199996,nan,nan,0.0,28,64,,True,False,"HTTPConnectionPool(host='gpu06', port=9004): Read timed out.",0,59.56268577710819
258,2026-09-21T07:59:16.300+00:00,2026-09-21T08:04:16.402+00:00,2026-09-21T08:04:16.402+00:00,False,1,0.0,,0.0,300102.566088,300102.566088,300102.566088,300102.566088,300102.566088,300102.566088,nan,300102.566088,nan,nan,0.0,28,64,,True,False,"HTTPConnectionPool(host='gpu06', port=9004): Read timed out.",0,59.56268577710819
259,2026-09-21T07:59:16.535+00:00,2026-09-21T08:04:16.549+00:00,2026-09-21T08:04:16.549+00:00,False,1,0.0,,0.0,300013.968551,300013.968551,300013.968551,300013.968551,300013.968551,300013.968551,nan,300013.968551,nan,nan,0.0,28,64,,True,False,"HTTPConnectionPool(host='gpu06', port=9004): Read timed out.",0,59.56268577710819
260,2026-09-21T07:59:16.897+00:00,2026-09-21T08:04:16.998+00:00,2026-09-21T08:04:16.998+00:00,False,1,0.0,,0.0,300101.583279,300101.583279,300101.583279,300101.583279,300101.583279,300101.583279,nan,300101.583279,nan,nan,0.0,28,64,,True,False,"HTTPConnectionPool(host='gpu06', port=9004): Read timed out.",0,59.56268577710819
261,2026-09-21T07:59:17.126+00:00,2026-09-21T08:04:17.236+00:00,2026-09-21T08:04:17.236+00:00,False,1,0.0,,0.0,300110.378964,300110.378964,300110.378964,300110.378964,300110.378964,300110.378964,nan,300110.378964,nan,nan,0.0,28,64,,True,False,"HTTPConnectionPool(host='gpu06', port=9004): Read timed out.",0,59.56268577710819
262,2026-09-21T07:59:17.397+00:00,2026-09-21T08:04:17.530+00:00,2026-09-21T08:04:17.530+00:00,False,1,0.0,,0.0,300133.172236,300133.172236,300133.172236,300133.172236,300133.172236,300133.172236,nan,300133.172236,nan,nan,0.0,28,64,,True,False,"HTTPConnectionPool(host='gpu06', port=9004): Read timed out.",0,59.56268577710819
263,2026-09-21T07:59:17.681+00:00,2026-09-21T08:04:17.795+00:00,2026-09-21T08:04:17.795+00:00,False,1,0.0,,0.0,300114.45111699996,300114.45111699996,300114.45111699996,300114.45111699996,300114.45111699996,300114.45111699996,nan,300114.45111699996,nan,nan,0.0,28,64,,True,False,"HTTPConnectionPool(host='gpu06', port=9004): Read timed out.",0,59.56268577710819
264,2026-09-21T07:59:17.946+00:00,2026-09-21T08:04:18.033+00:00,2026-09-21T08:04:18.033+00:00,False,1,0.0,,0.0,300087.187247,300087.187247,300087.187247,300087.187247,300087.187247,300087.187247,nan,300087.187247,nan,nan,0.0,28,64,,True,False,TTFT timeout: 300.0s exceeded (TTFT: 300.070s),0,59.56268577710819
267,2026-09-21T07:59:19.443+00:00,2026-09-21T08:04:19.162+00:00,2026-09-21T08:04:19.860+00:00,True,12,12.0,,12.0,299719.38996,300416.595208,300416.595115,25034.716259583332,42.845661,299719.38996,86503.2406154365,134935.1566826,63.382295272727276,20.77648336816079,0.0399445309993329,28,64,,True,True,,72,59.56268577710819
268,2026-09-21T07:59:19.543+00:00,2026-09-21T08:04:19.272+00:00,2026-09-21T08:04:19.903+00:00,False,13,12.0,,12.0,299728.878563,300360.42902700003,300360.42905700003,23104.648389,0.036770000000000004,299728.878563,83115.23964680042,119941.8717944,52.62920533333334,21.23302675498138,0.03995200046448627,28,64,,True,False,Request timeout: 300.0s exceeded,41,59.56268577710819
265,2026-09-21T07:59:19.300+00:00,2026-09-21T08:04:19.358+00:00,2026-09-21T08:04:20.032+00:00,False,14,13.0,,13.0,300058.456216,300732.28021600004,300732.28015,21480.87715357143,0.04138,300058.456216,80180.14477558443,105069.47872425002,51.83261538461539,18.493797730861576,0.04322781708256523,28,64,,True,False,Request timeout: 300.0s exceeded,55,59.56268577710819
266,2026-09-21T07:59:19.368+00:00,2026-09-21T08:04:19.361+00:00,2026-09-21T08:04:20.410+00:00,False,16,15.0,,15.0,299993.14019999997,301041.354472,301041.354382,18815.084648875,0.05908,299993.14019999997,74980.84571733509,75236.119872,69.88095146666667,70.46556590678948,0.04982704129241206,28,64,,True,False,Request timeout: 300.0s exceeded,80,59.56268577710819
269,2026-09-21T07:59:19.547+00:00,2026-09-21T08:04:20.016+00:00,2026-09-21T08:04:20.016+00:00,False,1,0.0,,0.0,300468.668629,300468.668629,300468.668629,300468.668629,300468.668629,300468.668629,nan,300468.668629,nan,nan,0.0,28,64,,True,False,"HTTPConnectionPool(host='gpu06', port=9004): Read timed out.",0,59.56268577710819
270,2026-09-21T07:59:19.771+00:00,2026-09-21T08:04:20.040+00:00,2026-09-21T08:04:20.040+00:00,False,1,0.0,,0.0,300269.060219,300269.060219,300269.060219,300269.060219,300269.060219,300269.060219,nan,300269.060219,nan,nan,0.0,28,64,,True,False,"HTTPConnectionPool(host='gpu06', port=9004): Read timed out.",0,59.56268577710819
271,2026-09-21T07:59:20.130+00:00,2026-09-21T08:04:20.966+00:00,2026-09-21T08:04:21.362+00:00,False,6,5.0,,5.0,300835.911057,301231.289745,301231.289605,50205.214934166666,0.0373,300835.911057,122783.47722061236,225670.57920875002,79.0757376,64.00216875470353,0.01659854128776804,28,64,,True,False,Request timeout: 300.0s exceeded,21,59.56268577710819
272,2026-09-21T07:59:20.414+00:00,2026-09-21T08:04:21.524+00:00,2026-09-21T08:04:21.524+00:00,False,1,0.0,,0.0,301109.585774,301109.585774,301109.585774,301109.585774,301109.585774,301109.585774,nan,301109.585774,nan,nan,0.0,28,64,,True,False,"HTTPConnectionPool(host='gpu06', port=9004): Read timed out.",0,59.56268577710819
275,2026-09-21T07:59:21.256+00:00,2026-09-21T08:04:21.897+00:00,2026-09-21T08:04:21.897+00:00,False,1,0.0,,0.0,300640.620827,300640.620827,300640.620827,300640.620827,300640.620827,300640.620827,nan,300640.620827,nan,nan,0.0,28,64,,True,False,"HTTPConnectionPool(host='gpu06', port=9004): Read timed out.",0,59.56268577710819
276,2026-09-21T07:59:21.590+00:00,2026-09-21T08:04:21.897+00:00,2026-09-21T08:04:21.897+00:00,False,1,0.0,,0.0,300306.41305800003,300306.41305800003,300306.41305800003,300306.41305800003,300306.41305800003,300306.41305800003,nan,300306.41305800003,nan,nan,0.0,28,64,,True,False,"HTTPConnectionPool(host='gpu06', port=9004): Read timed out.",0,59.56268577710819
273,2026-09-21T07:59:20.715+00:00,2026-09-21T08:04:21.899+00:00,2026-09-21T08:04:21.899+00:00,False,1,0.0,,0.0,301184.078845,301184.078845,301184.078845,301184.078845,301184.078845,301184.078845,nan,301184.078845,nan,nan,0.0,28,64,,True,False,"HTTPConnectionPool(host='gpu06', port=9004): Read timed out.",0,59.56268577710819
277,2026-09-21T07:59:21.796+00:00,2026-09-21T08:04:21.906+00:00,2026-09-21T08:04:21.906+00:00,False,1,0.0,,0.0,300110.45208099997,300110.45208099997,300110.45208099997,300110.45208099997,300110.45208099997,300110.45208099997,nan,300110.45208099997,nan,nan,0.0,28,64,,True,False,"HTTPConnectionPool(host='gpu06', port=9004): Read timed out.",0,59.56268577710819
281,2026-09-21T07:59:22.987+00:00,2026-09-21T08:04:23.293+00:00,2026-09-21T08:04:23.293+00:00,False,1,0.0,,0.0,300306.046595,300306.046595,300306.046595,300306.046595,300306.046595,300306.046595,nan,300306.046595,nan,nan,0.0,28,64,,True,False,"HTTPConnectionPool(host='gpu06', port=9004): Read timed out.",0,59.56268577710819
279,2026-09-21T07:59:22.441+00:00,2026-09-21T08:04:23.295+00:00,2026-09-21T08:04:23.295+00:00,False,1,0.0,,0.0,300853.512753,300853.512753,300853.512753,300853.512753,300853.512753,300853.512753,nan,300853.512753,nan,nan,0.0,28,64,,True,False,"HTTPConnectionPool(host='gpu06', port=9004): Read timed out.",0,59.56268577710819
280,2026-09-21T07:59:22.768+00:00,2026-09-21T08:04:23.296+00:00,2026-09-21T08:04:23.296+00:00,False,1,0.0,,0.0,300528.181524,300528.181524,300528.181524,300528.181524,300528.181524,300528.181524,nan,300528.181524,nan,nan,0.0,28,64,,True,False,"HTTPConnectionPool(host='gpu06', port=9004): Read timed out.",0,59.56268577710819
278,2026-09-21T07:59:22.087+00:00,2026-09-21T08:04:23.302+00:00,2026-09-21T08:04:23.302+00:00,False,1,0.0,,0.0,301214.105684,301214.105684,301214.105684,301214.105684,301214.105684,301214.105684,nan,301214.105684,nan,nan,0.0,28,64,,True,False,"HTTPConnectionPool(host='gpu06', port=9004): Read timed out.",0,59.56268577710819
274,2026-09-21T07:59:21.031+00:00,2026-09-21T08:04:23.320+00:00,2026-09-21T08:04:23.320+00:00,False,1,0.0,,0.0,302289.603687,302289.603687,302289.603687,302289.603687,302289.603687,302289.603687,nan,302289.603687,nan,nan,0.0,28,64,,True,False,"HTTPConnectionPool(host='gpu06', port=9004): Read timed out.",0,59.56268577710819
282,2026-09-21T07:59:23.278+00:00,2026-09-21T08:04:23.391+00:00,2026-09-21T08:04:23.391+00:00,False,1,0.0,,0.0,300113.58864200005,300113.58864200005,300113.58864200005,300113.58864200005,300113.58864200005,300113.58864200005,nan,300113.58864200005,nan,nan,0.0,28,64,,True,False,"HTTPConnectionPool(host='gpu06', port=9004): Read timed out.",0,59.56268577710819
283,2026-09-21T07:59:23.628+00:00,2026-09-21T08:04:23.738+00:00,2026-09-21T08:04:23.738+00:00,False,1,0.0,,0.0,300109.473488,300109.473488,300109.473488,300109.473488,300109.473488,300109.473488,nan,300109.473488,nan,nan,0.0,28,64,,True,False,"HTTPConnectionPool(host='gpu06', port=9004): Read timed out.",0,59.56268577710819
284,2026-09-21T07:59:23.980+00:00,2026-09-21T08:04:24.095+00:00,2026-09-21T08:04:24.095+00:00,False,1,0.0,,0.0,300115.468294,300115.468294,300115.468294,300115.468294,300115.468294,300115.468294,nan,300115.468294,nan,nan,0.0,28,64,,True,False,"HTTPConnectionPool(host='gpu06', port=9004): Read timed out.",0,59.56268577710819
285,2026-09-21T07:59:24.221+00:00,2026-09-21T08:04:24.326+00:00,2026-09-21T08:04:24.326+00:00,False,1,0.0,,0.0,300105.12929799996,300105.12929799996,300105.12929799996,300105.12929799996,300105.12929799996,300105.12929799996,nan,300105.12929799996,nan,nan,0.0,28,64,,True,False,"HTTPConnectionPool(host='gpu06', port=9004): Read timed out.",0,59.56268577710819
286,2026-09-21T07:59:24.430+00:00,2026-09-21T08:04:24.530+00:00,2026-09-21T08:04:24.530+00:00,False,1,0.0,,0.0,300100.67862300004,300100.67862300004,300100.67862300004,300100.67862300004,300100.67862300004,300100.67862300004,nan,300100.67862300004,nan,nan,0.0,28,64,,True,False,"HTTPConnectionPool(host='gpu06', port=9004): Read timed out.",0,59.56268577710819
287,2026-09-21T07:59:24.751+00:00,2026-09-21T08:04:24.807+00:00,2026-09-21T08:04:24.807+00:00,False,1,0.0,,0.0,300055.864731,300055.864731,300055.864731,300055.864731,300055.864731,300055.864731,nan,300055.864731,nan,nan,0.0,28,64,,True,False,"HTTPConnectionPool(host='gpu06', port=9004): Read timed out.",0,59.56268577710819
288,2026-09-21T07:59:24.999+00:00,2026-09-21T08:04:25.100+00:00,2026-09-21T08:04:25.100+00:00,False,1,0.0,,0.0,300100.87340499996,300100.87340499996,300100.87340499996,300100.87340499996,300100.87340499996,300100.87340499996,nan,300100.87340499996,nan,nan,0.0,28,64,,True,False,"HTTPConnectionPool(host='gpu06', port=9004): Read timed out.",0,59.56268577710819
289,2026-09-21T07:59:25.236+00:00,2026-09-21T08:04:25.327+00:00,2026-09-21T08:04:25.327+00:00,False,1,0.0,,0.0,300090.76558899996,300090.76558899996,300090.76558899996,300090.76558899996,300090.76558899996,300090.76558899996,nan,300090.76558899996,nan,nan,0.0,28,64,,True,False,TTFT timeout: 300.0s exceeded (TTFT: 300.086s),0,59.56268577710819
290,2026-09-21T07:59:25.597+00:00,2026-09-21T08:04:25.531+00:00,2026-09-21T08:04:25.640+00:00,False,3,2.0,,2.0,299933.845292,300043.35313199996,300043.35299499996,100014.45099833333,0.04054,299933.845292,173135.28281262133,269951.4074791,54.75392,77.37617210824862,0.006665703402935001,28,64,,True,False,Request timeout: 300.0s exceeded,16,59.56268577710819
291,2026-09-21T07:59:25.928+00:00,2026-09-21T08:04:26.005+00:00,2026-09-21T08:04:26.005+00:00,False,1,0.0,,0.0,300077.057972,300077.057972,300077.057972,300077.057972,300077.057972,300077.057972,nan,300077.057972,nan,nan,0.0,28,64,,True,False,"HTTPConnectionPool(host='gpu06', port=9004): Read timed out.",0,59.56268577710819
292,2026-09-21T07:59:26.207+00:00,2026-09-21T08:04:26.318+00:00,2026-09-21T08:04:26.318+00:00,False,1,0.0,,0.0,300111.307215,300111.307215,300111.307215,300111.307215,300111.307215,300111.307215,nan,300111.307215,nan,nan,0.0,28,64,,True,False,"HTTPConnectionPool(host='gpu06', port=9004): Read timed out.",0,59.56268577710819
293,2026-09-21T07:59:26.507+00:00,2026-09-21T08:04:26.600+00:00,2026-09-21T08:04:26.600+00:00,False,1,0.0,,0.0,300092.412595,300092.412595,300092.412595,300092.412595,300092.412595,300092.412595,nan,300092.412595,nan,nan,0.0,28,64,,True,False,"HTTPConnectionPool(host='gpu06', port=9004): Read timed out.",0,59.56268577710819
294,2026-09-21T07:59:26.860+00:00,2026-09-21T08:04:26.965+00:00,2026-09-21T08:04:26.965+00:00,False,1,0.0,,0.0,300105.358421,300105.358421,300105.358421,300105.358421,300105.358421,300105.358421,nan,300105.358421,nan,nan,0.0,28,64,,True,False,"HTTPConnectionPool(host='gpu06', port=9004): Read timed out.",0,59.56268577710819
295,2026-09-21T07:59:27.184+00:00,2026-09-21T08:04:27.288+00:00,2026-09-21T08:04:27.288+00:00,False,1,0.0,,0.0,300103.828829,300103.828829,300103.828829,300103.828829,300103.828829,300103.828829,nan,300103.828829,nan,nan,0.0,28,64,,True,False,TTFT timeout: 300.0s exceeded (TTFT: 300.097s),0,59.56268577710819
296,2026-09-21T07:59:27.407+00:00,2026-09-21T08:04:27.513+00:00,2026-09-21T08:04:27.513+00:00,False,1,0.0,,0.0,300105.921034,300105.921034,300105.921034,300105.921034,300105.921034,300105.921034,nan,300105.921034,nan,nan,0.0,28,64,,True,False,"HTTPConnectionPool(host='gpu06', port=9004): Read timed out.",0,59.56268577710819
297,2026-09-21T07:59:27.620+00:00,2026-09-21T08:04:27.660+00:00,2026-09-21T08:04:27.660+00:00,False,1,0.0,,0.0,300040.07560900005,300040.07560900005,300040.07560900005,300040.07560900005,300040.07560900005,300040.07560900005,nan,300040.07560900005,nan,nan,0.0,28,64,,True,False,TTFT timeout: 300.0s exceeded (TTFT: 300.035s),0,59.56268577710819
298,2026-09-21T07:59:27.898+00:00,2026-09-21T08:04:28.003+00:00,2026-09-21T08:04:28.003+00:00,False,1,0.0,,0.0,300105.725751,300105.725751,300105.725751,300105.725751,300105.725751,300105.725751,nan,300105.725751,nan,nan,0.0,28,64,,True,False,"HTTPConnectionPool(host='gpu06', port=9004): Read timed out.",0,59.56268577710819
299,2026-09-21T07:59:28.257+00:00,2026-09-21T08:04:28.325+00:00,2026-09-21T08:04:28.325+00:00,False,1,0.0,,0.0,300068.470367,300068.470367,300068.470367,300068.470367,300068.470367,300068.470367,nan,300068.470367,nan,nan,0.0,28,64,,True,False,"HTTPConnectionPool(host='gpu06', port=9004): Read timed out.",0,59.56268577710819
300,2026-09-21T07:59:28.600+00:00,2026-09-21T08:04:28.701+00:00,2026-09-21T08:04:28.701+00:00,False,1,0.0,,0.0,300100.625874,300100.625874,300100.625874,300100.625874,300100.625874,300100.625874,nan,300100.625874,nan,nan,0.0,28,64,,True,False,"HTTPConnectionPool(host='gpu06', port=9004): Read timed out.",0,59.56268577710819
301,2026-09-21T07:59:28.880+00:00,2026-09-21T08:04:28.949+00:00,2026-09-21T08:04:28.949+00:00,False,1,0.0,,0.0,300068.32204500004,300068.32204500004,300068.32204500004,300068.32204500004,300068.32204500004,300068.32204500004,nan,300068.32204500004,nan,nan,0.0,28,64,,True,False,"HTTPConnectionPool(host='gpu06', port=9004): Read timed out.",0,59.56268577710819
302,2026-09-21T07:59:29.103+00:00,2026-09-21T08:04:29.176+00:00,2026-09-21T08:04:29.176+00:00,False,1,0.0,,0.0,300073.23235,300073.23235,300073.23235,300073.23235,300073.23235,300073.23235,nan,300073.23235,nan,nan,0.0,28,64,,True,False,"HTTPConnectionPool(host='gpu06', port=9004): Read timed out.",0,59.56268577710819
303,2026-09-21T07:59:29.474+00:00,2026-09-21T08:04:29.565+00:00,2026-09-21T08:04:29.565+00:00,False,1,0.0,,0.0,300090.98288599995,300090.98288599995,300090.98288599995,300090.98288599995,300090.98288599995,300090.98288599995,nan,300090.98288599995,nan,nan,0.0,28,64,,True,False,"HTTPConnectionPool(host='gpu06', port=9004): Read timed out.",0,59.56268577710819
304,2026-09-21T07:59:29.834+00:00,2026-09-21T08:04:29.752+00:00,2026-09-21T08:04:29.896+00:00,False,4,3.0,,3.0,299917.76569800003,300062.274626,300062.274801,75015.56870025,0.02789,299917.76569800003,149934.8018676476,254941.15606395004,48.16964266666666,41.717554758323466,0.00999792460994713,28,64,,True,False,Request timeout: 300.0s exceeded,21,59.56268577710819
305,2026-09-21T07:59:30.160+00:00,2026-09-21T08:04:30.272+00:00,2026-09-21T08:04:30.272+00:00,False,1,0.0,,0.0,300112.38213,300112.38213,300112.38213,300112.38213,300112.38213,300112.38213,nan,300112.38213,nan,nan,0.0,28,64,,True,False,"HTTPConnectionPool(host='gpu06', port=9004): Read timed out.",0,59.56268577710819
306,2026-09-21T07:59:30.442+00:00,2026-09-21T08:04:30.548+00:00,2026-09-21T08:04:30.548+00:00,False,1,0.0,,0.0,300106.33455,300106.33455,300106.33455,300106.33455,300106.33455,300106.33455,nan,300106.33455,nan,nan,0.0,28,64,,True,False,"HTTPConnectionPool(host='gpu06', port=9004): Read timed out.",0,59.56268577710819
307,2026-09-21T07:59:30.783+00:00,2026-09-21T08:04:30.863+00:00,2026-09-21T08:04:30.863+00:00,False,1,0.0,,0.0,300080.634027,300080.634027,300080.634027,300080.634027,300080.634027,300080.634027,nan,300080.634027,nan,nan,0.0,28,64,,True,False,"HTTPConnectionPool(host='gpu06', port=9004): Read timed out.",0,59.56268577710819
308,2026-09-21T07:59:31.147+00:00,2026-09-21T08:04:31.240+00:00,2026-09-21T08:04:31.240+00:00,False,1,0.0,,0.0,300093.002153,300093.002153,300093.002153,300093.002153,300093.002153,300093.002153,nan,300093.002153,nan,nan,0.0,28,64,,True,False,"HTTPConnectionPool(host='gpu06', port=9004): Read timed out.",0,59.56268577710819
309,2026-09-21T07:59:31.407+00:00,2026-09-21T08:04:31.512+00:00,2026-09-21T08:04:31.512+00:00,False,1,0.0,,0.0,300105.64481699996,300105.64481699996,300105.64481699996,300105.64481699996,300105.64481699996,300105.64481699996,nan,300105.64481699996,nan,nan,0.0,28,64,,True,False,TTFT timeout: 300.0s exceeded (TTFT: 300.093s),0,59.56268577710819
310,2026-09-21T07:59:31.671+00:00,2026-09-21T08:04:31.692+00:00,2026-09-21T08:04:32.917+00:00,False,21,20.0,,20.0,300020.82495599997,301245.78854,301245.788442,14345.037544857141,0.02684,300020.82495599997,65456.553898344035,182.15675399999998,61.2481792,32.98827946701846,0.06639096963622568,28,64,,True,False,Request timeout: 300.0s exceeded,80,59.56268577710819
311,2026-09-21T07:59:32.003+00:00,2026-09-21T08:04:32.003+00:00,2026-09-21T08:04:32.957+00:00,False,19,18.0,,18.0,300000.506444,300954.295116,300954.294974,15839.699735473685,0.040920000000000005,300000.506444,68812.68200318389,30073.4420273,52.98825955555555,17.047890599489808,0.0598097461711323,28,64,,True,False,Request timeout: 300.0s exceeded,162,59.56268577710819
314,2026-09-21T07:59:32.871+00:00,2026-09-21T08:04:32.856+00:00,2026-09-21T08:04:33.014+00:00,False,5,4.0,,4.0,299985.88076599996,300143.32690999995,300143.327029,60028.66540579999,0.030969999999999998,299985.88076599996,134140.16339582088,240000.70408499998,39.361536,27.31999767046237,0.013326966290339774,28,64,,True,False,Request timeout: 300.0s exceeded,26,59.56268577710819
315,2026-09-21T07:59:33.161+00:00,2026-09-21T08:04:33.165+00:00,2026-09-21T08:04:33.165+00:00,False,1,0.0,,0.0,300003.361396,300003.361396,300003.361396,300003.361396,300003.361396,300003.361396,nan,300003.361396,nan,nan,0.0,28,64,,True,False,"HTTPConnectionPool(host='gpu06', port=9004): Read timed out.",0,59.56268577710819
312,2026-09-21T07:59:32.211+00:00,2026-09-21T08:04:33.286+00:00,2026-09-21T08:04:33.286+00:00,False,1,0.0,,0.0,301074.353353,301074.353353,301074.353353,301074.353353,301074.353353,301074.353353,nan,301074.353353,nan,nan,0.0,28,64,,True,False,"HTTPConnectionPool(host='gpu06', port=9004): Read timed out.",0,59.56268577710819
316,2026-09-21T07:59:33.424+00:00,2026-09-21T08:04:33.474+00:00,2026-09-21T08:04:33.474+00:00,False,1,0.0,,0.0,300049.97095,300049.97095,300049.97095,300049.97095,300049.97095,300049.97095,nan,300049.97095,nan,nan,0.0,28,64,,True,False,"HTTPConnectionPool(host='gpu06', port=9004): Read timed out.",0,59.56268577710819
313,2026-09-21T07:59:32.548+00:00,2026-09-21T08:04:33.603+00:00,2026-09-21T08:04:33.603+00:00,False,1,0.0,,0.0,301055.129689,301055.129689,301055.129689,301055.129689,301055.129689,301055.129689,nan,301055.129689,nan,nan,0.0,28,64,,True,False,"HTTPConnectionPool(host='gpu06', port=9004): Read timed out.",0,59.56268577710819
318,2026-09-21T07:59:35.046+00:00,2026-09-21T08:04:34.385+00:00,2026-09-21T08:04:35.319+00:00,False,19,18.0,,18.0,299339.201267,300272.553203,300272.553186,15803.818588736842,0.0391,299339.201267,68661.22825747248,30001.6457405,51.85288533333333,15.205281685319123,0.0599455388379472,28,64,,True,False,Request timeout: 300.0s exceeded,91,59.56268577710819
317,2026-09-21T07:59:34.764+00:00,2026-09-21T08:04:34.387+00:00,2026-09-21T08:04:34.928+00:00,True,11,11.0,,11.0,299623.487951,300164.06164699997,300164.061732,27287.64197563636,46.836091,299623.487951,90323.58200586711,149844.620961,54.0573696,6.3269716796778885,0.036646625647464286,28,64,,True,True,,36,59.56268577710819
319,2026-09-21T07:59:35.125+00:00,2026-09-21T08:04:35.490+00:00,2026-09-21T08:04:35.490+00:00,False,1,0.0,,0.0,300364.840822,300364.840822,300364.840822,300364.840822,300364.840822,300364.840822,nan,300364.840822,nan,nan,0.0,28,64,,True,False,"HTTPConnectionPool(host='gpu06', port=9004): Read timed out.",0,59.56268577710819
320,2026-09-21T07:59:35.231+00:00,2026-09-21T08:04:35.547+00:00,2026-09-21T08:04:35.547+00:00,False,1,0.0,,0.0,300316.408444,300316.408444,300316.408444,300316.408444,300316.408444,300316.408444,nan,300316.408444,nan,nan,0.0,28,64,,True,False,"HTTPConnectionPool(host='gpu06', port=9004): Read timed out.",0,59.56268577710819
321,2026-09-21T07:59:35.300+00:00,2026-09-21T08:04:35.735+00:00,2026-09-21T08:04:35.735+00:00,False,1,0.0,,0.0,300435.170812,300435.170812,300435.170812,300435.170812,300435.170812,300435.170812,nan,300435.170812,nan,nan,0.0,28,64,,True,False,"HTTPConnectionPool(host='gpu06', port=9004): Read timed out.",0,59.56268577710819
322,2026-09-21T07:59:35.356+00:00,2026-09-21T08:04:35.849+00:00,2026-09-21T08:04:35.849+00:00,False,1,0.0,,0.0,300492.63372399996,300492.63372399996,300492.63372399996,300492.63372399996,300492.63372399996,300492.63372399996,nan,300492.63372399996,nan,nan,0.0,28,64,,True,False,"HTTPConnectionPool(host='gpu06', port=9004): Read timed out.",0,59.56268577710819
324,2026-09-21T07:59:35.783+00:00,2026-09-21T08:04:35.944+00:00,2026-09-21T08:04:35.944+00:00,False,1,0.0,,0.0,300161.075792,300161.075792,300161.075792,300161.075792,300161.075792,300161.075792,nan,300161.075792,nan,nan,0.0,28,64,,True,False,"HTTPConnectionPool(host='gpu06', port=9004): Read timed out.",0,59.56268577710819
323,2026-09-21T07:59:35.649+00:00,2026-09-21T08:04:36.226+00:00,2026-09-21T08:04:36.226+00:00,False,1,0.0,,0.0,300577.234995,300577.234995,300577.234995,300577.234995,300577.234995,300577.234995,nan,300577.234995,nan,nan,0.0,28,64,,True,False,"HTTPConnectionPool(host='gpu06', port=9004): Read timed out.",0,59.56268577710819
325,2026-09-21T07:59:36.056+00:00,2026-09-21T08:04:36.249+00:00,2026-09-21T08:04:36.249+00:00,False,1,0.0,,0.0,300193.254599,300193.254599,300193.254599,300193.254599,300193.254599,300193.254599,nan,300193.254599,nan,nan,0.0,28,64,,True,False,"HTTPConnectionPool(host='gpu06', port=9004): Read timed out.",0,59.56268577710819
326,2026-09-21T07:59:36.238+00:00,2026-09-21T08:04:36.354+00:00,2026-09-21T08:04:36.354+00:00,False,1,0.0,,0.0,300115.84838700003,300115.84838700003,300115.84838700003,300115.84838700003,300115.84838700003,300115.84838700003,nan,300115.84838700003,nan,nan,0.0,28,64,,True,False,"HTTPConnectionPool(host='gpu06', port=9004): Read timed out.",0,59.56268577710819
327,2026-09-21T07:59:36.591+00:00,2026-09-21T08:04:36.695+00:00,2026-09-21T08:04:36.695+00:00,False,1,0.0,,0.0,300103.77522500005,300103.77522500005,300103.77522500005,300103.77522500005,300103.77522500005,300103.77522500005,nan,300103.77522500005,nan,nan,0.0,28,64,,True,False,"HTTPConnectionPool(host='gpu06', port=9004): Read timed out.",0,59.56268577710819
328,2026-09-21T07:59:36.915+00:00,2026-09-21T08:04:37.020+00:00,2026-09-21T08:04:37.020+00:00,False,1,0.0,,0.0,300105.19077600003,300105.19077600003,300105.19077600003,300105.19077600003,300105.19077600003,300105.19077600003,nan,300105.19077600003,nan,nan,0.0,28,64,,True,False,"HTTPConnectionPool(host='gpu06', port=9004): Read timed out.",0,59.56268577710819
329,2026-09-21T07:59:37.202+00:00,2026-09-21T08:04:37.303+00:00,2026-09-21T08:04:37.303+00:00,False,1,0.0,,0.0,300101.260484,300101.260484,300101.260484,300101.260484,300101.260484,300101.260484,nan,300101.260484,nan,nan,0.0,28,64,,True,False,"HTTPConnectionPool(host='gpu06', port=9004): Read timed out.",0,59.56268577710819
330,2026-09-21T07:59:37.518+00:00,2026-09-21T08:04:37.617+00:00,2026-09-21T08:04:37.617+00:00,False,1,0.0,,0.0,300099.098236,300099.098236,300099.098236,300099.098236,300099.098236,300099.098236,nan,300099.098236,nan,nan,0.0,28,64,,True,False,"HTTPConnectionPool(host='gpu06', port=9004): Read timed out.",0,59.56268577710819
331,2026-09-21T07:59:37.801+00:00,2026-09-21T08:04:37.906+00:00,2026-09-21T08:04:37.906+00:00,False,1,0.0,,0.0,300105.354804,300105.354804,300105.354804,300105.354804,300105.354804,300105.354804,nan,300105.354804,nan,nan,0.0,28,64,,True,False,"HTTPConnectionPool(host='gpu06', port=9004): Read timed out.",0,59.56268577710819
332,2026-09-21T07:59:38.125+00:00,2026-09-21T08:04:38.081+00:00,2026-09-21T08:04:38.254+00:00,False,3,2.0,,2.0,299955.328975,300128.064719,300128.064634,100042.68821133334,0.026850000000000002,299955.328975,173129.44696842265,269977.0669584,86.367872,122.1046018751469,0.006663821998361046,28,64,,True,False,Request timeout: 300.0s exceeded,5,59.56268577710819
333,2026-09-21T07:59:38.424+00:00,2026-09-21T08:04:38.300+00:00,2026-09-21T08:04:38.452+00:00,False,5,4.0,,4.0,299875.26352499996,300027.902501,300027.90246499993,60005.580492999994,0.10762000000000001,299875.26352499996,134091.23109072857,239911.16284519996,38.159744,25.653810506366806,0.013332093337507728,28,64,,True,False,Request timeout: 300.0s exceeded,34,59.56268577710819
334,2026-09-21T07:59:38.753+00:00,2026-09-21T08:04:38.851+00:00,2026-09-21T08:04:38.851+00:00,False,1,0.0,,0.0,300098.427222,300098.427222,300098.427222,300098.427222,300098.427222,300098.427222,nan,300098.427222,nan,nan,0.0,28,64,,True,False,"HTTPConnectionPool(host='gpu06', port=9004): Read timed out.",0,59.56268577710819
335,2026-09-21T07:59:39.039+00:00,2026-09-21T08:04:39.104+00:00,2026-09-21T08:04:39.104+00:00,False,1,0.0,,0.0,300065.012992,300065.012992,300065.012992,300065.012992,300065.012992,300065.012992,nan,300065.012992,nan,nan,0.0,28,64,,True,False,"HTTPConnectionPool(host='gpu06', port=9004): Read timed out.",0,59.56268577710819
336,2026-09-21T07:59:39.328+00:00,2026-09-21T08:04:39.432+00:00,2026-09-21T08:04:39.432+00:00,False,1,0.0,,0.0,300104.334356,300104.334356,300104.334356,300104.334356,300104.334356,300104.334356,nan,300104.334356,nan,nan,0.0,28,64,,True,False,"HTTPConnectionPool(host='gpu06', port=9004): Read timed out.",0,59.56268577710819
337,2026-09-21T07:59:39.570+00:00,2026-09-21T08:04:39.677+00:00,2026-09-21T08:04:39.677+00:00,False,1,0.0,,0.0,300107.04382,300107.04382,300107.04382,300107.04382,300107.04382,300107.04382,nan,300107.04382,nan,nan,0.0,28,64,,True,False,"HTTPConnectionPool(host='gpu06', port=9004): Read timed out.",0,59.56268577710819
338,2026-09-21T07:59:39.808+00:00,2026-09-21T08:04:39.914+00:00,2026-09-21T08:04:39.914+00:00,False,1,0.0,,0.0,300105.865255,300105.865255,300105.865255,300105.865255,300105.865255,300105.865255,nan,300105.865255,nan,nan,0.0,28,64,,True,False,"HTTPConnectionPool(host='gpu06', port=9004): Read timed out.",0,59.56268577710819
339,2026-09-21T07:59:40.127+00:00,2026-09-21T08:04:40.155+00:00,2026-09-21T08:04:40.155+00:00,False,1,0.0,,0.0,300027.310052,300027.310052,300027.310052,300027.310052,300027.310052,300027.310052,nan,300027.310052,nan,nan,0.0,28,64,,True,False,TTFT timeout: 300.0s exceeded (TTFT: 300.023s),0,59.56268577710819
340,2026-09-21T07:59:40.461+00:00,2026-09-21T08:04:40.460+00:00,2026-09-21T08:04:40.513+00:00,False,3,2.0,,2.0,299999.338004,300052.40014800004,300052.40011000005,100017.46670333334,0.03865,299999.338004,173189.38286897013,270004.70654920005,26.531072,37.46593400722998,0.0066655024222885915,28,64,,True,False,Request timeout: 300.0s exceeded,11,59.56268577710819
341,2026-09-21T07:59:40.668+00:00,2026-09-21T08:04:40.697+00:00,2026-09-21T08:04:40.768+00:00,False,3,2.0,,2.0,300029.521991,300100.31008699996,300100.31002699997,100033.43667566666,0.033,300029.521991,173201.6941501877,270033.6452955,35.394048,50.00803972020051,0.006664438298714833,28,64,,True,False,Request timeout: 300.0s exceeded,12,59.56268577710819
342,2026-09-21T07:59:40.915+00:00,2026-09-21T08:04:41.017+00:00,2026-09-21T08:04:41.017+00:00,False,1,0.0,,0.0,300101.80729900004,300101.80729900004,300101.80729900004,300101.80729900004,300101.80729900004,300101.80729900004,nan,300101.80729900004,nan,nan,0.0,28,64,,True,False,"HTTPConnectionPool(host='gpu06', port=9004): Read timed out.",0,59.56268577710819
343,2026-09-21T07:59:41.225+00:00,2026-09-21T08:04:41.335+00:00,2026-09-21T08:04:41.335+00:00,False,1,0.0,,0.0,300110.48138300003,300110.48138300003,300110.48138300003,300110.48138300003,300110.48138300003,300110.48138300003,nan,300110.48138300003,nan,nan,0.0,28,64,,True,False,"HTTPConnectionPool(host='gpu06', port=9004): Read timed out.",0,59.56268577710819
344,2026-09-21T07:59:41.513+00:00,2026-09-21T08:04:41.559+00:00,2026-09-21T08:04:41.559+00:00,False,1,0.0,,0.0,300046.408884,300046.408884,300046.408884,300046.408884,300046.408884,300046.408884,nan,300046.408884,nan,nan,0.0,28,64,,True,False,"HTTPConnectionPool(host='gpu06', port=9004): Read timed out.",0,59.56268577710819
345,2026-09-21T07:59:41.738+00:00,2026-09-21T08:04:41.811+00:00,2026-09-21T08:04:41.811+00:00,False,1,0.0,,0.0,300073.267709,300073.267709,300073.267709,300073.267709,300073.267709,300073.267709,nan,300073.267709,nan,nan,0.0,28,64,,True,False,"HTTPConnectionPool(host='gpu06', port=9004): Read timed out.",0,59.56268577710819
346,2026-09-21T07:59:42.108+00:00,2026-09-21T08:04:42.194+00:00,2026-09-21T08:04:42.194+00:00,False,1,0.0,,0.0,300086.38255299994,300086.38255299994,300086.38255299994,300086.38255299994,300086.38255299994,300086.38255299994,nan,300086.38255299994,nan,nan,0.0,28,64,,True,False,TTFT timeout: 300.0s exceeded (TTFT: 300.074s),0,59.56268577710819
347,2026-09-21T07:59:42.339+00:00,2026-09-21T08:04:42.443+00:00,2026-09-21T08:04:42.443+00:00,False,1,0.0,,0.0,300103.63868699997,300103.63868699997,300103.63868699997,300103.63868699997,300103.63868699997,300103.63868699997,nan,300103.63868699997,nan,nan,0.0,28,64,,True,False,"HTTPConnectionPool(host='gpu06', port=9004): Read timed out.",0,59.56268577710819
348,2026-09-21T07:59:42.564+00:00,2026-09-21T08:04:42.601+00:00,2026-09-21T08:04:42.601+00:00,False,1,0.0,,0.0,300036.62606800004,300036.62606800004,300036.62606800004,300036.62606800004,300036.62606800004,300036.62606800004,nan,300036.62606800004,nan,nan,0.0,28,64,,True,False,TTFT timeout: 300.0s exceeded (TTFT: 300.032s),0,59.56268577710819
349,2026-09-21T07:59:42.912+00:00,2026-09-21T08:04:43.024+00:00,2026-09-21T08:04:43.024+00:00,False,1,0.0,,0.0,300112.20899199997,300112.20899199997,300112.20899199997,300112.20899199997,300112.20899199997,300112.20899199997,nan,300112.20899199997,nan,nan,0.0,28,64,,True,False,"HTTPConnectionPool(host='gpu06', port=9004): Read timed out.",0,59.56268577710819
350,2026-09-21T07:59:43.227+00:00,2026-09-21T08:04:43.323+00:00,2026-09-21T08:04:43.323+00:00,False,1,0.0,,0.0,300096.53934500006,300096.53934500006,300096.53934500006,300096.53934500006,300096.53934500006,300096.53934500006,nan,300096.53934500006,nan,nan,0.0,28,64,,True,False,"HTTPConnectionPool(host='gpu06', port=9004): Read timed out.",0,59.56268577710819
351,2026-09-21T07:59:43.444+00:00,2026-09-21T08:04:43.494+00:00,2026-09-21T08:04:43.494+00:00,False,1,0.0,,0.0,300050.452966,300050.452966,300050.452966,300050.452966,300050.452966,300050.452966,nan,300050.452966,nan,nan,0.0,28,64,,True,False,"HTTPConnectionPool(host='gpu06', port=9004): Read timed out.",0,59.56268577710819
352,2026-09-21T07:59:43.720+00:00,2026-09-21T08:04:43.825+00:00,2026-09-21T08:04:43.825+00:00,False,1,0.0,,0.0,300104.662912,300104.662912,300104.662912,300104.662912,300104.662912,300104.662912,nan,300104.662912,nan,nan,0.0,28,64,,True,False,"HTTPConnectionPool(host='gpu06', port=9004): Read timed out.",0,59.56268577710819
353,2026-09-21T07:59:44.048+00:00,2026-09-21T08:04:44.158+00:00,2026-09-21T08:04:44.158+00:00,False,1,0.0,,0.0,300110.462802,300110.462802,300110.462802,300110.462802,300110.462802,300110.462802,nan,300110.462802,nan,nan,0.0,28,64,,True,False,"HTTPConnectionPool(host='gpu06', port=9004): Read timed out.",0,59.56268577710819
354,2026-09-21T07:59:44.254+00:00,2026-09-21T08:04:44.360+00:00,2026-09-21T08:04:44.360+00:00,False,1,0.0,,0.0,300106.223672,300106.223672,300106.223672,300106.223672,300106.223672,300106.223672,nan,300106.223672,nan,nan,0.0,28,64,,True,False,"HTTPConnectionPool(host='gpu06', port=9004): Read timed out.",0,59.56268577710819
355,2026-09-21T07:59:44.621+00:00,2026-09-21T08:04:44.634+00:00,2026-09-21T08:04:44.747+00:00,False,3,2.0,,2.0,300012.922642,300126.196498,300126.196475,100042.06549166667,0.038630000000000005,300012.922642,173179.85155740636,270022.9538981,56.636928,80.0420438692814,0.0066638634792192415,28,64,,True,False,Request timeout: 300.0s exceeded,4,59.56268577710819
356,2026-09-21T07:59:44.988+00:00,2026-09-21T08:04:44.950+00:00,2026-09-21T08:04:45.011+00:00,False,3,2.0,,2.0,299962.642321,300022.765201,300022.764987,100007.58832899999,0.05121,299962.642321,173166.15897257527,269972.3852345,30.06144,42.44088841807155,0.006666160811697412,28,64,,True,False,Request timeout: 300.0s exceeded,4,59.56268577710819
357,2026-09-21T07:59:45.256+00:00,2026-09-21T08:04:45.605+00:00,2026-09-21T08:04:46.472+00:00,True,11,11.0,,11.0,300348.959587,301216.591459,301216.591464,27383.326496727273,45.061377,300348.959587,90532.46540865517,150258.938583,86.7631872,37.11315529075008,0.03651857272110876,28,64,,True,True,,99,59.56268577710819
358,2026-09-21T07:59:45.573+00:00,2026-09-21T08:04:45.986+00:00,2026-09-21T08:04:46.473+00:00,True,7,7.0,,7.0,300412.434237,300899.612221,300899.612157,42985.65887957143,44.382777000000004,300412.434237,113514.54554780955,210339.9034899,81.19633066666667,45.143110639167446,0.02326357268569276,28,64,,True,True,,35,59.56268577710819
362,2026-09-21T07:59:46.947+00:00,2026-09-21T08:04:46.634+00:00,2026-09-21T08:04:47.129+00:00,False,11,10.0,,10.0,299687.65083600004,300182.08846800006,300182.08840600005,27289.28076418182,0.04026,299687.65083600004,90344.32041686258,149876.495506,49.44376320000001,18.548023421906933,0.03331311355396215,28,64,,True,False,Request timeout: 300.0s exceeded,50,59.56268577710819
363,2026-09-21T07:59:47.200+00:00,2026-09-21T08:04:47.251+00:00,2026-09-21T08:04:47.251+00:00,False,1,0.0,,0.0,300050.62957499997,300050.62957499997,300050.62957499997,300050.62957499997,300050.62957499997,300050.62957499997,nan,300050.62957499997,nan,nan,0.0,28,64,,True,False,"HTTPConnectionPool(host='gpu06', port=9004): Read timed out.",0,59.56268577710819
360,2026-09-21T07:59:46.212+00:00,2026-09-21T08:04:47.352+00:00,2026-09-21T08:04:47.352+00:00,False,1,0.0,,0.0,301139.385686,301139.385686,301139.385686,301139.385686,301139.385686,301139.385686,nan,301139.385686,nan,nan,0.0,28,64,,True,False,"HTTPConnectionPool(host='gpu06', port=9004): Read timed out.",0,59.56268577710819
364,2026-09-21T07:59:47.434+00:00,2026-09-21T08:04:47.508+00:00,2026-09-21T08:04:47.508+00:00,False,1,0.0,,0.0,300074.23987,300074.23987,300074.23987,300074.23987,300074.23987,300074.23987,nan,300074.23987,nan,nan,0.0,28,64,,True,False,"HTTPConnectionPool(host='gpu06', port=9004): Read timed out.",0,59.56268577710819
361,2026-09-21T07:59:46.582+00:00,2026-09-21T08:04:47.613+00:00,2026-09-21T08:04:47.613+00:00,False,1,0.0,,0.0,301030.84513800003,301030.84513800003,301030.84513800003,301030.84513800003,301030.84513800003,301030.84513800003,nan,301030.84513800003,nan,nan,0.0,28,64,,True,False,"HTTPConnectionPool(host='gpu06', port=9004): Read timed out.",0,59.56268577710819
365,2026-09-21T07:59:47.698+00:00,2026-09-21T08:04:47.717+00:00,2026-09-21T08:04:47.717+00:00,False,1,0.0,,0.0,300019.560134,300019.560134,300019.560134,300019.560134,300019.560134,300019.560134,nan,300019.560134,nan,nan,0.0,28,64,,True,False,"HTTPConnectionPool(host='gpu06', port=9004): Read timed out.",0,59.56268577710819
366,2026-09-21T07:59:47.957+00:00,2026-09-21T08:04:48.067+00:00,2026-09-21T08:04:48.067+00:00,False,1,0.0,,0.0,300110.680069,300110.680069,300110.680069,300110.680069,300110.680069,300110.680069,nan,300110.680069,nan,nan,0.0,28,64,,True,False,"HTTPConnectionPool(host='gpu06', port=9004): Read timed out.",0,59.56268577710819
367,2026-09-21T07:59:48.222+00:00,2026-09-21T08:04:48.332+00:00,2026-09-21T08:04:48.332+00:00,False,1,0.0,,0.0,300109.90725,300109.90725,300109.90725,300109.90725,300109.90725,300109.90725,nan,300109.90725,nan,nan,0.0,28,64,,True,False,"HTTPConnectionPool(host='gpu06', port=9004): Read timed out.",0,59.56268577710819
368,2026-09-21T07:59:48.573+00:00,2026-09-21T08:04:48.615+00:00,2026-09-21T08:04:48.615+00:00,False,1,0.0,,0.0,300042.289932,300042.289932,300042.289932,300042.289932,300042.289932,300042.289932,nan,300042.289932,nan,nan,0.0,28,64,,True,False,"HTTPConnectionPool(host='gpu06', port=9004): Read timed out.",0,59.56268577710819
369,2026-09-21T07:59:48.846+00:00,2026-09-21T08:04:48.963+00:00,2026-09-21T08:04:48.963+00:00,False,1,0.0,,0.0,300117.148447,300117.148447,300117.148447,300117.148447,300117.148447,300117.148447,nan,300117.148447,nan,nan,0.0,28,64,,True,False,"HTTPConnectionPool(host='gpu06', port=9004): Read timed out.",0,59.56268577710819
359,2026-09-21T07:59:45.938+00:00,2026-09-21T08:04:49.022+00:00,2026-09-21T08:04:49.022+00:00,False,1,0.0,,0.0,303084.538169,303084.538169,303084.538169,303084.538169,303084.538169,303084.538169,nan,303084.538169,nan,nan,0.0,28,64,,True,False,TTFT timeout: 300.0s exceeded (TTFT: 300.017s),0,59.56268577710819
370,2026-09-21T07:59:49.117+00:00,2026-09-21T08:04:49.135+00:00,2026-09-21T08:04:49.135+00:00,False,1,0.0,,0.0,300017.747362,300017.747362,300017.747362,300017.747362,300017.747362,300017.747362,nan,300017.747362,nan,nan,0.0,28,64,,True,False,TTFT timeout: 300.0s exceeded (TTFT: 300.016s),0,59.56268577710819
371,2026-09-21T07:59:49.468+00:00,2026-09-21T08:04:49.575+00:00,2026-09-21T08:04:49.575+00:00,False,1,0.0,,0.0,300107.38635399996,300107.38635399996,300107.38635399996,300107.38635399996,300107.38635399996,300107.38635399996,nan,300107.38635399996,nan,nan,0.0,28,64,,True,False,"HTTPConnectionPool(host='gpu06', port=9004): Read timed out.",0,59.56268577710819
372,2026-09-21T07:59:49.813+00:00,2026-09-21T08:04:49.893+00:00,2026-09-21T08:04:49.893+00:00,False,1,0.0,,0.0,300079.483475,300079.483475,300079.483475,300079.483475,300079.483475,300079.483475,nan,300079.483475,nan,nan,0.0,28,64,,True,False,"HTTPConnectionPool(host='gpu06', port=9004): Read timed out.",0,59.56268577710819
373,2026-09-21T07:59:50.061+00:00,2026-09-21T08:04:50.165+00:00,2026-09-21T08:04:50.165+00:00,False,1,0.0,,0.0,300104.33718599996,300104.33718599996,300104.33718599996,300104.33718599996,300104.33718599996,300104.33718599996,nan,300104.33718599996,nan,nan,0.0,28,64,,True,False,"HTTPConnectionPool(host='gpu06', port=9004): Read timed out.",0,59.56268577710819
374,2026-09-21T07:59:50.278+00:00,2026-09-21T08:04:50.375+00:00,2026-09-21T08:04:50.375+00:00,False,1,0.0,,0.0,300096.687094,300096.687094,300096.687094,300096.687094,300096.687094,300096.687094,nan,300096.687094,nan,nan,0.0,28,64,,True,False,"HTTPConnectionPool(host='gpu06', port=9004): Read timed out.",0,59.56268577710819
375,2026-09-21T07:59:50.625+00:00,2026-09-21T08:04:50.731+00:00,2026-09-21T08:04:50.731+00:00,False,1,0.0,,0.0,300106.361892,300106.361892,300106.361892,300106.361892,300106.361892,300106.361892,nan,300106.361892,nan,nan,0.0,28,64,,True,False,"HTTPConnectionPool(host='gpu06', port=9004): Read timed out.",0,59.56268577710819
376,2026-09-21T07:59:50.919+00:00,2026-09-21T08:04:51.003+00:00,2026-09-21T08:04:51.003+00:00,False,1,0.0,,0.0,300084.223199,300084.223199,300084.223199,300084.223199,300084.223199,300084.223199,nan,300084.223199,nan,nan,0.0,28,64,,True,False,"HTTPConnectionPool(host='gpu06', port=9004): Read timed out.",0,59.56268577710819
377,2026-09-21T07:59:51.120+00:00,2026-09-21T08:04:51.227+00:00,2026-09-21T08:04:51.227+00:00,False,1,0.0,,0.0,300107.551258,300107.551258,300107.551258,300107.551258,300107.551258,300107.551258,nan,300107.551258,nan,nan,0.0,28,64,,True,False,"HTTPConnectionPool(host='gpu06', port=9004): Read timed out.",0,59.56268577710819
378,2026-09-21T07:59:51.355+00:00,2026-09-21T08:04:51.339+00:00,2026-09-21T08:04:51.464+00:00,False,3,2.0,,2.0,299984.19804000005,300109.51644000004,300109.51644300006,100036.50548100001,0.032189999999999996,299984.19804000005,173159.79250938672,269998.30685730005,62.6592,88.56787357478034,0.00666423385610917,28,64,,True,False,Request timeout: 300.0s exceeded,7,59.56268577710819
379,2026-09-21T07:59:51.685+00:00,2026-09-21T08:04:51.793+00:00,2026-09-21T08:04:51.793+00:00,False,1,0.0,,0.0,300108.241404,300108.241404,300108.241404,300108.241404,300108.241404,300108.241404,nan,300108.241404,nan,nan,0.0,28,64,,True,False,"HTTPConnectionPool(host='gpu06', port=9004): Read timed out.",0,59.56268577710819
380,2026-09-21T07:59:51.988+00:00,2026-09-21T08:04:52.094+00:00,2026-09-21T08:04:52.094+00:00,False,1,0.0,,0.0,300106.735848,300106.735848,300106.735848,300106.735848,300106.735848,300106.735848,nan,300106.735848,nan,nan,0.0,28,64,,True,False,"HTTPConnectionPool(host='gpu06', port=9004): Read timed out.",0,59.56268577710819
381,2026-09-21T07:59:52.226+00:00,2026-09-21T08:04:52.335+00:00,2026-09-21T08:04:52.335+00:00,False,1,0.0,,0.0,300109.530233,300109.530233,300109.530233,300109.530233,300109.530233,300109.530233,nan,300109.530233,nan,nan,0.0,28,64,,True,False,"HTTPConnectionPool(host='gpu06', port=9004): Read timed out.",0,59.56268577710819
382,2026-09-21T07:59:52.557+00:00,2026-09-21T08:04:52.667+00:00,2026-09-21T08:04:52.667+00:00,False,1,0.0,,0.0,300110.06887300004,300110.06887300004,300110.06887300004,300110.06887300004,300110.06887300004,300110.06887300004,nan,300110.06887300004,nan,nan,0.0,28,64,,True,False,"HTTPConnectionPool(host='gpu06', port=9004): Read timed out.",0,59.56268577710819
384,2026-09-21T07:59:54.126+00:00,2026-09-21T08:04:53.197+00:00,2026-09-21T08:04:53.681+00:00,True,9,9.0,,9.0,299071.805473,299555.581985,299555.581993,33283.95355477778,46.938027000000005,299071.805473,99670.4457558743,179482.7215214,60.472064,17.120102010056566,0.030044507734964084,28,64,,True,True,,38,59.56268577710819
385,2026-09-21T07:59:54.198+00:00,2026-09-21T08:04:53.198+00:00,2026-09-21T08:04:54.632+00:00,False,26,25.0,,25.0,298999.635757,300433.38961300004,300433.389579,11555.130368423077,0.024329999999999997,298999.635757,58627.40791057163,90.0816395,57.35015424,16.498238273989784,0.08321312099232205,28,64,,True,False,Request timeout: 300.0s exceeded,143,59.56268577710819
386,2026-09-21T07:59:54.220+00:00,2026-09-21T08:04:53.868+00:00,2026-09-21T08:04:54.632+00:00,False,15,14.0,,14.0,299648.770134,300412.875606,300412.875537,20027.5250358,0.03656,299648.770134,77354.88943984192,89945.65704040001,54.57896228571428,17.807721853083414,0.046602529840836106,28,64,,True,False,Request timeout: 300.0s exceeded,42,59.56268577710819
383,2026-09-21T07:59:54.120+00:00,2026-09-21T08:04:53.868+00:00,2026-09-21T08:04:54.631+00:00,False,15,14.0,,14.0,299748.21674299997,300510.870183,300510.87009599997,20034.0580064,0.09786,299748.21674299997,77380.59314644807,89976.7166251,54.47524571428572,17.44541012715379,0.04658733306876559,28,64,,True,False,Request timeout: 300.0s exceeded,42,59.56268577710819
387,2026-09-21T07:59:54.245+00:00,2026-09-21T08:04:54.561+00:00,2026-09-21T08:04:54.735+00:00,False,5,4.0,,4.0,300315.768319,300489.24467100005,300489.244689,60097.8489378,0.0455,300315.768319,134285.9018737233,240266.5511744,43.369088,30.432223933942304,0.013311624528789787,28,64,,True,False,Request timeout: 300.0s exceeded,18,59.56268577710819
389,2026-09-21T07:59:54.598+00:00,2026-09-21T08:04:54.968+00:00,2026-09-21T08:04:54.968+00:00,False,1,0.0,,0.0,300369.765334,300369.765334,300369.765334,300369.765334,300369.765334,300369.765334,nan,300369.765334,nan,nan,0.0,28,64,,True,False,"HTTPConnectionPool(host='gpu06', port=9004): Read timed out.",0,59.56268577710819
388,2026-09-21T07:59:54.443+00:00,2026-09-21T08:04:55.094+00:00,2026-09-21T08:04:55.094+00:00,False,1,0.0,,0.0,300650.89714899997,300650.89714899997,300650.89714899997,300650.89714899997,300650.89714899997,300650.89714899997,nan,300650.89714899997,nan,nan,0.0,28,64,,True,False,"HTTPConnectionPool(host='gpu06', port=9004): Read timed out.",0,59.56268577710819
390,2026-09-21T07:59:54.816+00:00,2026-09-21T08:04:55.291+00:00,2026-09-21T08:04:55.291+00:00,False,1,0.0,,0.0,300475.450565,300475.450565,300475.450565,300475.450565,300475.450565,300475.450565,nan,300475.450565,nan,nan,0.0,28,64,,True,False,"HTTPConnectionPool(host='gpu06', port=9004): Read timed out.",0,59.56268577710819
391,2026-09-21T07:59:55.211+00:00,2026-09-21T08:04:55.377+00:00,2026-09-21T08:04:55.377+00:00,False,1,0.0,,0.0,300166.221005,300166.221005,300166.221005,300166.221005,300166.221005,300166.221005,nan,300166.221005,nan,nan,0.0,28,64,,True,False,"HTTPConnectionPool(host='gpu06', port=9004): Read timed out.",0,59.56268577710819
392,2026-09-21T07:59:55.465+00:00,2026-09-21T08:04:55.708+00:00,2026-09-21T08:04:55.708+00:00,False,1,0.0,,0.0,300243.039611,300243.039611,300243.039611,300243.039611,300243.039611,300243.039611,nan,300243.039611,nan,nan,0.0,28,64,,True,False,"HTTPConnectionPool(host='gpu06', port=9004): Read timed out.",0,59.56268577710819
393,2026-09-21T07:59:55.644+00:00,2026-09-21T08:04:55.765+00:00,2026-09-21T08:04:55.765+00:00,False,1,0.0,,0.0,300121.28030299995,300121.28030299995,300121.28030299995,300121.28030299995,300121.28030299995,300121.28030299995,nan,300121.28030299995,nan,nan,0.0,28,64,,True,False,"HTTPConnectionPool(host='gpu06', port=9004): Read timed out.",0,59.56268577710819
394,2026-09-21T07:59:55.875+00:00,2026-09-21T08:04:55.993+00:00,2026-09-21T08:04:55.993+00:00,False,1,0.0,,0.0,300118.72341900005,300118.72341900005,300118.72341900005,300118.72341900005,300118.72341900005,300118.72341900005,nan,300118.72341900005,nan,nan,0.0,28,64,,True,False,"HTTPConnectionPool(host='gpu06', port=9004): Read timed out.",0,59.56268577710819
395,2026-09-21T07:59:56.137+00:00,2026-09-21T08:04:56.251+00:00,2026-09-21T08:04:56.251+00:00,False,1,0.0,,0.0,300113.785679,300113.785679,300113.785679,300113.785679,300113.785679,300113.785679,nan,300113.785679,nan,nan,0.0,28,64,,True,False,"HTTPConnectionPool(host='gpu06', port=9004): Read timed out.",0,59.56268577710819
396,2026-09-21T07:59:56.400+00:00,2026-09-21T08:04:56.515+00:00,2026-09-21T08:04:56.515+00:00,False,1,0.0,,0.0,300115.20600999997,300115.20600999997,300115.20600999997,300115.20600999997,300115.20600999997,300115.20600999997,nan,300115.20600999997,nan,nan,0.0,28,64,,True,False,"HTTPConnectionPool(host='gpu06', port=9004): Read timed out.",0,59.56268577710819
397,2026-09-21T07:59:56.677+00:00,2026-09-21T08:04:56.787+00:00,2026-09-21T08:04:56.787+00:00,False,1,0.0,,0.0,300109.991989,300109.991989,300109.991989,300109.991989,300109.991989,300109.991989,nan,300109.991989,nan,nan,0.0,28,64,,True,False,"HTTPConnectionPool(host='gpu06', port=9004): Read timed out.",0,59.56268577710819
398,2026-09-21T07:59:56.906+00:00,2026-09-21T08:04:56.918+00:00,2026-09-21T08:04:56.918+00:00,False,1,0.0,,0.0,300012.18133099994,300012.18133099994,300012.18133099994,300012.18133099994,300012.18133099994,300012.18133099994,nan,300012.18133099994,nan,nan,0.0,28,64,,True,False,TTFT timeout: 300.0s exceeded (TTFT: 300.003s),0,59.56268577710819
399,2026-09-21T07:59:57.190+00:00,2026-09-21T08:04:57.188+00:00,2026-09-21T08:04:57.357+00:00,False,3,2.0,,2.0,299998.24419,300167.084382,300167.08443,100055.69481,0.03432,299998.24419,173155.34762286016,270015.300363,84.420096,119.33953151799503,0.006662955747188959,28,64,,True,False,Request timeout: 300.0s exceeded,18,59.56268577710819
400,2026-09-21T07:59:57.524+00:00,2026-09-21T08:04:57.447+00:00,2026-09-21T08:04:57.584+00:00,False,4,3.0,,3.0,299922.67761400004,300060.42404600006,300060.42413600005,75015.10603400001,0.04367,299922.67761400004,149938.38515785342,254947.05977815003,45.915477333333335,42.96842738757867,0.009997986270725566,28,64,,True,False,Request timeout: 300.0s exceeded,9,59.56268577710819
401,2026-09-21T07:59:57.840+00:00,2026-09-21T08:04:57.957+00:00,2026-09-21T08:04:57.957+00:00,False,1,0.0,,0.0,300116.90163599997,300116.90163599997,300116.90163599997,300116.90163599997,300116.90163599997,300116.90163599997,nan,300116.90163599997,nan,nan,0.0,28,64,,True,False,"HTTPConnectionPool(host='gpu06', port=9004): Read timed out.",0,59.56268577710819
402,2026-09-21T07:59:58.148+00:00,2026-09-21T08:04:58.230+00:00,2026-09-21T08:04:58.230+00:00,False,1,0.0,,0.0,300081.866951,300081.866951,300081.866951,300081.866951,300081.866951,300081.866951,nan,300081.866951,nan,nan,0.0,28,64,,True,False,"HTTPConnectionPool(host='gpu06', port=9004): Read timed out.",0,59.56268577710819
403,2026-09-21T07:59:58.423+00:00,2026-09-21T08:04:58.529+00:00,2026-09-21T08:04:58.529+00:00,False,1,0.0,,0.0,300106.265949,300106.265949,300106.265949,300106.265949,300106.265949,300106.265949,nan,300106.265949,nan,nan,0.0,28,64,,True,False,"HTTPConnectionPool(host='gpu06', port=9004): Read timed out.",0,59.56268577710819
404,2026-09-21T07:59:58.748+00:00,2026-09-21T08:04:58.866+00:00,2026-09-21T08:04:58.866+00:00,False,1,0.0,,0.0,300118.32305,300118.32305,300118.32305,300118.32305,300118.32305,300118.32305,nan,300118.32305,nan,nan,0.0,28,64,,True,False,"HTTPConnectionPool(host='gpu06', port=9004): Read timed out.",0,59.56268577710819
405,2026-09-21T07:59:58.995+00:00,2026-09-21T08:04:59.069+00:00,2026-09-21T08:04:59.069+00:00,False,1,0.0,,0.0,300074.417656,300074.417656,300074.417656,300074.417656,300074.417656,300074.417656,nan,300074.417656,nan,nan,0.0,28,64,,True,False,TTFT timeout: 300.0s exceeded (TTFT: 300.045s),0,59.56268577710819
406,2026-09-21T07:59:59.263+00:00,2026-09-21T08:04:59.213+00:00,2026-09-21T08:04:59.375+00:00,False,3,2.0,,2.0,299950.178783,300111.889119,300111.88908299996,100037.296361,0.039810000000000005,299950.178783,173129.65358315562,269971.3279537,80.855168,114.29035917940011,0.006664181168800555,28,64,,True,False,Request timeout: 300.0s exceeded,7,59.56268577710819
407,2026-09-21T07:59:59.618+00:00,2026-09-21T08:04:59.634+00:00,2026-09-21T08:04:59.634+00:00,False,1,0.0,,0.0,300015.872866,300015.872866,300015.872866,300015.872866,300015.872866,300015.872866,nan,300015.872866,nan,nan,0.0,28,64,,True,False,"HTTPConnectionPool(host='gpu06', port=9004): Read timed out.",0,59.56268577710819
408,2026-09-21T07:59:59.978+00:00,2026-09-21T08:05:00.082+00:00,2026-09-21T08:05:00.082+00:00,False,1,0.0,,0.0,300104.234467,300104.234467,300104.234467,300104.234467,300104.234467,300104.234467,nan,300104.234467,nan,nan,0.0,28,64,,True,False,"HTTPConnectionPool(host='gpu06', port=9004): Read timed out.",0,59.56268577710819
409,2026-09-21T08:00:00.239+00:00,2026-09-21T08:05:00.347+00:00,2026-09-21T08:05:00.347+00:00,False,1,0.0,,0.0,300107.84260900004,300107.84260900004,300107.84260900004,300107.84260900004,300107.84260900004,300107.84260900004,nan,300107.84260900004,nan,nan,0.0,28,64,,True,False,"HTTPConnectionPool(host='gpu06', port=9004): Read timed out.",0,59.56268577710819
410,2026-09-21T08:00:00.457+00:00,2026-09-21T08:05:00.562+00:00,2026-09-21T08:05:00.562+00:00,False,1,0.0,,0.0,300105.030226,300105.030226,300105.030226,300105.030226,300105.030226,300105.030226,nan,300105.030226,nan,nan,0.0,28,64,,True,False,"HTTPConnectionPool(host='gpu06', port=9004): Read timed out.",0,59.56268577710819
411,2026-09-21T08:00:00.761+00:00,2026-09-21T08:05:00.865+00:00,2026-09-21T08:05:00.865+00:00,False,1,0.0,,0.0,300104.447731,300104.447731,300104.447731,300104.447731,300104.447731,300104.447731,nan,300104.447731,nan,nan,0.0,28,64,,True,False,"HTTPConnectionPool(host='gpu06', port=9004): Read timed out.",0,59.56268577710819
412,2026-09-21T08:00:01.095+00:00,2026-09-21T08:05:01.166+00:00,2026-09-21T08:05:02.724+00:00,True,24,24.0,,24.0,300071.470233,301628.928665,301628.928447,12567.872018625,41.196647,300071.470233,61238.02077917136,205.02641705,67.715584,37.175113808359995,0.07956796487068808,28,64,,True,True,,48,59.56268577710819
413,2026-09-21T08:00:01.344+00:00,2026-09-21T08:05:01.384+00:00,2026-09-21T08:05:03.024+00:00,False,29,28.0,,28.0,300039.914697,301679.807945,301679.808067,10402.752002310344,0.02866,300039.914697,55705.1409401571,111.3255254,58.567616,19.371554021864412,0.09281363638730754,28,64,,True,False,Request timeout: 300.0s exceeded,86,59.56268577710819
414,2026-09-21T08:00:01.590+00:00,2026-09-21T08:05:01.602+00:00,2026-09-21T08:05:03.025+00:00,False,26,25.0,,25.0,300012.029743,301434.82782299997,301434.827846,11593.647224846154,0.02743,300012.029743,58826.040981679456,101.41328625,56.911923200000004,17.713116705094524,0.08293666720781115,28,64,,True,False,Request timeout: 300.0s exceeded,10,59.56268577710819
415,2026-09-21T08:00:01.857+00:00,2026-09-21T08:05:02.179+00:00,2026-09-21T08:05:03.069+00:00,False,18,17.0,,17.0,300322.34336400003,301211.96256400004,301211.962459,16733.997914388892,0.01925,300322.34336400003,70774.32233078344,45107.1844127,52.33054117647058,15.405263392976556,0.0564386615169307,28,64,,True,False,Request timeout: 300.0s exceeded,77,59.56268577710819
416,2026-09-21T08:00:02.211+00:00,2026-09-21T08:05:03.385+00:00,2026-09-21T08:05:03.385+00:00,False,1,0.0,,0.0,301174.47378899995,301174.47378899995,301174.47378899995,301174.47378899995,301174.47378899995,301174.47378899995,nan,301174.47378899995,nan,nan,0.0,28,64,,True,False,"HTTPConnectionPool(host='gpu06', port=9004): Read timed out.",0,59.56268577710819
0,2026-09-21T07:58:02.273+00:00,2026-09-21T07:58:02.477+00:00,2026-09-21T07:58:04.302+00:00,True,35,35.0,,35.0,203.32012400000002,2028.707644,2028.707597,57.9630742,0.01677,246.651757,53.9258151902109,191.3462376,53.68786823529412,48.34273628691754,17.252362657337134,29,64,,False,True,,70,59.56268577710819
2,2026-09-21T07:58:02.901+00:00,2026-09-21T07:58:03.491+00:00,2026-09-21T07:58:09.299+00:00,True,95,95.0,,95.0,589.774399,6397.925695,6397.925488,67.34658408421052,39.998582,589.774399,55.347706333361884,80.085984,61.78884357446808,11.416993863292427,14.84856256993463,29,64,,False,True,,95,59.56268577710819
1,2026-09-21T07:58:02.622+00:00,2026-09-21T07:58:03.493+00:00,2026-09-21T07:58:04.907+00:00,True,25,25.0,,25.0,871.2083680000001,2285.1122400000004,2285.112454,91.40449816,36.479363,871.2083680000001,162.76537634670177,79.84837979999999,58.91266133333333,10.194371855985407,10.940381641822546,29,64,,False,True,,71,59.56268577710819
5,2026-09-21T07:58:03.854+00:00,2026-09-21T07:58:04.018+00:00,2026-09-21T07:58:04.140+00:00,True,3,3.0,,3.0,164.013881,286.946105,286.946249,95.64874966666667,59.564224,164.013881,59.23648232727477,153.9493073,61.466112,2.6899473327186167,10.45492497624249,29,64,,False,True,,9,59.56268577710819
4,2026-09-21T07:58:03.542+00:00,2026-09-21T07:58:06.480+00:00,2026-09-21T07:58:11.342+00:00,True,79,79.0,,79.0,2937.8274380000003,7800.0333900000005,7800.033327,98.73459907594938,43.175974000000004,2937.8274380000003,323.6883936824583,79.4100989,62.33597374358975,10.567354979766936,10.128161771881851,29,64,,False,True,,89,59.56268577710819
3,2026-09-21T07:58:03.231+00:00,2026-09-21T07:58:08.359+00:00,2026-09-21T07:58:13.193+00:00,True,76,76.0,,76.0,5127.789888,9961.763392,9961.76342,131.0758344736842,0.01705,5127.789888,582.74434201411,80.22226375,64.45298005333333,47.827948266780055,7.629171363479017,29,64,,False,True,,380,59.56268577710819
6,2026-09-21T07:58:04.110+00:00,2026-09-21T07:58:10.244+00:00,2026-09-21T07:58:16.258+00:00,True,96,96.0,,96.0,6133.253085,12147.346141,12147.346139000001,126.53485561458334,0.01671,6133.253085,620.7736674041322,79.1100555,63.306242694736845,39.777928692698886,7.9029607690175725,29,64,,False,True,,196,59.56268577710819
7,2026-09-21T07:58:04.342+00:00,2026-09-21T07:58:11.592+00:00,2026-09-21T07:58:12.277+00:00,True,12,12.0,,12.0,7249.790639000001,7934.5760470000005,7934.575940000001,661.2146616666668,48.966465,7249.790639000001,2074.885841787317,3306.42534445,62.253218909090904,10.13599018120773,1.5123681377453184,29,64,,False,True,,132,59.56268577710819
8,2026-09-21T07:58:04.696+00:00,2026-09-21T07:58:13.396+00:00,2026-09-21T07:58:16.259+00:00,True,47,47.0,,47.0,8699.181683,11562.542451000001,11562.54226,246.01153744680852,41.648015,8699.181683,1259.8648114250554,79.80874229999999,62.24697321739131,9.945521584571352,4.064849941020986,29,64,,False,True,,376,59.56268577710819
9,2026-09-21T07:58:04.993+00:00,2026-09-21T07:58:15.152+00:00,2026-09-21T07:58:15.937+00:00,True,14,14.0,,14.0,10159.033024,10943.779008,10943.778956,781.6984968571429,39.880424,10159.033024,2699.0160545403905,3609.9571816000007,60.3650756923077,13.999867879955863,1.279265598269654,29,64,,False,True,,28,59.56268577710819
10,2026-09-21T07:58:05.261+00:00,2026-09-21T07:58:17.108+00:00,2026-09-21T07:58:19.051+00:00,True,32,32.0,,32.0,11846.558879,13789.804191,13789.804091,430.93137784375,48.172435,11846.558879,2083.1330213444376,76.538379,62.685332645161296,8.995824882284959,2.3205550678438924,29,64,,False,True,,50,59.56268577710819
11,2026-09-21T07:58:05.522+00:00,2026-09-21T07:58:18.235+00:00,2026-09-21T07:58:21.441+00:00,True,51,51.0,,51.0,12712.958089,15919.156105,15919.156031999999,312.1403143529412,26.522273000000002,12712.958089,1771.2370323843152,87.0871335,64.12396032,12.892120754881118,3.203687410539404,29,64,,False,True,,153,59.56268577710819
12,2026-09-21T07:58:05.828+00:00,2026-09-21T07:58:20.143+00:00,2026-09-21T07:58:20.195+00:00,True,2,2.0,,2.0,14314.679117,14367.011149,14367.011212,7183.505606,52.332095,14314.679117,10085.002294891961,13601.5617659,52.332032,nan,0.1392077989818507,29,64,,False,True,,2,59.56268577710819
13,2026-09-21T07:58:06.091+00:00,2026-09-21T07:58:21.369+00:00,2026-09-21T07:58:26.537+00:00,True,82,82.0,,82.0,15278.049017000001,20446.368249,20446.368333000002,249.34595528048783,0.0,15278.049017000001,1681.379511917527,83.9251535,63.80641027160494,65.16015563769628,4.010492181368713,29,64,,False,True,,168,59.56268577710819
14,2026-09-21T07:58:06.423+00:00,2026-09-21T07:58:23.352+00:00,2026-09-21T07:58:28.168+00:00,True,85,85.0,,85.0,16929.21027,21745.173406,21745.17328,255.825568,0.0,16929.21027,1831.1099006194718,77.141276,57.332894476190475,63.779487077998446,3.9089134132426144,29,64,,False,True,,370,59.56268577710819
15,2026-09-21T07:58:06.737+00:00,2026-09-21T07:58:24.579+00:00,2026-09-21T07:58:28.503+00:00,True,65,65.0,,65.0,17842.314902,21766.262165999997,21766.262369999997,334.8655749230769,0.0,17842.314902,2206.046334468074,76.87142800000001,61.311676,51.172685812292826,2.986272953264952,29,64,,False,True,,390,59.56268577710819
16,2026-09-21T07:58:07.059+00:00,2026-09-21T07:58:26.346+00:00,2026-09-21T07:58:31.519+00:00,True,83,83.0,,83.0,19286.885493,24459.577205,24459.577230000003,294.6937015662651,0.0,19286.885493,2111.0333942734505,78.599068,63.081606243902435,63.60690866507024,3.3933538304592292,29,64,,False,True,,332,59.56268577710819
17,2026-09-21T07:58:07.251+00:00,2026-09-21T07:58:27.525+00:00,2026-09-21T07:58:27.740+00:00,True,5,5.0,,5.0,20273.315725,20488.898445,20488.898437,4097.7796874000005,45.355195,20273.315725,9042.400965490075,16230.390487199998,53.89568,5.866617329518604,0.24403459333950542,29,64,,False,True,,24,59.56268577710819
18,2026-09-21T07:58:07.593+00:00,2026-09-21T07:58:29.494+00:00,2026-09-21T07:58:29.742+00:00,True,5,5.0,,5.0,21900.898162999998,22148.712562999997,22148.712668999997,4429.742533799999,44.939285000000005,21900.898162999998,9766.67935393631,17535.304762,61.9536,12.956804877634712,0.2257467555180896,29,64,,False,True,,23,59.56268577710819
19,2026-09-21T07:58:07.945+00:00,2026-09-21T07:58:31.189+00:00,2026-09-21T07:58:33.869+00:00,True,43,43.0,,43.0,23243.734393,25923.774585,25923.774611999997,602.8784793488372,0.015710000000000002,23243.734393,3536.014179742872,84.0727819,63.81048076190476,89.62337367839217,1.658709068735717,29,64,,False,True,,387,59.56268577710819
20,2026-09-21T07:58:08.295+00:00,2026-09-21T07:58:33.386+00:00,2026-09-21T07:58:37.904+00:00,True,79,79.0,,79.0,25091.171675999998,29609.283932,29609.283844999998,374.8010613291139,0.0,25091.171675999998,2817.173759346777,78.8572211,57.924516102564105,63.80658363557668,2.6680820847079447,29,64,,False,True,,222,59.56268577710819
21,2026-09-21T07:58:08.641+00:00,2026-09-21T07:58:34.568+00:00,2026-09-21T07:58:35.385+00:00,True,12,12.0,,12.0,25927.020102000002,26743.816774000003,26743.816727,2228.651393916667,0.0,25927.020102000002,7464.82860015642,11987.092241900002,74.2542429090909,170.8650989125717,0.4487018476609609,29,64,,False,True,,96,59.56268577710819
22,2026-09-21T07:58:08.972+00:00,2026-09-21T07:58:36.253+00:00,2026-09-21T07:58:41.632+00:00,True,86,86.0,,86.0,27280.322472,32659.436712,32659.436580999998,379.7608904767442,0.0,27280.322472,2935.602543166654,79.42745375,63.28369694117647,65.11595486338385,2.63323586252794,29,64,,False,True,,312,59.56268577710819
23,2026-09-21T07:58:09.190+00:00,2026-09-21T07:58:37.324+00:00,2026-09-21T07:58:42.251+00:00,True,79,79.0,,79.0,28133.916171,33061.446411,33061.446283,418.4993200379747,0.0,28133.916171,3158.9546973868037,79.898597,63.17346461538462,69.24988831960613,2.389490133550709,29,64,,False,True,,163,59.56268577710819
24,2026-09-21T07:58:09.474+00:00,2026-09-21T07:58:38.654+00:00,2026-09-21T07:58:41.059+00:00,True,39,39.0,,39.0,29180.12834,31585.114196,31585.114039,809.8747189487179,0.0,29180.12834,4663.429784719307,131.6696717,63.28910147368421,98.06581018562065,1.2347588727394576,29,64,,False,True,,117,59.56268577710819
25,2026-09-21T07:58:09.671+00:00,2026-09-21T07:58:40.543+00:00,2026-09-21T07:58:42.697+00:00,True,44,44.0,,44.0,30872.396036,33026.069252,33026.069379,750.5924858863636,0.0,30872.396036,4646.711802868205,75.113036,50.08542362790698,26.470894720638405,1.3322808616509954,29,64,,False,True,,69,59.56268577710819
26,2026-09-21T07:58:09.970+00:00,2026-09-21T07:58:41.562+00:00,2026-09-21T07:58:44.734+00:00,True,50,50.0,,50.0,31591.5223,34763.578876,34763.57893,695.2715786,0.01582,31591.5223,4459.5139804269775,82.53701655,64.73584848979591,93.14903590978149,1.438286897282572,29,64,,False,True,,100,59.56268577710819
27,2026-09-21T07:58:10.321+00:00,2026-09-21T07:58:43.609+00:00,2026-09-21T07:58:45.370+00:00,True,35,35.0,,35.0,33288.614106,35049.275354,35049.275319,1001.4078662571429,0.02247,33288.614106,5618.096516594182,76.074289,51.78415435294118,23.292934033301606,0.9985941120464743,29,64,,False,True,,140,59.56268577710819
28,2026-09-21T07:58:10.574+00:00,2026-09-21T07:58:44.595+00:00,2026-09-21T07:58:46.495+00:00,True,23,23.0,,23.0,34021.385242,35921.820953999995,35921.820929999994,1561.8183013043476,0.0,34021.385242,7077.369153156341,667.0205172000001,86.38344145454545,145.7212348568024,0.6402793452328837,29,64,,False,True,,115,59.56268577710819
29,2026-09-21T07:58:10.842+00:00,2026-09-21T07:58:46.487+00:00,2026-09-21T07:58:47.282+00:00,True,19,19.0,,19.0,35644.425891000006,36439.04477100001,36439.044693,1917.844457526316,0.0,35644.425891000006,8167.330124249584,3635.2388652000013,44.145493333333334,33.701471754929024,0.5214187177354643,29,64,,False,True,,152,59.56268577710819
30,2026-09-21T07:58:11.098+00:00,2026-09-21T07:58:47.383+00:00,2026-09-21T07:58:48.545+00:00,True,19,19.0,,19.0,36285.603478,37447.277718,37447.277648999996,1970.9093499473684,45.003045,36285.603478,8309.688020921893,3698.948788,64.53745777777777,9.906889480333428,0.5073800061804536,29,64,,False,True,,76,59.56268577710819
31,2026-09-21T07:58:11.387+00:00,2026-09-21T07:58:48.758+00:00,2026-09-21T07:58:51.459+00:00,True,44,44.0,,44.0,37371.017411,40072.427971,40072.427851,910.7369966136364,40.157994,37371.017411,5624.429266332965,78.475046,62.82350139534884,9.238637146567447,1.098011830774076,29,64,,False,True,,260,59.56268577710819
32,2026-09-21T07:58:11.660+00:00,2026-09-21T07:58:49.925+00:00,2026-09-21T07:58:55.900+00:00,True,96,96.0,,96.0,38265.520553,44240.141225,44240.141153000004,460.83480367708336,0.0,38265.520553,3900.8158468710576,79.77914325,62.89074391578947,118.33018594031054,2.169974989721566,29,64,,False,True,,393,59.56268577710819
33,2026-09-21T07:58:11.979+00:00,2026-09-21T07:58:51.837+00:00,2026-09-21T07:58:57.675+00:00,True,93,93.0,,93.0,39857.820788000005,45696.439924000006,45696.440074000006,491.3595706881721,0.0,39857.820788000005,4127.943810413657,82.398754,63.463251478260865,110.42458421520817,2.0351694826702666,29,64,,False,True,,93,59.56268577710819
34,2026-09-21T07:58:12.171+00:00,2026-09-21T07:58:53.747+00:00,2026-09-21T07:58:58.815+00:00,True,98,98.0,,98.0,41575.789477,46644.404901,46644.404943,475.96331574489795,0.0,41575.789477,4194.588860672229,78.02609815,52.25376725773196,25.768322014348705,2.1010022575697818,29,64,,False,True,,98,59.56268577710819
35,2026-09-21T07:58:12.433+00:00,2026-09-21T07:58:54.022+00:00,2026-09-21T07:58:57.279+00:00,True,53,53.0,,53.0,41588.986748,44846.350972,44846.350976,846.1575655849057,40.591904,41588.986748,5704.090176948129,78.04644400000001,62.64161969230769,9.641343888888775,1.1818129870385834,29,64,,False,True,,576,59.56268577710819
36,2026-09-21T07:58:12.623+00:00,2026-09-21T07:58:55.020+00:00,2026-09-21T07:58:58.219+00:00,True,52,52.0,,52.0,42397.168122,45596.294394000004,45596.294204000005,876.8518116153847,35.469924,42397.168122,5870.741310705228,80.864201,62.72796611764706,11.343859882819691,1.1404435533875896,29,64,,False,True,,412,59.56268577710819
37,2026-09-21T07:58:13.182+00:00,2026-09-21T07:58:57.781+00:00,2026-09-21T07:58:59.126+00:00,True,22,22.0,,22.0,44598.988990000005,45944.53574200001,45944.535780000006,2088.38799,43.334384,44598.988990000005,9494.880475039381,76.460961,64.07365485714286,9.601130736998106,0.47883822623739764,29,64,,False,True,,44,59.56268577710819
38,2026-09-21T07:58:13.212+00:00,2026-09-21T07:58:58.174+00:00,2026-09-21T07:59:03.532+00:00,True,86,86.0,,86.0,44961.876748,50320.692748,50320.692745,585.1243342441861,0.0,44961.876748,4842.5052440174895,82.0583565,63.04489411764706,95.96028369297485,1.7090384750996512,29,64,,False,True,,1021,59.56268577710819
39,2026-09-21T07:58:13.427+00:00,2026-09-21T07:58:59.643+00:00,2026-09-21T07:59:02.585+00:00,True,47,47.0,,47.0,46215.979149,49158.746509,49158.746684,1045.9307805106382,0.0,46215.979149,6733.202596031154,84.643591,63.97320347826087,130.67775684065342,0.9560862173610393,29,64,,False,True,,94,59.56268577710819
40,2026-09-21T07:58:13.777+00:00,2026-09-21T07:59:01.277+00:00,2026-09-21T07:59:04.138+00:00,True,50,50.0,,50.0,47499.561222000004,50360.846342000004,50360.846459,1007.2169291800001,0.0,47499.561222000004,6709.211693837197,80.458692,58.39357387755102,15.449010309099181,0.9928347839996672,29,64,,False,True,,201,59.56268577710819
41,2026-09-21T07:58:14.000+00:00,2026-09-21T07:59:02.529+00:00,2026-09-21T07:59:06.931+00:00,True,73,73.0,,73.0,48528.538478,52930.486638,52930.486755000005,725.0751610273973,0.016239999999999997,48528.538478,5673.613322881633,80.3738084,61.138168888888885,103.62127834857786,1.3791673690676336,29,64,,False,True,,657,59.56268577710819
42,2026-09-21T07:58:14.278+00:00,2026-09-21T07:59:03.968+00:00,2026-09-21T07:59:10.328+00:00,True,97,97.0,,97.0,49690.213669,56049.817124999994,56049.816978999996,577.8331647319587,0.0,49690.213669,5040.712668863911,88.2259252,66.24586933333333,148.39830170341935,1.7306033271022916,29,64,,False,True,,663,59.56268577710819
43,2026-09-21T07:58:14.530+00:00,2026-09-21T07:59:05.665+00:00,2026-09-21T07:59:07.005+00:00,True,31,31.0,,31.0,51135.238809,52474.731929,52474.731878,1692.7332863870968,0.01551,51135.238809,9176.190188079112,91.9470645,44.64977066666666,30.659560396795822,0.5907605215009768,29,64,,False,True,,272,59.56268577710819
44,2026-09-21T07:58:14.830+00:00,2026-09-21T07:59:06.861+00:00,2026-09-21T07:59:11.248+00:00,True,70,70.0,,70.0,52031.027902,56417.911486000005,56417.911608,805.9701658285715,0.0,52031.027902,6212.5318187347075,84.92540699999999,63.57802295652174,124.70199790461344,1.2407407179078291,29,64,,False,True,,140,59.56268577710819
45,2026-09-21T07:58:15.097+00:00,2026-09-21T07:59:08.404+00:00,2026-09-21T07:59:14.051+00:00,True,89,89.0,,89.0,53307.220023999995,58953.437496,58953.437464999995,662.3981737640449,0.0,53307.220023999995,5644.821637066492,84.779307,64.16156218181818,110.46756218946894,1.509665997102182,29,64,,False,True,,182,59.56268577710819
46,2026-09-21T07:58:15.408+00:00,2026-09-21T07:59:10.327+00:00,2026-09-21T07:59:13.000+00:00,True,52,52.0,,52.0,54918.295052,57592.019980000005,57592.020021000004,1107.5388465576923,0.0,54918.295052,7608.571919866928,78.69513755,52.42597898039216,26.379904109619925,0.9029028677594232,29,64,,False,True,,104,59.56268577710819
47,2026-09-21T07:58:15.690+00:00,2026-09-21T07:59:11.559+00:00,2026-09-21T07:59:17.576+00:00,True,95,95.0,,95.0,55868.702181,61885.749477,61885.749404,651.4289410947368,47.739854,55868.702181,5725.4474117965265,77.969853,64.01114144680851,8.947213041646487,1.5350868463717484,29,64,,False,True,,384,59.56268577710819
48,2026-09-21T07:58:15.922+00:00,2026-09-21T07:59:13.127+00:00,2026-09-21T07:59:15.444+00:00,True,36,36.0,,36.0,57204.280619000005,59521.437483,59521.43743300001,1653.3732620277779,47.471844,57204.280619000005,9523.017168686443,80.755927,66.20448182857143,9.370956771987416,0.6048241024132189,29,64,,False,True,,144,59.56268577710819
49,2026-09-21T07:58:16.131+00:00,2026-09-21T07:59:14.047+00:00,2026-09-21T07:59:19.379+00:00,True,71,71.0,,71.0,57916.210288,63248.68824,63248.688097000006,890.8265929154929,0.01727,57916.210288,6865.612108461104,85.25415200000002,76.17825645714287,132.64607184657686,1.1225529252177895,29,64,,False,True,,568,59.56268577710819
50,2026-09-21T07:58:16.400+00:00,2026-09-21T07:59:15.386+00:00,2026-09-21T07:59:21.312+00:00,True,89,89.0,,89.0,58985.968897,64912.254977,64912.254888999996,729.3511785280899,0.0,58985.968897,6247.558673668108,165.47328280000002,67.34416,166.6184345392372,1.3710816244410993,29,64,,False,True,,178,59.56268577710819
51,2026-09-21T07:58:16.689+00:00,2026-09-21T07:59:16.788+00:00,2026-09-21T07:59:21.313+00:00,True,71,71.0,,71.0,60099.409950999994,64623.823903,64623.824048999995,910.1947049154928,0.0,60099.409950999994,7127.391964713135,259.21281300000004,64.63448502857143,192.9514515138101,1.0986660292119297,29,64,,False,True,,173,59.56268577710819
52,2026-09-21T07:58:16.940+00:00,2026-09-21T07:59:18.219+00:00,2026-09-21T07:59:24.157+00:00,True,94,94.0,,94.0,61279.535170999996,67217.516099,67217.516083,715.0799583297872,0.0,61279.535170999996,6316.217681323099,169.19189500000002,63.849257290322576,171.42849032941228,1.3984450103980925,29,64,,False,True,,95,59.56268577710819
53,2026-09-21T07:58:17.287+00:00,2026-09-21T07:59:19.994+00:00,2026-09-21T07:59:22.249+00:00,True,37,37.0,,37.0,62707.279501000005,64962.400909,64962.400959000006,1755.7405664594596,0.0,62707.279501000005,10300.405106740343,321.8451482,62.64226133333334,189.23813863792256,0.5695602299525533,29,64,,False,True,,148,59.56268577710819
54,2026-09-21T07:58:17.551+00:00,2026-09-21T07:59:21.416+00:00,2026-09-21T07:59:26.023+00:00,True,72,72.0,,72.0,63864.543329,68471.959905,68471.959844,950.9994422777778,42.651944,63864.543329,7518.86718048777,79.779619,64.8931912112676,9.806835090392907,1.0515253265701012,29,64,,False,True,,108,59.56268577710819
55,2026-09-21T07:58:17.860+00:00,2026-09-21T07:59:23.114+00:00,2026-09-21T07:59:27.989+00:00,True,77,77.0,,77.0,65254.566696,70129.43492,70129.434985,910.7718829220779,41.117834,65254.566696,7429.145446975136,80.582659,64.14300294736842,10.39977792373232,1.0979697767112708,29,64,,False,True,,686,59.56268577710819
56,2026-09-21T07:58:18.062+00:00,2026-09-21T07:59:24.361+00:00,2026-09-21T07:59:30.298+00:00,True,93,93.0,,93.0,66299.372365,72236.155981,72236.155977,776.732859967742,42.669714,66299.372365,6868.240296468237,79.910645,64.53025669565217,9.94307826672221,1.2874439224653846,29,64,,False,True,,467,59.56268577710819
57,2026-09-21T07:58:18.373+00:00,2026-09-21T07:59:26.024+00:00,2026-09-21T07:59:29.026+00:00,True,48,48.0,,48.0,67651.38589800001,70653.52759400001,70653.527692,1471.9484935833334,41.220923,67651.38589800001,9755.421063684838,79.121222,63.87535523404256,9.163916271171997,0.6793715987660922,29,64,,False,True,,96,59.56268577710819
58,2026-09-21T07:58:18.673+00:00,2026-09-21T07:59:27.609+00:00,2026-09-21T07:59:32.822+00:00,True,68,68.0,,68.0,68935.768166,74149.39504599999,74149.394875,1090.4322775735293,0.0,68935.768166,8351.720696238814,82.67212599999999,77.81532656716418,157.7323449784592,0.9170674953964884,29,64,,False,True,,137,59.56268577710819
59,2026-09-21T07:58:18.905+00:00,2026-09-21T07:59:28.701+00:00,2026-09-21T07:59:30.297+00:00,True,26,26.0,,26.0,69795.514858,71391.592938,71391.593129,2745.8305049615383,47.658634,69795.514858,13675.508502172705,76.19836875000001,63.8431232,8.51744452466599,0.3641885399948939,29,64,,False,True,,130,59.56268577710819
60,2026-09-21T07:58:19.129+00:00,2026-09-21T07:59:29.909+00:00,2026-09-21T07:59:31.347+00:00,True,24,24.0,,24.0,70780.09926199999,72218.02771,72218.027668,3009.084486166666,40.512894,70780.09926199999,14435.170673432893,83.004983,62.518628173913044,12.251863185187586,0.3323269931487859,29,64,,False,True,,28,59.56268577710819
61,2026-09-21T07:58:19.320+00:00,2026-09-21T07:59:30.943+00:00,2026-09-21T07:59:36.065+00:00,True,79,79.0,,79.0,71622.21716300001,76744.304843,76744.304833,971.4468966202533,0.0,71622.21716300001,8053.8683421512505,292.21937859999997,65.66779076923076,225.88069627685576,1.0293923459416903,29,64,,False,True,,83,59.56268577710819
62,2026-09-21T07:58:19.615+00:00,2026-09-21T07:59:32.816+00:00,2026-09-21T07:59:34.808+00:00,True,19,19.0,,19.0,73200.916166,75192.840902,75192.84080199999,3957.517936947368,0.0,73200.916166,16770.30167704108,8433.4898147,110.66248533333332,282.50842205898766,0.25268363014456385,29,64,,False,True,,109,59.56268577710819
63,2026-09-21T07:58:19.903+00:00,2026-09-21T07:59:34.952+00:00,2026-09-21T07:59:34.952+00:00,True,14,14.0,,14.0,75049.214614,75049.521046,75049.521134,5360.6800809999995,0.019170000000000003,75049.214614,20057.740000682126,26267.2548654,0.023571692307692307,0.00754763193971698,0.18654349561297,29,64,,False,True,,42,59.56268577710819
64,2026-09-21T07:58:20.147+00:00,2026-09-21T07:59:35.556+00:00,2026-09-21T07:59:37.124+00:00,True,28,28.0,,28.0,75409.402032,76977.167536,76977.1675,2749.1845535714283,0.03556,75409.402032,14240.096720246998,129.0867166,58.065389037037036,31.049865953080086,0.36374422307634546,29,64,,False,True,,63,59.56268577710819
65,2026-09-21T07:58:20.441+00:00,2026-09-21T07:59:37.056+00:00,2026-09-21T07:59:37.311+00:00,True,4,4.0,,4.0,76615.12084399999,76869.50113199999,76869.50109699999,19217.375274249996,10.044431000000001,76615.12084399999,38265.21845712577,65148.04162264999,84.79342933333332,79.27397511804573,0.05203624247711997,29,64,,False,True,,16,59.56268577710819
66,2026-09-21T07:58:20.727+00:00,2026-09-21T07:59:38.613+00:00,2026-09-21T07:59:41.376+00:00,True,45,45.0,,45.0,77886.34043099999,80649.07323099999,80649.07320399999,1792.2016267555553,41.889654,77886.34043099999,11601.254049877361,78.338767,62.78938181818182,9.773580591622704,0.5579729338129932,29,64,,False,True,,90,59.56268577710819
67,2026-09-21T07:58:21.063+00:00,2026-09-21T07:59:40.273+00:00,2026-09-21T07:59:44.429+00:00,True,65,65.0,,65.0,79210.275812,83366.15830800001,83366.15833800001,1282.556282123077,40.343983,79210.275812,9816.777779959799,79.31107700000001,64.935664,11.404325962033703,0.779692879211905,29,64,,False,True,,599,59.56268577710819
68,2026-09-21T07:58:21.374+00:00,2026-09-21T07:59:41.705+00:00,2026-09-21T07:59:47.688+00:00,True,94,94.0,,94.0,80330.202466,86313.441378,86313.44135200001,918.2280994893617,0.0,80330.202466,8280.728880696963,80.23634285,64.3359022795699,180.06176693105738,1.0890540163766333,29,64,,False,True,,1222,59.56268577710819
69,2026-09-21T07:58:21.684+00:00,2026-09-21T07:59:43.103+00:00,2026-09-21T07:59:48.508+00:00,True,85,85.0,,85.0,81418.674286,86823.62737399999,86823.62733199999,1021.4544391999999,0.0,81418.674286,8826.131099332035,76.85138620000001,64.34467961904762,189.7256334885098,0.9789961853799939,29,64,,False,True,,343,59.56268577710819
70,2026-09-21T07:58:22.033+00:00,2026-09-21T07:59:45.121+00:00,2026-09-21T07:59:50.297+00:00,True,82,82.0,,82.0,83088.303248,88264.33064,88264.330623,1076.3942758902438,0.0,83088.303248,9170.549463039952,80.46184945,63.90157274074074,194.53475100937246,0.9290276083829372,29,64,,False,True,,166,59.56268577710819
71,2026-09-21T07:58:22.340+00:00,2026-09-21T07:59:47.009+00:00,2026-09-21T07:59:48.236+00:00,True,25,25.0,,25.0,84668.62626199999,85895.87157399999,85895.87146,3435.8348583999996,0.0,84668.62626199999,16923.52227521591,79.9735248,51.135221333333334,29.15444918782336,0.29105007658560517,29,64,,False,True,,115,59.56268577710819
72,2026-09-21T07:58:22.680+00:00,2026-09-21T07:59:48.308+00:00,2026-09-21T07:59:48.509+00:00,True,4,4.0,,4.0,85627.899391,85829.354239,85829.354429,21457.33860725,59.857865,85627.899391,42780.37417139669,72794.45045589999,67.151616,6.3638348995001435,0.046604102238281084,29,64,,False,True,,16,59.56268577710819
73,2026-09-21T07:58:23.302+00:00,2026-09-21T07:59:49.388+00:00,2026-09-21T07:59:52.039+00:00,True,43,43.0,,43.0,86085.90398100001,88736.45118100001,88736.451014,2063.638395674419,44.856303999999994,86085.90398100001,13118.356416397863,77.341241,63.108266666666665,9.05888302750771,0.4845810197242487,29,64,,False,True,,48,59.56268577710819
74,2026-09-21T07:58:23.316+00:00,2026-09-21T07:59:49.719+00:00,2026-09-21T07:59:56.040+00:00,True,100,100.0,,100.0,86403.614509,92723.96343700001,92723.963285,927.23963285,0.01537,86403.614509,8635.224456235223,116.6193015,63.841908363636364,147.50543645657243,1.0784698614392556,29,64,,False,True,,450,59.56268577710819
75,2026-09-21T07:58:23.427+00:00,2026-09-21T07:59:52.253+00:00,2026-09-21T07:59:57.847+00:00,True,88,88.0,,88.0,88825.907141,94420.236741,94420.236773,1072.9572360568181,0.016149999999999998,88825.907141,9463.361849734292,144.72354995,64.30263908045977,160.35168862591397,0.9320035941171058,29,64,,False,True,,198,59.56268577710819
76,2026-09-21T07:58:23.629+00:00,2026-09-21T07:59:54.527+00:00,2026-09-21T07:59:55.728+00:00,True,45,45.0,,45.0,90897.75895999999,92098.56791999999,92098.568026,2046.634845022222,0.01816,90897.75895999999,13546.263589782844,134.85832979999998,27.291112727272726,51.05898984736262,0.48860694597432347,29,64,,False,True,,180,59.56268577710819
77,2026-09-21T07:58:23.980+00:00,2026-09-21T07:59:55.080+00:00,2026-09-21T08:00:02.886+00:00,True,100,100.0,,100.0,91100.617762,98906.10179399999,98906.10192799999,989.06101928,0.0,91100.617762,9104.059360708296,82.5051495,78.84327305050506,186.0434101660497,1.0110599668388343,29,64,,False,True,,400,59.56268577710819
78,2026-09-21T07:58:24.317+00:00,2026-09-21T07:59:56.872+00:00,2026-09-21T07:59:58.140+00:00,True,21,21.0,,21.0,92555.287644,93823.029596,93823.029536,4467.763311238095,48.355784,92555.287644,20183.389789427496,77.817757,63.387097600000004,10.072394768404928,0.22382564377238254,29,64,,False,True,,64,59.56268577710819
79,2026-09-21T07:58:24.651+00:00,2026-09-21T07:59:58.518+00:00,2026-09-21T08:00:04.752+00:00,True,100,100.0,,100.0,93866.493304,100100.42175200001,100100.421873,1001.00421873,0.0,93866.493304,9382.265578567105,78.523271,62.96897422222222,190.42558165117524,0.9989967899211374,29,64,,False,True,,100,59.56268577710819
80,2026-09-21T07:58:24.974+00:00,2026-09-21T08:00:00.093+00:00,2026-09-21T08:00:00.494+00:00,True,7,7.0,,7.0,95119.53485,95519.966466,95519.96655499999,13645.709507857142,52.411724,95119.53485,35926.58068043608,66605.5757501,66.73860266666667,7.453850934250903,0.07328310780439423,29,64,,False,True,,10,59.56268577710819
81,2026-09-21T07:58:25.274+00:00,2026-09-21T08:00:02.873+00:00,2026-09-21T08:00:02.873+00:00,True,9,9.0,,9.0,97598.911133,97598.911133,97598.911133,10844.323459222222,0.0,97598.911133,32532.97037766667,58559.3466798,0.0,0.0,0.09221414353419906,29,64,,False,True,,36,59.56268577710819
82,2026-09-21T07:58:25.569+00:00,2026-09-21T08:00:03.226+00:00,2026-09-21T08:00:08.326+00:00,True,82,82.0,,82.0,97657.321963,102757.662443,102757.662682,1253.1422278292682,41.248533,97657.321963,10777.497974510838,77.67040954999999,62.96716641975309,9.841986158508163,0.7979940186502945,29,64,,False,True,,82,59.56268577710819
83,2026-09-21T07:58:25.778+00:00,2026-09-21T08:00:04.141+00:00,2026-09-21T08:00:05.237+00:00,True,18,18.0,,18.0,98363.19504199999,99458.29136199999,99458.29148799999,5525.460638222222,50.438303999999995,98363.19504199999,23169.2457705186,14820.35039475,64.41743058823529,9.135604963758988,0.18098038638613953,29,64,,False,True,,72,59.56268577710819
84,2026-09-21T07:58:25.984+00:00,2026-09-21T08:00:05.164+00:00,2026-09-21T08:00:11.079+00:00,True,96,96.0,,96.0,99179.98501100001,105094.79486700002,105094.794701,1094.7374448020835,44.645343999999994,99179.98501100001,10116.164311670676,76.87401825,62.26115637894737,9.02334923704478,0.9134610341215309,29,64,,False,True,,382,59.56268577710819
85,2026-09-21T07:58:26.306+00:00,2026-09-21T08:00:06.600+00:00,2026-09-21T08:00:08.971+00:00,True,40,40.0,,40.0,100293.670004,102664.996212,102664.996184,2566.6249046,43.899274,100293.670004,15848.210888839223,78.70144705000001,60.80323610256411,10.072887805437974,0.3896167289326272,29,64,,False,True,,196,59.56268577710819
86,2026-09-21T07:58:26.643+00:00,2026-09-21T08:00:08.645+00:00,2026-09-21T08:00:13.040+00:00,True,70,70.0,,70.0,102001.25476800001,106396.26814400002,106396.26830500002,1519.9466900714287,43.029834,102001.25476800001,12183.87220667353,76.91975000000001,63.69584602898551,9.339912974465198,0.6579178125426337,29,64,,True,True,,165,59.56268577710819
87,2026-09-21T07:58:26.990+00:00,2026-09-21T08:00:10.513+00:00,2026-09-21T08:00:11.563+00:00,True,17,17.0,,17.0,103522.98557700001,104573.21252100001,104573.21272900002,6151.36545464706,50.082674,103522.98557700001,25092.094122888557,20767.719185000005,65.639184,10.227332313643894,0.16256553270357,29,64,,True,True,,27,59.56268577710819
88,2026-09-21T07:58:27.289+00:00,2026-09-21T08:00:11.694+00:00,2026-09-21T08:00:13.206+00:00,True,25,25.0,,25.0,104404.457079,105917.018231,105917.018212,4236.68072848,42.997493999999996,104404.457079,20868.289418198485,78.1990094,63.02338133333333,10.800564055005383,0.2360338349544186,29,64,,True,True,,74,59.56268577710819
89,2026-09-21T07:58:27.482+00:00,2026-09-21T08:00:13.036+00:00,2026-09-21T08:00:14.291+00:00,True,21,21.0,,21.0,105554.282387,106809.480083,106809.480168,5086.165722285714,43.438724,105554.282387,23020.13926596677,76.37813700000001,62.759884799999995,9.310530108990186,0.19661176127513424,29,64,,True,True,,63,59.56268577710819
90,2026-09-21T07:58:27.828+00:00,2026-09-21T08:00:15.051+00:00,2026-09-21T08:00:19.483+00:00,True,71,71.0,,71.0,107223.031678,111654.841982,111654.841964,1572.603407943662,43.304315,107223.031678,12717.522688092782,77.2070815,63.31157577142857,9.713594490525937,0.6358882314431648,29,64,,True,True,,228,59.56268577710819
91,2026-09-21T07:58:28.070+00:00,2026-09-21T08:00:16.211+00:00,2026-09-21T08:00:21.401+00:00,True,82,82.0,,82.0,108141.503165,113331.845309,113331.845191,1382.0956730609757,46.856773000000004,108141.503165,11935.158232190097,76.96596205,64.07829807407407,8.88960334911256,0.7235389115603515,29,64,,True,True,,2,59.56268577710819
92,2026-09-21T07:58:28.311+00:00,2026-09-21T08:00:17.233+00:00,2026-09-21T08:00:22.938+00:00,True,91,91.0,,91.0,108921.77912600001,114626.75858200001,114626.75855000001,1259.6347093406594,45.398783,108921.77912600001,11411.464030174204,77.768991,63.388660622222226,9.63536507648387,0.7938809500130962,29,64,,True,True,,271,59.56268577710819
93,2026-09-21T07:58:28.570+00:00,2026-09-21T08:00:18.654+00:00,2026-09-21T08:00:21.530+00:00,True,46,46.0,,46.0,110083.747028,112959.65666,112959.656611,2455.6447089347826,50.398044,110083.747028,16221.542791983611,79.26942974999999,63.90910293333333,9.416393546450298,0.40722503378756286,29,64,,True,True,,108,59.56268577710819
94,2026-09-21T07:58:28.900+00:00,2026-09-21T08:00:20.272+00:00,2026-09-21T08:00:20.984+00:00,True,12,12.0,,12.0,111371.986962,112084.368146,112084.368104,9340.364008666666,55.381674,111371.986962,32131.62929864162,50160.026665699996,64.76192581818182,8.932961963878698,0.10706220857103747,29,64,,True,True,,45,59.56268577710819
95,2026-09-21T07:58:29.109+00:00,2026-09-21T08:00:21.281+00:00,2026-09-21T08:00:21.791+00:00,True,9,9.0,,9.0,112172.423904,112682.31113599999,112682.311162,12520.256795777777,49.641294,112172.423904,37369.56373857255,67335.6025728,63.735904,9.57335241566094,0.07987056627847829,29,64,,True,True,,36,59.56268577710819
96,2026-09-21T07:58:29.372+00:00,2026-09-21T08:00:22.632+00:00,2026-09-21T08:00:26.840+00:00,True,68,68.0,,68.0,113259.419837,117467.972797,117467.97271999999,1727.4701870588235,43.317883,113259.419837,13727.108177841017,77.47521200000001,62.814223283582095,9.777892456036065,0.5788811910248326,29,64,,True,True,,83,59.56268577710819
97,2026-09-21T07:58:29.605+00:00,2026-09-21T08:00:23.696+00:00,2026-09-21T08:00:28.360+00:00,True,75,75.0,,75.0,114091.01501199999,118755.03702799999,118755.037139,1583.4004951866666,46.904983,114091.01501199999,13166.821030921266,78.224057,63.02732454054054,9.175464128870535,0.6315521587713079,29,64,,True,True,,519,59.56268577710819
98,2026-09-21T07:58:29.858+00:00,2026-09-21T08:00:25.331+00:00,2026-09-21T08:00:31.294+00:00,True,96,96.0,,96.0,115472.621878,121436.258358,121436.25832200001,1264.9610241875,41.650244,115472.621878,11778.971900092094,77.17576349999999,62.77512084210526,9.435958253897677,0.790538190965892,29,64,,True,True,,627,59.56268577710819
99,2026-09-21T07:58:30.054+00:00,2026-09-21T08:00:26.258+00:00,2026-09-21T08:00:30.455+00:00,True,68,68.0,,68.0,116204.780796,120401.721084,120401.72095900001,1770.613543514706,45.319343999999994,116204.780796,14084.306684525276,78.431236,62.64089982089552,9.915042602150818,0.5647759798430025,29,64,,True,True,,209,59.56268577710819
100,2026-09-21T07:58:30.391+00:00,2026-09-21T08:00:27.938+00:00,2026-09-21T08:00:28.867+00:00,True,16,16.0,,16.0,117546.424396,118476.292172,118476.291986,7404.768249125,42.953063,117546.424396,29371.109907019192,29443.800780250003,61.99118506666667,10.03867192206863,0.1350481155906848,29,64,,True,True,,53,59.56268577710819
101,2026-09-21T07:58:30.601+00:00,2026-09-21T08:00:29.013+00:00,2026-09-21T08:00:31.403+00:00,True,40,40.0,,40.0,118411.777355,120802.103883,120802.103883,3020.052597075,42.672713,118411.777355,18712.857334182045,76.65508095,61.29042379487179,9.377796377318544,0.3311200609448081,29,64,,True,True,,80,59.56268577710819
102,2026-09-21T07:58:30.846+00:00,2026-09-21T08:00:30.594+00:00,2026-09-21T08:00:36.800+00:00,True,99,99.0,,99.0,119748.042197,125953.906133,125953.906227,1272.2616790606062,40.945383,119748.042197,12028.770150327651,77.256225,63.32514220408163,9.21743452801936,0.7860018243139022,29,64,,True,True,,1287,59.56268577710819
103,2026-09-21T07:58:31.055+00:00,2026-09-21T08:00:31.406+00:00,2026-09-21T08:00:34.920+00:00,True,55,55.0,,55.0,120350.88900499999,123865.04401299999,123865.043876,2252.0917068363633,46.718694000000006,120350.88900499999,16219.33777772074,78.24327100000001,65.0769445925926,8.503603299362256,0.44403165104617887,29,64,,True,True,,170,59.56268577710819
104,2026-09-21T07:58:31.248+00:00,2026-09-21T08:00:32.455+00:00,2026-09-21T08:00:35.342+00:00,True,46,46.0,,46.0,121207.132243,124093.488723,124093.488707,2697.6845371086956,47.043093999999996,121207.132243,17861.561929538195,77.18173499999999,64.14125511111111,9.29301498588506,0.3706882647378917,29,64,,True,True,,276,59.56268577710819
105,2026-09-21T07:58:31.485+00:00,2026-09-21T08:00:33.426+00:00,2026-09-21T08:00:36.859+00:00,True,56,56.0,,56.0,121940.630991,125373.792719,125373.792866,2238.81772975,47.573853,121940.630991,16286.663386054635,76.20715575,62.42112232727273,9.144686177844921,0.4466643210316902,29,64,,True,True,,179,59.56268577710819
106,2026-09-21T07:58:31.757+00:00,2026-09-21T08:00:34.570+00:00,2026-09-21T08:00:37.651+00:00,True,52,52.0,,52.0,122813.343817,125893.859657,125893.859595,2421.035761442308,45.363103,122813.343817,17022.77238836201,76.79238054999999,60.402271372549016,8.73570967594122,0.41304635620573477,29,64,,True,True,,61,59.56268577710819
107,2026-09-21T07:58:31.982+00:00,2026-09-21T08:00:36.055+00:00,2026-09-21T08:00:41.536+00:00,True,87,87.0,,87.0,124072.953814,129553.298902,129553.298881,1489.1183779425287,43.705363,124072.953814,13295.188565982458,77.5487233,63.72494288372093,9.970482542499141,0.6715382837592638,29,64,,True,True,,957,59.56268577710819
108,2026-09-21T07:58:32.216+00:00,2026-09-21T08:00:37.228+00:00,2026-09-21T08:00:43.111+00:00,True,92,92.0,,92.0,125011.726727,130894.599559,130894.599565,1422.767386576087,41.466383,125011.726727,13026.637080056247,78.18245495000001,64.6469541978022,9.624794237462462,0.7028555823537358,29,64,,True,True,,828,59.56268577710819
109,2026-09-21T07:58:32.431+00:00,2026-09-21T08:00:38.394+00:00,2026-09-21T08:00:38.913+00:00,True,9,9.0,,9.0,125962.617272,126481.2382,126481.23809,14053.470898888889,50.157154000000006,125962.617272,41965.930948538116,75608.61183760001,64.827616,10.076996153401836,0.07115679865316182,29,64,,True,True,,27,59.56268577710819
110,2026-09-21T07:58:32.738+00:00,2026-09-21T08:00:39.893+00:00,2026-09-21T08:00:45.059+00:00,True,80,80.0,,80.0,127155.092911,132321.639087,132321.638965,1654.0204870625,43.459393,127155.092911,14209.062964408533,78.0623975,65.3993186835443,9.684598049901238,0.6045874321992104,29,64,,True,True,,320,59.56268577710819
111,2026-09-21T07:58:33.387+00:00,2026-09-21T08:00:41.948+00:00,2026-09-21T08:00:46.465+00:00,True,71,71.0,,71.0,128561.173726,133077.97833399998,133077.97839099998,1874.3377238169014,43.552303,128561.173726,15249.749681288462,79.463166,64.52578011428571,9.93375085239069,0.533521780905055,29,64,,True,True,,348,59.56268577710819
112,2026-09-21T07:58:33.458+00:00,2026-09-21T08:00:42.644+00:00,2026-09-21T08:00:48.217+00:00,True,87,87.0,,87.0,129186.76007199999,134759.291272,134759.291225,1548.9573704022987,42.555163,129186.76007199999,13843.331018323704,80.226456,64.79687441860465,9.889757018431112,0.6455955591544186,29,64,,True,True,,171,59.56268577710819
113,2026-09-21T07:58:33.559+00:00,2026-09-21T08:00:43.833+00:00,2026-09-21T08:00:46.463+00:00,True,42,42.0,,42.0,130274.191639,132903.542039,132903.541854,3164.3700441428573,44.040953,130274.191639,20091.85079042333,78.51503450000001,64.13049756097561,9.425265812263243,0.31601866553470237,29,64,,True,True,,210,59.56268577710819
114,2026-09-21T07:58:33.825+00:00,2026-09-21T08:00:46.018+00:00,2026-09-21T08:00:46.461+00:00,True,8,8.0,,8.0,132193.00316300002,132635.832987,132635.83296600002,16579.479120750002,55.165454,132193.00316300002,46714.91854164178,85950.15643670002,63.26140342857143,6.116911492112962,0.0603155257507532,29,64,,True,True,,2,59.56268577710819
115,2026-09-21T07:58:34.051+00:00,2026-09-21T08:00:47.265+00:00,2026-09-21T08:00:50.179+00:00,True,47,47.0,,47.0,133213.709522,136127.620818,136127.620658,2896.332354425532,47.736773,133213.709522,19421.97861800979,79.4402743,63.345897739130436,8.820793187681577,0.3452642433443988,29,64,,True,True,,195,59.56268577710819
116,2026-09-21T07:58:34.385+00:00,2026-09-21T08:00:48.856+00:00,2026-09-21T08:00:51.728+00:00,True,46,46.0,,46.0,134471.53884599998,137343.50966199997,137343.50981899997,2985.7284743260866,42.35023399999999,134471.53884599998,19817.33874454048,77.03442,63.82157368888889,8.977130819033825,0.33492663842073944,29,64,,True,True,,76,59.56268577710819
117,2026-09-21T07:58:34.676+00:00,2026-09-21T08:00:50.578+00:00,2026-09-21T08:00:53.038+00:00,True,41,41.0,,41.0,135901.499843,138361.770947,138361.770835,3374.6773374390245,43.012053,135901.499843,21214.64516121181,78.200466,61.5067776,10.280838763048573,0.29632462579353075,29,64,,True,True,,82,59.56268577710819
118,2026-09-21T07:58:35.010+00:00,2026-09-21T08:00:52.269+00:00,2026-09-21T08:00:56.541+00:00,True,69,69.0,,69.0,137259.695445,141531.11304499998,141531.112872,2051.175548869565,43.537622999999996,137259.695445,16516.565709835173,77.7943856,62.81496470588235,8.611999437137996,0.48752531168225444,29,64,,True,True,,345,59.56268577710819
119,2026-09-21T07:58:35.241+00:00,2026-09-21T08:00:53.508+00:00,2026-09-21T08:00:59.345+00:00,True,93,93.0,,93.0,138266.338453,144104.157333,144104.157359,1549.507068376344,45.593593,138266.338453,14330.974144749915,77.108886,63.454553043478256,8.807624946071474,0.645366530162575,29,64,,True,True,,433,59.56268577710819
120,2026-09-21T07:58:35.469+00:00,2026-09-21T08:00:54.645+00:00,2026-09-21T08:00:55.983+00:00,True,23,23.0,,23.0,139176.830753,140514.91894499998,140514.919023,6109.344305347826,47.227163,139176.830753,29007.694070051424,76.312919,60.822190545454546,8.024339587921173,0.16368368691870083,29,64,,True,True,,102,59.56268577710819
121,2026-09-21T07:58:35.685+00:00,2026-09-21T08:00:55.978+00:00,2026-09-21T08:00:57.697+00:00,True,28,28.0,,28.0,140293.14806099999,142012.698013,142012.69803899998,5071.882072821428,47.630984,140293.14806099999,26500.87863539832,79.320733,63.68703525925926,8.986061610162334,0.19716546753753564,29,64,,True,True,,224,59.56268577710819
122,2026-09-21T07:58:35.997+00:00,2026-09-21T08:00:57.433+00:00,2026-09-21T08:01:03.135+00:00,True,90,90.0,,90.0,141435.478656,147137.22816,147137.22821,1634.8580912222221,44.27005200000001,141435.478656,14901.859029633632,78.49629245,64.06460116853933,10.34135804379441,0.6116738851579573,29,64,,True,True,,273,59.56268577710819
123,2026-09-21T07:58:36.260+00:00,2026-09-21T08:00:58.956+00:00,2026-09-21T08:01:04.692+00:00,True,91,91.0,,91.0,142696.754892,148432.180172,148432.180088,1631.12285810989,45.804443,142696.754892,14952.007034336884,77.3094755,63.726947555555554,9.513980436357878,0.6130746034623433,29,64,,True,True,,1072,59.56268577710819
124,2026-09-21T07:58:36.516+00:00,2026-09-21T08:00:59.928+00:00,2026-09-21T08:01:06.022+00:00,True,97,97.0,,97.0,143412.393997,149505.675021,149505.67516,1541.2956202061857,42.039243,143412.393997,14554.881478296451,79.3254002,63.47167733333334,10.323669982096122,0.6488048028034729,29,64,,True,True,,484,59.56268577710819
125,2026-09-21T07:58:36.739+00:00,2026-09-21T08:01:01.205+00:00,2026-09-21T08:01:05.906+00:00,True,75,75.0,,75.0,144466.635439,149167.221935,149167.221759,1988.89629012,44.362642,144466.635439,16674.238284799812,77.6157124,63.52143913513514,9.963559492856971,0.5027914244637568,29,64,,True,True,,225,59.56268577710819
126,2026-09-21T07:58:36.973+00:00,2026-09-21T08:01:02.455+00:00,2026-09-21T08:01:05.199+00:00,True,45,45.0,,45.0,145481.66364800002,148225.618592,148225.61845200002,3293.902632266667,42.123433,145481.66364800002,21677.831710623916,78.32774,62.362612363636366,9.923522958119513,0.30359124439794194,29,64,,True,True,,135,59.56268577710819
127,2026-09-21T07:58:37.278+00:00,2026-09-21T08:01:03.972+00:00,2026-09-21T08:01:10.180+00:00,True,100,100.0,,100.0,146694.254189,152902.059629,152902.05969,1529.0205969,40.300762999999996,146694.254189,14663.15836296306,77.72165700000001,62.70510545454545,10.116637027907668,0.6540134269128812,29,64,,True,True,,200,59.56268577710819
128,2026-09-21T07:58:37.517+00:00,2026-09-21T08:01:05.327+00:00,2026-09-21T08:01:07.809+00:00,True,41,41.0,,41.0,147810.431745,150291.744769,150291.74477000002,3665.6523114634147,45.408902999999995,147810.431745,23074.42490346888,77.136326,62.0328256,8.786872023488224,0.2728027415146283,29,64,,True,True,,141,59.56268577710819
129,2026-09-21T07:58:37.768+00:00,2026-09-21T08:01:06.758+00:00,2026-09-21T08:01:08.185+00:00,True,24,24.0,,24.0,148990.507595,150417.113675,150417.11373,6267.37973875,45.911263,148990.507595,30399.899970956936,75.5581783,62.02635130434783,8.118338263678229,0.15955631253406313,29,64,,True,True,,175,59.56268577710819
130,2026-09-21T07:58:38.067+00:00,2026-09-21T08:01:08.548+00:00,2026-09-21T08:01:13.510+00:00,True,79,79.0,,79.0,150481.728377,155442.995833,155442.995845,1967.6328587974683,44.799073,150481.728377,16923.364389381353,80.109904,63.60599302564103,10.847588331061623,0.5082248934836122,29,64,,True,True,,829,59.56268577710819
131,2026-09-21T07:58:38.307+00:00,2026-09-21T08:01:09.835+00:00,2026-09-21T08:01:16.152+00:00,True,99,99.0,,99.0,151527.763007,157844.833343,157844.833506,1594.3922576363636,41.495923000000005,151527.763007,15222.637894385998,77.663398,64.45990138775511,9.874592745158715,0.6271982294464526,29,64,,True,True,,199,59.56268577710819
132,2026-09-21T07:58:38.649+00:00,2026-09-21T08:01:11.831+00:00,2026-09-21T08:01:15.627+00:00,True,60,60.0,,60.0,153181.79866,156977.941252,156977.941332,2616.2990222,46.493123,153181.79866,19767.38177089998,83.12730545000001,64.34139986440678,11.05400020492768,0.3822193075120073,29,64,,True,True,,178,59.56268577710819
133,2026-09-21T07:58:38.983+00:00,2026-09-21T08:01:13.508+00:00,2026-09-21T08:01:17.312+00:00,True,60,60.0,,60.0,154525.05925999998,158328.60178799997,158328.601622,2638.810027033333,46.498353,154525.05925999998,19940.778714020307,77.45594905,64.46682250847458,8.951496699907546,0.37895869301201346,29,64,,True,True,,121,59.56268577710819
134,2026-09-21T07:58:39.240+00:00,2026-09-21T08:01:15.078+00:00,2026-09-21T08:01:17.545+00:00,True,40,40.0,,40.0,155837.30264100002,158304.673137,158304.67315400002,3957.6168288500003,46.328973,155837.30264100002,24630.039516380577,77.7141115,63.26591015384615,9.262615559710863,0.2526773165147387,29,64,,True,True,,95,59.56268577710819
135,2026-09-21T07:58:39.554+00:00,2026-09-21T08:01:16.646+00:00,2026-09-21T08:01:17.044+00:00,True,7,7.0,,7.0,157092.56142399998,157490.3332,157490.333063,22498.619009,56.141484,157092.56142399998,59350.35029472041,109987.02613029997,66.295296,7.165012665728149,0.044447172456677495,29,64,,True,True,,21,59.56268577710819
136,2026-09-21T07:58:39.832+00:00,2026-09-21T08:01:17.982+00:00,2026-09-21T08:01:21.252+00:00,True,53,53.0,,53.0,158150.524854,161419.91006999998,161419.910007,3045.658679377358,41.530324,158150.524854,21715.011791007026,78.68981720000001,62.87279261538462,11.035875575921311,0.32833620076368814,29,64,,True,True,,63,59.56268577710819
137,2026-09-21T07:58:40.117+00:00,2026-09-21T08:01:19.503+00:00,2026-09-21T08:01:24.864+00:00,True,86,86.0,,86.0,159386.160848,164747.384528,164747.384396,1915.6672604186047,42.371334000000004,159386.160848,17180.25307815337,76.05421900000002,63.07321976470588,9.695684911033585,0.5220113220394323,29,64,,True,True,,175,59.56268577710819
138,2026-09-21T07:58:40.323+00:00,2026-09-21T08:01:20.625+00:00,2026-09-21T08:01:24.167+00:00,True,56,56.0,,56.0,160302.35207,163844.447174,163844.447097,2925.793698160714,43.646573,160302.35207,21412.699098317746,77.104624,64.40172916363636,10.001589087693842,0.3417875977238884,29,64,,True,True,,164,59.56268577710819
139,2026-09-21T07:58:40.602+00:00,2026-09-21T08:01:22.267+00:00,2026-09-21T08:01:24.222+00:00,True,31,31.0,,31.0,161665.382456,163619.849272,163619.84922099998,5278.059652290322,42.059582999999996,161665.382456,29024.260534104444,78.34032499999999,65.14889386666667,10.330849483310606,0.18946356531881356,29,64,,True,True,,31,59.56268577710819
140,2026-09-21T07:58:40.888+00:00,2026-09-21T08:01:23.503+00:00,2026-09-21T08:01:26.642+00:00,True,51,51.0,,51.0,162615.191222,165753.726134,165753.725982,3250.073058470588,40.919863,162615.191222,22761.893531192654,77.151538,62.77069824,9.20431257773077,0.30768539078735496,29,64,,True,True,,255,59.56268577710819
141,2026-09-21T07:58:41.159+00:00,2026-09-21T08:01:25.001+00:00,2026-09-21T08:01:27.444+00:00,True,40,40.0,,40.0,163841.688667,166284.673627,166284.673757,4157.1168439250005,44.570631999999996,163841.688667,25895.743317238244,81.5536909,62.64064,10.51174294820665,0.24055133361073097,29,64,,True,True,,160,59.56268577710819
142,2026-09-21T07:58:41.416+00:00,2026-09-21T08:01:26.282+00:00,2026-09-21T08:01:31.216+00:00,True,80,80.0,,80.0,164866.425198,169800.61348600002,169800.613585,2122.5076698125004,42.104682999999994,164866.425198,18425.646212829797,77.30751649999999,62.458079594936706,9.738658472854354,0.471140818384593,29,64,,True,True,,80,59.56268577710819
143,2026-09-21T07:58:41.644+00:00,2026-09-21T08:01:27.439+00:00,2026-09-21T08:01:29.957+00:00,True,41,41.0,,41.0,165794.999377,168312.797777,168312.797923,4105.190193243902,43.881381999999995,165794.999377,25883.000253414593,76.909284,62.94496,9.911147452708327,0.24359407330583074,29,64,,True,True,,164,59.56268577710819
144,2026-09-21T07:58:41.888+00:00,2026-09-21T08:01:28.391+00:00,2026-09-21T08:01:30.403+00:00,True,33,33.0,,33.0,166503.550593,168514.718593,168514.71854099998,5106.506622454545,45.469722999999995,166503.550593,28973.6085284842,75.22668239999999,62.849,8.950423407518954,0.19582859156476556,29,64,,True,True,,33,59.56268577710819
145,2026-09-21T07:58:42.230+00:00,2026-09-21T08:01:30.148+00:00,2026-09-21T08:01:36.069+00:00,True,95,95.0,,95.0,167917.721412,173838.829892,173838.82988200002,1829.8824198105265,42.745382,167917.721412,17221.534452835498,77.688745,62.99051574468085,9.20397794140991,0.546483199748987,29,64,,True,True,,380,59.56268577710819
146,2026-09-21T07:58:42.552+00:00,2026-09-21T08:01:31.892+00:00,2026-09-21T08:01:33.941+00:00,True,34,34.0,,34.0,169339.48909299998,171388.913477,171388.913614,5040.850400411764,43.804393,169339.48909299998,29030.833329598805,75.525853,62.10376921212121,8.653554369038451,0.19837922599680127,29,64,,True,True,,49,59.56268577710819
147,2026-09-21T07:58:42.768+00:00,2026-09-21T08:01:33.290+00:00,2026-09-21T08:01:39.213+00:00,True,93,93.0,,93.0,170521.950286,176444.728142,176444.728056,1897.2551403870968,42.209202,170521.950286,17675.62897925606,75.555454,64.37802017391304,8.735406080344804,0.5270772381771306,29,64,,True,True,,323,59.56268577710819
149,2026-09-21T07:58:43.549+00:00,2026-09-21T08:01:34.412+00:00,2026-09-21T08:01:35.396+00:00,True,16,16.0,,16.0,170863.775915,171847.558059,171847.558048,10740.472378,47.503932999999996,170863.775915,42699.54847648466,42771.923149250004,65.58547626666666,8.904763007540943,0.09310577456391181,29,64,,True,True,,58,59.56268577710819
148,2026-09-21T07:58:43.488+00:00,2026-09-21T08:01:34.765+00:00,2026-09-21T08:01:38.320+00:00,True,56,56.0,,56.0,171277.635311,174832.449007,174832.448863,3122.008015410714,40.004822,171277.635311,22879.3018769612,78.3811665,64.63297629090908,9.795650373089714,0.3203066725774565,29,64,,True,True,,312,59.56268577710819
150,2026-09-21T07:58:43.614+00:00,2026-09-21T08:01:35.536+00:00,2026-09-21T08:01:39.608+00:00,True,65,65.0,,65.0,171922.05409,175993.753802,175993.75392299998,2707.5962142,42.175641999999996,171922.05409,21316.417155418927,77.099642,63.620308,9.15349006825912,0.36933128929750314,29,64,,True,True,,277,59.56268577710819
151,2026-09-21T07:58:43.807+00:00,2026-09-21T08:01:38.434+00:00,2026-09-21T08:01:40.168+00:00,True,28,28.0,,28.0,174627.17912599997,176360.66494999998,176360.66514899998,6298.595183892856,47.714003,174627.17912599997,32989.30273092785,75.445997,64.20317866666666,8.786932195737592,0.15876556151530888,29,64,,True,True,,90,59.56268577710819
152,2026-09-21T07:58:44.024+00:00,2026-09-21T08:01:39.335+00:00,2026-09-21T08:01:44.432+00:00,True,83,83.0,,83.0,175311.416502,180408.794038,180408.79411800002,2173.59992913253,41.659042,175311.416502,19236.10692203182,77.9353807,62.16314068292682,9.49170329052835,0.4600662647438211,29,64,,True,True,,482,59.56268577710819
153,2026-09-21T07:58:44.224+00:00,2026-09-21T08:01:40.334+00:00,2026-09-21T08:01:41.307+00:00,True,16,16.0,,16.0,176110.327405,177083.15914899998,177083.15906099998,11067.697441312499,52.919233,176110.327405,44011.368733012474,44083.63278175,64.8554496,8.369216589735204,0.09035303005034714,29,64,,True,True,,84,59.56268577710819
154,2026-09-21T07:58:44.427+00:00,2026-09-21T08:01:41.233+00:00,2026-09-21T08:01:46.268+00:00,True,83,83.0,,83.0,176806.260713,181841.004521,181841.00448499998,2190.8554757228917,42.230573,176806.260713,19400.27128930763,75.1698859,61.39931473170732,9.650293762117032,0.456442705090835,29,64,,True,True,,94,59.56268577710819
155,2026-09-21T07:58:44.632+00:00,2026-09-21T08:01:42.220+00:00,2026-09-21T08:01:44.299+00:00,True,35,35.0,,35.0,177588.72938499998,179667.804713,179667.804728,5133.365849371428,42.524772,177588.72938499998,30007.63932614523,73.7654593,61.14927435294118,9.28347565982572,0.19480396087606647,29,64,,True,True,,45,59.56268577710819
156,2026-09-21T07:58:44.898+00:00,2026-09-21T08:01:43.611+00:00,2026-09-21T08:01:43.806+00:00,True,4,4.0,,4.0,178712.835283,178907.221971,178907.221865,44726.80546625,55.370193,178712.835283,89324.02020792125,151917.03700465,64.79556266666667,9.404994338779227,0.022357957135170213,29,64,,True,True,,13,59.56268577710819
157,2026-09-21T07:58:45.166+00:00,2026-09-21T08:01:44.934+00:00,2026-09-21T08:01:51.136+00:00,True,99,99.0,,99.0,179767.662316,185970.1171,185970.116902,1878.4860293131314,42.109372,179767.662316,18060.971355738577,76.7443111,63.29035493877551,9.391294260664026,0.5323435912381861,29,64,,True,True,,297,59.56268577710819
158,2026-09-21T07:58:45.415+00:00,2026-09-21T08:01:46.324+00:00,2026-09-21T08:01:48.159+00:00,True,29,29.0,,29.0,180908.734036,182743.67061200002,182743.670565,6301.505881551724,49.806992,180908.734036,33581.74016156972,79.3947746,65.53344914285714,7.790021801147517,0.1586922266740093,29,64,,True,True,,58,59.56268577710819
159,2026-09-21T07:58:45.735+00:00,2026-09-21T08:01:47.888+00:00,2026-09-21T08:01:50.322+00:00,True,40,40.0,,40.0,182153.400987,184587.596699,184587.596589,4614.689914725,47.483053,182153.400987,28791.11399974172,76.179602,62.41527466666666,8.377211995503105,0.21669928378354958,29,64,,True,True,,86,59.56268577710819
160,2026-09-21T07:58:45.944+00:00,2026-09-21T08:01:49.135+00:00,2026-09-21T08:01:50.655+00:00,True,25,25.0,,25.0,183191.537673,184711.73146500002,184711.731556,7388.469262240001,49.248193,183191.537673,36625.64020514544,77.65221600000001,63.341408,8.534459095997937,0.1353460324458986,29,64,,True,True,,49,59.56268577710819
161,2026-09-21T07:58:46.160+00:00,2026-09-21T08:01:50.514+00:00,2026-09-21T08:01:53.204+00:00,True,43,43.0,,43.0,184353.91535499998,187044.22626699996,187044.22620999996,4349.865725813953,46.517042000000004,184353.91535499998,28103.941676163024,78.19888780000001,64.05502171428572,9.132000632246772,0.22989215362691176,29,64,,True,True,,49,59.56268577710819
163,2026-09-21T07:58:46.659+00:00,2026-09-21T08:01:52.250+00:00,2026-09-21T08:01:55.988+00:00,True,60,60.0,,60.0,185590.804997,189328.805381,189328.805249,3155.480087483333,44.884231,185590.804997,23951.492446346812,76.81486450000001,63.355938711864404,9.270872528885441,0.31690898740557555,29,64,,True,True,,126,59.56268577710819
164,2026-09-21T07:58:46.945+00:00,2026-09-21T08:01:53.983+00:00,2026-09-21T08:01:54.179+00:00,True,4,4.0,,4.0,187037.630972,187233.28383600002,187233.283912,46808.320978,48.823262,187037.630972,93486.20738215071,158993.06623730002,65.21762133333334,14.205295483904774,0.021363722934559275,29,64,,True,True,,16,59.56268577710819
165,2026-09-21T07:58:47.293+00:00,2026-09-21T08:01:55.792+00:00,2026-09-21T08:02:01.521+00:00,True,92,92.0,,92.0,188498.603092,194227.909972,194227.910142,2111.172936326087,44.701043,188498.603092,19645.77575195689,75.34704705,62.959416263736266,8.544932802750699,0.4736703392074948,29,64,,True,True,,276,59.56268577710819
162,2026-09-21T07:58:46.455+00:00,2026-09-21T08:01:56.472+00:00,2026-09-21T08:01:56.965+00:00,True,9,9.0,,9.0,190017.235786,190510.21345,190510.213503,21167.801500333335,47.030873,190017.235786,63318.538527180586,114040.38839720002,61.622208,9.847652473942349,0.04724156168331667,29,64,,True,True,,41,59.56268577710819
166,2026-09-21T07:58:47.556+00:00,2026-09-21T08:01:57.119+00:00,2026-09-21T08:01:58.619+00:00,True,25,25.0,,25.0,189563.427917,191063.621965,191063.622038,7642.54488152,44.684272,189563.427917,37900.18484032339,75.59982,62.508085333333334,8.317308405626816,0.13084646749018305,29,64,,True,True,,57,59.56268577710819
167,2026-09-21T07:58:47.807+00:00,2026-09-21T08:01:58.422+00:00,2026-09-21T08:01:58.561+00:00,True,3,3.0,,3.0,190615.35284099999,190754.13223299998,190754.13207899997,63584.71069299999,61.177553,190615.35284099999,110011.76346572193,171561.57772539995,69.389696,11.613657538709843,0.01572705117777264,29,64,,True,True,,27,59.56268577710819
168,2026-09-21T07:58:48.032+00:00,2026-09-21T08:01:59.598+00:00,2026-09-21T08:02:03.173+00:00,True,59,59.0,,59.0,191566.025983,195141.635071,195141.635125,3307.4853411016948,46.733171999999996,191566.025983,24931.74792719318,77.23433010000001,61.648432551724134,8.913693225111457,0.30234449956583354,29,64,,True,True,,221,59.56268577710819
169,2026-09-21T07:58:48.316+00:00,2026-09-21T08:02:01.172+00:00,2026-09-21T08:02:04.907+00:00,True,61,61.0,,61.0,192855.593207,196590.473207,196590.473129,3222.7946414590165,42.952192000000004,192855.593207,24684.659854594218,75.549024,62.248,8.56831986253513,0.3102897053193927,29,64,,True,True,,427,59.56268577710819
170,2026-09-21T07:58:48.631+00:00,2026-09-21T08:02:03.228+00:00,2026-09-21T08:02:05.272+00:00,True,33,33.0,,33.0,194596.05159599998,196640.73357999997,196640.73353699996,5958.810107181817,42.810493,194596.05159599998,33863.7025853594,76.2647346,63.896312,8.299580866318772,0.16781873927750837,29,64,,True,True,,198,59.56268577710819
171,2026-09-21T07:58:48.957+00:00,2026-09-21T08:02:04.829+00:00,2026-09-21T08:02:07.496+00:00,True,44,44.0,,44.0,195871.958789,198538.895621,198538.89565299999,4512.247628477273,45.356913,195871.958789,29519.459721458334,76.366111,62.021786790697675,7.882567838428651,0.22161904276930006,29,64,,True,True,,52,59.56268577710819
172,2026-09-21T07:58:49.212+00:00,2026-09-21T08:02:06.204+00:00,2026-09-21T08:02:10.043+00:00,True,62,62.0,,62.0,196992.190356,200831.233172,200831.233294,3239.2134402258066,43.134523,196992.190356,25010.041873024486,76.0294945,62.93512813114754,8.584973470478285,0.3087169212714075,29,64,,True,True,,248,59.56268577710819
173,2026-09-21T07:58:49.435+00:00,2026-09-21T08:02:07.422+00:00,2026-09-21T08:02:11.028+00:00,True,58,58.0,,58.0,197986.874049,201592.937409,201592.937474,3475.7403012758623,44.341602,197986.874049,25988.644462629363,75.81362365000001,63.264269473684216,8.241712096902912,0.28770849190181313,29,64,,True,True,,406,59.56268577710819
174,2026-09-21T07:58:49.768+00:00,2026-09-21T08:02:09.130+00:00,2026-09-21T08:02:15.048+00:00,True,96,96.0,,96.0,199362.100116,205279.952276,205279.952307,2138.33283653125,43.921021,199362.100116,20340.95314319166,75.15440724999999,62.29318063157894,8.543791588383273,0.4676540448086596,29,64,,True,True,,387,59.56268577710819
175,2026-09-21T07:58:49.987+00:00,2026-09-21T08:02:10.303+00:00,2026-09-21T08:02:11.727+00:00,True,24,24.0,,24.0,200316.551148,201740.553964,201740.554024,8405.856417666666,42.790163,200316.551148,40876.80784253855,75.68153015,61.91316591304348,9.411022237632858,0.11896467779246175,29,64,,True,True,,78,59.56268577710819
176,2026-09-21T07:58:50.261+00:00,2026-09-21T08:02:12.129+00:00,2026-09-21T08:02:16.532+00:00,True,70,70.0,,70.0,201867.428037,206270.821829,206270.821716,2946.7260245142857,42.649642,201867.428037,24120.1467248124,75.7003471,63.81730133333333,9.445884967937625,0.33935967956743057,29,64,,True,True,,121,59.56268577710819
177,2026-09-21T07:58:50.477+00:00,2026-09-21T08:02:13.269+00:00,2026-09-21T08:02:19.242+00:00,True,95,95.0,,95.0,202791.87664700003,208765.48611900004,208765.48630000002,2197.5314347368426,42.896232000000005,202791.87664700003,20799.489889338343,78.01885229999999,63.54903693617021,9.921857268899737,0.4550560620247751,29,64,,True,True,,194,59.56268577710819
178,2026-09-21T07:58:50.763+00:00,2026-09-21T08:02:14.821+00:00,2026-09-21T08:02:17.601+00:00,True,44,44.0,,44.0,204057.68345100002,206837.549051,206837.549081,4700.853388204546,52.050892999999995,204057.68345100002,30753.108160988155,77.90816985,64.64803720930233,7.795449279069743,0.21272733215936004,29,64,,True,True,,145,59.56268577710819
179,2026-09-21T07:58:50.977+00:00,2026-09-21T08:02:16.139+00:00,2026-09-21T08:02:22.046+00:00,True,94,94.0,,94.0,205162.383481,211069.59346499998,211069.59341,2245.421206489362,41.481072999999995,205162.383481,21154.33478698631,78.00761665,63.51838692473118,9.438040226238112,0.44535074170021216,29,64,,True,True,,188,59.56268577710819
180,2026-09-21T07:58:51.287+00:00,2026-09-21T08:02:17.731+00:00,2026-09-21T08:02:23.305+00:00,True,90,90.0,,90.0,206444.94836399998,212018.95284399998,212018.952806,2355.7661422888887,41.386333,206444.94836399998,21754.608649883372,78.19438389999999,62.629263820224715,9.563259164268745,0.42449035236118965,29,64,,True,True,,180,59.56268577710819
181,2026-09-21T07:58:51.638+00:00,2026-09-21T08:02:19.566+00:00,2026-09-21T08:02:22.123+00:00,True,41,41.0,,41.0,207927.974366,210485.82806200002,210485.828075,5133.800684756098,47.461883,207927.974366,32462.908372102826,78.759974,63.9463424,8.76763522356521,0.19478746088274965,29,64,,True,True,,282,59.56268577710819
182,2026-09-21T07:58:51.908+00:00,2026-09-21T08:02:21.072+00:00,2026-09-21T08:02:26.701+00:00,True,91,91.0,,91.0,209164.84441100003,214793.89785100002,214793.89777500002,2360.3725030219784,41.082332,209164.84441100003,21919.879093750922,78.8902595,62.545038222222225,9.690073376837622,0.4236619424967353,29,64,,True,True,,189,59.56268577710819
183,2026-09-21T07:58:52.259+00:00,2026-09-21T08:02:22.946+00:00,2026-09-21T08:02:25.101+00:00,True,36,36.0,,36.0,210687.078556,212842.648988,212842.648862,5912.295801722222,43.038832,210687.078556,35104.249792674906,76.092854,61.58772662857143,9.769251447016227,0.16913903379406667,29,64,,True,True,,53,59.56268577710819
184,2026-09-21T07:58:52.486+00:00,2026-09-21T08:02:23.903+00:00,2026-09-21T08:02:29.714+00:00,True,95,95.0,,95.0,211417.511884,217228.7979,217228.798072,2286.618927073684,44.920892,211417.511884,21684.638411251788,78.399254,61.82219165957447,9.797965048736362,0.4373269148399591,29,64,,True,True,,1045,59.56268577710819
185,2026-09-21T07:58:52.780+00:00,2026-09-21T08:02:25.471+00:00,2026-09-21T08:02:26.505+00:00,True,17,17.0,,17.0,212691.381588,213725.638484,213725.63855399998,12572.09638552941,46.365084,212691.381588,51569.56017174053,42601.17713679999,64.641056,9.134470056305416,0.07954122921603839,29,64,,True,True,,153,59.56268577710819
186,2026-09-21T07:58:53.711+00:00,2026-09-21T08:02:26.505+00:00,2026-09-21T08:02:31.958+00:00,True,89,89.0,,89.0,212793.629037,218246.597485,218246.597423,2452.2089598089888,40.676462,212793.629037,22549.51333620898,78.6227364,61.96555054545455,9.800496135917571,0.40779559006007843,29,64,,True,True,,178,59.56268577710819
188,2026-09-21T07:58:53.803+00:00,2026-09-21T08:02:29.149+00:00,2026-09-21T08:02:35.139+00:00,True,94,94.0,,94.0,215346.151155,221336.197619,221336.197435,2354.640398244681,41.713572,215346.151155,22204.618419005797,79.3419915,64.40910176344086,9.82497763376351,0.42469329920363114,29,64,,True,True,,564,59.56268577710819
187,2026-09-21T07:58:53.782+00:00,2026-09-21T08:02:29.414+00:00,2026-09-21T08:02:32.926+00:00,True,56,56.0,,56.0,215632.166607,219143.598031,219143.59805,3913.2785366071425,43.868790999999995,215632.166607,28806.530358908756,78.48242775,63.84420770909091,9.623478882417672,0.25554020515843795,29,64,,True,True,,393,59.56268577710819
189,2026-09-21T07:58:53.977+00:00,2026-09-21T08:02:31.374+00:00,2026-09-21T08:02:32.218+00:00,True,14,14.0,,14.0,217396.708504,218240.846744,218240.846844,15588.631917428573,41.232031,217396.708504,58084.361089999744,76138.83125585,64.93371076923077,11.515976092908307,0.06414931122596965,29,64,,True,True,,41,59.56268577710819
190,2026-09-21T07:58:54.207+00:00,2026-09-21T08:02:32.928+00:00,2026-09-21T08:02:35.828+00:00,True,46,46.0,,46.0,218721.80927599999,221621.436028,221621.43603699998,4817.8573051521735,41.999860999999996,218721.80927599999,32239.27252462714,78.73632649999999,64.43615004444445,10.598147022382241,0.20756114942865134,29,64,,True,True,,211,59.56268577710819
191,2026-09-21T07:58:54.559+00:00,2026-09-21T08:02:34.805+00:00,2026-09-21T08:02:40.154+00:00,True,86,86.0,,86.0,220246.804664,225595.692472,225595.692402,2623.205725604651,42.073582,220246.804664,23743.040173240315,77.083313,62.92809185882353,10.158730845597603,0.38121295250650217,29,64,,True,True,,302,59.56268577710819
192,2026-09-21T07:58:54.796+00:00,2026-09-21T08:02:36.186+00:00,2026-09-21T08:02:40.833+00:00,True,75,75.0,,75.0,221389.856347,226037.120091,226037.12026,3013.8282701333333,41.465401,221389.856347,25556.64851277504,77.61068499999999,62.8008614054054,8.816888184839556,0.33180390888808814,29,64,,True,True,,300,59.56268577710819
193,2026-09-21T07:58:55.080+00:00,2026-09-21T08:02:37.469+00:00,2026-09-21T08:02:37.469+00:00,True,1,1.0,,1.0,222388.451483,222388.451483,222388.451483,222388.451483,222388.451483,222388.451483,nan,222388.451483,nan,nan,0.004496636373568359,29,64,,True,True,,3,59.56268577710819
194,2026-09-21T07:58:55.301+00:00,2026-09-21T08:02:38.543+00:00,2026-09-21T08:02:39.791+00:00,True,21,21.0,,21.0,223242.395438,224490.318894,224490.319102,10690.015195333333,52.321451,223242.395438,48701.869072029935,75.766363,62.396172799999995,7.100877256847054,0.09354523662071948,29,64,,True,True,,126,59.56268577710819
195,2026-09-21T07:58:55.589+00:00,2026-09-21T08:02:39.859+00:00,2026-09-21T08:02:43.379+00:00,True,56,56.0,,56.0,224270.042854,227790.16087,227790.160778,4067.6814424642857,43.143721,224270.042854,29960.794123587835,81.39717300000001,64.00214574545454,10.130025222631222,0.24584029347939765,29,64,,True,True,,504,59.56268577710819
196,2026-09-21T07:58:55.830+00:00,2026-09-21T08:02:41.047+00:00,2026-09-21T08:02:46.863+00:00,True,93,93.0,,93.0,225217.811891,231033.255859,231033.25594499998,2484.228558548387,43.373621,225217.811891,23347.446751507487,77.78729460000001,63.21134747826087,10.398792035000772,0.4025394511029099,29,64,,True,True,,248,59.56268577710819
197,2026-09-21T07:58:56.165+00:00,2026-09-21T08:02:43.021+00:00,2026-09-21T08:02:43.696+00:00,True,12,12.0,,12.0,226855.94739500002,227530.68889900003,227530.68876900003,18960.89073075,49.845482000000004,226855.94739500002,65469.96413031992,102125.80221085,61.34013672727273,7.112779717378306,0.052740138299878975,29,64,,True,True,,44,59.56268577710819
198,2026-09-21T07:58:56.370+00:00,2026-09-21T08:02:44.062+00:00,2026-09-21T08:02:49.824+00:00,True,93,93.0,,93.0,227692.00711,233453.563334,233453.56341200002,2510.2533700215054,43.505201,227692.00711,23604.069169196122,76.9917542,62.625611130434784,9.466637650175857,0.39836616186896967,29,64,,True,True,,250,59.56268577710819
199,2026-09-21T07:58:56.634+00:00,2026-09-21T08:02:45.611+00:00,2026-09-21T08:02:49.017+00:00,True,55,55.0,,55.0,228977.80952799998,232383.570552,232383.570327,4225.155824127272,44.924712,228977.80952799998,30866.858471790343,76.90672,63.06964859259259,8.841128763178036,0.2366776612879901,29,64,,True,True,,55,59.56268577710819
200,2026-09-21T07:58:56.968+00:00,2026-09-21T08:02:47.198+00:00,2026-09-21T08:02:50.595+00:00,True,55,55.0,,55.0,230230.222868,233626.78222800003,233626.782217,4247.759676672727,46.470771,230230.222868,31035.75681553967,79.03594130000002,62.89924740740741,8.819054621910443,0.2354182147932194,29,64,,True,True,,166,59.56268577710819
201,2026-09-21T07:58:57.195+00:00,2026-09-21T08:02:48.299+00:00,2026-09-21T08:02:48.356+00:00,True,2,2.0,,2.0,231103.591793,231160.879217,231160.879105,115580.4395525,57.287312,231103.591793,163374.4086666069,219551.27656895,57.287424,nan,0.008651983011894153,29,64,,True,True,,12,59.56268577710819
202,2026-09-21T07:58:57.533+00:00,2026-09-21T08:02:50.073+00:00,2026-09-21T08:02:50.524+00:00,True,8,8.0,,8.0,232540.50508,232991.53612,232991.536116,29123.9420145,40.809621,232540.50508,82192.70453410984,151179.08601904998,64.43300571428571,13.987962708964659,0.034336011226947225,29,64,,True,True,,34,59.56268577710819
203,2026-09-21T07:58:57.804+00:00,2026-09-21T08:02:51.499+00:00,2026-09-21T08:02:53.430+00:00,True,31,31.0,,31.0,233695.232912,235625.91784,235625.91768,7600.836054193549,47.776272,233695.232912,41961.34499006254,75.95670750000001,64.35616426666667,8.375659204808604,0.13156447424875525,29,64,,True,True,,154,59.56268577710819
204,2026-09-21T07:58:58.102+00:00,2026-09-21T08:02:53.372+00:00,2026-09-21T08:02:57.932+00:00,True,74,74.0,,74.0,235270.11735699998,239830.42788499998,239830.427806,3240.9517271081077,40.818312,235270.11735699998,27342.335313168485,76.3916945,62.47000723287671,9.691778115205455,0.3085513404307622,29,64,,True,True,,223,59.56268577710819
205,2026-09-21T07:58:58.329+00:00,2026-09-21T08:02:54.305+00:00,2026-09-21T08:02:57.937+00:00,True,59,59.0,,59.0,235975.71406600002,239607.41224200002,239607.412443,4061.1425837796614,42.348182,235975.71406600002,30713.270716622257,77.75804389999999,62.615485793103446,9.106658314902415,0.24623612202952577,29,64,,True,True,,268,59.56268577710819
206,2026-09-21T07:58:58.614+00:00,2026-09-21T08:02:55.851+00:00,2026-09-21T08:03:01.516+00:00,True,91,91.0,,91.0,237236.875903,242902.714239,242902.71447900002,2669.2605986703297,45.902711000000004,237236.875903,24862.58399072776,76.73792800000001,62.95375928888889,8.288108944188373,0.37463558315969286,29,64,,True,True,,312,59.56268577710819
207,2026-09-21T07:58:58.955+00:00,2026-09-21T08:02:57.724+00:00,2026-09-21T08:02:58.758+00:00,True,17,17.0,,17.0,238769.458311,239803.576711,239803.576937,14106.092761,51.013923000000005,238769.458311,57894.424686230086,47816.5868798,64.6324,8.152587045532513,0.07089135296963314,29,64,,True,True,,153,59.56268577710819
208,2026-09-21T07:58:59.230+00:00,2026-09-21T08:02:59.197+00:00,2026-09-21T08:03:01.577+00:00,True,39,39.0,,39.0,239967.311243,242346.933643,242346.933607,6214.023938641026,41.399661,239967.311243,38415.49619201597,77.415197,62.621642105263156,9.554432199132181,0.16092631919762887,29,64,,True,True,,78,59.56268577710819
209,2026-09-21T07:58:59.539+00:00,2026-09-21T08:03:00.684+00:00,2026-09-21T08:03:03.089+00:00,True,39,39.0,,39.0,241144.78366400002,243550.008624,243550.008528,6244.872013538462,41.929970999999995,241144.78366400002,38603.93497017671,80.3754189,63.295393684210524,10.294381631627525,0.16013138418816236,29,64,,True,True,,312,59.56268577710819
210,2026-09-21T07:58:59.817+00:00,2026-09-21T08:03:02.296+00:00,2026-09-21T08:03:04.565+00:00,True,36,36.0,,36.0,242479.19385100002,244748.25113100003,244748.25121000002,6798.562533611112,48.166892,242479.19385100002,40402.394910756084,78.1665605,64.830208,8.985476754267909,0.14708991722572604,29,64,,True,True,,175,59.56268577710819
211,2026-09-21T07:59:00.153+00:00,2026-09-21T08:03:03.905+00:00,2026-09-21T08:03:05.200+00:00,True,21,21.0,,21.0,243751.606352,245046.09288,245046.093058,11668.861574190476,48.547472,243751.606352,53176.83827925311,78.724023,64.7243264,10.619719156294217,0.08569816295860624,29,64,,True,True,,89,59.56268577710819
212,2026-09-21T07:59:00.448+00:00,2026-09-21T08:03:05.528+00:00,2026-09-21T08:03:07.689+00:00,True,34,34.0,,34.0,245079.852369,247241.581649,247241.581665,7271.811225441176,48.532652,245079.852369,42019.614594875195,78.84143085,65.50694787878787,9.381838715461297,0.1375173212096199,29,64,,True,True,,136,59.56268577710819
213,2026-09-21T07:59:00.734+00:00,2026-09-21T08:03:07.108+00:00,2026-09-21T08:03:12.907+00:00,True,93,93.0,,93.0,246373.162955,252173.001675,252173.001548,2711.5376510537635,42.515951,246373.162955,25541.171667165683,78.415191,63.0417252173913,9.913985433052911,0.36879443628885455,29,64,,True,True,,297,59.56268577710819
215,2026-09-21T07:59:01.315+00:00,2026-09-21T08:03:08.983+00:00,2026-09-21T08:03:15.157+00:00,True,98,98.0,,98.0,247667.18991100002,253841.71304700003,253841.712877,2590.221559969388,41.177081,247667.18991100002,25011.736124405932,78.19964164999999,63.65487769072165,10.126497100658646,0.38606735994511204,29,64,,True,True,,98,59.56268577710819
216,2026-09-21T07:59:01.585+00:00,2026-09-21T08:03:10.299+00:00,2026-09-21T08:03:12.296+00:00,True,33,33.0,,33.0,248713.959688,250710.745864,250710.74586,7597.295329090909,45.032211000000004,248713.959688,43284.68214922677,82.7636182,62.399568,11.240058915469884,0.13162579005648647,29,64,,True,True,,166,59.56268577710819
217,2026-09-21T07:59:01.926+00:00,2026-09-21T08:03:12.055+00:00,2026-09-21T08:03:12.244+00:00,True,4,4.0,,4.0,250128.44809400002,250317.28726200003,250317.28711400004,62579.32177850001,57.629982000000005,250128.44809400002,125032.75100394897,212619.79257215,62.946389333333336,6.900554360373472,0.015979719354394063,29,64,,True,True,,16,59.56268577710819
214,2026-09-21T07:59:01.077+00:00,2026-09-21T08:03:13.248+00:00,2026-09-21T08:03:18.164+00:00,True,79,79.0,,79.0,252170.59505399998,257086.90993399997,257086.90980599998,3254.264681088607,45.208172,252170.59505399998,28364.318712448876,79.23533900000001,63.02967794871795,9.463934717998109,0.3072890798690649,29,64,,True,True,,414,59.56268577710819
218,2026-09-21T07:59:02.137+00:00,2026-09-21T08:03:13.631+00:00,2026-09-21T08:03:18.716+00:00,True,82,82.0,,82.0,251493.813759,256579.41171100002,256579.411698,3129.0172158292685,41.491552000000006,251493.813759,27765.913673301435,76.3431945,62.785159901234564,9.129961881811381,0.3195891652147104,29,64,,True,True,,328,59.56268577710819
219,2026-09-21T07:59:02.437+00:00,2026-09-21T08:03:15.780+00:00,2026-09-21T08:03:19.812+00:00,True,66,66.0,,66.0,253342.96889199998,257374.51526,257374.51523299998,3899.6138671666663,46.037811999999995,253342.96889199998,31176.730508257217,78.0137805,62.02379027692307,9.208387691268486,0.2564356456711603,29,64,,True,True,,137,59.56268577710819
220,2026-09-21T07:59:02.690+00:00,2026-09-21T08:03:17.169+00:00,2026-09-21T08:03:21.335+00:00,True,67,67.0,,67.0,254479.105745,258645.789905,258645.789821,3860.3849227014925,44.391951999999996,254479.105745,31081.860209746672,78.5446437,63.13157818181818,11.26444457421253,0.25904152557290394,29,64,,True,True,,138,59.56268577710819
221,2026-09-21T07:59:02.998+00:00,2026-09-21T08:03:18.866+00:00,2026-09-21T08:03:24.853+00:00,True,95,95.0,,95.0,255867.931533,261855.362701,261855.362653,2756.3722384526313,40.935321,255867.931533,26244.96296482928,77.843356,63.69607625531915,10.729117097317502,0.3627957014898943,29,64,,True,True,,284,59.56268577710819
222,2026-09-21T07:59:03.260+00:00,2026-09-21T08:03:20.602+00:00,2026-09-21T08:03:22.574+00:00,True,31,31.0,,31.0,257341.753366,259313.738006,259313.737776,8364.959283096774,51.025971,257341.753366,46208.138809298835,91.393903,65.73282133333333,11.707737784502353,0.11954630802970695,29,64,,True,True,,92,59.56268577710819
223,2026-09-21T07:59:03.503+00:00,2026-09-21T08:03:21.631+00:00,2026-09-21T08:03:23.156+00:00,True,25,25.0,,25.0,258128.413106,259653.076402,259653.07632999998,10386.123053199999,42.093882,258128.413106,51612.97816633123,78.61351020000001,63.52763733333334,10.74560071971064,0.09628231772341687,29,64,,True,True,,50,59.56268577710819
224,2026-09-21T07:59:03.708+00:00,2026-09-21T08:03:22.573+00:00,2026-09-21T08:03:28.270+00:00,True,91,91.0,,91.0,258864.24657800002,264561.476658,264561.476648,2907.2689741538466,41.965792,258864.24657800002,27129.712398093834,77.2405725,63.30255644444445,10.111449085349946,0.34396542213754033,29,64,,True,True,,546,59.56268577710819
225,2026-09-21T07:59:04.024+00:00,2026-09-21T08:03:23.865+00:00,2026-09-21T08:03:27.296+00:00,True,56,56.0,,56.0,259840.735851,263271.678315,263271.678411,4701.279971625,42.080802000000006,259840.735851,34714.34406991381,77.61795025,62.38077207272727,9.095794708880574,0.21270802981320674,29,64,,True,True,,224,59.56268577710819
226,2026-09-21T07:59:04.270+00:00,2026-09-21T08:03:25.312+00:00,2026-09-21T08:03:25.631+00:00,True,6,6.0,,6.0,261042.367737,261361.432057,261361.432198,43560.23869966667,57.178902,261042.367737,106544.04895903732,195798.9406185,63.812864,5.0545495454673315,0.0229567153530574,29,64,,True,True,,30,59.56268577710819
227,2026-09-21T07:59:04.610+00:00,2026-09-21T08:03:27.163+00:00,2026-09-21T08:03:29.854+00:00,True,43,43.0,,43.0,262553.462315,265243.979819,265243.97980000003,6168.464646511628,46.530311999999995,262553.462315,40029.25970831483,77.110486,64.05994057142857,9.578318261831738,0.1621148952347299,29,64,,True,True,,86,59.56268577710819
228,2026-09-21T07:59:05.624+00:00,2026-09-21T08:03:29.646+00:00,2026-09-21T08:03:35.946+00:00,True,100,100.0,,100.0,264021.922358,270321.478966,270321.47896800004,2703.21478968,41.674311,264021.922358,26395.830588352444,76.5516159,63.63188492929293,9.065559428371053,0.36992990857592045,29,64,,True,True,,600,59.56268577710819
230,2026-09-21T07:59:05.705+00:00,2026-09-21T08:03:30.470+00:00,2026-09-21T08:03:32.040+00:00,True,25,25.0,,25.0,264764.38647,266334.38941400003,266334.389549,10653.375581960001,43.965101000000004,264764.38647,52939.79492014178,79.5005334,65.41678933333334,10.432711606200028,0.09386696196088697,29,64,,True,True,,107,59.56268577710819
229,2026-09-21T07:59:05.675+00:00,2026-09-21T08:03:30.548+00:00,2026-09-21T08:03:35.948+00:00,True,86,86.0,,86.0,264873.036815,270272.853263,270272.853143,3142.7075946860464,42.067681,264873.036815,28555.145242435778,76.93956725,63.527252329411766,9.17131879796364,0.31819695896840294,29,64,,True,True,,337,59.56268577710819
231,2026-09-21T07:59:05.810+00:00,2026-09-21T08:03:33.541+00:00,2026-09-21T08:03:35.063+00:00,True,25,25.0,,25.0,267730.374319,269252.780975,269252.781031,10770.11124124,43.699841,267730.374319,53533.389024620454,77.7613878,63.43361066666667,9.934667673153347,0.09284955167211899,29,64,,True,True,,53,59.56268577710819
232,2026-09-21T07:59:05.997+00:00,2026-09-21T08:03:34.763+00:00,2026-09-21T08:03:34.867+00:00,True,3,3.0,,3.0,268766.047074,268870.304354,268870.304336,89623.43477866666,41.621761,268766.047074,155142.05350384983,241895.70591669998,52.12864,14.858972194226624,0.011157795976048511,29,64,,True,True,,14,59.56268577710819
233,2026-09-21T07:59:06.204+00:00,2026-09-21T08:03:36.001+00:00,2026-09-21T08:03:38.508+00:00,True,40,40.0,,40.0,269796.71222000004,272303.28578800004,272303.285832,6807.582145800001,47.491771,269796.71222000004,42648.4446969407,78.632166,64.27111712820513,9.63752935883125,0.1468950324423986,29,64,,True,True,,331,59.56268577710819
234,2026-09-21T07:59:06.435+00:00,2026-09-21T08:03:37.163+00:00,2026-09-21T08:03:40.554+00:00,True,54,54.0,,54.0,270728.00682,274118.441636,274118.441681,5076.267438537037,44.862131,270728.00682,36832.71118148819,77.2954425,63.9704682264151,9.243777926582263,0.196995137130198,29,64,,True,True,,219,59.56268577710819
235,2026-09-21T07:59:06.658+00:00,2026-09-21T08:03:38.360+00:00,2026-09-21T08:03:44.305+00:00,True,93,93.0,,93.0,271702.600972,277646.863884,277646.864027,2985.450150827957,46.044301,271702.600972,28167.549113701207,78.5899134,64.61155339130435,10.028408236989359,0.3349578622968172,29,64,,True,True,,1292,59.56268577710819
236,2026-09-21T07:59:06.871+00:00,2026-09-21T08:03:39.141+00:00,2026-09-21T08:03:40.553+00:00,True,23,23.0,,23.0,272270.022916,273682.959876,273682.959646,11899.259115043478,46.499271,272270.022916,56758.833328462155,75.4938061,64.22440727272728,9.42715348710567,0.0840388455694166,29,64,,True,True,,69,59.56268577710819
237,2026-09-21T07:59:07.103+00:00,2026-09-21T08:03:40.439+00:00,2026-09-21T08:03:46.057+00:00,True,88,88.0,,88.0,273335.780269,278953.66878099996,278953.66856699996,3169.928051897727,43.762491000000004,273335.780269,29130.810300826426,77.56355214999999,64.57343117241379,10.219517739735839,0.31546457296851954,29,64,,True,True,,748,59.56268577710819
238,2026-09-21T07:59:07.428+00:00,2026-09-21T08:03:42.234+00:00,2026-09-21T08:03:48.216+00:00,True,95,95.0,,95.0,274806.009801,280787.470025,280787.470018,2955.6575791368423,42.042610999999994,274806.009801,28187.974678300045,77.5967,63.632555574468086,9.345901824192376,0.3383341856085731,29,64,,True,True,,0,59.56268577710819
239,2026-09-21T07:59:07.677+00:00,2026-09-21T08:03:43.378+00:00,2026-09-21T08:03:45.329+00:00,True,32,32.0,,32.0,275701.481011,277652.258867,277652.259102,8676.6330969375,45.158921,275701.481011,48726.473129184706,77.2061925,62.928317935483875,8.330227564235486,0.11525207873539586,29,64,,True,True,,218,59.56268577710819
240,2026-09-21T07:59:07.913+00:00,2026-09-21T08:03:44.946+00:00,2026-09-21T08:03:46.711+00:00,True,29,29.0,,29.0,277032.542888,278798.269096,278798.269196,9613.733420551725,43.220141000000005,277032.542888,51431.942323261785,76.58857359999999,63.061650285714286,9.470339434962892,0.10401786242802778,29,64,,True,True,,60,59.56268577710819
241,2026-09-21T07:59:08.158+00:00,2026-09-21T08:03:46.057+00:00,2026-09-21T08:03:46.715+00:00,True,12,12.0,,12.0,277899.56592699996,278557.46928699996,278557.46930099995,23213.122441749998,43.692040999999996,277899.56592699996,80205.42958945886,125094.43082074999,59.80939636363637,9.179678774752059,0.0430790817805582,29,64,,True,True,,71,59.56268577710819
242,2026-09-21T07:59:08.384+00:00,2026-09-21T08:03:47.291+00:00,2026-09-21T08:03:53.490+00:00,True,98,98.0,,98.0,278906.88844,285105.56492000003,285105.56485,2909.240457653061,41.298071,278906.88844,28167.396523982636,78.119232,63.9038812371134,9.195966960708471,0.34373232955834654,29,64,,True,True,,198,59.56268577710819
243,2026-09-21T07:59:08.704+00:00,2026-09-21T08:03:48.965+00:00,2026-09-21T08:03:53.617+00:00,True,74,74.0,,74.0,280260.356691,284912.930387,284912.930498,3850.1747364594594,45.413540999999995,280260.356691,32572.19699711592,78.940136,63.73388624657534,8.948062740575972,0.2597284717807826,29,64,,True,True,,370,59.56268577710819
244,2026-09-21T07:59:09.020+00:00,2026-09-21T08:03:50.711+00:00,2026-09-21T08:03:51.556+00:00,True,14,14.0,,14.0,281691.789536,282536.569568,282536.569633,20181.183545214284,51.988031,281691.789536,75267.93041479494,98642.70832489998,64.98307938461538,7.733166551016101,0.0495511077429944,29,64,,True,True,,80,59.56268577710819
245,2026-09-21T07:59:09.338+00:00,2026-09-21T08:03:52.189+00:00,2026-09-21T08:03:57.078+00:00,True,78,78.0,,78.0,282850.95237300004,287739.78974900005,287739.78963500005,3688.97166198718,43.559701000000004,282850.95237300004,32019.376242172453,76.71865,63.49139449350649,9.802525730610004,0.2710782546551543,29,64,,True,True,,232,59.56268577710819
246,2026-09-21T07:59:09.649+00:00,2026-09-21T08:03:53.483+00:00,2026-09-21T08:03:56.160+00:00,True,43,43.0,,43.0,283834.44656699995,286510.609127,286510.6090139999,6663.037418930231,43.399680999999994,283834.44656699995,43274.6314881026,77.49302189999999,63.71815619047619,9.888135268343564,0.15008170249269767,29,64,,True,True,,46,59.56268577710819
249,2026-09-21T07:59:10.584+00:00,2026-09-21T08:03:56.302+00:00,2026-09-21T08:04:00.542+00:00,True,68,68.0,,68.0,285718.062149,289957.976645,289957.976688,4264.0878924705885,44.424021,285718.062149,34640.731556448496,78.44707664999999,63.28230591044776,9.449438578430408,0.2345167420010433,29,64,,True,True,,68,59.56268577710819
250,2026-09-21T07:59:10.899+00:00,2026-09-21T08:03:58.166+00:00,2026-09-21T08:04:04.166+00:00,True,94,94.0,,94.0,287267.429376,293267.497216,293267.497201,3119.8669915,40.969641,287267.429376,29622.719867586693,76.31455685,64.51685849462365,8.727324404664216,0.3205264848384009,29,64,,True,True,,882,59.56268577710819
247,2026-09-21T07:59:09.988+00:00,2026-09-21T08:03:59.227+00:00,2026-09-21T08:04:04.235+00:00,True,79,79.0,,79.0,289239.082583,294246.82991100004,294246.829928,3724.643416810127,38.88546100000001,289239.082583,32534.71718928826,75.678965,64.20188882051282,9.030626569573677,0.268482076846486,29,64,,True,True,,79,59.56268577710819
251,2026-09-21T07:59:11.205+00:00,2026-09-21T08:04:00.996+00:00,2026-09-21T08:04:05.583+00:00,True,74,74.0,,74.0,289791.150944,294378.646112,294378.64605,3978.0898114864863,43.065011,289791.150944,33680.233082881365,77.809067,62.84239956164384,9.55661349498166,0.2513769289225068,29,64,,True,True,,204,59.56268577710819
248,2026-09-21T07:59:10.257+00:00,2026-09-21T08:04:01.948+00:00,2026-09-21T08:04:05.072+00:00,True,51,51.0,,51.0,291691.500742,294815.215302,294815.215087,5780.690491901961,46.657921,291691.500742,40836.232669481644,76.878002,62.4742912,8.672675943748324,0.17298971475321281,29,64,,True,True,,106,59.56268577710819
252,2026-09-21T07:59:11.526+00:00,2026-09-21T08:04:03.302+00:00,2026-09-21T08:04:06.369+00:00,True,51,51.0,,51.0,291775.89948799997,294843.406944,294843.40673199994,5781.243269254901,45.805220999999996,291775.89948799997,40848.208232037425,74.8508865,61.35014912,8.49368217121374,0.17297317423036868,29,64,,True,True,,153,59.56268577710819
253,2026-09-21T07:59:11.743+00:00,2026-09-21T08:04:04.533+00:00,2026-09-21T08:04:10.029+00:00,True,89,89.0,,89.0,292790.602042,298286.90105,298286.90114699997,3351.5382151348313,43.622391,292790.602042,31029.122631422535,77.077161,62.45794327272727,9.425380185628672,0.2983704604081206,29,64,,True,True,,182,59.56268577710819
254,2026-09-21T07:59:11.968+00:00,2026-09-21T08:04:05.782+00:00,2026-09-21T08:04:07.766+00:00,True,33,33.0,,33.0,293813.942547,295798.045203,295798.045299,8963.577130272728,44.859341,293813.942547,51135.649803025546,77.964699,62.003208,9.021774049745176,0.11156260338824345,29,64,,True,True,,67,59.56268577710819
255,2026-09-21T07:59:12.174+00:00,2026-09-21T08:04:06.873+00:00,2026-09-21T08:04:08.485+00:00,True,26,26.0,,26.0,294699.222672,296311.204752,296311.204716,11396.584796769232,51.131061,294699.222672,57782.627670901136,75.3977995,64.4792832,7.910225476219331,0.08774558498981133,29,64,,True,True,,143,59.56268577710819
256,2026-09-21T07:59:12.493+00:00,2026-09-21T08:04:08.423+00:00,2026-09-21T08:04:12.540+00:00,False,68,67.0,,67.0,295929.753486,300046.31771,300046.317712,4412.445848705883,0.13002,295929.753486,35879.305205707904,78.823416,61.44125707462686,12.625622495566946,0.22329885769421998,29,64,,True,False,Request timeout: 300.0s exceeded,267,59.56268577710819
257,2026-09-21T07:59:12.779+00:00,2026-09-21T08:04:10.232+00:00,2026-09-21T08:04:11.935+00:00,True,28,28.0,,28.0,297453.664949,299156.445365,299156.445345,10684.15876232143,41.740171000000004,297453.664949,56201.54153109745,81.752441,63.065941333333335,10.88493514893336,0.09359651257333693,29,64,,True,True,,84,59.56268577710819
258,2026-09-21T07:59:13.009+00:00,2026-09-21T08:04:11.347+00:00,2026-09-21T08:04:11.600+00:00,True,5,5.0,,5.0,298337.919262,298590.340638,298590.340418,59718.0680836,55.850332,298337.919262,133392.55217560753,238685.1408658,63.105344,7.814181778094151,0.016745350801758912,29,64,,True,True,,19,59.56268577710819
259,2026-09-21T07:59:13.310+00:00,2026-09-21T08:04:13.088+00:00,2026-09-21T08:04:13.330+00:00,False,6,5.0,,5.0,299778.279872,300020.636352,300020.636157,50003.4393595,0.037020000000000004,299778.279872,122364.18464336131,224851.93938174995,48.471296,28.60727154816635,0.016665520281524026,29,64,,True,False,Request timeout: 300.0s exceeded,14,59.56268577710819
260,2026-09-21T07:59:13.582+00:00,2026-09-21T08:04:13.690+00:00,2026-09-21T08:04:13.690+00:00,False,1,0.0,,0.0,300108.80301,300108.80301,300108.80301,300108.80301,300108.80301,300108.80301,nan,300108.80301,nan,nan,0.0,29,64,,True,False,"HTTPConnectionPool(host='gpu06', port=9004): Read timed out.",0,59.56268577710819
261,2026-09-21T07:59:13.814+00:00,2026-09-21T08:04:13.929+00:00,2026-09-21T08:04:13.929+00:00,False,1,0.0,,0.0,300114.63456599996,300114.63456599996,300114.63456599996,300114.63456599996,300114.63456599996,300114.63456599996,nan,300114.63456599996,nan,nan,0.0,29,64,,True,False,"HTTPConnectionPool(host='gpu06', port=9004): Read timed out.",0,59.56268577710819
262,2026-09-21T07:59:14.059+00:00,2026-09-21T08:04:14.170+00:00,2026-09-21T08:04:14.170+00:00,False,1,0.0,,0.0,300111.272169,300111.272169,300111.272169,300111.272169,300111.272169,300111.272169,nan,300111.272169,nan,nan,0.0,29,64,,True,False,"HTTPConnectionPool(host='gpu06', port=9004): Read timed out.",0,59.56268577710819
263,2026-09-21T07:59:14.300+00:00,2026-09-21T08:04:14.399+00:00,2026-09-21T08:04:14.399+00:00,False,1,0.0,,0.0,300099.105872,300099.105872,300099.105872,300099.105872,300099.105872,300099.105872,nan,300099.105872,nan,nan,0.0,29,64,,True,False,"HTTPConnectionPool(host='gpu06', port=9004): Read timed out.",0,59.56268577710819
264,2026-09-21T07:59:14.501+00:00,2026-09-21T08:04:14.612+00:00,2026-09-21T08:04:14.612+00:00,False,1,0.0,,0.0,300111.4256,300111.4256,300111.4256,300111.4256,300111.4256,300111.4256,nan,300111.4256,nan,nan,0.0,29,64,,True,False,"HTTPConnectionPool(host='gpu06', port=9004): Read timed out.",0,59.56268577710819
265,2026-09-21T07:59:14.793+00:00,2026-09-21T08:04:14.899+00:00,2026-09-21T08:04:14.899+00:00,False,1,0.0,,0.0,300105.78877999994,300105.78877999994,300105.78877999994,300105.78877999994,300105.78877999994,300105.78877999994,nan,300105.78877999994,nan,nan,0.0,29,64,,True,False,"HTTPConnectionPool(host='gpu06', port=9004): Read timed out.",0,59.56268577710819
266,2026-09-21T07:59:15.048+00:00,2026-09-21T08:04:15.156+00:00,2026-09-21T08:04:15.156+00:00,False,1,0.0,,0.0,300108.448622,300108.448622,300108.448622,300108.448622,300108.448622,300108.448622,nan,300108.448622,nan,nan,0.0,29,64,,True,False,"HTTPConnectionPool(host='gpu06', port=9004): Read timed out.",0,59.56268577710819
267,2026-09-21T07:59:15.266+00:00,2026-09-21T08:04:15.351+00:00,2026-09-21T08:04:15.351+00:00,False,1,0.0,,0.0,300085.298557,300085.298557,300085.298557,300085.298557,300085.298557,300085.298557,nan,300085.298557,nan,nan,0.0,29,64,,True,False,"HTTPConnectionPool(host='gpu06', port=9004): Read timed out.",0,59.56268577710819
268,2026-09-21T07:59:15.599+00:00,2026-09-21T08:04:15.647+00:00,2026-09-21T08:04:15.647+00:00,False,1,0.0,,0.0,300047.68656400003,300047.68656400003,300047.68656400003,300047.68656400003,300047.68656400003,300047.68656400003,nan,300047.68656400003,nan,nan,0.0,29,64,,True,False,TTFT timeout: 300.0s exceeded (TTFT: 300.043s),0,59.56268577710819
269,2026-09-21T07:59:15.868+00:00,2026-09-21T08:04:15.802+00:00,2026-09-21T08:04:15.917+00:00,False,4,3.0,,3.0,299934.301334,300048.414614,300048.41452600004,75012.10363150001,0.02995,299934.301334,149948.13423014124,254953.16218055002,38.03776,33.05202371853245,0.009998386439932958,29,64,,True,False,Request timeout: 300.0s exceeded,12,59.56268577710819
270,2026-09-21T07:59:16.175+00:00,2026-09-21T08:04:16.249+00:00,2026-09-21T08:04:16.249+00:00,False,1,0.0,,0.0,300074.730716,300074.730716,300074.730716,300074.730716,300074.730716,300074.730716,nan,300074.730716,nan,nan,0.0,29,64,,True,False,"HTTPConnectionPool(host='gpu06', port=9004): Read timed out.",0,59.56268577710819
271,2026-09-21T07:59:16.500+00:00,2026-09-21T08:04:16.528+00:00,2026-09-21T08:04:16.528+00:00,False,1,0.0,,0.0,300027.828984,300027.828984,300027.828984,300027.828984,300027.828984,300027.828984,nan,300027.828984,nan,nan,0.0,29,64,,True,False,"HTTPConnectionPool(host='gpu06', port=9004): Read timed out.",0,59.56268577710819
272,2026-09-21T07:59:16.717+00:00,2026-09-21T08:04:16.827+00:00,2026-09-21T08:04:16.827+00:00,False,1,0.0,,0.0,300109.647671,300109.647671,300109.647671,300109.647671,300109.647671,300109.647671,nan,300109.647671,nan,nan,0.0,29,64,,True,False,"HTTPConnectionPool(host='gpu06', port=9004): Read timed out.",0,59.56268577710819
273,2026-09-21T07:59:16.950+00:00,2026-09-21T08:04:17.040+00:00,2026-09-21T08:04:17.040+00:00,False,1,0.0,,0.0,300089.949295,300089.949295,300089.949295,300089.949295,300089.949295,300089.949295,nan,300089.949295,nan,nan,0.0,29,64,,True,False,"HTTPConnectionPool(host='gpu06', port=9004): Read timed out.",0,59.56268577710819
274,2026-09-21T07:59:17.298+00:00,2026-09-21T08:04:17.343+00:00,2026-09-21T08:04:17.343+00:00,False,1,0.0,,0.0,300044.59277,300044.59277,300044.59277,300044.59277,300044.59277,300044.59277,nan,300044.59277,nan,nan,0.0,29,64,,True,False,TTFT timeout: 300.0s exceeded (TTFT: 300.040s),0,59.56268577710819
275,2026-09-21T07:59:17.543+00:00,2026-09-21T08:04:17.549+00:00,2026-09-21T08:04:17.549+00:00,False,1,0.0,,0.0,300005.894903,300005.894903,300005.894903,300005.894903,300005.894903,300005.894903,nan,300005.894903,nan,nan,0.0,29,64,,True,False,TTFT timeout: 300.0s exceeded (TTFT: 300.000s),0,59.56268577710819
276,2026-09-21T07:59:17.794+00:00,2026-09-21T08:04:17.805+00:00,2026-09-21T08:04:17.805+00:00,False,1,0.0,,0.0,300010.42486699997,300010.42486699997,300010.42486699997,300010.42486699997,300010.42486699997,300010.42486699997,nan,300010.42486699997,nan,nan,0.0,29,64,,True,False,TTFT timeout: 300.0s exceeded (TTFT: 300.004s),0,59.56268577710819
277,2026-09-21T07:59:18.013+00:00,2026-09-21T08:04:18.033+00:00,2026-09-21T08:04:18.033+00:00,False,1,0.0,,0.0,300019.939852,300019.939852,300019.939852,300019.939852,300019.939852,300019.939852,nan,300019.939852,nan,nan,0.0,29,64,,True,False,TTFT timeout: 300.0s exceeded (TTFT: 300.007s),0,59.56268577710819
280,2026-09-21T07:59:19.508+00:00,2026-09-21T08:04:18.821+00:00,2026-09-21T08:04:19.637+00:00,False,13,12.0,,12.0,299312.549977,300128.68386499997,300128.683844,23086.821834153845,0.04143,299312.549977,82995.50819949878,119795.12396259999,68.01115733333333,32.95567844092913,0.039982849507972006,29,64,,True,False,Request timeout: 300.0s exceeded,48,59.56268577710819
279,2026-09-21T07:59:19.442+00:00,2026-09-21T08:04:18.998+00:00,2026-09-21T08:04:19.159+00:00,True,3,3.0,,3.0,299556.386827,299717.277451,299717.27734000003,99905.75911333333,59.080131,299556.386827,172902.51680156201,269610.9291825,80.445312,30.21484246572866,0.010009432974682155,29,64,,True,True,,3,59.56268577710819
278,2026-09-21T07:59:19.386+00:00,2026-09-21T08:04:19.164+00:00,2026-09-21T08:04:19.904+00:00,False,14,13.0,,13.0,299777.892255,300518.291103,300518.291311,21465.5922365,0.03126,299777.892255,80103.79409454885,104994.15578105001,56.95375753846154,25.84564928608901,0.04325859817812009,29,64,,True,False,Request timeout: 300.0s exceeded,13,59.56268577710819
281,2026-09-21T07:59:19.627+00:00,2026-09-21T08:04:20.019+00:00,2026-09-21T08:04:20.019+00:00,False,1,0.0,,0.0,300392.419992,300392.419992,300392.419992,300392.419992,300392.419992,300392.419992,nan,300392.419992,nan,nan,0.0,29,64,,True,False,"HTTPConnectionPool(host='gpu06', port=9004): Read timed out.",0,59.56268577710819
282,2026-09-21T07:59:19.742+00:00,2026-09-21T08:04:20.401+00:00,2026-09-21T08:04:20.401+00:00,False,1,0.0,,0.0,300659.23082,300659.23082,300659.23082,300659.23082,300659.23082,300659.23082,nan,300659.23082,nan,nan,0.0,29,64,,True,False,"HTTPConnectionPool(host='gpu06', port=9004): Read timed out.",0,59.56268577710819
284,2026-09-21T07:59:20.067+00:00,2026-09-21T08:04:20.964+00:00,2026-09-21T08:04:21.360+00:00,False,6,5.0,,5.0,300897.539193,301293.338233,301293.338301,50215.5563835,0.03362,300897.539193,122808.60229191152,225716.14268075,79.159808,63.5965939337066,0.01659512297657685,29,64,,True,False,Request timeout: 300.0s exceeded,5,59.56268577710819
283,2026-09-21T07:59:19.920+00:00,2026-09-21T08:04:20.967+00:00,2026-09-21T08:04:21.359+00:00,False,6,5.0,,5.0,301047.316736,301439.324416,301439.324454,50239.887409,0.025929999999999998,301047.316736,122870.05886279156,225828.97911800002,78.401536,64.9960872494096,0.016587086007065797,29,64,,True,False,Request timeout: 300.0s exceeded,20,59.56268577710819
285,2026-09-21T07:59:20.273+00:00,2026-09-21T08:04:21.526+00:00,2026-09-21T08:04:21.526+00:00,False,1,0.0,,0.0,301253.17369599995,301253.17369599995,301253.17369599995,301253.17369599995,301253.17369599995,301253.17369599995,nan,301253.17369599995,nan,nan,0.0,29,64,,True,False,"HTTPConnectionPool(host='gpu06', port=9004): Read timed out.",0,59.56268577710819
289,2026-09-21T07:59:21.376+00:00,2026-09-21T08:04:21.526+00:00,2026-09-21T08:04:21.526+00:00,False,1,0.0,,0.0,300150.109809,300150.109809,300150.109809,300150.109809,300150.109809,300150.109809,nan,300150.109809,nan,nan,0.0,29,64,,True,False,"HTTPConnectionPool(host='gpu06', port=9004): Read timed out.",0,59.56268577710819
286,2026-09-21T07:59:20.600+00:00,2026-09-21T08:04:21.899+00:00,2026-09-21T08:04:21.899+00:00,False,1,0.0,,0.0,301298.724605,301298.724605,301298.724605,301298.724605,301298.724605,301298.724605,nan,301298.724605,nan,nan,0.0,29,64,,True,False,"HTTPConnectionPool(host='gpu06', port=9004): Read timed out.",0,59.56268577710819
290,2026-09-21T07:59:21.598+00:00,2026-09-21T08:04:21.900+00:00,2026-09-21T08:04:21.900+00:00,False,1,0.0,,0.0,300301.651597,300301.651597,300301.651597,300301.651597,300301.651597,300301.651597,nan,300301.651597,nan,nan,0.0,29,64,,True,False,"HTTPConnectionPool(host='gpu06', port=9004): Read timed out.",0,59.56268577710819
288,2026-09-21T07:59:21.098+00:00,2026-09-21T08:04:23.274+00:00,2026-09-21T08:04:23.274+00:00,False,1,0.0,,0.0,302175.6815,302175.6815,302175.6815,302175.6815,302175.6815,302175.6815,nan,302175.6815,nan,nan,0.0,29,64,,True,False,"HTTPConnectionPool(host='gpu06', port=9004): Read timed out.",0,59.56268577710819
295,2026-09-21T07:59:23.008+00:00,2026-09-21T08:04:23.290+00:00,2026-09-21T08:04:23.290+00:00,False,1,0.0,,0.0,300282.046713,300282.046713,300282.046713,300282.046713,300282.046713,300282.046713,nan,300282.046713,nan,nan,0.0,29,64,,True,False,"HTTPConnectionPool(host='gpu06', port=9004): Read timed out.",0,59.56268577710819
287,2026-09-21T07:59:20.832+00:00,2026-09-21T08:04:23.299+00:00,2026-09-21T08:04:23.299+00:00,False,1,0.0,,0.0,302466.513365,302466.513365,302466.513365,302466.513365,302466.513365,302466.513365,nan,302466.513365,nan,nan,0.0,29,64,,True,False,"HTTPConnectionPool(host='gpu06', port=9004): Read timed out.",0,59.56268577710819
293,2026-09-21T07:59:22.305+00:00,2026-09-21T08:04:23.305+00:00,2026-09-21T08:04:23.305+00:00,False,1,0.0,,0.0,301000.54809500003,301000.54809500003,301000.54809500003,301000.54809500003,301000.54809500003,301000.54809500003,nan,301000.54809500003,nan,nan,0.0,29,64,,True,False,"HTTPConnectionPool(host='gpu06', port=9004): Read timed out.",0,59.56268577710819
294,2026-09-21T07:59:22.655+00:00,2026-09-21T08:04:23.310+00:00,2026-09-21T08:04:23.310+00:00,False,1,0.0,,0.0,300654.788154,300654.788154,300654.788154,300654.788154,300654.788154,300654.788154,nan,300654.788154,nan,nan,0.0,29,64,,True,False,"HTTPConnectionPool(host='gpu06', port=9004): Read timed out.",0,59.56268577710819
292,2026-09-21T07:59:22.101+00:00,2026-09-21T08:04:23.315+00:00,2026-09-21T08:04:23.315+00:00,False,1,0.0,,0.0,301214.294573,301214.294573,301214.294573,301214.294573,301214.294573,301214.294573,nan,301214.294573,nan,nan,0.0,29,64,,True,False,"HTTPConnectionPool(host='gpu06', port=9004): Read timed out.",0,59.56268577710819
291,2026-09-21T07:59:21.906+00:00,2026-09-21T08:04:23.316+00:00,2026-09-21T08:04:23.316+00:00,False,1,0.0,,0.0,301410.40261,301410.40261,301410.40261,301410.40261,301410.40261,301410.40261,nan,301410.40261,nan,nan,0.0,29,64,,True,False,"HTTPConnectionPool(host='gpu06', port=9004): Read timed out.",0,59.56268577710819
296,2026-09-21T07:59:23.329+00:00,2026-09-21T08:04:23.435+00:00,2026-09-21T08:04:23.435+00:00,False,1,0.0,,0.0,300106.129867,300106.129867,300106.129867,300106.129867,300106.129867,300106.129867,nan,300106.129867,nan,nan,0.0,29,64,,True,False,"HTTPConnectionPool(host='gpu06', port=9004): Read timed out.",0,59.56268577710819
297,2026-09-21T07:59:23.546+00:00,2026-09-21T08:04:23.612+00:00,2026-09-21T08:04:23.612+00:00,False,1,0.0,,0.0,300065.564452,300065.564452,300065.564452,300065.564452,300065.564452,300065.564452,nan,300065.564452,nan,nan,0.0,29,64,,True,False,"HTTPConnectionPool(host='gpu06', port=9004): Read timed out.",0,59.56268577710819
298,2026-09-21T07:59:23.798+00:00,2026-09-21T08:04:23.844+00:00,2026-09-21T08:04:23.844+00:00,False,1,0.0,,0.0,300046.27988499997,300046.27988499997,300046.27988499997,300046.27988499997,300046.27988499997,300046.27988499997,nan,300046.27988499997,nan,nan,0.0,29,64,,True,False,"HTTPConnectionPool(host='gpu06', port=9004): Read timed out.",0,59.56268577710819
299,2026-09-21T07:59:24.097+00:00,2026-09-21T08:04:24.178+00:00,2026-09-21T08:04:24.178+00:00,False,1,0.0,,0.0,300080.609975,300080.609975,300080.609975,300080.609975,300080.609975,300080.609975,nan,300080.609975,nan,nan,0.0,29,64,,True,False,"HTTPConnectionPool(host='gpu06', port=9004): Read timed out.",0,59.56268577710819
300,2026-09-21T07:59:24.327+00:00,2026-09-21T08:04:24.434+00:00,2026-09-21T08:04:24.434+00:00,False,1,0.0,,0.0,300107.43005,300107.43005,300107.43005,300107.43005,300107.43005,300107.43005,nan,300107.43005,nan,nan,0.0,29,64,,True,False,"HTTPConnectionPool(host='gpu06', port=9004): Read timed out.",0,59.56268577710819
301,2026-09-21T07:59:24.622+00:00,2026-09-21T08:04:24.689+00:00,2026-09-21T08:04:24.689+00:00,False,1,0.0,,0.0,300067.26408999995,300067.26408999995,300067.26408999995,300067.26408999995,300067.26408999995,300067.26408999995,nan,300067.26408999995,nan,nan,0.0,29,64,,True,False,"HTTPConnectionPool(host='gpu06', port=9004): Read timed out.",0,59.56268577710819
302,2026-09-21T07:59:24.894+00:00,2026-09-21T08:04:24.997+00:00,2026-09-21T08:04:24.997+00:00,False,1,0.0,,0.0,300102.78338200005,300102.78338200005,300102.78338200005,300102.78338200005,300102.78338200005,300102.78338200005,nan,300102.78338200005,nan,nan,0.0,29,64,,True,False,"HTTPConnectionPool(host='gpu06', port=9004): Read timed out.",0,59.56268577710819
303,2026-09-21T07:59:25.232+00:00,2026-09-21T08:04:25.326+00:00,2026-09-21T08:04:25.326+00:00,False,1,0.0,,0.0,300094.04255,300094.04255,300094.04255,300094.04255,300094.04255,300094.04255,nan,300094.04255,nan,nan,0.0,29,64,,True,False,TTFT timeout: 300.0s exceeded (TTFT: 300.089s),0,59.56268577710819
304,2026-09-21T07:59:25.527+00:00,2026-09-21T08:04:25.529+00:00,2026-09-21T08:04:25.640+00:00,False,3,2.0,,2.0,300002.19018800004,300113.191532,300113.19152100006,100037.73050700001,0.02956,300002.19018800004,173174.3108220136,270013.06834650005,55.500672,78.44816861594443,0.006664152247991895,29,64,,True,False,Request timeout: 300.0s exceeded,12,59.56268577710819
305,2026-09-21T07:59:25.873+00:00,2026-09-21T08:04:25.973+00:00,2026-09-21T08:04:25.973+00:00,False,1,0.0,,0.0,300100.59770700004,300100.59770700004,300100.59770700004,300100.59770700004,300100.59770700004,300100.59770700004,nan,300100.59770700004,nan,nan,0.0,29,64,,True,False,"HTTPConnectionPool(host='gpu06', port=9004): Read timed out.",0,59.56268577710819
306,2026-09-21T07:59:26.086+00:00,2026-09-21T08:04:26.165+00:00,2026-09-21T08:04:26.165+00:00,False,1,0.0,,0.0,300079.419883,300079.419883,300079.419883,300079.419883,300079.419883,300079.419883,nan,300079.419883,nan,nan,0.0,29,64,,True,False,"HTTPConnectionPool(host='gpu06', port=9004): Read timed out.",0,59.56268577710819
307,2026-09-21T07:59:26.302+00:00,2026-09-21T08:04:26.347+00:00,2026-09-21T08:04:26.347+00:00,False,1,0.0,,0.0,300044.60580699996,300044.60580699996,300044.60580699996,300044.60580699996,300044.60580699996,300044.60580699996,nan,300044.60580699996,nan,nan,0.0,29,64,,True,False,"HTTPConnectionPool(host='gpu06', port=9004): Read timed out.",0,59.56268577710819
308,2026-09-21T07:59:26.549+00:00,2026-09-21T08:04:26.655+00:00,2026-09-21T08:04:26.655+00:00,False,1,0.0,,0.0,300106.112602,300106.112602,300106.112602,300106.112602,300106.112602,300106.112602,nan,300106.112602,nan,nan,0.0,29,64,,True,False,"HTTPConnectionPool(host='gpu06', port=9004): Read timed out.",0,59.56268577710819
309,2026-09-21T07:59:26.844+00:00,2026-09-21T08:04:26.951+00:00,2026-09-21T08:04:26.951+00:00,False,1,0.0,,0.0,300106.678452,300106.678452,300106.678452,300106.678452,300106.678452,300106.678452,nan,300106.678452,nan,nan,0.0,29,64,,True,False,"HTTPConnectionPool(host='gpu06', port=9004): Read timed out.",0,59.56268577710819
310,2026-09-21T07:59:27.105+00:00,2026-09-21T08:04:27.210+00:00,2026-09-21T08:04:27.210+00:00,False,1,0.0,,0.0,300104.940434,300104.940434,300104.940434,300104.940434,300104.940434,300104.940434,nan,300104.940434,nan,nan,0.0,29,64,,True,False,"HTTPConnectionPool(host='gpu06', port=9004): Read timed out.",0,59.56268577710819
311,2026-09-21T07:59:27.408+00:00,2026-09-21T08:04:27.516+00:00,2026-09-21T08:04:27.516+00:00,False,1,0.0,,0.0,300108.239694,300108.239694,300108.239694,300108.239694,300108.239694,300108.239694,nan,300108.239694,nan,nan,0.0,29,64,,True,False,TTFT timeout: 300.0s exceeded (TTFT: 300.092s),0,59.56268577710819
312,2026-09-21T07:59:27.732+00:00,2026-09-21T08:04:27.764+00:00,2026-09-21T08:04:27.764+00:00,False,1,0.0,,0.0,300031.617671,300031.617671,300031.617671,300031.617671,300031.617671,300031.617671,nan,300031.617671,nan,nan,0.0,29,64,,True,False,TTFT timeout: 300.0s exceeded (TTFT: 300.027s),0,59.56268577710819
313,2026-09-21T07:59:27.952+00:00,2026-09-21T08:04:28.058+00:00,2026-09-21T08:04:28.058+00:00,False,1,0.0,,0.0,300106.876657,300106.876657,300106.876657,300106.876657,300106.876657,300106.876657,nan,300106.876657,nan,nan,0.0,29,64,,True,False,"HTTPConnectionPool(host='gpu06', port=9004): Read timed out.",0,59.56268577710819
314,2026-09-21T07:59:28.198+00:00,2026-09-21T08:04:28.304+00:00,2026-09-21T08:04:28.304+00:00,False,1,0.0,,0.0,300106.54108099994,300106.54108099994,300106.54108099994,300106.54108099994,300106.54108099994,300106.54108099994,nan,300106.54108099994,nan,nan,0.0,29,64,,True,False,"HTTPConnectionPool(host='gpu06', port=9004): Read timed out.",0,59.56268577710819
315,2026-09-21T07:59:28.430+00:00,2026-09-21T08:04:28.548+00:00,2026-09-21T08:04:28.548+00:00,False,1,0.0,,0.0,300118.458566,300118.458566,300118.458566,300118.458566,300118.458566,300118.458566,nan,300118.458566,nan,nan,0.0,29,64,,True,False,"HTTPConnectionPool(host='gpu06', port=9004): Read timed out.",0,59.56268577710819
316,2026-09-21T07:59:28.681+00:00,2026-09-21T08:04:28.784+00:00,2026-09-21T08:04:28.784+00:00,False,1,0.0,,0.0,300102.079828,300102.079828,300102.079828,300102.079828,300102.079828,300102.079828,nan,300102.079828,nan,nan,0.0,29,64,,True,False,"HTTPConnectionPool(host='gpu06', port=9004): Read timed out.",0,59.56268577710819
317,2026-09-21T07:59:28.945+00:00,2026-09-21T08:04:29.046+00:00,2026-09-21T08:04:29.046+00:00,False,1,0.0,,0.0,300101.492981,300101.492981,300101.492981,300101.492981,300101.492981,300101.492981,nan,300101.492981,nan,nan,0.0,29,64,,True,False,"HTTPConnectionPool(host='gpu06', port=9004): Read timed out.",0,59.56268577710819
318,2026-09-21T07:59:29.149+00:00,2026-09-21T08:04:29.229+00:00,2026-09-21T08:04:29.229+00:00,False,1,0.0,,0.0,300079.807707,300079.807707,300079.807707,300079.807707,300079.807707,300079.807707,nan,300079.807707,nan,nan,0.0,29,64,,True,False,"HTTPConnectionPool(host='gpu06', port=9004): Read timed out.",0,59.56268577710819
319,2026-09-21T07:59:29.456+00:00,2026-09-21T08:04:29.575+00:00,2026-09-21T08:04:29.575+00:00,False,1,0.0,,0.0,300118.94060699997,300118.94060699997,300118.94060699997,300118.94060699997,300118.94060699997,300118.94060699997,nan,300118.94060699997,nan,nan,0.0,29,64,,True,False,"HTTPConnectionPool(host='gpu06', port=9004): Read timed out.",0,59.56268577710819
320,2026-09-21T07:59:29.810+00:00,2026-09-21T08:04:29.751+00:00,2026-09-21T08:04:29.825+00:00,False,3,2.0,,2.0,299941.7695,300015.6063,300015.60645099997,100005.20215033334,0.03444,299941.7695,173150.15039874474,269954.9728011,36.9184,52.161988799071224,0.006666319878040291,29,64,,True,False,Request timeout: 300.0s exceeded,3,59.56268577710819
321,2026-09-21T07:59:30.067+00:00,2026-09-21T08:04:30.175+00:00,2026-09-21T08:04:30.175+00:00,False,1,0.0,,0.0,300108.38632499997,300108.38632499997,300108.38632499997,300108.38632499997,300108.38632499997,300108.38632499997,nan,300108.38632499997,nan,nan,0.0,29,64,,True,False,"HTTPConnectionPool(host='gpu06', port=9004): Read timed out.",0,59.56268577710819
322,2026-09-21T07:59:30.306+00:00,2026-09-21T08:04:30.415+00:00,2026-09-21T08:04:30.415+00:00,False,1,0.0,,0.0,300108.96577999997,300108.96577999997,300108.96577999997,300108.96577999997,300108.96577999997,300108.96577999997,nan,300108.96577999997,nan,nan,0.0,29,64,,True,False,"HTTPConnectionPool(host='gpu06', port=9004): Read timed out.",0,59.56268577710819
323,2026-09-21T07:59:30.622+00:00,2026-09-21T08:04:30.721+00:00,2026-09-21T08:04:30.721+00:00,False,1,0.0,,0.0,300099.254029,300099.254029,300099.254029,300099.254029,300099.254029,300099.254029,nan,300099.254029,nan,nan,0.0,29,64,,True,False,"HTTPConnectionPool(host='gpu06', port=9004): Read timed out.",0,59.56268577710819
324,2026-09-21T07:59:30.975+00:00,2026-09-21T08:04:31.080+00:00,2026-09-21T08:04:31.080+00:00,False,1,0.0,,0.0,300105.514236,300105.514236,300105.514236,300105.514236,300105.514236,300105.514236,nan,300105.514236,nan,nan,0.0,29,64,,True,False,"HTTPConnectionPool(host='gpu06', port=9004): Read timed out.",0,59.56268577710819
325,2026-09-21T07:59:31.309+00:00,2026-09-21T08:04:31.413+00:00,2026-09-21T08:04:31.413+00:00,False,1,0.0,,0.0,300104.518352,300104.518352,300104.518352,300104.518352,300104.518352,300104.518352,nan,300104.518352,nan,nan,0.0,29,64,,True,False,"HTTPConnectionPool(host='gpu06', port=9004): Read timed out.",0,59.56268577710819
326,2026-09-21T07:59:31.538+00:00,2026-09-21T08:04:31.692+00:00,2026-09-21T08:04:32.855+00:00,False,20,19.0,,19.0,300153.588378,301316.70159400004,301316.701633,15065.83508165,0.05752,300153.588378,67102.70253330863,15183.4867837,61.216485052631576,34.13571387932275,0.06305657767886019,29,64,,True,False,Request timeout: 300.0s exceeded,57,59.56268577710819
327,2026-09-21T07:59:31.781+00:00,2026-09-21T08:04:31.874+00:00,2026-09-21T08:04:32.916+00:00,False,20,19.0,,19.0,300092.91272100003,301134.51886500005,301134.518983,15056.72594915,0.02598,300092.91272100003,67090.55881577464,15082.968397450002,54.821376,16.86638837790806,0.06309472614302906,29,64,,True,False,Request timeout: 300.0s exceeded,96,59.56268577710819
331,2026-09-21T07:59:32.848+00:00,2026-09-21T08:04:32.692+00:00,2026-09-21T08:04:33.014+00:00,False,8,7.0,,7.0,299844.30754400004,300165.97308,300165.97302100004,37520.746627625005,0.03638,299844.30754400004,105994.7267892532,194919.06233845002,45.952219428571425,20.90485829593538,0.023320431453882233,29,64,,True,False,Request timeout: 300.0s exceeded,14,59.56268577710819
332,2026-09-21T07:59:33.077+00:00,2026-09-21T08:04:33.165+00:00,2026-09-21T08:04:33.165+00:00,False,1,0.0,,0.0,300087.884394,300087.884394,300087.884394,300087.884394,300087.884394,300087.884394,nan,300087.884394,nan,nan,0.0,29,64,,True,False,"HTTPConnectionPool(host='gpu06', port=9004): Read timed out.",0,59.56268577710819
328,2026-09-21T07:59:32.127+00:00,2026-09-21T08:04:33.222+00:00,2026-09-21T08:04:33.222+00:00,False,1,0.0,,0.0,301094.41836799996,301094.41836799996,301094.41836799996,301094.41836799996,301094.41836799996,301094.41836799996,nan,301094.41836799996,nan,nan,0.0,29,64,,True,False,"HTTPConnectionPool(host='gpu06', port=9004): Read timed out.",0,59.56268577710819
333,2026-09-21T07:59:33.278+00:00,2026-09-21T08:04:33.305+00:00,2026-09-21T08:04:33.305+00:00,False,1,0.0,,0.0,300027.015479,300027.015479,300027.015479,300027.015479,300027.015479,300027.015479,nan,300027.015479,nan,nan,0.0,29,64,,True,False,"HTTPConnectionPool(host='gpu06', port=9004): Read timed out.",0,59.56268577710819
329,2026-09-21T07:59:32.392+00:00,2026-09-21T08:04:33.502+00:00,2026-09-21T08:04:33.502+00:00,False,1,0.0,,0.0,301109.254651,301109.254651,301109.254651,301109.254651,301109.254651,301109.254651,nan,301109.254651,nan,nan,0.0,29,64,,True,False,"HTTPConnectionPool(host='gpu06', port=9004): Read timed out.",0,59.56268577710819
334,2026-09-21T07:59:33.541+00:00,2026-09-21T08:04:33.619+00:00,2026-09-21T08:04:33.619+00:00,False,1,0.0,,0.0,300078.723043,300078.723043,300078.723043,300078.723043,300078.723043,300078.723043,nan,300078.723043,nan,nan,0.0,29,64,,True,False,"HTTPConnectionPool(host='gpu06', port=9004): Read timed out.",0,59.56268577710819
330,2026-09-21T07:59:32.599+00:00,2026-09-21T08:04:34.281+00:00,2026-09-21T08:04:35.052+00:00,False,15,14.0,,14.0,301681.591949,302453.394573,302453.39470600005,20163.559647066668,0.02067,301681.591949,77879.62091737174,90578.9352358,55.128758857142856,22.454201259715937,0.04628812323222567,29,64,,True,False,Request timeout: 300.0s exceeded,28,59.56268577710819
336,2026-09-21T07:59:34.998+00:00,2026-09-21T08:04:35.307+00:00,2026-09-21T08:04:35.307+00:00,False,1,0.0,,0.0,300309.72006,300309.72006,300309.72006,300309.72006,300309.72006,300309.72006,nan,300309.72006,nan,nan,0.0,29,64,,True,False,"HTTPConnectionPool(host='gpu06', port=9004): Read timed out.",0,59.56268577710819
335,2026-09-21T07:59:34.794+00:00,2026-09-21T08:04:35.676+00:00,2026-09-21T08:04:35.676+00:00,False,1,0.0,,0.0,300882.600936,300882.600936,300882.600936,300882.600936,300882.600936,300882.600936,nan,300882.600936,nan,nan,0.0,29,64,,True,False,"HTTPConnectionPool(host='gpu06', port=9004): Read timed out.",0,59.56268577710819
338,2026-09-21T07:59:35.445+00:00,2026-09-21T08:04:35.696+00:00,2026-09-21T08:04:35.696+00:00,False,1,0.0,,0.0,300250.911288,300250.911288,300250.911288,300250.911288,300250.911288,300250.911288,nan,300250.911288,nan,nan,0.0,29,64,,True,False,"HTTPConnectionPool(host='gpu06', port=9004): Read timed out.",0,59.56268577710819
337,2026-09-21T07:59:35.402+00:00,2026-09-21T08:04:35.893+00:00,2026-09-21T08:04:35.893+00:00,False,1,0.0,,0.0,300490.66492799995,300490.66492799995,300490.66492799995,300490.66492799995,300490.66492799995,300490.66492799995,nan,300490.66492799995,nan,nan,0.0,29,64,,True,False,"HTTPConnectionPool(host='gpu06', port=9004): Read timed out.",0,59.56268577710819
339,2026-09-21T07:59:35.583+00:00,2026-09-21T08:04:35.893+00:00,2026-09-21T08:04:35.893+00:00,False,1,0.0,,0.0,300310.007722,300310.007722,300310.007722,300310.007722,300310.007722,300310.007722,nan,300310.007722,nan,nan,0.0,29,64,,True,False,"HTTPConnectionPool(host='gpu06', port=9004): Read timed out.",0,59.56268577710819
340,2026-09-21T07:59:35.688+00:00,2026-09-21T08:04:35.893+00:00,2026-09-21T08:04:35.893+00:00,False,1,0.0,,0.0,300205.185283,300205.185283,300205.185283,300205.185283,300205.185283,300205.185283,nan,300205.185283,nan,nan,0.0,29,64,,True,False,"HTTPConnectionPool(host='gpu06', port=9004): Read timed out.",0,59.56268577710819
342,2026-09-21T07:59:35.879+00:00,2026-09-21T08:04:36.056+00:00,2026-09-21T08:04:36.056+00:00,False,1,0.0,,0.0,300177.437796,300177.437796,300177.437796,300177.437796,300177.437796,300177.437796,nan,300177.437796,nan,nan,0.0,29,64,,True,False,"HTTPConnectionPool(host='gpu06', port=9004): Read timed out.",0,59.56268577710819
341,2026-09-21T07:59:35.830+00:00,2026-09-21T08:04:36.124+00:00,2026-09-21T08:04:36.124+00:00,False,1,0.0,,0.0,300293.860506,300293.860506,300293.860506,300293.860506,300293.860506,300293.860506,nan,300293.860506,nan,nan,0.0,29,64,,True,False,"HTTPConnectionPool(host='gpu06', port=9004): Read timed out.",0,59.56268577710819
343,2026-09-21T07:59:35.919+00:00,2026-09-21T08:04:36.201+00:00,2026-09-21T08:04:36.201+00:00,False,1,0.0,,0.0,300282.030964,300282.030964,300282.030964,300282.030964,300282.030964,300282.030964,nan,300282.030964,nan,nan,0.0,29,64,,True,False,"HTTPConnectionPool(host='gpu06', port=9004): Read timed out.",0,59.56268577710819
344,2026-09-21T07:59:36.274+00:00,2026-09-21T08:04:36.382+00:00,2026-09-21T08:04:36.382+00:00,False,1,0.0,,0.0,300108.70715100004,300108.70715100004,300108.70715100004,300108.70715100004,300108.70715100004,300108.70715100004,nan,300108.70715100004,nan,nan,0.0,29,64,,True,False,"HTTPConnectionPool(host='gpu06', port=9004): Read timed out.",0,59.56268577710819
345,2026-09-21T07:59:36.567+00:00,2026-09-21T08:04:36.675+00:00,2026-09-21T08:04:36.675+00:00,False,1,0.0,,0.0,300108.589368,300108.589368,300108.589368,300108.589368,300108.589368,300108.589368,nan,300108.589368,nan,nan,0.0,29,64,,True,False,"HTTPConnectionPool(host='gpu06', port=9004): Read timed out.",0,59.56268577710819
346,2026-09-21T07:59:36.841+00:00,2026-09-21T08:04:36.942+00:00,2026-09-21T08:04:36.942+00:00,False,1,0.0,,0.0,300101.397598,300101.397598,300101.397598,300101.397598,300101.397598,300101.397598,nan,300101.397598,nan,nan,0.0,29,64,,True,False,"HTTPConnectionPool(host='gpu06', port=9004): Read timed out.",0,59.56268577710819
347,2026-09-21T07:59:37.128+00:00,2026-09-21T08:04:37.227+00:00,2026-09-21T08:04:37.227+00:00,False,1,0.0,,0.0,300099.77136400004,300099.77136400004,300099.77136400004,300099.77136400004,300099.77136400004,300099.77136400004,nan,300099.77136400004,nan,nan,0.0,29,64,,True,False,"HTTPConnectionPool(host='gpu06', port=9004): Read timed out.",0,59.56268577710819
348,2026-09-21T07:59:37.419+00:00,2026-09-21T08:04:37.466+00:00,2026-09-21T08:04:37.466+00:00,False,1,0.0,,0.0,300046.936145,300046.936145,300046.936145,300046.936145,300046.936145,300046.936145,nan,300046.936145,nan,nan,0.0,29,64,,True,False,"HTTPConnectionPool(host='gpu06', port=9004): Read timed out.",0,59.56268577710819
349,2026-09-21T07:59:37.718+00:00,2026-09-21T08:04:37.818+00:00,2026-09-21T08:04:37.818+00:00,False,1,0.0,,0.0,300100.257216,300100.257216,300100.257216,300100.257216,300100.257216,300100.257216,nan,300100.257216,nan,nan,0.0,29,64,,True,False,"HTTPConnectionPool(host='gpu06', port=9004): Read timed out.",0,59.56268577710819
350,2026-09-21T07:59:37.905+00:00,2026-09-21T08:04:37.912+00:00,2026-09-21T08:04:38.081+00:00,False,3,2.0,,2.0,300006.610424,300175.296504,300175.29673400003,100058.43224466668,0.01823,300006.610424,173160.2222758414,270022.8161896,84.34304,119.25336631406675,0.0066627734636829075,29,64,,True,False,Request timeout: 300.0s exceeded,6,59.56268577710819
351,2026-09-21T07:59:38.258+00:00,2026-09-21T08:04:38.254+00:00,2026-09-21T08:04:38.297+00:00,False,3,2.0,,2.0,299996.441092,300039.58042,300039.58023,100013.19340999999,0.0482,299996.441092,173190.57416109412,270001.1060766,21.569664,30.435686055628842,0.006665787217807629,29,64,,True,False,Request timeout: 300.0s exceeded,0,59.56268577710819
352,2026-09-21T07:59:38.537+00:00,2026-09-21T08:04:38.654+00:00,2026-09-21T08:04:38.654+00:00,False,1,0.0,,0.0,300117.26174299995,300117.26174299995,300117.26174299995,300117.26174299995,300117.26174299995,300117.26174299995,nan,300117.26174299995,nan,nan,0.0,29,64,,True,False,"HTTPConnectionPool(host='gpu06', port=9004): Read timed out.",0,59.56268577710819
353,2026-09-21T07:59:38.815+00:00,2026-09-21T08:04:38.920+00:00,2026-09-21T08:04:38.920+00:00,False,1,0.0,,0.0,300104.861093,300104.861093,300104.861093,300104.861093,300104.861093,300104.861093,nan,300104.861093,nan,nan,0.0,29,64,,True,False,"HTTPConnectionPool(host='gpu06', port=9004): Read timed out.",0,59.56268577710819
354,2026-09-21T07:59:39.120+00:00,2026-09-21T08:04:39.151+00:00,2026-09-21T08:04:39.151+00:00,False,1,0.0,,0.0,300030.508032,300030.508032,300030.508032,300030.508032,300030.508032,300030.508032,nan,300030.508032,nan,nan,0.0,29,64,,True,False,"HTTPConnectionPool(host='gpu06', port=9004): Read timed out.",0,59.56268577710819
355,2026-09-21T07:59:39.397+00:00,2026-09-21T08:04:39.509+00:00,2026-09-21T08:04:39.509+00:00,False,1,0.0,,0.0,300112.18691600004,300112.18691600004,300112.18691600004,300112.18691600004,300112.18691600004,300112.18691600004,nan,300112.18691600004,nan,nan,0.0,29,64,,True,False,"HTTPConnectionPool(host='gpu06', port=9004): Read timed out.",0,59.56268577710819
356,2026-09-21T07:59:39.626+00:00,2026-09-21T08:04:39.720+00:00,2026-09-21T08:04:39.720+00:00,False,1,0.0,,0.0,300093.399843,300093.399843,300093.399843,300093.399843,300093.399843,300093.399843,nan,300093.399843,nan,nan,0.0,29,64,,True,False,TTFT timeout: 300.0s exceeded (TTFT: 300.082s),0,59.56268577710819
357,2026-09-21T07:59:39.816+00:00,2026-09-21T08:04:39.921+00:00,2026-09-21T08:04:39.921+00:00,False,1,0.0,,0.0,300105.412643,300105.412643,300105.412643,300105.412643,300105.412643,300105.412643,nan,300105.412643,nan,nan,0.0,29,64,,True,False,"HTTPConnectionPool(host='gpu06', port=9004): Read timed out.",0,59.56268577710819
358,2026-09-21T07:59:40.075+00:00,2026-09-21T08:04:40.044+00:00,2026-09-21T08:04:40.156+00:00,False,3,2.0,,2.0,299969.421623,300081.207095,300081.207186,100027.069062,0.03742,299969.421623,173155.1656189957,269983.65427500004,55.892736,78.99140764323168,0.006664862552911679,29,64,,True,False,Request timeout: 300.0s exceeded,22,59.56268577710819
359,2026-09-21T07:59:40.326+00:00,2026-09-21T08:04:40.438+00:00,2026-09-21T08:04:40.438+00:00,False,1,0.0,,0.0,300112.586787,300112.586787,300112.586787,300112.586787,300112.586787,300112.586787,nan,300112.586787,nan,nan,0.0,29,64,,True,False,"HTTPConnectionPool(host='gpu06', port=9004): Read timed out.",0,59.56268577710819
360,2026-09-21T07:59:40.628+00:00,2026-09-21T08:04:40.624+00:00,2026-09-21T08:04:40.698+00:00,False,3,2.0,,2.0,299996.43616000004,300069.91404800006,300069.91399500007,100023.30466500002,0.10346999999999999,299996.43616000004,173181.81582398724,270004.12998050003,36.738944,51.810087209918805,0.006665113383143351,29,64,,True,False,Request timeout: 300.0s exceeded,8,59.56268577710819
361,2026-09-21T07:59:40.884+00:00,2026-09-21T08:04:40.995+00:00,2026-09-21T08:04:40.995+00:00,False,1,0.0,,0.0,300111.167454,300111.167454,300111.167454,300111.167454,300111.167454,300111.167454,nan,300111.167454,nan,nan,0.0,29,64,,True,False,"HTTPConnectionPool(host='gpu06', port=9004): Read timed out.",0,59.56268577710819
362,2026-09-21T07:59:41.193+00:00,2026-09-21T08:04:41.272+00:00,2026-09-21T08:04:41.272+00:00,False,1,0.0,,0.0,300078.27807999996,300078.27807999996,300078.27807999996,300078.27807999996,300078.27807999996,300078.27807999996,nan,300078.27807999996,nan,nan,0.0,29,64,,True,False,"HTTPConnectionPool(host='gpu06', port=9004): Read timed out.",0,59.56268577710819
363,2026-09-21T07:59:41.440+00:00,2026-09-21T08:04:41.543+00:00,2026-09-21T08:04:41.543+00:00,False,1,0.0,,0.0,300102.815171,300102.815171,300102.815171,300102.815171,300102.815171,300102.815171,nan,300102.815171,nan,nan,0.0,29,64,,True,False,"HTTPConnectionPool(host='gpu06', port=9004): Read timed out.",0,59.56268577710819
364,2026-09-21T07:59:41.782+00:00,2026-09-21T08:04:41.890+00:00,2026-09-21T08:04:41.890+00:00,False,1,0.0,,0.0,300108.06894,300108.06894,300108.06894,300108.06894,300108.06894,300108.06894,nan,300108.06894,nan,nan,0.0,29,64,,True,False,"HTTPConnectionPool(host='gpu06', port=9004): Read timed out.",0,59.56268577710819
365,2026-09-21T07:59:42.038+00:00,2026-09-21T08:04:42.145+00:00,2026-09-21T08:04:42.145+00:00,False,1,0.0,,0.0,300106.671612,300106.671612,300106.671612,300106.671612,300106.671612,300106.671612,nan,300106.671612,nan,nan,0.0,29,64,,True,False,"HTTPConnectionPool(host='gpu06', port=9004): Read timed out.",0,59.56268577710819
366,2026-09-21T07:59:42.386+00:00,2026-09-21T08:04:42.456+00:00,2026-09-21T08:04:42.456+00:00,False,1,0.0,,0.0,300069.77116299997,300069.77116299997,300069.77116299997,300069.77116299997,300069.77116299997,300069.77116299997,nan,300069.77116299997,nan,nan,0.0,29,64,,True,False,TTFT timeout: 300.0s exceeded (TTFT: 300.058s),0,59.56268577710819
367,2026-09-21T07:59:42.610+00:00,2026-09-21T08:04:42.600+00:00,2026-09-21T08:04:42.770+00:00,False,3,2.0,,2.0,299990.20803399995,300159.76041799993,300159.76051299996,100053.25350433332,0.02914,299990.20803399995,173150.50251737464,270008.13956449996,84.776192,119.85036808414118,0.0066631183247708396,29,64,,True,False,Request timeout: 300.0s exceeded,10,59.56268577710819
368,2026-09-21T07:59:42.822+00:00,2026-09-21T08:04:42.910+00:00,2026-09-21T08:04:42.910+00:00,False,1,0.0,,0.0,300088.56793699996,300088.56793699996,300088.56793699996,300088.56793699996,300088.56793699996,300088.56793699996,nan,300088.56793699996,nan,nan,0.0,29,64,,True,False,TTFT timeout: 300.0s exceeded (TTFT: 300.078s),0,59.56268577710819
369,2026-09-21T07:59:43.044+00:00,2026-09-21T08:04:43.152+00:00,2026-09-21T08:04:43.152+00:00,False,1,0.0,,0.0,300108.356642,300108.356642,300108.356642,300108.356642,300108.356642,300108.356642,nan,300108.356642,nan,nan,0.0,29,64,,True,False,"HTTPConnectionPool(host='gpu06', port=9004): Read timed out.",0,59.56268577710819
370,2026-09-21T07:59:43.317+00:00,2026-09-21T08:04:43.425+00:00,2026-09-21T08:04:43.425+00:00,False,1,0.0,,0.0,300107.854431,300107.854431,300107.854431,300107.854431,300107.854431,300107.854431,nan,300107.854431,nan,nan,0.0,29,64,,True,False,"HTTPConnectionPool(host='gpu06', port=9004): Read timed out.",0,59.56268577710819
371,2026-09-21T07:59:43.522+00:00,2026-09-21T08:04:43.626+00:00,2026-09-21T08:04:43.626+00:00,False,1,0.0,,0.0,300104.467321,300104.467321,300104.467321,300104.467321,300104.467321,300104.467321,nan,300104.467321,nan,nan,0.0,29,64,,True,False,"HTTPConnectionPool(host='gpu06', port=9004): Read timed out.",0,59.56268577710819
372,2026-09-21T07:59:43.874+00:00,2026-09-21T08:04:43.961+00:00,2026-09-21T08:04:43.961+00:00,False,1,0.0,,0.0,300087.423499,300087.423499,300087.423499,300087.423499,300087.423499,300087.423499,nan,300087.423499,nan,nan,0.0,29,64,,True,False,"HTTPConnectionPool(host='gpu06', port=9004): Read timed out.",0,59.56268577710819
373,2026-09-21T07:59:44.126+00:00,2026-09-21T08:04:44.237+00:00,2026-09-21T08:04:44.237+00:00,False,1,0.0,,0.0,300111.430621,300111.430621,300111.430621,300111.430621,300111.430621,300111.430621,nan,300111.430621,nan,nan,0.0,29,64,,True,False,TTFT timeout: 300.0s exceeded (TTFT: 300.097s),0,59.56268577710819
374,2026-09-21T07:59:44.426+00:00,2026-09-21T08:04:44.516+00:00,2026-09-21T08:04:44.516+00:00,False,1,0.0,,0.0,300089.638637,300089.638637,300089.638637,300089.638637,300089.638637,300089.638637,nan,300089.638637,nan,nan,0.0,29,64,,True,False,"HTTPConnectionPool(host='gpu06', port=9004): Read timed out.",0,59.56268577710819
375,2026-09-21T07:59:44.763+00:00,2026-09-21T08:04:44.749+00:00,2026-09-21T08:04:44.922+00:00,False,3,2.0,,2.0,299985.869183,300158.66534300003,300158.665293,100052.888431,0.02429,299985.869183,173147.06192919353,270004.5594467,86.39808,122.15094282515875,0.006663142633961747,29,64,,True,False,Request timeout: 300.0s exceeded,11,59.56268577710819
376,2026-09-21T07:59:45.111+00:00,2026-09-21T08:04:45.210+00:00,2026-09-21T08:04:45.210+00:00,False,1,0.0,,0.0,300099.686744,300099.686744,300099.686744,300099.686744,300099.686744,300099.686744,nan,300099.686744,nan,nan,0.0,29,64,,True,False,"HTTPConnectionPool(host='gpu06', port=9004): Read timed out.",0,59.56268577710819
377,2026-09-21T07:59:45.391+00:00,2026-09-21T08:04:45.708+00:00,2026-09-21T08:04:47.031+00:00,False,21,20.0,,20.0,300316.48499,301639.26822200004,301639.268159,14363.774674238097,0.02532,300316.48499,65520.00507072382,172.129749,66.13916160000001,33.34474771259946,0.06630436454076141,29,64,,True,False,Request timeout: 300.0s exceeded,113,59.56268577710819
378,2026-09-21T07:59:45.648+00:00,2026-09-21T08:04:46.200+00:00,2026-09-21T08:04:47.072+00:00,False,17,16.0,,16.0,300551.87765700003,301424.625689,301424.62580300006,17730.86034135294,0.04438,300551.87765700003,72881.309876861,60173.1843194,54.546752,17.213774137292354,0.05308126356108765,29,64,,True,False,Request timeout: 300.0s exceeded,65,59.56268577710819
383,2026-09-21T07:59:47.034+00:00,2026-09-21T08:04:47.231+00:00,2026-09-21T08:04:47.231+00:00,False,1,0.0,,0.0,300197.048662,300197.048662,300197.048662,300197.048662,300197.048662,300197.048662,nan,300197.048662,nan,nan,0.0,29,64,,True,False,"HTTPConnectionPool(host='gpu06', port=9004): Read timed out.",0,59.56268577710819
380,2026-09-21T07:59:46.177+00:00,2026-09-21T08:04:47.352+00:00,2026-09-21T08:04:47.352+00:00,False,1,0.0,,0.0,301174.559239,301174.559239,301174.559239,301174.559239,301174.559239,301174.559239,nan,301174.559239,nan,nan,0.0,29,64,,True,False,"HTTPConnectionPool(host='gpu06', port=9004): Read timed out.",0,59.56268577710819
384,2026-09-21T07:59:47.265+00:00,2026-09-21T08:04:47.396+00:00,2026-09-21T08:04:47.396+00:00,False,1,0.0,,0.0,300131.384181,300131.384181,300131.384181,300131.384181,300131.384181,300131.384181,nan,300131.384181,nan,nan,0.0,29,64,,True,False,"HTTPConnectionPool(host='gpu06', port=9004): Read timed out.",0,59.56268577710819
385,2026-09-21T07:59:47.479+00:00,2026-09-21T08:04:47.547+00:00,2026-09-21T08:04:47.547+00:00,False,1,0.0,,0.0,300067.498573,300067.498573,300067.498573,300067.498573,300067.498573,300067.498573,nan,300067.498573,nan,nan,0.0,29,64,,True,False,"HTTPConnectionPool(host='gpu06', port=9004): Read timed out.",0,59.56268577710819
381,2026-09-21T07:59:46.495+00:00,2026-09-21T08:04:47.550+00:00,2026-09-21T08:04:47.550+00:00,False,1,0.0,,0.0,301055.012449,301055.012449,301055.012449,301055.012449,301055.012449,301055.012449,nan,301055.012449,nan,nan,0.0,29,64,,True,False,"HTTPConnectionPool(host='gpu06', port=9004): Read timed out.",0,59.56268577710819
386,2026-09-21T07:59:47.740+00:00,2026-09-21T08:04:47.759+00:00,2026-09-21T08:04:47.759+00:00,False,1,0.0,,0.0,300019.842057,300019.842057,300019.842057,300019.842057,300019.842057,300019.842057,nan,300019.842057,nan,nan,0.0,29,64,,True,False,"HTTPConnectionPool(host='gpu06', port=9004): Read timed out.",0,59.56268577710819
382,2026-09-21T07:59:46.821+00:00,2026-09-21T08:04:47.865+00:00,2026-09-21T08:04:47.865+00:00,False,1,0.0,,0.0,301044.21201200003,301044.21201200003,301044.21201200003,301044.21201200003,301044.21201200003,301044.21201200003,nan,301044.21201200003,nan,nan,0.0,29,64,,True,False,"HTTPConnectionPool(host='gpu06', port=9004): Read timed out.",0,59.56268577710819
387,2026-09-21T07:59:47.959+00:00,2026-09-21T08:04:48.086+00:00,2026-09-21T08:04:48.086+00:00,False,1,0.0,,0.0,300127.031798,300127.031798,300127.031798,300127.031798,300127.031798,300127.031798,nan,300127.031798,nan,nan,0.0,29,64,,True,False,"HTTPConnectionPool(host='gpu06', port=9004): Read timed out.",0,59.56268577710819
388,2026-09-21T07:59:48.220+00:00,2026-09-21T08:04:48.325+00:00,2026-09-21T08:04:48.325+00:00,False,1,0.0,,0.0,300105.048161,300105.048161,300105.048161,300105.048161,300105.048161,300105.048161,nan,300105.048161,nan,nan,0.0,29,64,,True,False,"HTTPConnectionPool(host='gpu06', port=9004): Read timed out.",0,59.56268577710819
389,2026-09-21T07:59:48.432+00:00,2026-09-21T08:04:48.549+00:00,2026-09-21T08:04:48.549+00:00,False,1,0.0,,0.0,300117.52354799997,300117.52354799997,300117.52354799997,300117.52354799997,300117.52354799997,300117.52354799997,nan,300117.52354799997,nan,nan,0.0,29,64,,True,False,"HTTPConnectionPool(host='gpu06', port=9004): Read timed out.",0,59.56268577710819
390,2026-09-21T07:59:48.651+00:00,2026-09-21T08:04:48.756+00:00,2026-09-21T08:04:48.756+00:00,False,1,0.0,,0.0,300104.999476,300104.999476,300104.999476,300104.999476,300104.999476,300104.999476,nan,300104.999476,nan,nan,0.0,29,64,,True,False,"HTTPConnectionPool(host='gpu06', port=9004): Read timed out.",0,59.56268577710819
391,2026-09-21T07:59:48.996+00:00,2026-09-21T08:04:49.021+00:00,2026-09-21T08:04:49.021+00:00,False,1,0.0,,0.0,300025.42426999996,300025.42426999996,300025.42426999996,300025.42426999996,300025.42426999996,300025.42426999996,nan,300025.42426999996,nan,nan,0.0,29,64,,True,False,TTFT timeout: 300.0s exceeded (TTFT: 300.022s),0,59.56268577710819
379,2026-09-21T07:59:45.908+00:00,2026-09-21T08:04:49.023+00:00,2026-09-21T08:04:49.023+00:00,False,1,0.0,,0.0,303115.388191,303115.388191,303115.388191,303115.388191,303115.388191,303115.388191,nan,303115.388191,nan,nan,0.0,29,64,,True,False,TTFT timeout: 300.0s exceeded (TTFT: 300.018s),0,59.56268577710819
392,2026-09-21T07:59:49.320+00:00,2026-09-21T08:04:49.282+00:00,2026-09-21T08:04:49.282+00:00,True,1,1.0,,1.0,299962.00373500003,299962.00373500003,299962.00373500003,299962.00373500003,299962.00373500003,299962.00373500003,nan,299962.00373500003,nan,nan,0.0033337555675332967,29,64,,True,True,,3,59.56268577710819
393,2026-09-21T07:59:49.618+00:00,2026-09-21T08:04:49.721+00:00,2026-09-21T08:04:49.721+00:00,False,1,0.0,,0.0,300103.140272,300103.140272,300103.140272,300103.140272,300103.140272,300103.140272,nan,300103.140272,nan,nan,0.0,29,64,,True,False,"HTTPConnectionPool(host='gpu06', port=9004): Read timed out.",0,59.56268577710819
394,2026-09-21T07:59:49.897+00:00,2026-09-21T08:04:49.974+00:00,2026-09-21T08:04:49.974+00:00,False,1,0.0,,0.0,300077.121672,300077.121672,300077.121672,300077.121672,300077.121672,300077.121672,nan,300077.121672,nan,nan,0.0,29,64,,True,False,"HTTPConnectionPool(host='gpu06', port=9004): Read timed out.",0,59.56268577710819
395,2026-09-21T07:59:50.130+00:00,2026-09-21T08:04:50.235+00:00,2026-09-21T08:04:50.235+00:00,False,1,0.0,,0.0,300105.194736,300105.194736,300105.194736,300105.194736,300105.194736,300105.194736,nan,300105.194736,nan,nan,0.0,29,64,,True,False,"HTTPConnectionPool(host='gpu06', port=9004): Read timed out.",0,59.56268577710819
396,2026-09-21T07:59:50.368+00:00,2026-09-21T08:04:50.476+00:00,2026-09-21T08:04:50.476+00:00,False,1,0.0,,0.0,300108.31588,300108.31588,300108.31588,300108.31588,300108.31588,300108.31588,nan,300108.31588,nan,nan,0.0,29,64,,True,False,"HTTPConnectionPool(host='gpu06', port=9004): Read timed out.",0,59.56268577710819
397,2026-09-21T07:59:50.711+00:00,2026-09-21T08:04:50.828+00:00,2026-09-21T08:04:50.828+00:00,False,1,0.0,,0.0,300117.12721899996,300117.12721899996,300117.12721899996,300117.12721899996,300117.12721899996,300117.12721899996,nan,300117.12721899996,nan,nan,0.0,29,64,,True,False,"HTTPConnectionPool(host='gpu06', port=9004): Read timed out.",0,59.56268577710819
398,2026-09-21T07:59:51.011+00:00,2026-09-21T08:04:51.073+00:00,2026-09-21T08:04:51.073+00:00,False,1,0.0,,0.0,300061.80687699997,300061.80687699997,300061.80687699997,300061.80687699997,300061.80687699997,300061.80687699997,nan,300061.80687699997,nan,nan,0.0,29,64,,True,False,TTFT timeout: 300.0s exceeded (TTFT: 300.057s),0,59.56268577710819
399,2026-09-21T07:59:51.333+00:00,2026-09-21T08:04:51.339+00:00,2026-09-21T08:04:51.339+00:00,False,1,0.0,,0.0,300005.636692,300005.636692,300005.636692,300005.636692,300005.636692,300005.636692,nan,300005.636692,nan,nan,0.0,29,64,,True,False,TTFT timeout: 300.0s exceeded (TTFT: 300.001s),0,59.56268577710819
400,2026-09-21T07:59:51.569+00:00,2026-09-21T08:04:51.567+00:00,2026-09-21T08:04:51.611+00:00,False,3,2.0,,2.0,299997.040518,300041.051782,300041.051905,100013.68396833334,0.03313,299997.040518,173190.66849991336,270001.7342919,22.005632,31.07396023430757,0.006665754529660609,29,64,,True,False,Request timeout: 300.0s exceeded,7,59.56268577710819
401,2026-09-21T07:59:51.828+00:00,2026-09-21T08:04:51.933+00:00,2026-09-21T08:04:51.933+00:00,False,1,0.0,,0.0,300105.482182,300105.482182,300105.482182,300105.482182,300105.482182,300105.482182,nan,300105.482182,nan,nan,0.0,29,64,,True,False,"HTTPConnectionPool(host='gpu06', port=9004): Read timed out.",0,59.56268577710819
402,2026-09-21T07:59:52.077+00:00,2026-09-21T08:04:52.094+00:00,2026-09-21T08:04:52.094+00:00,False,1,0.0,,0.0,300017.719621,300017.719621,300017.719621,300017.719621,300017.719621,300017.719621,nan,300017.719621,nan,nan,0.0,29,64,,True,False,"HTTPConnectionPool(host='gpu06', port=9004): Read timed out.",0,59.56268577710819
403,2026-09-21T07:59:52.388+00:00,2026-09-21T08:04:52.492+00:00,2026-09-21T08:04:52.492+00:00,False,1,0.0,,0.0,300103.963129,300103.963129,300103.963129,300103.963129,300103.963129,300103.963129,nan,300103.963129,nan,nan,0.0,29,64,,True,False,"HTTPConnectionPool(host='gpu06', port=9004): Read timed out.",0,59.56268577710819
404,2026-09-21T07:59:52.735+00:00,2026-09-21T08:04:52.847+00:00,2026-09-21T08:04:52.847+00:00,False,1,0.0,,0.0,300112.34749699995,300112.34749699995,300112.34749699995,300112.34749699995,300112.34749699995,300112.34749699995,nan,300112.34749699995,nan,nan,0.0,29,64,,True,False,"HTTPConnectionPool(host='gpu06', port=9004): Read timed out.",0,59.56268577710819
407,2026-09-21T07:59:54.286+00:00,2026-09-21T08:04:53.294+00:00,2026-09-21T08:04:54.686+00:00,False,26,25.0,,25.0,299008.440953,300400.210809,300400.21084799996,11553.854263384615,0.14495,299008.440953,58629.46367443232,73.1789735,55.67079424,14.837359638395238,0.08322231177093102,29,64,,True,False,Request timeout: 300.0s exceeded,171,59.56268577710819
405,2026-09-21T07:59:54.198+00:00,2026-09-21T08:04:54.729+00:00,2026-09-21T08:04:54.729+00:00,False,1,0.0,,0.0,300531.391723,300531.391723,300531.391723,300531.391723,300531.391723,300531.391723,nan,300531.391723,nan,nan,0.0,29,64,,True,False,"HTTPConnectionPool(host='gpu06', port=9004): Read timed out.",0,59.56268577710819
408,2026-09-21T07:59:54.317+00:00,2026-09-21T08:04:54.768+00:00,2026-09-21T08:04:54.768+00:00,False,1,0.0,,0.0,300450.82655,300450.82655,300450.82655,300450.82655,300450.82655,300450.82655,nan,300450.82655,nan,nan,0.0,29,64,,True,False,"HTTPConnectionPool(host='gpu06', port=9004): Read timed out.",0,59.56268577710819
406,2026-09-21T07:59:54.235+00:00,2026-09-21T08:04:54.768+00:00,2026-09-21T08:04:54.768+00:00,False,1,0.0,,0.0,300533.105798,300533.105798,300533.105798,300533.105798,300533.105798,300533.105798,nan,300533.105798,nan,nan,0.0,29,64,,True,False,"HTTPConnectionPool(host='gpu06', port=9004): Read timed out.",0,59.56268577710819
409,2026-09-21T07:59:54.488+00:00,2026-09-21T08:04:54.866+00:00,2026-09-21T08:04:54.866+00:00,False,1,0.0,,0.0,300377.068509,300377.068509,300377.068509,300377.068509,300377.068509,300377.068509,nan,300377.068509,nan,nan,0.0,29,64,,True,False,"HTTPConnectionPool(host='gpu06', port=9004): Read timed out.",0,59.56268577710819
410,2026-09-21T07:59:54.556+00:00,2026-09-21T08:04:54.894+00:00,2026-09-21T08:04:54.894+00:00,False,1,0.0,,0.0,300337.73187099997,300337.73187099997,300337.73187099997,300337.73187099997,300337.73187099997,300337.73187099997,nan,300337.73187099997,nan,nan,0.0,29,64,,True,False,"HTTPConnectionPool(host='gpu06', port=9004): Read timed out.",0,59.56268577710819
411,2026-09-21T07:59:54.740+00:00,2026-09-21T08:04:54.934+00:00,2026-09-21T08:04:54.934+00:00,False,1,0.0,,0.0,300194.522143,300194.522143,300194.522143,300194.522143,300194.522143,300194.522143,nan,300194.522143,nan,nan,0.0,29,64,,True,False,"HTTPConnectionPool(host='gpu06', port=9004): Read timed out.",0,59.56268577710819
412,2026-09-21T07:59:54.909+00:00,2026-09-21T08:04:55.225+00:00,2026-09-21T08:04:55.225+00:00,False,1,0.0,,0.0,300316.40301,300316.40301,300316.40301,300316.40301,300316.40301,300316.40301,nan,300316.40301,nan,nan,0.0,29,64,,True,False,"HTTPConnectionPool(host='gpu06', port=9004): Read timed out.",0,59.56268577710819
413,2026-09-21T07:59:55.316+00:00,2026-09-21T08:04:55.553+00:00,2026-09-21T08:04:55.553+00:00,False,1,0.0,,0.0,300237.08190499997,300237.08190499997,300237.08190499997,300237.08190499997,300237.08190499997,300237.08190499997,nan,300237.08190499997,nan,nan,0.0,29,64,,True,False,"HTTPConnectionPool(host='gpu06', port=9004): Read timed out.",0,59.56268577710819
414,2026-09-21T07:59:55.410+00:00,2026-09-21T08:04:55.601+00:00,2026-09-21T08:04:55.601+00:00,False,1,0.0,,0.0,300191.467283,300191.467283,300191.467283,300191.467283,300191.467283,300191.467283,nan,300191.467283,nan,nan,0.0,29,64,,True,False,"HTTPConnectionPool(host='gpu06', port=9004): Read timed out.",0,59.56268577710819
415,2026-09-21T07:59:55.606+00:00,2026-09-21T08:04:55.745+00:00,2026-09-21T08:04:55.745+00:00,False,1,0.0,,0.0,300139.50275700004,300139.50275700004,300139.50275700004,300139.50275700004,300139.50275700004,300139.50275700004,nan,300139.50275700004,nan,nan,0.0,29,64,,True,False,"HTTPConnectionPool(host='gpu06', port=9004): Read timed out.",0,59.56268577710819
416,2026-09-21T07:59:55.893+00:00,2026-09-21T08:04:56.000+00:00,2026-09-21T08:04:56.000+00:00,False,1,0.0,,0.0,300107.515186,300107.515186,300107.515186,300107.515186,300107.515186,300107.515186,nan,300107.515186,nan,nan,0.0,29,64,,True,False,"HTTPConnectionPool(host='gpu06', port=9004): Read timed out.",0,59.56268577710819
417,2026-09-21T07:59:56.141+00:00,2026-09-21T08:04:56.256+00:00,2026-09-21T08:04:56.256+00:00,False,1,0.0,,0.0,300115.440409,300115.440409,300115.440409,300115.440409,300115.440409,300115.440409,nan,300115.440409,nan,nan,0.0,29,64,,True,False,"HTTPConnectionPool(host='gpu06', port=9004): Read timed out.",0,59.56268577710819
418,2026-09-21T07:59:56.434+00:00,2026-09-21T08:04:56.539+00:00,2026-09-21T08:04:56.539+00:00,False,1,0.0,,0.0,300105.04339600005,300105.04339600005,300105.04339600005,300105.04339600005,300105.04339600005,300105.04339600005,nan,300105.04339600005,nan,nan,0.0,29,64,,True,False,"HTTPConnectionPool(host='gpu06', port=9004): Read timed out.",0,59.56268577710819
419,2026-09-21T07:59:56.778+00:00,2026-09-21T08:04:56.871+00:00,2026-09-21T08:04:56.871+00:00,False,1,0.0,,0.0,300092.863045,300092.863045,300092.863045,300092.863045,300092.863045,300092.863045,nan,300092.863045,nan,nan,0.0,29,64,,True,False,"HTTPConnectionPool(host='gpu06', port=9004): Read timed out.",0,59.56268577710819
420,2026-09-21T07:59:57.022+00:00,2026-09-21T08:04:57.128+00:00,2026-09-21T08:04:57.128+00:00,False,1,0.0,,0.0,300106.107079,300106.107079,300106.107079,300106.107079,300106.107079,300106.107079,nan,300106.107079,nan,nan,0.0,29,64,,True,False,"HTTPConnectionPool(host='gpu06', port=9004): Read timed out.",0,59.56268577710819
421,2026-09-21T07:59:57.229+00:00,2026-09-21T08:04:57.338+00:00,2026-09-21T08:04:57.338+00:00,False,1,0.0,,0.0,300109.254667,300109.254667,300109.254667,300109.254667,300109.254667,300109.254667,nan,300109.254667,nan,nan,0.0,29,64,,True,False,"HTTPConnectionPool(host='gpu06', port=9004): Read timed out.",0,59.56268577710819
422,2026-09-21T07:59:57.444+00:00,2026-09-21T08:04:57.447+00:00,2026-09-21T08:04:57.500+00:00,False,3,2.0,,2.0,300002.180991,300055.93407899997,300055.93400799995,100018.64466933333,0.02813,300002.180991,173190.82487425525,270007.3353806,26.876544,37.96934878060081,0.006665423918839851,29,64,,True,False,Request timeout: 300.0s exceeded,18,59.56268577710819
423,2026-09-21T07:59:57.654+00:00,2026-09-21T08:04:57.755+00:00,2026-09-21T08:04:57.755+00:00,False,1,0.0,,0.0,300101.67503399996,300101.67503399996,300101.67503399996,300101.67503399996,300101.67503399996,300101.67503399996,nan,300101.67503399996,nan,nan,0.0,29,64,,True,False,"HTTPConnectionPool(host='gpu06', port=9004): Read timed out.",0,59.56268577710819
424,2026-09-21T07:59:57.965+00:00,2026-09-21T08:04:58.072+00:00,2026-09-21T08:04:58.072+00:00,False,1,0.0,,0.0,300107.43936799996,300107.43936799996,300107.43936799996,300107.43936799996,300107.43936799996,300107.43936799996,nan,300107.43936799996,nan,nan,0.0,29,64,,True,False,"HTTPConnectionPool(host='gpu06', port=9004): Read timed out.",0,59.56268577710819
425,2026-09-21T07:59:58.159+00:00,2026-09-21T08:04:58.230+00:00,2026-09-21T08:04:58.230+00:00,False,1,0.0,,0.0,300071.65019099996,300071.65019099996,300071.65019099996,300071.65019099996,300071.65019099996,300071.65019099996,nan,300071.65019099996,nan,nan,0.0,29,64,,True,False,"HTTPConnectionPool(host='gpu06', port=9004): Read timed out.",0,59.56268577710819
426,2026-09-21T07:59:58.509+00:00,2026-09-21T08:04:58.599+00:00,2026-09-21T08:04:58.599+00:00,False,1,0.0,,0.0,300090.85216799995,300090.85216799995,300090.85216799995,300090.85216799995,300090.85216799995,300090.85216799995,nan,300090.85216799995,nan,nan,0.0,29,64,,True,False,TTFT timeout: 300.0s exceeded (TTFT: 300.076s),0,59.56268577710819
427,2026-09-21T07:59:58.843+00:00,2026-09-21T08:04:58.935+00:00,2026-09-21T08:04:58.935+00:00,False,1,0.0,,0.0,300092.240557,300092.240557,300092.240557,300092.240557,300092.240557,300092.240557,nan,300092.240557,nan,nan,0.0,29,64,,True,False,"HTTPConnectionPool(host='gpu06', port=9004): Read timed out.",0,59.56268577710819
428,2026-09-21T07:59:59.163+00:00,2026-09-21T08:04:59.212+00:00,2026-09-21T08:04:59.212+00:00,False,1,0.0,,0.0,300049.318422,300049.318422,300049.318422,300049.318422,300049.318422,300049.318422,nan,300049.318422,nan,nan,0.0,29,64,,True,False,TTFT timeout: 300.0s exceeded (TTFT: 300.034s),0,59.56268577710819
429,2026-09-21T07:59:59.477+00:00,2026-09-21T08:04:59.372+00:00,2026-09-21T08:04:59.534+00:00,False,5,4.0,,4.0,299894.402435,300056.815235,300056.815295,60011.363058999996,0.03234,299894.402435,134098.6978351389,239927.83943940004,40.6032,27.802840747562183,0.013330808689905145,29,64,,True,False,Request timeout: 300.0s exceeded,9,59.56268577710819
430,2026-09-21T07:59:59.766+00:00,2026-09-21T08:04:59.881+00:00,2026-09-21T08:04:59.881+00:00,False,1,0.0,,0.0,300115.363658,300115.363658,300115.363658,300115.363658,300115.363658,300115.363658,nan,300115.363658,nan,nan,0.0,29,64,,True,False,"HTTPConnectionPool(host='gpu06', port=9004): Read timed out.",0,59.56268577710819
431,2026-09-21T08:00:00.081+00:00,2026-09-21T08:05:00.137+00:00,2026-09-21T08:05:00.137+00:00,False,1,0.0,,0.0,300055.842695,300055.842695,300055.842695,300055.842695,300055.842695,300055.842695,nan,300055.842695,nan,nan,0.0,29,64,,True,False,"HTTPConnectionPool(host='gpu06', port=9004): Read timed out.",0,59.56268577710819
432,2026-09-21T08:00:00.427+00:00,2026-09-21T08:05:00.534+00:00,2026-09-21T08:05:00.534+00:00,False,1,0.0,,0.0,300106.94615,300106.94615,300106.94615,300106.94615,300106.94615,300106.94615,nan,300106.94615,nan,nan,0.0,29,64,,True,False,"HTTPConnectionPool(host='gpu06', port=9004): Read timed out.",0,59.56268577710819
433,2026-09-21T08:00:00.667+00:00,2026-09-21T08:05:00.731+00:00,2026-09-21T08:05:00.731+00:00,False,1,0.0,,0.0,300064.364887,300064.364887,300064.364887,300064.364887,300064.364887,300064.364887,nan,300064.364887,nan,nan,0.0,29,64,,True,False,"HTTPConnectionPool(host='gpu06', port=9004): Read timed out.",0,59.56268577710819
434,2026-09-21T08:00:00.882+00:00,2026-09-21T08:05:00.974+00:00,2026-09-21T08:05:00.974+00:00,False,1,0.0,,0.0,300091.223643,300091.223643,300091.223643,300091.223643,300091.223643,300091.223643,nan,300091.223643,nan,nan,0.0,29,64,,True,False,"HTTPConnectionPool(host='gpu06', port=9004): Read timed out.",0,59.56268577710819
435,2026-09-21T08:00:01.142+00:00,2026-09-21T08:05:01.169+00:00,2026-09-21T08:05:02.970+00:00,False,29,28.0,,28.0,300026.20653799997,301827.35879399994,301827.358908,10407.839962344826,0.02076,300026.20653799997,55701.53348949027,174.43498140000003,64.32686628571429,35.33016001573071,0.09276826365866411,29,64,,True,False,Request timeout: 300.0s exceeded,56,59.56268577710819
436,2026-09-21T08:00:01.431+00:00,2026-09-21T08:05:01.385+00:00,2026-09-21T08:05:01.760+00:00,True,7,7.0,,7.0,299953.6417,300329.17910799995,300329.179167,42904.16845242857,44.923167,299953.6417,113348.16502764176,209998.4932282,62.589568,20.54816383497636,0.02330775857607483,29,64,,True,True,,32,59.56268577710819
437,2026-09-21T08:00:01.642+00:00,2026-09-21T08:05:02.174+00:00,2026-09-21T08:05:03.024+00:00,False,17,16.0,,16.0,300531.502333,301382.02905300003,301382.029111,17728.354653588234,0.03653,300531.502333,72876.70465366839,60162.42622260001,53.15792,15.685162863785619,0.05308876594359345,29,64,,True,False,Request timeout: 300.0s exceeded,31,59.56268577710819
438,2026-09-21T08:00:01.948+00:00,2026-09-21T08:05:03.169+00:00,2026-09-21T08:05:03.169+00:00,False,1,0.0,,0.0,301220.803125,301220.803125,301220.803125,301220.803125,301220.803125,301220.803125,nan,301220.803125,nan,nan,0.0,29,64,,True,False,"HTTPConnectionPool(host='gpu06', port=9004): Read timed out.",0,59.56268577710819
439,2026-09-21T08:00:02.221+00:00,2026-09-21T08:05:03.386+00:00,2026-09-21T08:05:03.386+00:00,False,1,0.0,,0.0,301165.627708,301165.627708,301165.627708,301165.627708,301165.627708,301165.627708,nan,301165.627708,nan,nan,0.0,29,64,,True,False,"HTTPConnectionPool(host='gpu06', port=9004): Read timed out.",0,59.56268577710819
0,2026-09-21T07:58:02.274+00:00,2026-09-21T07:58:02.478+00:00,2026-09-21T07:58:04.963+00:00,True,46,46.0,,46.0,203.547874,2688.9080019999997,2688.907882,58.45451917391304,0.016030000000000003,221.859525,44.25619364785682,162.97957824999997,55.23022506666667,38.91062748918758,17.107316414613432,30,64,,False,True,,46,59.56268577710819
2,2026-09-21T07:58:03.121+00:00,2026-09-21T07:58:03.489+00:00,2026-09-21T07:58:06.315+00:00,True,47,47.0,,47.0,368.74134499999997,3194.605281,3194.605156,67.9703224680851,41.578072999999996,368.74134499999997,45.99824899619978,78.54157000000001,61.431824695652175,10.433687990800852,14.712302730961396,30,64,,False,True,,235,59.56268577710819
1,2026-09-21T07:58:02.597+00:00,2026-09-21T07:58:03.492+00:00,2026-09-21T07:58:03.618+00:00,True,3,3.0,,3.0,894.64025,1021.049978,1021.050009,340.350003,47.349623,894.64025,480.2912112439406,813.0822386,63.204864,22.422503109635908,2.938151965760093,30,64,,False,True,,14,59.56268577710819
4,2026-09-21T07:58:03.568+00:00,2026-09-21T07:58:04.075+00:00,2026-09-21T07:58:06.238+00:00,True,36,36.0,,36.0,507.299604,2669.7984199999996,2669.798309,74.16106413888889,45.007283,507.299604,74.73311227424435,76.4981475,61.78568045714286,8.58703551459252,13.484164096553778,30,64,,False,True,,174,59.56268577710819
3,2026-09-21T07:58:03.357+00:00,2026-09-21T07:58:06.481+00:00,2026-09-21T07:58:10.509+00:00,True,66,66.0,,66.0,3123.689001,7152.545577000001,7152.545543,108.37190216666667,44.719214,3123.689001,377.0259146487026,79.9064655,61.98240886153846,10.925088500794502,9.227484018030186,30,64,,False,True,,396,59.56268577710819
5,2026-09-21T07:58:03.806+00:00,2026-09-21T07:58:06.901+00:00,2026-09-21T07:58:11.646+00:00,True,77,77.0,,77.0,3094.413988,7839.377571999999,7839.37779,101.81010116883117,40.567034,3094.413988,345.717528346179,81.2038288,62.43373136842106,11.57610832179587,9.822208369580494,30,64,,False,True,,154,59.56268577710819
6,2026-09-21T07:58:04.028+00:00,2026-09-21T07:58:09.933+00:00,2026-09-21T07:58:11.646+00:00,True,28,28.0,,28.0,5904.987748,7617.877348,7617.877366,272.0670487857143,47.640225,5904.987748,1103.9891789581975,81.1226295,63.440355555555556,9.635028623753824,3.675564559640899,30,64,,False,True,,57,59.56268577710819
7,2026-09-21T07:58:04.274+00:00,2026-09-21T07:58:11.146+00:00,2026-09-21T07:58:15.081+00:00,True,63,63.0,,63.0,6872.7417479999995,10807.213172,10807.213096,171.543065015873,0.01881,6872.7417479999995,859.1487762705551,84.2530499,63.45921651612903,46.88935795916018,5.829439930288811,30,64,,False,True,,126,59.56268577710819
8,2026-09-21T07:58:04.569+00:00,2026-09-21T07:58:13.183+00:00,2026-09-21T07:58:13.689+00:00,True,14,14.0,,14.0,8613.697269,9120.510709,9120.510601,651.4650429285714,0.01575,8613.697269,2291.9320260060654,3065.6820878500002,38.98564923076923,34.80433903909429,1.5350017610510545,30,64,,False,True,,70,59.56268577710819
9,2026-09-21T07:58:04.887+00:00,2026-09-21T07:58:14.337+00:00,2026-09-21T07:58:15.999+00:00,True,29,29.0,,29.0,9449.734718,11111.540541999999,11111.54039,383.15656517241376,38.087154000000005,9449.734718,1743.7839245029456,80.44947800000001,59.350208,10.973725662408436,2.60989913058268,30,64,,False,True,,145,59.56268577710819
10,2026-09-21T07:58:05.216+00:00,2026-09-21T07:58:16.809+00:00,2026-09-21T07:58:20.365+00:00,True,58,58.0,,58.0,11592.270421,15149.117780999999,15149.117790999999,261.1916860517241,40.151154999999996,11592.270421,1513.9770516628562,76.3759695,62.40083087719298,9.775219009383669,3.828605786717396,30,64,,False,True,,58,59.56268577710819
11,2026-09-21T07:58:05.521+00:00,2026-09-21T07:58:18.232+00:00,2026-09-21T07:58:21.051+00:00,True,45,45.0,,45.0,12710.881139000001,15529.437299000001,15529.437312000002,345.0986069333334,40.874064,12710.881139000001,1885.3140752578215,77.16703,64.05809454545455,11.94922700192618,2.8977225081360625,30,64,,False,True,,180,59.56268577710819
12,2026-09-21T07:58:05.790+00:00,2026-09-21T07:58:19.890+00:00,2026-09-21T07:58:22.385+00:00,True,40,40.0,,40.0,14100.053903,16594.295695,16594.295602,414.85739005,31.308422999999998,14100.053903,2219.337091976524,86.24123110000001,63.954917743589746,12.623119953253221,2.410466869772143,30,64,,False,True,,277,59.56268577710819
13,2026-09-21T07:58:06.085+00:00,2026-09-21T07:58:21.367+00:00,2026-09-21T07:58:24.443+00:00,True,48,48.0,,48.0,15282.736836999999,18358.106053,18358.106035999997,382.4605424166666,0.0,15282.736836999999,2198.1064752893412,292.9446801,65.43338757446809,86.79830974252117,2.6146488020835927,30,64,,False,True,,223,59.56268577710819
14,2026-09-21T07:58:06.357+00:00,2026-09-21T07:58:22.600+00:00,2026-09-21T07:58:25.180+00:00,True,41,41.0,,41.0,16243.114747,18823.669499,18823.669465,459.1138893902439,0.0,16243.114747,2528.5641575767177,423.952134,64.5138688,99.02316758640576,2.1781087902216996,30,64,,False,True,,84,59.56268577710819
15,2026-09-21T07:58:06.647+00:00,2026-09-21T07:58:24.175+00:00,2026-09-21T07:58:28.445+00:00,True,70,70.0,,70.0,17527.42823,21798.100102,21798.100154,311.4014307714286,0.0,17527.42823,2088.0803837843437,78.3521445,61.89379524637681,48.26242314337476,3.2112890422765523,30,64,,False,True,,277,59.56268577710819
16,2026-09-21T07:58:06.864+00:00,2026-09-21T07:58:25.251+00:00,2026-09-21T07:58:30.076+00:00,True,79,79.0,,79.0,18386.638399,23211.500095,23211.500229999998,293.81645860759494,0.0,18386.638399,2062.2289781680392,78.488042,61.857201230769235,47.054637125695194,3.403485327388101,30,64,,False,True,,497,59.56268577710819
17,2026-09-21T07:58:07.108+00:00,2026-09-21T07:58:26.972+00:00,2026-09-21T07:58:29.739+00:00,True,50,50.0,,50.0,19864.057083,22631.890171,22631.89013,452.6378026,0.0,19864.057083,2801.2766970435714,77.67603100000001,56.48638955102041,19.00980464630679,2.209271944243919,30,64,,False,True,,200,59.56268577710819
18,2026-09-21T07:58:07.354+00:00,2026-09-21T07:58:28.092+00:00,2026-09-21T07:58:32.032+00:00,True,62,62.0,,62.0,20738.800583,24678.637767,24678.637872,398.0425463225806,0.0,20738.800583,2626.1833705904482,80.95711145,64.58749481967213,54.46999968978008,2.5122942597304014,30,64,,False,True,,121,59.56268577710819
19,2026-09-21T07:58:07.631+00:00,2026-09-21T07:58:29.610+00:00,2026-09-21T07:58:32.406+00:00,True,44,44.0,,44.0,21978.666331999997,24775.407451999996,24775.407421999997,563.0774414090909,0.0,21978.666331999997,3304.232820882165,80.21117484999999,65.0404911627907,65.25458061813592,1.7759546471736471,30,64,,False,True,,396,59.56268577710819
20,2026-09-21T07:58:07.973+00:00,2026-09-21T07:58:31.458+00:00,2026-09-21T07:58:34.673+00:00,True,52,52.0,,52.0,23485.335228,26700.059836,26700.059712,513.4626867692308,0.015130000000000001,23485.335228,3249.0503650455366,82.12962745,63.033815843137255,79.82720572076133,1.9475611784917348,30,64,,False,True,,159,59.56268577710819
21,2026-09-21T07:58:08.237+00:00,2026-09-21T07:58:32.703+00:00,2026-09-21T07:58:35.391+00:00,True,40,40.0,,40.0,24465.286831,27153.625775,27153.62581,678.8406452500001,0.0,24465.286831,3859.402367576311,583.3184600000001,68.93176779487179,125.85415015269292,1.473099774278671,30,64,,False,True,,179,59.56268577710819
22,2026-09-21T07:58:08.536+00:00,2026-09-21T07:58:34.126+00:00,2026-09-21T07:58:40.542+00:00,True,93,93.0,,93.0,25590.573117,32006.010429,32006.010444,344.15064993548384,0.0,25590.573117,2647.5938934313417,77.41242600000001,69.73301426086957,80.34296326679852,2.9057042334690544,30,64,,False,True,,352,59.56268577710819
23,2026-09-21T07:58:08.801+00:00,2026-09-21T07:58:35.418+00:00,2026-09-21T07:58:36.050+00:00,True,11,11.0,,11.0,26616.791094,27248.719158,27248.719249,2477.156295363636,48.800665,26616.791094,8006.21568680749,13346.092320999998,63.1928064,9.013599914319535,0.40368869950243114,30,64,,False,True,,66,59.56268577710819
24,2026-09-21T07:58:09.068+00:00,2026-09-21T07:58:36.826+00:00,2026-09-21T07:58:37.899+00:00,True,18,18.0,,18.0,27758.283062,28830.412086,28830.412113,1601.6895618333333,42.463665,27758.283062,6527.837642238472,4230.814835599999,63.06641317647058,13.155520540736331,0.6243407116869054,30,64,,False,True,,198,59.56268577710819
25,2026-09-21T07:58:09.419+00:00,2026-09-21T07:58:38.228+00:00,2026-09-21T07:58:42.703+00:00,True,72,72.0,,72.0,28808.766181000003,33284.293605,33284.293626000006,462.2818559166667,0.0,28808.766181000003,3388.470082657274,80.55933955,63.03559752112676,71.9516974374358,2.1631824563999182,30,64,,False,True,,144,59.56268577710819
26,2026-09-21T07:58:09.775+00:00,2026-09-21T07:58:40.559+00:00,2026-09-21T07:58:45.631+00:00,True,81,81.0,,81.0,30784.466086,35855.895974,35855.895923000004,442.66538176543213,0.016309999999999998,30784.466086,3414.4824423445975,78.356579,63.3928736,84.38512541127632,2.2590426985490786,30,64,,False,True,,246,59.56268577710819
27,2026-09-21T07:58:10.090+00:00,2026-09-21T07:58:42.249+00:00,2026-09-21T07:58:44.259+00:00,True,32,32.0,,32.0,32158.613309,34168.406589,34168.406608,1067.7627065,0.01593,32158.613309,5674.915379645257,382.60335395000004,64.83204129032258,131.86391338234287,0.9365376730883879,30,64,,False,True,,192,59.56268577710819
28,2026-09-21T07:58:10.355+00:00,2026-09-21T07:58:43.478+00:00,2026-09-21T07:58:45.182+00:00,True,30,30.0,,30.0,33123.292249,34827.607897,34827.607756,1160.9202585333333,0.0249,33123.292249,6036.755614188346,95.3583127,58.76950510344828,18.4741865595222,0.8613856021557013,30,64,,False,True,,90,59.56268577710819
29,2026-09-21T07:58:10.723+00:00,2026-09-21T07:58:45.368+00:00,2026-09-21T07:58:50.279+00:00,True,77,77.0,,77.0,34644.47055699999,39555.39305299999,39555.39281699999,513.7064002207792,0.0,34644.47055699999,3941.5409442702676,79.7126028,64.6174012631579,79.98401479619406,1.9466372106789138,30,64,,False,True,,231,59.56268577710819
30,2026-09-21T07:58:11.003+00:00,2026-09-21T07:58:46.927+00:00,2026-09-21T07:58:50.278+00:00,True,53,53.0,,53.0,35924.04035,39274.385822000004,39274.385737000004,741.0261459811321,44.644645,35924.04035,4925.705068179114,77.08536400000001,64.42972061538461,9.36366958633239,1.3494800463642498,30,64,,False,True,,162,59.56268577710819
31,2026-09-21T07:58:11.313+00:00,2026-09-21T07:58:48.350+00:00,2026-09-21T07:58:48.751+00:00,True,7,7.0,,7.0,37036.873585,37438.368881,37438.368737000004,5348.338391,41.998334,37036.873585,13973.336576628779,25949.9971582,66.91588266666666,14.170173627654203,0.18697395771300562,30,64,,False,True,,28,59.56268577710819
32,2026-09-21T07:58:11.625+00:00,2026-09-21T07:58:49.794+00:00,2026-09-21T07:58:52.577+00:00,True,45,45.0,,45.0,38169.032503,40951.989559,40951.989522,910.0442116,43.672744,38169.032503,5680.483616741701,80.9160368,63.249024,10.116465312401708,1.0988477112978352,30,64,,False,True,,269,59.56268577710819
33,2026-09-21T07:58:11.889+00:00,2026-09-21T07:58:51.212+00:00,2026-09-21T07:58:54.217+00:00,True,48,48.0,,48.0,39323.64518199999,42328.315389999996,42328.315323999996,881.8399025833332,0.0,39323.64518199999,5668.785650065575,91.790851,63.92915336170213,157.20286274260184,1.1339926845125505,30,64,,False,True,,192,59.56268577710819
34,2026-09-21T07:58:12.113+00:00,2026-09-21T07:58:52.398+00:00,2026-09-21T07:58:53.815+00:00,True,16,16.0,,16.0,40284.473163,41701.742411,41701.74235,2606.358896875,0.0,40284.473163,10052.167049562238,10999.062764999999,94.48461653333334,317.1249005050877,0.3836770138357469,30,64,,False,True,,48,59.56268577710819
35,2026-09-21T07:58:12.324+00:00,2026-09-21T07:58:53.668+00:00,2026-09-21T07:58:55.641+00:00,True,36,36.0,,36.0,41343.990912,43316.647552,43316.647387000005,1203.2402051944446,0.03523,41343.990912,6881.324418086724,97.57838749999999,56.361618285714286,27.367982635483155,0.8310892470795058,30,64,,False,True,,108,59.56268577710819
36,2026-09-21T07:58:12.533+00:00,2026-09-21T07:58:54.671+00:00,2026-09-21T07:58:59.420+00:00,True,77,77.0,,77.0,42137.560056,46887.189496,46887.189529,608.9245393376624,30.887304,42137.560056,4794.90991143676,77.326996,62.49512421052632,10.459173786061687,1.6422396144381604,30,64,,False,True,,307,59.56268577710819
38,2026-09-21T07:58:13.156+00:00,2026-09-21T07:58:56.536+00:00,2026-09-21T07:58:59.781+00:00,True,52,52.0,,52.0,43379.784644,46624.87418,46624.874241,896.6321969423077,33.129574,43379.784644,6006.879122521955,78.22588900000001,63.6292065882353,10.584511141412651,1.1152845109940412,30,64,,False,True,,260,59.56268577710819
37,2026-09-21T07:58:13.136+00:00,2026-09-21T07:58:56.688+00:00,2026-09-21T07:59:02.456+00:00,True,92,92.0,,92.0,43552.115232000004,49320.45904,49320.459231,536.0919481630435,0.0,43552.115232000004,4534.958854945667,81.00725195,63.38839349450549,93.1205407302955,1.8653516571162878,30,64,,False,True,,816,59.56268577710819
39,2026-09-21T07:58:13.493+00:00,2026-09-21T07:58:59.852+00:00,2026-09-21T07:59:05.672+00:00,True,90,90.0,,90.0,46358.494383000005,52179.086511,52179.086478000005,579.7676275333334,0.0,46358.494383000005,4881.602644314,83.50282849999999,65.3999115505618,136.30794199728982,1.7248289691891574,30,64,,False,True,,810,59.56268577710819
40,2026-09-21T07:58:13.765+00:00,2026-09-21T07:59:01.265+00:00,2026-09-21T07:59:02.462+00:00,True,24,24.0,,24.0,47500.129212,48696.521148,48696.521287,2029.0217202916667,0.0,47500.129212,9685.334749636866,81.77103235,52.01704069565217,24.405076551199205,0.49284834797661303,30,64,,False,True,,151,59.56268577710819
41,2026-09-21T07:58:14.034+00:00,2026-09-21T07:59:02.718+00:00,2026-09-21T07:59:06.867+00:00,True,69,69.0,,69.0,48683.869735,52832.822055,52832.822066,765.6930734202898,0.015269999999999999,48683.869735,5854.492251384463,88.6777756,61.01400470588236,108.36759565186108,1.3060063293262976,30,64,,False,True,,552,59.56268577710819
42,2026-09-21T07:58:14.350+00:00,2026-09-21T07:59:04.450+00:00,2026-09-21T07:59:06.805+00:00,True,39,39.0,,39.0,50100.269312,52455.50975999999,52455.509747,1345.0130704358974,0.015269999999999999,50100.269312,8013.737672219776,177.1565842,61.980011789473686,140.46828409478752,0.7434871985504846,30,64,,False,True,,78,59.56268577710819
43,2026-09-21T07:58:14.643+00:00,2026-09-21T07:59:06.026+00:00,2026-09-21T07:59:08.030+00:00,True,33,33.0,,33.0,51382.730645,53386.509973,53386.51001300001,1617.7730306969697,43.554764000000006,51382.730645,8933.689459393221,79.528734,62.618104,9.175916956358256,0.618133682398224,30,64,,False,True,,43,59.56268577710819
44,2026-09-21T07:58:14.972+00:00,2026-09-21T07:59:07.548+00:00,2026-09-21T07:59:08.950+00:00,True,23,23.0,,23.0,52575.416029,53977.832669,53977.832524,2346.862283652174,43.995993999999996,52575.416029,10949.445377816073,82.32124390000001,63.746210909090905,11.04052301205483,0.4261008429337906,30,64,,False,True,,69,59.56268577710819
45,2026-09-21T07:58:15.260+00:00,2026-09-21T07:59:09.095+00:00,2026-09-21T07:59:11.685+00:00,True,43,43.0,,43.0,53834.722199,56424.623767000005,56424.623808000004,1312.2005536744186,0.0,53834.722199,8201.875556559147,115.30803460000001,61.66432304761904,161.95715319091144,0.7620786303788983,30,64,,False,True,,381,59.56268577710819
46,2026-09-21T07:58:15.488+00:00,2026-09-21T07:59:10.396+00:00,2026-09-21T07:59:15.025+00:00,True,73,73.0,,73.0,54908.365861,59536.695844999995,59536.695780999995,815.5711750821918,3.99593,54908.365861,6419.029790581402,78.938675,64.28236088888889,14.132197722555606,1.226134553890106,30,64,,False,True,,267,59.56268577710819
47,2026-09-21T07:58:15.751+00:00,2026-09-21T07:59:11.811+00:00,2026-09-21T07:59:12.366+00:00,True,10,10.0,,10.0,56059.702509999996,56614.924525999995,56614.924359,5661.4924359,53.304064,56059.702509999996,17708.127680852027,30867.108379149995,61.691335111111115,8.229482211499283,0.1766318701954212,30,64,,False,True,,10,59.56268577710819
48,2026-09-21T07:58:15.962+00:00,2026-09-21T07:59:13.261+00:00,2026-09-21T07:59:19.328+00:00,True,92,92.0,,92.0,57299.167136,63366.263712,63366.263579,688.7637345543478,0.015550000000000001,57299.167136,5967.959001408091,82.11815450000002,66.67139094505495,113.03787106920136,1.4518766708124133,30,64,,False,True,,206,59.56268577710819
49,2026-09-21T07:58:16.266+00:00,2026-09-21T07:59:14.651+00:00,2026-09-21T07:59:15.392+00:00,True,13,13.0,,13.0,58384.605937,59125.429745,59125.429892,4548.109991692308,47.016155,58384.605937,16175.855902512581,23398.200258400004,61.735317333333334,8.43780501414883,0.21987155198815883,30,64,,False,True,,53,59.56268577710819
50,2026-09-21T07:58:16.576+00:00,2026-09-21T07:59:16.270+00:00,2026-09-21T07:59:16.270+00:00,True,1,1.0,,1.0,59693.384747000004,59693.384747000004,59693.384747000004,59693.384747000004,59693.384747000004,59693.384747000004,nan,59693.384747000004,nan,nan,0.016752275050884207,30,64,,False,True,,6,59.56268577710819
51,2026-09-21T07:58:16.815+00:00,2026-09-21T07:59:17.637+00:00,2026-09-21T07:59:19.399+00:00,True,20,20.0,,20.0,60822.344412,62584.345052,62584.344807,3129.21724035,0.01616,60822.344412,13582.019629933384,4164.1487899,92.73687578947369,265.927682136692,0.3195687353344103,30,64,,False,True,,160,59.56268577710819
52,2026-09-21T07:58:17.065+00:00,2026-09-21T07:59:19.509+00:00,2026-09-21T07:59:19.509+00:00,True,5,5.0,,5.0,62443.480011,62443.580619,62443.580451,12488.7160902,0.01653,62443.480011,27925.561981718176,49954.7930928,0.025152,0.013703972757318708,0.08007228205742299,30,64,,False,True,,21,59.56268577710819
53,2026-09-21T07:58:17.388+00:00,2026-09-21T07:59:21.318+00:00,2026-09-21T07:59:26.255+00:00,True,90,90.0,,90.0,63929.878526,68866.689534,68866.68944,765.1854382222223,0.0,63929.878526,6732.997066617899,77.5623285,55.46978660674157,24.257419311530363,1.3068727509482843,30,64,,False,True,,180,59.56268577710819
54,2026-09-21T07:58:17.770+00:00,2026-09-21T07:59:22.460+00:00,2026-09-21T07:59:26.625+00:00,True,66,66.0,,66.0,64689.996897,68855.177313,68855.177324,1043.2602624848485,43.926553999999996,64689.996897,7954.905843875985,79.79946699999999,64.07969870769232,9.28908939351606,0.9585335856442427,30,64,,False,True,,77,59.56268577710819
55,2026-09-21T07:58:18.090+00:00,2026-09-21T07:59:24.634+00:00,2026-09-21T07:59:27.014+00:00,True,38,38.0,,38.0,66543.974415,68924.281615,68924.281604,1813.7968843157896,47.626074,66543.974415,10784.427139238534,79.67722899999998,64.33262702702703,10.707693738105363,0.5513296491396446,30,64,,False,True,,96,59.56268577710819
56,2026-09-21T07:58:18.425+00:00,2026-09-21T07:59:26.125+00:00,2026-09-21T07:59:32.817+00:00,True,90,90.0,,90.0,67700.125462,74391.860758,74391.86094,826.5762326666667,0.0,67700.125462,7129.571251463935,82.26777750000001,75.18803703370787,135.6965417100045,1.2098097706249609,30,64,,False,True,,90,59.56268577710819
57,2026-09-21T07:58:18.742+00:00,2026-09-21T07:59:27.920+00:00,2026-09-21T07:59:35.080+00:00,True,92,92.0,,92.0,69178.405197,76338.631501,76338.631567,829.767734423913,0.0,69178.405197,7207.015900751166,80.149618,78.68380553846154,204.56757151343135,1.2051565267946263,30,64,,False,True,,823,59.56268577710819
58,2026-09-21T07:58:18.963+00:00,2026-09-21T07:59:29.097+00:00,2026-09-21T07:59:29.295+00:00,True,4,4.0,,4.0,70134.386197,70332.186645,70332.186575,17583.04664375,54.10964499999999,70134.386197,35034.22747691724,59625.51618849999,65.93348266666666,10.791735287882728,0.05687296515022209,30,64,,False,True,,18,59.56268577710819
59,2026-09-21T07:58:19.344+00:00,2026-09-21T07:59:31.184+00:00,2026-09-21T07:59:35.287+00:00,True,50,50.0,,50.0,71839.513241,75942.928793,75942.928762,1518.85857524,0.0,71839.513241,10152.271049895264,767.0986925000001,83.74317453061225,304.4475636130358,0.6583891455685961,30,64,,False,True,,150,59.56268577710819
60,2026-09-21T07:58:19.602+00:00,2026-09-21T07:59:32.861+00:00,2026-09-21T07:59:32.861+00:00,True,6,6.0,,6.0,73259.263152,73259.344048,73259.34407199999,12209.890678666667,0.0,73259.263152,29907.962335373453,54944.467594,0.0161792,0.0361777910215646,0.08190081521981361,30,64,,False,True,,38,59.56268577710819
61,2026-09-21T07:58:19.908+00:00,2026-09-21T07:59:34.843+00:00,2026-09-21T07:59:36.999+00:00,True,48,48.0,,48.0,74934.772705,77090.592737,77090.592554,1606.0540115416666,0.01531,74934.772705,10809.459144241559,180.32703045000002,45.868511319148936,62.509029267222594,0.6226440645456625,30,64,,False,True,,190,59.56268577710819
62,2026-09-21T07:58:20.144+00:00,2026-09-21T07:59:35.474+00:00,2026-09-21T07:59:39.915+00:00,True,72,72.0,,72.0,75330.128895,79771.095551,79771.095546,1107.9318825833334,0.02823,75330.128895,8870.417464214874,110.88612990000001,62.548826140845065,29.41541418595947,0.9025825645577136,30,64,,False,True,,216,59.56268577710819
63,2026-09-21T07:58:20.496+00:00,2026-09-21T07:59:37.295+00:00,2026-09-21T07:59:37.966+00:00,True,12,12.0,,12.0,76799.343469,77470.238317,77470.238278,6455.853189833333,21.402802,76799.343469,22152.461119343694,34603.5909734,60.99044072727273,18.109524167659032,0.15489819394768445,30,64,,False,True,,37,59.56268577710819
64,2026-09-21T07:58:20.814+00:00,2026-09-21T07:59:38.986+00:00,2026-09-21T07:59:41.838+00:00,True,46,46.0,,46.0,78171.51486499999,81023.56862499999,81023.56868599998,1761.3819279565216,45.941694000000005,78171.51486499999,11516.420182441318,80.99904925,63.37897244444445,9.504699257861496,0.567736040026835,30,64,,False,True,,254,59.56268577710819
65,2026-09-21T07:58:21.174+00:00,2026-09-21T07:59:40.816+00:00,2026-09-21T07:59:45.232+00:00,True,69,69.0,,69.0,79641.929178,84058.10633000001,84058.106377,1218.2334257536234,42.758194,79641.929178,9579.949723368693,77.1384664,64.94378164705883,11.19981815488019,0.8208607475537926,30,64,,False,True,,310,59.56268577710819
66,2026-09-21T07:58:21.529+00:00,2026-09-21T07:59:42.458+00:00,2026-09-21T07:59:43.992+00:00,True,24,24.0,,24.0,80929.100246,82463.430614,82463.430571,3435.9762737916667,42.635273999999995,80929.100246,16505.972505239653,105.79171205,66.710016,14.648886617111522,0.2910380979945002,30,64,,False,True,,24,59.56268577710819
67,2026-09-21T07:58:21.744+00:00,2026-09-21T07:59:43.480+00:00,2026-09-21T07:59:44.999+00:00,True,25,25.0,,25.0,81736.019153,83254.217681,83254.217737,3330.16870948,39.450864,81736.019153,16334.555492413718,79.951903,63.258272,10.633170078500022,0.30028508700653395,30,64,,False,True,,73,59.56268577710819
68,2026-09-21T07:58:22.075+00:00,2026-09-21T07:59:46.960+00:00,2026-09-21T07:59:46.985+00:00,True,24,24.0,,24.0,84885.636285,84909.739709,84909.739718,3537.9058215833334,0.0,84885.636285,17326.994729294962,20.487918050000005,1.047974956521739,5.025911332129233,0.28265308646866716,30,64,,False,True,,72,59.56268577710819
69,2026-09-21T07:58:22.434+00:00,2026-09-21T07:59:47.165+00:00,2026-09-21T07:59:49.072+00:00,True,31,31.0,,31.0,84730.80266599999,86637.59408999998,86637.59427399999,2794.761105612903,38.157283,84730.80266599999,15206.688852213321,77.14556699999999,63.55971413333333,9.893641299999048,0.3578123368453295,30,64,,False,True,,172,59.56268577710819
70,2026-09-21T07:58:22.649+00:00,2026-09-21T07:59:48.187+00:00,2026-09-21T07:59:50.903+00:00,True,45,45.0,,45.0,85538.624693,88254.360757,88254.36075200001,1961.2080167111112,40.502754,85538.624693,12742.147818193047,77.126453,61.72127418181818,9.390339068017788,0.5098898186334749,30,64,,False,True,,135,59.56268577710819
71,2026-09-21T07:58:23.328+00:00,2026-09-21T07:59:50.901+00:00,2026-09-21T07:59:57.017+00:00,True,96,96.0,,96.0,87572.782522,93689.105082,93689.10497999999,975.928176875,0.01481,87572.782522,8932.449017536099,129.37642925,64.3823427368421,144.73503120653766,1.0246655672073868,30,64,,False,True,,383,59.56268577710819
72,2026-09-21T07:58:23.355+00:00,2026-09-21T07:59:51.603+00:00,2026-09-21T07:59:54.175+00:00,True,31,31.0,,31.0,88247.691851,90820.352843,90820.352787,2929.688799580645,0.01537,88247.691851,15836.371356459214,757.5018015,85.7553664,257.2644978573088,0.34133318171081445,30,64,,False,True,,62,59.56268577710819
73,2026-09-21T07:58:23.495+00:00,2026-09-21T07:59:52.457+00:00,2026-09-21T07:59:58.769+00:00,True,100,100.0,,100.0,88962.285491,95274.601395,95274.601536,952.74601536,0.01507,88962.285491,8891.033021446563,103.33759784999998,63.76076670707071,145.62076060088054,1.049597673837636,30,64,,False,True,,396,59.56268577710819
74,2026-09-21T07:58:23.866+00:00,2026-09-21T07:59:54.268+00:00,2026-09-21T07:59:56.317+00:00,True,35,35.0,,35.0,90401.254782,92450.842494,92450.842562,2641.4526446285713,0.02013,90401.254782,15270.494894370644,184.7939141,60.28199152941176,51.22441255808401,0.37857956786355385,30,64,,False,True,,70,59.56268577710819
75,2026-09-21T07:58:24.123+00:00,2026-09-21T07:59:55.958+00:00,2026-09-21T07:59:59.339+00:00,True,55,55.0,,55.0,91835.78311399999,95216.403914,95216.40384099999,1731.2073425636363,42.641344,91835.78311399999,12374.696990158454,78.47404699999998,62.60408888888889,10.111562478239867,0.5776315607306102,30,64,,False,True,,139,59.56268577710819
76,2026-09-21T07:58:24.484+00:00,2026-09-21T07:59:57.556+00:00,2026-09-21T07:59:58.704+00:00,True,20,20.0,,20.0,93071.374757,94219.523237,94219.523268,4710.9761634,45.32630399999999,93071.374757,20797.881119368816,4724.85368455,60.42886736842105,7.70934182275484,0.21227023140089507,30,64,,False,True,,40,59.56268577710819
77,2026-09-21T07:58:24.813+00:00,2026-09-21T07:59:59.421+00:00,2026-09-21T08:00:04.831+00:00,True,86,86.0,,86.0,94607.21266599999,100017.71045799999,100017.71055199999,1162.9966343255812,0.0,94607.21266599999,10196.890715725305,77.1089735,63.6529152,202.9690708510411,0.8598477170312114,30,64,,False,True,,172,59.56268577710819
79,2026-09-21T07:58:25.477+00:00,2026-09-21T08:00:02.875+00:00,2026-09-21T08:00:08.712+00:00,True,96,96.0,,96.0,97398.610442,103234.98497,103234.98498600001,1075.3644269375,0.0,97398.610442,9934.441583473585,76.708592,61.43552134736842,12.489736256446724,0.9299173146380321,30,64,,False,True,,192,59.56268577710819
78,2026-09-21T07:58:25.116+00:00,2026-09-21T08:00:02.899+00:00,2026-09-21T08:00:02.899+00:00,True,7,7.0,,7.0,97782.423931,97782.423931,97782.423931,13968.917704428572,0.0,97782.423931,36958.28233064526,68447.6967517,0.0,0.0,0.07158750743323297,30,64,,False,True,,21,59.56268577710819
80,2026-09-21T07:58:25.718+00:00,2026-09-21T08:00:03.926+00:00,2026-09-21T08:00:06.801+00:00,True,45,45.0,,45.0,98207.22348999999,101082.576322,101082.576393,2246.2794753999997,46.603444,98207.22348999999,14630.1297233363,81.166389,65.348928,9.253000263303765,0.44518058044595,30,64,,False,True,,129,59.56268577710819
81,2026-09-21T07:58:25.960+00:00,2026-09-21T08:00:05.086+00:00,2026-09-21T08:00:06.304+00:00,True,19,19.0,,19.0,99125.723617,100344.013025,100344.012944,5281.263839157895,53.023205000000004,99125.723617,22725.474523788223,9985.550802999998,67.68274488888889,8.150225022836818,0.18934861609796577,30,64,,False,True,,75,59.56268577710819
82,2026-09-21T07:58:26.264+00:00,2026-09-21T08:00:06.432+00:00,2026-09-21T08:00:09.568+00:00,True,53,53.0,,53.0,100167.803763,103303.838323,103303.838309,1949.1290246981132,42.871014,100167.803763,13750.825234947857,75.8598174,60.30835692307692,9.48806695135961,0.5130496684381171,30,64,,False,True,,54,59.56268577710819
83,2026-09-21T07:58:26.621+00:00,2026-09-21T08:00:08.450+00:00,2026-09-21T08:00:14.049+00:00,True,89,89.0,,89.0,101829.05370399999,107427.96724,107427.96721599999,1207.0558114157302,45.305673999999996,101829.05370399999,10787.117864037267,78.284255,63.62401745454545,9.215193736342284,0.8284621061587165,30,64,,True,True,,205,59.56268577710819
84,2026-09-21T07:58:26.858+00:00,2026-09-21T08:00:09.846+00:00,2026-09-21T08:00:13.524+00:00,True,58,58.0,,58.0,102987.627582,106666.128958,106666.128995,1839.0711895689656,43.165972000000004,102987.627582,13514.467611993789,79.075916,64.53511185964912,9.786009140194441,0.5437527410677631,30,64,,True,True,,480,59.56268577710819
85,2026-09-21T07:58:27.204+00:00,2026-09-21T08:00:11.429+00:00,2026-09-21T08:00:13.275+00:00,True,30,30.0,,30.0,104224.19958300001,106071.05705500001,106071.057197,3535.701906566667,42.966112,104224.19958300001,19017.02365936269,78.1676848,63.6847404137931,9.857430708802912,0.28282927344114606,30,64,,True,True,,62,59.56268577710819
86,2026-09-21T07:58:27.460+00:00,2026-09-21T08:00:12.913+00:00,2026-09-21T08:00:13.938+00:00,True,17,17.0,,17.0,105452.17112,106477.387888,106477.38781,6263.375753529412,44.389514000000005,105452.17112,25560.369101438806,21151.835261599997,64.076048,9.312987447719578,0.15965831184628357,30,64,,True,True,,132,59.56268577710819
87,2026-09-21T07:58:27.724+00:00,2026-09-21T08:00:14.353+00:00,2026-09-21T08:00:18.863+00:00,True,72,72.0,,72.0,106628.574188,111138.484716,111138.484709,1543.5900654027778,41.257484,106628.574188,12558.815779220033,77.10427095000001,63.519866591549295,9.692944711384941,0.647840396456607,30,64,,True,True,,76,59.56268577710819
88,2026-09-21T07:58:28.104+00:00,2026-09-21T08:00:16.417+00:00,2026-09-21T08:00:21.399+00:00,True,79,79.0,,79.0,108313.72163,113295.513886,113295.513828,1434.1204282025317,44.949892999999996,108313.72163,12179.063858522082,77.84076700000001,63.86913148717949,9.8425001520938,0.6972915104078281,30,64,,True,True,,315,59.56268577710819
89,2026-09-21T07:58:28.370+00:00,2026-09-21T08:00:17.649+00:00,2026-09-21T08:00:17.707+00:00,True,2,2.0,,2.0,109278.550301,109336.964637,109336.964626,54668.482313,58.414325,109278.550301,77230.2987907464,103817.5435022,58.414336,nan,0.018292075389508236,30,64,,True,True,,8,59.56268577710819
90,2026-09-21T07:58:28.690+00:00,2026-09-21T08:00:19.230+00:00,2026-09-21T08:00:22.734+00:00,True,57,57.0,,57.0,110539.69496600001,114044.32856600001,114044.32861600001,2000.7776950175441,43.898693,110539.69496600001,14633.053940783984,77.10116,62.58274285714286,9.384394099626904,0.4998056520365484,30,64,,True,True,,114,59.56268577710819
91,2026-09-21T07:58:28.961+00:00,2026-09-21T08:00:20.662+00:00,2026-09-21T08:00:20.808+00:00,True,3,3.0,,3.0,111701.586215,111847.440935,111847.440905,37282.48030166667,71.05645600000001,111701.586215,64448.83627502648,100538.90741690001,72.92736,2.6455975954025965,0.02682224979777093,30,64,,True,True,,9,59.56268577710819
92,2026-09-21T07:58:29.320+00:00,2026-09-21T08:00:22.275+00:00,2026-09-21T08:00:22.935+00:00,True,12,12.0,,12.0,112954.948487,113615.262343,113615.262486,9467.9385405,45.212273,112954.948487,32589.957601512655,50870.77968595,60.028532363636366,9.991218006959746,0.10561961265179737,30,64,,True,True,,33,59.56268577710819
93,2026-09-21T07:58:29.603+00:00,2026-09-21T08:00:23.701+00:00,2026-09-21T08:00:28.196+00:00,True,72,72.0,,72.0,114098.246643,118593.39237100001,118593.39223700001,1647.1304477361111,48.330453,114098.246643,13439.148648326393,77.568112,63.31191166197183,8.592202501924737,0.6071164553144731,30,64,,True,True,,282,59.56268577710819
94,2026-09-21T07:58:29.984+00:00,2026-09-21T08:00:25.932+00:00,2026-09-21T08:00:27.236+00:00,True,21,21.0,,21.0,115947.49319,117251.57510999999,117251.57500699999,5583.408333666666,51.561424,115947.49319,25287.590292586272,79.425906,65.204096,9.3713008270255,0.17910207159518987,30,64,,True,True,,97,59.56268577710819
95,2026-09-21T07:58:30.215+00:00,2026-09-21T08:00:26.976+00:00,2026-09-21T08:00:31.034+00:00,True,66,66.0,,66.0,116761.17983400001,120819.00050600001,120819.000515,1830.5909168939395,41.660813000000005,116761.17983400001,14364.626397812739,77.03718325,62.42801033846154,9.418815698185599,0.5462716933891733,30,64,,True,True,,198,59.56268577710819
96,2026-09-21T07:58:30.518+00:00,2026-09-21T08:00:28.611+00:00,2026-09-21T08:00:34.575+00:00,True,94,94.0,,94.0,118093.062953,124056.948009,124056.94809600001,1319.7547669787234,40.864493,118093.062953,12173.758510442933,77.85031135,64.12779630107528,9.108855106116126,0.7577165286476382,30,64,,True,True,,1398,59.56268577710819
97,2026-09-21T07:58:30.803+00:00,2026-09-21T08:00:30.280+00:00,2026-09-21T08:00:33.972+00:00,True,58,58.0,,58.0,119476.81721899999,123169.448771,123169.44886299998,2123.6111872931033,43.610044,119476.81721899999,15679.570603527623,76.66719334999999,64.78300968421053,8.66304007762669,0.4708959939232592,30,64,,True,True,,119,59.56268577710819
98,2026-09-21T07:58:31.015+00:00,2026-09-21T08:00:31.293+00:00,2026-09-21T08:00:34.049+00:00,True,43,43.0,,43.0,120277.776191,123033.814847,123033.814856,2861.2515082790696,47.576154,120277.776191,18332.183990418187,77.2129098,65.619968,8.731439992350873,0.3494974129955501,30,64,,True,True,,86,59.56268577710819
99,2026-09-21T07:58:31.303+00:00,2026-09-21T08:00:32.850+00:00,2026-09-21T08:00:36.930+00:00,True,66,66.0,,66.0,121546.715117,125626.786797,125626.78684,1903.4361642424242,44.176023,121546.715117,14953.642628480375,76.01498099999999,62.770333538461536,9.114738338648339,0.5253656619161106,30,64,,True,True,,528,59.56268577710819
100,2026-09-21T07:58:31.656+00:00,2026-09-21T08:00:34.301+00:00,2026-09-21T08:00:39.448+00:00,True,84,84.0,,84.0,122644.447248,127791.287568,127791.28761,1521.3248525,43.056673,122644.447248,13374.844019753209,77.968835,62.0101243373494,9.893778163455021,0.657321806506583,30,64,,True,True,,954,59.56268577710819
101,2026-09-21T07:58:31.943+00:00,2026-09-21T08:00:35.944+00:00,2026-09-21T08:00:41.946+00:00,True,95,95.0,,95.0,124001.61617000001,130003.09636200001,130003.09645600001,1368.4536469052632,40.643003,124001.61617000001,12715.750763896938,77.600787,63.845533957446804,9.878305713513962,0.7307518255985829,30,64,,True,True,,477,59.56268577710819
102,2026-09-21T07:58:32.299+00:00,2026-09-21T08:00:37.769+00:00,2026-09-21T08:00:39.388+00:00,True,26,26.0,,26.0,125470.273198,127088.895662,127088.89573799999,4888.034451461538,44.411373,125470.273198,24594.049569006293,82.04066675,64.74489856,10.210050971699792,0.20458120959008447,30,64,,True,True,,131,59.56268577710819
103,2026-09-21T07:58:32.557+00:00,2026-09-21T08:00:38.861+00:00,2026-09-21T08:00:45.189+00:00,True,98,98.0,,98.0,126303.62826299999,132632.41725499998,132632.417054,1353.3920107551019,44.786113,126303.62826299999,12752.006192224613,78.063319,65.24524734020618,9.908265445898635,0.7388842187169411,30,64,,True,True,,107,59.56268577710819
104,2026-09-21T07:58:33.463+00:00,2026-09-21T08:00:42.281+00:00,2026-09-21T08:00:43.362+00:00,True,18,18.0,,18.0,128818.08199199999,129898.91092,129898.91101299999,7216.606167388888,43.787924,128818.08199199999,30347.729759582377,19396.0344684,63.57817223529412,11.841827641697245,0.1385692910934838,30,64,,True,True,,22,59.56268577710819
105,2026-09-21T07:58:33.512+00:00,2026-09-21T08:00:42.710+00:00,2026-09-21T08:00:48.600+00:00,True,92,92.0,,92.0,129197.092479,135087.992191,135087.992187,1468.3477411630436,44.409893,129197.092479,13462.982141086559,78.53416505,64.73516167032967,9.377719037298627,0.6810375852645869,30,64,,True,True,,538,59.56268577710819
106,2026-09-21T07:58:33.518+00:00,2026-09-21T08:00:43.756+00:00,2026-09-21T08:00:47.070+00:00,True,52,52.0,,52.0,130237.969347,133552.42029100002,133552.420124,2568.3157716153846,40.972993,130237.969347,18051.747202141283,80.98329799999999,64.98923419607843,10.152104604194527,0.3893602219016037,30,64,,True,True,,156,59.56268577710819
107,2026-09-21T07:58:33.714+00:00,2026-09-21T08:00:45.247+00:00,2026-09-21T08:00:49.048+00:00,True,60,60.0,,60.0,131532.148588,135333.451116,135333.451199,2255.5575199833333,41.611213000000006,131532.148588,16972.412626516692,78.25589000000001,64.42885640677966,10.161872999646057,0.44334936784085605,30,64,,True,True,,660,59.56268577710819
108,2026-09-21T07:58:33.971+00:00,2026-09-21T08:00:46.678+00:00,2026-09-21T08:00:51.433+00:00,True,76,76.0,,76.0,132707.586537,137462.745577,137462.74573199998,1808.7203385789473,45.970373,132707.586537,15215.334190300953,77.5834685,63.40212053333333,9.183944694801115,0.5528770699362211,30,64,,True,True,,76,59.56268577710819
109,2026-09-21T07:58:34.259+00:00,2026-09-21T08:00:48.221+00:00,2026-09-21T08:00:53.174+00:00,True,80,80.0,,80.0,133962.513212,138915.50751599998,138915.50767999998,1736.443846,43.733173,133962.513212,14970.457490814653,78.38658149999999,62.696130430379746,9.268084869064655,0.5758896283828194,30,64,,True,True,,160,59.56268577710819
110,2026-09-21T07:58:34.539+00:00,2026-09-21T08:00:49.843+00:00,2026-09-21T08:00:53.844+00:00,True,64,64.0,,64.0,135303.759174,139305.492294,139305.492271,2176.648316734375,44.744033,135303.759174,16905.032949340235,80.4112675,63.519573333333334,10.150810494567384,0.45942194342869086,30,64,,True,True,,326,59.56268577710819
111,2026-09-21T07:58:34.914+00:00,2026-09-21T08:00:51.733+00:00,2026-09-21T08:00:56.846+00:00,True,83,83.0,,83.0,136818.86603499998,141932.279667,141932.27961499998,1710.0274652409637,41.130733,136818.86603499998,15010.980210779406,78.30588300000001,62.35870282926829,10.14235005337279,0.5847859288579998,30,64,,True,True,,83,59.56268577710819
112,2026-09-21T07:58:35.277+00:00,2026-09-21T08:00:53.654+00:00,2026-09-21T08:00:57.699+00:00,True,65,65.0,,65.0,138377.13939,142422.583486,142422.583501,2191.116669246154,44.884612999999995,138377.13939,17155.733228111345,75.3600104,63.210064,7.72981064538308,0.4563882946723084,30,64,,True,True,,196,59.56268577710819
113,2026-09-21T07:58:35.565+00:00,2026-09-21T08:00:55.269+00:00,2026-09-21T08:00:57.857+00:00,True,43,43.0,,43.0,139703.91537,142291.245674,142291.245772,3309.098738883721,42.480323,139703.91537,21295.254842864662,75.2412808,61.60310247619048,9.019202992052056,0.30219708736345063,30,64,,True,True,,387,59.56268577710819
114,2026-09-21T07:58:35.853+00:00,2026-09-21T08:00:56.800+00:00,2026-09-21T08:00:57.798+00:00,True,17,17.0,,17.0,140946.92764399998,141945.02479599998,141945.024808,8349.707341647058,43.144663,140946.92764399998,34169.523402573235,28250.442669599994,62.381072,11.587479361551818,0.11976467667276114,30,64,,True,True,,136,59.56268577710819
115,2026-09-21T07:58:36.187+00:00,2026-09-21T08:00:58.491+00:00,2026-09-21T08:01:01.651+00:00,True,50,50.0,,50.0,142303.940236,145463.81735599999,145463.8175,2909.27635,42.982553,142303.940236,20115.69929168054,79.1349285,64.4872881632653,10.999147827902608,0.34372808928582427,30,64,,True,True,,56,59.56268577710819
116,2026-09-21T07:58:36.547+00:00,2026-09-21T08:01:00.160+00:00,2026-09-21T08:01:00.998+00:00,True,14,14.0,,14.0,143613.31409099998,144451.362091,144451.36215299997,10317.9544395,41.019954,143613.31409099998,38365.045015034884,50314.628464099995,64.46523076923077,10.767739935289347,0.09691843536359611,30,64,,True,True,,14,59.56268577710819
117,2026-09-21T07:58:36.892+00:00,2026-09-21T08:01:01.797+00:00,2026-09-21T08:01:06.938+00:00,True,83,83.0,,83.0,144905.09567699998,150046.16166099996,150046.16152099997,1807.7850785662647,46.497924,144905.09567699998,15898.521375402375,76.41940910000001,62.69592663414634,9.062631348359696,0.5531631004831854,30,64,,True,True,,249,59.56268577710819
118,2026-09-21T07:58:37.162+00:00,2026-09-21T08:01:03.401+00:00,2026-09-21T08:01:08.115+00:00,True,77,77.0,,77.0,146238.73946799999,150952.982796,150952.982658,1960.428346207792,42.943483,146238.73946799999,16658.384671654163,77.1093794,62.029517473684216,9.261237302688343,0.5100926034966722,30,64,,True,True,,479,59.56268577710819
119,2026-09-21T07:58:37.384+00:00,2026-09-21T08:01:04.501+00:00,2026-09-21T08:01:09.895+00:00,True,87,87.0,,87.0,147117.491637,152511.231413,152511.231238,1753.0026579080459,44.282343,147117.491637,15765.929358756557,76.2038713,62.717904372093024,9.34251329847469,0.5704497904446411,30,64,,True,True,,247,59.56268577710819
120,2026-09-21T07:58:37.598+00:00,2026-09-21T08:01:05.769+00:00,2026-09-21T08:01:09.010+00:00,True,52,52.0,,52.0,148171.27071900002,151412.53382300003,151412.53377,2911.7794955769236,44.095523,148171.27071900002,20538.847215493668,79.52990455,63.55417850980392,9.940737454655903,0.34343259892069145,30,64,,True,True,,416,59.56268577710819
121,2026-09-21T07:58:37.914+00:00,2026-09-21T08:01:07.590+00:00,2026-09-21T08:01:11.903+00:00,True,69,69.0,,69.0,149676.787771,153989.740859,153989.740682,2231.735372202899,44.110642999999996,149676.787771,18011.33520099604,79.655654,63.42578070588235,10.44569573116114,0.4480817982749872,30,64,,True,True,,145,59.56268577710819
122,2026-09-21T07:58:38.251+00:00,2026-09-21T08:01:09.524+00:00,2026-09-21T08:01:12.546+00:00,True,48,48.0,,48.0,151273.38004,154294.900168,154294.90030399998,3214.4770896666664,41.597263,151273.38004,21825.15476685197,78.82502464999999,64.28766229787234,9.950847231496772,0.31109258924135824,30,64,,True,True,,336,59.56268577710819
123,2026-09-21T07:58:38.502+00:00,2026-09-21T08:01:11.093+00:00,2026-09-21T08:01:14.373+00:00,True,52,52.0,,52.0,152590.808241,155871.106225,155871.106205,2997.5212731730767,48.687683,152590.808241,21151.620644126153,80.67667449999999,64.3195683137255,10.059050649092642,0.33360897512934806,30,64,,True,True,,104,59.56268577710819
124,2026-09-21T07:58:38.793+00:00,2026-09-21T08:01:12.670+00:00,2026-09-21T08:01:16.092+00:00,True,54,54.0,,54.0,153876.471428,157298.26240399998,157298.26240099999,2912.9307852037036,48.312473,153876.471428,20931.152203509755,78.91474614999998,64.56209388679245,10.377404095002346,0.34329686275432636,30,64,,True,True,,131,59.56268577710819
125,2026-09-21T07:58:39.060+00:00,2026-09-21T08:01:14.234+00:00,2026-09-21T08:01:15.949+00:00,True,28,28.0,,28.0,155173.883796,156889.32034,156889.320203,5603.19000725,44.948513,155173.883796,29313.102125867677,75.88132999999999,63.53468681481481,9.380187186627506,0.17846976415807192,30,64,,True,True,,34,59.56268577710819
126,2026-09-21T07:58:39.355+00:00,2026-09-21T08:01:15.744+00:00,2026-09-21T08:01:18.165+00:00,True,39,39.0,,39.0,156389.76686700003,158810.17621100004,158810.17620800002,4072.055800205129,46.047864000000004,156389.76686700003,25032.20717189644,77.6278489,63.6949827368421,9.856511815218184,0.24557620254878004,30,64,,True,True,,156,59.56268577710819
127,2026-09-21T07:58:39.625+00:00,2026-09-21T08:01:16.979+00:00,2026-09-21T08:01:20.916+00:00,True,64,64.0,,64.0,157354.16513100002,161291.701131,161291.701185,2520.182831015625,44.325233999999995,157354.16513100002,19661.460906458455,77.58468899999998,62.500571428571426,10.646289820527418,0.39679660857454563,30,64,,True,True,,766,59.56268577710819
128,2026-09-21T07:58:39.998+00:00,2026-09-21T08:01:18.965+00:00,2026-09-21T08:01:19.130+00:00,True,4,4.0,,4.0,158967.16871,159132.418502,159132.418393,39783.10459825,44.500114,158967.16871,79456.04311629976,135131.49877175,55.083264,9.456111782540644,0.025136298672854822,30,64,,True,True,,10,59.56268577710819
129,2026-09-21T07:58:40.344+00:00,2026-09-21T08:01:20.814+00:00,2026-09-21T08:01:24.868+00:00,True,65,65.0,,65.0,160470.256992,164523.54364800002,164523.543573,2531.1314395846157,41.722671999999996,160470.256992,19896.03287778989,77.6758212,63.332604,10.22209322333468,0.3950802332526233,30,64,,True,True,,421,59.56268577710819
130,2026-09-21T07:58:40.684+00:00,2026-09-21T08:01:22.534+00:00,2026-09-21T08:01:25.712+00:00,True,51,51.0,,51.0,161849.218472,165027.631784,165027.631773,3235.835917117647,44.082302000000006,161849.218472,22654.52407703457,76.69235499999999,63.56826624,8.84080554886155,0.3090391557381885,30,64,,True,True,,458,59.56268577710819
131,2026-09-21T07:58:40.974+00:00,2026-09-21T08:01:23.902+00:00,2026-09-21T08:01:28.245+00:00,True,71,71.0,,71.0,162927.82145500003,167271.33735900003,167271.33732000002,2355.9343284507045,44.302872,162927.82145500003,19328.613496325805,76.871273,62.0502272,9.886229604413163,0.42446004869094117,30,64,,True,True,,71,59.56268577710819
132,2026-09-21T07:58:41.332+00:00,2026-09-21T08:01:25.840+00:00,2026-09-21T08:01:28.449+00:00,True,43,43.0,,43.0,164507.754563,167116.385347,167116.385483,3886.427569372093,47.167573,164507.754563,25077.72756255794,79.5658719,62.110256761904765,9.903476215756035,0.2573057088969159,30,64,,True,True,,171,59.56268577710819
133,2026-09-21T07:58:41.594+00:00,2026-09-21T08:01:27.203+00:00,2026-09-21T08:01:29.327+00:00,True,35,35.0,,35.0,165608.441009,167733.088689,167733.08876400001,4792.373964685715,44.445233,165608.441009,27982.374713697795,77.0177393,62.48963764705882,9.851508107161473,0.20866485124407844,30,64,,True,True,,315,59.56268577710819
134,2026-09-21T07:58:41.899+00:00,2026-09-21T08:01:28.563+00:00,2026-09-21T08:01:32.898+00:00,True,71,71.0,,71.0,166664.10678200002,170999.787294,170999.787256,2408.447707830986,39.988831,166664.10678200002,19772.041738312444,76.513709,61.93829302857143,8.868332651542648,0.41520519483412965,30,64,,True,True,,337,59.56268577710819
135,2026-09-21T07:58:42.232+00:00,2026-09-21T08:01:30.214+00:00,2026-09-21T08:01:31.465+00:00,True,21,21.0,,21.0,167982.55051499998,169233.57541099997,169233.575433,8058.741687285713,48.725792999999996,167982.55051499998,36643.14875968449,72.819834,62.5512448,7.810349913511925,0.12408885145278935,30,64,,True,True,,189,59.56268577710819
136,2026-09-21T07:58:42.502+00:00,2026-09-21T08:01:31.594+00:00,2026-09-21T08:01:36.395+00:00,True,77,77.0,,77.0,169091.50234200002,173892.64128600003,173892.641291,2258.345990792208,44.705123,169091.50234200002,19262.568203214592,77.37467500000001,63.172880842105265,9.55740404353291,0.44280194625003505,30,64,,True,True,,379,59.56268577710819
137,2026-09-21T07:58:42.777+00:00,2026-09-21T08:01:33.286+00:00,2026-09-21T08:01:37.739+00:00,True,70,70.0,,70.0,170508.884254,174961.65891,174961.659085,2499.452272642857,43.197092,170508.884254,20371.999014068962,78.983315,64.53296602898551,10.20402923278755,0.4000876559818622,30,64,,True,True,,245,59.56268577710819
138,2026-09-21T07:58:43.558+00:00,2026-09-21T08:01:34.901+00:00,2026-09-21T08:01:40.984+00:00,True,96,96.0,,96.0,171343.58659999998,177425.68426399998,177425.68441999998,1848.1842127083332,42.529652,171343.58659999998,17481.14995079264,77.0451865,64.02208067368421,9.583640717500206,0.5410716063924381,30,64,,True,True,,1152,59.56268577710819
140,2026-09-21T07:58:43.634+00:00,2026-09-21T08:01:36.520+00:00,2026-09-21T08:01:37.403+00:00,True,15,15.0,,15.0,172885.64094,173769.160428,173769.160328,11584.610688533334,45.368152,172885.64094,44622.58745443288,51924.570266200004,63.10853485714286,11.854967495503614,0.08632141608473239,30,64,,True,True,,104,59.56268577710819
139,2026-09-21T07:58:43.624+00:00,2026-09-21T08:01:37.794+00:00,2026-09-21T08:01:38.882+00:00,True,18,18.0,,18.0,174169.90674,175258.42386,175258.423779,9736.579098833334,47.244262,174169.90674,41037.14963603078,26191.3901354,64.03041882352942,9.513433018265884,0.10270547688126401,30,64,,True,True,,18,59.56268577710819
141,2026-09-21T07:58:43.803+00:00,2026-09-21T08:01:38.261+00:00,2026-09-21T08:01:40.337+00:00,True,34,34.0,,34.0,174458.871817,176534.331145,176534.331119,5192.186209382353,41.610662,174458.871817,29908.66521659295,78.03321584999999,62.892706909090904,9.7610359562083,0.19259709870299063,30,64,,True,True,,138,59.56268577710819
142,2026-09-21T07:58:44.122+00:00,2026-09-21T08:01:39.805+00:00,2026-09-21T08:01:42.453+00:00,True,44,44.0,,44.0,175683.213328,178330.84059200002,178330.84051100002,4052.9736479772732,44.314902000000004,175683.213328,26475.9597832476,75.51904750000001,61.572727069767446,8.348709963825085,0.24673242078562746,30,64,,True,True,,176,59.56268577710819
143,2026-09-21T07:58:44.338+00:00,2026-09-21T08:01:40.762+00:00,2026-09-21T08:01:40.835+00:00,True,2,2.0,,2.0,176423.566157,176497.267021,176497.267091,88248.6335455,73.70093399999999,176423.566157,124698.185560517,167606.07289585,73.700864,nan,0.011331620221417003,30,64,,True,True,,2,59.56268577710819
144,2026-09-21T07:58:44.703+00:00,2026-09-21T08:01:42.802+00:00,2026-09-21T08:01:48.353+00:00,True,89,89.0,,89.0,178098.68854899998,183649.96278899998,183649.96278899998,2063.482727966292,41.337402000000004,178098.68854899998,18871.738715160347,76.649458,63.08266181818182,9.236296550843496,0.48461757709286507,30,64,,True,True,,492,59.56268577710819
145,2026-09-21T07:58:45.086+00:00,2026-09-21T08:01:44.628+00:00,2026-09-21T08:01:47.047+00:00,True,40,40.0,,40.0,179541.83352900003,181961.13900100003,181961.13896,4549.028474000001,41.699572,179541.83352900003,28378.24989618424,78.30364315,62.03347364102564,10.20456168225678,0.2198271577085488,30,64,,True,True,,80,59.56268577710819
146,2026-09-21T07:58:45.305+00:00,2026-09-21T08:01:45.673+00:00,2026-09-21T08:01:50.272+00:00,True,74,74.0,,74.0,180367.672142,184966.62203,184966.62205099998,2499.548946635135,42.968723,180367.672142,20959.994153360334,76.11925635,62.99931353424658,8.456624059393983,0.4000721816068947,30,64,,True,True,,284,59.56268577710819
147,2026-09-21T07:58:45.538+00:00,2026-09-21T08:01:46.923+00:00,2026-09-21T08:01:49.137+00:00,True,36,36.0,,36.0,181385.26251600002,183599.04734800002,183599.04732500002,5099.973536805556,46.211713,181385.26251600002,30220.33634018437,74.29850474999999,63.250995200000006,8.222372684435518,0.19607944877711891,30,64,,True,True,,144,59.56268577710819
148,2026-09-21T07:58:45.750+00:00,2026-09-21T08:01:48.023+00:00,2026-09-21T08:01:49.250+00:00,True,21,21.0,,21.0,182272.775343,183500.30839899997,183500.30844999998,8738.109926190475,42.995642999999994,182272.775343,39761.787906186044,76.105435,61.376652799999995,8.71640093495297,0.11444122455826043,30,64,,True,True,,84,59.56268577710819
149,2026-09-21T07:58:46.058+00:00,2026-09-21T08:01:49.575+00:00,2026-09-21T08:01:55.609+00:00,True,95,95.0,,95.0,183516.09782499998,189550.33142499998,189550.33145099998,1995.2666468526313,43.028311,183516.09782499998,18821.770294781516,77.45340700000001,64.1939744680851,8.927831991944258,0.5011861455783788,30,64,,True,True,,380,59.56268577710819
150,2026-09-21T07:58:46.413+00:00,2026-09-21T08:01:51.339+00:00,2026-09-21T08:01:51.875+00:00,True,9,9.0,,9.0,184926.487734,185462.590134,185462.590332,20606.954481333334,56.891083,184926.487734,61619.825269365494,110985.59820199998,67.0128,6.496045103764597,0.04852730673877325,30,64,,True,True,,27,59.56268577710819
151,2026-09-21T07:58:46.799+00:00,2026-09-21T08:01:53.203+00:00,2026-09-21T08:01:58.354+00:00,True,82,82.0,,82.0,186404.04122400002,191555.32314400002,191555.322973,2336.0405240609757,42.436472,186404.04122400002,20577.861629619416,76.500189,63.59607308641976,8.902411799499347,0.4280747653165306,30,64,,True,True,,164,59.56268577710819
152,2026-09-21T07:58:47.144+00:00,2026-09-21T08:01:55.007+00:00,2026-09-21T08:01:55.736+00:00,True,12,12.0,,12.0,187862.80653600002,188592.457736,188592.45794500003,15716.038162083334,49.702723,187862.80653600002,54212.17322010148,84582.5495374,66.33192727272727,8.746836197389008,0.06362926780878017,30,64,,True,True,,12,59.56268577710819
153,2026-09-21T07:58:47.400+00:00,2026-09-21T08:01:56.275+00:00,2026-09-21T08:02:01.519+00:00,True,84,84.0,,84.0,188875.162287,194119.766959,194119.767131,2310.9496087023813,43.293703,188875.162287,20601.077314790207,76.00898319999999,63.18800809638554,9.077431849393097,0.4327225470950706,30,64,,True,True,,798,59.56268577710819
154,2026-09-21T07:58:47.732+00:00,2026-09-21T08:01:58.223+00:00,2026-09-21T08:02:02.468+00:00,True,69,69.0,,69.0,190490.701949,194735.738237,194735.738068,2822.2570734492756,42.580663,190490.701949,22924.872151888023,76.47614800000001,62.42700423529412,9.204625906786585,0.3543263328276428,30,64,,True,True,,138,59.56268577710819
155,2026-09-21T07:58:47.951+00:00,2026-09-21T08:01:59.036+00:00,2026-09-21T08:02:04.170+00:00,True,84,84.0,,84.0,191085.70887,196219.702342,196219.702457,2335.9488387738097,42.906172,191085.70887,20842.412903650653,75.823245,61.855343036144575,8.600523528663546,0.42809156775496826,30,64,,True,True,,418,59.56268577710819
156,2026-09-21T07:58:48.327+00:00,2026-09-21T08:02:01.395+00:00,2026-09-21T08:02:03.473+00:00,True,35,35.0,,35.0,193068.02572799998,195145.35001599998,195145.35001999998,5575.581429142857,46.711683,193068.02572799998,32624.126585659225,78.33660800000001,61.09777317647058,9.402401271144072,0.17935349213870763,30,64,,True,True,,171,59.56268577710819
157,2026-09-21T07:58:48.690+00:00,2026-09-21T08:02:03.411+00:00,2026-09-21T08:02:05.017+00:00,True,26,26.0,,26.0,194721.681239,196327.562583,196327.562586,7551.060099461539,51.895923,194721.681239,38175.46685769777,78.76321475,64.23525375999999,8.343181706553128,0.1324317363182674,30,64,,True,True,,107,59.56268577710819
158,2026-09-21T07:58:49.006+00:00,2026-09-21T08:02:05.132+00:00,2026-09-21T08:02:10.119+00:00,True,80,80.0,,80.0,196125.65673,201112.81756199998,201112.81772,2513.9102215,45.244833,196125.65673,21920.458673858786,76.528037,63.12861812658228,8.531321877075138,0.39778667998292666,30,64,,True,True,,487,59.56268577710819
159,2026-09-21T07:58:49.332+00:00,2026-09-21T08:02:06.766+00:00,2026-09-21T08:02:09.439+00:00,True,43,43.0,,43.0,197434.686304,200107.221344,200107.221349,4653.65631044186,42.003012000000005,197434.686304,30098.805118760683,79.47482500000001,63.63178666666666,9.552797067311014,0.21488479881532926,30,64,,True,True,,376,59.56268577710819
160,2026-09-21T07:58:49.540+00:00,2026-09-21T08:02:08.172+00:00,2026-09-21T08:02:12.183+00:00,True,65,65.0,,65.0,198631.679148,202642.481836,202642.481695,3117.576641461538,41.901292,198631.679148,24629.455972502696,74.54716400000001,62.668792,8.591513480813074,0.3207619617124753,30,64,,True,True,,627,59.56268577710819
161,2026-09-21T07:58:49.822+00:00,2026-09-21T08:02:09.435+00:00,2026-09-21T08:02:13.190+00:00,True,61,61.0,,61.0,199612.92556799998,203367.87443199998,203367.87440099998,3333.8995803442617,46.820023,199612.92556799998,25549.80453383161,75.914443,62.58248106666667,7.9472008268297065,0.29994904637898717,30,64,,True,True,,367,59.56268577710819
162,2026-09-21T07:58:50.163+00:00,2026-09-21T08:02:11.426+00:00,2026-09-21T08:02:12.884+00:00,True,24,24.0,,24.0,201262.968741,202721.31242099998,202721.31234899999,8446.721347875,45.126682,201262.968741,41069.68938026928,75.42017234999999,63.40624695652174,7.553955544845359,0.11838913093734406,30,64,,True,True,,240,59.56268577710819
163,2026-09-21T07:58:50.434+00:00,2026-09-21T08:02:13.021+00:00,2026-09-21T08:02:18.669+00:00,True,90,90.0,,90.0,202586.63722799998,208235.313324,208235.313473,2313.725705255555,42.273132,202586.63722799998,21347.818643759758,78.65291595,63.468270741573036,9.780456363639994,0.43220334996670867,30,64,,True,True,,90,59.56268577710819
164,2026-09-21T07:58:50.732+00:00,2026-09-21T08:02:14.627+00:00,2026-09-21T08:02:18.420+00:00,True,60,60.0,,60.0,203894.88609400002,207687.62337400002,207687.62342900003,3461.4603904833334,47.229082000000005,203894.88609400002,26314.41919502786,77.93557589999999,64.2836827118644,9.18429971798486,0.28889540467201125,30,64,,True,True,,120,59.56268577710819
165,2026-09-21T07:58:51.061+00:00,2026-09-21T08:02:16.537+00:00,2026-09-21T08:02:20.117+00:00,True,58,58.0,,58.0,205476.751333,209056.613093,209056.613066,3604.4243632068965,41.609222,205476.751333,26972.174103525747,76.33349,62.804592280701755,9.067162790675368,0.27743681073699583,30,64,,True,True,,58,59.56268577710819
166,2026-09-21T07:58:51.409+00:00,2026-09-21T08:02:18.298+00:00,2026-09-21T08:02:20.448+00:00,True,35,35.0,,35.0,206889.776352,209039.47158399998,209039.47164799998,5972.5563328,47.283983,206889.776352,34960.06896600291,80.1551013,63.226330352941176,9.367148331116702,0.16743249365675741,30,64,,True,True,,147,59.56268577710819
167,2026-09-21T07:58:51.775+00:00,2026-09-21T08:02:20.235+00:00,2026-09-21T08:02:25.608+00:00,True,87,87.0,,87.0,208460.84761899998,213833.03347499997,213833.03355999998,2457.85096045977,43.683823,208460.84761899998,22342.653482911395,76.525404,62.46727739534884,9.274640608985024,0.4068594949347314,30,64,,True,True,,94,59.56268577710819
168,2026-09-21T07:58:52.016+00:00,2026-09-21T08:02:21.552+00:00,2026-09-21T08:02:27.259+00:00,True,94,94.0,,94.0,209536.294465,215243.33318500002,215243.33315400002,2289.82269312766,42.217372000000005,209536.294465,21605.691520943583,76.9354873,61.36600774193548,10.118646090600235,0.43671503599699285,30,64,,True,True,,376,59.56268577710819
169,2026-09-21T07:58:52.292+00:00,2026-09-21T08:02:23.070+00:00,2026-09-21T08:02:27.050+00:00,True,65,65.0,,65.0,210777.87937,214758.62509800002,214758.625088,3303.9788475076925,45.066863,210777.87937,26136.065266895093,76.09924640000001,62.199152,9.76920706367557,0.3026653759323463,30,64,,True,True,,195,59.56268577710819
170,2026-09-21T07:58:52.631+00:00,2026-09-21T08:02:24.808+00:00,2026-09-21T08:02:30.951+00:00,True,100,100.0,,100.0,212177.292887,218319.824471,218319.82447,2183.1982447,44.747862,212177.292887,21211.52678278635,78.23077455,62.04577357575758,9.421968456550353,0.45804360754826123,30,64,,True,True,,401,59.56268577710819
172,2026-09-21T07:58:53.667+00:00,2026-09-21T08:02:26.631+00:00,2026-09-21T08:02:30.407+00:00,True,63,63.0,,63.0,212963.666719,216739.701279,216739.701174,3440.312717047619,44.158080999999996,212963.666719,26823.228211431142,74.0275371,60.90378322580645,8.567361556365821,0.2906712504826364,30,64,,True,True,,693,59.56268577710819
171,2026-09-21T07:58:53.642+00:00,2026-09-21T08:02:26.635+00:00,2026-09-21T08:02:29.097+00:00,True,42,42.0,,42.0,212993.275442,215455.32369800002,215455.323799,5129.888661880953,42.655812,212993.275442,32856.31125638366,77.4343865,60.04995746341463,9.162034483763517,0.19493600473233452,30,64,,True,True,,456,59.56268577710819
174,2026-09-21T07:58:53.789+00:00,2026-09-21T08:02:27.438+00:00,2026-09-21T08:02:29.359+00:00,True,32,32.0,,32.0,213649.093036,215569.855404,215569.855404,6736.557981375,44.072430999999995,213649.093036,37757.22837325413,78.6499395,61.96007638709678,8.147826330056043,0.14844376056210976,30,64,,True,True,,96,59.56268577710819
173,2026-09-21T07:58:53.774+00:00,2026-09-21T08:02:28.862+00:00,2026-09-21T08:02:30.544+00:00,True,28,28.0,,28.0,215088.664838,216770.123782,216770.123848,7741.790137428571,48.237162,215088.664838,40636.168755591425,80.48216070000001,62.27625718518519,8.881103672812314,0.12916909171560403,30,64,,True,True,,84,59.56268577710819
175,2026-09-21T07:58:53.989+00:00,2026-09-21T08:02:31.585+00:00,2026-09-21T08:02:34.315+00:00,True,44,44.0,,44.0,217596.247601,220326.42385700002,220326.424086,5007.418729227273,44.048572,217596.247601,32794.298129679955,77.21347535000001,63.49247106976745,9.64734666864467,0.19970369068649535,30,64,,True,True,,134,59.56268577710819
176,2026-09-21T07:58:54.351+00:00,2026-09-21T08:02:33.827+00:00,2026-09-21T08:02:37.701+00:00,True,61,61.0,,61.0,219476.146452,223350.5549,223350.554767,3661.484504377049,44.335741,219476.146452,28092.775112942472,78.59587300000001,64.57347413333333,10.384711734321561,0.27311326818646736,30,64,,True,True,,181,59.56268577710819
177,2026-09-21T07:58:54.567+00:00,2026-09-21T08:02:34.872+00:00,2026-09-21T08:02:37.108+00:00,True,36,36.0,,36.0,220305.043875,222540.789667,222540.789574,6181.688599277778,50.480981,220305.043875,36706.86248549082,82.89887050000002,63.8784512,10.93102516033533,0.1617680967784323,30,64,,True,True,,180,59.56268577710819
178,2026-09-21T07:58:54.948+00:00,2026-09-21T08:02:36.917+00:00,2026-09-21T08:02:37.895+00:00,True,16,16.0,,16.0,221969.099278,222947.30702200002,222947.307263,13934.2067039375,54.905680999999994,221969.099278,55475.97187069279,55550.31320425,65.2138496,7.8442037393021495,0.07176583657241103,30,64,,True,True,,34,59.56268577710819
179,2026-09-21T07:58:55.186+00:00,2026-09-21T08:02:38.005+00:00,2026-09-21T08:02:41.697+00:00,True,60,60.0,,60.0,222819.255511,226511.404503,226511.404391,3775.1900731833334,45.104231,222819.255511,28757.76485140396,78.55959895000002,62.57879647457627,9.508866508508987,0.26488732490820494,30,64,,True,True,,180,59.56268577710819
180,2026-09-21T07:58:55.557+00:00,2026-09-21T08:02:39.789+00:00,2026-09-21T08:02:42.170+00:00,True,38,38.0,,38.0,224232.401155,226613.827331,226613.827338,5963.521772052632,45.211543,224232.401155,36364.85933968202,81.53691965,64.36286962162163,10.925779070993984,0.16768614893254455,30,64,,True,True,,38,59.56268577710819
181,2026-09-21T07:58:55.927+00:00,2026-09-21T08:02:41.771+00:00,2026-09-21T08:02:43.076+00:00,True,21,21.0,,21.0,225843.744616,227148.703336,227148.70334200002,10816.60492104762,41.428641000000006,225843.744616,49268.908258343385,84.304963,65.247936,10.44715705511754,0.09245045070293291,30,64,,True,True,,63,59.56268577710819
182,2026-09-21T07:58:56.299+00:00,2026-09-21T08:02:43.639+00:00,2026-09-21T08:02:47.272+00:00,True,58,58.0,,58.0,227339.94707300002,230973.31616100002,230973.31614,3982.298554137931,42.333141000000005,227339.94707300002,29842.82938122149,77.61560215,63.74331733333334,10.434267558984383,0.25111125806225637,30,64,,True,True,,116,59.56268577710819
183,2026-09-21T07:58:56.514+00:00,2026-09-21T08:02:44.902+00:00,2026-09-21T08:02:45.832+00:00,True,16,16.0,,16.0,228387.258055,229317.116103,229317.11627700002,14332.319767312501,44.028591,228387.258055,57081.31788031846,57154.03790275,61.990536533333334,11.079603028564605,0.0697723757907955,30,64,,True,True,,32,59.56268577710819
184,2026-09-21T07:58:56.897+00:00,2026-09-21T08:02:46.982+00:00,2026-09-21T08:02:51.071+00:00,True,66,66.0,,66.0,230084.56319800002,234173.89721400003,234173.89724100003,3548.0893521363637,43.501492,230084.56319800002,28313.709370945322,77.05458024999999,62.91283101538461,9.194095720436188,0.28184183115715006,30,64,,True,True,,458,59.56268577710819
185,2026-09-21T07:58:57.116+00:00,2026-09-21T08:02:47.886+00:00,2026-09-21T08:02:48.788+00:00,True,15,15.0,,15.0,230770.71879800002,231671.954254,231671.95422900002,15444.7969486,52.092802000000006,230770.71879800002,59568.1226584384,69287.5222975,64.37396114285714,8.502609972135803,0.06474672365198911,30,64,,True,True,,31,59.56268577710819
186,2026-09-21T07:58:57.403+00:00,2026-09-21T08:02:49.402+00:00,2026-09-21T08:02:52.104+00:00,True,45,45.0,,45.0,231999.447491,234701.256643,234701.256605,5215.583480111111,47.999752,231999.447491,34575.28291782359,73.6658102,61.40475345454545,8.02029509517025,0.1917331020875134,30,64,,True,True,,270,59.56268577710819
187,2026-09-21T07:58:57.645+00:00,2026-09-21T08:02:50.652+00:00,2026-09-21T08:02:55.919+00:00,True,85,85.0,,85.0,233007.412269,238274.203437,238274.203626,2803.2259250117645,44.308602,233007.412269,25266.40331550306,78.27829299999999,62.69989485714286,9.500421944683875,0.35673186091449516,30,64,,True,True,,753,59.56268577710819
188,2026-09-21T07:58:58.022+00:00,2026-09-21T08:02:52.957+00:00,2026-09-21T08:02:58.587+00:00,True,90,90.0,,90.0,234935.55748,240565.09732,240565.097288,2672.945525422222,44.026252,234935.55748,24757.716422381105,75.84495405,63.25325662921348,9.31966310372014,0.3741191095576175,30,64,,True,True,,113,59.56268577710819
189,2026-09-21T07:58:58.283+00:00,2026-09-21T08:02:54.233+00:00,2026-09-21T08:02:55.087+00:00,True,15,15.0,,15.0,235949.365628,236803.333756,236803.333768,15786.888917866667,41.492591999999995,235949.365628,60906.11548368531,70837.4723565,60.997723428571426,10.158629825123386,0.06334370281904841,30,64,,True,True,,83,59.56268577710819
190,2026-09-21T07:58:58.629+00:00,2026-09-21T08:02:55.850+00:00,2026-09-21T08:02:59.844+00:00,True,65,65.0,,65.0,237220.358991,241215.251791,241215.25161799998,3711.0038710461536,45.926862,237220.358991,29415.823215805594,76.77089219999999,62.4202,8.54525715429626,0.2694688644991611,30,64,,True,True,,325,59.56268577710819
191,2026-09-21T07:58:58.954+00:00,2026-09-21T08:02:57.783+00:00,2026-09-21T08:03:00.955+00:00,True,51,51.0,,51.0,238828.386243,242000.25286699997,242000.252884,4745.10299772549,42.809151,238828.386243,33433.78149387382,77.2211425,63.437332479999995,9.129693341794292,0.21074358144587932,30,64,,True,True,,206,59.56268577710819
192,2026-09-21T07:58:59.284+00:00,2026-09-21T08:02:59.501+00:00,2026-09-21T08:03:04.384+00:00,True,78,78.0,,78.0,240217.292798,245099.774718,245099.774819,3142.304805371795,44.806971,240217.292798,27192.0741992325,76.419591,63.408856103896106,8.952470156349733,0.31823774660643017,30,64,,True,True,,765,59.56268577710819
193,2026-09-21T07:58:59.666+00:00,2026-09-21T08:03:01.510+00:00,2026-09-21T08:03:03.630+00:00,True,35,35.0,,35.0,241843.73105899998,243964.06744299998,243964.06722399997,6970.401920685714,46.732332,241843.73105899998,40868.511570592986,83.860056,62.36283482352942,9.86564776246469,0.14346375007941461,30,64,,True,True,,245,59.56268577710819
194,2026-09-21T07:59:00.046+00:00,2026-09-21T08:03:03.457+00:00,2026-09-21T08:03:03.634+00:00,True,4,4.0,,4.0,243411.043108,243587.35158800002,243587.351804,60896.837951,56.00823200000001,243411.043108,121676.13679404337,206908.6496956,58.76949333333334,2.879176954276575,0.016421213884559735,30,64,,True,True,,17,59.56268577710819
195,2026-09-21T07:59:00.412+00:00,2026-09-21T08:03:05.330+00:00,2026-09-21T08:03:10.304+00:00,True,78,78.0,,78.0,244917.494405,249891.978373,249891.97848,3203.743313846154,41.400242,244917.494405,27724.13217223362,78.04934750000001,64.60368789610389,9.720948823778317,0.31213486926568607,30,64,,True,True,,390,59.56268577710819
196,2026-09-21T07:59:00.691+00:00,2026-09-21T08:03:06.672+00:00,2026-09-21T08:03:07.688+00:00,True,17,17.0,,17.0,245980.836863,246996.39321500002,246996.393219,14529.199601117647,50.741301,245980.836863,59643.72243111233,49257.720543,63.472272,9.456444291712469,0.06882691596715833,30,64,,True,True,,51,59.56268577710819
198,2026-09-21T07:59:01.327+00:00,2026-09-21T08:03:08.977+00:00,2026-09-21T08:03:13.041+00:00,True,66,66.0,,66.0,247650.124588,251714.114604,251714.11454100002,3813.850220318182,45.083671,247650.124588,30475.928742748,80.13261775,62.522923323076924,10.275782078518295,0.2622022213725761,30,64,,True,True,,140,59.56268577710819
199,2026-09-21T07:59:01.654+00:00,2026-09-21T08:03:10.753+00:00,2026-09-21T08:03:14.493+00:00,True,60,60.0,,60.0,249099.091237,252839.102245,252839.102138,4213.985035633333,41.963141,249099.091237,32150.3723283552,77.45105195000001,63.390017084745764,10.059018408808269,0.2373050666105445,30,64,,True,True,,300,59.56268577710819
200,2026-09-21T07:59:02.007+00:00,2026-09-21T08:03:12.497+00:00,2026-09-21T08:03:15.598+00:00,True,49,49.0,,49.0,250490.304412,253590.60342,253590.60337,5175.318436122449,43.989161,250490.304412,35775.10364557485,80.3052544,64.58956266666667,10.553171527044078,0.19322482512826222,30,64,,True,True,,105,59.56268577710819
197,2026-09-21T07:59:00.992+00:00,2026-09-21T08:03:12.791+00:00,2026-09-21T08:03:17.055+00:00,True,68,68.0,,68.0,251799.725867,256063.220267,256063.220207,3765.635591279412,40.065101000000006,251799.725867,30527.48653278486,76.38972735000002,63.6342447761194,9.214052394081586,0.2655594189946359,30,64,,True,True,,123,59.56268577710819
201,2026-09-21T07:59:02.324+00:00,2026-09-21T08:03:15.293+00:00,2026-09-21T08:03:21.336+00:00,True,98,98.0,,98.0,252969.263977,259012.028265,259012.02838899998,2642.979881520408,40.912521,252969.263977,25547.463927178494,79.2242253,62.2965390515464,10.797114108214254,0.3783608068569479,30,64,,True,True,,1264,59.56268577710819
202,2026-09-21T07:59:02.687+00:00,2026-09-21T08:03:17.062+00:00,2026-09-21T08:03:23.356+00:00,True,100,100.0,,100.0,254374.380771,260668.404195,260668.404112,2606.68404112,41.959720999999995,254374.380771,25431.08261823477,78.1744045,63.57599418181818,10.487113823242419,0.3836291563943911,30,64,,True,True,,301,59.56268577710819
203,2026-09-21T07:59:03.042+00:00,2026-09-21T08:03:19.169+00:00,2026-09-21T08:03:19.232+00:00,True,2,2.0,,2.0,256126.88716800002,256189.33734400003,256189.33726000003,128094.66863000001,62.450092,256126.88716800002,181064.8998771556,243323.66531419999,62.450176,nan,0.00780672615314386,30,64,,True,True,,4,59.56268577710819
204,2026-09-21T07:59:03.277+00:00,2026-09-21T08:03:20.609+00:00,2026-09-21T08:03:24.906+00:00,True,68,68.0,,68.0,257331.229165,261628.251629,261628.251675,3847.4742893382354,46.662811999999995,257331.229165,31198.21965812984,77.713235,64.13466364179105,10.898370504836327,0.2599107687209059,30,64,,True,True,,272,59.56268577710819
205,2026-09-21T07:59:03.493+00:00,2026-09-21T08:03:21.557+00:00,2026-09-21T08:03:25.311+00:00,True,60,60.0,,60.0,258063.783155,261817.898227,261817.898166,4363.6316361,48.520862,258063.783155,33307.677859502575,77.2243776,63.62906901694915,8.978321313491366,0.22916691489127725,30,64,,True,True,,124,59.56268577710819
206,2026-09-21T07:59:03.745+00:00,2026-09-21T08:03:22.723+00:00,2026-09-21T08:03:23.419+00:00,True,12,12.0,,12.0,258977.26019,259673.443742,259673.443566,21639.4536305,42.179052000000006,258977.26019,74742.0265794184,116584.88080965001,63.28941381818182,14.120087167149457,0.04621188761960066,30,64,,True,True,,35,59.56268577710819
207,2026-09-21T07:59:04.114+00:00,2026-09-21T08:03:24.605+00:00,2026-09-21T08:03:27.164+00:00,True,42,42.0,,42.0,260491.377988,263050.4889,263050.48879699997,6263.106876119047,43.958552000000005,260491.377988,40185.0621429138,78.55476244999998,62.41733931707317,9.464153545567777,0.15966516608895762,30,64,,True,True,,126,59.56268577710819
208,2026-09-21T07:59:04.410+00:00,2026-09-21T08:03:26.015+00:00,2026-09-21T08:03:31.107+00:00,True,82,82.0,,82.0,261604.583046,266696.747654,266696.747503,3252.3993597926833,45.701421,261604.583046,28882.45258797691,76.9024965,62.86622972839506,9.875617962895506,0.3074653167738776,30,64,,True,True,,246,59.56268577710819
209,2026-09-21T07:59:04.702+00:00,2026-09-21T08:03:27.875+00:00,2026-09-21T08:03:29.399+00:00,True,25,25.0,,25.0,263172.541401,264696.762841,264696.762905,10587.8705162,41.008250999999994,263172.541401,52621.80762402247,80.014475,63.50922666666666,11.430265352085526,0.09444769830833626,30,64,,True,True,,220,59.56268577710819
210,2026-09-21T07:59:05.585+00:00,2026-09-21T08:03:29.904+00:00,2026-09-21T08:03:30.546+00:00,True,11,11.0,,11.0,264318.964911,264961.086895,264961.087094,24087.371553999998,53.298092,264318.964911,79675.8061087662,132197.333197,64.2121984,7.448248369857398,0.04151553018183055,30,64,,True,True,,22,59.56268577710819
212,2026-09-21T07:59:05.738+00:00,2026-09-21T08:03:31.310+00:00,2026-09-21T08:03:33.119+00:00,True,30,30.0,,30.0,265572.33279899997,267380.56217499997,267380.56212699995,8912.685404233333,43.450091,265572.33279899997,48475.26941767292,77.85656405,62.35273710344828,9.902130216664228,0.11219962945685284,30,64,,True,True,,189,59.56268577710819
211,2026-09-21T07:59:05.717+00:00,2026-09-21T08:03:33.469+00:00,2026-09-21T08:03:36.644+00:00,True,51,51.0,,51.0,267752.52760699997,270927.088375,270927.08826299995,5312.295848294117,47.445611,267752.52760699997,37483.96368224211,77.0478205,63.49121536,8.93982309728178,0.1882425279284331,30,64,,True,True,,302,59.56268577710819
213,2026-09-21T07:59:05.961+00:00,2026-09-21T08:03:34.114+00:00,2026-09-21T08:03:38.357+00:00,True,68,68.0,,68.0,268153.653285,272395.945765,272395.945824,4005.8227327058826,41.366941,268153.653285,32510.729987689036,78.50753250000001,63.31779820895522,9.769823371517415,0.24963660824329814,30,64,,True,True,,206,59.56268577710819
214,2026-09-21T07:59:06.224+00:00,2026-09-21T08:03:36.189+00:00,2026-09-21T08:03:41.741+00:00,True,87,87.0,,87.0,269965.362431,275517.218559,275517.218528,3166.864580781609,48.187381,269965.362431,28936.405324740485,77.55437330000001,64.55646660465116,9.682103839419867,0.3157697382944855,30,64,,True,True,,87,59.56268577710819
215,2026-09-21T07:59:06.508+00:00,2026-09-21T08:03:37.485+00:00,2026-09-21T08:03:38.873+00:00,True,23,23.0,,23.0,270976.933329,272364.964561,272364.964667,11841.95498552174,50.012980999999996,270976.933329,56489.44156654725,80.0940739,63.09232872727273,9.430737320463116,0.08444551610032362,30,64,,True,True,,69,59.56268577710819
216,2026-09-21T07:59:06.823+00:00,2026-09-21T08:03:38.875+00:00,2026-09-21T08:03:41.334+00:00,True,39,39.0,,39.0,272051.941956,274510.707268,274510.707307,7038.736084794872,46.726621,272051.941956,43552.81562264955,82.959438,64.70435031578947,11.21705210700936,0.14207096104970865,30,64,,True,True,,188,59.56268577710819
217,2026-09-21T07:59:07.041+00:00,2026-09-21T08:03:40.110+00:00,2026-09-21T08:03:41.967+00:00,True,30,30.0,,30.0,273069.437549,274926.435437,274926.435415,9164.214513833334,46.543501,273069.437549,49843.740857710785,96.12756555000001,64.03440993103449,13.055644540150249,0.10912009953613415,30,64,,True,True,,180,59.56268577710819
218,2026-09-21T07:59:07.274+00:00,2026-09-21T08:03:41.477+00:00,2026-09-21T08:03:43.176+00:00,True,27,27.0,,27.0,274202.474913,275902.26832100004,275902.26832800003,10218.602530666667,43.349341,274202.474913,52757.7100715387,79.6280817,65.37666953846154,10.027757689118298,0.09786073947237975,30,64,,True,True,,128,59.56268577710819
219,2026-09-21T07:59:07.541+00:00,2026-09-21T08:03:42.713+00:00,2026-09-21T08:03:46.184+00:00,True,55,55.0,,55.0,275172.577071,278643.658799,278643.65875400003,5066.248340981819,43.84839100000001,275172.577071,37095.59652512945,79.6672987,64.27929125925927,9.602772570824452,0.1973847179478587,30,64,,True,True,,272,59.56268577710819
220,2026-09-21T07:59:07.914+00:00,2026-09-21T08:03:44.952+00:00,2026-09-21T08:03:46.555+00:00,True,26,26.0,,26.0,277037.67081800004,278641.30217800004,278641.302312,10716.973165846155,44.660221,277037.67081800004,54318.978062652495,76.46999125,64.1452544,8.865737598046689,0.09330992855966065,30,64,,True,True,,52,59.56268577710819
221,2026-09-21T07:59:08.131+00:00,2026-09-21T08:03:45.913+00:00,2026-09-21T08:03:49.182+00:00,True,52,52.0,,52.0,277782.76312699995,281051.49144699995,281051.49148499995,5404.836374711537,43.550811,277782.76312699995,38512.65134468955,78.18780795,64.09271215686275,9.301274661273197,0.18501947715088374,30,64,,True,True,,416,59.56268577710819
222,2026-09-21T07:59:08.500+00:00,2026-09-21T08:03:47.830+00:00,2026-09-21T08:03:54.085+00:00,True,98,98.0,,98.0,279330.085479,285584.806247,285584.80627,2914.13067622449,43.844671000000005,279330.085479,28210.08748190893,76.28544350000001,64.48165740206186,9.095930549741242,0.3431555105744687,30,64,,True,True,,202,59.56268577710819
223,2026-09-21T07:59:08.829+00:00,2026-09-21T08:03:49.536+00:00,2026-09-21T08:03:52.113+00:00,True,42,42.0,,42.0,280707.222919,283284.24205500004,283284.241944,6744.862903428572,43.683941,280707.222919,43304.36740108386,79.39360205,62.854125268292684,10.094281732118018,0.14826098230993603,30,64,,True,True,,126,59.56268577710819
224,2026-09-21T07:59:09.192+00:00,2026-09-21T08:03:51.419+00:00,2026-09-21T08:03:53.410+00:00,True,32,32.0,,32.0,282226.932282,284218.43871400005,284218.438504,8881.82620325,44.263911,282226.932282,49879.78866178684,75.67414600000001,64.24214296774194,8.86172405961001,0.11258945811112761,30,64,,True,True,,38,59.56268577710819
225,2026-09-21T07:59:09.399+00:00,2026-09-21T08:03:52.453+00:00,2026-09-21T08:03:58.170+00:00,True,92,92.0,,92.0,283053.71996200003,288770.95362600003,288770.953472,3138.814711652174,44.553791,283053.71996200003,29503.841552844446,77.43906500000001,62.82674356043956,9.175888275028626,0.3185915994832127,30,64,,True,True,,358,59.56268577710819
226,2026-09-21T07:59:09.679+00:00,2026-09-21T08:03:53.686+00:00,2026-09-21T08:03:57.212+00:00,True,57,57.0,,57.0,284006.870349,287533.29313299997,287533.29326299997,5044.44374145614,44.151610999999995,284006.870349,37609.2895092632,78.012104,62.971835428571424,10.326321579206846,0.19823791317840317,30,64,,True,True,,175,59.56268577710819
229,2026-09-21T07:59:10.631+00:00,2026-09-21T08:03:56.594+00:00,2026-09-21T08:03:58.891+00:00,True,38,38.0,,38.0,285963.17590100004,288259.919837,288259.91976900003,7585.7873623421065,48.646661,285963.17590100004,46379.28379370164,77.24568799999999,62.074160432432436,8.546660554979395,0.13182547203054643,30,64,,True,True,,114,59.56268577710819
230,2026-09-21T07:59:10.958+00:00,2026-09-21T08:03:58.473+00:00,2026-09-21T08:04:00.264+00:00,True,28,28.0,,28.0,287515.371546,289306.479898,289306.479834,10332.374279785714,47.603621,287515.371546,54322.76196720345,78.01426785,66.33734637037037,8.245640756618402,0.09678317613166453,30,64,,True,True,,95,59.56268577710819
227,2026-09-21T07:59:09.984+00:00,2026-09-21T08:03:59.158+00:00,2026-09-21T08:04:05.454+00:00,True,100,100.0,,100.0,289174.19182099996,295469.6611329999,295469.66114299995,2954.6966114299994,41.089511,289174.19182099996,28911.061700347498,78.2920185,63.59059911111111,9.60128270631149,0.3384442233985808,30,64,,True,True,,323,59.56268577710819
231,2026-09-21T07:59:11.254+00:00,2026-09-21T08:04:01.681+00:00,2026-09-21T08:04:05.585+00:00,True,63,63.0,,63.0,290426.21180299995,294330.62140299997,294330.62148499995,4671.914626746031,45.471801,290426.21180299995,36582.330379748666,76.7354539,62.974348387096775,8.785704912548084,0.21404500727683332,30,64,,True,True,,63,59.56268577710819
228,2026-09-21T07:59:10.278+00:00,2026-09-21T08:04:01.948+00:00,2026-09-21T08:04:02.433+00:00,True,9,9.0,,9.0,291670.09286000003,292155.237436,292155.23750000005,32461.69305555556,44.480811,291670.09286000003,97203.15040698105,175032.3980248,60.643072,10.330268978075422,0.030805540503005883,30,64,,True,True,,27,59.56268577710819
232,2026-09-21T07:59:11.497+00:00,2026-09-21T08:04:03.156+00:00,2026-09-21T08:04:08.985+00:00,True,94,94.0,,94.0,291659.668648,297488.543656,297488.54375,3164.7717420212766,42.542231,291659.668648,30075.93461649723,76.58780149999998,62.67607535483871,8.78124076237496,0.31597855448409007,30,64,,True,True,,657,59.56268577710819
233,2026-09-21T07:59:11.828+00:00,2026-09-21T08:04:05.193+00:00,2026-09-21T08:04:09.297+00:00,True,66,66.0,,66.0,293364.799028,297468.799028,297468.799144,4507.103017333333,45.621851,293364.799028,36102.93980773919,77.13407374999998,63.138461538461534,8.990152007194197,0.22187200881457012,30,64,,True,True,,198,59.56268577710819
234,2026-09-21T07:59:12.051+00:00,2026-09-21T08:04:06.250+00:00,2026-09-21T08:04:11.932+00:00,True,91,91.0,,91.0,294198.43773,299880.954466,299880.954529,3295.395104714286,46.74767,294198.43773,30833.75869184221,78.369022,63.139074844444444,9.1393340901851,0.30345374937879693,30,64,,True,True,,91,59.56268577710819
235,2026-09-21T07:59:12.295+00:00,2026-09-21T08:04:07.519+00:00,2026-09-21T08:04:10.027+00:00,True,41,41.0,,41.0,295223.665584,297731.870384,297731.870357,7261.752935536585,45.318931,295223.665584,46096.3983868107,76.514181,62.70512,8.850389151751788,0.1377077971099305,30,64,,True,True,,82,59.56268577710819
236,2026-09-21T07:59:12.553+00:00,2026-09-21T08:04:08.928+00:00,2026-09-21T08:04:12.591+00:00,False,61,60.0,,60.0,296374.940432,300038.072336,300038.07243899995,4918.656925229508,0.0314,296374.940432,37939.10798162389,77.697211,61.0521984,13.18125380388232,0.1999746216633752,30,64,,True,False,Request timeout: 300.0s exceeded,122,59.56268577710819
237,2026-09-21T07:59:12.775+00:00,2026-09-21T08:04:10.158+00:00,2026-09-21T08:04:12.823+00:00,False,45,44.0,,44.0,297382.973468,300047.48111600004,300047.481273,6667.721806066667,0.039,297382.973468,44322.21100713295,78.66688319999999,60.556992,13.611886672405936,0.14664345734996972,30,64,,True,False,Request timeout: 300.0s exceeded,235,59.56268577710819
238,2026-09-21T07:59:13.059+00:00,2026-09-21T08:04:11.604+00:00,2026-09-21T08:04:13.086+00:00,False,27,26.0,,26.0,298545.77116299997,300027.72367499996,300027.72358399996,11112.137910518517,0.02928,298545.77116299997,57444.192924699695,77.20744200000001,56.998173538461536,14.578851434023642,0.08665865834506703,30,64,,True,False,Request timeout: 300.0s exceeded,52,59.56268577710819
239,2026-09-21T07:59:13.326+00:00,2026-09-21T08:04:13.210+00:00,2026-09-21T08:04:13.385+00:00,False,5,4.0,,4.0,299883.85037400003,300059.416198,300059.41628700006,60011.883257400004,0.1479,299883.85037400003,134092.5087987996,239921.63133560005,43.891456,31.10912453140191,0.013330693136323783,30,64,,True,False,Request timeout: 300.0s exceeded,32,59.56268577710819
240,2026-09-21T07:59:13.568+00:00,2026-09-21T08:04:13.667+00:00,2026-09-21T08:04:13.667+00:00,False,1,0.0,,0.0,300098.987571,300098.987571,300098.987571,300098.987571,300098.987571,300098.987571,nan,300098.987571,nan,nan,0.0,30,64,,True,False,"HTTPConnectionPool(host='gpu06', port=9004): Read timed out.",0,59.56268577710819
241,2026-09-21T07:59:13.846+00:00,2026-09-21T08:04:13.893+00:00,2026-09-21T08:04:13.893+00:00,False,1,0.0,,0.0,300047.07095200004,300047.07095200004,300047.07095200004,300047.07095200004,300047.07095200004,300047.07095200004,nan,300047.07095200004,nan,nan,0.0,30,64,,True,False,"HTTPConnectionPool(host='gpu06', port=9004): Read timed out.",0,59.56268577710819
242,2026-09-21T07:59:14.056+00:00,2026-09-21T08:04:14.174+00:00,2026-09-21T08:04:14.174+00:00,False,1,0.0,,0.0,300118.46924,300118.46924,300118.46924,300118.46924,300118.46924,300118.46924,nan,300118.46924,nan,nan,0.0,30,64,,True,False,"HTTPConnectionPool(host='gpu06', port=9004): Read timed out.",0,59.56268577710819
243,2026-09-21T07:59:14.270+00:00,2026-09-21T08:04:14.374+00:00,2026-09-21T08:04:14.374+00:00,False,1,0.0,,0.0,300104.47121499997,300104.47121499997,300104.47121499997,300104.47121499997,300104.47121499997,300104.47121499997,nan,300104.47121499997,nan,nan,0.0,30,64,,True,False,"HTTPConnectionPool(host='gpu06', port=9004): Read timed out.",0,59.56268577710819
244,2026-09-21T07:59:14.495+00:00,2026-09-21T08:04:14.608+00:00,2026-09-21T08:04:14.608+00:00,False,1,0.0,,0.0,300113.07699000003,300113.07699000003,300113.07699000003,300113.07699000003,300113.07699000003,300113.07699000003,nan,300113.07699000003,nan,nan,0.0,30,64,,True,False,"HTTPConnectionPool(host='gpu06', port=9004): Read timed out.",0,59.56268577710819
245,2026-09-21T07:59:14.795+00:00,2026-09-21T08:04:14.901+00:00,2026-09-21T08:04:14.901+00:00,False,1,0.0,,0.0,300105.6465,300105.6465,300105.6465,300105.6465,300105.6465,300105.6465,nan,300105.6465,nan,nan,0.0,30,64,,True,False,"HTTPConnectionPool(host='gpu06', port=9004): Read timed out.",0,59.56268577710819
246,2026-09-21T07:59:15.008+00:00,2026-09-21T08:04:15.120+00:00,2026-09-21T08:04:15.120+00:00,False,1,0.0,,0.0,300111.91498500004,300111.91498500004,300111.91498500004,300111.91498500004,300111.91498500004,300111.91498500004,nan,300111.91498500004,nan,nan,0.0,30,64,,True,False,"HTTPConnectionPool(host='gpu06', port=9004): Read timed out.",0,59.56268577710819
247,2026-09-21T07:59:15.279+00:00,2026-09-21T08:04:15.372+00:00,2026-09-21T08:04:15.372+00:00,False,1,0.0,,0.0,300092.980657,300092.980657,300092.980657,300092.980657,300092.980657,300092.980657,nan,300092.980657,nan,nan,0.0,30,64,,True,False,"HTTPConnectionPool(host='gpu06', port=9004): Read timed out.",0,59.56268577710819
248,2026-09-21T07:59:15.613+00:00,2026-09-21T08:04:15.647+00:00,2026-09-21T08:04:15.647+00:00,False,1,0.0,,0.0,300034.107533,300034.107533,300034.107533,300034.107533,300034.107533,300034.107533,nan,300034.107533,nan,nan,0.0,30,64,,True,False,TTFT timeout: 300.0s exceeded (TTFT: 300.029s),0,59.56268577710819
249,2026-09-21T07:59:15.988+00:00,2026-09-21T08:04:16.081+00:00,2026-09-21T08:04:16.081+00:00,False,1,0.0,,0.0,300092.63831,300092.63831,300092.63831,300092.63831,300092.63831,300092.63831,nan,300092.63831,nan,nan,0.0,30,64,,True,False,"HTTPConnectionPool(host='gpu06', port=9004): Read timed out.",0,59.56268577710819
250,2026-09-21T07:59:16.337+00:00,2026-09-21T08:04:16.382+00:00,2026-09-21T08:04:16.382+00:00,False,1,0.0,,0.0,300045.260505,300045.260505,300045.260505,300045.260505,300045.260505,300045.260505,nan,300045.260505,nan,nan,0.0,30,64,,True,False,"HTTPConnectionPool(host='gpu06', port=9004): Read timed out.",0,59.56268577710819
251,2026-09-21T07:59:16.689+00:00,2026-09-21T08:04:16.739+00:00,2026-09-21T08:04:16.739+00:00,False,1,0.0,,0.0,300050.590401,300050.590401,300050.590401,300050.590401,300050.590401,300050.590401,nan,300050.590401,nan,nan,0.0,30,64,,True,False,"HTTPConnectionPool(host='gpu06', port=9004): Read timed out.",0,59.56268577710819
252,2026-09-21T07:59:16.982+00:00,2026-09-21T08:04:17.020+00:00,2026-09-21T08:04:17.020+00:00,False,1,0.0,,0.0,300037.615861,300037.615861,300037.615861,300037.615861,300037.615861,300037.615861,nan,300037.615861,nan,nan,0.0,30,64,,True,False,"HTTPConnectionPool(host='gpu06', port=9004): Read timed out.",0,59.56268577710819
253,2026-09-21T07:59:17.273+00:00,2026-09-21T08:04:17.343+00:00,2026-09-21T08:04:17.343+00:00,False,1,0.0,,0.0,300070.167493,300070.167493,300070.167493,300070.167493,300070.167493,300070.167493,nan,300070.167493,nan,nan,0.0,30,64,,True,False,TTFT timeout: 300.0s exceeded (TTFT: 300.061s),0,59.56268577710819
254,2026-09-21T07:59:17.526+00:00,2026-09-21T08:04:17.548+00:00,2026-09-21T08:04:17.548+00:00,False,1,0.0,,0.0,300022.295845,300022.295845,300022.295845,300022.295845,300022.295845,300022.295845,nan,300022.295845,nan,nan,0.0,30,64,,True,False,TTFT timeout: 300.0s exceeded (TTFT: 300.017s),0,59.56268577710819
255,2026-09-21T07:59:17.826+00:00,2026-09-21T08:04:17.804+00:00,2026-09-21T08:04:17.917+00:00,False,3,2.0,,2.0,299978.60653399996,300091.36659799994,300091.36671599996,100030.45557199999,0.047659999999999994,299978.60653399996,173160.1873358447,269992.01713279996,56.380032,79.66606670844314,0.006664636915993603,30,64,,True,False,Request timeout: 300.0s exceeded,4,59.56268577710819
256,2026-09-21T07:59:18.192+00:00,2026-09-21T08:04:18.296+00:00,2026-09-21T08:04:18.296+00:00,False,1,0.0,,0.0,300104.075522,300104.075522,300104.075522,300104.075522,300104.075522,300104.075522,nan,300104.075522,nan,nan,0.0,30,64,,True,False,"HTTPConnectionPool(host='gpu06', port=9004): Read timed out.",0,59.56268577710819
257,2026-09-21T07:59:19.343+00:00,2026-09-21T08:04:18.999+00:00,2026-09-21T08:04:19.903+00:00,False,16,15.0,,15.0,299655.961456,300560.21592,300560.215965,18785.0134978125,0.02582,299655.961456,74898.92398369653,75001.9883605,60.28363093333333,26.95855923972638,0.04990680471161408,30,64,,True,False,Request timeout: 300.0s exceeded,30,59.56268577710819
259,2026-09-21T07:59:19.921+00:00,2026-09-21T08:04:20.400+00:00,2026-09-21T08:04:20.400+00:00,False,1,0.0,,0.0,300478.830244,300478.830244,300478.830244,300478.830244,300478.830244,300478.830244,nan,300478.830244,nan,nan,0.0,30,64,,True,False,"HTTPConnectionPool(host='gpu06', port=9004): Read timed out.",0,59.56268577710819
261,2026-09-21T07:59:20.008+00:00,2026-09-21T08:04:20.400+00:00,2026-09-21T08:04:20.400+00:00,False,1,0.0,,0.0,300391.408246,300391.408246,300391.408246,300391.408246,300391.408246,300391.408246,nan,300391.408246,nan,nan,0.0,30,64,,True,False,"HTTPConnectionPool(host='gpu06', port=9004): Read timed out.",0,59.56268577710819
260,2026-09-21T07:59:19.988+00:00,2026-09-21T08:04:20.410+00:00,2026-09-21T08:04:20.410+00:00,False,1,0.0,,0.0,300421.653858,300421.653858,300421.653858,300421.653858,300421.653858,300421.653858,nan,300421.653858,nan,nan,0.0,30,64,,True,False,"HTTPConnectionPool(host='gpu06', port=9004): Read timed out.",0,59.56268577710819
258,2026-09-21T07:59:19.770+00:00,2026-09-21T08:04:20.647+00:00,2026-09-21T08:04:21.358+00:00,False,10,9.0,,9.0,300877.325282,301587.779298,301587.779327,30158.7779327,0.027420000000000003,300877.325282,95120.81153593738,165559.2860324,78.9393351111111,46.09445893417254,0.029842057993692998,30,64,,True,False,Request timeout: 300.0s exceeded,18,59.56268577710819
262,2026-09-21T07:59:20.227+00:00,2026-09-21T08:04:21.212+00:00,2026-09-21T08:04:21.404+00:00,False,5,4.0,,4.0,300984.866454,301177.027478,301177.027338,60235.4054676,0.03607,300984.866454,134583.04505482805,240808.50184160002,48.040256,42.262495342689455,0.013281225442376038,30,64,,True,False,Request timeout: 300.0s exceeded,19,59.56268577710819
263,2026-09-21T07:59:20.239+00:00,2026-09-21T08:04:21.526+00:00,2026-09-21T08:04:21.526+00:00,False,1,0.0,,0.0,301286.965039,301286.965039,301286.965039,301286.965039,301286.965039,301286.965039,nan,301286.965039,nan,nan,0.0,30,64,,True,False,"HTTPConnectionPool(host='gpu06', port=9004): Read timed out.",0,59.56268577710819
268,2026-09-21T07:59:21.642+00:00,2026-09-21T08:04:21.897+00:00,2026-09-21T08:04:21.897+00:00,False,1,0.0,,0.0,300254.851463,300254.851463,300254.851463,300254.851463,300254.851463,300254.851463,nan,300254.851463,nan,nan,0.0,30,64,,True,False,"HTTPConnectionPool(host='gpu06', port=9004): Read timed out.",0,59.56268577710819
264,2026-09-21T07:59:20.428+00:00,2026-09-21T08:04:21.899+00:00,2026-09-21T08:04:21.899+00:00,False,1,0.0,,0.0,301471.4166,301471.4166,301471.4166,301471.4166,301471.4166,301471.4166,nan,301471.4166,nan,nan,0.0,30,64,,True,False,"HTTPConnectionPool(host='gpu06', port=9004): Read timed out.",0,59.56268577710819
265,2026-09-21T07:59:20.752+00:00,2026-09-21T08:04:21.905+00:00,2026-09-21T08:04:21.905+00:00,False,1,0.0,,0.0,301153.578592,301153.578592,301153.578592,301153.578592,301153.578592,301153.578592,nan,301153.578592,nan,nan,0.0,30,64,,True,False,"HTTPConnectionPool(host='gpu06', port=9004): Read timed out.",0,59.56268577710819
271,2026-09-21T07:59:22.590+00:00,2026-09-21T08:04:23.278+00:00,2026-09-21T08:04:23.278+00:00,False,1,0.0,,0.0,300687.479369,300687.479369,300687.479369,300687.479369,300687.479369,300687.479369,nan,300687.479369,nan,nan,0.0,30,64,,True,False,"HTTPConnectionPool(host='gpu06', port=9004): Read timed out.",0,59.56268577710819
266,2026-09-21T07:59:21.008+00:00,2026-09-21T08:04:23.292+00:00,2026-09-21T08:04:23.292+00:00,False,1,0.0,,0.0,302284.921989,302284.921989,302284.921989,302284.921989,302284.921989,302284.921989,nan,302284.921989,nan,nan,0.0,30,64,,True,False,"HTTPConnectionPool(host='gpu06', port=9004): Read timed out.",0,59.56268577710819
272,2026-09-21T07:59:22.963+00:00,2026-09-21T08:04:23.306+00:00,2026-09-21T08:04:23.306+00:00,False,1,0.0,,0.0,300343.333447,300343.333447,300343.333447,300343.333447,300343.333447,300343.333447,nan,300343.333447,nan,nan,0.0,30,64,,True,False,"HTTPConnectionPool(host='gpu06', port=9004): Read timed out.",0,59.56268577710819
267,2026-09-21T07:59:21.278+00:00,2026-09-21T08:04:23.309+00:00,2026-09-21T08:04:23.309+00:00,False,1,0.0,,0.0,302031.46501499997,302031.46501499997,302031.46501499997,302031.46501499997,302031.46501499997,302031.46501499997,nan,302031.46501499997,nan,nan,0.0,30,64,,True,False,"HTTPConnectionPool(host='gpu06', port=9004): Read timed out.",0,59.56268577710819
270,2026-09-21T07:59:22.357+00:00,2026-09-21T08:04:23.315+00:00,2026-09-21T08:04:23.315+00:00,False,1,0.0,,0.0,300958.299321,300958.299321,300958.299321,300958.299321,300958.299321,300958.299321,nan,300958.299321,nan,nan,0.0,30,64,,True,False,"HTTPConnectionPool(host='gpu06', port=9004): Read timed out.",0,59.56268577710819
269,2026-09-21T07:59:22.005+00:00,2026-09-21T08:04:23.320+00:00,2026-09-21T08:04:23.320+00:00,False,1,0.0,,0.0,301314.63545099995,301314.63545099995,301314.63545099995,301314.63545099995,301314.63545099995,301314.63545099995,nan,301314.63545099995,nan,nan,0.0,30,64,,True,False,"HTTPConnectionPool(host='gpu06', port=9004): Read timed out.",0,59.56268577710819
273,2026-09-21T07:59:23.294+00:00,2026-09-21T08:04:23.401+00:00,2026-09-21T08:04:23.401+00:00,False,1,0.0,,0.0,300106.74246,300106.74246,300106.74246,300106.74246,300106.74246,300106.74246,nan,300106.74246,nan,nan,0.0,30,64,,True,False,"HTTPConnectionPool(host='gpu06', port=9004): Read timed out.",0,59.56268577710819
274,2026-09-21T07:59:23.604+00:00,2026-09-21T08:04:23.737+00:00,2026-09-21T08:04:23.737+00:00,False,1,0.0,,0.0,300133.5439,300133.5439,300133.5439,300133.5439,300133.5439,300133.5439,nan,300133.5439,nan,nan,0.0,30,64,,True,False,"HTTPConnectionPool(host='gpu06', port=9004): Read timed out.",0,59.56268577710819
275,2026-09-21T07:59:23.814+00:00,2026-09-21T08:04:23.824+00:00,2026-09-21T08:04:23.824+00:00,False,1,0.0,,0.0,300009.973703,300009.973703,300009.973703,300009.973703,300009.973703,300009.973703,nan,300009.973703,nan,nan,0.0,30,64,,True,False,"HTTPConnectionPool(host='gpu06', port=9004): Read timed out.",0,59.56268577710819
276,2026-09-21T07:59:24.158+00:00,2026-09-21T08:04:24.275+00:00,2026-09-21T08:04:24.275+00:00,False,1,0.0,,0.0,300116.805732,300116.805732,300116.805732,300116.805732,300116.805732,300116.805732,nan,300116.805732,nan,nan,0.0,30,64,,True,False,"HTTPConnectionPool(host='gpu06', port=9004): Read timed out.",0,59.56268577710819
277,2026-09-21T07:59:24.536+00:00,2026-09-21T08:04:24.641+00:00,2026-09-21T08:04:24.641+00:00,False,1,0.0,,0.0,300105.59257700003,300105.59257700003,300105.59257700003,300105.59257700003,300105.59257700003,300105.59257700003,nan,300105.59257700003,nan,nan,0.0,30,64,,True,False,"HTTPConnectionPool(host='gpu06', port=9004): Read timed out.",0,59.56268577710819
278,2026-09-21T07:59:24.853+00:00,2026-09-21T08:04:24.940+00:00,2026-09-21T08:04:24.940+00:00,False,1,0.0,,0.0,300086.789955,300086.789955,300086.789955,300086.789955,300086.789955,300086.789955,nan,300086.789955,nan,nan,0.0,30,64,,True,False,"HTTPConnectionPool(host='gpu06', port=9004): Read timed out.",0,59.56268577710819
279,2026-09-21T07:59:25.159+00:00,2026-09-21T08:04:25.232+00:00,2026-09-21T08:04:25.232+00:00,False,1,0.0,,0.0,300072.726684,300072.726684,300072.726684,300072.726684,300072.726684,300072.726684,nan,300072.726684,nan,nan,0.0,30,64,,True,False,"HTTPConnectionPool(host='gpu06', port=9004): Read timed out.",0,59.56268577710819
280,2026-09-21T07:59:25.464+00:00,2026-09-21T08:04:25.531+00:00,2026-09-21T08:04:25.531+00:00,False,1,0.0,,0.0,300066.906403,300066.906403,300066.906403,300066.906403,300066.906403,300066.906403,nan,300066.906403,nan,nan,0.0,30,64,,True,False,TTFT timeout: 300.0s exceeded (TTFT: 300.062s),0,59.56268577710819
281,2026-09-21T07:59:25.835+00:00,2026-09-21T08:04:25.943+00:00,2026-09-21T08:04:25.943+00:00,False,1,0.0,,0.0,300107.81979000004,300107.81979000004,300107.81979000004,300107.81979000004,300107.81979000004,300107.81979000004,nan,300107.81979000004,nan,nan,0.0,30,64,,True,False,"HTTPConnectionPool(host='gpu06', port=9004): Read timed out.",0,59.56268577710819
282,2026-09-21T07:59:26.205+00:00,2026-09-21T08:04:26.318+00:00,2026-09-21T08:04:26.318+00:00,False,1,0.0,,0.0,300112.82495499996,300112.82495499996,300112.82495499996,300112.82495499996,300112.82495499996,300112.82495499996,nan,300112.82495499996,nan,nan,0.0,30,64,,True,False,"HTTPConnectionPool(host='gpu06', port=9004): Read timed out.",0,59.56268577710819
283,2026-09-21T07:59:26.539+00:00,2026-09-21T08:04:26.647+00:00,2026-09-21T08:04:26.647+00:00,False,1,0.0,,0.0,300108.461403,300108.461403,300108.461403,300108.461403,300108.461403,300108.461403,nan,300108.461403,nan,nan,0.0,30,64,,True,False,"HTTPConnectionPool(host='gpu06', port=9004): Read timed out.",0,59.56268577710819
284,2026-09-21T07:59:26.912+00:00,2026-09-21T08:04:27.006+00:00,2026-09-21T08:04:27.006+00:00,False,1,0.0,,0.0,300094.091097,300094.091097,300094.091097,300094.091097,300094.091097,300094.091097,nan,300094.091097,nan,nan,0.0,30,64,,True,False,"HTTPConnectionPool(host='gpu06', port=9004): Read timed out.",0,59.56268577710819
285,2026-09-21T07:59:27.247+00:00,2026-09-21T08:04:27.289+00:00,2026-09-21T08:04:27.289+00:00,False,1,0.0,,0.0,300041.670583,300041.670583,300041.670583,300041.670583,300041.670583,300041.670583,nan,300041.670583,nan,nan,0.0,30,64,,True,False,TTFT timeout: 300.0s exceeded (TTFT: 300.029s),0,59.56268577710819
286,2026-09-21T07:59:27.467+00:00,2026-09-21T08:04:27.516+00:00,2026-09-21T08:04:27.516+00:00,False,1,0.0,,0.0,300048.327969,300048.327969,300048.327969,300048.327969,300048.327969,300048.327969,nan,300048.327969,nan,nan,0.0,30,64,,True,False,TTFT timeout: 300.0s exceeded (TTFT: 300.034s),0,59.56268577710819
287,2026-09-21T07:59:27.753+00:00,2026-09-21T08:04:27.763+00:00,2026-09-21T08:04:27.763+00:00,False,1,0.0,,0.0,300009.829419,300009.829419,300009.829419,300009.829419,300009.829419,300009.829419,nan,300009.829419,nan,nan,0.0,30,64,,True,False,TTFT timeout: 300.0s exceeded (TTFT: 300.004s),0,59.56268577710819
288,2026-09-21T07:59:27.962+00:00,2026-09-21T08:04:28.067+00:00,2026-09-21T08:04:28.067+00:00,False,1,0.0,,0.0,300105.598217,300105.598217,300105.598217,300105.598217,300105.598217,300105.598217,nan,300105.598217,nan,nan,0.0,30,64,,True,False,"HTTPConnectionPool(host='gpu06', port=9004): Read timed out.",0,59.56268577710819
289,2026-09-21T07:59:28.180+00:00,2026-09-21T08:04:28.286+00:00,2026-09-21T08:04:28.286+00:00,False,1,0.0,,0.0,300105.90050199995,300105.90050199995,300105.90050199995,300105.90050199995,300105.90050199995,300105.90050199995,nan,300105.90050199995,nan,nan,0.0,30,64,,True,False,"HTTPConnectionPool(host='gpu06', port=9004): Read timed out.",0,59.56268577710819
290,2026-09-21T07:59:28.419+00:00,2026-09-21T08:04:28.523+00:00,2026-09-21T08:04:28.523+00:00,False,1,0.0,,0.0,300104.58008600003,300104.58008600003,300104.58008600003,300104.58008600003,300104.58008600003,300104.58008600003,nan,300104.58008600003,nan,nan,0.0,30,64,,True,False,"HTTPConnectionPool(host='gpu06', port=9004): Read timed out.",0,59.56268577710819
291,2026-09-21T07:59:28.648+00:00,2026-09-21T08:04:28.749+00:00,2026-09-21T08:04:28.749+00:00,False,1,0.0,,0.0,300101.59309100005,300101.59309100005,300101.59309100005,300101.59309100005,300101.59309100005,300101.59309100005,nan,300101.59309100005,nan,nan,0.0,30,64,,True,False,"HTTPConnectionPool(host='gpu06', port=9004): Read timed out.",0,59.56268577710819
292,2026-09-21T07:59:28.887+00:00,2026-09-21T08:04:28.956+00:00,2026-09-21T08:04:28.956+00:00,False,1,0.0,,0.0,300069.04659399996,300069.04659399996,300069.04659399996,300069.04659399996,300069.04659399996,300069.04659399996,nan,300069.04659399996,nan,nan,0.0,30,64,,True,False,"HTTPConnectionPool(host='gpu06', port=9004): Read timed out.",0,59.56268577710819
293,2026-09-21T07:59:29.195+00:00,2026-09-21T08:04:29.250+00:00,2026-09-21T08:04:29.250+00:00,False,1,0.0,,0.0,300055.061793,300055.061793,300055.061793,300055.061793,300055.061793,300055.061793,nan,300055.061793,nan,nan,0.0,30,64,,True,False,"HTTPConnectionPool(host='gpu06', port=9004): Read timed out.",0,59.56268577710819
294,2026-09-21T07:59:29.509+00:00,2026-09-21T08:04:29.606+00:00,2026-09-21T08:04:29.606+00:00,False,1,0.0,,0.0,300096.387203,300096.387203,300096.387203,300096.387203,300096.387203,300096.387203,nan,300096.387203,nan,nan,0.0,30,64,,True,False,TTFT timeout: 300.0s exceeded (TTFT: 300.092s),0,59.56268577710819
295,2026-09-21T07:59:29.847+00:00,2026-09-21T08:04:29.824+00:00,2026-09-21T08:04:29.897+00:00,False,3,2.0,,2.0,299976.181968,300049.080528,300049.08051,100016.36017,0.04263,299976.181968,173170.28924027196,269985.8493624,36.44928,51.48660565651583,0.006665576166674384,30,64,,True,False,Request timeout: 300.0s exceeded,10,59.56268577710819
296,2026-09-21T07:59:30.106+00:00,2026-09-21T08:04:30.220+00:00,2026-09-21T08:04:30.220+00:00,False,1,0.0,,0.0,300113.406854,300113.406854,300113.406854,300113.406854,300113.406854,300113.406854,nan,300113.406854,nan,nan,0.0,30,64,,True,False,"HTTPConnectionPool(host='gpu06', port=9004): Read timed out.",0,59.56268577710819
297,2026-09-21T07:59:30.384+00:00,2026-09-21T08:04:30.489+00:00,2026-09-21T08:04:30.489+00:00,False,1,0.0,,0.0,300105.336005,300105.336005,300105.336005,300105.336005,300105.336005,300105.336005,nan,300105.336005,nan,nan,0.0,30,64,,True,False,"HTTPConnectionPool(host='gpu06', port=9004): Read timed out.",0,59.56268577710819
298,2026-09-21T07:59:30.754+00:00,2026-09-21T08:04:30.863+00:00,2026-09-21T08:04:30.863+00:00,False,1,0.0,,0.0,300109.14591,300109.14591,300109.14591,300109.14591,300109.14591,300109.14591,nan,300109.14591,nan,nan,0.0,30,64,,True,False,"HTTPConnectionPool(host='gpu06', port=9004): Read timed out.",0,59.56268577710819
299,2026-09-21T07:59:31.133+00:00,2026-09-21T08:04:31.237+00:00,2026-09-21T08:04:31.237+00:00,False,1,0.0,,0.0,300104.40372500004,300104.40372500004,300104.40372500004,300104.40372500004,300104.40372500004,300104.40372500004,nan,300104.40372500004,nan,nan,0.0,30,64,,True,False,TTFT timeout: 300.0s exceeded (TTFT: 300.086s),0,59.56268577710819
300,2026-09-21T07:59:31.378+00:00,2026-09-21T08:04:31.482+00:00,2026-09-21T08:04:31.482+00:00,False,1,0.0,,0.0,300103.829688,300103.829688,300103.829688,300103.829688,300103.829688,300103.829688,nan,300103.829688,nan,nan,0.0,30,64,,True,False,"HTTPConnectionPool(host='gpu06', port=9004): Read timed out.",0,59.56268577710819
301,2026-09-21T07:59:31.758+00:00,2026-09-21T08:04:31.876+00:00,2026-09-21T08:04:32.127+00:00,True,5,5.0,,5.0,300118.57704299997,300369.20974699996,300369.20977799996,60073.84195559999,55.386131,300118.57704299997,134189.08643654172,240108.59407659995,62.658176,6.343504473654501,0.016646180226699947,30,64,,True,True,,30,59.56268577710819
302,2026-09-21T07:59:31.990+00:00,2026-09-21T08:04:31.878+00:00,2026-09-21T08:04:32.960+00:00,False,21,20.0,,20.0,299887.381252,300970.10202,300970.102105,14331.90962404762,0.035859999999999996,299887.381252,65428.980086164054,74.269281,54.1360384,16.15198889833306,0.06645178330261842,30,64,,True,False,Request timeout: 300.0s exceeded,20,59.56268577710819
305,2026-09-21T07:59:32.909+00:00,2026-09-21T08:04:33.104+00:00,2026-09-21T08:04:33.104+00:00,False,1,0.0,,0.0,300195.24861799995,300195.24861799995,300195.24861799995,300195.24861799995,300195.24861799995,300195.24861799995,nan,300195.24861799995,nan,nan,0.0,30,64,,True,False,"HTTPConnectionPool(host='gpu06', port=9004): Read timed out.",0,59.56268577710819
306,2026-09-21T07:59:33.251+00:00,2026-09-21T08:04:33.262+00:00,2026-09-21T08:04:33.262+00:00,False,1,0.0,,0.0,300011.36582,300011.36582,300011.36582,300011.36582,300011.36582,300011.36582,nan,300011.36582,nan,nan,0.0,30,64,,True,False,"HTTPConnectionPool(host='gpu06', port=9004): Read timed out.",0,59.56268577710819
303,2026-09-21T07:59:32.205+00:00,2026-09-21T08:04:33.286+00:00,2026-09-21T08:04:33.286+00:00,False,1,0.0,,0.0,301080.92732300004,301080.92732300004,301080.92732300004,301080.92732300004,301080.92732300004,301080.92732300004,nan,301080.92732300004,nan,nan,0.0,30,64,,True,False,"HTTPConnectionPool(host='gpu06', port=9004): Read timed out.",0,59.56268577710819
304,2026-09-21T07:59:32.538+00:00,2026-09-21T08:04:33.620+00:00,2026-09-21T08:04:33.620+00:00,False,1,0.0,,0.0,301081.470531,301081.470531,301081.470531,301081.470531,301081.470531,301081.470531,nan,301081.470531,nan,nan,0.0,30,64,,True,False,"HTTPConnectionPool(host='gpu06', port=9004): Read timed out.",0,59.56268577710819
307,2026-09-21T07:59:33.591+00:00,2026-09-21T08:04:34.283+00:00,2026-09-21T08:04:35.157+00:00,False,17,16.0,,16.0,300692.200633,301566.600377,301566.600401,17739.211788294117,0.02819,300692.200633,72915.31891250817,60220.9139362,54.649984,20.329176249914756,0.053056273406928305,30,64,,True,False,Request timeout: 300.0s exceeded,64,59.56268577710819
308,2026-09-21T07:59:35.021+00:00,2026-09-21T08:04:35.465+00:00,2026-09-21T08:04:35.465+00:00,False,1,0.0,,0.0,300444.32039099996,300444.32039099996,300444.32039099996,300444.32039099996,300444.32039099996,300444.32039099996,nan,300444.32039099996,nan,nan,0.0,30,64,,True,False,"HTTPConnectionPool(host='gpu06', port=9004): Read timed out.",0,59.56268577710819
311,2026-09-21T07:59:35.329+00:00,2026-09-21T08:04:35.490+00:00,2026-09-21T08:04:35.490+00:00,False,1,0.0,,0.0,300161.618375,300161.618375,300161.618375,300161.618375,300161.618375,300161.618375,nan,300161.618375,nan,nan,0.0,30,64,,True,False,"HTTPConnectionPool(host='gpu06', port=9004): Read timed out.",0,59.56268577710819
309,2026-09-21T07:59:35.176+00:00,2026-09-21T08:04:35.506+00:00,2026-09-21T08:04:35.506+00:00,False,1,0.0,,0.0,300330.67528799997,300330.67528799997,300330.67528799997,300330.67528799997,300330.67528799997,300330.67528799997,nan,300330.67528799997,nan,nan,0.0,30,64,,True,False,"HTTPConnectionPool(host='gpu06', port=9004): Read timed out.",0,59.56268577710819
313,2026-09-21T07:59:35.484+00:00,2026-09-21T08:04:35.588+00:00,2026-09-21T08:04:35.588+00:00,False,1,0.0,,0.0,300104.072813,300104.072813,300104.072813,300104.072813,300104.072813,300104.072813,nan,300104.072813,nan,nan,0.0,30,64,,True,False,"HTTPConnectionPool(host='gpu06', port=9004): Read timed out.",0,59.56268577710819
310,2026-09-21T07:59:35.323+00:00,2026-09-21T08:04:35.813+00:00,2026-09-21T08:04:35.813+00:00,False,1,0.0,,0.0,300490.09089999995,300490.09089999995,300490.09089999995,300490.09089999995,300490.09089999995,300490.09089999995,nan,300490.09089999995,nan,nan,0.0,30,64,,True,False,"HTTPConnectionPool(host='gpu06', port=9004): Read timed out.",0,59.56268577710819
314,2026-09-21T07:59:35.581+00:00,2026-09-21T08:04:35.825+00:00,2026-09-21T08:04:35.825+00:00,False,1,0.0,,0.0,300243.625966,300243.625966,300243.625966,300243.625966,300243.625966,300243.625966,nan,300243.625966,nan,nan,0.0,30,64,,True,False,"HTTPConnectionPool(host='gpu06', port=9004): Read timed out.",0,59.56268577710819
312,2026-09-21T07:59:35.350+00:00,2026-09-21T08:04:35.984+00:00,2026-09-21T08:04:35.984+00:00,False,1,0.0,,0.0,300633.68288700003,300633.68288700003,300633.68288700003,300633.68288700003,300633.68288700003,300633.68288700003,nan,300633.68288700003,nan,nan,0.0,30,64,,True,False,"HTTPConnectionPool(host='gpu06', port=9004): Read timed out.",0,59.56268577710819
315,2026-09-21T07:59:35.973+00:00,2026-09-21T08:04:36.249+00:00,2026-09-21T08:04:36.249+00:00,False,1,0.0,,0.0,300276.530576,300276.530576,300276.530576,300276.530576,300276.530576,300276.530576,nan,300276.530576,nan,nan,0.0,30,64,,True,False,"HTTPConnectionPool(host='gpu06', port=9004): Read timed out.",0,59.56268577710819
316,2026-09-21T07:59:36.177+00:00,2026-09-21T08:04:36.305+00:00,2026-09-21T08:04:36.305+00:00,False,1,0.0,,0.0,300128.04740499996,300128.04740499996,300128.04740499996,300128.04740499996,300128.04740499996,300128.04740499996,nan,300128.04740499996,nan,nan,0.0,30,64,,True,False,"HTTPConnectionPool(host='gpu06', port=9004): Read timed out.",0,59.56268577710819
317,2026-09-21T07:59:36.391+00:00,2026-09-21T08:04:36.448+00:00,2026-09-21T08:04:36.448+00:00,False,1,0.0,,0.0,300057.41736699996,300057.41736699996,300057.41736699996,300057.41736699996,300057.41736699996,300057.41736699996,nan,300057.41736699996,nan,nan,0.0,30,64,,True,False,"HTTPConnectionPool(host='gpu06', port=9004): Read timed out.",0,59.56268577710819
318,2026-09-21T07:59:36.762+00:00,2026-09-21T08:04:36.863+00:00,2026-09-21T08:04:36.863+00:00,False,1,0.0,,0.0,300101.145268,300101.145268,300101.145268,300101.145268,300101.145268,300101.145268,nan,300101.145268,nan,nan,0.0,30,64,,True,False,"HTTPConnectionPool(host='gpu06', port=9004): Read timed out.",0,59.56268577710819
319,2026-09-21T07:59:37.076+00:00,2026-09-21T08:04:37.176+00:00,2026-09-21T08:04:37.176+00:00,False,1,0.0,,0.0,300100.59962199995,300100.59962199995,300100.59962199995,300100.59962199995,300100.59962199995,300100.59962199995,nan,300100.59962199995,nan,nan,0.0,30,64,,True,False,"HTTPConnectionPool(host='gpu06', port=9004): Read timed out.",0,59.56268577710819
320,2026-09-21T07:59:37.385+00:00,2026-09-21T08:04:37.466+00:00,2026-09-21T08:04:37.466+00:00,False,1,0.0,,0.0,300081.026668,300081.026668,300081.026668,300081.026668,300081.026668,300081.026668,nan,300081.026668,nan,nan,0.0,30,64,,True,False,"HTTPConnectionPool(host='gpu06', port=9004): Read timed out.",0,59.56268577710819
321,2026-09-21T07:59:37.654+00:00,2026-09-21T08:04:37.715+00:00,2026-09-21T08:04:37.715+00:00,False,1,0.0,,0.0,300061.35261799995,300061.35261799995,300061.35261799995,300061.35261799995,300061.35261799995,300061.35261799995,nan,300061.35261799995,nan,nan,0.0,30,64,,True,False,"HTTPConnectionPool(host='gpu06', port=9004): Read timed out.",0,59.56268577710819
322,2026-09-21T07:59:37.925+00:00,2026-09-21T08:04:37.911+00:00,2026-09-21T08:04:38.080+00:00,False,3,2.0,,2.0,299986.196852,300155.405684,300155.40568200004,100051.801894,0.02553,299986.196852,173148.28578130348,270004.4954968,84.604416,119.61250867665852,0.006663214995053515,30,64,,True,False,Request timeout: 300.0s exceeded,8,59.56268577710819
323,2026-09-21T07:59:38.139+00:00,2026-09-21T08:04:38.081+00:00,2026-09-21T08:04:38.255+00:00,False,3,2.0,,2.0,299942.724283,300115.97868299996,300115.978792,100038.65959733333,0.02981,299942.724283,173122.01999602994,269965.7743246,86.6272,122.46736462445834,0.0066640903585893935,30,64,,True,False,Request timeout: 300.0s exceeded,10,59.56268577710819
324,2026-09-21T07:59:38.496+00:00,2026-09-21T08:04:38.606+00:00,2026-09-21T08:04:38.606+00:00,False,1,0.0,,0.0,300109.76424,300109.76424,300109.76424,300109.76424,300109.76424,300109.76424,nan,300109.76424,nan,nan,0.0,30,64,,True,False,"HTTPConnectionPool(host='gpu06', port=9004): Read timed out.",0,59.56268577710819
325,2026-09-21T07:59:38.842+00:00,2026-09-21T08:04:38.928+00:00,2026-09-21T08:04:38.928+00:00,False,1,0.0,,0.0,300085.83342000004,300085.83342000004,300085.83342000004,300085.83342000004,300085.83342000004,300085.83342000004,nan,300085.83342000004,nan,nan,0.0,30,64,,True,False,"HTTPConnectionPool(host='gpu06', port=9004): Read timed out.",0,59.56268577710819
326,2026-09-21T07:59:39.203+00:00,2026-09-21T08:04:39.307+00:00,2026-09-21T08:04:39.307+00:00,False,1,0.0,,0.0,300104.429985,300104.429985,300104.429985,300104.429985,300104.429985,300104.429985,nan,300104.429985,nan,nan,0.0,30,64,,True,False,"HTTPConnectionPool(host='gpu06', port=9004): Read timed out.",0,59.56268577710819
327,2026-09-21T07:59:39.545+00:00,2026-09-21T08:04:39.635+00:00,2026-09-21T08:04:39.635+00:00,False,1,0.0,,0.0,300089.451545,300089.451545,300089.451545,300089.451545,300089.451545,300089.451545,nan,300089.451545,nan,nan,0.0,30,64,,True,False,"HTTPConnectionPool(host='gpu06', port=9004): Read timed out.",0,59.56268577710819
328,2026-09-21T07:59:39.771+00:00,2026-09-21T08:04:39.878+00:00,2026-09-21T08:04:39.878+00:00,False,1,0.0,,0.0,300106.99972,300106.99972,300106.99972,300106.99972,300106.99972,300106.99972,nan,300106.99972,nan,nan,0.0,30,64,,True,False,"HTTPConnectionPool(host='gpu06', port=9004): Read timed out.",0,59.56268577710819
329,2026-09-21T07:59:40.038+00:00,2026-09-21T08:04:40.043+00:00,2026-09-21T08:04:40.157+00:00,False,3,2.0,,2.0,300004.85809600004,300118.17112,300118.17113900004,100039.39037966669,0.02438,300004.85809600004,173175.18418196766,270015.70115270006,56.656512,80.0900139933171,0.006664041675771492,30,64,,True,False,Request timeout: 300.0s exceeded,5,59.56268577710819
330,2026-09-21T07:59:40.349+00:00,2026-09-21T08:04:40.456+00:00,2026-09-21T08:04:40.456+00:00,False,1,0.0,,0.0,300107.419024,300107.419024,300107.419024,300107.419024,300107.419024,300107.419024,nan,300107.419024,nan,nan,0.0,30,64,,True,False,"HTTPConnectionPool(host='gpu06', port=9004): Read timed out.",0,59.56268577710819
331,2026-09-21T07:59:40.674+00:00,2026-09-21T08:04:40.768+00:00,2026-09-21T08:04:40.768+00:00,False,1,0.0,,0.0,300094.435066,300094.435066,300094.435066,300094.435066,300094.435066,300094.435066,nan,300094.435066,nan,nan,0.0,30,64,,True,False,TTFT timeout: 300.0s exceeded (TTFT: 300.056s),0,59.56268577710819
332,2026-09-21T07:59:41.008+00:00,2026-09-21T08:04:41.074+00:00,2026-09-21T08:04:41.074+00:00,False,1,0.0,,0.0,300066.26416799997,300066.26416799997,300066.26416799997,300066.26416799997,300066.26416799997,300066.26416799997,nan,300066.26416799997,nan,nan,0.0,30,64,,True,False,"HTTPConnectionPool(host='gpu06', port=9004): Read timed out.",0,59.56268577710819
333,2026-09-21T07:59:41.375+00:00,2026-09-21T08:04:41.480+00:00,2026-09-21T08:04:41.480+00:00,False,1,0.0,,0.0,300105.142551,300105.142551,300105.142551,300105.142551,300105.142551,300105.142551,nan,300105.142551,nan,nan,0.0,30,64,,True,False,"HTTPConnectionPool(host='gpu06', port=9004): Read timed out.",0,59.56268577710819
334,2026-09-21T07:59:41.735+00:00,2026-09-21T08:04:41.825+00:00,2026-09-21T08:04:41.825+00:00,False,1,0.0,,0.0,300089.11485799996,300089.11485799996,300089.11485799996,300089.11485799996,300089.11485799996,300089.11485799996,nan,300089.11485799996,nan,nan,0.0,30,64,,True,False,"HTTPConnectionPool(host='gpu06', port=9004): Read timed out.",0,59.56268577710819
335,2026-09-21T07:59:42.073+00:00,2026-09-21T08:04:42.086+00:00,2026-09-21T08:04:42.086+00:00,False,1,0.0,,0.0,300012.926782,300012.926782,300012.926782,300012.926782,300012.926782,300012.926782,nan,300012.926782,nan,nan,0.0,30,64,,True,False,"HTTPConnectionPool(host='gpu06', port=9004): Read timed out.",0,59.56268577710819
336,2026-09-21T07:59:42.325+00:00,2026-09-21T08:04:42.430+00:00,2026-09-21T08:04:42.430+00:00,False,1,0.0,,0.0,300104.867869,300104.867869,300104.867869,300104.867869,300104.867869,300104.867869,nan,300104.867869,nan,nan,0.0,30,64,,True,False,"HTTPConnectionPool(host='gpu06', port=9004): Read timed out.",0,59.56268577710819
337,2026-09-21T07:59:42.557+00:00,2026-09-21T08:04:42.599+00:00,2026-09-21T08:04:42.599+00:00,False,1,0.0,,0.0,300042.450219,300042.450219,300042.450219,300042.450219,300042.450219,300042.450219,nan,300042.450219,nan,nan,0.0,30,64,,True,False,TTFT timeout: 300.0s exceeded (TTFT: 300.034s),0,59.56268577710819
338,2026-09-21T07:59:42.845+00:00,2026-09-21T08:04:42.948+00:00,2026-09-21T08:04:42.948+00:00,False,1,0.0,,0.0,300102.217891,300102.217891,300102.217891,300102.217891,300102.217891,300102.217891,nan,300102.217891,nan,nan,0.0,30,64,,True,False,"HTTPConnectionPool(host='gpu06', port=9004): Read timed out.",0,59.56268577710819
339,2026-09-21T07:59:43.207+00:00,2026-09-21T08:04:43.248+00:00,2026-09-21T08:04:43.248+00:00,False,1,0.0,,0.0,300041.17060199997,300041.17060199997,300041.17060199997,300041.17060199997,300041.17060199997,300041.17060199997,nan,300041.17060199997,nan,nan,0.0,30,64,,True,False,"HTTPConnectionPool(host='gpu06', port=9004): Read timed out.",0,59.56268577710819
340,2026-09-21T07:59:43.561+00:00,2026-09-21T08:04:43.666+00:00,2026-09-21T08:04:43.666+00:00,False,1,0.0,,0.0,300104.94779500004,300104.94779500004,300104.94779500004,300104.94779500004,300104.94779500004,300104.94779500004,nan,300104.94779500004,nan,nan,0.0,30,64,,True,False,"HTTPConnectionPool(host='gpu06', port=9004): Read timed out.",0,59.56268577710819
341,2026-09-21T07:59:43.796+00:00,2026-09-21T08:04:43.914+00:00,2026-09-21T08:04:43.914+00:00,False,1,0.0,,0.0,300118.058279,300118.058279,300118.058279,300118.058279,300118.058279,300118.058279,nan,300118.058279,nan,nan,0.0,30,64,,True,False,"HTTPConnectionPool(host='gpu06', port=9004): Read timed out.",0,59.56268577710819
342,2026-09-21T07:59:44.091+00:00,2026-09-21T08:04:44.196+00:00,2026-09-21T08:04:44.196+00:00,False,1,0.0,,0.0,300105.202896,300105.202896,300105.202896,300105.202896,300105.202896,300105.202896,nan,300105.202896,nan,nan,0.0,30,64,,True,False,"HTTPConnectionPool(host='gpu06', port=9004): Read timed out.",0,59.56268577710819
343,2026-09-21T07:59:44.369+00:00,2026-09-21T08:04:44.408+00:00,2026-09-21T08:04:44.408+00:00,False,1,0.0,,0.0,300038.164958,300038.164958,300038.164958,300038.164958,300038.164958,300038.164958,nan,300038.164958,nan,nan,0.0,30,64,,True,False,TTFT timeout: 300.0s exceeded (TTFT: 300.026s),0,59.56268577710819
344,2026-09-21T07:59:44.627+00:00,2026-09-21T08:04:44.637+00:00,2026-09-21T08:04:44.637+00:00,False,1,0.0,,0.0,300009.168102,300009.168102,300009.168102,300009.168102,300009.168102,300009.168102,nan,300009.168102,nan,nan,0.0,30,64,,True,False,TTFT timeout: 300.0s exceeded (TTFT: 300.001s),0,59.56268577710819
345,2026-09-21T07:59:44.977+00:00,2026-09-21T08:04:44.920+00:00,2026-09-21T08:04:45.011+00:00,False,4,3.0,,3.0,299942.362684,300033.26982,300033.269728,75008.317432,0.02564,299942.362684,149956.03209360302,254959.82989329996,30.30237866666667,29.43250566491554,0.009998891128973132,30,64,,True,False,Request timeout: 300.0s exceeded,12,59.56268577710819
346,2026-09-21T07:59:45.323+00:00,2026-09-21T08:04:45.605+00:00,2026-09-21T08:04:47.032+00:00,False,22,21.0,,21.0,300282.19238200004,301708.945406,301708.94545500004,13714.042975227274,0.038579999999999996,300282.19238200004,64005.90182047315,166.3130987,67.9406201904762,33.37114720254879,0.06960350470133055,30,64,,True,False,Request timeout: 300.0s exceeded,96,59.56268577710819
347,2026-09-21T07:59:45.557+00:00,2026-09-21T08:04:45.986+00:00,2026-09-21T08:04:47.075+00:00,False,19,18.0,,18.0,300428.464438,301517.942582,301517.942531,15869.365396368421,0.0348,300428.464438,68909.13770134797,30195.400474899998,60.526563555555555,31.505406052842822,0.059697939850145966,30,64,,True,False,Request timeout: 300.0s exceeded,18,59.56268577710819
348,2026-09-21T07:59:45.836+00:00,2026-09-21T08:04:46.280+00:00,2026-09-21T08:04:47.128+00:00,False,17,16.0,,16.0,300443.403685,301291.76822900004,301291.768273,17723.045192529415,0.040229999999999995,300443.403685,72855.37042980934,60148.75980500001,53.022784,15.983744370005788,0.05310467024721044,30,64,,True,False,Request timeout: 300.0s exceeded,70,59.56268577710819
349,2026-09-21T07:59:46.072+00:00,2026-09-21T08:04:47.282+00:00,2026-09-21T08:04:47.282+00:00,False,1,0.0,,0.0,301210.570403,301210.570403,301210.570403,301210.570403,301210.570403,301210.570403,nan,301210.570403,nan,nan,0.0,30,64,,True,False,"HTTPConnectionPool(host='gpu06', port=9004): Read timed out.",0,59.56268577710819
353,2026-09-21T07:59:47.213+00:00,2026-09-21T08:04:47.352+00:00,2026-09-21T08:04:47.352+00:00,False,1,0.0,,0.0,300138.87213800004,300138.87213800004,300138.87213800004,300138.87213800004,300138.87213800004,300138.87213800004,nan,300138.87213800004,nan,nan,0.0,30,64,,True,False,"HTTPConnectionPool(host='gpu06', port=9004): Read timed out.",0,59.56268577710819
350,2026-09-21T07:59:46.337+00:00,2026-09-21T08:04:47.452+00:00,2026-09-21T08:04:47.452+00:00,False,1,0.0,,0.0,301115.49747899995,301115.49747899995,301115.49747899995,301115.49747899995,301115.49747899995,301115.49747899995,nan,301115.49747899995,nan,nan,0.0,30,64,,True,False,"HTTPConnectionPool(host='gpu06', port=9004): Read timed out.",0,59.56268577710819
354,2026-09-21T07:59:47.433+00:00,2026-09-21T08:04:47.452+00:00,2026-09-21T08:04:47.452+00:00,False,1,0.0,,0.0,300019.338903,300019.338903,300019.338903,300019.338903,300019.338903,300019.338903,nan,300019.338903,nan,nan,0.0,30,64,,True,False,"HTTPConnectionPool(host='gpu06', port=9004): Read timed out.",0,59.56268577710819
351,2026-09-21T07:59:46.610+00:00,2026-09-21T08:04:47.686+00:00,2026-09-21T08:04:47.686+00:00,False,1,0.0,,0.0,301076.204071,301076.204071,301076.204071,301076.204071,301076.204071,301076.204071,nan,301076.204071,nan,nan,0.0,30,64,,True,False,"HTTPConnectionPool(host='gpu06', port=9004): Read timed out.",0,59.56268577710819
355,2026-09-21T07:59:47.768+00:00,2026-09-21T08:04:47.807+00:00,2026-09-21T08:04:47.807+00:00,False,1,0.0,,0.0,300039.480012,300039.480012,300039.480012,300039.480012,300039.480012,300039.480012,nan,300039.480012,nan,nan,0.0,30,64,,True,False,"HTTPConnectionPool(host='gpu06', port=9004): Read timed out.",0,59.56268577710819
352,2026-09-21T07:59:46.854+00:00,2026-09-21T08:04:47.927+00:00,2026-09-21T08:04:47.927+00:00,False,1,0.0,,0.0,301073.637445,301073.637445,301073.637445,301073.637445,301073.637445,301073.637445,nan,301073.637445,nan,nan,0.0,30,64,,True,False,"HTTPConnectionPool(host='gpu06', port=9004): Read timed out.",0,59.56268577710819
356,2026-09-21T07:59:48.072+00:00,2026-09-21T08:04:48.176+00:00,2026-09-21T08:04:48.176+00:00,False,1,0.0,,0.0,300103.887583,300103.887583,300103.887583,300103.887583,300103.887583,300103.887583,nan,300103.887583,nan,nan,0.0,30,64,,True,False,"HTTPConnectionPool(host='gpu06', port=9004): Read timed out.",0,59.56268577710819
357,2026-09-21T07:59:48.368+00:00,2026-09-21T08:04:48.484+00:00,2026-09-21T08:04:48.484+00:00,False,1,0.0,,0.0,300116.334278,300116.334278,300116.334278,300116.334278,300116.334278,300116.334278,nan,300116.334278,nan,nan,0.0,30,64,,True,False,"HTTPConnectionPool(host='gpu06', port=9004): Read timed out.",0,59.56268577710819
358,2026-09-21T07:59:48.741+00:00,2026-09-21T08:04:48.758+00:00,2026-09-21T08:04:48.758+00:00,False,1,0.0,,0.0,300016.866808,300016.866808,300016.866808,300016.866808,300016.866808,300016.866808,nan,300016.866808,nan,nan,0.0,30,64,,True,False,TTFT timeout: 300.0s exceeded (TTFT: 300.013s),0,59.56268577710819
359,2026-09-21T07:59:48.990+00:00,2026-09-21T08:04:49.021+00:00,2026-09-21T08:04:49.021+00:00,False,1,0.0,,0.0,300030.99770999997,300030.99770999997,300030.99770999997,300030.99770999997,300030.99770999997,300030.99770999997,nan,300030.99770999997,nan,nan,0.0,30,64,,True,False,TTFT timeout: 300.0s exceeded (TTFT: 300.028s),0,59.56268577710819
360,2026-09-21T07:59:49.345+00:00,2026-09-21T08:04:49.282+00:00,2026-09-21T08:04:49.354+00:00,False,3,2.0,,2.0,299936.995813,300009.631461,300009.631519,100003.21050633334,0.10365,299936.995813,173147.7409374945,269950.54943730007,36.317824,51.21453359453224,0.006666452641071264,30,64,,True,False,Request timeout: 300.0s exceeded,2,59.56268577710819
361,2026-09-21T07:59:49.617+00:00,2026-09-21T08:04:49.690+00:00,2026-09-21T08:04:49.690+00:00,False,1,0.0,,0.0,300072.114964,300072.114964,300072.114964,300072.114964,300072.114964,300072.114964,nan,300072.114964,nan,nan,0.0,30,64,,True,False,"HTTPConnectionPool(host='gpu06', port=9004): Read timed out.",0,59.56268577710819
362,2026-09-21T07:59:49.832+00:00,2026-09-21T08:04:49.893+00:00,2026-09-21T08:04:49.893+00:00,False,1,0.0,,0.0,300061.08541299996,300061.08541299996,300061.08541299996,300061.08541299996,300061.08541299996,300061.08541299996,nan,300061.08541299996,nan,nan,0.0,30,64,,True,False,"HTTPConnectionPool(host='gpu06', port=9004): Read timed out.",0,59.56268577710819
363,2026-09-21T07:59:50.125+00:00,2026-09-21T08:04:50.183+00:00,2026-09-21T08:04:50.183+00:00,False,1,0.0,,0.0,300058.092479,300058.092479,300058.092479,300058.092479,300058.092479,300058.092479,nan,300058.092479,nan,nan,0.0,30,64,,True,False,"HTTPConnectionPool(host='gpu06', port=9004): Read timed out.",0,59.56268577710819
364,2026-09-21T07:59:50.376+00:00,2026-09-21T08:04:50.482+00:00,2026-09-21T08:04:50.482+00:00,False,1,0.0,,0.0,300105.709089,300105.709089,300105.709089,300105.709089,300105.709089,300105.709089,nan,300105.709089,nan,nan,0.0,30,64,,True,False,"HTTPConnectionPool(host='gpu06', port=9004): Read timed out.",0,59.56268577710819
365,2026-09-21T07:59:50.608+00:00,2026-09-21T08:04:50.718+00:00,2026-09-21T08:04:50.718+00:00,False,1,0.0,,0.0,300110.08372399997,300110.08372399997,300110.08372399997,300110.08372399997,300110.08372399997,300110.08372399997,nan,300110.08372399997,nan,nan,0.0,30,64,,True,False,"HTTPConnectionPool(host='gpu06', port=9004): Read timed out.",0,59.56268577710819
366,2026-09-21T07:59:50.889+00:00,2026-09-21T08:04:50.905+00:00,2026-09-21T08:04:50.905+00:00,False,1,0.0,,0.0,300015.465158,300015.465158,300015.465158,300015.465158,300015.465158,300015.465158,nan,300015.465158,nan,nan,0.0,30,64,,True,False,TTFT timeout: 300.0s exceeded (TTFT: 300.002s),0,59.56268577710819
367,2026-09-21T07:59:51.208+00:00,2026-09-21T08:04:51.313+00:00,2026-09-21T08:04:51.313+00:00,False,1,0.0,,0.0,300105.57279500004,300105.57279500004,300105.57279500004,300105.57279500004,300105.57279500004,300105.57279500004,nan,300105.57279500004,nan,nan,0.0,30,64,,True,False,"HTTPConnectionPool(host='gpu06', port=9004): Read timed out.",0,59.56268577710819
368,2026-09-21T07:59:51.444+00:00,2026-09-21T08:04:51.464+00:00,2026-09-21T08:04:51.464+00:00,False,1,0.0,,0.0,300019.350015,300019.350015,300019.350015,300019.350015,300019.350015,300019.350015,nan,300019.350015,nan,nan,0.0,30,64,,True,False,TTFT timeout: 300.0s exceeded (TTFT: 300.014s),0,59.56268577710819
369,2026-09-21T07:59:51.692+00:00,2026-09-21T08:04:51.789+00:00,2026-09-21T08:04:51.789+00:00,False,1,0.0,,0.0,300097.111953,300097.111953,300097.111953,300097.111953,300097.111953,300097.111953,nan,300097.111953,nan,nan,0.0,30,64,,True,False,"HTTPConnectionPool(host='gpu06', port=9004): Read timed out.",0,59.56268577710819
370,2026-09-21T07:59:52.059+00:00,2026-09-21T08:04:52.094+00:00,2026-09-21T08:04:52.094+00:00,False,1,0.0,,0.0,300035.290332,300035.290332,300035.290332,300035.290332,300035.290332,300035.290332,nan,300035.290332,nan,nan,0.0,30,64,,True,False,"HTTPConnectionPool(host='gpu06', port=9004): Read timed out.",0,59.56268577710819
371,2026-09-21T07:59:52.297+00:00,2026-09-21T08:04:52.360+00:00,2026-09-21T08:04:52.360+00:00,False,1,0.0,,0.0,300063.026505,300063.026505,300063.026505,300063.026505,300063.026505,300063.026505,nan,300063.026505,nan,nan,0.0,30,64,,True,False,"HTTPConnectionPool(host='gpu06', port=9004): Read timed out.",0,59.56268577710819
372,2026-09-21T07:59:52.666+00:00,2026-09-21T08:04:52.721+00:00,2026-09-21T08:04:52.721+00:00,False,1,0.0,,0.0,300054.706191,300054.706191,300054.706191,300054.706191,300054.706191,300054.706191,nan,300054.706191,nan,nan,0.0,30,64,,True,False,TTFT timeout: 300.0s exceeded (TTFT: 300.033s),0,59.56268577710819
373,2026-09-21T07:59:54.106+00:00,2026-09-21T08:04:53.199+00:00,2026-09-21T08:04:54.512+00:00,False,24,23.0,,23.0,299092.83791500004,300405.72700300004,300405.72701400006,12516.905292250001,0.033350000000000005,299092.83791500004,61040.42041410244,92.68018515,57.082134260869566,17.398170251791036,0.07656312091470316,30,64,,True,False,Request timeout: 300.0s exceeded,93,59.56268577710819
376,2026-09-21T07:59:54.560+00:00,2026-09-21T08:04:54.403+00:00,2026-09-21T08:04:54.879+00:00,False,10,9.0,,9.0,299843.063751,300319.00384699996,300319.00390199997,30031.900390199997,0.054990000000000004,299843.063751,94801.98157685787,164946.66694275,52.882232888888886,21.680016492355513,0.029968133500419856,30,64,,True,False,Request timeout: 300.0s exceeded,18,59.56268577710819
375,2026-09-21T07:59:54.398+00:00,2026-09-21T08:04:55.093+00:00,2026-09-21T08:04:55.093+00:00,False,1,0.0,,0.0,300694.925263,300694.925263,300694.925263,300694.925263,300694.925263,300694.925263,nan,300694.925263,nan,nan,0.0,30,64,,True,False,"HTTPConnectionPool(host='gpu06', port=9004): Read timed out.",0,59.56268577710819
380,2026-09-21T07:59:54.870+00:00,2026-09-21T08:04:55.142+00:00,2026-09-21T08:04:55.142+00:00,False,1,0.0,,0.0,300272.629919,300272.629919,300272.629919,300272.629919,300272.629919,300272.629919,nan,300272.629919,nan,nan,0.0,30,64,,True,False,"HTTPConnectionPool(host='gpu06', port=9004): Read timed out.",0,59.56268577710819
374,2026-09-21T07:59:54.383+00:00,2026-09-21T08:04:55.143+00:00,2026-09-21T08:04:55.143+00:00,False,1,0.0,,0.0,300759.779472,300759.779472,300759.779472,300759.779472,300759.779472,300759.779472,nan,300759.779472,nan,nan,0.0,30,64,,True,False,"HTTPConnectionPool(host='gpu06', port=9004): Read timed out.",0,59.56268577710819
377,2026-09-21T07:59:54.768+00:00,2026-09-21T08:04:55.204+00:00,2026-09-21T08:04:55.204+00:00,False,1,0.0,,0.0,300436.781184,300436.781184,300436.781184,300436.781184,300436.781184,300436.781184,nan,300436.781184,nan,nan,0.0,30,64,,True,False,"HTTPConnectionPool(host='gpu06', port=9004): Read timed out.",0,59.56268577710819
378,2026-09-21T07:59:54.773+00:00,2026-09-21T08:04:55.330+00:00,2026-09-21T08:04:55.330+00:00,False,1,0.0,,0.0,300557.053635,300557.053635,300557.053635,300557.053635,300557.053635,300557.053635,nan,300557.053635,nan,nan,0.0,30,64,,True,False,"HTTPConnectionPool(host='gpu06', port=9004): Read timed out.",0,59.56268577710819
379,2026-09-21T07:59:54.864+00:00,2026-09-21T08:04:55.372+00:00,2026-09-21T08:04:55.372+00:00,False,1,0.0,,0.0,300508.120845,300508.120845,300508.120845,300508.120845,300508.120845,300508.120845,nan,300508.120845,nan,nan,0.0,30,64,,True,False,"HTTPConnectionPool(host='gpu06', port=9004): Read timed out.",0,59.56268577710819
381,2026-09-21T07:59:55.227+00:00,2026-09-21T08:04:55.537+00:00,2026-09-21T08:04:55.537+00:00,False,1,0.0,,0.0,300309.61138300004,300309.61138300004,300309.61138300004,300309.61138300004,300309.61138300004,300309.61138300004,nan,300309.61138300004,nan,nan,0.0,30,64,,True,False,"HTTPConnectionPool(host='gpu06', port=9004): Read timed out.",0,59.56268577710819
382,2026-09-21T07:59:55.417+00:00,2026-09-21T08:04:55.553+00:00,2026-09-21T08:04:55.553+00:00,False,1,0.0,,0.0,300135.854566,300135.854566,300135.854566,300135.854566,300135.854566,300135.854566,nan,300135.854566,nan,nan,0.0,30,64,,True,False,"HTTPConnectionPool(host='gpu06', port=9004): Read timed out.",0,59.56268577710819
383,2026-09-21T07:59:55.707+00:00,2026-09-21T08:04:55.822+00:00,2026-09-21T08:04:55.822+00:00,False,1,0.0,,0.0,300115.126973,300115.126973,300115.126973,300115.126973,300115.126973,300115.126973,nan,300115.126973,nan,nan,0.0,30,64,,True,False,"HTTPConnectionPool(host='gpu06', port=9004): Read timed out.",0,59.56268577710819
384,2026-09-21T07:59:56.048+00:00,2026-09-21T08:04:56.154+00:00,2026-09-21T08:04:56.154+00:00,False,1,0.0,,0.0,300106.541433,300106.541433,300106.541433,300106.541433,300106.541433,300106.541433,nan,300106.541433,nan,nan,0.0,30,64,,True,False,"HTTPConnectionPool(host='gpu06', port=9004): Read timed out.",0,59.56268577710819
385,2026-09-21T07:59:56.300+00:00,2026-09-21T08:04:56.405+00:00,2026-09-21T08:04:56.405+00:00,False,1,0.0,,0.0,300105.381646,300105.381646,300105.381646,300105.381646,300105.381646,300105.381646,nan,300105.381646,nan,nan,0.0,30,64,,True,False,"HTTPConnectionPool(host='gpu06', port=9004): Read timed out.",0,59.56268577710819
386,2026-09-21T07:59:56.592+00:00,2026-09-21T08:04:56.709+00:00,2026-09-21T08:04:56.709+00:00,False,1,0.0,,0.0,300116.31669099996,300116.31669099996,300116.31669099996,300116.31669099996,300116.31669099996,300116.31669099996,nan,300116.31669099996,nan,nan,0.0,30,64,,True,False,"HTTPConnectionPool(host='gpu06', port=9004): Read timed out.",0,59.56268577710819
387,2026-09-21T07:59:56.900+00:00,2026-09-21T08:04:56.918+00:00,2026-09-21T08:04:56.918+00:00,False,1,0.0,,0.0,300017.976241,300017.976241,300017.976241,300017.976241,300017.976241,300017.976241,nan,300017.976241,nan,nan,0.0,30,64,,True,False,TTFT timeout: 300.0s exceeded (TTFT: 300.012s),0,59.56268577710819
388,2026-09-21T07:59:57.175+00:00,2026-09-21T08:04:57.188+00:00,2026-09-21T08:04:57.188+00:00,False,1,0.0,,0.0,300013.421601,300013.421601,300013.421601,300013.421601,300013.421601,300013.421601,nan,300013.421601,nan,nan,0.0,30,64,,True,False,TTFT timeout: 300.0s exceeded (TTFT: 300.010s),0,59.56268577710819
389,2026-09-21T07:59:57.512+00:00,2026-09-21T08:04:57.446+00:00,2026-09-21T08:04:57.583+00:00,False,4,3.0,,3.0,299933.922506,300071.733962,300071.734038,75017.9335095,0.04303,299933.922506,149943.99661611687,254956.27710334997,45.937152,42.16207864913228,0.00999760943954791,30,64,,True,False,Request timeout: 300.0s exceeded,17,59.56268577710819
390,2026-09-21T07:59:57.865+00:00,2026-09-21T08:04:57.965+00:00,2026-09-21T08:04:57.965+00:00,False,1,0.0,,0.0,300099.789952,300099.789952,300099.789952,300099.789952,300099.789952,300099.789952,nan,300099.789952,nan,nan,0.0,30,64,,True,False,"HTTPConnectionPool(host='gpu06', port=9004): Read timed out.",0,59.56268577710819
391,2026-09-21T07:59:58.182+00:00,2026-09-21T08:04:58.230+00:00,2026-09-21T08:04:58.230+00:00,False,1,0.0,,0.0,300048.079768,300048.079768,300048.079768,300048.079768,300048.079768,300048.079768,nan,300048.079768,nan,nan,0.0,30,64,,True,False,"HTTPConnectionPool(host='gpu06', port=9004): Read timed out.",0,59.56268577710819
392,2026-09-21T07:59:58.483+00:00,2026-09-21T08:04:58.587+00:00,2026-09-21T08:04:58.587+00:00,False,1,0.0,,0.0,300104.35604000004,300104.35604000004,300104.35604000004,300104.35604000004,300104.35604000004,300104.35604000004,nan,300104.35604000004,nan,nan,0.0,30,64,,True,False,"HTTPConnectionPool(host='gpu06', port=9004): Read timed out.",0,59.56268577710819
393,2026-09-21T07:59:58.765+00:00,2026-09-21T08:04:58.879+00:00,2026-09-21T08:04:58.879+00:00,False,1,0.0,,0.0,300113.637607,300113.637607,300113.637607,300113.637607,300113.637607,300113.637607,nan,300113.637607,nan,nan,0.0,30,64,,True,False,"HTTPConnectionPool(host='gpu06', port=9004): Read timed out.",0,59.56268577710819
394,2026-09-21T07:59:59.036+00:00,2026-09-21T08:04:59.068+00:00,2026-09-21T08:04:59.068+00:00,False,1,0.0,,0.0,300032.558422,300032.558422,300032.558422,300032.558422,300032.558422,300032.558422,nan,300032.558422,nan,nan,0.0,30,64,,True,False,TTFT timeout: 300.0s exceeded (TTFT: 300.025s),0,59.56268577710819
395,2026-09-21T07:59:59.367+00:00,2026-09-21T08:04:59.372+00:00,2026-09-21T08:04:59.433+00:00,False,3,2.0,,2.0,300004.69004400005,300065.28191600007,300065.2821310001,100021.76071033334,0.03514,300004.69004400005,173190.29976987172,270010.2767343,30.295936,42.79532427792775,0.006665216273037138,30,64,,True,False,Request timeout: 300.0s exceeded,15,59.56268577710819
396,2026-09-21T07:59:59.682+00:00,2026-09-21T08:04:59.791+00:00,2026-09-21T08:04:59.791+00:00,False,1,0.0,,0.0,300108.832831,300108.832831,300108.832831,300108.832831,300108.832831,300108.832831,nan,300108.832831,nan,nan,0.0,30,64,,True,False,"HTTPConnectionPool(host='gpu06', port=9004): Read timed out.",0,59.56268577710819
397,2026-09-21T08:00:00.037+00:00,2026-09-21T08:05:00.159+00:00,2026-09-21T08:05:00.159+00:00,False,1,0.0,,0.0,300122.563337,300122.563337,300122.563337,300122.563337,300122.563337,300122.563337,nan,300122.563337,nan,nan,0.0,30,64,,True,False,"HTTPConnectionPool(host='gpu06', port=9004): Read timed out.",0,59.56268577710819
398,2026-09-21T08:00:00.240+00:00,2026-09-21T08:05:00.289+00:00,2026-09-21T08:05:00.289+00:00,False,1,0.0,,0.0,300048.788481,300048.788481,300048.788481,300048.788481,300048.788481,300048.788481,nan,300048.788481,nan,nan,0.0,30,64,,True,False,"HTTPConnectionPool(host='gpu06', port=9004): Read timed out.",0,59.56268577710819
399,2026-09-21T08:00:00.468+00:00,2026-09-21T08:05:00.573+00:00,2026-09-21T08:05:00.573+00:00,False,1,0.0,,0.0,300105.599964,300105.599964,300105.599964,300105.599964,300105.599964,300105.599964,nan,300105.599964,nan,nan,0.0,30,64,,True,False,"HTTPConnectionPool(host='gpu06', port=9004): Read timed out.",0,59.56268577710819
400,2026-09-21T08:00:00.817+00:00,2026-09-21T08:05:00.921+00:00,2026-09-21T08:05:00.921+00:00,False,1,0.0,,0.0,300104.497313,300104.497313,300104.497313,300104.497313,300104.497313,300104.497313,nan,300104.497313,nan,nan,0.0,30,64,,True,False,"HTTPConnectionPool(host='gpu06', port=9004): Read timed out.",0,59.56268577710819
401,2026-09-21T08:00:01.088+00:00,2026-09-21T08:05:01.168+00:00,2026-09-21T08:05:01.490+00:00,True,3,3.0,,3.0,300080.606964,300402.472692,300402.472534,100134.15751133332,102.746444,300080.606964,173158.7143986583,270094.45818019996,160.932864,82.28776975149589,0.009986602217738312,30,64,,True,True,,6,59.56268577710819
402,2026-09-21T08:00:01.413+00:00,2026-09-21T08:05:01.387+00:00,2026-09-21T08:05:01.817+00:00,True,8,8.0,,8.0,299973.985161,300403.756681,300403.75671499997,37550.469589374996,46.248857,299973.985161,106035.11403480526,195018.03770204997,61.39593142857142,17.46461583749656,0.02663082542105235,30,64,,True,True,,24,59.56268577710819
403,2026-09-21T08:00:01.765+00:00,2026-09-21T08:05:03.170+00:00,2026-09-21T08:05:03.170+00:00,False,1,0.0,,0.0,301405.199291,301405.199291,301405.199291,301405.199291,301405.199291,301405.199291,nan,301405.199291,nan,nan,0.0,30,64,,True,False,"HTTPConnectionPool(host='gpu06', port=9004): Read timed out.",0,59.56268577710819
404,2026-09-21T08:00:02.120+00:00,2026-09-21T08:05:03.263+00:00,2026-09-21T08:05:03.263+00:00,False,1,0.0,,0.0,301143.15450400003,301143.15450400003,301143.15450400003,301143.15450400003,301143.15450400003,301143.15450400003,nan,301143.15450400003,nan,nan,0.0,30,64,,True,False,"HTTPConnectionPool(host='gpu06', port=9004): Read timed out.",0,59.56268577710819
0,2026-09-21T07:58:02.275+00:00,2026-09-21T07:58:02.478+00:00,2026-09-21T07:58:08.304+00:00,True,99,99.0,,99.0,203.703484,6029.435579999999,6029.435607,60.90338996969697,0.01601,226.871345,31.680659964286342,84.5404068,59.44624587755102,28.31324854747566,16.4194473407078,31,64,,False,True,,297,59.56268577710819
3,2026-09-21T07:58:03.337+00:00,2026-09-21T07:58:04.589+00:00,2026-09-21T07:58:06.168+00:00,True,26,26.0,,26.0,1251.795894,2831.3637660000004,2831.363831,108.89860888461538,38.508083,1251.795894,233.40630081196213,82.0971825,63.182714880000006,12.075789043288202,9.182853970308242,31,64,,False,True,,52,59.56268577710819
2,2026-09-21T07:58:02.906+00:00,2026-09-21T07:58:05.901+00:00,2026-09-21T07:58:08.810+00:00,True,47,47.0,,47.0,2995.287192,5903.77564,5903.775637,125.61224759574468,41.233993999999996,2995.287192,427.8502339488804,79.7135377,63.228009739130435,12.028757996276745,7.961007136104515,31,64,,False,True,,285,59.56268577710819
1,2026-09-21T07:58:02.639+00:00,2026-09-21T07:58:06.614+00:00,2026-09-21T07:58:12.426+00:00,True,94,94.0,,94.0,3975.604418,9786.927042,9786.92706,104.11624531914893,41.739064,3975.604418,403.74284915127464,79.2093145,62.487340043010754,10.521391178894572,9.604649099416472,31,64,,False,True,,188,59.56268577710819
4,2026-09-21T07:58:03.595+00:00,2026-09-21T07:58:09.099+00:00,2026-09-21T07:58:10.892+00:00,True,29,29.0,,29.0,5503.464271,7297.0140949999995,7297.013917,251.62116955172414,44.020115,5503.464271,1010.1241401984133,80.875444,64.05535085714286,10.362980672643982,3.9742283107101497,31,64,,False,True,,319,59.56268577710819
5,2026-09-21T07:58:03.975+00:00,2026-09-21T07:58:09.607+00:00,2026-09-21T07:58:14.971+00:00,True,85,85.0,,85.0,5632.226248,10996.293064,10996.292985,129.36815276470588,0.0174,5632.226248,605.5658459437507,79.881352,63.85793828571428,44.138171183960345,7.729877651067303,31,64,,False,True,,170,59.56268577710819
6,2026-09-21T07:58:04.220+00:00,2026-09-21T07:58:10.890+00:00,2026-09-21T07:58:15.632+00:00,True,76,76.0,,76.0,6669.873764999999,11412.149349,11412.149426999998,150.15986088157894,0.01697,6669.873764999999,759.1920353485177,82.91360625000002,63.23034112,45.69521480337162,6.6595693480527025,31,64,,False,True,,76,59.56268577710819
7,2026-09-21T07:58:04.550+00:00,2026-09-21T07:58:12.754+00:00,2026-09-21T07:58:13.958+00:00,True,19,19.0,,19.0,8203.701794999999,9407.781154999999,9407.78105,495.14637105263154,0.01644,8203.701794999999,1869.0394120971448,1206.687183,66.89329777777778,95.95049774187498,2.019604802339814,31,64,,False,True,,225,59.56268577710819
8,2026-09-21T07:58:04.850+00:00,2026-09-21T07:58:14.102+00:00,2026-09-21T07:58:15.931+00:00,True,32,32.0,,32.0,9251.369095,11080.631175,11080.631305,346.26972828125,35.052983999999995,9251.369095,1625.023395190993,78.64796145,59.00845419354839,9.74200111869758,2.8879221313852637,31,64,,False,True,,167,59.56268577710819
9,2026-09-21T07:58:05.100+00:00,2026-09-21T07:58:16.252+00:00,2026-09-21T07:58:19.524+00:00,True,53,53.0,,53.0,11151.493951999999,14423.382848,14423.382870999998,272.1392994528302,44.183144,11151.493951999999,1523.1561807901678,76.033838,62.920940307692305,8.550515883301026,3.674588725719721,31,64,,False,True,,67,59.56268577710819
10,2026-09-21T07:58:05.451+00:00,2026-09-21T07:58:18.084+00:00,2026-09-21T07:58:21.821+00:00,True,59,59.0,,59.0,12632.379879,16369.719527000001,16369.719727,277.4528767288136,23.707163,12632.379879,1636.2519443114977,80.67224209999999,64.43689048275861,12.259279616032414,3.604215692436646,31,64,,False,True,,236,59.56268577710819
11,2026-09-21T07:58:05.741+00:00,2026-09-21T07:58:19.523+00:00,2026-09-21T07:58:22.667+00:00,True,50,50.0,,50.0,13781.970458,16925.626138,16925.626275,338.5125255,30.103183,13781.970458,1940.0309439686557,85.69413349999999,64.15623836734694,12.43712566219714,2.954100462360101,31,64,,False,True,,150,59.56268577710819
12,2026-09-21T07:58:06.180+00:00,2026-09-21T07:58:21.880+00:00,2026-09-21T07:58:26.967+00:00,True,77,77.0,,77.0,15699.311424000001,20786.899264,20786.899142000002,269.9597291168831,0.0,15699.311424000001,1783.2487179532661,152.75063980000002,66.94194526315789,80.07071202728177,3.70425617703133,31,64,,False,True,,231,59.56268577710819
13,2026-09-21T07:58:06.469+00:00,2026-09-21T07:58:23.331+00:00,2026-09-21T07:58:23.789+00:00,True,7,7.0,,7.0,16861.462685,17319.581340999997,17319.581312,2474.2259017142856,0.0,16861.462685,6345.926210331242,11925.1438961,76.35310933333332,163.2977418808225,0.4041668133991878,31,64,,False,True,,80,59.56268577710819
14,2026-09-21T07:58:06.811+00:00,2026-09-21T07:58:24.967+00:00,2026-09-21T07:58:30.332+00:00,True,88,88.0,,88.0,18155.396425,23520.802889,23520.802903,267.28185117045456,0.0,18155.396425,1929.2994646765214,77.71989715,61.671338666666664,44.258943942404656,3.7413688816360544,31,64,,False,True,,269,59.56268577710819
15,2026-09-21T07:58:07.072+00:00,2026-09-21T07:58:26.405+00:00,2026-09-21T07:58:26.968+00:00,True,7,7.0,,7.0,19333.407638,19896.60815,19896.608136,2842.3725908571428,0.0,19333.407638,7273.497667141542,13663.060648100001,93.866752,168.91826381043782,0.35181875962109654,31,64,,False,True,,21,59.56268577710819
16,2026-09-21T07:58:07.414+00:00,2026-09-21T07:58:28.384+00:00,2026-09-21T07:58:30.917+00:00,True,36,36.0,,36.0,20970.101267000002,23503.390739000002,23503.390620000002,652.8719616666667,0.0,20970.101267000002,3483.595506981083,171.87407775,72.3796992,67.84865694057208,1.53169389045913,31,64,,False,True,,216,59.56268577710819
17,2026-09-21T07:58:07.672+00:00,2026-09-21T07:58:29.806+00:00,2026-09-21T07:58:31.513+00:00,True,27,27.0,,27.0,22133.991678,23841.055741999997,23841.055754999998,883.0020649999999,0.0,22133.991678,4247.830400951703,339.0814006,65.65631015384615,82.86744143627666,1.1325001833889006,31,64,,False,True,,150,59.56268577710819
18,2026-09-21T07:58:07.977+00:00,2026-09-21T07:58:31.516+00:00,2026-09-21T07:58:34.727+00:00,True,52,52.0,,52.0,23539.127354,26750.393146000002,26750.392998,514.4306345769231,0.018539999999999997,23539.127354,3256.653129225653,99.79595625,62.96599592156863,85.29646252689673,1.943896664104751,31,64,,False,True,,158,59.56268577710819
19,2026-09-21T07:58:08.270+00:00,2026-09-21T07:58:32.706+00:00,2026-09-21T07:58:33.359+00:00,True,6,6.0,,6.0,24435.511047,25089.270023,25089.270115,4181.545019166667,0.01599,24435.511047,9924.968346737956,18471.84628025,130.7517952,253.58213072817216,0.23914605703950895,31,64,,False,True,,54,59.56268577710819
20,2026-09-21T07:58:08.690+00:00,2026-09-21T07:58:34.799+00:00,2026-09-21T07:58:35.380+00:00,True,5,5.0,,5.0,26108.637871,26690.300847,26690.300742,5338.0601484,0.0,26108.637871,11613.837355013568,21003.242871,145.415744,290.831488,0.1873339693194954,31,64,,False,True,,9,59.56268577710819
21,2026-09-21T07:58:08.939+00:00,2026-09-21T07:58:36.049+00:00,2026-09-21T07:58:38.703+00:00,True,43,43.0,,43.0,27109.902745,29764.324248999998,29764.324311,692.1935886279069,44.503805,27109.902745,4124.593604430528,77.53313,63.200512,9.275796440169769,1.44468255486918,31,64,,False,True,,171,59.56268577710819
22,2026-09-21T07:58:09.258+00:00,2026-09-21T07:58:37.593+00:00,2026-09-21T07:58:40.726+00:00,True,51,51.0,,51.0,28334.466612,31468.021556,31468.021548,617.0200303529411,0.0,28334.466612,3959.736985486165,81.07879849999999,62.67109888,84.98113198850196,1.620692928191917,31,64,,False,True,,102,59.56268577710819
23,2026-09-21T07:58:09.570+00:00,2026-09-21T07:58:39.364+00:00,2026-09-21T07:58:45.633+00:00,True,100,100.0,,100.0,29794.265412999997,36063.437892999995,36063.437824,360.63437824,0.0,29794.265412999997,2974.5676545981614,80.621009,63.324974545454545,94.09556026511824,2.7728914890671104,31,64,,False,True,,608,59.56268577710819
24,2026-09-21T07:58:10.003+00:00,2026-09-21T07:58:41.748+00:00,2026-09-21T07:58:46.523+00:00,True,76,76.0,,76.0,31744.484136,36519.79268,36519.792552,480.5235862105263,0.0,31744.484136,3635.727147829801,81.95048349999999,63.670780586666666,111.5428048043337,2.081063292607936,31,64,,False,True,,315,59.56268577710819
25,2026-09-21T07:58:10.351+00:00,2026-09-21T07:58:43.483+00:00,2026-09-21T07:58:44.524+00:00,True,19,19.0,,19.0,33132.08739,34172.694622,34172.694558,1798.5628714736843,0.02398,33132.08739,7587.787497387915,3392.7868101,57.811512888888885,21.295746759801574,0.5559994671233216,31,64,,False,True,,76,59.56268577710819
26,2026-09-21T07:58:10.735+00:00,2026-09-21T07:58:45.438+00:00,2026-09-21T07:58:49.325+00:00,True,61,61.0,,61.0,34702.737993,38589.873225,38589.873186000004,632.6208719016394,0.0,34702.737993,4435.886070347695,80.359019,64.78558720000001,92.60985624608715,1.5807255868485686,31,64,,False,True,,123,59.56268577710819
27,2026-09-21T07:58:11.092+00:00,2026-09-21T07:58:47.279+00:00,2026-09-21T07:58:48.545+00:00,True,21,21.0,,21.0,36186.902906999996,37453.540474999994,37453.540628999996,1783.5019347142854,46.194775,36186.902906999996,7882.816818140273,80.15916899999999,63.3318784,11.053433052098418,0.5606946561972523,31,64,,False,True,,84,59.56268577710819
28,2026-09-21T07:58:11.360+00:00,2026-09-21T07:58:48.684+00:00,2026-09-21T07:58:53.697+00:00,True,79,79.0,,79.0,37324.158835,42336.892019,42336.891965,535.9100248734178,0.0,37324.158835,4193.859620003783,81.43345000000001,64.26581005128205,123.45400346871638,1.8659848711744427,31,64,,False,True,,395,59.56268577710819
29,2026-09-21T07:58:11.702+00:00,2026-09-21T07:58:50.283+00:00,2026-09-21T07:58:53.677+00:00,True,45,45.0,,45.0,38580.808566,41974.436982,41974.437018,932.7652670666666,0.0,38580.808566,5741.960581640344,81.316566,77.12791854545455,159.69900116961625,1.07208108638354,31,64,,False,True,,135,59.56268577710819
30,2026-09-21T07:58:11.961+00:00,2026-09-21T07:58:51.603+00:00,2026-09-21T07:58:56.535+00:00,True,79,79.0,,79.0,39641.218416,44573.48184,44573.481778,564.2212883291139,0.0,39641.218416,4455.046860988181,78.16057990000002,63.234146461538465,140.1177457282304,1.7723542505289733,31,64,,False,True,,79,59.56268577710819
31,2026-09-21T07:58:12.296+00:00,2026-09-21T07:58:53.793+00:00,2026-09-21T07:58:55.649+00:00,True,40,40.0,,40.0,41496.355228,43353.063068,43353.063001,1083.826575025,0.0,41496.355228,6553.693542344717,100.58308349999999,47.60789333333334,30.938597430301925,0.9226568359716436,31,64,,False,True,,119,59.56268577710819
32,2026-09-21T07:58:12.551+00:00,2026-09-21T07:58:54.728+00:00,2026-09-21T07:58:55.120+00:00,True,8,8.0,,8.0,42177.101929,42569.574249,42569.57438,5321.1967975,42.114334,42177.101929,14892.037722435423,27441.307190649997,56.06747428571428,10.515691842826348,0.18792764882274876,31,64,,False,True,,51,59.56268577710819
33,2026-09-21T07:58:13.184+00:00,2026-09-21T07:58:56.755+00:00,2026-09-21T07:58:59.498+00:00,True,45,45.0,,45.0,43570.318304,46313.404384,46313.404429,1029.186765088889,42.289394,43570.318304,6485.794157361509,79.81891680000001,62.34286545454545,10.378191747447984,0.9716409449603375,31,64,,False,True,,180,59.56268577710819
34,2026-09-21T07:58:13.245+00:00,2026-09-21T07:58:58.423+00:00,2026-09-21T07:59:01.272+00:00,True,33,33.0,,33.0,45178.441590999995,48026.724470999994,48026.724457,1455.3552865757574,0.0,45178.441590999995,7850.4694992597015,412.28890479999995,89.00884,150.98853639344188,0.6871174406225936,31,64,,False,True,,66,59.56268577710819
35,2026-09-21T07:58:13.678+00:00,2026-09-21T07:59:01.267+00:00,2026-09-21T07:59:03.056+00:00,True,39,39.0,,39.0,47588.482511,49377.363663000004,49377.363667000005,1266.086247871795,0.0,47588.482511,7612.767296800377,87.20440909999999,47.075819789473684,27.853430685284437,0.7898356069832848,31,64,,False,True,,195,59.56268577710819
36,2026-09-21T07:58:13.966+00:00,2026-09-21T07:59:02.312+00:00,2026-09-21T07:59:02.312+00:00,True,1,1.0,,1.0,48345.630549999994,48345.630549999994,48345.630549999994,48345.630549999994,48345.630549999994,48345.630549999994,nan,48345.630549999994,nan,nan,0.020684392542274953,31,64,,False,True,,2,59.56268577710819
37,2026-09-21T07:58:14.234+00:00,2026-09-21T07:59:03.662+00:00,2026-09-21T07:59:08.896+00:00,True,84,84.0,,84.0,49427.453222000004,54661.455654000005,54661.455556,650.7316137619048,0.01524,49427.453222000004,5386.897514829679,84.21077435,63.06027026506024,93.43896306117549,1.536731852362462,31,64,,False,True,,337,59.56268577710819
38,2026-09-21T07:58:14.563+00:00,2026-09-21T07:59:05.665+00:00,2026-09-21T07:59:11.683+00:00,True,99,99.0,,99.0,51101.753876,57120.14082,57120.140901000006,576.9711202121213,0.0,51101.753876,5130.836240431612,90.40475699999999,61.41211167346939,106.24385454368401,1.7331890044174438,31,64,,False,True,,303,59.56268577710819
39,2026-09-21T07:58:14.810+00:00,2026-09-21T07:59:06.729+00:00,2026-09-21T07:59:10.979+00:00,True,68,68.0,,68.0,51918.827161,56168.681881000004,56168.681922,826.0100282647059,0.0,51918.827161,6289.669478184987,85.6210505,63.43066746268657,127.79204111752789,1.2106390558365967,31,64,,False,True,,275,59.56268577710819
40,2026-09-21T07:58:15.140+00:00,2026-09-21T07:59:08.588+00:00,2026-09-21T07:59:13.532+00:00,True,79,79.0,,79.0,53447.93979,58392.413389999994,58392.41334499999,739.1444727215189,0.0,53447.93979,6007.361893649492,84.40622499999999,63.39068717948717,117.31234099797136,1.3529154801731342,31,64,,False,True,,641,59.56268577710819
41,2026-09-21T07:58:15.506+00:00,2026-09-21T07:59:10.475+00:00,2026-09-21T07:59:14.711+00:00,True,67,67.0,,67.0,54968.257548,59204.31182,59204.311981,883.646447477612,12.436461999999999,54968.257548,6707.613872391801,78.5754903,64.18264048484849,13.584932029693116,1.1316743314862163,31,64,,False,True,,267,59.56268577710819
42,2026-09-21T07:58:15.838+00:00,2026-09-21T07:59:12.432+00:00,2026-09-21T07:59:13.334+00:00,True,15,15.0,,15.0,56594.605166,57495.896686,57495.896745,3833.059783,51.108044,56594.605166,14596.044775097918,17034.109359700004,64.37796571428572,9.50855724627987,0.260888182715349,31,64,,False,True,,68,59.56268577710819
43,2026-09-21T07:58:16.166+00:00,2026-09-21T07:59:14.262+00:00,2026-09-21T07:59:19.398+00:00,True,73,73.0,,73.0,58095.981083,63231.226651,63231.226524,866.181185260274,0.02032,58095.981083,6792.577886602229,82.65126099999999,71.32285511111111,134.0933851010294,1.1544928647821118,31,64,,False,True,,292,59.56268577710819
44,2026-09-21T07:58:16.545+00:00,2026-09-21T07:59:16.051+00:00,2026-09-21T07:59:16.328+00:00,True,6,6.0,,6.0,59505.901041000005,59782.285553,59782.285365,9963.7142275,47.972124,59505.901041000005,24270.616562534462,44645.633992250005,55.2769024,7.288884159633544,0.10036417886165791,31,64,,False,True,,18,59.56268577710819
45,2026-09-21T07:58:16.945+00:00,2026-09-21T07:59:18.218+00:00,2026-09-21T07:59:24.163+00:00,True,94,94.0,,94.0,61272.742779,67217.379707,67217.379762,715.078508106383,0.0,61272.742779,6315.200970501417,181.35582025,63.9208271827957,159.5065777731843,1.3984478480081373,31,64,,False,True,,94,59.56268577710819
46,2026-09-21T07:58:17.384+00:00,2026-09-21T07:59:21.326+00:00,2026-09-21T07:59:23.113+00:00,True,41,41.0,,41.0,63941.550858,65728.385546,65728.385725,1603.1313591463415,0.0,63941.550858,9979.063198732045,77.976507,44.6708672,31.043277919650414,0.6237792037552201,31,64,,False,True,,66,59.56268577710819
47,2026-09-21T07:58:17.736+00:00,2026-09-21T07:59:22.250+00:00,2026-09-21T07:59:28.497+00:00,True,98,98.0,,98.0,64513.728402,70760.15477,70760.154581,722.0423936836735,43.501514,64513.728402,6510.372157924628,77.03533200000001,64.39614812371134,9.219471215912629,1.3849602268189047,31,64,,False,True,,294,59.56268577710819
48,2026-09-21T07:58:18.074+00:00,2026-09-21T07:59:24.560+00:00,2026-09-21T07:59:28.776+00:00,True,66,66.0,,66.0,66486.5536,70702.262016,70702.262041,1071.246394560606,44.149194,66486.5536,8175.951269543574,80.18664199999999,64.85705255384615,9.650762463490848,0.9334920569452804,31,64,,False,True,,402,59.56268577710819
49,2026-09-21T07:58:18.329+00:00,2026-09-21T07:59:25.731+00:00,2026-09-21T07:59:31.294+00:00,True,88,88.0,,88.0,67402.137877,72964.407061,72964.407137,829.1409901931818,42.717294,67402.137877,7178.283885384929,81.12764615,63.934128551724136,10.259099727041617,1.2060674998212468,31,64,,False,True,,264,59.56268577710819
50,2026-09-21T07:58:18.744+00:00,2026-09-21T07:59:27.981+00:00,2026-09-21T07:59:28.314+00:00,True,6,6.0,,6.0,69237.418812,69570.721596,69570.721391,11595.120231833334,53.363355000000006,69237.418812,28238.844948619382,51946.55344050001,66.6605568,8.908318466802317,0.0862431761861296,31,64,,False,True,,28,59.56268577710819
51,2026-09-21T07:58:19.106+00:00,2026-09-21T07:59:29.663+00:00,2026-09-21T07:59:29.663+00:00,True,1,1.0,,1.0,70556.35611200001,70556.35611200001,70556.35611200001,70556.35611200001,70556.35611200001,70556.35611200001,nan,70556.35611200001,nan,nan,0.014173067532181175,31,64,,False,True,,3,59.56268577710819
52,2026-09-21T07:58:19.352+00:00,2026-09-21T07:59:31.177+00:00,2026-09-21T07:59:33.061+00:00,True,31,31.0,,31.0,71824.42590999999,73709.15294999999,73709.15281599999,2377.7146069677415,0.0,71824.42590999999,12890.960582317131,703.798937,62.82423466666666,242.02507358043172,0.4205719203017921,31,64,,False,True,,206,59.56268577710819
53,2026-09-21T07:58:19.703+00:00,2026-09-21T07:59:32.834+00:00,2026-09-21T07:59:36.442+00:00,True,58,58.0,,58.0,73130.938309,76738.597317,76738.59734600001,1323.079264586207,0.01896,73130.938309,9596.037389543171,234.88258944999998,63.292263298245615,186.74785295191978,0.7558126161781066,31,64,,False,True,,229,59.56268577710819
54,2026-09-21T07:58:20.073+00:00,2026-09-21T07:59:34.868+00:00,2026-09-21T07:59:39.043+00:00,True,67,67.0,,67.0,74794.40651999999,78969.28984799999,78969.28990699998,1178.6461180149252,0.01967,74794.40651999999,9129.97497240115,157.96327110000001,63.255808,45.5315046989473,0.8484310816136442,31,64,,False,True,,296,59.56268577710819
55,2026-09-21T07:58:20.312+00:00,2026-09-21T07:59:36.142+00:00,2026-09-21T07:59:40.267+00:00,True,67,67.0,,67.0,75829.344137,79954.71757699999,79954.71754999999,1193.353993283582,7.825451,75829.344137,9256.410354146978,79.142071,62.50565818181818,18.29022963327967,0.8379743188446134,31,64,,False,True,,134,59.56268577710819
56,2026-09-21T07:58:20.633+00:00,2026-09-21T07:59:37.851+00:00,2026-09-21T07:59:40.946+00:00,True,52,52.0,,52.0,77218.80250399999,80312.91732,80312.91744599999,1544.479181653846,41.516974000000005,77218.80250399999,10699.912884840827,78.25628449999999,60.66891796078431,10.368403809944637,0.6474674527487331,31,64,,False,True,,143,59.56268577710819
57,2026-09-21T07:58:20.936+00:00,2026-09-21T07:59:39.627+00:00,2026-09-21T07:59:40.532+00:00,True,16,16.0,,16.0,78690.507368,79596.02186400001,79596.021848,4974.7513655,45.299493999999996,78690.507368,19657.53714329649,19728.382169000004,60.36763306666667,9.646893658357621,0.20101507117199963,31,64,,False,True,,41,59.56268577710819
58,2026-09-21T07:58:21.377+00:00,2026-09-21T07:59:41.766+00:00,2026-09-21T07:59:41.894+00:00,True,3,3.0,,3.0,80389.58218099999,80517.141861,80517.141832,26839.04727733333,54.831885,80389.58218099999,46376.12447604106,72357.89673949999,63.77984,12.654337701280458,0.03725914669424085,31,64,,False,True,,16,59.56268577710819
59,2026-09-21T07:58:21.825+00:00,2026-09-21T07:59:43.926+00:00,2026-09-21T07:59:49.384+00:00,True,87,87.0,,87.0,82100.599735,87558.91935099999,87558.919365,1006.4243605172413,0.0,82100.599735,8797.180547166196,77.088628,63.468832744186045,182.77854727901675,0.9936166485933954,31,64,,False,True,,92,59.56268577710819
60,2026-09-21T07:58:22.203+00:00,2026-09-21T07:59:46.987+00:00,2026-09-21T07:59:47.692+00:00,True,26,26.0,,26.0,84784.233765,85489.622053,85489.622047,3288.062386423077,0.0,84784.233765,16622.055111832873,74.22859925,28.21553152,33.488900491023834,0.304130482456468,31,64,,False,True,,78,59.56268577710819
61,2026-09-21T07:58:22.624+00:00,2026-09-21T07:59:48.034+00:00,2026-09-21T07:59:50.647+00:00,True,43,43.0,,43.0,85409.57127300001,88022.19232900001,88022.19242300001,2047.027730767442,42.232884,85409.57127300001,13015.35499319832,76.55131890000001,62.20526323809524,9.926738945441498,0.48851316767116143,31,64,,False,True,,129,59.56268577710819
62,2026-09-21T07:58:23.260+00:00,2026-09-21T07:59:49.384+00:00,2026-09-21T07:59:54.894+00:00,True,87,87.0,,87.0,86124.619116,91633.955436,91633.95533,1053.263854367816,0.01614,86124.619116,9228.049198218028,113.077517,64.06205023255814,161.0439481652579,0.9494297128837083,31,64,,False,True,,261,59.56268577710819
63,2026-09-21T07:58:23.354+00:00,2026-09-21T07:59:51.172+00:00,2026-09-21T07:59:51.984+00:00,True,14,14.0,,14.0,87818.379993,88630.78472899999,88630.78462399999,6330.7703302857135,52.477515,87818.379993,23453.74868891555,30784.6460826,62.492672,7.989773264797277,0.15795866010672022,31,64,,False,True,,70,59.56268577710819
64,2026-09-21T07:58:23.537+00:00,2026-09-21T07:59:52.661+00:00,2026-09-21T07:59:54.165+00:00,True,11,11.0,,11.0,89123.883085,90627.64756499999,90627.647457,8238.877041545455,0.01611,89123.883085,26829.912096783428,45276.02314499999,150.376448,449.5933841294234,0.1213757644113026,31,64,,False,True,,33,59.56268577710819
65,2026-09-21T07:58:23.941+00:00,2026-09-21T07:59:55.021+00:00,2026-09-21T07:59:57.019+00:00,True,36,36.0,,36.0,91080.19164,93078.39144800001,93078.39144600001,2585.5108735000003,0.03114,91080.19164,15170.540971820512,109.30312249999999,57.09142308571429,27.53184114398001,0.3867707578521281,31,64,,False,True,,159,59.56268577710819
66,2026-09-21T07:58:24.260+00:00,2026-09-21T07:59:56.678+00:00,2026-09-21T07:59:57.500+00:00,True,13,13.0,,13.0,92418.33603300001,93240.71811300001,93240.71796600001,7172.36292046154,40.055983,92418.33603300001,25613.229311228577,37014.43487940001,68.53184,10.714294772371687,0.13942406561310564,31,64,,False,True,,48,59.56268577710819
67,2026-09-21T07:58:24.523+00:00,2026-09-21T07:59:57.675+00:00,2026-09-21T08:00:02.874+00:00,True,80,80.0,,80.0,93152.043854,98351.504718,98351.504931,1229.3938116375,0.0,93152.043854,10409.455456055457,77.873757,65.81596030379747,210.35739056824124,0.8134090091390197,31,64,,False,True,,268,59.56268577710819
68,2026-09-21T07:58:24.893+00:00,2026-09-21T07:59:59.660+00:00,2026-09-21T08:00:03.863+00:00,True,67,67.0,,67.0,94766.43806999999,98969.542582,98969.54265899998,1477.1573531194028,0.0,94766.43806999999,11572.123742303222,79.70201300000001,63.683401696969696,234.53054601633534,0.6769759488833443,31,64,,False,True,,665,59.56268577710819
69,2026-09-21T07:58:25.217+00:00,2026-09-21T08:00:02.905+00:00,2026-09-21T08:00:05.505+00:00,True,65,65.0,,65.0,97688.882222,100288.246574,100288.246751,1542.8961038615384,0.0,97688.882222,12111.819172369003,76.85985199999999,40.615068,32.25309382337427,0.6481317823423929,31,64,,False,True,,70,59.56268577710819
70,2026-09-21T07:58:25.627+00:00,2026-09-21T08:00:03.557+00:00,2026-09-21T08:00:04.757+00:00,True,20,20.0,,20.0,97929.649366,99129.910486,99129.91052199999,4956.4955261,47.486273999999995,97929.649366,21883.61141307928,4970.027551449999,63.17163789473684,8.91845172580337,0.20175545304083148,31,64,,False,True,,118,59.56268577710819
71,2026-09-21T07:58:25.984+00:00,2026-09-21T08:00:05.235+00:00,2026-09-21T08:00:08.510+00:00,True,54,54.0,,54.0,99251.11318700001,102525.97552300002,102525.97559500001,1898.6291776851854,46.246154000000004,99251.11318700001,13497.960672506906,78.26145685,61.789855396226415,9.736300784768323,0.5266957931835137,31,64,,False,True,,594,59.56268577710819
72,2026-09-21T07:58:26.361+00:00,2026-09-21T08:00:06.932+00:00,2026-09-21T08:00:08.055+00:00,True,20,20.0,,20.0,100571.227447,101694.123831,101694.123916,5084.7061957999995,44.358834,100571.227447,22475.197006104798,5102.3156835,59.09980968421053,9.768347748141585,0.1966681972031828,31,64,,False,True,,120,59.56268577710819
73,2026-09-21T07:58:26.758+00:00,2026-09-21T08:00:09.268+00:00,2026-09-21T08:00:15.219+00:00,True,95,95.0,,95.0,102510.326252,108461.691372,108461.691445,1141.7020152105263,42.074684,102510.326252,10510.845920497777,76.6636214,63.31239489361702,9.30539267293502,0.8758852899884316,31,64,,True,True,,380,59.56268577710819
74,2026-09-21T07:58:27.021+00:00,2026-09-21T08:00:10.634+00:00,2026-09-21T08:00:14.797+00:00,True,66,66.0,,66.0,103613.837034,107776.48407399999,107776.48404,1632.977030909091,45.509672,103613.837034,12746.102317882223,77.75919825000001,64.0407236923077,9.518441459979787,0.6123784846672489,31,64,,True,True,,147,59.56268577710819
75,2026-09-21T07:58:27.350+00:00,2026-09-21T08:00:12.107+00:00,2026-09-21T08:00:13.724+00:00,True,27,27.0,,27.0,104757.202851,106374.60009899999,106374.599922,3939.7999971111108,41.793172,104757.202851,20148.563157236717,76.407681,62.20758646153846,8.977205323816527,0.2538199906262569,31,64,,True,True,,27,59.56268577710819
76,2026-09-21T07:58:27.597+00:00,2026-09-21T08:00:13.656+00:00,2026-09-21T08:00:14.121+00:00,True,8,8.0,,8.0,106059.305,106524.123176,106524.123251,13315.515406375,55.724995,106059.305,37474.150744619146,68964.73477994998,66.40259657142857,7.961199291511609,0.0751003600074918,31,64,,True,True,,9,59.56268577710819
77,2026-09-21T07:58:27.891+00:00,2026-09-21T08:00:15.407+00:00,2026-09-21T08:00:19.234+00:00,True,61,61.0,,61.0,107516.835843,111343.51181099999,111343.51175899999,1825.3034714590162,41.931183,107516.835843,13757.95753161008,77.97486599999999,63.777932799999995,9.54728231232277,0.5478541049032515,31,64,,True,True,,125,59.56268577710819
78,2026-09-21T07:58:28.206+00:00,2026-09-21T08:00:16.970+00:00,2026-09-21T08:00:23.122+00:00,True,98,98.0,,98.0,108763.97109800001,114916.10345000001,114916.10347500001,1172.6133007653061,43.733774,108763.97109800001,10980.41773331098,78.19330819999999,63.42404486597938,9.783210278042585,0.8527960578008964,31,64,,True,True,,417,59.56268577710819
79,2026-09-21T07:58:28.484+00:00,2026-09-21T08:00:18.214+00:00,2026-09-21T08:00:22.734+00:00,True,73,73.0,,73.0,109729.36988099999,114250.09077699999,114250.090787,1565.069736808219,42.533714,109729.36988099999,12835.50580746224,76.9282066,62.78779022222222,9.170494064022895,0.6389491640972581,31,64,,True,True,,219,59.56268577710819
80,2026-09-21T07:58:28.740+00:00,2026-09-21T08:00:19.540+00:00,2026-09-21T08:00:25.390+00:00,True,94,94.0,,94.0,110800.591844,116650.430436,116650.430198,1240.9620233829787,45.128432999999994,110800.591844,11421.724572468538,80.144823,62.90149023655914,9.505628914393087,0.8058264307183409,31,64,,True,True,,663,59.56268577710819
81,2026-09-21T07:58:28.986+00:00,2026-09-21T08:00:20.736+00:00,2026-09-21T08:00:23.701+00:00,True,49,49.0,,49.0,111749.476166,114714.70675799999,114714.706647,2341.1164621836733,44.821824,111749.476166,15955.38830286653,77.0999494,61.775637333333336,9.049269115023,0.42714662648590895,31,64,,True,True,,260,59.56268577710819
82,2026-09-21T07:58:29.414+00:00,2026-09-21T08:00:22.938+00:00,2026-09-21T08:00:26.518+00:00,True,58,58.0,,58.0,113523.88388600001,117103.93124600001,117103.93116200001,2019.0332958965519,42.591493,113523.88388600001,14898.172574814265,76.598543,62.80784842105263,10.172097783603304,0.4952865320819974,31,64,,True,True,,58,59.56268577710819
83,2026-09-21T07:58:29.706+00:00,2026-09-21T08:00:24.323+00:00,2026-09-21T08:00:28.070+00:00,True,60,60.0,,60.0,114617.323749,118364.610789,118364.610807,1972.7435134500001,43.686862999999995,114617.323749,14788.836137128394,77.9099935,63.51333966101695,9.187018252775516,0.5069082692880024,31,64,,True,True,,243,59.56268577710819
84,2026-09-21T07:58:30.046+00:00,2026-09-21T08:00:26.258+00:00,2026-09-21T08:00:26.978+00:00,True,12,12.0,,12.0,116211.936447,116931.601087,116931.601101,9744.30009175,54.950004,116211.936447,33528.61096809254,52338.327553949995,65.42405818181818,8.019609525055616,0.10262409723674017,31,64,,True,True,,60,59.56268577710819
85,2026-09-21T07:58:30.478+00:00,2026-09-21T08:00:28.545+00:00,2026-09-21T08:00:33.189+00:00,True,74,74.0,,74.0,118066.38837199999,122710.66408399999,122710.66415699999,1658.2522183378376,44.900314,118066.38837199999,13717.545577141214,76.37062664999999,63.62021523287671,8.194053296572166,0.6030445727955988,31,64,,True,True,,222,59.56268577710819
86,2026-09-21T07:58:30.866+00:00,2026-09-21T08:00:30.594+00:00,2026-09-21T08:00:31.174+00:00,True,10,10.0,,10.0,119727.514095,120307.953647,120307.95382800001,12030.7953828,55.966704,119727.514095,37840.77009569763,65882.69306745,64.49328355555555,5.505725630056204,0.08312002404547057,31,64,,True,True,,80,59.56268577710819
87,2026-09-21T07:58:31.245+00:00,2026-09-21T08:00:32.394+00:00,2026-09-21T08:00:36.188+00:00,True,61,61.0,,61.0,121148.832369,124943.303537,124943.30357999999,2048.250878360656,42.926303,121148.832369,15503.423983545748,76.065206,63.241186133333336,9.19918489185231,0.4882214434320268,31,64,,True,True,,183,59.56268577710819
88,2026-09-21T07:58:31.657+00:00,2026-09-21T08:00:34.300+00:00,2026-09-21T08:00:35.339+00:00,True,18,18.0,,18.0,122643.05993799999,123682.12758599999,123682.12753499999,6871.2293075,47.662273,122643.05993799999,28892.841231407172,18458.969711949998,61.12162635294118,8.88915262272564,0.14553436580789772,31,64,,True,True,,36,59.56268577710819
89,2026-09-21T07:58:31.931+00:00,2026-09-21T08:00:35.647+00:00,2026-09-21T08:00:37.114+00:00,True,25,25.0,,25.0,123716.77239,125183.107878,125183.108029,5007.32432116,44.442964,123716.77239,24731.136634083894,77.459629,61.097312,9.14327413202038,0.19970745593218783,31,64,,True,True,,37,59.56268577710819
90,2026-09-21T07:58:32.193+00:00,2026-09-21T08:00:37.059+00:00,2026-09-21T08:00:38.065+00:00,True,18,18.0,,18.0,124865.978267,125871.746203,125871.746202,6992.8747889999995,45.682084,124865.978267,29417.24998778249,18794.719155299998,59.16281976470588,9.599300042974848,0.14300270348971286,31,64,,True,True,,144,59.56268577710819
91,2026-09-21T07:58:32.634+00:00,2026-09-21T08:00:39.253+00:00,2026-09-21T08:00:41.873+00:00,True,41,41.0,,41.0,126618.48075399999,129238.74801799998,129238.74795799999,3152.164584341463,52.075004,126618.48075399999,19764.255582098056,77.995446,65.50668160000001,7.908726322835039,0.3172423180259348,31,64,,True,True,,205,59.56268577710819
92,2026-09-21T07:58:33.482+00:00,2026-09-21T08:00:41.739+00:00,2026-09-21T08:00:43.562+00:00,True,29,29.0,,29.0,128256.22198999999,130079.22051799999,130079.22048599999,4485.490361586207,44.414373,128256.22198999999,23804.49529904853,87.5616546,65.10709028571428,11.895908108995135,0.22294106533323715,31,64,,True,True,,29,59.56268577710819
93,2026-09-21T07:58:33.502+00:00,2026-09-21T08:00:42.579+00:00,2026-09-21T08:00:46.345+00:00,True,59,59.0,,59.0,129076.73120200001,132843.093058,132843.09302,2251.5778477966105,42.520703000000005,129076.73120200001,16795.907837064213,80.12111399999999,64.93727337931034,9.924760726302699,0.444132989091426,31,64,,True,True,,177,59.56268577710819
94,2026-09-21T07:58:33.598+00:00,2026-09-21T08:00:44.553+00:00,2026-09-21T08:00:49.847+00:00,True,84,84.0,,84.0,130955.459598,136249.829646,136249.829541,1622.0217802500001,47.160533,130955.459598,14281.455183241154,77.7949465,63.78759093975904,9.19701451116065,0.6165145322988377,31,64,,True,True,,161,59.56268577710819
95,2026-09-21T07:58:33.904+00:00,2026-09-21T08:00:46.347+00:00,2026-09-21T08:00:48.038+00:00,True,27,27.0,,27.0,132443.16967,134134.043526,134134.043445,4967.927535,44.326392999999996,132443.16967,25476.186024668063,77.764781,65.03360984615385,9.930552823305836,0.20129118074910216,31,64,,True,True,,111,59.56268577710819
96,2026-09-21T07:58:34.342+00:00,2026-09-21T08:00:48.538+00:00,2026-09-21T08:00:51.861+00:00,True,53,53.0,,53.0,134196.591016,137519.50992799998,137519.510083,2594.707737415094,47.499793,134196.591016,18424.543632727044,77.5643834,63.90228676923077,8.371625700050718,0.38539986091972545,31,64,,True,True,,347,59.56268577710819
97,2026-09-21T07:58:34.604+00:00,2026-09-21T08:00:50.176+00:00,2026-09-21T08:00:51.508+00:00,True,22,22.0,,22.0,135571.862991,136904.516559,136904.51649,6222.932567727273,43.507794000000004,135571.862991,28890.490601247002,80.69782299999999,63.45969371428571,10.863920948743658,0.1606959401556262,31,64,,True,True,,110,59.56268577710819
98,2026-09-21T07:58:34.866+00:00,2026-09-21T08:00:51.510+00:00,2026-09-21T08:00:57.288+00:00,True,93,93.0,,93.0,136644.19791299998,142422.590489,142422.59053299998,1531.4257046559137,44.617892999999995,136644.19791299998,14162.833341373816,77.495272,62.808614956521744,9.317018678611717,0.6529862971926694,31,64,,True,True,,651,59.56268577710819
99,2026-09-21T07:58:35.191+00:00,2026-09-21T08:00:53.246+00:00,2026-09-21T08:00:59.203+00:00,True,95,95.0,,95.0,138054.61540799998,144011.62993599998,144011.629772,1515.911892336842,40.900703,138054.61540799998,14157.606277377385,77.1440953,63.37249497872341,9.974913903462484,0.659668945086024,31,64,,True,True,,190,59.56268577710819
100,2026-09-21T07:58:35.567+00:00,2026-09-21T08:00:55.263+00:00,2026-09-21T08:01:01.280+00:00,True,96,96.0,,96.0,139696.337379,145712.749027,145712.74914600002,1517.8411369375,43.303123,139696.337379,14251.237180905755,75.97673775,63.33064892631579,9.462797972928481,0.6588304773675746,31,64,,True,True,,96,59.56268577710819
101,2026-09-21T07:58:35.994+00:00,2026-09-21T08:00:57.359+00:00,2026-09-21T08:00:57.930+00:00,True,10,10.0,,10.0,141365.077303,141936.169271,141936.169124,14193.6169124,46.908293,141365.077303,44683.4974947459,77785.61387395,63.45466311111111,10.16434267089924,0.07045420523437483,31,64,,True,True,,20,59.56268577710819
102,2026-09-21T07:58:36.413+00:00,2026-09-21T08:00:59.602+00:00,2026-09-21T08:00:59.795+00:00,True,4,4.0,,4.0,143188.030704,143381.225968,143381.226108,35845.306527,54.799294,143188.030704,71561.81648247164,121720.65925965,64.39842133333333,8.845612910216982,0.027897655170647826,31,64,,True,True,,8,59.56268577710819
103,2026-09-21T07:58:36.781+00:00,2026-09-21T08:01:01.387+00:00,2026-09-21T08:01:04.315+00:00,True,47,47.0,,47.0,144606.252608,147534.31635200002,147534.316456,3139.0280097021277,46.871593000000004,144606.252608,21083.707064240327,78.28568500000002,63.65355965217391,9.476270108532912,0.3185699514671785,31,64,,True,True,,95,59.56268577710819
104,2026-09-21T07:58:37.093+00:00,2026-09-21T08:01:02.994+00:00,2026-09-21T08:01:05.387+00:00,True,39,39.0,,39.0,145900.996125,148293.18812500002,148293.18808300002,3802.389438025641,42.691613,145900.996125,23352.77874855952,75.900664,62.95242105263158,9.929702697393063,0.2629925250991699,31,64,,True,True,,77,59.56268577710819
105,2026-09-21T07:58:37.369+00:00,2026-09-21T08:01:04.437+00:00,2026-09-21T08:01:04.496+00:00,True,2,2.0,,2.0,147068.657934,147126.917646,147126.91764899998,73563.45882449999,58.259715,147068.657934,103952.04948558964,139718.13802305,58.259712,nan,0.013593705570670434,31,64,,True,True,,12,59.56268577710819
106,2026-09-21T07:58:37.641+00:00,2026-09-21T08:01:05.902+00:00,2026-09-21T08:01:10.175+00:00,True,69,69.0,,69.0,148261.167236,152533.34720400002,152533.347092,2210.628218724638,44.398853,148261.167236,17840.98623680112,76.501534,62.826176,9.557214047043788,0.45236009872463184,31,64,,True,True,,288,59.56268577710819
107,2026-09-21T07:58:38.007+00:00,2026-09-21T08:01:08.264+00:00,2026-09-21T08:01:12.667+00:00,True,70,70.0,,70.0,150257.65529199998,154660.57676399997,154660.57658899997,2209.436808414285,44.797153,150257.65529199998,17951.600713926946,78.63150900000001,63.81045611594203,9.888878773454456,0.45260402789532184,31,64,,True,True,,303,59.56268577710819
108,2026-09-21T07:58:38.369+00:00,2026-09-21T08:01:10.105+00:00,2026-09-21T08:01:11.958+00:00,True,30,30.0,,30.0,151735.462231,153588.54408700002,153588.54412900002,5119.618137633333,47.216083,151735.462231,27691.31354678061,79.48271210000001,63.899374344827585,9.101557477448447,0.19532706803318967,31,64,,True,True,,92,59.56268577710819
109,2026-09-21T07:58:38.650+00:00,2026-09-21T08:01:11.904+00:00,2026-09-21T08:01:13.444+00:00,True,25,25.0,,25.0,153253.43018599998,154793.624746,154793.62483999997,6191.744993599999,49.935233999999994,153253.43018599998,30637.853563505443,101.195872,64.17477333333333,12.596932352829656,0.16150535941659333,31,64,,True,True,,41,59.56268577710819
110,2026-09-21T07:58:39.014+00:00,2026-09-21T08:01:13.772+00:00,2026-09-21T08:01:15.800+00:00,True,33,33.0,,33.0,154758.336836,156785.723204,156785.723067,4751.082517181818,45.475633,154758.336836,26928.941397789466,79.81952799999999,63.355824,9.762709065628997,0.21047834793645345,31,64,,True,True,,68,59.56268577710819
111,2026-09-21T07:58:39.401+00:00,2026-09-21T08:01:16.096+00:00,2026-09-21T08:01:20.444+00:00,True,70,70.0,,70.0,156694.701819,161043.128059,161043.128062,2300.6161151714286,41.562423,156694.701819,18721.068845863792,75.085765,63.020670144927536,9.146904842349308,0.43466617199806684,31,64,,True,True,,244,59.56268577710819
112,2026-09-21T07:58:39.771+00:00,2026-09-21T08:01:17.665+00:00,2026-09-21T08:01:19.135+00:00,True,24,24.0,,24.0,157893.987176,159363.644264,159363.644216,6640.151842333333,43.103094,157893.987176,32216.934549511458,101.8852317,63.89813426086956,13.058782813341878,0.1505989657229592,31,64,,True,True,,216,59.56268577710819
113,2026-09-21T07:58:40.199+00:00,2026-09-21T08:01:20.026+00:00,2026-09-21T08:01:25.921+00:00,True,94,94.0,,94.0,159827.388489,165721.87322500002,165721.873144,1762.998650468085,42.176393,159827.388489,16478.401712535855,76.9141725,63.38155630107527,9.30456257137761,0.5672154083871386,31,64,,True,True,,376,59.56268577710819
114,2026-09-21T07:58:40.556+00:00,2026-09-21T08:01:21.913+00:00,2026-09-21T08:01:22.879+00:00,True,17,17.0,,17.0,161357.368341,162323.442965,162323.443023,9548.437824882352,41.412091999999994,161357.368341,39120.26780998449,32336.1503442,60.379664,12.410804414104264,0.1047291733681716,31,64,,True,True,,113,59.56268577710819
115,2026-09-21T07:58:40.824+00:00,2026-09-21T08:01:23.362+00:00,2026-09-21T08:01:24.170+00:00,True,13,13.0,,13.0,162538.52233100001,163346.74837900003,163346.74848500002,12565.134498846155,55.434463,162538.52233100001,45061.39545853045,65060.19734480001,67.35217066666667,6.8448654506330024,0.0795853001605956,31,64,,True,True,,50,59.56268577710819
116,2026-09-21T07:58:41.213+00:00,2026-09-21T08:01:25.197+00:00,2026-09-21T08:01:30.401+00:00,True,84,84.0,,84.0,163983.83297,169187.969674,169187.969891,2014.1424987023809,43.154443,163983.83297,17885.264557655668,78.3728627,62.70044221686747,9.896957660308033,0.49648920169593314,31,64,,True,True,,756,59.56268577710819
117,2026-09-21T07:58:41.516+00:00,2026-09-21T08:01:26.777+00:00,2026-09-21T08:01:32.621+00:00,True,95,95.0,,95.0,165261.416704,171104.717568,171104.717439,1801.102288831579,42.485923,165261.416704,16949.0883474595,76.62926929999999,62.16277514893617,9.284935054135977,0.5552155507474267,31,64,,True,True,,291,59.56268577710819
118,2026-09-21T07:58:41.904+00:00,2026-09-21T08:01:28.568+00:00,2026-09-21T08:01:34.343+00:00,True,93,93.0,,93.0,166664.274221,172439.559981,172439.560002,1854.1888172258064,43.953443,166664.274221,17275.772545075557,75.35806600000001,62.7748452173913,8.001512456209934,0.5393193998537636,31,64,,True,True,,831,59.56268577710819
119,2026-09-21T07:58:42.152+00:00,2026-09-21T08:01:29.828+00:00,2026-09-21T08:01:30.670+00:00,True,14,14.0,,14.0,167675.929663,168518.189887,168518.18971799998,12037.013551285714,52.214523,167675.929663,44795.96237459389,58739.0019738,64.789248,8.950785833504751,0.08307708508729955,31,64,,True,True,,29,59.56268577710819
120,2026-09-21T07:58:42.582+00:00,2026-09-21T08:01:32.129+00:00,2026-09-21T08:01:34.978+00:00,True,46,46.0,,46.0,169546.849113,172396.04232900002,172396.042366,3747.740051434783,44.623052,169546.849113,24988.985439337317,77.688589,63.315404799999996,9.303783102253234,0.266827471086684,31,64,,True,True,,183,59.56268577710819
122,2026-09-21T07:58:43.590+00:00,2026-09-21T08:01:35.251+00:00,2026-09-21T08:01:39.214+00:00,True,63,63.0,,63.0,171660.890416,175624.004656,175624.00471100002,2787.6826144603174,40.957062,171660.890416,21619.18826138686,77.2621561,63.92119741935484,9.939350249488818,0.3587208942388029,31,64,,True,True,,219,59.56268577710819
123,2026-09-21T07:58:43.642+00:00,2026-09-21T08:01:35.537+00:00,2026-09-21T08:01:36.880+00:00,True,23,23.0,,23.0,171895.491627,173238.547755,173238.54771,7532.11077,44.543123,171895.491627,35829.959729857736,76.05611,61.04800581818182,10.262630158264312,0.1327649088384613,31,64,,True,True,,138,59.56268577710819
121,2026-09-21T07:58:43.539+00:00,2026-09-21T08:01:36.835+00:00,2026-09-21T08:01:37.132+00:00,True,6,6.0,,6.0,173295.994397,173593.228573,173593.228593,28932.2047655,42.514432,173295.994397,70723.52559670122,129991.12666124999,59.4468352,14.628747160558186,0.03456356016488777,31,64,,True,True,,20,59.56268577710819
124,2026-09-21T07:58:43.839+00:00,2026-09-21T08:01:38.608+00:00,2026-09-21T08:01:42.958+00:00,True,71,71.0,,71.0,174769.293202,179119.186578,179119.186537,2522.8054441830986,42.882372000000004,174769.293202,20733.9264668359,77.6888435,62.141333942857145,9.460592748879852,0.39638411359735626,31,64,,True,True,,213,59.56268577710819
125,2026-09-21T07:58:44.105+00:00,2026-09-21T08:01:39.671+00:00,2026-09-21T08:01:43.423+00:00,True,62,62.0,,62.0,175565.886612,179318.03125200002,179318.03127500002,2892.2263108870966,41.602512000000004,175565.886612,22289.080022519785,76.3421285,61.51056786885246,9.463032079669631,0.34575440945406033,31,64,,True,True,,249,59.56268577710819
126,2026-09-21T07:58:44.361+00:00,2026-09-21T08:01:40.906+00:00,2026-09-21T08:01:43.559+00:00,True,44,44.0,,44.0,176544.491982,179197.31860600002,179197.31860600002,4072.6663319545455,44.149402,176544.491982,26605.784765922224,78.92381429999999,61.69364241860465,10.052233235610318,0.2455393883250146,31,64,,True,True,,220,59.56268577710819
127,2026-09-21T07:58:44.643+00:00,2026-09-21T08:01:42.390+00:00,2026-09-21T08:01:43.419+00:00,True,18,18.0,,18.0,177747.57804300002,178776.06879500003,178776.06881000003,9932.003822777779,40.908702,177747.57804300002,41881.24775129476,26729.566096350005,60.499456,12.247627203982983,0.10068461691391338,31,64,,True,True,,72,59.56268577710819
128,2026-09-21T07:58:44.970+00:00,2026-09-21T08:01:44.060+00:00,2026-09-21T08:01:49.248+00:00,True,84,84.0,,84.0,179090.07324,184277.312152,184277.31214,2193.7775254761905,40.528811999999995,179090.07324,19533.51225078179,76.36713735000001,62.496854361445784,9.420582885665892,0.45583473634949223,31,64,,True,True,,252,59.56268577710819
129,2026-09-21T07:58:45.373+00:00,2026-09-21T08:01:46.087+00:00,2026-09-21T08:01:50.379+00:00,True,69,69.0,,69.0,180713.921448,185005.924008,185005.92383,2681.245272898551,44.273403,180713.921448,21747.802993488986,77.145304,63.117684705882354,9.089384235641926,0.3729610301398582,31,64,,True,True,,210,59.56268577710819
130,2026-09-21T07:58:45.743+00:00,2026-09-21T08:01:47.951+00:00,2026-09-21T08:01:48.970+00:00,True,17,17.0,,17.0,182207.927319,183227.42888700002,183227.428844,10778.08404964706,42.810153,182207.927319,44176.460476161395,36503.402955,63.718848,9.839213976898332,0.09278086858100397,31,64,,True,True,,119,59.56268577710819
131,2026-09-21T07:58:46.106+00:00,2026-09-21T08:01:49.991+00:00,2026-09-21T08:01:54.106+00:00,True,65,65.0,,65.0,183884.488873,188000.162985,188000.162785,2892.3101966923077,44.499843,183884.488873,22800.08962437149,79.90007879999999,64.307408,10.103976795448578,0.3457443811109151,31,64,,True,True,,129,59.56268577710819
132,2026-09-21T07:58:46.540+00:00,2026-09-21T08:01:51.811+00:00,2026-09-21T08:01:52.184+00:00,True,7,7.0,,7.0,185270.567086,185643.923886,185643.923697,26520.560528142858,54.322043,185270.567086,70002.17338974234,129711.3008917,62.22613333333334,8.123002350485212,0.0377065936415918,31,64,,True,True,,25,59.56268577710819
133,2026-09-21T07:58:46.853+00:00,2026-09-21T08:01:53.333+00:00,2026-09-21T08:01:56.340+00:00,True,48,48.0,,48.0,186480.090845,189487.782365,189487.782219,3947.6621295625,41.884391,186480.090845,26906.84759804759,76.22680199999999,63.99343659574468,9.357685675513949,0.2533144849810961,31,64,,True,True,,63,59.56268577710819
134,2026-09-21T07:58:47.228+00:00,2026-09-21T08:01:55.269+00:00,2026-09-21T08:01:57.486+00:00,True,36,36.0,,36.0,188041.41203099999,190258.75116699998,190258.75120099998,5284.965311138889,46.099672,188041.41203099999,31329.6778188362,75.61121899999999,63.35254674285714,8.937154759188013,0.189216000731556,31,64,,True,True,,144,59.56268577710819
135,2026-09-21T07:58:47.620+00:00,2026-09-21T08:01:57.545+00:00,2026-09-21T08:02:02.124+00:00,True,74,74.0,,74.0,189925.31965400002,194504.40394200003,194504.40384100002,2628.4378897432434,46.661553,189925.31965400002,22071.07972741529,77.03905700000001,62.72718202739726,8.636509894348016,0.38045411055096895,31,64,,True,True,,341,59.56268577710819
136,2026-09-21T07:58:48.031+00:00,2026-09-21T08:01:59.535+00:00,2026-09-21T08:01:59.869+00:00,True,6,6.0,,6.0,191504.163889,191838.22136099997,191838.22132699998,31973.036887833332,57.087723,191504.163889,78153.97225625224,143647.3903125,66.8114944,8.922407288307612,0.031276353363958884,31,64,,True,True,,41,59.56268577710819
137,2026-09-21T07:58:48.446+00:00,2026-09-21T08:02:01.950+00:00,2026-09-21T08:02:04.689+00:00,True,45,45.0,,45.0,193504.452266,196243.516074,196243.516074,4360.967023866667,45.064682999999995,193504.452266,28836.661964549265,76.2742502,62.25145018181818,8.583542101926117,0.22930693915528544,31,64,,True,True,,577,59.56268577710819
138,2026-09-21T07:58:48.704+00:00,2026-09-21T08:02:03.476+00:00,2026-09-21T08:02:03.932+00:00,True,8,8.0,,8.0,194772.57915200002,195228.27707200003,195228.27705600002,24403.534632000003,53.175183,194772.57915200002,68839.4901000566,126629.8797202,65.09970285714286,9.536031960102404,0.0409776704480653,31,64,,True,True,,24,59.56268577710819
139,2026-09-21T07:58:49.014+00:00,2026-09-21T08:02:05.194+00:00,2026-09-21T08:02:10.309+00:00,True,82,82.0,,82.0,196180.084803,201295.246659,201295.246749,2454.8200823048783,46.786813,196180.084803,21657.494254174122,78.32210705,63.15014637037037,9.058548865944518,0.4073618297550284,31,64,,True,True,,331,59.56268577710819
140,2026-09-21T07:58:49.273+00:00,2026-09-21T08:02:06.518+00:00,2026-09-21T08:02:07.111+00:00,True,11,11.0,,11.0,197245.468007,197838.284135,197838.284109,17985.298555363635,51.049082999999996,197245.468007,59453.8727493097,98659.9579155,59.2816128,8.575862287706258,0.05560096746741834,31,64,,True,True,,6,59.56268577710819
141,2026-09-21T07:58:49.655+00:00,2026-09-21T08:02:08.606+00:00,2026-09-21T08:02:12.187+00:00,True,58,58.0,,58.0,198951.33625999998,202531.98291599998,202531.98295299997,3491.930740568965,46.946152000000005,198951.33625999998,26115.34316455889,76.7586605,62.81836238596492,8.449014663224238,0.28637452300092014,31,64,,True,True,,571,59.56268577710819
142,2026-09-21T07:58:49.900+00:00,2026-09-21T08:02:09.800+00:00,2026-09-21T08:02:15.489+00:00,True,91,91.0,,91.0,199900.38342899998,205589.787333,205589.78713799999,2259.228430087912,43.345532,199900.38342899998,20948.62934195374,77.631029,63.21559893333333,9.334910637282121,0.44262899038172826,31,64,,True,True,,364,59.56268577710819
143,2026-09-21T07:58:50.204+00:00,2026-09-21T08:02:11.863+00:00,2026-09-21T08:02:12.382+00:00,True,9,9.0,,9.0,201658.968489,202177.892265,202177.892317,22464.210257444443,54.311953,201658.968489,67198.03495557782,121026.06665899999,64.865472,9.748607082725085,0.0445152528754403,31,64,,True,True,,27,59.56268577710819
144,2026-09-21T07:58:50.488+00:00,2026-09-21T08:02:13.335+00:00,2026-09-21T08:02:14.572+00:00,True,21,21.0,,21.0,202846.7974,204083.941208,204083.94113700002,9718.282911285714,47.357271,202846.7974,44251.30291128885,78.338844,61.8571904,10.060083527709857,0.1028988360166812,31,64,,True,True,,25,59.56268577710819
145,2026-09-21T07:58:50.883+00:00,2026-09-21T08:02:15.614+00:00,2026-09-21T08:02:18.911+00:00,True,53,53.0,,53.0,204731.142472,208028.236872,208028.23675,3925.061070754717,45.656053,204731.142472,28113.27722050964,77.78148,63.40566153846154,9.179463923239814,0.254773105790494,31,64,,True,True,,341,59.56268577710819
146,2026-09-21T07:58:51.274+00:00,2026-09-21T08:02:17.651+00:00,2026-09-21T08:02:21.207+00:00,True,57,57.0,,57.0,206376.887022,209932.73444600002,209932.734334,3683.0304269122807,41.884183,206376.887022,27326.87791116286,78.95370919999999,63.49727542857143,10.1993451799822,0.27151554115855064,31,64,,True,True,,278,59.56268577710819
147,2026-09-21T07:58:51.642+00:00,2026-09-21T08:02:19.566+00:00,2026-09-21T08:02:19.923+00:00,True,7,7.0,,7.0,207923.35495699997,208280.39559699997,208280.39573599998,29754.342247999997,51.250002,207923.35495699997,78565.1501725891,145567.4793818,59.506773333333335,8.06474767659355,0.033608539968131436,31,64,,True,True,,23,59.56268577710819
148,2026-09-21T07:58:51.946+00:00,2026-09-21T08:02:21.286+00:00,2026-09-21T08:02:22.819+00:00,True,26,26.0,,26.0,209339.521608,210872.55661600002,210872.556692,8110.4829496923085,45.492982000000005,209339.521608,41042.8328076497,78.26281,61.32140032,9.315315695135327,0.12329721997607365,31,64,,True,True,,79,59.56268577710819
149,2026-09-21T07:58:52.336+00:00,2026-09-21T08:02:23.139+00:00,2026-09-21T08:02:27.215+00:00,True,67,67.0,,67.0,210802.458088,214878.323432,214878.323329,3207.139154164179,43.034792,210802.458088,25746.076532386523,79.0386451,61.755535515151514,10.221031551257937,0.31180436876967116,31,64,,True,True,,137,59.56268577710819
150,2026-09-21T07:58:52.700+00:00,2026-09-21T08:02:24.996+00:00,2026-09-21T08:02:25.547+00:00,True,10,10.0,,10.0,212295.734301,212847.10198099999,212847.101941,21284.7101941,47.110832,212295.734301,67114.4336066007,116797.2611853,61.26307555555555,11.64372755574304,0.046982082005949326,31,64,,True,True,,50,59.56268577710819
151,2026-09-21T07:58:53.676+00:00,2026-09-21T08:02:27.795+00:00,2026-09-21T08:02:32.471+00:00,True,75,75.0,,75.0,214118.609111,218794.944215,218794.944425,2917.2659256666666,41.273000999999994,214118.609111,24716.99215425786,77.66302569999999,63.19371762162162,9.536383258372553,0.3427867141495777,31,64,,True,True,,150,59.56268577710819
152,2026-09-21T07:58:53.823+00:00,2026-09-21T08:02:29.493+00:00,2026-09-21T08:02:33.746+00:00,True,68,68.0,,68.0,215669.981345,219922.59932900002,219922.599294,3234.155871970588,43.573851000000005,215669.981345,26146.131288822497,76.51467215000001,63.47191020895522,8.997214604541032,0.3091996921074641,31,64,,True,True,,204,59.56268577710819
153,2026-09-21T07:58:53.944+00:00,2026-09-21T08:02:30.875+00:00,2026-09-21T08:02:36.310+00:00,True,85,85.0,,85.0,216931.39954100002,222365.950069,222365.95001200002,2616.070000141177,43.505212,216931.39954100002,23522.499201314164,79.2637278,64.69703009523809,11.276134179553926,0.38225276834706284,31,64,,True,True,,848,59.56268577710819
154,2026-09-21T07:58:54.156+00:00,2026-09-21T08:02:32.861+00:00,2026-09-21T08:02:37.041+00:00,True,66,66.0,,66.0,218704.567198,222884.89667000002,222884.896654,3377.0438886969696,44.829322,218704.567198,26912.756766463634,76.79296799999999,64.31276110769231,10.08282776615448,0.296116968830412,31,64,,True,True,,853,59.56268577710819
155,2026-09-21T07:58:54.427+00:00,2026-09-21T08:02:34.121+00:00,2026-09-21T08:02:35.881+00:00,True,28,28.0,,28.0,219693.360644,221453.49402,221453.494196,7909.053364142857,48.840401,219693.360644,41505.82404042579,81.5064358,65.19012503703703,10.075300546191873,0.12643738191582224,31,64,,True,True,,364,59.56268577710819
156,2026-09-21T07:58:54.750+00:00,2026-09-21T08:02:36.078+00:00,2026-09-21T08:02:40.109+00:00,True,65,65.0,,65.0,221327.407759,225358.630287,225358.6303,3467.055850769231,42.607411,221327.407759,27444.475686023958,78.16329499999999,62.987852,10.792325134780384,0.2884291580811475,31,64,,True,True,,211,59.56268577710819
157,2026-09-21T07:58:55.128+00:00,2026-09-21T08:02:37.702+00:00,2026-09-21T08:02:40.357+00:00,True,44,44.0,,44.0,222573.339927,225228.781847,225228.7819,5118.835952272727,44.948071000000006,222573.339927,33544.88475850741,75.74231319999998,61.75446325581396,8.692454806376709,0.19535691504067898,31,64,,True,True,,88,59.56268577710819
158,2026-09-21T07:58:55.387+00:00,2026-09-21T08:02:38.991+00:00,2026-09-21T08:02:42.372+00:00,True,54,54.0,,54.0,223604.091295,226985.081503,226985.081473,4203.427434685185,43.992591,223604.091295,30419.983467208494,79.68810214999999,63.792268075471696,10.63697444534955,0.2379010974749294,31,64,,True,True,,486,59.56268577710819
159,2026-09-21T07:58:55.696+00:00,2026-09-21T08:02:40.504+00:00,2026-09-21T08:02:45.206+00:00,True,75,75.0,,75.0,224807.506176,229509.577984,229509.57798,3060.1277064,42.316911,224807.506176,25951.199634641034,78.3455773,63.541510918918924,10.089943453071982,0.32678374758385265,31,64,,True,True,,150,59.56268577710819
160,2026-09-21T07:58:55.967+00:00,2026-09-21T08:02:42.041+00:00,2026-09-21T08:02:44.795+00:00,True,44,44.0,,44.0,226073.486512,228828.263344,228828.263378,5200.6423495,40.912271000000004,226073.486512,34072.203778375144,76.6124025,64.0645774883721,9.992289420127369,0.19228393974154462,31,64,,True,True,,88,59.56268577710819
161,2026-09-21T07:58:56.275+00:00,2026-09-21T08:02:43.580+00:00,2026-09-21T08:02:47.525+00:00,True,63,63.0,,63.0,227305.700404,231249.997364,231249.99742200001,3670.634879714286,42.809250999999996,227305.700404,28629.81300525084,76.80216100000001,63.61769290322581,9.827693933921033,0.27243243553786767,31,64,,True,True,,434,59.56268577710819
162,2026-09-21T07:58:56.598+00:00,2026-09-21T08:02:45.329+00:00,2026-09-21T08:02:48.076+00:00,True,44,44.0,,44.0,228731.698621,231478.46700499998,231478.46694699998,5260.874248795454,46.093911,228731.698621,34472.97211356592,76.279155,63.878334511627905,8.951727727036982,0.19008247535633452,31,64,,True,True,,88,59.56268577710819
163,2026-09-21T07:58:57.033+00:00,2026-09-21T08:02:47.470+00:00,2026-09-21T08:02:49.061+00:00,True,27,27.0,,27.0,230437.396241,232028.172817,232028.172897,8593.636033222223,44.421282,230437.396241,44335.92355269045,79.068769,61.183714461538464,8.486213298907602,0.11636517959090609,31,64,,True,True,,33,59.56268577710819
164,2026-09-21T07:58:57.356+00:00,2026-09-21T08:02:49.196+00:00,2026-09-21T08:02:53.750+00:00,True,73,73.0,,73.0,231839.660238,236394.27067,236394.270568,3238.2776790136986,41.492992,231839.660238,27127.37765078548,76.253553,63.25847822222222,9.658862841336974,0.30880613050857747,31,64,,True,True,,483,59.56268577710819
165,2026-09-21T07:58:57.706+00:00,2026-09-21T08:02:51.134+00:00,2026-09-21T08:02:54.408+00:00,True,53,53.0,,53.0,233427.510599,236702.034759,236702.034544,4466.076123471698,40.920241000000004,233427.510599,32055.086350137826,80.3749466,62.97161846153846,10.446832548119938,0.2239102002395643,31,64,,True,True,,119,59.56268577710819
166,2026-09-21T07:58:58.041+00:00,2026-09-21T08:02:53.034+00:00,2026-09-21T08:02:54.896+00:00,True,31,31.0,,31.0,234993.649122,236854.987234,236854.987127,7640.483455709677,43.935162,234993.649122,42194.962815783765,77.8650225,62.04460373333333,9.482562288392495,0.13088177015826846,31,64,,True,True,,80,59.56268577710819
167,2026-09-21T07:58:58.409+00:00,2026-09-21T08:02:54.968+00:00,2026-09-21T08:02:57.390+00:00,True,40,40.0,,40.0,236559.179551,238980.286239,238980.28609500002,5974.507152375,44.326902000000004,236559.179551,37393.47614649797,79.10765980000001,62.07965866666667,10.223429639383339,0.1673778227882642,31,64,,True,True,,97,59.56268577710819
168,2026-09-21T07:58:58.839+00:00,2026-09-21T08:02:57.316+00:00,2026-09-21T08:03:02.293+00:00,True,80,80.0,,80.0,238477.453389,243453.795405,243453.795513,3043.1724439125,40.292272,238477.453389,26655.548722798056,77.61930899999999,62.991671088607596,9.183469866282424,0.3286044477840865,31,64,,True,True,,159,59.56268577710819
169,2026-09-21T07:58:59.186+00:00,2026-09-21T08:02:58.992+00:00,2026-09-21T08:03:00.612+00:00,True,27,27.0,,27.0,239806.746301,241426.70841300001,241426.708628,8941.729949185185,41.528542,239806.746301,46138.840012015185,76.97983629999999,62.30623507692308,9.848560155964243,0.11183518251763623,31,64,,True,True,,60,59.56268577710819
170,2026-09-21T07:58:59.465+00:00,2026-09-21T08:03:00.287+00:00,2026-09-21T08:03:04.445+00:00,True,66,66.0,,66.0,240822.443278,244980.928782,244980.928753,3711.832253833333,44.277161,240822.443278,29635.320383407918,79.47658274999999,63.97670006153846,10.311649843103103,0.2694087263369431,31,64,,True,True,,330,59.56268577710819
171,2026-09-21T07:58:59.887+00:00,2026-09-21T08:03:02.713+00:00,2026-09-21T08:03:04.307+00:00,True,26,26.0,,26.0,242825.965569,244419.441153,244419.441114,9400.747735153845,52.434542,242825.965569,47609.59026005955,78.56728774999999,63.73902336,7.9179652578663315,0.10637451700793596,31,64,,True,True,,91,59.56268577710819
172,2026-09-21T07:59:00.222+00:00,2026-09-21T08:03:04.310+00:00,2026-09-21T08:03:10.607+00:00,True,99,99.0,,99.0,244087.230769,250384.702257,250384.70228099998,2529.138406878788,43.731702,244087.230769,24525.23292731526,77.7461369,64.25991314285714,8.840632742057286,0.39539156788574237,31,64,,True,True,,197,59.56268577710819
173,2026-09-21T07:59:00.596+00:00,2026-09-21T08:03:06.187+00:00,2026-09-21T08:03:07.823+00:00,True,26,26.0,,26.0,245590.405496,247226.309496,247226.30944399998,9508.704209384616,47.501232,245590.405496,48151.408823211765,76.32573550000001,65.43616,8.7126034825253,0.10516680062491758,31,64,,True,True,,208,59.56268577710819
174,2026-09-21T07:59:00.939+00:00,2026-09-21T08:03:08.078+00:00,2026-09-21T08:03:08.400+00:00,True,6,6.0,,6.0,247138.408188,247460.54758,247460.547579,41243.4245965,49.836650999999996,247138.408188,100867.53060683109,185373.64259175002,64.4278784,11.53055525196028,0.024246289191048914,31,64,,True,True,,35,59.56268577710819
175,2026-09-21T07:59:01.340+00:00,2026-09-21T08:03:09.213+00:00,2026-09-21T08:03:14.036+00:00,True,77,77.0,,77.0,247872.846296,252696.44796,252696.448065,3281.772052792208,42.737582,247872.846296,28240.50113050899,76.7239988,63.46844294736842,9.50472035268536,0.3047134244332098,31,64,,True,True,,461,59.56268577710819
176,2026-09-21T07:59:01.742+00:00,2026-09-21T08:03:11.288+00:00,2026-09-21T08:03:14.813+00:00,True,56,56.0,,56.0,249546.296226,253071.36861,253071.36860000002,4519.131582142857,41.629351,249546.296226,33338.463224802836,77.63242725,64.09222516363637,9.704007529219567,0.22128145237282754,31,64,,True,True,,112,59.56268577710819
177,2026-09-21T07:59:02.030+00:00,2026-09-21T08:03:12.980+00:00,2026-09-21T08:03:19.052+00:00,True,97,97.0,,97.0,250949.979476,257021.49282,257021.492579,2649.706109061856,44.497302000000005,250949.979476,25473.689965628448,76.90973479999998,63.24493066666666,9.03340311914909,0.3774003447561176,31,64,,True,True,,388,59.56268577710819
178,2026-09-21T07:59:02.426+00:00,2026-09-21T08:03:15.722+00:00,2026-09-21T08:03:21.633+00:00,True,95,95.0,,95.0,253296.383151,259207.422639,259207.42244899998,2728.499183673684,44.778521999999995,253296.383151,25981.210987640985,77.09784500000002,62.88339880851064,10.528539637543593,0.3665018502664839,31,64,,True,True,,191,59.56268577710819
179,2026-09-21T07:59:02.665+00:00,2026-09-21T08:03:17.058+00:00,2026-09-21T08:03:20.075+00:00,True,49,49.0,,49.0,254393.124403,257409.645875,257409.645889,5253.258079367347,46.070032,254393.124403,36332.8982776299,76.8563084,62.844197333333334,9.057395900968345,0.19035805683752335,31,64,,True,True,,147,59.56268577710819
180,2026-09-21T07:59:02.982+00:00,2026-09-21T08:03:18.797+00:00,2026-09-21T08:03:23.416+00:00,True,73,73.0,,73.0,255815.494532,260434.229636,260434.229785,3567.5921888356165,41.082291,255815.494532,29933.433296372063,80.009941,64.14909866666666,12.146378830881718,0.28030109598891667,31,64,,True,True,,326,59.56268577710819
181,2026-09-21T07:59:03.389+00:00,2026-09-21T08:03:21.117+00:00,2026-09-21T08:03:25.104+00:00,True,64,64.0,,64.0,257727.73624,261714.547888,261714.5479,4089.2898109375,43.731610999999994,257727.73624,32208.05806793057,77.4052805,63.282724571428574,9.499019661623487,0.24454123974563544,31,64,,True,True,,224,59.56268577710819
182,2026-09-21T07:59:03.784+00:00,2026-09-21T08:03:22.961+00:00,2026-09-21T08:03:28.584+00:00,True,90,90.0,,90.0,259176.98216400002,264800.197012,264800.197011,2942.2244112333333,43.551932,259176.98216400002,27312.99432349532,75.7583056,63.18218930337079,9.460757295148682,0.3398789012076205,31,64,,True,True,,449,59.56268577710819
183,2026-09-21T07:59:04.168+00:00,2026-09-21T08:03:24.777+00:00,2026-09-21T08:03:27.869+00:00,True,50,50.0,,50.0,260609.279288,263701.21016799996,263701.21014599997,5274.02420292,41.707402,260609.279288,36846.79518467964,77.7515325,63.10063020408163,9.644262621061742,0.18960853447788795,31,64,,True,True,,129,59.56268577710819
184,2026-09-21T07:59:04.420+00:00,2026-09-21T08:03:26.130+00:00,2026-09-21T08:03:30.146+00:00,True,65,65.0,,65.0,261709.649049,265726.023065,265726.02325,4088.0926653846154,44.157341,261709.649049,32453.304535078318,77.54302299999999,62.755844,10.209012422010513,0.2446128506732672,31,64,,True,True,,585,59.56268577710819
186,2026-09-21T07:59:05.697+00:00,2026-09-21T08:03:30.547+00:00,2026-09-21T08:03:36.266+00:00,True,91,91.0,,91.0,264850.117883,270568.904187,270568.904328,2973.284662945055,43.132861,264850.117883,27757.176610818246,77.25662200000001,63.54207004444444,8.775409224838947,0.3363283754777179,31,64,,True,True,,364,59.56268577710819
185,2026-09-21T07:59:05.585+00:00,2026-09-21T08:03:31.109+00:00,2026-09-21T08:03:31.308+00:00,True,4,4.0,,4.0,265524.78574099997,265723.494733,265723.494715,66430.87367875,55.511540999999994,265524.78574099997,132729.27494579525,225707.2412645,66.23633066666666,9.727275325709936,0.01505324173167004,31,64,,True,True,,9,59.56268577710819
187,2026-09-21T07:59:05.814+00:00,2026-09-21T08:03:31.435+00:00,2026-09-21T08:03:36.309+00:00,True,78,78.0,,78.0,265621.390744,270495.05576799996,270495.055916,3467.88533225641,40.218601,265621.390744,30068.53485462644,75.92186535,63.294350961038965,9.486828410862834,0.28836016901876227,31,64,,True,True,,624,59.56268577710819
188,2026-09-21T07:59:05.824+00:00,2026-09-21T08:03:33.613+00:00,2026-09-21T08:03:37.289+00:00,True,59,59.0,,59.0,267789.007799,271464.51269500004,271464.51275500003,4601.093436525424,41.352591000000004,267789.007799,34854.91029461475,76.9158339,63.37077406896552,9.105378340179074,0.2173396419821864,31,64,,True,True,,122,59.56268577710819
189,2026-09-21T07:59:05.977+00:00,2026-09-21T08:03:34.489+00:00,2026-09-21T08:03:37.539+00:00,True,49,49.0,,49.0,268511.808871,271562.112871,271562.112875,5542.08393622449,42.957221,268511.808871,38349.75293793042,79.33330760000001,63.548,10.415584075573303,0.18043754145953506,31,64,,True,True,,105,59.56268577710819
190,2026-09-21T07:59:06.280+00:00,2026-09-21T08:03:36.385+00:00,2026-09-21T08:03:38.751+00:00,True,38,38.0,,38.0,270104.83617,272471.66497000004,272471.664899,7170.306971026316,44.479051,270104.83617,43806.414370777005,79.01008035000001,63.96834594594595,9.62434276578365,0.13946404300125634,31,64,,True,True,,116,59.56268577710819
191,2026-09-21T07:59:06.576+00:00,2026-09-21T08:03:37.734+00:00,2026-09-21T08:03:37.928+00:00,True,4,4.0,,4.0,271157.59926700004,271351.79190700006,271351.79186100006,67837.94796525002,56.654681,271157.59926700004,135546.43437060685,230494.94524675005,64.73088,8.30053655069984,0.014741011923632011,31,64,,True,True,,10,59.56268577710819
192,2026-09-21T07:59:07.007+00:00,2026-09-21T08:03:39.847+00:00,2026-09-21T08:03:45.769+00:00,True,93,93.0,,93.0,272839.501287,278762.052327,278762.05242100003,2997.4414238817208,41.653531,272839.501287,28285.46472801315,77.81721499999999,64.37555478260869,10.25081015363032,0.3336178623441435,31,64,,True,True,,95,59.56268577710819
193,2026-09-21T07:59:07.445+00:00,2026-09-21T08:03:42.307+00:00,2026-09-21T08:03:48.273+00:00,True,95,95.0,,95.0,274861.992931,280827.108323,280827.108237,2956.0748235473684,45.019801,274861.992931,28193.73643229193,78.24423200000001,63.45867438297872,9.840338232048005,0.33828643027842414,31,64,,True,True,,475,59.56268577710819
194,2026-09-21T07:59:07.719+00:00,2026-09-21T08:03:43.693+00:00,2026-09-21T08:03:48.069+00:00,True,71,71.0,,71.0,275973.37354400003,280349.95364,280349.95377500006,3948.590898239437,42.587261,275973.37354400003,32744.59500563431,76.8974265,62.5225728,9.232345949805211,0.25325490187585964,31,64,,True,True,,313,59.56268577710819
195,2026-09-21T07:59:07.990+00:00,2026-09-21T08:03:45.266+00:00,2026-09-21T08:03:45.266+00:00,True,1,1.0,,1.0,277276.396568,277276.396568,277276.396568,277276.396568,277276.396568,277276.396568,nan,277276.396568,nan,nan,0.0036065096502174037,31,64,,True,True,,7,59.56268577710819
196,2026-09-21T07:59:08.357+00:00,2026-09-21T08:03:47.115+00:00,2026-09-21T08:03:51.224+00:00,True,66,66.0,,66.0,278758.361238,282867.43234199996,282867.432284,4285.870186121212,42.128930999999994,278758.361238,34305.00222409612,77.5399335,63.21647852307692,9.615458437469416,0.23332484568319944,31,64,,True,True,,422,59.56268577710819
197,2026-09-21T07:59:08.751+00:00,2026-09-21T08:03:49.041+00:00,2026-09-21T08:03:52.932+00:00,True,63,63.0,,63.0,280289.79379699996,284180.526341,284180.52639899997,4510.802006333332,45.313721,280289.79379699996,35305.28979057464,77.58525709999999,62.75375070967742,9.607029075889193,0.22169006726521326,31,64,,True,True,,126,59.56268577710819
198,2026-09-21T07:59:09.190+00:00,2026-09-21T08:03:51.351+00:00,2026-09-21T08:03:52.261+00:00,True,15,15.0,,15.0,282160.713421,283071.163085,283071.16294,18871.410862666668,49.639360999999994,282160.713421,72836.79240756892,84703.4493127,65.03211885714286,10.405747126682039,0.05299020866882096,31,64,,True,True,,45,59.56268577710819
199,2026-09-21T07:59:09.566+00:00,2026-09-21T08:03:53.286+00:00,2026-09-21T08:03:55.392+00:00,True,34,34.0,,34.0,283719.640432,285826.285424,285826.285527,8406.65545667647,43.545730000000006,283719.640432,48646.57003198018,78.15038,63.83772703030303,10.977981790394765,0.11895337039965996,31,64,,True,True,,133,59.56268577710819
200,2026-09-21T07:59:09.868+00:00,2026-09-21T08:03:54.831+00:00,2026-09-21T08:04:00.672+00:00,True,93,93.0,,93.0,284963.290474,290803.996266,290803.996076,3126.924688989247,42.608961,284963.290474,29542.734938626283,77.34062159999999,63.48593252173913,9.221779795165927,0.31980303295052526,31,64,,True,True,,337,59.56268577710819
202,2026-09-21T07:59:10.496+00:00,2026-09-21T08:03:56.027+00:00,2026-09-21T08:03:57.742+00:00,True,29,29.0,,29.0,285531.679923,287246.614707,287246.614648,9905.05567751724,42.646680999999994,285531.679923,53010.529245921985,77.332538,61.24767085714286,9.31342997400415,0.10095854403569161,31,64,,True,True,,58,59.56268577710819
203,2026-09-21T07:59:10.811+00:00,2026-09-21T08:03:57.504+00:00,2026-09-21T08:04:02.648+00:00,True,81,81.0,,81.0,286692.33944099996,291837.08388899994,291837.08404899994,3602.9269635679007,44.293311,286692.33944099996,31847.56015689447,77.407021,64.3093056,8.990675595170757,0.27755211544948244,31,64,,True,True,,567,59.56268577710819
204,2026-09-21T07:59:11.119+00:00,2026-09-21T08:04:00.137+00:00,2026-09-21T08:04:00.263+00:00,True,3,3.0,,3.0,289018.329535,289144.061631,289144.061698,96381.35389933333,57.692161999999996,289018.329535,166828.5146889217,260123.30058160002,62.866048,7.316982579799408,0.010375450849924566,31,64,,True,True,,3,59.56268577710819
201,2026-09-21T07:59:10.151+00:00,2026-09-21T08:04:00.673+00:00,2026-09-21T08:04:03.235+00:00,True,41,41.0,,41.0,290521.401606,293083.422214,293083.42224000004,7148.376152195123,45.412341,290521.401606,45361.81790581175,76.029932,64.0505152,8.172943354607414,0.13989191094562534,31,64,,True,True,,287,59.56268577710819
205,2026-09-21T07:59:11.422+00:00,2026-09-21T08:04:02.727+00:00,2026-09-21T08:04:08.923+00:00,True,100,100.0,,100.0,291305.211237,297501.786981,297501.78708700003,2975.01787087,45.595921000000004,291305.211237,29124.263451906598,77.78220045,62.59167418181818,9.38155815756998,0.33613243474865756,31,64,,True,True,,500,59.56268577710819
206,2026-09-21T07:59:11.662+00:00,2026-09-21T08:04:04.048+00:00,2026-09-21T08:04:06.106+00:00,True,35,35.0,,35.0,292385.52337999997,294443.15025999997,294443.150033,8412.661429514284,44.214561,292385.52337999997,49411.945323800785,78.94187529999999,60.518437647058825,10.012292299836314,0.11886844699594541,31,64,,True,True,,160,59.56268577710819
207,2026-09-21T07:59:12.037+00:00,2026-09-21T08:04:06.175+00:00,2026-09-21T08:04:08.231+00:00,True,33,33.0,,33.0,294137.82947899995,296193.83690299996,296193.83671199996,8975.570809454544,46.956451,294137.82947899995,51191.64005582488,78.0551494,64.250232,8.607093228909282,0.11141352684798474,31,64,,True,True,,68,59.56268577710819
208,2026-09-21T07:59:12.342+00:00,2026-09-21T08:04:07.698+00:00,2026-09-21T08:04:08.354+00:00,True,11,11.0,,11.0,295356.527564,296012.37447599997,296012.374358,26910.215850727272,54.740901,295356.527564,89033.56958342889,147716.252908,65.58469120000001,8.353064133080279,0.03716060863831169,31,64,,True,True,,110,59.56268577710819
209,2026-09-21T07:59:12.741+00:00,2026-09-21T08:04:09.957+00:00,2026-09-21T08:04:12.765+00:00,False,47,46.0,,46.0,297215.46338599996,300023.53660199995,300023.53655499994,6383.479501170212,0.03053,297215.46338599996,43344.42882264647,77.677126,61.04506991304348,13.710438723475812,0.15332130445826286,31,64,,True,False,Request timeout: 300.0s exceeded,92,59.56268577710819
210,2026-09-21T07:59:13.046+00:00,2026-09-21T08:04:11.479+00:00,2026-09-21T08:04:13.087+00:00,False,29,28.0,,28.0,298433.445081,300041.16680899996,300041.16669499996,10346.247127413793,0.03087,298433.445081,55407.038858577485,77.6628896,57.41863314285714,14.069994149668588,0.09332052763887638,31,64,,True,False,Request timeout: 300.0s exceeded,301,59.56268577710819
211,2026-09-21T07:59:13.315+00:00,2026-09-21T08:04:13.086+00:00,2026-09-21T08:04:13.330+00:00,False,6,5.0,,5.0,299770.484652,300015.216556,300015.216427,50002.536071166665,0.03068,299770.484652,122360.80833642025,224846.01257425002,48.9463808,28.80004454134867,0.01666582134532071,31,64,,True,False,Request timeout: 300.0s exceeded,15,59.56268577710819
212,2026-09-21T07:59:13.626+00:00,2026-09-21T08:04:13.732+00:00,2026-09-21T08:04:13.732+00:00,False,1,0.0,,0.0,300106.346267,300106.346267,300106.346267,300106.346267,300106.346267,300106.346267,nan,300106.346267,nan,nan,0.0,31,64,,True,False,"HTTPConnectionPool(host='gpu06', port=9004): Read timed out.",0,59.56268577710819
213,2026-09-21T07:59:13.921+00:00,2026-09-21T08:04:14.026+00:00,2026-09-21T08:04:14.026+00:00,False,1,0.0,,0.0,300104.948928,300104.948928,300104.948928,300104.948928,300104.948928,300104.948928,nan,300104.948928,nan,nan,0.0,31,64,,True,False,"HTTPConnectionPool(host='gpu06', port=9004): Read timed out.",0,59.56268577710819
214,2026-09-21T07:59:14.226+00:00,2026-09-21T08:04:14.331+00:00,2026-09-21T08:04:14.331+00:00,False,1,0.0,,0.0,300104.856968,300104.856968,300104.856968,300104.856968,300104.856968,300104.856968,nan,300104.856968,nan,nan,0.0,31,64,,True,False,"HTTPConnectionPool(host='gpu06', port=9004): Read timed out.",0,59.56268577710819
215,2026-09-21T07:59:14.662+00:00,2026-09-21T08:04:14.769+00:00,2026-09-21T08:04:14.769+00:00,False,1,0.0,,0.0,300106.862188,300106.862188,300106.862188,300106.862188,300106.862188,300106.862188,nan,300106.862188,nan,nan,0.0,31,64,,True,False,"HTTPConnectionPool(host='gpu06', port=9004): Read timed out.",0,59.56268577710819
216,2026-09-21T07:59:14.946+00:00,2026-09-21T08:04:15.059+00:00,2026-09-21T08:04:15.059+00:00,False,1,0.0,,0.0,300113.190269,300113.190269,300113.190269,300113.190269,300113.190269,300113.190269,nan,300113.190269,nan,nan,0.0,31,64,,True,False,"HTTPConnectionPool(host='gpu06', port=9004): Read timed out.",0,59.56268577710819
217,2026-09-21T07:59:15.218+00:00,2026-09-21T08:04:15.322+00:00,2026-09-21T08:04:15.322+00:00,False,1,0.0,,0.0,300104.440651,300104.440651,300104.440651,300104.440651,300104.440651,300104.440651,nan,300104.440651,nan,nan,0.0,31,64,,True,False,"HTTPConnectionPool(host='gpu06', port=9004): Read timed out.",0,59.56268577710819
218,2026-09-21T07:59:15.562+00:00,2026-09-21T08:04:15.646+00:00,2026-09-21T08:04:15.646+00:00,False,1,0.0,,0.0,300083.595477,300083.595477,300083.595477,300083.595477,300083.595477,300083.595477,nan,300083.595477,nan,nan,0.0,31,64,,True,False,TTFT timeout: 300.0s exceeded (TTFT: 300.078s),0,59.56268577710819
219,2026-09-21T07:59:15.842+00:00,2026-09-21T08:04:15.803+00:00,2026-09-21T08:04:15.857+00:00,False,3,2.0,,2.0,299961.07326599996,300014.88036999997,300014.880447,100004.96014899999,0.02897,299961.07326599996,173167.07568671677,269970.34376049996,26.903552,38.00645774447748,0.0066663360081788475,31,64,,True,False,Request timeout: 300.0s exceeded,8,59.56268577710819
220,2026-09-21T07:59:16.097+00:00,2026-09-21T08:04:16.211+00:00,2026-09-21T08:04:16.211+00:00,False,1,0.0,,0.0,300113.947202,300113.947202,300113.947202,300113.947202,300113.947202,300113.947202,nan,300113.947202,nan,nan,0.0,31,64,,True,False,"HTTPConnectionPool(host='gpu06', port=9004): Read timed out.",0,59.56268577710819
221,2026-09-21T07:59:16.397+00:00,2026-09-21T08:04:16.501+00:00,2026-09-21T08:04:16.501+00:00,False,1,0.0,,0.0,300104.731632,300104.731632,300104.731632,300104.731632,300104.731632,300104.731632,nan,300104.731632,nan,nan,0.0,31,64,,True,False,"HTTPConnectionPool(host='gpu06', port=9004): Read timed out.",0,59.56268577710819
222,2026-09-21T07:59:16.744+00:00,2026-09-21T08:04:16.823+00:00,2026-09-21T08:04:16.823+00:00,False,1,0.0,,0.0,300079.604378,300079.604378,300079.604378,300079.604378,300079.604378,300079.604378,nan,300079.604378,nan,nan,0.0,31,64,,True,False,"HTTPConnectionPool(host='gpu06', port=9004): Read timed out.",0,59.56268577710819
223,2026-09-21T07:59:17.180+00:00,2026-09-21T08:04:17.284+00:00,2026-09-21T08:04:17.284+00:00,False,1,0.0,,0.0,300103.972,300103.972,300103.972,300103.972,300103.972,300103.972,nan,300103.972,nan,nan,0.0,31,64,,True,False,"HTTPConnectionPool(host='gpu06', port=9004): Read timed out.",0,59.56268577710819
224,2026-09-21T07:59:17.544+00:00,2026-09-21T08:04:17.547+00:00,2026-09-21T08:04:17.805+00:00,False,3,2.0,,2.0,300002.77874299994,300260.45170299994,300260.4517689999,100086.81725633332,0.03268,300002.77874299994,173132.34918200923,270028.2649033,128.83648,182.15631843307014,0.00666088387150727,31,64,,True,False,Request timeout: 300.0s exceeded,4,59.56268577710819
225,2026-09-21T07:59:17.895+00:00,2026-09-21T08:04:17.917+00:00,2026-09-21T08:04:17.917+00:00,False,1,0.0,,0.0,300021.92733,300021.92733,300021.92733,300021.92733,300021.92733,300021.92733,nan,300021.92733,nan,nan,0.0,31,64,,True,False,TTFT timeout: 300.0s exceeded (TTFT: 300.014s),0,59.56268577710819
226,2026-09-21T07:59:18.169+00:00,2026-09-21T08:04:18.274+00:00,2026-09-21T08:04:18.274+00:00,False,1,0.0,,0.0,300104.964003,300104.964003,300104.964003,300104.964003,300104.964003,300104.964003,nan,300104.964003,nan,nan,0.0,31,64,,True,False,"HTTPConnectionPool(host='gpu06', port=9004): Read timed out.",0,59.56268577710819
227,2026-09-21T07:59:19.338+00:00,2026-09-21T08:04:18.823+00:00,2026-09-21T08:04:19.788+00:00,False,16,15.0,,15.0,299485.532152,300449.741048,300449.741192,18778.1088245,0.02542,299485.532152,74855.3184818616,74958.60175525,64.28059306666667,29.956392018690615,0.04992515536102123,31,64,,True,False,Request timeout: 300.0s exceeded,103,59.56268577710819
229,2026-09-21T07:59:19.536+00:00,2026-09-21T08:04:18.999+00:00,2026-09-21T08:04:19.859+00:00,False,15,14.0,,14.0,299463.41279900004,300322.63097500004,300322.631057,20021.508737133336,0.03843,299463.41279900004,77305.27902597083,89919.2536068,61.37272685714286,27.95303549682781,0.04661653354110837,31,64,,True,False,Request timeout: 300.0s exceeded,56,59.56268577710819
228,2026-09-21T07:59:19.394+00:00,2026-09-21T08:04:19.271+00:00,2026-09-21T08:04:19.978+00:00,False,14,13.0,,13.0,299877.327796,300584.05138,300584.051451,21470.28938935714,0.03643,299877.327796,80131.06047575342,105013.5890549,54.36335261538461,21.43428268862471,0.04324913427813683,31,64,,True,False,Request timeout: 300.0s exceeded,117,59.56268577710819
230,2026-09-21T07:59:19.633+00:00,2026-09-21T08:04:20.400+00:00,2026-09-21T08:04:20.400+00:00,False,1,0.0,,0.0,300766.513399,300766.513399,300766.513399,300766.513399,300766.513399,300766.513399,nan,300766.513399,nan,nan,0.0,31,64,,True,False,"HTTPConnectionPool(host='gpu06', port=9004): Read timed out.",0,59.56268577710819
231,2026-09-21T07:59:20.007+00:00,2026-09-21T08:04:20.647+00:00,2026-09-21T08:04:21.358+00:00,False,10,9.0,,9.0,300640.098381,301351.347021,301351.346886,30135.1346886,0.02773,300640.098381,95045.76625387828,165430.81393484998,79.02762666666668,46.91648331633257,0.029865471281178065,31,64,,True,False,Request timeout: 300.0s exceeded,28,59.56268577710819
232,2026-09-21T07:59:20.411+00:00,2026-09-21T08:04:21.526+00:00,2026-09-21T08:04:21.526+00:00,False,1,0.0,,0.0,301114.508784,301114.508784,301114.508784,301114.508784,301114.508784,301114.508784,nan,301114.508784,nan,nan,0.0,31,64,,True,False,"HTTPConnectionPool(host='gpu06', port=9004): Read timed out.",0,59.56268577710819
235,2026-09-21T07:59:21.644+00:00,2026-09-21T08:04:21.898+00:00,2026-09-21T08:04:21.898+00:00,False,1,0.0,,0.0,300254.138073,300254.138073,300254.138073,300254.138073,300254.138073,300254.138073,nan,300254.138073,nan,nan,0.0,31,64,,True,False,"HTTPConnectionPool(host='gpu06', port=9004): Read timed out.",0,59.56268577710819
236,2026-09-21T07:59:21.902+00:00,2026-09-21T08:04:21.939+00:00,2026-09-21T08:04:21.939+00:00,False,1,0.0,,0.0,300036.275222,300036.275222,300036.275222,300036.275222,300036.275222,300036.275222,nan,300036.275222,nan,nan,0.0,31,64,,True,False,"HTTPConnectionPool(host='gpu06', port=9004): Read timed out.",0,59.56268577710819
237,2026-09-21T07:59:22.156+00:00,2026-09-21T08:04:23.280+00:00,2026-09-21T08:04:23.280+00:00,False,1,0.0,,0.0,301124.129597,301124.129597,301124.129597,301124.129597,301124.129597,301124.129597,nan,301124.129597,nan,nan,0.0,31,64,,True,False,"HTTPConnectionPool(host='gpu06', port=9004): Read timed out.",0,59.56268577710819
238,2026-09-21T07:59:22.550+00:00,2026-09-21T08:04:23.286+00:00,2026-09-21T08:04:23.286+00:00,False,1,0.0,,0.0,300735.445213,300735.445213,300735.445213,300735.445213,300735.445213,300735.445213,nan,300735.445213,nan,nan,0.0,31,64,,True,False,"HTTPConnectionPool(host='gpu06', port=9004): Read timed out.",0,59.56268577710819
239,2026-09-21T07:59:22.870+00:00,2026-09-21T08:04:23.299+00:00,2026-09-21T08:04:23.299+00:00,False,1,0.0,,0.0,300428.540915,300428.540915,300428.540915,300428.540915,300428.540915,300428.540915,nan,300428.540915,nan,nan,0.0,31,64,,True,False,"HTTPConnectionPool(host='gpu06', port=9004): Read timed out.",0,59.56268577710819
240,2026-09-21T07:59:23.123+00:00,2026-09-21T08:04:23.305+00:00,2026-09-21T08:04:23.305+00:00,False,1,0.0,,0.0,300181.773273,300181.773273,300181.773273,300181.773273,300181.773273,300181.773273,nan,300181.773273,nan,nan,0.0,31,64,,True,False,"HTTPConnectionPool(host='gpu06', port=9004): Read timed out.",0,59.56268577710819
233,2026-09-21T07:59:20.819+00:00,2026-09-21T08:04:23.315+00:00,2026-09-21T08:04:23.315+00:00,False,1,0.0,,0.0,302495.22209600004,302495.22209600004,302495.22209600004,302495.22209600004,302495.22209600004,302495.22209600004,nan,302495.22209600004,nan,nan,0.0,31,64,,True,False,"HTTPConnectionPool(host='gpu06', port=9004): Read timed out.",0,59.56268577710819
234,2026-09-21T07:59:21.210+00:00,2026-09-21T08:04:23.315+00:00,2026-09-21T08:04:23.315+00:00,False,1,0.0,,0.0,302104.544581,302104.544581,302104.544581,302104.544581,302104.544581,302104.544581,nan,302104.544581,nan,nan,0.0,31,64,,True,False,"HTTPConnectionPool(host='gpu06', port=9004): Read timed out.",0,59.56268577710819
241,2026-09-21T07:59:23.456+00:00,2026-09-21T08:04:23.529+00:00,2026-09-21T08:04:23.529+00:00,False,1,0.0,,0.0,300073.193419,300073.193419,300073.193419,300073.193419,300073.193419,300073.193419,nan,300073.193419,nan,nan,0.0,31,64,,True,False,"HTTPConnectionPool(host='gpu06', port=9004): Read timed out.",0,59.56268577710819
242,2026-09-21T07:59:23.785+00:00,2026-09-21T08:04:23.844+00:00,2026-09-21T08:04:23.844+00:00,False,1,0.0,,0.0,300059.49732599995,300059.49732599995,300059.49732599995,300059.49732599995,300059.49732599995,300059.49732599995,nan,300059.49732599995,nan,nan,0.0,31,64,,True,False,"HTTPConnectionPool(host='gpu06', port=9004): Read timed out.",0,59.56268577710819
243,2026-09-21T07:59:24.228+00:00,2026-09-21T08:04:24.333+00:00,2026-09-21T08:04:24.333+00:00,False,1,0.0,,0.0,300104.88538700005,300104.88538700005,300104.88538700005,300104.88538700005,300104.88538700005,300104.88538700005,nan,300104.88538700005,nan,nan,0.0,31,64,,True,False,"HTTPConnectionPool(host='gpu06', port=9004): Read timed out.",0,59.56268577710819
244,2026-09-21T07:59:24.516+00:00,2026-09-21T08:04:24.612+00:00,2026-09-21T08:04:24.612+00:00,False,1,0.0,,0.0,300096.02968800004,300096.02968800004,300096.02968800004,300096.02968800004,300096.02968800004,300096.02968800004,nan,300096.02968800004,nan,nan,0.0,31,64,,True,False,TTFT timeout: 300.0s exceeded (TTFT: 300.094s),0,59.56268577710819
245,2026-09-21T07:59:24.858+00:00,2026-09-21T08:04:24.960+00:00,2026-09-21T08:04:24.960+00:00,False,1,0.0,,0.0,300102.416915,300102.416915,300102.416915,300102.416915,300102.416915,300102.416915,nan,300102.416915,nan,nan,0.0,31,64,,True,False,"HTTPConnectionPool(host='gpu06', port=9004): Read timed out.",0,59.56268577710819
246,2026-09-21T07:59:25.120+00:00,2026-09-21T08:04:25.199+00:00,2026-09-21T08:04:25.199+00:00,False,1,0.0,,0.0,300078.980467,300078.980467,300078.980467,300078.980467,300078.980467,300078.980467,nan,300078.980467,nan,nan,0.0,31,64,,True,False,"HTTPConnectionPool(host='gpu06', port=9004): Read timed out.",0,59.56268577710819
247,2026-09-21T07:59:25.531+00:00,2026-09-21T08:04:25.528+00:00,2026-09-21T08:04:25.640+00:00,False,3,2.0,,2.0,299997.36513700004,300108.94196900004,300108.94180000003,100036.31393333335,0.02693,299997.36513700004,173171.35908743818,270008.78359660006,55.788416,78.85872046995559,0.006664246612840317,31,64,,True,False,Request timeout: 300.0s exceeded,10,59.56268577710819
248,2026-09-21T07:59:25.956+00:00,2026-09-21T08:04:26.065+00:00,2026-09-21T08:04:26.065+00:00,False,1,0.0,,0.0,300108.891621,300108.891621,300108.891621,300108.891621,300108.891621,300108.891621,nan,300108.891621,nan,nan,0.0,31,64,,True,False,"HTTPConnectionPool(host='gpu06', port=9004): Read timed out.",0,59.56268577710819
249,2026-09-21T07:59:26.290+00:00,2026-09-21T08:04:26.347+00:00,2026-09-21T08:04:26.347+00:00,False,1,0.0,,0.0,300056.376638,300056.376638,300056.376638,300056.376638,300056.376638,300056.376638,nan,300056.376638,nan,nan,0.0,31,64,,True,False,"HTTPConnectionPool(host='gpu06', port=9004): Read timed out.",0,59.56268577710819
250,2026-09-21T07:59:26.732+00:00,2026-09-21T08:04:26.830+00:00,2026-09-21T08:04:26.830+00:00,False,1,0.0,,0.0,300097.17397,300097.17397,300097.17397,300097.17397,300097.17397,300097.17397,nan,300097.17397,nan,nan,0.0,31,64,,True,False,"HTTPConnectionPool(host='gpu06', port=9004): Read timed out.",0,59.56268577710819
251,2026-09-21T07:59:27.080+00:00,2026-09-21T08:04:27.085+00:00,2026-09-21T08:04:27.289+00:00,False,3,2.0,,2.0,300005.47235399997,300209.46134599997,300209.461288,100069.82042933333,0.03503,300005.47235399997,173149.38370849862,270025.320509,101.994496,144.19240023254883,0.006662015217751392,31,64,,True,False,Request timeout: 300.0s exceeded,18,59.56268577710819
252,2026-09-21T07:59:27.402+00:00,2026-09-21T08:04:27.513+00:00,2026-09-21T08:04:27.513+00:00,False,1,0.0,,0.0,300111.177885,300111.177885,300111.177885,300111.177885,300111.177885,300111.177885,nan,300111.177885,nan,nan,0.0,31,64,,True,False,"HTTPConnectionPool(host='gpu06', port=9004): Read timed out.",0,59.56268577710819
253,2026-09-21T07:59:27.793+00:00,2026-09-21T08:04:27.764+00:00,2026-09-21T08:04:27.833+00:00,False,3,2.0,,2.0,299970.97842500004,300040.48908100004,300040.48907600006,100013.49635866669,0.03617,299970.97842500004,173168.26262670298,269980.82803060004,34.755328,49.10040876957796,0.006665767030729218,31,64,,True,False,Request timeout: 300.0s exceeded,4,59.56268577710819
254,2026-09-21T07:59:28.038+00:00,2026-09-21T08:04:28.120+00:00,2026-09-21T08:04:28.120+00:00,False,1,0.0,,0.0,300082.164751,300082.164751,300082.164751,300082.164751,300082.164751,300082.164751,nan,300082.164751,nan,nan,0.0,31,64,,True,False,"HTTPConnectionPool(host='gpu06', port=9004): Read timed out.",0,59.56268577710819
255,2026-09-21T07:59:28.402+00:00,2026-09-21T08:04:28.506+00:00,2026-09-21T08:04:28.506+00:00,False,1,0.0,,0.0,300104.306178,300104.306178,300104.306178,300104.306178,300104.306178,300104.306178,nan,300104.306178,nan,nan,0.0,31,64,,True,False,"HTTPConnectionPool(host='gpu06', port=9004): Read timed out.",0,59.56268577710819
256,2026-09-21T07:59:28.833+00:00,2026-09-21T08:04:28.942+00:00,2026-09-21T08:04:28.942+00:00,False,1,0.0,,0.0,300108.804519,300108.804519,300108.804519,300108.804519,300108.804519,300108.804519,nan,300108.804519,nan,nan,0.0,31,64,,True,False,"HTTPConnectionPool(host='gpu06', port=9004): Read timed out.",0,59.56268577710819
257,2026-09-21T07:59:29.271+00:00,2026-09-21T08:04:29.266+00:00,2026-09-21T08:04:29.455+00:00,False,3,2.0,,2.0,299994.315206,300183.247302,300183.24727,100061.08242333333,0.028730000000000002,299994.315206,173147.28440434748,270013.7740188,94.466048,133.55461793412744,0.006662596990257407,31,64,,True,False,Request timeout: 300.0s exceeded,3,59.56268577710819
258,2026-09-21T07:59:29.614+00:00,2026-09-21T08:04:29.607+00:00,2026-09-21T08:04:29.649+00:00,False,3,2.0,,2.0,299992.919994,300035.127226,300035.127105,100011.70903499999,0.04083,299992.919994,173188.81025086305,269997.8446227,21.103616,29.787455813471013,0.006665886153035374,31,64,,True,False,Request timeout: 300.0s exceeded,9,59.56268577710819
259,2026-09-21T07:59:29.871+00:00,2026-09-21T08:04:29.825+00:00,2026-09-21T08:04:29.896+00:00,False,3,2.0,,2.0,299953.636176,300024.603984,300024.603898,100008.20129933333,0.04747,299953.636176,173157.82959991245,269965.3645836,35.483904,50.114479089758966,0.006666119956304176,31,64,,True,False,Request timeout: 300.0s exceeded,4,59.56268577710819
260,2026-09-21T07:59:30.106+00:00,2026-09-21T08:04:30.218+00:00,2026-09-21T08:04:30.218+00:00,False,1,0.0,,0.0,300112.25306300004,300112.25306300004,300112.25306300004,300112.25306300004,300112.25306300004,300112.25306300004,nan,300112.25306300004,nan,nan,0.0,31,64,,True,False,"HTTPConnectionPool(host='gpu06', port=9004): Read timed out.",0,59.56268577710819
261,2026-09-21T07:59:30.543+00:00,2026-09-21T08:04:30.648+00:00,2026-09-21T08:04:30.648+00:00,False,1,0.0,,0.0,300105.030424,300105.030424,300105.030424,300105.030424,300105.030424,300105.030424,nan,300105.030424,nan,nan,0.0,31,64,,True,False,"HTTPConnectionPool(host='gpu06', port=9004): Read timed out.",0,59.56268577710819
262,2026-09-21T07:59:30.938+00:00,2026-09-21T08:04:31.052+00:00,2026-09-21T08:04:31.052+00:00,False,1,0.0,,0.0,300114.68862800003,300114.68862800003,300114.68862800003,300114.68862800003,300114.68862800003,300114.68862800003,nan,300114.68862800003,nan,nan,0.0,31,64,,True,False,"HTTPConnectionPool(host='gpu06', port=9004): Read timed out.",0,59.56268577710819
263,2026-09-21T07:59:31.325+00:00,2026-09-21T08:04:31.430+00:00,2026-09-21T08:04:31.430+00:00,False,1,0.0,,0.0,300104.624162,300104.624162,300104.624162,300104.624162,300104.624162,300104.624162,nan,300104.624162,nan,nan,0.0,31,64,,True,False,"HTTPConnectionPool(host='gpu06', port=9004): Read timed out.",0,59.56268577710819
264,2026-09-21T07:59:31.769+00:00,2026-09-21T08:04:31.876+00:00,2026-09-21T08:04:32.911+00:00,False,20,19.0,,19.0,300106.86320200004,301141.302114,301141.302244,15057.065112200002,0.03739,300106.86320200004,67093.76255606572,15082.875892000004,54.444153263157894,16.733892240618157,0.06309330492569684,31,64,,True,False,Request timeout: 300.0s exceeded,116,59.56268577710819
267,2026-09-21T07:59:32.927+00:00,2026-09-21T08:04:33.051+00:00,2026-09-21T08:04:33.051+00:00,False,1,0.0,,0.0,300123.997755,300123.997755,300123.997755,300123.997755,300123.997755,300123.997755,nan,300123.997755,nan,nan,0.0,31,64,,True,False,"HTTPConnectionPool(host='gpu06', port=9004): Read timed out.",0,59.56268577710819
265,2026-09-21T07:59:32.184+00:00,2026-09-21T08:04:33.264+00:00,2026-09-21T08:04:33.264+00:00,False,1,0.0,,0.0,301080.25688400003,301080.25688400003,301080.25688400003,301080.25688400003,301080.25688400003,301080.25688400003,nan,301080.25688400003,nan,nan,0.0,31,64,,True,False,"HTTPConnectionPool(host='gpu06', port=9004): Read timed out.",0,59.56268577710819
268,2026-09-21T07:59:33.341+00:00,2026-09-21T08:04:33.447+00:00,2026-09-21T08:04:33.447+00:00,False,1,0.0,,0.0,300106.614147,300106.614147,300106.614147,300106.614147,300106.614147,300106.614147,nan,300106.614147,nan,nan,0.0,31,64,,True,False,"HTTPConnectionPool(host='gpu06', port=9004): Read timed out.",0,59.56268577710819
266,2026-09-21T07:59:32.551+00:00,2026-09-21T08:04:33.620+00:00,2026-09-21T08:04:33.620+00:00,False,1,0.0,,0.0,301068.89394,301068.89394,301068.89394,301068.89394,301068.89394,301068.89394,nan,301068.89394,nan,nan,0.0,31,64,,True,False,"HTTPConnectionPool(host='gpu06', port=9004): Read timed out.",0,59.56268577710819
269,2026-09-21T07:59:34.887+00:00,2026-09-21T08:04:35.465+00:00,2026-09-21T08:04:35.465+00:00,False,1,0.0,,0.0,300577.694272,300577.694272,300577.694272,300577.694272,300577.694272,300577.694272,nan,300577.694272,nan,nan,0.0,31,64,,True,False,"HTTPConnectionPool(host='gpu06', port=9004): Read timed out.",0,59.56268577710819
270,2026-09-21T07:59:35.223+00:00,2026-09-21T08:04:35.486+00:00,2026-09-21T08:04:35.486+00:00,False,1,0.0,,0.0,300263.282084,300263.282084,300263.282084,300263.282084,300263.282084,300263.282084,nan,300263.282084,nan,nan,0.0,31,64,,True,False,"HTTPConnectionPool(host='gpu06', port=9004): Read timed out.",0,59.56268577710819
272,2026-09-21T07:59:35.384+00:00,2026-09-21T08:04:35.735+00:00,2026-09-21T08:04:35.735+00:00,False,1,0.0,,0.0,300351.695795,300351.695795,300351.695795,300351.695795,300351.695795,300351.695795,nan,300351.695795,nan,nan,0.0,31,64,,True,False,"HTTPConnectionPool(host='gpu06', port=9004): Read timed out.",0,59.56268577710819
271,2026-09-21T07:59:35.353+00:00,2026-09-21T08:04:35.762+00:00,2026-09-21T08:04:35.762+00:00,False,1,0.0,,0.0,300408.602938,300408.602938,300408.602938,300408.602938,300408.602938,300408.602938,nan,300408.602938,nan,nan,0.0,31,64,,True,False,"HTTPConnectionPool(host='gpu06', port=9004): Read timed out.",0,59.56268577710819
275,2026-09-21T07:59:35.775+00:00,2026-09-21T08:04:35.924+00:00,2026-09-21T08:04:35.924+00:00,False,1,0.0,,0.0,300149.675023,300149.675023,300149.675023,300149.675023,300149.675023,300149.675023,nan,300149.675023,nan,nan,0.0,31,64,,True,False,"HTTPConnectionPool(host='gpu06', port=9004): Read timed out.",0,59.56268577710819
273,2026-09-21T07:59:35.529+00:00,2026-09-21T08:04:35.958+00:00,2026-09-21T08:04:35.958+00:00,False,1,0.0,,0.0,300429.418333,300429.418333,300429.418333,300429.418333,300429.418333,300429.418333,nan,300429.418333,nan,nan,0.0,31,64,,True,False,"HTTPConnectionPool(host='gpu06', port=9004): Read timed out.",0,59.56268577710819
274,2026-09-21T07:59:35.658+00:00,2026-09-21T08:04:36.117+00:00,2026-09-21T08:04:36.117+00:00,False,1,0.0,,0.0,300458.840702,300458.840702,300458.840702,300458.840702,300458.840702,300458.840702,nan,300458.840702,nan,nan,0.0,31,64,,True,False,"HTTPConnectionPool(host='gpu06', port=9004): Read timed out.",0,59.56268577710819
276,2026-09-21T07:59:36.005+00:00,2026-09-21T08:04:36.223+00:00,2026-09-21T08:04:36.223+00:00,False,1,0.0,,0.0,300217.778685,300217.778685,300217.778685,300217.778685,300217.778685,300217.778685,nan,300217.778685,nan,nan,0.0,31,64,,True,False,"HTTPConnectionPool(host='gpu06', port=9004): Read timed out.",0,59.56268577710819
277,2026-09-21T07:59:36.327+00:00,2026-09-21T08:04:36.431+00:00,2026-09-21T08:04:36.431+00:00,False,1,0.0,,0.0,300104.120344,300104.120344,300104.120344,300104.120344,300104.120344,300104.120344,nan,300104.120344,nan,nan,0.0,31,64,,True,False,"HTTPConnectionPool(host='gpu06', port=9004): Read timed out.",0,59.56268577710819
278,2026-09-21T07:59:36.574+00:00,2026-09-21T08:04:36.680+00:00,2026-09-21T08:04:36.680+00:00,False,1,0.0,,0.0,300106.000817,300106.000817,300106.000817,300106.000817,300106.000817,300106.000817,nan,300106.000817,nan,nan,0.0,31,64,,True,False,"HTTPConnectionPool(host='gpu06', port=9004): Read timed out.",0,59.56268577710819
279,2026-09-21T07:59:36.936+00:00,2026-09-21T08:04:37.037+00:00,2026-09-21T08:04:37.037+00:00,False,1,0.0,,0.0,300100.683513,300100.683513,300100.683513,300100.683513,300100.683513,300100.683513,nan,300100.683513,nan,nan,0.0,31,64,,True,False,"HTTPConnectionPool(host='gpu06', port=9004): Read timed out.",0,59.56268577710819
280,2026-09-21T07:59:37.335+00:00,2026-09-21T08:04:37.436+00:00,2026-09-21T08:04:37.436+00:00,False,1,0.0,,0.0,300101.42638300004,300101.42638300004,300101.42638300004,300101.42638300004,300101.42638300004,300101.42638300004,nan,300101.42638300004,nan,nan,0.0,31,64,,True,False,"HTTPConnectionPool(host='gpu06', port=9004): Read timed out.",0,59.56268577710819
281,2026-09-21T07:59:37.676+00:00,2026-09-21T08:04:37.737+00:00,2026-09-21T08:04:37.737+00:00,False,1,0.0,,0.0,300060.651315,300060.651315,300060.651315,300060.651315,300060.651315,300060.651315,nan,300060.651315,nan,nan,0.0,31,64,,True,False,"HTTPConnectionPool(host='gpu06', port=9004): Read timed out.",0,59.56268577710819
282,2026-09-21T07:59:38.046+00:00,2026-09-21T08:04:38.078+00:00,2026-09-21T08:04:38.078+00:00,False,1,0.0,,0.0,300031.921402,300031.921402,300031.921402,300031.921402,300031.921402,300031.921402,nan,300031.921402,nan,nan,0.0,31,64,,True,False,TTFT timeout: 300.0s exceeded (TTFT: 300.024s),0,59.56268577710819
283,2026-09-21T07:59:38.371+00:00,2026-09-21T08:04:38.299+00:00,2026-09-21T08:04:38.398+00:00,False,4,3.0,,3.0,299927.72401999997,300026.335988,300026.33618399996,75006.58404599999,0.027829999999999997,299927.72401999997,149947.4284789449,254946.52139239997,32.870656,28.688687793936896,0.009999122210791488,31,64,,True,False,Request timeout: 300.0s exceeded,17,59.56268577710819
284,2026-09-21T07:59:38.794+00:00,2026-09-21T08:04:38.908+00:00,2026-09-21T08:04:38.908+00:00,False,1,0.0,,0.0,300114.068995,300114.068995,300114.068995,300114.068995,300114.068995,300114.068995,nan,300114.068995,nan,nan,0.0,31,64,,True,False,"HTTPConnectionPool(host='gpu06', port=9004): Read timed out.",0,59.56268577710819
285,2026-09-21T07:59:39.067+00:00,2026-09-21T08:04:39.099+00:00,2026-09-21T08:04:39.099+00:00,False,1,0.0,,0.0,300032.07545,300032.07545,300032.07545,300032.07545,300032.07545,300032.07545,nan,300032.07545,nan,nan,0.0,31,64,,True,False,"HTTPConnectionPool(host='gpu06', port=9004): Read timed out.",0,59.56268577710819
286,2026-09-21T07:59:39.394+00:00,2026-09-21T08:04:39.509+00:00,2026-09-21T08:04:39.509+00:00,False,1,0.0,,0.0,300114.882796,300114.882796,300114.882796,300114.882796,300114.882796,300114.882796,nan,300114.882796,nan,nan,0.0,31,64,,True,False,"HTTPConnectionPool(host='gpu06', port=9004): Read timed out.",0,59.56268577710819
287,2026-09-21T07:59:39.786+00:00,2026-09-21T08:04:39.905+00:00,2026-09-21T08:04:39.905+00:00,False,1,0.0,,0.0,300119.108467,300119.108467,300119.108467,300119.108467,300119.108467,300119.108467,nan,300119.108467,nan,nan,0.0,31,64,,True,False,"HTTPConnectionPool(host='gpu06', port=9004): Read timed out.",0,59.56268577710819
288,2026-09-21T07:59:40.058+00:00,2026-09-21T08:04:40.044+00:00,2026-09-21T08:04:40.155+00:00,False,3,2.0,,2.0,299986.027545,300096.601113,300096.600898,100032.20029933334,0.02857,299986.027545,173165.10279528255,269998.4792688,55.286784,78.14677142153147,0.00666452066628675,31,64,,True,False,Request timeout: 300.0s exceeded,8,59.56268577710819
289,2026-09-21T07:59:40.365+00:00,2026-09-21T08:04:40.462+00:00,2026-09-21T08:04:40.462+00:00,False,1,0.0,,0.0,300096.520602,300096.520602,300096.520602,300096.520602,300096.520602,300096.520602,nan,300096.520602,nan,nan,0.0,31,64,,True,False,TTFT timeout: 300.0s exceeded (TTFT: 300.090s),0,59.56268577710819
290,2026-09-21T07:59:40.651+00:00,2026-09-21T08:04:40.623+00:00,2026-09-21T08:04:40.697+00:00,False,3,2.0,,2.0,299972.48549800005,300046.57369000005,300046.57349300006,100015.52449766669,0.05013,299972.48549800005,173167.81184132592,269982.6407347,37.044096,52.31730338934529,0.006665631856427548,31,64,,True,False,Request timeout: 300.0s exceeded,4,59.56268577710819
291,2026-09-21T07:59:40.919+00:00,2026-09-21T08:04:41.020+00:00,2026-09-21T08:04:41.020+00:00,False,1,0.0,,0.0,300100.831099,300100.831099,300100.831099,300100.831099,300100.831099,300100.831099,nan,300100.831099,nan,nan,0.0,31,64,,True,False,"HTTPConnectionPool(host='gpu06', port=9004): Read timed out.",0,59.56268577710819
292,2026-09-21T07:59:41.187+00:00,2026-09-21T08:04:41.271+00:00,2026-09-21T08:04:41.271+00:00,False,1,0.0,,0.0,300084.77359,300084.77359,300084.77359,300084.77359,300084.77359,300084.77359,nan,300084.77359,nan,nan,0.0,31,64,,True,False,"HTTPConnectionPool(host='gpu06', port=9004): Read timed out.",0,59.56268577710819
293,2026-09-21T07:59:41.573+00:00,2026-09-21T08:04:41.681+00:00,2026-09-21T08:04:41.681+00:00,False,1,0.0,,0.0,300107.95912099996,300107.95912099996,300107.95912099996,300107.95912099996,300107.95912099996,300107.95912099996,nan,300107.95912099996,nan,nan,0.0,31,64,,True,False,"HTTPConnectionPool(host='gpu06', port=9004): Read timed out.",0,59.56268577710819
294,2026-09-21T07:59:41.927+00:00,2026-09-21T08:04:42.004+00:00,2026-09-21T08:04:42.004+00:00,False,1,0.0,,0.0,300077.25672,300077.25672,300077.25672,300077.25672,300077.25672,300077.25672,nan,300077.25672,nan,nan,0.0,31,64,,True,False,TTFT timeout: 300.0s exceeded (TTFT: 300.065s),0,59.56268577710819
295,2026-09-21T07:59:42.304+00:00,2026-09-21T08:04:42.393+00:00,2026-09-21T08:04:42.393+00:00,False,1,0.0,,0.0,300089.21953299997,300089.21953299997,300089.21953299997,300089.21953299997,300089.21953299997,300089.21953299997,nan,300089.21953299997,nan,nan,0.0,31,64,,True,False,"HTTPConnectionPool(host='gpu06', port=9004): Read timed out.",0,59.56268577710819
296,2026-09-21T07:59:42.628+00:00,2026-09-21T08:04:42.733+00:00,2026-09-21T08:04:42.733+00:00,False,1,0.0,,0.0,300105.174485,300105.174485,300105.174485,300105.174485,300105.174485,300105.174485,nan,300105.174485,nan,nan,0.0,31,64,,True,False,"HTTPConnectionPool(host='gpu06', port=9004): Read timed out.",0,59.56268577710819
297,2026-09-21T07:59:42.992+00:00,2026-09-21T08:04:43.125+00:00,2026-09-21T08:04:43.125+00:00,False,1,0.0,,0.0,300132.928749,300132.928749,300132.928749,300132.928749,300132.928749,300132.928749,nan,300132.928749,nan,nan,0.0,31,64,,True,False,"HTTPConnectionPool(host='gpu06', port=9004): Read timed out.",0,59.56268577710819
298,2026-09-21T07:59:43.418+00:00,2026-09-21T08:04:43.522+00:00,2026-09-21T08:04:43.522+00:00,False,1,0.0,,0.0,300104.46620599995,300104.46620599995,300104.46620599995,300104.46620599995,300104.46620599995,300104.46620599995,nan,300104.46620599995,nan,nan,0.0,31,64,,True,False,"HTTPConnectionPool(host='gpu06', port=9004): Read timed out.",0,59.56268577710819
299,2026-09-21T07:59:43.726+00:00,2026-09-21T08:04:43.789+00:00,2026-09-21T08:04:43.789+00:00,False,1,0.0,,0.0,300062.761153,300062.761153,300062.761153,300062.761153,300062.761153,300062.761153,nan,300062.761153,nan,nan,0.0,31,64,,True,False,"HTTPConnectionPool(host='gpu06', port=9004): Read timed out.",0,59.56268577710819
300,2026-09-21T07:59:44.108+00:00,2026-09-21T08:04:44.228+00:00,2026-09-21T08:04:44.228+00:00,False,1,0.0,,0.0,300119.788022,300119.788022,300119.788022,300119.788022,300119.788022,300119.788022,nan,300119.788022,nan,nan,0.0,31,64,,True,False,"HTTPConnectionPool(host='gpu06', port=9004): Read timed out.",0,59.56268577710819
301,2026-09-21T07:59:44.463+00:00,2026-09-21T08:04:44.560+00:00,2026-09-21T08:04:44.560+00:00,False,1,0.0,,0.0,300097.308031,300097.308031,300097.308031,300097.308031,300097.308031,300097.308031,nan,300097.308031,nan,nan,0.0,31,64,,True,False,"HTTPConnectionPool(host='gpu06', port=9004): Read timed out.",0,59.56268577710819
302,2026-09-21T07:59:44.877+00:00,2026-09-21T08:04:44.750+00:00,2026-09-21T08:04:44.923+00:00,False,3,2.0,,2.0,299872.640213,300045.836501,300045.836513,100015.27883766667,0.03459,299872.640213,173081.57373095167,269902.6923627,86.598144,122.41939450042265,0.0066656482333602865,31,64,,True,False,Request timeout: 300.0s exceeded,8,59.56268577710819
303,2026-09-21T07:59:45.202+00:00,2026-09-21T08:04:45.304+00:00,2026-09-21T08:04:45.304+00:00,False,1,0.0,,0.0,300101.8175,300101.8175,300101.8175,300101.8175,300101.8175,300101.8175,nan,300101.8175,nan,nan,0.0,31,64,,True,False,"HTTPConnectionPool(host='gpu06', port=9004): Read timed out.",0,59.56268577710819
304,2026-09-21T07:59:45.617+00:00,2026-09-21T08:04:46.200+00:00,2026-09-21T08:04:47.074+00:00,False,17,16.0,,16.0,300583.21873,301457.07089000003,301457.070916,17732.768877411767,0.027739999999999997,300583.21873,72888.89440670513,60179.34087800001,54.61576,16.93546698502068,0.05307555053448493,31,64,,True,False,Request timeout: 300.0s exceeded,32,59.56268577710819
305,2026-09-21T07:59:45.949+00:00,2026-09-21T08:04:46.965+00:00,2026-09-21T08:04:47.188+00:00,False,6,5.0,,5.0,301016.261644,301239.227916,301239.22804,50206.53800666667,0.03653,301016.261644,122871.17121762081,225777.843117,44.5932544,25.576945908337628,0.016598103887698983,31,64,,True,False,Request timeout: 300.0s exceeded,76,59.56268577710819
308,2026-09-21T07:59:47.012+00:00,2026-09-21T08:04:47.250+00:00,2026-09-21T08:04:47.250+00:00,False,1,0.0,,0.0,300237.72513200005,300237.72513200005,300237.72513200005,300237.72513200005,300237.72513200005,300237.72513200005,nan,300237.72513200005,nan,nan,0.0,31,64,,True,False,"HTTPConnectionPool(host='gpu06', port=9004): Read timed out.",0,59.56268577710819
309,2026-09-21T07:59:47.387+00:00,2026-09-21T08:04:47.453+00:00,2026-09-21T08:04:47.453+00:00,False,1,0.0,,0.0,300066.192577,300066.192577,300066.192577,300066.192577,300066.192577,300066.192577,nan,300066.192577,nan,nan,0.0,31,64,,True,False,"HTTPConnectionPool(host='gpu06', port=9004): Read timed out.",0,59.56268577710819
306,2026-09-21T07:59:46.372+00:00,2026-09-21T08:04:47.453+00:00,2026-09-21T08:04:47.453+00:00,False,1,0.0,,0.0,301081.693526,301081.693526,301081.693526,301081.693526,301081.693526,301081.693526,nan,301081.693526,nan,nan,0.0,31,64,,True,False,"HTTPConnectionPool(host='gpu06', port=9004): Read timed out.",0,59.56268577710819
310,2026-09-21T07:59:47.707+00:00,2026-09-21T08:04:47.717+00:00,2026-09-21T08:04:47.717+00:00,False,1,0.0,,0.0,300010.609143,300010.609143,300010.609143,300010.609143,300010.609143,300010.609143,nan,300010.609143,nan,nan,0.0,31,64,,True,False,"HTTPConnectionPool(host='gpu06', port=9004): Read timed out.",0,59.56268577710819
307,2026-09-21T07:59:46.745+00:00,2026-09-21T08:04:47.807+00:00,2026-09-21T08:04:47.807+00:00,False,1,0.0,,0.0,301062.113501,301062.113501,301062.113501,301062.113501,301062.113501,301062.113501,nan,301062.113501,nan,nan,0.0,31,64,,True,False,"HTTPConnectionPool(host='gpu06', port=9004): Read timed out.",0,59.56268577710819
311,2026-09-21T07:59:48.043+00:00,2026-09-21T08:04:48.148+00:00,2026-09-21T08:04:48.148+00:00,False,1,0.0,,0.0,300105.17250700004,300105.17250700004,300105.17250700004,300105.17250700004,300105.17250700004,300105.17250700004,nan,300105.17250700004,nan,nan,0.0,31,64,,True,False,"HTTPConnectionPool(host='gpu06', port=9004): Read timed out.",0,59.56268577710819
312,2026-09-21T07:59:48.341+00:00,2026-09-21T08:04:48.433+00:00,2026-09-21T08:04:48.433+00:00,False,1,0.0,,0.0,300092.049213,300092.049213,300092.049213,300092.049213,300092.049213,300092.049213,nan,300092.049213,nan,nan,0.0,31,64,,True,False,"HTTPConnectionPool(host='gpu06', port=9004): Read timed out.",0,59.56268577710819
313,2026-09-21T07:59:48.781+00:00,2026-09-21T08:04:48.757+00:00,2026-09-21T08:04:49.024+00:00,False,3,2.0,,2.0,299975.989664,300243.497376,300243.497468,100081.16582266666,0.028,299975.989664,173114.0471814322,270005.13867799996,133.753856,189.11705495965353,0.006661260002228679,31,64,,True,False,Request timeout: 300.0s exceeded,8,59.56268577710819
314,2026-09-21T07:59:49.068+00:00,2026-09-21T08:04:49.137+00:00,2026-09-21T08:04:49.137+00:00,False,1,0.0,,0.0,300068.496886,300068.496886,300068.496886,300068.496886,300068.496886,300068.496886,nan,300068.496886,nan,nan,0.0,31,64,,True,False,TTFT timeout: 300.0s exceeded (TTFT: 300.059s),0,59.56268577710819
315,2026-09-21T07:59:49.467+00:00,2026-09-21T08:04:49.574+00:00,2026-09-21T08:04:49.574+00:00,False,1,0.0,,0.0,300107.335164,300107.335164,300107.335164,300107.335164,300107.335164,300107.335164,nan,300107.335164,nan,nan,0.0,31,64,,True,False,"HTTPConnectionPool(host='gpu06', port=9004): Read timed out.",0,59.56268577710819
316,2026-09-21T07:59:49.876+00:00,2026-09-21T08:04:49.974+00:00,2026-09-21T08:04:49.974+00:00,False,1,0.0,,0.0,300098.63285399997,300098.63285399997,300098.63285399997,300098.63285399997,300098.63285399997,300098.63285399997,nan,300098.63285399997,nan,nan,0.0,31,64,,True,False,"HTTPConnectionPool(host='gpu06', port=9004): Read timed out.",0,59.56268577710819
317,2026-09-21T07:59:50.280+00:00,2026-09-21T08:04:50.387+00:00,2026-09-21T08:04:50.387+00:00,False,1,0.0,,0.0,300106.564754,300106.564754,300106.564754,300106.564754,300106.564754,300106.564754,nan,300106.564754,nan,nan,0.0,31,64,,True,False,"HTTPConnectionPool(host='gpu06', port=9004): Read timed out.",0,59.56268577710819
318,2026-09-21T07:59:50.567+00:00,2026-09-21T08:04:50.671+00:00,2026-09-21T08:04:50.671+00:00,False,1,0.0,,0.0,300104.7615,300104.7615,300104.7615,300104.7615,300104.7615,300104.7615,nan,300104.7615,nan,nan,0.0,31,64,,True,False,"HTTPConnectionPool(host='gpu06', port=9004): Read timed out.",0,59.56268577710819
319,2026-09-21T07:59:50.870+00:00,2026-09-21T08:04:50.905+00:00,2026-09-21T08:04:50.905+00:00,False,1,0.0,,0.0,300034.53576999996,300034.53576999996,300034.53576999996,300034.53576999996,300034.53576999996,300034.53576999996,nan,300034.53576999996,nan,nan,0.0,31,64,,True,False,TTFT timeout: 300.0s exceeded (TTFT: 300.025s),0,59.56268577710819
320,2026-09-21T07:59:51.223+00:00,2026-09-21T08:04:51.328+00:00,2026-09-21T08:04:51.328+00:00,False,1,0.0,,0.0,300105.13217299996,300105.13217299996,300105.13217299996,300105.13217299996,300105.13217299996,300105.13217299996,nan,300105.13217299996,nan,nan,0.0,31,64,,True,False,"HTTPConnectionPool(host='gpu06', port=9004): Read timed out.",0,59.56268577710819
321,2026-09-21T07:59:51.541+00:00,2026-09-21T08:04:51.567+00:00,2026-09-21T08:04:51.567+00:00,False,1,0.0,,0.0,300025.97947,300025.97947,300025.97947,300025.97947,300025.97947,300025.97947,nan,300025.97947,nan,nan,0.0,31,64,,True,False,TTFT timeout: 300.0s exceeded (TTFT: 300.011s),0,59.56268577710819
322,2026-09-21T07:59:51.922+00:00,2026-09-21T08:04:52.028+00:00,2026-09-21T08:04:52.028+00:00,False,1,0.0,,0.0,300106.325198,300106.325198,300106.325198,300106.325198,300106.325198,300106.325198,nan,300106.325198,nan,nan,0.0,31,64,,True,False,"HTTPConnectionPool(host='gpu06', port=9004): Read timed out.",0,59.56268577710819
323,2026-09-21T07:59:52.338+00:00,2026-09-21T08:04:52.382+00:00,2026-09-21T08:04:52.382+00:00,False,1,0.0,,0.0,300043.40293,300043.40293,300043.40293,300043.40293,300043.40293,300043.40293,nan,300043.40293,nan,nan,0.0,31,64,,True,False,"HTTPConnectionPool(host='gpu06', port=9004): Read timed out.",0,59.56268577710819
324,2026-09-21T07:59:52.602+00:00,2026-09-21T08:04:52.712+00:00,2026-09-21T08:04:52.712+00:00,False,1,0.0,,0.0,300110.78795599996,300110.78795599996,300110.78795599996,300110.78795599996,300110.78795599996,300110.78795599996,nan,300110.78795599996,nan,nan,0.0,31,64,,True,False,"HTTPConnectionPool(host='gpu06', port=9004): Read timed out.",0,59.56268577710819
325,2026-09-21T07:59:54.154+00:00,2026-09-21T08:04:52.867+00:00,2026-09-21T08:04:54.329+00:00,False,22,21.0,,21.0,298713.396761,300175.556377,300175.556362,13644.343470999998,0.02716,298713.396761,63671.09566277072,322.5106722,69.62664838095239,63.27070038620169,0.06995906080249063,31,64,,True,False,Request timeout: 300.0s exceeded,81,59.56268577710819
326,2026-09-21T07:59:54.360+00:00,2026-09-21T08:04:53.296+00:00,2026-09-21T08:04:54.563+00:00,False,24,23.0,,23.0,298936.120437,300202.701685,300202.70153900003,12508.445897458334,0.02852,298936.120437,61008.84092182025,74.2513725,55.068749913043476,14.807640027361643,0.07661490010217728,31,64,,True,False,Request timeout: 300.0s exceeded,0,59.56268577710819
327,2026-09-21T07:59:54.675+00:00,2026-09-21T08:04:55.010+00:00,2026-09-21T08:04:55.010+00:00,False,1,0.0,,0.0,300335.410644,300335.410644,300335.410644,300335.410644,300335.410644,300335.410644,nan,300335.410644,nan,nan,0.0,31,64,,True,False,"HTTPConnectionPool(host='gpu06', port=9004): Read timed out.",0,59.56268577710819
329,2026-09-21T07:59:54.685+00:00,2026-09-21T08:04:55.073+00:00,2026-09-21T08:04:55.073+00:00,False,1,0.0,,0.0,300387.14197899995,300387.14197899995,300387.14197899995,300387.14197899995,300387.14197899995,300387.14197899995,nan,300387.14197899995,nan,nan,0.0,31,64,,True,False,"HTTPConnectionPool(host='gpu06', port=9004): Read timed out.",0,59.56268577710819
328,2026-09-21T07:59:54.680+00:00,2026-09-21T08:04:55.164+00:00,2026-09-21T08:04:55.164+00:00,False,1,0.0,,0.0,300483.60896499996,300483.60896499996,300483.60896499996,300483.60896499996,300483.60896499996,300483.60896499996,nan,300483.60896499996,nan,nan,0.0,31,64,,True,False,"HTTPConnectionPool(host='gpu06', port=9004): Read timed out.",0,59.56268577710819
331,2026-09-21T07:59:55.152+00:00,2026-09-21T08:04:55.405+00:00,2026-09-21T08:04:55.405+00:00,False,1,0.0,,0.0,300252.933988,300252.933988,300252.933988,300252.933988,300252.933988,300252.933988,nan,300252.933988,nan,nan,0.0,31,64,,True,False,"HTTPConnectionPool(host='gpu06', port=9004): Read timed out.",0,59.56268577710819
330,2026-09-21T07:59:54.809+00:00,2026-09-21T08:04:55.448+00:00,2026-09-21T08:04:55.448+00:00,False,1,0.0,,0.0,300639.162605,300639.162605,300639.162605,300639.162605,300639.162605,300639.162605,nan,300639.162605,nan,nan,0.0,31,64,,True,False,"HTTPConnectionPool(host='gpu06', port=9004): Read timed out.",0,59.56268577710819
332,2026-09-21T07:59:55.460+00:00,2026-09-21T08:04:55.679+00:00,2026-09-21T08:04:55.679+00:00,False,1,0.0,,0.0,300219.673114,300219.673114,300219.673114,300219.673114,300219.673114,300219.673114,nan,300219.673114,nan,nan,0.0,31,64,,True,False,"HTTPConnectionPool(host='gpu06', port=9004): Read timed out.",0,59.56268577710819
333,2026-09-21T07:59:55.842+00:00,2026-09-21T08:04:55.900+00:00,2026-09-21T08:04:55.900+00:00,False,1,0.0,,0.0,300058.485167,300058.485167,300058.485167,300058.485167,300058.485167,300058.485167,nan,300058.485167,nan,nan,0.0,31,64,,True,False,"HTTPConnectionPool(host='gpu06', port=9004): Read timed out.",0,59.56268577710819
334,2026-09-21T07:59:56.157+00:00,2026-09-21T08:04:56.264+00:00,2026-09-21T08:04:56.264+00:00,False,1,0.0,,0.0,300107.017387,300107.017387,300107.017387,300107.017387,300107.017387,300107.017387,nan,300107.017387,nan,nan,0.0,31,64,,True,False,"HTTPConnectionPool(host='gpu06', port=9004): Read timed out.",0,59.56268577710819
335,2026-09-21T07:59:56.548+00:00,2026-09-21T08:04:56.652+00:00,2026-09-21T08:04:56.652+00:00,False,1,0.0,,0.0,300104.59327899996,300104.59327899996,300104.59327899996,300104.59327899996,300104.59327899996,300104.59327899996,nan,300104.59327899996,nan,nan,0.0,31,64,,True,False,"HTTPConnectionPool(host='gpu06', port=9004): Read timed out.",0,59.56268577710819
336,2026-09-21T07:59:56.883+00:00,2026-09-21T08:04:56.918+00:00,2026-09-21T08:04:56.918+00:00,False,1,0.0,,0.0,300034.344103,300034.344103,300034.344103,300034.344103,300034.344103,300034.344103,nan,300034.344103,nan,nan,0.0,31,64,,True,False,TTFT timeout: 300.0s exceeded (TTFT: 300.023s),0,59.56268577710819
337,2026-09-21T07:59:57.323+00:00,2026-09-21T08:04:57.357+00:00,2026-09-21T08:04:57.357+00:00,False,1,0.0,,0.0,300033.62862800003,300033.62862800003,300033.62862800003,300033.62862800003,300033.62862800003,300033.62862800003,nan,300033.62862800003,nan,nan,0.0,31,64,,True,False,TTFT timeout: 300.0s exceeded (TTFT: 300.028s),0,59.56268577710819
338,2026-09-21T07:59:57.747+00:00,2026-09-21T08:04:57.853+00:00,2026-09-21T08:04:57.853+00:00,False,1,0.0,,0.0,300105.81349000003,300105.81349000003,300105.81349000003,300105.81349000003,300105.81349000003,300105.81349000003,nan,300105.81349000003,nan,nan,0.0,31,64,,True,False,"HTTPConnectionPool(host='gpu06', port=9004): Read timed out.",0,59.56268577710819
339,2026-09-21T07:59:58.070+00:00,2026-09-21T08:04:58.166+00:00,2026-09-21T08:04:58.166+00:00,False,1,0.0,,0.0,300095.910732,300095.910732,300095.910732,300095.910732,300095.910732,300095.910732,nan,300095.910732,nan,nan,0.0,31,64,,True,False,"HTTPConnectionPool(host='gpu06', port=9004): Read timed out.",0,59.56268577710819
340,2026-09-21T07:59:58.348+00:00,2026-09-21T08:04:58.461+00:00,2026-09-21T08:04:58.461+00:00,False,1,0.0,,0.0,300112.9501,300112.9501,300112.9501,300112.9501,300112.9501,300112.9501,nan,300112.9501,nan,nan,0.0,31,64,,True,False,"HTTPConnectionPool(host='gpu06', port=9004): Read timed out.",0,59.56268577710819
341,2026-09-21T07:59:58.650+00:00,2026-09-21T08:04:58.763+00:00,2026-09-21T08:04:58.763+00:00,False,1,0.0,,0.0,300113.161215,300113.161215,300113.161215,300113.161215,300113.161215,300113.161215,nan,300113.161215,nan,nan,0.0,31,64,,True,False,"HTTPConnectionPool(host='gpu06', port=9004): Read timed out.",0,59.56268577710819
342,2026-09-21T07:59:59.066+00:00,2026-09-21T08:04:59.069+00:00,2026-09-21T08:04:59.214+00:00,False,3,2.0,,2.0,300002.67135,300148.138998,300148.13907100004,100049.37969033334,0.03229,300002.67135,173164.64540913122,270016.9477581,72.733824,102.81554347138982,0.006663376313698639,31,64,,True,False,Request timeout: 300.0s exceeded,10,59.56268577710819
343,2026-09-21T07:59:59.397+00:00,2026-09-21T08:04:59.374+00:00,2026-09-21T08:04:59.433+00:00,False,3,2.0,,2.0,299976.116612,300035.119236,300035.119259,100011.70641966666,0.046560000000000004,299976.116612,173174.26158427497,269984.4005595,29.501312,41.655264499902046,0.006665886330549361,31,64,,True,False,Request timeout: 300.0s exceeded,14,59.56268577710819
344,2026-09-21T07:59:59.747+00:00,2026-09-21T08:04:59.854+00:00,2026-09-21T08:04:59.854+00:00,False,1,0.0,,0.0,300107.022342,300107.022342,300107.022342,300107.022342,300107.022342,300107.022342,nan,300107.022342,nan,nan,0.0,31,64,,True,False,"HTTPConnectionPool(host='gpu06', port=9004): Read timed out.",0,59.56268577710819
345,2026-09-21T08:00:00.108+00:00,2026-09-21T08:05:00.136+00:00,2026-09-21T08:05:00.136+00:00,False,1,0.0,,0.0,300028.397923,300028.397923,300028.397923,300028.397923,300028.397923,300028.397923,nan,300028.397923,nan,nan,0.0,31,64,,True,False,"HTTPConnectionPool(host='gpu06', port=9004): Read timed out.",0,59.56268577710819
346,2026-09-21T08:00:00.467+00:00,2026-09-21T08:05:00.574+00:00,2026-09-21T08:05:00.574+00:00,False,1,0.0,,0.0,300107.127584,300107.127584,300107.127584,300107.127584,300107.127584,300107.127584,nan,300107.127584,nan,nan,0.0,31,64,,True,False,"HTTPConnectionPool(host='gpu06', port=9004): Read timed out.",0,59.56268577710819
347,2026-09-21T08:00:00.724+00:00,2026-09-21T08:05:00.820+00:00,2026-09-21T08:05:00.820+00:00,False,1,0.0,,0.0,300096.064157,300096.064157,300096.064157,300096.064157,300096.064157,300096.064157,nan,300096.064157,nan,nan,0.0,31,64,,True,False,"HTTPConnectionPool(host='gpu06', port=9004): Read timed out.",0,59.56268577710819
348,2026-09-21T08:00:00.992+00:00,2026-09-21T08:05:01.100+00:00,2026-09-21T08:05:01.100+00:00,False,1,0.0,,0.0,300107.123596,300107.123596,300107.123596,300107.123596,300107.123596,300107.123596,nan,300107.123596,nan,nan,0.0,31,64,,True,False,"HTTPConnectionPool(host='gpu06', port=9004): Read timed out.",0,59.56268577710819
349,2026-09-21T08:00:01.338+00:00,2026-09-21T08:05:01.386+00:00,2026-09-21T08:05:02.968+00:00,False,28,27.0,,27.0,300047.313938,301629.658898,301629.658811,10772.487814678572,0.025929999999999998,300047.313938,56692.54038759555,110.82013185,58.60536888888889,19.75808926904986,0.08951374376990692,31,64,,True,False,Request timeout: 300.0s exceeded,35,59.56268577710819
351,2026-09-21T08:00:02.112+00:00,2026-09-21T08:05:03.263+00:00,2026-09-21T08:05:03.263+00:00,False,1,0.0,,0.0,301151.166305,301151.166305,301151.166305,301151.166305,301151.166305,301151.166305,nan,301151.166305,nan,nan,0.0,31,64,,True,False,"HTTPConnectionPool(host='gpu06', port=9004): Read timed out.",0,59.56268577710819
350,2026-09-21T08:00:01.721+00:00,2026-09-21T08:05:03.600+00:00,2026-09-21T08:05:04.893+00:00,False,31,30.0,,30.0,301878.858459,303172.608731,303172.6088,9779.761574193548,0.02045,301878.858459,54211.305395002826,111.29237850000001,43.12500906666667,28.666515330782794,0.09895353055004551,31,64,,True,False,Request timeout: 300.0s exceeded,263,59.56268577710819
0,2026-09-21T07:58:02.277+00:00,2026-09-21T07:58:02.478+00:00,2026-09-21T07:58:06.032+00:00,True,63,63.0,,63.0,200.95835399999999,3755.45205,3755.451904,59.61034768253968,0.01661,253.333487,40.831789323250916,97.52744790000001,57.33054348387097,36.901974225002036,16.77561027573232,32,64,,False,True,,126,59.56268577710819
1,2026-09-21T07:58:02.625+00:00,2026-09-21T07:58:03.489+00:00,2026-09-21T07:58:07.858+00:00,True,72,72.0,,72.0,863.7596580000001,5232.618538,5232.618437,72.67525606944444,40.158322,863.7596580000001,95.21045564069908,78.1076335,61.53322366197183,11.331614730455174,13.759841172660694,32,64,,False,True,,81,59.56268577710819
3,2026-09-21T07:58:03.242+00:00,2026-09-21T07:58:03.574+00:00,2026-09-21T07:58:03.740+00:00,True,4,4.0,,4.0,332.390272,498.397824,498.397873,124.59946825,42.509853,332.390272,138.93563330387673,292.81809745,55.335850666666666,13.0378875043058,8.025717223035066,32,64,,False,True,,41,59.56268577710819
5,2026-09-21T07:58:03.747+00:00,2026-09-21T07:58:03.905+00:00,2026-09-21T07:58:09.101+00:00,True,85,85.0,,85.0,158.48294,5354.465532,5354.46547,62.99371141176471,44.288963,158.48294,14.788311924000357,76.35207299999999,61.85693561904762,10.49587929507981,15.874600273736528,32,64,,False,True,,595,59.56268577710819
2,2026-09-21T07:58:03.116+00:00,2026-09-21T07:58:04.649+00:00,2026-09-21T07:58:05.207+00:00,True,10,10.0,,10.0,1532.693893,2091.372677,2091.372741,209.13727409999998,43.043822999999996,1532.693893,465.16422268675666,879.44123335,62.07542044444445,10.914293691185783,4.781548554198693,32,64,,False,True,,20,59.56268577710819
4,2026-09-21T07:58:03.447+00:00,2026-09-21T07:58:08.570+00:00,2026-09-21T07:58:10.052+00:00,True,25,25.0,,25.0,5123.262836,6605.3566599999995,6605.35664,264.2142656,42.386274,5123.262836,1012.3550296585097,79.028858,61.75390933333333,10.60601769140642,3.7848069811872964,32,64,,False,True,,50,59.56268577710819
6,2026-09-21T07:58:04.031+00:00,2026-09-21T07:58:09.924+00:00,2026-09-21T07:58:13.611+00:00,True,58,58.0,,58.0,5892.884407,9579.272375,9579.272329,165.15986774137932,0.01745,5892.884407,767.0786469377736,79.8344615,64.67347312280702,52.9425515181336,6.054739622120829,32,64,,False,True,,120,59.56268577710819
7,2026-09-21T07:58:04.317+00:00,2026-09-21T07:58:11.481+00:00,2026-09-21T07:58:16.322+00:00,True,78,78.0,,78.0,7164.3494390000005,12005.706495,12005.706512,153.91931425641027,0.01597,7164.3494390000005,805.3955386648124,78.5181315,62.874766961038965,46.25159678527259,6.496910451082954,32,64,,False,True,,273,59.56268577710819
8,2026-09-21T07:58:04.602+00:00,2026-09-21T07:58:13.154+00:00,2026-09-21T07:58:18.541+00:00,True,91,91.0,,91.0,8552.298434,13938.893506,13938.893483,153.17465365934066,0.01918,8552.298434,890.3741821096808,78.16682800000001,59.851056355555556,14.93049026746567,6.528495246830677,32,64,,False,True,,360,59.56268577710819
9,2026-09-21T07:58:04.861+00:00,2026-09-21T07:58:14.214+00:00,2026-09-21T07:58:19.754+00:00,True,91,91.0,,91.0,9352.712526000001,14892.832590000002,14892.832551000001,163.6575005604396,36.281514,9352.712526000001,974.0292464630119,78.644143,61.5568896,10.071193579511597,6.110321824278292,32,64,,False,True,,504,59.56268577710819
10,2026-09-21T07:58:05.126+00:00,2026-09-21T07:58:16.328+00:00,2026-09-21T07:58:16.686+00:00,True,7,7.0,,7.0,11201.608087999999,11559.791768,11559.791695999998,1651.3988137142856,49.95135500000001,11201.608087999999,4211.253500622184,7863.693644,59.69728,8.440744046709057,0.6055472399924636,32,64,,False,True,,27,59.56268577710819
11,2026-09-21T07:58:05.318+00:00,2026-09-21T07:58:17.344+00:00,2026-09-21T07:58:21.298+00:00,True,63,63.0,,63.0,12025.924421,15980.123461,15980.123521,253.6527543015873,34.387094,12025.924421,1507.1432847554656,80.2278981,63.77740387096774,12.912226189970374,3.9423975761985512,32,64,,False,True,,252,59.56268577710819
12,2026-09-21T07:58:05.649+00:00,2026-09-21T07:58:19.126+00:00,2026-09-21T07:58:24.512+00:00,True,84,84.0,,84.0,13476.438763,18863.039211,18863.039042,224.5599885952381,0.0,13476.438763,1464.742592248786,96.16642949999999,64.89880057831326,64.95587358884758,4.453153018470921,32,64,,False,True,,421,59.56268577710819
13,2026-09-21T07:58:05.952+00:00,2026-09-21T07:58:20.685+00:00,2026-09-21T07:58:23.300+00:00,True,36,36.0,,36.0,14733.132814999999,17348.135438999998,17348.135366,481.8926490555555,0.045939999999999995,14733.132814999999,2444.137505891186,187.57037250000002,74.71436068571428,73.29300338213407,2.075150965161888,32,64,,False,True,,252,59.56268577710819
14,2026-09-21T07:58:06.295+00:00,2026-09-21T07:58:22.378+00:00,2026-09-21T07:58:23.978+00:00,True,25,25.0,,25.0,16083.168928,17682.665888,17682.665773999997,707.30663096,0.0,16083.168928,3205.590748389815,472.0319994000001,66.64570666666667,123.64635162856352,1.4138139666466112,32,64,,False,True,,50,59.56268577710819
15,2026-09-21T07:58:06.525+00:00,2026-09-21T07:58:23.783+00:00,2026-09-21T07:58:29.295+00:00,True,94,94.0,,94.0,17258.780998,22770.166341999997,22770.16622,242.2358108510638,0.0,17258.780998,1774.5359904523652,76.19670785,59.262208,44.05575784447363,4.128208752986369,32,64,,False,True,,282,59.56268577710819
16,2026-09-21T07:58:06.830+00:00,2026-09-21T07:58:25.189+00:00,2026-09-21T07:58:28.236+00:00,True,51,51.0,,51.0,18358.472116,21406.189236000002,21406.189193000002,419.72919986274513,0.0,18358.472116,2562.8415489438526,81.76336300000001,60.9543424,59.48293973174252,2.3824885147810617,32,64,,False,True,,204,59.56268577710819
17,2026-09-21T07:58:07.075+00:00,2026-09-21T07:58:26.540+00:00,2026-09-21T07:58:30.917+00:00,True,69,69.0,,69.0,19465.013401,23841.308569,23841.308535,345.5262106521739,0.0,19465.013401,2336.6016612127637,80.485715,64.35728188235294,70.12800898209443,2.8941364439080424,32,64,,False,True,,207,59.56268577710819
18,2026-09-21T07:58:07.320+00:00,2026-09-21T07:58:27.870+00:00,2026-09-21T07:58:33.455+00:00,True,82,82.0,,82.0,20549.649324,26134.47262,26134.472734000003,318.71308212195123,0.0,20549.649324,2263.2852872802328,80.89170545,68.94843575308641,84.81818641835537,3.137618317090035,32,64,,False,True,,410,59.56268577710819
19,2026-09-21T07:58:07.594+00:00,2026-09-21T07:58:29.496+00:00,2026-09-21T07:58:34.624+00:00,True,81,81.0,,81.0,21902.651934,27029.917214,27029.917146,333.7026808148148,0.0,21902.651934,2428.0442985139816,78.624608,64.090816,86.93898618166295,2.9966795443252963,32,64,,False,True,,88,59.56268577710819
20,2026-09-21T07:58:07.849+00:00,2026-09-21T07:58:30.925+00:00,2026-09-21T07:58:31.648+00:00,True,15,15.0,,15.0,23075.487936,23798.64544,23798.645531000002,1586.5763687333335,0.0,23075.487936,5944.784352408723,6976.994344400001,51.65410742857143,26.782578014896075,0.6302879732301268,32,64,,False,True,,46,59.56268577710819
21,2026-09-21T07:58:08.106+00:00,2026-09-21T07:58:32.030+00:00,2026-09-21T07:58:35.720+00:00,True,59,59.0,,59.0,23923.826864,27614.465455999998,27614.465516999997,468.0417884237288,0.0,23923.826864,3108.0154379726705,128.4156121,63.63169986206896,103.14936034940459,2.136561364695207,32,64,,False,True,,59,59.56268577710819
22,2026-09-21T07:58:08.439+00:00,2026-09-21T07:58:33.794+00:00,2026-09-21T07:58:33.794+00:00,True,1,1.0,,1.0,25355.027443,25355.027443,25355.027443,25355.027443,25355.027443,25355.027443,nan,25355.027443,nan,nan,0.03943990998424573,32,64,,False,True,,1,59.56268577710819
23,2026-09-21T07:58:08.677+00:00,2026-09-21T07:58:34.802+00:00,2026-09-21T07:58:38.224+00:00,True,54,54.0,,54.0,26124.398443,29546.337899,29546.337947999997,547.1544064444444,0.0,26124.398443,3547.085301998721,82.322154,64.56489539622642,75.62905119421026,1.8276376647620902,32,64,,False,True,,234,59.56268577710819
24,2026-09-21T07:58:08.944+00:00,2026-09-21T07:58:36.185+00:00,2026-09-21T07:58:37.069+00:00,True,15,15.0,,15.0,27240.456897999997,28125.259969999996,28125.259819999996,1875.017321333333,44.838834999999996,27240.456897999997,7017.143706042173,8225.294984,63.20021942857142,9.68212951662704,0.5333284035774195,32,64,,False,True,,53,59.56268577710819
25,2026-09-21T07:58:09.181+00:00,2026-09-21T07:58:37.250+00:00,2026-09-21T07:58:40.989+00:00,True,60,60.0,,60.0,28069.543165,31808.035581,31808.035663,530.1339277166667,0.0,28069.543165,3616.3953241230706,77.757718,63.36427823728813,77.34515766838422,1.8863157973779432,32,64,,False,True,,180,59.56268577710819
26,2026-09-21T07:58:09.527+00:00,2026-09-21T07:58:39.050+00:00,2026-09-21T07:58:43.540+00:00,True,71,71.0,,71.0,29523.342146000003,34013.045058,34013.045192000005,479.0569745352113,0.0,29523.342146000003,3497.958293014109,79.12809299999999,64.13861302857143,112.8258280908019,2.0874343910969686,32,64,,False,True,,183,59.56268577710819
27,2026-09-21T07:58:09.823+00:00,2026-09-21T07:58:40.938+00:00,2026-09-21T07:58:43.549+00:00,True,41,41.0,,41.0,31115.672691,33726.210419,33726.210492,822.590499804878,0.01728,31115.672691,4850.45346606976,78.905148,65.2634432,108.99936409541375,1.2156717132056507,32,64,,False,True,,223,59.56268577710819
28,2026-09-21T07:58:10.100+00:00,2026-09-21T07:58:42.310+00:00,2026-09-21T07:58:46.929+00:00,True,73,73.0,,73.0,32210.265664000002,36829.411136,36829.411094,504.5124807397261,0.0,32210.265664000002,3764.143475929352,88.41170319999999,64.15479822222223,114.77001005683613,1.982111517624673,32,64,,False,True,,294,59.56268577710819
29,2026-09-21T07:58:10.293+00:00,2026-09-21T07:58:43.505+00:00,2026-09-21T07:58:48.216+00:00,True,82,82.0,,82.0,33211.898578,37922.897618,37922.897527,462.47436008536584,0.0,33211.898578,3662.124414914746,80.588114,58.16048197530864,81.986290382766,2.162282028815196,32,64,,False,True,,738,59.56268577710819
30,2026-09-21T07:58:10.613+00:00,2026-09-21T07:58:44.846+00:00,2026-09-21T07:58:46.851+00:00,True,33,33.0,,33.0,34232.894864,36238.34152,36238.341563,1098.1315625151515,0.0,34232.894864,5949.563906900639,343.5321718,62.670208,125.93339534964645,0.9106377007288605,32,64,,False,True,,157,59.56268577710819
31,2026-09-21T07:58:10.838+00:00,2026-09-21T07:58:46.499+00:00,2026-09-21T07:58:50.640+00:00,True,72,72.0,,72.0,35661.797443,39802.317123,39802.317043,552.8099589305556,0.0,35661.797443,4195.960279575324,77.309806,58.31717859154929,20.607335214149856,1.8089399111489008,32,64,,False,True,,144,59.56268577710819
32,2026-09-21T07:58:11.133+00:00,2026-09-21T07:58:47.571+00:00,2026-09-21T07:58:53.616+00:00,True,95,95.0,,95.0,36438.312313,42482.457209,42482.457271,447.18376074736847,0.0,36438.312313,3733.335836124775,78.72326130000002,64.29941378723404,104.26876872145176,2.236217164478754,32,64,,False,True,,706,59.56268577710819
33,2026-09-21T07:58:11.349+00:00,2026-09-21T07:58:48.610+00:00,2026-09-21T07:58:53.658+00:00,True,73,73.0,,73.0,37260.918239,42309.115358999996,42309.115223,579.5769208630137,0.0,37260.918239,4354.555263633494,76.005154,70.1138488888889,122.55045069422613,1.7253965104347528,32,64,,False,True,,219,59.56268577710819
34,2026-09-21T07:58:11.602+00:00,2026-09-21T07:58:49.587+00:00,2026-09-21T07:58:53.621+00:00,True,60,60.0,,60.0,37985.587004,42019.64166,42019.641633,700.32736055,0.0,37985.587004,4896.822539635462,81.05848304999999,68.37380772881356,131.32280249428024,1.427903657186971,32,64,,False,True,,276,59.56268577710819
35,2026-09-21T07:58:11.854+00:00,2026-09-21T07:58:51.031+00:00,2026-09-21T07:58:56.680+00:00,True,90,90.0,,90.0,39176.795238,44826.23063,44826.230704,498.06923004444445,0.0,39176.795238,4124.390174474948,81.24945455,63.47680215730337,111.27191369273888,2.00775302172669,32,64,,False,True,,270,59.56268577710819
36,2026-09-21T07:58:12.136+00:00,2026-09-21T07:58:52.580+00:00,2026-09-21T07:58:55.575+00:00,True,49,49.0,,49.0,40444.1473,43438.46026,43438.460289999995,886.4991895918366,0.0,40444.1473,5770.710900670349,137.30570780000002,62.38152,149.1340746768354,1.1280326168725023,32,64,,False,True,,686,59.56268577710819
37,2026-09-21T07:58:12.456+00:00,2026-09-21T07:58:54.209+00:00,2026-09-21T07:58:58.172+00:00,True,64,64.0,,64.0,41753.028006,45716.395430000004,45716.395297,714.318676515625,39.210124,41753.028006,5211.27551683134,79.08268085,62.91059403174603,10.714622817628454,1.3999353929378677,32,64,,False,True,,73,59.56268577710819
38,2026-09-21T07:58:12.685+00:00,2026-09-21T07:58:55.496+00:00,2026-09-21T07:58:56.470+00:00,True,16,16.0,,16.0,42811.107945,43784.632937,43784.632976,2736.539561,50.388605000000005,42811.107945,10686.554373790459,10761.73129725,64.90166613333334,8.014218933931275,0.3654250116250095,32,64,,False,True,,48,59.56268577710819
39,2026-09-21T07:58:13.200+00:00,2026-09-21T07:58:57.360+00:00,2026-09-21T07:59:01.231+00:00,True,48,48.0,,48.0,44159.179664999996,48030.116752999995,48030.116717,1000.6274316041665,45.281265,44159.179664999996,6363.114542147654,78.66526285,82.3603635744681,123.53010388361952,0.9993729610703452,32,64,,False,True,,96,59.56268577710819
40,2026-09-21T07:58:13.209+00:00,2026-09-21T07:58:58.343+00:00,2026-09-21T07:59:01.264+00:00,True,37,37.0,,37.0,45134.242745999996,48055.265977999996,48055.266159,1298.79097727027,0.0,45134.242745999996,7408.049186699958,245.92199820000002,81.13953422222222,144.20289766777825,0.769946836147756,32,64,,False,True,,148,59.56268577710819
41,2026-09-21T07:58:13.433+00:00,2026-09-21T07:58:59.638+00:00,2026-09-21T07:59:02.715+00:00,True,49,49.0,,49.0,46204.319197,49281.427677,49281.427737,1005.7434232040815,0.0,46204.319197,6592.689765867909,87.650075,64.10642666666666,128.7334197254474,0.9942893765407016,32,64,,False,True,,49,59.56268577710819
42,2026-09-21T07:58:13.663+00:00,2026-09-21T07:59:01.262+00:00,2026-09-21T07:59:01.773+00:00,True,20,20.0,,20.0,47599.050132,48110.267283999994,48110.267264999995,2405.5133632499997,0.0,47599.050132,10637.497372259459,2462.21718565,26.90616589473684,30.929141425307275,0.415711679212628,32,64,,False,True,,82,59.56268577710819
43,2026-09-21T07:58:13.920+00:00,2026-09-21T07:59:01.885+00:00,2026-09-21T07:59:04.385+00:00,True,42,42.0,,42.0,47965.030361000005,50465.130713000006,50465.13064,1201.5507295238097,37.564874,47965.030361000005,7391.765500929558,85.63628495,60.97805736585366,12.157109727495845,0.8322578264754329,32,64,,False,True,,188,59.56268577710819
44,2026-09-21T07:58:14.193+00:00,2026-09-21T07:59:03.458+00:00,2026-09-21T07:59:03.837+00:00,True,7,7.0,,7.0,49265.418505,49644.260617,49644.260454,7092.037207714286,47.719004999999996,49265.418505,18596.71672685009,34509.026431900005,63.140352,12.646984179543832,0.14100320788346973,32,64,,False,True,,28,59.56268577710819
45,2026-09-21T07:58:14.447+00:00,2026-09-21T07:59:05.588+00:00,2026-09-21T07:59:05.833+00:00,True,17,17.0,,17.0,51140.68924,51385.9014,51385.901176,3022.7000691764706,0.01492,51140.68924,12399.774219062849,10320.2031136,15.32576,37.1698650739615,0.33083004358857077,32,64,,False,True,,17,59.56268577710819
46,2026-09-21T07:58:14.739+00:00,2026-09-21T07:59:06.390+00:00,2026-09-21T07:59:07.127+00:00,True,13,13.0,,13.0,51650.951912000004,52388.549096,52388.549209000004,4029.888400692308,42.264644,51650.951912000004,14308.352404190022,20708.2255202,61.466432,10.523393027916008,0.24814583003965235,32,64,,False,True,,24,59.56268577710819
47,2026-09-21T07:58:14.952+00:00,2026-09-21T07:59:07.402+00:00,2026-09-21T07:59:12.065+00:00,True,75,75.0,,75.0,52450.279545000005,57113.083769000004,57113.083915,761.5077855333334,0.0,52450.279545000005,6050.341419212882,87.7371956,63.01086789189189,120.33866936271686,1.3131842136794005,32,64,,False,True,,150,59.56268577710819
48,2026-09-21T07:58:15.178+00:00,2026-09-21T07:59:08.670+00:00,2026-09-21T07:59:09.038+00:00,True,6,6.0,,6.0,53491.689564,53859.614044,53859.613992,8976.602332,64.821547,53491.689564,21807.850695308432,40139.554955,73.584896,6.523476654658312,0.11140072402112589,32,64,,False,True,,24,59.56268577710819
49,2026-09-21T07:58:15.384+00:00,2026-09-21T07:59:10.319+00:00,2026-09-21T07:59:15.087+00:00,True,85,85.0,,85.0,54934.697222999996,59703.094790999996,59703.094895999995,702.3893517176471,0.0,54934.697222999996,5952.395022359847,77.59390280000001,56.766637714285714,23.97775357231715,1.4237117907799548,32,64,,False,True,,595,59.56268577710819
50,2026-09-21T07:58:15.633+00:00,2026-09-21T07:59:11.437+00:00,2026-09-21T07:59:11.437+00:00,True,1,1.0,,1.0,55804.130634,55804.130634,55804.130634,55804.130634,55804.130634,55804.130634,nan,55804.130634,nan,nan,0.017919820426173363,32,64,,False,True,,6,59.56268577710819
51,2026-09-21T07:58:15.878+00:00,2026-09-21T07:59:12.748+00:00,2026-09-21T07:59:16.671+00:00,True,61,61.0,,61.0,56870.178369,60792.626497000005,60792.626334,996.600431704918,48.901775,56870.178369,7273.11620989479,78.84131699999999,65.37413546666667,9.661605703018612,1.003411162092334,32,64,,False,True,,488,59.56268577710819
52,2026-09-21T07:58:16.148+00:00,2026-09-21T07:59:14.173+00:00,2026-09-21T07:59:19.446+00:00,True,80,80.0,,80.0,58025.648877,63298.737901,63298.73782,791.23422275,0.01557,58025.648877,6481.39411069989,78.771873,66.74796232911392,135.1794577635864,1.2638482638488144,32,64,,False,True,,240,59.56268577710819
53,2026-09-21T07:58:16.499+00:00,2026-09-21T07:59:15.920+00:00,2026-09-21T07:59:22.045+00:00,True,98,98.0,,98.0,59421.700374,65546.452246,65546.452193,668.8413489081632,0.0,59421.700374,5998.434785544563,99.1957317,63.14177187628866,167.4969512978023,1.4951228730458175,32,64,,False,True,,392,59.56268577710819
54,2026-09-21T07:58:16.732+00:00,2026-09-21T07:59:17.209+00:00,2026-09-21T07:59:19.396+00:00,True,20,20.0,,20.0,60476.818483999996,62663.744051999995,62663.743905999996,3133.1871953,0.02225,60476.818483999996,13499.639972996367,4144.484431000001,115.10134568421053,258.76378355598933,0.3191638211627362,32,64,,False,True,,44,59.56268577710819
55,2026-09-21T07:58:16.949+00:00,2026-09-21T07:59:19.446+00:00,2026-09-21T07:59:24.636+00:00,True,99,99.0,,99.0,62496.612287,67686.535871,67686.535814,683.702381959596,0.0,62496.612287,6276.998967143681,113.6486551,52.958403918367345,122.10438611549601,1.462624711488834,32,64,,False,True,,891,59.56268577710819
56,2026-09-21T07:58:17.141+00:00,2026-09-21T07:59:19.466+00:00,2026-09-21T07:59:21.538+00:00,True,38,38.0,,38.0,62324.334869000006,64396.40603700001,64396.405981,1694.642262657895,0.0,62324.334869000006,10103.17987150839,276.56512384999996,56.00192345945946,199.8001976511089,0.5900950431638449,32,64,,False,True,,83,59.56268577710819
57,2026-09-21T07:58:17.340+00:00,2026-09-21T07:59:21.321+00:00,2026-09-21T07:59:24.159+00:00,True,63,63.0,,63.0,63980.652541,66818.526461,66818.526431,1060.6115306507936,0.0,63980.652541,8055.092126090128,79.2693469,45.77216,29.82800758359066,0.9428522797007688,32,64,,False,True,,388,59.56268577710819
58,2026-09-21T07:58:17.616+00:00,2026-09-21T07:59:21.740+00:00,2026-09-21T07:59:25.674+00:00,True,62,62.0,,62.0,64124.23288,68057.96472,68057.964676,1097.7091076774193,42.194644,64124.23288,8135.600958808178,81.841527,64.48740721311475,9.228274660013303,0.9109881592121757,32,64,,False,True,,253,59.56268577710819
59,2026-09-21T07:58:17.905+00:00,2026-09-21T07:59:23.407+00:00,2026-09-21T07:59:28.963+00:00,True,87,87.0,,87.0,65501.615197,71057.794653,71057.794675,816.7562606321839,42.393133,65501.615197,7015.589987562379,79.04087299999999,64.60673786046512,9.446925273545883,1.2243554760579236,32,64,,False,True,,95,59.56268577710819
60,2026-09-21T07:58:18.123+00:00,2026-09-21T07:59:24.631+00:00,2026-09-21T07:59:24.631+00:00,True,1,1.0,,1.0,66507.777651,66507.777651,66507.777651,66507.777651,66507.777651,66507.777651,nan,66507.777651,nan,nan,0.015035835436383194,32,64,,False,True,,1,59.56268577710819
61,2026-09-21T07:58:18.397+00:00,2026-09-21T07:59:26.028+00:00,2026-09-21T07:59:31.075+00:00,True,80,80.0,,80.0,67631.267956,72677.86098,72677.86102,908.47326275,39.083074,67631.267956,7554.269985951552,79.092596,63.88092435443038,9.94458867100579,1.100747860782735,32,64,,False,True,,234,59.56268577710819
62,2026-09-21T07:58:18.709+00:00,2026-09-21T07:59:27.845+00:00,2026-09-21T07:59:29.296+00:00,True,23,23.0,,23.0,69135.800073,70586.646793,70586.64675100001,3068.9846413478263,48.079944000000005,69135.800073,14402.062662465685,80.264795,65.94757818181817,9.257492568306633,0.32584066597537936,32,64,,False,True,,201,59.56268577710819
63,2026-09-21T07:58:18.999+00:00,2026-09-21T07:59:29.223+00:00,2026-09-21T07:59:30.761+00:00,True,25,25.0,,25.0,70224.20497400001,71762.073774,71762.07370000001,2870.4829480000003,46.204414,70224.20497400001,14032.028365421003,78.980011,64.07786666666667,9.284088548095319,0.34837343300212303,32,64,,False,True,,38,59.56268577710819
64,2026-09-21T07:58:19.228+00:00,2026-09-21T07:59:30.506+00:00,2026-09-21T07:59:32.836+00:00,True,35,35.0,,35.0,71277.847003,73607.364315,73607.364518,2103.067557657143,0.0,71277.847003,12038.704432988092,465.8505326,68.51521505882353,229.8833292571732,0.4754959007935509,32,64,,False,True,,70,59.56268577710819
65,2026-09-21T07:58:19.489+00:00,2026-09-21T07:59:32.840+00:00,2026-09-21T07:59:35.973+00:00,True,63,63.0,,63.0,73350.690611,76484.265267,76484.265167,1214.035955031746,0.0,73350.690611,9236.560917529716,213.2098626,50.54152670967742,173.8677189370522,0.8236988324339969,32,64,,False,True,,189,59.56268577710819
66,2026-09-21T07:58:19.688+00:00,2026-09-21T07:59:32.840+00:00,2026-09-21T07:59:35.753+00:00,True,48,48.0,,48.0,73151.989311,76065.411647,76065.41176799999,1584.6960784999999,0.0159,73151.989311,10551.790328192725,305.55388509999995,61.987709276595744,215.6659069215645,0.631035827726216,32,64,,False,True,,144,59.56268577710819
67,2026-09-21T07:58:19.964+00:00,2026-09-21T07:59:34.800+00:00,2026-09-21T07:59:34.800+00:00,True,3,3.0,,3.0,74835.885365,74835.975989,74835.975995,24945.325331666663,0.026719999999999997,74835.885365,43206.492397903276,67352.3032195,0.045312,0.026428823053628397,0.04008767120830981,32,64,,False,True,,3,59.56268577710819
68,2026-09-21T07:58:20.248+00:00,2026-09-21T07:59:35.955+00:00,2026-09-21T07:59:40.952+00:00,True,81,81.0,,81.0,75706.56338600001,80704.016698,80704.01675600001,996.3458858765433,8.845511,75706.56338600001,8404.915299985283,77.715397,62.4681664,16.41609398969981,1.0036675163654813,32,64,,False,True,,241,59.56268577710819
69,2026-09-21T07:58:20.528+00:00,2026-09-21T07:59:37.312+00:00,2026-09-21T07:59:39.801+00:00,True,41,41.0,,41.0,76784.64482700001,79272.96713100001,79272.967216,1933.487005268293,38.638113,76784.64482700001,11982.037033004472,78.648227,62.208057600000004,11.58630340956397,0.517200269951379,32,64,,False,True,,395,59.56268577710819
70,2026-09-21T07:58:20.864+00:00,2026-09-21T07:59:39.298+00:00,2026-09-21T07:59:44.560+00:00,True,83,83.0,,83.0,78434.667348,83696.362836,83696.36289,1008.3899143373494,38.074523,78434.667348,8602.2885179934,83.55848189999999,64.16701814634146,12.199068720471836,0.9916798913070511,32,64,,False,True,,166,59.56268577710819
71,2026-09-21T07:58:21.118+00:00,2026-09-21T07:59:40.399+00:00,2026-09-21T07:59:44.561+00:00,True,65,65.0,,65.0,79281.549597,83443.004189,83443.003993,1283.7385229692309,42.620374000000005,79281.549597,9825.607950860991,81.20452499999999,65.022728,11.876201592817178,0.7789748299662577,32,64,,False,True,,520,59.56268577710819
72,2026-09-21T07:58:21.472+00:00,2026-09-21T07:59:42.020+00:00,2026-09-21T07:59:43.985+00:00,True,31,31.0,,31.0,80547.55815299999,82512.93799299998,82512.93789599999,2661.7076740645157,42.809644,80547.55815299999,14455.008065918828,96.51023300000001,65.51266133333334,13.369970422627231,0.37569865713216877,32,64,,False,True,,34,59.56268577710819
73,2026-09-21T07:58:21.741+00:00,2026-09-21T07:59:43.474+00:00,2026-09-21T07:59:46.986+00:00,True,34,34.0,,34.0,81733.159424,85245.768192,85245.768153,2507.2284750882354,0.0,81733.159424,14001.897439387569,665.42119595,106.44268993939394,295.8424798105385,0.3988467782168543,32,64,,False,True,,70,59.56268577710819
74,2026-09-21T07:58:22.030+00:00,2026-09-21T07:59:45.051+00:00,2026-09-21T07:59:46.973+00:00,True,23,23.0,,23.0,83020.84435099999,84942.388799,84942.38878,3693.147338260869,0.0,83020.84435099999,17296.579607679756,1568.5219135,87.34292945454546,368.5868956394491,0.2707717586613337,32,64,,False,True,,207,59.56268577710819
75,2026-09-21T07:58:22.284+00:00,2026-09-21T07:59:46.976+00:00,2026-09-21T07:59:51.377+00:00,True,78,78.0,,78.0,84692.08877500001,89092.89363900002,89092.89377200001,1142.216586820513,0.0,84692.08877500001,9583.042042862102,77.91170149999999,57.15330992207792,20.982015326364028,0.875490702053658,32,64,,False,True,,156,59.56268577710819
76,2026-09-21T07:58:22.575+00:00,2026-09-21T07:59:47.768+00:00,2026-09-21T07:59:47.768+00:00,True,1,1.0,,1.0,85192.48634399999,85192.48634399999,85192.48634399999,85192.48634399999,85192.48634399999,85192.48634399999,nan,85192.48634399999,nan,nan,0.011738124368880202,32,64,,False,True,,2,59.56268577710819
77,2026-09-21T07:58:22.783+00:00,2026-09-21T07:59:48.699+00:00,2026-09-21T07:59:49.590+00:00,True,16,16.0,,16.0,85915.98492399999,86806.75970799998,86806.759803,5425.4224876875,46.087554,85915.98492399999,21464.152051253535,21536.972511249995,59.3849856,9.753341539666646,0.18431744317862683,32,64,,False,True,,48,59.56268577710819
78,2026-09-21T07:58:23.259+00:00,2026-09-21T07:59:50.721+00:00,2026-09-21T07:59:55.237+00:00,True,71,71.0,,71.0,87461.95366300001,91977.33516700001,91977.3352,1295.4554253521128,0.01713,87461.95366300001,10373.712706895483,232.21085,64.50545005714285,180.2576623332487,0.7719293005291771,32,64,,False,True,,142,59.56268577710819
79,2026-09-21T07:58:23.344+00:00,2026-09-21T07:59:51.745+00:00,2026-09-21T07:59:56.798+00:00,True,80,80.0,,80.0,88400.36230400001,93453.304384,93453.30446900001,1168.1663058625002,0.0152,88400.36230400001,9877.607161585533,155.85393815,63.96129215189873,161.1055034458246,0.8560424965957295,32,64,,False,True,,120,59.56268577710819
80,2026-09-21T07:58:23.552+00:00,2026-09-21T07:59:52.735+00:00,2026-09-21T07:59:54.174+00:00,True,12,12.0,,12.0,89183.47284999999,90622.226642,90622.22676699999,7551.852230583333,0.017079999999999998,89183.47284999999,25710.619530663993,40923.75243834999,130.79579927272727,433.7252791923012,0.1324178454299693,32,64,,False,True,,64,59.56268577710819
81,2026-09-21T07:58:23.766+00:00,2026-09-21T07:59:54.403+00:00,2026-09-21T07:59:55.488+00:00,True,26,26.0,,26.0,90636.84077400001,91721.97101400001,91721.97114000001,3527.7681207692312,0.0172,90636.84077400001,17766.910952922146,147.951981,43.4052096,53.21344267763526,0.2834653432821617,32,64,,False,True,,75,59.56268577710819
82,2026-09-21T07:58:24.072+00:00,2026-09-21T07:59:55.535+00:00,2026-09-21T07:59:57.095+00:00,True,25,25.0,,25.0,91462.840852,93023.017748,93023.01765899999,3720.9207063599997,41.483343,91462.840852,18279.570466063902,81.831033,65.00737066666666,11.990973121792733,0.26875068778917893,32,64,,False,True,,50,59.56268577710819
83,2026-09-21T07:58:24.423+00:00,2026-09-21T07:59:57.245+00:00,2026-09-21T08:00:02.880+00:00,True,77,77.0,,77.0,92822.19628599999,98457.532734,98457.532652,1278.6692552207792,0.0,92822.19628599999,10571.751983472406,79.4436252,74.14916378947369,213.66893674536664,0.782063066804942,32,64,,False,True,,276,59.56268577710819
84,2026-09-21T07:58:24.752+00:00,2026-09-21T07:59:59.118+00:00,2026-09-21T08:00:02.884+00:00,True,57,57.0,,57.0,94366.72921699999,98132.52121699999,98132.52112799998,1721.6231776842103,0.0,94366.72921699999,12492.752151594696,79.278985,67.24628571428572,251.19199715605427,0.5808471981878073,32,64,,False,True,,173,59.56268577710819
85,2026-09-21T07:58:25.086+00:00,2026-09-21T08:00:00.916+00:00,2026-09-21T08:00:06.435+00:00,True,86,86.0,,86.0,95829.61237,101348.528722,101348.528755,1178.4712645930233,0.0,95829.61237,10328.578798252582,76.57841675,64.92842767058823,204.83113194850347,0.8485569655964009,32,64,,False,True,,175,59.56268577710819
86,2026-09-21T07:58:25.325+00:00,2026-09-21T08:00:02.869+00:00,2026-09-21T08:00:04.429+00:00,True,42,42.0,,42.0,97544.514737,99104.557489,99104.557424,2359.632319619048,0.0,97544.514737,15045.605824061642,75.98706850000002,38.04982321951219,31.241498010052098,0.4237948391491657,32,64,,False,True,,42,59.56268577710819
87,2026-09-21T07:58:25.637+00:00,2026-09-21T08:00:03.674+00:00,2026-09-21T08:00:04.263+00:00,True,10,10.0,,10.0,98036.95407600001,98626.08354800001,98626.083547,9862.608354700002,56.403735,98036.95407600001,30981.30785742856,53955.21512595001,65.45883022222222,7.3855395148842335,0.10139305587586404,32,64,,False,True,,20,59.56268577710819
88,2026-09-21T07:58:25.945+00:00,2026-09-21T08:00:04.960+00:00,2026-09-21T08:00:05.910+00:00,True,15,15.0,,15.0,99014.82013699999,99964.91165699999,99964.911841,6664.327456066666,53.868044999999995,99014.82013699999,25547.995430828596,29758.783370999998,67.86368,7.896480051766474,0.1500526509888596,32,64,,False,True,,110,59.56268577710819
89,2026-09-21T07:58:26.170+00:00,2026-09-21T08:00:05.910+00:00,2026-09-21T08:00:10.710+00:00,True,79,79.0,,79.0,99740.824418,104540.815202,104540.81503,1323.3014560759493,44.658124,99740.824418,11214.79988736145,78.4760649,61.53834338461538,9.549463166722393,0.7556857084704331,32,64,,False,True,,158,59.56268577710819
90,2026-09-21T07:58:26.514+00:00,2026-09-21T08:00:07.870+00:00,2026-09-21T08:00:12.702+00:00,True,78,78.0,,78.0,101356.49725399999,106188.80650199999,106188.80646899999,1361.394954730769,42.072724,101356.49725399999,11469.261900140356,78.56969769999999,62.75726296103896,10.055351546098393,0.7345406975501785,32,64,,True,True,,187,59.56268577710819
91,2026-09-21T07:58:26.776+00:00,2026-09-21T08:00:09.340+00:00,2026-09-21T08:00:14.666+00:00,True,85,85.0,,85.0,102564.194076,107890.745116,107890.744954,1269.3028818117648,43.732114,102564.194076,11117.775262649226,78.45436079999999,63.411321904761905,9.947951203288474,0.7878340251391466,32,64,,True,True,,392,59.56268577710819
92,2026-09-21T07:58:26.990+00:00,2026-09-21T08:00:10.510+00:00,2026-09-21T08:00:11.842+00:00,True,21,21.0,,21.0,103519.480887,104851.447095,104851.446924,4992.926044,42.908344,103519.480887,22575.27192860192,79.98512699999999,66.5983104,10.11334118503251,0.20028335880737136,32,64,,True,True,,21,59.56268577710819
93,2026-09-21T07:58:27.326+00:00,2026-09-21T08:00:11.968+00:00,2026-09-21T08:00:12.525+00:00,True,10,10.0,,10.0,104641.62754999999,105198.89602999999,105198.89595899999,10519.889595899998,46.775874,104641.62754999999,33071.00895187246,57585.82740619999,61.91872,9.664898568238364,0.09505803176060194,32,64,,True,True,,29,59.56268577710819
94,2026-09-21T07:58:27.527+00:00,2026-09-21T08:00:13.338+00:00,2026-09-21T08:00:15.593+00:00,True,37,37.0,,37.0,105810.54841,108065.993914,108065.993818,2920.702535621622,44.768974,105810.54841,17384.84935705629,75.69300419999999,62.651264,8.781221914861474,0.3423833776002187,32,64,,True,True,,111,59.56268577710819
95,2026-09-21T07:58:27.835+00:00,2026-09-21T08:00:15.048+00:00,2026-09-21T08:00:16.839+00:00,True,30,30.0,,30.0,107213.670298,109004.876698,109004.876735,3633.4958911666668,42.677534,107213.670298,19563.173890601112,76.1860025,61.76573793103449,9.345205392815085,0.27521704449164736,32,64,,True,True,,60,59.56268577710819
96,2026-09-21T07:58:28.167+00:00,2026-09-21T08:00:16.732+00:00,2026-09-21T08:00:19.414+00:00,True,43,43.0,,43.0,108564.682542,111246.65195,111246.651934,2587.1314403255815,44.297083,108564.682542,16546.223956800062,75.90165189999999,63.85641447619048,10.238698202395886,0.3865284864422385,32,64,,True,True,,172,59.56268577710819
97,2026-09-21T07:58:28.505+00:00,2026-09-21T08:00:18.340+00:00,2026-09-21T08:00:23.125+00:00,True,77,77.0,,77.0,109834.524309,114619.582613,114619.582784,1488.5660101818182,47.490542999999995,109834.524309,12509.633609571294,76.3651638,62.961293473684215,8.735251242607433,0.6717874750947379,32,64,,True,True,,425,59.56268577710819
98,2026-09-21T07:58:28.723+00:00,2026-09-21T08:00:19.409+00:00,2026-09-21T08:00:24.431+00:00,True,81,81.0,,81.0,110685.640145,115707.410641,115707.410708,1428.4865519506172,41.989913,110685.640145,12291.433378395035,77.804246,62.772131200000004,9.465621380722132,0.7000415924206872,32,64,,True,True,,162,59.56268577710819
99,2026-09-21T07:58:29.001+00:00,2026-09-21T08:00:20.737+00:00,2026-09-21T08:00:22.490+00:00,True,30,30.0,,30.0,111735.632875,113489.42769099999,113489.427856,3782.980928533333,44.775093,111735.632875,20389.002841361664,77.65022404999999,60.47568331034483,9.052051952742149,0.26434180355267645,32,64,,True,True,,330,59.56268577710819
100,2026-09-21T07:58:29.203+00:00,2026-09-21T08:00:21.654+00:00,2026-09-21T08:00:22.495+00:00,True,15,15.0,,15.0,112451.127353,113292.528441,113292.528355,7552.835223666667,41.387083,112451.127353,29019.239987728746,33789.2270864,60.10007771428572,9.766659317905926,0.13240061111189372,32,64,,True,True,,47,59.56268577710819
101,2026-09-21T07:58:29.435+00:00,2026-09-21T08:00:22.935+00:00,2026-09-21T08:00:23.819+00:00,True,15,15.0,,15.0,113500.24150399999,114384.14832,114384.14833,7625.609888666666,42.755793,113500.24150399999,29289.336183101692,34104.14679669999,63.13620114285714,9.850020761850441,0.13113705194566072,32,64,,True,True,,15,59.56268577710819
102,2026-09-21T07:58:29.771+00:00,2026-09-21T08:00:24.699+00:00,2026-09-21T08:00:28.690+00:00,True,64,64.0,,64.0,114928.11128,118919.36401599999,118919.364027,1858.115062921875,44.316483,114928.11128,14358.098023615792,77.875728,63.35321803174603,9.76201824455335,0.5381798038491791,32,64,,True,True,,197,59.56268577710819
103,2026-09-21T07:58:29.969+00:00,2026-09-21T08:00:25.870+00:00,2026-09-21T08:00:30.595+00:00,True,76,76.0,,76.0,115900.984977,120626.168209,120626.168388,1587.1864261578946,42.119224,115900.984977,13287.53129381243,77.403626,63.00244309333333,9.580146881318003,0.6300457117092574,32,64,,True,True,,456,59.56268577710819
104,2026-09-21T07:58:30.194+00:00,2026-09-21T08:00:26.978+00:00,2026-09-21T08:00:30.101+00:00,True,51,51.0,,51.0,116784.340266,119907.332394,119907.332318,2351.1241630980394,44.407853,116784.340266,16344.335757731676,78.844396,62.459842560000006,10.499218110500394,0.42532845141129977,32,64,,True,True,,355,59.56268577710819
105,2026-09-21T07:58:30.531+00:00,2026-09-21T08:00:28.690+00:00,2026-09-21T08:00:30.458+00:00,True,30,30.0,,30.0,118158.55774799999,119926.99013199999,119926.99029999999,3997.566343333333,44.228933,118158.55774799999,21561.570916160308,77.25363095,60.980427034482766,9.184641254778679,0.2501521964903806,32,64,,True,True,,178,59.56268577710819
106,2026-09-21T07:58:30.763+00:00,2026-09-21T08:00:29.856+00:00,2026-09-21T08:00:30.964+00:00,True,19,19.0,,19.0,119092.833371,120200.805467,120200.805403,6326.358179105263,47.426834,119092.833371,27307.64928454426,11977.757294599998,61.554005333333336,7.506893108255043,0.1580688242993203,32,64,,True,True,,38,59.56268577710819
107,2026-09-21T07:58:30.992+00:00,2026-09-21T08:00:31.112+00:00,2026-09-21T08:00:32.076+00:00,True,16,16.0,,16.0,120119.57156,121083.24388,121083.24365199999,7567.702728249999,52.427765,120119.57156,30013.833184914933,30089.10106625,64.24482133333333,9.810395092899679,0.1321404967962112,32,64,,True,True,,65,59.56268577710819
108,2026-09-21T07:58:31.322+00:00,2026-09-21T08:00:32.922+00:00,2026-09-21T08:00:38.143+00:00,True,85,85.0,,85.0,121599.376781,126820.34190099999,126820.342038,1492.0040239764705,41.755632,121599.376781,13182.566408395962,79.363488,62.15434666666666,10.011317279029095,0.6702394799278629,32,64,,True,True,,85,59.56268577710819
109,2026-09-21T07:58:31.651+00:00,2026-09-21T08:00:34.229+00:00,2026-09-21T08:00:34.969+00:00,True,13,13.0,,13.0,122578.112684,123317.87025200001,123317.870148,9485.990011384616,47.017703000000004,122578.112684,33979.95506011887,49075.6474652,61.646464,9.157716091956315,0.10541862240593765,32,64,,True,True,,100,59.56268577710819
110,2026-09-21T07:58:31.879+00:00,2026-09-21T08:00:35.341+00:00,2026-09-21T08:00:38.321+00:00,True,50,50.0,,50.0,123462.356732,126441.938684,126441.938613,2528.83877226,44.407463,123462.356732,17451.617085256188,77.06360455,60.80779493877551,9.758353584035467,0.39543841640200206,32,64,,True,True,,248,59.56268577710819
111,2026-09-21T07:58:32.214+00:00,2026-09-21T08:00:37.165+00:00,2026-09-21T08:00:39.896+00:00,True,44,44.0,,44.0,124951.131412,127681.99912400001,127681.999035,2901.8636144318184,45.968243,124951.131412,18827.51965715897,76.9638652,63.50855144186047,9.023250048839433,0.34460613322061817,32,64,,True,True,,88,59.56268577710819
112,2026-09-21T07:58:32.462+00:00,2026-09-21T08:00:38.531+00:00,2026-09-21T08:00:41.537+00:00,True,47,47.0,,47.0,126069.53273800001,129075.291458,129075.29141100001,2746.2827959787237,51.107673999999996,126069.53273800001,18379.60179537642,76.9402317,65.34258086956523,7.919833286003557,0.36412855992111703,32,64,,True,True,,141,59.56268577710819
113,2026-09-21T07:58:32.781+00:00,2026-09-21T08:00:39.961+00:00,2026-09-21T08:00:40.352+00:00,True,7,7.0,,7.0,127180.531601,127571.327889,127571.32793999999,18224.47542,52.592924,127180.531601,48045.10567359207,89049.15669019999,65.13271466666666,10.329758689173463,0.054871263910419674,32,64,,True,True,,21,59.56268577710819
114,2026-09-21T07:58:33.441+00:00,2026-09-21T08:00:41.161+00:00,2026-09-21T08:00:46.016+00:00,True,76,76.0,,76.0,127720.44483200001,132574.983072,132574.98306300002,1744.407671881579,41.834892999999994,127720.44483200001,14643.11874449721,80.078461,64.72717653333333,10.43727698847301,0.5732604918284262,32,64,,True,True,,356,59.56268577710819
115,2026-09-21T07:58:33.481+00:00,2026-09-21T08:00:42.510+00:00,2026-09-21T08:00:47.266+00:00,True,74,74.0,,74.0,129029.788339,133784.861619,133784.861382,1807.9035321891893,44.871803,129029.788339,14991.839328907712,78.923698,65.1379901369863,9.93074618658983,0.5531268568393136,32,64,,True,True,,224,59.56268577710819
116,2026-09-21T07:58:33.628+00:00,2026-09-21T08:00:44.884+00:00,2026-09-21T08:00:48.856+00:00,True,63,63.0,,63.0,131255.27104,135227.329664,135227.32956399999,2146.4655486349207,41.859593000000004,131255.27104,16528.541318435324,78.67349200000001,64.06546167741935,10.081440444919245,0.46588215678396083,32,64,,True,True,,252,59.56268577710819
117,2026-09-21T07:58:33.873+00:00,2026-09-21T08:00:46.215+00:00,2026-09-21T08:00:46.288+00:00,True,2,2.0,,2.0,132341.421603,132414.563875,132414.563858,66207.281929,73.142255,132341.421603,93527.79726284738,125728.00763559999,73.142272,nan,0.01510407874686662,32,64,,True,True,,4,59.56268577710819
118,2026-09-21T07:58:34.107+00:00,2026-09-21T08:00:47.578+00:00,2026-09-21T08:00:50.818+00:00,True,52,52.0,,52.0,133470.93607,136710.38439,136710.384411,2629.0458540576924,45.266704,133470.93607,18500.281619288013,74.80049650000001,63.51859450980392,7.414002349607524,0.3803661311613111,32,64,,True,True,,190,59.56268577710819
119,2026-09-21T07:58:34.443+00:00,2026-09-21T08:00:49.345+00:00,2026-09-21T08:00:55.027+00:00,True,90,90.0,,90.0,134901.097246,140583.47676599998,140583.47678899998,1562.0386309888888,39.179113,134901.097246,14213.097557567022,79.0992975,63.846960898876404,9.905731634807758,0.6401890326684995,32,64,,True,True,,187,59.56268577710819
120,2026-09-21T07:58:34.788+00:00,2026-09-21T08:00:51.183+00:00,2026-09-21T08:00:54.227+00:00,True,49,49.0,,49.0,136395.275047,139439.221799,139439.221643,2845.698400877551,42.466133,136395.275047,19475.982554869377,78.0509666,63.41555733333334,10.223333663516865,0.35140758366130964,32,64,,True,True,,539,59.56268577710819
121,2026-09-21T07:58:35.009+00:00,2026-09-21T08:00:52.266+00:00,2026-09-21T08:00:58.230+00:00,True,96,96.0,,96.0,137257.527174,143221.099398,143221.099498,1491.8864531041665,41.437033,137257.527174,14002.383913778789,76.57406850000001,62.77444446315789,9.364253134062315,0.6702922991341079,32,64,,True,True,,288,59.56268577710819
122,2026-09-21T07:58:35.202+00:00,2026-09-21T08:00:53.319+00:00,2026-09-21T08:00:58.225+00:00,True,79,79.0,,79.0,138116.48250299998,143023.279303,143023.279498,1810.421259468354,39.340433,138116.48250299998,15532.243493545217,77.273417,62.90765128205128,9.418993863906323,0.5523576328622395,32,64,,True,True,,474,59.56268577710819
123,2026-09-21T07:58:35.443+00:00,2026-09-21T08:00:54.442+00:00,2026-09-21T08:00:56.540+00:00,True,35,35.0,,35.0,138999.058171,141096.37068300002,141096.37057700002,4031.324873628572,47.766392999999994,138999.058171,23484.703474980473,75.8880617,61.68566211764706,7.528187871923574,0.248057408072063,32,64,,True,True,,105,59.56268577710819
124,2026-09-21T07:58:35.756+00:00,2026-09-21T08:00:56.233+00:00,2026-09-21T08:00:58.361+00:00,True,35,35.0,,35.0,140477.85966299998,142605.105487,142605.10541,4074.4315831428567,42.381943,140477.85966299998,23734.51829718851,76.60500569999999,62.56605364705882,9.204296070665297,0.24543300802922957,32,64,,True,True,,140,59.56268577710819
125,2026-09-21T07:58:35.967+00:00,2026-09-21T08:00:57.287+00:00,2026-09-21T08:00:59.476+00:00,True,35,35.0,,35.0,141320.747099,143509.023579,143509.023682,4100.257819485714,39.972972999999996,141320.747099,23876.68926699342,76.36871969999999,64.36107294117647,10.25145465012292,0.24388710289519125,32,64,,True,True,,35,59.56268577710819
126,2026-09-21T07:58:36.237+00:00,2026-09-21T08:00:58.742+00:00,2026-09-21T08:01:01.386+00:00,True,42,42.0,,42.0,142504.83118799998,145148.66888399998,145148.66888399998,3455.920687714285,46.980683,142504.83118799998,21979.025263024032,78.94080395,64.48384624390243,10.609970055384926,0.2893584923852494,32,64,,True,True,,183,59.56268577710819
127,2026-09-21T07:58:36.456+00:00,2026-09-21T08:00:59.718+00:00,2026-09-21T08:01:02.882+00:00,True,50,50.0,,50.0,143262.285279,146426.524127,146426.523974,2928.53047948,41.283283000000004,143262.285279,20251.217271181195,79.19350999999999,64.57630302040816,11.243102570353628,0.34146818889611513,32,64,,True,True,,228,59.56268577710819
128,2026-09-21T07:58:36.683+00:00,2026-09-21T08:01:00.884+00:00,2026-09-21T08:01:03.905+00:00,True,48,48.0,,48.0,144201.476972,147222.298988,147222.299026,3067.131229708333,46.854114,144201.476972,20804.41569548188,76.78064685,64.27280885106383,9.866149641520536,0.3260375658439653,32,64,,True,True,,144,59.56268577710819
129,2026-09-21T07:58:36.933+00:00,2026-09-21T08:01:02.128+00:00,2026-09-21T08:01:05.662+00:00,True,57,57.0,,57.0,145194.66632800002,148728.424024,148728.42406000002,2609.27059754386,42.099433,145194.66632800002,19223.14753995407,77.708516,63.102816,9.590662836631036,0.38324886701416283,32,64,,True,True,,407,59.56268577710819
130,2026-09-21T07:58:37.231+00:00,2026-09-21T08:01:03.601+00:00,2026-09-21T08:01:09.119+00:00,True,89,89.0,,89.0,146370.22162599998,151888.440634,151888.44074599998,1706.6116937752806,43.376533,146370.22162599998,15508.568474613428,77.347978,62.70703418181818,9.612457532221264,0.5859563744844812,32,64,,True,True,,178,59.56268577710819
131,2026-09-21T07:58:37.570+00:00,2026-09-21T08:01:05.664+00:00,2026-09-21T08:01:08.485+00:00,True,46,46.0,,46.0,148094.706824,150915.49479199998,150915.494814,3280.7716263913044,41.360293,148094.706824,21826.133262439787,79.551281,62.68417706666667,10.066659233434565,0.30480634253891375,32,64,,True,True,,46,59.56268577710819
132,2026-09-21T07:58:37.882+00:00,2026-09-21T08:01:07.221+00:00,2026-09-21T08:01:10.764+00:00,True,57,57.0,,57.0,149339.018668,152881.555628,152881.555811,2682.132558087719,41.551803,149339.018668,19772.060220958763,78.06444000000002,63.25958857142857,10.840623252116918,0.37283765046645395,32,64,,True,True,,114,59.56268577710819
133,2026-09-21T07:58:38.104+00:00,2026-09-21T08:01:08.752+00:00,2026-09-21T08:01:14.881+00:00,True,97,97.0,,97.0,150647.82376899998,156776.948633,156776.94863399997,1616.257202412371,42.838142999999995,150647.82376899998,15289.489786810089,77.64847,63.845050666666666,10.028418872909153,0.6187134068227583,32,64,,True,True,,194,59.56268577710819
134,2026-09-21T07:58:38.415+00:00,2026-09-21T08:01:10.303+00:00,2026-09-21T08:01:14.300+00:00,True,63,63.0,,63.0,151888.778942,155885.666494,155885.666588,2474.3756601269843,46.338744,151888.778942,19128.067939249366,78.169913,64.46592825806452,9.767025022727822,0.4041423526416706,32,64,,True,True,,136,59.56268577710819
135,2026-09-21T07:58:38.699+00:00,2026-09-21T08:01:12.291+00:00,2026-09-21T08:01:13.388+00:00,True,18,18.0,,18.0,153591.990459,154688.738491,154688.73861099998,8593.818811722222,52.519554,153591.990459,36186.7754158471,23128.42503895,64.51459011764706,13.363564833297897,0.11636270471652507,32,64,,True,True,,53,59.56268577710819
136,2026-09-21T07:58:38.970+00:00,2026-09-21T08:01:13.389+00:00,2026-09-21T08:01:18.634+00:00,True,83,83.0,,83.0,154419.087203,159664.222051,159664.222172,1923.665327373494,44.135143,154419.087203,16942.678074242966,76.703851,63.96505912195122,8.914597506999922,0.519840944538521,32,64,,True,True,,506,59.56268577710819
137,2026-09-21T07:58:39.290+00:00,2026-09-21T08:01:15.267+00:00,2026-09-21T08:01:19.896+00:00,True,74,74.0,,74.0,155977.472778,160605.953546,160605.953552,2170.3507236756755,44.308703,155977.472778,18124.645203920372,78.965187,63.4038461369863,10.223131789215412,0.46075502412060504,32,64,,True,True,,477,59.56268577710819
138,2026-09-21T07:58:39.583+00:00,2026-09-21T08:01:16.911+00:00,2026-09-21T08:01:23.104+00:00,True,99,99.0,,99.0,157327.83349000002,163520.55899400002,163520.55885600002,1651.7228167272729,42.788103,157327.83349000002,15805.69463663133,78.21561019999999,63.191076571428574,10.379988026269034,0.6054284587152895,32,64,,True,True,,99,59.56268577710819
139,2026-09-21T07:58:39.818+00:00,2026-09-21T08:01:17.924+00:00,2026-09-21T08:01:22.270+00:00,True,70,70.0,,70.0,158106.310822,162452.332454,162452.332458,2320.7476065428573,45.553233999999996,158106.310822,18889.793067935472,77.37082699999999,62.98582075362319,10.196987417928016,0.4308956291521466,32,64,,True,True,,181,59.56268577710819
140,2026-09-21T07:58:40.101+00:00,2026-09-21T08:01:19.506+00:00,2026-09-21T08:01:23.233+00:00,True,60,60.0,,60.0,159405.36815999998,163132.049248,163132.04917999997,2718.867486333333,44.928434,159405.36815999998,20570.992442593604,77.01334295000001,63.16408623728813,9.920532179033646,0.36780019791687624,32,64,,True,True,,180,59.56268577710819
141,2026-09-21T07:58:40.383+00:00,2026-09-21T08:01:21.125+00:00,2026-09-21T08:01:22.072+00:00,True,16,16.0,,16.0,160742.069351,161689.08707900002,161689.086868,10105.56792925,48.478182999999994,160742.069351,40169.73482152996,40242.37970975,63.1345152,9.77063122030684,0.09895534874399114,32,64,,True,True,,80,59.56268577710819
142,2026-09-21T07:58:40.589+00:00,2026-09-21T08:01:22.211+00:00,2026-09-21T08:01:23.507+00:00,True,21,21.0,,21.0,161622.018063,162917.795599,162917.795673,7757.990270142857,44.624472000000004,161622.018063,35254.67935821701,77.993994,64.7888768,11.078530101932522,0.12889936254532097,32,64,,True,True,,36,59.56268577710819
143,2026-09-21T07:58:40.889+00:00,2026-09-21T08:01:23.557+00:00,2026-09-21T08:01:26.211+00:00,True,43,43.0,,43.0,162668.219075,165321.531075,165321.531128,3844.6867704186047,50.513232,162668.219075,24797.038099844787,76.484492,63.17409523809524,7.846120365408987,0.26009921224654375,32,64,,True,True,,172,59.56268577710819
144,2026-09-21T07:58:41.088+00:00,2026-09-21T08:01:24.810+00:00,2026-09-21T08:01:25.474+00:00,True,11,11.0,,11.0,163721.32666299999,164385.956167,164385.95626799998,14944.177842545454,51.093672,163721.32666299999,49343.79879579408,81898.81197849999,66.4629504,9.331781782306114,0.06691569192702253,32,64,,True,True,,11,59.56268577710819
145,2026-09-21T07:58:41.367+00:00,2026-09-21T08:01:25.916+00:00,2026-09-21T08:01:28.117+00:00,True,37,37.0,,37.0,164549.231333,166750.232549,166750.232342,4506.76303627027,42.216311999999995,164549.231333,27041.6779716214,80.53021640000001,61.138922666666666,10.9479845068367,0.22188874602695052,32,64,,True,True,,392,59.56268577710819
146,2026-09-21T07:58:41.674+00:00,2026-09-21T08:01:27.498+00:00,2026-09-21T08:01:28.110+00:00,True,11,11.0,,11.0,165824.435597,166436.609933,166436.60997,15130.600906363637,45.972732,165824.435597,49979.49191892392,82950.40413550001,61.2174336,11.203099583966367,0.06609122839276835,32,64,,True,True,,22,59.56268577710819
147,2026-09-21T07:58:41.953+00:00,2026-09-21T08:01:28.766+00:00,2026-09-21T08:01:32.128+00:00,True,55,55.0,,55.0,166812.41773699998,170174.303177,170174.303318,3094.078242145454,44.630352,166812.41773699998,22484.58881944601,76.21601800000002,62.25713777777778,8.958083510751976,0.3231980326829601,32,64,,True,True,,330,59.56268577710819
148,2026-09-21T07:58:42.186+00:00,2026-09-21T08:01:29.895+00:00,2026-09-21T08:01:34.585+00:00,True,76,76.0,,76.0,167709.37902300002,172399.467727,172399.46767600003,2268.4140483684214,41.781601,167709.37902300002,19230.413826935444,75.0985365,62.534516053333334,8.594730259676565,0.44083662787374955,32,64,,True,True,,458,59.56268577710819
149,2026-09-21T07:58:42.379+00:00,2026-09-21T08:01:30.918+00:00,2026-09-21T08:01:34.769+00:00,True,63,63.0,,63.0,168538.510359,172390.21672700002,172390.216766,2736.3526470793654,44.572692,168538.510359,21226.03136206043,75.3271839,62.12429625806452,8.98552102369092,0.3654499727195531,32,64,,True,True,,409,59.56268577710819
150,2026-09-21T07:58:42.578+00:00,2026-09-21T08:01:32.055+00:00,2026-09-21T08:01:35.593+00:00,True,56,56.0,,56.0,169476.28202900002,173014.91729300003,173014.91716,3089.5520921428574,44.442412,169476.28202900002,22638.624632205367,76.1910965,64.33882298181818,8.21626919376303,0.3236715127006317,32,64,,True,True,,616,59.56268577710819
151,2026-09-21T07:58:42.817+00:00,2026-09-21T08:01:33.550+00:00,2026-09-21T08:01:35.039+00:00,True,24,24.0,,24.0,170732.981185,172221.837505,172221.83756500002,7175.909898541667,43.448313,170732.981185,34837.51142420369,75.651727,64.73288347826087,9.040210708208182,0.13935515000705542,32,64,,True,True,,139,59.56268577710819
152,2026-09-21T07:58:43.673+00:00,2026-09-21T08:01:37.006+00:00,2026-09-21T08:01:37.132+00:00,True,3,3.0,,3.0,173333.242642,173459.166226,173459.166159,57819.722053,49.803112999999996,173333.242642,100037.64417607477,156007.5304182,62.961792,18.608968758466116,0.01729513674758069,32,64,,True,True,,10,59.56268577710819
153,2026-09-21T07:58:43.731+00:00,2026-09-21T08:01:37.475+00:00,2026-09-21T08:01:38.738+00:00,True,21,21.0,,21.0,173743.376172,175006.263852,175006.26384,8333.631611428571,48.805521999999996,173743.376172,37900.13496990125,78.260204,63.144384,9.839153029054312,0.11999570494093492,32,64,,True,True,,86,59.56268577710819
154,2026-09-21T07:58:43.752+00:00,2026-09-21T08:01:37.930+00:00,2026-09-21T08:01:42.897+00:00,True,81,81.0,,81.0,174178.80284400002,179145.23356400002,179145.233493,2211.6695492962967,44.135173,174178.80284400002,19346.30484346092,77.34985400000001,62.080384,9.591269846104673,0.45214711208636527,32,64,,True,True,,271,59.56268577710819
155,2026-09-21T07:58:43.952+00:00,2026-09-21T08:01:39.080+00:00,2026-09-21T08:01:41.234+00:00,True,35,35.0,,35.0,175127.872456,177281.767112,177281.76720200002,5065.193348628572,50.336133000000004,175127.872456,29591.306465216952,77.5010553,63.349842823529414,8.68823155374356,0.1974258299100116,32,64,,True,True,,280,59.56268577710819
156,2026-09-21T07:58:44.222+00:00,2026-09-21T08:01:40.334+00:00,2026-09-21T08:01:40.633+00:00,True,6,6.0,,6.0,176112.54647499998,176411.481515,176411.48174199997,29401.913623666664,47.763332999999996,176112.54647499998,71873.23847140202,132102.292307,59.787008,8.542004779169817,0.03401139171029426,32,64,,True,True,,50,59.56268577710819
157,2026-09-21T07:58:44.527+00:00,2026-09-21T08:01:41.637+00:00,2026-09-21T08:01:43.101+00:00,True,26,26.0,,26.0,177109.723345,178574.004945,178574.005034,6868.230962846154,45.606812,177109.723345,34722.588537521384,74.45364150000002,58.571264,7.934628440618166,0.1455978993583522,32,64,,True,True,,234,59.56268577710819
158,2026-09-21T07:58:44.841+00:00,2026-09-21T08:01:43.484+00:00,2026-09-21T08:01:48.520+00:00,True,81,81.0,,81.0,178643.040382,183679.028862,183679.028984,2267.6423331358023,44.844953000000004,178643.040382,19842.234615835376,78.581304,62.949856,9.687606682073374,0.44098665210635535,32,64,,True,True,,729,59.56268577710819
159,2026-09-21T07:58:45.079+00:00,2026-09-21T08:01:44.627+00:00,2026-09-21T08:01:45.297+00:00,True,12,12.0,,12.0,179547.63002900002,180217.81985300002,180217.81993500004,15018.151661250002,46.779341,179547.63002900002,51813.34928368971,80839.12870075,60.92634763636363,10.365902197324527,0.0665860901535051,32,64,,True,True,,24,59.56268577710819
160,2026-09-21T07:58:45.317+00:00,2026-09-21T08:01:45.835+00:00,2026-09-21T08:01:47.554+00:00,True,28,28.0,,28.0,180517.955322,182236.780794,182236.780753,6508.456455464286,48.928393,180517.955322,34102.65738510615,78.682393,63.66020266666666,8.85200888858089,0.1536462610786081,32,64,,True,True,,164,59.56268577710819
161,2026-09-21T07:58:45.550+00:00,2026-09-21T08:01:46.919+00:00,2026-09-21T08:01:50.380+00:00,True,56,56.0,,56.0,181369.879834,184830.84649,184830.846571,3300.550831625,43.884843000000004,181369.879834,24228.162062030722,76.3175965,62.92666647272728,8.092042613799494,0.3029797301882172,32,64,,True,True,,225,59.56268577710819
162,2026-09-21T07:58:45.786+00:00,2026-09-21T08:01:48.163+00:00,2026-09-21T08:01:53.408+00:00,True,84,84.0,,84.0,182377.143137,187621.83024100002,187621.83039000002,2233.5932189285713,41.528953,182377.143137,19892.085543681667,78.26418215,63.189001253012044,9.681968290360192,0.44770909596235203,32,64,,True,True,,756,59.56268577710819
163,2026-09-21T07:58:46.110+00:00,2026-09-21T08:01:50.125+00:00,2026-09-21T08:01:54.183+00:00,True,64,64.0,,64.0,184014.977349,188073.139525,188073.139668,2938.6428073125,45.663250999999995,184014.977349,22993.82218024309,79.00985785,64.41527263492064,9.474495436175074,0.34029314426099994,32,64,,True,True,,192,59.56268577710819
164,2026-09-21T07:58:46.345+00:00,2026-09-21T08:01:51.135+00:00,2026-09-21T08:01:56.396+00:00,True,84,84.0,,84.0,184790.21565,190050.629858,190050.629705,2262.507496488095,42.161112,184790.21565,20155.352387585557,75.71620200000001,63.37848443373494,9.144091433934449,0.44198748545459815,32,64,,True,True,,304,59.56268577710819
165,2026-09-21T07:58:46.597+00:00,2026-09-21T08:01:52.066+00:00,2026-09-21T08:01:52.579+00:00,True,10,10.0,,10.0,185469.194774,185982.219286,185982.219392,18598.2219392,47.372012000000005,185469.194774,58632.483688135086,102038.77922555,57.002723555555555,7.3317348589605835,0.053768580880423765,32,64,,True,True,,20,59.56268577710819
166,2026-09-21T07:58:46.884+00:00,2026-09-21T08:01:53.411+00:00,2026-09-21T08:01:55.461+00:00,True,33,33.0,,33.0,186527.730217,188577.61540100002,188577.615437,5714.4731950606065,48.936161999999996,186527.730217,32459.159871034535,78.059482,64.058912,8.386519904366715,0.17499425862304652,32,64,,True,True,,140,59.56268577710819
167,2026-09-21T07:58:47.102+00:00,2026-09-21T08:01:54.744+00:00,2026-09-21T08:01:55.069+00:00,True,6,6.0,,6.0,187642.308945,187967.464529,187967.464683,31327.9107805,58.066123,187642.308945,76578.10322975322,140750.31104225002,65.03111679999999,6.765672156364895,0.03192041779695501,32,64,,True,True,,59,59.56268577710819
168,2026-09-21T07:58:47.404+00:00,2026-09-21T08:01:56.273+00:00,2026-09-21T08:02:01.577+00:00,True,85,85.0,,85.0,188868.95070699998,194172.786611,194172.78661399998,2284.385724870588,43.533152,188868.95070699998,20478.867174657484,76.1716662,63.14090361904762,8.625668252610684,0.4377544427494182,32,64,,True,True,,253,59.56268577710819
169,2026-09-21T07:58:47.598+00:00,2026-09-21T08:01:57.416+00:00,2026-09-21T08:02:02.650+00:00,True,85,85.0,,85.0,189818.352579,195052.166851,195052.166882,2294.7313750823528,44.126532,189818.352579,20581.934449076998,74.427302,62.30731276190476,8.067754944934292,0.4357808547952782,32,64,,True,True,,565,59.56268577710819
170,2026-09-21T07:58:47.933+00:00,2026-09-21T08:01:58.900+00:00,2026-09-21T08:01:58.900+00:00,True,1,1.0,,1.0,190967.214194,190967.214194,190967.214194,190967.214194,190967.214194,190967.214194,nan,190967.214194,nan,nan,0.005236500957615263,32,64,,True,True,,4,59.56268577710819
171,2026-09-21T07:58:48.168+00:00,2026-09-21T08:02:00.243+00:00,2026-09-21T08:02:01.827+00:00,True,27,27.0,,27.0,192074.609122,193659.234274,193659.234158,7172.564228074074,45.372932999999996,192074.609122,36953.04733074094,75.1323163,60.947121230769234,8.07561039140018,0.139420152626437,32,64,,True,True,,186,59.56268577710819
172,2026-09-21T07:58:48.432+00:00,2026-09-21T08:02:01.953+00:00,2026-09-21T08:02:06.144+00:00,True,68,68.0,,68.0,193521.01842699997,197711.73637899998,197711.73641399998,2907.5255354999995,47.106782,193521.01842699997,23460.287058084003,77.02639085,62.54802913432836,8.564271815497083,0.3439350705496239,32,64,,True,True,,616,59.56268577710819
173,2026-09-21T07:58:48.746+00:00,2026-09-21T08:02:03.698+00:00,2026-09-21T08:02:06.389+00:00,True,44,44.0,,44.0,194951.32828,197642.366744,197642.366595,4491.871968068182,43.331292000000005,194951.32828,29380.584823426423,74.0131315,62.58228986046512,7.356736267584675,0.2226243326512672,32,64,,True,True,,93,59.56268577710819
174,2026-09-21T07:58:48.941+00:00,2026-09-21T08:02:04.829+00:00,2026-09-21T08:02:10.363+00:00,True,89,89.0,,89.0,195887.88299,201421.300462,201421.300629,2263.160681224719,43.121702,195887.88299,20757.410556579245,75.88235460000001,62.879744,8.517090753672894,0.44185992144753666,32,64,,True,True,,89,59.56268577710819
175,2026-09-21T07:58:49.223+00:00,2026-09-21T08:02:06.276+00:00,2026-09-21T08:02:10.796+00:00,True,73,73.0,,73.0,197052.863559,201572.97261499998,201572.972774,2761.2735996438355,41.112131999999995,197052.863559,23055.94704217863,76.31520400000001,62.77929244444445,8.632465467231311,0.36215172626058567,32,64,,True,True,,293,59.56268577710819
176,2026-09-21T07:58:49.508+00:00,2026-09-21T08:02:07.904+00:00,2026-09-21T08:02:08.490+00:00,True,10,10.0,,10.0,198396.797188,198981.993732,198981.993869,19898.1993869,54.057673,198396.797188,62718.01486142185,109153.5032587,65.02183822222223,9.332744899808011,0.05025580361541937,32,64,,True,True,,14,59.56268577710819
177,2026-09-21T07:58:49.738+00:00,2026-09-21T08:02:09.058+00:00,2026-09-21T08:02:10.803+00:00,True,29,29.0,,29.0,199319.554996,201064.509108,201064.509092,6933.258934206896,45.080612,199319.554996,37001.14076384374,76.55565399999999,62.31978971428572,9.13714422159393,0.14423231692482788,32,64,,True,True,,253,59.56268577710819
178,2026-09-21T07:58:49.937+00:00,2026-09-21T08:02:09.985+00:00,2026-09-21T08:02:13.921+00:00,True,63,63.0,,63.0,200048.132985,203983.999865,203983.99983800002,3237.8412672698414,45.436921999999996,200048.132985,25195.69931052933,77.40781,63.48172387096774,8.869208323220544,0.3088477529693233,32,64,,True,True,,190,59.56268577710819
179,2026-09-21T07:58:50.221+00:00,2026-09-21T08:02:11.934+00:00,2026-09-21T08:02:17.861+00:00,True,94,94.0,,94.0,201712.894021,207639.31962099997,207639.319551,2208.928931393617,45.073572,201712.894021,20798.525590796755,77.7556615,63.725006451612906,8.866295063273999,0.452708090989589,32,64,,True,True,,298,59.56268577710819
180,2026-09-21T07:58:50.473+00:00,2026-09-21T08:02:13.192+00:00,2026-09-21T08:02:19.245+00:00,True,96,96.0,,96.0,202718.814393,208771.330745,208771.33071,2174.7013615625,42.492992,202718.814393,20683.40232631285,78.32827975000001,63.71069844210526,10.052222707596687,0.4598332522833678,32,64,,True,True,,385,59.56268577710819
181,2026-09-21T07:58:50.731+00:00,2026-09-21T08:02:14.573+00:00,2026-09-21T08:02:18.109+00:00,True,56,56.0,,56.0,203841.540942,207377.340494,207377.340523,3703.166795053571,44.684833,203841.540942,27230.88257100344,77.0870835,64.28726458181818,9.495401029629088,0.27003914635321613,32,64,,True,True,,147,59.56268577710819
182,2026-09-21T07:58:51.017+00:00,2026-09-21T08:02:16.273+00:00,2026-09-21T08:02:22.241+00:00,True,95,95.0,,95.0,205256.110964,211223.80914,211223.809187,2223.4085177578945,42.048172,205256.110964,21052.32125424185,78.2491853,63.48615080851064,9.56037825889979,0.44975990342562955,32,64,,True,True,,95,59.56268577710819
183,2026-09-21T07:58:51.286+00:00,2026-09-21T08:02:17.735+00:00,2026-09-21T08:02:18.664+00:00,True,16,16.0,,16.0,206449.079925,207377.169781,207377.169665,12961.0731040625,43.258353,206449.079925,51596.802752954456,51670.34945174999,61.87265706666667,10.162219800431508,0.07715410532845418,32,64,,True,True,,106,59.56268577710819
184,2026-09-21T07:58:51.617+00:00,2026-09-21T08:02:19.376+00:00,2026-09-21T08:02:22.997+00:00,True,59,59.0,,59.0,207759.17334900002,211380.31024500003,211380.31022600003,3582.7171224745766,43.397302,207759.17334900002,27039.814116916623,77.95799419999999,62.433394758620686,9.75128056522152,0.27911776613259837,32,64,,True,True,,581,59.56268577710819
185,2026-09-21T07:58:51.967+00:00,2026-09-21T08:02:21.290+00:00,2026-09-21T08:02:25.759+00:00,True,73,73.0,,73.0,209322.725106,213792.08933,213792.089398,2928.6587588767125,43.155783,209322.725106,24492.108289170686,76.13767,62.07450311111111,9.13447659433051,0.3414532325717648,32,64,,True,True,,292,59.56268577710819
186,2026-09-21T07:58:52.241+00:00,2026-09-21T08:02:22.951+00:00,2026-09-21T08:02:24.853+00:00,True,32,32.0,,32.0,210710.323098,212612.008602,212612.00873099998,6644.125272843749,41.780452,210710.323098,37237.831523811394,75.4774354,61.34469367741936,9.826122765524682,0.15050890215661594,32,64,,True,True,,215,59.56268577710819
187,2026-09-21T07:58:52.474+00:00,2026-09-21T08:02:23.846+00:00,2026-09-21T08:02:28.430+00:00,True,76,76.0,,76.0,211372.090822,215955.19047,215955.190417,2841.515663381579,41.744642999999996,211372.090822,24239.03388788588,78.9180965,61.107995306666666,9.372184730101205,0.3519248592015562,32,64,,True,True,,155,59.56268577710819
188,2026-09-21T07:58:52.815+00:00,2026-09-21T08:02:25.681+00:00,2026-09-21T08:02:26.813+00:00,True,19,19.0,,19.0,212865.760386,213997.92857800002,213997.928545,11263.048870789475,48.175964,212865.760386,48820.325741261106,21359.7396081,62.89823288888889,9.91154869825819,0.08878590613588438,32,64,,True,True,,87,59.56268577710819
189,2026-09-21T07:58:53.639+00:00,2026-09-21T08:02:26.875+00:00,2026-09-21T08:02:30.483+00:00,True,60,60.0,,60.0,213236.40278200002,216844.11606200002,216844.11582900002,3614.06859715,47.065312,213236.40278200002,27520.808411107482,77.25914005,61.147682711864405,8.585559198912474,0.2766964632918369,32,64,,True,True,,240,59.56268577710819
191,2026-09-21T07:58:53.675+00:00,2026-09-21T08:02:27.160+00:00,2026-09-21T08:02:27.382+00:00,True,5,5.0,,5.0,213485.899928,213707.295384,213707.295506,42741.4591012,47.002622,213485.899928,95449.04425406549,170800.81126880003,55.348864,5.901637497414652,0.023396487195328306,32,64,,True,True,,29,59.56268577710819
190,2026-09-21T07:58:53.669+00:00,2026-09-21T08:02:27.376+00:00,2026-09-21T08:02:30.287+00:00,True,48,48.0,,48.0,213707.137247,216618.352863,216618.35305,4512.882355208333,46.799352,213707.137247,30837.029165483964,78.41088415,61.94075778723405,8.83970337627226,0.2215878727060469,32,64,,True,True,,96,59.56268577710819
192,2026-09-21T07:58:53.771+00:00,2026-09-21T08:02:30.405+00:00,2026-09-21T08:02:36.314+00:00,True,92,92.0,,92.0,216633.647963,222542.618971,222542.61914999998,2418.9415125,40.420352,216633.647963,22578.851640875342,78.0580535,64.93374734065934,10.396362261235158,0.41340396021846365,32,64,,True,True,,187,59.56268577710819
193,2026-09-21T07:58:54.109+00:00,2026-09-21T08:02:32.670+00:00,2026-09-21T08:02:32.670+00:00,True,1,1.0,,1.0,218561.200026,218561.200026,218561.200026,218561.200026,218561.200026,218561.200026,nan,218561.200026,nan,nan,0.004575377513854427,32,64,,True,True,,4,59.56268577710819
194,2026-09-21T07:58:54.426+00:00,2026-09-21T08:02:34.118+00:00,2026-09-21T08:02:36.082+00:00,True,31,31.0,,31.0,219692.17422400002,221656.291472,221656.291453,7150.202950096775,51.029042000000004,219692.17422400002,39446.12157366581,79.9559585,65.47057493333332,9.609697080042828,0.13985617008266138,32,64,,True,True,,124,59.56268577710819
195,2026-09-21T07:58:54.666+00:00,2026-09-21T08:02:35.699+00:00,2026-09-21T08:02:36.989+00:00,True,21,21.0,,21.0,221032.037404,222322.745116,222322.74502,10586.797381904762,50.959411,221032.037404,48219.06353285731,103.402493,64.5353856,12.051101902528767,0.0944572719675756,32,64,,True,True,,42,59.56268577710819
196,2026-09-21T07:58:54.949+00:00,2026-09-21T08:02:36.914+00:00,2026-09-21T08:02:37.107+00:00,True,4,4.0,,4.0,221965.14516800002,222157.87272,222157.872895,55539.46822375,59.88389299999999,221965.14516800002,110950.45141010039,188681.06652560004,64.24251733333334,6.158218546712786,0.018005213819460093,32,64,,True,True,,20,59.56268577710819
197,2026-09-21T07:58:55.210+00:00,2026-09-21T08:02:38.137+00:00,2026-09-21T08:02:41.983+00:00,True,62,62.0,,62.0,222927.319123,226773.349203,226773.349218,3657.6346648064514,44.494723,222927.319123,28303.79228165444,78.25458845000001,63.049673442622954,10.057928654387748,0.2734007334543516,32,64,,True,True,,190,59.56268577710819
198,2026-09-21T07:58:55.508+00:00,2026-09-21T08:02:39.673+00:00,2026-09-21T08:02:43.206+00:00,True,56,56.0,,56.0,224164.354436,227697.344388,227697.344469,4066.024008375,42.456900999999995,224164.354436,29946.639805294915,80.46415800000001,64.23618094545455,10.613829970140124,0.24594050558874803,32,64,,True,True,,232,59.56268577710819
199,2026-09-21T07:58:55.712+00:00,2026-09-21T08:02:40.500+00:00,2026-09-21T08:02:43.508+00:00,True,48,48.0,,48.0,224788.604204,227796.204844,227796.204749,4745.754265604167,41.82518099999999,224788.604204,32436.205557008616,77.753445,63.9915029787234,10.450168361526497,0.2107146606453408,32,64,,True,True,,184,59.56268577710819
200,2026-09-21T07:58:55.930+00:00,2026-09-21T08:02:41.773+00:00,2026-09-21T08:02:45.967+00:00,True,67,67.0,,67.0,225842.786036,230037.44434000002,230037.444433,3433.3946930298507,42.280680999999994,225842.786036,27583.32514701714,77.730944,63.55542884848485,10.575778844838261,0.2912569307672043,32,64,,True,True,,134,59.56268577710819
201,2026-09-21T07:58:56.151+00:00,2026-09-21T08:02:42.877+00:00,2026-09-21T08:02:44.953+00:00,True,34,34.0,,34.0,226725.498622,228801.456894,228801.45672500003,6729.454609558824,49.117642,226725.498622,38872.31481644169,79.51078785,62.90782642424242,9.765165710625189,0.14860045238152328,32,64,,True,True,,136,59.56268577710819
202,2026-09-21T07:58:56.413+00:00,2026-09-21T08:02:44.244+00:00,2026-09-21T08:02:48.297+00:00,True,65,65.0,,65.0,227830.084792,231883.11749600002,231883.117344,3567.432574523077,44.101681,227830.084792,28250.99051960629,75.9876306,63.328636,8.871768858704023,0.28031363689562805,32,64,,True,True,,65,59.56268577710819
203,2026-09-21T07:58:56.702+00:00,2026-09-21T08:02:45.965+00:00,2026-09-21T08:02:46.481+00:00,True,9,9.0,,9.0,229263.229953,229778.640385,229778.640421,25530.96004677778,51.803892,229263.229953,76399.60185192214,137588.526057,64.426304,10.54765766796217,0.039168131489159604,32,64,,True,True,,23,59.56268577710819
204,2026-09-21T07:58:57.037+00:00,2026-09-21T08:02:47.470+00:00,2026-09-21T08:02:52.099+00:00,True,76,76.0,,76.0,230433.659511,235062.045559,235062.04572300002,3092.92165425,45.466851999999996,230433.659511,26425.476237071034,76.26825275,61.711813973333335,9.009207998948447,0.3233188914835857,32,64,,True,True,,304,59.56268577710819
205,2026-09-21T07:58:57.352+00:00,2026-09-21T08:02:49.018+00:00,2026-09-21T08:02:49.060+00:00,True,2,2.0,,2.0,231665.545792,231708.048192,231708.048124,115854.024062,42.502332,231665.545792,163782.2247096324,220084.39361899998,42.5024,nan,0.008631551711759024,32,64,,True,True,,8,59.56268577710819
206,2026-09-21T07:58:57.607+00:00,2026-09-21T08:02:50.342+00:00,2026-09-21T08:02:52.338+00:00,True,34,34.0,,34.0,232734.86246200002,234730.22911800002,234730.229232,6903.830271529412,43.132671,232734.86246200002,39903.330760547324,76.11012665000001,60.465656242424245,8.654435330787674,0.14484712994894253,32,64,,True,True,,107,59.56268577710819
207,2026-09-21T07:58:57.903+00:00,2026-09-21T08:02:52.227+00:00,2026-09-21T08:02:52.960+00:00,True,12,12.0,,12.0,234324.121909,235056.69381300002,235056.693623,19588.057801916668,51.450701,234324.121909,67624.32297453731,105489.59236165001,66.59744581818182,9.17061043794706,0.05105151359589288,32,64,,True,True,,24,59.56268577710819
208,2026-09-21T07:58:58.254+00:00,2026-09-21T08:02:53.987+00:00,2026-09-21T08:02:58.941+00:00,True,80,80.0,,80.0,235733.125682,240686.52805000002,240686.528216,3008.5816027,44.009992,235733.125682,26348.756154540126,78.1688505,62.701295797468354,9.508863976614744,0.3323825419234967,32,64,,True,True,,80,59.56268577710819
209,2026-09-21T07:58:58.530+00:00,2026-09-21T08:02:55.401+00:00,2026-09-21T08:02:59.376+00:00,True,64,64.0,,64.0,236871.382304,240846.373152,240846.37334299998,3763.2245834843748,45.121952,236871.382304,29601.037397859476,77.09721365,63.095092825396826,9.489231126458222,0.2657295568225522,32,64,,True,True,,768,59.56268577710819
210,2026-09-21T07:58:58.826+00:00,2026-09-21T08:02:57.184+00:00,2026-09-21T08:02:59.058+00:00,True,30,30.0,,30.0,238357.622595,240231.30963499998,240231.309531,8007.7103177,45.703841,238357.622595,43506.15371641704,77.83820305,64.60989793103448,9.166718631926981,0.1248796422314022,32,64,,True,True,,175,59.56268577710819
211,2026-09-21T07:58:59.067+00:00,2026-09-21T08:02:58.386+00:00,2026-09-21T08:02:59.844+00:00,True,25,25.0,,25.0,239319.597313,240777.267969,240777.268063,9631.09072252,43.219171,239319.597313,47851.773121068625,78.5537822,60.736277333333334,9.557619322139326,0.10383039981672498,32,64,,True,True,,100,59.56268577710819
212,2026-09-21T07:58:59.293+00:00,2026-09-21T08:02:59.504+00:00,2026-09-21T08:03:04.562+00:00,True,81,81.0,,81.0,240211.099468,245269.068876,245269.068955,3028.013196975309,45.070102,240211.099468,26683.098830805033,77.252182,63.2246176,9.372021319150576,0.33024955152804425,32,64,,True,True,,164,59.56268577710819
213,2026-09-21T07:58:59.597+00:00,2026-09-21T08:03:01.097+00:00,2026-09-21T08:03:01.453+00:00,True,7,7.0,,7.0,241500.450942,241856.544382,241856.544404,34550.93491485714,41.796771,241500.450942,91256.15966476119,169073.92797030002,59.348906666666664,13.008049862322801,0.028942776875798985,32,64,,True,True,,28,59.56268577710819
214,2026-09-21T07:58:59.928+00:00,2026-09-21T08:03:02.959+00:00,2026-09-21T08:03:09.087+00:00,True,96,96.0,,96.0,243031.011233,249158.984609,249158.984558,2595.4060891458334,41.754521999999994,243031.011233,24797.667085172103,79.6697755,64.50498290526316,9.70977724459567,0.38529616000262157,32,64,,True,True,,486,59.56268577710819
215,2026-09-21T07:59:00.170+00:00,2026-09-21T08:03:04.052+00:00,2026-09-21T08:03:09.603+00:00,True,87,87.0,,87.0,243881.873536,249432.744832,249432.74462,2867.0430416091954,44.996502,243881.873536,26139.962948691544,77.400817,64.54501506976744,9.01555467686275,0.3487914149306939,32,64,,True,True,,191,59.56268577710819
216,2026-09-21T07:59:00.516+00:00,2026-09-21T08:03:05.852+00:00,2026-09-21T08:03:08.830+00:00,True,47,47.0,,47.0,245335.442984,248313.72804,248313.72789799998,5283.270806340425,47.964982000000006,245335.442984,35776.40927061133,77.656698,64.74532730434782,8.729210971037652,0.18927668788585436,32,64,,True,True,,106,59.56268577710819
217,2026-09-21T07:59:00.713+00:00,2026-09-21T08:03:06.924+00:00,2026-09-21T08:03:09.663+00:00,True,44,44.0,,44.0,246210.9239,248950.330748,248950.330646,5657.962060136363,44.966021999999995,246210.9239,37108.09005455617,76.55794599999999,63.707136,8.310333209769562,0.17674208291990182,32,64,,True,True,,125,59.56268577710819
218,2026-09-21T07:59:00.933+00:00,2026-09-21T08:03:08.073+00:00,2026-09-21T08:03:11.362+00:00,True,53,53.0,,53.0,247140.195798,250429.329366,250429.329193,4725.081682886793,47.441482,247140.195798,33938.62964233469,78.97972500000002,63.25256861538462,9.776941242659353,0.2116365528517669,32,64,,True,True,,526,59.56268577710819
219,2026-09-21T07:59:01.288+00:00,2026-09-21T08:03:08.775+00:00,2026-09-21T08:03:11.641+00:00,True,46,46.0,,46.0,247486.22938499998,250352.88205699998,250352.881997,5442.453956456521,43.914381,247486.22938499998,36480.462457692614,76.7338555,63.703392711111114,9.57405797865162,0.18374064489310246,32,64,,True,True,,138,59.56268577710819
220,2026-09-21T07:59:01.579+00:00,2026-09-21T08:03:10.232+00:00,2026-09-21T08:03:12.564+00:00,True,38,38.0,,38.0,248653.065826,250984.867682,250984.867638,6604.864937842105,44.974382,248653.065826,40326.631227310405,75.93161185000001,63.02167178378379,9.038179923088938,0.1514035501460842,32,64,,True,True,,150,59.56268577710819
221,2026-09-21T07:59:01.921+00:00,2026-09-21T08:03:12.002+00:00,2026-09-21T08:03:17.359+00:00,True,86,86.0,,86.0,250080.617384,255437.54308,255437.543081,2970.2039893139536,40.033930999999995,250080.617384,26960.09222990791,78.81384550000001,63.02265524705882,9.461387138718509,0.33667721260952554,32,64,,True,True,,172,59.56268577710819
222,2026-09-21T07:59:02.133+00:00,2026-09-21T08:03:13.631+00:00,2026-09-21T08:03:15.294+00:00,True,26,26.0,,26.0,251498.21899000002,253161.10231800002,253161.10241700002,9736.965477576923,50.975862,251498.21899000002,49309.81450325959,77.74052725,66.51533312,7.390148669151704,0.10270140144729245,32,64,,True,True,,165,59.56268577710819
223,2026-09-21T07:59:02.446+00:00,2026-09-21T08:03:15.913+00:00,2026-09-21T08:03:20.737+00:00,True,79,79.0,,79.0,253467.527455,258291.139615,258291.139425,3269.508093987342,40.474531999999996,253467.527455,28510.368846149213,78.1665139,61.841181538461534,9.852777637627959,0.3058564072997421,32,64,,True,True,,711,59.56268577710819
224,2026-09-21T07:59:02.791+00:00,2026-09-21T08:03:17.750+00:00,2026-09-21T08:03:19.875+00:00,True,35,35.0,,35.0,254958.967644,257083.93890799998,257083.938799,7345.255394257142,42.796372000000005,254958.967644,43085.36809418909,79.015056,62.499154823529416,9.980077104973223,0.13614230491670307,32,64,,True,True,,140,59.56268577710819
225,2026-09-21T07:59:03.064+00:00,2026-09-21T08:03:19.354+00:00,2026-09-21T08:03:22.060+00:00,True,43,43.0,,43.0,256289.799642,258996.48457,258996.48471699998,6023.174063186047,46.690832,256289.799642,39074.00210811625,78.4610779,64.44487923809524,12.085024859933695,0.16602541950092847,32,64,,True,True,,128,59.56268577710819
226,2026-09-21T07:59:03.383+00:00,2026-09-21T08:03:21.014+00:00,2026-09-21T08:03:24.474+00:00,True,55,55.0,,55.0,257630.587848,261090.986696,261090.986599,4747.108847254545,42.482171,257630.587848,34730.262328335884,78.995762,64.08146014814815,10.94190514082913,0.21065453348659247,32,64,,True,True,,120,59.56268577710819
227,2026-09-21T07:59:03.578+00:00,2026-09-21T08:03:22.109+00:00,2026-09-21T08:03:28.157+00:00,True,96,96.0,,96.0,258531.678866,264579.550098,264579.550158,2756.0369808125,44.373502,258531.678866,26379.783151413623,77.65696799999999,63.66180244210526,9.308488894138458,0.3628398338588213,32,64,,True,True,,336,59.56268577710819
228,2026-09-21T07:59:03.917+00:00,2026-09-21T08:03:23.491+00:00,2026-09-21T08:03:23.491+00:00,True,1,1.0,,1.0,259573.881719,259573.881719,259573.881719,259573.881719,259573.881719,259573.881719,nan,259573.881719,nan,nan,0.003852467718930765,32,64,,True,True,,2,59.56268577710819
229,2026-09-21T07:59:04.214+00:00,2026-09-21T08:03:25.101+00:00,2026-09-21T08:03:26.265+00:00,True,19,19.0,,19.0,260887.105935,262050.654863,262050.654727,13792.139722473685,44.473262000000005,260887.105935,59836.77757688703,26156.269555199997,64.64160711111111,8.050246140025058,0.07250506590007644,32,64,,True,True,,87,59.56268577710819
230,2026-09-21T07:59:04.569+00:00,2026-09-21T08:03:26.936+00:00,2026-09-21T08:03:32.771+00:00,True,93,93.0,,93.0,262367.269103,268201.943791,268201.943722,2883.8918679784947,43.089512,262367.269103,27199.643889794068,78.320156,63.42037704347826,10.066800563288416,0.3467536390134126,32,64,,True,True,,835,59.56268577710819
231,2026-09-21T07:59:05.765+00:00,2026-09-21T08:03:29.792+00:00,2026-09-21T08:03:33.181+00:00,True,55,55.0,,55.0,264026.872008,267415.483592,267415.48369599995,4862.099703563636,42.660161,264026.872008,35592.91597340257,77.924886,62.75206637037037,9.716497081034495,0.20567245868199002,32,64,,True,True,,314,59.56268577710819
232,2026-09-21T07:59:05.785+00:00,2026-09-21T08:03:31.905+00:00,2026-09-21T08:03:31.976+00:00,True,2,2.0,,2.0,266120.332037,266191.297285,266191.297468,133095.648734,70.965431,266120.332037,188125.31125748839,252817.86370669998,70.965248,nan,0.007513393639832947,32,64,,True,True,,4,59.56268577710819
233,2026-09-21T07:59:05.861+00:00,2026-09-21T08:03:32.216+00:00,2026-09-21T08:03:36.062+00:00,True,62,62.0,,62.0,266355.15900600003,270201.25615800003,270201.256087,4358.084775596774,45.668071000000005,266355.15900600003,33819.13255147428,77.281227,63.05077298360656,8.236687323729466,0.2294585927600038,32,64,,True,True,,128,59.56268577710819
235,2026-09-21T07:59:05.895+00:00,2026-09-21T08:03:32.716+00:00,2026-09-21T08:03:37.428+00:00,True,75,75.0,,75.0,266820.252793,271532.614521,271532.614521,3620.43486028,42.977301,266820.252793,30802.397119292953,76.5433043,63.680563891891886,9.223817750015543,0.2762099136131567,32,64,,True,True,,375,59.56268577710819
234,2026-09-21T07:59:05.866+00:00,2026-09-21T08:03:33.250+00:00,2026-09-21T08:03:39.408+00:00,True,97,97.0,,97.0,267384.449007,273541.989359,273541.98955600004,2820.020510886598,41.779111,267384.449007,27142.266604193475,77.64082520000001,64.14104533333334,9.511722858905394,0.35460735014504835,32,64,,True,True,,194,59.56268577710819
236,2026-09-21T07:59:06.088+00:00,2026-09-21T08:03:35.251+00:00,2026-09-21T08:03:38.359+00:00,True,50,50.0,,50.0,269163.21426599997,272270.68229799997,272270.68218099995,5445.41364362,42.626381,269163.21426599997,38056.45935344746,77.65013545,63.41771493877551,9.500591838860101,0.1836407782798849,32,64,,True,True,,198,59.56268577710819
237,2026-09-21T07:59:06.399+00:00,2026-09-21T08:03:36.896+00:00,2026-09-21T08:03:43.103+00:00,True,97,97.0,,97.0,270497.025388,276703.19447600003,276703.194358,2852.6102511134022,42.132521000000004,270497.025388,27458.249806756226,78.95303519999999,64.64759466666666,10.62586461093269,0.35055612633490335,32,64,,True,True,,481,59.56268577710819
238,2026-09-21T07:59:06.615+00:00,2026-09-21T08:03:37.928+00:00,2026-09-21T08:03:38.432+00:00,True,9,9.0,,9.0,271312.93000700005,271817.74997500004,271817.7498570001,30201.97220633334,42.809931,271312.93000700005,90416.60977148429,162818.35988460004,63.102496,11.100575454481422,0.033110420496188196,32,64,,True,True,,45,59.56268577710819
239,2026-09-21T07:59:06.945+00:00,2026-09-21T08:03:39.645+00:00,2026-09-21T08:03:41.967+00:00,True,37,37.0,,37.0,272699.303749,275021.350213,275021.350135,7433.009463108108,46.373360999999996,272699.303749,44820.88714209539,84.54819520000001,64.50129066666666,12.569007375227178,0.13453500963232143,32,64,,True,True,,41,59.56268577710819
240,2026-09-21T07:59:07.174+00:00,2026-09-21T08:03:40.909+00:00,2026-09-21T08:03:46.358+00:00,True,86,86.0,,86.0,273734.529861,279184.19514100003,279184.195185,3246.327850988372,44.519271,273734.529861,29510.641294227436,77.90634425000002,64.11370917647058,9.068260205063979,0.3080403600804347,32,64,,True,True,,430,59.56268577710819
241,2026-09-21T07:59:07.517+00:00,2026-09-21T08:03:42.709+00:00,2026-09-21T08:03:43.028+00:00,True,6,6.0,,6.0,275191.964224,275511.613504,275511.61326,45918.60221,45.025661,275191.964224,112320.55040116,206413.44479574997,63.929856,13.93786015408219,0.02177766637017967,32,64,,True,True,,25,59.56268577710819
242,2026-09-21T07:59:07.721+00:00,2026-09-21T08:03:43.750+00:00,2026-09-21T08:03:45.642+00:00,True,31,31.0,,31.0,276028.57461400004,277920.41231000004,277920.412193,8965.17458687097,44.534751,276028.57461400004,49564.87042746618,78.58565100000001,63.06125653333333,10.382689547010273,0.11154272456037433,32,64,,True,True,,154,59.56268577710819
243,2026-09-21T07:59:07.980+00:00,2026-09-21T08:03:45.210+00:00,2026-09-21T08:03:51.424+00:00,True,99,99.0,,99.0,277230.19316799997,283444.236048,283444.235878,2863.0730896767673,44.21083,277230.19316799997,27856.311666794954,79.1811139,63.408600816326526,9.794205550166316,0.3492750509953386,32,64,,True,True,,156,59.56268577710819
244,2026-09-21T07:59:08.291+00:00,2026-09-21T08:03:46.667+00:00,2026-09-21T08:03:51.928+00:00,True,84,84.0,,84.0,278376.41782599996,283636.67228999996,283636.67239599995,3376.627052333333,42.485580999999996,278376.41782599996,30366.44385270136,79.8736935,63.376559807228915,9.627275536819878,0.29615352387901195,32,64,,True,True,,252,59.56268577710819
245,2026-09-21T07:59:08.547+00:00,2026-09-21T08:03:48.138+00:00,2026-09-21T08:03:50.124+00:00,True,32,32.0,,32.0,279591.61657099996,281577.68172299996,281577.681642,8799.3025513125,46.004000999999995,279591.61657099996,49413.95730032173,79.76273155000001,64.06661780645162,8.894986130831045,0.11364537062805913,32,64,,True,True,,32,59.56268577710819
246,2026-09-21T07:59:08.789+00:00,2026-09-21T08:03:49.250+00:00,2026-09-21T08:03:52.057+00:00,True,46,46.0,,46.0,280460.581629,283267.79161300004,283267.791578,6157.995469086957,42.995351,280460.581629,41342.45996488817,77.619231,62.38244408888889,9.078512866199517,0.16239050595220905,32,64,,True,True,,52,59.56268577710819
247,2026-09-21T07:59:09.066+00:00,2026-09-21T08:03:50.786+00:00,2026-09-21T08:03:51.771+00:00,True,16,16.0,,16.0,281720.78706199996,282705.496182,282705.49594299996,17669.093496437497,52.470791,281720.78706199996,70413.78533013765,70488.54219949999,65.64727466666666,7.565351220049419,0.05659599907353598,32,64,,True,True,,19,59.56268577710819
248,2026-09-21T07:59:09.309+00:00,2026-09-21T08:03:52.057+00:00,2026-09-21T08:03:56.870+00:00,True,77,77.0,,77.0,282747.53715399996,287560.54733,287560.54733499995,3734.5525627922075,41.095691,282747.53715399996,32214.856903107826,77.63519000000001,63.329081263157896,10.205055305167951,0.26776969481712665,32,64,,True,True,,154,59.56268577710819
249,2026-09-21T07:59:09.585+00:00,2026-09-21T08:03:53.288+00:00,2026-09-21T08:03:56.524+00:00,True,52,52.0,,52.0,283702.810001,286939.455121,286939.455138,5518.066444961539,43.518361,283702.810001,39333.7017273462,80.250527,63.46362980392156,10.805365083704649,0.18122289936764546,32,64,,True,True,,298,59.56268577710819
250,2026-09-21T07:59:09.874+00:00,2026-09-21T08:03:54.901+00:00,2026-09-21T08:03:56.925+00:00,True,34,34.0,,34.0,285026.475434,287050.88529,287050.88541700004,8442.6731005,44.764790999999995,285026.475434,48871.11737418682,74.31375515,61.34575321212121,9.089367646978335,0.11844589841850058,32,64,,True,True,,68,59.56268577710819
252,2026-09-21T07:59:10.442+00:00,2026-09-21T08:03:55.576+00:00,2026-09-21T08:04:01.479+00:00,True,94,94.0,,94.0,285134.283079,291037.316423,291037.316353,3096.141663329787,42.632491,285134.283079,29402.810453583454,77.626246,63.47347681720431,9.387014908721266,0.32298263726215215,32,64,,True,True,,529,59.56268577710819
253,2026-09-21T07:59:10.784+00:00,2026-09-21T08:03:57.332+00:00,2026-09-21T08:04:02.388+00:00,True,80,80.0,,80.0,286548.81379000004,291604.443358,291604.44324600004,3645.0555405750006,43.306531,286548.81379000004,32029.977628442928,76.56697095,63.99531098734177,8.80986565200119,0.2743442420792771,32,64,,True,True,,679,59.56268577710819
254,2026-09-21T07:59:10.988+00:00,2026-09-21T08:03:58.897+00:00,2026-09-21T08:04:00.534+00:00,True,26,26.0,,26.0,287908.97369199997,289546.70271599997,289546.702596,11136.41163830769,48.216391,287908.97369199997,56450.74837880629,76.54843375,65.50916096,8.32466271173115,0.08979553127739097,32,64,,True,True,,143,59.56268577710819
251,2026-09-21T07:59:10.134+00:00,2026-09-21T08:04:00.538+00:00,2026-09-21T08:04:04.043+00:00,True,56,56.0,,56.0,290403.974225,293908.420433,293908.420379,5248.364649625,43.309290999999995,290403.974225,38798.34978792062,75.604572,63.71720378181818,8.680734746891329,0.19053554136862805,32,64,,True,True,,64,59.56268577710819
255,2026-09-21T07:59:11.296+00:00,2026-09-21T08:04:01.877+00:00,2026-09-21T08:04:02.132+00:00,True,5,5.0,,5.0,290581.286402,290835.86637,290835.866398,58167.1732796,53.210080999999995,290581.286402,129923.43926690116,232479.76346600003,63.644992,10.176237220413185,0.017191827343739727,32,64,,True,True,,5,59.56268577710819
256,2026-09-21T07:59:11.590+00:00,2026-09-21T08:04:03.679+00:00,2026-09-21T08:04:04.099+00:00,True,8,8.0,,8.0,292088.78822000005,292509.016828,292509.01700900006,36563.62712612501,47.840921,292088.78822000005,103247.75713000455,189884.28269835003,60.032658285714284,10.522070995051841,0.02734958425129208,32,64,,True,True,,16,59.56268577710819
257,2026-09-21T07:59:11.898+00:00,2026-09-21T08:04:05.456+00:00,2026-09-21T08:04:05.641+00:00,True,4,4.0,,4.0,293557.086256,293742.665008,293742.66491999995,73435.66622999999,56.305941,293557.086256,146747.61353766118,249534.37280739995,61.859584,9.073223045825337,0.01361736130463398,32,64,,True,True,,4,59.56268577710819
258,2026-09-21T07:59:12.164+00:00,2026-09-21T08:04:06.872+00:00,2026-09-21T08:04:11.538+00:00,True,74,74.0,,74.0,294708.060543,299373.687423,299373.687491,4045.5903715,46.023011,294708.060543,34251.6876733035,77.10457534999999,63.91269698630137,9.192412082161963,0.2471827121380969,32,64,,True,True,,148,59.56268577710819
259,2026-09-21T07:59:12.399+00:00,2026-09-21T08:04:08.029+00:00,2026-09-21T08:04:10.488+00:00,True,40,40.0,,40.0,295629.611606,298088.554838,298088.555067,7452.2138766749995,42.495661,295629.611606,46733.17770345412,76.03455945,63.049826461538466,9.465319888913683,0.13418831199922623,32,64,,True,True,,160,59.56268577710819
260,2026-09-21T07:59:12.595+00:00,2026-09-21T08:04:09.118+00:00,2026-09-21T08:04:09.352+00:00,True,5,5.0,,5.0,296522.726662,296756.174598,296756.174467,59351.234893400004,46.953421,296522.726662,132582.89478998198,237232.4789958,58.361984,10.470346030178753,0.016848849082157218,32,64,,True,True,,20,59.56268577710819
261,2026-09-21T07:59:12.932+00:00,2026-09-21T08:04:10.964+00:00,2026-09-21T08:04:11.661+00:00,True,12,12.0,,12.0,298031.942021,298728.759173,298728.759175,24894.063264583336,47.51932,298031.942021,86016.12474999759,134156.91317050002,63.34701381818182,9.543747100942417,0.040170220079314665,32,64,,True,True,,25,59.56268577710819
262,2026-09-21T07:59:13.244+00:00,2026-09-21T08:04:12.893+00:00,2026-09-21T08:04:13.257+00:00,False,8,7.0,,7.0,299648.733014,300012.916054,300012.916191,37501.614523875,0.02974,299648.733014,105923.43397252318,194798.74733195,52.02614857142857,24.640584457438443,0.02333232879460448,32,64,,True,False,Request timeout: 300.0s exceeded,49,59.56268577710819
263,2026-09-21T07:59:13.473+00:00,2026-09-21T08:04:13.492+00:00,2026-09-21T08:04:13.492+00:00,False,1,0.0,,0.0,300019.206696,300019.206696,300019.206696,300019.206696,300019.206696,300019.206696,nan,300019.206696,nan,nan,0.0,32,64,,True,False,"HTTPConnectionPool(host='gpu06', port=9004): Read timed out.",0,59.56268577710819
264,2026-09-21T07:59:13.751+00:00,2026-09-21T08:04:13.858+00:00,2026-09-21T08:04:13.858+00:00,False,1,0.0,,0.0,300106.881179,300106.881179,300106.881179,300106.881179,300106.881179,300106.881179,nan,300106.881179,nan,nan,0.0,32,64,,True,False,"HTTPConnectionPool(host='gpu06', port=9004): Read timed out.",0,59.56268577710819
265,2026-09-21T07:59:14.077+00:00,2026-09-21T08:04:14.170+00:00,2026-09-21T08:04:14.170+00:00,False,1,0.0,,0.0,300093.251828,300093.251828,300093.251828,300093.251828,300093.251828,300093.251828,nan,300093.251828,nan,nan,0.0,32,64,,True,False,"HTTPConnectionPool(host='gpu06', port=9004): Read timed out.",0,59.56268577710819
266,2026-09-21T07:59:14.352+00:00,2026-09-21T08:04:14.458+00:00,2026-09-21T08:04:14.458+00:00,False,1,0.0,,0.0,300105.78342,300105.78342,300105.78342,300105.78342,300105.78342,300105.78342,nan,300105.78342,nan,nan,0.0,32,64,,True,False,"HTTPConnectionPool(host='gpu06', port=9004): Read timed out.",0,59.56268577710819
267,2026-09-21T07:59:14.648+00:00,2026-09-21T08:04:14.759+00:00,2026-09-21T08:04:14.759+00:00,False,1,0.0,,0.0,300110.867699,300110.867699,300110.867699,300110.867699,300110.867699,300110.867699,nan,300110.867699,nan,nan,0.0,32,64,,True,False,"HTTPConnectionPool(host='gpu06', port=9004): Read timed out.",0,59.56268577710819
268,2026-09-21T07:59:14.862+00:00,2026-09-21T08:04:14.955+00:00,2026-09-21T08:04:14.955+00:00,False,1,0.0,,0.0,300093.213975,300093.213975,300093.213975,300093.213975,300093.213975,300093.213975,nan,300093.213975,nan,nan,0.0,32,64,,True,False,TTFT timeout: 300.0s exceeded (TTFT: 300.088s),0,59.56268577710819
269,2026-09-21T07:59:15.141+00:00,2026-09-21T08:04:15.180+00:00,2026-09-21T08:04:15.180+00:00,False,1,0.0,,0.0,300039.527935,300039.527935,300039.527935,300039.527935,300039.527935,300039.527935,nan,300039.527935,nan,nan,0.0,32,64,,True,False,TTFT timeout: 300.0s exceeded (TTFT: 300.016s),0,59.56268577710819
270,2026-09-21T07:59:15.353+00:00,2026-09-21T08:04:15.464+00:00,2026-09-21T08:04:15.464+00:00,False,1,0.0,,0.0,300111.694763,300111.694763,300111.694763,300111.694763,300111.694763,300111.694763,nan,300111.694763,nan,nan,0.0,32,64,,True,False,"HTTPConnectionPool(host='gpu06', port=9004): Read timed out.",0,59.56268577710819
271,2026-09-21T07:59:15.591+00:00,2026-09-21T08:04:15.646+00:00,2026-09-21T08:04:15.646+00:00,False,1,0.0,,0.0,300054.69279500004,300054.69279500004,300054.69279500004,300054.69279500004,300054.69279500004,300054.69279500004,nan,300054.69279500004,nan,nan,0.0,32,64,,True,False,TTFT timeout: 300.0s exceeded (TTFT: 300.047s),0,59.56268577710819
272,2026-09-21T07:59:15.842+00:00,2026-09-21T08:04:15.803+00:00,2026-09-21T08:04:15.857+00:00,False,3,2.0,,2.0,299960.849236,300015.04776399996,300015.04772699997,100005.015909,0.03322,299960.849236,173166.83341128286,269970.1808395,27.099264,38.277081651773194,0.006666332288683248,32,64,,True,False,Request timeout: 300.0s exceeded,12,59.56268577710819
273,2026-09-21T07:59:16.158+00:00,2026-09-21T08:04:16.270+00:00,2026-09-21T08:04:16.270+00:00,False,1,0.0,,0.0,300112.795998,300112.795998,300112.795998,300112.795998,300112.795998,300112.795998,nan,300112.795998,nan,nan,0.0,32,64,,True,False,"HTTPConnectionPool(host='gpu06', port=9004): Read timed out.",0,59.56268577710819
274,2026-09-21T07:59:16.471+00:00,2026-09-21T08:04:16.528+00:00,2026-09-21T08:04:16.528+00:00,False,1,0.0,,0.0,300056.361616,300056.361616,300056.361616,300056.361616,300056.361616,300056.361616,nan,300056.361616,nan,nan,0.0,32,64,,True,False,"HTTPConnectionPool(host='gpu06', port=9004): Read timed out.",0,59.56268577710819
275,2026-09-21T07:59:16.686+00:00,2026-09-21T08:04:16.739+00:00,2026-09-21T08:04:16.739+00:00,False,1,0.0,,0.0,300053.429631,300053.429631,300053.429631,300053.429631,300053.429631,300053.429631,nan,300053.429631,nan,nan,0.0,32,64,,True,False,"HTTPConnectionPool(host='gpu06', port=9004): Read timed out.",0,59.56268577710819
276,2026-09-21T07:59:17.037+00:00,2026-09-21T08:04:17.106+00:00,2026-09-21T08:04:17.106+00:00,False,1,0.0,,0.0,300069.507858,300069.507858,300069.507858,300069.507858,300069.507858,300069.507858,nan,300069.507858,nan,nan,0.0,32,64,,True,False,"HTTPConnectionPool(host='gpu06', port=9004): Read timed out.",0,59.56268577710819
277,2026-09-21T07:59:17.373+00:00,2026-09-21T08:04:17.463+00:00,2026-09-21T08:04:17.463+00:00,False,1,0.0,,0.0,300090.66258600005,300090.66258600005,300090.66258600005,300090.66258600005,300090.66258600005,300090.66258600005,nan,300090.66258600005,nan,nan,0.0,32,64,,True,False,"HTTPConnectionPool(host='gpu06', port=9004): Read timed out.",0,59.56268577710819
278,2026-09-21T07:59:17.655+00:00,2026-09-21T08:04:17.761+00:00,2026-09-21T08:04:17.761+00:00,False,1,0.0,,0.0,300105.899048,300105.899048,300105.899048,300105.899048,300105.899048,300105.899048,nan,300105.899048,nan,nan,0.0,32,64,,True,False,"HTTPConnectionPool(host='gpu06', port=9004): Read timed out.",0,59.56268577710819
279,2026-09-21T07:59:17.959+00:00,2026-09-21T08:04:18.033+00:00,2026-09-21T08:04:18.033+00:00,False,1,0.0,,0.0,300073.576986,300073.576986,300073.576986,300073.576986,300073.576986,300073.576986,nan,300073.576986,nan,nan,0.0,32,64,,True,False,TTFT timeout: 300.0s exceeded (TTFT: 300.050s),0,59.56268577710819
280,2026-09-21T07:59:18.261+00:00,2026-09-21T08:04:18.633+00:00,2026-09-21T08:04:19.857+00:00,False,19,18.0,,18.0,300371.593093,301595.75462900003,301595.754409,15873.460758368421,0.03785,300371.593093,68894.37452014841,30161.252995,68.00897422222222,32.81926237018983,0.05968253771390853,32,64,,True,False,Request timeout: 300.0s exceeded,120,59.56268577710819
282,2026-09-21T07:59:19.549+00:00,2026-09-21T08:04:18.997+00:00,2026-09-21T08:04:19.858+00:00,False,15,14.0,,14.0,299448.158768,300308.54532800004,300308.545346,20020.569689733336,0.02819,299448.158768,77301.31894497965,89913.55075380001,61.456182857142856,28.07105198779646,0.0466187200391153,32,64,,True,False,Request timeout: 300.0s exceeded,42,59.56268577710819
283,2026-09-21T07:59:19.776+00:00,2026-09-21T08:04:19.163+00:00,2026-09-21T08:04:19.860+00:00,False,13,12.0,,12.0,299387.349211,300083.53481100005,300083.53465600003,23083.34881969231,0.02906,299387.349211,83019.02402271824,119822.7769096,58.01546666666666,26.70482006490197,0.03998886512569873,32,64,,True,False,Request timeout: 300.0s exceeded,84,59.56268577710819
281,2026-09-21T07:59:19.416+00:00,2026-09-21T08:04:19.355+00:00,2026-09-21T08:04:19.856+00:00,False,11,10.0,,10.0,299938.709416,300439.90596,300439.905967,27312.718724272727,0.03597,299938.709416,90419.813985528,150005.269729,50.1196544,20.360749032558473,0.03328452646144611,32,64,,True,False,Request timeout: 300.0s exceeded,100,59.56268577710819
284,2026-09-21T07:59:19.772+00:00,2026-09-21T08:04:20.399+00:00,2026-09-21T08:04:20.399+00:00,False,1,0.0,,0.0,300627.54144700005,300627.54144700005,300627.54144700005,300627.54144700005,300627.54144700005,300627.54144700005,nan,300627.54144700005,nan,nan,0.0,32,64,,True,False,"HTTPConnectionPool(host='gpu06', port=9004): Read timed out.",0,59.56268577710819
287,2026-09-21T07:59:20.026+00:00,2026-09-21T08:04:20.647+00:00,2026-09-21T08:04:21.360+00:00,False,10,9.0,,9.0,300620.75938999996,301333.87196599995,301333.872055,30133.387205499996,0.02785,300620.75938999996,95039.58506518941,165419.50395229997,79.23473066666668,46.542397337253185,0.029867203249608416,32,64,,True,False,Request timeout: 300.0s exceeded,18,59.56268577710819
285,2026-09-21T07:59:19.795+00:00,2026-09-21T08:04:20.790+00:00,2026-09-21T08:04:21.360+00:00,False,8,7.0,,7.0,300994.733733,301565.470885,301565.470815,37695.683851875,0.027309999999999997,300994.733733,106388.89334111166,195706.64248935,81.53387885714285,52.857488598443254,0.023212206554872467,32,64,,True,False,Request timeout: 300.0s exceeded,63,59.56268577710819
286,2026-09-21T07:59:19.903+00:00,2026-09-21T08:04:21.212+00:00,2026-09-21T08:04:21.406+00:00,False,5,4.0,,4.0,301309.335172,301503.09747599997,301503.097396,60300.619479199995,0.04475,301309.335172,134727.97228686162,241066.995798,48.440576,39.85915439185573,0.013266862043824955,32,64,,True,False,Request timeout: 300.0s exceeded,8,59.56268577710819
288,2026-09-21T07:59:20.345+00:00,2026-09-21T08:04:21.526+00:00,2026-09-21T08:04:21.526+00:00,False,1,0.0,,0.0,301181.81795999996,301181.81795999996,301181.81795999996,301181.81795999996,301181.81795999996,301181.81795999996,nan,301181.81795999996,nan,nan,0.0,32,64,,True,False,"HTTPConnectionPool(host='gpu06', port=9004): Read timed out.",0,59.56268577710819
289,2026-09-21T07:59:20.606+00:00,2026-09-21T08:04:21.896+00:00,2026-09-21T08:04:21.896+00:00,False,1,0.0,,0.0,301289.699235,301289.699235,301289.699235,301289.699235,301289.699235,301289.699235,nan,301289.699235,nan,nan,0.0,32,64,,True,False,"HTTPConnectionPool(host='gpu06', port=9004): Read timed out.",0,59.56268577710819
292,2026-09-21T07:59:21.487+00:00,2026-09-21T08:04:21.898+00:00,2026-09-21T08:04:21.898+00:00,False,1,0.0,,0.0,300410.84681699995,300410.84681699995,300410.84681699995,300410.84681699995,300410.84681699995,300410.84681699995,nan,300410.84681699995,nan,nan,0.0,32,64,,True,False,"HTTPConnectionPool(host='gpu06', port=9004): Read timed out.",0,59.56268577710819
293,2026-09-21T07:59:21.827+00:00,2026-09-21T08:04:21.939+00:00,2026-09-21T08:04:21.939+00:00,False,1,0.0,,0.0,300111.879948,300111.879948,300111.879948,300111.879948,300111.879948,300111.879948,nan,300111.879948,nan,nan,0.0,32,64,,True,False,"HTTPConnectionPool(host='gpu06', port=9004): Read timed out.",0,59.56268577710819
296,2026-09-21T07:59:22.535+00:00,2026-09-21T08:04:23.281+00:00,2026-09-21T08:04:23.281+00:00,False,1,0.0,,0.0,300745.163684,300745.163684,300745.163684,300745.163684,300745.163684,300745.163684,nan,300745.163684,nan,nan,0.0,32,64,,True,False,"HTTPConnectionPool(host='gpu06', port=9004): Read timed out.",0,59.56268577710819
297,2026-09-21T07:59:22.809+00:00,2026-09-21T08:04:23.283+00:00,2026-09-21T08:04:23.283+00:00,False,1,0.0,,0.0,300474.28766000003,300474.28766000003,300474.28766000003,300474.28766000003,300474.28766000003,300474.28766000003,nan,300474.28766000003,nan,nan,0.0,32,64,,True,False,"HTTPConnectionPool(host='gpu06', port=9004): Read timed out.",0,59.56268577710819
294,2026-09-21T07:59:22.109+00:00,2026-09-21T08:04:23.297+00:00,2026-09-21T08:04:23.297+00:00,False,1,0.0,,0.0,301187.940092,301187.940092,301187.940092,301187.940092,301187.940092,301187.940092,nan,301187.940092,nan,nan,0.0,32,64,,True,False,"HTTPConnectionPool(host='gpu06', port=9004): Read timed out.",0,59.56268577710819
290,2026-09-21T07:59:20.872+00:00,2026-09-21T08:04:23.299+00:00,2026-09-21T08:04:23.299+00:00,False,1,0.0,,0.0,302427.166051,302427.166051,302427.166051,302427.166051,302427.166051,302427.166051,nan,302427.166051,nan,nan,0.0,32,64,,True,False,"HTTPConnectionPool(host='gpu06', port=9004): Read timed out.",0,59.56268577710819
295,2026-09-21T07:59:22.339+00:00,2026-09-21T08:04:23.304+00:00,2026-09-21T08:04:23.304+00:00,False,1,0.0,,0.0,300964.513732,300964.513732,300964.513732,300964.513732,300964.513732,300964.513732,nan,300964.513732,nan,nan,0.0,32,64,,True,False,"HTTPConnectionPool(host='gpu06', port=9004): Read timed out.",0,59.56268577710819
298,2026-09-21T07:59:23.112+00:00,2026-09-21T08:04:23.305+00:00,2026-09-21T08:04:23.305+00:00,False,1,0.0,,0.0,300192.506554,300192.506554,300192.506554,300192.506554,300192.506554,300192.506554,nan,300192.506554,nan,nan,0.0,32,64,,True,False,"HTTPConnectionPool(host='gpu06', port=9004): Read timed out.",0,59.56268577710819
291,2026-09-21T07:59:21.203+00:00,2026-09-21T08:04:23.310+00:00,2026-09-21T08:04:23.310+00:00,False,1,0.0,,0.0,302106.474192,302106.474192,302106.474192,302106.474192,302106.474192,302106.474192,nan,302106.474192,nan,nan,0.0,32,64,,True,False,"HTTPConnectionPool(host='gpu06', port=9004): Read timed out.",0,59.56268577710819
299,2026-09-21T07:59:23.450+00:00,2026-09-21T08:04:23.529+00:00,2026-09-21T08:04:23.529+00:00,False,1,0.0,,0.0,300079.228459,300079.228459,300079.228459,300079.228459,300079.228459,300079.228459,nan,300079.228459,nan,nan,0.0,32,64,,True,False,"HTTPConnectionPool(host='gpu06', port=9004): Read timed out.",0,59.56268577710819
300,2026-09-21T07:59:23.718+00:00,2026-09-21T08:04:23.824+00:00,2026-09-21T08:04:23.824+00:00,False,1,0.0,,0.0,300105.73028200003,300105.73028200003,300105.73028200003,300105.73028200003,300105.73028200003,300105.73028200003,nan,300105.73028200003,nan,nan,0.0,32,64,,True,False,"HTTPConnectionPool(host='gpu06', port=9004): Read timed out.",0,59.56268577710819
301,2026-09-21T07:59:23.925+00:00,2026-09-21T08:04:23.989+00:00,2026-09-21T08:04:23.989+00:00,False,1,0.0,,0.0,300064.134187,300064.134187,300064.134187,300064.134187,300064.134187,300064.134187,nan,300064.134187,nan,nan,0.0,32,64,,True,False,"HTTPConnectionPool(host='gpu06', port=9004): Read timed out.",0,59.56268577710819
302,2026-09-21T07:59:24.218+00:00,2026-09-21T08:04:24.323+00:00,2026-09-21T08:04:24.323+00:00,False,1,0.0,,0.0,300105.313098,300105.313098,300105.313098,300105.313098,300105.313098,300105.313098,nan,300105.313098,nan,nan,0.0,32,64,,True,False,"HTTPConnectionPool(host='gpu06', port=9004): Read timed out.",0,59.56268577710819
303,2026-09-21T07:59:24.482+00:00,2026-09-21T08:04:24.551+00:00,2026-09-21T08:04:24.551+00:00,False,1,0.0,,0.0,300068.54018,300068.54018,300068.54018,300068.54018,300068.54018,300068.54018,nan,300068.54018,nan,nan,0.0,32,64,,True,False,"HTTPConnectionPool(host='gpu06', port=9004): Read timed out.",0,59.56268577710819
304,2026-09-21T07:59:24.788+00:00,2026-09-21T08:04:24.873+00:00,2026-09-21T08:04:24.873+00:00,False,1,0.0,,0.0,300085.36984,300085.36984,300085.36984,300085.36984,300085.36984,300085.36984,nan,300085.36984,nan,nan,0.0,32,64,,True,False,TTFT timeout: 300.0s exceeded (TTFT: 300.083s),0,59.56268577710819
305,2026-09-21T07:59:25.107+00:00,2026-09-21T08:04:25.135+00:00,2026-09-21T08:04:25.135+00:00,False,1,0.0,,0.0,300027.933537,300027.933537,300027.933537,300027.933537,300027.933537,300027.933537,nan,300027.933537,nan,nan,0.0,32,64,,True,False,TTFT timeout: 300.0s exceeded (TTFT: 300.018s),0,59.56268577710819
306,2026-09-21T07:59:25.314+00:00,2026-09-21T08:04:25.325+00:00,2026-09-21T08:04:25.325+00:00,False,1,0.0,,0.0,300011.308893,300011.308893,300011.308893,300011.308893,300011.308893,300011.308893,nan,300011.308893,nan,nan,0.0,32,64,,True,False,TTFT timeout: 300.0s exceeded (TTFT: 300.004s),0,59.56268577710819
307,2026-09-21T07:59:25.534+00:00,2026-09-21T08:04:25.529+00:00,2026-09-21T08:04:25.639+00:00,False,3,2.0,,2.0,299995.389297,300105.605233,300105.60510000004,100035.2017,0.02903,299995.389297,173170.61096373328,270006.8690446,55.107968,77.89316333181823,0.006664320709528945,32,64,,True,False,Request timeout: 300.0s exceeded,14,59.56268577710819
308,2026-09-21T07:59:25.825+00:00,2026-09-21T08:04:25.932+00:00,2026-09-21T08:04:25.932+00:00,False,1,0.0,,0.0,300107.47820099996,300107.47820099996,300107.47820099996,300107.47820099996,300107.47820099996,300107.47820099996,nan,300107.47820099996,nan,nan,0.0,32,64,,True,False,"HTTPConnectionPool(host='gpu06', port=9004): Read timed out.",0,59.56268577710819
309,2026-09-21T07:59:26.102+00:00,2026-09-21T08:04:26.207+00:00,2026-09-21T08:04:26.207+00:00,False,1,0.0,,0.0,300105.087452,300105.087452,300105.087452,300105.087452,300105.087452,300105.087452,nan,300105.087452,nan,nan,0.0,32,64,,True,False,"HTTPConnectionPool(host='gpu06', port=9004): Read timed out.",0,59.56268577710819
310,2026-09-21T07:59:26.443+00:00,2026-09-21T08:04:26.559+00:00,2026-09-21T08:04:26.559+00:00,False,1,0.0,,0.0,300116.012769,300116.012769,300116.012769,300116.012769,300116.012769,300116.012769,nan,300116.012769,nan,nan,0.0,32,64,,True,False,"HTTPConnectionPool(host='gpu06', port=9004): Read timed out.",0,59.56268577710819
311,2026-09-21T07:59:26.733+00:00,2026-09-21T08:04:26.808+00:00,2026-09-21T08:04:26.808+00:00,False,1,0.0,,0.0,300075.483239,300075.483239,300075.483239,300075.483239,300075.483239,300075.483239,nan,300075.483239,nan,nan,0.0,32,64,,True,False,"HTTPConnectionPool(host='gpu06', port=9004): Read timed out.",0,59.56268577710819
312,2026-09-21T07:59:27.030+00:00,2026-09-21T08:04:27.082+00:00,2026-09-21T08:04:27.082+00:00,False,1,0.0,,0.0,300051.504328,300051.504328,300051.504328,300051.504328,300051.504328,300051.504328,nan,300051.504328,nan,nan,0.0,32,64,,True,False,"HTTPConnectionPool(host='gpu06', port=9004): Read timed out.",0,59.56268577710819
313,2026-09-21T07:59:27.275+00:00,2026-09-21T08:04:27.288+00:00,2026-09-21T08:04:27.288+00:00,False,1,0.0,,0.0,300012.689651,300012.689651,300012.689651,300012.689651,300012.689651,300012.689651,nan,300012.689651,nan,nan,0.0,32,64,,True,False,TTFT timeout: 300.0s exceeded (TTFT: 300.005s),0,59.56268577710819
314,2026-09-21T07:59:27.520+00:00,2026-09-21T08:04:27.516+00:00,2026-09-21T08:04:27.660+00:00,False,3,2.0,,2.0,299995.866824,300139.782856,300139.782637,100046.59421233334,0.02671,299995.866824,173161.16449004374,270010.66905190004,71.958016,101.72598808810358,0.0066635618276553255,32,64,,True,False,Request timeout: 300.0s exceeded,10,59.56268577710819
315,2026-09-21T07:59:27.864+00:00,2026-09-21T08:04:27.948+00:00,2026-09-21T08:04:27.948+00:00,False,1,0.0,,0.0,300084.048183,300084.048183,300084.048183,300084.048183,300084.048183,300084.048183,nan,300084.048183,nan,nan,0.0,32,64,,True,False,"HTTPConnectionPool(host='gpu06', port=9004): Read timed out.",0,59.56268577710819
316,2026-09-21T07:59:28.195+00:00,2026-09-21T08:04:28.300+00:00,2026-09-21T08:04:28.300+00:00,False,1,0.0,,0.0,300105.543901,300105.543901,300105.543901,300105.543901,300105.543901,300105.543901,nan,300105.543901,nan,nan,0.0,32,64,,True,False,"HTTPConnectionPool(host='gpu06', port=9004): Read timed out.",0,59.56268577710819
317,2026-09-21T07:59:28.538+00:00,2026-09-21T08:04:28.544+00:00,2026-09-21T08:04:28.544+00:00,False,1,0.0,,0.0,300005.338756,300005.338756,300005.338756,300005.338756,300005.338756,300005.338756,nan,300005.338756,nan,nan,0.0,32,64,,True,False,"HTTPConnectionPool(host='gpu06', port=9004): Read timed out.",0,59.56268577710819
318,2026-09-21T07:59:28.840+00:00,2026-09-21T08:04:28.944+00:00,2026-09-21T08:04:28.944+00:00,False,1,0.0,,0.0,300104.056838,300104.056838,300104.056838,300104.056838,300104.056838,300104.056838,nan,300104.056838,nan,nan,0.0,32,64,,True,False,TTFT timeout: 300.0s exceeded (TTFT: 300.097s),0,59.56268577710819
319,2026-09-21T07:59:29.032+00:00,2026-09-21T08:04:29.139+00:00,2026-09-21T08:04:29.139+00:00,False,1,0.0,,0.0,300107.357105,300107.357105,300107.357105,300107.357105,300107.357105,300107.357105,nan,300107.357105,nan,nan,0.0,32,64,,True,False,"HTTPConnectionPool(host='gpu06', port=9004): Read timed out.",0,59.56268577710819
320,2026-09-21T07:59:29.378+00:00,2026-09-21T08:04:29.454+00:00,2026-09-21T08:04:29.454+00:00,False,1,0.0,,0.0,300075.729381,300075.729381,300075.729381,300075.729381,300075.729381,300075.729381,nan,300075.729381,nan,nan,0.0,32,64,,True,False,TTFT timeout: 300.0s exceeded (TTFT: 300.071s),0,59.56268577710819
321,2026-09-21T07:59:29.591+00:00,2026-09-21T08:04:29.607+00:00,2026-09-21T08:04:29.607+00:00,False,1,0.0,,0.0,300015.981686,300015.981686,300015.981686,300015.981686,300015.981686,300015.981686,nan,300015.981686,nan,nan,0.0,32,64,,True,False,TTFT timeout: 300.0s exceeded (TTFT: 300.001s),0,59.56268577710819
322,2026-09-21T07:59:29.878+00:00,2026-09-21T08:04:29.896+00:00,2026-09-21T08:04:29.896+00:00,False,1,0.0,,0.0,300017.90937699995,300017.90937699995,300017.90937699995,300017.90937699995,300017.90937699995,300017.90937699995,nan,300017.90937699995,nan,nan,0.0,32,64,,True,False,TTFT timeout: 300.0s exceeded (TTFT: 300.005s),0,59.56268577710819
323,2026-09-21T07:59:30.101+00:00,2026-09-21T08:04:30.216+00:00,2026-09-21T08:04:30.216+00:00,False,1,0.0,,0.0,300115.275493,300115.275493,300115.275493,300115.275493,300115.275493,300115.275493,nan,300115.275493,nan,nan,0.0,32,64,,True,False,"HTTPConnectionPool(host='gpu06', port=9004): Read timed out.",0,59.56268577710819
324,2026-09-21T07:59:30.412+00:00,2026-09-21T08:04:30.518+00:00,2026-09-21T08:04:30.518+00:00,False,1,0.0,,0.0,300106.47186299996,300106.47186299996,300106.47186299996,300106.47186299996,300106.47186299996,300106.47186299996,nan,300106.47186299996,nan,nan,0.0,32,64,,True,False,"HTTPConnectionPool(host='gpu06', port=9004): Read timed out.",0,59.56268577710819
325,2026-09-21T07:59:30.664+00:00,2026-09-21T08:04:30.768+00:00,2026-09-21T08:04:30.768+00:00,False,1,0.0,,0.0,300103.849846,300103.849846,300103.849846,300103.849846,300103.849846,300103.849846,nan,300103.849846,nan,nan,0.0,32,64,,True,False,"HTTPConnectionPool(host='gpu06', port=9004): Read timed out.",0,59.56268577710819
326,2026-09-21T07:59:30.968+00:00,2026-09-21T08:04:31.052+00:00,2026-09-21T08:04:31.052+00:00,False,1,0.0,,0.0,300084.017335,300084.017335,300084.017335,300084.017335,300084.017335,300084.017335,nan,300084.017335,nan,nan,0.0,32,64,,True,False,"HTTPConnectionPool(host='gpu06', port=9004): Read timed out.",0,59.56268577710819
327,2026-09-21T07:59:31.216+00:00,2026-09-21T08:04:31.329+00:00,2026-09-21T08:04:31.329+00:00,False,1,0.0,,0.0,300112.929719,300112.929719,300112.929719,300112.929719,300112.929719,300112.929719,nan,300112.929719,nan,nan,0.0,32,64,,True,False,"HTTPConnectionPool(host='gpu06', port=9004): Read timed out.",0,59.56268577710819
328,2026-09-21T07:59:31.504+00:00,2026-09-21T08:04:31.512+00:00,2026-09-21T08:04:32.858+00:00,False,21,20.0,,20.0,300008.590257,301354.277041,301354.277026,14350.203667904761,0.039810000000000005,300008.590257,65452.572005679925,184.56455400000002,67.2843392,42.37869446593066,0.06636706867538153,32,64,,True,False,Request timeout: 300.0s exceeded,60,59.56268577710819
329,2026-09-21T07:59:31.807+00:00,2026-09-21T08:04:31.876+00:00,2026-09-21T08:04:32.913+00:00,False,20,19.0,,19.0,300068.130758,301105.964486,301105.96431,15055.2982155,0.04208,300068.130758,67085.06176687714,15077.975477850001,54.62282778947368,16.72352246747894,0.06310070952076212,32,64,,True,False,Request timeout: 300.0s exceeded,76,59.56268577710819
333,2026-09-21T07:59:32.879+00:00,2026-09-21T08:04:33.013+00:00,2026-09-21T08:04:33.013+00:00,False,1,0.0,,0.0,300133.86337800004,300133.86337800004,300133.86337800004,300133.86337800004,300133.86337800004,300133.86337800004,nan,300133.86337800004,nan,nan,0.0,32,64,,True,False,TTFT timeout: 300.0s exceeded (TTFT: 300.011s),0,59.56268577710819
334,2026-09-21T07:59:33.105+00:00,2026-09-21T08:04:33.122+00:00,2026-09-21T08:04:33.122+00:00,False,1,0.0,,0.0,300017.50284,300017.50284,300017.50284,300017.50284,300017.50284,300017.50284,nan,300017.50284,nan,nan,0.0,32,64,,True,False,"HTTPConnectionPool(host='gpu06', port=9004): Read timed out.",0,59.56268577710819
330,2026-09-21T07:59:32.142+00:00,2026-09-21T08:04:33.216+00:00,2026-09-21T08:04:33.216+00:00,False,1,0.0,,0.0,301073.239667,301073.239667,301073.239667,301073.239667,301073.239667,301073.239667,nan,301073.239667,nan,nan,0.0,32,64,,True,False,"HTTPConnectionPool(host='gpu06', port=9004): Read timed out.",0,59.56268577710819
335,2026-09-21T07:59:33.299+00:00,2026-09-21T08:04:33.306+00:00,2026-09-21T08:04:33.306+00:00,False,1,0.0,,0.0,300007.380857,300007.380857,300007.380857,300007.380857,300007.380857,300007.380857,nan,300007.380857,nan,nan,0.0,32,64,,True,False,"HTTPConnectionPool(host='gpu06', port=9004): Read timed out.",0,59.56268577710819
331,2026-09-21T07:59:32.396+00:00,2026-09-21T08:04:33.474+00:00,2026-09-21T08:04:33.474+00:00,False,1,0.0,,0.0,301078.595941,301078.595941,301078.595941,301078.595941,301078.595941,301078.595941,nan,301078.595941,nan,nan,0.0,32,64,,True,False,"HTTPConnectionPool(host='gpu06', port=9004): Read timed out.",0,59.56268577710819
336,2026-09-21T07:59:33.526+00:00,2026-09-21T08:04:33.640+00:00,2026-09-21T08:04:33.640+00:00,False,1,0.0,,0.0,300113.40873400006,300113.40873400006,300113.40873400006,300113.40873400006,300113.40873400006,300113.40873400006,nan,300113.40873400006,nan,nan,0.0,32,64,,True,False,"HTTPConnectionPool(host='gpu06', port=9004): Read timed out.",0,59.56268577710819
332,2026-09-21T07:59:32.645+00:00,2026-09-21T08:04:33.917+00:00,2026-09-21T08:04:34.811+00:00,False,14,13.0,,13.0,301272.288768,302166.74995200004,302166.749786,21583.339270428572,0.02613,301272.288768,80500.03211810268,105587.76969705003,68.80470646153846,50.97177043407369,0.04302260259298908,32,64,,True,False,Request timeout: 300.0s exceeded,0,59.56268577710819
338,2026-09-21T07:59:35.025+00:00,2026-09-21T08:04:34.383+00:00,2026-09-21T08:04:35.391+00:00,False,20,19.0,,19.0,299357.862148,300366.066436,300366.066299,15018.303314949999,0.02373,299357.862148,66926.58930789202,15035.970782849998,53.06338357894737,15.51343729041495,0.06325614682592115,32,64,,True,False,Request timeout: 300.0s exceeded,76,59.56268577710819
337,2026-09-21T07:59:34.811+00:00,2026-09-21T08:04:35.156+00:00,2026-09-21T08:04:35.391+00:00,False,6,5.0,,5.0,300345.17794300005,300580.64111100003,300580.64110800007,50096.77351800001,0.02794,300345.17794300005,122596.18248475621,225276.95006025006,47.0926336,27.831990355428278,0.01663447114065331,32,64,,True,False,Request timeout: 300.0s exceeded,5,59.56268577710819
339,2026-09-21T07:59:35.441+00:00,2026-09-21T08:04:35.983+00:00,2026-09-21T08:04:35.983+00:00,False,1,0.0,,0.0,300542.890819,300542.890819,300542.890819,300542.890819,300542.890819,300542.890819,nan,300542.890819,nan,nan,0.0,32,64,,True,False,"HTTPConnectionPool(host='gpu06', port=9004): Read timed out.",0,59.56268577710819
340,2026-09-21T07:59:35.655+00:00,2026-09-21T08:04:36.100+00:00,2026-09-21T08:04:36.100+00:00,False,1,0.0,,0.0,300445.356153,300445.356153,300445.356153,300445.356153,300445.356153,300445.356153,nan,300445.356153,nan,nan,0.0,32,64,,True,False,"HTTPConnectionPool(host='gpu06', port=9004): Read timed out.",0,59.56268577710819
341,2026-09-21T07:59:35.843+00:00,2026-09-21T08:04:36.228+00:00,2026-09-21T08:04:36.228+00:00,False,1,0.0,,0.0,300384.971538,300384.971538,300384.971538,300384.971538,300384.971538,300384.971538,nan,300384.971538,nan,nan,0.0,32,64,,True,False,"HTTPConnectionPool(host='gpu06', port=9004): Read timed out.",0,59.56268577710819
344,2026-09-21T07:59:36.029+00:00,2026-09-21T08:04:36.229+00:00,2026-09-21T08:04:36.229+00:00,False,1,0.0,,0.0,300199.814162,300199.814162,300199.814162,300199.814162,300199.814162,300199.814162,nan,300199.814162,nan,nan,0.0,32,64,,True,False,"HTTPConnectionPool(host='gpu06', port=9004): Read timed out.",0,59.56268577710819
343,2026-09-21T07:59:36.019+00:00,2026-09-21T08:04:36.239+00:00,2026-09-21T08:04:36.239+00:00,False,1,0.0,,0.0,300219.630213,300219.630213,300219.630213,300219.630213,300219.630213,300219.630213,nan,300219.630213,nan,nan,0.0,32,64,,True,False,"HTTPConnectionPool(host='gpu06', port=9004): Read timed out.",0,59.56268577710819
342,2026-09-21T07:59:35.906+00:00,2026-09-21T08:04:36.260+00:00,2026-09-21T08:04:36.260+00:00,False,1,0.0,,0.0,300354.132261,300354.132261,300354.132261,300354.132261,300354.132261,300354.132261,nan,300354.132261,nan,nan,0.0,32,64,,True,False,"HTTPConnectionPool(host='gpu06', port=9004): Read timed out.",0,59.56268577710819
345,2026-09-21T07:59:36.111+00:00,2026-09-21T08:04:36.270+00:00,2026-09-21T08:04:36.270+00:00,False,1,0.0,,0.0,300159.337873,300159.337873,300159.337873,300159.337873,300159.337873,300159.337873,nan,300159.337873,nan,nan,0.0,32,64,,True,False,"HTTPConnectionPool(host='gpu06', port=9004): Read timed out.",0,59.56268577710819
346,2026-09-21T07:59:36.430+00:00,2026-09-21T08:04:36.544+00:00,2026-09-21T08:04:36.544+00:00,False,1,0.0,,0.0,300114.02780800004,300114.02780800004,300114.02780800004,300114.02780800004,300114.02780800004,300114.02780800004,nan,300114.02780800004,nan,nan,0.0,32,64,,True,False,"HTTPConnectionPool(host='gpu06', port=9004): Read timed out.",0,59.56268577710819
347,2026-09-21T07:59:36.733+00:00,2026-09-21T08:04:36.846+00:00,2026-09-21T08:04:36.846+00:00,False,1,0.0,,0.0,300113.436753,300113.436753,300113.436753,300113.436753,300113.436753,300113.436753,nan,300113.436753,nan,nan,0.0,32,64,,True,False,"HTTPConnectionPool(host='gpu06', port=9004): Read timed out.",0,59.56268577710819
348,2026-09-21T07:59:37.057+00:00,2026-09-21T08:04:37.162+00:00,2026-09-21T08:04:37.162+00:00,False,1,0.0,,0.0,300104.768385,300104.768385,300104.768385,300104.768385,300104.768385,300104.768385,nan,300104.768385,nan,nan,0.0,32,64,,True,False,"HTTPConnectionPool(host='gpu06', port=9004): Read timed out.",0,59.56268577710819
349,2026-09-21T07:59:37.358+00:00,2026-09-21T08:04:37.461+00:00,2026-09-21T08:04:37.461+00:00,False,1,0.0,,0.0,300102.42213,300102.42213,300102.42213,300102.42213,300102.42213,300102.42213,nan,300102.42213,nan,nan,0.0,32,64,,True,False,"HTTPConnectionPool(host='gpu06', port=9004): Read timed out.",0,59.56268577710819
350,2026-09-21T07:59:37.568+00:00,2026-09-21T08:04:37.656+00:00,2026-09-21T08:04:37.656+00:00,False,1,0.0,,0.0,300087.39957999997,300087.39957999997,300087.39957999997,300087.39957999997,300087.39957999997,300087.39957999997,nan,300087.39957999997,nan,nan,0.0,32,64,,True,False,TTFT timeout: 300.0s exceeded (TTFT: 300.076s),0,59.56268577710819
351,2026-09-21T07:59:37.779+00:00,2026-09-21T08:04:37.879+00:00,2026-09-21T08:04:37.879+00:00,False,1,0.0,,0.0,300100.539977,300100.539977,300100.539977,300100.539977,300100.539977,300100.539977,nan,300100.539977,nan,nan,0.0,32,64,,True,False,"HTTPConnectionPool(host='gpu06', port=9004): Read timed out.",0,59.56268577710819
352,2026-09-21T07:59:38.039+00:00,2026-09-21T08:04:38.079+00:00,2026-09-21T08:04:38.079+00:00,False,1,0.0,,0.0,300039.151262,300039.151262,300039.151262,300039.151262,300039.151262,300039.151262,nan,300039.151262,nan,nan,0.0,32,64,,True,False,TTFT timeout: 300.0s exceeded (TTFT: 300.030s),0,59.56268577710819
353,2026-09-21T07:59:38.247+00:00,2026-09-21T08:04:38.255+00:00,2026-09-21T08:04:38.297+00:00,False,3,2.0,,2.0,300008.08263300004,300049.947081,300049.94707100006,100016.64902366669,0.11898,300008.08263300004,173197.6632955197,270011.4489155,20.932224,29.434287088966705,0.006665556916295972,32,64,,True,False,Request timeout: 300.0s exceeded,6,59.56268577710819
354,2026-09-21T07:59:38.570+00:00,2026-09-21T08:04:38.676+00:00,2026-09-21T08:04:38.676+00:00,False,1,0.0,,0.0,300105.771499,300105.771499,300105.771499,300105.771499,300105.771499,300105.771499,nan,300105.771499,nan,nan,0.0,32,64,,True,False,"HTTPConnectionPool(host='gpu06', port=9004): Read timed out.",0,59.56268577710819
355,2026-09-21T07:59:38.793+00:00,2026-09-21T08:04:38.912+00:00,2026-09-21T08:04:38.912+00:00,False,1,0.0,,0.0,300118.862115,300118.862115,300118.862115,300118.862115,300118.862115,300118.862115,nan,300118.862115,nan,nan,0.0,32,64,,True,False,"HTTPConnectionPool(host='gpu06', port=9004): Read timed out.",0,59.56268577710819
356,2026-09-21T07:59:39.084+00:00,2026-09-21T08:04:39.100+00:00,2026-09-21T08:04:39.100+00:00,False,1,0.0,,0.0,300016.189048,300016.189048,300016.189048,300016.189048,300016.189048,300016.189048,nan,300016.189048,nan,nan,0.0,32,64,,True,False,"HTTPConnectionPool(host='gpu06', port=9004): Read timed out.",0,59.56268577710819
357,2026-09-21T07:59:39.396+00:00,2026-09-21T08:04:39.508+00:00,2026-09-21T08:04:39.508+00:00,False,1,0.0,,0.0,300111.627126,300111.627126,300111.627126,300111.627126,300111.627126,300111.627126,nan,300111.627126,nan,nan,0.0,32,64,,True,False,"HTTPConnectionPool(host='gpu06', port=9004): Read timed out.",0,59.56268577710819
358,2026-09-21T07:59:39.701+00:00,2026-09-21T08:04:39.805+00:00,2026-09-21T08:04:39.805+00:00,False,1,0.0,,0.0,300104.389821,300104.389821,300104.389821,300104.389821,300104.389821,300104.389821,nan,300104.389821,nan,nan,0.0,32,64,,True,False,"HTTPConnectionPool(host='gpu06', port=9004): Read timed out.",0,59.56268577710819
359,2026-09-21T07:59:39.903+00:00,2026-09-21T08:04:39.953+00:00,2026-09-21T08:04:39.953+00:00,False,1,0.0,,0.0,300049.98329400003,300049.98329400003,300049.98329400003,300049.98329400003,300049.98329400003,300049.98329400003,nan,300049.98329400003,nan,nan,0.0,32,64,,True,False,"HTTPConnectionPool(host='gpu06', port=9004): Read timed out.",0,59.56268577710819
360,2026-09-21T07:59:40.184+00:00,2026-09-21T08:04:40.156+00:00,2026-09-21T08:04:40.460+00:00,False,3,2.0,,2.0,299971.929757,300276.044189,300276.044109,100092.01470300001,0.03468,299971.929757,173101.15089835477,270005.1447485,152.057216,214.99250190317957,0.006660537990640233,32,64,,True,False,Request timeout: 300.0s exceeded,6,59.56268577710819
361,2026-09-21T07:59:40.409+00:00,2026-09-21T08:04:40.460+00:00,2026-09-21T08:04:40.460+00:00,False,1,0.0,,0.0,300051.594789,300051.594789,300051.594789,300051.594789,300051.594789,300051.594789,nan,300051.594789,nan,nan,0.0,32,64,,True,False,TTFT timeout: 300.0s exceeded (TTFT: 300.040s),0,59.56268577710819
362,2026-09-21T07:59:40.665+00:00,2026-09-21T08:04:40.768+00:00,2026-09-21T08:04:40.768+00:00,False,1,0.0,,0.0,300102.99451700004,300102.99451700004,300102.99451700004,300102.99451700004,300102.99451700004,300102.99451700004,nan,300102.99451700004,nan,nan,0.0,32,64,,True,False,TTFT timeout: 300.0s exceeded (TTFT: 300.060s),0,59.56268577710819
363,2026-09-21T07:59:40.934+00:00,2026-09-21T08:04:41.035+00:00,2026-09-21T08:04:41.035+00:00,False,1,0.0,,0.0,300101.520057,300101.520057,300101.520057,300101.520057,300101.520057,300101.520057,nan,300101.520057,nan,nan,0.0,32,64,,True,False,"HTTPConnectionPool(host='gpu06', port=9004): Read timed out.",0,59.56268577710819
364,2026-09-21T07:59:41.262+00:00,2026-09-21T08:04:41.363+00:00,2026-09-21T08:04:41.363+00:00,False,1,0.0,,0.0,300100.864418,300100.864418,300100.864418,300100.864418,300100.864418,300100.864418,nan,300100.864418,nan,nan,0.0,32,64,,True,False,"HTTPConnectionPool(host='gpu06', port=9004): Read timed out.",0,59.56268577710819
365,2026-09-21T07:59:41.491+00:00,2026-09-21T08:04:41.600+00:00,2026-09-21T08:04:41.600+00:00,False,1,0.0,,0.0,300109.479154,300109.479154,300109.479154,300109.479154,300109.479154,300109.479154,nan,300109.479154,nan,nan,0.0,32,64,,True,False,"HTTPConnectionPool(host='gpu06', port=9004): Read timed out.",0,59.56268577710819
366,2026-09-21T07:59:41.829+00:00,2026-09-21T08:04:41.930+00:00,2026-09-21T08:04:41.930+00:00,False,1,0.0,,0.0,300100.84230400005,300100.84230400005,300100.84230400005,300100.84230400005,300100.84230400005,300100.84230400005,nan,300100.84230400005,nan,nan,0.0,32,64,,True,False,"HTTPConnectionPool(host='gpu06', port=9004): Read timed out.",0,59.56268577710819
367,2026-09-21T07:59:42.107+00:00,2026-09-21T08:04:42.127+00:00,2026-09-21T08:04:42.127+00:00,False,1,0.0,,0.0,300020.570337,300020.570337,300020.570337,300020.570337,300020.570337,300020.570337,nan,300020.570337,nan,nan,0.0,32,64,,True,False,"HTTPConnectionPool(host='gpu06', port=9004): Read timed out.",0,59.56268577710819
368,2026-09-21T07:59:42.439+00:00,2026-09-21T08:04:42.457+00:00,2026-09-21T08:04:42.457+00:00,False,1,0.0,,0.0,300017.554107,300017.554107,300017.554107,300017.554107,300017.554107,300017.554107,nan,300017.554107,nan,nan,0.0,32,64,,True,False,TTFT timeout: 300.0s exceeded (TTFT: 300.012s),0,59.56268577710819
369,2026-09-21T07:59:42.735+00:00,2026-09-21T08:04:42.770+00:00,2026-09-21T08:04:42.770+00:00,False,1,0.0,,0.0,300034.866432,300034.866432,300034.866432,300034.866432,300034.866432,300034.866432,nan,300034.866432,nan,nan,0.0,32,64,,True,False,TTFT timeout: 300.0s exceeded (TTFT: 300.009s),0,59.56268577710819
370,2026-09-21T07:59:43.058+00:00,2026-09-21T08:04:43.164+00:00,2026-09-21T08:04:43.164+00:00,False,1,0.0,,0.0,300106.23805,300106.23805,300106.23805,300106.23805,300106.23805,300106.23805,nan,300106.23805,nan,nan,0.0,32,64,,True,False,"HTTPConnectionPool(host='gpu06', port=9004): Read timed out.",0,59.56268577710819
371,2026-09-21T07:59:43.336+00:00,2026-09-21T08:04:43.443+00:00,2026-09-21T08:04:43.443+00:00,False,1,0.0,,0.0,300107.603218,300107.603218,300107.603218,300107.603218,300107.603218,300107.603218,nan,300107.603218,nan,nan,0.0,32,64,,True,False,"HTTPConnectionPool(host='gpu06', port=9004): Read timed out.",0,59.56268577710819
372,2026-09-21T07:59:43.534+00:00,2026-09-21T08:04:43.650+00:00,2026-09-21T08:04:43.650+00:00,False,1,0.0,,0.0,300116.398458,300116.398458,300116.398458,300116.398458,300116.398458,300116.398458,nan,300116.398458,nan,nan,0.0,32,64,,True,False,"HTTPConnectionPool(host='gpu06', port=9004): Read timed out.",0,59.56268577710819
373,2026-09-21T07:59:43.793+00:00,2026-09-21T08:04:43.914+00:00,2026-09-21T08:04:43.914+00:00,False,1,0.0,,0.0,300121.087689,300121.087689,300121.087689,300121.087689,300121.087689,300121.087689,nan,300121.087689,nan,nan,0.0,32,64,,True,False,"HTTPConnectionPool(host='gpu06', port=9004): Read timed out.",0,59.56268577710819
374,2026-09-21T07:59:44.102+00:00,2026-09-21T08:04:44.207+00:00,2026-09-21T08:04:44.207+00:00,False,1,0.0,,0.0,300104.729324,300104.729324,300104.729324,300104.729324,300104.729324,300104.729324,nan,300104.729324,nan,nan,0.0,32,64,,True,False,"HTTPConnectionPool(host='gpu06', port=9004): Read timed out.",0,59.56268577710819
375,2026-09-21T07:59:44.334+00:00,2026-09-21T08:04:44.407+00:00,2026-09-21T08:04:44.407+00:00,False,1,0.0,,0.0,300073.16826099996,300073.16826099996,300073.16826099996,300073.16826099996,300073.16826099996,300073.16826099996,nan,300073.16826099996,nan,nan,0.0,32,64,,True,False,TTFT timeout: 300.0s exceeded (TTFT: 300.067s),0,59.56268577710819
376,2026-09-21T07:59:44.528+00:00,2026-09-21T08:04:44.632+00:00,2026-09-21T08:04:44.632+00:00,False,1,0.0,,0.0,300104.272271,300104.272271,300104.272271,300104.272271,300104.272271,300104.272271,nan,300104.272271,nan,nan,0.0,32,64,,True,False,"HTTPConnectionPool(host='gpu06', port=9004): Read timed out.",0,59.56268577710819
377,2026-09-21T07:59:44.872+00:00,2026-09-21T08:04:44.750+00:00,2026-09-21T08:04:44.922+00:00,False,3,2.0,,2.0,299878.244023,300050.728119,300050.728143,100016.909381,0.048299999999999996,299878.244023,173085.01449584073,269907.6632027,86.242048,121.8962486194296,0.006665539565719037,32,64,,True,False,Request timeout: 300.0s exceeded,6,59.56268577710819
378,2026-09-21T07:59:45.204+00:00,2026-09-21T08:04:45.305+00:00,2026-09-21T08:04:45.305+00:00,False,1,0.0,,0.0,300101.49299,300101.49299,300101.49299,300101.49299,300101.49299,300101.49299,nan,300101.49299,nan,nan,0.0,32,64,,True,False,"HTTPConnectionPool(host='gpu06', port=9004): Read timed out.",0,59.56268577710819
379,2026-09-21T07:59:45.439+00:00,2026-09-21T08:04:45.883+00:00,2026-09-21T08:04:47.026+00:00,False,19,18.0,,18.0,300444.065884,301587.236444,301587.236224,15873.012432842104,0.03389,300444.065884,68912.03363095576,30201.709973499997,63.509475555555554,33.82296577147245,0.05968422341819601,32,64,,True,False,Request timeout: 300.0s exceeded,72,59.56268577710819
380,2026-09-21T07:59:45.667+00:00,2026-09-21T08:04:46.200+00:00,2026-09-21T08:04:47.076+00:00,False,17,16.0,,16.0,300532.95678500005,301409.01336100005,301409.01339100004,17729.941964176473,0.02851,300532.95678500005,72876.67073825332,60166.920569,54.753536,17.20468154382359,0.053084013054502346,32,64,,True,False,Request timeout: 300.0s exceeded,32,59.56268577710819
381,2026-09-21T07:59:45.977+00:00,2026-09-21T08:04:46.912+00:00,2026-09-21T08:04:47.188+00:00,False,7,6.0,,6.0,300935.680674,301211.67709,301211.676857,43030.239551,0.04797,300935.680674,113725.61181876471,210673.15801259998,45.99940266666666,23.29652677757529,0.019919546472984977,32,64,,True,False,Request timeout: 300.0s exceeded,12,59.56268577710819
385,2026-09-21T07:59:47.173+00:00,2026-09-21T08:04:47.251+00:00,2026-09-21T08:04:47.251+00:00,False,1,0.0,,0.0,300077.226258,300077.226258,300077.226258,300077.226258,300077.226258,300077.226258,nan,300077.226258,nan,nan,0.0,32,64,,True,False,"HTTPConnectionPool(host='gpu06', port=9004): Read timed out.",0,59.56268577710819
382,2026-09-21T07:59:46.289+00:00,2026-09-21T08:04:47.454+00:00,2026-09-21T08:04:47.454+00:00,False,1,0.0,,0.0,301165.187344,301165.187344,301165.187344,301165.187344,301165.187344,301165.187344,nan,301165.187344,nan,nan,0.0,32,64,,True,False,"HTTPConnectionPool(host='gpu06', port=9004): Read timed out.",0,59.56268577710819
386,2026-09-21T07:59:47.513+00:00,2026-09-21T08:04:47.529+00:00,2026-09-21T08:04:47.529+00:00,False,1,0.0,,0.0,300015.182241,300015.182241,300015.182241,300015.182241,300015.182241,300015.182241,nan,300015.182241,nan,nan,0.0,32,64,,True,False,"HTTPConnectionPool(host='gpu06', port=9004): Read timed out.",0,59.56268577710819
383,2026-09-21T07:59:46.635+00:00,2026-09-21T08:04:47.675+00:00,2026-09-21T08:04:47.675+00:00,False,1,0.0,,0.0,301040.043579,301040.043579,301040.043579,301040.043579,301040.043579,301040.043579,nan,301040.043579,nan,nan,0.0,32,64,,True,False,"HTTPConnectionPool(host='gpu06', port=9004): Read timed out.",0,59.56268577710819
387,2026-09-21T07:59:47.840+00:00,2026-09-21T08:04:47.945+00:00,2026-09-21T08:04:47.945+00:00,False,1,0.0,,0.0,300105.17838700005,300105.17838700005,300105.17838700005,300105.17838700005,300105.17838700005,300105.17838700005,nan,300105.17838700005,nan,nan,0.0,32,64,,True,False,"HTTPConnectionPool(host='gpu06', port=9004): Read timed out.",0,59.56268577710819
384,2026-09-21T07:59:46.928+00:00,2026-09-21T08:04:48.085+00:00,2026-09-21T08:04:48.085+00:00,False,1,0.0,,0.0,301157.024898,301157.024898,301157.024898,301157.024898,301157.024898,301157.024898,nan,301157.024898,nan,nan,0.0,32,64,,True,False,"HTTPConnectionPool(host='gpu06', port=9004): Read timed out.",0,59.56268577710819
388,2026-09-21T07:59:48.153+00:00,2026-09-21T08:04:48.262+00:00,2026-09-21T08:04:48.262+00:00,False,1,0.0,,0.0,300108.732741,300108.732741,300108.732741,300108.732741,300108.732741,300108.732741,nan,300108.732741,nan,nan,0.0,32,64,,True,False,"HTTPConnectionPool(host='gpu06', port=9004): Read timed out.",0,59.56268577710819
389,2026-09-21T07:59:48.399+00:00,2026-09-21T08:04:48.506+00:00,2026-09-21T08:04:48.506+00:00,False,1,0.0,,0.0,300106.71666399995,300106.71666399995,300106.71666399995,300106.71666399995,300106.71666399995,300106.71666399995,nan,300106.71666399995,nan,nan,0.0,32,64,,True,False,"HTTPConnectionPool(host='gpu06', port=9004): Read timed out.",0,59.56268577710819
390,2026-09-21T07:59:48.685+00:00,2026-09-21T08:04:48.757+00:00,2026-09-21T08:04:48.757+00:00,False,1,0.0,,0.0,300071.482283,300071.482283,300071.482283,300071.482283,300071.482283,300071.482283,nan,300071.482283,nan,nan,0.0,32,64,,True,False,TTFT timeout: 300.0s exceeded (TTFT: 300.055s),0,59.56268577710819
391,2026-09-21T07:59:48.904+00:00,2026-09-21T08:04:48.963+00:00,2026-09-21T08:04:48.963+00:00,False,1,0.0,,0.0,300059.623762,300059.623762,300059.623762,300059.623762,300059.623762,300059.623762,nan,300059.623762,nan,nan,0.0,32,64,,True,False,"HTTPConnectionPool(host='gpu06', port=9004): Read timed out.",0,59.56268577710819
392,2026-09-21T07:59:49.142+00:00,2026-09-21T08:04:49.136+00:00,2026-09-21T08:04:49.283+00:00,False,3,2.0,,2.0,299994.44406,300141.036316,300141.03639100003,100047.01213033334,0.03003,299994.44406,173159.57097249382,270009.65588409995,73.296128,103.61401976241416,0.006663533999044114,32,64,,True,False,Request timeout: 300.0s exceeded,8,59.56268577710819
393,2026-09-21T07:59:49.401+00:00,2026-09-21T08:04:49.283+00:00,2026-09-21T08:04:49.407+00:00,False,4,3.0,,3.0,299881.86829799996,300005.82657,300005.82672099996,75001.45668024999,0.02846,299881.86829799996,149920.2775225308,254910.52842419996,41.319424,37.40411615968959,0.00999980578477203,32,64,,True,False,Request timeout: 300.0s exceeded,15,59.56268577710819
394,2026-09-21T07:59:49.660+00:00,2026-09-21T08:04:49.763+00:00,2026-09-21T08:04:49.763+00:00,False,1,0.0,,0.0,300103.49843599997,300103.49843599997,300103.49843599997,300103.49843599997,300103.49843599997,300103.49843599997,nan,300103.49843599997,nan,nan,0.0,32,64,,True,False,"HTTPConnectionPool(host='gpu06', port=9004): Read timed out.",0,59.56268577710819
395,2026-09-21T07:59:50.004+00:00,2026-09-21T08:04:50.067+00:00,2026-09-21T08:04:50.067+00:00,False,1,0.0,,0.0,300062.104627,300062.104627,300062.104627,300062.104627,300062.104627,300062.104627,nan,300062.104627,nan,nan,0.0,32,64,,True,False,"HTTPConnectionPool(host='gpu06', port=9004): Read timed out.",0,59.56268577710819
396,2026-09-21T07:59:50.314+00:00,2026-09-21T08:04:50.423+00:00,2026-09-21T08:04:50.423+00:00,False,1,0.0,,0.0,300108.746848,300108.746848,300108.746848,300108.746848,300108.746848,300108.746848,nan,300108.746848,nan,nan,0.0,32,64,,True,False,"HTTPConnectionPool(host='gpu06', port=9004): Read timed out.",0,59.56268577710819
397,2026-09-21T07:59:50.597+00:00,2026-09-21T08:04:50.722+00:00,2026-09-21T08:04:50.722+00:00,False,1,0.0,,0.0,300124.97789499996,300124.97789499996,300124.97789499996,300124.97789499996,300124.97789499996,300124.97789499996,nan,300124.97789499996,nan,nan,0.0,32,64,,True,False,"HTTPConnectionPool(host='gpu06', port=9004): Read timed out.",0,59.56268577710819
398,2026-09-21T07:59:50.880+00:00,2026-09-21T08:04:50.905+00:00,2026-09-21T08:04:50.905+00:00,False,1,0.0,,0.0,300024.53510900005,300024.53510900005,300024.53510900005,300024.53510900005,300024.53510900005,300024.53510900005,nan,300024.53510900005,nan,nan,0.0,32,64,,True,False,TTFT timeout: 300.0s exceeded (TTFT: 300.018s),0,59.56268577710819
399,2026-09-21T07:59:51.145+00:00,2026-09-21T08:04:51.251+00:00,2026-09-21T08:04:51.251+00:00,False,1,0.0,,0.0,300105.96359500004,300105.96359500004,300105.96359500004,300105.96359500004,300105.96359500004,300105.96359500004,nan,300105.96359500004,nan,nan,0.0,32,64,,True,False,"HTTPConnectionPool(host='gpu06', port=9004): Read timed out.",0,59.56268577710819
400,2026-09-21T07:59:51.380+00:00,2026-09-21T08:04:51.340+00:00,2026-09-21T08:04:51.463+00:00,False,3,2.0,,2.0,299960.041918,300083.13490999996,300083.13474099996,100027.71158033333,0.02533,299960.041918,173146.48803984118,269976.34447549994,61.546496,87.00404753121667,0.006664819736036929,32,64,,True,False,Request timeout: 300.0s exceeded,12,59.56268577710819
401,2026-09-21T07:59:51.669+00:00,2026-09-21T08:04:51.566+00:00,2026-09-21T08:04:51.712+00:00,False,5,4.0,,4.0,299897.145479,300043.762055,300043.76209,60008.752418,0.02597,299897.145479,134101.69020088975,239928.78823659997,36.654144,24.847477609008013,0.013331388636790835,32,64,,True,False,Request timeout: 300.0s exceeded,4,59.56268577710819
402,2026-09-21T07:59:51.931+00:00,2026-09-21T08:04:52.036+00:00,2026-09-21T08:04:52.036+00:00,False,1,0.0,,0.0,300105.50712699996,300105.50712699996,300105.50712699996,300105.50712699996,300105.50712699996,300105.50712699996,nan,300105.50712699996,nan,nan,0.0,32,64,,True,False,"HTTPConnectionPool(host='gpu06', port=9004): Read timed out.",0,59.56268577710819
403,2026-09-21T07:59:52.257+00:00,2026-09-21T08:04:52.366+00:00,2026-09-21T08:04:52.366+00:00,False,1,0.0,,0.0,300109.353959,300109.353959,300109.353959,300109.353959,300109.353959,300109.353959,nan,300109.353959,nan,nan,0.0,32,64,,True,False,"HTTPConnectionPool(host='gpu06', port=9004): Read timed out.",0,59.56268577710819
404,2026-09-21T07:59:52.521+00:00,2026-09-21T08:04:52.608+00:00,2026-09-21T08:04:52.608+00:00,False,1,0.0,,0.0,300086.81999,300086.81999,300086.81999,300086.81999,300086.81999,300086.81999,nan,300086.81999,nan,nan,0.0,32,64,,True,False,"HTTPConnectionPool(host='gpu06', port=9004): Read timed out.",0,59.56268577710819
405,2026-09-21T07:59:52.724+00:00,2026-09-21T08:04:52.837+00:00,2026-09-21T08:04:52.837+00:00,False,1,0.0,,0.0,300113.126889,300113.126889,300113.126889,300113.126889,300113.126889,300113.126889,nan,300113.126889,nan,nan,0.0,32,64,,True,False,"HTTPConnectionPool(host='gpu06', port=9004): Read timed out.",0,59.56268577710819
407,2026-09-21T07:59:54.202+00:00,2026-09-21T08:04:53.203+00:00,2026-09-21T08:04:54.048+00:00,True,15,15.0,,15.0,299000.301156,299845.71274,299845.712695,19989.714179666666,42.665147,299000.301156,77185.95511817955,89762.4529933,60.38654171428572,13.292582164681331,0.05002572777489298,32,64,,True,True,,75,59.56268577710819
406,2026-09-21T07:59:54.103+00:00,2026-09-21T08:04:53.297+00:00,2026-09-21T08:04:54.689+00:00,False,26,25.0,,25.0,299194.383729,300585.922929,300585.922854,11560.997032846153,0.03896,299194.383729,58665.931898022514,75.21530275,55.661568,14.984171397238622,0.0831708942201699,32,64,,True,False,Request timeout: 300.0s exceeded,125,59.56268577710819
408,2026-09-21T07:59:54.320+00:00,2026-09-21T08:04:54.048+00:00,2026-09-21T08:04:54.689+00:00,True,12,12.0,,12.0,299727.69004400005,300369.12850800005,300369.12851500005,25030.760709583337,44.190477,299727.69004400005,86507.09832471314,134917.62463060004,58.31258763636363,9.292642980659908,0.039950843349337045,32,64,,True,True,,108,59.56268577710819
411,2026-09-21T07:59:54.792+00:00,2026-09-21T08:04:54.968+00:00,2026-09-21T08:04:54.968+00:00,False,1,0.0,,0.0,300175.886587,300175.886587,300175.886587,300175.886587,300175.886587,300175.886587,nan,300175.886587,nan,nan,0.0,32,64,,True,False,"HTTPConnectionPool(host='gpu06', port=9004): Read timed out.",0,59.56268577710819
409,2026-09-21T07:59:54.390+00:00,2026-09-21T08:04:55.038+00:00,2026-09-21T08:04:55.038+00:00,False,1,0.0,,0.0,300647.238367,300647.238367,300647.238367,300647.238367,300647.238367,300647.238367,nan,300647.238367,nan,nan,0.0,32,64,,True,False,"HTTPConnectionPool(host='gpu06', port=9004): Read timed out.",0,59.56268577710819
412,2026-09-21T07:59:54.829+00:00,2026-09-21T08:04:55.038+00:00,2026-09-21T08:04:55.038+00:00,False,1,0.0,,0.0,300209.152098,300209.152098,300209.152098,300209.152098,300209.152098,300209.152098,nan,300209.152098,nan,nan,0.0,32,64,,True,False,"HTTPConnectionPool(host='gpu06', port=9004): Read timed out.",0,59.56268577710819
410,2026-09-21T07:59:54.744+00:00,2026-09-21T08:04:55.158+00:00,2026-09-21T08:04:55.158+00:00,False,1,0.0,,0.0,300413.277019,300413.277019,300413.277019,300413.277019,300413.277019,300413.277019,nan,300413.277019,nan,nan,0.0,32,64,,True,False,"HTTPConnectionPool(host='gpu06', port=9004): Read timed out.",0,59.56268577710819
413,2026-09-21T07:59:55.043+00:00,2026-09-21T08:04:55.184+00:00,2026-09-21T08:04:55.184+00:00,False,1,0.0,,0.0,300140.41314099997,300140.41314099997,300140.41314099997,300140.41314099997,300140.41314099997,300140.41314099997,nan,300140.41314099997,nan,nan,0.0,32,64,,True,False,"HTTPConnectionPool(host='gpu06', port=9004): Read timed out.",0,59.56268577710819
414,2026-09-21T07:59:55.276+00:00,2026-09-21T08:04:55.511+00:00,2026-09-21T08:04:55.511+00:00,False,1,0.0,,0.0,300235.20431,300235.20431,300235.20431,300235.20431,300235.20431,300235.20431,nan,300235.20431,nan,nan,0.0,32,64,,True,False,"HTTPConnectionPool(host='gpu06', port=9004): Read timed out.",0,59.56268577710819
415,2026-09-21T07:59:55.559+00:00,2026-09-21T08:04:55.728+00:00,2026-09-21T08:04:55.728+00:00,False,1,0.0,,0.0,300169.48469199997,300169.48469199997,300169.48469199997,300169.48469199997,300169.48469199997,300169.48469199997,nan,300169.48469199997,nan,nan,0.0,32,64,,True,False,"HTTPConnectionPool(host='gpu06', port=9004): Read timed out.",0,59.56268577710819
416,2026-09-21T07:59:55.866+00:00,2026-09-21T08:04:55.970+00:00,2026-09-21T08:04:55.970+00:00,False,1,0.0,,0.0,300104.41582,300104.41582,300104.41582,300104.41582,300104.41582,300104.41582,nan,300104.41582,nan,nan,0.0,32,64,,True,False,"HTTPConnectionPool(host='gpu06', port=9004): Read timed out.",0,59.56268577710819
417,2026-09-21T07:59:56.166+00:00,2026-09-21T08:04:56.271+00:00,2026-09-21T08:04:56.271+00:00,False,1,0.0,,0.0,300104.973906,300104.973906,300104.973906,300104.973906,300104.973906,300104.973906,nan,300104.973906,nan,nan,0.0,32,64,,True,False,"HTTPConnectionPool(host='gpu06', port=9004): Read timed out.",0,59.56268577710819
418,2026-09-21T07:59:56.433+00:00,2026-09-21T08:04:56.536+00:00,2026-09-21T08:04:56.536+00:00,False,1,0.0,,0.0,300103.106676,300103.106676,300103.106676,300103.106676,300103.106676,300103.106676,nan,300103.106676,nan,nan,0.0,32,64,,True,False,"HTTPConnectionPool(host='gpu06', port=9004): Read timed out.",0,59.56268577710819
419,2026-09-21T07:59:56.774+00:00,2026-09-21T08:04:56.878+00:00,2026-09-21T08:04:56.878+00:00,False,1,0.0,,0.0,300103.641635,300103.641635,300103.641635,300103.641635,300103.641635,300103.641635,nan,300103.641635,nan,nan,0.0,32,64,,True,False,"HTTPConnectionPool(host='gpu06', port=9004): Read timed out.",0,59.56268577710819
420,2026-09-21T07:59:57.085+00:00,2026-09-21T08:04:57.188+00:00,2026-09-21T08:04:57.188+00:00,False,1,0.0,,0.0,300103.72117900004,300103.72117900004,300103.72117900004,300103.72117900004,300103.72117900004,300103.72117900004,nan,300103.72117900004,nan,nan,0.0,32,64,,True,False,TTFT timeout: 300.0s exceeded (TTFT: 300.091s),0,59.56268577710819
421,2026-09-21T07:59:57.286+00:00,2026-09-21T08:04:57.357+00:00,2026-09-21T08:04:57.357+00:00,False,1,0.0,,0.0,300071.309571,300071.309571,300071.309571,300071.309571,300071.309571,300071.309571,nan,300071.309571,nan,nan,0.0,32,64,,True,False,TTFT timeout: 300.0s exceeded (TTFT: 300.070s),0,59.56268577710819
422,2026-09-21T07:59:57.513+00:00,2026-09-21T08:04:57.447+00:00,2026-09-21T08:04:57.583+00:00,False,4,3.0,,3.0,299934.585795,300070.106051,300070.10598700005,75017.52649675001,0.02804,299934.585795,149944.71015070876,254956.92732450002,45.17341866666666,42.16253286006908,0.009997663677601125,32,64,,True,False,Request timeout: 300.0s exceeded,11,59.56268577710819
423,2026-09-21T07:59:57.827+00:00,2026-09-21T08:04:57.928+00:00,2026-09-21T08:04:57.928+00:00,False,1,0.0,,0.0,300101.21372899995,300101.21372899995,300101.21372899995,300101.21372899995,300101.21372899995,300101.21372899995,nan,300101.21372899995,nan,nan,0.0,32,64,,True,False,"HTTPConnectionPool(host='gpu06', port=9004): Read timed out.",0,59.56268577710819
424,2026-09-21T07:59:58.148+00:00,2026-09-21T08:04:58.243+00:00,2026-09-21T08:04:58.243+00:00,False,1,0.0,,0.0,300094.71599,300094.71599,300094.71599,300094.71599,300094.71599,300094.71599,nan,300094.71599,nan,nan,0.0,32,64,,True,False,"HTTPConnectionPool(host='gpu06', port=9004): Read timed out.",0,59.56268577710819
425,2026-09-21T07:59:58.391+00:00,2026-09-21T08:04:58.506+00:00,2026-09-21T08:04:58.506+00:00,False,1,0.0,,0.0,300115.629393,300115.629393,300115.629393,300115.629393,300115.629393,300115.629393,nan,300115.629393,nan,nan,0.0,32,64,,True,False,"HTTPConnectionPool(host='gpu06', port=9004): Read timed out.",0,59.56268577710819
426,2026-09-21T07:59:58.700+00:00,2026-09-21T08:04:58.803+00:00,2026-09-21T08:04:58.803+00:00,False,1,0.0,,0.0,300103.19725800003,300103.19725800003,300103.19725800003,300103.19725800003,300103.19725800003,300103.19725800003,nan,300103.19725800003,nan,nan,0.0,32,64,,True,False,TTFT timeout: 300.0s exceeded (TTFT: 300.091s),0,59.56268577710819
427,2026-09-21T07:59:59.024+00:00,2026-09-21T08:04:59.067+00:00,2026-09-21T08:04:59.067+00:00,False,1,0.0,,0.0,300043.072843,300043.072843,300043.072843,300043.072843,300043.072843,300043.072843,nan,300043.072843,nan,nan,0.0,32,64,,True,False,TTFT timeout: 300.0s exceeded (TTFT: 300.034s),0,59.56268577710819
428,2026-09-21T07:59:59.298+00:00,2026-09-21T08:04:59.212+00:00,2026-09-21T08:04:59.373+00:00,False,3,2.0,,2.0,299914.89741000003,300075.62854600005,300075.62855,100025.20951666668,0.03562,299914.89741000003,173109.56630836878,269939.47722100007,80.365568,113.60375283801372,0.006664986455884104,32,64,,True,False,Request timeout: 300.0s exceeded,4,59.56268577710819
429,2026-09-21T07:59:59.527+00:00,2026-09-21T08:04:59.620+00:00,2026-09-21T08:04:59.620+00:00,False,1,0.0,,0.0,300093.222055,300093.222055,300093.222055,300093.222055,300093.222055,300093.222055,nan,300093.222055,nan,nan,0.0,32,64,,True,False,"HTTPConnectionPool(host='gpu06', port=9004): Read timed out.",0,59.56268577710819
430,2026-09-21T07:59:59.872+00:00,2026-09-21T08:04:59.989+00:00,2026-09-21T08:04:59.989+00:00,False,1,0.0,,0.0,300117.143153,300117.143153,300117.143153,300117.143153,300117.143153,300117.143153,nan,300117.143153,nan,nan,0.0,32,64,,True,False,"HTTPConnectionPool(host='gpu06', port=9004): Read timed out.",0,59.56268577710819
431,2026-09-21T08:00:00.197+00:00,2026-09-21T08:05:00.307+00:00,2026-09-21T08:05:00.307+00:00,False,1,0.0,,0.0,300109.725164,300109.725164,300109.725164,300109.725164,300109.725164,300109.725164,nan,300109.725164,nan,nan,0.0,32,64,,True,False,"HTTPConnectionPool(host='gpu06', port=9004): Read timed out.",0,59.56268577710819
432,2026-09-21T08:00:00.431+00:00,2026-09-21T08:05:00.534+00:00,2026-09-21T08:05:00.534+00:00,False,1,0.0,,0.0,300103.18276,300103.18276,300103.18276,300103.18276,300103.18276,300103.18276,nan,300103.18276,nan,nan,0.0,32,64,,True,False,"HTTPConnectionPool(host='gpu06', port=9004): Read timed out.",0,59.56268577710819
433,2026-09-21T08:00:00.785+00:00,2026-09-21T08:05:00.897+00:00,2026-09-21T08:05:00.897+00:00,False,1,0.0,,0.0,300112.205366,300112.205366,300112.205366,300112.205366,300112.205366,300112.205366,nan,300112.205366,nan,nan,0.0,32,64,,True,False,"HTTPConnectionPool(host='gpu06', port=9004): Read timed out.",0,59.56268577710819
434,2026-09-21T08:00:01.080+00:00,2026-09-21T08:05:01.168+00:00,2026-09-21T08:05:02.227+00:00,True,15,15.0,,15.0,300087.85644400003,301146.755644,301146.755529,20076.450368600003,43.800227,300087.85644400003,77462.83442103535,90178.0996754,75.63565714285716,44.93323766656536,0.04980960185980625,32,64,,True,True,,93,59.56268577710819
435,2026-09-21T08:00:01.416+00:00,2026-09-21T08:05:01.382+00:00,2026-09-21T08:05:03.023+00:00,False,29,28.0,,28.0,299966.012471,301606.776887,301606.77686100005,10400.233684862069,0.027719999999999998,299966.012471,55691.412071669554,112.0129114,58.598729142857145,19.976696366340008,0.09283611027908195,32,64,,True,False,Request timeout: 300.0s exceeded,30,59.56268577710819
436,2026-09-21T08:00:01.697+00:00,2026-09-21T08:05:02.177+00:00,2026-09-21T08:05:03.026+00:00,True,16,16.0,,16.0,300479.945878,301329.402006,301329.402076,18833.08762975,49.885377,300479.945878,75105.82902779052,75171.740959,56.63040853333333,5.099663115712167,0.053098037873122686,32,64,,True,True,,57,59.56268577710819
437,2026-09-21T08:00:02.031+00:00,2026-09-21T08:05:03.225+00:00,2026-09-21T08:05:03.225+00:00,False,1,0.0,,0.0,301193.819315,301193.819315,301193.819315,301193.819315,301193.819315,301193.819315,nan,301193.819315,nan,nan,0.0,32,64,,True,False,"HTTPConnectionPool(host='gpu06', port=9004): Read timed out.",0,59.56268577710819
0,2026-09-21T07:58:02.279+00:00,2026-09-21T07:58:02.477+00:00,2026-09-21T07:58:06.316+00:00,True,67,67.0,,67.0,198.40228299999998,4037.879531,4037.879582,60.26685943283582,0.018539999999999997,226.689055,37.13368644511448,94.40574470000001,58.173897696969696,33.198132268595,16.592867490379817,33,64,,False,True,,67,59.56268577710819
2,2026-09-21T07:58:03.112+00:00,2026-09-21T07:58:03.302+00:00,2026-09-21T07:58:04.238+00:00,True,15,15.0,,15.0,190.285953,1126.009729,1126.009656,75.0673104,43.667833,190.285953,47.37784947858874,189.8239733,66.83741257142857,36.37586366334765,13.32137690614927,33,64,,False,True,,45,59.56268577710819
1,2026-09-21T07:58:02.607+00:00,2026-09-21T07:58:05.399+00:00,2026-09-21T07:58:09.610+00:00,True,68,68.0,,68.0,2791.758378,7002.767658000001,7002.76754,102.9818755882353,42.494825,2791.758378,331.10590324605306,77.7593307,62.8508847761194,10.91469747158114,9.710446400762192,33,64,,False,True,,147,59.56268577710819
3,2026-09-21T07:58:03.279+00:00,2026-09-21T07:58:07.675+00:00,2026-09-21T07:58:09.852+00:00,True,36,36.0,,36.0,4396.374524,6572.660988,6572.66084,182.57391222222222,46.569425,4396.374524,722.4188967374162,75.85486524999999,62.179613257142854,8.884876971045696,5.477233660115257,33,64,,False,True,,216,59.56268577710819
4,2026-09-21T07:58:03.664+00:00,2026-09-21T07:58:08.566+00:00,2026-09-21T07:58:11.343+00:00,True,45,45.0,,45.0,4902.414100999999,7679.181589,7679.181648999999,170.64848108888887,42.763265,4902.414100999999,721.4914478682115,79.51695219999999,63.108352,11.549142197631241,5.859999464586173,33,64,,False,True,,272,59.56268577710819
5,2026-09-21T07:58:04.108+00:00,2026-09-21T07:58:10.175+00:00,2026-09-21T07:58:10.886+00:00,True,12,12.0,,12.0,6066.159458,6777.333602,6777.333611,564.7778009166667,42.511294,6066.159458,1732.5246744432125,2773.5752894999996,64.65219490909091,12.154169341056932,1.7706078385249893,33,64,,False,True,,97,59.56268577710819
6,2026-09-21T07:58:04.368+00:00,2026-09-21T07:58:11.767+00:00,2026-09-21T07:58:13.168+00:00,True,17,17.0,,17.0,7398.645076000001,8800.107348000001,8800.107281,517.6533694705882,46.314205,7398.645076000001,1775.2445371488413,1813.1884736000002,87.591392,88.16305542222673,1.931794616558125,33,64,,False,True,,25,59.56268577710819
7,2026-09-21T07:58:04.812+00:00,2026-09-21T07:58:13.817+00:00,2026-09-21T07:58:14.968+00:00,True,20,20.0,,20.0,9004.899989,10155.397781,10155.397658,507.76988289999997,40.547984,9004.899989,2000.0435427248872,534.11378295,60.552515368421055,10.60666665364888,1.9693960228144411,33,64,,False,True,,47,59.56268577710819
8,2026-09-21T07:58:05.101+00:00,2026-09-21T07:58:16.261+00:00,2026-09-21T07:58:21.505+00:00,True,84,84.0,,84.0,11160.349403,16403.623899,16403.623787,195.28123555952382,28.873773,11160.349403,1210.8556744252357,78.42185850000001,63.17198187951807,11.54241961840463,5.120819674798861,33,64,,False,True,,502,59.56268577710819
9,2026-09-21T07:58:05.509+00:00,2026-09-21T07:58:18.238+00:00,2026-09-21T07:58:18.670+00:00,True,8,8.0,,8.0,12729.477450999999,13161.442122999999,13161.442255999998,1645.1802819999998,55.669656,12729.477450999999,4478.736003290612,8299.53379195,61.70923885714286,6.139909672604515,0.6078361265609161,33,64,,False,True,,20,59.56268577710819
10,2026-09-21T07:58:05.795+00:00,2026-09-21T07:58:20.011+00:00,2026-09-21T07:58:21.442+00:00,True,23,23.0,,23.0,14215.293125,15646.095813,15646.095923,680.2650401304348,31.862372999999998,14215.293125,2950.57428205571,109.5020308,65.03648581818182,16.077355738273486,1.4700152852758195,33,64,,False,True,,130,59.56268577710819
11,2026-09-21T07:58:06.056+00:00,2026-09-21T07:58:21.177+00:00,2026-09-21T07:58:24.301+00:00,True,49,49.0,,49.0,15121.623649000001,18244.995169,18244.994953,372.3468357755102,0.0,15121.623649000001,2152.6067735806114,277.0549864,65.07024,85.68746688929905,2.6856680172355265,33,64,,False,True,,258,59.56268577710819
12,2026-09-21T07:58:06.313+00:00,2026-09-21T07:58:22.531+00:00,2026-09-21T07:58:27.472+00:00,True,79,79.0,,79.0,16217.853503,21158.670143,21158.670166,267.8312679240506,0.0,16217.853503,1819.1964569885608,140.18090300000003,63.34380307692308,78.48562527349283,3.7336940113004156,33,64,,False,True,,387,59.56268577710819
13,2026-09-21T07:58:06.704+00:00,2026-09-21T07:58:24.573+00:00,2026-09-21T07:58:30.137+00:00,True,91,91.0,,91.0,17868.483906,23432.903234,23432.903353,257.5044324505495,0.0,17868.483906,1867.1271888531535,78.0935385,61.82688142222222,42.67505578483371,3.8834283183469744,33,64,,False,True,,637,59.56268577710819
14,2026-09-21T07:58:07.119+00:00,2026-09-21T07:58:26.961+00:00,2026-09-21T07:58:26.961+00:00,True,2,2.0,,2.0,19841.85663,19841.85663,19841.85663,9920.928315,0.0,19841.85663,14030.311374404257,18849.7637985,0.0,nan,0.10079701901363855,33,64,,False,True,,7,59.56268577710819
15,2026-09-21T07:58:07.431+00:00,2026-09-21T07:58:28.447+00:00,2026-09-21T07:58:30.916+00:00,True,37,37.0,,37.0,21015.826942000003,23485.180926000005,23485.180978000004,634.7346210270271,0.0,21015.826942000003,3444.366998850688,154.96438460000002,68.59316622222222,68.53556841539978,1.5754615694290006,33,64,,False,True,,296,59.56268577710819
16,2026-09-21T07:58:07.691+00:00,2026-09-21T07:58:29.877+00:00,2026-09-21T07:58:33.375+00:00,True,48,48.0,,48.0,22185.912813000003,25683.562989000002,25683.563116,535.0742315833334,0.0,22185.912813000003,3193.042107288764,320.07591585,74.41808885106383,99.66662416898144,1.8688995767665837,33,64,,False,True,,97,59.56268577710819
17,2026-09-21T07:58:07.969+00:00,2026-09-21T07:58:31.405+00:00,2026-09-21T07:58:33.455+00:00,True,29,29.0,,29.0,23435.937723000003,25486.423739,25486.423796000003,878.842199862069,0.01786,23435.937723000003,4339.978846565308,437.53808380000004,73.23164342857143,121.23837607732348,1.1378607017203213,33,64,,False,True,,137,59.56268577710819
18,2026-09-21T07:58:08.387+00:00,2026-09-21T07:58:33.398+00:00,2026-09-21T07:58:38.903+00:00,True,89,89.0,,89.0,25011.224997,30515.551909,30515.552068,342.87137155056183,0.0,25011.224997,2645.222124264685,79.1611724,62.549169454545456,59.77446825760629,2.9165456441818796,33,64,,False,True,,355,59.56268577710819
19,2026-09-21T07:58:08.701+00:00,2026-09-21T07:58:35.369+00:00,2026-09-21T07:58:40.549+00:00,True,86,86.0,,86.0,26667.496348,31847.433628,31847.433726,370.3189968139535,0.0,26667.496348,2869.817207558359,77.43519300000001,60.940438588235295,66.36829286395682,2.7003745734912066,33,64,,False,True,,440,59.56268577710819
20,2026-09-21T07:58:09.022+00:00,2026-09-21T07:58:36.512+00:00,2026-09-21T07:58:37.322+00:00,True,14,14.0,,14.0,27490.485644,28300.490892,28300.490878,2021.4636341428572,45.460755,27490.485644,7330.497803475617,9671.850312100001,62.308096,11.96148913372556,0.49469106572838734,33,64,,False,True,,56,59.56268577710819
21,2026-09-21T07:58:09.426+00:00,2026-09-21T07:58:38.292+00:00,2026-09-21T07:58:43.956+00:00,True,90,90.0,,90.0,28865.800647,34529.827527,34529.827585,383.66475094444445,0.0,28865.800647,3037.7121333597483,78.83603155,63.64075146067416,102.12644184336875,2.6064422108574408,33,64,,False,True,,540,59.56268577710819
22,2026-09-21T07:58:09.698+00:00,2026-09-21T07:58:40.543+00:00,2026-09-21T07:58:44.596+00:00,True,70,70.0,,70.0,30844.674232999998,34898.000313,34898.000343,498.5428620428571,0.0,30844.674232999998,3680.510137446462,79.15181749999999,58.74385623188405,81.42108549942078,2.0058455892077007,33,64,,False,True,,348,59.56268577710819
23,2026-09-21T07:58:10.143+00:00,2026-09-21T07:58:42.640+00:00,2026-09-21T07:58:47.380+00:00,True,75,75.0,,75.0,32497.323114,37236.826986,37236.827016999996,496.4910268933333,0.0,32497.323114,3746.8586687882275,117.5673243,64.04734962162162,116.48269868669749,2.014135093417006,33,64,,False,True,,373,59.56268577710819
24,2026-09-21T07:58:10.414+00:00,2026-09-21T07:58:43.706+00:00,2026-09-21T07:58:46.489+00:00,True,44,44.0,,44.0,33292.295907,36075.368419,36075.368526,819.8947392272727,0.0,33292.295907,5010.355417191035,80.9089075,64.72261655813953,106.72069379401759,1.2196687637104295,33,64,,False,True,,391,59.56268577710819
25,2026-09-21T07:58:10.789+00:00,2026-09-21T07:58:45.760+00:00,2026-09-21T07:58:49.667+00:00,True,61,61.0,,61.0,34970.262060999994,38877.74929299999,38877.749276999995,637.3401520819671,0.0,34970.262060999994,4470.063855739924,80.904508,65.1247872,91.40154276059923,1.5690208695024215,33,64,,False,True,,133,59.56268577710819
26,2026-09-21T07:58:11.092+00:00,2026-09-21T07:58:47.200+00:00,2026-09-21T07:58:50.459+00:00,True,52,52.0,,52.0,36108.648469,39367.244053,39367.244056999996,757.0623857115385,42.166574999999995,36108.648469,4998.517589251482,81.24122545000002,63.89403105882353,9.841989917205373,1.3208951058395797,33,64,,False,True,,103,59.56268577710819
27,2026-09-21T07:58:11.522+00:00,2026-09-21T07:58:49.209+00:00,2026-09-21T07:58:51.761+00:00,True,42,42.0,,42.0,37686.653042000005,40238.232178000006,40238.232217000004,958.0531480238096,46.998045,37686.653042000005,5805.582344909135,77.26318450000001,62.23363746341463,9.992993829449341,1.0437834300027533,33,64,,False,True,,42,59.56268577710819
28,2026-09-21T07:58:11.773+00:00,2026-09-21T07:58:50.584+00:00,2026-09-21T07:58:50.784+00:00,True,4,4.0,,4.0,38810.661449,39011.104841,39011.10488,9752.77622,63.404167,38810.661449,19371.92367072607,32999.5529882,66.814464,3.2763499991008285,0.10253490682468622,33,64,,False,True,,19,59.56268577710819
29,2026-09-21T07:58:12.199+00:00,2026-09-21T07:58:53.630+00:00,2026-09-21T07:58:54.781+00:00,True,31,31.0,,31.0,41430.855471,42582.036527000004,42582.036501,1373.6140806774195,0.0,41430.855471,7434.441443429292,146.0924855,38.37270186666667,45.07205805688102,0.7280065146800534,33,64,,False,True,,66,59.56268577710819
30,2026-09-21T07:58:12.621+00:00,2026-09-21T07:58:55.017+00:00,2026-09-21T07:58:58.222+00:00,True,52,52.0,,52.0,42395.157281,45601.079329,45601.079144,876.9438296923076,38.026024,42395.157281,5870.442443251124,78.6192935,62.86121662745098,10.501827795422079,1.140323886301757,33,64,,False,True,,208,59.56268577710819
31,2026-09-21T07:58:13.123+00:00,2026-09-21T07:58:56.759+00:00,2026-09-21T07:58:57.730+00:00,True,17,17.0,,17.0,43636.155880000006,44607.704296,44607.70431100001,2623.982606529412,42.310264000000004,43636.155880000006,10568.599867560384,8787.463422400002,60.721776,10.317210834751235,0.3811000872673109,33,64,,False,True,,68,59.56268577710819
32,2026-09-21T07:58:13.269+00:00,2026-09-21T07:58:58.551+00:00,2026-09-21T07:58:59.363+00:00,True,14,14.0,,14.0,45282.632551,46093.945703000005,46093.945606,3292.4246861428574,46.821025,45282.632551,12085.618240570333,15904.921245200001,62.408704,11.503564232748039,0.3037275240051497,33,64,,False,True,,56,59.56268577710819
33,2026-09-21T07:58:13.677+00:00,2026-09-21T07:59:01.266+00:00,2026-09-21T07:59:04.522+00:00,True,64,64.0,,64.0,47589.63074099999,50845.16098099999,50845.161088999994,794.4556420156249,0.0,47589.63074099999,5942.292682077389,82.029995,51.675083174603174,24.132475793522804,1.2587235199022333,33,64,,False,True,,202,59.56268577710819
34,2026-09-21T07:58:14.010+00:00,2026-09-21T07:59:02.586+00:00,2026-09-21T07:59:08.677+00:00,True,99,99.0,,99.0,48575.547283,54666.264211,54666.264206,552.1844869292929,0.01711,48575.547283,4876.699829415554,86.59993899999999,62.150172734693875,95.20732984912952,1.8109889422456475,33,64,,False,True,,198,59.56268577710819
35,2026-09-21T07:58:14.346+00:00,2026-09-21T07:59:04.273+00:00,2026-09-21T07:59:04.383+00:00,True,3,3.0,,3.0,49927.081344,50037.309568,50037.309465,16679.103155,46.925625,49927.081344,28793.594900474665,44940.703459200005,55.114112,11.579987942216865,0.059955261901582506,33,64,,False,True,,9,59.56268577710819
36,2026-09-21T07:58:14.625+00:00,2026-09-21T07:59:05.954+00:00,2026-09-21T07:59:08.671+00:00,True,44,44.0,,44.0,51328.821748999995,54046.172149,54046.172151,1228.322094340909,45.633505,51328.821748999995,7728.588958166269,78.349518,63.19419534883721,8.725552260282372,0.8141187109180704,33,64,,False,True,,105,59.56268577710819
37,2026-09-21T07:58:14.925+00:00,2026-09-21T07:59:07.328+00:00,2026-09-21T07:59:09.150+00:00,True,29,29.0,,29.0,52402.69835100001,54225.13060700001,54225.13061000001,1869.83209,51.909176,52402.69835100001,9718.855318168178,89.2003412,65.08686628571428,9.89178709776295,0.5348073794451377,33,64,,False,True,,250,59.56268577710819
38,2026-09-21T07:58:15.248+00:00,2026-09-21T07:59:08.954+00:00,2026-09-21T07:59:10.321+00:00,True,22,22.0,,22.0,53706.794657,55073.057185,55073.056998,2503.3207726363635,0.0,53706.794657,11438.637866599,1007.8787104500002,65.06012038095238,228.91120265056384,0.399469379847539,33,64,,False,True,,92,59.56268577710819
39,2026-09-21T07:58:15.537+00:00,2026-09-21T07:59:10.594+00:00,2026-09-21T07:59:14.445+00:00,True,61,61.0,,61.0,55057.124717,58908.314477,58908.314345,965.7100712295082,8.750551,55057.124717,7041.138068473126,82.44782799999999,64.186496,14.078449499067624,1.0355074753295934,33,64,,False,True,,362,59.56268577710819
40,2026-09-21T07:58:15.909+00:00,2026-09-21T07:59:13.002+00:00,2026-09-21T07:59:19.339+00:00,True,98,98.0,,98.0,57093.297528999996,63430.52632899999,63430.526245999994,647.2502678163265,0.01625,57093.297528999996,5761.760177714906,79.72661115000001,65.3322556701031,111.39131867411749,1.5449974274483527,33,64,,False,True,,392,59.56268577710819
41,2026-09-21T07:58:16.189+00:00,2026-09-21T07:59:14.261+00:00,2026-09-21T07:59:17.089+00:00,True,46,46.0,,46.0,58071.94352,60900.625248000004,60900.625329,1323.9266375869565,46.479805,58071.94352,8552.977896889164,78.6129945,62.85959395555556,9.435009669911762,0.7553288625967047,33,64,,False,True,,368,59.56268577710819
42,2026-09-21T07:58:16.580+00:00,2026-09-21T07:59:16.389+00:00,2026-09-21T07:59:21.979+00:00,True,89,89.0,,89.0,59808.642217,65399.418281,65399.418238,734.8249240224719,0.0,59808.642217,6335.3561972471025,163.9740932,63.53154618181818,174.8958437370724,1.360868373746017,33,64,,False,True,,180,59.56268577710819
43,2026-09-21T07:58:16.914+00:00,2026-09-21T07:59:18.129+00:00,2026-09-21T07:59:22.195+00:00,True,64,64.0,,64.0,61214.897206,65281.276214,65281.276433,1020.019944265625,0.0,61214.897206,7646.473602921749,184.34679845,64.54569853968253,204.04324792636885,0.9803729907209562,33,64,,False,True,,192,59.56268577710819
44,2026-09-21T07:58:17.296+00:00,2026-09-21T07:59:20.133+00:00,2026-09-21T07:59:21.309+00:00,True,13,13.0,,13.0,62836.834872,64012.848696,64012.848635,4924.0652796153845,0.0,62836.834872,17403.657134083634,25840.342206600002,98.001152,339.4859489285606,0.203084228632561,33,64,,False,True,,53,59.56268577710819
45,2026-09-21T07:58:17.606+00:00,2026-09-21T07:59:21.737+00:00,2026-09-21T07:59:23.743+00:00,True,32,32.0,,32.0,64131.534891,66137.640235,66137.64017700001,2066.8012555312503,40.787563,64131.534891,11325.526920177796,85.39247695,64.71307561290322,11.732671637372071,0.4838394579289151,33,64,,False,True,,128,59.56268577710819
46,2026-09-21T07:58:17.927+00:00,2026-09-21T07:59:23.609+00:00,2026-09-21T07:59:29.792+00:00,True,97,97.0,,97.0,65682.259292,71865.10934,71865.109176,740.8774141855671,43.249703000000004,65682.259292,6662.490968888041,80.0704572,64.404688,9.890692852445802,1.3497509555170186,33,64,,False,True,,97,59.56268577710819
47,2026-09-21T07:58:18.338+00:00,2026-09-21T07:59:25.804+00:00,2026-09-21T07:59:31.412+00:00,True,89,89.0,,89.0,67465.975133,73073.967453,73073.967256,821.0558118651685,41.155722999999995,67465.975133,7144.630506248282,79.74591900000001,63.727185454545456,9.702205362624683,1.2179439970498844,33,64,,False,True,,182,59.56268577710819
48,2026-09-21T07:58:18.637+00:00,2026-09-21T07:59:27.474+00:00,2026-09-21T07:59:29.537+00:00,True,33,33.0,,33.0,68836.401218,70899.327298,70899.3274,2148.464466666667,41.789413999999994,68836.401218,11971.661674013714,81.594003,64.46644,10.514280473011846,0.46544870392488047,33,64,,False,True,,81,59.56268577710819
49,2026-09-21T07:58:18.914+00:00,2026-09-21T07:59:28.702+00:00,2026-09-21T07:59:35.089+00:00,True,92,92.0,,92.0,69788.08362800001,76175.63998,76175.640129,827.9960883586957,0.0,69788.08362800001,7271.553299858244,78.61867000000001,70.19292694505495,208.6333183557243,1.2077351765492839,33,64,,False,True,,313,59.56268577710819
50,2026-09-21T07:58:19.339+00:00,2026-09-21T07:59:31.072+00:00,2026-09-21T07:59:35.890+00:00,True,76,76.0,,76.0,71733.030022,76550.96000600001,76550.959866,1007.2494719210528,0.0,71733.030022,8223.622079372006,282.13364275000004,64.23906645333334,210.07806548262147,0.9928027028536699,33,64,,False,True,,227,59.56268577710819
51,2026-09-21T07:58:19.740+00:00,2026-09-21T07:59:32.879+00:00,2026-09-21T07:59:34.923+00:00,True,24,24.0,,24.0,73139.665309,75183.045277,75183.045199,3132.6268832916667,0.01601,73139.665309,14913.903748782117,1161.9385942000001,88.84260730434782,277.35138983446325,0.3192209082722815,33,64,,False,True,,49,59.56268577710819
52,2026-09-21T07:58:20.098+00:00,2026-09-21T07:59:35.197+00:00,2026-09-21T07:59:39.503+00:00,True,72,72.0,,72.0,75098.809636,79405.259812,79405.259965,1102.8508328472224,0.02188,75098.809636,8843.39594303155,146.97087395,60.65422783098592,34.02144421360605,0.9067409409712568,33,64,,False,True,,648,59.56268577710819
53,2026-09-21T07:58:20.549+00:00,2026-09-21T07:59:37.378+00:00,2026-09-21T07:59:38.903+00:00,True,26,26.0,,26.0,76828.676161,78354.059585,78354.059665,3013.617679423077,40.562384,76828.676161,15055.381539166943,80.665567,61.01533696,12.005656629878283,0.33182709533760274,33,64,,False,True,,181,59.56268577710819
54,2026-09-21T07:58:20.898+00:00,2026-09-21T07:59:39.367+00:00,2026-09-21T07:59:41.428+00:00,True,34,34.0,,34.0,78468.76443000001,80530.34958200001,80530.349551,2368.539692676471,41.243864,78468.76443000001,13446.572068276204,77.22799549999999,62.47227733333334,10.39694199780737,0.422201072967894,33,64,,False,True,,46,59.56268577710819
55,2026-09-21T07:58:21.288+00:00,2026-09-21T07:59:41.374+00:00,2026-09-21T07:59:41.500+00:00,True,3,3.0,,3.0,80086.44594599999,80212.111482,80212.11152699999,26737.370508999997,50.351165,80086.44594599999,46201.6562828435,72085.33279299998,62.832768,17.651738509784018,0.0374008356664843,33,64,,False,True,,7,59.56268577710819
56,2026-09-21T07:58:21.564+00:00,2026-09-21T07:59:42.614+00:00,2026-09-21T07:59:47.767+00:00,True,81,81.0,,81.0,81050.30401600001,86202.68392000001,86202.683839,1064.2306646790125,0.0,81050.30401600001,9000.51611288209,79.835267,64.4047488,194.84315660975855,0.9396459172335244,33,64,,False,True,,87,59.56268577710819
57,2026-09-21T07:58:21.959+00:00,2026-09-21T07:59:44.510+00:00,2026-09-21T07:59:46.961+00:00,True,25,25.0,,25.0,82551.072512,85001.228544,85001.228477,3400.04913908,0.0,82551.072512,16493.291028254178,1394.2405442,102.08983466666668,346.80025227696274,0.2941133961029635,33,64,,False,True,,172,59.56268577710819
58,2026-09-21T07:58:22.229+00:00,2026-09-21T07:59:47.006+00:00,2026-09-21T07:59:50.600+00:00,True,71,71.0,,71.0,84777.53348299999,88370.898987,88370.89915,1244.6605514084506,0.0,84777.53348299999,10055.18350980254,75.8014665,51.33379291428571,26.156338147193228,0.8034319081719947,33,64,,False,True,,426,59.56268577710819
59,2026-09-21T07:58:22.533+00:00,2026-09-21T07:59:47.623+00:00,2026-09-21T07:59:50.298+00:00,True,43,43.0,,43.0,85089.592676,87764.400996,87764.400871,2041.0325783953488,42.433392999999995,85089.592676,12966.33322329255,79.557497,63.68591238095238,10.3085117192523,0.4899480827307167,33,64,,False,True,,86,59.56268577710819
60,2026-09-21T07:58:22.816+00:00,2026-09-21T07:59:49.073+00:00,2026-09-21T07:59:54.183+00:00,True,61,61.0,,61.0,86256.678914,91366.189058,91366.189104,1497.8063787540984,0.02323,86256.678914,11034.562608333212,83.07570700000001,85.1585024,179.14122435978962,0.6676430376370048,33,64,,False,True,,244,59.56268577710819
61,2026-09-21T07:58:23.296+00:00,2026-09-21T07:59:49.385+00:00,2026-09-21T07:59:54.438+00:00,True,74,74.0,,74.0,86088.487722,91142.28049,91142.280686,1231.6524417027028,0.01537,86088.487722,10001.43607577512,79.6909295,69.23003791780822,196.3147050313325,0.8119173626352171,33,64,,False,True,,445,59.56268577710819
62,2026-09-21T07:58:23.546+00:00,2026-09-21T07:59:52.663+00:00,2026-09-21T07:59:58.576+00:00,True,94,94.0,,94.0,89117.011604,95030.171284,95030.171284,1010.9592689787233,0.015349999999999999,89117.011604,9186.532372136877,115.90387885,63.582362150537634,159.6519882618644,0.9891595345974775,33,64,,False,True,,282,59.56268577710819
63,2026-09-21T07:58:23.887+00:00,2026-09-21T07:59:54.454+00:00,2026-09-21T07:59:56.320+00:00,True,34,34.0,,34.0,90566.97346699999,92432.23068299999,92432.23090099999,2718.5950264999997,0.02009,90566.97346699999,15522.481829147286,181.4574767,56.522945939393935,46.52987372482599,0.36783706017659956,33,64,,False,True,,340,59.56268577710819
64,2026-09-21T07:58:24.139+00:00,2026-09-21T07:59:56.040+00:00,2026-09-21T08:00:00.912+00:00,True,79,79.0,,79.0,91900.34753900001,96772.165779,96772.16591800001,1224.964125544304,39.934044,91900.34753900001,10332.575049700532,79.0384901,62.459208205128206,10.581861943488919,0.8163504388277663,33,64,,False,True,,184,59.56268577710819
65,2026-09-21T07:58:24.421+00:00,2026-09-21T07:59:57.244+00:00,2026-09-21T07:59:59.879+00:00,True,45,45.0,,45.0,92822.246606,95457.78683,95457.786908,2121.284153511111,43.579084,92822.246606,13828.197613187618,78.326871,59.898641454545455,9.555861818351293,0.47141256354644107,33,64,,False,True,,270,59.56268577710819
66,2026-09-21T07:58:24.815+00:00,2026-09-21T07:59:59.428+00:00,2026-09-21T07:59:59.428+00:00,True,1,1.0,,1.0,94612.500487,94612.500487,94612.500487,94612.500487,94612.500487,94612.500487,nan,94612.500487,nan,nan,0.010569427875309168,33,64,,False,True,,2,59.56268577710819
67,2026-09-21T07:58:25.241+00:00,2026-09-21T08:00:02.873+00:00,2026-09-21T08:00:05.501+00:00,True,64,64.0,,64.0,97631.663956,100259.692628,100259.692547,1566.557696046875,0.0,97631.663956,12198.783562426583,76.68138599999999,41.71474082539683,31.455035784804444,0.6383422721777466,33,64,,False,True,,256,59.56268577710819
68,2026-09-21T07:58:25.651+00:00,2026-09-21T08:00:03.735+00:00,2026-09-21T08:00:09.462+00:00,True,92,92.0,,92.0,98083.14903,103810.556134,103810.556224,1128.375611130435,40.928463,98083.14903,10219.317555580701,78.3934355,62.93853960439561,9.291568807627412,0.8862297190783298,33,64,,False,True,,92,59.56268577710819
69,2026-09-21T07:58:26.063+00:00,2026-09-21T08:00:05.573+00:00,2026-09-21T08:00:09.740+00:00,True,69,69.0,,69.0,99509.805799,103676.85040699999,103676.850425,1502.5630496376812,40.856823,99509.805799,11972.199360424504,77.07640300000001,61.28006776470588,9.54909317697347,0.6655294767262847,33,64,,False,True,,134,59.56268577710819
70,2026-09-21T07:58:26.352+00:00,2026-09-21T08:00:06.734+00:00,2026-09-21T08:00:12.911+00:00,True,100,100.0,,100.0,100381.892641,106559.314977,106559.314844,1065.59314844,41.815144000000004,100381.892641,10031.954291595897,77.14169395,62.398205414141415,9.912625112557977,0.9384444712466876,33,64,,False,True,,300,59.56268577710819
71,2026-09-21T07:58:26.729+00:00,2026-09-21T08:00:09.098+00:00,2026-09-21T08:00:10.769+00:00,True,28,28.0,,28.0,102369.15246,104039.7675,104039.767368,3715.7059774285713,45.311514,102369.15246,19334.260223286918,75.18794965000001,61.874631111111114,9.067629269225359,0.26912786017135226,33,64,,True,True,,84,59.56268577710819
72,2026-09-21T07:58:27.093+00:00,2026-09-21T08:00:11.075+00:00,2026-09-21T08:00:15.966+00:00,True,78,78.0,,78.0,103981.836006,108872.950246,108872.950256,1395.8070545641026,41.950224,103981.836006,11766.43585607026,77.02811415,63.52096415584416,9.393937104889513,0.7164313984672767,33,64,,True,True,,546,59.56268577710819
73,2026-09-21T07:58:27.455+00:00,2026-09-21T08:00:12.845+00:00,2026-09-21T08:00:15.267+00:00,True,40,40.0,,40.0,105390.418404,107812.085476,107812.085606,2695.30214015,42.399494,105390.418404,16653.873132025572,77.56558855,62.09402748717949,9.738999087165944,0.3710159192579981,33,64,,True,True,,85,59.56268577710819
74,2026-09-21T07:58:27.700+00:00,2026-09-21T08:00:14.046+00:00,2026-09-21T08:00:18.584+00:00,True,73,73.0,,73.0,106345.889094,110883.772998,110883.772961,1518.9557939863014,43.493144,106345.889094,12439.471842222902,77.0294442,63.02616533333334,9.58003167428062,0.6583470062956525,33,64,,True,True,,365,59.56268577710819
75,2026-09-21T07:58:27.993+00:00,2026-09-21T08:00:15.856+00:00,2026-09-21T08:00:21.404+00:00,True,88,88.0,,88.0,107863.773212,113411.4975,113411.497359,1288.767015443182,43.398735,107863.773212,11491.522835446587,76.66764135,63.76694583908046,9.092390014705925,0.7759354381155227,33,64,,True,True,,704,59.56268577710819
76,2026-09-21T07:58:28.363+00:00,2026-09-21T08:00:17.574+00:00,2026-09-21T08:00:18.655+00:00,True,18,18.0,,18.0,109211.340667,110292.212347,110292.212449,6127.3451360555555,49.368233999999994,109211.340667,25726.37494370889,16446.30702965,63.58068705882353,8.102036849730014,0.16320281928309338,33,64,,True,True,,72,59.56268577710819
77,2026-09-21T07:58:28.765+00:00,2026-09-21T08:00:19.747+00:00,2026-09-21T08:00:20.662+00:00,True,15,15.0,,15.0,110981.561176,111897.19868,111897.198685,7459.813245666667,54.138754,110981.561176,28638.429819099292,33349.024208,65.40267885714286,7.1989952929025485,0.13405161323918854,33,64,,True,True,,30,59.56268577710819
78,2026-09-21T07:58:29.034+00:00,2026-09-21T08:00:20.984+00:00,2026-09-21T08:00:21.099+00:00,True,3,3.0,,3.0,111949.81597,112065.203874,112065.203779,37355.06792633333,52.539733999999996,111949.81597,64600.947000326996,100761.1191805,57.693952,7.288924582721926,0.026770129320186097,33,64,,True,True,,9,59.56268577710819
79,2026-09-21T07:58:29.301+00:00,2026-09-21T08:00:22.154+00:00,2026-09-21T08:00:23.356+00:00,True,21,21.0,,21.0,112852.277999,114054.975471,114054.975328,5431.189301333333,47.351954,112852.277999,24613.264748730773,77.130655,60.1348736,8.013043613109227,0.18412173527089604,33,64,,True,True,,21,59.56268577710819
80,2026-09-21T07:58:29.723+00:00,2026-09-21T08:00:24.502+00:00,2026-09-21T08:00:30.343+00:00,True,94,94.0,,94.0,114779.72951100001,120620.28323900001,120620.28323500001,1283.1945025000002,41.187642999999994,114779.72951100001,11832.151713255156,77.51463135,62.801652989247316,9.834862967197877,0.7793050843177517,33,64,,True,True,,187,59.56268577710819
81,2026-09-21T07:58:30.121+00:00,2026-09-21T08:00:26.772+00:00,2026-09-21T08:00:31.609+00:00,True,78,78.0,,78.0,116651.322937,121487.898937,121487.899107,1557.5371680384617,41.929072999999995,116651.322937,13201.052725017833,78.82531800000001,62.81267532467532,9.625770804441418,0.6420392539708705,33,64,,True,True,,383,59.56268577710819
82,2026-09-21T07:58:30.481+00:00,2026-09-21T08:00:28.613+00:00,2026-09-21T08:00:33.314+00:00,True,75,75.0,,75.0,118131.937097,122833.021513,122833.021317,1637.77361756,45.317833,118131.937097,13633.368270546258,77.26221,63.528167783783786,8.69401554489425,0.6105849964137078,33,64,,True,True,,225,59.56268577710819
83,2026-09-21T07:58:30.755+00:00,2026-09-21T08:00:29.853+00:00,2026-09-21T08:00:33.570+00:00,True,59,59.0,,59.0,119098.26667200001,122815.18212800001,122815.182058,2081.6132552203394,43.973794000000005,119098.26667200001,15496.933390017204,77.6454391,64.08474924137931,9.523507811775142,0.4803966331988925,33,64,,True,True,,233,59.56268577710819
84,2026-09-21T07:58:31.014+00:00,2026-09-21T08:00:31.228+00:00,2026-09-21T08:00:35.942+00:00,True,75,75.0,,75.0,120214.12543700001,124927.660669,124927.66055700001,1665.70214076,41.24539299999999,120214.12543700001,13873.77992511842,76.35883729999999,63.696422054054054,9.805045362357422,0.6003474298515442,33,64,,True,True,,825,59.56268577710819
85,2026-09-21T07:58:31.377+00:00,2026-09-21T08:00:32.980+00:00,2026-09-21T08:00:35.472+00:00,True,40,40.0,,40.0,121602.766589,124095.178493,124095.178354,3102.37945885,42.417193,121602.766589,19216.983032778036,77.6857125,63.90799753846154,9.238852595096274,0.3223332323282514,33,64,,True,True,,400,59.56268577710819
86,2026-09-21T07:58:31.671+00:00,2026-09-21T08:00:34.301+00:00,2026-09-21T08:00:36.118+00:00,True,31,31.0,,31.0,122630.019396,124446.66861200001,124446.668531,4014.408662290323,45.153394,122630.019396,22014.127192999596,76.94305600000001,60.554973866666664,8.308805762479574,0.24910269070080004,33,64,,True,True,,65,59.56268577710819
87,2026-09-21T07:58:32.030+00:00,2026-09-21T08:00:36.192+00:00,2026-09-21T08:00:40.352+00:00,True,67,67.0,,67.0,124161.661079,128321.172631,128321.172598,1915.2413820597014,42.755193,124161.661079,15161.06459560741,78.2343897,63.02290230303031,9.488413178352534,0.5221273982015814,33,64,,True,True,,139,59.56268577710819
88,2026-09-21T07:58:32.377+00:00,2026-09-21T08:00:38.211+00:00,2026-09-21T08:00:41.741+00:00,True,55,55.0,,55.0,125833.737153,129363.990209,129363.99029599999,2352.0725508363635,41.599783,125833.737153,16958.60458952791,76.129039,65.37505659259259,8.527356088985336,0.42515695373296847,33,64,,True,True,,220,59.56268577710819
89,2026-09-21T07:58:32.816+00:00,2026-09-21T08:00:40.426+00:00,2026-09-21T08:00:41.155+00:00,True,12,12.0,,12.0,127609.578192,128338.916304,128338.91626700001,10694.909688916667,59.043955000000004,127609.578192,36818.57238935141,57466.53840815,66.30346472727273,5.619247064679272,0.09350242580804767,33,64,,True,True,,75,59.56268577710819
91,2026-09-21T07:58:33.452+00:00,2026-09-21T08:00:41.663+00:00,2026-09-21T08:00:46.154+00:00,True,70,70.0,,70.0,128210.97265899999,132701.79096299998,132701.791122,1895.7398731714284,45.127953,128210.97265899999,15316.36633251997,79.851461,65.08432324637681,9.882573708317587,0.5274985325519642,33,64,,True,True,,245,59.56268577710819
90,2026-09-21T07:58:33.382+00:00,2026-09-21T08:00:42.017+00:00,2026-09-21T08:00:42.582+00:00,True,10,10.0,,10.0,128635.573072,129200.597584,129200.597715,12920.0597715,44.389053,128635.573072,40658.28892971787,70785.7944448,62.78050133333333,13.421627745651719,0.07739902281410488,33,64,,True,True,,46,59.56268577710819
92,2026-09-21T07:58:33.822+00:00,2026-09-21T08:00:46.016+00:00,2026-09-21T08:00:46.996+00:00,True,16,16.0,,16.0,132194.254323,133173.572339,133173.572236,8323.34826475,43.881883,132194.254323,33032.243515892864,33109.28415525,65.28786773333333,11.597970508584137,0.12014395738571312,33,64,,True,True,,160,59.56268577710819
93,2026-09-21T07:58:34.136+00:00,2026-09-21T08:00:47.693+00:00,2026-09-21T08:00:52.747+00:00,True,81,81.0,,81.0,133556.918616,138610.329944,138610.329831,1711.238639888889,43.838353000000005,133556.918616,14832.6414503392,76.571706,63.1676416,8.584329419059314,0.5843720308055311,33,64,,True,True,,162,59.56268577710819
94,2026-09-21T07:58:34.459+00:00,2026-09-21T08:00:49.464+00:00,2026-09-21T08:00:54.647+00:00,True,82,82.0,,82.0,135004.899833,140188.272889,140188.27280900002,1709.6130830365853,41.917383,135004.899833,14901.733249744073,78.61165,63.99225995061728,9.34891613615817,0.5849276712676742,33,64,,True,True,,92,59.56268577710819
95,2026-09-21T07:58:34.699+00:00,2026-09-21T08:00:50.748+00:00,2026-09-21T08:00:56.589+00:00,True,94,94.0,,94.0,136049.262014,141890.297278,141890.297278,1509.4712476382979,45.016974000000005,136049.262014,14025.934991982504,78.61697749999999,62.80683079569893,9.35167438092234,0.662483635620479,33,64,,True,True,,100,59.56268577710819
96,2026-09-21T07:58:35.150+00:00,2026-09-21T08:00:52.983+00:00,2026-09-21T08:00:57.220+00:00,True,68,68.0,,68.0,137833.268423,142069.373127,142069.373048,2089.255486,45.606513,137833.268423,16707.074111015056,76.91119985000002,63.22544334328358,8.962726501594739,0.4786394034357623,33,64,,True,True,,138,59.56268577710819
97,2026-09-21T07:58:35.541+00:00,2026-09-21T08:00:55.021+00:00,2026-09-21T08:00:56.034+00:00,True,18,18.0,,18.0,139479.958785,140492.729345,140492.72929,7805.151627222222,43.414693,139479.958785,32861.70030958639,20983.398341350003,59.574738823529415,6.705685266659592,0.12812050903928576,33,64,,True,True,,72,59.56268577710819
98,2026-09-21T07:58:35.950+00:00,2026-09-21T08:00:57.292+00:00,2026-09-21T08:00:59.930+00:00,True,42,42.0,,42.0,141342.051821,143979.953901,143979.953706,3428.094135857143,46.536023,141342.051821,21799.626446689177,76.40604,64.33907512195123,9.674264702058448,0.2917072749507825,33,64,,True,True,,210,59.56268577710819
99,2026-09-21T07:58:36.260+00:00,2026-09-21T08:00:58.889+00:00,2026-09-21T08:01:02.572+00:00,True,58,58.0,,58.0,142629.531407,146312.719631,146312.71955100002,2522.6330957068967,43.042913,142629.531407,18719.693732424887,77.57507650000001,64.61733726315789,11.407452777986933,0.3964111947770209,33,64,,True,True,,261,59.56268577710819
100,2026-09-21T07:58:36.560+00:00,2026-09-21T08:01:00.228+00:00,2026-09-21T08:01:05.829+00:00,True,89,89.0,,89.0,143667.898175,149268.81593500002,149268.81596200002,1677.1777074382023,41.042693,143667.898175,15222.023404561192,76.6578116,63.646792727272725,9.929988330494135,0.5962397399786139,33,64,,True,True,,376,59.56268577710819
101,2026-09-21T07:58:36.892+00:00,2026-09-21T08:01:01.796+00:00,2026-09-21T08:01:04.264+00:00,True,40,40.0,,40.0,144903.87980700002,147371.46457500002,147371.46470100002,3684.2866175250006,46.669984,144903.87980700002,22901.312617036427,76.20476645000001,63.27140430769231,8.687936294328392,0.27142296587303893,33,64,,True,True,,41,59.56268577710819
102,2026-09-21T07:58:37.207+00:00,2026-09-21T08:01:03.543+00:00,2026-09-21T08:01:05.829+00:00,True,38,38.0,,38.0,146335.63239500002,148621.76026700003,148621.76007500003,3911.0989493421057,44.849664,146335.63239500002,23728.753026073344,77.08158465000001,61.78723978378379,9.851809613879379,0.25568261290764377,33,64,,True,True,,114,59.56268577710819
103,2026-09-21T07:58:37.569+00:00,2026-09-21T08:01:05.663+00:00,2026-09-21T08:01:09.165+00:00,True,57,57.0,,57.0,148093.599304,151595.994696,151595.994574,2659.5788521754384,44.267683,148093.599304,19607.194828783813,76.98597760000001,62.54277485714286,9.801612674437825,0.3759993798932736,33,64,,True,True,,374,59.56268577710819
104,2026-09-21T07:58:37.894+00:00,2026-09-21T08:01:07.407+00:00,2026-09-21T08:01:12.816+00:00,True,86,86.0,,86.0,149512.67633000002,154921.672938,154921.67297100002,1801.4148019883723,44.359713000000006,149512.67633000002,16115.50757130572,78.56334075,63.63525421176471,9.923773822781225,0.5551192313448448,33,64,,True,True,,342,59.56268577710819
105,2026-09-21T07:58:38.249+00:00,2026-09-21T08:01:09.463+00:00,2026-09-21T08:01:12.355+00:00,True,46,46.0,,46.0,151213.98202700002,154105.74113100002,154105.74095,3350.12480326087,41.565673000000004,151213.98202700002,22285.812506902064,77.81481,64.26131342222222,9.57693369219481,0.29849634194288044,33,64,,True,True,,322,59.56268577710819
106,2026-09-21T07:58:38.661+00:00,2026-09-21T08:01:12.040+00:00,2026-09-21T08:01:17.542+00:00,True,87,87.0,,87.0,153378.979365,158881.06038900002,158881.06047300002,1826.2190858965519,41.674853000000006,153378.979365,16437.09678388917,79.3634743,63.977686325581395,10.438783298713778,0.5475794269435991,33,64,,True,True,,184,59.56268577710819
107,2026-09-21T07:58:38.983+00:00,2026-09-21T08:01:13.509+00:00,2026-09-21T08:01:19.706+00:00,True,98,98.0,,98.0,154526.38869999998,160722.95420399998,160722.95417999997,1640.0301446938774,44.569083,154526.38869999998,15603.07277043732,78.06268949999999,63.882118597938145,10.299521202417067,0.6097448898034319,33,64,,True,True,,295,59.56268577710819
108,2026-09-21T07:58:39.420+00:00,2026-09-21T08:01:16.091+00:00,2026-09-21T08:01:19.088+00:00,True,48,48.0,,48.0,156670.532376,159667.980824,159667.980709,3326.416264770833,43.748143,156670.532376,22604.240946388913,78.4457655,63.77549889361702,11.034609576176937,0.30062383047800795,33,64,,True,True,,147,59.56268577710819
109,2026-09-21T07:58:39.819+00:00,2026-09-21T08:01:17.921+00:00,2026-09-21T08:01:22.812+00:00,True,79,79.0,,79.0,158102.114921,162992.487273,162992.487337,2063.1960422405064,44.935843,158102.114921,17780.82670682678,78.0038241,62.69708143589743,10.428322895267907,0.48468491598438534,33,64,,True,True,,474,59.56268577710819
110,2026-09-21T07:58:40.091+00:00,2026-09-21T08:01:19.431+00:00,2026-09-21T08:01:23.562+00:00,True,66,66.0,,66.0,159340.282775,163470.584471,163470.584238,2476.827033909091,43.653913,159340.282775,19605.613883836526,77.222417,63.54310301538462,10.015493317896578,0.4037423626616355,33,64,,True,True,,264,59.56268577710819
111,2026-09-21T07:58:40.475+00:00,2026-09-21T08:01:21.518+00:00,2026-09-21T08:01:24.287+00:00,True,44,44.0,,44.0,161043.421241,163812.435001,163812.434947,3723.009885159091,43.997252,161043.421241,24268.50312032278,75.72565065,64.3956688372093,9.705502389845014,0.2685998776572206,33,64,,True,True,,199,59.56268577710819
112,2026-09-21T07:58:40.880+00:00,2026-09-21T08:01:23.506+00:00,2026-09-21T08:01:24.221+00:00,True,12,12.0,,12.0,162626.168843,163341.644811,163341.64494199998,13611.803745166666,51.378233,162626.168843,46927.35538771798,73222.30946354999,65.04326981818183,7.781019473419635,0.07346564933814036,33,64,,True,True,,72,59.56268577710819
113,2026-09-21T07:58:41.294+00:00,2026-09-21T08:01:25.671+00:00,2026-09-21T08:01:29.961+00:00,True,70,70.0,,70.0,164376.635827,168666.907315,168666.907259,2409.527246557143,41.123642,164376.635827,19639.33639733562,77.16238805,62.17784765217392,9.5469434586799,0.4150191707094561,33,64,,True,True,,280,59.56268577710819
114,2026-09-21T07:58:41.720+00:00,2026-09-21T08:01:27.883+00:00,2026-09-21T08:01:29.433+00:00,True,26,26.0,,26.0,166163.92797299998,167713.57942899998,167713.57935599997,6450.522282923076,40.578483,166163.92797299998,32575.272875573493,79.400474,61.986058240000006,11.614519759873792,0.15502620651541735,33,64,,True,True,,87,59.56268577710819
115,2026-09-21T07:58:41.971+00:00,2026-09-21T08:01:28.951+00:00,2026-09-21T08:01:32.477+00:00,True,58,58.0,,58.0,166980.409984,170505.446528,170505.446495,2939.7490775,46.709782,166980.409984,21917.483415810475,77.61814799999999,61.842746385964915,8.89599357053236,0.3401650866940217,33,64,,True,True,,58,59.56268577710819
116,2026-09-21T07:58:42.343+00:00,2026-09-21T08:01:30.740+00:00,2026-09-21T08:01:31.772+00:00,True,18,18.0,,18.0,168397.411692,169429.00081199998,169429.000868,9412.722270444445,49.264342,168397.411692,39677.34851721277,25323.265010199997,60.68171294117647,7.97502752482868,0.10623919112863665,33,64,,True,True,,54,59.56268577710819
117,2026-09-21T07:58:42.737+00:00,2026-09-21T08:01:33.026+00:00,2026-09-21T08:01:34.976+00:00,True,31,31.0,,31.0,170288.778235,172239.254267,172239.25415,5556.104972580645,43.699583,170288.778235,30573.091439971366,77.419684,65.01586773333334,8.6656675725445,0.1799822005263954,33,64,,True,True,,70,59.56268577710819
118,2026-09-21T07:58:43.499+00:00,2026-09-21T08:01:33.802+00:00,2026-09-21T08:01:38.327+00:00,True,71,71.0,,71.0,170303.196887,174827.854295,174827.854332,2462.364145521127,43.189472,170303.196887,20203.602140580573,77.308964,64.63796297142858,9.530596717149841,0.40611377566984513,33,64,,True,True,,708,59.56268577710819
119,2026-09-21T07:58:43.555+00:00,2026-09-21T08:01:34.714+00:00,2026-09-21T08:01:40.833+00:00,True,97,97.0,,97.0,171158.47159099998,177278.30416699997,177278.30414199998,1827.6113829072162,42.266862,171158.47159099998,17372.039691255755,75.974352,63.748256,9.498963159610733,0.5471622737806874,33,64,,True,True,,387,59.56268577710819
120,2026-09-21T07:58:43.710+00:00,2026-09-21T08:01:38.009+00:00,2026-09-21T08:01:42.953+00:00,True,81,81.0,,81.0,174298.977484,179243.62414,179243.624231,2212.8842497654323,43.686381999999995,174298.977484,19359.687423767118,75.332384,61.808083200000006,8.710182515193114,0.45189891907527013,33,64,,True,True,,165,59.56268577710819
121,2026-09-21T07:58:44.115+00:00,2026-09-21T08:01:39.732+00:00,2026-09-21T08:01:41.310+00:00,True,26,26.0,,26.0,175616.84088499998,177195.167925,177195.167853,6815.198763576923,50.076703,175616.84088499998,34428.91576968447,76.21169375000001,63.133081600000004,8.823991043399504,0.14673086351319026,33,64,,True,True,,138,59.56268577710819
122,2026-09-21T07:58:44.511+00:00,2026-09-21T08:01:41.637+00:00,2026-09-21T08:01:45.252+00:00,True,60,60.0,,60.0,177126.233106,180741.084178,180741.084233,3012.351403883333,43.029052,177126.233106,22858.99029677009,75.0538765,61.26866223728813,8.840845072956856,0.3319665823234188,33,64,,True,True,,110,59.56268577710819
123,2026-09-21T07:58:44.853+00:00,2026-09-21T08:01:43.556+00:00,2026-09-21T08:01:45.776+00:00,True,37,37.0,,37.0,178702.920285,180922.976861,180922.976635,4889.810179324324,43.113712,178702.920285,29368.44235834216,77.0011096,61.66823822222222,9.294361861551462,0.20450691582654237,33,64,,True,True,,299,59.56268577710819
124,2026-09-21T07:58:45.301+00:00,2026-09-21T08:01:45.666+00:00,2026-09-21T08:01:46.388+00:00,True,13,13.0,,13.0,180365.896652,181087.247052,181087.247251,13929.788250076923,50.913613,180365.896652,50007.827364490164,72189.0953306,60.11253333333334,7.034250306042304,0.07178860031080485,33,64,,True,True,,52,59.56268577710819
125,2026-09-21T07:58:45.666+00:00,2026-09-21T08:01:47.624+00:00,2026-09-21T08:01:48.028+00:00,True,7,7.0,,7.0,181957.54675,182361.80761400002,182361.807521,26051.686788714287,59.266413,181957.54675,68748.02264037875,127393.4164612,67.37681066666667,8.203259718951989,0.03838523039219209,33,64,,True,True,,33,59.56268577710819
126,2026-09-21T07:58:45.917+00:00,2026-09-21T08:01:48.968+00:00,2026-09-21T08:01:49.383+00:00,True,8,8.0,,8.0,183051.765056,183466.381376,183466.381549,22933.297693625,49.571633,183051.765056,64697.631312721685,119009.4346298,59.23090285714286,7.947088625082845,0.04360471896812869,33,64,,True,True,,32,59.56268577710819
127,2026-09-21T07:58:46.305+00:00,2026-09-21T08:01:50.986+00:00,2026-09-21T08:01:54.236+00:00,True,52,52.0,,52.0,184680.949418,187930.98769,187930.987511,3614.0574521346152,42.678881999999994,184680.949418,25601.804398239598,78.29825005000001,63.72624062745098,10.005966401394732,0.27669731660100766,33,64,,True,True,,52,59.56268577710819
128,2026-09-21T07:58:46.717+00:00,2026-09-21T08:01:52.706+00:00,2026-09-21T08:01:54.571+00:00,True,30,30.0,,30.0,185989.211416,187854.31349600002,187854.313586,6261.810452866667,45.867313,185989.211416,33945.087950988884,77.45629495000001,64.3138648275862,9.010646241811857,0.15969822274343887,33,64,,True,True,,64,59.56268577710819
129,2026-09-21T07:58:46.996+00:00,2026-09-21T08:01:54.233+00:00,2026-09-21T08:01:54.739+00:00,True,9,9.0,,9.0,187236.61152900002,187742.59092100002,187742.590816,20860.287868444448,46.453492,187236.61152900002,62391.12195428644,112371.806927,63.247424,9.107051366384747,0.04793797697075087,33,64,,True,True,,13,59.56268577710819
130,2026-09-21T07:58:47.247+00:00,2026-09-21T08:01:55.533+00:00,2026-09-21T08:01:59.094+00:00,True,57,57.0,,57.0,188286.633233,191847.255569,191847.255736,3365.7413287017544,43.942642,188286.633233,24930.753616181202,78.41246879999998,63.58254171428572,8.778622887796098,0.29711136513756026,33,64,,True,True,,118,59.56268577710819
131,2026-09-21T07:58:47.686+00:00,2026-09-21T08:01:58.028+00:00,2026-09-21T08:02:03.303+00:00,True,85,85.0,,85.0,190341.53066299998,195616.399399,195616.399438,2301.369405152941,43.029832,190341.53066299998,20638.628250368452,76.86595200000002,62.79605638095238,8.537322578133368,0.43452389605957814,33,64,,True,True,,181,59.56268577710819
132,2026-09-21T07:58:48.053+00:00,2026-09-21T08:01:59.672+00:00,2026-09-21T08:02:04.355+00:00,True,77,77.0,,77.0,191618.126544,196301.380304,196301.380237,2549.3685745064936,41.875223,191618.126544,21829.891538640168,74.70327800000001,61.62176,8.994892858930887,0.3922539916976375,33,64,,True,True,,308,59.56268577710819
133,2026-09-21T07:58:48.421+00:00,2026-09-21T08:02:01.825+00:00,2026-09-21T08:02:07.283+00:00,True,89,89.0,,89.0,193403.461741,198861.08324500002,198861.083386,2234.3941953483145,45.431433,193403.461741,20494.153782174086,75.51155659999999,62.01842618181818,8.588714289365292,0.4475486030132431,33,64,,True,True,,297,59.56268577710819
134,2026-09-21T07:58:48.792+00:00,2026-09-21T08:02:04.002+00:00,2026-09-21T08:02:05.544+00:00,True,25,25.0,,25.0,195209.942861,196752.38023699998,196752.380124,7870.095204959999,47.533762,195209.942861,39029.13577283559,80.7479988,64.268224,8.29376337318498,0.12706326586690342,33,64,,True,True,,51,59.56268577710819
135,2026-09-21T07:58:49.082+00:00,2026-09-21T08:02:05.344+00:00,2026-09-21T08:02:10.736+00:00,True,87,87.0,,87.0,196262.408604,201654.317468,201654.317695,2317.865720632184,44.140223,196262.408604,21034.818631177382,76.660055,62.69661469767441,8.190156706197005,0.4314313776783173,33,64,,True,True,,384,59.56268577710819
136,2026-09-21T07:58:49.424+00:00,2026-09-21T08:02:07.361+00:00,2026-09-21T08:02:11.733+00:00,True,70,70.0,,70.0,197936.958206,202308.324606,202308.324693,2890.1189241857146,45.389722,197936.958206,23650.420870703867,77.106731,63.35313623188406,8.455796092027093,0.3460065231439515,33,64,,True,True,,350,59.56268577710819
137,2026-09-21T07:58:49.804+00:00,2026-09-21T08:02:09.253+00:00,2026-09-21T08:02:13.069+00:00,True,62,62.0,,62.0,199448.87923,203264.54796599998,203264.547816,3278.4604486451613,41.951312,199448.87923,25322.09016815362,75.98531450000002,62.55194649180328,8.12051834990354,0.30502121801570004,33,64,,True,True,,279,59.56268577710819
138,2026-09-21T07:58:50.067+00:00,2026-09-21T08:02:10.863+00:00,2026-09-21T08:02:11.161+00:00,True,6,6.0,,6.0,200796.34026,201094.199844,201094.200026,33515.70000433333,51.949833,200796.34026,81950.4427816655,150615.013566,59.5719168,7.670411224475726,0.029836763092394185,33,64,,True,True,,22,59.56268577710819
139,2026-09-21T07:58:50.482+00:00,2026-09-21T08:02:13.261+00:00,2026-09-21T08:02:13.967+00:00,True,12,12.0,,12.0,202779.644196,203485.101092,203485.101074,16957.09175616667,47.112612,202779.644196,58518.928720468124,91294.11241639999,64.13244509090909,11.79621689943973,0.05897237653077382,33,64,,True,True,,57,59.56268577710819
140,2026-09-21T07:58:50.748+00:00,2026-09-21T08:02:14.703+00:00,2026-09-21T08:02:18.183+00:00,True,55,55.0,,55.0,203955.127557,207434.553861,207434.553835,3771.5373424545455,47.164663,203955.127557,27492.616658607407,75.375309,64.43382044444445,7.933928193520421,0.2651438681563873,33,64,,True,True,,110,59.56268577710819
141,2026-09-21T07:58:51.119+00:00,2026-09-21T08:02:16.730+00:00,2026-09-21T08:02:17.542+00:00,True,14,14.0,,14.0,205610.150707,206423.011891,206423.01201099998,14744.500857928571,50.377362999999995,205610.150707,54934.913504326614,72011.73017155,62.52778338461538,7.958139747500768,0.06782189578452903,33,64,,True,True,,37,59.56268577710819
142,2026-09-21T07:58:51.457+00:00,2026-09-21T08:02:18.545+00:00,2026-09-21T08:02:24.663+00:00,True,99,99.0,,99.0,207087.35596000002,213205.985592,213205.985542,2153.5958135555557,40.969182999999994,207087.35596000002,20806.789723992064,77.3152106,62.43499624489796,9.827061236605177,0.4643396841092941,33,64,,True,True,,99,59.56268577710819
143,2026-09-21T07:58:51.784+00:00,2026-09-21T08:02:20.232+00:00,2026-09-21T08:02:25.230+00:00,True,81,81.0,,81.0,208448.234768,213446.646544,213446.646498,2635.143783925926,40.535383,208448.234768,23153.974767647695,78.08433500000001,62.480147200000005,9.761432214546323,0.3794859338926303,33,64,,True,True,,163,59.56268577710819
144,2026-09-21T07:58:52.065+00:00,2026-09-21T08:02:21.749+00:00,2026-09-21T08:02:26.047+00:00,True,71,71.0,,71.0,209684.837931,213982.666795,213982.666935,3013.840379366197,43.366612,209684.837931,24877.727469207264,77.028904,61.397555200000006,10.17957301834204,0.3318025757105809,33,64,,True,True,,748,59.56268577710819
145,2026-09-21T07:58:52.343+00:00,2026-09-21T08:02:23.250+00:00,2026-09-21T08:02:24.851+00:00,True,27,27.0,,27.0,210907.71807300003,212508.77279300004,212508.77271000002,7870.695285555556,45.236582999999996,210907.71807300003,40577.35951713292,76.8138204,61.5790276923077,9.80065192733874,0.12705357828356614,33,64,,True,True,,135,59.56268577710819
146,2026-09-21T07:58:52.604+00:00,2026-09-21T08:02:24.731+00:00,2026-09-21T08:02:29.364+00:00,True,76,76.0,,76.0,212126.15306600003,216759.78250600002,216759.782517,2852.102401539474,43.151843,212126.15306600003,24325.453652623888,78.24770625000001,61.78172586666667,9.838944342529334,0.3506185470447973,33,64,,True,True,,744,59.56268577710819
147,2026-09-21T07:58:53.660+00:00,2026-09-21T08:02:26.001+00:00,2026-09-21T08:02:30.801+00:00,True,79,79.0,,79.0,212340.81298500003,217140.88389700002,217140.88396700003,2748.6187843924054,41.692510999999996,212340.81298500003,23883.28594325428,78.03836799999999,61.53937066666666,9.088966144941883,0.36381909561293563,33,64,,True,True,,158,59.56268577710819
148,2026-09-21T07:58:53.721+00:00,2026-09-21T08:02:27.156+00:00,2026-09-21T08:02:28.753+00:00,True,27,27.0,,27.0,213434.836363,215031.613323,215031.613309,7964.13382625926,48.499241000000005,213434.836363,41063.734936234476,77.6531747,61.414498461538464,8.016126553121822,0.12556293273697935,33,64,,True,True,,108,59.56268577710819
149,2026-09-21T07:58:53.747+00:00,2026-09-21T08:02:28.997+00:00,2026-09-21T08:02:34.745+00:00,True,91,91.0,,91.0,215249.90739500002,220998.347971,220998.347947,2428.5532741428574,42.297290999999994,215249.90739500002,22557.627902720957,77.8946035,63.871561955555556,9.691784185546899,0.41176778394715086,33,64,,True,True,,182,59.56268577710819
150,2026-09-21T07:58:53.926+00:00,2026-09-21T08:02:31.255+00:00,2026-09-21T08:02:35.001+00:00,True,59,59.0,,59.0,217329.887206,221075.08170200002,221075.08194700003,3747.0352872372882,45.36266199999999,217329.887206,28285.536285857655,78.76556690000001,64.57231889655172,9.437739338902464,0.2668776577883596,33,64,,True,True,,61,59.56268577710819
151,2026-09-21T07:58:54.265+00:00,2026-09-21T08:02:33.321+00:00,2026-09-21T08:02:38.931+00:00,True,89,89.0,,89.0,219056.418913,224666.618721,224666.618521,2524.344028325843,45.163012,219056.418913,23213.17853923032,78.50971759999999,63.75227054545455,10.395392240641264,0.39614251777440845,33,64,,True,True,,89,59.56268577710819
152,2026-09-21T07:58:54.539+00:00,2026-09-21T08:02:34.667+00:00,2026-09-21T08:02:38.362+00:00,True,59,59.0,,59.0,220128.70732100002,223822.91634500003,223822.91618100004,3793.608748830509,49.428312,220128.70732100002,28650.02624916035,76.48801379999999,63.693259034482764,10.023232070227957,0.26360124764462256,33,64,,True,True,,615,59.56268577710819
153,2026-09-21T07:58:54.917+00:00,2026-09-21T08:02:36.792+00:00,2026-09-21T08:02:37.585+00:00,True,13,13.0,,13.0,221875.638827,222668.559403,222668.559414,17128.350724153846,50.007341000000004,221875.638827,61518.9043643744,88795.75031060001,66.07671466666666,8.59560547054536,0.05838273726140096,33,64,,True,True,,57,59.56268577710819
154,2026-09-21T07:58:55.184+00:00,2026-09-21T08:02:37.947+00:00,2026-09-21T08:02:38.473+00:00,True,10,10.0,,10.0,222763.20569,223288.517946,223288.518048,22328.8518048,46.702082000000004,222763.20569,70425.45374602365,122551.2814679,58.36802844444445,8.488738904184164,0.04478510624723836,33,64,,True,True,,46,59.56268577710819
155,2026-09-21T07:58:55.493+00:00,2026-09-21T08:02:39.548+00:00,2026-09-21T08:02:39.936+00:00,True,7,7.0,,7.0,224054.606273,224442.342081,224442.341917,32063.191702428572,58.238762,224054.606273,84660.25632911811,156860.23499000003,64.62263466666667,6.271629849474813,0.03118841095266123,33,64,,True,True,,70,59.56268577710819
156,2026-09-21T07:58:55.788+00:00,2026-09-21T08:02:40.832+00:00,2026-09-21T08:02:46.603+00:00,True,92,92.0,,92.0,225044.308347,230814.641531,230814.641562,2508.8547995869567,42.257841,225044.308347,23455.882575402546,79.0314715,63.41025476923077,10.901684391865775,0.3985882324871655,33,64,,True,True,,92,59.56268577710819
157,2026-09-21T07:58:56.057+00:00,2026-09-21T08:02:42.300+00:00,2026-09-21T08:02:47.131+00:00,True,77,77.0,,77.0,226243.021401,231073.421913,231073.42187,3000.9535307792207,44.226351,226243.021401,25775.543932363427,75.880667,63.55790147368421,9.932560920912776,0.3332274190711158,33,64,,True,True,,276,59.56268577710819
158,2026-09-21T07:58:56.470+00:00,2026-09-21T08:02:44.667+00:00,2026-09-21T08:02:47.341+00:00,True,43,43.0,,43.0,228197.125402,230870.462234,230870.462185,5369.080515930233,43.358101000000005,228197.125402,34790.03036093337,79.23811389999999,63.650876952380955,10.846888027876583,0.18625163039010645,33,64,,True,True,,129,59.56268577710819
159,2026-09-21T07:58:56.792+00:00,2026-09-21T08:02:46.429+00:00,2026-09-21T08:02:52.399+00:00,True,97,97.0,,97.0,229636.907359,235607.082591,235607.082539,2428.9389952474226,41.647621,229636.907359,23309.782675957173,76.9729168,62.189325333333336,8.999527947096484,0.4117023942288962,33,64,,True,True,,194,59.56268577710819
160,2026-09-21T07:58:57.104+00:00,2026-09-21T08:02:47.702+00:00,2026-09-21T08:02:53.622+00:00,True,95,95.0,,95.0,230598.19177200002,236518.219164,236518.21918900002,2489.6654651473686,46.080762,230598.19177200002,23652.4154276207,76.6857879,62.97901480851064,8.9074559005954,0.4016603893593825,33,64,,True,True,,285,59.56268577710819
161,2026-09-21T07:58:57.548+00:00,2026-09-21T08:02:50.146+00:00,2026-09-21T08:02:55.594+00:00,True,88,88.0,,88.0,232598.081402,238045.48697,238045.48685800002,2705.062350659091,41.654682,232598.081402,24788.366108143535,78.2114285,62.61385710344828,9.961768318668163,0.3696772458076062,33,64,,True,True,,188,59.56268577710819
162,2026-09-21T07:58:57.886+00:00,2026-09-21T08:02:51.969+00:00,2026-09-21T08:02:55.594+00:00,True,58,58.0,,58.0,234082.82868,237708.051592,237708.051383,4098.414679017242,46.836981,234082.82868,30728.23135189519,77.84760875,63.60040196491228,8.897796390298543,0.24399678349789636,33,64,,True,True,,121,59.56268577710819
163,2026-09-21T07:58:58.191+00:00,2026-09-21T08:02:53.679+00:00,2026-09-21T08:02:54.842+00:00,True,20,20.0,,20.0,235488.32287799998,236650.89439799997,236650.89435899997,11832.544717949999,43.502331,235488.32287799998,52643.10866883596,11847.770756799997,61.1879747368421,10.162036908670016,0.08451267446453829,33,64,,True,True,,60,59.56268577710819
164,2026-09-21T07:58:58.611+00:00,2026-09-21T08:02:55.850+00:00,2026-09-21T08:03:01.702+00:00,True,94,94.0,,94.0,237239.553793,243091.418369,243091.418425,2586.078919414894,44.069641000000004,237239.553793,24462.903152025985,77.36155434999999,62.92327501075268,8.808627193706261,0.38668580170655364,33,64,,True,True,,470,59.56268577710819
165,2026-09-21T07:58:58.914+00:00,2026-09-21T08:02:57.579+00:00,2026-09-21T08:03:03.459+00:00,True,94,94.0,,94.0,238664.69588999997,244544.57352199996,244544.57356599998,2601.538016659574,41.155062,238664.69588999997,24609.864604478644,77.35273049999999,63.22449066666666,9.737021952687646,0.38438800193431194,33,64,,True,True,,199,59.56268577710819
166,2026-09-21T07:58:59.207+00:00,2026-09-21T08:02:59.203+00:00,2026-09-21T08:03:01.403+00:00,True,36,36.0,,36.0,239996.17012599998,242195.97275,242195.97267299998,6727.665907583333,42.243391,239996.17012599998,39988.88758089254,78.18748275000002,62.85150354285714,9.702594839705522,0.14863996123156017,33,64,,True,True,,144,59.56268577710819
167,2026-09-21T07:58:59.644+00:00,2026-09-21T08:03:01.340+00:00,2026-09-21T08:03:04.312+00:00,True,48,48.0,,48.0,241696.26881600003,244668.57089600002,244668.57104000004,5097.261896666667,49.476382,241696.26881600003,34876.72458027198,79.13897949999999,63.24046978723405,8.815943352018381,0.1961837592144318,33,64,,True,True,,234,59.56268577710819
168,2026-09-21T07:59:00.058+00:00,2026-09-21T08:03:03.459+00:00,2026-09-21T08:03:06.461+00:00,True,47,47.0,,47.0,243401.237417,246403.266217,246403.266282,5242.622686851064,47.036181,243401.237417,35494.20124910867,80.911148,65.26149565217392,9.29428117203372,0.19074422478884068,33,64,,True,True,,235,59.56268577710819
169,2026-09-21T07:59:00.492+00:00,2026-09-21T08:03:05.854+00:00,2026-09-21T08:03:05.995+00:00,True,3,3.0,,3.0,245362.196236,245502.518284,245502.518251,81834.17275033332,65.44005200000001,245362.196236,141619.42264793336,220833.46480870002,70.161024,6.6765361690888785,0.01221983391848375,33,64,,True,True,,6,59.56268577710819
170,2026-09-21T07:59:00.915+00:00,2026-09-21T08:03:08.073+00:00,2026-09-21T08:03:10.612+00:00,True,41,41.0,,41.0,247158.49684,249697.446216,249697.446279,6090.181616560976,44.319831,247158.49684,38589.76038957334,77.349323,63.4737344,9.278054282576178,0.16419871577113798,33,64,,True,True,,42,59.56268577710819
172,2026-09-21T07:59:01.641+00:00,2026-09-21T08:03:10.678+00:00,2026-09-21T08:03:16.195+00:00,True,88,88.0,,88.0,249037.535106,254554.652546,254554.652359,2892.6665040795456,39.982141000000006,249037.535106,26540.73219715007,78.09558965000001,63.41514298850574,9.918073703730519,0.3457017937792267,33,64,,True,True,,782,59.56268577710819
173,2026-09-21T07:59:02.084+00:00,2026-09-21T08:03:13.115+00:00,2026-09-21T08:03:17.357+00:00,True,68,68.0,,68.0,251031.137546,255272.639242,255272.639184,3754.009399764706,43.306392,251031.137546,30434.321268139876,75.51538584999999,63.30599546268657,9.043174302176618,0.2663818582434743,33,64,,True,True,,137,59.56268577710819
171,2026-09-21T07:59:01.242+00:00,2026-09-21T08:03:15.022+00:00,2026-09-21T08:03:20.485+00:00,True,89,89.0,,89.0,253780.20153,259242.87673,259242.876621,2912.8413103483144,44.526141,253780.20153,26894.069014794986,76.3347566,62.07585454545455,8.976868183289232,0.3433074077969479,33,64,,True,True,,356,59.56268577710819
174,2026-09-21T07:59:02.519+00:00,2026-09-21T08:03:16.258+00:00,2026-09-21T08:03:21.010+00:00,True,77,77.0,,77.0,253738.19484900002,258490.464161,258490.46400700003,3357.0190130779224,44.107732000000006,253738.19484900002,28909.026656937716,78.5981582,62.52985936842106,9.80444411329131,0.2978833290811098,33,64,,True,True,,545,59.56268577710819
175,2026-09-21T07:59:02.838+00:00,2026-09-21T08:03:17.938+00:00,2026-09-21T08:03:23.039+00:00,True,81,81.0,,81.0,255100.759876,260201.83098,260201.830965,3212.3682835185186,43.252932,255100.759876,28337.446235129628,78.11648299999999,63.763388799999994,11.187989607277883,0.3112968102296941,33,64,,True,True,,187,59.56268577710819
176,2026-09-21T07:59:03.195+00:00,2026-09-21T08:03:19.942+00:00,2026-09-21T08:03:22.905+00:00,True,47,47.0,,47.0,256746.953949,259710.36975699998,259710.36972299998,5525.752547297872,41.771612,256746.953949,37440.997242072284,80.056775,64.4220827826087,12.102950149041884,0.1809708254775345,33,64,,True,True,,1,59.56268577710819
177,2026-09-21T07:59:03.630+00:00,2026-09-21T08:03:22.257+00:00,2026-09-21T08:03:27.347+00:00,True,82,82.0,,82.0,258627.100376,263717.14863199997,263717.148704,3216.0627890731707,42.744822,258627.100376,28553.647389390113,78.17283705000001,62.84010192592593,9.433327056728672,0.3109392029504522,33,64,,True,True,,167,59.56268577710819
178,2026-09-21T07:59:04.075+00:00,2026-09-21T08:03:24.295+00:00,2026-09-21T08:03:25.250+00:00,True,16,16.0,,16.0,260220.37494100002,261174.69174100002,261174.69183400003,16323.418239625002,50.236972,260220.37494100002,65039.18934395941,65116.783255,63.62112,11.138923741508039,0.061261678508524,33,64,,True,True,,70,59.56268577710819
179,2026-09-21T07:59:04.460+00:00,2026-09-21T08:03:26.463+00:00,2026-09-21T08:03:28.339+00:00,True,31,31.0,,31.0,262003.029877,263879.397749,263879.397922,8512.238642645161,41.700860999999996,262003.029877,47045.90104192694,79.637808,62.545595733333336,11.032985994173325,0.1174779094709279,33,64,,True,True,,141,59.56268577710819
180,2026-09-21T07:59:05.573+00:00,2026-09-21T08:03:30.264+00:00,2026-09-21T08:03:30.594+00:00,True,6,6.0,,6.0,264690.708064,265020.281184,265020.28108600003,44170.046847666665,45.065141000000004,264690.708064,108032.62020729821,198538.5830835,65.914624,13.382139438190293,0.022639776749139744,33,64,,True,True,,42,59.56268577710819
181,2026-09-21T07:59:05.579+00:00,2026-09-21T08:03:31.757+00:00,2026-09-21T08:03:37.801+00:00,True,96,96.0,,96.0,266178.127386,272222.559514,272222.559602,2835.6516625208333,42.590921,266178.127386,27160.199334628025,77.81107875,63.625601347368416,9.743818060882052,0.3526526242769489,33,64,,True,True,,384,59.56268577710819
182,2026-09-21T07:59:05.686+00:00,2026-09-21T08:03:33.180+00:00,2026-09-21T08:03:33.614+00:00,True,7,7.0,,7.0,267494.586085,267928.490981,267928.491174,38275.49873914286,67.585481,267494.586085,101076.11692304407,187270.3991551,72.31748266666668,5.212117962057063,0.026126374146959987,33,64,,True,True,,28,59.56268577710819
183,2026-09-21T07:59:05.909+00:00,2026-09-21T08:03:33.618+00:00,2026-09-21T08:03:35.746+00:00,True,35,35.0,,35.0,267708.53614,269836.854604,269836.854574,7709.624416399999,46.137671000000005,267708.53614,45240.4214880864,78.3058947,62.59760188235294,8.331900092105775,0.1297080046806963,33,64,,True,True,,35,59.56268577710819
184,2026-09-21T07:59:06.181+00:00,2026-09-21T08:03:35.943+00:00,2026-09-21T08:03:42.176+00:00,True,98,98.0,,98.0,269761.40792,275994.73272,275994.732839,2816.2727840714288,44.381378,269761.40792,27243.52791974516,78.6792915,64.26108041237114,10.509060066117957,0.3550792402238422,33,64,,True,True,,294,59.56268577710819
185,2026-09-21T07:59:06.463+00:00,2026-09-21T08:03:37.237+00:00,2026-09-21T08:03:42.450+00:00,True,82,82.0,,82.0,270773.684848,275986.403952,275986.404067,3365.68785447561,45.395071,270773.684848,29894.846170614,77.4280655,64.35455683950617,10.156568643736303,0.29711608552376934,33,64,,True,True,,328,59.56268577710819
186,2026-09-21T07:59:06.802+00:00,2026-09-21T08:03:38.872+00:00,2026-09-21T08:03:39.460+00:00,True,10,10.0,,10.0,272070.220407,272658.785911,272658.78604,27265.878603999998,53.145551,272070.220407,86015.47831030287,149672.8418478,65.39616711111111,8.794770145635821,0.03667587665142818,33,64,,True,True,,20,59.56268577710819
187,2026-09-21T07:59:07.117+00:00,2026-09-21T08:03:40.441+00:00,2026-09-21T08:03:44.057+00:00,True,57,57.0,,57.0,273324.567367,276940.16288699995,276940.16284299997,4858.599348122807,44.087441,273324.567367,36194.17314738873,78.41332999999999,64.56420571428572,10.651794429111598,0.20582063434135317,33,64,,True,True,,114,59.56268577710819
188,2026-09-21T07:59:07.418+00:00,2026-09-21T08:03:42.097+00:00,2026-09-21T08:03:46.837+00:00,True,75,75.0,,75.0,274679.520139,279418.96026699996,279418.96041999996,3725.586138933333,42.998231,274679.520139,31709.865037086936,77.417129,64.04648821621622,9.853155807167077,0.2684141402871639,33,64,,True,True,,269,59.56268577710819
189,2026-09-21T07:59:07.811+00:00,2026-09-21T08:03:44.250+00:00,2026-09-21T08:03:45.150+00:00,True,15,15.0,,15.0,276438.992195,277338.963523,277338.963554,18489.264236933333,52.529831,276438.992195,71359.64337877769,82986.3303422,64.28366628571429,8.616355419365906,0.054085440464105704,33,64,,True,True,,74,59.56268577710819
190,2026-09-21T07:59:08.241+00:00,2026-09-21T08:03:46.358+00:00,2026-09-21T08:03:48.347+00:00,True,33,33.0,,33.0,278117.23228399997,280105.38486,280105.384896,8488.041966545454,43.922141,278117.23228399997,48403.1815441445,78.575881,62.129768,10.349241095112577,0.11781280112302657,33,64,,True,True,,85,59.56268577710819
191,2026-09-21T07:59:08.527+00:00,2026-09-21T08:03:48.012+00:00,2026-09-21T08:03:50.586+00:00,True,41,41.0,,41.0,279484.63167000003,282058.39269400004,282058.392774,6879.472994487805,48.300241,279484.63167000003,43638.11840530227,77.048222,64.3440256,9.154368204963856,0.14535997177180313,33,64,,True,True,,123,59.56268577710819
192,2026-09-21T07:59:08.836+00:00,2026-09-21T08:03:49.535+00:00,2026-09-21T08:03:53.893+00:00,True,69,69.0,,69.0,280699.416119,285057.019447,285057.019531,4131.2611526231885,43.206371,280699.416119,33784.525193953865,77.43934500000002,64.08240188235294,8.836254417797784,0.24205683527407051,33,64,,True,True,,412,59.56268577710819
193,2026-09-21T07:59:09.275+00:00,2026-09-21T08:03:51.765+00:00,2026-09-21T08:03:53.142+00:00,True,23,23.0,,23.0,282489.895561,283867.270793,283867.27061899996,12342.055244304347,46.305690999999996,282489.895561,58890.16111047059,77.2572979,62.60796509090909,9.438768990426075,0.0810237824732247,33,64,,True,True,,23,59.56268577710819
194,2026-09-21T07:59:09.549+00:00,2026-09-21T08:03:53.141+00:00,2026-09-21T08:03:57.560+00:00,True,71,71.0,,71.0,283592.224641,288011.072641,288011.072703,4056.493981732394,45.138321000000005,283592.224641,33648.7146419383,76.79854649999999,63.1264,9.444030540495733,0.24651829997001562,33,64,,True,True,,984,59.56268577710819
196,2026-09-21T07:59:10.357+00:00,2026-09-21T08:03:55.136+00:00,2026-09-21T08:04:00.064+00:00,True,79,79.0,,79.0,284778.68997899996,289707.04479499994,289707.044832,3667.1777826835437,46.692131,284778.68997899996,32032.998286000362,77.26487900000001,63.18403610256411,8.79470470444165,0.2726892611669189,33,64,,True,True,,413,59.56268577710819
197,2026-09-21T07:59:10.614+00:00,2026-09-21T08:03:56.464+00:00,2026-09-21T08:03:56.998+00:00,True,10,10.0,,10.0,285849.25265,286383.94448999997,286383.944501,28638.394450099997,44.622671000000004,285849.25265,90374.68371467286,157248.1925714,59.410204444444446,7.655245262166443,0.03491815862026854,33,64,,True,True,,30,59.56268577710819
198,2026-09-21T07:59:11.046+00:00,2026-09-21T08:03:59.155+00:00,2026-09-21T08:04:02.250+00:00,True,49,49.0,,49.0,288108.816671,291204.60854299995,291204.608546,5942.951194816326,47.720071000000004,288108.816671,41149.189546267764,76.664478,64.495664,8.357297049376752,0.1682665677757107,33,64,,True,True,,195,59.56268577710819
195,2026-09-21T07:59:09.997+00:00,2026-09-21T08:03:59.293+00:00,2026-09-21T08:04:03.365+00:00,True,64,64.0,,64.0,289296.609903,293368.603503,293368.603549,4583.884430453125,47.351911,289296.609903,36153.99794095173,76.54140585,64.63481904761905,8.806560457978753,0.2181555873252999,33,64,,True,True,,256,59.56268577710819
199,2026-09-21T07:59:11.400+00:00,2026-09-21T08:04:02.652+00:00,2026-09-21T08:04:05.643+00:00,True,49,49.0,,49.0,291251.738678,294243.173686,294243.17352,6004.962724897959,42.128521,291251.738678,41598.48904414175,74.989832,62.321562666666665,8.668172326691499,0.16652892703057262,33,64,,True,True,,343,59.56268577710819
200,2026-09-21T07:59:11.672+00:00,2026-09-21T08:04:04.163+00:00,2026-09-21T08:04:05.322+00:00,True,20,20.0,,20.0,292490.818051,293649.842179,293649.842095,14682.492104750001,44.992871,292490.818051,65389.29531268984,14692.447531450001,61.00126989473684,7.565840796091321,0.0681083287891182,33,64,,True,True,,120,59.56268577710819
201,2026-09-21T07:59:11.993+00:00,2026-09-21T08:04:05.890+00:00,2026-09-21T08:04:06.949+00:00,True,18,18.0,,18.0,293897.12726700003,294955.44713900005,294955.447119,16386.413728833337,46.467481,293897.12726700003,69257.54460607449,44149.73894025,62.25411011764706,10.983411179139395,0.06102616572975972,33,64,,True,True,,36,59.56268577710819
202,2026-09-21T07:59:12.415+00:00,2026-09-21T08:04:08.159+00:00,2026-09-21T08:04:12.448+00:00,False,70,69.0,,69.0,295744.305568,300032.51984,300032.519908,4286.178855828572,0.04501,295744.305568,35340.77947106852,78.63113495,62.148032927536235,12.201062963750545,0.22997507082497592,33,64,,True,False,Request timeout: 300.0s exceeded,76,59.56268577710819
203,2026-09-21T07:59:12.805+00:00,2026-09-21T08:04:10.433+00:00,2026-09-21T08:04:12.820+00:00,False,41,40.0,,40.0,297627.47091100004,300014.42796700005,300014.42812100006,7317.425076121952,0.054729999999999994,297627.47091100004,46472.284215616906,78.452351,59.6739264,13.613950720014135,0.1333269212119351,33,64,,True,False,Request timeout: 300.0s exceeded,80,59.56268577710819
204,2026-09-21T07:59:13.135+00:00,2026-09-21T08:04:12.062+00:00,2026-09-21T08:04:13.150+00:00,False,20,19.0,,19.0,298927.315727,300014.808335,300014.808449,15000.74042245,0.02475,298927.315727,66829.38337644261,15019.879942250003,57.23645305263158,16.831701048590677,0.06333020728358309,33,64,,True,False,Request timeout: 300.0s exceeded,19,59.56268577710819
205,2026-09-21T07:59:13.429+00:00,2026-09-21T08:04:13.451+00:00,2026-09-21T08:04:13.451+00:00,False,1,0.0,,0.0,300022.1262,300022.1262,300022.1262,300022.1262,300022.1262,300022.1262,nan,300022.1262,nan,nan,0.0,33,64,,True,False,"HTTPConnectionPool(host='gpu06', port=9004): Read timed out.",0,59.56268577710819
206,2026-09-21T07:59:13.772+00:00,2026-09-21T08:04:13.877+00:00,2026-09-21T08:04:13.877+00:00,False,1,0.0,,0.0,300104.998968,300104.998968,300104.998968,300104.998968,300104.998968,300104.998968,nan,300104.998968,nan,nan,0.0,33,64,,True,False,"HTTPConnectionPool(host='gpu06', port=9004): Read timed out.",0,59.56268577710819
207,2026-09-21T07:59:14.122+00:00,2026-09-21T08:04:14.221+00:00,2026-09-21T08:04:14.221+00:00,False,1,0.0,,0.0,300098.798715,300098.798715,300098.798715,300098.798715,300098.798715,300098.798715,nan,300098.798715,nan,nan,0.0,33,64,,True,False,"HTTPConnectionPool(host='gpu06', port=9004): Read timed out.",0,59.56268577710819
208,2026-09-21T07:59:14.366+00:00,2026-09-21T08:04:14.472+00:00,2026-09-21T08:04:14.472+00:00,False,1,0.0,,0.0,300106.09637800005,300106.09637800005,300106.09637800005,300106.09637800005,300106.09637800005,300106.09637800005,nan,300106.09637800005,nan,nan,0.0,33,64,,True,False,"HTTPConnectionPool(host='gpu06', port=9004): Read timed out.",0,59.56268577710819
209,2026-09-21T07:59:14.656+00:00,2026-09-21T08:04:14.715+00:00,2026-09-21T08:04:14.715+00:00,False,1,0.0,,0.0,300059.483648,300059.483648,300059.483648,300059.483648,300059.483648,300059.483648,nan,300059.483648,nan,nan,0.0,33,64,,True,False,"HTTPConnectionPool(host='gpu06', port=9004): Read timed out.",0,59.56268577710819
210,2026-09-21T07:59:15.044+00:00,2026-09-21T08:04:15.150+00:00,2026-09-21T08:04:15.150+00:00,False,1,0.0,,0.0,300105.516133,300105.516133,300105.516133,300105.516133,300105.516133,300105.516133,nan,300105.516133,nan,nan,0.0,33,64,,True,False,"HTTPConnectionPool(host='gpu06', port=9004): Read timed out.",0,59.56268577710819
211,2026-09-21T07:59:15.332+00:00,2026-09-21T08:04:15.446+00:00,2026-09-21T08:04:15.446+00:00,False,1,0.0,,0.0,300114.218783,300114.218783,300114.218783,300114.218783,300114.218783,300114.218783,nan,300114.218783,nan,nan,0.0,33,64,,True,False,"HTTPConnectionPool(host='gpu06', port=9004): Read timed out.",0,59.56268577710819
212,2026-09-21T07:59:15.763+00:00,2026-09-21T08:04:15.804+00:00,2026-09-21T08:04:15.804+00:00,False,1,0.0,,0.0,300041.400963,300041.400963,300041.400963,300041.400963,300041.400963,300041.400963,nan,300041.400963,nan,nan,0.0,33,64,,True,False,TTFT timeout: 300.0s exceeded (TTFT: 300.026s),0,59.56268577710819
213,2026-09-21T07:59:16.148+00:00,2026-09-21T08:04:16.256+00:00,2026-09-21T08:04:16.256+00:00,False,1,0.0,,0.0,300107.900189,300107.900189,300107.900189,300107.900189,300107.900189,300107.900189,nan,300107.900189,nan,nan,0.0,33,64,,True,False,"HTTPConnectionPool(host='gpu06', port=9004): Read timed out.",0,59.56268577710819
214,2026-09-21T07:59:16.423+00:00,2026-09-21T08:04:16.527+00:00,2026-09-21T08:04:16.527+00:00,False,1,0.0,,0.0,300104.16631,300104.16631,300104.16631,300104.16631,300104.16631,300104.16631,nan,300104.16631,nan,nan,0.0,33,64,,True,False,"HTTPConnectionPool(host='gpu06', port=9004): Read timed out.",0,59.56268577710819
215,2026-09-21T07:59:16.729+00:00,2026-09-21T08:04:16.823+00:00,2026-09-21T08:04:16.823+00:00,False,1,0.0,,0.0,300094.80005,300094.80005,300094.80005,300094.80005,300094.80005,300094.80005,nan,300094.80005,nan,nan,0.0,33,64,,True,False,"HTTPConnectionPool(host='gpu06', port=9004): Read timed out.",0,59.56268577710819
216,2026-09-21T07:59:17.111+00:00,2026-09-21T08:04:17.192+00:00,2026-09-21T08:04:17.192+00:00,False,1,0.0,,0.0,300080.953564,300080.953564,300080.953564,300080.953564,300080.953564,300080.953564,nan,300080.953564,nan,nan,0.0,33,64,,True,False,"HTTPConnectionPool(host='gpu06', port=9004): Read timed out.",0,59.56268577710819
217,2026-09-21T07:59:17.523+00:00,2026-09-21T08:04:17.548+00:00,2026-09-21T08:04:17.548+00:00,False,1,0.0,,0.0,300024.564055,300024.564055,300024.564055,300024.564055,300024.564055,300024.564055,nan,300024.564055,nan,nan,0.0,33,64,,True,False,TTFT timeout: 300.0s exceeded (TTFT: 300.020s),0,59.56268577710819
218,2026-09-21T07:59:17.954+00:00,2026-09-21T08:04:18.032+00:00,2026-09-21T08:04:18.032+00:00,False,1,0.0,,0.0,300078.580967,300078.580967,300078.580967,300078.580967,300078.580967,300078.580967,nan,300078.580967,nan,nan,0.0,33,64,,True,False,TTFT timeout: 300.0s exceeded (TTFT: 300.064s),0,59.56268577710819
219,2026-09-21T07:59:19.584+00:00,2026-09-21T08:04:19.354+00:00,2026-09-21T08:04:19.977+00:00,False,13,12.0,,12.0,299770.05827100005,300392.3650870001,300392.36522400007,23107.105017230773,0.10829000000000001,299770.05827100005,83126.87421026925,119954.27793360002,51.858901333333336,20.03013198725323,0.039947752988077914,33,64,,True,False,Request timeout: 300.0s exceeded,28,59.56268577710819
222,2026-09-21T07:59:19.858+00:00,2026-09-21T08:04:20.646+00:00,2026-09-21T08:04:21.360+00:00,False,10,9.0,,9.0,300787.800474,301501.685914,301501.685759,30150.1685759,0.03631,300787.800474,95092.38076971838,165511.0827525,79.32060444444444,46.146279661936795,0.029850579351543498,33,64,,True,False,Request timeout: 300.0s exceeded,18,59.56268577710819
220,2026-09-21T07:59:19.631+00:00,2026-09-21T08:04:20.862+00:00,2026-09-21T08:04:21.357+00:00,False,7,6.0,,6.0,301230.929259,301726.349931,301726.349759,43103.76425128571,0.027059999999999997,301230.929259,113823.39299762865,210912.42736049998,82.570112,57.55031794718363,0.01988556850063677,33,64,,True,False,Request timeout: 300.0s exceeded,54,59.56268577710819
225,2026-09-21T07:59:20.130+00:00,2026-09-21T08:04:20.966+00:00,2026-09-21T08:04:21.357+00:00,False,6,5.0,,5.0,300836.43263700005,301227.31263700005,301227.31267500005,50204.55211250001,0.02612,300836.43263700005,122784.05775282669,225670.19849375,78.176,64.70893143608242,0.01659876043851757,33,64,,True,False,Request timeout: 300.0s exceeded,33,59.56268577710819
221,2026-09-21T07:59:19.821+00:00,2026-09-21T08:04:20.968+00:00,2026-09-21T08:04:21.360+00:00,False,6,5.0,,5.0,301147.07790499995,301539.02337699995,301539.02341299993,50256.50390216666,0.03608,301147.07790499995,122910.79118281836,225903.41624974995,78.3890944,64.80303897783521,0.016581601757556724,33,64,,True,False,Request timeout: 300.0s exceeded,13,59.56268577710819
223,2026-09-21T07:59:19.883+00:00,2026-09-21T08:04:21.211+00:00,2026-09-21T08:04:21.406+00:00,False,5,4.0,,4.0,301328.180894,301523.125406,301523.125228,60304.6250456,0.03817,301328.180894,134736.26836214756,241082.45583559998,48.736128,40.64642217779272,0.013265980825231933,33,64,,True,False,Request timeout: 300.0s exceeded,20,59.56268577710819
224,2026-09-21T07:59:19.973+00:00,2026-09-21T08:04:21.216+00:00,2026-09-21T08:04:21.406+00:00,False,5,4.0,,4.0,301243.296186,301433.440698,301433.4409,60286.68818,0.04151,301243.296186,134698.8431664636,241014.0709292,47.536128,39.683513302976316,0.013269927818020423,33,64,,True,False,Request timeout: 300.0s exceeded,14,59.56268577710819
229,2026-09-21T07:59:21.345+00:00,2026-09-21T08:04:21.524+00:00,2026-09-21T08:04:21.524+00:00,False,1,0.0,,0.0,300179.032313,300179.032313,300179.032313,300179.032313,300179.032313,300179.032313,nan,300179.032313,nan,nan,0.0,33,64,,True,False,"HTTPConnectionPool(host='gpu06', port=9004): Read timed out.",0,59.56268577710819
226,2026-09-21T07:59:20.437+00:00,2026-09-21T08:04:21.898+00:00,2026-09-21T08:04:21.898+00:00,False,1,0.0,,0.0,301460.999999,301460.999999,301460.999999,301460.999999,301460.999999,301460.999999,nan,301460.999999,nan,nan,0.0,33,64,,True,False,"HTTPConnectionPool(host='gpu06', port=9004): Read timed out.",0,59.56268577710819
230,2026-09-21T07:59:21.617+00:00,2026-09-21T08:04:21.898+00:00,2026-09-21T08:04:21.898+00:00,False,1,0.0,,0.0,300281.49995599996,300281.49995599996,300281.49995599996,300281.49995599996,300281.49995599996,300281.49995599996,nan,300281.49995599996,nan,nan,0.0,33,64,,True,False,"HTTPConnectionPool(host='gpu06', port=9004): Read timed out.",0,59.56268577710819
227,2026-09-21T07:59:20.746+00:00,2026-09-21T08:04:21.906+00:00,2026-09-21T08:04:21.906+00:00,False,1,0.0,,0.0,301160.08291299996,301160.08291299996,301160.08291299996,301160.08291299996,301160.08291299996,301160.08291299996,nan,301160.08291299996,nan,nan,0.0,33,64,,True,False,"HTTPConnectionPool(host='gpu06', port=9004): Read timed out.",0,59.56268577710819
228,2026-09-21T07:59:21.055+00:00,2026-09-21T08:04:23.281+00:00,2026-09-21T08:04:23.281+00:00,False,1,0.0,,0.0,302225.80092400004,302225.80092400004,302225.80092400004,302225.80092400004,302225.80092400004,302225.80092400004,nan,302225.80092400004,nan,nan,0.0,33,64,,True,False,"HTTPConnectionPool(host='gpu06', port=9004): Read timed out.",0,59.56268577710819
232,2026-09-21T07:59:22.365+00:00,2026-09-21T08:04:23.281+00:00,2026-09-21T08:04:23.281+00:00,False,1,0.0,,0.0,300915.802879,300915.802879,300915.802879,300915.802879,300915.802879,300915.802879,nan,300915.802879,nan,nan,0.0,33,64,,True,False,"HTTPConnectionPool(host='gpu06', port=9004): Read timed out.",0,59.56268577710819
234,2026-09-21T07:59:22.994+00:00,2026-09-21T08:04:23.310+00:00,2026-09-21T08:04:23.310+00:00,False,1,0.0,,0.0,300315.56941500003,300315.56941500003,300315.56941500003,300315.56941500003,300315.56941500003,300315.56941500003,nan,300315.56941500003,nan,nan,0.0,33,64,,True,False,"HTTPConnectionPool(host='gpu06', port=9004): Read timed out.",0,59.56268577710819
233,2026-09-21T07:59:22.692+00:00,2026-09-21T08:04:23.312+00:00,2026-09-21T08:04:23.312+00:00,False,1,0.0,,0.0,300620.891221,300620.891221,300620.891221,300620.891221,300620.891221,300620.891221,nan,300620.891221,nan,nan,0.0,33,64,,True,False,"HTTPConnectionPool(host='gpu06', port=9004): Read timed out.",0,59.56268577710819
231,2026-09-21T07:59:22.030+00:00,2026-09-21T08:04:23.323+00:00,2026-09-21T08:04:23.323+00:00,False,1,0.0,,0.0,301293.286309,301293.286309,301293.286309,301293.286309,301293.286309,301293.286309,nan,301293.286309,nan,nan,0.0,33,64,,True,False,"HTTPConnectionPool(host='gpu06', port=9004): Read timed out.",0,59.56268577710819
235,2026-09-21T07:59:23.424+00:00,2026-09-21T08:04:23.529+00:00,2026-09-21T08:04:23.529+00:00,False,1,0.0,,0.0,300105.22402200004,300105.22402200004,300105.22402200004,300105.22402200004,300105.22402200004,300105.22402200004,nan,300105.22402200004,nan,nan,0.0,33,64,,True,False,"HTTPConnectionPool(host='gpu06', port=9004): Read timed out.",0,59.56268577710819
236,2026-09-21T07:59:23.760+00:00,2026-09-21T08:04:23.783+00:00,2026-09-21T08:04:23.783+00:00,False,1,0.0,,0.0,300023.121147,300023.121147,300023.121147,300023.121147,300023.121147,300023.121147,nan,300023.121147,nan,nan,0.0,33,64,,True,False,"HTTPConnectionPool(host='gpu06', port=9004): Read timed out.",0,59.56268577710819
237,2026-09-21T07:59:24.146+00:00,2026-09-21T08:04:24.165+00:00,2026-09-21T08:04:24.165+00:00,False,1,0.0,,0.0,300019.753431,300019.753431,300019.753431,300019.753431,300019.753431,300019.753431,nan,300019.753431,nan,nan,0.0,33,64,,True,False,"HTTPConnectionPool(host='gpu06', port=9004): Read timed out.",0,59.56268577710819
238,2026-09-21T07:59:24.389+00:00,2026-09-21T08:04:24.492+00:00,2026-09-21T08:04:24.492+00:00,False,1,0.0,,0.0,300102.840647,300102.840647,300102.840647,300102.840647,300102.840647,300102.840647,nan,300102.840647,nan,nan,0.0,33,64,,True,False,"HTTPConnectionPool(host='gpu06', port=9004): Read timed out.",0,59.56268577710819
239,2026-09-21T07:59:24.744+00:00,2026-09-21T08:04:24.807+00:00,2026-09-21T08:04:24.807+00:00,False,1,0.0,,0.0,300062.834232,300062.834232,300062.834232,300062.834232,300062.834232,300062.834232,nan,300062.834232,nan,nan,0.0,33,64,,True,False,"HTTPConnectionPool(host='gpu06', port=9004): Read timed out.",0,59.56268577710819
240,2026-09-21T07:59:25.071+00:00,2026-09-21T08:04:25.135+00:00,2026-09-21T08:04:25.135+00:00,False,1,0.0,,0.0,300063.97352999996,300063.97352999996,300063.97352999996,300063.97352999996,300063.97352999996,300063.97352999996,nan,300063.97352999996,nan,nan,0.0,33,64,,True,False,TTFT timeout: 300.0s exceeded (TTFT: 300.062s),0,59.56268577710819
241,2026-09-21T07:59:25.369+00:00,2026-09-21T08:04:25.326+00:00,2026-09-21T08:04:25.530+00:00,False,3,2.0,,2.0,299957.047268,300160.801508,300160.80148200004,100053.60049400001,0.03476,299957.047268,173121.49316580463,269981.7144866001,101.87712,144.02712957879567,0.006663095214138729,33,64,,True,False,Request timeout: 300.0s exceeded,8,59.56268577710819
242,2026-09-21T07:59:25.820+00:00,2026-09-21T08:04:25.922+00:00,2026-09-21T08:04:25.922+00:00,False,1,0.0,,0.0,300102.30453100003,300102.30453100003,300102.30453100003,300102.30453100003,300102.30453100003,300102.30453100003,nan,300102.30453100003,nan,nan,0.0,33,64,,True,False,"HTTPConnectionPool(host='gpu06', port=9004): Read timed out.",0,59.56268577710819
243,2026-09-21T07:59:26.134+00:00,2026-09-21T08:04:26.240+00:00,2026-09-21T08:04:26.240+00:00,False,1,0.0,,0.0,300106.329119,300106.329119,300106.329119,300106.329119,300106.329119,300106.329119,nan,300106.329119,nan,nan,0.0,33,64,,True,False,"HTTPConnectionPool(host='gpu06', port=9004): Read timed out.",0,59.56268577710819
244,2026-09-21T07:59:26.487+00:00,2026-09-21T08:04:26.593+00:00,2026-09-21T08:04:26.593+00:00,False,1,0.0,,0.0,300105.45507599995,300105.45507599995,300105.45507599995,300105.45507599995,300105.45507599995,300105.45507599995,nan,300105.45507599995,nan,nan,0.0,33,64,,True,False,"HTTPConnectionPool(host='gpu06', port=9004): Read timed out.",0,59.56268577710819
245,2026-09-21T07:59:26.834+00:00,2026-09-21T08:04:26.909+00:00,2026-09-21T08:04:26.909+00:00,False,1,0.0,,0.0,300075.24974199996,300075.24974199996,300075.24974199996,300075.24974199996,300075.24974199996,300075.24974199996,nan,300075.24974199996,nan,nan,0.0,33,64,,True,False,"HTTPConnectionPool(host='gpu06', port=9004): Read timed out.",0,59.56268577710819
246,2026-09-21T07:59:27.280+00:00,2026-09-21T08:04:27.288+00:00,2026-09-21T08:04:27.288+00:00,False,1,0.0,,0.0,300008.903391,300008.903391,300008.903391,300008.903391,300008.903391,300008.903391,nan,300008.903391,nan,nan,0.0,33,64,,True,False,TTFT timeout: 300.0s exceeded (TTFT: 300.004s),0,59.56268577710819
247,2026-09-21T07:59:27.574+00:00,2026-09-21T08:04:27.659+00:00,2026-09-21T08:04:27.659+00:00,False,1,0.0,,0.0,300085.117553,300085.117553,300085.117553,300085.117553,300085.117553,300085.117553,nan,300085.117553,nan,nan,0.0,33,64,,True,False,TTFT timeout: 300.0s exceeded (TTFT: 300.068s),0,59.56268577710819
248,2026-09-21T07:59:27.901+00:00,2026-09-21T08:04:28.002+00:00,2026-09-21T08:04:28.002+00:00,False,1,0.0,,0.0,300101.03928100003,300101.03928100003,300101.03928100003,300101.03928100003,300101.03928100003,300101.03928100003,nan,300101.03928100003,nan,nan,0.0,33,64,,True,False,"HTTPConnectionPool(host='gpu06', port=9004): Read timed out.",0,59.56268577710819
249,2026-09-21T07:59:28.287+00:00,2026-09-21T08:04:28.394+00:00,2026-09-21T08:04:28.394+00:00,False,1,0.0,,0.0,300107.43139499996,300107.43139499996,300107.43139499996,300107.43139499996,300107.43139499996,300107.43139499996,nan,300107.43139499996,nan,nan,0.0,33,64,,True,False,"HTTPConnectionPool(host='gpu06', port=9004): Read timed out.",0,59.56268577710819
250,2026-09-21T07:59:28.531+00:00,2026-09-21T08:04:28.597+00:00,2026-09-21T08:04:28.597+00:00,False,1,0.0,,0.0,300066.88767900004,300066.88767900004,300066.88767900004,300066.88767900004,300066.88767900004,300066.88767900004,nan,300066.88767900004,nan,nan,0.0,33,64,,True,False,"HTTPConnectionPool(host='gpu06', port=9004): Read timed out.",0,59.56268577710819
251,2026-09-21T07:59:28.818+00:00,2026-09-21T08:04:28.921+00:00,2026-09-21T08:04:28.921+00:00,False,1,0.0,,0.0,300102.754209,300102.754209,300102.754209,300102.754209,300102.754209,300102.754209,nan,300102.754209,nan,nan,0.0,33,64,,True,False,"HTTPConnectionPool(host='gpu06', port=9004): Read timed out.",0,59.56268577710819
252,2026-09-21T07:59:29.268+00:00,2026-09-21T08:04:29.267+00:00,2026-09-21T08:04:29.454+00:00,False,3,2.0,,2.0,299998.23344700004,300185.82461500005,300185.82476100005,100061.94158700001,0.05391,299998.23344700004,173149.9332646723,270017.1638427001,93.795584,132.5709588623917,0.006662539787030508,33,64,,True,False,Request timeout: 300.0s exceeded,10,59.56268577710819
253,2026-09-21T07:59:29.538+00:00,2026-09-21T08:04:29.604+00:00,2026-09-21T08:04:29.604+00:00,False,1,0.0,,0.0,300066.15727100003,300066.15727100003,300066.15727100003,300066.15727100003,300066.15727100003,300066.15727100003,nan,300066.15727100003,nan,nan,0.0,33,64,,True,False,TTFT timeout: 300.0s exceeded (TTFT: 300.042s),0,59.56268577710819
254,2026-09-21T07:59:29.795+00:00,2026-09-21T08:04:29.751+00:00,2026-09-21T08:04:29.824+00:00,False,3,2.0,,2.0,299956.192361,300029.538153,300029.538312,100009.846104,0.04297,299956.192361,173158.61912680062,269967.903423,36.672896,51.802846436479456,0.006666010327890118,33,64,,True,False,Request timeout: 300.0s exceeded,10,59.56268577710819
255,2026-09-21T07:59:30.213+00:00,2026-09-21T08:04:30.319+00:00,2026-09-21T08:04:30.319+00:00,False,1,0.0,,0.0,300106.431707,300106.431707,300106.431707,300106.431707,300106.431707,300106.431707,nan,300106.431707,nan,nan,0.0,33,64,,True,False,"HTTPConnectionPool(host='gpu06', port=9004): Read timed out.",0,59.56268577710819
256,2026-09-21T07:59:30.662+00:00,2026-09-21T08:04:30.767+00:00,2026-09-21T08:04:30.767+00:00,False,1,0.0,,0.0,300104.995756,300104.995756,300104.995756,300104.995756,300104.995756,300104.995756,nan,300104.995756,nan,nan,0.0,33,64,,True,False,"HTTPConnectionPool(host='gpu06', port=9004): Read timed out.",0,59.56268577710819
257,2026-09-21T07:59:30.917+00:00,2026-09-21T08:04:31.022+00:00,2026-09-21T08:04:31.022+00:00,False,1,0.0,,0.0,300105.02122899995,300105.02122899995,300105.02122899995,300105.02122899995,300105.02122899995,300105.02122899995,nan,300105.02122899995,nan,nan,0.0,33,64,,True,False,"HTTPConnectionPool(host='gpu06', port=9004): Read timed out.",0,59.56268577710819
258,2026-09-21T07:59:31.296+00:00,2026-09-21T08:04:31.395+00:00,2026-09-21T08:04:31.395+00:00,False,1,0.0,,0.0,300099.42183300003,300099.42183300003,300099.42183300003,300099.42183300003,300099.42183300003,300099.42183300003,nan,300099.42183300003,nan,nan,0.0,33,64,,True,False,"HTTPConnectionPool(host='gpu06', port=9004): Read timed out.",0,59.56268577710819
259,2026-09-21T07:59:31.685+00:00,2026-09-21T08:04:31.691+00:00,2026-09-21T08:04:32.911+00:00,False,21,20.0,,20.0,300006.09663499997,301225.88492299995,301225.88500099996,14344.089761952378,0.03048,300006.09663499997,65453.39624822504,183.021964,60.9894144,32.710288346744285,0.06639535644525518,33,64,,True,False,Request timeout: 300.0s exceeded,128,59.56268577710819
260,2026-09-21T07:59:31.985+00:00,2026-09-21T08:04:31.878+00:00,2026-09-21T08:04:32.958+00:00,False,21,20.0,,20.0,299893.770403,300973.877923,300973.877706,14332.089414571428,0.02009,299893.770403,65430.40294154735,84.764962,54.005376,16.62348429087446,0.06645094962399602,33,64,,True,False,Request timeout: 300.0s exceeded,188,59.56268577710819
263,2026-09-21T07:59:32.913+00:00,2026-09-21T08:04:33.051+00:00,2026-09-21T08:04:33.051+00:00,False,1,0.0,,0.0,300137.45904600003,300137.45904600003,300137.45904600003,300137.45904600003,300137.45904600003,300137.45904600003,nan,300137.45904600003,nan,nan,0.0,33,64,,True,False,"HTTPConnectionPool(host='gpu06', port=9004): Read timed out.",0,59.56268577710819
264,2026-09-21T07:59:33.174+00:00,2026-09-21T08:04:33.194+00:00,2026-09-21T08:04:33.194+00:00,False,1,0.0,,0.0,300020.42632599996,300020.42632599996,300020.42632599996,300020.42632599996,300020.42632599996,300020.42632599996,nan,300020.42632599996,nan,nan,0.0,33,64,,True,False,"HTTPConnectionPool(host='gpu06', port=9004): Read timed out.",0,59.56268577710819
265,2026-09-21T07:59:33.474+00:00,2026-09-21T08:04:33.495+00:00,2026-09-21T08:04:33.495+00:00,False,1,0.0,,0.0,300020.928796,300020.928796,300020.928796,300020.928796,300020.928796,300020.928796,nan,300020.928796,nan,nan,0.0,33,64,,True,False,"HTTPConnectionPool(host='gpu06', port=9004): Read timed out.",0,59.56268577710819
261,2026-09-21T07:59:32.350+00:00,2026-09-21T08:04:33.501+00:00,2026-09-21T08:04:33.501+00:00,False,1,0.0,,0.0,301151.813855,301151.813855,301151.813855,301151.813855,301151.813855,301151.813855,nan,301151.813855,nan,nan,0.0,33,64,,True,False,"HTTPConnectionPool(host='gpu06', port=9004): Read timed out.",0,59.56268577710819
266,2026-09-21T07:59:34.786+00:00,2026-09-21T08:04:34.284+00:00,2026-09-21T08:04:35.217+00:00,False,18,17.0,,17.0,299497.552577,300430.415553,300430.415766,16690.578653666667,0.06324,299497.552577,70579.31873474167,45010.66517925,54.874292705882354,19.77448027108537,0.056585482427630465,33,64,,True,False,Request timeout: 300.0s exceeded,30,59.56268577710819
262,2026-09-21T07:59:32.666+00:00,2026-09-21T08:04:34.285+00:00,2026-09-21T08:04:35.159+00:00,False,17,16.0,,16.0,301619.315564,302492.78833199997,302492.788412,17793.693435999998,0.03537,301619.315564,73140.19133332882,60404.350514399994,54.592048,20.248534654075993,0.0528938229841012,33,64,,True,False,Request timeout: 300.0s exceeded,64,59.56268577710819
268,2026-09-21T07:59:35.012+00:00,2026-09-21T08:04:34.979+00:00,2026-09-21T08:04:35.508+00:00,False,11,10.0,,10.0,299967.015351,300495.28363900003,300495.283742,27317.753067454545,0.07384,299967.015351,90427.53241301453,150020.2492365,52.826828799999994,20.91499123302962,0.033278392522171824,33,64,,True,False,Request timeout: 300.0s exceeded,10,59.56268577710819
267,2026-09-21T07:59:34.939+00:00,2026-09-21T08:04:35.391+00:00,2026-09-21T08:04:35.452+00:00,False,3,2.0,,2.0,300452.14008700004,300512.538423,300512.538278,100170.84609266667,0.055479999999999995,300452.14008700004,173448.69112123907,270412.96034940006,30.199168,42.62951056616662,0.006655296349681122,33,64,,True,False,Request timeout: 300.0s exceeded,9,59.56268577710819
269,2026-09-21T07:59:35.311+00:00,2026-09-21T08:04:35.486+00:00,2026-09-21T08:04:35.486+00:00,False,1,0.0,,0.0,300175.248336,300175.248336,300175.248336,300175.248336,300175.248336,300175.248336,nan,300175.248336,nan,nan,0.0,33,64,,True,False,"HTTPConnectionPool(host='gpu06', port=9004): Read timed out.",0,59.56268577710819
270,2026-09-21T07:59:35.328+00:00,2026-09-21T08:04:35.833+00:00,2026-09-21T08:04:35.833+00:00,False,1,0.0,,0.0,300505.36051800003,300505.36051800003,300505.36051800003,300505.36051800003,300505.36051800003,300505.36051800003,nan,300505.36051800003,nan,nan,0.0,33,64,,True,False,"HTTPConnectionPool(host='gpu06', port=9004): Read timed out.",0,59.56268577710819
271,2026-09-21T07:59:35.698+00:00,2026-09-21T08:04:35.982+00:00,2026-09-21T08:04:35.982+00:00,False,1,0.0,,0.0,300284.076296,300284.076296,300284.076296,300284.076296,300284.076296,300284.076296,nan,300284.076296,nan,nan,0.0,33,64,,True,False,"HTTPConnectionPool(host='gpu06', port=9004): Read timed out.",0,59.56268577710819
272,2026-09-21T07:59:35.856+00:00,2026-09-21T08:04:36.133+00:00,2026-09-21T08:04:36.133+00:00,False,1,0.0,,0.0,300277.151913,300277.151913,300277.151913,300277.151913,300277.151913,300277.151913,nan,300277.151913,nan,nan,0.0,33,64,,True,False,"HTTPConnectionPool(host='gpu06', port=9004): Read timed out.",0,59.56268577710819
273,2026-09-21T07:59:36.169+00:00,2026-09-21T08:04:36.299+00:00,2026-09-21T08:04:36.299+00:00,False,1,0.0,,0.0,300129.988006,300129.988006,300129.988006,300129.988006,300129.988006,300129.988006,nan,300129.988006,nan,nan,0.0,33,64,,True,False,"HTTPConnectionPool(host='gpu06', port=9004): Read timed out.",0,59.56268577710819
274,2026-09-21T07:59:36.598+00:00,2026-09-21T08:04:36.695+00:00,2026-09-21T08:04:36.695+00:00,False,1,0.0,,0.0,300097.70873400004,300097.70873400004,300097.70873400004,300097.70873400004,300097.70873400004,300097.70873400004,nan,300097.70873400004,nan,nan,0.0,33,64,,True,False,"HTTPConnectionPool(host='gpu06', port=9004): Read timed out.",0,59.56268577710819
275,2026-09-21T07:59:36.916+00:00,2026-09-21T08:04:37.012+00:00,2026-09-21T08:04:37.012+00:00,False,1,0.0,,0.0,300096.093966,300096.093966,300096.093966,300096.093966,300096.093966,300096.093966,nan,300096.093966,nan,nan,0.0,33,64,,True,False,"HTTPConnectionPool(host='gpu06', port=9004): Read timed out.",0,59.56268577710819
276,2026-09-21T07:59:37.273+00:00,2026-09-21T08:04:37.376+00:00,2026-09-21T08:04:37.376+00:00,False,1,0.0,,0.0,300103.430803,300103.430803,300103.430803,300103.430803,300103.430803,300103.430803,nan,300103.430803,nan,nan,0.0,33,64,,True,False,"HTTPConnectionPool(host='gpu06', port=9004): Read timed out.",0,59.56268577710819
277,2026-09-21T07:59:37.708+00:00,2026-09-21T08:04:37.818+00:00,2026-09-21T08:04:37.818+00:00,False,1,0.0,,0.0,300110.275417,300110.275417,300110.275417,300110.275417,300110.275417,300110.275417,nan,300110.275417,nan,nan,0.0,33,64,,True,False,"HTTPConnectionPool(host='gpu06', port=9004): Read timed out.",0,59.56268577710819
278,2026-09-21T07:59:38.051+00:00,2026-09-21T08:04:38.081+00:00,2026-09-21T08:04:38.081+00:00,False,1,0.0,,0.0,300030.74868099997,300030.74868099997,300030.74868099997,300030.74868099997,300030.74868099997,300030.74868099997,nan,300030.74868099997,nan,nan,0.0,33,64,,True,False,TTFT timeout: 300.0s exceeded (TTFT: 300.025s),0,59.56268577710819
279,2026-09-21T07:59:38.361+00:00,2026-09-21T08:04:38.253+00:00,2026-09-21T08:04:38.397+00:00,False,5,4.0,,4.0,299891.539513,300036.155193,300036.155135,60007.231027,0.04539,299891.539513,134099.40679246015,239923.99232760002,36.15392,24.400190785114663,0.013331726629502293,33,64,,True,False,Request timeout: 300.0s exceeded,9,59.56268577710819
280,2026-09-21T07:59:38.634+00:00,2026-09-21T08:04:38.738+00:00,2026-09-21T08:04:38.738+00:00,False,1,0.0,,0.0,300104.14032999997,300104.14032999997,300104.14032999997,300104.14032999997,300104.14032999997,300104.14032999997,nan,300104.14032999997,nan,nan,0.0,33,64,,True,False,"HTTPConnectionPool(host='gpu06', port=9004): Read timed out.",0,59.56268577710819
281,2026-09-21T07:59:39.064+00:00,2026-09-21T08:04:39.104+00:00,2026-09-21T08:04:39.104+00:00,False,1,0.0,,0.0,300039.501819,300039.501819,300039.501819,300039.501819,300039.501819,300039.501819,nan,300039.501819,nan,nan,0.0,33,64,,True,False,"HTTPConnectionPool(host='gpu06', port=9004): Read timed out.",0,59.56268577710819
282,2026-09-21T07:59:39.335+00:00,2026-09-21T08:04:39.438+00:00,2026-09-21T08:04:39.438+00:00,False,1,0.0,,0.0,300103.639385,300103.639385,300103.639385,300103.639385,300103.639385,300103.639385,nan,300103.639385,nan,nan,0.0,33,64,,True,False,"HTTPConnectionPool(host='gpu06', port=9004): Read timed out.",0,59.56268577710819
283,2026-09-21T07:59:39.582+00:00,2026-09-21T08:04:39.677+00:00,2026-09-21T08:04:39.677+00:00,False,1,0.0,,0.0,300094.91185900004,300094.91185900004,300094.91185900004,300094.91185900004,300094.91185900004,300094.91185900004,nan,300094.91185900004,nan,nan,0.0,33,64,,True,False,"HTTPConnectionPool(host='gpu06', port=9004): Read timed out.",0,59.56268577710819
284,2026-09-21T07:59:40.009+00:00,2026-09-21T08:04:40.044+00:00,2026-09-21T08:04:40.044+00:00,False,1,0.0,,0.0,300035.854429,300035.854429,300035.854429,300035.854429,300035.854429,300035.854429,nan,300035.854429,nan,nan,0.0,33,64,,True,False,TTFT timeout: 300.0s exceeded (TTFT: 300.027s),0,59.56268577710819
285,2026-09-21T07:59:40.300+00:00,2026-09-21T08:04:40.392+00:00,2026-09-21T08:04:40.392+00:00,False,1,0.0,,0.0,300092.51608200005,300092.51608200005,300092.51608200005,300092.51608200005,300092.51608200005,300092.51608200005,nan,300092.51608200005,nan,nan,0.0,33,64,,True,False,"HTTPConnectionPool(host='gpu06', port=9004): Read timed out.",0,59.56268577710819
286,2026-09-21T07:59:40.750+00:00,2026-09-21T08:04:40.853+00:00,2026-09-21T08:04:40.853+00:00,False,1,0.0,,0.0,300103.78992400004,300103.78992400004,300103.78992400004,300103.78992400004,300103.78992400004,300103.78992400004,nan,300103.78992400004,nan,nan,0.0,33,64,,True,False,"HTTPConnectionPool(host='gpu06', port=9004): Read timed out.",0,59.56268577710819
287,2026-09-21T07:59:41.043+00:00,2026-09-21T08:04:41.146+00:00,2026-09-21T08:04:41.146+00:00,False,1,0.0,,0.0,300102.926401,300102.926401,300102.926401,300102.926401,300102.926401,300102.926401,nan,300102.926401,nan,nan,0.0,33,64,,True,False,"HTTPConnectionPool(host='gpu06', port=9004): Read timed out.",0,59.56268577710819
288,2026-09-21T07:59:41.366+00:00,2026-09-21T08:04:41.474+00:00,2026-09-21T08:04:41.474+00:00,False,1,0.0,,0.0,300108.214192,300108.214192,300108.214192,300108.214192,300108.214192,300108.214192,nan,300108.214192,nan,nan,0.0,33,64,,True,False,"HTTPConnectionPool(host='gpu06', port=9004): Read timed out.",0,59.56268577710819
289,2026-09-21T07:59:41.721+00:00,2026-09-21T08:04:41.827+00:00,2026-09-21T08:04:41.827+00:00,False,1,0.0,,0.0,300106.26039899996,300106.26039899996,300106.26039899996,300106.26039899996,300106.26039899996,300106.26039899996,nan,300106.26039899996,nan,nan,0.0,33,64,,True,False,"HTTPConnectionPool(host='gpu06', port=9004): Read timed out.",0,59.56268577710819
290,2026-09-21T07:59:42.140+00:00,2026-09-21T08:04:42.194+00:00,2026-09-21T08:04:42.194+00:00,False,1,0.0,,0.0,300054.639951,300054.639951,300054.639951,300054.639951,300054.639951,300054.639951,nan,300054.639951,nan,nan,0.0,33,64,,True,False,TTFT timeout: 300.0s exceeded (TTFT: 300.049s),0,59.56268577710819
291,2026-09-21T07:59:42.414+00:00,2026-09-21T08:04:42.454+00:00,2026-09-21T08:04:42.454+00:00,False,1,0.0,,0.0,300040.89139999996,300040.89139999996,300040.89139999996,300040.89139999996,300040.89139999996,300040.89139999996,nan,300040.89139999996,nan,nan,0.0,33,64,,True,False,TTFT timeout: 300.0s exceeded (TTFT: 300.037s),0,59.56268577710819
292,2026-09-21T07:59:42.838+00:00,2026-09-21T08:04:42.930+00:00,2026-09-21T08:04:42.930+00:00,False,1,0.0,,0.0,300092.125774,300092.125774,300092.125774,300092.125774,300092.125774,300092.125774,nan,300092.125774,nan,nan,0.0,33,64,,True,False,"HTTPConnectionPool(host='gpu06', port=9004): Read timed out.",0,59.56268577710819
293,2026-09-21T07:59:43.167+00:00,2026-09-21T08:04:43.248+00:00,2026-09-21T08:04:43.248+00:00,False,1,0.0,,0.0,300080.98165499995,300080.98165499995,300080.98165499995,300080.98165499995,300080.98165499995,300080.98165499995,nan,300080.98165499995,nan,nan,0.0,33,64,,True,False,"HTTPConnectionPool(host='gpu06', port=9004): Read timed out.",0,59.56268577710819
294,2026-09-21T07:59:43.605+00:00,2026-09-21T08:04:43.671+00:00,2026-09-21T08:04:43.671+00:00,False,1,0.0,,0.0,300066.633221,300066.633221,300066.633221,300066.633221,300066.633221,300066.633221,nan,300066.633221,nan,nan,0.0,33,64,,True,False,"HTTPConnectionPool(host='gpu06', port=9004): Read timed out.",0,59.56268577710819
295,2026-09-21T07:59:43.958+00:00,2026-09-21T08:04:44.038+00:00,2026-09-21T08:04:44.038+00:00,False,1,0.0,,0.0,300080.39131800004,300080.39131800004,300080.39131800004,300080.39131800004,300080.39131800004,300080.39131800004,nan,300080.39131800004,nan,nan,0.0,33,64,,True,False,"HTTPConnectionPool(host='gpu06', port=9004): Read timed out.",0,59.56268577710819
296,2026-09-21T07:59:44.217+00:00,2026-09-21T08:04:44.324+00:00,2026-09-21T08:04:44.324+00:00,False,1,0.0,,0.0,300106.14199699997,300106.14199699997,300106.14199699997,300106.14199699997,300106.14199699997,300106.14199699997,nan,300106.14199699997,nan,nan,0.0,33,64,,True,False,"HTTPConnectionPool(host='gpu06', port=9004): Read timed out.",0,59.56268577710819
297,2026-09-21T07:59:44.488+00:00,2026-09-21T08:04:44.603+00:00,2026-09-21T08:04:44.603+00:00,False,1,0.0,,0.0,300114.676666,300114.676666,300114.676666,300114.676666,300114.676666,300114.676666,nan,300114.676666,nan,nan,0.0,33,64,,True,False,"HTTPConnectionPool(host='gpu06', port=9004): Read timed out.",0,59.56268577710819
298,2026-09-21T07:59:44.930+00:00,2026-09-21T08:04:44.922+00:00,2026-09-21T08:04:44.952+00:00,False,3,2.0,,2.0,299991.611788,300021.77268399997,300021.772786,100007.25759533333,0.02891,299991.611788,173191.53174431997,269995.463818,15.080448,21.28606371832989,0.006666182864356694,33,64,,True,False,Request timeout: 300.0s exceeded,3,59.56268577710819
299,2026-09-21T07:59:45.380+00:00,2026-09-21T08:04:45.709+00:00,2026-09-21T08:04:46.796+00:00,True,16,16.0,,16.0,300329.39971100003,301416.13430300006,301416.13406400004,18838.508379000003,44.303267,300329.39971100003,75064.24506881041,75213.34305950001,72.44897279999999,34.45479262870833,0.05308275894719001,33,64,,True,True,,38,59.56268577710819
300,2026-09-21T07:59:45.654+00:00,2026-09-21T08:04:46.204+00:00,2026-09-21T08:04:47.072+00:00,False,17,16.0,,16.0,300550.335575,301417.800535,301417.80069199996,17730.458864235294,0.02597,300550.335575,72881.01590521474,60167.822543799986,54.21656,17.01159448968423,0.053082465506685016,33,64,,True,False,Request timeout: 300.0s exceeded,144,59.56268577710819
304,2026-09-21T07:59:47.106+00:00,2026-09-21T08:04:47.210+00:00,2026-09-21T08:04:47.210+00:00,False,1,0.0,,0.0,300103.440797,300103.440797,300103.440797,300103.440797,300103.440797,300103.440797,nan,300103.440797,nan,nan,0.0,33,64,,True,False,"HTTPConnectionPool(host='gpu06', port=9004): Read timed out.",0,59.56268577710819
301,2026-09-21T07:59:46.099+00:00,2026-09-21T08:04:47.232+00:00,2026-09-21T08:04:47.232+00:00,False,1,0.0,,0.0,301132.675364,301132.675364,301132.675364,301132.675364,301132.675364,301132.675364,nan,301132.675364,nan,nan,0.0,33,64,,True,False,"HTTPConnectionPool(host='gpu06', port=9004): Read timed out.",0,59.56268577710819
305,2026-09-21T07:59:47.458+00:00,2026-09-21T08:04:47.508+00:00,2026-09-21T08:04:47.508+00:00,False,1,0.0,,0.0,300049.284858,300049.284858,300049.284858,300049.284858,300049.284858,300049.284858,nan,300049.284858,nan,nan,0.0,33,64,,True,False,"HTTPConnectionPool(host='gpu06', port=9004): Read timed out.",0,59.56268577710819
302,2026-09-21T07:59:46.476+00:00,2026-09-21T08:04:47.550+00:00,2026-09-21T08:04:47.550+00:00,False,1,0.0,,0.0,301073.99165100005,301073.99165100005,301073.99165100005,301073.99165100005,301073.99165100005,301073.99165100005,nan,301073.99165100005,nan,nan,0.0,33,64,,True,False,"HTTPConnectionPool(host='gpu06', port=9004): Read timed out.",0,59.56268577710819
306,2026-09-21T07:59:47.735+00:00,2026-09-21T08:04:47.749+00:00,2026-09-21T08:04:47.749+00:00,False,1,0.0,,0.0,300013.669528,300013.669528,300013.669528,300013.669528,300013.669528,300013.669528,nan,300013.669528,nan,nan,0.0,33,64,,True,False,"HTTPConnectionPool(host='gpu06', port=9004): Read timed out.",0,59.56268577710819
303,2026-09-21T07:59:46.769+00:00,2026-09-21T08:04:47.801+00:00,2026-09-21T08:04:47.801+00:00,False,1,0.0,,0.0,301031.99802,301031.99802,301031.99802,301031.99802,301031.99802,301031.99802,nan,301031.99802,nan,nan,0.0,33,64,,True,False,"HTTPConnectionPool(host='gpu06', port=9004): Read timed out.",0,59.56268577710819
307,2026-09-21T07:59:48.170+00:00,2026-09-21T08:04:48.283+00:00,2026-09-21T08:04:48.283+00:00,False,1,0.0,,0.0,300112.797947,300112.797947,300112.797947,300112.797947,300112.797947,300112.797947,nan,300112.797947,nan,nan,0.0,33,64,,True,False,"HTTPConnectionPool(host='gpu06', port=9004): Read timed out.",0,59.56268577710819
308,2026-09-21T07:59:48.429+00:00,2026-09-21T08:04:48.551+00:00,2026-09-21T08:04:48.551+00:00,False,1,0.0,,0.0,300122.032468,300122.032468,300122.032468,300122.032468,300122.032468,300122.032468,nan,300122.032468,nan,nan,0.0,33,64,,True,False,"HTTPConnectionPool(host='gpu06', port=9004): Read timed out.",0,59.56268577710819
309,2026-09-21T07:59:48.878+00:00,2026-09-21T08:04:48.987+00:00,2026-09-21T08:04:48.987+00:00,False,1,0.0,,0.0,300109.313592,300109.313592,300109.313592,300109.313592,300109.313592,300109.313592,nan,300109.313592,nan,nan,0.0,33,64,,True,False,"HTTPConnectionPool(host='gpu06', port=9004): Read timed out.",0,59.56268577710819
310,2026-09-21T07:59:49.160+00:00,2026-09-21T08:04:49.135+00:00,2026-09-21T08:04:49.283+00:00,False,3,2.0,,2.0,299974.82617799996,300122.887618,300122.88769899996,100040.96256633331,0.03691,299974.82617799996,173147.82077492715,269992.14602129994,74.03072,104.64311468748183,0.006663936948872836,33,64,,True,False,Request timeout: 300.0s exceeded,5,59.56268577710819
311,2026-09-21T07:59:49.444+00:00,2026-09-21T08:04:49.515+00:00,2026-09-21T08:04:49.515+00:00,False,1,0.0,,0.0,300071.47743,300071.47743,300071.47743,300071.47743,300071.47743,300071.47743,nan,300071.47743,nan,nan,0.0,33,64,,True,False,TTFT timeout: 300.0s exceeded (TTFT: 300.056s),0,59.56268577710819
312,2026-09-21T07:59:49.768+00:00,2026-09-21T08:04:49.832+00:00,2026-09-21T08:04:49.832+00:00,False,1,0.0,,0.0,300063.754823,300063.754823,300063.754823,300063.754823,300063.754823,300063.754823,nan,300063.754823,nan,nan,0.0,33,64,,True,False,"HTTPConnectionPool(host='gpu06', port=9004): Read timed out.",0,59.56268577710819
313,2026-09-21T07:59:50.181+00:00,2026-09-21T08:04:50.286+00:00,2026-09-21T08:04:50.286+00:00,False,1,0.0,,0.0,300105.36937800003,300105.36937800003,300105.36937800003,300105.36937800003,300105.36937800003,300105.36937800003,nan,300105.36937800003,nan,nan,0.0,33,64,,True,False,"HTTPConnectionPool(host='gpu06', port=9004): Read timed out.",0,59.56268577710819
314,2026-09-21T07:59:50.428+00:00,2026-09-21T08:04:50.529+00:00,2026-09-21T08:04:50.529+00:00,False,1,0.0,,0.0,300100.929182,300100.929182,300100.929182,300100.929182,300100.929182,300100.929182,nan,300100.929182,nan,nan,0.0,33,64,,True,False,"HTTPConnectionPool(host='gpu06', port=9004): Read timed out.",0,59.56268577710819
315,2026-09-21T07:59:50.817+00:00,2026-09-21T08:04:50.904+00:00,2026-09-21T08:04:50.904+00:00,False,1,0.0,,0.0,300087.385124,300087.385124,300087.385124,300087.385124,300087.385124,300087.385124,nan,300087.385124,nan,nan,0.0,33,64,,True,False,TTFT timeout: 300.0s exceeded (TTFT: 300.079s),0,59.56268577710819
316,2026-09-21T07:59:51.175+00:00,2026-09-21T08:04:51.283+00:00,2026-09-21T08:04:51.283+00:00,False,1,0.0,,0.0,300107.65151,300107.65151,300107.65151,300107.65151,300107.65151,300107.65151,nan,300107.65151,nan,nan,0.0,33,64,,True,False,"HTTPConnectionPool(host='gpu06', port=9004): Read timed out.",0,59.56268577710819
317,2026-09-21T07:59:51.551+00:00,2026-09-21T08:04:51.566+00:00,2026-09-21T08:04:51.566+00:00,False,1,0.0,,0.0,300015.14854,300015.14854,300015.14854,300015.14854,300015.14854,300015.14854,nan,300015.14854,nan,nan,0.0,33,64,,True,False,TTFT timeout: 300.0s exceeded (TTFT: 300.006s),0,59.56268577710819
318,2026-09-21T07:59:51.957+00:00,2026-09-21T08:04:52.061+00:00,2026-09-21T08:04:52.061+00:00,False,1,0.0,,0.0,300103.821123,300103.821123,300103.821123,300103.821123,300103.821123,300103.821123,nan,300103.821123,nan,nan,0.0,33,64,,True,False,"HTTPConnectionPool(host='gpu06', port=9004): Read timed out.",0,59.56268577710819
319,2026-09-21T07:59:52.358+00:00,2026-09-21T08:04:52.468+00:00,2026-09-21T08:04:52.468+00:00,False,1,0.0,,0.0,300109.73017299996,300109.73017299996,300109.73017299996,300109.73017299996,300109.73017299996,300109.73017299996,nan,300109.73017299996,nan,nan,0.0,33,64,,True,False,"HTTPConnectionPool(host='gpu06', port=9004): Read timed out.",0,59.56268577710819
320,2026-09-21T07:59:54.127+00:00,2026-09-21T08:04:52.867+00:00,2026-09-21T08:04:54.258+00:00,False,21,20.0,,20.0,298739.68913300004,300130.343853,300130.343928,14291.921139428574,0.028059999999999998,298739.68913300004,65175.20180463127,333.65652,69.532736,64.58496604265615,0.06663771394536416,33,64,,True,False,Request timeout: 300.0s exceeded,59,59.56268577710819
321,2026-09-21T07:59:54.148+00:00,2026-09-21T08:04:53.198+00:00,2026-09-21T08:04:54.509+00:00,False,24,23.0,,23.0,299050.102731,300360.89031499997,300360.890201,12515.037091708333,0.04021,299050.102731,61031.71576458065,93.50405115000001,56.99076452173913,17.328948776495917,0.07657454995515235,33,64,,True,False,Request timeout: 300.0s exceeded,34,59.56268577710819
322,2026-09-21T07:59:54.333+00:00,2026-09-21T08:04:54.633+00:00,2026-09-21T08:04:54.687+00:00,False,3,2.0,,2.0,300299.905157,300353.169797,300353.169674,100117.72322466667,0.03152,300299.905157,173362.85697920312,270275.23794099997,26.63232,37.61925738480822,0.006658827677269869,33,64,,True,False,Request timeout: 300.0s exceeded,11,59.56268577710819
324,2026-09-21T07:59:54.348+00:00,2026-09-21T08:04:54.866+00:00,2026-09-21T08:04:54.866+00:00,False,1,0.0,,0.0,300517.46003200003,300517.46003200003,300517.46003200003,300517.46003200003,300517.46003200003,300517.46003200003,nan,300517.46003200003,nan,nan,0.0,33,64,,True,False,"HTTPConnectionPool(host='gpu06', port=9004): Read timed out.",0,59.56268577710819
323,2026-09-21T07:59:54.343+00:00,2026-09-21T08:04:55.038+00:00,2026-09-21T08:04:55.038+00:00,False,1,0.0,,0.0,300694.823431,300694.823431,300694.823431,300694.823431,300694.823431,300694.823431,nan,300694.823431,nan,nan,0.0,33,64,,True,False,"HTTPConnectionPool(host='gpu06', port=9004): Read timed out.",0,59.56268577710819
326,2026-09-21T07:59:54.988+00:00,2026-09-21T08:04:55.143+00:00,2026-09-21T08:04:55.143+00:00,False,1,0.0,,0.0,300154.486658,300154.486658,300154.486658,300154.486658,300154.486658,300154.486658,nan,300154.486658,nan,nan,0.0,33,64,,True,False,"HTTPConnectionPool(host='gpu06', port=9004): Read timed out.",0,59.56268577710819
327,2026-09-21T07:59:55.210+00:00,2026-09-21T08:04:55.438+00:00,2026-09-21T08:04:55.438+00:00,False,1,0.0,,0.0,300228.27201099996,300228.27201099996,300228.27201099996,300228.27201099996,300228.27201099996,300228.27201099996,nan,300228.27201099996,nan,nan,0.0,33,64,,True,False,"HTTPConnectionPool(host='gpu06', port=9004): Read timed out.",0,59.56268577710819
325,2026-09-21T07:59:54.720+00:00,2026-09-21T08:04:55.450+00:00,2026-09-21T08:04:55.450+00:00,False,1,0.0,,0.0,300730.431153,300730.431153,300730.431153,300730.431153,300730.431153,300730.431153,nan,300730.431153,nan,nan,0.0,33,64,,True,False,"HTTPConnectionPool(host='gpu06', port=9004): Read timed out.",0,59.56268577710819
328,2026-09-21T07:59:55.443+00:00,2026-09-21T08:04:55.659+00:00,2026-09-21T08:04:55.659+00:00,False,1,0.0,,0.0,300215.928146,300215.928146,300215.928146,300215.928146,300215.928146,300215.928146,nan,300215.928146,nan,nan,0.0,33,64,,True,False,"HTTPConnectionPool(host='gpu06', port=9004): Read timed out.",0,59.56268577710819
329,2026-09-21T07:59:55.769+00:00,2026-09-21T08:04:55.881+00:00,2026-09-21T08:04:55.881+00:00,False,1,0.0,,0.0,300111.681295,300111.681295,300111.681295,300111.681295,300111.681295,300111.681295,nan,300111.681295,nan,nan,0.0,33,64,,True,False,"HTTPConnectionPool(host='gpu06', port=9004): Read timed out.",0,59.56268577710819
330,2026-09-21T07:59:56.184+00:00,2026-09-21T08:04:56.289+00:00,2026-09-21T08:04:56.289+00:00,False,1,0.0,,0.0,300105.463593,300105.463593,300105.463593,300105.463593,300105.463593,300105.463593,nan,300105.463593,nan,nan,0.0,33,64,,True,False,"HTTPConnectionPool(host='gpu06', port=9004): Read timed out.",0,59.56268577710819
331,2026-09-21T07:59:56.518+00:00,2026-09-21T08:04:56.626+00:00,2026-09-21T08:04:56.626+00:00,False,1,0.0,,0.0,300107.89155299996,300107.89155299996,300107.89155299996,300107.89155299996,300107.89155299996,300107.89155299996,nan,300107.89155299996,nan,nan,0.0,33,64,,True,False,"HTTPConnectionPool(host='gpu06', port=9004): Read timed out.",0,59.56268577710819
332,2026-09-21T07:59:56.902+00:00,2026-09-21T08:04:56.918+00:00,2026-09-21T08:04:56.918+00:00,False,1,0.0,,0.0,300015.47253100004,300015.47253100004,300015.47253100004,300015.47253100004,300015.47253100004,300015.47253100004,nan,300015.47253100004,nan,nan,0.0,33,64,,True,False,TTFT timeout: 300.0s exceeded (TTFT: 300.009s),0,59.56268577710819
333,2026-09-21T07:59:57.260+00:00,2026-09-21T08:04:57.357+00:00,2026-09-21T08:04:57.357+00:00,False,1,0.0,,0.0,300096.834784,300096.834784,300096.834784,300096.834784,300096.834784,300096.834784,nan,300096.834784,nan,nan,0.0,33,64,,True,False,TTFT timeout: 300.0s exceeded (TTFT: 300.095s),0,59.56268577710819
334,2026-09-21T07:59:57.527+00:00,2026-09-21T08:04:57.584+00:00,2026-09-21T08:04:57.584+00:00,False,1,0.0,,0.0,300057.562966,300057.562966,300057.562966,300057.562966,300057.562966,300057.562966,nan,300057.562966,nan,nan,0.0,33,64,,True,False,TTFT timeout: 300.0s exceeded (TTFT: 300.054s),0,59.56268577710819
335,2026-09-21T07:59:57.938+00:00,2026-09-21T08:04:58.027+00:00,2026-09-21T08:04:58.027+00:00,False,1,0.0,,0.0,300089.133183,300089.133183,300089.133183,300089.133183,300089.133183,300089.133183,nan,300089.133183,nan,nan,0.0,33,64,,True,False,"HTTPConnectionPool(host='gpu06', port=9004): Read timed out.",0,59.56268577710819
336,2026-09-21T07:59:58.239+00:00,2026-09-21T08:04:58.339+00:00,2026-09-21T08:04:58.339+00:00,False,1,0.0,,0.0,300099.954878,300099.954878,300099.954878,300099.954878,300099.954878,300099.954878,nan,300099.954878,nan,nan,0.0,33,64,,True,False,"HTTPConnectionPool(host='gpu06', port=9004): Read timed out.",0,59.56268577710819
337,2026-09-21T07:59:58.523+00:00,2026-09-21T08:04:58.603+00:00,2026-09-21T08:04:58.603+00:00,False,1,0.0,,0.0,300080.619666,300080.619666,300080.619666,300080.619666,300080.619666,300080.619666,nan,300080.619666,nan,nan,0.0,33,64,,True,False,"HTTPConnectionPool(host='gpu06', port=9004): Read timed out.",0,59.56268577710819
338,2026-09-21T07:59:58.783+00:00,2026-09-21T08:04:58.890+00:00,2026-09-21T08:04:58.890+00:00,False,1,0.0,,0.0,300107.110636,300107.110636,300107.110636,300107.110636,300107.110636,300107.110636,nan,300107.110636,nan,nan,0.0,33,64,,True,False,"HTTPConnectionPool(host='gpu06', port=9004): Read timed out.",0,59.56268577710819
339,2026-09-21T07:59:59.109+00:00,2026-09-21T08:04:59.068+00:00,2026-09-21T08:04:59.215+00:00,False,3,2.0,,2.0,299959.447616,300105.716544,300105.716487,100035.23882900001,0.026260000000000002,299959.447616,173139.45907601857,269978.1271155,73.134464,103.39046088247422,0.006664318237692649,33,64,,True,False,Request timeout: 300.0s exceeded,9,59.56268577710819
340,2026-09-21T07:59:59.361+00:00,2026-09-21T08:04:59.374+00:00,2026-09-21T08:04:59.374+00:00,False,1,0.0,,0.0,300012.85383499996,300012.85383499996,300012.85383499996,300012.85383499996,300012.85383499996,300012.85383499996,nan,300012.85383499996,nan,nan,0.0,33,64,,True,False,TTFT timeout: 300.0s exceeded (TTFT: 300.007s),0,59.56268577710819
341,2026-09-21T07:59:59.768+00:00,2026-09-21T08:04:59.881+00:00,2026-09-21T08:04:59.881+00:00,False,1,0.0,,0.0,300112.751848,300112.751848,300112.751848,300112.751848,300112.751848,300112.751848,nan,300112.751848,nan,nan,0.0,33,64,,True,False,"HTTPConnectionPool(host='gpu06', port=9004): Read timed out.",0,59.56268577710819
342,2026-09-21T08:00:00.068+00:00,2026-09-21T08:05:00.174+00:00,2026-09-21T08:05:00.174+00:00,False,1,0.0,,0.0,300105.937084,300105.937084,300105.937084,300105.937084,300105.937084,300105.937084,nan,300105.937084,nan,nan,0.0,33,64,,True,False,"HTTPConnectionPool(host='gpu06', port=9004): Read timed out.",0,59.56268577710819
343,2026-09-21T08:00:00.445+00:00,2026-09-21T08:05:00.534+00:00,2026-09-21T08:05:00.534+00:00,False,1,0.0,,0.0,300089.556968,300089.556968,300089.556968,300089.556968,300089.556968,300089.556968,nan,300089.556968,nan,nan,0.0,33,64,,True,False,"HTTPConnectionPool(host='gpu06', port=9004): Read timed out.",0,59.56268577710819
344,2026-09-21T08:00:00.854+00:00,2026-09-21T08:05:00.972+00:00,2026-09-21T08:05:00.972+00:00,False,1,0.0,,0.0,300117.68132599996,300117.68132599996,300117.68132599996,300117.68132599996,300117.68132599996,300117.68132599996,nan,300117.68132599996,nan,nan,0.0,33,64,,True,False,"HTTPConnectionPool(host='gpu06', port=9004): Read timed out.",0,59.56268577710819
345,2026-09-21T08:00:01.134+00:00,2026-09-21T08:05:01.168+00:00,2026-09-21T08:05:02.968+00:00,False,29,28.0,,28.0,300034.4812,301834.148144,301834.14805899997,10408.074071,0.026420000000000003,300034.4812,55703.079646854756,173.3589448,64.27381942857143,34.90185736044927,0.09276617696232857,33,64,,True,False,Request timeout: 300.0s exceeded,191,59.56268577710819
346,2026-09-21T08:00:01.509+00:00,2026-09-21T08:05:01.486+00:00,2026-09-21T08:05:03.022+00:00,False,28,27.0,,27.0,299976.99558700004,301512.86681900005,301512.86680300004,10768.316671535717,0.02639,299976.99558700004,56679.57579055953,95.2219642,56.8841197037037,16.641830508245306,0.08954841723623111,33,64,,True,False,Request timeout: 300.0s exceeded,108,59.56268577710819
347,2026-09-21T08:00:01.950+00:00,2026-09-21T08:05:03.023+00:00,2026-09-21T08:05:03.122+00:00,False,4,3.0,,3.0,301072.567354,301171.48729,301171.487408,75292.871852,0.03513,301072.567354,150519.7988519165,255919.80143695002,32.973312,28.907595692426586,0.009961102317468985,33,64,,True,False,Request timeout: 300.0s exceeded,6,59.56268577710819
0,2026-09-21T07:58:02.280+00:00,2026-09-21T07:58:02.477+00:00,2026-09-21T07:58:07.480+00:00,True,86,86.0,,86.0,196.480263,5199.491335000001,5199.491111,60.45919896511628,0.01598,221.450965,32.976711854523536,95.71423175,58.85895378823529,29.62363319431257,16.54007949221825,34,64,,False,True,,516,59.56268577710819
1,2026-09-21T07:58:02.695+00:00,2026-09-21T07:58:03.489+00:00,2026-09-21T07:58:04.136+00:00,True,12,12.0,,12.0,794.1968029999999,1441.1881629999998,1441.188167,120.09901391666666,41.758023,794.1968029999999,212.52370194282932,404.12388515,58.81739636363637,10.544808785473839,8.326463058800464,34,64,,False,True,,36,59.56268577710819
3,2026-09-21T07:58:03.504+00:00,2026-09-21T07:58:03.677+00:00,2026-09-21T07:58:05.400+00:00,True,30,30.0,,30.0,173.329052,1896.499612,1896.4995079999999,63.21665026666667,38.654613,173.329052,22.243276949588452,71.6516295,59.419674482758616,8.029627787205682,15.818616471195986,34,64,,False,True,,176,59.56268577710819
4,2026-09-21T07:58:03.868+00:00,2026-09-21T07:58:07.022+00:00,2026-09-21T07:58:08.248+00:00,True,21,21.0,,21.0,3154.576556,4380.457899999999,4380.457904,208.59323352380952,43.583125,3154.576556,675.0863275222764,77.66444800000001,61.2940672,10.443767897976537,4.794019364961823,34,64,,False,True,,21,59.56268577710819
2,2026-09-21T07:58:03.181+00:00,2026-09-21T07:58:08.182+00:00,2026-09-21T07:58:09.302+00:00,True,19,19.0,,19.0,5001.309724000001,6121.662236,6121.66218,322.1927463157895,44.762084,5001.309724000001,1133.1365920996607,573.1310695,62.24180622222222,9.384246440330767,3.1037321674276055,34,64,,False,True,,101,59.56268577710819
5,2026-09-21T07:58:04.285+00:00,2026-09-21T07:58:11.348+00:00,2026-09-21T07:58:11.642+00:00,True,6,6.0,,6.0,7062.955917,7357.205389000001,7357.2053080000005,1226.2008846666668,42.661773999999994,7062.955917,2859.4421479398625,5317.411494750001,58.8498944,14.10508684958433,0.8155270490301653,34,64,,False,True,,6,59.56268577710819
6,2026-09-21T07:58:04.695+00:00,2026-09-21T07:58:13.393+00:00,2026-09-21T07:58:18.664+00:00,True,86,86.0,,86.0,8698.354632999999,13969.256648999999,13969.25672,162.4332176744186,39.516023999999994,8698.354632999999,931.3375590348213,80.00771825,62.01061195294118,10.33156759314705,6.1563762597315,34,64,,False,True,,388,59.56268577710819
7,2026-09-21T07:58:05.159+00:00,2026-09-21T07:58:16.386+00:00,2026-09-21T07:58:20.914+00:00,True,73,73.0,,73.0,11227.474262,15755.84623,15755.846172,215.83350920547946,41.925384,11227.474262,1306.762676485077,78.05572439999999,62.894055111111115,11.208309521383361,4.633200840777691,34,64,,False,True,,220,59.56268577710819
8,2026-09-21T07:58:05.612+00:00,2026-09-21T07:58:18.993+00:00,2026-09-21T07:58:24.435+00:00,True,85,85.0,,85.0,13381.428342000001,18822.856822,18822.856647,221.44537231764707,0.0,13381.428342000001,1445.820468597399,89.358371,64.77891047619048,64.60758092469803,4.515786355058106,34,64,,False,True,,464,59.56268577710819
9,2026-09-21T07:58:05.912+00:00,2026-09-21T07:58:20.543+00:00,2026-09-21T07:58:25.507+00:00,True,78,78.0,,78.0,14631.476233,19595.193608999998,19595.193538,251.22042997435898,0.0,14631.476233,1650.863181369825,82.69761414999999,64.46386202597402,70.19966997350501,3.9805679676558485,34,64,,False,True,,235,59.56268577710819
10,2026-09-21T07:58:06.289+00:00,2026-09-21T07:58:22.318+00:00,2026-09-21T07:58:28.497+00:00,True,99,99.0,,99.0,16029.121801000001,22207.774985,22207.774983,224.32095942424243,0.0,16029.121801000001,1606.2966780145591,79.668713,63.047481469387755,73.06958765602717,4.457898194072502,34,64,,False,True,,589,59.56268577710819
11,2026-09-21T07:58:06.646+00:00,2026-09-21T07:58:24.174+00:00,2026-09-21T07:58:26.284+00:00,True,35,35.0,,35.0,17527.72375,19638.138598,19638.138639,561.0896754,39.407634,17527.72375,2952.253446736661,78.4681217,62.071024941176475,10.836848285968738,1.7822463073747983,34,64,,False,True,,140,59.56268577710819
12,2026-09-21T07:58:06.933+00:00,2026-09-21T07:58:25.697+00:00,2026-09-21T07:58:27.991+00:00,True,39,39.0,,39.0,18764.465178,21058.368026,21058.368105999998,539.9581565641025,0.0,18764.465178,2995.7757202957087,113.4839427,60.365864421052635,66.6886901162419,1.8519953660154538,34,64,,False,True,,39,59.56268577710819
13,2026-09-21T07:58:07.237+00:00,2026-09-21T07:58:27.336+00:00,2026-09-21T07:58:29.945+00:00,True,43,43.0,,43.0,20099.318306,22707.683874000002,22707.683977,528.0856738837209,41.725364,20099.318306,3055.6667680999008,79.1483829,62.1039420952381,11.252256746309659,1.8936321396139584,34,64,,False,True,,129,59.56268577710819
14,2026-09-21T07:58:07.554+00:00,2026-09-21T07:58:29.352+00:00,2026-09-21T07:58:31.403+00:00,True,32,32.0,,32.0,21798.238193,23848.847089000003,23848.847136,745.276473,0.0,21798.238193,3842.482578257727,249.87405405,66.14867406451613,77.45852411968221,1.3417839395162887,34,64,,False,True,,96,59.56268577710819
15,2026-09-21T07:58:08.024+00:00,2026-09-21T07:58:31.654+00:00,2026-09-21T07:58:37.328+00:00,True,90,90.0,,90.0,23630.279294,29304.359294,29304.359233,325.60399147777775,0.0,23630.279294,2485.630574721498,78.42301199999999,63.75370786516854,86.84860351023033,3.0712154153265274,34,64,,False,True,,566,59.56268577710819
16,2026-09-21T07:58:08.354+00:00,2026-09-21T07:58:33.394+00:00,2026-09-21T07:58:36.828+00:00,True,58,58.0,,58.0,25040.011309999998,28473.892397999996,28473.892336999997,490.9291782241379,0.0,25040.011309999998,3280.8783714934248,86.10416864999999,60.24352785964912,76.4051169263487,2.036953683370452,34,64,,False,True,,203,59.56268577710819
17,2026-09-21T07:58:08.812+00:00,2026-09-21T07:58:35.495+00:00,2026-09-21T07:58:41.375+00:00,True,94,94.0,,94.0,26682.253501,32562.428093,32562.428151,346.4088101170213,0.0,26682.253501,2746.2632980291023,77.2888515,63.22768378494623,63.24088415466625,2.8867626127735644,34,64,,False,True,,282,59.56268577710819
18,2026-09-21T07:58:09.184+00:00,2026-09-21T07:58:37.327+00:00,2026-09-21T07:58:37.899+00:00,True,10,10.0,,10.0,28142.502062,28715.437998,28715.438041,2871.5438040999998,45.261244,28142.502062,8879.317001311098,15513.78767765,63.65954844444445,12.128016319444898,0.34824473165606906,34,64,,False,True,,41,59.56268577710819
19,2026-09-21T07:58:09.477+00:00,2026-09-21T07:58:38.708+00:00,2026-09-21T07:58:44.735+00:00,True,95,95.0,,95.0,29231.135285,35257.303861,35257.303841,371.1295141157895,0.0,29231.135285,2993.8997636495847,81.1930083,64.10817634042553,92.8864487601834,2.694477160662436,34,64,,False,True,,198,59.56268577710819
20,2026-09-21T07:58:09.777+00:00,2026-09-21T07:58:40.608+00:00,2026-09-21T07:58:46.527+00:00,True,94,94.0,,94.0,30831.352651,36749.927755,36749.927626000004,390.95667687234044,0.0,30831.352651,3175.139368223262,79.38384450000001,63.64059251612903,104.20988142194204,2.5578281575590545,34,64,,False,True,,893,59.56268577710819
21,2026-09-21T07:58:10.194+00:00,2026-09-21T07:58:42.832+00:00,2026-09-21T07:58:43.484+00:00,True,2,2.0,,2.0,32637.830378,33289.869033999996,33289.869006,16644.934503,652.038628,32637.830378,22617.370248045725,31038.5407905,652.038656,nan,0.06007833788583958,34,64,,False,True,,10,59.56268577710819
22,2026-09-21T07:58:10.647+00:00,2026-09-21T07:58:44.967+00:00,2026-09-21T07:58:51.275+00:00,True,100,100.0,,100.0,34320.653903,40627.956303,40627.956268,406.27956267999997,0.0,34320.653903,3426.4182373554845,78.68259600000002,63.71012525252525,70.78544209097622,2.4613593471009994,34,64,,False,True,,900,59.56268577710819
23,2026-09-21T07:58:10.933+00:00,2026-09-21T07:58:46.654+00:00,2026-09-21T07:58:49.516+00:00,True,45,45.0,,45.0,35720.642349,38583.175981,38583.176196,857.4039154666667,38.715634,35720.642349,5315.230544677719,80.488855,65.05758254545455,10.320071600947399,1.1663114519696334,34,64,,False,True,,218,59.56268577710819
24,2026-09-21T07:58:11.332+00:00,2026-09-21T07:58:48.426+00:00,2026-09-21T07:58:49.719+00:00,True,21,21.0,,21.0,37094.715711000004,38387.885887000004,38387.885785000006,1827.9945611904764,46.980355,37094.715711000004,8080.626753033291,79.898509,64.65850879999999,9.928017434347948,0.5470475780254316,34,64,,False,True,,73,59.56268577710819
25,2026-09-21T07:58:11.655+00:00,2026-09-21T07:58:49.849+00:00,2026-09-21T07:58:52.045+00:00,True,36,36.0,,36.0,38193.976325999996,40390.171654,40390.171844,1121.9492178888888,43.332955,38193.976325999996,6355.211102477224,77.72233549999999,62.748437942857144,9.190402133061431,0.8913059421582027,34,64,,False,True,,72,59.56268577710819
26,2026-09-21T07:58:12.120+00:00,2026-09-21T07:58:52.504+00:00,2026-09-21T07:58:56.328+00:00,True,62,62.0,,62.0,40383.987553000006,44208.149089000006,44208.14910000001,713.0346629032259,0.0,40383.987553000006,5122.680991725588,88.82855695,62.691172721311474,139.59726131591896,1.4024563633094291,34,64,,False,True,,123,59.56268577710819
27,2026-09-21T07:58:12.574+00:00,2026-09-21T07:58:54.829+00:00,2026-09-21T07:58:58.551+00:00,True,60,60.0,,60.0,42254.981156999995,45976.716068999995,45976.715872999994,766.2785978833332,35.992184,42254.981156999995,5446.963514139332,80.986943,63.080252745762714,11.783074156978348,1.3050083853304015,34,64,,False,True,,300,59.56268577710819
28,2026-09-21T07:58:13.140+00:00,2026-09-21T07:58:57.358+00:00,2026-09-21T07:58:58.420+00:00,True,18,18.0,,18.0,44217.915541,45280.107157000006,45280.107082,2515.5615045555555,45.555875,44217.915541,10407.540179510632,6698.154881950001,62.48185976470588,10.142189474880112,0.39752556100603925,34,64,,False,True,,57,59.56268577710819
29,2026-09-21T07:58:13.328+00:00,2026-09-21T07:58:58.871+00:00,2026-09-21T07:59:01.637+00:00,True,44,44.0,,44.0,45542.541909,48308.452949,48308.453096,1097.9193885454545,0.0,45542.541909,6857.384806085384,80.99824885000001,64.32351255813953,134.34009286250662,0.9108136840244397,34,64,,False,True,,88,59.56268577710819
30,2026-09-21T07:58:13.811+00:00,2026-09-21T07:59:01.527+00:00,2026-09-21T07:59:03.834+00:00,True,39,39.0,,39.0,47715.784015,50022.936399,50022.936444,1282.639396,36.892084000000004,47715.784015,7630.930100014897,88.1648571,60.714536421052635,13.60288164890871,0.7796423562368011,34,64,,False,True,,156,59.56268577710819
31,2026-09-21T07:58:14.275+00:00,2026-09-21T07:59:03.970+00:00,2026-09-21T07:59:05.562+00:00,True,16,16.0,,16.0,49694.73291,51286.510446,51286.510565,3205.4069103125,0.01991,49694.73291,12398.769388036166,13061.712463500002,106.11850240000001,207.18770112940695,0.31197287280534586,34,64,,False,True,,46,59.56268577710819
32,2026-09-21T07:58:14.698+00:00,2026-09-21T07:59:06.192+00:00,2026-09-21T07:59:10.719+00:00,True,71,71.0,,71.0,51494.293817000005,56021.02789700001,56021.027907,789.0285620704226,0.0,51494.293817000005,6104.799630899614,89.975835,64.66762971428571,123.22122731907206,1.2673812435312728,34,64,,False,True,,216,59.56268577710819
33,2026-09-21T07:58:14.976+00:00,2026-09-21T07:59:07.614+00:00,2026-09-21T07:59:08.743+00:00,True,19,19.0,,19.0,52638.017354999996,53766.23751499999,53766.237392999996,2829.8019680526313,45.738085,52638.017354999996,12061.61421373346,5345.004190499999,62.67889777777778,10.548706048672386,0.35338161787309885,34,64,,False,True,,56,59.56268577710819
34,2026-09-21T07:58:15.444+00:00,2026-09-21T07:59:10.351+00:00,2026-09-21T07:59:15.021+00:00,True,78,78.0,,78.0,54907.255961,59576.909465000004,59576.909284,763.8065292820513,0.0,54907.255961,6210.187073080534,83.60715465000001,60.6448507012987,19.83248851172786,1.3092320615560482,34,64,,False,True,,78,59.56268577710819
35,2026-09-21T07:58:15.857+00:00,2026-09-21T07:59:12.540+00:00,2026-09-21T07:59:14.106+00:00,True,24,24.0,,24.0,56683.585243,58248.766683,58248.766861000004,2427.0319525416667,51.640245,56683.585243,11556.600132681326,80.39950350000001,68.05136695652173,8.039745814235872,0.41202589113366483,34,64,,False,True,,216,59.56268577710819
36,2026-09-21T07:58:16.265+00:00,2026-09-21T07:59:14.652+00:00,2026-09-21T07:59:18.216+00:00,True,58,58.0,,58.0,58386.916537,61950.910137,61950.91005,1068.1191387931035,41.226064,58386.916537,7658.3755344321235,80.252198,62.52620350877193,11.091428036708503,0.9362251478103736,34,64,,False,True,,58,59.56268577710819
37,2026-09-21T07:58:16.571+00:00,2026-09-21T07:59:16.168+00:00,2026-09-21T07:59:17.499+00:00,True,23,23.0,,23.0,59596.629737999996,60927.683818,60927.683775,2649.029729347826,42.617604,59596.629737999996,12414.144788728332,80.12679999999999,60.50245818181818,10.318459555746633,0.37749670689442916,34,64,,False,True,,46,59.56268577710819
38,2026-09-21T07:58:16.845+00:00,2026-09-21T07:59:17.769+00:00,2026-09-21T07:59:21.303+00:00,True,42,42.0,,42.0,60923.950991,64458.505614999995,64458.505701999995,1534.7263262380952,0.0,60923.950991,9391.021041931426,1104.9617586,86.20864936585365,261.5327882643945,0.6515819688848988,34,64,,False,True,,133,59.56268577710819
39,2026-09-21T07:58:17.315+00:00,2026-09-21T07:59:21.306+00:00,2026-09-21T07:59:21.735+00:00,True,26,26.0,,26.0,63990.666483,64419.922419,64419.922271,2477.6893181153846,0.0,63990.666483,12546.263990891925,75.66532925,17.17023744,27.605229911112684,0.4036018520930656,34,64,,False,True,,56,59.56268577710819
40,2026-09-21T07:58:17.784+00:00,2026-09-21T07:59:22.647+00:00,2026-09-21T07:59:24.965+00:00,True,37,37.0,,37.0,64862.580902,67181.234342,67181.23420600001,1815.7090325945946,36.049493000000005,64862.580902,10652.761288755928,85.0910012,64.40704,12.496433318213,0.5507490352386774,34,64,,False,True,,74,59.56268577710819
41,2026-09-21T07:58:18.236+00:00,2026-09-21T07:59:25.283+00:00,2026-09-21T07:59:30.882+00:00,True,88,88.0,,88.0,67047.379977,72646.56487300001,72646.564899,825.5291465795455,43.810053999999994,67047.379977,7140.421111192399,79.7771125,64.35844708045977,10.073694380770998,1.2113442687047997,34,64,,False,True,,88,59.56268577710819
42,2026-09-21T07:58:18.563+00:00,2026-09-21T07:59:27.082+00:00,2026-09-21T07:59:29.846+00:00,True,44,44.0,,44.0,68518.35626100001,71282.992165,71282.992064,1620.0680014545455,44.449694,68518.35626100001,10319.84229923748,78.47581885000001,64.29385823255814,9.30838765020322,0.6172580395917222,34,64,,False,True,,56,59.56268577710819
43,2026-09-21T07:58:18.963+00:00,2026-09-21T07:59:29.081+00:00,2026-09-21T07:59:32.999+00:00,True,63,63.0,,63.0,70117.65341599999,74035.94845599998,74035.94861999998,1175.1737876190475,0.0,70117.65341599999,8827.589136525543,80.1666,63.198307096774194,167.16606901180774,0.8509379742388427,34,64,,False,True,,679,59.56268577710819
44,2026-09-21T07:58:19.337+00:00,2026-09-21T07:59:31.070+00:00,2026-09-21T07:59:32.814+00:00,True,13,13.0,,13.0,71732.66701199999,73476.22848399999,73476.228465,5652.017574230768,0.0,71732.66701199999,19858.023567171353,29494.060526999994,145.29678933333335,375.7760526012346,0.1769279706950507,34,64,,False,True,,52,59.56268577710819
45,2026-09-21T07:58:19.794+00:00,2026-09-21T07:59:33.139+00:00,2026-09-21T07:59:34.996+00:00,True,10,10.0,,10.0,73345.593107,75202.49422699999,75202.49425999999,7520.249425999999,0.03954,73345.593107,23132.66322190893,40979.3925386,206.32234666666665,455.9791108294127,0.1329743129239149,34,64,,False,True,,20,59.56268577710819
46,2026-09-21T07:58:20.153+00:00,2026-09-21T07:59:35.477+00:00,2026-09-21T07:59:38.183+00:00,True,43,43.0,,43.0,75324.483804,78030.668764,78030.668733,1814.6667147209303,0.032909999999999995,75324.483804,11477.099573140516,163.33990050000003,64.43297523809524,34.08850626026539,0.5510653782816014,34,64,,False,True,,91,59.56268577710819
47,2026-09-21T07:58:20.568+00:00,2026-09-21T07:59:37.443+00:00,2026-09-21T07:59:41.432+00:00,True,65,65.0,,65.0,76874.78070399999,80863.43862399999,80863.43859499999,1244.0529014615383,42.727163999999995,76874.78070399999,9527.41860137775,78.664901,62.32278,10.568015077091296,0.8038243377484596,34,64,,False,True,,390,59.56268577710819
48,2026-09-21T07:58:21.007+00:00,2026-09-21T07:59:39.913+00:00,2026-09-21T07:59:41.378+00:00,True,24,24.0,,24.0,78905.365427,80370.671283,80370.671325,3348.777971875,43.108654,78905.365427,16093.488773407407,80.7962875,63.708950260869564,10.10885068864294,0.2986163934788047,34,64,,False,True,,140,59.56268577710819
49,2026-09-21T07:58:21.489+00:00,2026-09-21T07:59:42.311+00:00,2026-09-21T07:59:42.868+00:00,True,9,9.0,,9.0,80821.937387,81379.121899,81379.121846,9042.124649555555,53.789913999999996,80821.937387,26917.431462253007,48525.6021154,69.648064,10.184013238360153,0.11059347643453243,34,64,,False,True,,36,59.56268577710819
50,2026-09-21T07:58:21.786+00:00,2026-09-21T07:59:43.692+00:00,2026-09-21T07:59:44.125+00:00,True,8,8.0,,8.0,81906.567948,82339.340556,82339.340656,10292.417582,47.409844,81906.567948,28936.488489722076,53266.30412764999,61.824658285714285,11.627582295662524,0.09715890297371403,34,64,,False,True,,72,59.56268577710819
51,2026-09-21T07:58:22.172+00:00,2026-09-21T07:59:46.963+00:00,2026-09-21T07:59:47.428+00:00,True,26,26.0,,26.0,84791.367456,85255.87331200001,85255.873357,3279.072052192308,0.0,84791.367456,16625.33543083585,77.03516175,18.58023424,28.85351726199425,0.30496432667871604,34,64,,False,True,,81,59.56268577710819
52,2026-09-21T07:58:22.556+00:00,2026-09-21T07:59:47.767+00:00,2026-09-21T07:59:50.654+00:00,True,47,47.0,,47.0,85211.492296,88098.616008,88098.61589,1874.4386359574466,38.894743000000005,85211.492296,12420.222503372052,77.515401,62.76355895652174,9.963825675150959,0.5334930573226265,34,64,,False,True,,94,59.56268577710819
53,2026-09-21T07:58:23.345+00:00,2026-09-21T07:59:51.492+00:00,2026-09-21T07:59:52.456+00:00,True,16,16.0,,16.0,88147.261432,89111.083256,89111.083357,5569.4427098125,51.586214999999996,88147.261432,22020.75309858611,22095.28144075,64.25478826666667,8.241287799203016,0.17955117832015235,34,64,,False,True,,83,59.56268577710819
54,2026-09-21T07:58:23.387+00:00,2026-09-21T07:59:51.796+00:00,2026-09-21T07:59:57.358+00:00,True,87,87.0,,87.0,88409.59599500001,93971.39157900002,93971.39158400001,1080.1309377471266,0.01568,88409.59599500001,9473.382298392087,161.9194993,64.67204167441861,186.37902691712182,0.9258136815698925,34,64,,False,True,,435,59.56268577710819
55,2026-09-21T07:58:23.606+00:00,2026-09-21T07:59:54.305+00:00,2026-09-21T07:59:57.358+00:00,True,70,70.0,,70.0,90699.302752,93752.8088,93752.808641,1339.3258377285715,0.01583,90699.302752,10835.445990249189,131.62097824999998,44.253710840579714,45.74658910213019,0.7466442968053241,34,64,,False,True,,417,59.56268577710819
56,2026-09-21T07:58:23.875+00:00,2026-09-21T07:59:54.537+00:00,2026-09-21T07:59:57.089+00:00,True,46,46.0,,46.0,90661.834495,93214.578175,93214.578189,2026.403873673913,0.02198,90661.834495,13359.047730552693,125.77728799999998,56.727637333333334,38.24837847887917,0.4934850417242689,34,64,,False,True,,49,59.56268577710819
57,2026-09-21T07:58:24.169+00:00,2026-09-21T07:59:56.150+00:00,2026-09-21T07:59:57.732+00:00,True,25,25.0,,25.0,91980.90341599999,93562.36389599998,93562.36376499999,3742.4945505999995,41.244964,91980.90341599999,18383.00526660387,80.388513,65.89418666666667,11.453883798871713,0.2672014574983265,34,64,,False,True,,225,59.56268577710819
58,2026-09-21T07:58:24.582+00:00,2026-09-21T07:59:58.009+00:00,2026-09-21T08:00:02.908+00:00,True,56,56.0,,56.0,93427.391167,98326.186687,98326.186748,1755.8247633571427,0.0,93427.391167,12475.377646766074,80.70505225,89.06900945454545,253.03386272618334,0.5695329178000548,34,64,,False,True,,336,59.56268577710819
59,2026-09-21T07:58:25.072+00:00,2026-09-21T08:00:00.744+00:00,2026-09-21T08:00:02.904+00:00,True,6,6.0,,6.0,95672.57616699999,97832.35933499999,97832.359237,16305.393206166666,45.944994,95672.57616699999,38888.87216307062,72232.66628225,431.95663360000003,827.9814934287491,0.061329401036467404,34,64,,False,True,,24,59.56268577710819
60,2026-09-21T07:58:25.377+00:00,2026-09-21T08:00:02.908+00:00,2026-09-21T08:00:04.430+00:00,True,36,36.0,,36.0,97531.609635,99053.364003,99053.363889,2751.48233025,0.0,97531.609635,16248.049115781794,76.2642285,43.47869622857143,30.21540789987709,0.36344045820503057,34,64,,False,True,,144,59.56268577710819
61,2026-09-21T07:58:25.853+00:00,2026-09-21T08:00:04.565+00:00,2026-09-21T08:00:08.967+00:00,True,71,71.0,,71.0,98711.611222,103113.58626200001,103113.58641100001,1452.3040339577465,43.893744,98711.611222,11707.45355743197,78.81983699999999,62.88535771428572,9.389811614852718,0.6885610575079505,34,64,,False,True,,577,59.56268577710819
62,2026-09-21T07:58:26.172+00:00,2026-09-21T08:00:05.910+00:00,2026-09-21T08:00:09.848+00:00,True,66,66.0,,66.0,99738.048977,103675.637713,103675.637653,1570.8429947424243,43.141323,99738.048977,12269.45156695503,75.744236,60.578288246153846,8.765169210405693,0.6366008587543435,34,64,,False,True,,329,59.56268577710819
63,2026-09-21T07:58:26.478+00:00,2026-09-21T08:00:07.676+00:00,2026-09-21T08:00:11.972+00:00,True,69,69.0,,69.0,101198.005471,105494.193119,105494.193219,1528.901351,42.117844,101198.005471,12175.20635890921,78.22581899999999,63.17923011764706,9.974089638185422,0.6540644367237003,34,64,,True,True,,452,59.56268577710819
64,2026-09-21T07:58:26.819+00:00,2026-09-21T08:00:09.458+00:00,2026-09-21T08:00:15.271+00:00,True,93,93.0,,93.0,102639.204682,108452.35437799999,108452.35438199999,1166.1543481935482,45.145554,102639.204682,10636.641797991158,77.847433,63.18640973913044,9.503474657010809,0.8575194197800231,34,64,,True,True,,367,59.56268577710819
65,2026-09-21T07:58:27.213+00:00,2026-09-21T08:00:11.486+00:00,2026-09-21T08:00:15.524+00:00,True,65,65.0,,65.0,104273.022458,108310.62988200001,108310.629784,1666.3173812923078,44.319854,104273.022458,12925.654777236528,76.5555724,63.087616,9.12032720094037,0.6001257685493551,34,64,,True,True,,585,59.56268577710819
66,2026-09-21T07:58:27.528+00:00,2026-09-21T08:00:13.335+00:00,2026-09-21T08:00:16.347+00:00,True,49,49.0,,49.0,105807.01448,108818.8468,108818.84669399999,2220.7927896734695,47.101714,105807.01448,15106.326722612685,77.320613,62.74650666666666,9.171448473190239,0.4502896459659964,34,64,,True,True,,245,59.56268577710819
67,2026-09-21T07:58:27.929+00:00,2026-09-21T08:00:15.598+00:00,2026-09-21T08:00:20.742+00:00,True,81,81.0,,81.0,107668.61108599999,112812.89882999999,112812.89872699999,1392.7518361358023,46.219913,107668.61108599999,11956.03776608397,77.785774,64.3035968,9.337269371906698,0.7180030017849334,34,64,,True,True,,87,59.56268577710819
68,2026-09-21T07:58:28.393+00:00,2026-09-21T08:00:17.645+00:00,2026-09-21T08:00:22.792+00:00,True,83,83.0,,83.0,109252.486259,114399.321203,114399.321282,1378.305075686747,44.832313,109252.486259,11985.13234351659,76.290524,62.766279804878046,9.257363380440871,0.7255287804786679,34,64,,True,True,,216,59.56268577710819
69,2026-09-21T07:58:28.667+00:00,2026-09-21T08:00:19.047+00:00,2026-09-21T08:00:24.988+00:00,True,96,96.0,,96.0,110379.55236399999,116320.84900399999,116320.84898499999,1211.6755102604166,45.447404,110379.55236399999,11259.186651407823,76.32814100000002,62.53996463157895,9.202438774772277,0.825303467280391,34,64,,True,True,,192,59.56268577710819
70,2026-09-21T07:58:29.021+00:00,2026-09-21T08:00:20.870+00:00,2026-09-21T08:00:26.192+00:00,True,87,87.0,,87.0,111849.435834,117171.81305,117171.812999,1346.802448264368,43.254373,111849.435834,11984.886491447935,77.841065,61.8881071627907,9.04804008705301,0.74249939243387,34,64,,True,True,,783,59.56268577710819
71,2026-09-21T07:58:29.305+00:00,2026-09-21T08:00:22.150+00:00,2026-09-21T08:00:23.413+00:00,True,22,22.0,,22.0,112844.864869,114107.957861,114107.957923,5186.725360136364,47.837313,112844.864869,24045.78384088982,76.02889145,60.147285333333336,7.972464201775041,0.1927998748939069,34,64,,True,True,,43,59.56268577710819
72,2026-09-21T07:58:29.790+00:00,2026-09-21T08:00:24.872+00:00,2026-09-21T08:00:25.052+00:00,True,4,4.0,,4.0,115081.704571,115261.485179,115261.48531399999,28815.371328499998,57.869114,115081.704571,57510.88884711856,97828.6305466,59.926869333333336,1.800320947979369,0.03470369997218098,34,64,,True,True,,12,59.56268577710819
73,2026-09-21T07:58:30.114+00:00,2026-09-21T08:00:26.576+00:00,2026-09-21T08:00:31.292+00:00,True,76,76.0,,76.0,116461.39565399999,121178.22099799999,121178.22100399999,1594.4502763684209,43.142094,116461.39565399999,13351.82719912055,76.7308535,62.89100458666667,9.035250441650646,0.6271754063896875,34,64,,True,True,,228,59.56268577710819
74,2026-09-21T07:58:30.384+00:00,2026-09-21T08:00:27.859+00:00,2026-09-21T08:00:31.226+00:00,True,55,55.0,,55.0,117475.661951,120842.776703,120842.776822,2197.1413967636363,41.296712,117475.661951,15832.010172267694,76.2242557,62.35397688888889,9.763958030996308,0.4551368439271769,34,64,,True,True,,165,59.56268577710819
75,2026-09-21T07:58:30.863+00:00,2026-09-21T08:00:30.595+00:00,2026-09-21T08:00:33.050+00:00,True,39,39.0,,39.0,119731.46402500001,122186.767449,122186.76752600001,3132.9940391282053,45.983323,119731.46402500001,19162.033618037298,76.553539,64.613248,8.256041226302264,0.3191834992793173,34,64,,True,True,,111,59.56268577710819
76,2026-09-21T07:58:31.143+00:00,2026-09-21T08:00:31.883+00:00,2026-09-21T08:00:35.517+00:00,True,58,58.0,,58.0,120740.46734100001,124374.55834900001,124374.55856100001,2144.388940706897,41.940273,120740.46734100001,15845.631486414975,77.320539,63.75598259649122,9.819546491241013,0.466333314223715,34,64,,True,True,,116,59.56268577710819
77,2026-09-21T07:58:31.450+00:00,2026-09-21T08:00:33.313+00:00,2026-09-21T08:00:38.069+00:00,True,78,78.0,,78.0,121862.298706,126618.857042,126618.856939,1623.3186787051281,44.687103,121862.298706,13791.197079986214,76.22845000000001,61.773484883116886,9.65299095352143,0.6160219877370009,34,64,,True,True,,155,59.56268577710819
78,2026-09-21T07:58:31.935+00:00,2026-09-21T08:00:35.818+00:00,2026-09-21T08:00:41.946+00:00,True,97,97.0,,97.0,123882.96712199999,130011.01832199999,130011.01817699999,1340.3197750206184,41.560112999999994,123882.96712199999,12571.931510658245,77.02229120000001,63.833866666666665,9.154640215010238,0.7460906102570386,34,64,,True,True,,485,59.56268577710819
79,2026-09-21T07:58:32.382+00:00,2026-09-21T08:00:38.213+00:00,2026-09-21T08:00:39.819+00:00,True,26,26.0,,26.0,125831.169233,127437.39464099999,127437.394602,4901.438253923076,47.320743,125831.169233,24664.923834355897,76.44120600000001,64.24901632,8.817175578783486,0.204021747880548,34,64,,True,True,,133,59.56268577710819
80,2026-09-21T07:58:32.683+00:00,2026-09-21T08:00:39.518+00:00,2026-09-21T08:00:40.034+00:00,True,9,9.0,,9.0,126835.172538,127351.084218,127351.084236,14150.120470666667,53.734415,126835.172538,42256.89521569097,76131.0086372,64.48896,8.166318616128287,0.07067077642302418,34,64,,True,True,,38,59.56268577710819
81,2026-09-21T07:58:33.448+00:00,2026-09-21T08:00:42.929+00:00,2026-09-21T08:00:44.477+00:00,True,25,25.0,,25.0,129480.398563,131028.32048299999,131028.320658,5241.132826319999,43.004063,129480.398563,25883.18250032957,81.45568400000002,64.49674666666667,10.747879556153716,0.1907984465331186,34,64,,True,True,,75,59.56268577710819
82,2026-09-21T07:58:33.509+00:00,2026-09-21T08:00:43.112+00:00,2026-09-21T08:00:46.214+00:00,True,49,49.0,,49.0,129603.589561,132705.018297,132705.018251,2708.2656785918366,44.287023,129603.589561,18505.570893177777,82.400116,64.61309866666666,10.337133747817976,0.3692399927961708,34,64,,True,True,,490,59.56268577710819
83,2026-09-21T07:58:33.676+00:00,2026-09-21T08:00:45.135+00:00,2026-09-21T08:00:47.764+00:00,True,42,42.0,,42.0,131458.587533,134088.30324500002,134088.303258,3192.5786490000005,47.343204,131458.587533,20274.605888671023,79.99695700000001,64.13940760975609,9.938648079344707,0.313226426045973,34,64,,True,True,,142,59.56268577710819
84,2026-09-21T07:58:34.069+00:00,2026-09-21T08:00:47.371+00:00,2026-09-21T08:00:51.116+00:00,True,60,60.0,,60.0,133302.69925900002,137046.83545100002,137046.83546700003,2284.1139244500005,42.663633000000004,133302.69925900002,17201.11400269425,76.2449725,63.45993545762712,8.71571738213853,0.4378065338214432,34,64,,True,True,,240,59.56268577710819
85,2026-09-21T07:58:34.356+00:00,2026-09-21T08:00:48.715+00:00,2026-09-21T08:00:54.578+00:00,True,93,93.0,,93.0,134359.291119,140221.945839,140221.945894,1507.7628590752688,45.696583,134359.291119,13925.804314487194,78.370864,63.724507826086956,8.840074523299936,0.663234270809369,34,64,,True,True,,558,59.56268577710819
86,2026-09-21T07:58:34.777+00:00,2026-09-21T08:00:51.115+00:00,2026-09-21T08:00:56.038+00:00,True,79,79.0,,79.0,136338.301053,141261.727869,141261.72779900001,1788.1231366962027,42.497273,136338.301053,15332.15825042439,77.2832199,63.12085661538462,8.998509685721803,0.559245601705093,34,64,,True,True,,79,59.56268577710819
87,2026-09-21T07:58:35.167+00:00,2026-09-21T08:00:53.096+00:00,2026-09-21T08:00:54.297+00:00,True,19,19.0,,19.0,137928.73797,139130.039218,139130.03925899998,7322.633645210526,51.336894,137928.73797,31627.71279585671,13862.6852994,66.73895822222222,8.66197464931906,0.13656288826476426,34,64,,True,True,,38,59.56268577710819
88,2026-09-21T07:58:35.597+00:00,2026-09-21T08:00:55.487+00:00,2026-09-21T08:00:59.723+00:00,True,68,68.0,,68.0,139889.74219299998,144126.109041,144126.108908,2119.501601588235,42.273393,139889.74219299998,16956.458269156752,76.69051784999999,63.229355940298504,10.03505662407292,0.47180903205161695,34,64,,True,True,,136,59.56268577710819
89,2026-09-21T07:58:35.895+00:00,2026-09-21T08:00:56.978+00:00,2026-09-21T08:01:00.089+00:00,True,50,50.0,,50.0,141083.342203,144194.180219,144194.180264,2883.88360528,42.428163,141083.342203,19943.22166385611,76.90747695,63.486490122448984,9.91150716367607,0.346754632704737,34,64,,True,True,,488,59.56268577710819
90,2026-09-21T07:58:36.392+00:00,2026-09-21T08:00:59.483+00:00,2026-09-21T08:01:02.635+00:00,True,50,50.0,,50.0,143091.052427,146243.56468299998,146243.564551,2924.8712910199997,45.661804,143091.052427,20227.03458249415,77.31724295,64.33698481632653,10.17322718563534,0.34189538601839226,34,64,,True,True,,250,59.56268577710819
91,2026-09-21T07:58:36.843+00:00,2026-09-21T08:01:01.724+00:00,2026-09-21T08:01:01.796+00:00,True,2,2.0,,2.0,144880.329016,144952.803128,144952.802982,72476.401491,72.473966,144880.329016,102394.61627493364,137639.9362635,72.474112,nan,0.013797594505529554,34,64,,True,True,,3,59.56268577710819
92,2026-09-21T07:58:37.137+00:00,2026-09-21T08:01:03.323+00:00,2026-09-21T08:01:06.317+00:00,True,49,49.0,,49.0,146185.335815,149179.52000699998,149179.519758,3044.4799950612246,41.763143,146185.335815,20874.710653228143,79.6807764,62.37883733333334,10.350930231870109,0.3284633172013207,34,64,,True,True,,227,59.56268577710819
93,2026-09-21T07:58:37.571+00:00,2026-09-21T08:01:05.663+00:00,2026-09-21T08:01:07.409+00:00,True,29,29.0,,29.0,148091.587544,149837.62812,149837.628184,5166.8147649655175,45.430723,148091.587544,27488.338937378678,77.01666999999999,62.358592,8.297089394920482,0.1935428394313267,34,64,,True,True,,108,59.56268577710819
94,2026-09-21T07:58:37.960+00:00,2026-09-21T08:01:08.068+00:00,2026-09-21T08:01:12.293+00:00,True,67,67.0,,67.0,150107.49036199998,154332.61189799997,154332.612026,2303.471821283582,48.260603,150107.49036199998,18330.730364154904,78.10376,64.01699296969697,9.825899147873953,0.43412729931818295,34,64,,True,True,,67,59.56268577710819
95,2026-09-21T07:58:38.250+00:00,2026-09-21T08:01:09.523+00:00,2026-09-21T08:01:14.572+00:00,True,79,79.0,,79.0,151273.6655,156322.726108,156322.726186,1978.7686858987342,48.191083,151273.6655,17012.337265680027,78.519181,64.73154625641025,10.262114565321543,0.5053647794334177,34,64,,True,True,,395,59.56268577710819
96,2026-09-21T07:58:38.679+00:00,2026-09-21T08:01:12.115+00:00,2026-09-21T08:01:15.079+00:00,True,47,47.0,,47.0,153435.945538,156399.947586,156399.947529,3327.6584580638296,44.478582,153435.945538,22371.536699540004,77.84625499999999,64.43482713043478,10.891258063023784,0.3005116096612245,34,64,,True,True,,658,59.56268577710819
97,2026-09-21T07:58:39.009+00:00,2026-09-21T08:01:13.708+00:00,2026-09-21T08:01:19.505+00:00,True,92,92.0,,92.0,154699.358042,160496.152154,160496.152133,1744.52339275,42.669162,154699.358042,16121.884851178313,78.03547354999999,63.7010341978022,10.125065751860973,0.5732224652446729,34,64,,True,True,,1052,59.56268577710819
98,2026-09-21T07:58:39.312+00:00,2026-09-21T08:01:15.443+00:00,2026-09-21T08:01:15.741+00:00,True,6,6.0,,6.0,156130.758459,156428.399419,156428.399431,26071.39990516667,50.973474,156130.758459,63715.81373349876,117117.32089825001,59.528192,11.19916674312942,0.038356206560221526,34,64,,True,True,,12,59.56268577710819
99,2026-09-21T07:58:39.787+00:00,2026-09-21T08:01:17.714+00:00,2026-09-21T08:01:19.504+00:00,True,29,29.0,,29.0,157927.64602900003,159717.21633300002,159717.21622200002,5507.490214551725,50.336093999999996,157927.64602900003,29314.561295243428,91.32100220000001,63.913225142857144,11.152310189082497,0.18157090804498424,34,64,,True,True,,145,59.56268577710819
100,2026-09-21T07:58:40.154+00:00,2026-09-21T08:01:19.777+00:00,2026-09-21T08:01:19.965+00:00,True,4,4.0,,4.0,159622.431744,159810.912512,159810.912499,39952.72812475,53.467155,159622.431744,79779.80276860794,135689.8544838,62.82692266666666,9.227793003442878,0.025029579877404458,34,64,,True,True,,20,59.56268577710819
101,2026-09-21T07:58:40.537+00:00,2026-09-21T08:01:21.851+00:00,2026-09-21T08:01:24.568+00:00,True,44,44.0,,44.0,161314.149869,164031.149805,164031.149896,3727.980679454545,45.579252000000004,161314.149869,24309.49945442525,77.60607765,63.186045023255815,9.968204861625344,0.26824173367258075,34,64,,True,True,,221,59.56268577710819
102,2026-09-21T07:58:41.002+00:00,2026-09-21T08:01:24.106+00:00,2026-09-21T08:01:25.400+00:00,True,22,22.0,,22.0,163104.376773,164397.635269,164397.635253,7472.619784227272,50.020763,163104.376773,34760.84117216522,78.74815395,61.583737904761904,8.106803911487052,0.13382187623320688,34,64,,True,True,,44,59.56268577710819
103,2026-09-21T07:58:41.467+00:00,2026-09-21T08:01:26.644+00:00,2026-09-21T08:01:29.269+00:00,True,43,43.0,,43.0,165176.294512,167801.35921599998,167801.359263,3902.3571921627904,43.204493,165176.294512,25179.61937477524,77.409683,62.50154057142858,10.16921308292941,0.2562553736209541,34,64,,True,True,,216,59.56268577710819
104,2026-09-21T07:58:41.877+00:00,2026-09-21T08:01:28.313+00:00,2026-09-21T08:01:28.829+00:00,True,9,9.0,,9.0,166435.368462,166952.049166,166952.049028,18550.227669777778,49.330243,166435.368462,55456.928651071794,99891.79137880002,64.585088,10.404321730129539,0.053907694125103676,34,64,,True,True,,36,59.56268577710819
105,2026-09-21T07:58:42.334+00:00,2026-09-21T08:01:30.611+00:00,2026-09-21T08:01:34.977+00:00,True,71,71.0,,71.0,168277.552876,172643.32158,172643.321651,2431.5960795915494,43.182182,168277.552876,19963.471660389452,77.2169945,62.36812434285714,9.159456761835246,0.41125251385469785,34,64,,True,True,,14,59.56268577710819
106,2026-09-21T07:58:42.725+00:00,2026-09-21T08:01:32.971+00:00,2026-09-21T08:01:35.881+00:00,True,46,46.0,,46.0,170246.08881299998,173155.80042899997,173155.80052999998,3764.256533260869,44.481512,170246.08881299998,25091.88436552163,77.0668665,64.66025813333333,9.170321552079011,0.26565670850201545,34,64,,True,True,,291,59.56268577710819
107,2026-09-21T07:58:43.495+00:00,2026-09-21T08:01:33.687+00:00,2026-09-21T08:01:35.643+00:00,True,31,31.0,,31.0,170191.476402,172148.098994,172148.099117,5553.164487645161,42.901312,170191.476402,30555.57905026796,78.94128900000001,65.22075306666667,9.810714249424272,0.1800775040860629,34,64,,True,True,,125,59.56268577710819
108,2026-09-21T07:58:43.569+00:00,2026-09-21T08:01:34.339+00:00,2026-09-21T08:01:36.018+00:00,True,27,27.0,,27.0,170769.639289,172449.052537,172449.05257,6387.001947037037,42.276591999999994,170769.639289,32852.20309611295,79.30400370000001,64.59281723076923,10.408830347537762,0.15656798110970765,34,64,,True,True,,54,59.56268577710819
109,2026-09-21T07:58:43.961+00:00,2026-09-21T08:01:39.079+00:00,2026-09-21T08:01:44.939+00:00,True,95,95.0,,95.0,175117.164494,180977.21979,180977.219901,1905.0233673789473,43.598633,175117.164494,17960.248021738786,76.40365200000001,62.34101378723405,8.710933442490589,0.524927944579074,34,64,,True,True,,759,59.56268577710819
110,2026-09-21T07:58:44.453+00:00,2026-09-21T08:01:41.304+00:00,2026-09-21T08:01:42.102+00:00,True,14,14.0,,14.0,176850.93023600001,177648.64748400002,177648.647407,12689.189100500002,47.050493,176850.93023600001,47249.000005241745,61945.8680927,61.36286523076923,8.288011480379337,0.07880724226319209,34,64,,True,True,,28,59.56268577710819
111,2026-09-21T07:58:44.835+00:00,2026-09-21T08:01:43.485+00:00,2026-09-21T08:01:47.108+00:00,True,59,59.0,,59.0,178649.15573300002,182272.697493,182272.69762900003,3089.367756423729,44.476713000000004,178649.15573300002,23250.00756840182,78.14007810000001,62.474857931034485,9.896404391730776,0.3236908259519549,34,64,,True,True,,296,59.56268577710819
112,2026-09-21T07:58:45.118+00:00,2026-09-21T08:01:44.747+00:00,2026-09-21T08:01:48.523+00:00,True,61,61.0,,61.0,179629.249051,183404.767259,183404.76710499998,3006.635526311475,42.002093,179629.249051,22991.113491638487,76.68949400000001,62.92530346666667,8.804237459282826,0.33259767950228475,34,64,,True,True,,122,59.56268577710819
113,2026-09-21T07:58:45.409+00:00,2026-09-21T08:01:46.270+00:00,2026-09-21T08:01:50.788+00:00,True,72,72.0,,72.0,180860.16393399998,185378.64636599997,185378.646548,2574.7034242777777,44.327663,180860.16393399998,21307.07637538918,77.86464255,63.64059763380282,8.733528039494734,0.38839424826658686,34,64,,True,True,,145,59.56268577710819
114,2026-09-21T07:58:45.801+00:00,2026-09-21T08:01:48.351+00:00,2026-09-21T08:01:51.471+00:00,True,50,50.0,,50.0,182550.157425,185670.343537,185670.343644,3713.4068728800003,44.616953,182550.157425,25807.487139477056,76.79574299999999,63.67726759183674,9.241657665325208,0.26929448746367024,34,64,,True,True,,202,59.56268577710819
115,2026-09-21T07:58:46.082+00:00,2026-09-21T08:01:49.689+00:00,2026-09-21T08:01:52.819+00:00,True,50,50.0,,50.0,183606.61779800002,186736.60282200002,186736.602798,3734.7320559600003,43.586972,183606.61779800002,25956.864962280444,76.80766895000001,63.8772453877551,9.395540734256917,0.267756825627061,34,64,,True,True,,50,59.56268577710819
116,2026-09-21T07:58:46.416+00:00,2026-09-21T08:01:51.412+00:00,2026-09-21T08:01:55.843+00:00,True,71,71.0,,71.0,184995.961537,189427.847361,189427.847347,2667.9978499577464,45.705572999999994,184995.961537,21947.469407152046,76.76060450000001,63.31265462857143,9.046125526612464,0.37481289572325943,34,64,,True,True,,284,59.56268577710819
117,2026-09-21T07:58:46.779+00:00,2026-09-21T08:01:53.081+00:00,2026-09-21T08:01:58.770+00:00,True,90,90.0,,90.0,186302.27082,191991.202148,191991.202117,2133.235579077778,40.944382,186302.27082,19631.247973581576,76.78676755000001,63.92057671910112,9.258755349413825,0.4687714801151243,34,64,,True,True,,720,59.56268577710819
118,2026-09-21T07:58:47.240+00:00,2026-09-21T08:01:55.410+00:00,2026-09-21T08:01:58.903+00:00,True,56,56.0,,56.0,188169.79067699998,191663.206613,191663.20659699998,3422.557260660714,42.159422,188169.79067699998,25136.760152262937,78.1313715,63.51665338181818,9.98906619765432,0.29217918759479666,34,64,,True,True,,312,59.56268577710819
119,2026-09-21T07:58:47.671+00:00,2026-09-21T08:01:57.910+00:00,2026-09-21T08:02:03.746+00:00,True,94,94.0,,94.0,190238.795078,196074.953286,196074.95312299998,2085.9037566276597,46.612583,190238.795078,19615.16280771983,77.08747414999999,62.754389333333336,8.72124683495225,0.4794085038637707,34,64,,True,True,,368,59.56268577710819
120,2026-09-21T07:58:47.973+00:00,2026-09-21T08:01:59.219+00:00,2026-09-21T08:02:00.060+00:00,True,14,14.0,,14.0,191246.035708,192086.10098800002,192086.100833,13720.435773785715,52.457024,191246.035708,51095.383350434044,66986.9286424,64.62040615384615,9.77500038194422,0.07288398238076896,34,64,,True,True,,14,59.56268577710819
121,2026-09-21T07:58:48.304+00:00,2026-09-21T08:02:01.104+00:00,2026-09-21T08:02:04.561+00:00,True,57,57.0,,57.0,192799.759285,196256.95403700002,196256.95394200002,3443.104455122807,45.481753,192799.759285,25528.776219866442,77.658094,61.735620571428576,8.351330856782605,0.29043556840922885,34,64,,True,True,,172,59.56268577710819
122,2026-09-21T07:58:48.676+00:00,2026-09-21T08:02:03.408+00:00,2026-09-21T08:02:06.204+00:00,True,45,45.0,,45.0,194732.518901,197528.614389,197528.614222,4389.524760488889,45.322432,194732.518901,29019.538160210835,78.955291,63.547624727272726,8.789172699627418,0.22781509473548947,34,64,,True,True,,90,59.56268577710819
123,2026-09-21T07:58:49.017+00:00,2026-09-21T08:02:05.199+00:00,2026-09-21T08:02:05.967+00:00,True,13,13.0,,13.0,196181.22787200002,196949.73398400002,196949.73421300002,15149.979554846155,55.380523000000004,196181.22787200002,54393.121313213705,78518.8479378,64.042176,8.606482003047619,0.06600668981383902,34,64,,True,True,,78,59.56268577710819
124,2026-09-21T07:58:49.501+00:00,2026-09-21T08:02:07.763+00:00,2026-09-21T08:02:12.502+00:00,True,76,76.0,,76.0,198262.47626,203001.260516,203001.260346,2671.0692150789473,45.310613,198262.47626,22735.01961792503,76.23622900000001,63.18379008,8.452649370515996,0.37438191175177404,34,64,,True,True,,76,59.56268577710819
125,2026-09-21T07:58:49.802+00:00,2026-09-21T08:02:09.190+00:00,2026-09-21T08:02:12.448+00:00,True,53,53.0,,53.0,199387.590426,202645.820698,202645.82076200002,3823.5060521132077,47.815532,199387.590426,27379.386490178258,77.94375600000001,62.65827446153846,8.84421287942963,0.2615400594862753,34,64,,True,True,,265,59.56268577710819
126,2026-09-21T07:58:50.211+00:00,2026-09-21T08:02:11.863+00:00,2026-09-21T08:02:14.311+00:00,True,40,40.0,,40.0,201652.222549,204099.785557,204099.78563199998,5102.4946408,43.567242,201652.222549,31874.09452768692,80.82338499999999,62.75802584615385,9.967943973209188,0.1959825675016645,34,64,,True,True,,200,59.56268577710819
127,2026-09-21T07:58:50.548+00:00,2026-09-21T08:02:13.724+00:00,2026-09-21T08:02:19.309+00:00,True,89,89.0,,89.0,203175.40978400002,208761.050744,208761.05077600002,2345.629784,41.475662,203175.40978400002,21529.824592697467,80.2847984,63.473192727272725,10.167789239594054,0.4263247367399924,34,64,,True,True,,712,59.56268577710819
128,2026-09-21T07:58:50.914+00:00,2026-09-21T08:02:15.868+00:00,2026-09-21T08:02:16.139+00:00,True,5,5.0,,5.0,204953.11109299998,205224.763701,205224.763847,41044.9527694,57.205353,204953.11109299998,91627.44626685031,163977.6534912,67.913152,7.772633510740616,0.024363531524317875,34,64,,True,True,,5,59.56268577710819
129,2026-09-21T07:58:51.340+00:00,2026-09-21T08:02:17.996+00:00,2026-09-21T08:02:21.804+00:00,True,61,61.0,,61.0,206655.192073,210464.10138500002,210464.10120900001,3450.231167360656,44.601572,206655.192073,26451.35961288573,77.68562399999999,63.481821866666664,9.312485700547311,0.28983565177423426,34,64,,True,True,,122,59.56268577710819
130,2026-09-21T07:58:51.778+00:00,2026-09-21T08:02:20.232+00:00,2026-09-21T08:02:21.135+00:00,True,15,15.0,,15.0,208454.491609,209357.186777,209357.186858,13957.145790533332,45.288342,208454.491609,53806.07102595433,62590.86776249999,64.47822628571429,10.424086984230465,0.07164788670941342,34,64,,True,True,,45,59.56268577710819
131,2026-09-21T07:58:52.075+00:00,2026-09-21T08:02:21.805+00:00,2026-09-21T08:02:23.362+00:00,True,27,27.0,,27.0,209730.64988299998,211287.21231499998,211287.21225699998,7825.452305814814,40.798572,209730.64988299998,40351.16241898652,81.7279953,59.86778584615385,11.552853554155007,0.12778814062701882,34,64,,True,True,,81,59.56268577710819
132,2026-09-21T07:58:52.351+00:00,2026-09-21T08:02:23.302+00:00,2026-09-21T08:02:28.095+00:00,True,79,79.0,,79.0,210951.01193500002,215743.69187100002,215743.69199800002,2730.932810101266,42.197323,210951.01193500002,23726.931974465882,76.849681,61.444614564102565,9.587656223196017,0.36617524857800526,34,64,,True,True,,79,59.56268577710819
133,2026-09-21T07:58:52.650+00:00,2026-09-21T08:02:24.921+00:00,2026-09-21T08:02:25.398+00:00,True,9,9.0,,9.0,212271.64796200002,212747.99689,212747.996947,23638.666327444447,47.571622000000005,212271.64796200002,70737.36858599048,127392.7657948,59.543616,8.745381680833638,0.04230357103974705,34,64,,True,True,,16,59.56268577710819
134,2026-09-21T07:58:53.654+00:00,2026-09-21T08:02:26.956+00:00,2026-09-21T08:02:27.971+00:00,True,19,19.0,,19.0,213302.320983,214317.157463,214317.157379,11279.850388368423,43.895961,213302.320983,48921.97443467142,21386.1122991,56.379804444444446,5.962875195148119,0.08865365808745473,34,64,,True,True,,28,59.56268577710819
135,2026-09-21T07:58:53.760+00:00,2026-09-21T08:02:28.376+00:00,2026-09-21T08:02:33.119+00:00,True,76,76.0,,76.0,214615.916162,219358.06605000002,219358.066018,2886.2903423421053,42.770401,214615.916162,24610.883005723226,80.04677275,63.22866517333333,9.678409612377411,0.34646549073183713,34,64,,True,True,,230,59.56268577710819
136,2026-09-21T07:58:53.826+00:00,2026-09-21T08:02:29.497+00:00,2026-09-21T08:02:35.551+00:00,True,96,96.0,,96.0,215670.593054,221725.34915,221725.349166,2309.6390538125,43.428611,215670.593054,22005.28537042314,78.22872699999999,63.73427469473685,10.530661744626565,0.43296808582339763,34,64,,True,True,,1145,59.56268577710819
137,2026-09-21T07:58:54.242+00:00,2026-09-21T08:02:33.117+00:00,2026-09-21T08:02:38.673+00:00,True,88,88.0,,88.0,218874.37859799998,224431.07133399998,224431.07130299998,2550.3530829886363,41.750381999999995,218874.37859799998,23325.280831742923,77.410714,63.87003144827587,10.29412713582042,0.39210257063309095,34,64,,True,True,,785,59.56268577710819
138,2026-09-21T07:58:54.736+00:00,2026-09-21T08:02:35.950+00:00,2026-09-21T08:02:37.948+00:00,True,32,32.0,,32.0,221213.47371599998,223211.960756,223211.96067699997,6975.373771156249,45.543290999999996,221213.47371599998,39093.99208360547,91.36362949999999,64.46732387096773,11.2447658625101,0.14336149322652206,34,64,,True,True,,144,59.56268577710819
139,2026-09-21T07:58:55.057+00:00,2026-09-21T08:02:37.328+00:00,2026-09-21T08:02:41.053+00:00,True,60,60.0,,60.0,222271.10122,225996.07632400002,225996.076241,3766.6012706833335,42.631412,222271.10122,28686.926655938605,78.14320794999999,63.135171254237285,9.640312161781127,0.2654913349645097,34,64,,True,True,,177,59.56268577710819
140,2026-09-21T07:58:55.411+00:00,2026-09-21T08:02:39.064+00:00,2026-09-21T08:02:40.355+00:00,True,22,22.0,,22.0,223653.279857,224944.01368099998,224944.013621,10224.727891863637,48.905062,223653.279857,47669.93620852927,80.93844455,61.46351542857143,8.9077768958402,0.09780211369038198,34,64,,True,True,,44,59.56268577710819
141,2026-09-21T07:58:55.848+00:00,2026-09-21T08:02:41.172+00:00,2026-09-21T08:02:46.868+00:00,True,91,91.0,,91.0,225323.852923,231020.049787,231020.049783,2538.6818657472527,46.396351,225323.852923,23613.725093130484,76.0791525,63.291076266666664,9.683863086710488,0.39390520469501156,34,64,,True,True,,502,59.56268577710819
142,2026-09-21T07:58:56.157+00:00,2026-09-21T08:02:42.874+00:00,2026-09-21T08:02:43.759+00:00,True,15,15.0,,15.0,226716.733901,227601.437645,227601.437812,15173.429187466667,49.249051,226716.733901,58521.69309147749,68070.2498224,63.19312457142858,8.008424019171944,0.06590468037111506,34,64,,True,True,,85,59.56268577710819
143,2026-09-21T07:58:56.456+00:00,2026-09-21T08:02:44.535+00:00,2026-09-21T08:02:49.721+00:00,True,83,83.0,,83.0,228078.804408,233264.58668,233264.58661,2810.4167061445783,41.270881,228078.804408,25027.961851457414,80.306964,63.241247219512196,10.78383043803359,0.3558191201730167,34,64,,True,True,,166,59.56268577710819
144,2026-09-21T07:58:56.732+00:00,2026-09-21T08:02:46.154+00:00,2026-09-21T08:02:49.460+00:00,True,53,53.0,,53.0,229421.828496,232728.282,232728.282032,4391.099660981132,44.647811999999995,229421.828496,31504.778920695535,78.2245804,63.585644307692306,9.265893580120256,0.22773338738434892,34,64,,True,True,,108,59.56268577710819
145,2026-09-21T07:58:57.115+00:00,2026-09-21T08:02:47.832+00:00,2026-09-21T08:02:51.850+00:00,True,66,66.0,,66.0,230717.528196,234735.259268,234735.259206,3556.5948364545457,44.463172,230717.528196,28391.757573099745,77.34405050000001,61.81124726153846,9.21005212476213,0.28116781520515854,34,64,,True,True,,264,59.56268577710819
146,2026-09-21T07:58:57.518+00:00,2026-09-21T08:02:49.896+00:00,2026-09-21T08:02:52.592+00:00,True,45,45.0,,45.0,232377.526686,235073.609374,235073.609292,5223.857984266667,41.083861,232377.526686,34631.663213382875,74.28732699999999,61.274606545454546,8.76753274029494,0.1914294000072352,34,64,,True,True,,90,59.56268577710819
147,2026-09-21T07:58:57.958+00:00,2026-09-21T08:02:52.665+00:00,2026-09-21T08:02:53.236+00:00,True,9,9.0,,9.0,234707.089028,235278.03097999998,235278.031047,26142.003449666667,60.381072,234707.089028,78211.90724606685,140855.8211536,71.367744,5.250284385327277,0.038252615267615246,34,64,,True,True,,9,59.56268577710819
148,2026-09-21T07:58:58.365+00:00,2026-09-21T08:02:54.529+00:00,2026-09-21T08:02:55.514+00:00,True,17,17.0,,17.0,236163.93566,237149.04362799998,237149.043695,13949.943746764706,50.824602,236163.93566,57263.235517842215,47294.039669599995,61.569248,7.8820756466052435,0.0716848769024208,34,64,,True,True,,92,59.56268577710819
149,2026-09-21T07:58:58.708+00:00,2026-09-21T08:02:56.159+00:00,2026-09-21T08:02:57.394+00:00,True,21,21.0,,21.0,237451.06896099998,238685.19376099997,238685.19362399998,11365.961601142857,47.560383,237451.06896099998,51802.606594555604,79.471642,61.70624,8.709879932537254,0.08798199699403098,34,64,,True,True,,105,59.56268577710819
150,2026-09-21T07:58:59.050+00:00,2026-09-21T08:02:58.322+00:00,2026-09-21T08:02:59.613+00:00,True,22,22.0,,22.0,239272.172933,240563.050885,240563.050927,10934.684133045454,45.839040999999995,239272.172933,50999.894219092144,77.28980345,61.47037866666666,10.72998383580347,0.09145211585513602,34,64,,True,True,,88,59.56268577710819
151,2026-09-21T07:58:59.541+00:00,2026-09-21T08:03:00.742+00:00,2026-09-21T08:03:02.162+00:00,True,24,24.0,,24.0,241201.095106,242621.288898,242621.28883499998,10109.220368125,42.810521,241201.095106,49222.36434204591,75.977485,61.74755617391305,10.83700468001674,0.09891959649958747,34,64,,True,True,,144,59.56268577710819
152,2026-09-21T07:58:59.987+00:00,2026-09-21T08:03:03.152+00:00,2026-09-21T08:03:03.152+00:00,True,1,1.0,,1.0,243164.921014,243164.921014,243164.921014,243164.921014,243164.921014,243164.921014,nan,243164.921014,nan,nan,0.004112435279850361,34,64,,True,True,,2,59.56268577710819
153,2026-09-21T07:59:00.358+00:00,2026-09-21T08:03:04.988+00:00,2026-09-21T08:03:08.645+00:00,True,57,57.0,,57.0,244629.158799,248286.125455,248286.125458,4355.896937859649,43.624362,244629.158799,32393.27522875845,77.552593,65.302976,8.853046499583565,0.22957384306329603,34,64,,True,True,,171,59.56268577710819
154,2026-09-21T07:59:00.735+00:00,2026-09-21T08:03:07.177+00:00,2026-09-21T08:03:09.711+00:00,True,41,41.0,,41.0,246442.205057,248976.11379300003,248976.113566,6072.5881357560975,44.809942,246442.205057,38477.91410600018,77.984352,63.3477184,9.337839891244988,0.1646744315163004,34,64,,True,True,,123,59.56268577710819
156,2026-09-21T07:59:01.605+00:00,2026-09-21T08:03:10.440+00:00,2026-09-21T08:03:13.835+00:00,True,55,55.0,,55.0,248834.83340200002,252229.47865,252229.47867,4585.990521272727,42.902031,248834.83340200002,33544.40698162801,76.811582,62.86380088888889,9.934029639808202,0.21805540055973946,34,64,,True,True,,328,59.56268577710819
157,2026-09-21T07:59:01.875+00:00,2026-09-21T08:03:11.640+00:00,2026-09-21T08:03:13.704+00:00,True,34,34.0,,34.0,249765.725466,251829.13231400002,251829.132348,7406.739186705882,49.209741,249765.725466,42823.74609150825,77.291307,62.52748024242424,9.070780693789148,0.13501217943921665,34,64,,True,True,,102,59.56268577710819
155,2026-09-21T07:59:01.168+00:00,2026-09-21T08:03:14.359+00:00,2026-09-21T08:03:14.490+00:00,True,3,3.0,,3.0,253191.134014,253322.099774,253322.09971900002,84440.69990633334,60.456642,253191.134014,146142.1629233236,227879.0715189,65.48288,7.108448304746121,0.011842630400886596,34,64,,True,True,,9,59.56268577710819
158,2026-09-21T07:59:02.217+00:00,2026-09-21T08:03:14.634+00:00,2026-09-21T08:03:16.640+00:00,True,33,33.0,,33.0,252416.425815,254422.42389499999,254422.424035,7709.77042530303,46.228461,252416.425815,43929.1484285998,79.355494,62.68744,10.350985218196868,0.12970554833491832,34,64,,True,True,,0,59.56268577710819
159,2026-09-21T07:59:02.579+00:00,2026-09-21T08:03:16.391+00:00,2026-09-21T08:03:19.432+00:00,True,50,50.0,,50.0,253812.16067800001,256852.81680600002,256852.81681500003,5137.0563363,42.976701,253812.16067800001,35885.685547894725,77.96255205,62.054206693877546,9.928332031334078,0.19466401272821085,34,64,,True,True,,200,59.56268577710819
160,2026-09-21T07:59:02.933+00:00,2026-09-21T08:03:18.450+00:00,2026-09-21T08:03:22.371+00:00,True,62,62.0,,62.0,255517.436024,259438.679928,259438.680132,4184.49484083871,42.799942,255517.436024,32442.584782852548,79.40121744999999,64.28268695081967,11.09735910676491,0.23897747250797907,34,64,,True,True,,372,59.56268577710819
161,2026-09-21T07:59:03.342+00:00,2026-09-21T08:03:20.861+00:00,2026-09-21T08:03:24.977+00:00,True,65,65.0,,65.0,257518.61670800002,261634.802564,261634.802541,4025.150808323077,47.223942,257518.61670800002,31933.277751092202,79.97528700000001,64.315404,10.866437442967104,0.24843789649926243,34,64,,True,True,,65,59.56268577710819
162,2026-09-21T07:59:03.663+00:00,2026-09-21T08:03:22.376+00:00,2026-09-21T08:03:23.489+00:00,True,18,18.0,,18.0,258712.74498699998,259826.134811,259826.13497599997,14434.785276444443,44.094232000000005,258712.74498699998,60963.74271568357,38872.6398281,65.49351905882352,10.809124669040646,0.0692770956743569,34,64,,True,True,,72,59.56268577710819
163,2026-09-21T07:59:03.926+00:00,2026-09-21T08:03:23.488+00:00,2026-09-21T08:03:26.132+00:00,True,43,43.0,,43.0,259562.02322799998,262206.682684,262206.68276,6097.829831627906,42.217762,259562.02322799998,39573.23591793091,77.9539389,62.96808228571428,9.030481053701738,0.16399276921489342,34,64,,True,True,,57,59.56268577710819
164,2026-09-21T07:59:04.337+00:00,2026-09-21T08:03:25.692+00:00,2026-09-21T08:03:27.300+00:00,True,27,27.0,,27.0,261355.663173,262963.015749,262963.015939,9739.370960703704,43.737402,261355.663173,50286.024349445506,75.369964,61.82125292307692,10.36663172373307,0.10267603572728905,34,64,,True,True,,162,59.56268577710819
165,2026-09-21T07:59:04.611+00:00,2026-09-21T08:03:27.223+00:00,2026-09-21T08:03:28.521+00:00,True,21,21.0,,21.0,262612.553718,263910.41330200003,263910.413443,12567.162544904762,43.822332,262612.553718,57292.59763855099,82.24400299999999,64.8929792,11.131269134022057,0.07957245694571784,34,64,,True,True,,94,59.56268577710819
166,2026-09-21T07:59:05.664+00:00,2026-09-21T08:03:29.103+00:00,2026-09-21T08:03:32.281+00:00,True,51,51.0,,51.0,263439.304504,266617.6446,266617.644618,5227.796953294118,47.414291,263439.304504,36879.981044845634,76.815388,63.56680192,8.816906639377846,0.19128516447782015,34,64,,True,True,,108,59.56268577710819
167,2026-09-21T07:59:05.694+00:00,2026-09-21T08:03:30.724+00:00,2026-09-21T08:03:36.384+00:00,True,90,90.0,,90.0,265030.085411,270689.343779,270689.344,3007.659377777778,43.353471,265030.085411,27929.922892775503,78.25778394999999,63.58717267415731,9.578367059572434,0.3324844589134586,34,64,,True,True,,270,59.56268577710819
168,2026-09-21T07:59:05.756+00:00,2026-09-21T08:03:31.691+00:00,2026-09-21T08:03:37.093+00:00,True,86,86.0,,86.0,265935.064636,271337.09650800005,271337.096559,3155.0825181279074,45.603831,265935.064636,28669.663569677985,76.6695045,63.55331614117647,8.303563880547733,0.31694892112720896,34,64,,True,True,,430,59.56268577710819
169,2026-09-21T07:59:06.131+00:00,2026-09-21T08:03:35.502+00:00,2026-09-21T08:03:41.596+00:00,True,96,96.0,,96.0,269370.622867,275465.294995,275465.294955,2869.43015578125,41.258091,269370.622867,27485.9782514566,77.760837,64.15444345263158,10.31519932194531,0.34850125131640447,34,64,,True,True,,201,59.56268577710819
170,2026-09-21T07:59:06.530+00:00,2026-09-21T08:03:37.619+00:00,2026-09-21T08:03:42.971+00:00,True,84,84.0,,84.0,271088.53191900003,276441.07719900005,276441.07702100003,3290.9652026309527,44.421341999999996,271088.53191900003,29571.14929933703,77.303969,64.48849734939759,10.437291949596462,0.3038622221093843,34,64,,True,True,,296,59.56268577710819
171,2026-09-21T07:59:06.840+00:00,2026-09-21T08:03:39.006+00:00,2026-09-21T08:03:41.533+00:00,True,40,40.0,,40.0,272166.396756,274693.18562,274693.185779,6867.329644475,47.976261,272166.396756,43023.04306035946,79.70649155,64.78945805128205,10.952203102331545,0.14561700869905983,34,64,,True,True,,137,59.56268577710819
172,2026-09-21T07:59:07.208+00:00,2026-09-21T08:03:41.165+00:00,2026-09-21T08:03:42.926+00:00,True,28,28.0,,28.0,273956.79092400003,275717.77934,275717.779419,9847.063550678573,42.877498,273956.79092400003,51760.64237723716,78.8299045,65.22179318518519,10.793549106712943,0.10155311734711145,34,64,,True,True,,252,59.56268577710819
173,2026-09-21T07:59:07.487+00:00,2026-09-21T08:03:42.511+00:00,2026-09-21T08:03:48.219+00:00,True,91,91.0,,91.0,275023.887402,280731.990826,280731.99090200005,3084.966932989011,42.141171,275023.887402,28823.69006672499,77.92432199999999,63.42337137777778,9.513873805853706,0.3241525831532415,34,64,,True,True,,266,59.56268577710819
174,2026-09-21T07:59:07.764+00:00,2026-09-21T08:03:43.824+00:00,2026-09-21T08:03:45.833+00:00,True,33,33.0,,33.0,276059.755781,278068.595973,278068.59613300004,8426.321094939394,45.364891,276059.755781,48044.908124383786,78.38824340000001,62.776256,9.335795700756512,0.11867575295415324,34,64,,True,True,,65,59.56268577710819
175,2026-09-21T07:59:08.137+00:00,2026-09-21T08:03:45.985+00:00,2026-09-21T08:03:48.749+00:00,True,45,45.0,,45.0,277847.511487,280612.145599,280612.145645,6235.825458777777,43.600541,277847.511487,41409.696200937244,79.50237700000001,62.83259345454545,10.057029256747494,0.16036369311079587,34,64,,True,True,,188,59.56268577710819
176,2026-09-21T07:59:08.603+00:00,2026-09-21T08:03:48.346+00:00,2026-09-21T08:03:49.994+00:00,True,27,27.0,,27.0,279743.44430900004,281391.24949300004,281391.24965400004,10421.898135333335,49.574741,279743.44430900004,53824.454745551164,76.40613099999999,63.37712246153846,8.984619930509982,0.09595181104120176,34,64,,True,True,,83,59.56268577710819
177,2026-09-21T07:59:09.059+00:00,2026-09-21T08:03:50.786+00:00,2026-09-21T08:03:53.892+00:00,True,49,49.0,,49.0,281726.812333,284833.092525,284833.092568,5812.920256489796,47.525601,281726.812333,40237.44347403477,76.57958140000001,64.71417066666666,8.502180636518894,0.17203057259120705,34,64,,True,True,,343,59.56268577710819
178,2026-09-21T07:59:09.557+00:00,2026-09-21T08:03:53.143+00:00,2026-09-21T08:03:56.086+00:00,True,47,47.0,,47.0,283586.5741,286528.79490000004,286528.79502200003,6096.357340893617,43.85212,283586.5741,41356.02457910157,75.45779929999999,63.96132173913044,9.543098478165064,0.16403237942072535,34,64,,True,True,,188,59.56268577710819
180,2026-09-21T07:59:10.285+00:00,2026-09-21T08:03:55.002+00:00,2026-09-21T08:03:57.502+00:00,True,41,41.0,,41.0,284717.318763,287217.640811,287217.64090500004,7005.308314756098,44.913061,284717.318763,44455.613443837414,76.648812,62.508051200000004,8.624396695035452,0.14274889203960678,34,64,,True,True,,123,59.56268577710819
181,2026-09-21T07:59:10.773+00:00,2026-09-21T08:03:57.273+00:00,2026-09-21T08:04:02.383+00:00,True,81,81.0,,81.0,286499.83346,291609.2325,291609.232297,3600.113978975309,43.445510999999996,286499.83346,31826.21954284675,76.841481,63.867488,8.425161687878914,0.27776898318882964,34,64,,True,True,,189,59.56268577710819
179,2026-09-21T07:59:10.011+00:00,2026-09-21T08:03:59.464+00:00,2026-09-21T08:04:03.856+00:00,True,69,69.0,,69.0,289452.62781599996,293844.86538399995,293844.86530799995,4258.621236347825,44.172110999999994,289452.62781599996,34838.22677853169,76.5048414,64.59172894117647,9.139616860510095,0.23481778356014485,34,64,,True,True,,73,59.56268577710819
182,2026-09-21T07:59:11.252+00:00,2026-09-21T08:04:01.753+00:00,2026-09-21T08:04:06.105+00:00,True,71,71.0,,71.0,290501.062705,294853.354033,294853.354206,4152.8641437464785,44.175821000000006,290501.062705,34468.755596574636,77.94274150000001,62.1755904,9.128429552930188,0.24079766781982637,34,64,,True,True,,285,59.56268577710819
183,2026-09-21T07:59:11.517+00:00,2026-09-21T08:04:03.232+00:00,2026-09-21T08:04:07.638+00:00,True,72,72.0,,72.0,291715.87213800004,296121.607818,296121.60783000005,4112.800108750001,46.540760999999996,291715.87213800004,34371.733395782176,77.339293,62.05261521126761,8.909882816293623,0.2431433509041734,34,64,,True,True,,288,59.56268577710819
184,2026-09-21T07:59:11.787+00:00,2026-09-21T08:04:04.915+00:00,2026-09-21T08:04:05.318+00:00,True,8,8.0,,8.0,293128.194065,293530.982417,293530.982533,36691.372816625,45.582791,293128.194065,103616.12327506501,190557.87441845,57.54119314285714,8.149463166359435,0.027254363182128864,34,64,,True,True,,40,59.56268577710819
185,2026-09-21T07:59:12.106+00:00,2026-09-21T08:04:06.508+00:00,2026-09-21T08:04:10.963+00:00,True,71,71.0,,71.0,294401.63319,298857.141414,298857.141473,4209.255513704225,41.355681,294401.63319,34931.49317677131,77.28486700000002,63.65011748571429,9.279183902531912,0.2375717028680446,34,64,,True,True,,351,59.56268577710819
186,2026-09-21T07:59:12.515+00:00,2026-09-21T08:04:08.611+00:00,2026-09-21T08:04:12.543+00:00,False,65,64.0,,64.0,296096.416688,300028.149424,300028.14953000005,4615.817685076923,0.02993,296096.416688,36718.62270927764,76.95753380000001,61.433324,12.572570308970995,0.2133133178432373,34,64,,True,False,Request timeout: 300.0s exceeded,383,59.56268577710819
187,2026-09-21T07:59:12.875+00:00,2026-09-21T08:04:10.701+00:00,2026-09-21T08:04:12.893+00:00,False,38,37.0,,37.0,297825.83579000004,300018.31067000004,300018.31052600004,7895.218698052633,0.04138,297825.83579000004,48304.119545046575,76.92886185,59.256077837837836,13.43646946775709,0.12332580607287502,34,64,,True,False,Request timeout: 300.0s exceeded,112,59.56268577710819
188,2026-09-21T07:59:13.251+00:00,2026-09-21T08:04:12.892+00:00,2026-09-21T08:04:13.330+00:00,False,9,8.0,,8.0,299641.600323,300079.607619,300079.60774199996,33342.178638,0.03084,299641.600323,99862.28567701785,179815.7184222,54.750912,24.10286117849054,0.026659592311108673,34,64,,True,False,Request timeout: 300.0s exceeded,31,59.56268577710819
189,2026-09-21T07:59:13.708+00:00,2026-09-21T08:04:13.786+00:00,2026-09-21T08:04:13.786+00:00,False,1,0.0,,0.0,300077.858042,300077.858042,300077.858042,300077.858042,300077.858042,300077.858042,nan,300077.858042,nan,nan,0.0,34,64,,True,False,"HTTPConnectionPool(host='gpu06', port=9004): Read timed out.",0,59.56268577710819
190,2026-09-21T07:59:14.043+00:00,2026-09-21T08:04:14.156+00:00,2026-09-21T08:04:14.156+00:00,False,1,0.0,,0.0,300113.0533,300113.0533,300113.0533,300113.0533,300113.0533,300113.0533,nan,300113.0533,nan,nan,0.0,34,64,,True,False,"HTTPConnectionPool(host='gpu06', port=9004): Read timed out.",0,59.56268577710819
191,2026-09-21T07:59:14.357+00:00,2026-09-21T08:04:14.463+00:00,2026-09-21T08:04:14.463+00:00,False,1,0.0,,0.0,300106.097819,300106.097819,300106.097819,300106.097819,300106.097819,300106.097819,nan,300106.097819,nan,nan,0.0,34,64,,True,False,"HTTPConnectionPool(host='gpu06', port=9004): Read timed out.",0,59.56268577710819
192,2026-09-21T07:59:14.631+00:00,2026-09-21T08:04:14.715+00:00,2026-09-21T08:04:14.715+00:00,False,1,0.0,,0.0,300084.47191,300084.47191,300084.47191,300084.47191,300084.47191,300084.47191,nan,300084.47191,nan,nan,0.0,34,64,,True,False,"HTTPConnectionPool(host='gpu06', port=9004): Read timed out.",0,59.56268577710819
193,2026-09-21T07:59:15.054+00:00,2026-09-21T08:04:15.127+00:00,2026-09-21T08:04:15.127+00:00,False,1,0.0,,0.0,300073.598482,300073.598482,300073.598482,300073.598482,300073.598482,300073.598482,nan,300073.598482,nan,nan,0.0,34,64,,True,False,"HTTPConnectionPool(host='gpu06', port=9004): Read timed out.",0,59.56268577710819
194,2026-09-21T07:59:15.419+00:00,2026-09-21T08:04:15.488+00:00,2026-09-21T08:04:15.488+00:00,False,1,0.0,,0.0,300068.790667,300068.790667,300068.790667,300068.790667,300068.790667,300068.790667,nan,300068.790667,nan,nan,0.0,34,64,,True,False,TTFT timeout: 300.0s exceeded (TTFT: 300.064s),0,59.56268577710819
195,2026-09-21T07:59:15.886+00:00,2026-09-21T08:04:15.804+00:00,2026-09-21T08:04:15.916+00:00,False,4,3.0,,3.0,299917.488553,300029.649321,300029.64939499996,75007.41234874999,0.038090000000000006,299917.488553,149940.05315420005,254938.78291419998,37.38692266666666,32.52210974314805,0.009999011786966152,34,64,,True,False,Request timeout: 300.0s exceeded,10,59.56268577710819
196,2026-09-21T07:59:16.328+00:00,2026-09-21T08:04:16.435+00:00,2026-09-21T08:04:16.435+00:00,False,1,0.0,,0.0,300106.737057,300106.737057,300106.737057,300106.737057,300106.737057,300106.737057,nan,300106.737057,nan,nan,0.0,34,64,,True,False,"HTTPConnectionPool(host='gpu06', port=9004): Read timed out.",0,59.56268577710819
197,2026-09-21T07:59:16.697+00:00,2026-09-21T08:04:16.803+00:00,2026-09-21T08:04:16.803+00:00,False,1,0.0,,0.0,300106.10112199996,300106.10112199996,300106.10112199996,300106.10112199996,300106.10112199996,300106.10112199996,nan,300106.10112199996,nan,nan,0.0,34,64,,True,False,"HTTPConnectionPool(host='gpu06', port=9004): Read timed out.",0,59.56268577710819
198,2026-09-21T07:59:17.098+00:00,2026-09-21T08:04:17.191+00:00,2026-09-21T08:04:17.191+00:00,False,1,0.0,,0.0,300093.828725,300093.828725,300093.828725,300093.828725,300093.828725,300093.828725,nan,300093.828725,nan,nan,0.0,34,64,,True,False,"HTTPConnectionPool(host='gpu06', port=9004): Read timed out.",0,59.56268577710819
199,2026-09-21T07:59:17.535+00:00,2026-09-21T08:04:17.549+00:00,2026-09-21T08:04:17.549+00:00,False,1,0.0,,0.0,300013.77243400004,300013.77243400004,300013.77243400004,300013.77243400004,300013.77243400004,300013.77243400004,nan,300013.77243400004,nan,nan,0.0,34,64,,True,False,TTFT timeout: 300.0s exceeded (TTFT: 300.009s),0,59.56268577710819
200,2026-09-21T07:59:18.001+00:00,2026-09-21T08:04:18.033+00:00,2026-09-21T08:04:18.033+00:00,False,1,0.0,,0.0,300032.647223,300032.647223,300032.647223,300032.647223,300032.647223,300032.647223,nan,300032.647223,nan,nan,0.0,34,64,,True,False,TTFT timeout: 300.0s exceeded (TTFT: 300.009s),0,59.56268577710819
202,2026-09-21T07:59:19.336+00:00,2026-09-21T08:04:18.821+00:00,2026-09-21T08:04:19.737+00:00,False,15,14.0,,14.0,299485.293832,300401.508872,300401.508951,20026.7672634,0.06969,299485.293832,77309.87835933546,89926.208831,65.44393142857143,30.394916472893023,0.04660429320934387,34,64,,True,False,Request timeout: 300.0s exceeded,25,59.56268577710819
201,2026-09-21T07:59:19.329+00:00,2026-09-21T08:04:20.019+00:00,2026-09-21T08:04:20.019+00:00,False,1,0.0,,0.0,300689.939868,300689.939868,300689.939868,300689.939868,300689.939868,300689.939868,nan,300689.939868,nan,nan,0.0,34,64,,True,False,"HTTPConnectionPool(host='gpu06', port=9004): Read timed out.",0,59.56268577710819
203,2026-09-21T07:59:19.878+00:00,2026-09-21T08:04:20.399+00:00,2026-09-21T08:04:20.399+00:00,False,1,0.0,,0.0,300521.126238,300521.126238,300521.126238,300521.126238,300521.126238,300521.126238,nan,300521.126238,nan,nan,0.0,34,64,,True,False,"HTTPConnectionPool(host='gpu06', port=9004): Read timed out.",0,59.56268577710819
204,2026-09-21T07:59:19.909+00:00,2026-09-21T08:04:20.647+00:00,2026-09-21T08:04:21.360+00:00,False,10,9.0,,9.0,300738.68812,301451.142008,301451.142025,30145.1142025,0.02249,300738.68812,95076.90062008402,165484.0530928,79.1615431111111,46.71106931318998,0.029855584357882964,34,64,,True,False,Request timeout: 300.0s exceeded,22,59.56268577710819
205,2026-09-21T07:59:20.160+00:00,2026-09-21T08:04:21.356+00:00,2026-09-21T08:04:21.406+00:00,False,3,2.0,,2.0,301196.51731300005,301245.84544100007,301245.84538400004,100415.28179466668,0.03477,301196.51731300005,173881.65230639506,271081.79491180007,24.664064,34.83101655265043,0.006639095709592802,34,64,,True,False,Request timeout: 300.0s exceeded,6,59.56268577710819
206,2026-09-21T07:59:20.393+00:00,2026-09-21T08:04:21.565+00:00,2026-09-21T08:04:21.565+00:00,False,1,0.0,,0.0,301172.545406,301172.545406,301172.545406,301172.545406,301172.545406,301172.545406,nan,301172.545406,nan,nan,0.0,34,64,,True,False,"HTTPConnectionPool(host='gpu06', port=9004): Read timed out.",0,59.56268577710819
209,2026-09-21T07:59:21.567+00:00,2026-09-21T08:04:21.899+00:00,2026-09-21T08:04:21.899+00:00,False,1,0.0,,0.0,300331.78803,300331.78803,300331.78803,300331.78803,300331.78803,300331.78803,nan,300331.78803,nan,nan,0.0,34,64,,True,False,"HTTPConnectionPool(host='gpu06', port=9004): Read timed out.",0,59.56268577710819
207,2026-09-21T07:59:20.753+00:00,2026-09-21T08:04:21.906+00:00,2026-09-21T08:04:21.906+00:00,False,1,0.0,,0.0,301153.39331300004,301153.39331300004,301153.39331300004,301153.39331300004,301153.39331300004,301153.39331300004,nan,301153.39331300004,nan,nan,0.0,34,64,,True,False,"HTTPConnectionPool(host='gpu06', port=9004): Read timed out.",0,59.56268577710819
211,2026-09-21T07:59:22.377+00:00,2026-09-21T08:04:23.269+00:00,2026-09-21T08:04:23.269+00:00,False,1,0.0,,0.0,300892.64110799995,300892.64110799995,300892.64110799995,300892.64110799995,300892.64110799995,300892.64110799995,nan,300892.64110799995,nan,nan,0.0,34,64,,True,False,"HTTPConnectionPool(host='gpu06', port=9004): Read timed out.",0,59.56268577710819
208,2026-09-21T07:59:21.170+00:00,2026-09-21T08:04:23.279+00:00,2026-09-21T08:04:23.279+00:00,False,1,0.0,,0.0,302109.527344,302109.527344,302109.527344,302109.527344,302109.527344,302109.527344,nan,302109.527344,nan,nan,0.0,34,64,,True,False,"HTTPConnectionPool(host='gpu06', port=9004): Read timed out.",0,59.56268577710819
213,2026-09-21T07:59:23.019+00:00,2026-09-21T08:04:23.296+00:00,2026-09-21T08:04:23.296+00:00,False,1,0.0,,0.0,300276.39088200004,300276.39088200004,300276.39088200004,300276.39088200004,300276.39088200004,300276.39088200004,nan,300276.39088200004,nan,nan,0.0,34,64,,True,False,"HTTPConnectionPool(host='gpu06', port=9004): Read timed out.",0,59.56268577710819
210,2026-09-21T07:59:21.953+00:00,2026-09-21T08:04:23.298+00:00,2026-09-21T08:04:23.298+00:00,False,1,0.0,,0.0,301344.146496,301344.146496,301344.146496,301344.146496,301344.146496,301344.146496,nan,301344.146496,nan,nan,0.0,34,64,,True,False,"HTTPConnectionPool(host='gpu06', port=9004): Read timed out.",0,59.56268577710819
212,2026-09-21T07:59:22.691+00:00,2026-09-21T08:04:23.316+00:00,2026-09-21T08:04:23.316+00:00,False,1,0.0,,0.0,300625.292281,300625.292281,300625.292281,300625.292281,300625.292281,300625.292281,nan,300625.292281,nan,nan,0.0,34,64,,True,False,"HTTPConnectionPool(host='gpu06', port=9004): Read timed out.",0,59.56268577710819
214,2026-09-21T07:59:23.363+00:00,2026-09-21T08:04:23.388+00:00,2026-09-21T08:04:23.388+00:00,False,1,0.0,,0.0,300025.209124,300025.209124,300025.209124,300025.209124,300025.209124,300025.209124,nan,300025.209124,nan,nan,0.0,34,64,,True,False,"HTTPConnectionPool(host='gpu06', port=9004): Read timed out.",0,59.56268577710819
215,2026-09-21T07:59:23.690+00:00,2026-09-21T08:04:23.738+00:00,2026-09-21T08:04:23.738+00:00,False,1,0.0,,0.0,300047.24487199995,300047.24487199995,300047.24487199995,300047.24487199995,300047.24487199995,300047.24487199995,nan,300047.24487199995,nan,nan,0.0,34,64,,True,False,"HTTPConnectionPool(host='gpu06', port=9004): Read timed out.",0,59.56268577710819
216,2026-09-21T07:59:24.181+00:00,2026-09-21T08:04:24.288+00:00,2026-09-21T08:04:24.288+00:00,False,1,0.0,,0.0,300107.39972000004,300107.39972000004,300107.39972000004,300107.39972000004,300107.39972000004,300107.39972000004,nan,300107.39972000004,nan,nan,0.0,34,64,,True,False,"HTTPConnectionPool(host='gpu06', port=9004): Read timed out.",0,59.56268577710819
217,2026-09-21T07:59:24.592+00:00,2026-09-21T08:04:24.669+00:00,2026-09-21T08:04:24.669+00:00,False,1,0.0,,0.0,300076.51623199997,300076.51623199997,300076.51623199997,300076.51623199997,300076.51623199997,300076.51623199997,nan,300076.51623199997,nan,nan,0.0,34,64,,True,False,"HTTPConnectionPool(host='gpu06', port=9004): Read timed out.",0,59.56268577710819
218,2026-09-21T07:59:25.065+00:00,2026-09-21T08:04:25.135+00:00,2026-09-21T08:04:25.135+00:00,False,1,0.0,,0.0,300069.57101,300069.57101,300069.57101,300069.57101,300069.57101,300069.57101,nan,300069.57101,nan,nan,0.0,34,64,,True,False,TTFT timeout: 300.0s exceeded (TTFT: 300.067s),0,59.56268577710819
219,2026-09-21T07:59:25.553+00:00,2026-09-21T08:04:25.529+00:00,2026-09-21T08:04:25.641+00:00,False,3,2.0,,2.0,299976.55232599995,300087.9950139999,300087.9947989999,100029.33159966665,0.02851,299976.55232599995,173159.38152124063,269990.03848969995,55.721344,78.76133206719632,0.0066647117953075544,34,64,,True,False,Request timeout: 300.0s exceeded,6,59.56268577710819
220,2026-09-21T07:59:26.043+00:00,2026-09-21T08:04:26.152+00:00,2026-09-21T08:04:26.152+00:00,False,1,0.0,,0.0,300109.767255,300109.767255,300109.767255,300109.767255,300109.767255,300109.767255,nan,300109.767255,nan,nan,0.0,34,64,,True,False,"HTTPConnectionPool(host='gpu06', port=9004): Read timed out.",0,59.56268577710819
221,2026-09-21T07:59:26.357+00:00,2026-09-21T08:04:26.380+00:00,2026-09-21T08:04:26.380+00:00,False,1,0.0,,0.0,300023.21930299996,300023.21930299996,300023.21930299996,300023.21930299996,300023.21930299996,300023.21930299996,nan,300023.21930299996,nan,nan,0.0,34,64,,True,False,"HTTPConnectionPool(host='gpu06', port=9004): Read timed out.",0,59.56268577710819
222,2026-09-21T07:59:26.662+00:00,2026-09-21T08:04:26.766+00:00,2026-09-21T08:04:26.766+00:00,False,1,0.0,,0.0,300103.80154400005,300103.80154400005,300103.80154400005,300103.80154400005,300103.80154400005,300103.80154400005,nan,300103.80154400005,nan,nan,0.0,34,64,,True,False,"HTTPConnectionPool(host='gpu06', port=9004): Read timed out.",0,59.56268577710819
223,2026-09-21T07:59:27.033+00:00,2026-09-21T08:04:27.086+00:00,2026-09-21T08:04:27.086+00:00,False,1,0.0,,0.0,300052.509188,300052.509188,300052.509188,300052.509188,300052.509188,300052.509188,nan,300052.509188,nan,nan,0.0,34,64,,True,False,TTFT timeout: 300.0s exceeded (TTFT: 300.044s),0,59.56268577710819
224,2026-09-21T07:59:27.340+00:00,2026-09-21T08:04:27.446+00:00,2026-09-21T08:04:27.446+00:00,False,1,0.0,,0.0,300105.505338,300105.505338,300105.505338,300105.505338,300105.505338,300105.505338,nan,300105.505338,nan,nan,0.0,34,64,,True,False,"HTTPConnectionPool(host='gpu06', port=9004): Read timed out.",0,59.56268577710819
225,2026-09-21T07:59:27.653+00:00,2026-09-21T08:04:27.660+00:00,2026-09-21T08:04:27.763+00:00,False,3,2.0,,2.0,300006.32797600003,300110.070696,300110.07086800004,100036.69028933335,0.03202,300006.32797600003,173178.79398104333,270016.06626560003,51.87136,73.31192597674134,0.006664221548319593,34,64,,True,False,Request timeout: 300.0s exceeded,4,59.56268577710819
226,2026-09-21T07:59:28.058+00:00,2026-09-21T08:04:28.120+00:00,2026-09-21T08:04:28.120+00:00,False,1,0.0,,0.0,300061.670189,300061.670189,300061.670189,300061.670189,300061.670189,300061.670189,nan,300061.670189,nan,nan,0.0,34,64,,True,False,"HTTPConnectionPool(host='gpu06', port=9004): Read timed out.",0,59.56268577710819
227,2026-09-21T07:59:28.434+00:00,2026-09-21T08:04:28.544+00:00,2026-09-21T08:04:28.544+00:00,False,1,0.0,,0.0,300109.634625,300109.634625,300109.634625,300109.634625,300109.634625,300109.634625,nan,300109.634625,nan,nan,0.0,34,64,,True,False,"HTTPConnectionPool(host='gpu06', port=9004): Read timed out.",0,59.56268577710819
228,2026-09-21T07:59:28.782+00:00,2026-09-21T08:04:28.836+00:00,2026-09-21T08:04:28.836+00:00,False,1,0.0,,0.0,300054.448601,300054.448601,300054.448601,300054.448601,300054.448601,300054.448601,nan,300054.448601,nan,nan,0.0,34,64,,True,False,TTFT timeout: 300.0s exceeded (TTFT: 300.051s),0,59.56268577710819
229,2026-09-21T07:59:29.279+00:00,2026-09-21T08:04:29.395+00:00,2026-09-21T08:04:29.395+00:00,False,1,0.0,,0.0,300116.124379,300116.124379,300116.124379,300116.124379,300116.124379,300116.124379,nan,300116.124379,nan,nan,0.0,34,64,,True,False,"HTTPConnectionPool(host='gpu06', port=9004): Read timed out.",0,59.56268577710819
230,2026-09-21T07:59:29.773+00:00,2026-09-21T08:04:29.751+00:00,2026-09-21T08:04:29.825+00:00,False,3,2.0,,2.0,299978.628333,300052.381421,300052.381544,100017.46051466667,0.031,299978.628333,173171.45502089077,269988.1377208,36.876544,52.107501978940114,0.006665502838298834,34,64,,True,False,Request timeout: 300.0s exceeded,9,59.56268577710819
231,2026-09-21T07:59:30.253+00:00,2026-09-21T08:04:30.334+00:00,2026-09-21T08:04:30.334+00:00,False,1,0.0,,0.0,300081.425943,300081.425943,300081.425943,300081.425943,300081.425943,300081.425943,nan,300081.425943,nan,nan,0.0,34,64,,True,False,"HTTPConnectionPool(host='gpu06', port=9004): Read timed out.",0,59.56268577710819
232,2026-09-21T07:59:30.693+00:00,2026-09-21T08:04:30.800+00:00,2026-09-21T08:04:30.800+00:00,False,1,0.0,,0.0,300106.822394,300106.822394,300106.822394,300106.822394,300106.822394,300106.822394,nan,300106.822394,nan,nan,0.0,34,64,,True,False,"HTTPConnectionPool(host='gpu06', port=9004): Read timed out.",0,59.56268577710819
233,2026-09-21T07:59:31.013+00:00,2026-09-21T08:04:31.106+00:00,2026-09-21T08:04:31.106+00:00,False,1,0.0,,0.0,300093.422642,300093.422642,300093.422642,300093.422642,300093.422642,300093.422642,nan,300093.422642,nan,nan,0.0,34,64,,True,False,"HTTPConnectionPool(host='gpu06', port=9004): Read timed out.",0,59.56268577710819
234,2026-09-21T07:59:31.324+00:00,2026-09-21T08:04:31.429+00:00,2026-09-21T08:04:31.429+00:00,False,1,0.0,,0.0,300105.173302,300105.173302,300105.173302,300105.173302,300105.173302,300105.173302,nan,300105.173302,nan,nan,0.0,34,64,,True,False,"HTTPConnectionPool(host='gpu06', port=9004): Read timed out.",0,59.56268577710819
235,2026-09-21T07:59:31.668+00:00,2026-09-21T08:04:31.691+00:00,2026-09-21T08:04:32.914+00:00,False,21,20.0,,20.0,300022.834967,301246.348311,301246.348423,14345.064210619048,0.05062,300022.834967,65457.008585124604,187.47968400000002,61.1756672,33.49681994373187,0.06639084626962,34,64,,True,False,Request timeout: 300.0s exceeded,60,59.56268577710819
236,2026-09-21T07:59:32.002+00:00,2026-09-21T08:04:31.946+00:00,2026-09-21T08:04:32.960+00:00,False,20,19.0,,19.0,299944.37968300004,300958.02192300005,300958.02175400004,15047.901087700002,0.03977,299944.37968300004,67057.67485531174,15074.713468100003,53.34959157894737,16.574895486787234,0.06313172806824581,34,64,,True,False,Request timeout: 300.0s exceeded,171,59.56268577710819
238,2026-09-21T07:59:32.861+00:00,2026-09-21T08:04:32.692+00:00,2026-09-21T08:04:33.013+00:00,False,8,7.0,,7.0,299830.850963,300151.65992299997,300151.66001,37518.95750125,0.04871,299830.850963,105990.0123757856,194911.86393315,45.82985142857142,20.607249245086212,0.023321543521684203,34,64,,True,False,Request timeout: 300.0s exceeded,42,59.56268577710819
239,2026-09-21T07:59:33.155+00:00,2026-09-21T08:04:33.165+00:00,2026-09-21T08:04:33.165+00:00,False,1,0.0,,0.0,300010.060937,300010.060937,300010.060937,300010.060937,300010.060937,300010.060937,nan,300010.060937,nan,nan,0.0,34,64,,True,False,"HTTPConnectionPool(host='gpu06', port=9004): Read timed out.",0,59.56268577710819
240,2026-09-21T07:59:33.442+00:00,2026-09-21T08:04:33.501+00:00,2026-09-21T08:04:33.501+00:00,False,1,0.0,,0.0,300059.797939,300059.797939,300059.797939,300059.797939,300059.797939,300059.797939,nan,300059.797939,nan,nan,0.0,34,64,,True,False,"HTTPConnectionPool(host='gpu06', port=9004): Read timed out.",0,59.56268577710819
237,2026-09-21T07:59:32.403+00:00,2026-09-21T08:04:33.522+00:00,2026-09-21T08:04:33.522+00:00,False,1,0.0,,0.0,301118.508281,301118.508281,301118.508281,301118.508281,301118.508281,301118.508281,nan,301118.508281,nan,nan,0.0,34,64,,True,False,"HTTPConnectionPool(host='gpu06', port=9004): Read timed out.",0,59.56268577710819
242,2026-09-21T07:59:34.903+00:00,2026-09-21T08:04:34.283+00:00,2026-09-21T08:04:35.157+00:00,False,17,16.0,,16.0,299380.23424699996,300254.16423099994,300254.16440499993,17662.00967088235,0.04011,299380.23424699996,72597.12747753787,59960.811970999996,54.620624,20.413866983933392,0.05328818682990998,34,64,,True,False,Request timeout: 300.0s exceeded,38,59.56268577710819
241,2026-09-21T07:59:34.840+00:00,2026-09-21T08:04:34.286+00:00,2026-09-21T08:04:34.386+00:00,True,2,2.0,,2.0,299446.319493,299546.171269,299546.171365,149773.0856825,99.851872,299446.319493,211669.91717904838,284478.99611194996,99.851776,nan,0.006676767029026554,34,64,,True,True,,4,59.56268577710819
245,2026-09-21T07:59:35.401+00:00,2026-09-21T08:04:35.525+00:00,2026-09-21T08:04:35.525+00:00,False,1,0.0,,0.0,300124.047468,300124.047468,300124.047468,300124.047468,300124.047468,300124.047468,nan,300124.047468,nan,nan,0.0,34,64,,True,False,"HTTPConnectionPool(host='gpu06', port=9004): Read timed out.",0,59.56268577710819
243,2026-09-21T07:59:34.914+00:00,2026-09-21T08:04:35.548+00:00,2026-09-21T08:04:35.548+00:00,False,1,0.0,,0.0,300634.534272,300634.534272,300634.534272,300634.534272,300634.534272,300634.534272,nan,300634.534272,nan,nan,0.0,34,64,,True,False,"HTTPConnectionPool(host='gpu06', port=9004): Read timed out.",0,59.56268577710819
244,2026-09-21T07:59:35.146+00:00,2026-09-21T08:04:35.736+00:00,2026-09-21T08:04:35.736+00:00,False,1,0.0,,0.0,300589.540636,300589.540636,300589.540636,300589.540636,300589.540636,300589.540636,nan,300589.540636,nan,nan,0.0,34,64,,True,False,"HTTPConnectionPool(host='gpu06', port=9004): Read timed out.",0,59.56268577710819
246,2026-09-21T07:59:35.790+00:00,2026-09-21T08:04:36.135+00:00,2026-09-21T08:04:36.135+00:00,False,1,0.0,,0.0,300344.785059,300344.785059,300344.785059,300344.785059,300344.785059,300344.785059,nan,300344.785059,nan,nan,0.0,34,64,,True,False,"HTTPConnectionPool(host='gpu06', port=9004): Read timed out.",0,59.56268577710819
247,2026-09-21T07:59:36.070+00:00,2026-09-21T08:04:36.241+00:00,2026-09-21T08:04:36.241+00:00,False,1,0.0,,0.0,300171.248247,300171.248247,300171.248247,300171.248247,300171.248247,300171.248247,nan,300171.248247,nan,nan,0.0,34,64,,True,False,"HTTPConnectionPool(host='gpu06', port=9004): Read timed out.",0,59.56268577710819
248,2026-09-21T07:59:36.517+00:00,2026-09-21T08:04:36.609+00:00,2026-09-21T08:04:36.609+00:00,False,1,0.0,,0.0,300091.800236,300091.800236,300091.800236,300091.800236,300091.800236,300091.800236,nan,300091.800236,nan,nan,0.0,34,64,,True,False,"HTTPConnectionPool(host='gpu06', port=9004): Read timed out.",0,59.56268577710819
249,2026-09-21T07:59:36.853+00:00,2026-09-21T08:04:36.943+00:00,2026-09-21T08:04:36.943+00:00,False,1,0.0,,0.0,300090.684706,300090.684706,300090.684706,300090.684706,300090.684706,300090.684706,nan,300090.684706,nan,nan,0.0,34,64,,True,False,"HTTPConnectionPool(host='gpu06', port=9004): Read timed out.",0,59.56268577710819
250,2026-09-21T07:59:37.211+00:00,2026-09-21T08:04:37.312+00:00,2026-09-21T08:04:37.312+00:00,False,1,0.0,,0.0,300101.60930199997,300101.60930199997,300101.60930199997,300101.60930199997,300101.60930199997,300101.60930199997,nan,300101.60930199997,nan,nan,0.0,34,64,,True,False,"HTTPConnectionPool(host='gpu06', port=9004): Read timed out.",0,59.56268577710819
251,2026-09-21T07:59:37.584+00:00,2026-09-21T08:04:37.655+00:00,2026-09-21T08:04:37.655+00:00,False,1,0.0,,0.0,300071.59130800003,300071.59130800003,300071.59130800003,300071.59130800003,300071.59130800003,300071.59130800003,nan,300071.59130800003,nan,nan,0.0,34,64,,True,False,TTFT timeout: 300.0s exceeded (TTFT: 300.067s),0,59.56268577710819
252,2026-09-21T07:59:37.953+00:00,2026-09-21T08:04:37.911+00:00,2026-09-21T08:04:38.080+00:00,False,3,2.0,,2.0,299958.67358,300126.946476,300126.94658,100042.31552666667,0.03598,299958.67358,173132.66513248993,269979.629924,84.136448,118.93622043742322,0.006663846827095655,34,64,,True,False,Request timeout: 300.0s exceeded,15,59.56268577710819
253,2026-09-21T07:59:38.264+00:00,2026-09-21T08:04:38.251+00:00,2026-09-21T08:04:38.297+00:00,False,3,2.0,,2.0,299986.866672,300032.38244799996,300032.382619,100010.79420633333,0.07442,299986.866672,173184.36038984227,269992.72415749996,22.757888,32.07952264569733,0.006665947134378502,34,64,,True,False,Request timeout: 300.0s exceeded,12,59.56268577710819
254,2026-09-21T07:59:38.602+00:00,2026-09-21T08:04:38.701+00:00,2026-09-21T08:04:38.701+00:00,False,1,0.0,,0.0,300099.558785,300099.558785,300099.558785,300099.558785,300099.558785,300099.558785,nan,300099.558785,nan,nan,0.0,34,64,,True,False,"HTTPConnectionPool(host='gpu06', port=9004): Read timed out.",0,59.56268577710819
255,2026-09-21T07:59:38.878+00:00,2026-09-21T08:04:38.983+00:00,2026-09-21T08:04:38.983+00:00,False,1,0.0,,0.0,300104.95242299995,300104.95242299995,300104.95242299995,300104.95242299995,300104.95242299995,300104.95242299995,nan,300104.95242299995,nan,nan,0.0,34,64,,True,False,"HTTPConnectionPool(host='gpu06', port=9004): Read timed out.",0,59.56268577710819
256,2026-09-21T07:59:39.372+00:00,2026-09-21T08:04:39.453+00:00,2026-09-21T08:04:39.453+00:00,False,1,0.0,,0.0,300081.21483099996,300081.21483099996,300081.21483099996,300081.21483099996,300081.21483099996,300081.21483099996,nan,300081.21483099996,nan,nan,0.0,34,64,,True,False,"HTTPConnectionPool(host='gpu06', port=9004): Read timed out.",0,59.56268577710819
257,2026-09-21T07:59:39.865+00:00,2026-09-21T08:04:39.975+00:00,2026-09-21T08:04:39.975+00:00,False,1,0.0,,0.0,300110.116036,300110.116036,300110.116036,300110.116036,300110.116036,300110.116036,nan,300110.116036,nan,nan,0.0,34,64,,True,False,"HTTPConnectionPool(host='gpu06', port=9004): Read timed out.",0,59.56268577710819
258,2026-09-21T07:59:40.269+00:00,2026-09-21T08:04:40.379+00:00,2026-09-21T08:04:40.379+00:00,False,1,0.0,,0.0,300110.165056,300110.165056,300110.165056,300110.165056,300110.165056,300110.165056,nan,300110.165056,nan,nan,0.0,34,64,,True,False,"HTTPConnectionPool(host='gpu06', port=9004): Read timed out.",0,59.56268577710819
259,2026-09-21T07:59:40.605+00:00,2026-09-21T08:04:40.625+00:00,2026-09-21T08:04:40.625+00:00,False,1,0.0,,0.0,300020.212872,300020.212872,300020.212872,300020.212872,300020.212872,300020.212872,nan,300020.212872,nan,nan,0.0,34,64,,True,False,TTFT timeout: 300.0s exceeded (TTFT: 300.015s),0,59.56268577710819
260,2026-09-21T07:59:41.061+00:00,2026-09-21T08:04:41.162+00:00,2026-09-21T08:04:41.162+00:00,False,1,0.0,,0.0,300100.818478,300100.818478,300100.818478,300100.818478,300100.818478,300100.818478,nan,300100.818478,nan,nan,0.0,34,64,,True,False,"HTTPConnectionPool(host='gpu06', port=9004): Read timed out.",0,59.56268577710819
261,2026-09-21T07:59:41.439+00:00,2026-09-21T08:04:41.541+00:00,2026-09-21T08:04:41.541+00:00,False,1,0.0,,0.0,300102.064091,300102.064091,300102.064091,300102.064091,300102.064091,300102.064091,nan,300102.064091,nan,nan,0.0,34,64,,True,False,"HTTPConnectionPool(host='gpu06', port=9004): Read timed out.",0,59.56268577710819
262,2026-09-21T07:59:41.803+00:00,2026-09-21T08:04:41.907+00:00,2026-09-21T08:04:41.907+00:00,False,1,0.0,,0.0,300104.341337,300104.341337,300104.341337,300104.341337,300104.341337,300104.341337,nan,300104.341337,nan,nan,0.0,34,64,,True,False,"HTTPConnectionPool(host='gpu06', port=9004): Read timed out.",0,59.56268577710819
263,2026-09-21T07:59:42.196+00:00,2026-09-21T08:04:42.194+00:00,2026-09-21T08:04:42.455+00:00,False,3,2.0,,2.0,299998.236636,300259.572444,300259.57230999996,100086.52410333333,0.03542,299998.236636,173128.67085100617,270024.5429978,130.667904,184.7419986282621,0.006660903376770813,34,64,,True,False,Request timeout: 300.0s exceeded,4,59.56268577710819
264,2026-09-21T07:59:42.544+00:00,2026-09-21T08:04:42.600+00:00,2026-09-21T08:04:42.600+00:00,False,1,0.0,,0.0,300056.24233,300056.24233,300056.24233,300056.24233,300056.24233,300056.24233,nan,300056.24233,nan,nan,0.0,34,64,,True,False,TTFT timeout: 300.0s exceeded (TTFT: 300.047s),0,59.56268577710819
265,2026-09-21T07:59:42.843+00:00,2026-09-21T08:04:42.944+00:00,2026-09-21T08:04:42.944+00:00,False,1,0.0,,0.0,300100.967533,300100.967533,300100.967533,300100.967533,300100.967533,300100.967533,nan,300100.967533,nan,nan,0.0,34,64,,True,False,"HTTPConnectionPool(host='gpu06', port=9004): Read timed out.",0,59.56268577710819
266,2026-09-21T07:59:43.238+00:00,2026-09-21T08:04:43.269+00:00,2026-09-21T08:04:43.269+00:00,False,1,0.0,,0.0,300031.53218800004,300031.53218800004,300031.53218800004,300031.53218800004,300031.53218800004,300031.53218800004,nan,300031.53218800004,nan,nan,0.0,34,64,,True,False,"HTTPConnectionPool(host='gpu06', port=9004): Read timed out.",0,59.56268577710819
267,2026-09-21T07:59:43.566+00:00,2026-09-21T08:04:43.671+00:00,2026-09-21T08:04:43.671+00:00,False,1,0.0,,0.0,300105.773214,300105.773214,300105.773214,300105.773214,300105.773214,300105.773214,nan,300105.773214,nan,nan,0.0,34,64,,True,False,"HTTPConnectionPool(host='gpu06', port=9004): Read timed out.",0,59.56268577710819
268,2026-09-21T07:59:43.990+00:00,2026-09-21T08:04:44.102+00:00,2026-09-21T08:04:44.102+00:00,False,1,0.0,,0.0,300111.812881,300111.812881,300111.812881,300111.812881,300111.812881,300111.812881,nan,300111.812881,nan,nan,0.0,34,64,,True,False,"HTTPConnectionPool(host='gpu06', port=9004): Read timed out.",0,59.56268577710819
269,2026-09-21T07:59:44.263+00:00,2026-09-21T08:04:44.364+00:00,2026-09-21T08:04:44.364+00:00,False,1,0.0,,0.0,300100.483081,300100.483081,300100.483081,300100.483081,300100.483081,300100.483081,nan,300100.483081,nan,nan,0.0,34,64,,True,False,"HTTPConnectionPool(host='gpu06', port=9004): Read timed out.",0,59.56268577710819
270,2026-09-21T07:59:44.591+00:00,2026-09-21T08:04:44.637+00:00,2026-09-21T08:04:44.637+00:00,False,1,0.0,,0.0,300046.428335,300046.428335,300046.428335,300046.428335,300046.428335,300046.428335,nan,300046.428335,nan,nan,0.0,34,64,,True,False,TTFT timeout: 300.0s exceeded (TTFT: 300.039s),0,59.56268577710819
271,2026-09-21T07:59:44.885+00:00,2026-09-21T08:04:44.922+00:00,2026-09-21T08:04:44.922+00:00,False,1,0.0,,0.0,300037.482322,300037.482322,300037.482322,300037.482322,300037.482322,300037.482322,nan,300037.482322,nan,nan,0.0,34,64,,True,False,TTFT timeout: 300.0s exceeded (TTFT: 300.026s),0,59.56268577710819
272,2026-09-21T07:59:45.280+00:00,2026-09-21T08:04:45.604+00:00,2026-09-21T08:04:47.033+00:00,False,22,21.0,,21.0,300324.191525,301752.457765,301752.457808,13716.020809454545,0.040159999999999994,300324.191525,64014.840973870945,168.80783970000002,68.01267809523809,33.91044424389469,0.06959346795562629,34,64,,True,False,Request timeout: 300.0s exceeded,126,59.56268577710819
273,2026-09-21T07:59:45.623+00:00,2026-09-21T08:04:46.203+00:00,2026-09-21T08:04:47.074+00:00,False,17,16.0,,16.0,300579.843828,301450.482932,301450.482915,17732.381347941177,0.02763,300579.843828,72888.12461757365,60178.37414640001,54.414944,17.114124096639056,0.05307671045797998,34,64,,True,False,Request timeout: 300.0s exceeded,18,59.56268577710819
274,2026-09-21T07:59:46.035+00:00,2026-09-21T08:04:47.210+00:00,2026-09-21T08:04:47.210+00:00,False,1,0.0,,0.0,301174.710741,301174.710741,301174.710741,301174.710741,301174.710741,301174.710741,nan,301174.710741,nan,nan,0.0,34,64,,True,False,"HTTPConnectionPool(host='gpu06', port=9004): Read timed out.",0,59.56268577710819
277,2026-09-21T07:59:47.219+00:00,2026-09-21T08:04:47.352+00:00,2026-09-21T08:04:47.352+00:00,False,1,0.0,,0.0,300133.33153799997,300133.33153799997,300133.33153799997,300133.33153799997,300133.33153799997,300133.33153799997,nan,300133.33153799997,nan,nan,0.0,34,64,,True,False,"HTTPConnectionPool(host='gpu06', port=9004): Read timed out.",0,59.56268577710819
275,2026-09-21T07:59:46.394+00:00,2026-09-21T08:04:47.529+00:00,2026-09-21T08:04:47.529+00:00,False,1,0.0,,0.0,301134.253719,301134.253719,301134.253719,301134.253719,301134.253719,301134.253719,nan,301134.253719,nan,nan,0.0,34,64,,True,False,"HTTPConnectionPool(host='gpu06', port=9004): Read timed out.",0,59.56268577710819
278,2026-09-21T07:59:47.680+00:00,2026-09-21T08:04:47.696+00:00,2026-09-21T08:04:47.696+00:00,False,1,0.0,,0.0,300016.658076,300016.658076,300016.658076,300016.658076,300016.658076,300016.658076,nan,300016.658076,nan,nan,0.0,34,64,,True,False,"HTTPConnectionPool(host='gpu06', port=9004): Read timed out.",0,59.56268577710819
276,2026-09-21T07:59:46.803+00:00,2026-09-21T08:04:47.865+00:00,2026-09-21T08:04:47.865+00:00,False,1,0.0,,0.0,301061.575733,301061.575733,301061.575733,301061.575733,301061.575733,301061.575733,nan,301061.575733,nan,nan,0.0,34,64,,True,False,"HTTPConnectionPool(host='gpu06', port=9004): Read timed out.",0,59.56268577710819
279,2026-09-21T07:59:48.109+00:00,2026-09-21T08:04:48.234+00:00,2026-09-21T08:04:48.234+00:00,False,1,0.0,,0.0,300125.17636599997,300125.17636599997,300125.17636599997,300125.17636599997,300125.17636599997,300125.17636599997,nan,300125.17636599997,nan,nan,0.0,34,64,,True,False,"HTTPConnectionPool(host='gpu06', port=9004): Read timed out.",0,59.56268577710819
280,2026-09-21T07:59:48.554+00:00,2026-09-21T08:04:48.670+00:00,2026-09-21T08:04:48.670+00:00,False,1,0.0,,0.0,300115.94816,300115.94816,300115.94816,300115.94816,300115.94816,300115.94816,nan,300115.94816,nan,nan,0.0,34,64,,True,False,"HTTPConnectionPool(host='gpu06', port=9004): Read timed out.",0,59.56268577710819
281,2026-09-21T07:59:48.943+00:00,2026-09-21T08:04:49.024+00:00,2026-09-21T08:04:49.024+00:00,False,1,0.0,,0.0,300080.356494,300080.356494,300080.356494,300080.356494,300080.356494,300080.356494,nan,300080.356494,nan,nan,0.0,34,64,,True,False,TTFT timeout: 300.0s exceeded (TTFT: 300.065s),0,59.56268577710819
282,2026-09-21T07:59:49.253+00:00,2026-09-21T08:04:49.284+00:00,2026-09-21T08:04:49.284+00:00,False,1,0.0,,0.0,300030.843421,300030.843421,300030.843421,300030.843421,300030.843421,300030.843421,nan,300030.843421,nan,nan,0.0,34,64,,True,False,TTFT timeout: 300.0s exceeded (TTFT: 300.015s),0,59.56268577710819
283,2026-09-21T07:59:49.544+00:00,2026-09-21T08:04:49.646+00:00,2026-09-21T08:04:49.646+00:00,False,1,0.0,,0.0,300102.330283,300102.330283,300102.330283,300102.330283,300102.330283,300102.330283,nan,300102.330283,nan,nan,0.0,34,64,,True,False,"HTTPConnectionPool(host='gpu06', port=9004): Read timed out.",0,59.56268577710819
284,2026-09-21T07:59:49.965+00:00,2026-09-21T08:04:50.066+00:00,2026-09-21T08:04:50.066+00:00,False,1,0.0,,0.0,300101.81808999996,300101.81808999996,300101.81808999996,300101.81808999996,300101.81808999996,300101.81808999996,nan,300101.81808999996,nan,nan,0.0,34,64,,True,False,"HTTPConnectionPool(host='gpu06', port=9004): Read timed out.",0,59.56268577710819
285,2026-09-21T07:59:50.285+00:00,2026-09-21T08:04:50.376+00:00,2026-09-21T08:04:50.376+00:00,False,1,0.0,,0.0,300091.435853,300091.435853,300091.435853,300091.435853,300091.435853,300091.435853,nan,300091.435853,nan,nan,0.0,34,64,,True,False,"HTTPConnectionPool(host='gpu06', port=9004): Read timed out.",0,59.56268577710819
286,2026-09-21T07:59:50.782+00:00,2026-09-21T08:04:50.894+00:00,2026-09-21T08:04:50.894+00:00,False,1,0.0,,0.0,300112.327648,300112.327648,300112.327648,300112.327648,300112.327648,300112.327648,nan,300112.327648,nan,nan,0.0,34,64,,True,False,"HTTPConnectionPool(host='gpu06', port=9004): Read timed out.",0,59.56268577710819
287,2026-09-21T07:59:51.093+00:00,2026-09-21T08:04:51.074+00:00,2026-09-21T08:04:51.339+00:00,False,3,2.0,,2.0,299980.8836,300245.893008,300245.892933,100081.964311,0.03046,299980.8836,173117.5929797373,270009.2931273,132.504704,187.34686687306836,0.006661206852700265,34,64,,True,False,Request timeout: 300.0s exceeded,6,59.56268577710819
288,2026-09-21T07:59:51.459+00:00,2026-09-21T08:04:51.463+00:00,2026-09-21T08:04:51.566+00:00,False,3,2.0,,2.0,300003.582934,300106.997718,300106.99781800003,100035.66593933334,0.03179,300003.582934,173177.3037691788,270013.56295,51.707392,73.08040224601811,0.006664289787335548,34,64,,True,False,Request timeout: 300.0s exceeded,7,59.56268577710819
289,2026-09-21T07:59:51.730+00:00,2026-09-21T08:04:51.851+00:00,2026-09-21T08:04:51.851+00:00,False,1,0.0,,0.0,300121.033206,300121.033206,300121.033206,300121.033206,300121.033206,300121.033206,nan,300121.033206,nan,nan,0.0,34,64,,True,False,"HTTPConnectionPool(host='gpu06', port=9004): Read timed out.",0,59.56268577710819
290,2026-09-21T07:59:52.073+00:00,2026-09-21T08:04:52.094+00:00,2026-09-21T08:04:52.094+00:00,False,1,0.0,,0.0,300020.905961,300020.905961,300020.905961,300020.905961,300020.905961,300020.905961,nan,300020.905961,nan,nan,0.0,34,64,,True,False,"HTTPConnectionPool(host='gpu06', port=9004): Read timed out.",0,59.56268577710819
291,2026-09-21T07:59:52.365+00:00,2026-09-21T08:04:52.481+00:00,2026-09-21T08:04:52.481+00:00,False,1,0.0,,0.0,300116.42500199995,300116.42500199995,300116.42500199995,300116.42500199995,300116.42500199995,300116.42500199995,nan,300116.42500199995,nan,nan,0.0,34,64,,True,False,"HTTPConnectionPool(host='gpu06', port=9004): Read timed out.",0,59.56268577710819
292,2026-09-21T07:59:52.669+00:00,2026-09-21T08:04:52.721+00:00,2026-09-21T08:04:52.721+00:00,False,1,0.0,,0.0,300052.03029,300052.03029,300052.03029,300052.03029,300052.03029,300052.03029,nan,300052.03029,nan,nan,0.0,34,64,,True,False,TTFT timeout: 300.0s exceeded (TTFT: 300.038s),0,59.56268577710819
294,2026-09-21T07:59:54.176+00:00,2026-09-21T08:04:52.867+00:00,2026-09-21T08:04:54.260+00:00,False,21,20.0,,20.0,298690.975729,300083.847153,300083.847204,14289.707009714286,0.038130000000000004,298690.975729,65164.54815180526,336.033119,69.6435712,65.28678996707117,0.06664803917220792,34,64,,True,False,Request timeout: 300.0s exceeded,20,59.56268577710819
295,2026-09-21T07:59:54.181+00:00,2026-09-21T08:04:53.198+00:00,2026-09-21T08:04:54.563+00:00,False,25,24.0,,24.0,299017.447658,300381.98628199997,300381.986204,12015.27944816,0.037520000000000005,299017.447658,59792.120866509766,93.5091822,56.855776,17.625097676128252,0.07989826652743648,34,64,,True,False,Request timeout: 300.0s exceeded,48,59.56268577710819
293,2026-09-21T07:59:54.110+00:00,2026-09-21T08:04:53.201+00:00,2026-09-21T08:04:54.509+00:00,False,24,23.0,,23.0,299090.151605,300398.355893,300398.355935,12516.598163958333,0.03362,299090.151605,61039.91356448783,89.4527338,56.87844730434783,17.079629541017297,0.07656499960403396,34,64,,True,False,Request timeout: 300.0s exceeded,75,59.56268577710819
296,2026-09-21T07:59:54.401+00:00,2026-09-21T08:04:54.775+00:00,2026-09-21T08:04:54.775+00:00,False,1,0.0,,0.0,300374.389302,300374.389302,300374.389302,300374.389302,300374.389302,300374.389302,nan,300374.389302,nan,nan,0.0,34,64,,True,False,"HTTPConnectionPool(host='gpu06', port=9004): Read timed out.",0,59.56268577710819
297,2026-09-21T07:59:54.934+00:00,2026-09-21T08:04:55.257+00:00,2026-09-21T08:04:55.257+00:00,False,1,0.0,,0.0,300323.223176,300323.223176,300323.223176,300323.223176,300323.223176,300323.223176,nan,300323.223176,nan,nan,0.0,34,64,,True,False,"HTTPConnectionPool(host='gpu06', port=9004): Read timed out.",0,59.56268577710819
298,2026-09-21T07:59:55.297+00:00,2026-09-21T08:04:55.535+00:00,2026-09-21T08:04:55.535+00:00,False,1,0.0,,0.0,300237.943627,300237.943627,300237.943627,300237.943627,300237.943627,300237.943627,nan,300237.943627,nan,nan,0.0,34,64,,True,False,"HTTPConnectionPool(host='gpu06', port=9004): Read timed out.",0,59.56268577710819
299,2026-09-21T07:59:55.625+00:00,2026-09-21T08:04:55.745+00:00,2026-09-21T08:04:55.745+00:00,False,1,0.0,,0.0,300120.63845599996,300120.63845599996,300120.63845599996,300120.63845599996,300120.63845599996,300120.63845599996,nan,300120.63845599996,nan,nan,0.0,34,64,,True,False,"HTTPConnectionPool(host='gpu06', port=9004): Read timed out.",0,59.56268577710819
300,2026-09-21T07:59:55.919+00:00,2026-09-21T08:04:56.023+00:00,2026-09-21T08:04:56.023+00:00,False,1,0.0,,0.0,300104.097273,300104.097273,300104.097273,300104.097273,300104.097273,300104.097273,nan,300104.097273,nan,nan,0.0,34,64,,True,False,"HTTPConnectionPool(host='gpu06', port=9004): Read timed out.",0,59.56268577710819
301,2026-09-21T07:59:56.396+00:00,2026-09-21T08:04:56.509+00:00,2026-09-21T08:04:56.509+00:00,False,1,0.0,,0.0,300112.481051,300112.481051,300112.481051,300112.481051,300112.481051,300112.481051,nan,300112.481051,nan,nan,0.0,34,64,,True,False,"HTTPConnectionPool(host='gpu06', port=9004): Read timed out.",0,59.56268577710819
302,2026-09-21T07:59:56.740+00:00,2026-09-21T08:04:56.848+00:00,2026-09-21T08:04:56.848+00:00,False,1,0.0,,0.0,300107.67913,300107.67913,300107.67913,300107.67913,300107.67913,300107.67913,nan,300107.67913,nan,nan,0.0,34,64,,True,False,"HTTPConnectionPool(host='gpu06', port=9004): Read timed out.",0,59.56268577710819
303,2026-09-21T07:59:57.134+00:00,2026-09-21T08:04:57.189+00:00,2026-09-21T08:04:57.189+00:00,False,1,0.0,,0.0,300054.513835,300054.513835,300054.513835,300054.513835,300054.513835,300054.513835,nan,300054.513835,nan,nan,0.0,34,64,,True,False,TTFT timeout: 300.0s exceeded (TTFT: 300.052s),0,59.56268577710819
304,2026-09-21T07:59:57.448+00:00,2026-09-21T08:04:57.446+00:00,2026-09-21T08:04:57.500+00:00,False,3,2.0,,2.0,299997.56857099995,300051.86924299994,300051.86927799997,100017.28975933332,0.04603,299997.56857099995,173188.0038277429,270003.23718159995,27.150336,38.33120643323234,0.006665514216078023,34,64,,True,False,Request timeout: 300.0s exceeded,2,59.56268577710819
305,2026-09-21T07:59:57.823+00:00,2026-09-21T08:04:57.924+00:00,2026-09-21T08:04:57.924+00:00,False,1,0.0,,0.0,300100.949879,300100.949879,300100.949879,300100.949879,300100.949879,300100.949879,nan,300100.949879,nan,nan,0.0,34,64,,True,False,"HTTPConnectionPool(host='gpu06', port=9004): Read timed out.",0,59.56268577710819
306,2026-09-21T07:59:58.183+00:00,2026-09-21T08:04:58.243+00:00,2026-09-21T08:04:58.243+00:00,False,1,0.0,,0.0,300059.71087699995,300059.71087699995,300059.71087699995,300059.71087699995,300059.71087699995,300059.71087699995,nan,300059.71087699995,nan,nan,0.0,34,64,,True,False,"HTTPConnectionPool(host='gpu06', port=9004): Read timed out.",0,59.56268577710819
307,2026-09-21T07:59:58.579+00:00,2026-09-21T08:04:58.604+00:00,2026-09-21T08:04:58.604+00:00,False,1,0.0,,0.0,300024.72178100003,300024.72178100003,300024.72178100003,300024.72178100003,300024.72178100003,300024.72178100003,nan,300024.72178100003,nan,nan,0.0,34,64,,True,False,"HTTPConnectionPool(host='gpu06', port=9004): Read timed out.",0,59.56268577710819
308,2026-09-21T07:59:59.027+00:00,2026-09-21T08:04:59.068+00:00,2026-09-21T08:04:59.068+00:00,False,1,0.0,,0.0,300041.545143,300041.545143,300041.545143,300041.545143,300041.545143,300041.545143,nan,300041.545143,nan,nan,0.0,34,64,,True,False,TTFT timeout: 300.0s exceeded (TTFT: 300.029s),0,59.56268577710819
309,2026-09-21T07:59:59.333+00:00,2026-09-21T08:04:59.371+00:00,2026-09-21T08:04:59.371+00:00,False,1,0.0,,0.0,300038.155177,300038.155177,300038.155177,300038.155177,300038.155177,300038.155177,nan,300038.155177,nan,nan,0.0,34,64,,True,False,TTFT timeout: 300.0s exceeded (TTFT: 300.022s),0,59.56268577710819
310,2026-09-21T07:59:59.762+00:00,2026-09-21T08:04:59.878+00:00,2026-09-21T08:04:59.878+00:00,False,1,0.0,,0.0,300116.198518,300116.198518,300116.198518,300116.198518,300116.198518,300116.198518,nan,300116.198518,nan,nan,0.0,34,64,,True,False,"HTTPConnectionPool(host='gpu06', port=9004): Read timed out.",0,59.56268577710819
311,2026-09-21T08:00:00.046+00:00,2026-09-21T08:05:00.136+00:00,2026-09-21T08:05:00.136+00:00,False,1,0.0,,0.0,300089.58948799997,300089.58948799997,300089.58948799997,300089.58948799997,300089.58948799997,300089.58948799997,nan,300089.58948799997,nan,nan,0.0,34,64,,True,False,"HTTPConnectionPool(host='gpu06', port=9004): Read timed out.",0,59.56268577710819
312,2026-09-21T08:00:00.473+00:00,2026-09-21T08:05:00.578+00:00,2026-09-21T08:05:00.578+00:00,False,1,0.0,,0.0,300105.076264,300105.076264,300105.076264,300105.076264,300105.076264,300105.076264,nan,300105.076264,nan,nan,0.0,34,64,,True,False,"HTTPConnectionPool(host='gpu06', port=9004): Read timed out.",0,59.56268577710819
313,2026-09-21T08:00:00.832+00:00,2026-09-21T08:05:00.937+00:00,2026-09-21T08:05:00.937+00:00,False,1,0.0,,0.0,300104.81235,300104.81235,300104.81235,300104.81235,300104.81235,300104.81235,nan,300104.81235,nan,nan,0.0,34,64,,True,False,"HTTPConnectionPool(host='gpu06', port=9004): Read timed out.",0,59.56268577710819
314,2026-09-21T08:00:01.199+00:00,2026-09-21T08:05:01.167+00:00,2026-09-21T08:05:02.965+00:00,False,29,28.0,,28.0,299968.277294,301765.909294,301765.909394,10405.721013586208,0.08206000000000001,299968.277294,55690.79981252757,174.7706168,64.20114285714286,35.59912119553939,0.09278715433929474,34,64,,True,False,Request timeout: 300.0s exceeded,2,59.56268577710819
315,2026-09-21T08:00:01.495+00:00,2026-09-21T08:05:01.486+00:00,2026-09-21T08:05:03.024+00:00,False,28,27.0,,27.0,299990.659438,301528.218734,301528.218684,10768.864953,0.0384,299990.659438,56682.14649085698,101.30524654999999,56.94664059259259,17.639056098911404,0.08954385799565467,34,64,,True,False,Request timeout: 300.0s exceeded,243,59.56268577710819
316,2026-09-21T08:00:01.874+00:00,2026-09-21T08:05:02.172+00:00,2026-09-21T08:05:03.068+00:00,False,18,17.0,,17.0,300297.879663,301193.814639,301193.814598,16732.989699888887,0.02571,300297.879663,70768.46859484348,45108.221833699994,52.702057411764706,15.31555388838007,0.05644206213323333,34,64,,True,False,Request timeout: 300.0s exceeded,51,59.56268577710819
0,2026-09-21T07:58:02.281+00:00,2026-09-21T07:58:02.477+00:00,2026-09-21T07:58:04.240+00:00,True,34,34.0,,34.0,195.90032300000001,1958.328483,1958.328422,57.597894764705885,0.01604,242.830836,53.35256515004356,189.78564885,53.40691393939394,48.162222474934154,17.36174512863887,35,64,,False,True,,170,59.56268577710819
1,2026-09-21T07:58:02.551+00:00,2026-09-21T07:58:03.489+00:00,2026-09-21T07:58:04.142+00:00,True,12,12.0,,12.0,938.7195230000001,1591.380515,1591.380527,132.61504391666668,44.672073,938.7195230000001,254.01747453021076,466.89425865000004,59.332817454545456,9.466130157392474,7.540622677537308,35,64,,False,True,,41,59.56268577710819
3,2026-09-21T07:58:03.156+00:00,2026-09-21T07:58:03.494+00:00,2026-09-21T07:58:09.097+00:00,True,92,92.0,,92.0,338.105463,5940.849783,5940.84975,64.57445380434783,37.509213,338.105463,30.75026836336059,77.96607519999999,61.5686189010989,10.75293417351748,15.48600004384255,35,64,,False,True,,918,59.56268577710819
2,2026-09-21T07:58:02.872+00:00,2026-09-21T07:58:03.573+00:00,2026-09-21T07:58:07.071+00:00,True,58,58.0,,58.0,701.378347,4199.128363,4199.128348,72.39876462068965,40.860963000000005,701.378347,84.8626075624264,80.12725400000001,61.36403536842106,11.906510077214632,13.812390331064524,35,64,,False,True,,174,59.56268577710819
4,2026-09-21T07:58:03.522+00:00,2026-09-21T07:58:06.481+00:00,2026-09-21T07:58:11.224+00:00,True,77,77.0,,77.0,2958.19004,7701.534680000001,7701.534747,100.01993177922078,40.458563999999996,2958.19004,330.1654260557241,77.4503202,62.41242947368421,10.376154703328822,9.998007306252887,35,64,,False,True,,308,59.56268577710819
5,2026-09-21T07:58:03.930+00:00,2026-09-21T07:58:09.414+00:00,2026-09-21T07:58:10.758+00:00,True,22,22.0,,22.0,5483.965301,6828.199285000001,6828.19933,310.37269681818185,44.020624000000005,5483.965301,1155.591619280424,79.19117204999999,64.0111420952381,11.39530827810222,3.2219329111159647,35,64,,False,True,,34,59.56268577710819
6,2026-09-21T07:58:04.288+00:00,2026-09-21T07:58:11.350+00:00,2026-09-21T07:58:11.873+00:00,True,10,10.0,,10.0,7062.278558,7584.809374,7584.809432,758.4809432,46.715505,7062.278558,2214.953787233318,3919.8999470000003,58.05897955555555,11.17975228552412,1.3184246969052433,35,64,,False,True,,60,59.56268577710819
7,2026-09-21T07:58:04.701+00:00,2026-09-21T07:58:13.400+00:00,2026-09-21T07:58:17.640+00:00,True,70,70.0,,70.0,8699.233553,12939.383825,12939.383903,184.84834147142857,35.523773999999996,8699.233553,1032.4707438797989,78.32082849999999,61.451453217391304,11.053752969395822,5.409840294307831,35,64,,False,True,,159,59.56268577710819
8,2026-09-21T07:58:04.968+00:00,2026-09-21T07:58:14.905+00:00,2026-09-21T07:58:20.787+00:00,True,95,95.0,,95.0,9936.667101,15818.397405,15818.397211,166.5094443263158,41.809485,9936.667101,1013.1179442147799,76.88283729999999,62.57159897872341,10.81580707849243,6.005665274914112,35,64,,False,True,,616,59.56268577710819
9,2026-09-21T07:58:05.350+00:00,2026-09-21T07:58:17.488+00:00,2026-09-21T07:58:21.442+00:00,True,63,63.0,,63.0,12137.781363,16091.822451,16091.822633,255.42575607936507,30.518013,12137.781363,1521.2313531817551,81.4423081,63.77485625806452,12.374330931267728,3.9150320103168283,35,64,,False,True,,239,59.56268577710819
10,2026-09-21T07:58:05.637+00:00,2026-09-21T07:58:19.129+00:00,2026-09-21T07:58:21.173+00:00,True,33,33.0,,33.0,13491.733983999999,15535.779808,15535.779886999999,470.78120869696966,28.402082999999998,13491.733983999999,2337.5394616901044,102.5976624,63.876432,15.45495477818325,2.1241289724643866,35,64,,False,True,,169,59.56268577710819
11,2026-09-21T07:58:06.006+00:00,2026-09-21T07:58:20.985+00:00,2026-09-21T07:58:26.412+00:00,True,86,86.0,,86.0,14978.823482000002,20405.634362,20405.634555,237.27482040697677,0.0,14978.823482000002,1609.5226610346879,88.43873400000001,63.844833882352944,62.48695665705145,4.214522247843068,35,64,,False,True,,203,59.56268577710819
12,2026-09-21T07:58:06.331+00:00,2026-09-21T07:58:22.531+00:00,2026-09-21T07:58:26.467+00:00,True,63,63.0,,63.0,16200.30263,20136.268582,20136.268679,319.62331236507936,0.0,16200.30263,2034.4422918699247,80.119829,63.48332180645161,75.91890839405826,3.1286829406077894,35,64,,False,True,,312,59.56268577710819
13,2026-09-21T07:58:06.710+00:00,2026-09-21T07:58:24.571+00:00,2026-09-21T07:58:27.740+00:00,True,53,53.0,,53.0,17860.897134,21029.601134,21029.601133,396.7849270377358,0.0,17860.897134,2445.6653605425945,80.39602199999999,60.936615384615386,57.05231246097832,2.520257025432178,35,64,,False,True,,113,59.56268577710819
14,2026-09-21T07:58:07.101+00:00,2026-09-21T07:58:26.963+00:00,2026-09-21T07:58:29.352+00:00,True,45,45.0,,45.0,19861.914943,22251.629119,22251.629211,494.4806491333333,0.0,19861.914943,2952.8104083987655,75.13412399999999,54.31168581818182,20.159243327704566,2.0223238379241115,35,64,,False,True,,360,59.56268577710819
15,2026-09-21T07:58:07.482+00:00,2026-09-21T07:58:28.684+00:00,2026-09-21T07:58:29.873+00:00,True,20,20.0,,20.0,21201.695381,22390.712725,22390.712785,1119.53563925,47.630924,21201.695381,4726.859440475631,1136.6104411000001,62.57986021052632,9.742836935269176,0.8932274843430649,35,64,,False,True,,86,59.56268577710819
16,2026-09-21T07:58:07.713+00:00,2026-09-21T07:58:29.946+00:00,2026-09-21T07:58:31.196+00:00,True,20,20.0,,20.0,22233.319018,23482.81585,23482.816007999998,1174.1408004,0.0,22233.319018,4957.702106945596,1533.2928190999999,65.76299115789473,96.2867722378788,0.8516866174718141,35,64,,False,True,,80,59.56268577710819
17,2026-09-21T07:58:07.951+00:00,2026-09-21T07:58:31.343+00:00,2026-09-21T07:58:32.772+00:00,True,24,24.0,,24.0,23392.163918000002,24821.192782000002,24821.192727,1034.216363625,47.625105000000005,23392.163918000002,4762.23368128663,82.80644699999999,62.13168973913044,10.367259017555032,0.9669156599679803,35,64,,False,True,,96,59.56268577710819
18,2026-09-21T07:58:08.330+00:00,2026-09-21T07:58:33.418+00:00,2026-09-21T07:58:38.975+00:00,True,94,94.0,,94.0,25088.327395,30644.674275,30644.674402,326.0071744893617,0.0,25088.327395,2582.1871344861347,78.2682185,59.745665376344085,59.84143027504447,3.067417168688441,35,64,,False,True,,564,59.56268577710819
19,2026-09-21T07:58:08.593+00:00,2026-09-21T07:58:34.323+00:00,2026-09-21T07:58:35.781+00:00,True,24,24.0,,24.0,25730.229052000002,27188.016444,27188.016453000004,1132.834018875,0.0,25730.229052000002,5240.420891998382,497.9580643500001,63.382060521739135,114.55075530378427,0.8827418524419957,35,64,,False,True,,52,59.56268577710819
20,2026-09-21T07:58:08.872+00:00,2026-09-21T07:58:35.918+00:00,2026-09-21T07:58:38.518+00:00,True,42,42.0,,42.0,27045.254758000003,29645.399398,29645.399308000004,705.8428406666667,42.181734,27045.254758000003,4163.400304444318,80.5505435,63.41816195121952,10.34099940713953,1.4167459657444685,35,64,,False,True,,126,59.56268577710819
21,2026-09-21T07:58:09.214+00:00,2026-09-21T07:58:37.451+00:00,2026-09-21T07:58:38.700+00:00,True,21,21.0,,21.0,28237.299962,29486.036986,29486.037041,1404.097001952381,45.816325,28237.299962,6148.265467583367,76.791428,62.4368512,9.017645714392513,0.7122015077838647,35,64,,False,True,,105,59.56268577710819
22,2026-09-21T07:58:09.482+00:00,2026-09-21T07:58:38.780+00:00,2026-09-21T07:58:42.756+00:00,True,64,64.0,,64.0,29298.639332,33274.664932,33274.664904,519.916639125,0.0,29298.639332,3655.23106204172,77.4224645,63.111517460317465,76.60556394438949,1.923385258147308,35,64,,False,True,,144,59.56268577710819
23,2026-09-21T07:58:09.801+00:00,2026-09-21T07:58:40.797+00:00,2026-09-21T07:58:44.260+00:00,True,55,55.0,,55.0,30995.796558,34458.553933999996,34458.553928,626.5191623272727,0.016280000000000003,30995.796558,4171.915711638423,80.44887999999999,64.12513659259258,96.25518155078875,1.596120374213728,35,64,,False,True,,226,59.56268577710819
24,2026-09-21T07:58:10.145+00:00,2026-09-21T07:58:42.639+00:00,2026-09-21T07:58:46.484+00:00,True,61,61.0,,61.0,32494.163363000003,36339.326627,36339.326783000004,595.7266685737706,0.0,32494.163363000003,4154.299057258849,82.18410899999999,64.0860544,131.695024771602,1.6786221887413069,35,64,,False,True,,305,59.56268577710819
25,2026-09-21T07:58:10.427+00:00,2026-09-21T07:58:43.752+00:00,2026-09-21T07:58:44.019+00:00,True,6,6.0,,6.0,33324.44979,33591.394302,33591.394307999995,5598.565718,43.059084000000006,33324.44979,13582.856705746479,25009.75876675,53.3889024,10.054323850873951,0.17861717635349142,35,64,,False,True,,6,59.56268577710819
26,2026-09-21T07:58:10.679+00:00,2026-09-21T07:58:45.132+00:00,2026-09-21T07:58:47.431+00:00,True,37,37.0,,37.0,34452.779647,36751.645823000006,36751.645786,993.287723945946,0.0,34452.779647,5654.684645660064,208.6198182,63.85739377777777,117.18576260691519,1.006757634153205,35,64,,False,True,,74,59.56268577710819
27,2026-09-21T07:58:10.991+00:00,2026-09-21T07:58:46.927+00:00,2026-09-21T07:58:53.677+00:00,True,94,94.0,,94.0,35935.493951,42685.87270299999,42685.872672,454.1050284255319,0.0,35935.493951,3700.559804042113,79.96942635,72.58471776344086,108.82056018471638,2.202133728271968,35,64,,False,True,,470,59.56268577710819
28,2026-09-21T07:58:11.395+00:00,2026-09-21T07:58:48.749+00:00,2026-09-21T07:58:51.903+00:00,True,51,51.0,,51.0,37354.060669,40507.951229,40507.951366,794.2735561960784,45.136005,37354.060669,5221.790788600116,80.296273,63.077811200000006,9.644265908085146,1.2590120816450636,35,64,,False,True,,161,59.56268577710819
29,2026-09-21T07:58:11.799+00:00,2026-09-21T07:58:50.781+00:00,2026-09-21T07:58:53.640+00:00,True,36,36.0,,36.0,38982.426408,41841.625128,41841.625245,1162.2673679166667,0.0,38982.426408,6485.702963278195,330.95871950000003,81.691392,173.206573492158,0.860387231372358,35,64,,False,True,,284,59.56268577710819
30,2026-09-21T07:58:12.210+00:00,2026-09-21T07:58:53.650+00:00,2026-09-21T07:58:57.098+00:00,True,66,66.0,,66.0,41440.432333,44888.288716999996,44888.288751,680.1255871363636,0.0,41440.432333,5094.515201420025,81.497148,53.04394436923077,28.74669086602423,1.4703166880809297,35,64,,False,True,,363,59.56268577710819
31,2026-09-21T07:58:12.460+00:00,2026-09-21T07:58:54.214+00:00,2026-09-21T07:59:01.272+00:00,True,100,100.0,,100.0,41754.252485,48812.793797,48812.793937999995,488.12793938,0.0,41754.252485,4169.1739489824995,78.14490199999999,71.29839709090909,86.02062004745059,2.0486432392268834,35,64,,False,True,,683,59.56268577710819
32,2026-09-21T07:58:12.733+00:00,2026-09-21T07:58:55.778+00:00,2026-09-21T07:59:00.250+00:00,True,71,71.0,,71.0,43045.74192,47517.44112,47517.441004,669.2597324507042,39.216024,43045.74192,5101.017853587409,78.7839385,63.88141714285714,9.908214388251869,1.4941882038786014,35,64,,False,True,,496,59.56268577710819
33,2026-09-21T07:58:13.169+00:00,2026-09-21T07:58:57.568+00:00,2026-09-21T07:59:02.198+00:00,True,74,74.0,,74.0,44398.892269,49028.771053000004,49028.771010000004,662.5509595945946,0.0,44398.892269,5154.924438596975,80.44069249999998,63.42299704109589,103.79865944561057,1.5093178639947173,35,64,,False,True,,217,59.56268577710819
34,2026-09-21T07:58:13.214+00:00,2026-09-21T07:58:58.277+00:00,2026-09-21T07:59:01.569+00:00,True,52,52.0,,52.0,45063.155489,48354.480417,48354.480331,929.8938525192307,0.0,45063.155489,6241.391662375365,78.741549,64.53578290196079,123.90377410448701,1.075391557339914,35,64,,False,True,,208,59.56268577710819
35,2026-09-21T07:58:13.558+00:00,2026-09-21T07:59:00.182+00:00,2026-09-21T07:59:05.694+00:00,True,76,76.0,,76.0,46624.143691,52136.106315,52136.106233,686.0013978026316,0.0,46624.143691,5341.749199528552,88.57835425000002,73.49283498666667,148.00087792520318,1.4577229749536198,35,64,,False,True,,152,59.56268577710819
36,2026-09-21T07:58:13.825+00:00,2026-09-21T07:59:01.523+00:00,2026-09-21T07:59:07.065+00:00,True,91,91.0,,91.0,47698.276692,53240.670548,53240.670698,585.0623153626374,0.01497,47698.276692,4994.570974783885,87.72385399999999,61.58215395555556,94.73368894699608,1.7092196447442833,35,64,,False,True,,421,59.56268577710819
37,2026-09-21T07:58:14.228+00:00,2026-09-21T07:59:03.527+00:00,2026-09-21T07:59:08.472+00:00,True,80,80.0,,80.0,49299.737769,54244.691113,54244.691273,678.0586409125,0.015550000000000001,49299.737769,5506.029159397394,77.21760049999999,62.59434612658228,113.20635300532562,1.4747987011917487,35,64,,False,True,,160,59.56268577710819
38,2026-09-21T07:58:14.572+00:00,2026-09-21T07:59:05.639+00:00,2026-09-21T07:59:05.917+00:00,True,5,5.0,,5.0,51066.163322,51344.782458,51344.782431,10268.9564862,60.077756,51066.163322,22806.33392915844,40869.6779774,69.654784,10.987069344470466,0.09738087806857486,35,64,,False,True,,24,59.56268577710819
39,2026-09-21T07:58:14.861+00:00,2026-09-21T07:59:06.939+00:00,2026-09-21T07:59:10.344+00:00,True,54,54.0,,54.0,52077.923237,55482.405029,55482.404931000005,1027.4519431666668,0.0,52077.923237,7079.598044817909,90.67747899999999,64.23550550943396,143.73297446354513,0.9732815290140151,35,64,,False,True,,216,59.56268577710819
40,2026-09-21T07:58:15.184+00:00,2026-09-21T07:59:08.674+00:00,2026-09-21T07:59:12.998+00:00,True,70,70.0,,70.0,53489.335533,57814.039021,57814.039063,825.9148437571429,0.0,53489.335533,6386.921799137951,86.52985199999999,62.67686214492754,125.47164576200782,1.2107785787907615,35,64,,False,True,,83,59.56268577710819
41,2026-09-21T07:58:15.548+00:00,2026-09-21T07:59:10.593+00:00,2026-09-21T07:59:14.056+00:00,True,55,55.0,,55.0,55044.740206,58507.621998,58507.622099,1063.7749472545454,7.294359999999999,55044.740206,7413.598697122017,81.673301,64.12744059259259,14.74129342537658,0.9400484607267082,35,64,,False,True,,165,59.56268577710819
42,2026-09-21T07:58:15.894+00:00,2026-09-21T07:59:12.861+00:00,2026-09-21T07:59:19.322+00:00,True,97,97.0,,97.0,56966.241958,63427.992485999996,63427.992586,653.8968307835052,0.01542,56966.241958,5778.23257524039,81.552809,67.30990133333333,109.20686048952167,1.5292932378619757,35,64,,False,True,,871,59.56268577710819
43,2026-09-21T07:58:16.133+00:00,2026-09-21T07:59:14.050+00:00,2026-09-21T07:59:17.892+00:00,True,62,62.0,,62.0,57917.27688799999,61759.091927999994,61759.091925999994,996.1143859032256,43.413883999999996,57917.27688799999,7347.51007771878,79.330173,62.98057442622951,10.298050969470427,1.0039007709550014,35,64,,False,True,,248,59.56268577710819
44,2026-09-21T07:58:16.500+00:00,2026-09-21T07:59:15.923+00:00,2026-09-21T07:59:17.084+00:00,True,20,20.0,,20.0,59422.359965,60583.154333000006,60583.154297,3029.15771485,45.800934,59422.359965,13273.585236586681,3044.32986795,61.09444042105263,8.765387564230766,0.33012477181475974,35,64,,False,True,,47,59.56268577710819
45,2026-09-21T07:58:16.794+00:00,2026-09-21T07:59:17.579+00:00,2026-09-21T07:59:21.333+00:00,True,41,41.0,,41.0,60784.752699000004,64538.571323000004,64538.57115900001,1574.111491682927,0.02057,60784.752699000004,9482.166604015854,1214.3379269999998,93.8454656,273.2429775030322,0.6352790146965739,35,64,,False,True,,102,59.56268577710819
46,2026-09-21T07:58:17.089+00:00,2026-09-21T07:59:19.396+00:00,2026-09-21T07:59:24.812+00:00,True,92,92.0,,92.0,62306.970919,67723.248679,67723.248835,736.1222699456522,0.0,62306.970919,6491.016129635932,88.54643449999999,59.519535824175826,129.14323710365804,1.358469975887732,35,64,,False,True,,103,59.56268577710819
47,2026-09-21T07:58:17.398+00:00,2026-09-21T07:59:21.300+00:00,2026-09-21T07:59:25.547+00:00,True,77,77.0,,77.0,63902.556163999994,68149.34426,68149.34431799999,885.0564197142857,0.0,63902.556163999994,7276.041967454518,79.970283,55.878790736842106,23.612184505155064,1.1298714732490078,35,64,,False,True,,462,59.56268577710819
48,2026-09-21T07:58:17.672+00:00,2026-09-21T07:59:22.113+00:00,2026-09-21T07:59:24.495+00:00,True,38,38.0,,38.0,64441.136127,66823.495679,66823.495737,1758.5130457105263,44.981424,64441.136127,10443.292842572333,83.82176715,64.388096,10.655892014262324,0.5686622588937966,35,64,,False,True,,78,59.56268577710819
49,2026-09-21T07:58:17.905+00:00,2026-09-21T07:59:23.351+00:00,2026-09-21T07:59:27.274+00:00,True,62,62.0,,62.0,65446.125982,69369.35567799999,69369.35573699999,1118.8605764032259,39.396574,65446.125982,8303.50553751642,82.5363005,64.31524091803279,11.079050953073564,0.8937664101680978,35,64,,False,True,,124,59.56268577710819
50,2026-09-21T07:58:18.295+00:00,2026-09-21T07:59:25.600+00:00,2026-09-21T07:59:32.849+00:00,True,94,94.0,,94.0,67305.39095900001,74554.03147100001,74554.031436,793.1279940000002,38.020753,67305.39095900001,6935.295809060602,80.0938845,77.9423710967742,135.7251494997895,1.2608305432358016,35,64,,False,True,,381,59.56268577710819
51,2026-09-21T07:58:18.617+00:00,2026-09-21T07:59:27.410+00:00,2026-09-21T07:59:30.892+00:00,True,55,55.0,,55.0,68792.91625499999,72275.53487899998,72275.534741,1314.1006316545452,42.179154000000004,68792.91625499999,9267.34578883603,83.166993,64.49293748148149,11.562014963336667,0.7609767273542588,35,64,,False,True,,385,59.56268577710819
52,2026-09-21T07:58:18.843+00:00,2026-09-21T07:59:28.377+00:00,2026-09-21T07:59:35.145+00:00,True,100,100.0,,100.0,69533.820536,76302.68684,76302.68694099999,763.02686941,0.0,69533.820536,6949.509756705829,83.176795,68.3723869090909,204.01326111734215,1.3105698389060818,35,64,,False,True,,102,59.56268577710819
53,2026-09-21T07:58:19.105+00:00,2026-09-21T07:59:29.659+00:00,2026-09-21T07:59:30.502+00:00,True,14,14.0,,14.0,70554.045372,71397.57126,71397.57127599999,5099.8265197142855,46.349494,70554.045372,18839.02326565787,24745.524909749995,64.88660676923077,11.344629851261889,0.19608510139676705,35,64,,False,True,,33,59.56268577710819
54,2026-09-21T07:58:19.513+00:00,2026-09-21T07:59:32.828+00:00,2026-09-21T07:59:38.235+00:00,True,99,99.0,,99.0,73315.574808,78722.182424,78722.182474,795.1735603434344,0.0,73315.574808,7364.077089843856,168.84571310000004,55.16946546938775,129.6261328424516,1.2575870860233915,35,64,,False,True,,99,59.56268577710819
55,2026-09-21T07:58:19.864+00:00,2026-09-21T07:59:34.952+00:00,2026-09-21T07:59:38.906+00:00,True,84,84.0,,84.0,75087.890898,79041.295314,79041.295516,940.9678037619047,0.019809999999999998,75087.890898,8187.6525372326305,101.18943499999999,47.6313785060241,38.40360210464031,1.0627356202387754,35,64,,False,True,,336,59.56268577710819
56,2026-09-21T07:58:20.218+00:00,2026-09-21T07:59:35.823+00:00,2026-09-21T07:59:38.775+00:00,True,48,48.0,,48.0,75605.496209,78556.787601,78556.787748,1636.5997447500001,0.04317,75605.496209,10903.67620464402,110.1109556,62.79343387234042,24.18877756738408,0.6110229486953839,35,64,,False,True,,262,59.56268577710819
57,2026-09-21T07:58:20.617+00:00,2026-09-21T07:59:37.698+00:00,2026-09-21T07:59:43.169+00:00,True,87,87.0,,87.0,77080.880212,82551.704404,82551.704563,948.8701673908047,35.546213,77080.880212,8257.125943043751,78.96941500000001,63.61423479069767,11.788987118051914,1.0538849637099008,35,64,,False,True,,389,59.56268577710819
58,2026-09-21T07:58:20.978+00:00,2026-09-21T07:59:39.801+00:00,2026-09-21T07:59:46.966+00:00,True,89,89.0,,89.0,78822.19513,85987.56396199999,85987.56379999999,966.1524022471909,0.0,78822.19513,8348.391485661183,81.3650274,81.42464581818182,178.4854537795616,1.0350333920301695,35,64,,False,True,,177,59.56268577710819
59,2026-09-21T07:58:21.380+00:00,2026-09-21T07:59:41.767+00:00,2026-09-21T07:59:47.422+00:00,True,89,89.0,,89.0,80386.487531,86041.76484300001,86041.76481800001,966.7614024494383,0.0,80386.487531,8516.066971144512,79.0804906,64.2645149090909,182.2576169765026,1.0343813863232334,35,64,,False,True,,274,59.56268577710819
60,2026-09-21T07:58:21.724+00:00,2026-09-21T07:59:43.403+00:00,2026-09-21T07:59:46.977+00:00,True,32,32.0,,32.0,81678.60006900001,85253.183365,85253.183543,2664.16198571875,0.0,81678.60006900001,14421.5494460901,824.9169896999999,115.30913858064515,302.0011108655606,0.3753525526782539,35,64,,False,True,,128,59.56268577710819
62,2026-09-21T07:58:22.384+00:00,2026-09-21T07:59:46.982+00:00,2026-09-21T07:59:48.511+00:00,True,27,27.0,,27.0,84598.133845,86127.60123700001,86127.60118,3189.911154814815,0.0,84598.133845,16269.611148504491,77.4063257,58.82566892307692,21.534844799371506,0.31348835462981556,35,64,,False,True,,194,59.56268577710819
61,2026-09-21T07:58:22.089+00:00,2026-09-21T07:59:46.982+00:00,2026-09-21T07:59:48.316+00:00,True,44,44.0,,44.0,84893.435595,86226.588619,86226.588603,1959.6951955227273,0.0,84893.435595,12793.538437047197,80.74211235,31.00355869767442,34.50280393275598,0.510283436985058,35,64,,False,True,,87,59.56268577710819
63,2026-09-21T07:58:22.634+00:00,2026-09-21T07:59:48.116+00:00,2026-09-21T07:59:50.231+00:00,True,35,35.0,,35.0,85481.975359,87596.713279,87596.713315,2502.763237571429,44.979214,85481.975359,14438.580514299738,75.9539963,62.198174117647056,9.271695688397667,0.39955837028409064,35,64,,False,True,,134,59.56268577710819
64,2026-09-21T07:58:23.275+00:00,2026-09-21T07:59:50.106+00:00,2026-09-21T07:59:54.388+00:00,True,59,59.0,,59.0,86830.94132700001,91113.428111,91113.428064,1544.2953909152543,0.015390000000000001,86830.94132700001,11296.796446960896,82.91711799999999,73.83597903448276,213.5272533619953,0.6475445082378259,35,64,,False,True,,118,59.56268577710819
65,2026-09-21T07:58:23.299+00:00,2026-09-21T07:59:50.233+00:00,2026-09-21T07:59:54.264+00:00,True,59,59.0,,59.0,86934.083556,90964.341476,90964.341361,1541.7684976440678,0.01738,86934.083556,11310.50023436733,77.999089,69.48720551724138,197.40078625021664,0.6486058057768334,35,64,,False,True,,472,59.56268577710819
66,2026-09-21T07:58:23.530+00:00,2026-09-21T07:59:52.662+00:00,2026-09-21T07:59:58.392+00:00,True,91,91.0,,91.0,89132.23805599999,94861.49987999999,94861.49987999999,1042.4340646153844,0.01636,89132.23805599999,9338.225100079258,163.20941950000002,63.658464711111115,156.7436840921717,0.9592932866875942,35,64,,False,True,,485,59.56268577710819
67,2026-09-21T07:58:23.856+00:00,2026-09-21T07:59:54.249+00:00,2026-09-21T07:59:58.572+00:00,True,71,71.0,,71.0,90392.498722,94715.07254600001,94715.072552,1334.0151063661972,0.01821,90392.498722,10720.416678087453,120.93593000000001,61.75105462857143,53.017872451470694,0.7496166987098871,35,64,,False,True,,213,59.56268577710819
68,2026-09-21T07:58:24.108+00:00,2026-09-21T07:59:55.662+00:00,2026-09-21T07:59:56.391+00:00,True,13,13.0,,13.0,91553.98792,92282.596688,92282.596644,7098.661280307692,39.813823,91553.98792,25375.670611348596,36672.0026968,60.71739733333334,13.003723724836284,0.1408716319931043,35,64,,False,True,,69,59.56268577710819
69,2026-09-21T07:58:24.383+00:00,2026-09-21T07:59:57.169+00:00,2026-09-21T08:00:02.904+00:00,True,80,80.0,,80.0,92786.024753,98520.28804900001,98520.288128,1231.5036016000001,0.0,92786.024753,10367.815387141176,82.80296405000001,72.58561134177215,211.87657723362187,0.8120154902532485,35,64,,False,True,,560,59.56268577710819
70,2026-09-21T07:58:24.709+00:00,2026-09-21T07:59:58.836+00:00,2026-09-21T08:00:02.896+00:00,True,48,48.0,,48.0,94126.52018600001,98187.075194,98187.07516300002,2045.5640658958334,0.0,94126.52018600001,13576.224997351515,82.12943064999999,86.39478740425531,273.7796456070722,0.4888627133984858,35,64,,False,True,,193,59.56268577710819
71,2026-09-21T07:58:25.056+00:00,2026-09-21T08:00:00.640+00:00,2026-09-21T08:00:03.864+00:00,True,52,52.0,,52.0,95584.342829,98807.941421,98807.94139200001,1900.1527190769232,0.0,95584.342829,13248.942811741654,80.87691845,63.20781552941176,262.2439401663034,0.5262734882658759,35,64,,False,True,,147,59.56268577710819
72,2026-09-21T07:58:25.412+00:00,2026-09-21T08:00:02.873+00:00,2026-09-21T08:00:04.832+00:00,True,39,39.0,,39.0,97460.563558,99419.938918,99419.93871999999,2549.2291979487177,0.0,97460.563558,15597.945091165524,79.361359,51.562509473684216,26.299653848173747,0.39227543714512425,35,64,,False,True,,117,59.56268577710819
73,2026-09-21T07:58:25.779+00:00,2026-09-21T08:00:04.202+00:00,2026-09-21T08:00:04.436+00:00,True,5,5.0,,5.0,98422.838257,98656.36171299999,98656.361807,19731.2723614,51.322914,98422.838257,43989.922904068895,78751.07277459999,58.380864,5.463422124717559,0.050680968902395145,35,64,,False,True,,8,59.56268577710819
74,2026-09-21T07:58:26.139+00:00,2026-09-21T08:00:05.727+00:00,2026-09-21T08:00:11.287+00:00,True,91,91.0,,91.0,99588.186294,105147.809974,105147.809953,1155.470439043956,45.970214,99588.186294,10433.206113394801,75.6929165,61.77359644444445,8.19787777560707,0.8654483628570263,35,64,,False,True,,185,59.56268577710819
75,2026-09-21T07:58:26.546+00:00,2026-09-21T08:00:08.052+00:00,2026-09-21T08:00:08.650+00:00,True,11,11.0,,11.0,101506.119597,102103.543725,102103.543909,9282.140355363636,44.841854,101506.119597,30587.234433148544,50788.9018765,59.7424128,7.607057723601168,0.10773377297879874,35,64,,True,True,,21,59.56268577710819
76,2026-09-21T07:58:26.842+00:00,2026-09-21T08:00:09.570+00:00,2026-09-21T08:00:10.452+00:00,True,15,15.0,,15.0,102727.825179,103610.449435,103610.44945700001,6907.363297133334,44.286063999999996,102727.825179,26507.934032852114,30871.603200900005,63.04458971428571,9.761579147787256,0.1447730425048513,35,64,,True,True,,69,59.56268577710819
77,2026-09-21T07:58:27.135+00:00,2026-09-21T08:00:11.223+00:00,2026-09-21T08:00:11.223+00:00,True,1,1.0,,1.0,104087.742705,104087.742705,104087.742705,104087.742705,104087.742705,104087.742705,nan,104087.742705,nan,nan,0.009607279147499119,35,64,,True,True,,9,59.56268577710819
78,2026-09-21T07:58:27.427+00:00,2026-09-21T08:00:12.775+00:00,2026-09-21T08:00:16.344+00:00,True,58,58.0,,58.0,105347.5087,108916.88495600001,108916.88495400001,1877.8773267931035,44.475915,105347.5087,13824.586065976051,76.1607505,62.620636070175436,9.158234719858454,0.5325161477344005,35,64,,True,True,,254,59.56268577710819
79,2026-09-21T07:58:27.664+00:00,2026-09-21T08:00:13.932+00:00,2026-09-21T08:00:17.646+00:00,True,60,60.0,,60.0,106268.16875699999,109982.056757,109982.05670399999,1833.0342784,45.576234,106268.16875699999,13711.038074014581,75.715369,62.947254237288135,9.048606674230527,0.5455435347291885,35,64,,True,True,,120,59.56268577710819
80,2026-09-21T07:58:28.031+00:00,2026-09-21T08:00:15.918+00:00,2026-09-21T08:00:21.712+00:00,True,92,92.0,,92.0,107887.720233,113681.769769,113681.769698,1235.6714097608697,46.838953000000004,107887.720233,11241.437535952979,77.08393899999999,63.67087402197802,8.660243096693351,0.8092766341247405,35,64,,True,True,,184,59.56268577710819
81,2026-09-21T07:58:28.344+00:00,2026-09-21T08:00:17.512+00:00,2026-09-21T08:00:17.570+00:00,True,2,2.0,,2.0,109168.307914,109225.92506600001,109225.924868,54612.962434,57.616954,109168.307914,77152.90947776573,103712.773366,57.617152,nan,0.01831067119634368,35,64,,True,True,,4,59.56268577710819
82,2026-09-21T07:58:28.733+00:00,2026-09-21T08:00:19.547+00:00,2026-09-21T08:00:20.145+00:00,True,10,10.0,,10.0,110813.83449600001,111411.80032000001,111411.80039,11141.180039,55.536994,110813.83449600001,35021.40203038503,60982.531247549996,66.44064711111112,9.241377455295238,0.08975709907996933,35,64,,True,True,,32,59.56268577710819
83,2026-09-21T07:58:29.084+00:00,2026-09-21T08:00:21.222+00:00,2026-09-21T08:00:23.175+00:00,True,33,33.0,,33.0,112138.275323,114091.79263499999,114091.792688,3457.327051151515,43.423643,112138.275323,19510.143209836973,78.256816,61.047416,9.175285659380476,0.28924078794670965,35,64,,True,True,,134,59.56268577710819
84,2026-09-21T07:58:29.394+00:00,2026-09-21T08:00:22.867+00:00,2026-09-21T08:00:23.179+00:00,True,6,6.0,,6.0,113472.324273,113784.988593,113784.98851600001,18964.164752666667,50.375354,113472.324273,46299.35455425415,85123.936916,62.532864,11.198280607130364,0.05273103310192814,35,64,,True,True,,18,59.56268577710819
85,2026-09-21T07:58:29.664+00:00,2026-09-21T08:00:24.195+00:00,2026-09-21T08:00:27.495+00:00,True,53,53.0,,53.0,114531.028405,117830.439605,117830.439499,2223.2158396037735,46.828803,114531.028405,15723.334178453973,79.13095600000001,63.45021538461538,9.944352302052414,0.44979888200086965,35,64,,True,True,,212,59.56268577710819
86,2026-09-21T07:58:30.061+00:00,2026-09-21T08:00:26.339+00:00,2026-09-21T08:00:28.073+00:00,True,28,28.0,,28.0,116278.087472,118012.143408,118012.14331099999,4214.719403964285,48.190103,116278.087472,21962.35761821785,79.210546,64.22429392592592,9.164608395337183,0.23726371872762622,35,64,,True,True,,140,59.56268577710819
87,2026-09-21T07:58:30.447+00:00,2026-09-21T08:00:28.196+00:00,2026-09-21T08:00:30.458+00:00,True,38,38.0,,38.0,117748.13917,120010.76880199999,120010.76881899999,3158.1781268157893,44.788393,117748.13917,19091.352632908256,77.67312084999999,61.152152216216216,9.603944558346242,0.31663825154469577,35,64,,True,True,,38,59.56268577710819
88,2026-09-21T07:58:30.678+00:00,2026-09-21T08:00:29.295+00:00,2026-09-21T08:00:32.506+00:00,True,52,52.0,,52.0,118616.573148,121828.515292,121828.515247,2342.8560624423076,44.382103,118616.573148,16440.428237933833,79.44871949999998,62.9792577254902,9.671977867347556,0.42682946496857327,35,64,,True,True,,309,59.56268577710819
89,2026-09-21T07:58:30.982+00:00,2026-09-21T08:00:31.038+00:00,2026-09-21T08:00:32.207+00:00,True,19,19.0,,19.0,120055.482366,121224.724734,121224.724683,6380.248667526315,51.433993,120055.482366,27527.71560048382,12080.738697899998,64.95790933333333,8.949934497262397,0.15673370297759937,35,64,,True,True,,25,59.56268577710819
90,2026-09-21T07:58:31.277+00:00,2026-09-21T08:00:32.650+00:00,2026-09-21T08:00:36.662+00:00,True,65,65.0,,65.0,121372.758324,125384.531252,125384.531252,1928.9927884923077,43.240823,121372.758324,15046.665565823027,76.961028,62.683952,9.065184866670313,0.5184052558234785,35,64,,True,True,,837,59.56268577710819
91,2026-09-21T07:58:31.525+00:00,2026-09-21T08:00:33.641+00:00,2026-09-21T08:00:33.821+00:00,True,4,4.0,,4.0,122115.721283,122296.124739,122296.124697,30574.03117425,51.762615,122115.721283,61027.79425361119,103809.5308811,60.13448533333334,12.458500603678651,0.032707495912373805,35,64,,True,True,,12,59.56268577710819
92,2026-09-21T07:58:31.896+00:00,2026-09-21T08:00:35.576+00:00,2026-09-21T08:00:35.998+00:00,True,8,8.0,,8.0,123680.395508,124101.882612,124101.882669,15512.735333625,43.081143,123680.395508,43706.33568146749,80416.8899773,60.212443428571426,9.122995572061164,0.06446316390712385,35,64,,True,True,,72,59.56268577710819
93,2026-09-21T07:58:32.165+00:00,2026-09-21T08:00:36.801+00:00,2026-09-21T08:00:41.877+00:00,True,80,80.0,,80.0,124636.05993,129712.246042,129712.246018,1621.403075225,45.194593,124636.05993,13927.554253661421,78.05830904999999,64.2555204050633,9.376957421976384,0.6167497860926446,35,64,,True,True,,400,59.56268577710819
94,2026-09-21T07:58:32.578+00:00,2026-09-21T08:00:38.983+00:00,2026-09-21T08:00:42.645+00:00,True,57,57.0,,57.0,126405.319949,130067.755533,130067.755703,2281.8904509298245,43.398073,126405.319949,16734.133450302146,76.880585,65.40063542857142,8.927267920892566,0.43823313292692523,35,64,,True,True,,285,59.56268577710819
96,2026-09-21T07:58:33.482+00:00,2026-09-21T08:00:41.160+00:00,2026-09-21T08:00:47.264+00:00,True,95,95.0,,95.0,127678.076088,133782.415288,133782.415402,1408.2359516,42.074633,127678.076088,13092.835322551911,79.33696,64.93977872340426,10.019739442298096,0.7101082739124482,35,64,,True,True,,194,59.56268577710819
95,2026-09-21T07:58:33.417+00:00,2026-09-21T08:00:42.163+00:00,2026-09-21T08:00:44.812+00:00,True,42,42.0,,42.0,128746.073779,131394.564787,131394.564846,3128.442020142857,44.385572999999994,128746.073779,19855.985889374315,83.28780699999999,64.59734165853658,11.045468253117708,0.31964792507273804,35,64,,True,True,,126,59.56268577710819
97,2026-09-21T07:58:33.580+00:00,2026-09-21T08:00:44.350+00:00,2026-09-21T08:00:45.131+00:00,True,13,13.0,,13.0,130769.956454,131550.83863,131550.838482,10119.295267846153,47.975394,130769.956454,36251.014007245954,52355.99187319999,65.07351466666667,12.24846474678118,0.0988211107993299,35,64,,True,True,,46,59.56268577710819
98,2026-09-21T07:58:33.925+00:00,2026-09-21T08:00:46.526+00:00,2026-09-21T08:00:47.958+00:00,True,23,23.0,,23.0,132601.34874,134032.979588,134032.979616,5827.520852869565,42.124963,132601.34874,27635.725964437763,79.50780610000001,65.07412945454546,11.597748985339363,0.17159955759171377,35,64,,True,True,,141,59.56268577710819
99,2026-09-21T07:58:34.327+00:00,2026-09-21T08:00:48.542+00:00,2026-09-21T08:00:50.503+00:00,True,32,32.0,,32.0,134214.37184900002,136175.49901700002,136175.498835,4255.48433859375,47.362233999999994,134214.37184900002,23714.790748663134,74.90145705,63.26216670967742,6.669558043540687,0.23499087744121394,35,64,,True,True,,192,59.56268577710819
100,2026-09-21T07:58:34.635+00:00,2026-09-21T08:00:50.322+00:00,2026-09-21T08:00:53.727+00:00,True,55,55.0,,55.0,135687.786889,139092.85415300002,139092.854022,2528.960982218182,45.235054,135687.786889,18287.637788426597,78.9493546,63.056801185185186,10.420227061978464,0.39541930701559147,35,64,,True,True,,55,59.56268577710819
101,2026-09-21T07:58:34.945+00:00,2026-09-21T08:00:51.862+00:00,2026-09-21T08:00:54.298+00:00,True,40,40.0,,40.0,136916.94335100002,139352.79077500003,139352.79082300002,3483.819770575001,45.049144,136916.94335100002,21638.596908303472,79.08746450000001,62.45762625641026,11.078864294953428,0.28704125534582425,35,64,,True,True,,40,59.56268577710819
102,2026-09-21T07:58:35.190+00:00,2026-09-21T08:00:53.246+00:00,2026-09-21T08:00:55.023+00:00,True,28,28.0,,28.0,138055.89178799998,139832.44781999997,139832.44787099998,4994.015995392856,49.628844,138055.89178799998,26077.67747319236,77.39965135,65.79837155555555,7.374973139333767,0.20023964706706088,35,64,,True,True,,57,59.56268577710819
103,2026-09-21T07:58:35.529+00:00,2026-09-21T08:00:55.027+00:00,2026-09-21T08:00:59.129+00:00,True,67,67.0,,67.0,139498.746866,143600.416498,143600.416291,2143.2897953880597,40.615943,139498.746866,17034.895001570396,76.66157439999999,62.14650957575758,10.208891205234872,0.4665724629073979,35,64,,True,True,,603,59.56268577710819
104,2026-09-21T07:58:35.935+00:00,2026-09-21T08:00:57.172+00:00,2026-09-21T08:01:02.255+00:00,True,80,80.0,,80.0,141237.802483,146319.947507,146319.94729100002,1828.9993411375,44.769642999999995,141237.802483,15783.677593205515,77.614224,64.33094967088607,10.794524141957362,0.5467470523536975,35,64,,True,True,,91,59.56268577710819
105,2026-09-21T07:58:36.184+00:00,2026-09-21T08:00:58.492+00:00,2026-09-21T08:00:59.346+00:00,True,14,14.0,,14.0,142307.639676,143161.838716,143161.83882099998,10225.845630071428,42.542142999999996,142307.639676,38015.75714220928,49857.7413495,65.70761846153846,11.939403334056694,0.09779142350757847,35,64,,True,True,,70,59.56268577710819
106,2026-09-21T07:58:36.530+00:00,2026-09-21T08:00:59.986+00:00,2026-09-21T08:01:02.125+00:00,True,34,34.0,,34.0,143456.17281,145594.544138,145594.544069,4282.192472617647,41.530342,143456.17281,24591.420415260927,78.02795665000001,64.79913115151516,11.718176688020018,0.23352523407589723,35,64,,True,True,,34,59.56268577710819
107,2026-09-21T07:58:36.854+00:00,2026-09-21T08:01:01.726+00:00,2026-09-21T08:01:07.955+00:00,True,100,100.0,,100.0,144871.727996,151100.46246,151100.462498,1511.00462498,43.422343,144871.727996,14480.884018169962,77.366019,62.91650973737374,9.162758515699803,0.6618113430756206,35,64,,True,True,,103,59.56268577710819
108,2026-09-21T07:58:37.128+00:00,2026-09-21T08:01:03.196+00:00,2026-09-21T08:01:03.973+00:00,True,13,13.0,,13.0,146068.075257,146845.58949699998,146845.58945499998,11295.814573461537,48.919283,146068.075257,40494.02538581965,58472.812063800004,64.79285333333334,7.781894605950139,0.0885283653702489,35,64,,True,True,,21,59.56268577710819
109,2026-09-21T07:58:37.395+00:00,2026-09-21T08:01:04.568+00:00,2026-09-21T08:01:10.510+00:00,True,95,95.0,,95.0,147173.678261,153115.14744499998,153115.147482,1611.7383945473684,43.407892999999994,147173.678261,15093.21902600714,77.072208,63.20711897872341,9.804150597884489,0.6204480848906516,35,64,,True,True,,98,59.56268577710819
110,2026-09-21T07:58:37.661+00:00,2026-09-21T08:01:05.958+00:00,2026-09-21T08:01:11.298+00:00,True,85,85.0,,85.0,148297.286007,153637.813111,153637.813004,1807.5036824,43.845164,148297.286007,16078.206283413578,77.3757796,63.57770361904762,10.173075235963088,0.5532492182675716,35,64,,True,True,,172,59.56268577710819
111,2026-09-21T07:58:37.912+00:00,2026-09-21T08:01:07.535+00:00,2026-09-21T08:01:10.510+00:00,True,48,48.0,,48.0,149623.080077,152597.881229,152597.881108,3179.1225230833334,44.014333,149623.080077,21587.097866638556,76.4705465,63.2936415319149,9.685691657232505,0.31455220487607916,35,64,,True,True,,98,59.56268577710819
112,2026-09-21T07:58:38.323+00:00,2026-09-21T08:01:09.893+00:00,2026-09-21T08:01:14.934+00:00,True,79,79.0,,79.0,151569.30581999998,156610.71356399998,156610.71335499999,1982.4140931012655,46.938152,151569.30581999998,17045.610533833405,78.021067,64.63343261538462,10.429603466967924,0.5044354770002126,35,64,,True,True,,1019,59.56268577710819
113,2026-09-21T07:58:38.632+00:00,2026-09-21T08:01:11.714+00:00,2026-09-21T08:01:15.267+00:00,True,56,56.0,,56.0,153081.828954,156634.93257,156634.93261699998,2797.052368160714,48.050782,153081.828954,20447.789695128602,79.19539525,64.60188392727272,10.456255148470344,0.3575192269130237,35,64,,True,True,,364,59.56268577710819
114,2026-09-21T07:58:39.034+00:00,2026-09-21T08:01:13.952+00:00,2026-09-21T08:01:14.100+00:00,True,3,3.0,,3.0,154917.44808700003,155065.80213500003,155065.80212900002,51688.60070966667,73.065156,154917.44808700003,89398.80423907151,139433.2321669,74.177024,1.5726959910268734,0.01934662548863098,35,64,,True,True,,6,59.56268577710819
115,2026-09-21T07:58:39.268+00:00,2026-09-21T08:01:15.079+00:00,2026-09-21T08:01:17.588+00:00,True,41,41.0,,41.0,155811.032398,158319.901262,158319.901214,3861.4610052195126,43.818093,155811.032398,24323.8014322563,77.337126,62.7217216,9.597048629857882,0.25896933786075343,35,64,,True,True,,287,59.56268577710819
116,2026-09-21T07:58:39.582+00:00,2026-09-21T08:01:16.905+00:00,2026-09-21T08:01:20.695+00:00,True,61,61.0,,61.0,157322.40308000002,161113.25364,161113.25356200003,2641.200878065574,44.38280399999999,157322.40308000002,20134.98280336759,76.20794599999999,63.18084266666666,10.412124068687518,0.3786156546518614,35,64,,True,True,,135,59.56268577710819
117,2026-09-21T07:58:39.969+00:00,2026-09-21T08:01:18.794+00:00,2026-09-21T08:01:25.001+00:00,True,100,100.0,,100.0,158824.47571,165032.14547,165032.145271,1650.32145271,43.389094,158824.47571,15876.179752985108,75.43759559999998,62.70373494949495,9.053420426373021,0.6059425557075987,35,64,,True,True,,590,59.56268577710819
118,2026-09-21T07:58:40.241+00:00,2026-09-21T08:01:20.232+00:00,2026-09-21T08:01:22.416+00:00,True,36,36.0,,36.0,159991.27914,162175.16778,162175.167771,4504.865771416667,43.160841999999995,159991.27914,26654.815534501984,76.78002825,62.39681828571428,9.977837479802325,0.22198219673702504,35,64,,True,True,,81,59.56268577710819
119,2026-09-21T07:58:40.519+00:00,2026-09-21T08:01:21.703+00:00,2026-09-21T08:01:21.779+00:00,True,2,2.0,,2.0,161184.68085,161260.764306,161260.764176,80630.382088,76.083326,161184.68085,113920.98181667463,153129.25097380002,76.083456,nan,0.012402272856681397,35,64,,True,True,,10,59.56268577710819
120,2026-09-21T07:58:40.812+00:00,2026-09-21T08:01:23.232+00:00,2026-09-21T08:01:24.752+00:00,True,25,25.0,,25.0,162420.330976,163940.223456,163940.223467,6557.6089386799995,48.403713,162420.330976,32471.40147442427,75.81672599999999,63.328853333333335,8.435276912698988,0.15249460732075776,35,64,,True,True,,25,59.56268577710819
121,2026-09-21T07:58:41.183+00:00,2026-09-21T08:01:25.132+00:00,2026-09-21T08:01:27.130+00:00,True,33,33.0,,33.0,163948.79134,165947.001132,165947.001178,5028.697005393939,48.269822999999995,163948.79134,28528.95281929605,77.51601919999999,62.444056,9.831806967348792,0.1988586703880877,35,64,,True,True,,211,59.56268577710819
122,2026-09-21T07:58:41.434+00:00,2026-09-21T08:01:26.349+00:00,2026-09-21T08:01:28.445+00:00,True,35,35.0,,35.0,164914.77219,167010.541534,167010.541503,4771.7297572285715,45.260172,164914.77219,27865.26691648812,80.8493784,61.64027482352942,10.017426768118774,0.2095676097959044,35,64,,True,True,,306,59.56268577710819
123,2026-09-21T07:58:41.673+00:00,2026-09-21T08:01:27.502+00:00,2026-09-21T08:01:33.230+00:00,True,93,93.0,,93.0,165828.568707,171556.857475,171556.85754599998,1844.697392967742,41.658373,165828.568707,17189.167360498916,75.1990252,62.264008347826085,8.944626892651435,0.5420943316914765,35,64,,True,True,,1023,59.56268577710819
124,2026-09-21T07:58:41.899+00:00,2026-09-21T08:01:28.442+00:00,2026-09-21T08:01:30.011+00:00,True,26,26.0,,26.0,166543.44698500002,168111.95437700002,168111.95459,6465.844407307693,44.426322,166543.44698500002,32649.55419014236,76.98944175,62.74029568,9.83082681504541,0.15465884086799453,35,64,,True,True,,51,59.56268577710819
125,2026-09-21T07:58:42.254+00:00,2026-09-21T08:01:30.347+00:00,2026-09-21T08:01:32.970+00:00,True,44,44.0,,44.0,168092.970631,170715.903879,170715.90398200002,3879.906908681818,44.015612999999995,168092.970631,25331.774134856216,74.827388,60.99844762790698,7.898265816979262,0.2577381427285551,35,64,,True,True,,234,59.56268577710819
126,2026-09-21T07:58:42.505+00:00,2026-09-21T08:01:31.777+00:00,2026-09-21T08:01:34.832+00:00,True,50,50.0,,50.0,169271.643782,172326.916486,172326.916477,3446.53832954,44.158561,169271.643782,23929.809334335165,77.49077199999999,62.3525041632653,9.56812886075663,0.2901462001385143,35,64,,True,True,,50,59.56268577710819
127,2026-09-21T07:58:43.496+00:00,2026-09-21T08:01:33.937+00:00,2026-09-21T08:01:38.135+00:00,True,66,66.0,,66.0,170440.30409599998,174638.79190399998,174638.79182299998,2646.0423003484843,40.771502999999996,170440.30409599998,20971.802595838868,77.82466900000001,64.59212012307692,9.640932298098198,0.37792290750774665,35,64,,True,True,,328,59.56268577710819
129,2026-09-21T07:58:43.627+00:00,2026-09-21T08:01:35.396+00:00,2026-09-21T08:01:39.399+00:00,True,64,64.0,,64.0,171769.38974,175772.883628,175772.883707,2746.451307921875,42.748072,171769.38974,21463.23238059354,76.58216065,63.54752203174603,9.578750014426346,0.3641062186557029,35,64,,True,True,,254,59.56268577710819
128,2026-09-21T07:58:43.567+00:00,2026-09-21T08:01:36.458+00:00,2026-09-21T08:01:36.930+00:00,True,9,9.0,,9.0,172890.612324,173362.631012,173362.630989,19262.51455433333,49.214811999999995,172890.612324,57610.537086453114,103761.6348956,59.002336,7.461818529818356,0.051914302104569626,35,64,,True,True,,27,59.56268577710819
130,2026-09-21T07:58:43.873+00:00,2026-09-21T08:01:38.807+00:00,2026-09-21T08:01:43.423+00:00,True,75,75.0,,75.0,174933.448639,179549.459903,179549.459849,2393.9927979866666,44.432832000000005,174933.448639,20192.374030319043,76.8933007,62.3785305945946,9.381988810785627,0.41771220052969293,35,64,,True,True,,405,59.56268577710819
131,2026-09-21T07:58:44.152+00:00,2026-09-21T08:01:39.992+00:00,2026-09-21T08:01:45.831+00:00,True,96,96.0,,96.0,175839.623245,181679.440461,181679.440373,1892.4941705520832,43.551583,175839.623245,17940.284686854782,76.03567425,61.47176016842105,8.983659888659375,0.528403212583692,35,64,,True,True,,864,59.56268577710819
132,2026-09-21T07:58:44.563+00:00,2026-09-21T08:01:41.820+00:00,2026-09-21T08:01:42.636+00:00,True,15,15.0,,15.0,177257.548811,178072.80513099997,178072.805245,11871.520349666665,44.301213000000004,177257.548811,45752.667267968936,53225.502325099995,58.232594285714285,7.421759631716078,0.08423520923908168,35,64,,True,True,,120,59.56268577710819
133,2026-09-21T07:58:44.830+00:00,2026-09-21T08:01:43.479+00:00,2026-09-21T08:01:47.700+00:00,True,68,68.0,,68.0,178649.065143,182869.80037500002,182869.800622,2689.2617738529416,46.083511,178649.065143,21656.743628459855,76.28384550000001,62.99604823880597,8.603841812358601,0.37184926029643234,35,64,,True,True,,476,59.56268577710819
134,2026-09-21T07:58:45.217+00:00,2026-09-21T08:01:45.247+00:00,2026-09-21T08:01:45.903+00:00,True,12,12.0,,12.0,180030.09383000003,180685.81325400004,180685.81336400003,15057.151113666669,47.488930999999994,180030.09383000003,51953.00432412458,81056.02447430002,59.610856727272726,10.31885624464383,0.06641362586187625,35,64,,True,True,,36,59.56268577710819
135,2026-09-21T07:58:45.525+00:00,2026-09-21T08:01:46.841+00:00,2026-09-21T08:01:49.744+00:00,True,47,47.0,,47.0,181315.894553,184218.356505,184218.356339,3919.539496574468,44.952822999999995,181315.894553,26438.439050188987,76.010669,63.096998956521745,8.303115764562214,0.25513201231237964,35,64,,True,True,,423,59.56268577710819
136,2026-09-21T07:58:45.931+00:00,2026-09-21T08:01:49.076+00:00,2026-09-21T08:01:49.576+00:00,True,9,9.0,,9.0,183145.07466100002,183645.205221,183645.20507800003,20405.022786444446,40.067842,183145.07466100002,61027.52039784984,109917.6794302,62.51632,11.480562156196061,0.04900754141209041,35,64,,True,True,,19,59.56268577710819
137,2026-09-21T07:58:46.291+00:00,2026-09-21T08:01:50.984+00:00,2026-09-21T08:01:56.649+00:00,True,90,90.0,,90.0,184692.535819,190357.33684300003,190357.33673200003,2115.0815192444447,40.230712,184692.535819,19461.59574788245,77.676139,63.64944970786517,9.559686088966158,0.47279501537799307,35,64,,True,True,,90,59.56268577710819
138,2026-09-21T07:58:46.649+00:00,2026-09-21T08:01:52.252+00:00,2026-09-21T08:01:55.794+00:00,True,57,57.0,,57.0,185603.49094800002,189145.649284,189145.64927900003,3318.344724192983,43.782862,185603.49094800002,24575.40642419679,76.166656,63.25282742857143,8.754186599501082,0.3013550679900396,35,64,,True,True,,285,59.56268577710819
139,2026-09-21T07:58:46.874+00:00,2026-09-21T08:01:53.409+00:00,2026-09-21T08:01:59.668+00:00,True,99,99.0,,99.0,186535.494248,192794.593384,192794.593486,1947.4201362222223,44.963093,186535.494248,18741.10571779006,77.43034889999998,63.86835853061225,9.0623444484359,0.51349987705732,35,64,,True,True,,396,59.56268577710819
140,2026-09-21T07:58:47.198+00:00,2026-09-21T08:01:55.146+00:00,2026-09-21T08:01:57.909+00:00,True,45,45.0,,45.0,187948.025707,190710.801259,190710.801137,4238.017803044444,44.080523,187948.025707,28008.27868295715,77.31184999999999,62.79035345454545,9.172849975549836,0.23595936728767936,35,64,,True,True,,405,59.56268577710819
141,2026-09-21T07:58:47.461+00:00,2026-09-21T08:01:56.335+00:00,2026-09-21T08:01:58.148+00:00,True,30,30.0,,30.0,188874.042745,190687.637881,190687.637913,6356.254597100001,45.383202,188874.042745,34472.10794661531,79.3692806,62.53776331034483,9.055948311300625,0.15732535330225086,35,64,,True,True,,60,59.56268577710819
142,2026-09-21T07:58:47.725+00:00,2026-09-21T08:01:58.154+00:00,2026-09-21T08:02:03.999+00:00,True,94,94.0,,94.0,190428.93112599998,196274.18885399998,196274.18892199997,2088.023286404255,42.847012,190428.93112599998,19634.763627610413,76.344897,62.8522336344086,8.438977016036217,0.47892186205860515,35,64,,True,True,,1222,59.56268577710819
143,2026-09-21T07:58:48.123+00:00,2026-09-21T08:02:00.008+00:00,2026-09-21T08:02:05.195+00:00,True,85,85.0,,85.0,191884.702594,197072.330114,197072.33027500001,2318.498003235294,44.083822,191884.702594,20806.121254311085,75.771262,61.75747047619048,8.212830080826565,0.43131372096138626,35,64,,True,True,,213,59.56268577710819
144,2026-09-21T07:58:48.467+00:00,2026-09-21T08:02:02.123+00:00,2026-09-21T08:02:02.576+00:00,True,9,9.0,,9.0,193656.59191299998,194109.61028099997,194109.61029799999,21567.734477555554,42.626172,193656.59191299998,64533.322175631205,116224.01641340001,56.627296,9.695880572609145,0.04636555597103761,35,64,,True,True,,108,59.56268577710819
145,2026-09-21T07:58:48.741+00:00,2026-09-21T08:02:03.691+00:00,2026-09-21T08:02:09.860+00:00,True,99,99.0,,99.0,194950.43664899998,201119.10583299998,201119.10588299998,2031.5061200303028,46.063272,194950.43664899998,19586.931524402182,76.660026,62.94560391836735,8.20816953544559,0.49224562524758353,35,64,,True,True,,198,59.56268577710819
146,2026-09-21T07:58:48.987+00:00,2026-09-21T08:02:05.012+00:00,2026-09-21T08:02:05.012+00:00,True,1,1.0,,1.0,196025.107586,196025.107586,196025.107586,196025.107586,196025.107586,196025.107586,nan,196025.107586,nan,nan,0.005101387328974074,35,64,,True,True,,2,59.56268577710819
147,2026-09-21T07:58:49.296+00:00,2026-09-21T08:02:06.574+00:00,2026-09-21T08:02:12.574+00:00,True,96,96.0,,96.0,197278.045527,203278.116695,203278.116561,2117.48038084375,46.045463000000005,197278.045527,20128.161892711672,75.5127665,63.15864387368421,8.525542599576125,0.47225939299722614,35,64,,True,True,,252,59.56268577710819
148,2026-09-21T07:58:49.533+00:00,2026-09-21T08:02:08.037+00:00,2026-09-21T08:02:08.037+00:00,True,1,1.0,,1.0,198503.500412,198503.500412,198503.500412,198503.500412,198503.500412,198503.500412,nan,198503.500412,nan,nan,0.005037694539010496,35,64,,True,True,,3,59.56268577710819
149,2026-09-21T07:58:49.777+00:00,2026-09-21T08:02:09.192+00:00,2026-09-21T08:02:12.638+00:00,True,56,56.0,,56.0,199415.19462,202861.024764,202861.024736,3622.518298857143,44.637213,199415.19462,26639.605490727685,76.34891475,62.651457163636366,8.586422657669678,0.27605105547084785,35,64,,True,True,,168,59.56268577710819
150,2026-09-21T07:58:50.018+00:00,2026-09-21T08:02:10.635+00:00,2026-09-21T08:02:16.909+00:00,True,100,100.0,,100.0,200616.936292,206891.033444,206891.033351,2068.91033351,41.311692,200616.936292,20055.35861738402,78.011055,63.374718707070706,9.98388838715208,0.4833462249927201,35,64,,True,True,,300,59.56268577710819
151,2026-09-21T07:58:50.426+00:00,2026-09-21T08:02:12.938+00:00,2026-09-21T08:02:18.300+00:00,True,85,85.0,,85.0,202511.99470399998,207874.113872,207874.11397399998,2445.5778114588234,45.796093,202511.99470399998,21958.588014791523,76.60136,63.834752,9.43644349433265,0.4089013221354698,35,64,,True,True,,425,59.56268577710819
152,2026-09-21T07:58:50.664+00:00,2026-09-21T08:02:14.309+00:00,2026-09-21T08:02:20.117+00:00,True,92,92.0,,92.0,203644.688224,209453.07708800002,209453.077147,2276.663882032609,44.498673000000004,203644.688224,21224.773835397045,76.96629705000001,63.828449054945054,9.243926666421574,0.4392391903669524,35,64,,True,True,,511,59.56268577710819
153,2026-09-21T07:58:50.914+00:00,2026-09-21T08:02:15.863+00:00,2026-09-21T08:02:20.449+00:00,True,73,73.0,,73.0,204949.143563,209535.24583499998,209535.24567,2870.3458310958904,47.578883000000005,204949.143563,23980.029482543585,76.88157399999999,63.695864888888885,8.930713510875373,0.34839007494464375,35,64,,True,True,,869,59.56268577710819
154,2026-09-21T07:58:51.138+00:00,2026-09-21T08:02:16.856+00:00,2026-09-21T08:02:21.862+00:00,True,80,80.0,,80.0,205717.772702,210723.727774,210723.727923,2634.0465990374996,42.680091999999995,205717.772702,22992.86329215682,76.61936259999999,63.366519898734175,8.865686541662813,0.3796440051867322,35,64,,True,True,,304,59.56268577710819
155,2026-09-21T07:58:51.475+00:00,2026-09-21T08:02:18.797+00:00,2026-09-21T08:02:19.563+00:00,True,13,13.0,,13.0,207322.012882,208088.275154,208088.274963,16006.790381769231,45.882913,207322.012882,57483.07117128872,82979.75475580001,63.855189333333335,9.992730962279307,0.062473486266244854,35,64,,True,True,,52,59.56268577710819
156,2026-09-21T07:58:51.829+00:00,2026-09-21T08:02:20.592+00:00,2026-09-21T08:02:24.551+00:00,True,65,65.0,,65.0,208763.331982,212721.61371,212721.613596,3272.6402091692307,43.138303,208763.331982,25886.234995237442,80.1790968,61.848152,9.836806716230319,0.3055636842272806,35,64,,True,True,,130,59.56268577710819
157,2026-09-21T07:58:52.096+00:00,2026-09-21T08:02:22.118+00:00,2026-09-21T08:02:23.432+00:00,True,23,23.0,,23.0,210021.424918,211335.338006,211335.338139,9188.492962565218,44.068262000000004,210021.424918,43780.042048583105,73.7892148,59.72332218181818,8.918763745651383,0.10883177521095412,35,64,,True,True,,23,59.56268577710819
158,2026-09-21T07:58:52.373+00:00,2026-09-21T08:02:23.437+00:00,2026-09-21T08:02:23.570+00:00,True,3,3.0,,3.0,211063.59253,211196.641106,211196.641088,70398.88036266666,63.964694,211063.59253,121819.21417982684,189964.14166340002,66.524288,3.619843661667172,0.014204771365157718,35,64,,True,True,,24,59.56268577710819
159,2026-09-21T07:58:52.783+00:00,2026-09-21T08:02:25.547+00:00,2026-09-21T08:02:29.301+00:00,True,62,62.0,,62.0,212764.059672,216517.393944,216517.394026,3492.216032677419,42.814842,212764.059672,27013.249839977205,78.60979945,61.53007003278688,9.278704072256602,0.2863511280578024,35,64,,True,True,,610,59.56268577710819
162,2026-09-21T07:58:53.885+00:00,2026-09-21T08:02:28.687+00:00,2026-09-21T08:02:29.499+00:00,True,14,14.0,,14.0,214801.6465,215613.954724,215613.954599,15400.996757071429,44.344812,214801.6465,57391.455995638826,75231.83412645,62.485248,11.532804047886822,0.06493086228078751,35,64,,True,True,,42,59.56268577710819
160,2026-09-21T07:58:53.670+00:00,2026-09-21T08:02:28.995+00:00,2026-09-21T08:02:30.953+00:00,True,32,32.0,,32.0,215325.599303,217283.788103,217283.788072,6790.11837725,46.222201999999996,215325.599303,38053.382563652776,79.57954955,63.167380645161295,9.822133836089025,0.1472728374232453,35,64,,True,True,,134,59.56268577710819
161,2026-09-21T07:58:53.818+00:00,2026-09-21T08:02:30.675+00:00,2026-09-21T08:02:36.790+00:00,True,96,96.0,,96.0,216856.575758,222971.574286,222971.57433099998,2322.6205659479165,40.224161,216856.575758,22126.26458200086,77.65626699999999,64.36840555789473,10.726540173004222,0.4305481553306128,35,64,,True,True,,852,59.56268577710819
163,2026-09-21T07:58:54.135+00:00,2026-09-21T08:02:32.738+00:00,2026-09-21T08:02:36.792+00:00,True,64,64.0,,64.0,218603.184686,222656.89578999998,222656.895758,3479.01399621875,43.866220999999996,218603.184686,27317.357194327316,78.0715075,64.3446206984127,11.01651282959185,0.2874377628095648,35,64,,True,True,,192,59.56268577710819
164,2026-09-21T07:58:54.421+00:00,2026-09-21T08:02:34.118+00:00,2026-09-21T08:02:34.181+00:00,True,2,2.0,,2.0,219697.509214,219760.559966,219760.56008599998,109880.28004299999,63.050872000000005,219697.509214,155305.0148758625,208715.78629689998,63.050752,nan,0.009100814087429646,35,64,,True,True,,9,59.56268577710819
165,2026-09-21T07:58:54.806+00:00,2026-09-21T08:02:36.188+00:00,2026-09-21T08:02:42.303+00:00,True,98,98.0,,98.0,221382.00871599998,227496.818316,227496.81816099997,2321.396103683673,43.170001,221382.00871599998,22356.59391886432,77.2069815,63.039274226804125,9.276620047627459,0.4307752553439012,35,64,,True,True,,654,59.56268577710819
166,2026-09-21T07:58:55.197+00:00,2026-09-21T08:02:38.077+00:00,2026-09-21T08:02:42.299+00:00,True,68,68.0,,68.0,222879.877973,227102.091093,227102.091201,3339.7366353088237,43.545311,222879.877973,27020.51510017467,78.67903565,63.018106268656716,10.242111822513765,0.2994248079034794,35,64,,True,True,,277,59.56268577710819
167,2026-09-21T07:58:55.506+00:00,2026-09-21T08:02:39.617+00:00,2026-09-21T08:02:39.617+00:00,True,1,1.0,,1.0,224110.619246,224110.619246,224110.619246,224110.619246,224110.619246,224110.619246,nan,224110.619246,nan,nan,0.004462082177829904,35,64,,True,True,,4,59.56268577710819
168,2026-09-21T07:58:55.906+00:00,2026-09-21T08:02:41.474+00:00,2026-09-21T08:02:46.481+00:00,True,80,80.0,,80.0,225568.395848,230575.827016,230575.826923,2882.1978365375,44.706101000000004,225568.395848,25212.228765815107,77.30566105,63.38520465822785,10.386664966871152,0.34695744577964227,35,64,,True,True,,238,59.56268577710819
169,2026-09-21T07:58:56.244+00:00,2026-09-21T08:02:43.377+00:00,2026-09-21T08:02:49.592+00:00,True,99,99.0,,99.0,227132.78274,233348.601748,233348.601657,2357.056582393939,41.543821,227132.78274,22821.33111207312,77.61971000000001,63.42672457142857,9.988923576418774,0.42425795251566584,35,64,,True,True,,106,59.56268577710819
170,2026-09-21T07:58:56.587+00:00,2026-09-21T08:02:45.335+00:00,2026-09-21T08:02:49.257+00:00,True,63,63.0,,63.0,228748.259152,232669.59470400002,232669.59468900002,3693.168169666667,47.981582,228748.259152,28811.60462356979,77.042406,63.24734761290322,8.724436121915666,0.27077023140968626,35,64,,True,True,,435,59.56268577710819
171,2026-09-21T07:58:56.993+00:00,2026-09-21T08:02:47.270+00:00,2026-09-21T08:02:50.153+00:00,True,47,47.0,,47.0,230277.384868,233160.253604,233160.253569,4960.856458914894,47.140921999999996,230277.384868,33580.26827334594,77.661358,62.671059478260865,8.289310977559243,0.2015780960670292,35,64,,True,True,,105,59.56268577710819
172,2026-09-21T07:58:57.214+00:00,2026-09-21T08:02:48.355+00:00,2026-09-21T08:02:48.900+00:00,True,10,10.0,,10.0,231141.232963,231685.67353899998,231685.67364199998,23168.5673642,46.018311000000004,231141.232963,73074.14647694556,127160.39880504999,60.493397333333334,8.488051002719528,0.04316192644650808,35,64,,True,True,,44,59.56268577710819
173,2026-09-21T07:58:57.622+00:00,2026-09-21T08:02:50.478+00:00,2026-09-21T08:02:55.147+00:00,True,76,76.0,,76.0,232856.61983500002,237524.75679500002,237524.75681900003,3125.3257476184212,40.350131999999995,232856.61983500002,26703.34823796839,77.16452925,62.24182613333333,9.598491202983967,0.31996664695290333,35,64,,True,True,,228,59.56268577710819
174,2026-09-21T07:58:57.960+00:00,2026-09-21T08:02:52.664+00:00,2026-09-21T08:02:55.219+00:00,True,41,41.0,,41.0,234703.932138,237259.556586,237259.556366,5786.818447951219,46.089082000000005,234703.932138,36644.6189832175,76.334303,63.8906112,8.70210672432403,0.17280652712144237,35,64,,True,True,,369,59.56268577710819
175,2026-09-21T07:58:58.350+00:00,2026-09-21T08:02:54.529+00:00,2026-09-21T08:02:58.531+00:00,True,64,64.0,,64.0,236178.233941,240180.77653300003,240180.776581,3752.824634078125,43.714000999999996,236178.233941,29514.339026728558,76.18615664999999,63.5324220952381,8.954988224239253,0.266465955035359,35,64,,True,True,,257,59.56268577710819
176,2026-09-21T07:58:58.618+00:00,2026-09-21T08:02:55.854+00:00,2026-09-21T08:02:56.449+00:00,True,11,11.0,,11.0,237235.638973,237830.666941,237830.666781,21620.969707363634,50.556133,237235.638973,71511.29603589793,118654.67609749999,59.5027968,7.028114619308633,0.0462513944962734,35,64,,True,True,,87,59.56268577710819
177,2026-09-21T07:58:58.993+00:00,2026-09-21T08:02:58.067+00:00,2026-09-21T08:02:59.131+00:00,True,18,18.0,,18.0,239073.327709,240138.211677,240138.211586,13341.011754777777,49.583811999999995,239073.327709,56335.36005652042,35926.0044814,62.640233411764704,9.529475117111637,0.0749568337096266,35,64,,True,True,,108,59.56268577710819
178,2026-09-21T07:58:59.291+00:00,2026-09-21T08:02:59.501+00:00,2026-09-21T08:03:03.330+00:00,True,62,62.0,,62.0,240209.889898,244038.837866,244038.837932,3936.1102892258064,41.713632,240209.889898,30498.716203634453,75.575473,62.76963881967213,9.424005909087207,0.25405792185440484,35,64,,True,True,,189,59.56268577710819
179,2026-09-21T07:58:59.531+00:00,2026-09-21T08:03:00.609+00:00,2026-09-21T08:03:05.922+00:00,True,84,84.0,,84.0,241078.155832,246390.66603999998,246390.66599799998,2933.222214261905,43.772571000000006,241078.155832,26296.801244358463,78.25710699999999,64.00614708433734,9.268445392495526,0.34092200548848356,35,64,,True,True,,168,59.56268577710819
180,2026-09-21T07:58:59.790+00:00,2026-09-21T08:03:02.162+00:00,2026-09-21T08:03:05.065+00:00,True,46,46.0,,46.0,242371.84609900002,245274.49160300003,245274.49149100002,5332.054162847827,45.473091000000004,242371.84609900002,35726.27005028571,78.520193,64.50323342222222,10.212210437334004,0.18754498154033625,35,64,,True,True,,123,59.56268577710819
181,2026-09-21T07:59:00.075+00:00,2026-09-21T08:03:03.578+00:00,2026-09-21T08:03:07.617+00:00,True,63,63.0,,63.0,243503.334889,247542.02416899998,247542.024071,3929.2384773174604,42.870830999999995,243503.334889,30670.330949358387,77.751502,65.14014967741936,8.959423554517064,0.2545022414335157,35,64,,True,True,,315,59.56268577710819
182,2026-09-21T07:59:00.390+00:00,2026-09-21T08:03:05.203+00:00,2026-09-21T08:03:05.657+00:00,True,8,8.0,,8.0,244813.104714,245267.48244199998,245267.48257999998,30658.435322499998,44.742521999999994,244813.104714,86531.55449525036,159156.94634579998,64.911104,12.787113264650783,0.03261745063123813,35,64,,True,True,,8,59.56268577710819
183,2026-09-21T07:59:00.712+00:00,2026-09-21T08:03:06.860+00:00,2026-09-21T08:03:07.411+00:00,True,10,10.0,,10.0,246147.872148,246699.17454799998,246699.174547,24669.9174547,50.328342,246147.872148,77819.42120834862,135413.4685968,61.25582222222222,7.014057382711125,0.040535198459102716,35,64,,True,True,,35,59.56268577710819
184,2026-09-21T07:59:00.988+00:00,2026-09-21T08:03:08.576+00:00,2026-09-21T08:03:14.568+00:00,True,95,95.0,,95.0,247588.39909999998,253580.358908,253580.35885,2669.266935263158,43.712382,247588.39909999998,25395.495573912456,78.38918559999999,63.74425327659574,9.68159866013731,0.37463469335362204,35,64,,True,True,,473,59.56268577710819
185,2026-09-21T07:59:01.226+00:00,2026-09-21T08:03:08.645+00:00,2026-09-21T08:03:12.843+00:00,True,68,68.0,,68.0,247419.277958,251617.52896599998,251617.528995,3700.257779338235,43.417292,247419.277958,29996.397627564544,77.0104545,62.66046280597015,10.21121274779422,0.27025144185876077,35,64,,True,True,,680,59.56268577710819
186,2026-09-21T07:59:01.531+00:00,2026-09-21T08:03:10.113+00:00,2026-09-21T08:03:11.217+00:00,True,19,19.0,,19.0,248582.119477,249686.054709,249686.054786,13141.371304526316,47.961881999999996,248582.119477,57014.580037921434,24925.424921499998,61.32973511111111,9.048819176668228,0.07609555937012104,35,64,,True,True,,114,59.56268577710819
187,2026-09-21T07:59:01.822+00:00,2026-09-21T08:03:11.438+00:00,2026-09-21T08:03:12.904+00:00,True,25,25.0,,25.0,249616.227595,251082.174987,251082.174965,10043.2869986,42.408091,249616.227595,49911.03028030988,80.795653,61.081141333333335,10.151701271017242,0.09956899569351906,35,64,,True,True,,31,59.56268577710819
188,2026-09-21T07:59:02.185+00:00,2026-09-21T08:03:14.035+00:00,2026-09-21T08:03:14.493+00:00,True,8,8.0,,8.0,251849.95283700002,252308.341829,252308.34166300003,31538.542707875004,51.157212,251849.95283700002,89019.25299082458,163728.82642025,65.48414171428571,8.84326638240776,0.03170723544852884,35,64,,True,True,,36,59.56268577710819
189,2026-09-21T07:59:02.564+00:00,2026-09-21T08:03:16.328+00:00,2026-09-21T08:03:19.107+00:00,True,46,46.0,,46.0,253763.688188,256542.913276,256542.913236,5577.019852956521,43.736672,253763.688188,37406.30954114516,74.94909799999999,61.76055751111111,8.96704659359738,0.17930723329126308,35,64,,True,True,,268,59.56268577710819
190,2026-09-21T07:59:02.867+00:00,2026-09-21T08:03:18.108+00:00,2026-09-21T08:03:22.795+00:00,True,74,74.0,,74.0,255241.197749,259927.94846900002,259927.948413,3512.539843418919,44.140082,255241.197749,29663.725100684507,77.77118315,64.20206465753425,10.663922783584555,0.28469427945654535,35,64,,True,True,,666,59.56268577710819
191,2026-09-21T07:59:03.149+00:00,2026-09-21T08:03:19.816+00:00,2026-09-21T08:03:21.912+00:00,True,34,34.0,,34.0,256667.08466,258762.237556,258762.237523,7610.654044794117,46.724502,256667.08466,44007.1553166281,87.28067470000002,63.4894816969697,12.785077803918716,0.13139475188160674,35,64,,True,True,,68,59.56268577710819
192,2026-09-21T07:59:03.471+00:00,2026-09-21T08:03:21.558+00:00,2026-09-21T08:03:22.570+00:00,True,17,17.0,,17.0,258087.05388800002,259098.793536,259098.79368300003,15241.105510764708,49.435071,258087.05388800002,62579.96898170491,51679.061740000005,63.233728,8.064627157461933,0.06561203843520778,35,64,,True,True,,104,59.56268577710819
193,2026-09-21T07:59:03.774+00:00,2026-09-21T08:03:22.958+00:00,2026-09-21T08:03:22.958+00:00,True,1,1.0,,1.0,259183.97125499998,259183.97125499998,259183.97125499998,259183.97125499998,259183.97125499998,259183.97125499998,nan,259183.97125499998,nan,nan,0.00385826328363548,35,64,,True,True,,1,59.56268577710819
194,2026-09-21T07:59:04.109+00:00,2026-09-21T08:03:24.529+00:00,2026-09-21T08:03:25.567+00:00,True,17,17.0,,17.0,260419.443345,261458.243473,261458.24351200002,15379.896677176472,51.098912,260419.443345,63145.24641763025,52145.5247346,64.925008,8.856930475366644,0.06501994266535925,35,64,,True,True,,34,59.56268577710819
195,2026-09-21T07:59:04.424+00:00,2026-09-21T08:03:26.203+00:00,2026-09-21T08:03:26.506+00:00,True,6,6.0,,6.0,261778.36257199998,262081.32986799997,262081.32989199998,43680.221648666666,48.122241,261778.36257199998,106845.83230301474,196352.50069224997,60.593459200000005,11.330961190764498,0.022893656724887513,35,64,,True,True,,22,59.56268577710819
197,2026-09-21T07:59:05.574+00:00,2026-09-21T08:03:29.590+00:00,2026-09-21T08:03:31.179+00:00,True,26,26.0,,26.0,264015.559411,265604.339187,265604.339244,10215.551509384615,47.078180999999994,264015.559411,51765.24843180819,79.63909025000001,63.55119104,8.800740146694729,0.09788996700725802,35,64,,True,True,,52,59.56268577710819
196,2026-09-21T07:59:05.569+00:00,2026-09-21T08:03:30.333+00:00,2026-09-21T08:03:32.160+00:00,True,29,29.0,,29.0,264764.190238,266591.099678,266591.09975500003,9192.796543275863,42.574081,264764.190238,49153.36086363289,79.2945676,65.24676571428571,10.30162073798973,0.10878082589789165,35,64,,True,True,,174,59.56268577710819
198,2026-09-21T07:59:05.579+00:00,2026-09-21T08:03:31.106+00:00,2026-09-21T08:03:34.544+00:00,True,55,55.0,,55.0,265526.42920199997,268964.59060999996,268964.59062399995,4890.265284072727,43.395711000000006,265526.42920199997,35794.99238986327,77.5605033,63.669655703703704,9.335598291657288,0.20448788398228332,35,64,,True,True,,273,59.56268577710819
199,2026-09-21T07:59:05.783+00:00,2026-09-21T08:03:31.687+00:00,2026-09-21T08:03:36.460+00:00,True,76,76.0,,76.0,265903.598993,270677.128337,270677.128133,3561.5411596447366,43.699211000000005,265903.598993,30493.935306733856,78.6961945,63.64705792,9.544462953631008,0.2807773248775495,35,64,,True,True,,905,59.56268577710819
200,2026-09-21T07:59:06.076+00:00,2026-09-21T08:03:35.124+00:00,2026-09-21T08:03:36.591+00:00,True,24,24.0,,24.0,269048.262574,270514.619054,270514.619245,11271.442468541667,44.160771000000004,269048.262574,54906.23356684013,78.617439,63.75462956521739,9.6058813173359,0.08871978928136645,35,64,,True,True,,72,59.56268577710819
201,2026-09-21T07:59:06.346+00:00,2026-09-21T08:03:36.647+00:00,2026-09-21T08:03:42.580+00:00,True,93,93.0,,93.0,270300.95280800003,276234.530792,276234.53084200004,2970.263772494624,46.157809,270300.95280800003,28022.21705292863,78.83794,64.49541286956521,10.114647225043457,0.336670436289616,35,64,,True,True,,465,59.56268577710819
202,2026-09-21T07:59:06.744+00:00,2026-09-21T08:03:38.632+00:00,2026-09-21T08:03:40.836+00:00,True,35,35.0,,35.0,271888.251659,274091.930891,274091.930695,7831.198019857143,45.702031000000005,271888.251659,45946.548268560495,86.443274,64.81409505882353,11.133237107656731,0.12769438299852282,35,64,,True,True,,70,59.56268577710819
203,2026-09-21T07:59:07.015+00:00,2026-09-21T08:03:39.994+00:00,2026-09-21T08:03:40.237+00:00,True,5,5.0,,5.0,272978.545759,273221.923167,273221.922934,54644.3845868,45.573561,272978.545759,122052.5072925827,218397.9661054,60.844352,15.568738361211931,0.01830014203122301,35,64,,True,True,,10,59.56268577710819
204,2026-09-21T07:59:07.363+00:00,2026-09-21T08:03:41.876+00:00,2026-09-21T08:03:43.176+00:00,True,21,21.0,,21.0,274512.41388300003,275812.401595,275812.40172900003,13133.923891857145,42.788987999999996,274512.41388300003,59889.3366260245,80.388102,64.9993856,10.383590303527106,0.07613870833421109,35,64,,True,True,,63,59.56268577710819
205,2026-09-21T07:59:07.681+00:00,2026-09-21T08:03:43.502+00:00,2026-09-21T08:03:47.565+00:00,True,66,66.0,,66.0,275820.44385399995,279883.44775799994,279883.44773899997,4240.658299075757,43.147771,275820.44385399995,33943.45672675832,78.01158625,62.50775236923077,9.18118854313105,0.23581244453250635,35,64,,True,True,,67,59.56268577710819
206,2026-09-21T07:59:07.935+00:00,2026-09-21T08:03:45.020+00:00,2026-09-21T08:03:47.698+00:00,True,44,44.0,,44.0,277085.75456699997,279763.096775,279763.096744,6358.252198727272,44.643521,277085.75456699997,41762.863859335426,78.958165,62.26377227906977,10.399367758018164,0.15727592562140918,35,64,,True,True,,214,59.56268577710819
207,2026-09-21T07:59:08.257+00:00,2026-09-21T08:03:46.434+00:00,2026-09-21T08:03:50.639+00:00,True,68,68.0,,68.0,278177.068355,282381.858115,282381.858233,4152.674385779412,44.670721,278177.068355,33726.31540811626,78.5283785,62.75805611940298,9.679874549703852,0.24080867111621243,35,64,,True,True,,274,59.56268577710819
208,2026-09-21T07:59:08.488+00:00,2026-09-21T08:03:47.828+00:00,2026-09-21T08:03:47.947+00:00,True,3,3.0,,3.0,279340.05129000003,279458.701658,279458.701653,93152.90055100001,55.199682,279340.05129000003,161242.8024509934,251412.3912291,59.325184,5.834253198756461,0.010735038781048168,35,64,,True,True,,15,59.56268577710819
209,2026-09-21T07:59:08.788+00:00,2026-09-21T08:03:49.255+00:00,2026-09-21T08:03:53.341+00:00,True,66,66.0,,66.0,280466.897029,284553.462405,284553.462295,4311.416095378788,44.083571000000006,280466.897029,34515.35089331183,77.835127,62.87023655384615,9.012738492174503,0.23194235431956664,35,64,,True,True,,264,59.56268577710819
210,2026-09-21T07:59:09.057+00:00,2026-09-21T08:03:50.791+00:00,2026-09-21T08:03:55.327+00:00,True,72,72.0,,72.0,281733.65314300003,286269.72277500003,286269.722528,3975.968368444445,43.322051,281733.65314300003,33195.10155636071,77.15367595,63.88830467605634,9.803393987063005,0.25151105503598775,35,64,,True,True,,147,59.56268577710819
211,2026-09-21T07:59:09.338+00:00,2026-09-21T08:03:52.189+00:00,2026-09-21T08:03:53.890+00:00,True,27,27.0,,27.0,282851.329414,284551.975558,284551.97551899997,10538.962056259259,49.647501,282851.329414,54422.176440933705,76.53768,65.40946707692308,9.35132493424027,0.09488600438304325,35,64,,True,True,,108,59.56268577710819
212,2026-09-21T07:59:09.677+00:00,2026-09-21T08:03:53.688+00:00,2026-09-21T08:03:54.154+00:00,True,8,8.0,,8.0,284010.663559,284476.853895,284476.853949,35559.606743625,44.465601,284010.663559,100389.38746253784,184634.28390505002,66.59861942857142,11.525002231464468,0.028121795817359494,35,64,,True,True,,15,59.56268577710819
215,2026-09-21T07:59:10.519+00:00,2026-09-21T08:03:56.159+00:00,2026-09-21T08:03:57.563+00:00,True,24,24.0,,24.0,285639.906194,287043.745426,287043.74536199996,11960.15605675,46.815061,285639.906194,58293.54331014488,79.8936245,61.03648834782609,8.79490938162736,0.08361094914080687,35,64,,True,True,,110,59.56268577710819
216,2026-09-21T07:59:10.762+00:00,2026-09-21T08:03:57.208+00:00,2026-09-21T08:04:01.547+00:00,True,69,69.0,,69.0,286445.507481,290784.680089,290784.68011099997,4214.270726246376,45.690540999999996,286445.507481,34476.30584953479,76.819499,63.81136188235294,8.588923762743567,0.23728897952561082,35,64,,True,True,,241,59.56268577710819
213,2026-09-21T07:59:09.933+00:00,2026-09-21T08:03:58.607+00:00,2026-09-21T08:04:02.063+00:00,True,54,54.0,,54.0,288673.875596,292129.81902,292129.818918,5409.811461444445,47.776751,288673.875596,39274.666263183186,78.1712215,65.20647969811321,8.961008108289185,0.18484932548533503,35,64,,True,True,,594,59.56268577710819
217,2026-09-21T07:59:11.132+00:00,2026-09-21T08:04:00.139+00:00,2026-09-21T08:04:06.048+00:00,True,95,95.0,,95.0,289006.802233,294915.586105,294915.586007,3104.3745895473685,42.639921,289006.802233,29645.024538105805,76.60866199999998,62.859402893617016,9.503238891407056,0.32212607429360063,35,64,,True,True,,95,59.56268577710819
214,2026-09-21T07:59:10.258+00:00,2026-09-21T08:04:01.951+00:00,2026-09-21T08:04:02.720+00:00,True,13,13.0,,13.0,291692.52990200004,292462.15371000004,292462.15369800007,22497.088746,46.410311,291692.52990200004,80883.16430790967,116721.234692,64.13531733333333,8.981904021743814,0.0444501958119701,35,64,,True,True,,109,59.56268577710819
218,2026-09-21T07:59:11.402+00:00,2026-09-21T08:04:02.647+00:00,2026-09-21T08:04:06.051+00:00,True,56,56.0,,56.0,291244.87489700003,294649.47675300005,294649.47662900004,5261.597796946429,43.745771,291244.87489700003,38910.962620517006,75.70799625000001,61.90185192727273,9.423398703177595,0.19005633614935588,35,64,,True,True,,224,59.56268577710819
219,2026-09-21T07:59:11.809+00:00,2026-09-21T08:04:05.027+00:00,2026-09-21T08:04:05.835+00:00,True,14,14.0,,14.0,293217.55250499997,294025.255289,294025.25523199997,21001.803945142856,45.611761,293217.55250499997,78349.08270525641,102676.3150574,62.130983384615384,10.70336704639929,0.047614957382621025,35,64,,True,True,,186,59.56268577710819
220,2026-09-21T07:59:12.142+00:00,2026-09-21T08:04:06.698+00:00,2026-09-21T08:04:08.229+00:00,True,25,25.0,,25.0,294556.370531,296087.56003500003,296087.560093,11843.50240372,44.491721,294556.370531,58898.51482591788,76.81952199999999,63.79956266666667,8.818968901192072,0.08443448281665326,35,64,,True,True,,146,59.56268577710819
221,2026-09-21T07:59:12.527+00:00,2026-09-21T08:04:08.795+00:00,2026-09-21T08:04:12.256+00:00,True,56,56.0,,56.0,296267.131221,299728.628821,299728.62893299997,5352.296945232142,46.025051,296267.131221,39581.951516862675,76.5731985,62.93632,9.080676688626564,0.18683567272262,35,64,,True,True,,118,59.56268577710819
222,2026-09-21T07:59:12.817+00:00,2026-09-21T08:04:10.435+00:00,2026-09-21T08:04:11.665+00:00,True,20,20.0,,20.0,297618.02783,298847.422774,298847.422646,14942.371132299999,52.512032,297618.02783,66534.9462294648,14956.84343295,64.70499705263158,8.784823375392799,0.0669237827596217,35,64,,True,True,,63,59.56268577710819
223,2026-09-21T07:59:13.128+00:00,2026-09-21T08:04:12.056+00:00,2026-09-21T08:04:13.149+00:00,False,20,19.0,,19.0,298927.172676,300021.12979599996,300021.129909,15001.056495449999,0.02555,298927.172676,66829.27521526319,15019.6173062,57.57669052631579,16.430419903932947,0.06332887291278148,35,64,,True,False,Request timeout: 300.0s exceeded,19,59.56268577710819
224,2026-09-21T07:59:13.490+00:00,2026-09-21T08:04:13.596+00:00,2026-09-21T08:04:13.596+00:00,False,1,0.0,,0.0,300106.042937,300106.042937,300106.042937,300106.042937,300106.042937,300106.042937,nan,300106.042937,nan,nan,0.0,35,64,,True,False,"HTTPConnectionPool(host='gpu06', port=9004): Read timed out.",0,59.56268577710819
225,2026-09-21T07:59:13.883+00:00,2026-09-21T08:04:13.894+00:00,2026-09-21T08:04:13.894+00:00,False,1,0.0,,0.0,300011.18804900005,300011.18804900005,300011.18804900005,300011.18804900005,300011.18804900005,300011.18804900005,nan,300011.18804900005,nan,nan,0.0,35,64,,True,False,"HTTPConnectionPool(host='gpu06', port=9004): Read timed out.",0,59.56268577710819
226,2026-09-21T07:59:14.140+00:00,2026-09-21T08:04:14.170+00:00,2026-09-21T08:04:14.170+00:00,False,1,0.0,,0.0,300030.30955199996,300030.30955199996,300030.30955199996,300030.30955199996,300030.30955199996,300030.30955199996,nan,300030.30955199996,nan,nan,0.0,35,64,,True,False,"HTTPConnectionPool(host='gpu06', port=9004): Read timed out.",0,59.56268577710819
227,2026-09-21T07:59:14.537+00:00,2026-09-21T08:04:14.635+00:00,2026-09-21T08:04:14.635+00:00,False,1,0.0,,0.0,300097.903096,300097.903096,300097.903096,300097.903096,300097.903096,300097.903096,nan,300097.903096,nan,nan,0.0,35,64,,True,False,"HTTPConnectionPool(host='gpu06', port=9004): Read timed out.",0,59.56268577710819
228,2026-09-21T07:59:14.913+00:00,2026-09-21T08:04:14.955+00:00,2026-09-21T08:04:14.955+00:00,False,1,0.0,,0.0,300042.41706,300042.41706,300042.41706,300042.41706,300042.41706,300042.41706,nan,300042.41706,nan,nan,0.0,35,64,,True,False,TTFT timeout: 300.0s exceeded (TTFT: 300.037s),0,59.56268577710819
229,2026-09-21T07:59:15.272+00:00,2026-09-21T08:04:15.351+00:00,2026-09-21T08:04:15.351+00:00,False,1,0.0,,0.0,300079.510157,300079.510157,300079.510157,300079.510157,300079.510157,300079.510157,nan,300079.510157,nan,nan,0.0,35,64,,True,False,"HTTPConnectionPool(host='gpu06', port=9004): Read timed out.",0,59.56268577710819
230,2026-09-21T07:59:15.664+00:00,2026-09-21T08:04:15.647+00:00,2026-09-21T08:04:15.803+00:00,False,3,2.0,,2.0,299982.954058,300139.198794,300139.198902,100046.399634,0.040350000000000004,299982.954058,173150.15288187246,270000.2791016,78.122368,110.424872278803,0.006663574794749473,35,64,,True,False,Request timeout: 300.0s exceeded,5,59.56268577710819
231,2026-09-21T07:59:16.012+00:00,2026-09-21T08:04:16.116+00:00,2026-09-21T08:04:16.116+00:00,False,1,0.0,,0.0,300104.786398,300104.786398,300104.786398,300104.786398,300104.786398,300104.786398,nan,300104.786398,nan,nan,0.0,35,64,,True,False,"HTTPConnectionPool(host='gpu06', port=9004): Read timed out.",0,59.56268577710819
232,2026-09-21T07:59:16.287+00:00,2026-09-21T08:04:16.361+00:00,2026-09-21T08:04:16.361+00:00,False,1,0.0,,0.0,300074.462459,300074.462459,300074.462459,300074.462459,300074.462459,300074.462459,nan,300074.462459,nan,nan,0.0,35,64,,True,False,"HTTPConnectionPool(host='gpu06', port=9004): Read timed out.",0,59.56268577710819
233,2026-09-21T07:59:16.577+00:00,2026-09-21T08:04:16.680+00:00,2026-09-21T08:04:16.680+00:00,False,1,0.0,,0.0,300102.69974,300102.69974,300102.69974,300102.69974,300102.69974,300102.69974,nan,300102.69974,nan,nan,0.0,35,64,,True,False,"HTTPConnectionPool(host='gpu06', port=9004): Read timed out.",0,59.56268577710819
234,2026-09-21T07:59:16.884+00:00,2026-09-21T08:04:16.985+00:00,2026-09-21T08:04:16.985+00:00,False,1,0.0,,0.0,300101.06474,300101.06474,300101.06474,300101.06474,300101.06474,300101.06474,nan,300101.06474,nan,nan,0.0,35,64,,True,False,"HTTPConnectionPool(host='gpu06', port=9004): Read timed out.",0,59.56268577710819
235,2026-09-21T07:59:17.108+00:00,2026-09-21T08:04:17.215+00:00,2026-09-21T08:04:17.215+00:00,False,1,0.0,,0.0,300106.683064,300106.683064,300106.683064,300106.683064,300106.683064,300106.683064,nan,300106.683064,nan,nan,0.0,35,64,,True,False,"HTTPConnectionPool(host='gpu06', port=9004): Read timed out.",0,59.56268577710819
236,2026-09-21T07:59:17.357+00:00,2026-09-21T08:04:17.343+00:00,2026-09-21T08:04:17.549+00:00,False,3,2.0,,2.0,299985.81100499997,300191.399229,300191.399199,100063.79973299999,0.02554,299985.81100499997,173137.57103718873,270007.7861699,102.794112,145.33662345530217,0.006662416062341303,35,64,,True,False,Request timeout: 300.0s exceeded,8,59.56268577710819
237,2026-09-21T07:59:17.726+00:00,2026-09-21T08:04:17.806+00:00,2026-09-21T08:04:17.806+00:00,False,1,0.0,,0.0,300080.17813300004,300080.17813300004,300080.17813300004,300080.17813300004,300080.17813300004,300080.17813300004,nan,300080.17813300004,nan,nan,0.0,35,64,,True,False,TTFT timeout: 300.0s exceeded (TTFT: 300.072s),0,59.56268577710819
238,2026-09-21T07:59:18.033+00:00,2026-09-21T08:04:18.034+00:00,2026-09-21T08:04:18.103+00:00,False,3,2.0,,2.0,300000.03409,300069.54141799995,300069.54147199995,100023.18049066665,0.03055,300000.03409,173185.03886685308,270006.9783642,34.753664,49.10565833032148,0.006665121659962079,35,64,,True,False,Request timeout: 300.0s exceeded,15,59.56268577710819
241,2026-09-21T07:59:19.432+00:00,2026-09-21T08:04:18.632+00:00,2026-09-21T08:04:19.578+00:00,False,14,13.0,,13.0,299199.98829,300145.794626,300145.79469,21438.985335,0.03065,299199.98829,79945.12401756187,104808.27992395,72.75433353846154,37.18298272191591,0.043312284339011964,35,64,,True,False,Request timeout: 300.0s exceeded,26,59.56268577710819
239,2026-09-21T07:59:19.319+00:00,2026-09-21T08:04:19.271+00:00,2026-09-21T08:04:20.032+00:00,False,15,14.0,,14.0,299952.21541299997,300712.985717,300712.985749,20047.532383266665,0.055020000000000006,299952.21541299997,77433.30068914022,90044.15691929997,54.340736,20.05088418550671,0.04655602074057206,35,64,,True,False,Request timeout: 300.0s exceeded,32,59.56268577710819
240,2026-09-21T07:59:19.422+00:00,2026-09-21T08:04:19.277+00:00,2026-09-21T08:04:19.903+00:00,False,13,12.0,,12.0,299855.18711500004,300481.396651,300481.39663800003,23113.953587538464,0.03872,299855.18711500004,83150.39454894616,119988.34427860001,52.184128,20.229604659820787,0.039935916611628486,35,64,,True,False,Request timeout: 300.0s exceeded,60,59.56268577710819
243,2026-09-21T07:59:19.808+00:00,2026-09-21T08:04:20.111+00:00,2026-09-21T08:04:20.111+00:00,False,1,0.0,,0.0,300303.09656800004,300303.09656800004,300303.09656800004,300303.09656800004,300303.09656800004,300303.09656800004,nan,300303.09656800004,nan,nan,0.0,35,64,,True,False,"HTTPConnectionPool(host='gpu06', port=9004): Read timed out.",0,59.56268577710819
242,2026-09-21T07:59:19.754+00:00,2026-09-21T08:04:20.400+00:00,2026-09-21T08:04:20.400+00:00,False,1,0.0,,0.0,300645.451089,300645.451089,300645.451089,300645.451089,300645.451089,300645.451089,nan,300645.451089,nan,nan,0.0,35,64,,True,False,"HTTPConnectionPool(host='gpu06', port=9004): Read timed out.",0,59.56268577710819
244,2026-09-21T07:59:20.066+00:00,2026-09-21T08:04:21.361+00:00,2026-09-21T08:04:21.473+00:00,False,4,3.0,,3.0,301294.58581099997,301407.15336299996,301407.15320299997,75351.78830074999,0.04623,301294.58581099997,150628.53447657856,256111.027847,37.52251733333333,35.59031809494381,0.009953313869717442,35,64,,True,False,Request timeout: 300.0s exceeded,3,59.56268577710819
249,2026-09-21T07:59:21.449+00:00,2026-09-21T08:04:21.524+00:00,2026-09-21T08:04:21.524+00:00,False,1,0.0,,0.0,300075.470533,300075.470533,300075.470533,300075.470533,300075.470533,300075.470533,nan,300075.470533,nan,nan,0.0,35,64,,True,False,"HTTPConnectionPool(host='gpu06', port=9004): Read timed out.",0,59.56268577710819
245,2026-09-21T07:59:20.360+00:00,2026-09-21T08:04:21.525+00:00,2026-09-21T08:04:21.525+00:00,False,1,0.0,,0.0,301165.417339,301165.417339,301165.417339,301165.417339,301165.417339,301165.417339,nan,301165.417339,nan,nan,0.0,35,64,,True,False,"HTTPConnectionPool(host='gpu06', port=9004): Read timed out.",0,59.56268577710819
246,2026-09-21T07:59:20.638+00:00,2026-09-21T08:04:21.897+00:00,2026-09-21T08:04:21.897+00:00,False,1,0.0,,0.0,301258.792112,301258.792112,301258.792112,301258.792112,301258.792112,301258.792112,nan,301258.792112,nan,nan,0.0,35,64,,True,False,"HTTPConnectionPool(host='gpu06', port=9004): Read timed out.",0,59.56268577710819
250,2026-09-21T07:59:21.819+00:00,2026-09-21T08:04:21.923+00:00,2026-09-21T08:04:21.923+00:00,False,1,0.0,,0.0,300104.10860900005,300104.10860900005,300104.10860900005,300104.10860900005,300104.10860900005,300104.10860900005,nan,300104.10860900005,nan,nan,0.0,35,64,,True,False,"HTTPConnectionPool(host='gpu06', port=9004): Read timed out.",0,59.56268577710819
251,2026-09-21T07:59:22.161+00:00,2026-09-21T08:04:23.274+00:00,2026-09-21T08:04:23.274+00:00,False,1,0.0,,0.0,301113.156827,301113.156827,301113.156827,301113.156827,301113.156827,301113.156827,nan,301113.156827,nan,nan,0.0,35,64,,True,False,"HTTPConnectionPool(host='gpu06', port=9004): Read timed out.",0,59.56268577710819
248,2026-09-21T07:59:21.216+00:00,2026-09-21T08:04:23.290+00:00,2026-09-21T08:04:23.290+00:00,False,1,0.0,,0.0,302074.445941,302074.445941,302074.445941,302074.445941,302074.445941,302074.445941,nan,302074.445941,nan,nan,0.0,35,64,,True,False,"HTTPConnectionPool(host='gpu06', port=9004): Read timed out.",0,59.56268577710819
253,2026-09-21T07:59:22.899+00:00,2026-09-21T08:04:23.309+00:00,2026-09-21T08:04:23.309+00:00,False,1,0.0,,0.0,300409.593063,300409.593063,300409.593063,300409.593063,300409.593063,300409.593063,nan,300409.593063,nan,nan,0.0,35,64,,True,False,"HTTPConnectionPool(host='gpu06', port=9004): Read timed out.",0,59.56268577710819
247,2026-09-21T07:59:20.895+00:00,2026-09-21T08:04:23.312+00:00,2026-09-21T08:04:23.312+00:00,False,1,0.0,,0.0,302416.488879,302416.488879,302416.488879,302416.488879,302416.488879,302416.488879,nan,302416.488879,nan,nan,0.0,35,64,,True,False,"HTTPConnectionPool(host='gpu06', port=9004): Read timed out.",0,59.56268577710819
252,2026-09-21T07:59:22.513+00:00,2026-09-21T08:04:23.318+00:00,2026-09-21T08:04:23.318+00:00,False,1,0.0,,0.0,300804.479277,300804.479277,300804.479277,300804.479277,300804.479277,300804.479277,nan,300804.479277,nan,nan,0.0,35,64,,True,False,"HTTPConnectionPool(host='gpu06', port=9004): Read timed out.",0,59.56268577710819
254,2026-09-21T07:59:23.304+00:00,2026-09-21T08:04:23.368+00:00,2026-09-21T08:04:23.368+00:00,False,1,0.0,,0.0,300063.323768,300063.323768,300063.323768,300063.323768,300063.323768,300063.323768,nan,300063.323768,nan,nan,0.0,35,64,,True,False,"HTTPConnectionPool(host='gpu06', port=9004): Read timed out.",0,59.56268577710819
255,2026-09-21T07:59:23.668+00:00,2026-09-21T08:04:23.782+00:00,2026-09-21T08:04:23.782+00:00,False,1,0.0,,0.0,300114.858905,300114.858905,300114.858905,300114.858905,300114.858905,300114.858905,nan,300114.858905,nan,nan,0.0,35,64,,True,False,"HTTPConnectionPool(host='gpu06', port=9004): Read timed out.",0,59.56268577710819
256,2026-09-21T07:59:23.988+00:00,2026-09-21T08:04:24.010+00:00,2026-09-21T08:04:24.010+00:00,False,1,0.0,,0.0,300022.281112,300022.281112,300022.281112,300022.281112,300022.281112,300022.281112,nan,300022.281112,nan,nan,0.0,35,64,,True,False,"HTTPConnectionPool(host='gpu06', port=9004): Read timed out.",0,59.56268577710819
257,2026-09-21T07:59:24.349+00:00,2026-09-21T08:04:24.450+00:00,2026-09-21T08:04:24.450+00:00,False,1,0.0,,0.0,300101.147489,300101.147489,300101.147489,300101.147489,300101.147489,300101.147489,nan,300101.147489,nan,nan,0.0,35,64,,True,False,"HTTPConnectionPool(host='gpu06', port=9004): Read timed out.",0,59.56268577710819
258,2026-09-21T07:59:24.608+00:00,2026-09-21T08:04:24.714+00:00,2026-09-21T08:04:24.714+00:00,False,1,0.0,,0.0,300106.595062,300106.595062,300106.595062,300106.595062,300106.595062,300106.595062,nan,300106.595062,nan,nan,0.0,35,64,,True,False,"HTTPConnectionPool(host='gpu06', port=9004): Read timed out.",0,59.56268577710819
259,2026-09-21T07:59:24.887+00:00,2026-09-21T08:04:24.994+00:00,2026-09-21T08:04:24.994+00:00,False,1,0.0,,0.0,300107.221773,300107.221773,300107.221773,300107.221773,300107.221773,300107.221773,nan,300107.221773,nan,nan,0.0,35,64,,True,False,"HTTPConnectionPool(host='gpu06', port=9004): Read timed out.",0,59.56268577710819
260,2026-09-21T07:59:25.250+00:00,2026-09-21T08:04:25.325+00:00,2026-09-21T08:04:25.325+00:00,False,1,0.0,,0.0,300075.12442799995,300075.12442799995,300075.12442799995,300075.12442799995,300075.12442799995,300075.12442799995,nan,300075.12442799995,nan,nan,0.0,35,64,,True,False,TTFT timeout: 300.0s exceeded (TTFT: 300.071s),0,59.56268577710819
261,2026-09-21T07:59:25.497+00:00,2026-09-21T08:04:25.529+00:00,2026-09-21T08:04:25.529+00:00,False,1,0.0,,0.0,300032.44632,300032.44632,300032.44632,300032.44632,300032.44632,300032.44632,nan,300032.44632,nan,nan,0.0,35,64,,True,False,TTFT timeout: 300.0s exceeded (TTFT: 300.021s),0,59.56268577710819
262,2026-09-21T07:59:25.763+00:00,2026-09-21T08:04:25.788+00:00,2026-09-21T08:04:25.788+00:00,False,1,0.0,,0.0,300025.02938300004,300025.02938300004,300025.02938300004,300025.02938300004,300025.02938300004,300025.02938300004,nan,300025.02938300004,nan,nan,0.0,35,64,,True,False,TTFT timeout: 300.0s exceeded (TTFT: 300.018s),0,59.56268577710819
263,2026-09-21T07:59:26.110+00:00,2026-09-21T08:04:26.216+00:00,2026-09-21T08:04:26.216+00:00,False,1,0.0,,0.0,300106.269292,300106.269292,300106.269292,300106.269292,300106.269292,300106.269292,nan,300106.269292,nan,nan,0.0,35,64,,True,False,"HTTPConnectionPool(host='gpu06', port=9004): Read timed out.",0,59.56268577710819
264,2026-09-21T07:59:26.447+00:00,2026-09-21T08:04:26.562+00:00,2026-09-21T08:04:26.562+00:00,False,1,0.0,,0.0,300114.747899,300114.747899,300114.747899,300114.747899,300114.747899,300114.747899,nan,300114.747899,nan,nan,0.0,35,64,,True,False,"HTTPConnectionPool(host='gpu06', port=9004): Read timed out.",0,59.56268577710819
265,2026-09-21T07:59:26.847+00:00,2026-09-21T08:04:26.952+00:00,2026-09-21T08:04:26.952+00:00,False,1,0.0,,0.0,300105.244722,300105.244722,300105.244722,300105.244722,300105.244722,300105.244722,nan,300105.244722,nan,nan,0.0,35,64,,True,False,"HTTPConnectionPool(host='gpu06', port=9004): Read timed out.",0,59.56268577710819
266,2026-09-21T07:59:27.128+00:00,2026-09-21T08:04:27.233+00:00,2026-09-21T08:04:27.233+00:00,False,1,0.0,,0.0,300105.781513,300105.781513,300105.781513,300105.781513,300105.781513,300105.781513,nan,300105.781513,nan,nan,0.0,35,64,,True,False,"HTTPConnectionPool(host='gpu06', port=9004): Read timed out.",0,59.56268577710819
267,2026-09-21T07:59:27.523+00:00,2026-09-21T08:04:27.517+00:00,2026-09-21T08:04:27.660+00:00,False,3,2.0,,2.0,299994.844074,300137.86026600003,300137.860307,100045.95343566667,0.02477,299994.844074,173160.8335060038,270009.6588129,71.508096,101.09296347016839,0.006663604512364688,35,64,,True,False,Request timeout: 300.0s exceeded,11,59.56268577710819
268,2026-09-21T07:59:27.757+00:00,2026-09-21T08:04:27.765+00:00,2026-09-21T08:04:27.765+00:00,False,1,0.0,,0.0,300007.319059,300007.319059,300007.319059,300007.319059,300007.319059,300007.319059,nan,300007.319059,nan,nan,0.0,35,64,,True,False,TTFT timeout: 300.0s exceeded (TTFT: 300.002s),0,59.56268577710819
269,2026-09-21T07:59:27.989+00:00,2026-09-21T08:04:28.100+00:00,2026-09-21T08:04:28.100+00:00,False,1,0.0,,0.0,300111.55240499997,300111.55240499997,300111.55240499997,300111.55240499997,300111.55240499997,300111.55240499997,nan,300111.55240499997,nan,nan,0.0,35,64,,True,False,"HTTPConnectionPool(host='gpu06', port=9004): Read timed out.",0,59.56268577710819
270,2026-09-21T07:59:28.207+00:00,2026-09-21T08:04:28.310+00:00,2026-09-21T08:04:28.310+00:00,False,1,0.0,,0.0,300103.36839099997,300103.36839099997,300103.36839099997,300103.36839099997,300103.36839099997,300103.36839099997,nan,300103.36839099997,nan,nan,0.0,35,64,,True,False,"HTTPConnectionPool(host='gpu06', port=9004): Read timed out.",0,59.56268577710819
271,2026-09-21T07:59:28.458+00:00,2026-09-21T08:04:28.544+00:00,2026-09-21T08:04:28.544+00:00,False,1,0.0,,0.0,300086.096103,300086.096103,300086.096103,300086.096103,300086.096103,300086.096103,nan,300086.096103,nan,nan,0.0,35,64,,True,False,"HTTPConnectionPool(host='gpu06', port=9004): Read timed out.",0,59.56268577710819
272,2026-09-21T07:59:28.856+00:00,2026-09-21T08:04:28.958+00:00,2026-09-21T08:04:28.958+00:00,False,1,0.0,,0.0,300101.762097,300101.762097,300101.762097,300101.762097,300101.762097,300101.762097,nan,300101.762097,nan,nan,0.0,35,64,,True,False,"HTTPConnectionPool(host='gpu06', port=9004): Read timed out.",0,59.56268577710819
273,2026-09-21T07:59:29.143+00:00,2026-09-21T08:04:29.244+00:00,2026-09-21T08:04:29.244+00:00,False,1,0.0,,0.0,300101.507208,300101.507208,300101.507208,300101.507208,300101.507208,300101.507208,nan,300101.507208,nan,nan,0.0,35,64,,True,False,"HTTPConnectionPool(host='gpu06', port=9004): Read timed out.",0,59.56268577710819
274,2026-09-21T07:59:29.418+00:00,2026-09-21T08:04:29.524+00:00,2026-09-21T08:04:29.524+00:00,False,1,0.0,,0.0,300105.247409,300105.247409,300105.247409,300105.247409,300105.247409,300105.247409,nan,300105.247409,nan,nan,0.0,35,64,,True,False,"HTTPConnectionPool(host='gpu06', port=9004): Read timed out.",0,59.56268577710819
275,2026-09-21T07:59:29.793+00:00,2026-09-21T08:04:29.751+00:00,2026-09-21T08:04:29.825+00:00,False,3,2.0,,2.0,299958.312792,300031.831128,300031.831083,100010.610361,0.04194,299958.312792,173159.79362637844,269969.8291479,36.759168,51.9259395849484,0.00666595938331209,35,64,,True,False,Request timeout: 300.0s exceeded,12,59.56268577710819
276,2026-09-21T07:59:30.132+00:00,2026-09-21T08:04:30.236+00:00,2026-09-21T08:04:30.236+00:00,False,1,0.0,,0.0,300103.988692,300103.988692,300103.988692,300103.988692,300103.988692,300103.988692,nan,300103.988692,nan,nan,0.0,35,64,,True,False,"HTTPConnectionPool(host='gpu06', port=9004): Read timed out.",0,59.56268577710819
277,2026-09-21T07:59:30.468+00:00,2026-09-21T08:04:30.572+00:00,2026-09-21T08:04:30.572+00:00,False,1,0.0,,0.0,300104.230609,300104.230609,300104.230609,300104.230609,300104.230609,300104.230609,nan,300104.230609,nan,nan,0.0,35,64,,True,False,"HTTPConnectionPool(host='gpu06', port=9004): Read timed out.",0,59.56268577710819
278,2026-09-21T07:59:30.841+00:00,2026-09-21T08:04:30.944+00:00,2026-09-21T08:04:30.944+00:00,False,1,0.0,,0.0,300103.587014,300103.587014,300103.587014,300103.587014,300103.587014,300103.587014,nan,300103.587014,nan,nan,0.0,35,64,,True,False,"HTTPConnectionPool(host='gpu06', port=9004): Read timed out.",0,59.56268577710819
279,2026-09-21T07:59:31.130+00:00,2026-09-21T08:04:31.238+00:00,2026-09-21T08:04:31.238+00:00,False,1,0.0,,0.0,300107.858795,300107.858795,300107.858795,300107.858795,300107.858795,300107.858795,nan,300107.858795,nan,nan,0.0,35,64,,True,False,TTFT timeout: 300.0s exceeded (TTFT: 300.086s),0,59.56268577710819
280,2026-09-21T07:59:31.484+00:00,2026-09-21T08:04:31.512+00:00,2026-09-21T08:04:31.512+00:00,False,1,0.0,,0.0,300027.99679,300027.99679,300027.99679,300027.99679,300027.99679,300027.99679,nan,300027.99679,nan,nan,0.0,35,64,,True,False,TTFT timeout: 300.0s exceeded (TTFT: 300.018s),0,59.56268577710819
281,2026-09-21T07:59:31.710+00:00,2026-09-21T08:04:31.693+00:00,2026-09-21T08:04:32.916+00:00,False,21,20.0,,20.0,299982.883663,301205.460815,301205.460799,14343.117180904763,0.025589999999999998,299982.883663,65448.300293653716,181.755824,61.1288576,32.6229099665285,0.0663998585745561,35,64,,True,False,Request timeout: 300.0s exceeded,55,59.56268577710819
282,2026-09-21T07:59:31.951+00:00,2026-09-21T08:04:31.876+00:00,2026-09-21T08:04:32.961+00:00,False,21,20.0,,20.0,299925.32612599997,301009.84554999997,301009.845719,14333.802177095236,0.04206,299925.32612599997,65437.24086083342,77.87611100000001,54.225971200000004,16.781172478507397,0.06644300940873328,35,64,,True,False,Request timeout: 300.0s exceeded,41,59.56268577710819
285,2026-09-21T07:59:33.041+00:00,2026-09-21T08:04:33.144+00:00,2026-09-21T08:04:33.144+00:00,False,1,0.0,,0.0,300102.775407,300102.775407,300102.775407,300102.775407,300102.775407,300102.775407,nan,300102.775407,nan,nan,0.0,35,64,,True,False,"HTTPConnectionPool(host='gpu06', port=9004): Read timed out.",0,59.56268577710819
283,2026-09-21T07:59:32.307+00:00,2026-09-21T08:04:33.346+00:00,2026-09-21T08:04:33.346+00:00,False,1,0.0,,0.0,301038.83689499996,301038.83689499996,301038.83689499996,301038.83689499996,301038.83689499996,301038.83689499996,nan,301038.83689499996,nan,nan,0.0,35,64,,True,False,"HTTPConnectionPool(host='gpu06', port=9004): Read timed out.",0,59.56268577710819
286,2026-09-21T07:59:33.354+00:00,2026-09-21T08:04:33.453+00:00,2026-09-21T08:04:33.453+00:00,False,1,0.0,,0.0,300098.40810500004,300098.40810500004,300098.40810500004,300098.40810500004,300098.40810500004,300098.40810500004,nan,300098.40810500004,nan,nan,0.0,35,64,,True,False,"HTTPConnectionPool(host='gpu06', port=9004): Read timed out.",0,59.56268577710819
284,2026-09-21T07:59:32.661+00:00,2026-09-21T08:04:34.281+00:00,2026-09-21T08:04:35.052+00:00,False,15,14.0,,14.0,301620.268024,302390.90584799997,302390.90601,20159.393734,0.04033,301620.268024,77863.80858023235,90561.74776959998,55.04555885714286,22.26664960230106,0.046297688618444265,35,64,,True,False,Request timeout: 300.0s exceeded,42,59.56268577710819
289,2026-09-21T07:59:35.037+00:00,2026-09-21T08:04:34.287+00:00,2026-09-21T08:04:35.099+00:00,False,16,15.0,,15.0,299249.730455,300061.941911,300061.941752,18753.8713595,0.03152,299249.730455,74798.89838445354,74886.14156525001,54.1474304,20.5146148453864,0.04998967847928239,35,64,,True,False,Request timeout: 300.0s exceeded,49,59.56268577710819
287,2026-09-21T07:59:34.918+00:00,2026-09-21T08:04:34.388+00:00,2026-09-21T08:04:35.319+00:00,False,19,18.0,,18.0,299470.131418,300401.158106,300401.158137,15810.58727036842,0.02571,299470.131418,68691.295163897,30008.9504236,51.72370488888889,14.394529207837984,0.05991987552074781,35,64,,True,False,Request timeout: 300.0s exceeded,72,59.56268577710819
288,2026-09-21T07:59:34.923+00:00,2026-09-21T08:04:35.813+00:00,2026-09-21T08:04:35.813+00:00,False,1,0.0,,0.0,300890.03167500003,300890.03167500003,300890.03167500003,300890.03167500003,300890.03167500003,300890.03167500003,nan,300890.03167500003,nan,nan,0.0,35,64,,True,False,"HTTPConnectionPool(host='gpu06', port=9004): Read timed out.",0,59.56268577710819
291,2026-09-21T07:59:35.428+00:00,2026-09-21T08:04:35.892+00:00,2026-09-21T08:04:35.892+00:00,False,1,0.0,,0.0,300464.51652600005,300464.51652600005,300464.51652600005,300464.51652600005,300464.51652600005,300464.51652600005,nan,300464.51652600005,nan,nan,0.0,35,64,,True,False,"HTTPConnectionPool(host='gpu06', port=9004): Read timed out.",0,59.56268577710819
292,2026-09-21T07:59:35.678+00:00,2026-09-21T08:04:35.987+00:00,2026-09-21T08:04:35.987+00:00,False,1,0.0,,0.0,300309.343008,300309.343008,300309.343008,300309.343008,300309.343008,300309.343008,nan,300309.343008,nan,nan,0.0,35,64,,True,False,"HTTPConnectionPool(host='gpu06', port=9004): Read timed out.",0,59.56268577710819
290,2026-09-21T07:59:35.309+00:00,2026-09-21T08:04:36.039+00:00,2026-09-21T08:04:36.039+00:00,False,1,0.0,,0.0,300730.37963700003,300730.37963700003,300730.37963700003,300730.37963700003,300730.37963700003,300730.37963700003,nan,300730.37963700003,nan,nan,0.0,35,64,,True,False,"HTTPConnectionPool(host='gpu06', port=9004): Read timed out.",0,59.56268577710819
293,2026-09-21T07:59:35.842+00:00,2026-09-21T08:04:36.130+00:00,2026-09-21T08:04:36.130+00:00,False,1,0.0,,0.0,300288.414284,300288.414284,300288.414284,300288.414284,300288.414284,300288.414284,nan,300288.414284,nan,nan,0.0,35,64,,True,False,"HTTPConnectionPool(host='gpu06', port=9004): Read timed out.",0,59.56268577710819
294,2026-09-21T07:59:36.213+00:00,2026-09-21T08:04:36.326+00:00,2026-09-21T08:04:36.326+00:00,False,1,0.0,,0.0,300112.78069,300112.78069,300112.78069,300112.78069,300112.78069,300112.78069,nan,300112.78069,nan,nan,0.0,35,64,,True,False,"HTTPConnectionPool(host='gpu06', port=9004): Read timed out.",0,59.56268577710819
295,2026-09-21T07:59:36.516+00:00,2026-09-21T08:04:36.621+00:00,2026-09-21T08:04:36.621+00:00,False,1,0.0,,0.0,300105.461825,300105.461825,300105.461825,300105.461825,300105.461825,300105.461825,nan,300105.461825,nan,nan,0.0,35,64,,True,False,"HTTPConnectionPool(host='gpu06', port=9004): Read timed out.",0,59.56268577710819
296,2026-09-21T07:59:36.888+00:00,2026-09-21T08:04:36.990+00:00,2026-09-21T08:04:36.990+00:00,False,1,0.0,,0.0,300102.52948,300102.52948,300102.52948,300102.52948,300102.52948,300102.52948,nan,300102.52948,nan,nan,0.0,35,64,,True,False,"HTTPConnectionPool(host='gpu06', port=9004): Read timed out.",0,59.56268577710819
297,2026-09-21T07:59:37.256+00:00,2026-09-21T08:04:37.354+00:00,2026-09-21T08:04:37.354+00:00,False,1,0.0,,0.0,300098.295735,300098.295735,300098.295735,300098.295735,300098.295735,300098.295735,nan,300098.295735,nan,nan,0.0,35,64,,True,False,"HTTPConnectionPool(host='gpu06', port=9004): Read timed out.",0,59.56268577710819
298,2026-09-21T07:59:37.634+00:00,2026-09-21T08:04:37.715+00:00,2026-09-21T08:04:37.715+00:00,False,1,0.0,,0.0,300081.04912,300081.04912,300081.04912,300081.04912,300081.04912,300081.04912,nan,300081.04912,nan,nan,0.0,35,64,,True,False,"HTTPConnectionPool(host='gpu06', port=9004): Read timed out.",0,59.56268577710819
299,2026-09-21T07:59:37.974+00:00,2026-09-21T08:04:38.046+00:00,2026-09-21T08:04:38.046+00:00,False,1,0.0,,0.0,300072.01918,300072.01918,300072.01918,300072.01918,300072.01918,300072.01918,nan,300072.01918,nan,nan,0.0,35,64,,True,False,"HTTPConnectionPool(host='gpu06', port=9004): Read timed out.",0,59.56268577710819
300,2026-09-21T07:59:38.375+00:00,2026-09-21T08:04:38.297+00:00,2026-09-21T08:04:38.398+00:00,False,4,3.0,,3.0,299921.95062,300022.933916,300022.93384400004,75005.73346100001,0.030969999999999998,299921.95062,149944.14671267837,254941.97103240003,33.66109866666667,29.541148719520393,0.009999235594569366,35,64,,True,False,Request timeout: 300.0s exceeded,5,59.56268577710819
301,2026-09-21T07:59:38.766+00:00,2026-09-21T08:04:38.883+00:00,2026-09-21T08:04:38.883+00:00,False,1,0.0,,0.0,300116.858299,300116.858299,300116.858299,300116.858299,300116.858299,300116.858299,nan,300116.858299,nan,nan,0.0,35,64,,True,False,"HTTPConnectionPool(host='gpu06', port=9004): Read timed out.",0,59.56268577710819
302,2026-09-21T07:59:39.058+00:00,2026-09-21T08:04:39.100+00:00,2026-09-21T08:04:39.100+00:00,False,1,0.0,,0.0,300042.36823100003,300042.36823100003,300042.36823100003,300042.36823100003,300042.36823100003,300042.36823100003,nan,300042.36823100003,nan,nan,0.0,35,64,,True,False,"HTTPConnectionPool(host='gpu06', port=9004): Read timed out.",0,59.56268577710819
303,2026-09-21T07:59:39.383+00:00,2026-09-21T08:04:39.508+00:00,2026-09-21T08:04:39.508+00:00,False,1,0.0,,0.0,300124.449967,300124.449967,300124.449967,300124.449967,300124.449967,300124.449967,nan,300124.449967,nan,nan,0.0,35,64,,True,False,"HTTPConnectionPool(host='gpu06', port=9004): Read timed out.",0,59.56268577710819
304,2026-09-21T07:59:39.777+00:00,2026-09-21T08:04:39.865+00:00,2026-09-21T08:04:39.865+00:00,False,1,0.0,,0.0,300088.48985,300088.48985,300088.48985,300088.48985,300088.48985,300088.48985,nan,300088.48985,nan,nan,0.0,35,64,,True,False,"HTTPConnectionPool(host='gpu06', port=9004): Read timed out.",0,59.56268577710819
305,2026-09-21T07:59:40.044+00:00,2026-09-21T08:04:40.043+00:00,2026-09-21T08:04:40.156+00:00,False,3,2.0,,2.0,299999.04876599996,300112.08530999994,300112.08529899997,100037.36176633333,0.039490000000000004,299999.04876599996,173171.90993537803,270010.44359369995,56.518272,79.87315282880856,0.00666417681225368,35,64,,True,False,Request timeout: 300.0s exceeded,14,59.56268577710819
306,2026-09-21T07:59:40.348+00:00,2026-09-21T08:04:40.456+00:00,2026-09-21T08:04:40.456+00:00,False,1,0.0,,0.0,300108.214254,300108.214254,300108.214254,300108.214254,300108.214254,300108.214254,nan,300108.214254,nan,nan,0.0,35,64,,True,False,"HTTPConnectionPool(host='gpu06', port=9004): Read timed out.",0,59.56268577710819
307,2026-09-21T07:59:40.659+00:00,2026-09-21T08:04:40.623+00:00,2026-09-21T08:04:40.623+00:00,True,1,1.0,,1.0,299963.831857,299963.831857,299963.831857,299963.831857,299963.831857,299963.831857,nan,299963.831857,nan,nan,0.003333735250044159,35,64,,True,True,,2,59.56268577710819
308,2026-09-21T07:59:40.972+00:00,2026-09-21T08:04:41.063+00:00,2026-09-21T08:04:41.063+00:00,False,1,0.0,,0.0,300091.47161199996,300091.47161199996,300091.47161199996,300091.47161199996,300091.47161199996,300091.47161199996,nan,300091.47161199996,nan,nan,0.0,35,64,,True,False,"HTTPConnectionPool(host='gpu06', port=9004): Read timed out.",0,59.56268577710819
309,2026-09-21T07:59:41.267+00:00,2026-09-21T08:04:41.368+00:00,2026-09-21T08:04:41.368+00:00,False,1,0.0,,0.0,300100.969557,300100.969557,300100.969557,300100.969557,300100.969557,300100.969557,nan,300100.969557,nan,nan,0.0,35,64,,True,False,"HTTPConnectionPool(host='gpu06', port=9004): Read timed out.",0,59.56268577710819
310,2026-09-21T07:59:41.578+00:00,2026-09-21T08:04:41.684+00:00,2026-09-21T08:04:41.684+00:00,False,1,0.0,,0.0,300105.49708099995,300105.49708099995,300105.49708099995,300105.49708099995,300105.49708099995,300105.49708099995,nan,300105.49708099995,nan,nan,0.0,35,64,,True,False,"HTTPConnectionPool(host='gpu06', port=9004): Read timed out.",0,59.56268577710819
311,2026-09-21T07:59:41.983+00:00,2026-09-21T08:04:42.089+00:00,2026-09-21T08:04:42.089+00:00,False,1,0.0,,0.0,300106.10692,300106.10692,300106.10692,300106.10692,300106.10692,300106.10692,nan,300106.10692,nan,nan,0.0,35,64,,True,False,"HTTPConnectionPool(host='gpu06', port=9004): Read timed out.",0,59.56268577710819
312,2026-09-21T07:59:42.393+00:00,2026-09-21T08:04:42.455+00:00,2026-09-21T08:04:42.455+00:00,False,1,0.0,,0.0,300062.223322,300062.223322,300062.223322,300062.223322,300062.223322,300062.223322,nan,300062.223322,nan,nan,0.0,35,64,,True,False,TTFT timeout: 300.0s exceeded (TTFT: 300.052s),0,59.56268577710819
313,2026-09-21T07:59:42.641+00:00,2026-09-21T08:04:42.746+00:00,2026-09-21T08:04:42.746+00:00,False,1,0.0,,0.0,300105.17401300004,300105.17401300004,300105.17401300004,300105.17401300004,300105.17401300004,300105.17401300004,nan,300105.17401300004,nan,nan,0.0,35,64,,True,False,"HTTPConnectionPool(host='gpu06', port=9004): Read timed out.",0,59.56268577710819
314,2026-09-21T07:59:42.978+00:00,2026-09-21T08:04:43.045+00:00,2026-09-21T08:04:43.045+00:00,False,1,0.0,,0.0,300066.91397399997,300066.91397399997,300066.91397399997,300066.91397399997,300066.91397399997,300066.91397399997,nan,300066.91397399997,nan,nan,0.0,35,64,,True,False,"HTTPConnectionPool(host='gpu06', port=9004): Read timed out.",0,59.56268577710819
315,2026-09-21T07:59:43.334+00:00,2026-09-21T08:04:43.438+00:00,2026-09-21T08:04:43.438+00:00,False,1,0.0,,0.0,300104.112419,300104.112419,300104.112419,300104.112419,300104.112419,300104.112419,nan,300104.112419,nan,nan,0.0,35,64,,True,False,"HTTPConnectionPool(host='gpu06', port=9004): Read timed out.",0,59.56268577710819
316,2026-09-21T07:59:43.731+00:00,2026-09-21T08:04:43.853+00:00,2026-09-21T08:04:43.853+00:00,False,1,0.0,,0.0,300122.165079,300122.165079,300122.165079,300122.165079,300122.165079,300122.165079,nan,300122.165079,nan,nan,0.0,35,64,,True,False,"HTTPConnectionPool(host='gpu06', port=9004): Read timed out.",0,59.56268577710819
317,2026-09-21T07:59:43.969+00:00,2026-09-21T08:04:44.069+00:00,2026-09-21T08:04:44.069+00:00,False,1,0.0,,0.0,300100.122975,300100.122975,300100.122975,300100.122975,300100.122975,300100.122975,nan,300100.122975,nan,nan,0.0,35,64,,True,False,"HTTPConnectionPool(host='gpu06', port=9004): Read timed out.",0,59.56268577710819
318,2026-09-21T07:59:44.270+00:00,2026-09-21T08:04:44.290+00:00,2026-09-21T08:04:44.290+00:00,False,1,0.0,,0.0,300019.74321399996,300019.74321399996,300019.74321399996,300019.74321399996,300019.74321399996,300019.74321399996,nan,300019.74321399996,nan,nan,0.0,35,64,,True,False,"HTTPConnectionPool(host='gpu06', port=9004): Read timed out.",0,59.56268577710819
319,2026-09-21T07:59:44.523+00:00,2026-09-21T08:04:44.628+00:00,2026-09-21T08:04:44.628+00:00,False,1,0.0,,0.0,300104.801062,300104.801062,300104.801062,300104.801062,300104.801062,300104.801062,nan,300104.801062,nan,nan,0.0,35,64,,True,False,"HTTPConnectionPool(host='gpu06', port=9004): Read timed out.",0,59.56268577710819
320,2026-09-21T07:59:44.903+00:00,2026-09-21T08:04:44.921+00:00,2026-09-21T08:04:44.921+00:00,False,1,0.0,,0.0,300018.01008,300018.01008,300018.01008,300018.01008,300018.01008,300018.01008,nan,300018.01008,nan,nan,0.0,35,64,,True,False,TTFT timeout: 300.0s exceeded (TTFT: 300.016s),0,59.56268577710819
321,2026-09-21T07:59:45.161+00:00,2026-09-21T08:04:45.265+00:00,2026-09-21T08:04:45.265+00:00,False,1,0.0,,0.0,300104.540547,300104.540547,300104.540547,300104.540547,300104.540547,300104.540547,nan,300104.540547,nan,nan,0.0,35,64,,True,False,"HTTPConnectionPool(host='gpu06', port=9004): Read timed out.",0,59.56268577710819
322,2026-09-21T07:59:45.393+00:00,2026-09-21T08:04:45.709+00:00,2026-09-21T08:04:47.028+00:00,False,21,20.0,,20.0,300315.494859,301635.044299,301635.044508,14363.573548000002,0.045700000000000005,300315.494859,65519.824133716174,168.61915900000002,65.977472,33.02613307983323,0.06630529302879912,35,64,,True,False,Request timeout: 300.0s exceeded,20,59.56268577710819
323,2026-09-21T07:59:45.693+00:00,2026-09-21T08:04:46.199+00:00,2026-09-21T08:04:47.130+00:00,False,18,17.0,,17.0,300506.00851300004,301436.56339300005,301436.56334600004,16746.475741444447,0.040549999999999996,300506.00851300004,70817.04526654138,45142.22072920001,54.738522352941175,16.41426031270024,0.05639660898680075,35,64,,True,False,Request timeout: 300.0s exceeded,107,59.56268577710819
324,2026-09-21T07:59:46.064+00:00,2026-09-21T08:04:47.210+00:00,2026-09-21T08:04:47.210+00:00,False,1,0.0,,0.0,301146.308408,301146.308408,301146.308408,301146.308408,301146.308408,301146.308408,nan,301146.308408,nan,nan,0.0,35,64,,True,False,"HTTPConnectionPool(host='gpu06', port=9004): Read timed out.",0,59.56268577710819
327,2026-09-21T07:59:47.169+00:00,2026-09-21T08:04:47.232+00:00,2026-09-21T08:04:47.232+00:00,False,1,0.0,,0.0,300062.27280000004,300062.27280000004,300062.27280000004,300062.27280000004,300062.27280000004,300062.27280000004,nan,300062.27280000004,nan,nan,0.0,35,64,,True,False,"HTTPConnectionPool(host='gpu06', port=9004): Read timed out.",0,59.56268577710819
328,2026-09-21T07:59:47.389+00:00,2026-09-21T08:04:47.452+00:00,2026-09-21T08:04:47.452+00:00,False,1,0.0,,0.0,300062.894587,300062.894587,300062.894587,300062.894587,300062.894587,300062.894587,nan,300062.894587,nan,nan,0.0,35,64,,True,False,"HTTPConnectionPool(host='gpu06', port=9004): Read timed out.",0,59.56268577710819
325,2026-09-21T07:59:46.423+00:00,2026-09-21T08:04:47.508+00:00,2026-09-21T08:04:47.508+00:00,False,1,0.0,,0.0,301085.176409,301085.176409,301085.176409,301085.176409,301085.176409,301085.176409,nan,301085.176409,nan,nan,0.0,35,64,,True,False,"HTTPConnectionPool(host='gpu06', port=9004): Read timed out.",0,59.56268577710819
329,2026-09-21T07:59:47.669+00:00,2026-09-21T08:04:47.696+00:00,2026-09-21T08:04:47.696+00:00,False,1,0.0,,0.0,300027.695157,300027.695157,300027.695157,300027.695157,300027.695157,300027.695157,nan,300027.695157,nan,nan,0.0,35,64,,True,False,"HTTPConnectionPool(host='gpu06', port=9004): Read timed out.",0,59.56268577710819
326,2026-09-21T07:59:46.785+00:00,2026-09-21T08:04:47.865+00:00,2026-09-21T08:04:47.865+00:00,False,1,0.0,,0.0,301079.645005,301079.645005,301079.645005,301079.645005,301079.645005,301079.645005,nan,301079.645005,nan,nan,0.0,35,64,,True,False,"HTTPConnectionPool(host='gpu06', port=9004): Read timed out.",0,59.56268577710819
330,2026-09-21T07:59:47.976+00:00,2026-09-21T08:04:48.091+00:00,2026-09-21T08:04:48.091+00:00,False,1,0.0,,0.0,300115.570486,300115.570486,300115.570486,300115.570486,300115.570486,300115.570486,nan,300115.570486,nan,nan,0.0,35,64,,True,False,"HTTPConnectionPool(host='gpu06', port=9004): Read timed out.",0,59.56268577710819
331,2026-09-21T07:59:48.379+00:00,2026-09-21T08:04:48.490+00:00,2026-09-21T08:04:48.490+00:00,False,1,0.0,,0.0,300110.73750700004,300110.73750700004,300110.73750700004,300110.73750700004,300110.73750700004,300110.73750700004,nan,300110.73750700004,nan,nan,0.0,35,64,,True,False,"HTTPConnectionPool(host='gpu06', port=9004): Read timed out.",0,59.56268577710819
332,2026-09-21T07:59:48.683+00:00,2026-09-21T08:04:48.757+00:00,2026-09-21T08:04:48.757+00:00,False,1,0.0,,0.0,300074.480223,300074.480223,300074.480223,300074.480223,300074.480223,300074.480223,nan,300074.480223,nan,nan,0.0,35,64,,True,False,TTFT timeout: 300.0s exceeded (TTFT: 300.059s),0,59.56268577710819
333,2026-09-21T07:59:49.034+00:00,2026-09-21T08:04:49.025+00:00,2026-09-21T08:04:49.136+00:00,False,3,2.0,,2.0,299990.974286,300102.33300600003,300102.332909,100034.11096966667,0.03135,299990.974286,173167.7322343159,270003.0095847,55.67936,78.69797529960202,0.006664393375309126,35,64,,True,False,Request timeout: 300.0s exceeded,13,59.56268577710819
334,2026-09-21T07:59:49.403+00:00,2026-09-21T08:04:49.283+00:00,2026-09-21T08:04:49.406+00:00,False,4,3.0,,3.0,299880.916118,300003.50939799997,300003.509331,75000.87733275,0.09143000000000001,299880.916118,149920.02882096404,254909.3599712,40.86442666666667,36.512336519610756,0.009999883021435082,35,64,,True,False,Request timeout: 300.0s exceeded,9,59.56268577710819
335,2026-09-21T07:59:49.725+00:00,2026-09-21T08:04:49.831+00:00,2026-09-21T08:04:49.831+00:00,False,1,0.0,,0.0,300106.80652600003,300106.80652600003,300106.80652600003,300106.80652600003,300106.80652600003,300106.80652600003,nan,300106.80652600003,nan,nan,0.0,35,64,,True,False,"HTTPConnectionPool(host='gpu06', port=9004): Read timed out.",0,59.56268577710819
336,2026-09-21T07:59:50.093+00:00,2026-09-21T08:04:50.183+00:00,2026-09-21T08:04:50.183+00:00,False,1,0.0,,0.0,300090.02025199996,300090.02025199996,300090.02025199996,300090.02025199996,300090.02025199996,300090.02025199996,nan,300090.02025199996,nan,nan,0.0,35,64,,True,False,"HTTPConnectionPool(host='gpu06', port=9004): Read timed out.",0,59.56268577710819
337,2026-09-21T07:59:50.323+00:00,2026-09-21T08:04:50.427+00:00,2026-09-21T08:04:50.427+00:00,False,1,0.0,,0.0,300104.22270700004,300104.22270700004,300104.22270700004,300104.22270700004,300104.22270700004,300104.22270700004,nan,300104.22270700004,nan,nan,0.0,35,64,,True,False,"HTTPConnectionPool(host='gpu06', port=9004): Read timed out.",0,59.56268577710819
338,2026-09-21T07:59:50.708+00:00,2026-09-21T08:04:50.803+00:00,2026-09-21T08:04:50.803+00:00,False,1,0.0,,0.0,300095.53467,300095.53467,300095.53467,300095.53467,300095.53467,300095.53467,nan,300095.53467,nan,nan,0.0,35,64,,True,False,"HTTPConnectionPool(host='gpu06', port=9004): Read timed out.",0,59.56268577710819
339,2026-09-21T07:59:51.007+00:00,2026-09-21T08:04:51.073+00:00,2026-09-21T08:04:51.073+00:00,False,1,0.0,,0.0,300066.875038,300066.875038,300066.875038,300066.875038,300066.875038,300066.875038,nan,300066.875038,nan,nan,0.0,35,64,,True,False,TTFT timeout: 300.0s exceeded (TTFT: 300.062s),0,59.56268577710819
340,2026-09-21T07:59:51.360+00:00,2026-09-21T08:04:51.338+00:00,2026-09-21T08:04:51.464+00:00,False,3,2.0,,2.0,299978.317291,300104.072939,300104.072933,100034.69097766666,0.03473,299978.317291,173156.27111585793,269993.0576531,62.877824,88.8734342139209,0.0066643547367200365,35,64,,True,False,Request timeout: 300.0s exceeded,13,59.56268577710819
341,2026-09-21T07:59:51.647+00:00,2026-09-21T08:04:51.566+00:00,2026-09-21T08:04:51.657+00:00,False,4,3.0,,3.0,299918.316491,300009.736395,300009.736525,75002.43413125,0.03818,299918.316491,149943.92311761001,254937.4411724,30.473301333333332,26.35790824428656,0.0099996754640327,35,64,,True,False,Request timeout: 300.0s exceeded,6,59.56268577710819
342,2026-09-21T07:59:51.948+00:00,2026-09-21T08:04:52.052+00:00,2026-09-21T08:04:52.052+00:00,False,1,0.0,,0.0,300104.005335,300104.005335,300104.005335,300104.005335,300104.005335,300104.005335,nan,300104.005335,nan,nan,0.0,35,64,,True,False,"HTTPConnectionPool(host='gpu06', port=9004): Read timed out.",0,59.56268577710819
343,2026-09-21T07:59:52.228+00:00,2026-09-21T08:04:52.334+00:00,2026-09-21T08:04:52.334+00:00,False,1,0.0,,0.0,300106.021513,300106.021513,300106.021513,300106.021513,300106.021513,300106.021513,nan,300106.021513,nan,nan,0.0,35,64,,True,False,"HTTPConnectionPool(host='gpu06', port=9004): Read timed out.",0,59.56268577710819
344,2026-09-21T07:59:52.563+00:00,2026-09-21T08:04:52.671+00:00,2026-09-21T08:04:52.671+00:00,False,1,0.0,,0.0,300108.108313,300108.108313,300108.108313,300108.108313,300108.108313,300108.108313,nan,300108.108313,nan,nan,0.0,35,64,,True,False,"HTTPConnectionPool(host='gpu06', port=9004): Read timed out.",0,59.56268577710819
345,2026-09-21T07:59:54.241+00:00,2026-09-21T08:04:52.866+00:00,2026-09-21T08:04:54.397+00:00,False,23,22.0,,22.0,298625.277543,300156.375655,300156.375549,13050.277197782609,0.03699,298625.277543,62253.19220151222,309.75477739999997,69.59536872727273,61.57565565684677,0.07329512808778989,35,64,,True,False,Request timeout: 300.0s exceeded,110,59.56268577710819
346,2026-09-21T07:59:54.751+00:00,2026-09-21T08:04:54.968+00:00,2026-09-21T08:04:54.968+00:00,False,1,0.0,,0.0,300217.25116000004,300217.25116000004,300217.25116000004,300217.25116000004,300217.25116000004,300217.25116000004,nan,300217.25116000004,nan,nan,0.0,35,64,,True,False,"HTTPConnectionPool(host='gpu06', port=9004): Read timed out.",0,59.56268577710819
347,2026-09-21T07:59:54.816+00:00,2026-09-21T08:04:55.163+00:00,2026-09-21T08:04:55.163+00:00,False,1,0.0,,0.0,300346.176733,300346.176733,300346.176733,300346.176733,300346.176733,300346.176733,nan,300346.176733,nan,nan,0.0,35,64,,True,False,"HTTPConnectionPool(host='gpu06', port=9004): Read timed out.",0,59.56268577710819
348,2026-09-21T07:59:54.910+00:00,2026-09-21T08:04:55.335+00:00,2026-09-21T08:04:55.335+00:00,False,1,0.0,,0.0,300425.270593,300425.270593,300425.270593,300425.270593,300425.270593,300425.270593,nan,300425.270593,nan,nan,0.0,35,64,,True,False,"HTTPConnectionPool(host='gpu06', port=9004): Read timed out.",0,59.56268577710819
349,2026-09-21T07:59:55.213+00:00,2026-09-21T08:04:55.405+00:00,2026-09-21T08:04:55.405+00:00,False,1,0.0,,0.0,300191.782663,300191.782663,300191.782663,300191.782663,300191.782663,300191.782663,nan,300191.782663,nan,nan,0.0,35,64,,True,False,"HTTPConnectionPool(host='gpu06', port=9004): Read timed out.",0,59.56268577710819
350,2026-09-21T07:59:55.362+00:00,2026-09-21T08:04:55.580+00:00,2026-09-21T08:04:55.580+00:00,False,1,0.0,,0.0,300218.21765899996,300218.21765899996,300218.21765899996,300218.21765899996,300218.21765899996,300218.21765899996,nan,300218.21765899996,nan,nan,0.0,35,64,,True,False,"HTTPConnectionPool(host='gpu06', port=9004): Read timed out.",0,59.56268577710819
352,2026-09-21T07:59:55.442+00:00,2026-09-21T08:04:55.647+00:00,2026-09-21T08:04:55.647+00:00,False,1,0.0,,0.0,300205.008328,300205.008328,300205.008328,300205.008328,300205.008328,300205.008328,nan,300205.008328,nan,nan,0.0,35,64,,True,False,"HTTPConnectionPool(host='gpu06', port=9004): Read timed out.",0,59.56268577710819
351,2026-09-21T07:59:55.380+00:00,2026-09-21T08:04:55.667+00:00,2026-09-21T08:04:55.667+00:00,False,1,0.0,,0.0,300287.600062,300287.600062,300287.600062,300287.600062,300287.600062,300287.600062,nan,300287.600062,nan,nan,0.0,35,64,,True,False,"HTTPConnectionPool(host='gpu06', port=9004): Read timed out.",0,59.56268577710819
353,2026-09-21T07:59:55.492+00:00,2026-09-21T08:04:55.679+00:00,2026-09-21T08:04:55.679+00:00,False,1,0.0,,0.0,300187.735561,300187.735561,300187.735561,300187.735561,300187.735561,300187.735561,nan,300187.735561,nan,nan,0.0,35,64,,True,False,"HTTPConnectionPool(host='gpu06', port=9004): Read timed out.",0,59.56268577710819
354,2026-09-21T07:59:55.837+00:00,2026-09-21T08:04:55.942+00:00,2026-09-21T08:04:55.942+00:00,False,1,0.0,,0.0,300104.955495,300104.955495,300104.955495,300104.955495,300104.955495,300104.955495,nan,300104.955495,nan,nan,0.0,35,64,,True,False,"HTTPConnectionPool(host='gpu06', port=9004): Read timed out.",0,59.56268577710819
355,2026-09-21T07:59:56.241+00:00,2026-09-21T08:04:56.349+00:00,2026-09-21T08:04:56.349+00:00,False,1,0.0,,0.0,300108.71448400005,300108.71448400005,300108.71448400005,300108.71448400005,300108.71448400005,300108.71448400005,nan,300108.71448400005,nan,nan,0.0,35,64,,True,False,"HTTPConnectionPool(host='gpu06', port=9004): Read timed out.",0,59.56268577710819
356,2026-09-21T07:59:56.483+00:00,2026-09-21T08:04:56.590+00:00,2026-09-21T08:04:56.590+00:00,False,1,0.0,,0.0,300106.829788,300106.829788,300106.829788,300106.829788,300106.829788,300106.829788,nan,300106.829788,nan,nan,0.0,35,64,,True,False,"HTTPConnectionPool(host='gpu06', port=9004): Read timed out.",0,59.56268577710819
357,2026-09-21T07:59:56.849+00:00,2026-09-21T08:04:56.918+00:00,2026-09-21T08:04:56.918+00:00,False,1,0.0,,0.0,300068.466466,300068.466466,300068.466466,300068.466466,300068.466466,300068.466466,nan,300068.466466,nan,nan,0.0,35,64,,True,False,TTFT timeout: 300.0s exceeded (TTFT: 300.064s),0,59.56268577710819
358,2026-09-21T07:59:57.142+00:00,2026-09-21T08:04:57.187+00:00,2026-09-21T08:04:57.187+00:00,False,1,0.0,,0.0,300045.657934,300045.657934,300045.657934,300045.657934,300045.657934,300045.657934,nan,300045.657934,nan,nan,0.0,35,64,,True,False,TTFT timeout: 300.0s exceeded (TTFT: 300.043s),0,59.56268577710819
359,2026-09-21T07:59:57.452+00:00,2026-09-21T08:04:57.447+00:00,2026-09-21T08:04:57.500+00:00,False,3,2.0,,2.0,299995.79375099996,300048.13935099996,300048.139278,100016.04642599999,0.019260000000000003,299995.79375099996,173187.54340059758,270001.44700259995,26.1728,36.98677582488098,0.006665597074942616,35,64,,True,False,Request timeout: 300.0s exceeded,8,59.56268577710819
360,2026-09-21T07:59:57.744+00:00,2026-09-21T08:04:57.846+00:00,2026-09-21T08:04:57.846+00:00,False,1,0.0,,0.0,300101.823411,300101.823411,300101.823411,300101.823411,300101.823411,300101.823411,nan,300101.823411,nan,nan,0.0,35,64,,True,False,"HTTPConnectionPool(host='gpu06', port=9004): Read timed out.",0,59.56268577710819
361,2026-09-21T07:59:57.988+00:00,2026-09-21T08:04:58.112+00:00,2026-09-21T08:04:58.112+00:00,False,1,0.0,,0.0,300123.68649299996,300123.68649299996,300123.68649299996,300123.68649299996,300123.68649299996,300123.68649299996,nan,300123.68649299996,nan,nan,0.0,35,64,,True,False,"HTTPConnectionPool(host='gpu06', port=9004): Read timed out.",0,59.56268577710819
362,2026-09-21T07:59:58.333+00:00,2026-09-21T08:04:58.378+00:00,2026-09-21T08:04:58.378+00:00,False,1,0.0,,0.0,300044.36091600003,300044.36091600003,300044.36091600003,300044.36091600003,300044.36091600003,300044.36091600003,nan,300044.36091600003,nan,nan,0.0,35,64,,True,False,"HTTPConnectionPool(host='gpu06', port=9004): Read timed out.",0,59.56268577710819
363,2026-09-21T07:59:58.720+00:00,2026-09-21T08:04:58.790+00:00,2026-09-21T08:04:58.790+00:00,False,1,0.0,,0.0,300070.778877,300070.778877,300070.778877,300070.778877,300070.778877,300070.778877,nan,300070.778877,nan,nan,0.0,35,64,,True,False,"HTTPConnectionPool(host='gpu06', port=9004): Read timed out.",0,59.56268577710819
364,2026-09-21T07:59:59.122+00:00,2026-09-21T08:04:59.214+00:00,2026-09-21T08:04:59.214+00:00,False,1,0.0,,0.0,300091.913196,300091.913196,300091.913196,300091.913196,300091.913196,300091.913196,nan,300091.913196,nan,nan,0.0,35,64,,True,False,TTFT timeout: 300.0s exceeded (TTFT: 300.081s),0,59.56268577710819
365,2026-09-21T07:59:59.489+00:00,2026-09-21T08:04:59.434+00:00,2026-09-21T08:04:59.534+00:00,False,4,3.0,,3.0,299944.977741,300044.55482900003,300044.555004,75011.138751,0.03836,299944.977741,149955.89454066503,254961.39454725,33.19236266666667,29.08706510940018,0.009998515059570888,35,64,,True,False,Request timeout: 300.0s exceeded,24,59.56268577710819
366,2026-09-21T07:59:59.892+00:00,2026-09-21T08:04:59.989+00:00,2026-09-21T08:04:59.989+00:00,False,1,0.0,,0.0,300096.259571,300096.259571,300096.259571,300096.259571,300096.259571,300096.259571,nan,300096.259571,nan,nan,0.0,35,64,,True,False,"HTTPConnectionPool(host='gpu06', port=9004): Read timed out.",0,59.56268577710819
367,2026-09-21T08:00:00.224+00:00,2026-09-21T08:05:00.286+00:00,2026-09-21T08:05:00.286+00:00,False,1,0.0,,0.0,300062.217283,300062.217283,300062.217283,300062.217283,300062.217283,300062.217283,nan,300062.217283,nan,nan,0.0,35,64,,True,False,"HTTPConnectionPool(host='gpu06', port=9004): Read timed out.",0,59.56268577710819
368,2026-09-21T08:00:00.462+00:00,2026-09-21T08:05:00.566+00:00,2026-09-21T08:05:00.566+00:00,False,1,0.0,,0.0,300104.28472500003,300104.28472500003,300104.28472500003,300104.28472500003,300104.28472500003,300104.28472500003,nan,300104.28472500003,nan,nan,0.0,35,64,,True,False,"HTTPConnectionPool(host='gpu06', port=9004): Read timed out.",0,59.56268577710819
369,2026-09-21T08:00:00.858+00:00,2026-09-21T08:05:00.967+00:00,2026-09-21T08:05:00.967+00:00,False,1,0.0,,0.0,300108.810536,300108.810536,300108.810536,300108.810536,300108.810536,300108.810536,nan,300108.810536,nan,nan,0.0,35,64,,True,False,"HTTPConnectionPool(host='gpu06', port=9004): Read timed out.",0,59.56268577710819
370,2026-09-21T08:00:01.197+00:00,2026-09-21T08:05:01.167+00:00,2026-09-21T08:05:02.971+00:00,False,29,28.0,,28.0,299970.562084,301774.296612,301774.29672299995,10406.010231827586,0.03345,299970.562084,55691.18368639551,174.8099408,64.41909028571429,35.714083524949366,0.09278457547363755,35,64,,True,False,Request timeout: 300.0s exceeded,32,59.56268577710819
371,2026-09-21T08:00:01.602+00:00,2026-09-21T08:05:01.756+00:00,2026-09-21T08:05:03.023+00:00,False,23,22.0,,22.0,300154.467683,301421.500003,301421.50003500003,13105.282610217393,0.02845,300154.467683,62574.52667636718,107.6580142,57.59237818181818,18.32804616718979,0.07298749425565541,35,64,,True,False,Request timeout: 300.0s exceeded,87,59.56268577710819
372,2026-09-21T08:00:02.005+00:00,2026-09-21T08:05:02.909+00:00,2026-09-21T08:05:02.909+00:00,True,1,1.0,,1.0,300904.11275599996,300904.11275599996,300904.11275599996,300904.11275599996,300904.11275599996,300904.11275599996,nan,300904.11275599996,nan,nan,0.00332331781988932,35,64,,True,True,,9,59.56268577710819
0,2026-09-21T07:58:02.284+00:00,2026-09-21T07:58:02.477+00:00,2026-09-21T07:58:04.645+00:00,True,41,41.0,,41.0,192.744623,2361.239983,2361.240019,57.591219975609754,0.01662,228.859565,46.8973129312831,189.101692,54.212384,42.13869628690364,17.363758150456494,36,64,,False,True,,121,59.56268577710819
4,2026-09-21T07:58:03.527+00:00,2026-09-21T07:58:04.246+00:00,2026-09-21T07:58:06.165+00:00,True,32,32.0,,32.0,718.7875180000001,2637.70003,2637.7001370000003,82.42812928125001,39.797453000000004,718.7875180000001,116.55427673530386,78.654248,61.900403612903226,10.190843711861628,12.131781338304796,36,64,,False,True,,163,59.56268577710819
1,2026-09-21T07:58:02.647+00:00,2026-09-21T07:58:05.844+00:00,2026-09-21T07:58:08.612+00:00,True,45,45.0,,45.0,3197.361036,5965.18798,5965.187914,132.55973142222223,45.950665,3197.361036,467.39060356833,79.33245840000001,62.90515781818182,11.299834353944854,7.543768972725651,36,64,,False,True,,291,59.56268577710819
2,2026-09-21T07:58:03.122+00:00,2026-09-21T07:58:07.303+00:00,2026-09-21T07:58:07.675+00:00,True,7,7.0,,7.0,4180.991156,4552.814772,4552.814895,650.4021278571429,48.257025,4180.991156,1556.8747678802677,2949.6721676,61.970602666666665,10.821911062160115,1.5375103865525765,36,64,,False,True,,65,59.56268577710819
5,2026-09-21T07:58:03.890+00:00,2026-09-21T07:58:09.042+00:00,2026-09-21T07:58:11.346+00:00,True,37,37.0,,37.0,5151.787775000001,7455.6124150000005,7455.612484,201.50304010810814,43.415575,5151.787775000001,836.5043538835425,80.63756599999999,63.995128888888885,11.465430162474947,4.962704328025345,36,64,,False,True,,259,59.56268577710819
6,2026-09-21T07:58:04.124+00:00,2026-09-21T07:58:10.240+00:00,2026-09-21T07:58:15.151+00:00,True,78,78.0,,78.0,6115.435423000001,11026.498719000001,11026.498743,141.36536850000002,0.01789,6115.435423000001,686.5551167148789,81.28362835,63.7800428051948,43.15626035128074,7.0738683228245876,36,64,,False,True,,159,59.56268577710819
7,2026-09-21T07:58:04.325+00:00,2026-09-21T07:58:11.479+00:00,2026-09-21T07:58:13.189+00:00,True,22,22.0,,22.0,7154.170659,8863.412771,8863.412767,402.8823985,46.651605,7154.170659,1510.0462636054529,419.7237856,81.39248152380952,82.05784563016887,2.4821138954490873,36,64,,False,True,,49,59.56268577710819
8,2026-09-21T07:58:04.591+00:00,2026-09-21T07:58:13.128+00:00,2026-09-21T07:58:14.397+00:00,True,23,23.0,,23.0,8537.540452,9805.829475999999,9805.829334,426.3404058260869,0.02078,8537.540452,1768.3642883092705,95.34692779999999,57.64950109090909,26.165878201617854,2.345543541858753,36,64,,False,True,,69,59.56268577710819
9,2026-09-21T07:58:04.833+00:00,2026-09-21T07:58:13.959+00:00,2026-09-21T07:58:18.026+00:00,True,68,68.0,,68.0,9126.509332,13193.304339999999,13193.304274,194.0191805,33.460213,9126.509332,1099.434881261354,78.42156349999999,60.69843295522388,9.890543068485918,5.154129568120006,36,64,,False,True,,272,59.56268577710819
3,2026-09-21T07:58:03.218+00:00,2026-09-21T07:58:15.396+00:00,2026-09-21T07:58:21.370+00:00,True,96,96.0,,96.0,12177.921839999999,18151.607087999997,18151.607239999998,189.07924208333333,27.964363000000002,12177.921839999999,1236.5366502136599,77.7025805,62.88089734736842,11.230356125126692,5.288787903714899,36,64,,False,True,,384,59.56268577710819
10,2026-09-21T07:58:05.137+00:00,2026-09-21T07:58:16.329+00:00,2026-09-21T07:58:20.322+00:00,True,65,65.0,,65.0,11192.601058,15185.663202,15185.663202,233.62558772307693,41.995244,11192.601058,1380.5637959262278,76.56104780000001,62.391596,9.357783024889208,4.280353062975827,36,64,,False,True,,130,59.56268577710819
11,2026-09-21T07:58:05.439+00:00,2026-09-21T07:58:18.023+00:00,2026-09-21T07:58:19.265+00:00,True,20,20.0,,20.0,12583.667772,13825.892924,13825.893081,691.2946540500001,51.268795,12583.667772,2799.1841458656027,703.6429047,65.38027115789474,7.6743019535587536,1.4465611812516306,36,64,,False,True,,41,59.56268577710819
12,2026-09-21T07:58:05.678+00:00,2026-09-21T07:58:19.397+00:00,2026-09-21T07:58:20.544+00:00,True,19,19.0,,19.0,13719.139149,14866.159437,14866.159628000001,782.4294541052632,39.564544000000005,13719.139149,3132.803089566756,1466.7413898000002,63.72334933333334,15.422894649494195,1.2780705117901123,36,64,,False,True,,38,59.56268577710819
13,2026-09-21T07:58:05.908+00:00,2026-09-21T07:58:20.544+00:00,2026-09-21T07:58:23.782+00:00,True,50,50.0,,50.0,14635.713393,17873.796465,17873.796609,357.47593218,0.0,14635.713393,2062.1639750647037,269.72702059999995,66.083328,84.76129003317128,2.797391147309342,36,64,,False,True,,139,59.56268577710819
14,2026-09-21T07:58:06.216+00:00,2026-09-21T07:58:21.940+00:00,2026-09-21T07:58:23.787+00:00,True,27,27.0,,27.0,15724.253447000001,17570.306055,17570.305919000002,650.7520710740741,0.0,15724.253447000001,3014.685216568905,468.0731626,71.0020233846154,117.84635088104109,1.5366835338828138,36,64,,False,True,,57,59.56268577710819
15,2026-09-21T07:58:06.459+00:00,2026-09-21T07:58:23.308+00:00,2026-09-21T07:58:23.782+00:00,True,7,7.0,,7.0,16849.225923,17323.376579000003,17323.376682000002,2474.7680974285718,0.0,16849.225923,6340.072851482016,11908.884097800003,79.02510933333333,152.70785079927296,0.4040782677717485,36,64,,False,True,,14,59.56268577710819
16,2026-09-21T07:58:06.689+00:00,2026-09-21T07:58:24.510+00:00,2026-09-21T07:58:28.950+00:00,True,73,73.0,,73.0,17820.79282,22260.791028,22260.791020999997,304.94234275342467,0.0,17820.79282,2079.086055238999,77.3803178,61.66664177777778,47.607038556182296,3.2793084445282905,36,64,,False,True,,73,59.56268577710819
17,2026-09-21T07:58:07.061+00:00,2026-09-21T07:58:26.351+00:00,2026-09-21T07:58:30.997+00:00,True,75,75.0,,75.0,19289.947773,23935.981181,23935.981305,319.1464174,0.0,19289.947773,2221.187913056105,77.753834,62.78423524324324,67.97512351212097,3.1333580784870354,36,64,,False,True,,598,59.56268577710819
18,2026-09-21T07:58:07.287+00:00,2026-09-21T07:58:27.868+00:00,2026-09-21T07:58:32.574+00:00,True,75,75.0,,75.0,20580.683087,25286.830927000003,25286.830895000003,337.15774526666667,0.0,20580.683087,2369.612161538128,79.55216799999998,63.59659243243244,49.159001515150976,2.9659707148165717,36,64,,False,True,,375,59.56268577710819
19,2026-09-21T07:58:07.548+00:00,2026-09-21T07:58:29.234+00:00,2026-09-21T07:58:33.405+00:00,True,61,61.0,,61.0,21686.094852000002,25856.315396,25856.315375000002,423.8740225409836,0.0,21686.094852000002,2769.2434522853896,83.560648,69.50367573333334,92.59194988364192,2.359191519199861,36,64,,False,True,,241,59.56268577710819
20,2026-09-21T07:58:07.821+00:00,2026-09-21T07:58:30.467+00:00,2026-09-21T07:58:32.464+00:00,True,32,32.0,,32.0,22646.586421999997,24643.188533999997,24643.188668999996,770.0996459062499,0.0,22646.586421999997,3992.6949809270945,246.02014364999997,64.40651974193548,75.55341912302939,1.2985332622785348,36,64,,False,True,,64,59.56268577710819
21,2026-09-21T07:58:08.192+00:00,2026-09-21T07:58:32.460+00:00,2026-09-21T07:58:38.025+00:00,True,88,88.0,,88.0,24268.418728999997,29833.938856999997,29833.938947,339.02203348863634,0.0,24268.418728999997,2581.8357964681486,80.3648615,63.97149572413793,92.34664075751321,2.9496608014718237,36,64,,False,True,,132,59.56268577710819
22,2026-09-21T07:58:08.428+00:00,2026-09-21T07:58:33.735+00:00,2026-09-21T07:58:35.838+00:00,True,34,34.0,,34.0,25307.233148,27410.22886,27410.228926,806.1832037058823,0.0,25307.233148,4330.250176769504,253.08773950000003,63.72714278787879,95.65502790478502,1.2404128463741693,36,64,,False,True,,136,59.56268577710819
23,2026-09-21T07:58:08.779+00:00,2026-09-21T07:58:35.380+00:00,2026-09-21T07:58:39.807+00:00,True,71,71.0,,71.0,26601.029692,31028.70022,31028.700241,437.02394705633805,38.241773,26601.029692,3149.470113732312,77.555898,63.252436114285715,9.91500685366774,2.2882041302598917,36,64,,False,True,,142,59.56268577710819
24,2026-09-21T07:58:09.105+00:00,2026-09-21T07:58:36.961+00:00,2026-09-21T07:58:37.450+00:00,True,9,9.0,,9.0,27856.187203,28345.681731,28345.681734,3149.520192666667,46.262595000000005,27856.187203,9265.00592737286,16743.1929886,61.186816,11.081349094665427,0.3175086803489094,36,64,,False,True,,36,59.56268577710819
25,2026-09-21T07:58:09.339+00:00,2026-09-21T07:58:38.030+00:00,2026-09-21T07:58:38.082+00:00,True,2,2.0,,2.0,28691.014079,28743.742399,28743.742324,14371.871162,52.728245,28691.014079,20250.32611478004,27259.0997873,52.72832,nan,0.06958036195278387,36,64,,False,True,,4,59.56268577710819
26,2026-09-21T07:58:09.575+00:00,2026-09-21T07:58:39.485+00:00,2026-09-21T07:58:39.485+00:00,True,1,1.0,,1.0,29910.092796,29910.092796,29910.092796,29910.092796,29910.092796,29910.092796,nan,29910.092796,nan,nan,0.03343353050826155,36,64,,False,True,,13,59.56268577710819
27,2026-09-21T07:58:09.898+00:00,2026-09-21T07:58:41.255+00:00,2026-09-21T07:58:42.640+00:00,True,23,23.0,,23.0,31356.797256,32741.324872,32741.325039000003,1423.5358712608697,47.278074999999994,31356.797256,6525.22634816054,77.081176,62.93307345454545,7.926984258201607,0.7024761548262616,36,64,,False,True,,72,59.56268577710819
28,2026-09-21T07:58:10.175+00:00,2026-09-21T07:58:42.764+00:00,2026-09-21T07:58:48.603+00:00,True,92,92.0,,92.0,32588.601903000002,38427.539247,38427.539209,417.690643576087,0.0,32588.601903000002,3392.584229348428,80.27362905,64.16414663736263,107.25487475023579,2.394116349960721,36,64,,False,True,,553,59.56268577710819
29,2026-09-21T07:58:10.374+00:00,2026-09-21T07:58:43.591+00:00,2026-09-21T07:58:49.452+00:00,True,94,94.0,,94.0,33216.545119,39078.422623000006,39078.422578000005,415.7278997659575,0.0,33216.545119,3420.326216915843,78.14544749999999,63.03094090322581,74.48111420591313,2.405419504948885,36,64,,False,True,,372,59.56268577710819
30,2026-09-21T07:58:10.692+00:00,2026-09-21T07:58:45.245+00:00,2026-09-21T07:58:46.727+00:00,True,24,24.0,,24.0,34553.112568000004,36034.715896,36034.71591200001,1501.4464963333335,0.0,34553.112568000004,7041.495348432545,635.87944095,64.417536,149.58633410270275,0.6660243990619085,36,64,,False,True,,120,59.56268577710819
31,2026-09-21T07:58:10.984+00:00,2026-09-21T07:58:46.793+00:00,2026-09-21T07:58:48.874+00:00,True,33,33.0,,33.0,35808.642137999996,37889.934938,37889.934923999994,1148.179846181818,42.764464,35808.642137999996,6222.169153280294,79.574309,65.0404,9.30981707887408,0.8709436966307414,36,64,,False,True,,289,59.56268577710819
32,2026-09-21T07:58:11.209+00:00,2026-09-21T07:58:47.962+00:00,2026-09-21T07:58:51.763+00:00,True,61,61.0,,61.0,36753.214656000004,40553.628096,40553.628171000004,664.8135765737705,38.668004,36753.214656000004,4697.667411698735,79.657098,63.340224,9.95126832882887,1.5041810773526507,36,64,,False,True,,244,59.56268577710819
33,2026-09-21T07:58:11.423+00:00,2026-09-21T07:58:48.873+00:00,2026-09-21T07:58:50.150+00:00,True,21,21.0,,21.0,37450.719409000005,38727.429553,38727.42944100001,1844.163306714286,40.203784,37450.719409000005,8158.494562751049,78.421778,63.8355072,11.45072527614014,0.5422513252851103,36,64,,False,True,,42,59.56268577710819
34,2026-09-21T07:58:11.732+00:00,2026-09-21T07:58:50.457+00:00,2026-09-21T07:58:53.616+00:00,True,48,48.0,,48.0,38725.199981,41884.312173,41884.312098999995,872.5898353958332,0.0,38725.199981,5581.724629378845,84.862547,67.21515302127659,148.17102584724233,1.146013805878908,36,64,,False,True,,240,59.56268577710819
35,2026-09-21T07:58:12.009+00:00,2026-09-21T07:58:51.981+00:00,2026-09-21T07:58:54.610+00:00,True,42,42.0,,42.0,39971.981759999995,42600.45843199999,42600.458352999995,1014.2966274523808,0.0,39971.981759999995,6160.290055859811,100.4545299,64.10918712195122,173.04493963064076,0.9859048833251769,36,64,,False,True,,168,59.56268577710819
36,2026-09-21T07:58:12.359+00:00,2026-09-21T07:58:53.633+00:00,2026-09-21T07:58:58.872+00:00,True,85,85.0,,85.0,41273.301675999995,46513.15678,46513.156689999996,547.213608117647,0.044840000000000005,41273.301675999995,4469.986860118487,81.01315000000001,62.379227428571426,17.724586227204572,1.8274399306423512,36,64,,False,True,,765,59.56268577710819
37,2026-09-21T07:58:12.646+00:00,2026-09-21T07:58:55.192+00:00,2026-09-21T07:58:55.495+00:00,True,6,6.0,,6.0,42546.247828,42849.489044,42849.489039,7141.5815065,40.707045,42546.247828,17344.677159167506,31928.70068775,60.6482432,12.76692312670971,0.14002500692222722,36,64,,False,True,,58,59.56268577710819
38,2026-09-21T07:58:13.136+00:00,2026-09-21T07:58:57.495+00:00,2026-09-21T07:58:59.635+00:00,True,35,35.0,,35.0,44358.576156,46499.300892,46499.301008,1328.5514573714286,37.731764000000005,44358.576156,7487.331781903415,78.099651,62.96249223529412,10.023261366190605,0.7526994885641731,36,64,,False,True,,174,59.56268577710819
39,2026-09-21T07:58:13.209+00:00,2026-09-21T07:58:57.573+00:00,2026-09-21T07:59:02.583+00:00,True,80,80.0,,80.0,44363.877206,49373.616726,49373.616706,617.1702088249999,0.0,44363.877206,4953.923720598656,81.7745815,63.41442430379747,99.2338147255517,1.620298558316313,36,64,,False,True,,279,59.56268577710819
40,2026-09-21T07:58:13.554+00:00,2026-09-21T07:59:00.182+00:00,2026-09-21T07:59:06.251+00:00,True,99,99.0,,99.0,46628.142961000005,52696.75889700001,52696.758911000004,532.2904940505051,0.0,46628.142961000005,4681.939885515608,83.1583511,61.92465240816326,132.59728485286502,1.8786734150672026,36,64,,False,True,,495,59.56268577710819
41,2026-09-21T07:58:13.820+00:00,2026-09-21T07:59:01.294+00:00,2026-09-21T07:59:02.311+00:00,True,18,18.0,,18.0,47473.952119,48490.317175000004,48490.317025000004,2693.906501388889,40.086904000000004,47473.952119,11175.632761056606,7198.259183849999,59.786179764705885,12.587921250478212,0.371208130791114,36,64,,False,True,,36,59.56268577710819
42,2026-09-21T07:58:14.051+00:00,2026-09-21T07:59:02.706+00:00,2026-09-21T07:59:06.609+00:00,True,65,65.0,,65.0,48654.999182,52557.162638,52557.162807,808.5717354923077,0.01569,48654.999182,6028.2791104082935,90.640139,60.971304,106.8234845982069,1.236748651134442,36,64,,False,True,,130,59.56268577710819
43,2026-09-21T07:58:14.417+00:00,2026-09-21T07:59:04.705+00:00,2026-09-21T07:59:05.684+00:00,True,14,14.0,,14.0,50288.188531,51267.001715,51267.001643,3661.9286887857143,0.0172,50288.188531,13422.49361154758,18236.92017865,75.29332184615384,271.39332222738375,0.2730801398885747,36,64,,False,True,,29,59.56268577710819
44,2026-09-21T07:58:14.618+00:00,2026-09-21T07:59:05.878+00:00,2026-09-21T07:59:08.471+00:00,True,42,42.0,,42.0,51259.550092,53852.661131999994,53852.661041,1282.2062152619046,45.914194,51259.550092,7899.7667162038915,77.2575805,63.24661073170732,9.508673083311107,0.7799057487066878,36,64,,False,True,,54,59.56268577710819
45,2026-09-21T07:58:14.962+00:00,2026-09-21T07:59:07.542+00:00,2026-09-21T07:59:13.536+00:00,True,96,96.0,,96.0,52580.395699,58574.108595,58574.108744,610.1469660833334,0.0,52580.395699,5361.087884468809,82.476515,63.091714694736844,107.32052801944985,1.6389493976557887,36,64,,False,True,,416,59.56268577710819
46,2026-09-21T07:58:15.330+00:00,2026-09-21T07:59:10.321+00:00,2026-09-21T07:59:14.574+00:00,True,83,83.0,,83.0,54991.48392,59243.979536,59243.979777,713.782888879518,0.0,54991.48392,6030.472714316623,79.50817500000001,51.85970263414634,28.283627289477874,1.4009862377588005,36,64,,False,True,,167,59.56268577710819
47,2026-09-21T07:58:15.615+00:00,2026-09-21T07:59:11.256+00:00,2026-09-21T07:59:13.834+00:00,True,41,41.0,,41.0,55640.200658,58218.435794000005,58218.435883,1419.9618508048782,42.002404000000006,55640.200658,8679.479316798068,79.219347,64.4558784,10.49384150953462,0.7042442731555743,36,64,,False,True,,123,59.56268577710819
48,2026-09-21T07:58:15.819+00:00,2026-09-21T07:59:12.189+00:00,2026-09-21T07:59:15.783+00:00,True,56,56.0,,56.0,56369.220865999996,59963.235585999995,59963.235792,1070.7720677142856,44.339694,56369.220865999996,7523.9277612667165,78.5973595,65.34572218181818,9.560781944218883,0.9339055748531803,36,64,,False,True,,117,59.56268577710819
49,2026-09-21T07:58:16.021+00:00,2026-09-21T07:59:13.609+00:00,2026-09-21T07:59:13.900+00:00,True,5,5.0,,5.0,57588.56618,57878.979748000005,57878.979966,11575.7959932,64.504686,57588.56618,25721.92109644586,46086.903053400005,72.603392,6.435246288180948,0.08638714818003981,36,64,,False,True,,33,59.56268577710819
50,2026-09-21T07:58:16.370+00:00,2026-09-21T07:59:15.207+00:00,2026-09-21T07:59:19.338+00:00,True,59,59.0,,59.0,58836.770055,62967.682567,62967.682498,1067.248855898305,0.01591,58836.770055,7651.925745052891,81.9046111,71.22262951724137,142.44624112143808,0.936988588348027,36,64,,False,True,,177,59.56268577710819
51,2026-09-21T07:58:16.735+00:00,2026-09-21T07:59:17.214+00:00,2026-09-21T07:59:21.539+00:00,True,69,69.0,,69.0,60478.211902999996,64803.10073499999,64803.100773,939.1753735217391,0.0,60478.211902999996,7276.108176226435,174.5040016,63.60130635294118,212.00203257761672,1.0647638649601419,36,64,,False,True,,207,59.56268577710819
52,2026-09-21T07:58:17.057+00:00,2026-09-21T07:59:19.478+00:00,2026-09-21T07:59:21.588+00:00,True,44,44.0,,44.0,62421.270429,64531.38703699999,64531.386914999995,1466.6224298863635,0.0,62421.270429,9404.556717601428,228.9764041,49.07247925581396,175.19868228083308,0.6818387457683495,36,64,,False,True,,44,59.56268577710819
53,2026-09-21T07:58:17.282+00:00,2026-09-21T07:59:19.868+00:00,2026-09-21T07:59:20.044+00:00,True,4,4.0,,4.0,62586.07106,62761.880596,62761.880566,15690.4701415,0.032420000000000004,62586.07106,31263.7935837157,53219.58772145,58.603178666666665,74.7898521520057,0.0637329532196161,36,64,,False,True,,17,59.56268577710819
54,2026-09-21T07:58:17.526+00:00,2026-09-21T07:59:21.306+00:00,2026-09-21T07:59:24.895+00:00,True,59,59.0,,59.0,63779.872611,67368.630627,67368.630407,1141.841193338983,0.0,63779.872611,8295.38973055966,78.117403,61.87513820689655,14.830949533270214,0.8757785255672687,36,64,,False,True,,204,59.56268577710819
55,2026-09-21T07:58:17.795+00:00,2026-09-21T07:59:22.835+00:00,2026-09-21T07:59:27.017+00:00,True,66,66.0,,66.0,65039.478597,69221.997893,69221.997955,1048.8181508333334,43.349633999999995,65039.478597,7997.893103586399,79.651677,64.34645070769231,10.823653313411537,0.9534541332080531,36,64,,False,True,,132,59.56268577710819
56,2026-09-21T07:58:18.072+00:00,2026-09-21T07:59:24.497+00:00,2026-09-21T07:59:25.603+00:00,True,18,18.0,,18.0,66424.770575,67531.449615,67531.449522,3751.747195666667,45.079853,66424.770575,15641.12729273345,10033.339891200001,65.09876705882353,9.380081680498046,0.2665424791355562,36,64,,False,True,,56,59.56268577710819
57,2026-09-21T07:58:18.426+00:00,2026-09-21T07:59:26.130+00:00,2026-09-21T07:59:32.821+00:00,True,94,94.0,,94.0,67703.770572,74395.23604399999,74395.23598099999,791.4386806489362,0.0,67703.770572,6976.962729338513,79.7697385,71.9512416344086,134.0055409590242,1.2635217656195763,36,64,,False,True,,376,59.56268577710819
58,2026-09-21T07:58:18.788+00:00,2026-09-21T07:59:28.119+00:00,2026-09-21T07:59:32.817+00:00,True,66,66.0,,66.0,69331.632239,74028.850031,74028.850012,1121.6492426060606,0.0,69331.632239,8526.744541096605,78.94360674999999,72.2648891076923,161.48437340625014,0.8915443097165785,36,64,,False,True,,594,59.56268577710819
59,2026-09-21T07:58:19.129+00:00,2026-09-21T07:59:29.916+00:00,2026-09-21T07:59:36.027+00:00,True,97,97.0,,97.0,70787.274212,76897.4945,76897.49466000001,792.7576769072166,0.0,70787.274212,7183.401572136128,136.9684904,63.648128,190.69861363306094,1.2614195121792946,36,64,,False,True,,970,59.56268577710819
60,2026-09-21T07:58:19.415+00:00,2026-09-21T07:59:31.484+00:00,2026-09-21T07:59:32.828+00:00,True,12,12.0,,12.0,72069.08116,73413.037384,73413.037538,6117.753128166667,0.0,72069.08116,20772.875316243793,33170.2625299,122.17783854545455,405.2180481518941,0.16345870471523824,36,64,,False,True,,30,59.56268577710819
61,2026-09-21T07:58:19.675+00:00,2026-09-21T07:59:32.822+00:00,2026-09-21T07:59:38.187+00:00,True,86,86.0,,86.0,73147.010391,78512.482647,78512.48264300001,912.9358446860466,0.01934,73147.010391,7882.024756090934,172.80375825,63.12320301176471,137.5706136419213,1.0953672218806865,36,64,,False,True,,428,59.56268577710819
62,2026-09-21T07:58:20.037+00:00,2026-09-21T07:59:34.768+00:00,2026-09-21T07:59:38.312+00:00,True,59,59.0,,59.0,74730.602514,78275.146002,78275.145986,1326.6973895932204,0.01641,74730.602514,9721.333964240017,182.79376340000002,61.11281875862068,62.0183070707164,0.7537513887037974,36,64,,False,True,,321,59.56268577710819
63,2026-09-21T07:58:20.350+00:00,2026-09-21T07:59:36.436+00:00,2026-09-21T07:59:37.845+00:00,True,22,22.0,,22.0,76086.070789,77495.425541,77495.425413,3522.5193369545455,3.02994,76086.070789,16207.321583739258,167.9193356,67.11213104761904,29.25150016370032,0.28388772429361786,36,64,,False,True,,66,59.56268577710819
64,2026-09-21T07:58:20.696+00:00,2026-09-21T07:59:38.444+00:00,2026-09-21T07:59:44.565+00:00,True,97,97.0,,97.0,77747.859009,83869.48768100001,83869.48765800001,864.6338933814434,41.120904,77747.859009,7887.631951767143,80.4628258,63.76696533333334,10.902874575115261,1.1565588711945192,36,64,,False,True,,97,59.56268577710819
65,2026-09-21T07:58:20.925+00:00,2026-09-21T07:59:39.503+00:00,2026-09-21T07:59:41.430+00:00,True,32,32.0,,32.0,78578.081609,80505.301065,80505.300848,2515.7906515,42.736553,78578.081609,13879.78767655475,80.46758600000001,62.1683695483871,10.717868134335903,0.39748935258515694,36,64,,False,True,,35,59.56268577710819
66,2026-09-21T07:58:21.128+00:00,2026-09-21T07:59:40.476+00:00,2026-09-21T07:59:44.753+00:00,True,67,67.0,,67.0,79348.353983,83625.82598299999,83625.826019,1248.146657,36.059203000000004,79348.353983,9686.033610874743,80.225552,64.81018181818182,11.832786167285294,0.8011879011349939,36,64,,False,True,,400,59.56268577710819
67,2026-09-21T07:58:21.410+00:00,2026-09-21T07:59:41.839+00:00,2026-09-21T07:59:46.958+00:00,True,61,61.0,,61.0,80429.054034,85547.471442,85547.471344,1402.4175630163934,0.0,80429.054034,10289.193868180788,82.120437,85.3069568,216.0717989938916,0.7130543892388118,36,64,,False,True,,549,59.56268577710819
68,2026-09-21T07:58:21.655+00:00,2026-09-21T07:59:43.040+00:00,2026-09-21T07:59:44.303+00:00,True,21,21.0,,21.0,81385.303264,82648.546272,82648.546435,3935.6450683333333,36.947793,81385.303264,17745.95097249836,80.844837,63.1621504,13.5452778869226,0.254087953717759,36,64,,False,True,,216,59.56268577710819
69,2026-09-21T07:58:21.995+00:00,2026-09-21T07:59:44.697+00:00,2026-09-21T07:59:47.424+00:00,True,44,44.0,,44.0,82702.157824,85428.75955199999,85428.759454,1941.5627148636363,0.0,82702.157824,12461.133701958815,75.43569584999999,63.409342511627905,270.76513254575195,0.5150490330275421,36,64,,False,True,,220,59.56268577710819
70,2026-09-21T07:58:22.332+00:00,2026-09-21T07:59:46.983+00:00,2026-09-21T07:59:49.959+00:00,True,53,53.0,,53.0,84650.64009,87627.24297,87627.243002,1653.3442075849057,0.0,84650.64009,11619.81512343476,76.17613440000001,57.24236307692308,20.826706692836584,0.6048347317984777,36,64,,False,True,,195,59.56268577710819
71,2026-09-21T07:58:22.612+00:00,2026-09-21T07:59:47.909+00:00,2026-09-21T07:59:49.145+00:00,True,21,21.0,,21.0,85296.263463,86532.198439,86532.198462,4120.580879142857,40.353464,85296.263463,18599.68847666915,78.308117,61.796748799999996,10.793448720775617,0.24268423059658814,36,64,,False,True,,163,59.56268577710819
73,2026-09-21T07:58:23.338+00:00,2026-09-21T07:59:50.488+00:00,2026-09-21T07:59:54.243+00:00,True,54,54.0,,54.0,87150.220295,90905.18810300001,90905.18802500001,1683.4294078703706,0.01576,87150.220295,11851.712304421659,81.466246,70.84844920754718,203.29106516009261,0.5940255020298222,36,64,,False,True,,214,59.56268577710819
72,2026-09-21T07:58:23.333+00:00,2026-09-21T07:59:50.720+00:00,2026-09-21T07:59:55.187+00:00,True,70,70.0,,70.0,87387.063765,91853.438165,91853.438318,1312.1919759714285,0.01651,87387.063765,10438.37030906163,158.7682581,64.73006376811594,169.42712715606564,0.7620836127468218,36,64,,False,True,,70,59.56268577710819
74,2026-09-21T07:58:23.505+00:00,2026-09-21T07:59:52.516+00:00,2026-09-21T07:59:57.496+00:00,True,78,78.0,,78.0,89010.859015,93990.967815,93990.967983,1205.0124100384614,0.01567,89010.859015,10072.469537165,235.4381263,64.67673766233766,162.73329092108887,0.8298669735322377,36,64,,False,True,,309,59.56268577710819
75,2026-09-21T07:58:23.820+00:00,2026-09-21T07:59:54.112+00:00,2026-09-21T07:59:56.806+00:00,True,46,46.0,,46.0,90292.169853,92986.203517,92986.20356,2021.4392078260869,0.02112,90292.169853,13304.09593501127,146.61677775,59.86741475555556,43.25537641149198,0.49469704386404106,36,64,,False,True,,98,59.56268577710819
76,2026-09-21T07:58:24.120+00:00,2026-09-21T07:59:55.719+00:00,2026-09-21T08:00:02.909+00:00,True,99,99.0,,99.0,91599.276803,98789.488131,98789.488145,997.8736176262627,0.0,91599.276803,9200.639966474515,79.3380061,73.36950334693877,189.91041155948818,1.002130913652684,36,64,,False,True,,109,59.56268577710819
77,2026-09-21T07:58:24.342+00:00,2026-09-21T07:59:56.952+00:00,2026-09-21T07:59:58.262+00:00,True,22,22.0,,22.0,92610.751919,93920.971695,93920.971595,4269.1350725,42.036722999999995,92610.751919,19731.37918690952,82.51919745000001,62.3914179047619,10.033413167817509,0.23423948456839908,36,64,,False,True,,66,59.56268577710819
78,2026-09-21T07:58:24.640+00:00,2026-09-21T07:59:58.444+00:00,2026-09-21T08:00:02.876+00:00,True,54,54.0,,54.0,93803.721449,98236.581353,98236.581299,1819.1959499814816,0.0,93803.721449,12756.190339258023,80.67108985,83.63886611320756,255.0809825344745,0.5496933958436342,36,64,,False,True,,375,59.56268577710819
79,2026-09-21T07:58:24.900+00:00,2026-09-21T07:59:59.719+00:00,2026-09-21T08:00:02.869+00:00,True,42,42.0,,42.0,94819.53374500001,97969.397681,97969.39752200001,2332.6047029047622,0.0,94819.53374500001,14621.939006380897,78.07011395,76.82594965853659,290.81865407074406,0.42870529975857347,36,64,,False,True,,258,59.56268577710819
81,2026-09-21T07:58:25.495+00:00,2026-09-21T08:00:02.888+00:00,2026-09-21T08:00:05.989+00:00,True,50,50.0,,50.0,97392.779981,100494.177485,100494.177685,2009.8835537,0.04501,97392.779981,13764.474965820125,78.927284,63.2938266122449,14.05818936671181,0.4975412630991793,36,64,,False,True,,533,59.56268577710819
80,2026-09-21T07:58:25.175+00:00,2026-09-21T08:00:02.904+00:00,2026-09-21T08:00:05.351+00:00,True,66,66.0,,66.0,97728.973686,100175.896438,100175.896391,1517.8166119848484,0.0,97728.973686,12025.01387491624,76.95975700000001,37.64496541538461,32.24481676525916,0.6588411219344381,36,64,,False,True,,575,59.56268577710819
82,2026-09-21T07:58:25.757+00:00,2026-09-21T08:00:04.144+00:00,2026-09-21T08:00:09.148+00:00,True,81,81.0,,81.0,98387.413955,103391.280579,103391.280405,1276.4355605555554,45.210684,98387.413955,10924.988989960084,79.19676700000001,62.5483328,9.313932538223758,0.7834316351088128,36,64,,False,True,,336,59.56268577710819
83,2026-09-21T07:58:25.982+00:00,2026-09-21T08:00:05.093+00:00,2026-09-21T08:00:10.057+00:00,True,81,81.0,,81.0,99110.72185500001,104075.196223,104075.196221,1284.8789656913582,43.279133,99110.72185500001,11005.411223124793,77.560657,62.0559296,9.321250197195644,0.7782834233282904,36,64,,False,True,,324,59.56268577710819
84,2026-09-21T07:58:26.221+00:00,2026-09-21T08:00:06.111+00:00,2026-09-21T08:00:07.547+00:00,True,25,25.0,,25.0,99890.049759,101325.594335,101325.594505,4053.0237802,49.154734,99890.049759,19966.04878071402,79.501345,59.814357333333334,8.420847816177524,0.24672936945571383,36,64,,False,True,,100,59.56268577710819
85,2026-09-21T07:58:26.537+00:00,2026-09-21T08:00:07.982+00:00,2026-09-21T08:00:10.109+00:00,True,36,36.0,,36.0,101444.27358200001,103571.895726,103571.89576900001,2876.9971046944447,43.871173999999996,101444.27358200001,16897.24991725319,76.09795899999999,60.78920411428572,9.365156525419781,0.3475846391306594,36,64,,True,True,,37,59.56268577710819
86,2026-09-21T07:58:26.738+00:00,2026-09-21T08:00:09.092+00:00,2026-09-21T08:00:11.284+00:00,True,36,36.0,,36.0,102354.097058,104546.012066,104546.01212099999,2904.05589225,44.013994,102354.097058,17048.58103851687,77.86417125,62.62614308571429,9.466187636125193,0.3443459897568658,36,64,,True,True,,396,59.56268577710819
87,2026-09-21T07:58:27.042+00:00,2026-09-21T08:00:10.765+00:00,2026-09-21T08:00:12.912+00:00,True,34,34.0,,34.0,103722.927874,105870.01293,105870.012752,3113.8239044705883,47.724184,103722.927874,17777.17977559906,78.1591662,65.06318351515152,9.841087101797227,0.321148539223098,36,64,,True,True,,227,59.56268577710819
88,2026-09-21T07:58:27.308+00:00,2026-09-21T08:00:11.770+00:00,2026-09-21T08:00:17.642+00:00,True,94,94.0,,94.0,104461.057665,110333.503873,110333.503721,1173.7606778829788,43.686934,104461.057665,10767.826385540502,76.37403929999999,63.14458288172043,9.123507952741145,0.851962429365057,36,64,,True,True,,564,59.56268577710819
89,2026-09-21T07:58:27.558+00:00,2026-09-21T08:00:13.467+00:00,2026-09-21T08:00:15.729+00:00,True,37,37.0,,37.0,105908.325719,108171.143511,108171.143637,2923.544422621622,41.961234,105908.325719,17400.890116762585,76.12928280000001,62.85604977777778,8.65540129272085,0.3420505580237066,36,64,,True,True,,148,59.56268577710819
90,2026-09-21T07:58:27.826+00:00,2026-09-21T08:00:15.053+00:00,2026-09-21T08:00:17.964+00:00,True,47,47.0,,47.0,107226.983719,110137.431847,110137.431902,2343.34961493617,44.169484,107226.983719,15631.437131483313,78.87539729999999,63.27061147826087,9.840866884644237,0.42673956720991235,36,64,,True,True,,120,59.56268577710819
91,2026-09-21T07:58:28.116+00:00,2026-09-21T08:00:16.491+00:00,2026-09-21T08:00:21.976+00:00,True,87,87.0,,87.0,108375.233976,113859.973304,113859.97345,1308.7353270114943,44.261573,108375.233976,11612.211034172458,78.65267899999999,63.776038697674416,9.526471084900024,0.7640964377157782,36,64,,True,True,,522,59.56268577710819
92,2026-09-21T07:58:28.350+00:00,2026-09-21T08:00:17.515+00:00,2026-09-21T08:00:22.861+00:00,True,86,86.0,,86.0,109164.975883,114510.77274700001,114510.77284100001,1331.5206144302326,43.554474,109164.975883,11764.784169723223,77.38344825,62.8917278117647,9.60298275813831,0.7510210431468166,36,64,,True,True,,602,59.56268577710819
93,2026-09-21T07:58:28.648+00:00,2026-09-21T08:00:18.934+00:00,2026-09-21T08:00:19.545+00:00,True,11,11.0,,11.0,110285.828408,110896.913464,110896.913323,10081.537574818181,51.642264000000004,110285.828408,33234.004431896596,55180.546202,61.1085056,8.261439581255063,0.09919121873099637,36,64,,True,True,,33,59.56268577710819
94,2026-09-21T07:58:28.984+00:00,2026-09-21T08:00:20.739+00:00,2026-09-21T08:00:26.191+00:00,True,89,89.0,,89.0,111754.785527,117206.949111,117206.949092,1316.932012269663,45.162483,111754.785527,11839.419537738078,76.301646,61.956404363636366,8.930039759402346,0.7593406421296163,36,64,,True,True,,178,59.56268577710819
95,2026-09-21T07:58:29.193+00:00,2026-09-21T08:00:21.593+00:00,2026-09-21T08:00:22.150+00:00,True,10,10.0,,10.0,112400.15792,112957.319904,112957.319981,11295.7319981,47.547644,112400.15792,35524.47534112551,61853.9769347,61.90688711111111,9.717715425632463,0.08852901262617408,36,64,,True,True,,21,59.56268577710819
96,2026-09-21T07:58:29.421+00:00,2026-09-21T08:00:22.942+00:00,2026-09-21T08:00:28.195+00:00,True,84,84.0,,84.0,113520.565316,118774.045764,118774.045766,1413.9767353095237,45.510373,113520.565316,12379.206286922417,76.6924095,63.29494515662651,8.956155644919162,0.7072252145633328,36,64,,True,True,,336,59.56268577710819
97,2026-09-21T07:58:29.749+00:00,2026-09-21T08:00:24.565+00:00,2026-09-21T08:00:28.192+00:00,True,58,58.0,,58.0,114816.738362,118443.356218,118443.356252,2042.1268319310345,44.269892999999996,114816.738362,15067.824719088789,76.8911805,63.62487466666666,9.146904364074011,0.4896855497175253,36,64,,True,True,,290,59.56268577710819
98,2026-09-21T07:58:29.984+00:00,2026-09-21T08:00:25.985+00:00,2026-09-21T08:00:26.389+00:00,True,7,7.0,,7.0,116001.065544,116405.33895199999,116405.338944,16629.33413485714,54.566374,116001.065544,43818.8154735583,81223.5928446,67.37890133333333,8.562409229489061,0.06013469882929052,36,64,,True,True,,28,59.56268577710819
99,2026-09-21T07:58:30.291+00:00,2026-09-21T08:00:27.430+00:00,2026-09-21T08:00:29.930+00:00,True,41,41.0,,41.0,117139.328099,119638.925411,119638.92545600001,2918.022572097561,46.025484,117139.328099,18284.332639243166,76.363746,62.4899328,9.473733969356239,0.342697828981255,36,64,,True,True,,162,59.56268577710819
100,2026-09-21T07:58:30.602+00:00,2026-09-21T08:00:29.013+00:00,2026-09-21T08:00:34.448+00:00,True,86,86.0,,86.0,118410.483044,123845.81718799999,123845.81728799999,1440.067642883721,44.051353000000006,118410.483044,12761.638826947043,78.78286250000001,63.94510757647059,9.429004840368277,0.6944118255479762,36,64,,True,True,,430,59.56268577710819
101,2026-09-21T07:58:30.907+00:00,2026-09-21T08:00:30.714+00:00,2026-09-21T08:00:32.715+00:00,True,32,32.0,,32.0,119807.24363,121808.587118,121808.587028,3806.518344625,43.768563,119807.24363,21167.718011249504,80.19261209999999,64.5594673548387,9.396983517056672,0.262707258635227,36,64,,True,True,,32,59.56268577710819
102,2026-09-21T07:58:31.277+00:00,2026-09-21T08:00:32.718+00:00,2026-09-21T08:00:37.413+00:00,True,76,76.0,,76.0,121441.772549,126136.32896500001,126136.328918,1659.688538394737,40.408513,121441.772549,13923.149659292983,76.75390325000001,62.59408554666667,9.212727725102187,0.6025226881391823,36,64,,True,True,,228,59.56268577710819
103,2026-09-21T07:58:31.598+00:00,2026-09-21T08:00:34.050+00:00,2026-09-21T08:00:36.120+00:00,True,35,35.0,,35.0,122451.741735,124521.74493500001,124521.744809,3557.7641374,41.001483,122451.741735,20687.833038157565,76.9698073,60.88244705882352,9.103651832211646,0.28107540589211866,36,64,,True,True,,110,59.56268577710819
104,2026-09-21T07:58:31.919+00:00,2026-09-21T08:00:35.647+00:00,2026-09-21T08:00:39.966+00:00,True,70,70.0,,70.0,123728.17823100001,128047.01496700001,128047.01498100001,1829.243071157143,46.355044,123728.17823100001,14780.867711587543,76.56733455,62.591836753623184,9.528494795447854,0.5466742041432222,36,64,,True,True,,661,59.56268577710819
105,2026-09-21T07:58:32.202+00:00,2026-09-21T08:00:37.063+00:00,2026-09-21T08:00:40.972+00:00,True,62,62.0,,62.0,124860.64728599999,128769.400694,128769.400696,2076.925817677419,44.328973,124860.64728599999,15849.182653413445,76.2078385,64.07792472131148,8.967534039017371,0.4814808461160206,36,64,,True,True,,434,59.56268577710819
106,2026-09-21T07:58:32.410+00:00,2026-09-21T08:00:38.273+00:00,2026-09-21T08:00:42.789+00:00,True,70,70.0,,70.0,125862.852225,130379.24134499999,130379.24118,1862.5605882857142,45.216204,125862.852225,15035.667510550187,78.71787760000001,65.4549147826087,9.052756023460423,0.536895285460138,36,64,,True,True,,626,59.56268577710819
107,2026-09-21T07:58:32.659+00:00,2026-09-21T08:00:39.451+00:00,2026-09-21T08:00:39.891+00:00,True,8,8.0,,8.0,126792.069026,127232.68214599999,127232.682069,15904.085258625,52.211394,126792.069026,44805.512186031345,82439.70279965,62.94473142857142,7.925822363135972,0.06287692647098306,36,64,,True,True,,24,59.56268577710819
108,2026-09-21T07:58:33.376+00:00,2026-09-21T08:00:41.303+00:00,2026-09-21T08:00:43.827+00:00,True,40,40.0,,40.0,127927.185971,130450.643507,130450.643507,3261.266087675,44.545584000000005,127927.185971,20216.835777651813,79.67379055,64.70403938461538,9.7021264857836,0.3066293804664413,36,64,,True,True,,392,59.56268577710819
109,2026-09-21T07:58:33.427+00:00,2026-09-21T08:00:41.874+00:00,2026-09-21T08:00:46.873+00:00,True,78,78.0,,78.0,128447.08110600001,133446.29493,133446.295068,1710.849936769231,40.195733,128447.08110600001,14536.420595744208,80.815428,64.92485485714286,10.696314428034533,0.584504800533543,36,64,,True,True,,315,59.56268577710819
110,2026-09-21T07:58:33.745+00:00,2026-09-21T08:00:45.505+00:00,2026-09-21T08:00:47.763+00:00,True,36,36.0,,36.0,131760.048533,134017.472661,134017.472491,3722.707569194444,40.711213,131760.048533,21949.26102363328,80.5243585,64.49783222857143,10.782363057061524,0.26862169003188674,36,64,,True,True,,108,59.56268577710819
111,2026-09-21T07:58:33.998+00:00,2026-09-21T08:00:46.873+00:00,2026-09-21T08:00:51.362+00:00,True,72,72.0,,72.0,132875.065799,137363.43008700002,137363.429943,1907.825415875,40.836883,132875.065799,15652.029430343897,78.38584105,63.216398422535214,9.553635284235305,0.5241569750726109,36,64,,True,True,,144,59.56268577710819
112,2026-09-21T07:58:34.357+00:00,2026-09-21T08:00:48.721+00:00,2026-09-21T08:00:53.173+00:00,True,72,72.0,,72.0,134364.800789,138816.705557,138816.7057,1928.009801388889,43.135353,134364.800789,15827.65653529091,76.86770055,62.70288405633803,8.976293243625372,0.5186695629398569,36,64,,True,True,,777,59.56268577710819
113,2026-09-21T07:58:34.633+00:00,2026-09-21T08:00:50.394+00:00,2026-09-21T08:00:51.360+00:00,True,17,17.0,,17.0,135760.638444,136727.337708,136727.337697,8042.784570411765,45.766123,135760.638444,32912.13863582465,27211.741037600004,60.418704,8.476962948876507,0.12433504729175547,36,64,,True,True,,24,59.56268577710819
114,2026-09-21T07:58:34.889+00:00,2026-09-21T08:00:51.654+00:00,2026-09-21T08:00:55.321+00:00,True,59,59.0,,59.0,136764.41680099998,140431.895329,140431.895283,2380.2016149661013,46.848054,136764.41680099998,17796.980564791273,77.019285,63.2323884137931,8.999568068106901,0.42013247675520166,36,64,,True,True,,470,59.56268577710819
115,2026-09-21T07:58:35.148+00:00,2026-09-21T08:00:52.985+00:00,2026-09-21T08:00:54.645+00:00,True,26,26.0,,26.0,137837.282993,139497.331377,139497.331356,5365.28197523077,48.341274,137837.282993,27019.094073936594,80.51691324999999,66.40193536,8.704890515725182,0.1863834938156159,36,64,,True,True,,78,59.56268577710819
116,2026-09-21T07:58:35.513+00:00,2026-09-21T08:00:54.840+00:00,2026-09-21T08:00:58.747+00:00,True,64,64.0,,64.0,139327.065194,143234.876522,143234.876585,2238.044946640625,42.879213,139327.065194,17408.132098740225,76.426687,62.02875123809524,9.485979066755078,0.4468185511380672,36,64,,True,True,,128,59.56268577710819
117,2026-09-21T07:58:35.730+00:00,2026-09-21T08:00:56.167+00:00,2026-09-21T08:01:00.086+00:00,True,63,63.0,,63.0,140436.957769,144355.537737,144355.537901,2291.3577444603175,41.443483,140436.957769,17685.43361604671,77.3138652,63.20290270967742,10.13215385362055,0.436422467662994,36,64,,True,True,,191,59.56268577710819
118,2026-09-21T07:58:36.006+00:00,2026-09-21T08:00:57.507+00:00,2026-09-21T08:01:02.458+00:00,True,78,78.0,,78.0,141500.32515000002,146451.74735800002,146451.747368,1877.5865047179489,45.494004000000004,141500.32515000002,16014.478981508326,77.32112149999999,64.30418451948051,10.106352079775931,0.5325986299728447,36,64,,True,True,,592,59.56268577710819
119,2026-09-21T07:58:36.207+00:00,2026-09-21T08:00:58.621+00:00,2026-09-21T08:01:02.257+00:00,True,57,57.0,,57.0,142414.16002399998,146049.66747999997,146049.66748299997,2562.2748681228068,41.750643,142414.16002399998,18854.6204312019,77.49351,64.919776,10.66058325123821,0.39027819086137644,36,64,,True,True,,228,59.56268577710819
120,2026-09-21T07:58:36.519+00:00,2026-09-21T08:00:59.933+00:00,2026-09-21T08:01:04.088+00:00,True,66,66.0,,66.0,143413.260468,147568.88465999998,147568.884726,2235.8921928181817,45.568904,143413.260468,17645.085611742543,78.532536,63.932679876923075,10.580785836370426,0.4472487554003311,36,64,,True,True,,470,59.56268577710819
121,2026-09-21T07:58:36.768+00:00,2026-09-21T08:01:01.280+00:00,2026-09-21T08:01:03.326+00:00,True,33,33.0,,33.0,144512.171451,146557.373883,146557.373934,4441.132543454545,45.165394,144512.171451,25145.216253560677,75.08469399999998,63.912576,10.040628927503771,0.22516779009935475,36,64,,True,True,,165,59.56268577710819
122,2026-09-21T07:58:37.046+00:00,2026-09-21T08:01:02.828+00:00,2026-09-21T08:01:08.886+00:00,True,97,97.0,,97.0,145782.349758,151839.956158,151839.956168,1565.3603728659793,44.309733,145782.349758,14795.551288209037,77.760412,63.10006666666666,9.708689514139033,0.6388305321892005,36,64,,True,True,,521,59.56268577710819
123,2026-09-21T07:58:37.290+00:00,2026-09-21T08:01:04.089+00:00,2026-09-21T08:01:04.632+00:00,True,10,10.0,,10.0,146799.356196,147341.50890000002,147341.50884700002,14734.1508847,47.043383,146799.356196,46402.983945668246,80774.52111255,60.239189333333336,9.056037468191041,0.06786953706838277,36,64,,True,True,,10,59.56268577710819
124,2026-09-21T07:58:37.552+00:00,2026-09-21T08:01:05.386+00:00,2026-09-21T08:01:06.318+00:00,True,16,16.0,,16.0,147833.922166,148765.87583,148765.875715,9297.8672321875,44.326373,147833.922166,36942.94925032767,37015.57936525,62.130244266666665,10.018835999730847,0.10755154641971633,36,64,,True,True,,112,59.56268577710819
125,2026-09-21T07:58:37.894+00:00,2026-09-21T08:01:07.332+00:00,2026-09-21T08:01:11.905+00:00,True,73,73.0,,73.0,149438.625106,154011.191634,154011.191784,2109.7423532054795,41.413942999999996,149438.625106,17483.038396358526,78.918862,63.50786844444445,10.837842168369981,0.473991527664307,36,64,,True,True,,949,59.56268577710819
126,2026-09-21T07:58:38.129+00:00,2026-09-21T08:01:08.888+00:00,2026-09-21T08:01:10.945+00:00,True,34,34.0,,34.0,150758.65500600002,152815.44451,152815.44434000002,4494.571892352941,42.603513,150758.65500600002,25844.20932578383,79.05741035,62.326954666666666,11.019146024211254,0.22249060040377722,36,64,,True,True,,220,59.56268577710819
127,2026-09-21T07:58:38.432+00:00,2026-09-21T08:01:10.438+00:00,2026-09-21T08:01:16.592+00:00,True,97,97.0,,97.0,152006.31071000002,158160.89963800003,158160.89958700002,1630.5247380103094,43.572102,152006.31071000002,15427.396488863773,77.547772,64.11030133333334,10.353720052734566,0.6132994957793892,36,64,,True,True,,1136,59.56268577710819
128,2026-09-21T07:58:38.744+00:00,2026-09-21T08:01:12.485+00:00,2026-09-21T08:01:18.490+00:00,True,95,95.0,,95.0,153740.740968,159746.580584,159746.580565,1681.5429533157894,43.406554,153740.740968,15766.915213526834,77.806412,63.89191080851064,10.065305638248336,0.5946919154870165,36,64,,True,True,,1096,59.56268577710819
129,2026-09-21T07:58:39.066+00:00,2026-09-21T08:01:14.295+00:00,2026-09-21T08:01:15.746+00:00,True,24,24.0,,24.0,155228.77118,156680.08868400002,156680.088848,6528.337035333334,42.314652,155228.77118,31673.061252976917,77.35274184999999,63.10076104347826,9.666039833649895,0.15317836619562017,36,64,,True,True,,215,59.56268577710819
130,2026-09-21T07:58:39.306+00:00,2026-09-21T08:01:15.387+00:00,2026-09-21T08:01:18.630+00:00,True,52,52.0,,52.0,156080.520796,159323.571036,159323.570947,3063.914825903846,44.071834,156080.520796,21635.65773502585,78.0505575,63.58922039215686,9.615775610163864,0.32637982981344504,36,64,,True,True,,448,59.56268577710819
131,2026-09-21T07:58:39.544+00:00,2026-09-21T08:01:16.534+00:00,2026-09-21T08:01:21.452+00:00,True,79,79.0,,79.0,156990.494686,161908.697566,161908.697543,2049.4771840886074,45.457603000000006,156990.494686,17655.719343373483,75.90595400000001,63.05388307692308,10.090186715003453,0.48792931564282804,36,64,,True,True,,159,59.56268577710819
132,2026-09-21T07:58:39.876+00:00,2026-09-21T08:01:18.228+00:00,2026-09-21T08:01:18.301+00:00,True,2,2.0,,2.0,158352.18079800002,158425.611838,158425.611604,79212.805802,73.43080599999999,158352.18079800002,111919.97743707342,150438.24329840002,73.43104,nan,0.01262422140458655,36,64,,True,True,,2,59.56268577710819
133,2026-09-21T07:58:40.178+00:00,2026-09-21T08:01:19.896+00:00,2026-09-21T08:01:19.965+00:00,True,2,2.0,,2.0,159718.07525,159786.833266,159786.833276,79893.416638,68.758026,159718.07525,112889.11482089268,151735.6093888,68.758016,nan,0.012516675868221033,36,64,,True,True,,8,59.56268577710819
134,2026-09-21T07:58:40.457+00:00,2026-09-21T08:01:21.377+00:00,2026-09-21T08:01:25.268+00:00,True,62,62.0,,62.0,160920.134922,164810.800906,164810.800952,2658.238725032258,44.881402,160920.134922,20428.779543102086,77.96893845,63.781409573770496,9.599265782636815,0.3761889370063905,36,64,,True,True,,496,59.56268577710819
135,2026-09-21T07:58:40.681+00:00,2026-09-21T08:01:22.533+00:00,2026-09-21T08:01:26.944+00:00,True,71,71.0,,71.0,161852.235372,166263.12151599998,166263.12161,2341.7341071830983,43.385533,161852.235372,19200.85042797916,76.896218,63.0126592,9.315000846567399,0.4270339649142667,36,64,,True,True,,213,59.56268577710819
136,2026-09-21T07:58:41.008+00:00,2026-09-21T08:01:24.224+00:00,2026-09-21T08:01:29.631+00:00,True,88,88.0,,88.0,163215.617169,168622.353041,168622.35328100002,1916.1631054659092,44.135402,163215.617169,17392.220947511913,77.241876,62.14638933333334,9.425618581372033,0.5218762424611824,36,64,,True,True,,220,59.56268577710819
137,2026-09-21T07:58:41.226+00:00,2026-09-21T08:01:25.326+00:00,2026-09-21T08:01:29.896+00:00,True,74,74.0,,74.0,164099.961075,168669.955571,168669.955532,2279.3237234054054,42.746491999999996,164099.961075,19068.95821414079,77.5642945,62.60266432876712,10.090320767683888,0.4387266229453082,36,64,,True,True,,294,59.56268577710819
138,2026-09-21T07:58:41.497+00:00,2026-09-21T08:01:26.711+00:00,2026-09-21T08:01:27.446+00:00,True,13,13.0,,13.0,165214.307503,165949.15678299998,165949.15654199998,12765.319733999999,54.688753,165214.307503,45805.22087173542,66133.6411336,61.23744,8.247264121391309,0.07833724649170218,36,64,,True,True,,79,59.56268577710819
139,2026-09-21T07:58:41.776+00:00,2026-09-21T08:01:27.993+00:00,2026-09-21T08:01:30.275+00:00,True,37,37.0,,37.0,166217.009143,168498.684151,168498.68419600002,4554.018491783784,42.341513,166217.009143,27315.489928455932,76.54690839999999,63.37986133333334,9.295330479805193,0.21958628452458698,36,64,,True,True,,132,59.56268577710819
140,2026-09-21T07:58:42.088+00:00,2026-09-21T08:01:29.434+00:00,2026-09-21T08:01:32.188+00:00,True,45,45.0,,45.0,167346.225618,170100.232914,170100.232897,3780.0051754888887,51.755133,167346.225618,24937.172976288388,74.66768280000001,62.591074909090906,7.442794053517786,0.2645499023081955,36,64,,True,True,,219,59.56268577710819
141,2026-09-21T07:58:42.296+00:00,2026-09-21T08:01:30.479+00:00,2026-09-21T08:01:31.952+00:00,True,25,25.0,,25.0,168182.98801300002,169656.08164500003,169656.08146200003,6786.243258480001,53.282283,168182.98801300002,33624.322341410356,72.01986000000001,61.37890133333334,6.026462523575564,0.14735693384874765,36,64,,True,True,,75,59.56268577710819
142,2026-09-21T07:58:42.560+00:00,2026-09-21T08:01:31.896+00:00,2026-09-21T08:01:34.828+00:00,True,48,48.0,,48.0,169335.30222299998,172267.85748699997,172267.85751099998,3588.9136981458328,46.155782,169335.30222299998,24432.441434603836,77.52111049999999,62.39479285106383,9.392243425260375,0.2786358447838842,36,64,,True,True,,168,59.56268577710819
143,2026-09-21T07:58:43.493+00:00,2026-09-21T08:01:33.803+00:00,2026-09-21T08:01:38.001+00:00,True,66,66.0,,66.0,170310.43032800002,174508.033656,174508.03387600003,2644.0611193333334,44.320992,170310.43032800002,20955.817664535934,77.7331765,64.57851273846154,9.068441422171919,0.37820608379613563,36,64,,True,True,,132,59.56268577710819
145,2026-09-21T07:58:43.615+00:00,2026-09-21T08:01:35.183+00:00,2026-09-21T08:01:36.878+00:00,True,28,28.0,,28.0,171568.2398,173263.82047200002,173263.820471,6187.99358825,42.583932,171568.2398,32411.48375358279,81.05694165000001,62.799284148148146,11.696076492014285,0.1616032702252741,36,64,,True,True,,112,59.56268577710819
144,2026-09-21T07:58:43.574+00:00,2026-09-21T08:01:37.056+00:00,2026-09-21T08:01:43.229+00:00,True,99,99.0,,99.0,173481.994176,179654.93395200002,179654.93385,1814.6963015151516,41.249462,173481.994176,17429.268323545326,76.014257,62.9891813877551,9.444960583223214,0.5510563936220683,36,64,,True,True,,197,59.56268577710819
146,2026-09-21T07:58:43.780+00:00,2026-09-21T08:01:38.263+00:00,2026-09-21T08:01:39.213+00:00,True,16,16.0,,16.0,174482.35514899998,175432.885453,175432.885621,10964.5553513125,44.437112,174482.35514899998,43604.74773709158,43677.03958775,63.36868693333333,10.249943178675617,0.09120296892275959,36,64,,True,True,,92,59.56268577710819
147,2026-09-21T07:58:44.153+00:00,2026-09-21T08:01:39.919+00:00,2026-09-21T08:01:40.050+00:00,True,3,3.0,,3.0,175765.90588,175896.810712,175896.810877,58632.270292333335,55.389583,175765.90588,101440.70455566881,158196.8668334,65.452416,14.231197137034957,0.017055454205545377,36,64,,True,True,,11,59.56268577710819
148,2026-09-21T07:58:44.381+00:00,2026-09-21T08:01:40.980+00:00,2026-09-21T08:01:46.781+00:00,True,95,95.0,,95.0,176598.53744400002,182399.53635600003,182399.53626800003,1919.9951186105266,41.666921,176598.53744400002,18112.298509147015,78.387036,61.71275438297872,9.49308583565008,0.5208346572470604,36,64,,True,True,,944,59.56268577710819
149,2026-09-21T07:58:44.746+00:00,2026-09-21T08:01:43.098+00:00,2026-09-21T08:01:47.819+00:00,True,76,76.0,,76.0,178352.215901,183073.494365,183073.49435599998,2408.861767842105,41.050411,178352.215901,20451.1835045536,78.26860900000001,62.950379520000006,9.460764584565307,0.41513382515371755,36,64,,True,True,,304,59.56268577710819
150,2026-09-21T07:58:45.112+00:00,2026-09-21T08:01:44.675+00:00,2026-09-21T08:01:45.294+00:00,True,11,11.0,,11.0,179562.98598,180181.565948,180181.56576199998,16380.142342,47.718661,179562.98598,54121.62715315902,89819.782676,61.857996799999995,9.149901266532233,0.06104953046736521,36,64,,True,True,,57,59.56268577710819
151,2026-09-21T07:58:45.331+00:00,2026-09-21T08:01:45.907+00:00,2026-09-21T08:01:46.650+00:00,True,13,13.0,,13.0,180575.34905199998,181318.85855599996,181318.85851199998,13947.604500923075,50.007892999999996,180575.34905199998,50065.40701236404,72275.0096692,61.95912533333333,8.126316007327903,0.07169689961391952,36,64,,True,True,,32,59.56268577710819
152,2026-09-21T07:58:45.678+00:00,2026-09-21T08:01:47.697+00:00,2026-09-21T08:01:50.782+00:00,True,50,50.0,,50.0,182019.760354,185104.309986,185104.310029,3702.08620058,44.799312,182019.760354,25732.580206744686,74.646738,62.94999248979592,8.292624425247359,0.2701179675599215,36,64,,True,True,,200,59.56268577710819
153,2026-09-21T07:58:46.010+00:00,2026-09-21T08:01:49.378+00:00,2026-09-21T08:01:50.439+00:00,True,18,18.0,,18.0,183368.636299,184429.385355,184429.385187,10246.076954833334,52.444433,183368.636299,43205.69560726449,27570.32676375,62.397003294117646,7.774501683475313,0.09759832992639754,36,64,,True,True,,95,59.56268577710819
154,2026-09-21T07:58:46.332+00:00,2026-09-21T08:01:51.059+00:00,2026-09-21T08:01:57.356+00:00,True,100,100.0,,100.0,184727.413466,191024.338138,191024.338117,1910.24338117,42.466281,184727.413466,18466.383030969322,75.82863845,63.60529971717171,9.089322389413073,0.5234935033658271,36,64,,True,True,,756,59.56268577710819
155,2026-09-21T07:58:46.670+00:00,2026-09-21T08:01:52.465+00:00,2026-09-21T08:01:55.264+00:00,True,45,45.0,,45.0,185794.847368,188594.29850399998,188594.298559,4190.984412422222,46.145091,185794.847368,27687.177347922243,76.75370480000001,63.623889454545456,8.46727265686545,0.2386074253408333,36,64,,True,True,,134,59.56268577710819
156,2026-09-21T07:58:46.958+00:00,2026-09-21T08:01:54.057+00:00,2026-09-21T08:02:00.242+00:00,True,98,98.0,,98.0,187099.082494,193284.527102,193284.527067,1972.2910925204083,40.372962,187099.082494,18893.422203220372,76.96670449999999,63.767470185567014,9.297205617236433,0.5070245480554348,36,64,,True,True,,103,59.56268577710819
157,2026-09-21T07:58:47.163+00:00,2026-09-21T08:01:55.069+00:00,2026-09-21T08:01:56.724+00:00,True,27,27.0,,27.0,187905.424027,189560.887963,189560.888117,7020.773633962963,44.400552000000005,187905.424027,36150.1635025365,77.30886300000002,63.671689846153846,10.301635115761613,0.1424344456820126,36,64,,True,True,,36,59.56268577710819
158,2026-09-21T07:58:47.491+00:00,2026-09-21T08:01:56.471+00:00,2026-09-21T08:01:58.821+00:00,True,38,38.0,,38.0,188980.166029,191330.10164500002,191330.10178700002,5035.002678605263,42.022771999999996,188980.166029,30646.329359642517,76.75445614999998,63.5117734054054,8.808382287938448,0.19860962636452478,36,64,,True,True,,285,59.56268577710819
159,2026-09-21T07:58:47.708+00:00,2026-09-21T08:01:58.095+00:00,2026-09-21T08:02:04.169+00:00,True,98,98.0,,98.0,190387.027854,196461.313934,196461.313942,2004.707285122449,43.124332,190387.027854,19225.670616930674,76.2645085,62.62150597938144,9.413183292781744,0.4988259420525026,36,64,,True,True,,293,59.56268577710819
160,2026-09-21T07:58:47.946+00:00,2026-09-21T08:01:59.037+00:00,2026-09-21T08:02:04.955+00:00,True,96,96.0,,96.0,191091.355151,197009.512975,197009.51308,2052.1824279166667,45.19789299999999,191091.355151,19496.823450456897,76.2960975,62.29639814736842,8.385669491563418,0.4872861140070031,36,64,,True,True,,192,59.56268577710819
161,2026-09-21T07:58:48.178+00:00,2026-09-21T08:02:00.367+00:00,2026-09-21T08:02:05.398+00:00,True,82,82.0,,82.0,192189.869228,197220.217004,197220.217031,2405.124597939024,43.279013,192189.869228,21216.964210798218,77.2358765,62.10305896296296,8.773134819972569,0.4157788752374047,36,64,,True,True,,164,59.56268577710819
162,2026-09-21T07:58:48.520+00:00,2026-09-21T08:02:02.720+00:00,2026-09-21T08:02:06.943+00:00,True,68,68.0,,68.0,194200.72096,198423.716672,198423.716638,2917.995832911765,46.119223,194200.72096,23542.654404493947,75.431812,63.02978674626866,7.7867601368342925,0.34270096912057096,36,64,,True,True,,204,59.56268577710819
163,2026-09-21T07:58:48.867+00:00,2026-09-21T08:02:04.424+00:00,2026-09-21T08:02:08.348+00:00,True,63,63.0,,63.0,195557.032716,199480.78362799998,199480.78357799997,3166.361644095238,46.313841999999994,195557.032716,24629.89837777409,78.43700989999999,63.28630503225806,8.465602576928012,0.3158198942986158,36,64,,True,True,,71,59.56268577710819
164,2026-09-21T07:58:49.126+00:00,2026-09-21T08:02:05.541+00:00,2026-09-21T08:02:09.256+00:00,True,60,60.0,,60.0,196415.02024900002,200129.36956100003,200129.36959000002,3335.489493166667,46.666613,196415.02024900002,25348.94401107065,77.29952349999999,62.95507308474576,8.488442721043398,0.2998060711009826,36,64,,True,True,,210,59.56268577710819
165,2026-09-21T07:58:49.363+00:00,2026-09-21T08:02:07.112+00:00,2026-09-21T08:02:08.907+00:00,True,29,29.0,,29.0,197748.16051,199543.568894,199543.568997,6880.812724034482,41.807432,197748.16051,36709.00536238865,75.376966,64.121728,8.411299058344266,0.14533166947317233,36,64,,True,True,,39,59.56268577710819
166,2026-09-21T07:58:49.584+00:00,2026-09-21T08:02:08.229+00:00,2026-09-21T08:02:08.862+00:00,True,11,11.0,,11.0,198645.05080700002,199277.54079100004,199277.54086200002,18116.140078363638,52.376663,198645.05080700002,59874.66656032845,99361.66554550001,63.2489984,8.078424651064962,0.05519939656188688,36,64,,True,True,,26,59.56268577710819
167,2026-09-21T07:58:49.911+00:00,2026-09-21T08:02:09.862+00:00,2026-09-21T08:02:12.506+00:00,True,43,43.0,,43.0,199950.822962,202594.152242,202594.15210500002,4711.491909418604,48.355663,199950.822962,30482.617958373656,76.7310399,62.936411428571425,8.028540962951348,0.21224699491146332,36,64,,True,True,,473,59.56268577710819
168,2026-09-21T07:58:50.168+00:00,2026-09-21T08:02:11.548+00:00,2026-09-21T08:02:12.125+00:00,True,10,10.0,,10.0,201379.27841600002,201956.713296,201956.713197,20195.671319700003,43.045282,201379.27841600002,63661.43104539332,110793.35906959999,64.15943111111112,10.012674440398785,0.04951556121505797,36,64,,True,True,,30,59.56268577710819
169,2026-09-21T07:58:50.463+00:00,2026-09-21T08:02:13.193+00:00,2026-09-21T08:02:17.411+00:00,True,67,67.0,,67.0,202730.739554,206948.192866,206948.193062,3088.779000925373,45.688311999999996,202730.739554,24759.696876974773,78.2450243,63.900807757575755,9.50889015336959,0.3237525250746347,36,64,,True,True,,78,59.56268577710819
170,2026-09-21T07:58:50.764+00:00,2026-09-21T08:02:14.823+00:00,2026-09-21T08:02:18.964+00:00,True,66,66.0,,66.0,204058.951121,208199.76366499998,208199.76381499998,3154.5418759848485,43.188823,204058.951121,25110.08074877127,76.45404124999999,63.70480836923077,9.3873661875289,0.31700324168569227,36,64,,True,True,,131,59.56268577710819
171,2026-09-21T07:58:51.110+00:00,2026-09-21T08:02:16.662+00:00,2026-09-21T08:02:21.998+00:00,True,85,85.0,,85.0,205552.341165,210888.48478099998,210888.485033,2481.0410003882353,43.805082,205552.341165,22288.393206792683,78.24709,63.52551923809524,8.9606698874215,0.4030566206033933,36,64,,True,True,,398,59.56268577710819
172,2026-09-21T07:58:51.332+00:00,2026-09-21T08:02:17.922+00:00,2026-09-21T08:02:23.572+00:00,True,91,91.0,,91.0,206590.07897,212240.234746,212240.234796,2332.3102724835167,43.818083,206590.07897,21649.945748721253,79.54774900000001,62.779508622222224,9.610394597465081,0.4287594202338915,36,64,,True,True,,273,59.56268577710819
173,2026-09-21T07:58:51.552+00:00,2026-09-21T08:02:19.155+00:00,2026-09-21T08:02:21.617+00:00,True,39,39.0,,39.0,207602.916453,210064.94243700002,210064.94238700002,5386.280574025642,46.485473,207602.916453,33232.69830039975,80.1248061,64.79015747368422,9.392316358304523,0.18565687138250772,36,64,,True,True,,98,59.56268577710819
174,2026-09-21T07:58:51.845+00:00,2026-09-21T08:02:20.594+00:00,2026-09-21T08:02:26.380+00:00,True,94,94.0,,94.0,208749.22047099998,214535.04370299997,214535.04368499998,2282.2876987765953,41.762182,208749.22047099998,21524.42350891637,78.25099965,62.21315303225806,9.767387588280553,0.43815685483129085,36,64,,True,True,,376,59.56268577710819
175,2026-09-21T07:58:52.095+00:00,2026-09-21T08:02:22.123+00:00,2026-09-21T08:02:22.823+00:00,True,13,13.0,,13.0,210028.218648,210727.640856,210727.64075700002,16209.818519769231,43.990142,210028.218648,58235.182432243186,84056.2291182,58.285184,9.97439539600092,0.061691005257746435,36,64,,True,True,,31,59.56268577710819
176,2026-09-21T07:58:52.344+00:00,2026-09-21T08:02:23.252+00:00,2026-09-21T08:02:27.504+00:00,True,70,70.0,,70.0,210907.888163,215159.586595,215159.586639,3073.708380557143,41.882633,210907.888163,25200.951253873412,78.52222899999998,61.618817855072464,9.921391609580978,0.325339907497418,36,64,,True,True,,70,59.56268577710819
177,2026-09-21T07:58:52.716+00:00,2026-09-21T08:02:25.001+00:00,2026-09-21T08:02:25.606+00:00,True,11,11.0,,11.0,212285.096269,212889.838925,212889.83898200002,19353.621725636363,45.330752000000004,212285.096269,63988.13202608605,106180.03196649998,60.4742656,11.281566061652288,0.05166991555606956,36,64,,True,True,,70,59.56268577710819
179,2026-09-21T07:58:53.775+00:00,2026-09-21T08:02:27.688+00:00,2026-09-21T08:02:32.466+00:00,True,77,77.0,,77.0,213912.361106,218690.880146,218690.880343,2840.141303155844,42.192712,213912.361106,24370.412422298716,77.7135598,62.87525052631579,9.26744937547531,0.35209515800839114,36,64,,True,True,,333,59.56268577710819
180,2026-09-21T07:58:53.801+00:00,2026-09-21T08:02:28.165+00:00,2026-09-21T08:02:34.375+00:00,True,99,99.0,,99.0,214364.305991,220573.740359,220573.740278,2228.0175785656565,40.325762000000005,214364.305991,21538.057533774725,78.052084,63.36157518367347,9.863156236137248,0.44882949275317274,36,64,,True,True,,199,59.56268577710819
181,2026-09-21T07:58:53.826+00:00,2026-09-21T08:02:28.561+00:00,2026-09-21T08:02:32.800+00:00,True,68,68.0,,68.0,214734.515002,218974.117434,218974.11753,3220.207610735294,47.042831,214734.515002,26032.713000407162,77.5289065,63.27764823880597,9.299257020111527,0.310538984227191,36,64,,True,True,,1014,59.56268577710819
178,2026-09-21T07:58:53.628+00:00,2026-09-21T08:02:29.645+00:00,2026-09-21T08:02:35.823+00:00,True,98,98.0,,98.0,216016.891702,222194.492982,222194.49313699998,2267.2907462959183,42.972512,216016.891702,21814.570022557724,76.92985750000001,63.686611134020616,9.529633199638452,0.4410550355446433,36,64,,True,True,,294,59.56268577710819
182,2026-09-21T07:58:54.071+00:00,2026-09-21T08:02:32.520+00:00,2026-09-21T08:02:34.519+00:00,True,32,32.0,,32.0,218448.224315,220447.621435,220447.621417,6888.98816928125,45.805332,218448.224315,38605.15489156991,79.27378845,64.49668129032258,9.840938235280259,0.1451591983242847,36,64,,True,True,,96,59.56268577710819
183,2026-09-21T07:58:54.315+00:00,2026-09-21T08:02:33.552+00:00,2026-09-21T08:02:37.327+00:00,True,59,59.0,,59.0,219236.94104499999,223011.983605,223011.983647,3779.864129610169,43.795572,219236.94104499999,28533.747019214465,79.32629709999999,65.08694068965517,10.81922711176821,0.2645597740814732,36,64,,True,True,,701,59.56268577710819
184,2026-09-21T07:58:54.619+00:00,2026-09-21T08:02:35.367+00:00,2026-09-21T08:02:41.354+00:00,True,95,95.0,,95.0,220748.38616800003,226735.585144,226735.58519900002,2386.6903705157897,44.919732,220748.38616800003,22641.773927088303,76.8758893,63.69360612765957,10.049826373620782,0.4189902521903009,36,64,,True,True,,1032,59.56268577710819
185,2026-09-21T07:58:54.945+00:00,2026-09-21T08:02:36.917+00:00,2026-09-21T08:02:39.423+00:00,True,41,41.0,,41.0,221972.02293799998,224477.49135399997,224477.491506,5475.060768439024,44.732381000000004,221972.02293799998,34656.42478625181,77.31865300000001,62.6367104,9.0074618162483,0.18264637471087553,36,64,,True,True,,80,59.56268577710819
186,2026-09-21T07:58:55.247+00:00,2026-09-21T08:02:38.212+00:00,2026-09-21T08:02:42.379+00:00,True,67,67.0,,67.0,222965.076843,227131.90385099998,227131.90375899998,3390.0284143134327,44.896493,222965.076843,27231.808303796566,78.32166799999999,63.133742545454545,9.891102861214268,0.2949827781303345,36,64,,True,True,,273,59.56268577710819
187,2026-09-21T07:58:55.493+00:00,2026-09-21T08:02:39.486+00:00,2026-09-21T08:02:44.365+00:00,True,77,77.0,,77.0,223993.194011,228872.33564300003,228872.33553200003,2972.3679939220783,40.956291,223993.194011,25519.07931024686,78.951241,64.199232,10.11698034551925,0.3364320977617245,36,64,,True,True,,156,59.56268577710819
188,2026-09-21T07:58:55.757+00:00,2026-09-21T08:02:40.762+00:00,2026-09-21T08:02:41.647+00:00,True,15,15.0,,15.0,225005.029979,225890.19068300002,225890.19066000002,15059.346044000002,46.953413,225005.029979,58079.72492743557,67554.4822658,63.22576457142858,10.134984979576359,0.06640394589356051,36,64,,True,True,,63,59.56268577710819
189,2026-09-21T07:58:56.109+00:00,2026-09-21T08:02:42.517+00:00,2026-09-21T08:02:45.763+00:00,True,53,53.0,,53.0,226408.226114,229654.230082,229654.23000699998,4333.098679377358,42.225260999999996,226408.226114,31090.988950610015,78.8575584,62.42315323076923,10.707389223791601,0.2307817277351081,36,64,,True,True,,250,59.56268577710819
190,2026-09-21T07:58:56.361+00:00,2026-09-21T08:02:43.993+00:00,2026-09-21T08:02:44.594+00:00,True,11,11.0,,11.0,227631.879869,228233.007805,228233.0079,20748.455263636362,44.857841,227631.879869,68615.46990138169,113852.618621,60.1127936,8.053874978748377,0.048196359088420244,36,64,,True,True,,1,59.56268577710819
191,2026-09-21T07:58:56.584+00:00,2026-09-21T08:02:45.258+00:00,2026-09-21T08:02:47.131+00:00,True,30,30.0,,30.0,228674.353831,230546.94263099998,230546.94282599998,7684.8980942,42.998161,228674.353831,41738.24600920026,77.30073050000001,64.5720275862069,10.285991462406853,0.13012534305439155,36,64,,True,True,,226,59.56268577710819
192,2026-09-21T07:58:56.914+00:00,2026-09-21T08:02:47.131+00:00,2026-09-21T08:02:50.521+00:00,True,55,55.0,,55.0,230217.000401,233606.682321,233606.68219,4247.394221636364,46.858372,230217.000401,31033.99108110588,76.70853200000002,62.77188740740741,8.851528662333356,0.23543847056748254,36,64,,True,True,,495,59.56268577710819
193,2026-09-21T07:58:57.161+00:00,2026-09-21T08:02:48.147+00:00,2026-09-21T08:02:50.475+00:00,True,38,38.0,,38.0,230986.367911,233313.92477500002,233313.925013,6139.8401319210525,43.440941,230986.367911,37460.73305068621,77.01667485,62.90694227027027,8.952969280563085,0.1628706903655489,36,64,,True,True,,152,59.56268577710819
194,2026-09-21T07:58:57.366+00:00,2026-09-21T08:02:49.201+00:00,2026-09-21T08:02:50.013+00:00,True,14,14.0,,14.0,231835.718357,232647.42574900002,232647.425886,16617.67327757143,40.989751,231835.718357,61944.01542410745,81197.27937155,62.439030153846154,11.30306729258079,0.06017689624085676,36,64,,True,True,,62,59.56268577710819
195,2026-09-21T07:58:57.656+00:00,2026-09-21T08:02:50.726+00:00,2026-09-21T08:02:53.493+00:00,True,45,45.0,,45.0,233069.84915999998,235837.07348,235837.07360699997,5240.823857933333,44.322702,233069.84915999998,34734.627747508974,79.069298,62.89146181818182,9.631635133948224,0.1908096947438427,36,64,,True,True,,182,59.56268577710819
196,2026-09-21T07:58:57.922+00:00,2026-09-21T08:02:52.399+00:00,2026-09-21T08:02:58.129+00:00,True,91,91.0,,91.0,234477.07608199999,240206.63691399997,240206.63707199998,2639.633374417582,41.192933,234477.07608199999,24573.20468224544,79.5999865,63.66178702222222,9.741548927185947,0.37884048987614066,36,64,,True,True,,332,59.56268577710819
197,2026-09-21T07:58:58.290+00:00,2026-09-21T08:02:54.233+00:00,2026-09-21T08:02:57.655+00:00,True,56,56.0,,56.0,235942.577988,239364.84486800001,239364.844848,4274.372229428572,42.780652,235942.577988,31520.839862173194,78.386583,62.22303418181818,10.002794058597821,0.23395248383647033,36,64,,True,True,,168,59.56268577710819
198,2026-09-21T07:58:58.560+00:00,2026-09-21T08:02:55.595+00:00,2026-09-21T08:03:01.027+00:00,True,87,87.0,,87.0,237035.361543,242467.570951,242467.570908,2786.9835736551727,44.704932,237035.361543,25406.08777413288,76.507561,63.16522567441861,8.97288368523945,0.3588108696712342,36,64,,True,True,,94,59.56268577710819
199,2026-09-21T07:58:58.872+00:00,2026-09-21T08:02:57.444+00:00,2026-09-21T08:02:58.708+00:00,True,20,20.0,,20.0,238572.064239,239836.358895,239836.358704,11991.8179352,51.074443,238572.064239,53331.45659264717,12004.328996350001,66.541824,7.332143156488604,0.08339019192980647,36,64,,True,True,,77,59.56268577710819
200,2026-09-21T07:58:59.171+00:00,2026-09-21T08:02:58.894+00:00,2026-09-21T08:03:02.891+00:00,True,65,65.0,,65.0,239723.76330899997,243720.28042899998,243720.28024899997,3749.542773061538,42.437441,239723.76330899997,29726.329641086584,77.749843,62.44558,10.14745900965567,0.26669918435013307,36,64,,True,True,,130,59.56268577710819
201,2026-09-21T07:58:59.376+00:00,2026-09-21T08:02:59.971+00:00,2026-09-21T08:03:04.690+00:00,True,75,75.0,,75.0,240594.738556,245314.473084,245314.473291,3270.85964388,44.144031000000005,240594.738556,27774.124479909235,78.232614,63.78019632432432,9.97984197999491,0.3057300250455206,36,64,,True,True,,150,59.56268577710819
202,2026-09-21T07:58:59.722+00:00,2026-09-21T08:03:01.648+00:00,2026-09-21T08:03:02.889+00:00,True,21,21.0,,21.0,241925.215319,243166.322263,243166.322462,11579.348688666667,44.759792000000004,241925.215319,52778.86954375203,77.111992,62.0553472,10.806870825375775,0.08636064321969368,36,64,,True,True,,115,59.56268577710819
203,2026-09-21T07:58:59.936+00:00,2026-09-21T08:03:02.959+00:00,2026-09-21T08:03:07.824+00:00,True,76,76.0,,76.0,243022.865802,247888.02240999998,247888.022213,3261.6845028026314,47.603471,243022.865802,27869.19501316609,77.54211049999999,64.86875477333334,8.94607050370062,0.3065900452192809,36,64,,True,True,,452,59.56268577710819
204,2026-09-21T07:59:00.138+00:00,2026-09-21T08:03:03.828+00:00,2026-09-21T08:03:09.717+00:00,True,92,92.0,,92.0,243689.966932,249579.21826000002,249579.218208,2712.8175892173913,44.664842,243689.966932,25399.689755176303,77.351078,64.71704756043955,9.179555899718112,0.36862043499214214,36,64,,True,True,,369,59.56268577710819
205,2026-09-21T07:59:00.439+00:00,2026-09-21T08:03:05.528+00:00,2026-09-21T08:03:09.414+00:00,True,61,61.0,,61.0,245088.60082,248975.46315599998,248975.462977,4081.5649668360657,45.497462,245088.60082,31372.0865877445,77.389563,64.78103893333333,8.72613588498368,0.2450040627568965,36,64,,True,True,,75,59.56268577710819
206,2026-09-21T07:59:00.674+00:00,2026-09-21T08:03:06.535+00:00,2026-09-21T08:03:09.605+00:00,True,49,49.0,,49.0,245860.466361,248930.714297,248930.714368,5080.218660571429,44.551370999999996,245860.466361,35113.7871722689,76.79315999999999,63.963498666666666,8.675054068659868,0.19684192100753767,36,64,,True,True,,105,59.56268577710819
208,2026-09-21T07:59:01.305+00:00,2026-09-21T08:03:08.834+00:00,2026-09-21T08:03:12.792+00:00,True,64,64.0,,64.0,247528.453356,251486.9363,251486.93627500001,3929.4833792968752,46.346661,247528.453356,30933.204160641373,77.98621849999999,62.833062603174604,10.103791773454995,0.2544863798557476,36,64,,True,True,,564,59.56268577710819
209,2026-09-21T07:59:01.545+00:00,2026-09-21T08:03:10.115+00:00,2026-09-21T08:03:13.777+00:00,True,59,59.0,,59.0,248570.722696,252232.55156000002,252232.55147500001,4275.127991101695,41.419432,248570.722696,32352.933701432226,79.195729,63.1349804137931,9.891661458414594,0.2339111254082736,36,64,,True,True,,756,59.56268577710819
210,2026-09-21T07:59:01.775+00:00,2026-09-21T08:03:11.366+00:00,2026-09-21T08:03:14.888+00:00,True,56,56.0,,56.0,249590.78777599998,253113.03827199998,253113.03807999997,4519.87568,44.732091999999994,249590.78777599998,33344.415566628064,77.670607,64.04091810909091,9.884276747113088,0.22124502310237118,36,64,,True,True,,168,59.56268577710819
211,2026-09-21T07:59:02.001+00:00,2026-09-21T08:03:12.424+00:00,2026-09-21T08:03:18.650+00:00,True,100,100.0,,100.0,250422.65157,256648.43845,256648.43844,2566.4843843999997,45.155631,250422.65157,25035.978167329067,77.69821150000001,62.88673616161616,9.22920684304104,0.3896380613259874,36,64,,True,True,,200,59.56268577710819
207,2026-09-21T07:59:01.009+00:00,2026-09-21T08:03:12.691+00:00,2026-09-21T08:03:15.291+00:00,True,41,41.0,,41.0,251682.441302,254282.65275799998,254282.652683,6202.015919097561,44.790760999999996,251682.441302,39296.042600576635,76.59639200000001,65.0052864,9.247771906988094,0.16123789631461638,36,64,,True,True,,165,59.56268577710819
212,2026-09-21T07:59:02.346+00:00,2026-09-21T08:03:15.399+00:00,2026-09-21T08:03:16.698+00:00,True,22,22.0,,22.0,253053.093947,254352.07097099998,254352.07104299997,11561.457774681818,46.795802,253053.093947,53937.91386240265,77.78892900000001,61.85604876190476,8.977487097219813,0.08649428296775431,36,64,,True,True,,104,59.56268577710819
213,2026-09-21T07:59:02.604+00:00,2026-09-21T08:03:16.567+00:00,2026-09-21T08:03:21.414+00:00,True,78,78.0,,78.0,253963.81694299998,258810.569711,258810.56968299998,3318.084226705128,43.576542,253963.81694299998,28748.614833141084,78.92740214999999,62.94484114285714,11.29515202906001,0.30137872686999784,36,64,,True,True,,156,59.56268577710819
214,2026-09-21T07:59:02.931+00:00,2026-09-21T08:03:18.393+00:00,2026-09-21T08:03:20.658+00:00,True,37,37.0,,37.0,255461.62593200002,257727.22286000004,257727.22289200002,6965.600618702703,46.742962,255461.62593200002,41987.28750805548,77.63100480000001,62.933248,9.621793840747802,0.14356263800700156,36,64,,True,True,,222,59.56268577710819
215,2026-09-21T07:59:03.212+00:00,2026-09-21T08:03:20.015+00:00,2026-09-21T08:03:25.375+00:00,True,85,85.0,,85.0,256803.888271,262163.056783,262163.056719,3084.271255517647,41.28948200000001,256803.888271,27847.374408577565,78.42519779999999,63.79962514285714,10.41197107548148,0.32422569771284354,36,64,,True,True,,179,59.56268577710819
216,2026-09-21T07:59:03.543+00:00,2026-09-21T08:03:21.986+00:00,2026-09-21T08:03:22.257+00:00,True,5,5.0,,5.0,258442.461785,258713.33768899998,258713.337615,51742.667523,51.208122,258442.461785,115548.6981382672,206769.2074826,67.718976,11.267196232827166,0.019326409858352624,36,64,,True,True,,13,59.56268577710819
217,2026-09-21T07:59:03.800+00:00,2026-09-21T08:03:23.107+00:00,2026-09-21T08:03:25.871+00:00,True,45,45.0,,45.0,259307.111887,262070.997199,262070.996984,5823.799932977778,44.526942000000005,259307.111887,38645.85919554867,79.64476859999999,62.81557527272727,9.90042884902894,0.17170919514542796,36,64,,True,True,,285,59.56268577710819
218,2026-09-21T07:59:04.155+00:00,2026-09-21T08:03:24.657+00:00,2026-09-21T08:03:27.942+00:00,True,53,53.0,,53.0,260501.908276,263786.778164,263786.778171,4977.10902209434,42.338642,260501.908276,35774.0132003947,77.916477,63.17057476923077,9.796996592211606,0.20091985037646257,36,64,,True,True,,216,59.56268577710819
219,2026-09-21T07:59:04.518+00:00,2026-09-21T08:03:26.761+00:00,2026-09-21T08:03:27.163+00:00,True,8,8.0,,8.0,262242.925321,262645.76999299997,262645.769995,32830.721249375,49.398372,262242.925321,92696.52893063573,170482.00887835,57.54923885714286,7.396316379943633,0.030459276005904132,36,64,,True,True,,72,59.56268577710819
220,2026-09-21T07:59:05.579+00:00,2026-09-21T08:03:27.946+00:00,2026-09-21T08:03:34.120+00:00,True,98,98.0,,98.0,262367.515183,268541.379631,268541.379535,2740.2181585204085,44.878690999999996,262367.515183,26496.693300788113,75.59984614999999,63.648087092783506,8.724088603966061,0.3649344474756956,36,64,,True,True,,193,59.56268577710819
221,2026-09-21T07:59:05.584+00:00,2026-09-21T08:03:28.082+00:00,2026-09-21T08:03:31.834+00:00,True,60,60.0,,60.0,262498.080647,266249.701255,266249.701036,4437.495017266667,44.638121,262498.080647,33880.14905484593,77.30688195,63.5867899661017,10.441599264406918,0.22535236553199034,36,64,,True,True,,414,59.56268577710819
223,2026-09-21T07:59:05.661+00:00,2026-09-21T08:03:28.266+00:00,2026-09-21T08:03:30.338+00:00,True,34,34.0,,34.0,262604.450435,264676.818307,264676.818308,7784.612303176471,43.942241,262604.450435,45025.52277562011,77.469559,62.79902642424242,9.723383529559756,0.12845854887284927,36,64,,True,True,,167,59.56268577710819
222,2026-09-21T07:59:05.646+00:00,2026-09-21T08:03:28.800+00:00,2026-09-21T08:03:33.544+00:00,True,76,76.0,,76.0,263154.211886,267897.95563,267897.955586,3524.9730998157897,42.853491000000005,263154.211886,30178.60461986312,77.5492595,63.249916586666664,9.77611139520496,0.28369010812820594,36,64,,True,True,,210,59.56268577710819
224,2026-09-21T07:59:05.930+00:00,2026-09-21T08:03:33.616+00:00,2026-09-21T08:03:38.285+00:00,True,75,75.0,,75.0,267686.502058,272355.111594,272355.11163500004,3631.4014884666667,45.853001,267686.502058,30902.490985370336,75.919063,63.089318054054054,8.332002002569268,0.2753757752555148,36,64,,True,True,,226,59.56268577710819
225,2026-09-21T07:59:06.236+00:00,2026-09-21T08:03:36.189+00:00,2026-09-21T08:03:36.514+00:00,True,6,6.0,,6.0,269952.64884,270277.704072,270277.704077,45046.28401283333,54.394271,269952.64884,110181.16706207018,202482.61792299998,65.0110464,9.328265551387181,0.022199389404320393,36,64,,True,True,,18,59.56268577710819
226,2026-09-21T07:59:06.446+00:00,2026-09-21T08:03:37.239+00:00,2026-09-21T08:03:38.219+00:00,True,17,17.0,,17.0,270793.91215,271773.115734,271773.115721,15986.653865941176,41.794110999999994,270793.91215,65662.32805544948,54217.783494799995,61.200224,8.781365370051411,0.06255217685563454,36,64,,True,True,,58,59.56268577710819
227,2026-09-21T07:59:06.697+00:00,2026-09-21T08:03:38.430+00:00,2026-09-21T08:03:42.372+00:00,True,62,62.0,,62.0,271733.11161900003,275675.94041900005,275675.94038100005,4446.386135177419,46.786131000000005,271733.11161900003,34501.932467367245,77.88494600000001,64.63653770491804,10.69356105183592,0.22490174480140038,36,64,,True,True,,191,59.56268577710819
228,2026-09-21T07:59:06.962+00:00,2026-09-21T08:03:39.774+00:00,2026-09-21T08:03:44.358+00:00,True,72,72.0,,72.0,272812.20133,277395.522674,277395.522526,3852.715590638889,39.804331,272812.20133,32143.62038943627,77.72468705,64.55382174647887,11.047004775646391,0.2595571814063331,36,64,,True,True,,72,59.56268577710819
229,2026-09-21T07:59:07.261+00:00,2026-09-21T08:03:41.408+00:00,2026-09-21T08:03:46.897+00:00,True,87,87.0,,87.0,274147.712243,279636.270067,279636.270048,3214.210000551724,40.198831,274147.712243,29384.8793530767,77.9082267,63.82043981395349,10.209949826772924,0.3111184396042583,36,64,,True,True,,348,59.56268577710819
230,2026-09-21T07:59:07.496+00:00,2026-09-21T08:03:42.578+00:00,2026-09-21T08:03:46.834+00:00,True,68,68.0,,68.0,275082.344653,279337.834957,279337.834892,4107.909336647059,40.986381,275082.344653,33350.93346569597,77.26330949999999,63.51478065671642,10.296327798458742,0.24343283111100084,36,64,,True,True,,612,59.56268577710819
231,2026-09-21T07:59:07.813+00:00,2026-09-21T08:03:44.364+00:00,2026-09-21T08:03:49.936+00:00,True,89,89.0,,89.0,276551.796538,282123.56025,282123.560364,3169.9276445393257,43.949540999999996,276551.796538,29307.721900598233,78.3113636,63.31549672727272,9.511050557853881,0.315464613877458,36,64,,True,True,,208,59.56268577710819
232,2026-09-21T07:59:08.177+00:00,2026-09-21T08:03:46.133+00:00,2026-09-21T08:03:47.040+00:00,True,16,16.0,,16.0,277955.57677700004,278862.34004100005,278862.33996600006,17428.896247875004,45.929561,277955.57677700004,69473.78213591377,69544.41320000001,60.45088426666666,9.923546840488433,0.05737597983882507,36,64,,True,True,,16,59.56268577710819
233,2026-09-21T07:59:08.379+00:00,2026-09-21T08:03:47.175+00:00,2026-09-21T08:03:53.282+00:00,True,97,97.0,,97.0,278795.235387,284902.126395,284902.126215,2937.135321804124,45.668881999999996,278795.235387,28300.909869595922,77.643301,63.613448,9.34160564541948,0.34046779933651744,36,64,,True,True,,485,59.56268577710819
234,2026-09-21T07:59:08.622+00:00,2026-09-21T08:03:48.481+00:00,2026-09-21T08:03:54.706+00:00,True,98,98.0,,98.0,279859.24847000005,286084.69845400006,286084.69861,2919.231618469388,43.431521000000004,279859.24847000005,28263.571736652724,78.4098725,64.17989674226804,9.823521170610334,0.342555895263156,36,64,,True,True,,325,59.56268577710819
235,2026-09-21T07:59:08.891+00:00,2026-09-21T08:03:49.880+00:00,2026-09-21T08:03:53.688+00:00,True,60,60.0,,60.0,280988.15672100004,284796.32747300004,284796.32744100003,4746.6054573500005,40.776671,280988.15672100004,36267.08338377389,77.58147195,64.54526698305085,8.980774835586226,0.2106768740045929,36,64,,True,True,,240,59.56268577710819
236,2026-09-21T07:59:09.114+00:00,2026-09-21T08:03:50.984+00:00,2026-09-21T08:03:55.210+00:00,True,67,67.0,,67.0,281869.68077100004,286096.40512300003,286096.405,4270.095597014926,43.319341,281869.68077100004,34428.0396503469,75.7807463,64.04127806060606,9.373842550804579,0.23418679438210704,36,64,,True,True,,204,59.56268577710819
237,2026-09-21T07:59:09.427+00:00,2026-09-21T08:03:52.741+00:00,2026-09-21T08:03:58.403+00:00,True,91,91.0,,91.0,283314.172045,288975.618189,288975.61809400003,3175.556242791209,43.567921000000005,283314.172045,29692.80224314501,77.3343765,62.90495715555555,9.22137547989345,0.3149054600879264,36,64,,True,True,,97,59.56268577710819
238,2026-09-21T07:59:09.769+00:00,2026-09-21T08:03:54.216+00:00,2026-09-21T08:03:59.543+00:00,True,86,86.0,,86.0,284446.965821,289773.596221,289773.596032,3369.460418976744,42.158471,284446.965821,30665.94917456146,77.35465425000001,62.66624,9.632360653386568,0.2967834237540775,36,64,,True,True,,688,59.56268577710819
240,2026-09-21T07:59:10.377+00:00,2026-09-21T08:03:55.209+00:00,2026-09-21T08:03:58.950+00:00,True,61,61.0,,61.0,284832.03480900003,288573.33247300005,288573.332377,4730.710366836066,42.005531000000005,284832.03480900003,36461.02229704943,76.05625199999999,62.35496106666667,8.566754783629614,0.21138474396523588,36,64,,True,True,,297,59.56268577710819
241,2026-09-21T07:59:10.621+00:00,2026-09-21T08:03:56.527+00:00,2026-09-21T08:03:57.562+00:00,True,18,18.0,,18.0,285905.6231,286941.10982,286941.109781,15941.172765611112,48.420781000000005,285905.6231,67374.24533048553,42953.1223692,60.910983529411766,8.969915411532696,0.0627306418773229,36,64,,True,True,,108,59.56268577710819
242,2026-09-21T07:59:10.893+00:00,2026-09-21T08:03:58.114+00:00,2026-09-21T08:04:02.507+00:00,True,69,69.0,,69.0,287220.09387599997,291613.51800399995,291613.51808799995,4226.28287084058,48.884921000000006,287220.09387599997,34569.459154802855,78.312472,64.60917835294117,9.02741671304111,0.2366145454171077,36,64,,True,True,,69,59.56268577710819
243,2026-09-21T07:59:11.170+00:00,2026-09-21T08:04:00.398+00:00,2026-09-21T08:04:00.674+00:00,True,5,5.0,,5.0,289227.731254,289503.607094,289503.60721,57900.721441999995,61.304012,289227.731254,129315.7298928719,231397.5795074,68.96896,7.192540376525297,0.017270941976127198,36,64,,True,True,,23,59.56268577710819
239,2026-09-21T07:59:10.136+00:00,2026-09-21T08:04:00.667+00:00,2026-09-21T08:04:05.200+00:00,True,73,73.0,,73.0,290531.749398,295063.884054,295063.88387300004,4041.9710119589045,46.848851,290531.749398,33996.80320968246,79.28396,62.946314666666666,9.36452662536541,0.24740405025862186,36,64,,True,True,,365,59.56268577710819
244,2026-09-21T07:59:11.476+00:00,2026-09-21T08:04:02.972+00:00,2026-09-21T08:04:08.426+00:00,True,88,88.0,,88.0,291496.521237,296949.723413,296949.723421,3374.4286752386365,46.870151,291496.521237,31066.9530924581,77.13924785,62.680484781609195,8.980769541574265,0.29634646225148664,36,64,,True,True,,609,59.56268577710819
245,2026-09-21T07:59:11.756+00:00,2026-09-21T08:04:04.533+00:00,2026-09-21T08:04:06.047+00:00,True,26,26.0,,26.0,292776.54484,294290.505032,294290.505062,11318.865579307692,45.969301,292776.54484,57406.32893943542,79.5567195,60.55840768,10.866940487459994,0.08834807632401481,36,64,,True,True,,231,59.56268577710819
246,2026-09-21T07:59:11.954+00:00,2026-09-21T08:04:05.708+00:00,2026-09-21T08:04:06.563+00:00,True,15,15.0,,15.0,293753.113517,294608.784045,294608.784114,19640.5856076,47.266321000000005,293753.113517,75830.94738888301,88179.06644349999,61.11932342857143,9.57852998759498,0.05091497882055284,36,64,,True,True,,70,59.56268577710819
247,2026-09-21T07:59:12.236+00:00,2026-09-21T08:04:07.251+00:00,2026-09-21T08:04:12.255+00:00,False,81,80.0,,80.0,295015.267055,300019.141871,300019.141699,3703.9400209753085,0.03921,295015.267055,32772.52641335413,78.786151,62.5484352,11.867968518206732,0.26664965275581587,36,64,,True,False,Request timeout: 300.0s exceeded,160,59.56268577710819
248,2026-09-21T07:59:12.504+00:00,2026-09-21T08:04:08.614+00:00,2026-09-21T08:04:12.261+00:00,True,59,59.0,,59.0,296110.391429,299756.899973,299756.899906,5080.625422135593,43.283761,296110.391429,38542.1055314411,77.668537,62.870836965517235,9.809647381218268,0.1968261614839035,36,64,,True,True,,177,59.56268577710819
249,2026-09-21T07:59:12.784+00:00,2026-09-21T08:04:10.232+00:00,2026-09-21T08:04:10.314+00:00,True,2,2.0,,2.0,297447.504658,297529.173778,297529.17370000004,148764.58685000002,81.669042,297447.504658,210269.3988572778,282579.21287720004,81.66912,nan,0.0067220298924107885,36,64,,True,True,,6,59.56268577710819
250,2026-09-21T07:59:13.121+00:00,2026-09-21T08:04:12.055+00:00,2026-09-21T08:04:13.148+00:00,False,20,19.0,,19.0,298933.353457,300026.594033,300026.59404,15001.329701999999,0.04209,298933.353457,66830.66581921134,15023.206153750001,57.53897768421052,16.87616186550855,0.0633277195351229,36,64,,True,False,Request timeout: 300.0s exceeded,44,59.56268577710819
251,2026-09-21T07:59:13.325+00:00,2026-09-21T08:04:13.147+00:00,2026-09-21T08:04:13.212+00:00,True,2,2.0,,2.0,299822.521432,299887.226712,299887.22656399995,149943.61328199998,64.70513199999999,299822.521432,211960.78461940138,284834.630617,64.70528,nan,0.006669173682147931,36,64,,True,True,,10,59.56268577710819
252,2026-09-21T07:59:13.540+00:00,2026-09-21T08:04:13.646+00:00,2026-09-21T08:04:13.646+00:00,False,1,0.0,,0.0,300106.54787400004,300106.54787400004,300106.54787400004,300106.54787400004,300106.54787400004,300106.54787400004,nan,300106.54787400004,nan,nan,0.0,36,64,,True,False,"HTTPConnectionPool(host='gpu06', port=9004): Read timed out.",0,59.56268577710819
253,2026-09-21T07:59:13.887+00:00,2026-09-21T08:04:14.003+00:00,2026-09-21T08:04:14.003+00:00,False,1,0.0,,0.0,300115.86411,300115.86411,300115.86411,300115.86411,300115.86411,300115.86411,nan,300115.86411,nan,nan,0.0,36,64,,True,False,"HTTPConnectionPool(host='gpu06', port=9004): Read timed out.",0,59.56268577710819
254,2026-09-21T07:59:14.203+00:00,2026-09-21T08:04:14.278+00:00,2026-09-21T08:04:14.278+00:00,False,1,0.0,,0.0,300074.337569,300074.337569,300074.337569,300074.337569,300074.337569,300074.337569,nan,300074.337569,nan,nan,0.0,36,64,,True,False,"HTTPConnectionPool(host='gpu06', port=9004): Read timed out.",0,59.56268577710819
255,2026-09-21T07:59:14.484+00:00,2026-09-21T08:04:14.584+00:00,2026-09-21T08:04:14.584+00:00,False,1,0.0,,0.0,300100.90992,300100.90992,300100.90992,300100.90992,300100.90992,300100.90992,nan,300100.90992,nan,nan,0.0,36,64,,True,False,"HTTPConnectionPool(host='gpu06', port=9004): Read timed out.",0,59.56268577710819
256,2026-09-21T07:59:14.783+00:00,2026-09-21T08:04:14.878+00:00,2026-09-21T08:04:14.878+00:00,False,1,0.0,,0.0,300094.36260000005,300094.36260000005,300094.36260000005,300094.36260000005,300094.36260000005,300094.36260000005,nan,300094.36260000005,nan,nan,0.0,36,64,,True,False,"HTTPConnectionPool(host='gpu06', port=9004): Read timed out.",0,59.56268577710819
257,2026-09-21T07:59:15.089+00:00,2026-09-21T08:04:15.181+00:00,2026-09-21T08:04:15.181+00:00,False,1,0.0,,0.0,300092.27001,300092.27001,300092.27001,300092.27001,300092.27001,300092.27001,nan,300092.27001,nan,nan,0.0,36,64,,True,False,TTFT timeout: 300.0s exceeded (TTFT: 300.085s),0,59.56268577710819
258,2026-09-21T07:59:15.425+00:00,2026-09-21T08:04:15.488+00:00,2026-09-21T08:04:15.488+00:00,False,1,0.0,,0.0,300063.13434600004,300063.13434600004,300063.13434600004,300063.13434600004,300063.13434600004,300063.13434600004,nan,300063.13434600004,nan,nan,0.0,36,64,,True,False,TTFT timeout: 300.0s exceeded (TTFT: 300.058s),0,59.56268577710819
259,2026-09-21T07:59:15.786+00:00,2026-09-21T08:04:15.805+00:00,2026-09-21T08:04:15.805+00:00,False,1,0.0,,0.0,300018.72159100004,300018.72159100004,300018.72159100004,300018.72159100004,300018.72159100004,300018.72159100004,nan,300018.72159100004,nan,nan,0.0,36,64,,True,False,TTFT timeout: 300.0s exceeded (TTFT: 300.010s),0,59.56268577710819
260,2026-09-21T07:59:16.147+00:00,2026-09-21T08:04:16.249+00:00,2026-09-21T08:04:16.249+00:00,False,1,0.0,,0.0,300102.135249,300102.135249,300102.135249,300102.135249,300102.135249,300102.135249,nan,300102.135249,nan,nan,0.0,36,64,,True,False,"HTTPConnectionPool(host='gpu06', port=9004): Read timed out.",0,59.56268577710819
261,2026-09-21T07:59:16.458+00:00,2026-09-21T08:04:16.543+00:00,2026-09-21T08:04:16.543+00:00,False,1,0.0,,0.0,300085.172607,300085.172607,300085.172607,300085.172607,300085.172607,300085.172607,nan,300085.172607,nan,nan,0.0,36,64,,True,False,"HTTPConnectionPool(host='gpu06', port=9004): Read timed out.",0,59.56268577710819
262,2026-09-21T07:59:16.754+00:00,2026-09-21T08:04:16.856+00:00,2026-09-21T08:04:16.856+00:00,False,1,0.0,,0.0,300101.47780800005,300101.47780800005,300101.47780800005,300101.47780800005,300101.47780800005,300101.47780800005,nan,300101.47780800005,nan,nan,0.0,36,64,,True,False,"HTTPConnectionPool(host='gpu06', port=9004): Read timed out.",0,59.56268577710819
263,2026-09-21T07:59:17.032+00:00,2026-09-21T08:04:17.141+00:00,2026-09-21T08:04:17.141+00:00,False,1,0.0,,0.0,300108.76988,300108.76988,300108.76988,300108.76988,300108.76988,300108.76988,nan,300108.76988,nan,nan,0.0,36,64,,True,False,"HTTPConnectionPool(host='gpu06', port=9004): Read timed out.",0,59.56268577710819
264,2026-09-21T07:59:17.257+00:00,2026-09-21T08:04:17.342+00:00,2026-09-21T08:04:17.342+00:00,False,1,0.0,,0.0,300085.564714,300085.564714,300085.564714,300085.564714,300085.564714,300085.564714,nan,300085.564714,nan,nan,0.0,36,64,,True,False,TTFT timeout: 300.0s exceeded (TTFT: 300.070s),0,59.56268577710819
265,2026-09-21T07:59:17.461+00:00,2026-09-21T08:04:17.549+00:00,2026-09-21T08:04:17.549+00:00,False,1,0.0,,0.0,300087.96438,300087.96438,300087.96438,300087.96438,300087.96438,300087.96438,nan,300087.96438,nan,nan,0.0,36,64,,True,False,TTFT timeout: 300.0s exceeded (TTFT: 300.078s),0,59.56268577710819
266,2026-09-21T07:59:17.754+00:00,2026-09-21T08:04:17.803+00:00,2026-09-21T08:04:17.803+00:00,False,1,0.0,,0.0,300048.85358999996,300048.85358999996,300048.85358999996,300048.85358999996,300048.85358999996,300048.85358999996,nan,300048.85358999996,nan,nan,0.0,36,64,,True,False,TTFT timeout: 300.0s exceeded (TTFT: 300.045s),0,59.56268577710819
267,2026-09-21T07:59:18.015+00:00,2026-09-21T08:04:18.034+00:00,2026-09-21T08:04:18.034+00:00,False,1,0.0,,0.0,300019.163452,300019.163452,300019.163452,300019.163452,300019.163452,300019.163452,nan,300019.163452,nan,nan,0.0,36,64,,True,False,TTFT timeout: 300.0s exceeded (TTFT: 300.004s),0,59.56268577710819
268,2026-09-21T07:59:18.229+00:00,2026-09-21T08:04:18.342+00:00,2026-09-21T08:04:18.342+00:00,False,1,0.0,,0.0,300113.06447000004,300113.06447000004,300113.06447000004,300113.06447000004,300113.06447000004,300113.06447000004,nan,300113.06447000004,nan,nan,0.0,36,64,,True,False,"HTTPConnectionPool(host='gpu06', port=9004): Read timed out.",0,59.56268577710819
269,2026-09-21T07:59:19.345+00:00,2026-09-21T08:04:18.996+00:00,2026-09-21T08:04:19.740+00:00,False,13,12.0,,12.0,299651.605736,300395.06276,300395.062561,23107.31250469231,0.02974,299651.605736,83091.22416551308,119930.4964742,61.954752,30.308236568319828,0.03994739424058835,36,64,,True,False,Request timeout: 300.0s exceeded,108,59.56268577710819
271,2026-09-21T07:59:19.634+00:00,2026-09-21T08:04:19.000+00:00,2026-09-21T08:04:19.857+00:00,False,15,14.0,,14.0,299365.58102,300222.466524,300222.466478,20014.831098533334,0.0295,299365.58102,77280.06191711081,89889.4187344,61.20610742857143,27.722890356356594,0.046632086406101225,36,64,,True,False,Request timeout: 300.0s exceeded,14,59.56268577710819
270,2026-09-21T07:59:19.600+00:00,2026-09-21T08:04:19.977+00:00,2026-09-21T08:04:20.093+00:00,False,4,3.0,,3.0,300377.093463,300492.593751,300492.59382600005,75123.14845650001,0.08054,300377.093463,150169.29914723046,255329.62359135,38.500096,33.39992544725955,0.009983607125059189,36,64,,True,False,Request timeout: 300.0s exceeded,9,59.56268577710819
273,2026-09-21T07:59:19.830+00:00,2026-09-21T08:04:20.019+00:00,2026-09-21T08:04:20.019+00:00,False,1,0.0,,0.0,300189.66362400004,300189.66362400004,300189.66362400004,300189.66362400004,300189.66362400004,300189.66362400004,nan,300189.66362400004,nan,nan,0.0,36,64,,True,False,"HTTPConnectionPool(host='gpu06', port=9004): Read timed out.",0,59.56268577710819
274,2026-09-21T07:59:20.033+00:00,2026-09-21T08:04:20.400+00:00,2026-09-21T08:04:20.400+00:00,False,1,0.0,,0.0,300366.748434,300366.748434,300366.748434,300366.748434,300366.748434,300366.748434,nan,300366.748434,nan,nan,0.0,36,64,,True,False,"HTTPConnectionPool(host='gpu06', port=9004): Read timed out.",0,59.56268577710819
272,2026-09-21T07:59:19.725+00:00,2026-09-21T08:04:20.416+00:00,2026-09-21T08:04:20.416+00:00,False,1,0.0,,0.0,300690.314421,300690.314421,300690.314421,300690.314421,300690.314421,300690.314421,nan,300690.314421,nan,nan,0.0,36,64,,True,False,"HTTPConnectionPool(host='gpu06', port=9004): Read timed out.",0,59.56268577710819
275,2026-09-21T07:59:20.125+00:00,2026-09-21T08:04:21.215+00:00,2026-09-21T08:04:21.405+00:00,False,5,4.0,,4.0,301089.599483,301279.042555,301279.042667,60255.8085334,0.03181,301089.599483,134630.18606986644,240890.4893888,47.360768,38.409590515365544,0.013276728331575801,36,64,,True,False,Request timeout: 300.0s exceeded,24,59.56268577710819
276,2026-09-21T07:59:20.351+00:00,2026-09-21T08:04:21.554+00:00,2026-09-21T08:04:21.554+00:00,False,1,0.0,,0.0,301203.54796,301203.54796,301203.54796,301203.54796,301203.54796,301203.54796,nan,301203.54796,nan,nan,0.0,36,64,,True,False,"HTTPConnectionPool(host='gpu06', port=9004): Read timed out.",0,59.56268577710819
277,2026-09-21T07:59:20.682+00:00,2026-09-21T08:04:21.896+00:00,2026-09-21T08:04:21.896+00:00,False,1,0.0,,0.0,301214.618728,301214.618728,301214.618728,301214.618728,301214.618728,301214.618728,nan,301214.618728,nan,nan,0.0,36,64,,True,False,"HTTPConnectionPool(host='gpu06', port=9004): Read timed out.",0,59.56268577710819
280,2026-09-21T07:59:21.388+00:00,2026-09-21T08:04:21.897+00:00,2026-09-21T08:04:21.897+00:00,False,1,0.0,,0.0,300509.447206,300509.447206,300509.447206,300509.447206,300509.447206,300509.447206,nan,300509.447206,nan,nan,0.0,36,64,,True,False,"HTTPConnectionPool(host='gpu06', port=9004): Read timed out.",0,59.56268577710819
281,2026-09-21T07:59:21.619+00:00,2026-09-21T08:04:21.899+00:00,2026-09-21T08:04:21.899+00:00,False,1,0.0,,0.0,300279.80303500005,300279.80303500005,300279.80303500005,300279.80303500005,300279.80303500005,300279.80303500005,nan,300279.80303500005,nan,nan,0.0,36,64,,True,False,"HTTPConnectionPool(host='gpu06', port=9004): Read timed out.",0,59.56268577710819
284,2026-09-21T07:59:22.433+00:00,2026-09-21T08:04:23.282+00:00,2026-09-21T08:04:23.282+00:00,False,1,0.0,,0.0,300849.170903,300849.170903,300849.170903,300849.170903,300849.170903,300849.170903,nan,300849.170903,nan,nan,0.0,36,64,,True,False,"HTTPConnectionPool(host='gpu06', port=9004): Read timed out.",0,59.56268577710819
285,2026-09-21T07:59:22.657+00:00,2026-09-21T08:04:23.285+00:00,2026-09-21T08:04:23.285+00:00,False,1,0.0,,0.0,300627.95175300003,300627.95175300003,300627.95175300003,300627.95175300003,300627.95175300003,300627.95175300003,nan,300627.95175300003,nan,nan,0.0,36,64,,True,False,"HTTPConnectionPool(host='gpu06', port=9004): Read timed out.",0,59.56268577710819
283,2026-09-21T07:59:22.083+00:00,2026-09-21T08:04:23.286+00:00,2026-09-21T08:04:23.286+00:00,False,1,0.0,,0.0,301203.033904,301203.033904,301203.033904,301203.033904,301203.033904,301203.033904,nan,301203.033904,nan,nan,0.0,36,64,,True,False,"HTTPConnectionPool(host='gpu06', port=9004): Read timed out.",0,59.56268577710819
286,2026-09-21T07:59:22.954+00:00,2026-09-21T08:04:23.306+00:00,2026-09-21T08:04:23.306+00:00,False,1,0.0,,0.0,300352.274638,300352.274638,300352.274638,300352.274638,300352.274638,300352.274638,nan,300352.274638,nan,nan,0.0,36,64,,True,False,"HTTPConnectionPool(host='gpu06', port=9004): Read timed out.",0,59.56268577710819
282,2026-09-21T07:59:21.842+00:00,2026-09-21T08:04:23.313+00:00,2026-09-21T08:04:23.313+00:00,False,1,0.0,,0.0,301471.011666,301471.011666,301471.011666,301471.011666,301471.011666,301471.011666,nan,301471.011666,nan,nan,0.0,36,64,,True,False,"HTTPConnectionPool(host='gpu06', port=9004): Read timed out.",0,59.56268577710819
279,2026-09-21T07:59:21.180+00:00,2026-09-21T08:04:23.316+00:00,2026-09-21T08:04:23.316+00:00,False,1,0.0,,0.0,302136.75334399997,302136.75334399997,302136.75334399997,302136.75334399997,302136.75334399997,302136.75334399997,nan,302136.75334399997,nan,nan,0.0,36,64,,True,False,"HTTPConnectionPool(host='gpu06', port=9004): Read timed out.",0,59.56268577710819
278,2026-09-21T07:59:20.956+00:00,2026-09-21T08:04:23.321+00:00,2026-09-21T08:04:23.321+00:00,False,1,0.0,,0.0,302365.070264,302365.070264,302365.070264,302365.070264,302365.070264,302365.070264,nan,302365.070264,nan,nan,0.0,36,64,,True,False,"HTTPConnectionPool(host='gpu06', port=9004): Read timed out.",0,59.56268577710819
287,2026-09-21T07:59:23.232+00:00,2026-09-21T08:04:23.340+00:00,2026-09-21T08:04:23.340+00:00,False,1,0.0,,0.0,300108.03910500003,300108.03910500003,300108.03910500003,300108.03910500003,300108.03910500003,300108.03910500003,nan,300108.03910500003,nan,nan,0.0,36,64,,True,False,"HTTPConnectionPool(host='gpu06', port=9004): Read timed out.",0,59.56268577710819
288,2026-09-21T07:59:23.562+00:00,2026-09-21T08:04:23.632+00:00,2026-09-21T08:04:23.632+00:00,False,1,0.0,,0.0,300070.392122,300070.392122,300070.392122,300070.392122,300070.392122,300070.392122,nan,300070.392122,nan,nan,0.0,36,64,,True,False,"HTTPConnectionPool(host='gpu06', port=9004): Read timed out.",0,59.56268577710819
289,2026-09-21T07:59:23.795+00:00,2026-09-21T08:04:23.900+00:00,2026-09-21T08:04:23.900+00:00,False,1,0.0,,0.0,300105.575196,300105.575196,300105.575196,300105.575196,300105.575196,300105.575196,nan,300105.575196,nan,nan,0.0,36,64,,True,False,"HTTPConnectionPool(host='gpu06', port=9004): Read timed out.",0,59.56268577710819
290,2026-09-21T07:59:24.007+00:00,2026-09-21T08:04:24.078+00:00,2026-09-21T08:04:24.078+00:00,False,1,0.0,,0.0,300070.935131,300070.935131,300070.935131,300070.935131,300070.935131,300070.935131,nan,300070.935131,nan,nan,0.0,36,64,,True,False,"HTTPConnectionPool(host='gpu06', port=9004): Read timed out.",0,59.56268577710819
291,2026-09-21T07:59:24.327+00:00,2026-09-21T08:04:24.434+00:00,2026-09-21T08:04:24.434+00:00,False,1,0.0,,0.0,300107.5263,300107.5263,300107.5263,300107.5263,300107.5263,300107.5263,nan,300107.5263,nan,nan,0.0,36,64,,True,False,"HTTPConnectionPool(host='gpu06', port=9004): Read timed out.",0,59.56268577710819
292,2026-09-21T07:59:24.564+00:00,2026-09-21T08:04:24.628+00:00,2026-09-21T08:04:24.628+00:00,False,1,0.0,,0.0,300063.840783,300063.840783,300063.840783,300063.840783,300063.840783,300063.840783,nan,300063.840783,nan,nan,0.0,36,64,,True,False,"HTTPConnectionPool(host='gpu06', port=9004): Read timed out.",0,59.56268577710819
293,2026-09-21T07:59:24.793+00:00,2026-09-21T08:04:24.873+00:00,2026-09-21T08:04:24.873+00:00,False,1,0.0,,0.0,300080.688079,300080.688079,300080.688079,300080.688079,300080.688079,300080.688079,nan,300080.688079,nan,nan,0.0,36,64,,True,False,TTFT timeout: 300.0s exceeded (TTFT: 300.079s),0,59.56268577710819
294,2026-09-21T07:59:25.141+00:00,2026-09-21T08:04:25.232+00:00,2026-09-21T08:04:25.232+00:00,False,1,0.0,,0.0,300090.29474599997,300090.29474599997,300090.29474599997,300090.29474599997,300090.29474599997,300090.29474599997,nan,300090.29474599997,nan,nan,0.0,36,64,,True,False,"HTTPConnectionPool(host='gpu06', port=9004): Read timed out.",0,59.56268577710819
295,2026-09-21T07:59:25.499+00:00,2026-09-21T08:04:25.530+00:00,2026-09-21T08:04:25.530+00:00,False,1,0.0,,0.0,300030.71777999995,300030.71777999995,300030.71777999995,300030.71777999995,300030.71777999995,300030.71777999995,nan,300030.71777999995,nan,nan,0.0,36,64,,True,False,TTFT timeout: 300.0s exceeded (TTFT: 300.021s),0,59.56268577710819
296,2026-09-21T07:59:25.739+00:00,2026-09-21T08:04:25.717+00:00,2026-09-21T08:04:25.788+00:00,False,3,2.0,,2.0,299978.29839300003,300048.58882500004,300048.58872500004,100016.19624166668,0.024079999999999997,299978.29839300003,173172.26381864934,269987.4951789,35.145216,49.66880948456695,0.0066655870898512295,36,64,,True,False,Request timeout: 300.0s exceeded,10,59.56268577710819
297,2026-09-21T07:59:26.098+00:00,2026-09-21T08:04:26.204+00:00,2026-09-21T08:04:26.204+00:00,False,1,0.0,,0.0,300106.280531,300106.280531,300106.280531,300106.280531,300106.280531,300106.280531,nan,300106.280531,nan,nan,0.0,36,64,,True,False,"HTTPConnectionPool(host='gpu06', port=9004): Read timed out.",0,59.56268577710819
298,2026-09-21T07:59:26.392+00:00,2026-09-21T08:04:26.463+00:00,2026-09-21T08:04:26.463+00:00,False,1,0.0,,0.0,300071.354982,300071.354982,300071.354982,300071.354982,300071.354982,300071.354982,nan,300071.354982,nan,nan,0.0,36,64,,True,False,"HTTPConnectionPool(host='gpu06', port=9004): Read timed out.",0,59.56268577710819
299,2026-09-21T07:59:26.648+00:00,2026-09-21T08:04:26.755+00:00,2026-09-21T08:04:26.755+00:00,False,1,0.0,,0.0,300106.76142500003,300106.76142500003,300106.76142500003,300106.76142500003,300106.76142500003,300106.76142500003,nan,300106.76142500003,nan,nan,0.0,36,64,,True,False,"HTTPConnectionPool(host='gpu06', port=9004): Read timed out.",0,59.56268577710819
300,2026-09-21T07:59:26.962+00:00,2026-09-21T08:04:27.048+00:00,2026-09-21T08:04:27.048+00:00,False,1,0.0,,0.0,300086.69386400003,300086.69386400003,300086.69386400003,300086.69386400003,300086.69386400003,300086.69386400003,nan,300086.69386400003,nan,nan,0.0,36,64,,True,False,"HTTPConnectionPool(host='gpu06', port=9004): Read timed out.",0,59.56268577710819
301,2026-09-21T07:59:27.307+00:00,2026-09-21T08:04:27.289+00:00,2026-09-21T08:04:27.516+00:00,False,3,2.0,,2.0,299981.86081800004,300209.06542600004,300209.06544300006,100069.68848100002,0.02836,299981.86081800004,173129.05702225864,270006.3923627001,113.602304,160.61773274104291,0.006662024003712138,36,64,,True,False,Request timeout: 300.0s exceeded,5,59.56268577710819
302,2026-09-21T07:59:27.597+00:00,2026-09-21T08:04:27.659+00:00,2026-09-21T08:04:27.659+00:00,False,1,0.0,,0.0,300061.498351,300061.498351,300061.498351,300061.498351,300061.498351,300061.498351,nan,300061.498351,nan,nan,0.0,36,64,,True,False,TTFT timeout: 300.0s exceeded (TTFT: 300.048s),0,59.56268577710819
303,2026-09-21T07:59:27.925+00:00,2026-09-21T08:04:28.038+00:00,2026-09-21T08:04:28.038+00:00,False,1,0.0,,0.0,300113.01173,300113.01173,300113.01173,300113.01173,300113.01173,300113.01173,nan,300113.01173,nan,nan,0.0,36,64,,True,False,"HTTPConnectionPool(host='gpu06', port=9004): Read timed out.",0,59.56268577710819
304,2026-09-21T07:59:28.251+00:00,2026-09-21T08:04:28.325+00:00,2026-09-21T08:04:28.325+00:00,False,1,0.0,,0.0,300074.648237,300074.648237,300074.648237,300074.648237,300074.648237,300074.648237,nan,300074.648237,nan,nan,0.0,36,64,,True,False,"HTTPConnectionPool(host='gpu06', port=9004): Read timed out.",0,59.56268577710819
305,2026-09-21T07:59:28.535+00:00,2026-09-21T08:04:28.544+00:00,2026-09-21T08:04:28.544+00:00,False,1,0.0,,0.0,300008.726976,300008.726976,300008.726976,300008.726976,300008.726976,300008.726976,nan,300008.726976,nan,nan,0.0,36,64,,True,False,"HTTPConnectionPool(host='gpu06', port=9004): Read timed out.",0,59.56268577710819
306,2026-09-21T07:59:28.808+00:00,2026-09-21T08:04:28.837+00:00,2026-09-21T08:04:28.837+00:00,False,1,0.0,,0.0,300028.634599,300028.634599,300028.634599,300028.634599,300028.634599,300028.634599,nan,300028.634599,nan,nan,0.0,36,64,,True,False,TTFT timeout: 300.0s exceeded (TTFT: 300.027s),0,59.56268577710819
307,2026-09-21T07:59:29.106+00:00,2026-09-21T08:04:29.209+00:00,2026-09-21T08:04:29.209+00:00,False,1,0.0,,0.0,300103.58171,300103.58171,300103.58171,300103.58171,300103.58171,300103.58171,nan,300103.58171,nan,nan,0.0,36,64,,True,False,"HTTPConnectionPool(host='gpu06', port=9004): Read timed out.",0,59.56268577710819
308,2026-09-21T07:59:29.348+00:00,2026-09-21T08:04:29.454+00:00,2026-09-21T08:04:29.454+00:00,False,1,0.0,,0.0,300105.540324,300105.540324,300105.540324,300105.540324,300105.540324,300105.540324,nan,300105.540324,nan,nan,0.0,36,64,,True,False,TTFT timeout: 300.0s exceeded (TTFT: 300.096s),0,59.56268577710819
309,2026-09-21T07:59:29.653+00:00,2026-09-21T08:04:29.607+00:00,2026-09-21T08:04:29.751+00:00,False,4,3.0,,3.0,299953.877871,300097.347439,300097.34731399996,75024.33682849999,0.04202,299953.877871,149953.0332015654,254976.09023114998,47.82318933333334,51.255407475218746,0.009996756137972204,36,64,,True,False,Request timeout: 300.0s exceeded,9,59.56268577710819
310,2026-09-21T07:59:30.023+00:00,2026-09-21T08:04:30.127+00:00,2026-09-21T08:04:30.127+00:00,False,1,0.0,,0.0,300104.65481800004,300104.65481800004,300104.65481800004,300104.65481800004,300104.65481800004,300104.65481800004,nan,300104.65481800004,nan,nan,0.0,36,64,,True,False,"HTTPConnectionPool(host='gpu06', port=9004): Read timed out.",0,59.56268577710819
311,2026-09-21T07:59:30.364+00:00,2026-09-21T08:04:30.476+00:00,2026-09-21T08:04:30.476+00:00,False,1,0.0,,0.0,300112.389186,300112.389186,300112.389186,300112.389186,300112.389186,300112.389186,nan,300112.389186,nan,nan,0.0,36,64,,True,False,"HTTPConnectionPool(host='gpu06', port=9004): Read timed out.",0,59.56268577710819
312,2026-09-21T07:59:30.592+00:00,2026-09-21T08:04:30.690+00:00,2026-09-21T08:04:30.690+00:00,False,1,0.0,,0.0,300098.07628,300098.07628,300098.07628,300098.07628,300098.07628,300098.07628,nan,300098.07628,nan,nan,0.0,36,64,,True,False,"HTTPConnectionPool(host='gpu06', port=9004): Read timed out.",0,59.56268577710819
313,2026-09-21T07:59:30.843+00:00,2026-09-21T08:04:30.917+00:00,2026-09-21T08:04:30.917+00:00,False,1,0.0,,0.0,300074.605503,300074.605503,300074.605503,300074.605503,300074.605503,300074.605503,nan,300074.605503,nan,nan,0.0,36,64,,True,False,"HTTPConnectionPool(host='gpu06', port=9004): Read timed out.",0,59.56268577710819
314,2026-09-21T07:59:31.045+00:00,2026-09-21T08:04:31.125+00:00,2026-09-21T08:04:31.125+00:00,False,1,0.0,,0.0,300079.694809,300079.694809,300079.694809,300079.694809,300079.694809,300079.694809,nan,300079.694809,nan,nan,0.0,36,64,,True,False,"HTTPConnectionPool(host='gpu06', port=9004): Read timed out.",0,59.56268577710819
315,2026-09-21T07:59:31.409+00:00,2026-09-21T08:04:31.512+00:00,2026-09-21T08:04:31.512+00:00,False,1,0.0,,0.0,300102.737215,300102.737215,300102.737215,300102.737215,300102.737215,300102.737215,nan,300102.737215,nan,nan,0.0,36,64,,True,False,TTFT timeout: 300.0s exceeded (TTFT: 300.090s),0,59.56268577710819
316,2026-09-21T07:59:31.610+00:00,2026-09-21T08:04:31.693+00:00,2026-09-21T08:04:32.914+00:00,False,21,20.0,,20.0,300083.093552,301304.071472,301304.071628,14347.812934666666,0.02899,300083.093552,65470.18527390661,180.483214,61.048896,32.50670690862887,0.06637812725958663,36,64,,True,False,Request timeout: 300.0s exceeded,41,59.56268577710819
317,2026-09-21T07:59:31.894+00:00,2026-09-21T08:04:31.876+00:00,2026-09-21T08:04:32.958+00:00,False,21,20.0,,20.0,299982.358421,301064.219797,301064.219754,14336.391416857143,0.02429,299982.358421,65449.71513957574,76.97991099999999,54.0930688,15.973678078040871,0.06643100934905348,36,64,,True,False,Request timeout: 300.0s exceeded,160,59.56268577710819
321,2026-09-21T07:59:32.964+00:00,2026-09-21T08:04:33.102+00:00,2026-09-21T08:04:33.102+00:00,False,1,0.0,,0.0,300138.17076300003,300138.17076300003,300138.17076300003,300138.17076300003,300138.17076300003,300138.17076300003,nan,300138.17076300003,nan,nan,0.0,36,64,,True,False,"HTTPConnectionPool(host='gpu06', port=9004): Read timed out.",0,59.56268577710819
318,2026-09-21T07:59:32.172+00:00,2026-09-21T08:04:33.222+00:00,2026-09-21T08:04:33.222+00:00,False,1,0.0,,0.0,301049.88393400004,301049.88393400004,301049.88393400004,301049.88393400004,301049.88393400004,301049.88393400004,nan,301049.88393400004,nan,nan,0.0,36,64,,True,False,"HTTPConnectionPool(host='gpu06', port=9004): Read timed out.",0,59.56268577710819
322,2026-09-21T07:59:33.305+00:00,2026-09-21T08:04:33.325+00:00,2026-09-21T08:04:33.325+00:00,False,1,0.0,,0.0,300020.56169700006,300020.56169700006,300020.56169700006,300020.56169700006,300020.56169700006,300020.56169700006,nan,300020.56169700006,nan,nan,0.0,36,64,,True,False,"HTTPConnectionPool(host='gpu06', port=9004): Read timed out.",0,59.56268577710819
319,2026-09-21T07:59:32.415+00:00,2026-09-21T08:04:33.474+00:00,2026-09-21T08:04:33.474+00:00,False,1,0.0,,0.0,301059.189149,301059.189149,301059.189149,301059.189149,301059.189149,301059.189149,nan,301059.189149,nan,nan,0.0,36,64,,True,False,"HTTPConnectionPool(host='gpu06', port=9004): Read timed out.",0,59.56268577710819
320,2026-09-21T07:59:32.697+00:00,2026-09-21T08:04:33.918+00:00,2026-09-21T08:04:34.928+00:00,False,16,15.0,,15.0,301221.036723,302230.979763,302230.979664,18889.436229,0.03077,301221.036723,75288.44065108147,75469.16840699999,67.329536,47.274538915452624,0.04963091477836762,36,64,,True,False,Request timeout: 300.0s exceeded,15,59.56268577710819
324,2026-09-21T07:59:34.805+00:00,2026-09-21T08:04:34.282+00:00,2026-09-21T08:04:35.320+00:00,False,20,19.0,,19.0,299476.825706,300515.22749799996,300515.227677,15025.761383849998,0.038369999999999994,299476.825706,66952.83590656523,15076.270287199999,54.65272589473684,19.29240976456939,0.06322474956822763,36,64,,True,False,Request timeout: 300.0s exceeded,57,59.56268577710819
323,2026-09-21T07:59:34.744+00:00,2026-09-21T08:04:34.282+00:00,2026-09-21T08:04:35.051+00:00,False,15,14.0,,14.0,299537.721251,300306.788771,300306.788817,20020.452587800002,0.02786,299537.721251,77326.12630408355,89936.34878870001,54.933394285714286,22.28534930652547,0.046618992721725476,36,64,,True,False,Request timeout: 300.0s exceeded,41,59.56268577710819
325,2026-09-21T07:59:34.810+00:00,2026-09-21T08:04:34.284+00:00,2026-09-21T08:04:35.159+00:00,False,17,16.0,,16.0,299473.986155,300349.010283,300349.010153,17667.58883252941,0.027989999999999998,299473.986155,72619.849158745,59978.6866806,54.689008,20.735308628019943,0.05327135915954644,36,64,,True,False,Request timeout: 300.0s exceeded,62,59.56268577710819
326,2026-09-21T07:59:35.384+00:00,2026-09-21T08:04:35.893+00:00,2026-09-21T08:04:35.893+00:00,False,1,0.0,,0.0,300509.21952999994,300509.21952999994,300509.21952999994,300509.21952999994,300509.21952999994,300509.21952999994,nan,300509.21952999994,nan,nan,0.0,36,64,,True,False,"HTTPConnectionPool(host='gpu06', port=9004): Read timed out.",0,59.56268577710819
327,2026-09-21T07:59:35.612+00:00,2026-09-21T08:04:35.956+00:00,2026-09-21T08:04:35.956+00:00,False,1,0.0,,0.0,300344.257636,300344.257636,300344.257636,300344.257636,300344.257636,300344.257636,nan,300344.257636,nan,nan,0.0,36,64,,True,False,"HTTPConnectionPool(host='gpu06', port=9004): Read timed out.",0,59.56268577710819
328,2026-09-21T07:59:35.811+00:00,2026-09-21T08:04:36.035+00:00,2026-09-21T08:04:36.035+00:00,False,1,0.0,,0.0,300224.490323,300224.490323,300224.490323,300224.490323,300224.490323,300224.490323,nan,300224.490323,nan,nan,0.0,36,64,,True,False,"HTTPConnectionPool(host='gpu06', port=9004): Read timed out.",0,59.56268577710819
329,2026-09-21T07:59:35.834+00:00,2026-09-21T08:04:36.061+00:00,2026-09-21T08:04:36.061+00:00,False,1,0.0,,0.0,300227.040019,300227.040019,300227.040019,300227.040019,300227.040019,300227.040019,nan,300227.040019,nan,nan,0.0,36,64,,True,False,"HTTPConnectionPool(host='gpu06', port=9004): Read timed out.",0,59.56268577710819
330,2026-09-21T07:59:35.984+00:00,2026-09-21T08:04:36.191+00:00,2026-09-21T08:04:36.191+00:00,False,1,0.0,,0.0,300207.455958,300207.455958,300207.455958,300207.455958,300207.455958,300207.455958,nan,300207.455958,nan,nan,0.0,36,64,,True,False,"HTTPConnectionPool(host='gpu06', port=9004): Read timed out.",0,59.56268577710819
331,2026-09-21T07:59:36.059+00:00,2026-09-21T08:04:36.246+00:00,2026-09-21T08:04:36.246+00:00,False,1,0.0,,0.0,300187.47723799996,300187.47723799996,300187.47723799996,300187.47723799996,300187.47723799996,300187.47723799996,nan,300187.47723799996,nan,nan,0.0,36,64,,True,False,"HTTPConnectionPool(host='gpu06', port=9004): Read timed out.",0,59.56268577710819
332,2026-09-21T07:59:36.115+00:00,2026-09-21T08:04:36.269+00:00,2026-09-21T08:04:36.269+00:00,False,1,0.0,,0.0,300153.963182,300153.963182,300153.963182,300153.963182,300153.963182,300153.963182,nan,300153.963182,nan,nan,0.0,36,64,,True,False,"HTTPConnectionPool(host='gpu06', port=9004): Read timed out.",0,59.56268577710819
333,2026-09-21T07:59:36.467+00:00,2026-09-21T08:04:36.572+00:00,2026-09-21T08:04:36.572+00:00,False,1,0.0,,0.0,300105.59479299997,300105.59479299997,300105.59479299997,300105.59479299997,300105.59479299997,300105.59479299997,nan,300105.59479299997,nan,nan,0.0,36,64,,True,False,"HTTPConnectionPool(host='gpu06', port=9004): Read timed out.",0,59.56268577710819
334,2026-09-21T07:59:36.703+00:00,2026-09-21T08:04:36.805+00:00,2026-09-21T08:04:36.805+00:00,False,1,0.0,,0.0,300101.615428,300101.615428,300101.615428,300101.615428,300101.615428,300101.615428,nan,300101.615428,nan,nan,0.0,36,64,,True,False,"HTTPConnectionPool(host='gpu06', port=9004): Read timed out.",0,59.56268577710819
335,2026-09-21T07:59:36.992+00:00,2026-09-21T08:04:37.105+00:00,2026-09-21T08:04:37.105+00:00,False,1,0.0,,0.0,300112.77529400005,300112.77529400005,300112.77529400005,300112.77529400005,300112.77529400005,300112.77529400005,nan,300112.77529400005,nan,nan,0.0,36,64,,True,False,"HTTPConnectionPool(host='gpu06', port=9004): Read timed out.",0,59.56268577710819
336,2026-09-21T07:59:37.238+00:00,2026-09-21T08:04:37.340+00:00,2026-09-21T08:04:37.340+00:00,False,1,0.0,,0.0,300102.334178,300102.334178,300102.334178,300102.334178,300102.334178,300102.334178,nan,300102.334178,nan,nan,0.0,36,64,,True,False,"HTTPConnectionPool(host='gpu06', port=9004): Read timed out.",0,59.56268577710819
337,2026-09-21T07:59:37.490+00:00,2026-09-21T08:04:37.603+00:00,2026-09-21T08:04:37.603+00:00,False,1,0.0,,0.0,300112.26274000003,300112.26274000003,300112.26274000003,300112.26274000003,300112.26274000003,300112.26274000003,nan,300112.26274000003,nan,nan,0.0,36,64,,True,False,"HTTPConnectionPool(host='gpu06', port=9004): Read timed out.",0,59.56268577710819
338,2026-09-21T07:59:37.721+00:00,2026-09-21T08:04:37.737+00:00,2026-09-21T08:04:37.737+00:00,False,1,0.0,,0.0,300015.178051,300015.178051,300015.178051,300015.178051,300015.178051,300015.178051,nan,300015.178051,nan,nan,0.0,36,64,,True,False,"HTTPConnectionPool(host='gpu06', port=9004): Read timed out.",0,59.56268577710819
339,2026-09-21T07:59:38.082+00:00,2026-09-21T08:04:38.080+00:00,2026-09-21T08:04:38.253+00:00,False,3,2.0,,2.0,299998.320778,300170.719626,300170.719437,100056.906479,0.03637,299998.320778,173154.36548920406,270015.72492909996,86.199424,121.85298499812947,0.006662875054875157,36,64,,True,False,Request timeout: 300.0s exceeded,8,59.56268577710819
340,2026-09-21T07:59:38.374+00:00,2026-09-21T08:04:38.297+00:00,2026-09-21T08:04:38.398+00:00,False,4,3.0,,3.0,299923.31671,300024.14179799997,300024.141804,75006.035451,0.04424,299923.31671,149944.85608852998,254942.9945704,33.608362666666665,29.356751781697195,0.00999919533815328,36,64,,True,False,Request timeout: 300.0s exceeded,7,59.56268577710819
341,2026-09-21T07:59:38.591+00:00,2026-09-21T08:04:38.673+00:00,2026-09-21T08:04:38.673+00:00,False,1,0.0,,0.0,300082.897078,300082.897078,300082.897078,300082.897078,300082.897078,300082.897078,nan,300082.897078,nan,nan,0.0,36,64,,True,False,"HTTPConnectionPool(host='gpu06', port=9004): Read timed out.",0,59.56268577710819
342,2026-09-21T07:59:38.915+00:00,2026-09-21T08:04:38.990+00:00,2026-09-21T08:04:38.990+00:00,False,1,0.0,,0.0,300075.52679900004,300075.52679900004,300075.52679900004,300075.52679900004,300075.52679900004,300075.52679900004,nan,300075.52679900004,nan,nan,0.0,36,64,,True,False,"HTTPConnectionPool(host='gpu06', port=9004): Read timed out.",0,59.56268577710819
343,2026-09-21T07:59:39.152+00:00,2026-09-21T08:04:39.273+00:00,2026-09-21T08:04:39.273+00:00,False,1,0.0,,0.0,300120.92164099996,300120.92164099996,300120.92164099996,300120.92164099996,300120.92164099996,300120.92164099996,nan,300120.92164099996,nan,nan,0.0,36,64,,True,False,"HTTPConnectionPool(host='gpu06', port=9004): Read timed out.",0,59.56268577710819
344,2026-09-21T07:59:39.355+00:00,2026-09-21T08:04:39.453+00:00,2026-09-21T08:04:39.453+00:00,False,1,0.0,,0.0,300098.622523,300098.622523,300098.622523,300098.622523,300098.622523,300098.622523,nan,300098.622523,nan,nan,0.0,36,64,,True,False,"HTTPConnectionPool(host='gpu06', port=9004): Read timed out.",0,59.56268577710819
345,2026-09-21T07:59:39.651+00:00,2026-09-21T08:04:39.762+00:00,2026-09-21T08:04:39.762+00:00,False,1,0.0,,0.0,300111.580927,300111.580927,300111.580927,300111.580927,300111.580927,300111.580927,nan,300111.580927,nan,nan,0.0,36,64,,True,False,"HTTPConnectionPool(host='gpu06', port=9004): Read timed out.",0,59.56268577710819
346,2026-09-21T07:59:39.852+00:00,2026-09-21T08:04:39.953+00:00,2026-09-21T08:04:39.953+00:00,False,1,0.0,,0.0,300100.638399,300100.638399,300100.638399,300100.638399,300100.638399,300100.638399,nan,300100.638399,nan,nan,0.0,36,64,,True,False,"HTTPConnectionPool(host='gpu06', port=9004): Read timed out.",0,59.56268577710819
347,2026-09-21T07:59:40.218+00:00,2026-09-21T08:04:40.324+00:00,2026-09-21T08:04:40.324+00:00,False,1,0.0,,0.0,300105.953074,300105.953074,300105.953074,300105.953074,300105.953074,300105.953074,nan,300105.953074,nan,nan,0.0,36,64,,True,False,"HTTPConnectionPool(host='gpu06', port=9004): Read timed out.",0,59.56268577710819
348,2026-09-21T07:59:40.545+00:00,2026-09-21T08:04:40.624+00:00,2026-09-21T08:04:40.624+00:00,False,1,0.0,,0.0,300079.23879699997,300079.23879699997,300079.23879699997,300079.23879699997,300079.23879699997,300079.23879699997,nan,300079.23879699997,nan,nan,0.0,36,64,,True,False,TTFT timeout: 300.0s exceeded (TTFT: 300.072s),0,59.56268577710819
349,2026-09-21T07:59:40.828+00:00,2026-09-21T08:04:40.930+00:00,2026-09-21T08:04:40.930+00:00,False,1,0.0,,0.0,300102.108203,300102.108203,300102.108203,300102.108203,300102.108203,300102.108203,nan,300102.108203,nan,nan,0.0,36,64,,True,False,"HTTPConnectionPool(host='gpu06', port=9004): Read timed out.",0,59.56268577710819
350,2026-09-21T07:59:41.029+00:00,2026-09-21T08:04:41.130+00:00,2026-09-21T08:04:41.130+00:00,False,1,0.0,,0.0,300101.387283,300101.387283,300101.387283,300101.387283,300101.387283,300101.387283,nan,300101.387283,nan,nan,0.0,36,64,,True,False,"HTTPConnectionPool(host='gpu06', port=9004): Read timed out.",0,59.56268577710819
351,2026-09-21T07:59:41.351+00:00,2026-09-21T08:04:41.435+00:00,2026-09-21T08:04:41.435+00:00,False,1,0.0,,0.0,300084.345656,300084.345656,300084.345656,300084.345656,300084.345656,300084.345656,nan,300084.345656,nan,nan,0.0,36,64,,True,False,"HTTPConnectionPool(host='gpu06', port=9004): Read timed out.",0,59.56268577710819
352,2026-09-21T07:59:41.599+00:00,2026-09-21T08:04:41.704+00:00,2026-09-21T08:04:41.704+00:00,False,1,0.0,,0.0,300104.731197,300104.731197,300104.731197,300104.731197,300104.731197,300104.731197,nan,300104.731197,nan,nan,0.0,36,64,,True,False,"HTTPConnectionPool(host='gpu06', port=9004): Read timed out.",0,59.56268577710819
353,2026-09-21T07:59:41.926+00:00,2026-09-21T08:04:42.003+00:00,2026-09-21T08:04:42.003+00:00,False,1,0.0,,0.0,300077.79909,300077.79909,300077.79909,300077.79909,300077.79909,300077.79909,nan,300077.79909,nan,nan,0.0,36,64,,True,False,TTFT timeout: 300.0s exceeded (TTFT: 300.069s),0,59.56268577710819
354,2026-09-21T07:59:42.233+00:00,2026-09-21T08:04:42.342+00:00,2026-09-21T08:04:42.342+00:00,False,1,0.0,,0.0,300109.46879199997,300109.46879199997,300109.46879199997,300109.46879199997,300109.46879199997,300109.46879199997,nan,300109.46879199997,nan,nan,0.0,36,64,,True,False,"HTTPConnectionPool(host='gpu06', port=9004): Read timed out.",0,59.56268577710819
355,2026-09-21T07:59:42.536+00:00,2026-09-21T08:04:42.602+00:00,2026-09-21T08:04:42.602+00:00,False,1,0.0,,0.0,300065.214261,300065.214261,300065.214261,300065.214261,300065.214261,300065.214261,nan,300065.214261,nan,nan,0.0,36,64,,True,False,TTFT timeout: 300.0s exceeded (TTFT: 300.055s),0,59.56268577710819
356,2026-09-21T07:59:42.793+00:00,2026-09-21T08:04:42.768+00:00,2026-09-21T08:04:42.840+00:00,False,3,2.0,,2.0,299975.305747,300047.024147,300047.02420299995,100015.67473433333,0.02714,299975.305747,173170.1238954915,269984.94430389995,35.8592,50.674190876620735,0.006665621849394359,36,64,,True,False,Request timeout: 300.0s exceeded,2,59.56268577710819
357,2026-09-21T07:59:43.076+00:00,2026-09-21T08:04:43.182+00:00,2026-09-21T08:04:43.182+00:00,False,1,0.0,,0.0,300106.14375700004,300106.14375700004,300106.14375700004,300106.14375700004,300106.14375700004,300106.14375700004,nan,300106.14375700004,nan,nan,0.0,36,64,,True,False,"HTTPConnectionPool(host='gpu06', port=9004): Read timed out.",0,59.56268577710819
358,2026-09-21T07:59:43.381+00:00,2026-09-21T08:04:43.485+00:00,2026-09-21T08:04:43.485+00:00,False,1,0.0,,0.0,300104.191602,300104.191602,300104.191602,300104.191602,300104.191602,300104.191602,nan,300104.191602,nan,nan,0.0,36,64,,True,False,"HTTPConnectionPool(host='gpu06', port=9004): Read timed out.",0,59.56268577710819
359,2026-09-21T07:59:43.737+00:00,2026-09-21T08:04:43.852+00:00,2026-09-21T08:04:43.852+00:00,False,1,0.0,,0.0,300115.069708,300115.069708,300115.069708,300115.069708,300115.069708,300115.069708,nan,300115.069708,nan,nan,0.0,36,64,,True,False,"HTTPConnectionPool(host='gpu06', port=9004): Read timed out.",0,59.56268577710819
360,2026-09-21T07:59:43.991+00:00,2026-09-21T08:04:44.104+00:00,2026-09-21T08:04:44.104+00:00,False,1,0.0,,0.0,300112.78589099995,300112.78589099995,300112.78589099995,300112.78589099995,300112.78589099995,300112.78589099995,nan,300112.78589099995,nan,nan,0.0,36,64,,True,False,"HTTPConnectionPool(host='gpu06', port=9004): Read timed out.",0,59.56268577710819
361,2026-09-21T07:59:44.254+00:00,2026-09-21T08:04:44.270+00:00,2026-09-21T08:04:44.270+00:00,False,1,0.0,,0.0,300016.059848,300016.059848,300016.059848,300016.059848,300016.059848,300016.059848,nan,300016.059848,nan,nan,0.0,36,64,,True,False,"HTTPConnectionPool(host='gpu06', port=9004): Read timed out.",0,59.56268577710819
362,2026-09-21T07:59:44.593+00:00,2026-09-21T08:04:44.636+00:00,2026-09-21T08:04:44.636+00:00,False,1,0.0,,0.0,300043.43440499995,300043.43440499995,300043.43440499995,300043.43440499995,300043.43440499995,300043.43440499995,nan,300043.43440499995,nan,nan,0.0,36,64,,True,False,TTFT timeout: 300.0s exceeded (TTFT: 300.038s),0,59.56268577710819
363,2026-09-21T07:59:44.911+00:00,2026-09-21T08:04:44.922+00:00,2026-09-21T08:04:44.922+00:00,False,1,0.0,,0.0,300010.81449,300010.81449,300010.81449,300010.81449,300010.81449,300010.81449,nan,300010.81449,nan,nan,0.0,36,64,,True,False,TTFT timeout: 300.0s exceeded (TTFT: 300.009s),0,59.56268577710819
364,2026-09-21T07:59:45.264+00:00,2026-09-21T08:04:45.605+00:00,2026-09-21T08:04:47.028+00:00,False,22,21.0,,21.0,300340.715487,301763.942111,301763.94224,13716.54282909091,0.04541,300340.715487,64018.41501487947,170.35937270000002,67.77269638095238,33.82619926329147,0.06959081941034366,36,64,,True,False,Request timeout: 300.0s exceeded,84,59.56268577710819
365,2026-09-21T07:59:45.633+00:00,2026-09-21T08:04:46.204+00:00,2026-09-21T08:04:47.074+00:00,False,17,16.0,,16.0,300571.72130699997,301441.64181899995,301441.64173399995,17731.861278470587,0.03479,300571.72130699997,72886.16551903792,60171.88470619999,54.370032,17.15194102271253,0.053078267167902336,36,64,,True,False,Request timeout: 300.0s exceeded,33,59.56268577710819
367,2026-09-21T07:59:46.119+00:00,2026-09-21T08:04:47.232+00:00,2026-09-21T08:04:47.232+00:00,False,1,0.0,,0.0,301112.635453,301112.635453,301112.635453,301112.635453,301112.635453,301112.635453,nan,301112.635453,nan,nan,0.0,36,64,,True,False,"HTTPConnectionPool(host='gpu06', port=9004): Read timed out.",0,59.56268577710819
371,2026-09-21T07:59:47.253+00:00,2026-09-21T08:04:47.372+00:00,2026-09-21T08:04:47.372+00:00,False,1,0.0,,0.0,300119.275244,300119.275244,300119.275244,300119.275244,300119.275244,300119.275244,nan,300119.275244,nan,nan,0.0,36,64,,True,False,"HTTPConnectionPool(host='gpu06', port=9004): Read timed out.",0,59.56268577710819
368,2026-09-21T07:59:46.410+00:00,2026-09-21T08:04:47.508+00:00,2026-09-21T08:04:47.508+00:00,False,1,0.0,,0.0,301097.39954,301097.39954,301097.39954,301097.39954,301097.39954,301097.39954,nan,301097.39954,nan,nan,0.0,36,64,,True,False,"HTTPConnectionPool(host='gpu06', port=9004): Read timed out.",0,59.56268577710819
372,2026-09-21T07:59:47.576+00:00,2026-09-21T08:04:47.686+00:00,2026-09-21T08:04:47.686+00:00,False,1,0.0,,0.0,300110.305736,300110.305736,300110.305736,300110.305736,300110.305736,300110.305736,nan,300110.305736,nan,nan,0.0,36,64,,True,False,"HTTPConnectionPool(host='gpu06', port=9004): Read timed out.",0,59.56268577710819
369,2026-09-21T07:59:46.660+00:00,2026-09-21T08:04:47.748+00:00,2026-09-21T08:04:47.748+00:00,False,1,0.0,,0.0,301088.68373299995,301088.68373299995,301088.68373299995,301088.68373299995,301088.68373299995,301088.68373299995,nan,301088.68373299995,nan,nan,0.0,36,64,,True,False,"HTTPConnectionPool(host='gpu06', port=9004): Read timed out.",0,59.56268577710819
370,2026-09-21T07:59:46.881+00:00,2026-09-21T08:04:47.927+00:00,2026-09-21T08:04:47.927+00:00,False,1,0.0,,0.0,301046.147513,301046.147513,301046.147513,301046.147513,301046.147513,301046.147513,nan,301046.147513,nan,nan,0.0,36,64,,True,False,"HTTPConnectionPool(host='gpu06', port=9004): Read timed out.",0,59.56268577710819
373,2026-09-21T07:59:47.870+00:00,2026-09-21T08:04:47.944+00:00,2026-09-21T08:04:47.944+00:00,False,1,0.0,,0.0,300073.98325499997,300073.98325499997,300073.98325499997,300073.98325499997,300073.98325499997,300073.98325499997,nan,300073.98325499997,nan,nan,0.0,36,64,,True,False,"HTTPConnectionPool(host='gpu06', port=9004): Read timed out.",0,59.56268577710819
374,2026-09-21T07:59:48.102+00:00,2026-09-21T08:04:48.233+00:00,2026-09-21T08:04:48.233+00:00,False,1,0.0,,0.0,300130.774736,300130.774736,300130.774736,300130.774736,300130.774736,300130.774736,nan,300130.774736,nan,nan,0.0,36,64,,True,False,"HTTPConnectionPool(host='gpu06', port=9004): Read timed out.",0,59.56268577710819
375,2026-09-21T07:59:48.424+00:00,2026-09-21T08:04:48.534+00:00,2026-09-21T08:04:48.534+00:00,False,1,0.0,,0.0,300109.83017000003,300109.83017000003,300109.83017000003,300109.83017000003,300109.83017000003,300109.83017000003,nan,300109.83017000003,nan,nan,0.0,36,64,,True,False,"HTTPConnectionPool(host='gpu06', port=9004): Read timed out.",0,59.56268577710819
376,2026-09-21T07:59:48.688+00:00,2026-09-21T08:04:48.757+00:00,2026-09-21T08:04:48.757+00:00,False,1,0.0,,0.0,300069.154693,300069.154693,300069.154693,300069.154693,300069.154693,300069.154693,nan,300069.154693,nan,nan,0.0,36,64,,True,False,TTFT timeout: 300.0s exceeded (TTFT: 300.057s),0,59.56268577710819
366,2026-09-21T07:59:45.910+00:00,2026-09-21T08:04:49.024+00:00,2026-09-21T08:04:49.024+00:00,False,1,0.0,,0.0,303113.769671,303113.769671,303113.769671,303113.769671,303113.769671,303113.769671,nan,303113.769671,nan,nan,0.0,36,64,,True,False,TTFT timeout: 300.0s exceeded (TTFT: 300.017s),0,59.56268577710819
377,2026-09-21T07:59:48.986+00:00,2026-09-21T08:04:49.025+00:00,2026-09-21T08:04:49.025+00:00,False,1,0.0,,0.0,300038.19408,300038.19408,300038.19408,300038.19408,300038.19408,300038.19408,nan,300038.19408,nan,nan,0.0,36,64,,True,False,TTFT timeout: 300.0s exceeded (TTFT: 300.036s),0,59.56268577710819
378,2026-09-21T07:59:49.196+00:00,2026-09-21T08:04:49.137+00:00,2026-09-21T08:04:49.283+00:00,False,3,2.0,,2.0,299940.49134500005,300086.818641,300086.81854600005,100028.93951533335,0.03489,299940.49134500005,173128.4978390832,269961.07144160004,73.163648,103.4197860149036,0.006664737921703388,36,64,,True,False,Request timeout: 300.0s exceeded,4,59.56268577710819
379,2026-09-21T07:59:49.473+00:00,2026-09-21T08:04:49.576+00:00,2026-09-21T08:04:49.576+00:00,False,1,0.0,,0.0,300103.477334,300103.477334,300103.477334,300103.477334,300103.477334,300103.477334,nan,300103.477334,nan,nan,0.0,36,64,,True,False,"HTTPConnectionPool(host='gpu06', port=9004): Read timed out.",0,59.56268577710819
380,2026-09-21T07:59:49.735+00:00,2026-09-21T08:04:49.757+00:00,2026-09-21T08:04:49.757+00:00,False,1,0.0,,0.0,300021.736179,300021.736179,300021.736179,300021.736179,300021.736179,300021.736179,nan,300021.736179,nan,nan,0.0,36,64,,True,False,"HTTPConnectionPool(host='gpu06', port=9004): Read timed out.",0,59.56268577710819
381,2026-09-21T07:59:50.021+00:00,2026-09-21T08:04:50.137+00:00,2026-09-21T08:04:50.137+00:00,False,1,0.0,,0.0,300115.976981,300115.976981,300115.976981,300115.976981,300115.976981,300115.976981,nan,300115.976981,nan,nan,0.0,36,64,,True,False,"HTTPConnectionPool(host='gpu06', port=9004): Read timed out.",0,59.56268577710819
382,2026-09-21T07:59:50.258+00:00,2026-09-21T08:04:50.364+00:00,2026-09-21T08:04:50.364+00:00,False,1,0.0,,0.0,300106.18646600004,300106.18646600004,300106.18646600004,300106.18646600004,300106.18646600004,300106.18646600004,nan,300106.18646600004,nan,nan,0.0,36,64,,True,False,"HTTPConnectionPool(host='gpu06', port=9004): Read timed out.",0,59.56268577710819
383,2026-09-21T07:59:50.578+00:00,2026-09-21T08:04:50.677+00:00,2026-09-21T08:04:50.677+00:00,False,1,0.0,,0.0,300099.310929,300099.310929,300099.310929,300099.310929,300099.310929,300099.310929,nan,300099.310929,nan,nan,0.0,36,64,,True,False,"HTTPConnectionPool(host='gpu06', port=9004): Read timed out.",0,59.56268577710819
384,2026-09-21T07:59:50.891+00:00,2026-09-21T08:04:51.003+00:00,2026-09-21T08:04:51.003+00:00,False,1,0.0,,0.0,300112.51681199996,300112.51681199996,300112.51681199996,300112.51681199996,300112.51681199996,300112.51681199996,nan,300112.51681199996,nan,nan,0.0,36,64,,True,False,"HTTPConnectionPool(host='gpu06', port=9004): Read timed out.",0,59.56268577710819
385,2026-09-21T07:59:51.172+00:00,2026-09-21T08:04:51.262+00:00,2026-09-21T08:04:51.262+00:00,False,1,0.0,,0.0,300090.81270099996,300090.81270099996,300090.81270099996,300090.81270099996,300090.81270099996,300090.81270099996,nan,300090.81270099996,nan,nan,0.0,36,64,,True,False,"HTTPConnectionPool(host='gpu06', port=9004): Read timed out.",0,59.56268577710819
386,2026-09-21T07:59:51.426+00:00,2026-09-21T08:04:51.464+00:00,2026-09-21T08:04:51.464+00:00,False,1,0.0,,0.0,300038.028047,300038.028047,300038.028047,300038.028047,300038.028047,300038.028047,nan,300038.028047,nan,nan,0.0,36,64,,True,False,TTFT timeout: 300.0s exceeded (TTFT: 300.023s),0,59.56268577710819
387,2026-09-21T07:59:51.684+00:00,2026-09-21T08:04:51.769+00:00,2026-09-21T08:04:51.769+00:00,False,1,0.0,,0.0,300084.166295,300084.166295,300084.166295,300084.166295,300084.166295,300084.166295,nan,300084.166295,nan,nan,0.0,36,64,,True,False,"HTTPConnectionPool(host='gpu06', port=9004): Read timed out.",0,59.56268577710819
388,2026-09-21T07:59:51.975+00:00,2026-09-21T08:04:52.087+00:00,2026-09-21T08:04:52.087+00:00,False,1,0.0,,0.0,300111.61661,300111.61661,300111.61661,300111.61661,300111.61661,300111.61661,nan,300111.61661,nan,nan,0.0,36,64,,True,False,"HTTPConnectionPool(host='gpu06', port=9004): Read timed out.",0,59.56268577710819
389,2026-09-21T07:59:52.296+00:00,2026-09-21T08:04:52.356+00:00,2026-09-21T08:04:52.356+00:00,False,1,0.0,,0.0,300060.131315,300060.131315,300060.131315,300060.131315,300060.131315,300060.131315,nan,300060.131315,nan,nan,0.0,36,64,,True,False,"HTTPConnectionPool(host='gpu06', port=9004): Read timed out.",0,59.56268577710819
390,2026-09-21T07:59:52.502+00:00,2026-09-21T08:04:52.621+00:00,2026-09-21T08:04:52.621+00:00,False,1,0.0,,0.0,300119.444031,300119.444031,300119.444031,300119.444031,300119.444031,300119.444031,nan,300119.444031,nan,nan,0.0,36,64,,True,False,"HTTPConnectionPool(host='gpu06', port=9004): Read timed out.",0,59.56268577710819
392,2026-09-21T07:59:54.145+00:00,2026-09-21T08:04:53.201+00:00,2026-09-21T08:04:54.687+00:00,False,27,26.0,,26.0,299055.964572,300542.5663,300542.566271,11131.206158185187,0.04442,299055.964572,57542.345697345234,86.8774043,57.176989538461534,16.218696377937246,0.08651020825465014,36,64,,True,False,Request timeout: 300.0s exceeded,151,59.56268577710819
391,2026-09-21T07:59:52.786+00:00,2026-09-21T08:04:53.203+00:00,2026-09-21T08:04:54.633+00:00,False,26,25.0,,25.0,300416.753041,301847.070609,301847.070613,11609.502715884615,0.02869,300416.753041,58905.35439404615,89.19712949999999,57.212702719999996,16.397696735605063,0.0828233977873648,36,64,,True,False,Request timeout: 300.0s exceeded,52,59.56268577710819
395,2026-09-21T07:59:54.459+00:00,2026-09-21T08:04:54.458+00:00,2026-09-21T08:04:54.879+00:00,False,9,8.0,,8.0,299999.455357,300420.579197,300420.579101,33380.064344555554,0.05687,299999.455357,99982.27402417277,180028.57534460002,52.64048,23.392691835122378,0.026629334186703706,36,64,,True,False,Request timeout: 300.0s exceeded,40,59.56268577710819
396,2026-09-21T07:59:54.573+00:00,2026-09-21T08:04:54.954+00:00,2026-09-21T08:04:54.954+00:00,False,1,0.0,,0.0,300381.47809600004,300381.47809600004,300381.47809600004,300381.47809600004,300381.47809600004,300381.47809600004,nan,300381.47809600004,nan,nan,0.0,36,64,,True,False,"HTTPConnectionPool(host='gpu06', port=9004): Read timed out.",0,59.56268577710819
393,2026-09-21T07:59:54.300+00:00,2026-09-21T08:04:54.968+00:00,2026-09-21T08:04:54.968+00:00,False,1,0.0,,0.0,300668.22348000004,300668.22348000004,300668.22348000004,300668.22348000004,300668.22348000004,300668.22348000004,nan,300668.22348000004,nan,nan,0.0,36,64,,True,False,"HTTPConnectionPool(host='gpu06', port=9004): Read timed out.",0,59.56268577710819
394,2026-09-21T07:59:54.406+00:00,2026-09-21T08:04:55.013+00:00,2026-09-21T08:04:55.075+00:00,False,3,2.0,,2.0,300606.701678,300669.427822,300669.427814,100223.14260466666,0.0528,300606.701678,173537.2554828067,270552.2988438,31.363072,44.27950181365856,0.00665182361401913,36,64,,True,False,Request timeout: 300.0s exceeded,12,59.56268577710819
398,2026-09-21T07:59:54.883+00:00,2026-09-21T08:04:55.164+00:00,2026-09-21T08:04:55.164+00:00,False,1,0.0,,0.0,300280.689157,300280.689157,300280.689157,300280.689157,300280.689157,300280.689157,nan,300280.689157,nan,nan,0.0,36,64,,True,False,"HTTPConnectionPool(host='gpu06', port=9004): Read timed out.",0,59.56268577710819
399,2026-09-21T07:59:55.127+00:00,2026-09-21T08:04:55.286+00:00,2026-09-21T08:04:55.286+00:00,False,1,0.0,,0.0,300159.33049699996,300159.33049699996,300159.33049699996,300159.33049699996,300159.33049699996,300159.33049699996,nan,300159.33049699996,nan,nan,0.0,36,64,,True,False,"HTTPConnectionPool(host='gpu06', port=9004): Read timed out.",0,59.56268577710819
397,2026-09-21T07:59:54.626+00:00,2026-09-21T08:04:55.291+00:00,2026-09-21T08:04:55.291+00:00,False,1,0.0,,0.0,300665.38970099995,300665.38970099995,300665.38970099995,300665.38970099995,300665.38970099995,300665.38970099995,nan,300665.38970099995,nan,nan,0.0,36,64,,True,False,"HTTPConnectionPool(host='gpu06', port=9004): Read timed out.",0,59.56268577710819
400,2026-09-21T07:59:55.399+00:00,2026-09-21T08:04:55.642+00:00,2026-09-21T08:04:55.642+00:00,False,1,0.0,,0.0,300242.729111,300242.729111,300242.729111,300242.729111,300242.729111,300242.729111,nan,300242.729111,nan,nan,0.0,36,64,,True,False,"HTTPConnectionPool(host='gpu06', port=9004): Read timed out.",0,59.56268577710819
401,2026-09-21T07:59:55.568+00:00,2026-09-21T08:04:55.739+00:00,2026-09-21T08:04:55.739+00:00,False,1,0.0,,0.0,300171.27246,300171.27246,300171.27246,300171.27246,300171.27246,300171.27246,nan,300171.27246,nan,nan,0.0,36,64,,True,False,"HTTPConnectionPool(host='gpu06', port=9004): Read timed out.",0,59.56268577710819
402,2026-09-21T07:59:55.783+00:00,2026-09-21T08:04:55.889+00:00,2026-09-21T08:04:55.889+00:00,False,1,0.0,,0.0,300106.33987300005,300106.33987300005,300106.33987300005,300106.33987300005,300106.33987300005,300106.33987300005,nan,300106.33987300005,nan,nan,0.0,36,64,,True,False,"HTTPConnectionPool(host='gpu06', port=9004): Read timed out.",0,59.56268577710819
403,2026-09-21T07:59:56.147+00:00,2026-09-21T08:04:56.260+00:00,2026-09-21T08:04:56.260+00:00,False,1,0.0,,0.0,300112.773958,300112.773958,300112.773958,300112.773958,300112.773958,300112.773958,nan,300112.773958,nan,nan,0.0,36,64,,True,False,"HTTPConnectionPool(host='gpu06', port=9004): Read timed out.",0,59.56268577710819
404,2026-09-21T07:59:56.448+00:00,2026-09-21T08:04:56.553+00:00,2026-09-21T08:04:56.553+00:00,False,1,0.0,,0.0,300104.845164,300104.845164,300104.845164,300104.845164,300104.845164,300104.845164,nan,300104.845164,nan,nan,0.0,36,64,,True,False,"HTTPConnectionPool(host='gpu06', port=9004): Read timed out.",0,59.56268577710819
405,2026-09-21T07:59:56.760+00:00,2026-09-21T08:04:56.864+00:00,2026-09-21T08:04:56.864+00:00,False,1,0.0,,0.0,300104.448938,300104.448938,300104.448938,300104.448938,300104.448938,300104.448938,nan,300104.448938,nan,nan,0.0,36,64,,True,False,"HTTPConnectionPool(host='gpu06', port=9004): Read timed out.",0,59.56268577710819
406,2026-09-21T07:59:57.008+00:00,2026-09-21T08:04:57.118+00:00,2026-09-21T08:04:57.118+00:00,False,1,0.0,,0.0,300110.3147,300110.3147,300110.3147,300110.3147,300110.3147,300110.3147,nan,300110.3147,nan,nan,0.0,36,64,,True,False,"HTTPConnectionPool(host='gpu06', port=9004): Read timed out.",0,59.56268577710819
407,2026-09-21T07:59:57.265+00:00,2026-09-21T08:04:57.356+00:00,2026-09-21T08:04:57.356+00:00,False,1,0.0,,0.0,300091.394263,300091.394263,300091.394263,300091.394263,300091.394263,300091.394263,nan,300091.394263,nan,nan,0.0,36,64,,True,False,TTFT timeout: 300.0s exceeded (TTFT: 300.090s),0,59.56268577710819
408,2026-09-21T07:59:57.536+00:00,2026-09-21T08:04:57.584+00:00,2026-09-21T08:04:57.584+00:00,False,1,0.0,,0.0,300047.769545,300047.769545,300047.769545,300047.769545,300047.769545,300047.769545,nan,300047.769545,nan,nan,0.0,36,64,,True,False,TTFT timeout: 300.0s exceeded (TTFT: 300.046s),0,59.56268577710819
409,2026-09-21T07:59:57.792+00:00,2026-09-21T08:04:57.874+00:00,2026-09-21T08:04:57.874+00:00,False,1,0.0,,0.0,300081.948935,300081.948935,300081.948935,300081.948935,300081.948935,300081.948935,nan,300081.948935,nan,nan,0.0,36,64,,True,False,"HTTPConnectionPool(host='gpu06', port=9004): Read timed out.",0,59.56268577710819
410,2026-09-21T07:59:58.156+00:00,2026-09-21T08:04:58.243+00:00,2026-09-21T08:04:58.243+00:00,False,1,0.0,,0.0,300086.46587,300086.46587,300086.46587,300086.46587,300086.46587,300086.46587,nan,300086.46587,nan,nan,0.0,36,64,,True,False,"HTTPConnectionPool(host='gpu06', port=9004): Read timed out.",0,59.56268577710819
411,2026-09-21T07:59:58.379+00:00,2026-09-21T08:04:58.496+00:00,2026-09-21T08:04:58.496+00:00,False,1,0.0,,0.0,300117.13258499996,300117.13258499996,300117.13258499996,300117.13258499996,300117.13258499996,300117.13258499996,nan,300117.13258499996,nan,nan,0.0,36,64,,True,False,"HTTPConnectionPool(host='gpu06', port=9004): Read timed out.",0,59.56268577710819
412,2026-09-21T07:59:58.605+00:00,2026-09-21T08:04:58.711+00:00,2026-09-21T08:04:58.711+00:00,False,1,0.0,,0.0,300106.169132,300106.169132,300106.169132,300106.169132,300106.169132,300106.169132,nan,300106.169132,nan,nan,0.0,36,64,,True,False,"HTTPConnectionPool(host='gpu06', port=9004): Read timed out.",0,59.56268577710819
413,2026-09-21T07:59:58.840+00:00,2026-09-21T08:04:58.945+00:00,2026-09-21T08:04:58.945+00:00,False,1,0.0,,0.0,300104.945757,300104.945757,300104.945757,300104.945757,300104.945757,300104.945757,nan,300104.945757,nan,nan,0.0,36,64,,True,False,"HTTPConnectionPool(host='gpu06', port=9004): Read timed out.",0,59.56268577710819
414,2026-09-21T07:59:59.108+00:00,2026-09-21T08:04:59.070+00:00,2026-09-21T08:04:59.213+00:00,False,3,2.0,,2.0,299961.190606,300104.92641400005,300104.926447,100034.97548233334,0.03404,299961.190606,173141.1960810089,269979.44172550004,71.867904,101.58841339275592,0.006664335783815041,36,64,,True,False,Request timeout: 300.0s exceeded,9,59.56268577710819
415,2026-09-21T07:59:59.441+00:00,2026-09-21T08:04:59.373+00:00,2026-09-21T08:04:59.488+00:00,False,4,3.0,,3.0,299932.138268,300046.918172,300046.91810099996,75011.72952524999,0.05094,299932.138268,149946.9416330186,254951.53506934998,38.259968,33.34127428656607,0.00999843630548563,36,64,,True,False,Request timeout: 300.0s exceeded,9,59.56268577710819
416,2026-09-21T07:59:59.677+00:00,2026-09-21T08:04:59.780+00:00,2026-09-21T08:04:59.780+00:00,False,1,0.0,,0.0,300103.656512,300103.656512,300103.656512,300103.656512,300103.656512,300103.656512,nan,300103.656512,nan,nan,0.0,36,64,,True,False,"HTTPConnectionPool(host='gpu06', port=9004): Read timed out.",0,59.56268577710819
417,2026-09-21T08:00:00.034+00:00,2026-09-21T08:05:00.156+00:00,2026-09-21T08:05:00.156+00:00,False,1,0.0,,0.0,300121.33078799996,300121.33078799996,300121.33078799996,300121.33078799996,300121.33078799996,300121.33078799996,nan,300121.33078799996,nan,nan,0.0,36,64,,True,False,"HTTPConnectionPool(host='gpu06', port=9004): Read timed out.",0,59.56268577710819
418,2026-09-21T08:00:00.246+00:00,2026-09-21T08:05:00.351+00:00,2026-09-21T08:05:00.351+00:00,False,1,0.0,,0.0,300105.090458,300105.090458,300105.090458,300105.090458,300105.090458,300105.090458,nan,300105.090458,nan,nan,0.0,36,64,,True,False,"HTTPConnectionPool(host='gpu06', port=9004): Read timed out.",0,59.56268577710819
419,2026-09-21T08:00:00.608+00:00,2026-09-21T08:05:00.654+00:00,2026-09-21T08:05:00.654+00:00,False,1,0.0,,0.0,300046.830227,300046.830227,300046.830227,300046.830227,300046.830227,300046.830227,nan,300046.830227,nan,nan,0.0,36,64,,True,False,"HTTPConnectionPool(host='gpu06', port=9004): Read timed out.",0,59.56268577710819
420,2026-09-21T08:00:00.880+00:00,2026-09-21T08:05:00.974+00:00,2026-09-21T08:05:00.974+00:00,False,1,0.0,,0.0,300093.417913,300093.417913,300093.417913,300093.417913,300093.417913,300093.417913,nan,300093.417913,nan,nan,0.0,36,64,,True,False,"HTTPConnectionPool(host='gpu06', port=9004): Read timed out.",0,59.56268577710819
421,2026-09-21T08:00:01.177+00:00,2026-09-21T08:05:01.167+00:00,2026-09-21T08:05:02.966+00:00,False,29,28.0,,28.0,299989.33244599996,301788.86985399993,301788.869936,10406.512756413791,0.0384,299989.33244599996,55694.69718930578,176.6460188,64.26919314285715,35.874637121806565,0.09278009495030715,36,64,,True,False,Request timeout: 300.0s exceeded,119,59.56268577710819
422,2026-09-21T08:00:01.481+00:00,2026-09-21T08:05:01.487+00:00,2026-09-21T08:05:03.026+00:00,False,28,27.0,,27.0,300005.90991900006,301545.09507100005,301545.09502500005,10769.467679464287,0.028390000000000002,300005.90991900006,56685.01689082505,97.3458687,57.00685748148148,16.64330678508346,0.08953884656503114,36,64,,True,False,Request timeout: 300.0s exceeded,219,59.56268577710819
424,2026-09-21T08:00:01.967+00:00,2026-09-21T08:05:03.170+00:00,2026-09-21T08:05:03.170+00:00,False,1,0.0,,0.0,301202.80293400004,301202.80293400004,301202.80293400004,301202.80293400004,301202.80293400004,301202.80293400004,nan,301202.80293400004,nan,nan,0.0,36,64,,True,False,"HTTPConnectionPool(host='gpu06', port=9004): Read timed out.",0,59.56268577710819
425,2026-09-21T08:00:02.231+00:00,2026-09-21T08:05:03.385+00:00,2026-09-21T08:05:03.385+00:00,False,1,0.0,,0.0,301153.730687,301153.730687,301153.730687,301153.730687,301153.730687,301153.730687,nan,301153.730687,nan,nan,0.0,36,64,,True,False,"HTTPConnectionPool(host='gpu06', port=9004): Read timed out.",0,59.56268577710819
423,2026-09-21T08:00:01.753+00:00,2026-09-21T08:05:03.792+00:00,2026-09-21T08:05:04.577+00:00,True,19,19.0,,19.0,302038.56942400004,302823.96488000004,302823.96472600003,15938.10340663158,0.05937,302038.56942400004,69282.39373354135,30273.206834800007,43.63308088888889,23.565900926720595,0.06274272251712021,36,64,,True,True,,38,59.56268577710819
0,2026-09-21T07:58:02.285+00:00,2026-09-21T07:58:02.476+00:00,2026-09-21T07:58:07.913+00:00,True,93,93.0,,93.0,191.386093,5627.650541,5627.650576,60.51237178494624,0.015550000000000001,243.27574600000003,33.1570315858657,92.44873439999999,59.089830956521745,30.351372648504665,16.52554637542836,37,64,,False,True,,235,59.56268577710819
5,2026-09-21T07:58:03.684+00:00,2026-09-21T07:58:04.300+00:00,2026-09-21T07:58:07.177+00:00,True,47,47.0,,47.0,616.070292,3492.3311559999997,3492.331125,74.30491755319149,38.998642999999994,616.070292,81.53793484173612,77.28136599999999,62.52741008695652,11.486830019296615,13.458059359362771,37,64,,False,True,,423,59.56268577710819
1,2026-09-21T07:58:02.591+00:00,2026-09-21T07:58:04.829+00:00,2026-09-21T07:58:07.070+00:00,True,36,36.0,,36.0,2238.22465,4479.033098,4479.033297,124.41759158333333,46.974754000000004,2238.22465,362.5572403105867,87.337143,64.0230985142857,11.917337256964748,8.0374489789046,37,64,,False,True,,227,59.56268577710819
2,2026-09-21T07:58:02.913+00:00,2026-09-21T07:58:05.577+00:00,2026-09-21T07:58:09.549+00:00,True,64,64.0,,64.0,2663.38811,6635.709645999999,6635.709534,103.68296146875,41.122564,2663.38811,325.23974806765113,79.20709384999999,63.052722793650794,11.433127135332144,9.644786076283363,37,64,,False,True,,128,59.56268577710819
3,2026-09-21T07:58:03.199+00:00,2026-09-21T07:58:08.062+00:00,2026-09-21T07:58:14.151+00:00,True,96,96.0,,96.0,4863.7165190000005,10952.798887,10952.798992,114.09165616666667,0.01667,4863.7165190000005,491.3426681808336,80.74954125,64.09560387368421,38.35374062668689,8.764882929964456,37,64,,False,True,,235,59.56268577710819
4,2026-09-21T07:58:03.405+00:00,2026-09-21T07:58:08.120+00:00,2026-09-21T07:58:08.305+00:00,True,4,4.0,,4.0,4715.011281,4899.827153,4899.8272,1224.9568,52.526355,4715.011281,2326.7137599173248,4018.2298524000003,61.60529066666666,8.671442776213272,0.8163553274631196,37,64,,False,True,,8,59.56268577710819
6,2026-09-21T07:58:03.869+00:00,2026-09-21T07:58:09.413+00:00,2026-09-21T07:58:15.011+00:00,True,89,89.0,,89.0,5544.485215,11142.818910999998,11142.818745999999,125.20021062921347,0.01712,5544.485215,582.5041878780544,79.1300324,63.617428363636364,42.47984567505913,7.987206891798334,37,64,,False,True,,356,59.56268577710819
7,2026-09-21T07:58:04.166+00:00,2026-09-21T07:58:10.461+00:00,2026-09-21T07:58:15.150+00:00,True,75,75.0,,75.0,6294.652513,10983.321441,10983.32145,146.444286,0.01611,6294.652513,720.9732043695129,77.706667,63.360390918918924,45.944195071703206,6.828535466514714,37,64,,False,True,,673,59.56268577710819
8,2026-09-21T07:58:04.498+00:00,2026-09-21T07:58:12.355+00:00,2026-09-21T07:58:14.208+00:00,True,29,29.0,,29.0,7857.006788,9710.746052,9710.7459,334.8533068965517,0.016120000000000002,7857.006788,1448.4026835879645,276.47191119999997,66.20497371428571,71.17072368781523,2.9863822866655267,37,64,,False,True,,193,59.56268577710819
9,2026-09-21T07:58:04.814+00:00,2026-09-21T07:58:13.887+00:00,2026-09-21T07:58:17.951+00:00,True,68,68.0,,68.0,9072.799835999998,13136.439899999998,13136.440027999999,193.18294158823528,34.922053999999996,9072.799835999998,1092.9382794929254,80.02233614999999,60.65134423880597,11.021711823972787,5.1764405362216905,37,64,,False,True,,476,59.56268577710819
10,2026-09-21T07:58:05.137+00:00,2026-09-21T07:58:16.331+00:00,2026-09-21T07:58:16.751+00:00,True,8,8.0,,8.0,11193.520478,11613.911390000001,11613.911531,1451.738941375,44.891914,11193.520478,3936.290767202786,7305.365536000001,60.05584457142857,12.349200437635343,0.6888290887847043,37,64,,False,True,,87,59.56268577710819
11,2026-09-21T07:58:05.438+00:00,2026-09-21T07:58:18.027+00:00,2026-09-21T07:58:18.083+00:00,True,2,2.0,,2.0,12588.737943,12644.969623,12644.969669,6322.4848345,56.231726,12588.737943,8861.820131303266,11962.11263215,56.23168,nan,0.15816566268076987,37,64,,False,True,,10,59.56268577710819
12,2026-09-21T07:58:05.677+00:00,2026-09-21T07:58:19.327+00:00,2026-09-21T07:58:20.365+00:00,True,18,18.0,,18.0,13649.789312,14687.901056,14687.901090000001,815.994505,42.234835,13649.789312,3202.908145770263,2112.5681866,61.06539670588236,10.172425370547208,1.2254984515059084,37,64,,False,True,,40,59.56268577710819
13,2026-09-21T07:58:05.891+00:00,2026-09-21T07:58:20.442+00:00,2026-09-21T07:58:22.817+00:00,True,37,37.0,,37.0,14550.942934,16925.919958,16925.91977,457.4572910810811,24.238472,14550.942934,2381.354045288214,93.808138,65.971584,13.896914509474355,2.185996394394624,37,64,,False,True,,82,59.56268577710819
14,2026-09-21T07:58:06.199+00:00,2026-09-21T07:58:21.937+00:00,2026-09-21T07:58:27.271+00:00,True,85,85.0,,85.0,15737.583018,21072.091818,21072.091682,247.9069609647059,0.0,15737.583018,1701.9683046909993,86.036857,63.506057142857145,80.3680089416827,4.03377133766056,37,64,,False,True,,171,59.56268577710819
15,2026-09-21T07:58:06.483+00:00,2026-09-21T07:58:23.390+00:00,2026-09-21T07:58:26.965+00:00,True,55,55.0,,55.0,16906.527149999998,20481.755822,20481.755651,372.39555729090904,0.0,16906.527149999998,2271.8675487501782,171.30390419999995,66.20793837037037,71.9778190144323,2.685316653415184,37,64,,False,True,,330,59.56268577710819
16,2026-09-21T07:58:06.748+00:00,2026-09-21T07:58:24.649+00:00,2026-09-21T07:58:30.073+00:00,True,89,89.0,,89.0,17901.350938,23325.510938,23325.510892,262.0843920449438,0.0,17901.350938,1891.5011221711281,80.3680526,61.63818181818182,43.53399012107669,3.815564865291269,37,64,,False,True,,176,59.56268577710819
17,2026-09-21T07:58:06.980+00:00,2026-09-21T07:58:26.044+00:00,2026-09-21T07:58:31.712+00:00,True,91,91.0,,91.0,19064.306279,24732.104551,24732.104348,271.7813664615385,0.0,19064.306279,1992.8282008467154,80.557963,62.975536355555555,61.789792456479944,3.679428081518464,37,64,,False,True,,396,59.56268577710819
18,2026-09-21T07:58:07.314+00:00,2026-09-21T07:58:27.867+00:00,2026-09-21T07:58:28.797+00:00,True,16,16.0,,16.0,20553.056633,21483.602553,21483.60244,1342.7251525,45.796055,20553.056633,5122.7675059806315,5198.77378175,62.036394666666666,11.687956113093577,0.7447540495374569,37,64,,False,True,,53,59.56268577710819
19,2026-09-21T07:58:07.553+00:00,2026-09-21T07:58:29.291+00:00,2026-09-21T07:58:33.379+00:00,True,62,62.0,,62.0,21737.576907000002,25826.249675000003,25826.249702,416.55241454838716,0.0,21737.576907000002,2753.643258955002,79.92461945000001,67.0274224262295,91.04088463151531,2.400658275212775,37,64,,False,True,,430,59.56268577710819
20,2026-09-21T07:58:07.878+00:00,2026-09-21T07:58:30.912+00:00,2026-09-21T07:58:35.382+00:00,True,66,66.0,,66.0,23033.934632,27503.765032,27503.765116,416.72371387878786,0.0,23033.934632,2828.598050507763,81.72994799999998,68.76662153846154,101.14977821908899,2.3996714603695355,37,64,,False,True,,70,59.56268577710819
21,2026-09-21T07:58:08.152+00:00,2026-09-21T07:58:32.234+00:00,2026-09-21T07:58:35.782+00:00,True,57,57.0,,57.0,24081.48679,27629.598918,27629.598867999997,484.72980470175435,0.0,24081.48679,3183.137514356973,179.6454724,63.359145142857145,109.75073324338005,2.063004974091966,37,64,,False,True,,564,59.56268577710819
22,2026-09-21T07:58:08.446+00:00,2026-09-21T07:58:33.795+00:00,2026-09-21T07:58:35.390+00:00,True,22,22.0,,22.0,25348.120442000003,26943.626618000002,26943.626728000003,1224.710305818182,0.0,25348.120442000003,5389.328279309653,564.54747175,75.97648457142857,120.77908573826541,0.8165196286272258,37,64,,False,True,,33,59.56268577710819
23,2026-09-21T07:58:08.783+00:00,2026-09-21T07:58:35.369+00:00,2026-09-21T07:58:39.177+00:00,True,61,61.0,,61.0,26586.603531,30394.602763000003,30394.602716,498.27217567213114,43.098885,26586.603531,3395.953572284741,76.99880800000001,63.46665386666667,9.791442396339242,2.0069352600408585,37,64,,False,True,,244,59.56268577710819
24,2026-09-21T07:58:09.062+00:00,2026-09-21T07:58:36.774+00:00,2026-09-21T07:58:41.065+00:00,True,69,69.0,,69.0,27712.108097,32002.914113,32002.914203,463.81035076811594,0.0,27712.108097,3329.306338123423,77.65532400000001,63.10008847058824,71.5171004146522,2.156053656750318,37,64,,False,True,,409,59.56268577710819
25,2026-09-21T07:58:09.340+00:00,2026-09-21T07:58:38.031+00:00,2026-09-21T07:58:43.697+00:00,True,88,88.0,,88.0,28690.916209,34356.789617,34356.789667,390.4180643977273,0.0,28690.916209,3053.672995633125,76.4100755,65.12498170114942,115.32467649527636,2.5613568957111443,37,64,,False,True,,792,59.56268577710819
26,2026-09-21T07:58:09.601+00:00,2026-09-21T07:58:39.614+00:00,2026-09-21T07:58:41.745+00:00,True,35,35.0,,35.0,30013.003856,32143.550032,32143.549928,918.3871408,0.0,30013.003856,5063.59886648529,251.5098881,62.66312282352941,105.52235454584755,1.0888654167058804,37,64,,False,True,,35,59.56268577710819
27,2026-09-21T07:58:09.855+00:00,2026-09-21T07:58:41.127+00:00,2026-09-21T07:58:44.262+00:00,True,50,50.0,,50.0,31272.428026999998,34406.888954999995,34406.888803,688.13777606,0.01583,31272.428026999998,4414.779622744874,84.12262504999998,63.96859036734694,105.58321023593685,1.453197354326161,37,64,,False,True,,100,59.56268577710819
28,2026-09-21T07:58:10.044+00:00,2026-09-21T07:58:41.941+00:00,2026-09-21T07:58:42.005+00:00,True,2,2.0,,2.0,31897.127522,31960.31037,31960.310378,15980.155189,63.182856,31897.127522,22509.99814524592,30305.4302887,63.182848,nan,0.0625776150746436,37,64,,False,True,,12,59.56268577710819
29,2026-09-21T07:58:10.332+00:00,2026-09-21T07:58:43.508+00:00,2026-09-21T07:58:48.492+00:00,True,83,83.0,,83.0,33176.298485,38160.383989,38160.383942,459.7636619518072,0.0,33176.298485,3635.7466705390334,78.2927969,60.78153053658537,78.93209357089854,2.175030524428825,37,64,,False,True,,585,59.56268577710819
30,2026-09-21T07:58:10.555+00:00,2026-09-21T07:58:44.456+00:00,2026-09-21T07:58:46.495+00:00,True,31,31.0,,31.0,33901.3945,35940.126276,35940.126292,1159.3589126451614,0.0,33901.3945,6077.975407439795,404.7408275,67.95772586666666,128.37995195696038,0.8625456616912639,37,64,,False,True,,236,59.56268577710819
31,2026-09-21T07:58:10.844+00:00,2026-09-21T07:58:46.500+00:00,2026-09-21T07:58:49.516+00:00,True,52,52.0,,52.0,35655.385802000004,38672.235466000006,38672.235595000006,743.6968383653847,0.0,35655.385802000004,4936.350965174215,77.4690555,59.15391498039216,20.50736416223746,1.3446339311239854,37,64,,False,True,,260,59.56268577710819
32,2026-09-21T07:58:11.057+00:00,2026-09-21T07:58:47.132+00:00,2026-09-21T07:58:48.154+00:00,True,17,17.0,,17.0,36074.90072600001,37096.90264600001,37096.90260200001,2182.170741294118,42.975125,36074.90072600001,8733.962539755797,7278.997623600002,63.87512,10.516367914534142,0.4582592827822792,37,64,,False,True,,102,59.56268577710819
33,2026-09-21T07:58:11.311+00:00,2026-09-21T07:58:48.356+00:00,2026-09-21T07:58:52.257+00:00,True,62,62.0,,62.0,37045.518936,40946.548312,40946.548181,660.4281964677419,42.561074,37045.518936,4696.6733942157825,78.007796,63.95130124590164,9.578772126803882,1.5141691438208473,37,64,,False,True,,248,59.56268577710819
34,2026-09-21T07:58:11.651+00:00,2026-09-21T07:58:49.849+00:00,2026-09-21T07:58:54.479+00:00,True,74,74.0,,74.0,38198.178056000004,42827.542024,42827.54197700001,578.7505672567568,0.0,38198.178056000004,4435.388059425855,83.26145534999999,63.41594476712329,144.18306556508756,1.7278600756151579,37,64,,False,True,,735,59.56268577710819
35,2026-09-21T07:58:11.949+00:00,2026-09-21T07:58:51.531+00:00,2026-09-21T07:58:53.749+00:00,True,30,30.0,,30.0,39582.48026,41799.8217,41799.82157,1393.3273856666665,0.0,39582.48026,7215.821602526402,680.9008597000002,76.46004965517241,213.21641705883448,0.7177064106950485,37,64,,False,True,,41,59.56268577710819
36,2026-09-21T07:58:12.256+00:00,2026-09-21T07:58:53.675+00:00,2026-09-21T07:58:54.419+00:00,True,22,22.0,,22.0,41418.651359999996,42163.08502399999,42163.085107,1916.5038684999997,0.0,41418.651359999996,8823.007812276825,117.99304185000001,35.4492220952381,38.372921612220914,0.5217834507953392,37,64,,False,True,,179,59.56268577710819
37,2026-09-21T07:58:12.501+00:00,2026-09-21T07:58:54.415+00:00,2026-09-21T07:58:56.464+00:00,True,34,34.0,,34.0,41913.625322,43962.526698,43962.526605,1293.015488382353,44.401464999999995,41913.625322,7177.485394555045,78.6557135,62.08792048484848,9.38017226659083,0.7733859392014146,37,64,,False,True,,34,59.56268577710819
38,2026-09-21T07:58:12.748+00:00,2026-09-21T07:58:55.840+00:00,2026-09-21T07:58:58.032+00:00,True,36,36.0,,36.0,43092.03559399999,45283.73146599999,45283.731551,1257.8814319722221,39.016273999999996,43092.03559399999,7171.576722028914,78.444353,62.61988205714285,10.478967634312495,0.7949874896469074,37,64,,False,True,,74,59.56268577710819
39,2026-09-21T07:58:13.127+00:00,2026-09-21T07:58:56.461+00:00,2026-09-21T07:58:57.048+00:00,True,10,10.0,,10.0,43334.45258,43921.441635999996,43921.441399999996,4392.144139999999,35.719714,43334.45258,13682.93796444733,23869.689430099996,65.22100622222223,13.03419900682065,0.22767922972281376,37,64,,False,True,,50,59.56268577710819
40,2026-09-21T07:58:13.158+00:00,2026-09-21T07:58:56.884+00:00,2026-09-21T07:58:57.784+00:00,True,16,16.0,,16.0,43725.64431,44625.59695000001,44625.59686400001,2789.0998040000004,42.330894,43725.64431,10916.418247055666,10993.682991,59.996842666666666,12.215314528917043,0.3585386211847637,37,64,,False,True,,32,59.56268577710819
41,2026-09-21T07:58:13.357+00:00,2026-09-21T07:58:59.065+00:00,2026-09-21T07:59:04.580+00:00,True,89,89.0,,89.0,45707.281046,51222.327189999996,51222.32698799999,575.5317639101123,0.0,45707.281046,4839.226089371553,81.71377860000001,62.670978909090906,94.2305320670573,1.7375235543256466,37,64,,False,True,,531,59.56268577710819
42,2026-09-21T07:58:13.677+00:00,2026-09-21T07:59:01.281+00:00,2026-09-21T07:59:04.634+00:00,True,65,65.0,,65.0,47603.917033,50956.330472999995,50956.330491,783.9435460153845,0.0,47603.917033,5898.08671406117,78.2634968,52.38146,23.12353928278144,1.2756020576175764,37,64,,False,True,,97,59.56268577710819
43,2026-09-21T07:58:13.920+00:00,2026-09-21T07:59:01.883+00:00,2026-09-21T07:59:04.572+00:00,True,45,45.0,,45.0,47962.78471,50651.82279,50651.82293,1125.596065111111,37.127984,47962.78471,7140.76908492904,85.62514879999999,61.11450181818182,11.904357937991021,0.8884181757203057,37,64,,False,True,,306,59.56268577710819
44,2026-09-21T07:58:14.252+00:00,2026-09-21T07:59:03.834+00:00,2026-09-21T07:59:05.810+00:00,True,32,32.0,,32.0,49581.465098,51558.354698,51558.354473,1611.19857728125,0.01511,49581.465098,8755.06990784198,515.1373522,63.770632258064516,164.49119051732362,0.6206559574571008,37,64,,False,True,,252,59.56268577710819
45,2026-09-21T07:58:14.551+00:00,2026-09-21T07:59:05.557+00:00,2026-09-21T07:59:08.175+00:00,True,44,44.0,,44.0,51005.823946000004,53623.860938000005,53623.86113800001,1218.7241167727273,0.055560000000000005,51005.823946000004,7680.269261326048,95.8589582,60.884581209302326,21.964882220497604,0.8205302496005066,37,64,,False,True,,87,59.56268577710819
46,2026-09-21T07:58:14.812+00:00,2026-09-21T07:59:06.733+00:00,2026-09-21T07:59:10.323+00:00,True,46,46.0,,46.0,51921.246231,55511.539223,55511.539414,1206.7725959565216,0.0,51921.246231,7645.055659091404,91.08233225,79.78428871111112,150.526850774619,0.828656539592779,37,64,,False,True,,136,59.56268577710819
47,2026-09-21T07:58:15.104+00:00,2026-09-21T07:59:08.408+00:00,2026-09-21T07:59:12.060+00:00,True,59,59.0,,59.0,53303.737735,56956.092039,56956.09203,965.3574920338983,0.0,53303.737735,6932.685317130765,92.55305129999999,62.97162593103448,136.8716879918479,1.0358856776830905,37,64,,False,True,,236,59.56268577710819
48,2026-09-21T07:58:15.333+00:00,2026-09-21T07:59:10.328+00:00,2026-09-21T07:59:11.432+00:00,True,35,35.0,,35.0,54995.33524,56099.89972,56099.899805,1602.854280142857,0.0,54995.33524,9290.477727050167,90.02999019999999,32.48719058823529,34.10307537962065,0.6238870332155382,37,64,,False,True,,159,59.56268577710819
49,2026-09-21T07:58:15.571+00:00,2026-09-21T07:59:10.723+00:00,2026-09-21T07:59:13.130+00:00,True,40,40.0,,40.0,55152.246026,57559.043594,57559.043585,1438.976089625,42.691714,55152.246026,8710.583401898239,78.52861595,61.71275815384615,9.706878889750618,0.6949385796286863,37,64,,False,True,,40,59.56268577710819
50,2026-09-21T07:58:15.867+00:00,2026-09-21T07:59:12.614+00:00,2026-09-21T07:59:17.457+00:00,True,76,76.0,,76.0,56746.954159,61590.627247,61590.627314,810.4029909736843,43.403614000000005,56746.954159,6501.921921381783,81.17257950000001,64.58230784,10.238403014379958,1.233953986135153,37,64,,False,True,,228,59.56268577710819
51,2026-09-21T07:58:16.067+00:00,2026-09-21T07:59:13.828+00:00,2026-09-21T07:59:19.650+00:00,True,92,92.0,,92.0,57761.300195,63583.395811,63583.395927000005,691.1238687717391,0.01982,57761.300195,6016.469568492566,88.060449,63.97907270329671,116.10161289661136,1.446918630666843,37,64,,False,True,,276,59.56268577710819
52,2026-09-21T07:58:16.359+00:00,2026-09-21T07:59:15.149+00:00,2026-09-21T07:59:19.814+00:00,True,74,74.0,,74.0,58789.700711000005,63454.731111,63454.731011,857.4963650135136,0.015439999999999999,58789.700711000005,6828.16613181442,88.7258137,63.90452602739726,140.753108110894,1.1661856997006792,37,64,,False,True,,147,59.56268577710819
53,2026-09-21T07:58:16.635+00:00,2026-09-21T07:59:16.530+00:00,2026-09-21T07:59:21.419+00:00,True,78,78.0,,78.0,59894.725214,64783.931998,64783.932133999995,830.5632324871794,0.0,59894.725214,6777.315988820384,120.91953985,63.496192,194.78472151985858,1.2040022517066116,37,64,,False,True,,549,59.56268577710819
54,2026-09-21T07:58:16.862+00:00,2026-09-21T07:59:17.965+00:00,2026-09-21T07:59:19.421+00:00,True,18,18.0,,18.0,61102.632266,62558.909514,62558.909624,3475.494979111111,0.019600000000000003,61102.632266,14384.5604608898,10185.00404815,85.66336752941176,288.48861617951655,0.2877288005791053,37,64,,False,True,,40,59.56268577710819
55,2026-09-21T07:58:17.095+00:00,2026-09-21T07:59:19.552+00:00,2026-09-21T07:59:25.284+00:00,True,99,99.0,,99.0,62456.177442,68188.790562,68188.790526,688.7756618787879,0.0,62456.177442,6272.442770009595,81.25016799999999,58.49605224489796,125.34886437369843,1.4518515313742837,37,64,,False,True,,693,59.56268577710819
56,2026-09-21T07:58:17.375+00:00,2026-09-21T07:59:21.310+00:00,2026-09-21T07:59:26.388+00:00,True,92,92.0,,92.0,63934.633367,69012.983959,69012.983834,750.1411286304348,0.0,63934.633367,6659.869652962822,78.106131,55.80605046153846,23.649394357252188,1.3330824827782606,37,64,,False,True,,145,59.56268577710819
57,2026-09-21T07:58:17.661+00:00,2026-09-21T07:59:22.046+00:00,2026-09-21T07:59:27.082+00:00,True,79,79.0,,79.0,64384.872372,69420.927412,69420.927415,878.7459166455697,37.072153,64384.872372,7236.60792156707,79.929127,64.5648082051282,10.788781361171932,1.1379853733608316,37,64,,False,True,,234,59.56268577710819
58,2026-09-21T07:58:17.949+00:00,2026-09-21T07:59:23.661+00:00,2026-09-21T07:59:28.446+00:00,True,75,75.0,,75.0,65711.32335400001,70496.21193,70496.211825,939.9494910000001,37.320144,65711.32335400001,7580.231094658567,81.1688157,64.66065643243243,10.677511144727049,1.063886951464457,37,64,,False,True,,301,59.56268577710819
59,2026-09-21T07:58:18.265+00:00,2026-09-21T07:59:25.488+00:00,2026-09-21T07:59:26.256+00:00,True,13,13.0,,13.0,67222.858012,67990.671644,67990.671789,5230.051676076923,49.784704,67222.858012,18626.523130655733,26937.253032999997,63.98446933333334,10.982313802868628,0.19120270010080442,37,64,,False,True,,39,59.56268577710819
60,2026-09-21T07:58:18.589+00:00,2026-09-21T07:59:27.207+00:00,2026-09-21T07:59:28.556+00:00,True,22,22.0,,22.0,68617.86607999999,69967.120992,69967.12086899999,3180.323675863636,50.243144,68617.86607999999,14615.682170924061,81.1645535,64.2502339047619,8.147064665820947,0.3144334036913634,37,64,,False,True,,44,59.56268577710819
61,2026-09-21T07:58:18.781+00:00,2026-09-21T07:59:28.117+00:00,2026-09-21T07:59:30.368+00:00,True,36,36.0,,36.0,69335.70477,71586.817474,71586.817528,1988.522709111111,47.409624,69335.70477,11545.233926416848,76.3871695,64.31750582857143,8.03477091368649,0.5028858841654056,37,64,,False,True,,148,59.56268577710819
62,2026-09-21T07:58:18.979+00:00,2026-09-21T07:59:29.162+00:00,2026-09-21T07:59:32.827+00:00,True,54,54.0,,54.0,70182.365561,73847.756921,73847.756753,1367.5510509814815,0.0,70182.365561,9542.878747729077,81.36460149999999,69.1583275471698,180.75660019251265,0.7312341261464109,37,64,,False,True,,0,59.56268577710819
63,2026-09-21T07:58:19.219+00:00,2026-09-21T07:59:30.434+00:00,2026-09-21T07:59:35.463+00:00,True,81,81.0,,81.0,71215.696688,76244.208432,76244.20851,941.2865248148148,0.0,71215.696688,7908.494754166097,117.4885,62.8563968,204.9779030226912,1.0623757747087317,37,64,,False,True,,648,59.56268577710819
64,2026-09-21T07:58:19.427+00:00,2026-09-21T07:59:31.484+00:00,2026-09-21T07:59:36.920+00:00,True,87,87.0,,87.0,72056.60701899999,77492.96388299999,77492.96404699999,890.7237246781608,0.0,72056.60701899999,7721.325442977666,141.05753769999998,63.21345190697674,210.0163150505331,1.122682571947485,37,64,,False,True,,87,59.56268577710819
65,2026-09-21T07:58:19.691+00:00,2026-09-21T07:59:32.838+00:00,2026-09-21T07:59:35.368+00:00,True,42,42.0,,42.0,73146.26439,75676.207942,75676.20795299999,1801.8144750714284,0.01754,73146.26439,11278.704792213488,185.22207499999996,61.705940292682925,187.0049290397249,0.5549960964242524,37,64,,False,True,,82,59.56268577710819
66,2026-09-21T07:58:19.906+00:00,2026-09-21T07:59:34.766+00:00,2026-09-21T07:59:38.905+00:00,True,78,78.0,,78.0,74860.042758,78998.86259799999,78998.86246199999,1012.805929,0.01542,74860.042758,8470.263599659997,171.97842315000003,53.75090701298701,45.18802155566199,0.9873559876034813,37,64,,False,True,,158,59.56268577710819
67,2026-09-21T07:58:20.100+00:00,2026-09-21T07:59:35.085+00:00,2026-09-21T07:59:40.403+00:00,True,87,87.0,,87.0,74984.72659600001,80302.554436,80302.55454400001,923.0178683218392,0.029920000000000002,74984.72659600001,8032.621120767041,119.38263479999998,61.83520744186047,26.749167736998917,1.0834026465414341,37,64,,False,True,,261,59.56268577710819
68,2026-09-21T07:58:20.392+00:00,2026-09-21T07:59:36.792+00:00,2026-09-21T07:59:40.204+00:00,True,55,55.0,,55.0,76400.377326,79812.31127800001,79812.311326,1451.1329332,9.890341000000001,76400.377326,10293.322198993086,81.430815,63.183962074074074,18.963975506760203,0.6891167430100544,37,64,,False,True,,218,59.56268577710819
69,2026-09-21T07:58:20.602+00:00,2026-09-21T07:59:37.572+00:00,2026-09-21T07:59:40.715+00:00,True,52,52.0,,52.0,76969.740673,80113.01030499999,80113.01017899999,1540.6348111346153,42.591014,76969.740673,10665.240592512155,77.210451,61.63273788235294,10.37923858795905,0.649083086530261,37,64,,False,True,,283,59.56268577710819
70,2026-09-21T07:58:20.906+00:00,2026-09-21T07:59:39.505+00:00,2026-09-21T07:59:41.503+00:00,True,33,33.0,,33.0,78598.538971,80596.498907,80596.498986,2442.318151090909,40.985434,78598.538971,13671.384440566086,80.682129,62.436248,10.31687039655483,0.4094470659088874,37,64,,False,True,,33,59.56268577710819
71,2026-09-21T07:58:21.211+00:00,2026-09-21T07:59:40.947+00:00,2026-09-21T07:59:41.891+00:00,True,15,15.0,,15.0,79735.315356,80680.10255600001,80680.10257,5378.673504666667,49.148765,79735.315356,20570.148425263764,23976.908631699996,67.4848,11.581383943277245,0.18591944636645089,37,64,,False,True,,71,59.56268577710819
72,2026-09-21T07:58:21.475+00:00,2026-09-21T07:59:42.175+00:00,2026-09-21T07:59:45.129+00:00,True,46,46.0,,46.0,80700.517677,83654.35780499999,83654.35795599999,1818.5729990434781,48.198274,80700.517677,11888.969092272062,82.73095525000001,65.64089173333333,11.164095729438316,0.5498816942355464,37,64,,False,True,,184,59.56268577710819
73,2026-09-21T07:58:21.700+00:00,2026-09-21T07:59:43.171+00:00,2026-09-21T07:59:49.454+00:00,True,100,100.0,,100.0,81471.289651,87754.461747,87754.461744,877.54461744,0.0,81471.289651,8142.602669024875,77.53203955,63.46638480808081,173.04276909454427,1.1395431982513258,37,64,,False,True,,200,59.56268577710819
74,2026-09-21T07:58:22.038+00:00,2026-09-21T07:59:45.129+00:00,2026-09-21T07:59:47.630+00:00,True,40,40.0,,40.0,83090.829818,85592.11775399999,85592.117828,2139.8029457,0.0,83090.829818,13130.560405037313,159.25648539999997,64.1355881025641,278.94960691214675,0.4673327527070175,37,64,,False,True,,120,59.56268577710819
75,2026-09-21T07:58:22.290+00:00,2026-09-21T07:59:46.959+00:00,2026-09-21T07:59:46.959+00:00,True,7,7.0,,7.0,84669.498003,84669.498003,84669.498003,12095.642571857143,0.0,84669.498003,32002.062192659712,59268.648602099995,0.0,0.0,0.0826744006413263,37,64,,False,True,,21,59.56268577710819
76,2026-09-21T07:58:22.586+00:00,2026-09-21T07:59:47.764+00:00,2026-09-21T07:59:52.380+00:00,True,74,74.0,,74.0,85178.28672300001,89794.064771,89794.06477900001,1213.4333078243244,41.967214,85178.28672300001,9894.429249546412,78.06874884999999,63.2298362739726,9.879689266140675,0.8241079205927553,37,64,,False,True,,518,59.56268577710819
77,2026-09-21T07:58:22.849+00:00,2026-09-21T07:59:49.149+00:00,2026-09-21T07:59:55.071+00:00,True,92,92.0,,92.0,86299.52884700001,92222.09703900001,92222.09700800001,1002.4140979130435,0.016649999999999998,86299.52884700001,8991.729760471511,150.5619409,65.08316694505494,145.68470343922615,0.9975917155851911,37,64,,False,True,,697,59.56268577710819
78,2026-09-21T07:58:23.273+00:00,2026-09-21T07:59:49.591+00:00,2026-09-21T07:59:50.103+00:00,True,9,9.0,,9.0,86318.617742,86829.965966,86829.966147,9647.774016333333,51.966604,86318.617742,28751.567831315708,51821.5747836,63.918528,9.708265535446264,0.10365085255848343,37,64,,False,True,,63,59.56268577710819
79,2026-09-21T07:58:23.478+00:00,2026-09-21T07:59:52.379+00:00,2026-09-21T07:59:54.239+00:00,True,12,12.0,,12.0,88900.511596,90760.59402799999,90760.59396,7563.38283,0.01706,88900.511596,25618.039312810994,40830.8970558,169.0984029090909,443.2763849966138,0.13221597025134008,37,64,,False,True,,56,59.56268577710819
80,2026-09-21T07:58:23.693+00:00,2026-09-21T07:59:54.184+00:00,2026-09-21T07:59:54.706+00:00,True,21,21.0,,21.0,90491.000833,91012.73267299999,91012.732559,4333.939645666666,0.01583,90491.000833,19741.10039417534,109.630069,26.086592,39.56568328232244,0.23073694617489385,37,64,,False,True,,109,59.56268577710819
81,2026-09-21T07:58:23.918+00:00,2026-09-21T07:59:54.650+00:00,2026-09-21T07:59:55.228+00:00,True,12,12.0,,12.0,90731.63614,91310.25118,91310.251101,7609.18759175,0.024079999999999997,90731.63614,26176.931005209248,40967.2684936,52.60136727272727,92.45676753760574,0.1314200743610308,37,64,,False,True,,78,59.56268577710819
82,2026-09-21T07:58:24.167+00:00,2026-09-21T07:59:56.149+00:00,2026-09-21T08:00:02.879+00:00,True,94,94.0,,94.0,91981.990067,98712.360627,98712.360629,1050.1314960531915,0.0,91981.990067,9481.693759882492,80.96145715,72.3695759139785,192.84561388876185,0.9522616965386292,37,64,,False,True,,846,59.56268577710819
83,2026-09-21T07:58:24.444+00:00,2026-09-21T07:59:57.314+00:00,2026-09-21T07:59:57.314+00:00,True,1,1.0,,1.0,92870.08408,92870.08408,92870.08408,92870.08408,92870.08408,92870.08408,nan,92870.08408,nan,nan,0.010767730102823872,37,64,,False,True,,3,59.56268577710819
84,2026-09-21T07:58:24.716+00:00,2026-09-21T07:59:58.898+00:00,2026-09-21T08:00:03.867+00:00,True,80,80.0,,80.0,94181.76634100001,99151.39168500001,99151.39167900001,1239.3923959875,0.0,94181.76634100001,10524.91694755746,75.23806200000001,62.90664992405063,212.01145704353053,0.8068469704808259,37,64,,False,True,,467,59.56268577710819
85,2026-09-21T07:58:24.998+00:00,2026-09-21T08:00:00.361+00:00,2026-09-21T08:00:06.486+00:00,True,96,96.0,,96.0,95363.09595999999,101488.333976,101488.33410899999,1057.1701469687498,0.0,95363.09595999999,9728.280312599403,76.87386375,64.47618964210527,193.56753739169338,0.9459215285049621,37,64,,False,True,,573,59.56268577710819
86,2026-09-21T07:58:25.224+00:00,2026-09-21T08:00:02.906+00:00,2026-09-21T08:00:05.729+00:00,True,67,67.0,,67.0,97681.237701,100504.54470900001,100504.54478000001,1500.0678325373135,0.0,97681.237701,11928.478633728717,76.31845299999999,42.777378909090906,31.96830301164852,0.6666365207065135,37,64,,False,True,,181,59.56268577710819
87,2026-09-21T07:58:25.571+00:00,2026-09-21T08:00:03.274+00:00,2026-09-21T08:00:09.201+00:00,True,95,95.0,,95.0,97703.156077,103629.619309,103629.61928900001,1090.8380977789475,46.727343999999995,97703.156077,10017.667801841528,78.46702600000002,63.04748119148936,9.034280203990253,0.9167263243217324,37,64,,False,True,,95,59.56268577710819
88,2026-09-21T07:58:25.828+00:00,2026-09-21T08:00:04.494+00:00,2026-09-21T08:00:04.494+00:00,True,1,1.0,,1.0,98666.07068799999,98666.07068799999,98666.07068799999,98666.07068799999,98666.07068799999,98666.07068799999,nan,98666.07068799999,nan,nan,0.010135196355008211,37,64,,False,True,,11,59.56268577710819
89,2026-09-21T07:58:26.143+00:00,2026-09-21T08:00:05.780+00:00,2026-09-21T08:00:07.546+00:00,True,30,30.0,,30.0,99636.416528,101402.73384,101402.733803,3380.0911267666665,42.706244,99636.416528,18179.91936385823,76.41375805,60.907493517241384,8.397485857520957,0.2958500117692685,37,64,,False,True,,36,59.56268577710819
90,2026-09-21T07:58:26.351+00:00,2026-09-21T08:00:06.674+00:00,2026-09-21T08:00:10.641+00:00,True,66,66.0,,66.0,100322.916206,104289.37815799999,104289.377975,1580.142090530303,44.813384,100322.916206,12341.389101793395,74.938987,61.02249156923077,8.837785722911145,0.6328544782385125,37,64,,False,True,,198,59.56268577710819
91,2026-09-21T07:58:26.654+00:00,2026-09-21T08:00:08.644+00:00,2026-09-21T08:00:12.261+00:00,True,58,58.0,,58.0,101989.672317,105607.195517,105607.195345,1820.8137128448277,43.849314,101989.672317,13383.569642800909,75.95133285,63.46531929824562,9.020564002335398,0.5492050017620581,37,64,,True,True,,87,59.56268577710819
92,2026-09-21T07:58:26.956+00:00,2026-09-21T08:00:10.247+00:00,2026-09-21T08:00:14.615+00:00,True,69,69.0,,69.0,103291.434307,107659.147331,107659.147261,1560.2774965362319,43.105523999999996,103291.434307,12427.098410238134,77.72595100000001,64.23107388235294,9.379045349787319,0.6409116337124448,37,64,,True,True,,296,59.56268577710819
93,2026-09-21T07:58:27.200+00:00,2026-09-21T08:00:11.434+00:00,2026-09-21T08:00:17.100+00:00,True,91,91.0,,91.0,104233.336125,109899.192381,109899.192412,1207.683433098901,40.682254,104233.336125,10920.026935014821,76.74953599999999,62.9539584,9.075008727556543,0.828031562638968,37,64,,True,True,,99,59.56268577710819
94,2026-09-21T07:58:27.483+00:00,2026-09-21T08:00:13.036+00:00,2026-09-21T08:00:16.488+00:00,True,56,56.0,,56.0,105552.403717,109004.276485,109004.27661,1946.5049394642856,43.568504999999995,105552.403717,14096.649095564784,76.31175400000001,62.76132305454546,8.769766873732369,0.5137413118622564,37,64,,True,True,,164,59.56268577710819
95,2026-09-21T07:58:27.708+00:00,2026-09-21T08:00:14.173+00:00,2026-09-21T08:00:20.466+00:00,True,100,100.0,,100.0,106464.931434,112758.359146,112758.35896,1127.5835896,42.405924,106464.931434,10640.140230832783,77.10686895,63.56997688888889,9.370986942616058,0.8868522099591709,37,64,,True,True,,1200,59.56268577710819
96,2026-09-21T07:58:27.968+00:00,2026-09-21T08:00:15.730+00:00,2026-09-21T08:00:19.809+00:00,True,65,65.0,,65.0,107761.931104,111840.8792,111840.878964,1720.6289071384615,41.297273000000004,107761.931104,13358.320727954442,77.1090968,63.733564,9.577700087847463,0.5811828417743699,37,64,,True,True,,456,59.56268577710819
97,2026-09-21T07:58:28.223+00:00,2026-09-21T08:00:16.973+00:00,2026-09-21T08:00:16.973+00:00,True,1,1.0,,1.0,108749.53273600001,108749.53273600001,108749.53273600001,108749.53273600001,108749.53273600001,108749.53273600001,nan,108749.53273600001,nan,nan,0.009195441808725714,37,64,,True,True,,2,59.56268577710819
98,2026-09-21T07:58:28.561+00:00,2026-09-21T08:00:18.659+00:00,2026-09-21T08:00:22.994+00:00,True,70,70.0,,70.0,110098.381488,114433.518,114433.517999,1634.764542842857,45.439424,110098.381488,13151.767372947212,77.37793845000002,62.82806539130435,9.275536778152679,0.6117088876005717,37,64,,True,True,,245,59.56268577710819
99,2026-09-21T07:58:28.804+00:00,2026-09-21T08:00:19.882+00:00,2026-09-21T08:00:23.066+00:00,True,52,52.0,,52.0,111077.360172,114261.289004,114261.288819,2197.3324772884616,45.328723,111077.360172,15395.003183829596,75.86914845,62.42997709803922,8.485252131311695,0.45509726394019245,37,64,,True,True,,260,59.56268577710819
100,2026-09-21T07:58:29.089+00:00,2026-09-21T08:00:21.228+00:00,2026-09-21T08:00:26.443+00:00,True,85,85.0,,85.0,112139.166653,117354.21151699999,117354.21156099999,1380.637783070588,42.881953,112139.166653,12156.469684938505,76.78350919999998,62.08386742857142,8.935902803241587,0.7243029363942927,37,64,,True,True,,91,59.56268577710819
101,2026-09-21T07:58:29.299+00:00,2026-09-21T08:00:21.914+00:00,2026-09-21T08:00:22.733+00:00,True,15,15.0,,15.0,112615.632412,113434.10844400001,113434.108273,7562.273884866667,45.786072999999995,112615.632412,29062.137614132316,33836.8148778,58.46257371428572,9.1092975636345,0.13223535853332138,37,64,,True,True,,30,59.56268577710819
102,2026-09-21T07:58:29.505+00:00,2026-09-21T08:00:23.309+00:00,2026-09-21T08:00:27.293+00:00,True,64,64.0,,64.0,113804.262534,117787.926406,117787.92654,1840.4363521875,41.059152999999995,113804.262534,14217.631979717418,78.85882849999999,63.23275987301587,9.702719816163977,0.543349407301731,37,64,,True,True,,194,59.56268577710819
103,2026-09-21T07:58:29.848+00:00,2026-09-21T08:00:25.259+00:00,2026-09-21T08:00:25.259+00:00,True,1,1.0,,1.0,115411.006453,115411.006453,115411.006453,115411.006453,115411.006453,115411.006453,nan,115411.006453,nan,nan,0.008664684857481423,37,64,,True,True,,3,59.56268577710819
104,2026-09-21T07:58:30.108+00:00,2026-09-21T08:00:26.579+00:00,2026-09-21T08:00:30.401+00:00,True,62,62.0,,62.0,116471.746465,120293.26070500001,120293.26082000001,1940.2138841935484,42.036563,116471.746465,14783.974038068885,81.05331300000002,62.6477744262295,10.575669376987497,0.5154070946006285,37,64,,True,True,,184,59.56268577710819
105,2026-09-21T07:58:30.322+00:00,2026-09-21T08:00:27.627+00:00,2026-09-21T08:00:32.073+00:00,True,72,72.0,,72.0,117305.364281,121751.214649,121751.214642,1690.98909225,41.544673,117305.364281,13817.193577686972,76.7829155,62.61761081690141,9.726311883887004,0.5913698701698444,37,64,,True,True,,145,59.56268577710819
106,2026-09-21T07:58:30.527+00:00,2026-09-21T08:00:28.684+00:00,2026-09-21T08:00:33.360+00:00,True,75,75.0,,75.0,118156.628468,122832.957428,122832.957285,1637.7727638,42.605373,118156.628468,13636.258278690832,75.68115600000002,63.1936345945946,9.107574543700167,0.6105853149710422,37,64,,True,True,,891,59.56268577710819
107,2026-09-21T07:58:30.868+00:00,2026-09-21T08:00:30.591+00:00,2026-09-21T08:00:34.869+00:00,True,67,67.0,,67.0,119722.81149400001,124001.59856600002,124001.598402,1850.7701254029853,44.399563,119722.81149400001,14618.55134645708,78.4910887,64.83010715151515,8.167993438416758,0.5403156150792617,37,64,,True,True,,90,59.56268577710819
108,2026-09-21T07:58:31.157+00:00,2026-09-21T08:00:32.005+00:00,2026-09-21T08:00:38.010+00:00,True,97,97.0,,97.0,120847.745979,126852.788155,126852.788325,1307.7607043814432,44.616033,120847.745979,12263.881389164613,75.12749200000002,62.55252266666666,8.75328336932016,0.7646658887897425,37,64,,True,True,,841,59.56268577710819
109,2026-09-21T07:58:31.399+00:00,2026-09-21T08:00:32.981+00:00,2026-09-21T08:00:36.057+00:00,True,50,50.0,,50.0,121582.49160699999,124658.29755899998,124658.29751499998,2493.1659502999996,43.080763,121582.49160699999,17185.48638336107,78.1261925,62.77155004081633,9.846452810250335,0.4010964450748681,37,64,,True,True,,200,59.56268577710819
110,2026-09-21T07:58:31.605+00:00,2026-09-21T08:00:34.110+00:00,2026-09-21T08:00:38.275+00:00,True,69,69.0,,69.0,122504.32672900001,126669.838153,126669.83802800001,1835.7947540289856,43.111874,122504.32672900001,14740.416290287445,77.426179,61.25752094117647,9.393459567604664,0.5447232032984628,37,64,,True,True,,135,59.56268577710819
111,2026-09-21T07:58:31.932+00:00,2026-09-21T08:00:35.768+00:00,2026-09-21T08:00:36.595+00:00,True,15,15.0,,15.0,123835.821098,124662.666026,124662.66587900001,8310.844391933333,41.348803999999994,123835.821098,31959.023932413333,37207.2742449,59.060352,10.908080480290732,0.12032471691943085,37,64,,True,True,,62,59.56268577710819
112,2026-09-21T07:58:32.218+00:00,2026-09-21T08:00:37.229+00:00,2026-09-21T08:00:39.820+00:00,True,42,42.0,,42.0,125010.924147,127601.673587,127601.673619,3038.1350861666665,42.746383,125010.924147,19279.857075113112,78.76452149999999,63.18901073170732,10.840898665072318,0.3291492879312748,37,64,,True,True,,294,59.56268577710819
113,2026-09-21T07:58:32.453+00:00,2026-09-21T08:00:38.459+00:00,2026-09-21T08:00:42.933+00:00,True,69,69.0,,69.0,126006.38530400001,130479.91823200001,130479.918306,1891.0133087826089,39.221333,126006.38530400001,15161.469293846018,77.9213,65.78724894117647,9.542752012625291,0.5288170082794997,37,64,,True,True,,280,59.56268577710819
114,2026-09-21T07:58:32.661+00:00,2026-09-21T08:00:39.446+00:00,2026-09-21T08:00:40.967+00:00,True,24,24.0,,24.0,126785.067156,128306.16258,128306.162719,5346.090113291667,49.362983,126785.067156,25866.394906114423,78.8809905,66.13458365217392,7.752695117087749,0.187052589816454,37,64,,True,True,,96,59.56268577710819
115,2026-09-21T07:58:33.436+00:00,2026-09-21T08:00:41.083+00:00,2026-09-21T08:00:46.531+00:00,True,85,85.0,,85.0,127647.746377,133095.127625,133095.12765100002,1565.8250311882352,41.018483,127647.746377,13838.311388333505,78.72115840000001,64.84977676190476,9.619633827309533,0.6386409594158124,37,64,,True,True,,510,59.56268577710819
117,2026-09-21T07:58:33.476+00:00,2026-09-21T08:00:42.581+00:00,2026-09-21T08:00:46.602+00:00,True,63,63.0,,63.0,129105.185625,133126.069593,133126.069663,2113.1122168730158,48.107814,129105.185625,16257.556359601567,78.7399839,64.85296722580645,9.23944322084904,0.47323563440734717,37,64,,True,True,,252,59.56268577710819
116,2026-09-21T07:58:33.461+00:00,2026-09-21T08:00:42.793+00:00,2026-09-21T08:00:44.275+00:00,True,24,24.0,,24.0,129331.547582,130813.814462,130813.814362,5450.575598416666,45.800323,129331.547582,26386.538362527037,78.07345685,64.44638608695652,10.030037906876387,0.18346686165146375,37,64,,True,True,,96,59.56268577710819
118,2026-09-21T07:58:33.612+00:00,2026-09-21T08:00:44.750+00:00,2026-09-21T08:00:45.751+00:00,True,17,17.0,,17.0,131137.954581,132138.968085,132138.968045,7772.880473235294,50.001993999999996,131137.954581,31790.453217046932,26291.879697000004,62.563344,9.302225220001445,0.12865243498090997,37,64,,True,True,,62,59.56268577710819
119,2026-09-21T07:58:33.805+00:00,2026-09-21T08:00:45.941+00:00,2026-09-21T08:00:49.168+00:00,True,51,51.0,,51.0,132136.533789,135362.98626900002,135362.986309,2654.176202137255,43.301983,132136.533789,18493.781804976155,77.45498549999998,64.52904960000001,8.722169700969106,0.3767647375823276,37,64,,True,True,,255,59.56268577710819
120,2026-09-21T07:58:34.093+00:00,2026-09-21T08:00:47.579+00:00,2026-09-21T08:00:53.242+00:00,True,91,91.0,,91.0,133485.55207099998,139148.62304699997,139148.623222,1529.1057496923074,43.320363,133485.55207099998,13986.494783085136,77.757371,62.92301084444445,9.043716219707651,0.6539770067955548,37,64,,True,True,,640,59.56268577710819
121,2026-09-21T07:58:34.417+00:00,2026-09-21T08:00:49.169+00:00,2026-09-21T08:00:53.428+00:00,True,69,69.0,,69.0,134752.37924500002,139011.596909,139011.59685200002,2014.6608239420293,45.172483,134752.37924500002,16214.74245251403,77.923982,62.63555388235294,9.524597725105126,0.4963614657643915,37,64,,True,True,,756,59.56268577710819
122,2026-09-21T07:58:34.676+00:00,2026-09-21T08:00:50.576+00:00,2026-09-21T08:00:56.796+00:00,True,100,100.0,,100.0,135900.463923,142120.662579,142120.662676,1421.20662676,42.663323,135900.463923,13583.766540428167,75.8060275,62.83028945454545,9.337926098963743,0.7036274542022588,37,64,,True,True,,900,59.56268577710819
123,2026-09-21T07:58:34.929+00:00,2026-09-21T08:00:51.785+00:00,2026-09-21T08:00:55.071+00:00,True,53,53.0,,53.0,136856.058467,140142.05731499998,140142.05736099998,2644.189761528302,40.826643,136856.058467,18789.94783552928,78.2379994,63.19228553846153,9.967346014387932,0.3781876833795217,37,64,,True,True,,265,59.56268577710819
124,2026-09-21T07:58:35.123+00:00,2026-09-21T08:00:52.860+00:00,2026-09-21T08:00:53.092+00:00,True,5,5.0,,5.0,137737.182506,137968.749866,137968.74977300002,27593.749954600004,51.230093000000004,137737.182506,61572.05102465191,110203.69591980001,57.89184,8.201048682523473,0.036240090635424126,37,64,,True,True,,35,59.56268577710819
125,2026-09-21T07:58:35.454+00:00,2026-09-21T08:00:54.519+00:00,2026-09-21T08:01:00.302+00:00,True,93,93.0,,93.0,139064.327486,144847.80140599998,144847.80127599998,1557.5032395268818,41.345563,139064.327486,14413.783555288916,76.03420700000001,62.86384695652174,9.696493300356288,0.6420532386220099,37,64,,True,True,,465,59.56268577710819
126,2026-09-21T07:58:35.747+00:00,2026-09-21T08:00:56.236+00:00,2026-09-21T08:00:57.799+00:00,True,26,26.0,,26.0,140488.685984,142051.705504,142051.70537900002,5463.527129961539,46.614603,140488.685984,27539.838481475355,76.55668525000002,62.5207808,9.842809496822609,0.18303194535927533,37,64,,True,True,,54,59.56268577710819
127,2026-09-21T07:58:36.053+00:00,2026-09-21T08:00:57.803+00:00,2026-09-21T08:00:58.362+00:00,True,10,10.0,,10.0,141749.789888,142308.554432,142308.554549,14230.8554549,47.048164,141749.789888,44805.58734327527,77996.03871215,62.084949333333334,9.748016018370098,0.07026984456354905,37,64,,True,True,,80,59.56268577710819
128,2026-09-21T07:58:36.290+00:00,2026-09-21T08:00:58.956+00:00,2026-09-21T08:01:03.397+00:00,True,70,70.0,,70.0,142666.306079,147107.262239,147107.262059,2101.5323151285716,42.420953000000004,142666.306079,17044.19523531672,76.4142794,64.36168347826087,9.956946651856775,0.47584326521061526,37,64,,True,True,,70,59.56268577710819
129,2026-09-21T07:58:36.557+00:00,2026-09-21T08:01:00.229+00:00,2026-09-21T08:01:03.601+00:00,True,53,53.0,,53.0,143671.132105,147043.208649,147043.208746,2774.400165018868,43.146454,143671.132105,19725.842901216216,78.10784939999999,64.84762584615385,10.380609752019954,0.360438271763464,37,64,,True,True,,106,59.56268577710819
130,2026-09-21T07:58:36.753+00:00,2026-09-21T08:01:01.206+00:00,2026-09-21T08:01:03.201+00:00,True,32,32.0,,32.0,144453.032338,146448.13761799998,146448.137516,4576.504297375,44.139204,144453.032338,25524.554711277295,76.79697254999999,64.35823483870968,10.435649702639132,0.21850738780625417,37,64,,True,True,,187,59.56268577710819
131,2026-09-21T07:58:37.044+00:00,2026-09-21T08:01:02.770+00:00,2026-09-21T08:01:05.257+00:00,True,41,41.0,,41.0,145726.633754,148213.390618,148213.390619,3614.9607468048785,45.946653,145726.633754,22748.969157950647,76.366016,62.168921600000004,8.936989089127605,0.27662817663804723,37,64,,True,True,,164,59.56268577710819
132,2026-09-21T07:58:37.254+00:00,2026-09-21T08:01:03.736+00:00,2026-09-21T08:01:09.653+00:00,True,96,96.0,,96.0,146481.881324,152399.31338799998,152399.31354399998,1587.4928494166666,41.603103000000004,146481.881324,14943.890392655176,77.339191,62.28875856842105,9.99000890987571,0.6299240978572487,37,64,,True,True,,352,59.56268577710819
133,2026-09-21T07:58:37.553+00:00,2026-09-21T08:01:05.457+00:00,2026-09-21T08:01:11.591+00:00,True,98,98.0,,98.0,147903.75304100002,154037.542225,154037.54236700002,1571.8116568061225,43.570823,147903.75304100002,14934.15058316599,77.6852875,63.23494004123712,9.560346972683933,0.63620854101173,37,64,,True,True,,98,59.56268577710819
134,2026-09-21T07:58:37.791+00:00,2026-09-21T08:01:06.939+00:00,2026-09-21T08:01:07.338+00:00,True,7,7.0,,7.0,149147.114978,149546.233314,149546.233167,21363.747595285713,52.724914,149147.114978,56347.16914358902,104426.18305639998,66.51972266666667,8.327042080963027,0.0468082668809331,37,64,,True,True,,28,59.56268577710819
135,2026-09-21T07:58:38.091+00:00,2026-09-21T08:01:08.678+00:00,2026-09-21T08:01:12.982+00:00,True,69,69.0,,69.0,150587.779564,154890.899692,154890.899553,2244.795645695652,45.380445,150587.779564,18121.0227835957,78.11150200000002,63.281178352941176,9.844776188289005,0.4454748480201629,37,64,,True,True,,405,59.56268577710819
136,2026-09-21T07:58:38.320+00:00,2026-09-21T08:01:09.893+00:00,2026-09-21T08:01:14.236+00:00,True,68,68.0,,68.0,151572.43540000002,155916.05012000003,155916.050113,2292.883089897059,48.424844,151572.43540000002,18372.99900316694,80.09229264999999,64.83007044776119,10.796753589302295,0.4361321361570161,37,64,,True,True,,273,59.56268577710819
137,2026-09-21T07:58:38.522+00:00,2026-09-21T08:01:11.165+00:00,2026-09-21T08:01:15.872+00:00,True,75,75.0,,75.0,152642.590155,157349.76967500002,157349.769773,2097.996930306667,42.739603,152642.590155,17618.306141586105,79.26224669999999,63.61053405405405,10.608001835393367,0.47664512096147116,37,64,,True,True,,218,59.56268577710819
138,2026-09-21T07:58:38.849+00:00,2026-09-21T08:01:12.813+00:00,2026-09-21T08:01:15.802+00:00,True,48,48.0,,48.0,153963.730142,156953.07004599998,156953.07005399998,3269.8556261249996,45.790633,153963.730142,22213.572504423402,79.35489265,63.602976680851064,10.743297083791356,0.3058239000099336,37,64,,True,True,,480,59.56268577710819
139,2026-09-21T07:58:39.154+00:00,2026-09-21T08:01:14.574+00:00,2026-09-21T08:01:17.980+00:00,True,55,55.0,,55.0,155420.478443,158826.058475,158826.058365,2887.7465157272727,46.798204,155420.478443,20948.390839469295,75.277947,63.066296888888886,8.415049810254676,0.34629078205486835,37,64,,True,True,,245,59.56268577710819
140,2026-09-21T07:58:39.379+00:00,2026-09-21T08:01:15.950+00:00,2026-09-21T08:01:19.704+00:00,True,60,60.0,,60.0,156571.04437000002,160324.962066,160324.96219900003,2672.082703316667,46.901794,156571.04437000002,20205.023169625612,77.43179649999999,63.62572366101695,9.732066876363195,0.3742399139024911,37,64,,True,True,,706,59.56268577710819
141,2026-09-21T07:58:39.710+00:00,2026-09-21T08:01:17.371+00:00,2026-09-21T08:01:19.377+00:00,True,33,33.0,,33.0,157660.251461,159666.734661,159666.73470200002,4838.385900060606,44.870534,157660.251461,27434.213963566763,87.70547979999999,62.7026,10.83747970710972,0.20668049653589202,37,64,,True,True,,165,59.56268577710819
142,2026-09-21T07:58:39.926+00:00,2026-09-21T08:01:18.558+00:00,2026-09-21T08:01:23.031+00:00,True,72,72.0,,72.0,158631.370077,163104.221533,163104.221627,2265.336411486111,43.684143,158631.370077,18687.46474075395,75.87863095,62.997907830985916,10.425452442707591,0.4414355393335581,37,64,,True,True,,360,59.56268577710819
143,2026-09-21T07:58:40.232+00:00,2026-09-21T08:01:20.162+00:00,2026-09-21T08:01:23.898+00:00,True,60,60.0,,60.0,159930.449275,163666.174587,163666.174512,2727.7695752,42.823633,159930.449275,20638.760547538022,76.6580786,63.31737816949152,10.37990811406637,0.36659988022207857,37,64,,True,True,,162,59.56268577710819
144,2026-09-21T07:58:40.562+00:00,2026-09-21T08:01:21.971+00:00,2026-09-21T08:01:23.697+00:00,True,28,28.0,,28.0,161408.907183,163134.635439,163134.635656,5826.2369877142855,46.657212,161408.907183,30491.339159064606,77.8844035,63.91586133333334,10.829184310678196,0.17163737133228144,37,64,,True,True,,28,59.56268577710819
145,2026-09-21T07:58:40.830+00:00,2026-09-21T08:01:23.435+00:00,2026-09-21T08:01:26.943+00:00,True,57,57.0,,57.0,162605.206304,166112.61007999998,166112.61016399998,2914.2563186666666,46.956512000000004,162605.206304,21529.29197891203,78.115288,62.63221028571429,9.595931483417065,0.34314071624393083,37,64,,True,True,,284,59.56268577710819
146,2026-09-21T07:58:41.098+00:00,2026-09-21T08:01:24.806+00:00,2026-09-21T08:01:29.695+00:00,True,79,79.0,,79.0,163707.422682,168596.819162,168596.819086,2134.1369504556965,44.392793,163707.422682,18411.47390113717,76.49652209999999,62.684570256410254,9.4834185973397,0.4685734902512668,37,64,,True,True,,101,59.56268577710819
147,2026-09-21T07:58:41.331+00:00,2026-09-21T08:01:25.843+00:00,2026-09-21T08:01:30.791+00:00,True,80,80.0,,80.0,164511.482354,169459.93701,169459.937,2118.2492125,41.421012000000005,164511.482354,18385.94213874554,77.807715,62.63866653164557,9.597825777121585,0.47208798381223943,37,64,,True,True,,947,59.56268577710819
148,2026-09-21T07:58:41.667+00:00,2026-09-21T08:01:27.501+00:00,2026-09-21T08:01:28.244+00:00,True,13,13.0,,13.0,165834.331718,166576.632134,166576.632148,12813.587088307693,45.481851999999996,165834.331718,45977.01294920728,66379.8231596,61.858368,10.978611867710052,0.07804215893584851,37,64,,True,True,,26,59.56268577710819
149,2026-09-21T07:58:41.903+00:00,2026-09-21T08:01:28.563+00:00,2026-09-21T08:01:32.673+00:00,True,67,67.0,,67.0,166659.657731,170769.883139,170769.88305200002,2548.8042246567165,41.778652,166659.657731,20353.111515139277,75.8068403,62.27614254545455,9.03525336834693,0.3923408435283909,37,64,,True,True,,283,59.56268577710819
150,2026-09-21T07:58:42.187+00:00,2026-09-21T08:01:29.959+00:00,2026-09-21T08:01:33.232+00:00,True,54,54.0,,54.0,167771.568547,171044.47427500002,171044.474303,3167.4902648703705,45.919873,167771.568547,22822.416702644427,76.6269885,61.75293826415094,8.438521058199404,0.3157073634146197,37,64,,True,True,,109,59.56268577710819
151,2026-09-21T07:58:42.505+00:00,2026-09-21T08:01:31.701+00:00,2026-09-21T08:01:33.227+00:00,True,26,26.0,,26.0,169196.028318,170722.086046,170722.0862,6566.234084615385,42.940382,169196.028318,33170.10081911115,73.898214,61.04230912,8.508475638293815,0.15229429655044432,37,64,,True,True,,81,59.56268577710819
152,2026-09-21T07:58:42.705+00:00,2026-09-21T08:01:32.622+00:00,2026-09-21T08:01:35.400+00:00,True,44,44.0,,44.0,169916.945226,172695.24692200002,172695.247126,3924.891980136364,48.348202,169916.945226,25606.20412681389,76.662965,64.61166734883722,8.543334598854653,0.2547840822734001,37,64,,True,True,,132,59.56268577710819
154,2026-09-21T07:58:43.507+00:00,2026-09-21T08:01:34.490+00:00,2026-09-21T08:01:39.008+00:00,True,72,72.0,,72.0,170983.585944,175501.288088,175501.287989,2437.5178887361108,43.440452,170983.585944,20143.11251344445,76.85859199999999,63.62960766197183,10.078164262699335,0.4102533991881456,37,64,,True,True,,362,59.56268577710819
153,2026-09-21T07:58:43.491+00:00,2026-09-21T08:01:35.108+00:00,2026-09-21T08:01:40.219+00:00,True,81,81.0,,81.0,171617.07689899998,176727.528867,176727.52880499998,2181.8213432716047,43.434532,171617.07689899998,19061.46875550042,77.902546,63.8806496,9.834908599905072,0.45833266904873804,37,64,,True,True,,243,59.56268577710819
155,2026-09-21T07:58:43.578+00:00,2026-09-21T08:01:37.550+00:00,2026-09-21T08:01:39.397+00:00,True,30,30.0,,30.0,173972.090992,175819.24440000003,175819.244402,5860.641480066667,45.341532,173972.090992,31751.18528630138,77.49617800000001,63.694945103448276,9.826626556824351,0.17062978573464962,37,64,,True,True,,88,59.56268577710819
156,2026-09-21T07:58:43.669+00:00,2026-09-21T08:01:37.795+00:00,2026-09-21T08:01:37.869+00:00,True,2,2.0,,2.0,174125.514586,174200.211034,174200.21105,87100.105525,74.696464,174125.514586,123072.51376513264,165422.9736799,74.696448,nan,0.011481042348505792,37,64,,True,True,,5,59.56268577710819
157,2026-09-21T07:58:43.923+00:00,2026-09-21T08:01:39.009+00:00,2026-09-21T08:01:44.297+00:00,True,86,86.0,,86.0,175085.948915,180373.81477099998,180373.814911,2097.369940825581,44.850882,175085.948915,18873.297452793577,77.07829149999999,62.21018654117647,9.432682034773089,0.47678760971588013,37,64,,True,True,,430,59.56268577710819
158,2026-09-21T07:58:44.154+00:00,2026-09-21T08:01:39.989+00:00,2026-09-21T08:01:42.277+00:00,True,38,38.0,,38.0,175835.40455399998,178122.92045799998,178122.92034699998,4687.445272289473,46.218423,175835.40455399998,28514.241230872336,77.5789145,61.824754162162165,8.789331880377034,0.2133358239483846,37,64,,True,True,,140,59.56268577710819
159,2026-09-21T07:58:44.366+00:00,2026-09-21T08:01:40.909+00:00,2026-09-21T08:01:45.836+00:00,True,81,81.0,,81.0,176543.325142,181470.46267799998,181470.46256999997,2240.376081111111,44.144352,176543.325142,19609.08386646708,76.05370699999999,61.5892192,9.126130433067699,0.44635363135501493,37,64,,True,True,,162,59.56268577710819
160,2026-09-21T07:58:44.662+00:00,2026-09-21T08:01:42.454+00:00,2026-09-21T08:01:42.848+00:00,True,8,8.0,,8.0,177792.072635,178186.143675,178186.14362599998,22273.267953249997,40.766632,177792.072635,62839.08773622411,115591.05719865,56.29586285714286,13.408750345931514,0.04489686927952985,37,64,,True,True,,32,59.56268577710819
161,2026-09-21T07:58:44.959+00:00,2026-09-21T08:01:43.984+00:00,2026-09-21T08:01:45.716+00:00,True,29,29.0,,29.0,179025.13275699998,180756.830933,180756.830861,6232.994167620689,45.448523,179025.13275699998,33232.64940066843,77.90433680000001,61.84636342857142,9.865550927651391,0.16043653703327676,37,64,,True,True,,174,59.56268577710819
162,2026-09-21T07:58:45.277+00:00,2026-09-21T08:01:45.496+00:00,2026-09-21T08:01:48.713+00:00,True,52,52.0,,52.0,180218.446666,183436.265802,183436.265969,3527.620499403846,44.444173,180218.446666,24983.053714166806,77.76368645000001,63.0944928627451,8.489891743783527,0.2834772054078362,37,64,,True,True,,104,59.56268577710819
163,2026-09-21T07:58:45.502+00:00,2026-09-21T08:01:46.776+00:00,2026-09-21T08:01:48.219+00:00,True,23,23.0,,23.0,181273.715571,182716.910707,182716.91087000002,7944.213516086957,51.621482,181273.715571,37784.505071420586,81.8155759,65.5997789090909,8.83598345257147,0.12587778498993007,37,64,,True,True,,138,59.56268577710819
164,2026-09-21T07:58:45.686+00:00,2026-09-21T08:01:47.700+00:00,2026-09-21T08:01:53.771+00:00,True,97,97.0,,97.0,182013.618963,188084.68993899997,188084.690091,1939.0174236185564,44.123763,182013.618963,18474.26414648575,77.0587902,63.240322666666664,9.118586705705837,0.5157251237804589,37,64,,True,True,,679,59.56268577710819
165,2026-09-21T07:58:45.899+00:00,2026-09-21T08:01:48.836+00:00,2026-09-21T08:01:48.836+00:00,True,1,1.0,,1.0,182936.84288100002,182936.84288100002,182936.84288100002,182936.84288100002,182936.84288100002,182936.84288100002,nan,182936.84288100002,nan,nan,0.005466367431794467,37,64,,True,True,,3,59.56268577710819
166,2026-09-21T07:58:46.170+00:00,2026-09-21T08:01:50.583+00:00,2026-09-21T08:01:50.913+00:00,True,6,6.0,,6.0,184412.692328,184743.023464,184743.023345,30790.503890833334,55.185283000000005,184412.692328,75259.19538402277,138327.8341715,66.0662272,8.845633456349137,0.03247754576869958,37,64,,True,True,,48,59.56268577710819
167,2026-09-21T07:58:46.393+00:00,2026-09-21T08:01:51.271+00:00,2026-09-21T08:01:55.405+00:00,True,66,66.0,,66.0,184878.376572,189012.73433200002,189012.73438500002,2863.8293088636365,42.894972,184878.376572,22749.127207838093,74.80196225,63.605504,8.275873122940443,0.3491828221693852,37,64,,True,True,,330,59.56268577710819
168,2026-09-21T07:58:46.730+00:00,2026-09-21T08:01:52.768+00:00,2026-09-21T08:01:58.149+00:00,True,86,86.0,,86.0,186038.26541800002,191418.85524200002,191418.85522900004,2225.8006421976747,41.322402000000004,186038.26541800002,20054.198132730402,75.99758399999999,63.30105675294118,8.962628026403577,0.4492765349122743,37,64,,True,True,,90,59.56268577710819
169,2026-09-21T07:58:47.068+00:00,2026-09-21T08:01:54.680+00:00,2026-09-21T08:01:57.790+00:00,True,50,50.0,,50.0,187612.232376,190722.002104,190722.001966,3814.44003932,40.627042,187612.232376,26523.40282040153,76.59515445,63.46468832653061,9.687306770168608,0.2621616774594007,37,64,,True,True,,50,59.56268577710819
170,2026-09-21T07:58:47.294+00:00,2026-09-21T08:01:55.795+00:00,2026-09-21T08:01:56.589+00:00,True,14,14.0,,14.0,188500.832542,189295.10019,189295.100025,13521.078573214285,47.222532,188500.832542,50362.63812101314,66023.34407295,61.09751138461539,7.443009205902649,0.0739585968466583,37,64,,True,True,,28,59.56268577710819
171,2026-09-21T07:58:47.511+00:00,2026-09-21T08:01:56.646+00:00,2026-09-21T08:01:58.423+00:00,True,29,29.0,,29.0,189134.71403600002,190912.35986000003,190912.35985300003,6583.184822517242,43.223322,189134.71403600002,35109.6466574247,76.5030034,63.48735085714286,9.648974941162693,0.15190216087248776,37,64,,True,True,,58,59.56268577710819
172,2026-09-21T07:58:47.741+00:00,2026-09-21T08:01:58.278+00:00,2026-09-21T08:02:03.866+00:00,True,90,90.0,,90.0,190537.39590099998,196125.17548499999,196125.175513,2179.168616811111,42.915172,190537.39590099998,20077.78882939713,77.4032595,62.784040269662924,8.626106970534375,0.4588906027869093,37,64,,True,True,,900,59.56268577710819
173,2026-09-21T07:58:48.075+00:00,2026-09-21T08:01:59.800+00:00,2026-09-21T08:02:02.857+00:00,True,51,51.0,,51.0,191724.11119800003,194781.60470200004,194781.60455300004,3819.24714809804,45.285812,191724.11119800003,26838.18421084371,77.42802999999999,61.14987008,8.915096605950769,0.2618317067365054,37,64,,True,True,,561,59.56268577710819
174,2026-09-21T07:58:48.336+00:00,2026-09-21T08:02:01.449+00:00,2026-09-21T08:02:07.362+00:00,True,96,96.0,,96.0,193113.442,199026.03668800002,199026.03663000002,2073.1878815625,46.274491999999995,193113.442,19703.207823934084,76.67909175000001,62.237838821052634,8.481283074882798,0.4823489509088344,37,64,,True,True,,203,59.56268577710819
175,2026-09-21T07:58:48.527+00:00,2026-09-21T08:02:02.721+00:00,2026-09-21T08:02:04.359+00:00,True,27,27.0,,27.0,194193.81792899998,195832.17389699997,195832.17396699998,7253.043480259259,43.345372000000005,194193.81792899998,37360.491591358295,79.043792,63.01369107692308,8.348756613429643,0.13787315670713507,37,64,,True,True,,27,59.56268577710819
176,2026-09-21T07:58:48.852+00:00,2026-09-21T08:02:04.292+00:00,2026-09-21T08:02:07.061+00:00,True,45,45.0,,45.0,195439.916541,198209.25977300003,198209.25974,4404.650216444445,44.614203,195439.916541,29125.081355205188,77.40421400000001,62.9396189090909,8.617903087110816,0.2270327836930345,37,64,,True,True,,135,59.56268577710819
177,2026-09-21T07:58:49.141+00:00,2026-09-21T08:02:05.603+00:00,2026-09-21T08:02:11.732+00:00,True,99,99.0,,99.0,196462.043292,202591.31637999997,202591.316573,2046.376935080808,41.863741999999995,196462.043292,19738.89415631818,75.935532,62.54360293877551,8.34969125548497,0.4886685262181029,37,64,,True,True,,297,59.56268577710819
178,2026-09-21T07:58:49.468+00:00,2026-09-21T08:02:07.563+00:00,2026-09-21T08:02:12.381+00:00,True,77,77.0,,77.0,198095.367584,202913.058464,202913.058434,2635.234525116883,42.702763,198095.367584,22567.83983450532,76.7405522,63.39066947368421,8.52195602182999,0.37947286676801545,37,64,,True,True,,155,59.56268577710819
179,2026-09-21T07:58:49.697+00:00,2026-09-21T08:02:08.808+00:00,2026-09-21T08:02:08.982+00:00,True,4,4.0,,4.0,199110.617737,199284.620681,199284.62073599998,49821.155183999996,46.886682,199110.617737,99526.30886035204,169254.66271104998,58.000981333333335,12.116444789356542,0.020071794734240443,37,64,,True,True,,31,59.56268577710819
180,2026-09-21T07:58:49.938+00:00,2026-09-21T08:02:09.990+00:00,2026-09-21T08:02:12.884+00:00,True,47,47.0,,47.0,200052.236256,202946.221024,202946.22099200002,4318.004701957447,44.358972,200052.236256,29171.44226774605,78.20609770000002,62.91271234782609,8.768820254382748,0.23158844625365985,37,64,,True,True,,47,59.56268577710819
181,2026-09-21T07:58:50.190+00:00,2026-09-21T08:02:11.793+00:00,2026-09-21T08:02:17.045+00:00,True,83,83.0,,83.0,201602.84066699998,206854.870107,206854.87013199998,2492.2273509879515,44.596872000000005,201602.84066699998,22121.75831262643,76.85407579999999,64.04913951219513,9.468036100003976,0.4012475024497442,37,64,,True,True,,558,59.56268577710819
182,2026-09-21T07:58:50.435+00:00,2026-09-21T08:02:13.021+00:00,2026-09-21T08:02:17.545+00:00,True,72,72.0,,72.0,202585.974388,207110.154612,207110.154752,2876.529927111111,45.531652,202585.974388,23867.478212025748,76.407291,63.720848225352114,9.184875881791585,0.3476410904858081,37,64,,True,True,,289,59.56268577710819
183,2026-09-21T07:58:50.716+00:00,2026-09-21T08:02:14.456+00:00,2026-09-21T08:02:19.382+00:00,True,78,78.0,,78.0,203740.25129800002,208665.96905800002,208665.96914300002,2675.2047326025645,47.500631999999996,203740.25129800002,23061.799378803666,78.27702749999999,63.97036051948052,9.29383938331156,0.3738031666213833,37,64,,True,True,,272,59.56268577710819
184,2026-09-21T07:58:50.979+00:00,2026-09-21T08:02:16.146+00:00,2026-09-21T08:02:16.327+00:00,True,4,4.0,,4.0,205167.210491,205348.383995,205348.383961,51337.09599025,50.476895,205167.210491,102553.41008741257,174403.04937514997,60.391168,11.37074623355776,0.019479091688870537,37,64,,True,True,,22,59.56268577710819
185,2026-09-21T07:58:51.291+00:00,2026-09-21T08:02:17.730+00:00,2026-09-21T08:02:22.235+00:00,True,72,72.0,,72.0,206438.19501300002,210943.639365,210943.63921700002,2929.772766902778,44.474502,206438.19501300002,24321.49787255529,78.902428,63.456962704225354,9.28885079985065,0.3413233990687766,37,64,,True,True,,361,59.56268577710819
186,2026-09-21T07:58:51.497+00:00,2026-09-21T08:02:18.796+00:00,2026-09-21T08:02:21.996+00:00,True,51,51.0,,51.0,207299.06028,210498.98092,210498.980893,4127.430997901961,43.272701999999995,207299.06028,29018.71450206856,80.316768,63.9984128,9.479917473154677,0.24228145797714107,37,64,,True,True,,58,59.56268577710819
187,2026-09-21T07:58:51.726+00:00,2026-09-21T08:02:20.059+00:00,2026-09-21T08:02:24.660+00:00,True,75,75.0,,75.0,208333.283834,212934.962426,212934.962253,2839.13283004,42.307902,208333.283834,24049.076813283213,76.1294372,62.18484583783784,9.36808188853128,0.35222022323395713,37,64,,True,True,,187,59.56268577710819
188,2026-09-21T07:58:52.000+00:00,2026-09-21T08:02:21.486+00:00,2026-09-21T08:02:21.688+00:00,True,4,4.0,,4.0,209485.680984,209687.954776,209687.954745,52421.98868625,62.968134,209485.680984,104709.1282830291,178073.78891399998,67.42459733333332,5.153022838425358,0.019075964588776768,37,64,,True,True,,4,59.56268577710819
189,2026-09-21T07:58:52.255+00:00,2026-09-21T08:02:22.946+00:00,2026-09-21T08:02:26.229+00:00,True,54,54.0,,54.0,210691.158296,213973.59976800001,213973.599694,3962.4740684074077,43.251313,210691.158296,28663.008679627794,77.3708705,61.93285796226415,9.700483782182781,0.25236758206876586,37,64,,True,True,,108,59.56268577710819
190,2026-09-21T07:58:52.548+00:00,2026-09-21T08:02:24.490+00:00,2026-09-21T08:02:26.170+00:00,True,28,28.0,,28.0,211941.56355899997,213622.08554299996,213622.08565999998,7629.360202142856,42.422272,211941.56355899997,40041.429522198516,79.7847645,62.241554962962965,10.719155261693144,0.13107258984401163,37,64,,True,True,,59,59.56268577710819
191,2026-09-21T07:58:52.861+00:00,2026-09-21T08:02:25.890+00:00,2026-09-21T08:02:28.563+00:00,True,45,45.0,,45.0,213028.834982,215701.885094,215701.884952,4793.375221155556,42.736571000000005,213028.834982,31747.4087502085,76.748164,60.751138909090905,9.00824782873743,0.20862126439177664,37,64,,True,True,,49,59.56268577710819
193,2026-09-21T07:58:53.642+00:00,2026-09-21T08:02:26.227+00:00,2026-09-21T08:02:29.953+00:00,True,61,61.0,,61.0,212584.364879,216310.262863,216310.26285,3546.069882786885,40.449892,212584.364879,27210.689507964278,77.952043,62.098299733333334,9.347746193364623,0.28200233864370233,37,64,,True,True,,183,59.56268577710819
192,2026-09-21T07:58:53.617+00:00,2026-09-21T08:02:26.232+00:00,2026-09-21T08:02:28.565+00:00,True,39,39.0,,39.0,212615.442523,214947.918427,214947.918554,5511.485091128206,44.138062,212615.442523,34035.89033568512,74.9581321,61.380944842105265,7.80757463712155,0.18143930067061836,37,64,,True,True,,136,59.56268577710819
194,2026-09-21T07:58:53.741+00:00,2026-09-21T08:02:27.502+00:00,2026-09-21T08:02:29.148+00:00,True,28,28.0,,28.0,213761.50130399998,215407.41823199997,215407.41811099998,7693.1220753928565,47.117551,213761.50130399998,40385.606973323884,75.25244649999999,60.959886222222224,7.733889901434104,0.12998623830978373,37,64,,True,True,,90,59.56268577710819
195,2026-09-21T07:58:54.071+00:00,2026-09-21T08:02:32.598+00:00,2026-09-21T08:02:34.000+00:00,True,23,23.0,,23.0,218527.40944800002,219928.6362,219928.63616700002,9562.114615956523,46.488671000000004,218527.40944800002,45552.83512333781,81.726298,63.692125090909094,10.305359651620227,0.10457937809919453,37,64,,True,True,,129,59.56268577710819
196,2026-09-21T07:58:54.366+00:00,2026-09-21T08:02:33.887+00:00,2026-09-21T08:02:38.876+00:00,True,79,79.0,,79.0,219521.87562200002,224510.71453400003,224510.71447700003,2841.9077781898736,41.564551,219521.87562200002,24690.946699599586,78.3709961,63.959473230769234,10.193983391501504,0.3518763020463159,37,64,,True,True,,549,59.56268577710819
197,2026-09-21T07:58:54.569+00:00,2026-09-21T08:02:34.951+00:00,2026-09-21T08:02:36.488+00:00,True,25,25.0,,25.0,220381.286718,221919.05183799998,221919.051812,8876.76207248,43.279221,220381.286718,44063.444489660505,103.131407,64.07354666666666,13.061357673302108,0.11265368968073053,37,64,,True,True,,84,59.56268577710819
198,2026-09-21T07:58:54.866+00:00,2026-09-21T08:02:36.445+00:00,2026-09-21T08:02:40.292+00:00,True,63,63.0,,63.0,221578.81216,225426.11584,225426.115855,3578.1923151587303,41.792162,221578.81216,27908.489924872185,76.57985190000001,62.053285161290326,9.471496405019836,0.2794707248769495,37,64,,True,True,,126,59.56268577710819
199,2026-09-21T07:58:55.124+00:00,2026-09-21T08:02:37.646+00:00,2026-09-21T08:02:41.518+00:00,True,63,63.0,,63.0,222521.582935,226393.295447,226393.29535,3593.544370634921,43.281591,222521.582935,28027.21818831836,76.3764881,62.446976,9.2192809090669,0.27827679205609984,37,64,,True,True,,253,59.56268577710819
200,2026-09-21T07:58:55.334+00:00,2026-09-21T08:02:38.673+00:00,2026-09-21T08:02:44.369+00:00,True,90,90.0,,90.0,223338.39166,229034.429036,229034.42887899998,2544.8269875444444,43.664691,223338.39166,23535.18951013395,78.86829005,64.00041995505619,10.217728881571722,0.39295402171109245,37,64,,True,True,,268,59.56268577710819
201,2026-09-21T07:58:55.557+00:00,2026-09-21T08:02:39.792+00:00,2026-09-21T08:02:44.114+00:00,True,68,68.0,,68.0,224234.689985,228557.323713,228557.323596,3361.1371117058825,39.613732000000006,224234.689985,27184.628507528225,81.31992699999999,64.51692131343283,10.475073673178649,0.2975183594877396,37,64,,True,True,,204,59.56268577710819
202,2026-09-21T07:58:55.786+00:00,2026-09-21T08:02:40.760+00:00,2026-09-21T08:02:42.114+00:00,True,22,22.0,,22.0,224973.862046,226327.449502,226327.449513,10287.6113415,48.588643,224973.862046,47950.84739911057,78.49610094999998,64.45654552380952,10.19114805650743,0.0972042942577568,37,64,,True,True,,106,59.56268577710819
203,2026-09-21T07:58:56.122+00:00,2026-09-21T08:02:42.514+00:00,2026-09-21T08:02:43.077+00:00,True,10,10.0,,10.0,226391.472393,226954.525961,226954.525812,22695.4525812,45.388881,226391.472393,71571.48701599079,124550.47291199998,62.56150755555555,13.52792009881496,0.04406169014544529,37,64,,True,True,,10,59.56268577710819
204,2026-09-21T07:58:56.468+00:00,2026-09-21T08:02:44.591+00:00,2026-09-21T08:02:50.339+00:00,True,92,92.0,,92.0,228122.398549,233870.442325,233870.44243,2542.0700264130437,41.868131,228122.398549,23776.820604584966,76.6092395,63.16531621978022,9.585121728776286,0.39338019411684116,37,64,,True,True,,184,59.56268577710819
205,2026-09-21T07:58:56.713+00:00,2026-09-21T08:02:46.020+00:00,2026-09-21T08:02:47.582+00:00,True,25,25.0,,25.0,229306.90128299998,230868.69277099997,230868.69294799998,9234.74771792,47.134411,229306.90128299998,45848.366247688224,77.1874948,65.07464533333334,9.39066259605918,0.1082866615647954,37,64,,True,True,,141,59.56268577710819
206,2026-09-21T07:58:56.915+00:00,2026-09-21T08:02:47.129+00:00,2026-09-21T08:02:53.313+00:00,True,99,99.0,,99.0,230214.224241,236397.322609,236397.322708,2387.8517445252523,42.258452,230214.224241,23131.060755737977,76.54166799999999,63.09284048979592,8.985950048187448,0.4187864689302997,37,64,,True,True,,297,59.56268577710819
207,2026-09-21T07:58:57.257+00:00,2026-09-21T08:02:48.490+00:00,2026-09-21T08:02:53.852+00:00,True,87,87.0,,87.0,231232.56495300002,236594.309081,236594.30918100002,2719.474818172414,42.910451,231232.56495300002,24784.05072043419,76.81922800000001,62.345861953488374,9.404846708868513,0.3677180585531955,37,64,,True,True,,347,59.56268577710819
208,2026-09-21T07:58:57.495+00:00,2026-09-21T08:02:49.821+00:00,2026-09-21T08:02:55.855+00:00,True,97,97.0,,97.0,232326.275465,238360.12788100002,238360.12799,2457.320907113402,43.338581,232326.275465,23582.779563764117,78.04699020000001,62.85262933333333,9.754051649269098,0.4069472560797866,37,64,,True,True,,776,59.56268577710819
209,2026-09-21T07:58:57.694+00:00,2026-09-21T08:02:50.958+00:00,2026-09-21T08:02:55.972+00:00,True,81,81.0,,81.0,233264.68090500002,238278.53229700003,238278.532202,2941.7102740987657,41.017821000000005,233264.68090500002,25911.335982059416,76.16265200000001,62.673142399999996,9.681497900578638,0.33993830337614434,37,64,,True,True,,166,59.56268577710819
210,2026-09-21T07:58:57.894+00:00,2026-09-21T08:02:52.233+00:00,2026-09-21T08:02:54.411+00:00,True,35,35.0,,35.0,234339.46052000002,236517.23690400002,236517.23697500004,6757.635342142858,46.997801,234339.46052000002,39599.77259866098,77.7128037,64.05224658823529,8.955706574875743,0.14798075801217883,37,64,,True,True,,210,59.56268577710819
211,2026-09-21T07:58:58.177+00:00,2026-09-21T08:02:53.627+00:00,2026-09-21T08:02:56.506+00:00,True,48,48.0,,48.0,235449.565997,238328.404781,238328.404758,4965.175099125,42.490432,235449.565997,33975.377924837354,78.94367265,61.2518890212766,9.486373417908977,0.20140276625485412,37,64,,True,True,,48,59.56268577710819
212,2026-09-21T07:58:58.433+00:00,2026-09-21T08:02:55.036+00:00,2026-09-21T08:02:56.856+00:00,True,31,31.0,,31.0,236602.420371,238422.75931499997,238422.75943499999,7691.056755967741,47.495473,236602.420371,42484.15186484555,77.91551,60.6779648,8.273590345402805,0.13002114432810227,37,64,,True,True,,93,59.56268577710819
213,2026-09-21T07:58:58.775+00:00,2026-09-21T08:02:56.559+00:00,2026-09-21T08:02:59.132+00:00,True,41,41.0,,41.0,237783.796738,240357.265154,240357.265308,5862.372324585366,42.775062,237783.796738,37125.54353459463,77.495683,64.3367104,9.513896640017961,0.1705794080063724,37,64,,True,True,,243,59.56268577710819
214,2026-09-21T07:58:59.056+00:00,2026-09-21T08:02:58.384+00:00,2026-09-21T08:03:03.767+00:00,True,87,87.0,,87.0,239327.620124,244711.00598000002,244711.00602200002,2812.7701841609196,43.317021000000004,239327.620124,25651.904827714054,78.69331899999999,62.59750995348837,9.76887766977579,0.35552140228261914,37,64,,True,True,,433,59.56268577710819
215,2026-09-21T07:58:59.347+00:00,2026-09-21T08:02:59.843+00:00,2026-09-21T08:03:03.149+00:00,True,53,53.0,,53.0,240496.74358399998,243802.44239999997,243802.44243999998,4600.0460837735845,43.381651,240496.74358399998,33026.03739843262,78.8449886,63.57113107692308,9.132652730429218,0.21738912653321313,37,64,,True,True,,522,59.56268577710819
216,2026-09-21T07:58:59.657+00:00,2026-09-21T08:03:01.510+00:00,2026-09-21T08:03:06.463+00:00,True,78,78.0,,78.0,241852.73077000002,246805.48059400002,246805.48071400003,3164.172829666667,42.994911,241852.73077000002,27377.147845609008,80.279325,64.32142628571428,9.253582400240152,0.31603836273114033,37,64,,True,True,,312,59.56268577710819
217,2026-09-21T07:58:59.943+00:00,2026-09-21T08:03:03.026+00:00,2026-09-21T08:03:08.710+00:00,True,89,89.0,,89.0,243082.904164,248767.123556,248767.123613,2795.1362203707868,42.096171000000005,243082.904164,25759.89107538361,77.92652700000001,64.59340218181818,9.285246487308024,0.35776431679471987,37,64,,True,True,,267,59.56268577710819
218,2026-09-21T07:59:00.147+00:00,2026-09-21T08:03:03.908+00:00,2026-09-21T08:03:07.357+00:00,True,54,54.0,,54.0,243761.175294,247209.98374199998,247209.98361499998,4577.962659537036,44.692271,243761.175294,33162.84030312328,77.35359599999998,65.07185750943397,8.607275336118938,0.21843777982832988,37,64,,True,True,,235,59.56268577710819
219,2026-09-21T07:59:00.487+00:00,2026-09-21T08:03:05.714+00:00,2026-09-21T08:03:06.392+00:00,True,11,11.0,,11.0,245226.760732,245905.01353199998,245905.013476,22355.00122509091,57.678023,245226.760732,73918.2006014328,122651.945102,67.82528,7.433153617347021,0.04473271952451898,37,64,,True,True,,65,59.56268577710819
220,2026-09-21T07:59:00.740+00:00,2026-09-21T08:03:07.292+00:00,2026-09-21T08:03:10.176+00:00,True,46,46.0,,46.0,246551.76227,249435.949918,249435.950141,5422.520655239131,45.727822,246551.76227,36342.62530616714,79.43024525000001,64.09305884444444,9.406736050634688,0.1844160796193256,37,64,,True,True,,182,59.56268577710819
222,2026-09-21T07:59:01.328+00:00,2026-09-21T08:03:08.976+00:00,2026-09-21T08:03:12.111+00:00,True,51,51.0,,51.0,247648.484098,250782.982146,250782.98211799999,4917.313374862745,45.944101,247648.484098,34668.94689388669,76.9224675,62.68996096,9.336256811481642,0.20336308135258155,37,64,,True,True,,204,59.56268577710819
223,2026-09-21T07:59:01.521+00:00,2026-09-21T08:03:09.932+00:00,2026-09-21T08:03:12.500+00:00,True,42,42.0,,42.0,248410.650192,250979.003216,250979.003282,5975.690554333333,44.998781,248410.650192,38320.93081746182,77.25925240000001,62.64275668292682,10.160101714462977,0.16734467609568737,37,64,,True,True,,252,59.56268577710819
224,2026-09-21T07:59:01.785+00:00,2026-09-21T08:03:11.433+00:00,2026-09-21T08:03:14.886+00:00,True,55,55.0,,55.0,249647.30645899998,253100.756187,253100.756179,4601.831930527273,43.010281000000006,249647.30645899998,33653.81390095271,78.35878499999998,63.95277274074074,9.640538890277885,0.21730476363873052,37,64,,True,True,,262,59.56268577710819
225,2026-09-21T07:59:02.011+00:00,2026-09-21T08:03:12.613+00:00,2026-09-21T08:03:13.516+00:00,True,15,15.0,,15.0,250602.52811500002,251504.82853100004,251504.82872700001,16766.9885818,45.862322,250602.52811500002,64688.65443315264,75238.3972206,64.45002971428572,10.790946638291446,0.059641002073847364,37,64,,True,True,,35,59.56268577710819
221,2026-09-21T07:59:01.066+00:00,2026-09-21T08:03:13.117+00:00,2026-09-21T08:03:17.466+00:00,True,70,70.0,,70.0,252050.635351,256399.501143,256399.501203,3662.8500171857145,43.245732000000004,252050.635351,30118.281265138452,77.21644945,63.02704046376812,9.25112601890779,0.273011451613392,37,64,,True,True,,560,59.56268577710819
226,2026-09-21T07:59:02.301+00:00,2026-09-21T08:03:15.097+00:00,2026-09-21T08:03:15.785+00:00,True,12,12.0,,12.0,252795.94990200002,253483.45607800002,253483.45603600002,21123.621336333334,41.712641000000005,252795.94990200002,72957.86312564592,113800.57463655001,62.500561454545455,9.972053386519793,0.04734036763451517,37,64,,True,True,,24,59.56268577710819
227,2026-09-21T07:59:02.614+00:00,2026-09-21T08:03:16.637+00:00,2026-09-21T08:03:16.752+00:00,True,3,3.0,,3.0,254022.731354,254137.724506,254137.724648,84712.57488266667,55.317381999999995,254022.731354,146626.89663908776,228626.42580979998,57.496576,3.0820352144594323,0.011804622890330366,37,64,,True,True,,21,59.56268577710819
228,2026-09-21T07:59:02.918+00:00,2026-09-21T08:03:18.272+00:00,2026-09-21T08:03:23.865+00:00,True,88,88.0,,88.0,255354.18570899998,260946.50161299997,260946.50162599998,2965.301154840909,41.802611,255354.18570899998,27213.99770344478,79.871638,64.27949314942529,11.159300793116467,0.33723387535775257,37,64,,True,True,,14,59.56268577710819
229,2026-09-21T07:59:03.137+00:00,2026-09-21T08:03:19.612+00:00,2026-09-21T08:03:25.808+00:00,True,98,98.0,,98.0,256474.61891299998,262671.170849,262671.170651,2680.3180678673466,44.670411,256474.61891299998,25901.39793527351,78.79715000000002,63.88197872164948,10.480739897259092,0.3730900489888044,37,64,,True,True,,391,59.56268577710819
230,2026-09-21T07:59:03.356+00:00,2026-09-21T08:03:20.938+00:00,2026-09-21T08:03:26.463+00:00,True,87,87.0,,87.0,257581.624628,263106.421556,263106.421582,3024.2117423218388,42.147472,257581.624628,27608.76333415616,79.828982,64.24182474418605,10.383801149485766,0.3306646773783998,37,64,,True,True,,608,59.56268577710819
231,2026-09-21T07:59:03.598+00:00,2026-09-21T08:03:22.180+00:00,2026-09-21T08:03:24.975+00:00,True,45,45.0,,45.0,258582.031586,261377.042402,261377.042394,5808.378719866667,42.533642,258582.031586,38537.66511063951,79.786413,63.52297309090909,9.717257365504288,0.17216508223698407,37,64,,True,True,,254,59.56268577710819
232,2026-09-21T07:59:03.860+00:00,2026-09-21T08:03:23.306+00:00,2026-09-21T08:03:26.756+00:00,True,56,56.0,,56.0,259445.76253799998,262895.191274,262895.191169,4694.556985160714,42.888152000000005,259445.76253799998,34661.518565529674,77.2619005,62.71688610909091,8.85007603410133,0.21301264480579465,37,64,,True,True,,168,59.56268577710819
233,2026-09-21T07:59:04.107+00:00,2026-09-21T08:03:24.476+00:00,2026-09-21T08:03:29.904+00:00,True,87,87.0,,87.0,260369.29493399998,265797.238614,265797.238675,3055.140674425287,41.858271,260369.29493399998,27907.75339009335,76.697275,63.11562418604651,9.555276604614324,0.3273171702372139,37,64,,True,True,,204,59.56268577710819
234,2026-09-21T07:59:04.401+00:00,2026-09-21T08:03:25.942+00:00,2026-09-21T08:03:30.858+00:00,True,79,79.0,,79.0,261541.209625,266457.113625,266457.113618,3372.8748559240503,44.677081,261541.209625,29418.59619298915,78.449148,63.024410256410256,10.749837039867655,0.29648298341616475,37,64,,True,True,,549,59.56268577710819
235,2026-09-21T07:59:04.715+00:00,2026-09-21T08:03:27.872+00:00,2026-09-21T08:03:31.688+00:00,True,61,61.0,,61.0,263157.48712,266972.7652,266972.765194,4376.60270809836,43.025252,263157.48712,33685.72328478012,75.62822100000001,63.587968,9.466419714521882,0.22848772590830546,37,64,,True,True,,305,59.56268577710819
236,2026-09-21T07:59:05.593+00:00,2026-09-21T08:03:29.351+00:00,2026-09-21T08:03:34.003+00:00,True,74,74.0,,74.0,263758.17682,268410.48709199997,268410.487101,3627.168744608108,44.337411,263758.17682,30653.85815006736,78.53393899999999,63.73027769863014,9.294155975633,0.275697126448848,37,64,,True,True,,159,59.56268577710819
237,2026-09-21T07:59:05.800+00:00,2026-09-21T08:03:31.982+00:00,2026-09-21T08:03:37.622+00:00,True,90,90.0,,90.0,266181.103617,271821.124097,271821.124095,3020.2347121666667,44.767720999999995,266181.103617,28051.273307441446,75.66913245000002,63.37101662921348,8.52729983823755,0.33110009495760634,37,64,,True,True,,424,59.56268577710819
238,2026-09-21T07:59:05.856+00:00,2026-09-21T08:03:33.401+00:00,2026-09-21T08:03:38.747+00:00,True,85,85.0,,85.0,267544.85875099996,272890.65587099997,272890.655843,3210.4783040352936,42.258461000000004,267544.85875099996,29012.413157736493,78.5019558,63.6404419047619,9.647240022907846,0.3114800678268036,37,64,,True,True,,425,59.56268577710819
239,2026-09-21T07:59:05.892+00:00,2026-09-21T08:03:33.474+00:00,2026-09-21T08:03:37.618+00:00,True,66,66.0,,66.0,267581.478809,271725.383577,271725.383525,4117.051265530303,42.279931,267581.478809,32929.157204101466,77.79205875000001,63.75238104615384,9.658148823348249,0.24289228754109862,37,64,,True,True,,197,59.56268577710819
240,2026-09-21T07:59:06.173+00:00,2026-09-21T08:03:35.888+00:00,2026-09-21T08:03:40.839+00:00,True,78,78.0,,78.0,269714.36372,274665.68532000005,274665.685514,3521.35494248718,42.290811000000005,269714.36372,30531.858742584787,77.03351465,64.30287792207793,10.03637061631818,0.283981597151919,37,64,,True,True,,304,59.56268577710819
241,2026-09-21T07:59:06.407+00:00,2026-09-21T08:03:36.958+00:00,2026-09-21T08:03:38.746+00:00,True,29,29.0,,29.0,270550.93398900004,272339.08835700003,272339.08846600004,9391.003050551726,49.910171000000005,270550.93398900004,50228.18894053843,78.59042500000001,63.862656,8.883725755405305,0.10648489783436775,37,64,,True,True,,92,59.56268577710819
242,2026-09-21T07:59:06.703+00:00,2026-09-21T08:03:38.430+00:00,2026-09-21T08:03:42.029+00:00,True,57,57.0,,57.0,271726.718538,275325.978698,275325.978752,4830.280328982456,45.992298000000005,271726.718538,35982.571717783285,79.885162,64.27250285714285,11.228362064242766,0.20702732182974365,37,64,,True,True,,115,59.56268577710819
243,2026-09-21T07:59:06.917+00:00,2026-09-21T08:03:39.508+00:00,2026-09-21T08:03:40.554+00:00,True,17,17.0,,17.0,272591.061149,273636.919965,273636.919761,16096.289397705883,45.060811,272591.061149,66097.19043491122,54579.8166706,65.366176,9.669539847998891,0.06212611953889268,37,64,,True,True,,68,59.56268577710819
244,2026-09-21T07:59:07.224+00:00,2026-09-21T08:03:41.333+00:00,2026-09-21T08:03:45.775+00:00,True,70,70.0,,70.0,274109.149095,278550.721447,278550.721508,3979.296021542857,45.205161999999994,274109.149095,32754.617376387276,78.41357500000001,64.37061379710146,9.744709662792532,0.2513007312864524,37,64,,True,True,,280,59.56268577710819
245,2026-09-21T07:59:07.452+00:00,2026-09-21T08:03:42.313+00:00,2026-09-21T08:03:46.968+00:00,True,74,74.0,,74.0,274860.93726,279516.386604,279516.38678899995,3777.2484701216213,41.925621,274860.93726,31944.523082912336,78.5271155,63.77327868493151,10.297149177022629,0.26474297589156454,37,64,,True,True,,78,59.56268577710819
246,2026-09-21T07:59:07.695+00:00,2026-09-21T08:03:43.562+00:00,2026-09-21T08:03:43.824+00:00,True,5,5.0,,5.0,275866.82993300003,276129.02615700004,276129.02624800004,55225.80524960001,55.015141,275866.82993300003,123342.08264862206,220707.9361168,65.549056,7.994116226085283,0.018107477035598295,37,64,,True,True,,5,59.56268577710819
247,2026-09-21T07:59:08.009+00:00,2026-09-21T08:03:45.324+00:00,2026-09-21T08:03:48.749+00:00,True,55,55.0,,55.0,277314.395797,280739.19093299995,280739.190838,5104.3489243272725,44.978921,277314.395797,37384.514937304426,80.278561,63.42213214814815,9.853632245987637,0.19591137175117837,37,64,,True,True,,110,59.56268577710819
248,2026-09-21T07:59:08.223+00:00,2026-09-21T08:03:46.309+00:00,2026-09-21T08:03:46.837+00:00,True,10,10.0,,10.0,278085.932965,278614.249637,278614.249586,27861.424958599997,44.691081,278085.932965,87919.93086791487,152982.1257067,58.70185244444445,11.594368284347095,0.035891918712085864,37,64,,True,True,,10,59.56268577710819
249,2026-09-21T07:59:08.553+00:00,2026-09-21T08:03:48.135+00:00,2026-09-21T08:03:50.125+00:00,True,32,32.0,,32.0,279581.99751,281572.620486,281572.620521,8799.14439128125,43.862781000000005,279581.99751,49412.23100628642,77.99689855000001,64.21364438709678,9.576595608292395,0.11364741339114348,37,64,,True,True,,348,59.56268577710819
250,2026-09-21T07:59:08.778+00:00,2026-09-21T08:03:49.180+00:00,2026-09-21T08:03:55.392+00:00,True,99,99.0,,99.0,280401.82563800004,286613.153126,286613.15313900006,2895.0823549393945,43.089531,280401.82563800004,28175.07541698217,77.29139599999999,63.38089273469388,9.582779821225417,0.34541331728930774,37,64,,True,True,,203,59.56268577710819
251,2026-09-21T07:59:09.063+00:00,2026-09-21T08:03:50.785+00:00,2026-09-21T08:03:52.185+00:00,True,23,23.0,,23.0,281722.40977200004,283122.52830000006,283122.5284310001,12309.675149173914,47.792061000000004,281722.40977200004,58729.91351255353,76.12876109999999,63.64175127272728,8.120696845169046,0.08123691229413196,37,64,,True,True,,208,59.56268577710819
252,2026-09-21T07:59:09.347+00:00,2026-09-21T08:03:52.186+00:00,2026-09-21T08:03:55.008+00:00,True,45,45.0,,45.0,282838.768632,285660.84965600003,285660.849462,6348.018876933334,46.624241000000005,282838.768632,42153.554094654944,77.417535,64.1382050909091,9.430304971780755,0.1575294621373217,37,64,,True,True,,67,59.56268577710819
253,2026-09-21T07:59:09.549+00:00,2026-09-21T08:03:53.076+00:00,2026-09-21T08:03:57.940+00:00,True,78,78.0,,78.0,283527.67462,288391.609852,288391.60979200003,3697.3283306666667,45.045500999999994,283527.67462,32096.036313555003,75.86152899999999,63.16799002597403,8.937586123584321,0.27046556604066563,37,64,,True,True,,155,59.56268577710819
254,2026-09-21T07:59:09.786+00:00,2026-09-21T08:03:54.293+00:00,2026-09-21T08:03:57.272+00:00,True,49,49.0,,49.0,284507.375701,287486.46331699996,287486.463373,5867.070681081632,44.390471,284507.375701,40635.04563723003,77.573084,62.064325333333336,9.791680403008758,0.17044280775742,37,64,,True,True,,214,59.56268577710819
257,2026-09-21T07:59:10.471+00:00,2026-09-21T08:03:55.827+00:00,2026-09-21T08:03:57.741+00:00,True,32,32.0,,32.0,285356.323042,287270.74173,287270.741621,8977.21067565625,41.506481,285356.323042,50433.431794781296,76.85029745,61.7554415483871,9.938528567493476,0.11139317497942815,37,64,,True,True,,381,59.56268577710819
258,2026-09-21T07:59:10.769+00:00,2026-09-21T08:03:57.273+00:00,2026-09-21T08:04:02.578+00:00,True,84,84.0,,84.0,286503.94483099994,291808.94502299995,291808.9450719999,3473.916012761904,43.437851,286503.94483099994,31253.17057408468,77.06257314999999,63.91566496385542,8.53831464652591,0.2878595787849452,37,64,,True,True,,168,59.56268577710819
255,2026-09-21T07:59:09.975+00:00,2026-09-21T08:03:58.607+00:00,2026-09-21T08:04:02.010+00:00,True,53,53.0,,53.0,288632.487021,292035.603821,292035.603802,5510.1057321132075,42.037580999999996,288632.487021,39637.7326887615,78.09199000000001,65.44455384615385,8.983426866297902,0.18148472072085345,37,64,,True,True,,210,59.56268577710819
259,2026-09-21T07:59:11.066+00:00,2026-09-21T08:03:59.654+00:00,2026-09-21T08:04:01.056+00:00,True,22,22.0,,22.0,288587.80104000005,289990.21896,289990.21893900004,13181.373588136366,48.953151,288587.80104000005,61512.88872934621,76.47714045,66.78180571428571,9.80827908533215,0.07586462770675236,37,64,,True,True,,44,59.56268577710819
256,2026-09-21T07:59:10.169+00:00,2026-09-21T08:04:00.462+00:00,2026-09-21T08:04:01.750+00:00,True,21,21.0,,21.0,290292.97595999995,291580.39842399996,291580.39841699996,13884.780876999997,46.409961,290292.97595999995,63333.07450258365,78.115122,64.3711232,9.443724014972515,0.07202130223261088,37,64,,True,True,,131,59.56268577710819
260,2026-09-21T07:59:11.351+00:00,2026-09-21T08:04:02.323+00:00,2026-09-21T08:04:04.477+00:00,True,35,35.0,,35.0,290972.697787,293126.280635,293126.280592,8375.036588342857,43.213901,290972.697787,49172.65698586106,77.254323,63.340672,9.028261102749044,0.11940246341672073,37,64,,True,True,,74,59.56268577710819
261,2026-09-21T07:59:11.658+00:00,2026-09-21T08:04:03.988+00:00,2026-09-21T08:04:09.429+00:00,True,88,88.0,,88.0,292330.18512,297771.23164799996,297771.231623,3383.763995715909,43.697141,292330.18512,31155.837002916778,76.81871885,62.54076468965517,9.497048810307007,0.295528884751453,37,64,,True,True,,176,59.56268577710819
262,2026-09-21T07:59:11.871+00:00,2026-09-21T08:04:05.317+00:00,2026-09-21T08:04:11.210+00:00,True,94,94.0,,94.0,293445.93132599996,299338.67884599994,299338.67877999996,3184.4540295744678,41.479181,293445.93132599996,30260.103077227715,76.86057714999998,63.362876559139785,10.013792998113535,0.3140255725133335,37,64,,True,True,,190,59.56268577710819
263,2026-09-21T07:59:12.152+00:00,2026-09-21T08:04:06.701+00:00,2026-09-21T08:04:11.478+00:00,True,76,76.0,,76.0,294549.03656,299325.16353599995,299325.16346999997,3938.4889930263157,43.120521000000004,294549.03656,33779.788214413675,78.8538935,63.68169301333334,9.484808696068047,0.2539044800049344,37,64,,True,True,,87,59.56268577710819
264,2026-09-21T07:59:12.468+00:00,2026-09-21T08:04:08.355+00:00,2026-09-21T08:04:12.495+00:00,False,68,67.0,,67.0,295886.997057,300026.213185,300026.213313,4412.150195779412,0.037450000000000004,295886.997057,35874.07910157335,78.56624599999999,61.77934519402985,12.25560101123458,0.22331382077834291,37,64,,True,False,Request timeout: 300.0s exceeded,737,59.56268577710819
265,2026-09-21T07:59:12.706+00:00,2026-09-21T08:04:09.770+00:00,2026-09-21T08:04:12.765+00:00,False,50,49.0,,49.0,297064.155646,300058.643454,300058.643468,6001.17286936,0.031760000000000004,297064.155646,42002.57532889879,78.32239994999998,61.111996081632654,13.385572012124111,0.16330141147062763,37,64,,True,False,Request timeout: 300.0s exceeded,49,59.56268577710819
266,2026-09-21T07:59:12.991+00:00,2026-09-21T08:04:11.283+00:00,2026-09-21T08:04:13.026+00:00,False,31,30.0,,30.0,298292.09564200003,300035.116442,300035.11655900005,9678.552147064516,0.025589999999999998,298292.09564200003,53564.40849932042,77.6447365,58.10069333333334,13.976327892450556,0.09998829588935575,37,64,,True,False,Request timeout: 300.0s exceeded,30,59.56268577710819
267,2026-09-21T07:59:13.309+00:00,2026-09-21T08:04:13.028+00:00,2026-09-21T08:04:13.330+00:00,False,7,6.0,,6.0,299718.842681,300020.717881,300020.718017,42860.10257385714,0.061770000000000005,299718.842681,113264.06059907092,209825.16385430002,50.312533333333334,26.239930271334995,0.019998618903311324,37,64,,True,False,Request timeout: 300.0s exceeded,17,59.56268577710819
268,2026-09-21T07:59:13.518+00:00,2026-09-21T08:04:13.534+00:00,2026-09-21T08:04:13.534+00:00,False,1,0.0,,0.0,300015.998763,300015.998763,300015.998763,300015.998763,300015.998763,300015.998763,nan,300015.998763,nan,nan,0.0,37,64,,True,False,"HTTPConnectionPool(host='gpu06', port=9004): Read timed out.",0,59.56268577710819
269,2026-09-21T07:59:13.812+00:00,2026-09-21T08:04:13.893+00:00,2026-09-21T08:04:13.893+00:00,False,1,0.0,,0.0,300081.083485,300081.083485,300081.083485,300081.083485,300081.083485,300081.083485,nan,300081.083485,nan,nan,0.0,37,64,,True,False,"HTTPConnectionPool(host='gpu06', port=9004): Read timed out.",0,59.56268577710819
270,2026-09-21T07:59:14.088+00:00,2026-09-21T08:04:14.170+00:00,2026-09-21T08:04:14.170+00:00,False,1,0.0,,0.0,300082.419967,300082.419967,300082.419967,300082.419967,300082.419967,300082.419967,nan,300082.419967,nan,nan,0.0,37,64,,True,False,"HTTPConnectionPool(host='gpu06', port=9004): Read timed out.",0,59.56268577710819
271,2026-09-21T07:59:14.407+00:00,2026-09-21T08:04:14.461+00:00,2026-09-21T08:04:14.461+00:00,False,1,0.0,,0.0,300053.35154500004,300053.35154500004,300053.35154500004,300053.35154500004,300053.35154500004,300053.35154500004,nan,300053.35154500004,nan,nan,0.0,37,64,,True,False,"HTTPConnectionPool(host='gpu06', port=9004): Read timed out.",0,59.56268577710819
272,2026-09-21T07:59:14.714+00:00,2026-09-21T08:04:14.840+00:00,2026-09-21T08:04:14.840+00:00,False,1,0.0,,0.0,300126.319106,300126.319106,300126.319106,300126.319106,300126.319106,300126.319106,nan,300126.319106,nan,nan,0.0,37,64,,True,False,"HTTPConnectionPool(host='gpu06', port=9004): Read timed out.",0,59.56268577710819
273,2026-09-21T07:59:14.915+00:00,2026-09-21T08:04:14.955+00:00,2026-09-21T08:04:14.955+00:00,False,1,0.0,,0.0,300040.43111,300040.43111,300040.43111,300040.43111,300040.43111,300040.43111,nan,300040.43111,nan,nan,0.0,37,64,,True,False,TTFT timeout: 300.0s exceeded (TTFT: 300.035s),0,59.56268577710819
274,2026-09-21T07:59:15.168+00:00,2026-09-21T08:04:15.181+00:00,2026-09-21T08:04:15.181+00:00,False,1,0.0,,0.0,300013.244493,300013.244493,300013.244493,300013.244493,300013.244493,300013.244493,nan,300013.244493,nan,nan,0.0,37,64,,True,False,TTFT timeout: 300.0s exceeded (TTFT: 300.009s),0,59.56268577710819
275,2026-09-21T07:59:15.443+00:00,2026-09-21T08:04:15.487+00:00,2026-09-21T08:04:15.487+00:00,False,1,0.0,,0.0,300044.240935,300044.240935,300044.240935,300044.240935,300044.240935,300044.240935,nan,300044.240935,nan,nan,0.0,37,64,,True,False,TTFT timeout: 300.0s exceeded (TTFT: 300.034s),0,59.56268577710819
276,2026-09-21T07:59:15.785+00:00,2026-09-21T08:04:15.802+00:00,2026-09-21T08:04:15.802+00:00,False,1,0.0,,0.0,300017.418121,300017.418121,300017.418121,300017.418121,300017.418121,300017.418121,nan,300017.418121,nan,nan,0.0,37,64,,True,False,TTFT timeout: 300.0s exceeded (TTFT: 300.004s),0,59.56268577710819
277,2026-09-21T07:59:16.116+00:00,2026-09-21T08:04:16.229+00:00,2026-09-21T08:04:16.229+00:00,False,1,0.0,,0.0,300113.32141100004,300113.32141100004,300113.32141100004,300113.32141100004,300113.32141100004,300113.32141100004,nan,300113.32141100004,nan,nan,0.0,37,64,,True,False,"HTTPConnectionPool(host='gpu06', port=9004): Read timed out.",0,59.56268577710819
278,2026-09-21T07:59:16.349+00:00,2026-09-21T08:04:16.445+00:00,2026-09-21T08:04:16.445+00:00,False,1,0.0,,0.0,300096.449485,300096.449485,300096.449485,300096.449485,300096.449485,300096.449485,nan,300096.449485,nan,nan,0.0,37,64,,True,False,"HTTPConnectionPool(host='gpu06', port=9004): Read timed out.",0,59.56268577710819
279,2026-09-21T07:59:16.675+00:00,2026-09-21T08:04:16.739+00:00,2026-09-21T08:04:16.739+00:00,False,1,0.0,,0.0,300064.125312,300064.125312,300064.125312,300064.125312,300064.125312,300064.125312,nan,300064.125312,nan,nan,0.0,37,64,,True,False,"HTTPConnectionPool(host='gpu06', port=9004): Read timed out.",0,59.56268577710819
280,2026-09-21T07:59:16.978+00:00,2026-09-21T08:04:17.036+00:00,2026-09-21T08:04:17.036+00:00,False,1,0.0,,0.0,300058.687503,300058.687503,300058.687503,300058.687503,300058.687503,300058.687503,nan,300058.687503,nan,nan,0.0,37,64,,True,False,"HTTPConnectionPool(host='gpu06', port=9004): Read timed out.",0,59.56268577710819
281,2026-09-21T07:59:17.284+00:00,2026-09-21T08:04:17.343+00:00,2026-09-21T08:04:17.343+00:00,False,1,0.0,,0.0,300059.356142,300059.356142,300059.356142,300059.356142,300059.356142,300059.356142,nan,300059.356142,nan,nan,0.0,37,64,,True,False,TTFT timeout: 300.0s exceeded (TTFT: 300.055s),0,59.56268577710819
282,2026-09-21T07:59:17.616+00:00,2026-09-21T08:04:17.720+00:00,2026-09-21T08:04:17.720+00:00,False,1,0.0,,0.0,300104.564791,300104.564791,300104.564791,300104.564791,300104.564791,300104.564791,nan,300104.564791,nan,nan,0.0,37,64,,True,False,"HTTPConnectionPool(host='gpu06', port=9004): Read timed out.",0,59.56268577710819
283,2026-09-21T07:59:17.836+00:00,2026-09-21T08:04:17.917+00:00,2026-09-21T08:04:17.917+00:00,False,1,0.0,,0.0,300080.622365,300080.622365,300080.622365,300080.622365,300080.622365,300080.622365,nan,300080.622365,nan,nan,0.0,37,64,,True,False,TTFT timeout: 300.0s exceeded (TTFT: 300.063s),0,59.56268577710819
284,2026-09-21T07:59:18.134+00:00,2026-09-21T08:04:18.243+00:00,2026-09-21T08:04:18.243+00:00,False,1,0.0,,0.0,300109.117306,300109.117306,300109.117306,300109.117306,300109.117306,300109.117306,nan,300109.117306,nan,nan,0.0,37,64,,True,False,"HTTPConnectionPool(host='gpu06', port=9004): Read timed out.",0,59.56268577710819
285,2026-09-21T07:59:19.519+00:00,2026-09-21T08:04:18.996+00:00,2026-09-21T08:04:19.860+00:00,False,15,14.0,,14.0,299477.28297,300341.34057,300341.340678,20022.7560452,0.03449,299477.28297,77308.77114291904,89922.2131564,61.7184,28.270796176914654,0.04661362959035287,37,64,,True,False,Request timeout: 300.0s exceeded,40,59.56268577710819
286,2026-09-21T07:59:19.715+00:00,2026-09-21T08:04:19.359+00:00,2026-09-21T08:04:19.738+00:00,True,8,8.0,,8.0,299643.55343,300023.420822,300023.420938,37502.92761725,41.48307,299643.55343,105920.80845433679,194793.1653932,54.26677028571429,9.642920133380027,0.026664584978338395,37,64,,True,True,,15,59.56268577710819
289,2026-09-21T07:59:19.858+00:00,2026-09-21T08:04:20.040+00:00,2026-09-21T08:04:20.040+00:00,False,1,0.0,,0.0,300181.707181,300181.707181,300181.707181,300181.707181,300181.707181,300181.707181,nan,300181.707181,nan,nan,0.0,37,64,,True,False,"HTTPConnectionPool(host='gpu06', port=9004): Read timed out.",0,59.56268577710819
290,2026-09-21T07:59:20.094+00:00,2026-09-21T08:04:20.647+00:00,2026-09-21T08:04:21.360+00:00,False,10,9.0,,9.0,300552.290084,301265.21987599996,301265.21979899995,30126.521979899997,0.02486,300552.290084,95017.93985976334,165383.1109595,79.21442133333333,47.13509028366395,0.02987400936525092,37,64,,True,False,Request timeout: 300.0s exceeded,18,59.56268577710819
287,2026-09-21T07:59:19.753+00:00,2026-09-21T08:04:20.648+00:00,2026-09-21T08:04:21.356+00:00,False,10,9.0,,9.0,300894.10452399997,301602.04513199994,301602.045039,30160.204503899997,0.06548000000000001,300894.10452399997,95126.20620177993,165569.97429399996,78.66006755555556,46.757823196213586,0.02984064645868378,37,64,,True,False,Request timeout: 300.0s exceeded,12,59.56268577710819
288,2026-09-21T07:59:19.834+00:00,2026-09-21T08:04:21.042+00:00,2026-09-21T08:04:21.212+00:00,True,2,2.0,,2.0,301208.47458499996,301378.50722499995,301378.507359,150689.2536795,170.03277400000002,301208.47458499996,212866.32360238998,286156.55249444995,170.03264,nan,0.0066361732905753,37,64,,True,True,,8,59.56268577710819
291,2026-09-21T07:59:20.193+00:00,2026-09-21T08:04:21.309+00:00,2026-09-21T08:04:21.404+00:00,False,4,3.0,,3.0,301115.294879,301211.149215,301211.149191,75302.78729775,0.04132,301115.294879,150541.67341208467,255955.23852379996,31.951445333333332,27.63701328886299,0.009959790691076463,37,64,,True,False,Request timeout: 300.0s exceeded,3,59.56268577710819
296,2026-09-21T07:59:21.488+00:00,2026-09-21T08:04:21.543+00:00,2026-09-21T08:04:21.543+00:00,False,1,0.0,,0.0,300055.39511000004,300055.39511000004,300055.39511000004,300055.39511000004,300055.39511000004,300055.39511000004,nan,300055.39511000004,nan,nan,0.0,37,64,,True,False,"HTTPConnectionPool(host='gpu06', port=9004): Read timed out.",0,59.56268577710819
292,2026-09-21T07:59:20.408+00:00,2026-09-21T08:04:21.896+00:00,2026-09-21T08:04:21.896+00:00,False,1,0.0,,0.0,301488.277262,301488.277262,301488.277262,301488.277262,301488.277262,301488.277262,nan,301488.277262,nan,nan,0.0,37,64,,True,False,"HTTPConnectionPool(host='gpu06', port=9004): Read timed out.",0,59.56268577710819
293,2026-09-21T07:59:20.644+00:00,2026-09-21T08:04:21.900+00:00,2026-09-21T08:04:21.900+00:00,False,1,0.0,,0.0,301255.21795099997,301255.21795099997,301255.21795099997,301255.21795099997,301255.21795099997,301255.21795099997,nan,301255.21795099997,nan,nan,0.0,37,64,,True,False,"HTTPConnectionPool(host='gpu06', port=9004): Read timed out.",0,59.56268577710819
297,2026-09-21T07:59:21.797+00:00,2026-09-21T08:04:21.907+00:00,2026-09-21T08:04:21.907+00:00,False,1,0.0,,0.0,300110.285141,300110.285141,300110.285141,300110.285141,300110.285141,300110.285141,nan,300110.285141,nan,nan,0.0,37,64,,True,False,"HTTPConnectionPool(host='gpu06', port=9004): Read timed out.",0,59.56268577710819
298,2026-09-21T07:59:22.079+00:00,2026-09-21T08:04:23.274+00:00,2026-09-21T08:04:23.274+00:00,False,1,0.0,,0.0,301195.386214,301195.386214,301195.386214,301195.386214,301195.386214,301195.386214,nan,301195.386214,nan,nan,0.0,37,64,,True,False,"HTTPConnectionPool(host='gpu06', port=9004): Read timed out.",0,59.56268577710819
302,2026-09-21T07:59:23.049+00:00,2026-09-21T08:04:23.280+00:00,2026-09-21T08:04:23.280+00:00,False,1,0.0,,0.0,300231.24059899995,300231.24059899995,300231.24059899995,300231.24059899995,300231.24059899995,300231.24059899995,nan,300231.24059899995,nan,nan,0.0,37,64,,True,False,"HTTPConnectionPool(host='gpu06', port=9004): Read timed out.",0,59.56268577710819
295,2026-09-21T07:59:21.209+00:00,2026-09-21T08:04:23.292+00:00,2026-09-21T08:04:23.292+00:00,False,1,0.0,,0.0,302082.676042,302082.676042,302082.676042,302082.676042,302082.676042,302082.676042,nan,302082.676042,nan,nan,0.0,37,64,,True,False,"HTTPConnectionPool(host='gpu06', port=9004): Read timed out.",0,59.56268577710819
294,2026-09-21T07:59:20.904+00:00,2026-09-21T08:04:23.305+00:00,2026-09-21T08:04:23.305+00:00,False,1,0.0,,0.0,302400.12741799996,302400.12741799996,302400.12741799996,302400.12741799996,302400.12741799996,302400.12741799996,nan,302400.12741799996,nan,nan,0.0,37,64,,True,False,"HTTPConnectionPool(host='gpu06', port=9004): Read timed out.",0,59.56268577710819
301,2026-09-21T07:59:22.849+00:00,2026-09-21T08:04:23.310+00:00,2026-09-21T08:04:23.310+00:00,False,1,0.0,,0.0,300461.036917,300461.036917,300461.036917,300461.036917,300461.036917,300461.036917,nan,300461.036917,nan,nan,0.0,37,64,,True,False,"HTTPConnectionPool(host='gpu06', port=9004): Read timed out.",0,59.56268577710819
299,2026-09-21T07:59:22.288+00:00,2026-09-21T08:04:23.313+00:00,2026-09-21T08:04:23.313+00:00,False,1,0.0,,0.0,301025.001837,301025.001837,301025.001837,301025.001837,301025.001837,301025.001837,nan,301025.001837,nan,nan,0.0,37,64,,True,False,"HTTPConnectionPool(host='gpu06', port=9004): Read timed out.",0,59.56268577710819
300,2026-09-21T07:59:22.619+00:00,2026-09-21T08:04:23.316+00:00,2026-09-21T08:04:23.316+00:00,False,1,0.0,,0.0,300697.06287699996,300697.06287699996,300697.06287699996,300697.06287699996,300697.06287699996,300697.06287699996,nan,300697.06287699996,nan,nan,0.0,37,64,,True,False,"HTTPConnectionPool(host='gpu06', port=9004): Read timed out.",0,59.56268577710819
303,2026-09-21T07:59:23.257+00:00,2026-09-21T08:04:23.364+00:00,2026-09-21T08:04:23.364+00:00,False,1,0.0,,0.0,300107.410162,300107.410162,300107.410162,300107.410162,300107.410162,300107.410162,nan,300107.410162,nan,nan,0.0,37,64,,True,False,"HTTPConnectionPool(host='gpu06', port=9004): Read timed out.",0,59.56268577710819
304,2026-09-21T07:59:23.489+00:00,2026-09-21T08:04:23.529+00:00,2026-09-21T08:04:23.529+00:00,False,1,0.0,,0.0,300039.803716,300039.803716,300039.803716,300039.803716,300039.803716,300039.803716,nan,300039.803716,nan,nan,0.0,37,64,,True,False,"HTTPConnectionPool(host='gpu06', port=9004): Read timed out.",0,59.56268577710819
305,2026-09-21T07:59:23.681+00:00,2026-09-21T08:04:23.786+00:00,2026-09-21T08:04:23.786+00:00,False,1,0.0,,0.0,300105.52980400005,300105.52980400005,300105.52980400005,300105.52980400005,300105.52980400005,300105.52980400005,nan,300105.52980400005,nan,nan,0.0,37,64,,True,False,"HTTPConnectionPool(host='gpu06', port=9004): Read timed out.",0,59.56268577710819
306,2026-09-21T07:59:23.940+00:00,2026-09-21T08:04:23.963+00:00,2026-09-21T08:04:23.963+00:00,False,1,0.0,,0.0,300023.734795,300023.734795,300023.734795,300023.734795,300023.734795,300023.734795,nan,300023.734795,nan,nan,0.0,37,64,,True,False,"HTTPConnectionPool(host='gpu06', port=9004): Read timed out.",0,59.56268577710819
307,2026-09-21T07:59:24.187+00:00,2026-09-21T08:04:24.292+00:00,2026-09-21T08:04:24.292+00:00,False,1,0.0,,0.0,300105.30632,300105.30632,300105.30632,300105.30632,300105.30632,300105.30632,nan,300105.30632,nan,nan,0.0,37,64,,True,False,"HTTPConnectionPool(host='gpu06', port=9004): Read timed out.",0,59.56268577710819
308,2026-09-21T07:59:24.522+00:00,2026-09-21T08:04:24.624+00:00,2026-09-21T08:04:24.624+00:00,False,1,0.0,,0.0,300101.699487,300101.699487,300101.699487,300101.699487,300101.699487,300101.699487,nan,300101.699487,nan,nan,0.0,37,64,,True,False,"HTTPConnectionPool(host='gpu06', port=9004): Read timed out.",0,59.56268577710819
309,2026-09-21T07:59:24.748+00:00,2026-09-21T08:04:24.852+00:00,2026-09-21T08:04:24.852+00:00,False,1,0.0,,0.0,300103.652042,300103.652042,300103.652042,300103.652042,300103.652042,300103.652042,nan,300103.652042,nan,nan,0.0,37,64,,True,False,"HTTPConnectionPool(host='gpu06', port=9004): Read timed out.",0,59.56268577710819
310,2026-09-21T07:59:24.971+00:00,2026-09-21T08:04:25.065+00:00,2026-09-21T08:04:25.065+00:00,False,1,0.0,,0.0,300093.93310799997,300093.93310799997,300093.93310799997,300093.93310799997,300093.93310799997,300093.93310799997,nan,300093.93310799997,nan,nan,0.0,37,64,,True,False,"HTTPConnectionPool(host='gpu06', port=9004): Read timed out.",0,59.56268577710819
311,2026-09-21T07:59:25.229+00:00,2026-09-21T08:04:25.326+00:00,2026-09-21T08:04:25.326+00:00,False,1,0.0,,0.0,300097.28557,300097.28557,300097.28557,300097.28557,300097.28557,300097.28557,nan,300097.28557,nan,nan,0.0,37,64,,True,False,TTFT timeout: 300.0s exceeded (TTFT: 300.091s),0,59.56268577710819
312,2026-09-21T07:59:25.563+00:00,2026-09-21T08:04:25.530+00:00,2026-09-21T08:04:25.640+00:00,False,3,2.0,,2.0,299967.689155,300077.542851,300077.543028,100025.84767599999,0.05142,299967.689155,173154.72269572227,269981.9004848,54.926848,77.60552360694004,0.006664943937484441,37,64,,True,False,Request timeout: 300.0s exceeded,7,59.56268577710819
313,2026-09-21T07:59:25.825+00:00,2026-09-21T08:04:25.932+00:00,2026-09-21T08:04:25.932+00:00,False,1,0.0,,0.0,300107.38290100003,300107.38290100003,300107.38290100003,300107.38290100003,300107.38290100003,300107.38290100003,nan,300107.38290100003,nan,nan,0.0,37,64,,True,False,"HTTPConnectionPool(host='gpu06', port=9004): Read timed out.",0,59.56268577710819
314,2026-09-21T07:59:26.122+00:00,2026-09-21T08:04:26.232+00:00,2026-09-21T08:04:26.232+00:00,False,1,0.0,,0.0,300110.49981999997,300110.49981999997,300110.49981999997,300110.49981999997,300110.49981999997,300110.49981999997,nan,300110.49981999997,nan,nan,0.0,37,64,,True,False,"HTTPConnectionPool(host='gpu06', port=9004): Read timed out.",0,59.56268577710819
315,2026-09-21T07:59:26.429+00:00,2026-09-21T08:04:26.534+00:00,2026-09-21T08:04:26.534+00:00,False,1,0.0,,0.0,300105.584329,300105.584329,300105.584329,300105.584329,300105.584329,300105.584329,nan,300105.584329,nan,nan,0.0,37,64,,True,False,"HTTPConnectionPool(host='gpu06', port=9004): Read timed out.",0,59.56268577710819
316,2026-09-21T07:59:26.670+00:00,2026-09-21T08:04:26.734+00:00,2026-09-21T08:04:26.734+00:00,False,1,0.0,,0.0,300063.83729299996,300063.83729299996,300063.83729299996,300063.83729299996,300063.83729299996,300063.83729299996,nan,300063.83729299996,nan,nan,0.0,37,64,,True,False,"HTTPConnectionPool(host='gpu06', port=9004): Read timed out.",0,59.56268577710819
317,2026-09-21T07:59:26.916+00:00,2026-09-21T08:04:27.024+00:00,2026-09-21T08:04:27.024+00:00,False,1,0.0,,0.0,300107.681458,300107.681458,300107.681458,300107.681458,300107.681458,300107.681458,nan,300107.681458,nan,nan,0.0,37,64,,True,False,"HTTPConnectionPool(host='gpu06', port=9004): Read timed out.",0,59.56268577710819
318,2026-09-21T07:59:27.224+00:00,2026-09-21T08:04:27.289+00:00,2026-09-21T08:04:27.289+00:00,False,1,0.0,,0.0,300064.800996,300064.800996,300064.800996,300064.800996,300064.800996,300064.800996,nan,300064.800996,nan,nan,0.0,37,64,,True,False,TTFT timeout: 300.0s exceeded (TTFT: 300.060s),0,59.56268577710819
319,2026-09-21T07:59:27.457+00:00,2026-09-21T08:04:27.515+00:00,2026-09-21T08:04:27.515+00:00,False,1,0.0,,0.0,300058.06174000003,300058.06174000003,300058.06174000003,300058.06174000003,300058.06174000003,300058.06174000003,nan,300058.06174000003,nan,nan,0.0,37,64,,True,False,TTFT timeout: 300.0s exceeded (TTFT: 300.038s),0,59.56268577710819
320,2026-09-21T07:59:27.743+00:00,2026-09-21T08:04:27.765+00:00,2026-09-21T08:04:27.765+00:00,False,1,0.0,,0.0,300021.86552999995,300021.86552999995,300021.86552999995,300021.86552999995,300021.86552999995,300021.86552999995,nan,300021.86552999995,nan,nan,0.0,37,64,,True,False,TTFT timeout: 300.0s exceeded (TTFT: 300.014s),0,59.56268577710819
321,2026-09-21T07:59:28.066+00:00,2026-09-21T08:04:28.140+00:00,2026-09-21T08:04:28.140+00:00,False,1,0.0,,0.0,300074.623139,300074.623139,300074.623139,300074.623139,300074.623139,300074.623139,nan,300074.623139,nan,nan,0.0,37,64,,True,False,"HTTPConnectionPool(host='gpu06', port=9004): Read timed out.",0,59.56268577710819
322,2026-09-21T07:59:28.371+00:00,2026-09-21T08:04:28.464+00:00,2026-09-21T08:04:28.464+00:00,False,1,0.0,,0.0,300092.85557,300092.85557,300092.85557,300092.85557,300092.85557,300092.85557,nan,300092.85557,nan,nan,0.0,37,64,,True,False,"HTTPConnectionPool(host='gpu06', port=9004): Read timed out.",0,59.56268577710819
323,2026-09-21T07:59:28.614+00:00,2026-09-21T08:04:28.718+00:00,2026-09-21T08:04:28.718+00:00,False,1,0.0,,0.0,300103.935513,300103.935513,300103.935513,300103.935513,300103.935513,300103.935513,nan,300103.935513,nan,nan,0.0,37,64,,True,False,"HTTPConnectionPool(host='gpu06', port=9004): Read timed out.",0,59.56268577710819
324,2026-09-21T07:59:28.883+00:00,2026-09-21T08:04:28.948+00:00,2026-09-21T08:04:28.948+00:00,False,1,0.0,,0.0,300065.141374,300065.141374,300065.141374,300065.141374,300065.141374,300065.141374,nan,300065.141374,nan,nan,0.0,37,64,,True,False,"HTTPConnectionPool(host='gpu06', port=9004): Read timed out.",0,59.56268577710819
325,2026-09-21T07:59:29.107+00:00,2026-09-21T08:04:29.209+00:00,2026-09-21T08:04:29.209+00:00,False,1,0.0,,0.0,300101.29835,300101.29835,300101.29835,300101.29835,300101.29835,300101.29835,nan,300101.29835,nan,nan,0.0,37,64,,True,False,"HTTPConnectionPool(host='gpu06', port=9004): Read timed out.",0,59.56268577710819
326,2026-09-21T07:59:29.364+00:00,2026-09-21T08:04:29.454+00:00,2026-09-21T08:04:29.454+00:00,False,1,0.0,,0.0,300089.492462,300089.492462,300089.492462,300089.492462,300089.492462,300089.492462,nan,300089.492462,nan,nan,0.0,37,64,,True,False,TTFT timeout: 300.0s exceeded (TTFT: 300.085s),0,59.56268577710819
327,2026-09-21T07:59:29.620+00:00,2026-09-21T08:04:29.605+00:00,2026-09-21T08:04:29.649+00:00,False,3,2.0,,2.0,299985.493674,300028.905642,300028.90563500003,100009.63521166668,0.02496,299985.493674,173184.17492911135,269991.2830067,21.705984,30.661779206272552,0.006666024380952268,37,64,,True,False,Request timeout: 300.0s exceeded,6,59.56268577710819
328,2026-09-21T07:59:29.825+00:00,2026-09-21T08:04:29.751+00:00,2026-09-21T08:04:29.896+00:00,False,4,3.0,,3.0,299926.37659899995,300070.99253499997,300070.9926819999,75017.74817049998,0.03154,299926.37659899995,149939.08949367827,254948.49435579998,48.205312,41.748026040995235,0.009997634142027518,37,64,,True,False,Request timeout: 300.0s exceeded,11,59.56268577710819
329,2026-09-21T07:59:30.066+00:00,2026-09-21T08:04:30.172+00:00,2026-09-21T08:04:30.172+00:00,False,1,0.0,,0.0,300106.095646,300106.095646,300106.095646,300106.095646,300106.095646,300106.095646,nan,300106.095646,nan,nan,0.0,37,64,,True,False,"HTTPConnectionPool(host='gpu06', port=9004): Read timed out.",0,59.56268577710819
330,2026-09-21T07:59:30.379+00:00,2026-09-21T08:04:30.486+00:00,2026-09-21T08:04:30.486+00:00,False,1,0.0,,0.0,300107.09815499996,300107.09815499996,300107.09815499996,300107.09815499996,300107.09815499996,300107.09815499996,nan,300107.09815499996,nan,nan,0.0,37,64,,True,False,"HTTPConnectionPool(host='gpu06', port=9004): Read timed out.",0,59.56268577710819
331,2026-09-21T07:59:30.637+00:00,2026-09-21T08:04:30.715+00:00,2026-09-21T08:04:30.715+00:00,False,1,0.0,,0.0,300077.880817,300077.880817,300077.880817,300077.880817,300077.880817,300077.880817,nan,300077.880817,nan,nan,0.0,37,64,,True,False,"HTTPConnectionPool(host='gpu06', port=9004): Read timed out.",0,59.56268577710819
332,2026-09-21T07:59:30.944+00:00,2026-09-21T08:04:31.050+00:00,2026-09-21T08:04:31.050+00:00,False,1,0.0,,0.0,300106.154177,300106.154177,300106.154177,300106.154177,300106.154177,300106.154177,nan,300106.154177,nan,nan,0.0,37,64,,True,False,"HTTPConnectionPool(host='gpu06', port=9004): Read timed out.",0,59.56268577710819
333,2026-09-21T07:59:31.236+00:00,2026-09-21T08:04:31.351+00:00,2026-09-21T08:04:31.351+00:00,False,1,0.0,,0.0,300114.950038,300114.950038,300114.950038,300114.950038,300114.950038,300114.950038,nan,300114.950038,nan,nan,0.0,37,64,,True,False,"HTTPConnectionPool(host='gpu06', port=9004): Read timed out.",0,59.56268577710819
334,2026-09-21T07:59:31.498+00:00,2026-09-21T08:04:31.511+00:00,2026-09-21T08:04:32.856+00:00,False,21,20.0,,20.0,300013.466868,301358.31986,301358.31995699997,14350.39618842857,0.03279,300013.466868,65453.64506514039,182.37590400000002,67.2426496,42.05177827355124,0.06636617833976266,37,64,,True,False,Request timeout: 300.0s exceeded,39,59.56268577710819
335,2026-09-21T07:59:31.775+00:00,2026-09-21T08:04:31.873+00:00,2026-09-21T08:04:32.912+00:00,False,20,19.0,,19.0,300098.666241,301136.969729,301136.969693,15056.84848465,0.03162,300098.666241,67091.88418495584,15079.28189095,54.647552,16.752531767322203,0.06309421263386734,37,64,,True,False,Request timeout: 300.0s exceeded,57,59.56268577710819
336,2026-09-21T07:59:32.008+00:00,2026-09-21T08:04:32.001+00:00,2026-09-21T08:04:32.802+00:00,True,15,15.0,,15.0,299993.119954,300793.67573,300793.675521,20052.9117014,44.585801,299993.119954,77443.12659224602,90050.8144909,57.182555428571426,9.637200783950732,0.04986806974447288,37,64,,True,True,,45,59.56268577710819
339,2026-09-21T07:59:32.841+00:00,2026-09-21T08:04:32.686+00:00,2026-09-21T08:04:33.012+00:00,False,8,7.0,,7.0,299845.075104,300170.841504,300170.841401,37521.355175125,0.08794,299845.075104,105994.79108916399,194920.57947979998,46.53805714285714,21.193703732489322,0.023320053223446487,37,64,,True,False,Request timeout: 300.0s exceeded,56,59.56268577710819
340,2026-09-21T07:59:33.071+00:00,2026-09-21T08:04:33.173+00:00,2026-09-21T08:04:33.173+00:00,False,1,0.0,,0.0,300102.545134,300102.545134,300102.545134,300102.545134,300102.545134,300102.545134,nan,300102.545134,nan,nan,0.0,37,64,,True,False,"HTTPConnectionPool(host='gpu06', port=9004): Read timed out.",0,59.56268577710819
341,2026-09-21T07:59:33.304+00:00,2026-09-21T08:04:33.325+00:00,2026-09-21T08:04:33.325+00:00,False,1,0.0,,0.0,300021.361367,300021.361367,300021.361367,300021.361367,300021.361367,300021.361367,nan,300021.361367,nan,nan,0.0,37,64,,True,False,"HTTPConnectionPool(host='gpu06', port=9004): Read timed out.",0,59.56268577710819
337,2026-09-21T07:59:32.341+00:00,2026-09-21T08:04:33.474+00:00,2026-09-21T08:04:33.474+00:00,False,1,0.0,,0.0,301132.34447500005,301132.34447500005,301132.34447500005,301132.34447500005,301132.34447500005,301132.34447500005,nan,301132.34447500005,nan,nan,0.0,37,64,,True,False,"HTTPConnectionPool(host='gpu06', port=9004): Read timed out.",0,59.56268577710819
342,2026-09-21T07:59:33.587+00:00,2026-09-21T08:04:33.917+00:00,2026-09-21T08:04:34.929+00:00,False,16,15.0,,15.0,300330.127555,301342.05126700003,301342.051116,18833.87819475,0.02709,300330.127555,75065.68047696898,75246.91234,67.4615808,47.42253970684783,0.04977732094452843,37,64,,True,False,Request timeout: 300.0s exceeded,38,59.56268577710819
344,2026-09-21T07:59:34.815+00:00,2026-09-21T08:04:34.063+00:00,2026-09-21T08:04:34.982+00:00,False,15,14.0,,14.0,299247.65886,300166.316652,300166.316599,20011.087773266667,0.026969999999999997,299247.65886,77248.48498296915,89927.31146650002,65.61841371428572,48.7886182157147,0.04664080952237889,37,64,,True,False,Request timeout: 300.0s exceeded,56,59.56268577710819
338,2026-09-21T07:59:32.615+00:00,2026-09-21T08:04:34.064+00:00,2026-09-21T08:04:34.758+00:00,True,10,10.0,,10.0,301448.67764300003,302142.526987,302142.52700700006,30214.252700700003,44.044311,301448.67764300003,95302.07741704049,165895.9787429,77.09437155555555,56.5221167304341,0.03309696287947662,37,64,,True,True,,50,59.56268577710819
346,2026-09-21T07:59:34.854+00:00,2026-09-21T08:04:34.875+00:00,2026-09-21T08:04:35.319+00:00,False,10,9.0,,9.0,300020.75975300005,300464.275145,300464.2750220001,30046.427502200004,0.03488,300020.75975300005,94859.31297303448,165042.77091755002,49.279488,20.115082605778976,0.029953644224947278,37,64,,True,False,Request timeout: 300.0s exceeded,76,59.56268577710819
345,2026-09-21T07:59:34.831+00:00,2026-09-21T08:04:35.386+00:00,2026-09-21T08:04:35.386+00:00,False,1,0.0,,0.0,300555.337646,300555.337646,300555.337646,300555.337646,300555.337646,300555.337646,nan,300555.337646,nan,nan,0.0,37,64,,True,False,"HTTPConnectionPool(host='gpu06', port=9004): Read timed out.",0,59.56268577710819
347,2026-09-21T07:59:35.303+00:00,2026-09-21T08:04:35.567+00:00,2026-09-21T08:04:35.567+00:00,False,1,0.0,,0.0,300264.043718,300264.043718,300264.043718,300264.043718,300264.043718,300264.043718,nan,300264.043718,nan,nan,0.0,37,64,,True,False,"HTTPConnectionPool(host='gpu06', port=9004): Read timed out.",0,59.56268577710819
343,2026-09-21T07:59:34.790+00:00,2026-09-21T08:04:35.841+00:00,2026-09-21T08:04:35.841+00:00,False,1,0.0,,0.0,301051.405855,301051.405855,301051.405855,301051.405855,301051.405855,301051.405855,nan,301051.405855,nan,nan,0.0,37,64,,True,False,"HTTPConnectionPool(host='gpu06', port=9004): Read timed out.",0,59.56268577710819
348,2026-09-21T07:59:35.595+00:00,2026-09-21T08:04:35.893+00:00,2026-09-21T08:04:35.893+00:00,False,1,0.0,,0.0,300297.250671,300297.250671,300297.250671,300297.250671,300297.250671,300297.250671,nan,300297.250671,nan,nan,0.0,37,64,,True,False,"HTTPConnectionPool(host='gpu06', port=9004): Read timed out.",0,59.56268577710819
349,2026-09-21T07:59:35.832+00:00,2026-09-21T08:04:36.019+00:00,2026-09-21T08:04:36.019+00:00,False,1,0.0,,0.0,300186.96415200003,300186.96415200003,300186.96415200003,300186.96415200003,300186.96415200003,300186.96415200003,nan,300186.96415200003,nan,nan,0.0,37,64,,True,False,"HTTPConnectionPool(host='gpu06', port=9004): Read timed out.",0,59.56268577710819
350,2026-09-21T07:59:35.876+00:00,2026-09-21T08:04:36.091+00:00,2026-09-21T08:04:36.091+00:00,False,1,0.0,,0.0,300215.67464499996,300215.67464499996,300215.67464499996,300215.67464499996,300215.67464499996,300215.67464499996,nan,300215.67464499996,nan,nan,0.0,37,64,,True,False,"HTTPConnectionPool(host='gpu06', port=9004): Read timed out.",0,59.56268577710819
351,2026-09-21T07:59:36.190+00:00,2026-09-21T08:04:36.322+00:00,2026-09-21T08:04:36.322+00:00,False,1,0.0,,0.0,300132.134533,300132.134533,300132.134533,300132.134533,300132.134533,300132.134533,nan,300132.134533,nan,nan,0.0,37,64,,True,False,"HTTPConnectionPool(host='gpu06', port=9004): Read timed out.",0,59.56268577710819
352,2026-09-21T07:59:36.457+00:00,2026-09-21T08:04:36.561+00:00,2026-09-21T08:04:36.561+00:00,False,1,0.0,,0.0,300104.05710399995,300104.05710399995,300104.05710399995,300104.05710399995,300104.05710399995,300104.05710399995,nan,300104.05710399995,nan,nan,0.0,37,64,,True,False,"HTTPConnectionPool(host='gpu06', port=9004): Read timed out.",0,59.56268577710819
353,2026-09-21T07:59:36.695+00:00,2026-09-21T08:04:36.797+00:00,2026-09-21T08:04:36.797+00:00,False,1,0.0,,0.0,300101.97239899996,300101.97239899996,300101.97239899996,300101.97239899996,300101.97239899996,300101.97239899996,nan,300101.97239899996,nan,nan,0.0,37,64,,True,False,"HTTPConnectionPool(host='gpu06', port=9004): Read timed out.",0,59.56268577710819
354,2026-09-21T07:59:37.004+00:00,2026-09-21T08:04:37.112+00:00,2026-09-21T08:04:37.112+00:00,False,1,0.0,,0.0,300107.809912,300107.809912,300107.809912,300107.809912,300107.809912,300107.809912,nan,300107.809912,nan,nan,0.0,37,64,,True,False,"HTTPConnectionPool(host='gpu06', port=9004): Read timed out.",0,59.56268577710819
355,2026-09-21T07:59:37.332+00:00,2026-09-21T08:04:37.433+00:00,2026-09-21T08:04:37.433+00:00,False,1,0.0,,0.0,300101.356774,300101.356774,300101.356774,300101.356774,300101.356774,300101.356774,nan,300101.356774,nan,nan,0.0,37,64,,True,False,"HTTPConnectionPool(host='gpu06', port=9004): Read timed out.",0,59.56268577710819
356,2026-09-21T07:59:37.665+00:00,2026-09-21T08:04:37.757+00:00,2026-09-21T08:04:37.757+00:00,False,1,0.0,,0.0,300092.175735,300092.175735,300092.175735,300092.175735,300092.175735,300092.175735,nan,300092.175735,nan,nan,0.0,37,64,,True,False,"HTTPConnectionPool(host='gpu06', port=9004): Read timed out.",0,59.56268577710819
357,2026-09-21T07:59:37.977+00:00,2026-09-21T08:04:38.057+00:00,2026-09-21T08:04:38.057+00:00,False,1,0.0,,0.0,300079.713159,300079.713159,300079.713159,300079.713159,300079.713159,300079.713159,nan,300079.713159,nan,nan,0.0,37,64,,True,False,"HTTPConnectionPool(host='gpu06', port=9004): Read timed out.",0,59.56268577710819
358,2026-09-21T07:59:38.288+00:00,2026-09-21T08:04:38.253+00:00,2026-09-21T08:04:38.352+00:00,False,4,3.0,,3.0,299964.704469,300063.096021,300063.096093,75015.77402325,0.03696,299964.704469,149965.95544201197,254977.85139705,32.797184,28.54819153841756,0.009997897241552305,37,64,,True,False,Request timeout: 300.0s exceeded,18,59.56268577710819
359,2026-09-21T07:59:38.532+00:00,2026-09-21T08:04:38.653+00:00,2026-09-21T08:04:38.653+00:00,False,1,0.0,,0.0,300120.85330400005,300120.85330400005,300120.85330400005,300120.85330400005,300120.85330400005,300120.85330400005,nan,300120.85330400005,nan,nan,0.0,37,64,,True,False,"HTTPConnectionPool(host='gpu06', port=9004): Read timed out.",0,59.56268577710819
360,2026-09-21T07:59:38.744+00:00,2026-09-21T08:04:38.850+00:00,2026-09-21T08:04:38.850+00:00,False,1,0.0,,0.0,300106.650033,300106.650033,300106.650033,300106.650033,300106.650033,300106.650033,nan,300106.650033,nan,nan,0.0,37,64,,True,False,"HTTPConnectionPool(host='gpu06', port=9004): Read timed out.",0,59.56268577710819
361,2026-09-21T07:59:39.060+00:00,2026-09-21T08:04:39.150+00:00,2026-09-21T08:04:39.150+00:00,False,1,0.0,,0.0,300090.626468,300090.626468,300090.626468,300090.626468,300090.626468,300090.626468,nan,300090.626468,nan,nan,0.0,37,64,,True,False,"HTTPConnectionPool(host='gpu06', port=9004): Read timed out.",0,59.56268577710819
362,2026-09-21T07:59:39.313+00:00,2026-09-21T08:04:39.419+00:00,2026-09-21T08:04:39.419+00:00,False,1,0.0,,0.0,300105.968448,300105.968448,300105.968448,300105.968448,300105.968448,300105.968448,nan,300105.968448,nan,nan,0.0,37,64,,True,False,"HTTPConnectionPool(host='gpu06', port=9004): Read timed out.",0,59.56268577710819
363,2026-09-21T07:59:39.605+00:00,2026-09-21T08:04:39.710+00:00,2026-09-21T08:04:39.710+00:00,False,1,0.0,,0.0,300104.689974,300104.689974,300104.689974,300104.689974,300104.689974,300104.689974,nan,300104.689974,nan,nan,0.0,37,64,,True,False,"HTTPConnectionPool(host='gpu06', port=9004): Read timed out.",0,59.56268577710819
364,2026-09-21T07:59:39.924+00:00,2026-09-21T08:04:40.017+00:00,2026-09-21T08:04:40.017+00:00,False,1,0.0,,0.0,300092.72973799997,300092.72973799997,300092.72973799997,300092.72973799997,300092.72973799997,300092.72973799997,nan,300092.72973799997,nan,nan,0.0,37,64,,True,False,"HTTPConnectionPool(host='gpu06', port=9004): Read timed out.",0,59.56268577710819
365,2026-09-21T07:59:40.161+00:00,2026-09-21T08:04:40.157+00:00,2026-09-21T08:04:40.157+00:00,True,1,1.0,,1.0,299996.032359,299996.032359,299996.032359,299996.032359,299996.032359,299996.032359,nan,299996.032359,nan,nan,0.003333377418816384,37,64,,True,True,,0,59.56268577710819
366,2026-09-21T07:59:40.478+00:00,2026-09-21T08:04:40.462+00:00,2026-09-21T08:04:40.513+00:00,False,3,2.0,,2.0,299983.812982,300035.511926,300035.511899,100011.83729966667,0.03778,299983.812982,173180.81290941132,269990.5977975,25.849472,36.503454197804345,0.006665877606159083,37,64,,True,False,Request timeout: 300.0s exceeded,6,59.56268577710819
367,2026-09-21T07:59:40.668+00:00,2026-09-21T08:04:40.699+00:00,2026-09-21T08:04:40.768+00:00,False,3,2.0,,2.0,300030.169651,300099.576115,300099.575927,100033.19197566666,0.04513,300030.169651,173202.4668145011,270034.0888005,34.703232,49.01370050764174,0.006664454598341678,37,64,,True,False,Request timeout: 300.0s exceeded,4,59.56268577710819
368,2026-09-21T07:59:40.969+00:00,2026-09-21T08:04:41.074+00:00,2026-09-21T08:04:41.074+00:00,False,1,0.0,,0.0,300104.54949199996,300104.54949199996,300104.54949199996,300104.54949199996,300104.54949199996,300104.54949199996,nan,300104.54949199996,nan,nan,0.0,37,64,,True,False,"HTTPConnectionPool(host='gpu06', port=9004): Read timed out.",0,59.56268577710819
369,2026-09-21T07:59:41.205+00:00,2026-09-21T08:04:41.238+00:00,2026-09-21T08:04:41.238+00:00,False,1,0.0,,0.0,300032.678381,300032.678381,300032.678381,300032.678381,300032.678381,300032.678381,nan,300032.678381,nan,nan,0.0,37,64,,True,False,"HTTPConnectionPool(host='gpu06', port=9004): Read timed out.",0,59.56268577710819
370,2026-09-21T07:59:41.507+00:00,2026-09-21T08:04:41.559+00:00,2026-09-21T08:04:41.559+00:00,False,1,0.0,,0.0,300052.17793400004,300052.17793400004,300052.17793400004,300052.17793400004,300052.17793400004,300052.17793400004,nan,300052.17793400004,nan,nan,0.0,37,64,,True,False,"HTTPConnectionPool(host='gpu06', port=9004): Read timed out.",0,59.56268577710819
371,2026-09-21T07:59:41.732+00:00,2026-09-21T08:04:41.836+00:00,2026-09-21T08:04:41.836+00:00,False,1,0.0,,0.0,300104.268307,300104.268307,300104.268307,300104.268307,300104.268307,300104.268307,nan,300104.268307,nan,nan,0.0,37,64,,True,False,"HTTPConnectionPool(host='gpu06', port=9004): Read timed out.",0,59.56268577710819
372,2026-09-21T07:59:42.060+00:00,2026-09-21T08:04:42.171+00:00,2026-09-21T08:04:42.171+00:00,False,1,0.0,,0.0,300111.258829,300111.258829,300111.258829,300111.258829,300111.258829,300111.258829,nan,300111.258829,nan,nan,0.0,37,64,,True,False,"HTTPConnectionPool(host='gpu06', port=9004): Read timed out.",0,59.56268577710819
373,2026-09-21T07:59:42.256+00:00,2026-09-21T08:04:42.361+00:00,2026-09-21T08:04:42.361+00:00,False,1,0.0,,0.0,300105.42258899997,300105.42258899997,300105.42258899997,300105.42258899997,300105.42258899997,300105.42258899997,nan,300105.42258899997,nan,nan,0.0,37,64,,True,False,"HTTPConnectionPool(host='gpu06', port=9004): Read timed out.",0,59.56268577710819
374,2026-09-21T07:59:42.464+00:00,2026-09-21T08:04:42.456+00:00,2026-09-21T08:04:42.601+00:00,False,3,2.0,,2.0,299991.598795,300136.344779,300136.344797,100045.44826566667,0.03737,299991.598795,173158.46085614077,270006.90977870004,72.372992,102.29800918981226,0.006663638159092876,37,64,,True,False,Request timeout: 300.0s exceeded,3,59.56268577710819
375,2026-09-21T07:59:42.705+00:00,2026-09-21T08:04:42.768+00:00,2026-09-21T08:04:42.768+00:00,False,1,0.0,,0.0,300063.014025,300063.014025,300063.014025,300063.014025,300063.014025,300063.014025,nan,300063.014025,nan,nan,0.0,37,64,,True,False,TTFT timeout: 300.0s exceeded (TTFT: 300.058s),0,59.56268577710819
376,2026-09-21T07:59:42.926+00:00,2026-09-21T08:04:43.036+00:00,2026-09-21T08:04:43.036+00:00,False,1,0.0,,0.0,300110.37680900004,300110.37680900004,300110.37680900004,300110.37680900004,300110.37680900004,300110.37680900004,nan,300110.37680900004,nan,nan,0.0,37,64,,True,False,"HTTPConnectionPool(host='gpu06', port=9004): Read timed out.",0,59.56268577710819
377,2026-09-21T07:59:43.191+00:00,2026-09-21T08:04:43.228+00:00,2026-09-21T08:04:43.228+00:00,False,1,0.0,,0.0,300037.004634,300037.004634,300037.004634,300037.004634,300037.004634,300037.004634,nan,300037.004634,nan,nan,0.0,37,64,,True,False,"HTTPConnectionPool(host='gpu06', port=9004): Read timed out.",0,59.56268577710819
378,2026-09-21T07:59:43.517+00:00,2026-09-21T08:04:43.621+00:00,2026-09-21T08:04:43.621+00:00,False,1,0.0,,0.0,300104.342221,300104.342221,300104.342221,300104.342221,300104.342221,300104.342221,nan,300104.342221,nan,nan,0.0,37,64,,True,False,"HTTPConnectionPool(host='gpu06', port=9004): Read timed out.",0,59.56268577710819
379,2026-09-21T07:59:43.783+00:00,2026-09-21T08:04:43.888+00:00,2026-09-21T08:04:43.888+00:00,False,1,0.0,,0.0,300105.410702,300105.410702,300105.410702,300105.410702,300105.410702,300105.410702,nan,300105.410702,nan,nan,0.0,37,64,,True,False,"HTTPConnectionPool(host='gpu06', port=9004): Read timed out.",0,59.56268577710819
380,2026-09-21T07:59:44.105+00:00,2026-09-21T08:04:44.222+00:00,2026-09-21T08:04:44.222+00:00,False,1,0.0,,0.0,300116.770584,300116.770584,300116.770584,300116.770584,300116.770584,300116.770584,nan,300116.770584,nan,nan,0.0,37,64,,True,False,"HTTPConnectionPool(host='gpu06', port=9004): Read timed out.",0,59.56268577710819
381,2026-09-21T07:59:44.310+00:00,2026-09-21T08:04:44.408+00:00,2026-09-21T08:04:44.408+00:00,False,1,0.0,,0.0,300098.14548400004,300098.14548400004,300098.14548400004,300098.14548400004,300098.14548400004,300098.14548400004,nan,300098.14548400004,nan,nan,0.0,37,64,,True,False,TTFT timeout: 300.0s exceeded (TTFT: 300.088s),0,59.56268577710819
382,2026-09-21T07:59:44.561+00:00,2026-09-21T08:04:44.635+00:00,2026-09-21T08:04:44.635+00:00,False,1,0.0,,0.0,300074.452088,300074.452088,300074.452088,300074.452088,300074.452088,300074.452088,nan,300074.452088,nan,nan,0.0,37,64,,True,False,TTFT timeout: 300.0s exceeded (TTFT: 300.062s),0,59.56268577710819
383,2026-09-21T07:59:44.831+00:00,2026-09-21T08:04:44.748+00:00,2026-09-21T08:04:44.922+00:00,False,3,2.0,,2.0,299916.955117,300091.042797,300091.04288699996,100030.347629,0.030600000000000002,299916.955117,173106.90182978867,269942.6653223,87.04384,123.05549644706957,0.006664644107198237,37,64,,True,False,Request timeout: 300.0s exceeded,4,59.56268577710819
384,2026-09-21T07:59:45.052+00:00,2026-09-21T08:04:45.146+00:00,2026-09-21T08:04:45.146+00:00,False,1,0.0,,0.0,300094.157473,300094.157473,300094.157473,300094.157473,300094.157473,300094.157473,nan,300094.157473,nan,nan,0.0,37,64,,True,False,"HTTPConnectionPool(host='gpu06', port=9004): Read timed out.",0,59.56268577710819
385,2026-09-21T07:59:45.252+00:00,2026-09-21T08:04:45.605+00:00,2026-09-21T08:04:46.848+00:00,True,18,18.0,,18.0,300353.690948,301595.735364,301595.735282,16755.31862677778,44.658877000000004,300353.690948,70776.83025556573,45197.04121885,73.06143623529412,32.73656880685477,0.059682541526243915,37,64,,True,True,,72,59.56268577710819
386,2026-09-21T07:59:45.545+00:00,2026-09-21T08:04:45.986+00:00,2026-09-21T08:04:47.029+00:00,True,17,17.0,,17.0,300441.179099,301483.493851,301483.493815,17734.323165588234,43.794907,300441.179099,72851.8949280502,60223.939843800006,65.144672,29.69003318119627,0.05638783000306407,37,64,,True,True,,126,59.56268577710819
387,2026-09-21T07:59:45.878+00:00,2026-09-21T08:04:46.280+00:00,2026-09-21T08:04:47.128+00:00,False,17,16.0,,16.0,300401.435392,301249.660672,301249.66053,17720.56826647059,0.02818,300401.435392,72845.19369654747,60136.28423520001,53.01408,15.782328927346862,0.05311209302048232,37,64,,True,False,Request timeout: 300.0s exceeded,79,59.56268577710819
392,2026-09-21T07:59:47.081+00:00,2026-09-21T08:04:47.290+00:00,2026-09-21T08:04:47.290+00:00,False,1,0.0,,0.0,300208.794684,300208.794684,300208.794684,300208.794684,300208.794684,300208.794684,nan,300208.794684,nan,nan,0.0,37,64,,True,False,"HTTPConnectionPool(host='gpu06', port=9004): Read timed out.",0,59.56268577710819
393,2026-09-21T07:59:47.319+00:00,2026-09-21T08:04:47.346+00:00,2026-09-21T08:04:47.346+00:00,False,1,0.0,,0.0,300027.13635900005,300027.13635900005,300027.13635900005,300027.13635900005,300027.13635900005,300027.13635900005,nan,300027.13635900005,nan,nan,0.0,37,64,,True,False,"HTTPConnectionPool(host='gpu06', port=9004): Read timed out.",0,59.56268577710819
388,2026-09-21T07:59:46.177+00:00,2026-09-21T08:04:47.362+00:00,2026-09-21T08:04:47.362+00:00,False,1,0.0,,0.0,301185.156119,301185.156119,301185.156119,301185.156119,301185.156119,301185.156119,nan,301185.156119,nan,nan,0.0,37,64,,True,False,"HTTPConnectionPool(host='gpu06', port=9004): Read timed out.",0,59.56268577710819
389,2026-09-21T07:59:46.438+00:00,2026-09-21T08:04:47.529+00:00,2026-09-21T08:04:47.529+00:00,False,1,0.0,,0.0,301090.61087599996,301090.61087599996,301090.61087599996,301090.61087599996,301090.61087599996,301090.61087599996,nan,301090.61087599996,nan,nan,0.0,37,64,,True,False,"HTTPConnectionPool(host='gpu06', port=9004): Read timed out.",0,59.56268577710819
394,2026-09-21T07:59:47.617+00:00,2026-09-21T08:04:47.735+00:00,2026-09-21T08:04:47.735+00:00,False,1,0.0,,0.0,300118.16019,300118.16019,300118.16019,300118.16019,300118.16019,300118.16019,nan,300118.16019,nan,nan,0.0,37,64,,True,False,"HTTPConnectionPool(host='gpu06', port=9004): Read timed out.",0,59.56268577710819
390,2026-09-21T07:59:46.704+00:00,2026-09-21T08:04:47.785+00:00,2026-09-21T08:04:47.785+00:00,False,1,0.0,,0.0,301081.63707700005,301081.63707700005,301081.63707700005,301081.63707700005,301081.63707700005,301081.63707700005,nan,301081.63707700005,nan,nan,0.0,37,64,,True,False,"HTTPConnectionPool(host='gpu06', port=9004): Read timed out.",0,59.56268577710819
391,2026-09-21T07:59:46.895+00:00,2026-09-21T08:04:47.927+00:00,2026-09-21T08:04:47.927+00:00,False,1,0.0,,0.0,301031.993061,301031.993061,301031.993061,301031.993061,301031.993061,301031.993061,nan,301031.993061,nan,nan,0.0,37,64,,True,False,"HTTPConnectionPool(host='gpu06', port=9004): Read timed out.",0,59.56268577710819
395,2026-09-21T07:59:47.876+00:00,2026-09-21T08:04:47.945+00:00,2026-09-21T08:04:47.945+00:00,False,1,0.0,,0.0,300068.863624,300068.863624,300068.863624,300068.863624,300068.863624,300068.863624,nan,300068.863624,nan,nan,0.0,37,64,,True,False,"HTTPConnectionPool(host='gpu06', port=9004): Read timed out.",0,59.56268577710819
396,2026-09-21T07:59:48.087+00:00,2026-09-21T08:04:48.227+00:00,2026-09-21T08:04:48.227+00:00,False,1,0.0,,0.0,300140.274579,300140.274579,300140.274579,300140.274579,300140.274579,300140.274579,nan,300140.274579,nan,nan,0.0,37,64,,True,False,"HTTPConnectionPool(host='gpu06', port=9004): Read timed out.",0,59.56268577710819
397,2026-09-21T07:59:48.361+00:00,2026-09-21T08:04:48.474+00:00,2026-09-21T08:04:48.474+00:00,False,1,0.0,,0.0,300113.245459,300113.245459,300113.245459,300113.245459,300113.245459,300113.245459,nan,300113.245459,nan,nan,0.0,37,64,,True,False,"HTTPConnectionPool(host='gpu06', port=9004): Read timed out.",0,59.56268577710819
398,2026-09-21T07:59:48.547+00:00,2026-09-21T08:04:48.651+00:00,2026-09-21T08:04:48.651+00:00,False,1,0.0,,0.0,300103.67508200003,300103.67508200003,300103.67508200003,300103.67508200003,300103.67508200003,300103.67508200003,nan,300103.67508200003,nan,nan,0.0,37,64,,True,False,"HTTPConnectionPool(host='gpu06', port=9004): Read timed out.",0,59.56268577710819
399,2026-09-21T07:59:48.868+00:00,2026-09-21T08:04:48.981+00:00,2026-09-21T08:04:48.981+00:00,False,1,0.0,,0.0,300112.421424,300112.421424,300112.421424,300112.421424,300112.421424,300112.421424,nan,300112.421424,nan,nan,0.0,37,64,,True,False,"HTTPConnectionPool(host='gpu06', port=9004): Read timed out.",0,59.56268577710819
400,2026-09-21T07:59:49.059+00:00,2026-09-21T08:04:49.022+00:00,2026-09-21T08:04:49.137+00:00,False,3,2.0,,2.0,299963.178574,300078.202446,300078.202247,100026.06741566668,0.02837,299963.178574,173150.62696422363,269978.3602469,57.511936,81.29397359694507,0.006664929287424353,37,64,,True,False,Request timeout: 300.0s exceeded,6,59.56268577710819
401,2026-09-21T07:59:49.295+00:00,2026-09-21T08:04:49.283+00:00,2026-09-21T08:04:49.355+00:00,False,3,2.0,,2.0,299988.101997,300060.104045,300060.103853,100020.03461766666,0.038259999999999995,299988.101997,173177.4300302516,269996.4881569,36.001024,50.858830599324165,0.0066653312887609345,37,64,,True,False,Request timeout: 300.0s exceeded,18,59.56268577710819
402,2026-09-21T07:59:49.603+00:00,2026-09-21T08:04:49.705+00:00,2026-09-21T08:04:49.705+00:00,False,1,0.0,,0.0,300101.89523400005,300101.89523400005,300101.89523400005,300101.89523400005,300101.89523400005,300101.89523400005,nan,300101.89523400005,nan,nan,0.0,37,64,,True,False,"HTTPConnectionPool(host='gpu06', port=9004): Read timed out.",0,59.56268577710819
403,2026-09-21T07:59:49.871+00:00,2026-09-21T08:04:49.974+00:00,2026-09-21T08:04:49.974+00:00,False,1,0.0,,0.0,300102.888835,300102.888835,300102.888835,300102.888835,300102.888835,300102.888835,nan,300102.888835,nan,nan,0.0,37,64,,True,False,"HTTPConnectionPool(host='gpu06', port=9004): Read timed out.",0,59.56268577710819
404,2026-09-21T07:59:50.192+00:00,2026-09-21T08:04:50.296+00:00,2026-09-21T08:04:50.296+00:00,False,1,0.0,,0.0,300103.842696,300103.842696,300103.842696,300103.842696,300103.842696,300103.842696,nan,300103.842696,nan,nan,0.0,37,64,,True,False,"HTTPConnectionPool(host='gpu06', port=9004): Read timed out.",0,59.56268577710819
405,2026-09-21T07:59:50.392+00:00,2026-09-21T08:04:50.499+00:00,2026-09-21T08:04:50.499+00:00,False,1,0.0,,0.0,300107.153577,300107.153577,300107.153577,300107.153577,300107.153577,300107.153577,nan,300107.153577,nan,nan,0.0,37,64,,True,False,"HTTPConnectionPool(host='gpu06', port=9004): Read timed out.",0,59.56268577710819
406,2026-09-21T07:59:50.727+00:00,2026-09-21T08:04:50.832+00:00,2026-09-21T08:04:50.832+00:00,False,1,0.0,,0.0,300105.386167,300105.386167,300105.386167,300105.386167,300105.386167,300105.386167,nan,300105.386167,nan,nan,0.0,37,64,,True,False,"HTTPConnectionPool(host='gpu06', port=9004): Read timed out.",0,59.56268577710819
407,2026-09-21T07:59:51.034+00:00,2026-09-21T08:04:51.073+00:00,2026-09-21T08:04:51.073+00:00,False,1,0.0,,0.0,300038.912715,300038.912715,300038.912715,300038.912715,300038.912715,300038.912715,nan,300038.912715,nan,nan,0.0,37,64,,True,False,TTFT timeout: 300.0s exceeded (TTFT: 300.028s),0,59.56268577710819
408,2026-09-21T07:59:51.278+00:00,2026-09-21T08:04:51.338+00:00,2026-09-21T08:04:51.338+00:00,False,1,0.0,,0.0,300060.851007,300060.851007,300060.851007,300060.851007,300060.851007,300060.851007,nan,300060.851007,nan,nan,0.0,37,64,,True,False,TTFT timeout: 300.0s exceeded (TTFT: 300.056s),0,59.56268577710819
409,2026-09-21T07:59:51.591+00:00,2026-09-21T08:04:51.565+00:00,2026-09-21T08:04:51.610+00:00,False,3,2.0,,2.0,299974.00238599995,300019.57141,300019.57132299995,100006.52377433331,0.05608,299974.00238599995,173176.9178999042,269981.1534331,22.784512,32.142879413291645,0.006666231774815934,37,64,,True,False,Request timeout: 300.0s exceeded,8,59.56268577710819
410,2026-09-21T07:59:51.871+00:00,2026-09-21T08:04:51.948+00:00,2026-09-21T08:04:51.948+00:00,False,1,0.0,,0.0,300077.264808,300077.264808,300077.264808,300077.264808,300077.264808,300077.264808,nan,300077.264808,nan,nan,0.0,37,64,,True,False,"HTTPConnectionPool(host='gpu06', port=9004): Read timed out.",0,59.56268577710819
411,2026-09-21T07:59:52.165+00:00,2026-09-21T08:04:52.271+00:00,2026-09-21T08:04:52.271+00:00,False,1,0.0,,0.0,300105.91044199996,300105.91044199996,300105.91044199996,300105.91044199996,300105.91044199996,300105.91044199996,nan,300105.91044199996,nan,nan,0.0,37,64,,True,False,"HTTPConnectionPool(host='gpu06', port=9004): Read timed out.",0,59.56268577710819
412,2026-09-21T07:59:52.374+00:00,2026-09-21T08:04:52.486+00:00,2026-09-21T08:04:52.486+00:00,False,1,0.0,,0.0,300112.21525999997,300112.21525999997,300112.21525999997,300112.21525999997,300112.21525999997,300112.21525999997,nan,300112.21525999997,nan,nan,0.0,37,64,,True,False,"HTTPConnectionPool(host='gpu06', port=9004): Read timed out.",0,59.56268577710819
413,2026-09-21T07:59:52.671+00:00,2026-09-21T08:04:52.721+00:00,2026-09-21T08:04:52.721+00:00,False,1,0.0,,0.0,300050.03008,300050.03008,300050.03008,300050.03008,300050.03008,300050.03008,nan,300050.03008,nan,nan,0.0,37,64,,True,False,TTFT timeout: 300.0s exceeded (TTFT: 300.037s),0,59.56268577710819
417,2026-09-21T07:59:54.462+00:00,2026-09-21T08:04:53.197+00:00,2026-09-21T08:04:54.735+00:00,False,28,27.0,,27.0,298734.674274,300272.984674,300272.98456,10724.035162857142,0.03558,298734.674274,56444.781923826675,87.74747834999998,56.97445925925926,16.125064524747266,0.08991817905068392,37,64,,True,False,Request timeout: 300.0s exceeded,110,59.56268577710819
416,2026-09-21T07:59:54.351+00:00,2026-09-21T08:04:53.200+00:00,2026-09-21T08:04:54.456+00:00,False,23,22.0,,22.0,298848.807503,300105.042511,300105.042596,13048.045330260871,0.03774,298848.807503,62302.379946970366,93.56449610000001,57.101591272727276,17.936259938527936,0.0733076652625509,37,64,,True,False,Request timeout: 300.0s exceeded,45,59.56268577710819
414,2026-09-21T07:59:54.148+00:00,2026-09-21T08:04:53.201+00:00,2026-09-21T08:04:53.582+00:00,True,7,7.0,,7.0,299053.43238099996,299434.205501,299434.20536699996,42776.31505242857,48.607887000000005,299053.43238099996,113007.58733440336,209364.33972789996,63.46218666666667,14.789050006781459,0.02337742272392665,37,64,,True,True,,7,59.56268577710819
420,2026-09-21T07:59:54.789+00:00,2026-09-21T08:04:54.968+00:00,2026-09-21T08:04:54.968+00:00,False,1,0.0,,0.0,300179.62720700004,300179.62720700004,300179.62720700004,300179.62720700004,300179.62720700004,300179.62720700004,nan,300179.62720700004,nan,nan,0.0,37,64,,True,False,"HTTPConnectionPool(host='gpu06', port=9004): Read timed out.",0,59.56268577710819
419,2026-09-21T07:59:54.704+00:00,2026-09-21T08:04:55.052+00:00,2026-09-21T08:04:55.052+00:00,False,1,0.0,,0.0,300347.607638,300347.607638,300347.607638,300347.607638,300347.607638,300347.607638,nan,300347.607638,nan,nan,0.0,37,64,,True,False,"HTTPConnectionPool(host='gpu06', port=9004): Read timed out.",0,59.56268577710819
415,2026-09-21T07:59:54.228+00:00,2026-09-21T08:04:55.052+00:00,2026-09-21T08:04:55.052+00:00,False,1,0.0,,0.0,300823.22436,300823.22436,300823.22436,300823.22436,300823.22436,300823.22436,nan,300823.22436,nan,nan,0.0,37,64,,True,False,"HTTPConnectionPool(host='gpu06', port=9004): Read timed out.",0,59.56268577710819
418,2026-09-21T07:59:54.677+00:00,2026-09-21T08:04:55.293+00:00,2026-09-21T08:04:55.293+00:00,False,1,0.0,,0.0,300616.032937,300616.032937,300616.032937,300616.032937,300616.032937,300616.032937,nan,300616.032937,nan,nan,0.0,37,64,,True,False,"HTTPConnectionPool(host='gpu06', port=9004): Read timed out.",0,59.56268577710819
422,2026-09-21T07:59:55.240+00:00,2026-09-21T08:04:55.422+00:00,2026-09-21T08:04:55.422+00:00,False,1,0.0,,0.0,300182.15779900004,300182.15779900004,300182.15779900004,300182.15779900004,300182.15779900004,300182.15779900004,nan,300182.15779900004,nan,nan,0.0,37,64,,True,False,"HTTPConnectionPool(host='gpu06', port=9004): Read timed out.",0,59.56268577710819
421,2026-09-21T07:59:55.129+00:00,2026-09-21T08:04:55.508+00:00,2026-09-21T08:04:55.508+00:00,False,1,0.0,,0.0,300379.463134,300379.463134,300379.463134,300379.463134,300379.463134,300379.463134,nan,300379.463134,nan,nan,0.0,37,64,,True,False,"HTTPConnectionPool(host='gpu06', port=9004): Read timed out.",0,59.56268577710819
423,2026-09-21T07:59:55.365+00:00,2026-09-21T08:04:55.681+00:00,2026-09-21T08:04:55.681+00:00,False,1,0.0,,0.0,300316.525862,300316.525862,300316.525862,300316.525862,300316.525862,300316.525862,nan,300316.525862,nan,nan,0.0,37,64,,True,False,"HTTPConnectionPool(host='gpu06', port=9004): Read timed out.",0,59.56268577710819
424,2026-09-21T07:59:55.666+00:00,2026-09-21T08:04:55.773+00:00,2026-09-21T08:04:55.773+00:00,False,1,0.0,,0.0,300106.91875,300106.91875,300106.91875,300106.91875,300106.91875,300106.91875,nan,300106.91875,nan,nan,0.0,37,64,,True,False,"HTTPConnectionPool(host='gpu06', port=9004): Read timed out.",0,59.56268577710819
425,2026-09-21T07:59:55.915+00:00,2026-09-21T08:04:56.020+00:00,2026-09-21T08:04:56.020+00:00,False,1,0.0,,0.0,300104.681703,300104.681703,300104.681703,300104.681703,300104.681703,300104.681703,nan,300104.681703,nan,nan,0.0,37,64,,True,False,"HTTPConnectionPool(host='gpu06', port=9004): Read timed out.",0,59.56268577710819
426,2026-09-21T07:59:56.142+00:00,2026-09-21T08:04:56.237+00:00,2026-09-21T08:04:56.237+00:00,False,1,0.0,,0.0,300095.44097000005,300095.44097000005,300095.44097000005,300095.44097000005,300095.44097000005,300095.44097000005,nan,300095.44097000005,nan,nan,0.0,37,64,,True,False,"HTTPConnectionPool(host='gpu06', port=9004): Read timed out.",0,59.56268577710819
427,2026-09-21T07:59:56.446+00:00,2026-09-21T08:04:56.551+00:00,2026-09-21T08:04:56.551+00:00,False,1,0.0,,0.0,300105.56404400006,300105.56404400006,300105.56404400006,300105.56404400006,300105.56404400006,300105.56404400006,nan,300105.56404400006,nan,nan,0.0,37,64,,True,False,"HTTPConnectionPool(host='gpu06', port=9004): Read timed out.",0,59.56268577710819
428,2026-09-21T07:59:56.696+00:00,2026-09-21T08:04:56.796+00:00,2026-09-21T08:04:56.796+00:00,False,1,0.0,,0.0,300100.515167,300100.515167,300100.515167,300100.515167,300100.515167,300100.515167,nan,300100.515167,nan,nan,0.0,37,64,,True,False,"HTTPConnectionPool(host='gpu06', port=9004): Read timed out.",0,59.56268577710819
429,2026-09-21T07:59:56.907+00:00,2026-09-21T08:04:56.917+00:00,2026-09-21T08:04:56.917+00:00,False,1,0.0,,0.0,300009.835151,300009.835151,300009.835151,300009.835151,300009.835151,300009.835151,nan,300009.835151,nan,nan,0.0,37,64,,True,False,TTFT timeout: 300.0s exceeded (TTFT: 300.004s),0,59.56268577710819
430,2026-09-21T07:59:57.153+00:00,2026-09-21T08:04:57.189+00:00,2026-09-21T08:04:57.189+00:00,False,1,0.0,,0.0,300035.54261299997,300035.54261299997,300035.54261299997,300035.54261299997,300035.54261299997,300035.54261299997,nan,300035.54261299997,nan,nan,0.0,37,64,,True,False,TTFT timeout: 300.0s exceeded (TTFT: 300.018s),0,59.56268577710819
431,2026-09-21T07:59:57.416+00:00,2026-09-21T08:04:57.356+00:00,2026-09-21T08:04:57.447+00:00,False,3,2.0,,2.0,299940.63558999996,300031.63744599995,300031.63755399996,100010.54585133331,0.045450000000000004,299940.63558999996,173144.54266129457,269955.6676824,45.500928,64.28394863322346,0.006665963686446109,37,64,,True,False,Request timeout: 300.0s exceeded,4,59.56268577710819
432,2026-09-21T07:59:57.656+00:00,2026-09-21T08:04:57.755+00:00,2026-09-21T08:04:57.755+00:00,False,1,0.0,,0.0,300098.35742400005,300098.35742400005,300098.35742400005,300098.35742400005,300098.35742400005,300098.35742400005,nan,300098.35742400005,nan,nan,0.0,37,64,,True,False,"HTTPConnectionPool(host='gpu06', port=9004): Read timed out.",0,59.56268577710819
433,2026-09-21T07:59:57.851+00:00,2026-09-21T08:04:57.965+00:00,2026-09-21T08:04:57.965+00:00,False,1,0.0,,0.0,300113.39797399996,300113.39797399996,300113.39797399996,300113.39797399996,300113.39797399996,300113.39797399996,nan,300113.39797399996,nan,nan,0.0,37,64,,True,False,"HTTPConnectionPool(host='gpu06', port=9004): Read timed out.",0,59.56268577710819
434,2026-09-21T07:59:58.165+00:00,2026-09-21T08:04:58.243+00:00,2026-09-21T08:04:58.243+00:00,False,1,0.0,,0.0,300077.194559,300077.194559,300077.194559,300077.194559,300077.194559,300077.194559,nan,300077.194559,nan,nan,0.0,37,64,,True,False,"HTTPConnectionPool(host='gpu06', port=9004): Read timed out.",0,59.56268577710819
435,2026-09-21T07:59:58.405+00:00,2026-09-21T08:04:58.511+00:00,2026-09-21T08:04:58.511+00:00,False,1,0.0,,0.0,300106.245662,300106.245662,300106.245662,300106.245662,300106.245662,300106.245662,nan,300106.245662,nan,nan,0.0,37,64,,True,False,"HTTPConnectionPool(host='gpu06', port=9004): Read timed out.",0,59.56268577710819
436,2026-09-21T07:59:58.596+00:00,2026-09-21T08:04:58.640+00:00,2026-09-21T08:04:58.640+00:00,False,1,0.0,,0.0,300043.432477,300043.432477,300043.432477,300043.432477,300043.432477,300043.432477,nan,300043.432477,nan,nan,0.0,37,64,,True,False,"HTTPConnectionPool(host='gpu06', port=9004): Read timed out.",0,59.56268577710819
437,2026-09-21T07:59:58.890+00:00,2026-09-21T08:04:59.003+00:00,2026-09-21T08:04:59.003+00:00,False,1,0.0,,0.0,300113.16096899996,300113.16096899996,300113.16096899996,300113.16096899996,300113.16096899996,300113.16096899996,nan,300113.16096899996,nan,nan,0.0,37,64,,True,False,"HTTPConnectionPool(host='gpu06', port=9004): Read timed out.",0,59.56268577710819
438,2026-09-21T07:59:59.129+00:00,2026-09-21T08:04:59.215+00:00,2026-09-21T08:04:59.215+00:00,False,1,0.0,,0.0,300085.832605,300085.832605,300085.832605,300085.832605,300085.832605,300085.832605,nan,300085.832605,nan,nan,0.0,37,64,,True,False,TTFT timeout: 300.0s exceeded (TTFT: 300.080s),0,59.56268577710819
439,2026-09-21T07:59:59.350+00:00,2026-09-21T08:04:59.374+00:00,2026-09-21T08:04:59.374+00:00,False,1,0.0,,0.0,300023.99733600003,300023.99733600003,300023.99733600003,300023.99733600003,300023.99733600003,300023.99733600003,nan,300023.99733600003,nan,nan,0.0,37,64,,True,False,TTFT timeout: 300.0s exceeded (TTFT: 300.011s),0,59.56268577710819
440,2026-09-21T07:59:59.691+00:00,2026-09-21T08:04:59.799+00:00,2026-09-21T08:04:59.799+00:00,False,1,0.0,,0.0,300108.53041,300108.53041,300108.53041,300108.53041,300108.53041,300108.53041,nan,300108.53041,nan,nan,0.0,37,64,,True,False,"HTTPConnectionPool(host='gpu06', port=9004): Read timed out.",0,59.56268577710819
441,2026-09-21T08:00:00.013+00:00,2026-09-21T08:05:00.137+00:00,2026-09-21T08:05:00.137+00:00,False,1,0.0,,0.0,300124.09538099996,300124.09538099996,300124.09538099996,300124.09538099996,300124.09538099996,300124.09538099996,nan,300124.09538099996,nan,nan,0.0,37,64,,True,False,"HTTPConnectionPool(host='gpu06', port=9004): Read timed out.",0,59.56268577710819
442,2026-09-21T08:00:00.297+00:00,2026-09-21T08:05:00.406+00:00,2026-09-21T08:05:00.406+00:00,False,1,0.0,,0.0,300109.488189,300109.488189,300109.488189,300109.488189,300109.488189,300109.488189,nan,300109.488189,nan,nan,0.0,37,64,,True,False,"HTTPConnectionPool(host='gpu06', port=9004): Read timed out.",0,59.56268577710819
443,2026-09-21T08:00:00.615+00:00,2026-09-21T08:05:00.685+00:00,2026-09-21T08:05:00.685+00:00,False,1,0.0,,0.0,300070.168014,300070.168014,300070.168014,300070.168014,300070.168014,300070.168014,nan,300070.168014,nan,nan,0.0,37,64,,True,False,"HTTPConnectionPool(host='gpu06', port=9004): Read timed out.",0,59.56268577710819
444,2026-09-21T08:00:00.859+00:00,2026-09-21T08:05:00.973+00:00,2026-09-21T08:05:00.973+00:00,False,1,0.0,,0.0,300114.488645,300114.488645,300114.488645,300114.488645,300114.488645,300114.488645,nan,300114.488645,nan,nan,0.0,37,64,,True,False,"HTTPConnectionPool(host='gpu06', port=9004): Read timed out.",0,59.56268577710819
445,2026-09-21T08:00:01.135+00:00,2026-09-21T08:05:01.169+00:00,2026-09-21T08:05:02.966+00:00,False,29,28.0,,28.0,300033.68643,301830.851998,301830.85189,10407.96041,0.0272,300033.68643,55702.9491431347,175.75339680000002,64.18448457142857,35.70708177934651,0.09276719001603433,37,64,,True,False,Request timeout: 300.0s exceeded,61,59.56268577710819
446,2026-09-21T08:00:01.335+00:00,2026-09-21T08:05:01.383+00:00,2026-09-21T08:05:02.409+00:00,True,17,17.0,,17.0,300048.414318,301074.70321400004,301074.70333600004,17710.27666682353,42.784447,300048.414318,72756.87501171323,60098.881618,64.143056,18.819976685759954,0.05646439178889307,37,64,,True,True,,0,59.56268577710819
447,2026-09-21T08:00:01.617+00:00,2026-09-21T08:05:01.952+00:00,2026-09-21T08:05:02.851+00:00,True,16,16.0,,16.0,300335.309839,301234.878735,301234.878714,18827.179919625,45.953127,300335.309839,75068.8362561321,75168.92787700001,59.97125973333333,16.097873384182574,0.05311469929109834,37,64,,True,True,,32,59.56268577710819
448,2026-09-21T08:00:01.841+00:00,2026-09-21T08:05:02.176+00:00,2026-09-21T08:05:03.069+00:00,False,18,17.0,,17.0,300335.164856,301227.735224,301227.73518099997,16734.87417672222,0.02835,300335.164856,70777.30342953751,45111.46691265,52.50413929411764,15.221150592783204,0.05643570631820606,37,64,,True,False,Request timeout: 300.0s exceeded,35,59.56268577710819
449,2026-09-21T08:00:02.184+00:00,2026-09-21T08:05:03.314+00:00,2026-09-21T08:05:03.314+00:00,False,1,0.0,,0.0,301129.874495,301129.874495,301129.874495,301129.874495,301129.874495,301129.874495,nan,301129.874495,nan,nan,0.0,37,64,,True,False,"HTTPConnectionPool(host='gpu06', port=9004): Read timed out.",0,59.56268577710819
0,2026-09-21T07:58:02.287+00:00,2026-09-21T07:58:02.477+00:00,2026-09-21T07:58:07.359+00:00,True,84,84.0,,84.0,190.318823,5072.213223,5072.213078,60.383489023809524,0.01593,248.113247,35.25397394297525,96.95637985000002,58.81800481927711,32.39792731864467,16.560817991464003,38,64,,False,True,,587,59.56268577710819
2,2026-09-21T07:58:03.111+00:00,2026-09-21T07:58:03.494+00:00,2026-09-21T07:58:09.303+00:00,True,95,95.0,,95.0,383.035415,6192.477463,6192.477344,65.18397204210527,39.190014000000005,383.035415,34.8537747090627,79.550985,61.802574978723406,11.399644394453066,15.341194306741395,38,64,,False,True,,515,59.56268577710819
1,2026-09-21T07:58:02.701+00:00,2026-09-21T07:58:07.529+00:00,2026-09-21T07:58:13.738+00:00,True,98,98.0,,98.0,4827.207018,11036.740202,11036.740283,112.61979880612245,0.01652,4827.207018,482.95378466546566,79.88453865000001,64.01580602061856,41.86066968548199,8.879433438348139,38,64,,False,True,,294,59.56268577710819
4,2026-09-21T07:58:03.704+00:00,2026-09-21T07:58:08.298+00:00,2026-09-21T07:58:13.203+00:00,True,78,78.0,,78.0,4594.08717,9499.785474,9499.785319,121.79211947435897,0.01716,4594.08717,515.2435230503482,79.374621,63.710367584415586,48.72880565677386,8.210711727488848,38,64,,False,True,,156,59.56268577710819
3,2026-09-21T07:58:03.316+00:00,2026-09-21T07:58:08.365+00:00,2026-09-21T07:58:14.684+00:00,True,100,100.0,,100.0,5048.929314,11367.459362,11367.45935,113.6745935,0.01586,5048.929314,499.96910609623205,78.97738804999999,63.82353583838384,38.35584440988019,8.797040465725132,38,64,,False,True,,100,59.56268577710819
5,2026-09-21T07:58:04.028+00:00,2026-09-21T07:58:09.928+00:00,2026-09-21T07:58:11.087+00:00,True,19,19.0,,19.0,5899.1436969999995,7059.111696999999,7059.111717,371.53219563157893,47.852185,5899.1436969999995,1338.6128795396362,660.9629058999999,64.44266666666667,10.735893844284853,2.691556787247703,38,64,,False,True,,209,59.56268577710819
6,2026-09-21T07:58:04.376+00:00,2026-09-21T07:58:11.769+00:00,2026-09-21T07:58:17.693+00:00,True,96,96.0,,96.0,7393.772455,13317.184423,13317.184290000001,138.7206696875,0.018269999999999998,7393.772455,749.3875084163129,78.181328,62.35170492631579,41.310755494965676,7.208730986273584,38,64,,False,True,,192,59.56268577710819
7,2026-09-21T07:58:04.612+00:00,2026-09-21T07:58:13.139+00:00,2026-09-21T07:58:17.957+00:00,True,79,79.0,,79.0,8527.975481000001,13345.758009000001,13345.758132,168.93364724050633,34.545393,8527.975481000001,952.5817821750927,80.1660731,61.76644266666666,10.656699536164387,5.9194839249089215,38,64,,False,True,,160,59.56268577710819
8,2026-09-21T07:58:05.003+00:00,2026-09-21T07:58:15.743+00:00,2026-09-21T07:58:20.739+00:00,True,80,80.0,,80.0,10740.316165999999,15735.918597999998,15735.918543999998,196.69898179999998,43.542345000000005,10740.316165999999,1193.777475993862,78.52987600000002,63.23547382278481,10.263749440654507,5.083910386405267,38,64,,False,True,,480,59.56268577710819
9,2026-09-21T07:58:05.235+00:00,2026-09-21T07:58:16.808+00:00,2026-09-21T07:58:18.479+00:00,True,28,28.0,,28.0,11572.53011,13243.627198,13243.627124,472.98668299999997,44.192285000000005,11572.53011,2175.329447981218,78.482479,61.89248474074074,10.283240515532269,2.114224417629971,38,64,,False,True,,308,59.56268577710819
10,2026-09-21T07:58:05.472+00:00,2026-09-21T07:58:18.081+00:00,2026-09-21T07:58:22.465+00:00,True,69,69.0,,69.0,12608.784006,16992.120454,16992.120422,246.2626148115942,26.517962999999998,12608.784006,1510.2125599148114,84.817903,64.46083011764706,12.807861913852598,4.060705677481069,38,64,,False,True,,483,59.56268577710819
11,2026-09-21T07:58:05.717+00:00,2026-09-21T07:58:19.461+00:00,2026-09-21T07:58:25.063+00:00,True,88,88.0,,88.0,13743.527044,19346.04762,19346.047485,219.84144869318183,0.0,13743.527044,1459.5783492917617,85.2602085,64.39678822988506,63.780368067906224,4.548732729729526,38,64,,False,True,,88,59.56268577710819
12,2026-09-21T07:58:06.107+00:00,2026-09-21T07:58:21.497+00:00,2026-09-21T07:58:25.437+00:00,True,62,62.0,,62.0,15390.185868,19330.886028,19330.886157,311.7884864032258,0.0,15390.185868,1947.8666156354227,77.884373,64.60164196721311,77.45928941495747,3.2073025473429166,38,64,,False,True,,124,59.56268577710819
13,2026-09-21T07:58:06.350+00:00,2026-09-21T07:58:22.602+00:00,2026-09-21T07:58:27.472+00:00,True,78,78.0,,78.0,16251.253837,21121.753165000002,21121.753103,270.79170644871795,0.0,16251.253837,1834.8038460497637,129.9820576,63.25323802597403,83.44290257069609,3.692875273689432,38,64,,False,True,,312,59.56268577710819
14,2026-09-21T07:58:06.761+00:00,2026-09-21T07:58:24.782+00:00,2026-09-21T07:58:25.383+00:00,True,11,11.0,,11.0,18020.801321,18622.178857,18622.178904,1692.9253549090909,43.857634,18020.801321,5415.355314077407,9049.2598745,60.1377536,11.760876245300954,0.5906934996419684,38,64,,False,True,,28,59.56268577710819
15,2026-09-21T07:58:07.005+00:00,2026-09-21T07:58:26.117+00:00,2026-09-21T07:58:27.334+00:00,True,21,21.0,,21.0,19112.187134,20328.491006,20328.49098,968.02338,0.0,19112.187134,4158.318044898509,434.498365,60.8151936,92.04316734539478,1.0330328991857685,38,64,,False,True,,21,59.56268577710819
16,2026-09-21T07:58:07.303+00:00,2026-09-21T07:58:27.864+00:00,2026-09-21T07:58:29.105+00:00,True,21,21.0,,21.0,20561.739085,21802.061901,21802.061924,1038.193424952381,42.086664,20561.739085,4473.4211728856835,78.721458,62.016140799999995,11.838630637473475,0.9632116492173057,38,64,,False,True,,104,59.56268577710819
17,2026-09-21T07:58:07.652+00:00,2026-09-21T07:58:29.742+00:00,2026-09-21T07:58:34.251+00:00,True,71,71.0,,71.0,22089.705843,26599.090803,26599.090871,374.63508269014085,0.0,22089.705843,2615.376275594223,87.54853849999999,64.41978514285714,87.87913694450083,2.669264168683247,38,64,,False,True,,231,59.56268577710819
18,2026-09-21T07:58:08.077+00:00,2026-09-21T07:58:31.896+00:00,2026-09-21T07:58:34.618+00:00,True,44,44.0,,44.0,23819.410223000003,26541.135151000002,26541.135026000004,603.2076142272728,0.015470000000000001,23819.410223000003,3582.3858945286925,75.48586764999999,63.295928558139536,86.3618246588251,1.6578039993267655,38,64,,False,True,,305,59.56268577710819
19,2026-09-21T07:58:08.336+00:00,2026-09-21T07:58:33.377+00:00,2026-09-21T07:58:34.672+00:00,True,27,27.0,,27.0,25041.188140000002,26335.905580000002,26335.905714,975.4039153333334,0.01656,25041.188140000002,4809.662881077154,81.105277,49.796824615384615,25.963083627516202,1.0252163123072677,38,64,,False,True,,27,59.56268577710819
20,2026-09-21T07:58:08.583+00:00,2026-09-21T07:58:34.251+00:00,2026-09-21T07:58:38.469+00:00,True,67,67.0,,67.0,25667.369414999997,29885.983430999997,29885.983282999998,446.0594519850746,0.0,25667.369414999997,3128.669270541635,78.01837099999999,63.91839418181818,67.15519354208325,2.241853615247024,38,64,,False,True,,155,59.56268577710819
21,2026-09-21T07:58:08.877+00:00,2026-09-21T07:58:35.972+00:00,2026-09-21T07:58:40.544+00:00,True,66,66.0,,66.0,27095.727203000002,31667.333219,31667.333228000003,479.80807921212124,0.0,27095.727203000002,3327.3381151040876,81.38308899999998,70.33240024615385,70.81096881728132,2.0841666566479566,38,64,,False,True,,374,59.56268577710819
22,2026-09-21T07:58:09.281+00:00,2026-09-21T07:58:37.659+00:00,2026-09-21T07:58:39.928+00:00,True,37,37.0,,37.0,28377.859886,30647.006254,30647.006351999997,828.297468972973,46.121194,28377.859886,4654.940723696715,80.1873042,63.031843555555554,10.570411969194542,1.2072957369260437,38,64,,False,True,,224,59.56268577710819
23,2026-09-21T07:58:09.623+00:00,2026-09-21T07:58:39.811+00:00,2026-09-21T07:58:43.742+00:00,True,62,62.0,,62.0,30188.291175000002,34118.878311,34118.878373,550.3044898870968,0.0,30188.291175000002,3827.6652895880898,83.38393,64.43585468852459,122.60321094907812,1.8171758002961973,38,64,,False,True,,123,59.56268577710819
24,2026-09-21T07:58:09.901+00:00,2026-09-21T07:58:41.330+00:00,2026-09-21T07:58:43.500+00:00,True,25,25.0,,25.0,31428.741063,33599.168455,33599.168349,1343.96673396,44.646294999999995,31428.741063,6269.133165559929,608.2144112000001,90.43447466666667,138.76066407647224,0.7440660334639821,38,64,,False,True,,50,59.56268577710819
25,2026-09-21T07:58:10.212+00:00,2026-09-21T07:58:43.646+00:00,2026-09-21T07:58:45.764+00:00,True,46,46.0,,46.0,33433.451282,35552.277010000005,35552.277112,772.8755893913044,0.01564,33433.451282,4922.627176421656,79.088763,47.085016177777774,27.66760904985204,1.2938693065161846,38,64,,False,True,,273,59.56268577710819
26,2026-09-21T07:58:10.554+00:00,2026-09-21T07:58:44.455+00:00,2026-09-21T07:58:46.653+00:00,True,36,36.0,,36.0,33901.54258,36099.57266,36099.572528000004,1002.7659035555556,0.0,33901.54258,5641.0284104921,241.06716249999997,62.80085942857143,119.90763590329064,0.9972417219190428,38,64,,False,True,,108,59.56268577710819
27,2026-09-21T07:58:10.926+00:00,2026-09-21T07:58:46.576+00:00,2026-09-21T07:58:48.356+00:00,True,28,28.0,,28.0,35649.845791,37429.776159,37429.776176,1336.7777205714285,39.888284,35649.845791,6724.735691908777,79.67084515,65.92334696296297,9.487605041707683,0.7480675246642476,38,64,,False,True,,84,59.56268577710819
28,2026-09-21T07:58:11.333+00:00,2026-09-21T07:58:48.495+00:00,2026-09-21T07:58:52.107+00:00,True,58,58.0,,58.0,37161.891478,40774.122901999996,40774.122863,703.0021183275861,37.795514000000004,37161.891478,4871.284202012019,79.67936965,63.37248112280702,9.96221581883221,1.4224708190388828,38,64,,False,True,,114,59.56268577710819
29,2026-09-21T07:58:11.690+00:00,2026-09-21T07:58:50.225+00:00,2026-09-21T07:58:50.330+00:00,True,3,3.0,,3.0,38534.755241,38639.882665,38639.882492,12879.960830666667,52.321566,38534.755241,22217.70368953429,34686.560285399995,52.563712,0.3424885836812666,0.07763998731593975,38,64,,False,True,,9,59.56268577710819
30,2026-09-21T07:58:11.996+00:00,2026-09-21T07:58:51.900+00:00,2026-09-21T07:58:53.632+00:00,True,22,22.0,,22.0,39904.553613,41636.660620999995,41636.66059299999,1892.5754814999998,0.0,39904.553613,8492.959891526396,1008.6625684000002,82.48128609523809,226.0508641177211,0.5283805106335547,38,64,,False,True,,106,59.56268577710819
31,2026-09-21T07:58:12.356+00:00,2026-09-21T07:58:53.653+00:00,2026-09-21T07:58:59.424+00:00,True,95,95.0,,95.0,41296.817618,47068.522450000004,47068.522357,495.45813007368423,0.02339,41296.817618,4230.707580957456,82.83370500000001,61.40111523404256,19.202185609014354,2.0183340171962416,38,64,,False,True,,101,59.56268577710819
32,2026-09-21T07:58:12.647+00:00,2026-09-21T07:58:55.194+00:00,2026-09-21T07:58:57.983+00:00,True,45,45.0,,45.0,42546.507878,45336.112998,45336.112966999994,1007.4691770444443,39.133103999999996,42546.507878,6333.015651157324,78.81342199999999,63.400116363636364,10.093727682260331,0.9925861972768856,38,64,,False,True,,357,59.56268577710819
33,2026-09-21T07:58:13.129+00:00,2026-09-21T07:58:56.468+00:00,2026-09-21T07:59:01.265+00:00,True,63,63.0,,63.0,43338.94257,48136.072298,48136.072218,764.0646383809524,28.623883000000003,43338.94257,5451.498030520614,81.13910809999999,77.37306012903225,107.99718885164806,1.3087897909488884,38,64,,False,True,,372,59.56268577710819
34,2026-09-21T07:58:13.422+00:00,2026-09-21T07:58:59.567+00:00,2026-09-21T07:59:01.231+00:00,True,13,13.0,,13.0,46144.904741,47808.640293,47808.640344,3677.587718769231,57.000356,46144.904741,12761.939994318216,19001.6167328,138.64462933333334,241.75792231041171,0.27191737561094,38,64,,False,True,,39,59.56268577710819
35,2026-09-21T07:58:13.772+00:00,2026-09-21T07:59:01.270+00:00,2026-09-21T07:59:02.587+00:00,True,25,25.0,,25.0,47497.479781999995,48814.500197999994,48814.500079,1952.5800031599997,0.0,47497.479781999995,9488.544921985636,84.24181680000001,54.875850666666665,21.861365589422675,0.5121429062798084,38,64,,False,True,,172,59.56268577710819
36,2026-09-21T07:58:14.155+00:00,2026-09-21T07:59:03.128+00:00,2026-09-21T07:59:04.276+00:00,True,20,20.0,,20.0,48973.286975,50121.229631,50121.229474,2506.0614737,41.428674,48973.286975,10937.254926801761,2521.4448719,60.418034526315786,10.67184821807675,0.3990325087242072,38,64,,False,True,,117,59.56268577710819
37,2026-09-21T07:58:14.382+00:00,2026-09-21T07:59:04.517+00:00,2026-09-21T07:59:10.349+00:00,True,93,93.0,,93.0,50135.282136,55967.936216,55967.936292,601.8057665806451,0.0,50135.282136,5194.086749463337,88.06271939999999,63.39841391304348,140.28813566601409,1.6616657016095824,38,64,,False,True,,279,59.56268577710819
38,2026-09-21T07:58:14.712+00:00,2026-09-21T07:59:06.310+00:00,2026-09-21T07:59:07.201+00:00,True,15,15.0,,15.0,51598.012337,52489.007793,52489.0077,3499.26718,41.884394,51598.012337,13306.121350131993,15535.3284567,63.642532571428575,11.076689955527423,0.28577411977675865,38,64,,False,True,,83,59.56268577710819
39,2026-09-21T07:58:15.048+00:00,2026-09-21T07:59:08.171+00:00,2026-09-21T07:59:11.432+00:00,True,53,53.0,,53.0,53122.736005000006,56383.387781000005,56383.387734,1063.8375044150944,0.0,53122.736005000006,7289.793145443557,105.43890239999999,62.70484184615385,146.16646925366106,0.9399931803647291,38,64,,False,True,,106,59.56268577710819
40,2026-09-21T07:58:15.348+00:00,2026-09-21T07:59:10.323+00:00,2026-09-21T07:59:14.650+00:00,True,83,83.0,,83.0,54974.586277999995,59301.352869999995,59301.353001999996,714.4741325542168,0.0,54974.586277999995,6028.517318460398,81.4131352,52.76544624390244,28.01441560370352,1.3996308006994715,38,64,,False,True,,455,59.56268577710819
41,2026-09-21T07:58:15.749+00:00,2026-09-21T07:59:11.818+00:00,2026-09-21T07:59:12.619+00:00,True,14,14.0,,14.0,56069.352012,56870.097484000005,56870.097292000006,4062.1498065714286,47.537415,56069.352012,14968.70498128156,19673.41760275,61.59580553846153,8.998843612872273,0.24617506597274252,38,64,,False,True,,16,59.56268577710819
42,2026-09-21T07:58:16.110+00:00,2026-09-21T07:59:13.976+00:00,2026-09-21T07:59:19.313+00:00,True,83,83.0,,83.0,57866.06819300001,63202.44425700001,63202.444093000006,761.4752300361447,0.01542,57866.06819300001,6345.561809628439,84.03389290000001,65.07775687804877,117.72808464814834,1.3132403497323175,38,64,,False,True,,456,59.56268577710819
43,2026-09-21T07:58:16.392+00:00,2026-09-21T07:59:15.281+00:00,2026-09-21T07:59:17.210+00:00,True,32,32.0,,32.0,58888.865899,60818.025578999994,60818.025719,1900.56330371875,46.036875,58888.865899,10399.181773939274,74.84116750000001,62.230957419354844,8.862171752704866,0.5261597971218809,38,64,,False,True,,288,59.56268577710819
44,2026-09-21T07:58:16.794+00:00,2026-09-21T07:59:17.581+00:00,2026-09-21T07:59:23.787+00:00,True,98,98.0,,98.0,60786.430529,66992.991553,66992.991585,683.6019549489796,0.0,60786.430529,6136.0830235940575,164.74593199999998,63.985165195876284,164.76683982324914,1.462839585577687,38,64,,False,True,,118,59.56268577710819
45,2026-09-21T07:58:17.064+00:00,2026-09-21T07:59:19.327+00:00,2026-09-21T07:59:23.106+00:00,True,66,66.0,,66.0,62262.952815,66042.365039,66042.36510699999,1000.641895560606,0.0,62262.952815,7658.314581383631,131.58728675,58.14480344615385,149.24579613331926,0.9993585172339757,38,64,,False,True,,528,59.56268577710819
46,2026-09-21T07:58:17.396+00:00,2026-09-21T07:59:21.317+00:00,2026-09-21T07:59:26.202+00:00,True,88,88.0,,88.0,63920.988226,68806.35629,68806.356366,781.89041325,0.0,63920.988226,6808.054195698258,78.10178764999999,56.15365590804598,23.459857175698044,1.2789516077425178,38,64,,False,True,,352,59.56268577710819
47,2026-09-21T07:58:17.745+00:00,2026-09-21T07:59:22.328+00:00,2026-09-21T07:59:27.852+00:00,True,87,87.0,,87.0,64582.473148000005,70106.35974,70106.35972400001,805.8202267126437,39.206733,64582.473148000005,6917.090452168063,81.71741100000001,64.23123944186047,11.138951685514078,1.2409715797917993,38,64,,False,True,,87,59.56268577710819
48,2026-09-21T07:58:17.996+00:00,2026-09-21T07:59:23.981+00:00,2026-09-21T07:59:27.416+00:00,True,54,54.0,,54.0,65985.463757,69420.558029,69420.558019,1285.565889240741,45.685204,65985.463757,8970.670972124582,85.34332085,64.81309947169811,11.035477205634562,0.777867558734429,38,64,,False,True,,243,59.56268577710819
49,2026-09-21T07:58:18.236+00:00,2026-09-21T07:59:25.285+00:00,2026-09-21T07:59:27.785+00:00,True,40,40.0,,40.0,67048.691557,69548.76886899999,69548.76882699999,1738.7192206749999,47.589884,67048.691557,10591.19827176,78.13238205,64.10454646153846,10.547846793636124,0.5751359894715437,38,64,,False,True,,200,59.56268577710819
50,2026-09-21T07:58:18.525+00:00,2026-09-21T07:59:26.773+00:00,2026-09-21T07:59:30.171+00:00,True,54,54.0,,54.0,68248.166348,71646.430156,71646.430237,1326.7857451296295,44.477233999999996,68248.166348,9278.679540608944,80.62632149999999,64.11818505660378,10.510846478153454,0.7537011946362521,38,64,,False,True,,189,59.56268577710819
51,2026-09-21T07:58:18.922+00:00,2026-09-21T07:59:28.779+00:00,2026-09-21T07:59:33.279+00:00,True,72,72.0,,72.0,69857.356683,74357.008011,74357.008199,1032.7362249861112,0.0,69857.356683,8226.838011328056,80.2940615,63.37537081690141,160.22514933831263,0.9683014678232975,38,64,,False,True,,495,59.56268577710819
52,2026-09-21T07:58:19.305+00:00,2026-09-21T07:59:30.880+00:00,2026-09-21T07:59:31.483+00:00,True,11,11.0,,11.0,71574.479728,72177.443696,72177.443591,6561.585781000001,42.745353,71574.479728,21562.340545393112,35825.809712500006,60.2963968,11.928736936745919,0.15240218324065707,38,64,,False,True,,53,59.56268577710819
53,2026-09-21T07:58:19.719+00:00,2026-09-21T07:59:32.882+00:00,2026-09-21T07:59:32.882+00:00,True,1,1.0,,1.0,73163.469501,73163.469501,73163.469501,73163.469501,73163.469501,73163.469501,nan,73163.469501,nan,nan,0.013668023220062466,38,64,,False,True,,1,59.56268577710819
54,2026-09-21T07:58:20.036+00:00,2026-09-21T07:59:34.772+00:00,2026-09-21T07:59:35.727+00:00,True,17,17.0,,17.0,74736.388725,75691.506549,75691.506319,4452.441548176471,0.02121,74736.388725,18112.123370883568,15306.323841,59.694864,118.71546309113538,0.2245958731049276,38,64,,False,True,,34,59.56268577710819
55,2026-09-21T07:58:20.415+00:00,2026-09-21T07:59:36.921+00:00,2026-09-21T07:59:38.780+00:00,True,30,30.0,,30.0,76506.029354,78364.777002,78364.776828,2612.1592276,12.723662000000001,76506.029354,13956.345363997658,130.28182189999998,64.09474648275862,24.86618363733164,0.38282505415965584,38,64,,False,True,,30,59.56268577710819
56,2026-09-21T07:58:20.785+00:00,2026-09-21T07:59:38.982+00:00,2026-09-21T07:59:40.817+00:00,True,31,31.0,,31.0,78197.084868,80032.757956,80032.75799900001,2581.701870935484,45.784444,78197.084868,14033.624804705032,78.274487,61.18910293333333,10.290261654403233,0.3873413935958951,38,64,,False,True,,76,59.56268577710819
57,2026-09-21T07:58:21.059+00:00,2026-09-21T07:59:40.204+00:00,2026-09-21T07:59:46.957+00:00,True,98,98.0,,98.0,79144.928256,85898.436096,85898.43589,876.5146519387755,0.0,79144.928256,7989.6425010633475,80.02483600000001,69.62379216494845,171.90513785402845,1.140882237838129,38,64,,False,True,,196,59.56268577710819
58,2026-09-21T07:58:21.346+00:00,2026-09-21T07:59:41.653+00:00,2026-09-21T07:59:42.929+00:00,True,21,21.0,,21.0,80306.880404,81582.630292,81582.630396,3884.8871617142854,42.524254,80306.880404,17510.481542264075,83.75133799999999,63.7874944,10.69469190758551,0.2574077340340332,38,64,,False,True,,150,59.56268577710819
59,2026-09-21T07:58:21.684+00:00,2026-09-21T07:59:43.170+00:00,2026-09-21T07:59:43.474+00:00,True,6,6.0,,6.0,81485.73234199999,81789.90462999999,81789.90464899999,13631.650774833332,41.925273999999995,81485.73234199999,33241.57913272992,61136.04872849999,60.8344576,17.704438746381225,0.07335868683479599,38,64,,False,True,,19,59.56268577710819
61,2026-09-21T07:58:22.343+00:00,2026-09-21T07:59:46.962+00:00,2026-09-21T07:59:47.291+00:00,True,11,11.0,,11.0,84618.67646799999,84948.05681999998,84948.056957,7722.550632454545,0.0,84618.67646799999,25503.577267079614,42349.46004299999,32.9380352,31.532710564651197,0.129490896104997,38,64,,False,True,,54,59.56268577710819
60,2026-09-21T07:58:22.059+00:00,2026-09-21T07:59:46.962+00:00,2026-09-21T07:59:48.184+00:00,True,44,44.0,,44.0,84903.266468,86125.33034,86125.330445,1957.39387375,0.0,84903.266468,12795.40642567805,76.49198015,28.42009004651163,33.132775861364316,0.5108833815359506,38,64,,False,True,,0,59.56268577710819
62,2026-09-21T07:58:22.713+00:00,2026-09-21T07:59:48.504+00:00,2026-09-21T07:59:54.149+00:00,True,87,87.0,,87.0,85790.950205,91436.847677,91436.847762,1050.998250137931,0.01526,85790.950205,9191.910339306734,78.018818,65.64997060465116,148.98582302407095,0.9514763709629062,38,64,,False,True,,260,59.56268577710819
63,2026-09-21T07:58:23.272+00:00,2026-09-21T07:59:51.111+00:00,2026-09-21T07:59:56.040+00:00,True,78,78.0,,78.0,87838.350096,92767.397136,92767.39723999999,1189.3256056410255,0.01678,87838.350096,9939.88317468806,148.19349929999998,64.01359792207792,167.71437843194224,0.8408126390099043,38,64,,False,True,,546,59.56268577710819
64,2026-09-21T07:58:23.402+00:00,2026-09-21T07:59:51.920+00:00,2026-09-21T07:59:55.408+00:00,True,55,55.0,,55.0,88517.765034,92006.48720999999,92006.48727,1672.845223090909,0.01747,88517.765034,11929.377914621293,271.42807469999997,64.60596622222222,239.32275807285782,0.597783935326923,38,64,,False,True,,112,59.56268577710819
65,2026-09-21T07:58:23.748+00:00,2026-09-21T07:59:54.155+00:00,2026-09-21T07:59:57.319+00:00,True,57,57.0,,57.0,90407.20549400001,93571.501942,93571.501923,1641.605296894737,0.01645,90407.20549400001,11967.400886261874,201.74643799999998,56.50529371428571,62.110028096687024,0.6091598276933854,38,64,,False,True,,57,59.56268577710819
66,2026-09-21T07:58:24.083+00:00,2026-09-21T07:59:55.546+00:00,2026-09-21T07:59:59.119+00:00,True,58,58.0,,58.0,91463.37081200001,95035.81471600001,95035.81468600001,1638.5485290689658,43.043874,91463.37081200001,12001.503816855447,78.75505199999999,62.67445445614035,10.38840699671942,0.6102962359329914,38,64,,False,True,,116,59.56268577710819
67,2026-09-21T07:58:24.374+00:00,2026-09-21T07:59:57.087+00:00,2026-09-21T08:00:02.886+00:00,True,87,87.0,,87.0,92712.83174699999,98511.72761899998,98511.72761699998,1132.3187082413792,0.0,92712.83174699999,9934.666593789505,79.053534,67.42902176744185,202.34263190722476,0.8831435820157141,38,64,,False,True,,348,59.56268577710819
68,2026-09-21T07:58:24.723+00:00,2026-09-21T07:59:59.015+00:00,2026-09-21T08:00:02.899+00:00,True,42,42.0,,42.0,94292.06249099999,98176.25423499999,98176.254282,2337.5298638571426,0.0,94292.06249099999,14537.836910572172,80.4293805,94.736384,292.6468346267537,0.4278020212450409,38,64,,False,True,,412,59.56268577710819
69,2026-09-21T07:58:25.008+00:00,2026-09-21T08:00:00.358+00:00,2026-09-21T08:00:05.287+00:00,True,78,78.0,,78.0,95350.16973899999,100279.30074699999,100279.30087299999,1285.632062474359,0.0,95350.16973899999,10791.1118448497,77.42995049999999,64.01468841558442,213.22035683288752,0.7778275219209034,38,64,,False,True,,85,59.56268577710819
70,2026-09-21T07:58:25.402+00:00,2026-09-21T08:00:02.890+00:00,2026-09-21T08:00:03.866+00:00,True,24,24.0,,24.0,97488.36674099999,98464.46427699999,98464.46426699999,4102.686011125,0.0,97488.36674099999,19891.08961872677,77.825791,42.43902330434783,30.872732485789996,0.24374275710761253,38,64,,False,True,,24,59.56268577710819
71,2026-09-21T07:58:25.810+00:00,2026-09-21T08:00:04.431+00:00,2026-09-21T08:00:04.760+00:00,True,6,6.0,,6.0,98621.373124,98949.59123600001,98949.591233,16491.598538833336,52.313074,98621.373124,40235.209327951845,73986.81943225,65.6436224,11.18296419302775,0.060636935686673867,38,64,,False,True,,19,59.56268577710819
72,2026-09-21T07:58:26.083+00:00,2026-09-21T08:00:05.653+00:00,2026-09-21T08:00:09.787+00:00,True,69,69.0,,69.0,99570.181824,103703.397824,103703.398027,1502.9477974927536,43.148434,99570.181824,11979.527032376667,76.622831,60.78258823529412,8.704206422949142,0.6653591053699436,38,64,,False,True,,138,59.56268577710819
73,2026-09-21T07:58:26.358+00:00,2026-09-21T08:00:06.858+00:00,2026-09-21T08:00:12.451+00:00,True,91,91.0,,91.0,100499.765571,106092.704323,106092.704363,1165.853894098901,42.31898399999999,100499.765571,10528.72773035457,78.0853115,62.14376391111111,9.380972016140163,0.8577404127898357,38,64,,False,True,,184,59.56268577710819
74,2026-09-21T07:58:26.660+00:00,2026-09-21T08:00:08.710+00:00,2026-09-21T08:00:11.483+00:00,True,45,45.0,,45.0,102049.881653,104823.394101,104823.394126,2329.4087583555556,43.382504,102049.881653,15203.304746893355,78.18519300000001,63.03437381818182,9.96542439499107,0.42929348344360385,38,64,,True,True,,92,59.56268577710819
75,2026-09-21T07:58:26.905+00:00,2026-09-21T08:00:09.984+00:00,2026-09-21T08:00:12.966+00:00,True,47,47.0,,47.0,103079.21514900001,106060.90167700002,106060.901811,2256.6149321489365,40.296524,103079.21514900001,15026.19684921899,78.59948100000001,64.81927234782609,9.391233595118445,0.44314162200067597,38,64,,True,True,,94,59.56268577710819
76,2026-09-21T07:58:27.221+00:00,2026-09-21T08:00:11.563+00:00,2026-09-21T08:00:11.631+00:00,True,2,2.0,,2.0,104342.106184,104410.32404,104410.32402,52205.16201,68.21783599999999,104342.106184,73732.77355155973,99128.41176660001,68.217856,nan,0.01915519387942702,38,64,,True,True,,4,59.56268577710819
77,2026-09-21T07:58:27.505+00:00,2026-09-21T08:00:13.159+00:00,2026-09-21T08:00:16.491+00:00,True,54,54.0,,54.0,105654.344796,108985.866076,108985.865989,2018.2567775740742,42.340964,105654.344796,14369.184224874212,76.16367,62.8588920754717,9.408462609369845,0.4954770920693857,38,64,,True,True,,314,59.56268577710819
78,2026-09-21T07:58:27.763+00:00,2026-09-21T08:00:14.479+00:00,2026-09-21T08:00:19.942+00:00,True,87,87.0,,87.0,106716.29525499999,112179.39259899998,112179.39261499999,1289.4183059195402,43.630914,106716.29525499999,11434.380989750483,76.80772499999999,63.524387720930235,9.299426621373893,0.7755435110171524,38,64,,True,True,,870,59.56268577710819
79,2026-09-21T07:58:28.139+00:00,2026-09-21T08:00:16.493+00:00,2026-09-21T08:00:18.530+00:00,True,33,33.0,,33.0,108354.261743,110390.855919,110390.855801,3345.1774485151514,46.996002999999995,108354.261743,18850.97953791729,77.445754,63.643568,9.988092296281401,0.2989378035461014,38,64,,True,True,,137,59.56268577710819
80,2026-09-21T07:58:28.394+00:00,2026-09-21T08:00:17.644+00:00,2026-09-21T08:00:21.041+00:00,True,54,54.0,,54.0,109250.08037899999,112646.87039499999,112646.870281,2086.0531533518515,44.106204,109250.08037899999,14858.334250945232,78.19650135,64.09037766037736,9.52767863084578,0.4793741700115343,38,64,,True,True,,373,59.56268577710819
81,2026-09-21T07:58:28.780+00:00,2026-09-21T08:00:19.803+00:00,2026-09-21T08:00:23.415+00:00,True,59,59.0,,59.0,111023.09348899999,114634.70744099999,114634.707468,1942.9611435254235,42.822182999999995,111023.09348899999,14445.871945388346,77.414455,62.26920606896552,9.50100834848247,0.5146783318687844,38,64,,True,True,,158,59.56268577710819
82,2026-09-21T07:58:29.042+00:00,2026-09-21T08:00:21.039+00:00,2026-09-21T08:00:26.396+00:00,True,87,87.0,,87.0,111997.899534,117354.947342,117354.94736199999,1348.9074409425286,45.773634,111997.899534,12000.759876704054,76.4678467,62.29125358139535,8.540302867688387,0.7413407101318147,38,64,,True,True,,435,59.56268577710819
83,2026-09-21T07:58:29.459+00:00,2026-09-21T08:00:23.070+00:00,2026-09-21T08:00:28.870+00:00,True,93,93.0,,93.0,113611.467581,119411.584061,119411.583963,1283.9955264838711,44.857582,113611.467581,11774.426550259912,76.9294594,63.04474434782609,9.2587519809393,0.7788189121793414,38,64,,True,True,,0,59.56268577710819
84,2026-09-21T07:58:29.810+00:00,2026-09-21T08:00:24.989+00:00,2026-09-21T08:00:26.118+00:00,True,19,19.0,,19.0,115179.583327,116308.136799,116308.136871,6121.4808879473685,49.002454,115179.583327,26409.62642410081,11588.303400100001,62.69741511111111,9.348443943467966,0.1633591640525993,38,64,,True,True,,57,59.56268577710819
85,2026-09-21T07:58:30.112+00:00,2026-09-21T08:00:26.575+00:00,2026-09-21T08:00:32.282+00:00,True,91,91.0,,91.0,116463.244294,122169.561606,122169.561438,1342.5226531648352,42.204203,116463.244294,12202.022435266332,77.41372,63.40352568888889,9.46169323908372,0.74486638736969,38,64,,True,True,,182,59.56268577710819
86,2026-09-21T07:58:30.474+00:00,2026-09-21T08:00:28.466+00:00,2026-09-21T08:00:28.936+00:00,True,8,8.0,,8.0,117992.646347,118462.420171,118462.420322,14807.80254025,51.717194000000006,117992.646347,41692.97379330744,76722.18601415,67.11054628571428,8.716912045150806,0.06753196489192129,38,64,,True,True,,80,59.56268577710819
87,2026-09-21T07:58:30.732+00:00,2026-09-21T08:00:29.793+00:00,2026-09-21T08:00:35.152+00:00,True,85,85.0,,85.0,119061.131099,124419.60713100001,124419.60721700001,1463.7600849058824,41.558142,119061.131099,12907.07660856823,75.98198500000001,63.791381333333334,8.72905796318163,0.6831720655612138,38,64,,True,True,,254,59.56268577710819
88,2026-09-21T07:58:31.072+00:00,2026-09-21T08:00:31.527+00:00,2026-09-21T08:00:33.190+00:00,True,26,26.0,,26.0,120455.984694,122118.83295,122118.832976,4696.878191384615,48.709294,120455.984694,23610.31907346828,76.65594,66.51393024000001,8.167431582236533,0.21290737367794343,38,64,,True,True,,26,59.56268577710819
89,2026-09-21T07:58:31.467+00:00,2026-09-21T08:00:33.313+00:00,2026-09-21T08:00:38.800+00:00,True,89,89.0,,89.0,121846.03565399999,127333.64679,127333.64664199999,1430.7151308089888,42.363953,121846.03565399999,12909.047289328015,76.0488194,62.35921745454545,9.429705526582637,0.6989511589719859,38,64,,True,True,,353,59.56268577710819
90,2026-09-21T07:58:31.727+00:00,2026-09-21T08:00:34.446+00:00,2026-09-21T08:00:36.378+00:00,True,33,33.0,,33.0,122719.093302,124650.80786199999,124650.80793499999,3777.297210151515,42.558283,122719.093302,21352.14591989026,78.67170560000001,60.36608,9.854511429588353,0.2647395597831509,38,64,,True,True,,164,59.56268577710819
91,2026-09-21T07:58:32.112+00:00,2026-09-21T08:00:36.594+00:00,2026-09-21T08:00:38.065+00:00,True,25,25.0,,25.0,124482.685171,125953.168627,125953.168651,5038.12674604,42.679563,124482.685171,24884.284789499798,76.010619,61.270144,9.626170890600415,0.19848647138076733,38,64,,True,True,,25,59.56268577710819
92,2026-09-21T07:58:32.490+00:00,2026-09-21T08:00:38.658+00:00,2026-09-21T08:00:39.757+00:00,True,18,18.0,,18.0,126168.013284,127267.056868,127267.056816,7070.392045333333,49.257794000000004,126168.013284,29722.84900257261,18993.24520405,64.6496225882353,8.498096386690015,0.14143487280191766,38,64,,True,True,,81,59.56268577710819
93,2026-09-21T07:58:32.750+00:00,2026-09-21T08:00:39.966+00:00,2026-09-21T08:00:41.160+00:00,True,19,19.0,,19.0,127216.594424,128410.881528,128410.881493,6758.467447,51.170144,127216.594424,29170.268179417304,12790.3099898,66.34928355555556,9.227048604540675,0.14796253848515983,38,64,,True,True,,38,59.56268577710819
95,2026-09-21T07:58:33.449+00:00,2026-09-21T08:00:42.647+00:00,2026-09-21T08:00:48.978+00:00,True,99,99.0,,99.0,129197.256993,135529.067553,135529.067362,1368.9804784040405,41.942463000000004,129197.256993,12978.32305582461,79.43206,64.6103118367347,9.911028916954317,0.7304706052174752,38,64,,True,True,,390,59.56268577710819
94,2026-09-21T07:58:33.384+00:00,2026-09-21T08:00:42.791+00:00,2026-09-21T08:00:45.426+00:00,True,42,42.0,,42.0,129406.65248,132042.256704,132042.25664500002,3143.863253452381,42.754483,129406.65248,19957.9633131226,78.03730499999999,64.28302985365853,9.93954387985268,0.31807999233269446,38,64,,True,True,,252,59.56268577710819
96,2026-09-21T07:58:33.740+00:00,2026-09-21T08:00:45.505+00:00,2026-09-21T08:00:48.219+00:00,True,43,43.0,,43.0,131765.030494,134478.871646,134478.87187600002,3127.415625023256,45.776433,131765.030494,20084.127334542227,78.776727,64.61526552380953,9.730077221175153,0.31975283160608675,38,64,,True,True,,215,59.56268577710819
97,2026-09-21T07:58:34.014+00:00,2026-09-21T08:00:46.999+00:00,2026-09-21T08:00:47.762+00:00,True,13,13.0,,13.0,132985.44021600002,133748.84834400003,133748.84821300002,10288.37293946154,41.558843,132985.44021600002,36865.882491701006,53242.852386,63.617344,12.276780937656136,0.09719709859904135,38,64,,True,True,,70,59.56268577710819
98,2026-09-21T07:58:34.351+00:00,2026-09-21T08:00:48.719+00:00,2026-09-21T08:00:53.379+00:00,True,75,75.0,,75.0,134368.70939899998,139028.51816699997,139028.51832499998,1853.7135776666664,42.673173000000006,134368.70939899998,15508.293618003641,76.46100700000001,62.97038875675676,9.220506159703628,0.5394576665911852,38,64,,True,True,,448,59.56268577710819
99,2026-09-21T07:58:34.678+00:00,2026-09-21T08:00:50.650+00:00,2026-09-21T08:00:50.698+00:00,True,2,2.0,,2.0,135972.183198,136019.97430200002,136019.974312,68009.987156,47.791114,135972.183198,96113.05937125548,129175.96359380001,47.791104,nan,0.014703722819116813,38,64,,True,True,,3,59.56268577710819
100,2026-09-21T07:58:35.101+00:00,2026-09-21T08:00:52.631+00:00,2026-09-21T08:00:53.956+00:00,True,22,22.0,,22.0,137529.573332,138854.292436,138854.2923,6311.558740909091,47.497163,137529.573332,29307.955929339536,82.08199945,63.081862095238094,9.517174713481781,0.15843946639345075,38,64,,True,True,,66,59.56268577710819
101,2026-09-21T07:58:35.514+00:00,2026-09-21T08:00:54.841+00:00,2026-09-21T08:00:57.798+00:00,True,49,49.0,,49.0,139326.666123,142283.046795,142283.046803,2903.7356490408165,44.645883000000005,139326.666123,19895.012429297636,75.758226,61.591264,8.397120900168034,0.34438396635263735,38,64,,True,True,,51,59.56268577710819
102,2026-09-21T07:58:35.792+00:00,2026-09-21T08:00:56.539+00:00,2026-09-21T08:01:00.303+00:00,True,60,60.0,,60.0,140746.691921,144510.853201,144510.853381,2408.5142230166666,43.657042999999994,140746.691921,18162.086363594593,77.50066005000002,63.79934372881356,10.579476756264606,0.4151937288512584,38,64,,True,True,,480,59.56268577710819
103,2026-09-21T07:58:36.130+00:00,2026-09-21T08:00:58.289+00:00,2026-09-21T08:01:02.183+00:00,True,61,61.0,,61.0,142158.889306,146052.377178,146052.377015,2394.3012625409838,41.305303,142158.889306,18193.27542189813,78.70020600000001,64.89146453333333,11.018065843507163,0.41765838515354536,38,64,,True,True,,364,59.56268577710819
104,2026-09-21T07:58:36.544+00:00,2026-09-21T08:01:00.154+00:00,2026-09-21T08:01:03.844+00:00,True,58,58.0,,58.0,143610.585562,147299.93877799998,147299.938826,2539.654117689655,42.537313000000005,143610.585562,18848.49790572419,78.04191385,64.72549501754386,10.851028254743584,0.39375440669675693,38,64,,True,True,,723,59.56268577710819
105,2026-09-21T07:58:36.834+00:00,2026-09-21T08:01:01.652+00:00,2026-09-21T08:01:05.906+00:00,True,68,68.0,,68.0,144818.327522,149072.497634,149072.497769,2192.2426142500003,45.899432999999995,144818.327522,17554.10422164794,77.418121,63.495076298507456,9.131774418919052,0.4561538920945185,38,64,,True,True,,136,59.56268577710819
106,2026-09-21T07:58:37.258+00:00,2026-09-21T08:01:03.738+00:00,2026-09-21T08:01:09.467+00:00,True,93,93.0,,93.0,146479.016053,152208.007797,152208.00764999999,1636.645243548387,44.154483,146479.016053,15182.711938950519,79.13146339999999,62.27164939130435,9.29472307754353,0.6110059605013306,38,64,,True,True,,279,59.56268577710819
107,2026-09-21T07:58:37.563+00:00,2026-09-21T08:01:05.516+00:00,2026-09-21T08:01:05.516+00:00,True,1,1.0,,1.0,147952.606044,147952.606044,147952.606044,147952.606044,147952.606044,147952.606044,nan,147952.606044,nan,nan,0.006758921162244398,38,64,,True,True,,2,59.56268577710819
108,2026-09-21T07:58:37.891+00:00,2026-09-21T08:01:07.332+00:00,2026-09-21T08:01:13.503+00:00,True,98,98.0,,98.0,149441.61813699998,155612.298969,155612.298853,1587.8806005408162,41.213813,149441.61813699998,15089.460768545843,78.85760255000001,63.615266309278354,10.762292147455575,0.6297702729751643,38,64,,True,True,,666,59.56268577710819
109,2026-09-21T07:58:38.289+00:00,2026-09-21T08:01:09.767+00:00,2026-09-21T08:01:13.565+00:00,True,60,60.0,,60.0,151477.793414,155275.42669400002,155275.426856,2587.9237809333335,44.474963,151477.793414,19547.391714276586,79.48781410000001,64.36666576271186,9.718628883192123,0.3864101440741264,38,64,,True,True,,180,59.56268577710819
110,2026-09-21T07:58:38.678+00:00,2026-09-21T08:01:12.114+00:00,2026-09-21T08:01:12.164+00:00,True,2,2.0,,2.0,153436.891618,153486.219746,153486.219762,76743.109881,49.328144,153436.891618,108461.38628214739,145767.51344429998,49.328128,nan,0.013030485755071325,38,64,,True,True,,12,59.56268577710819
111,2026-09-21T07:58:39.049+00:00,2026-09-21T08:01:14.029+00:00,2026-09-21T08:01:18.487+00:00,True,71,71.0,,71.0,154980.729662,159438.615614,159438.615633,2245.6143046901407,43.485013,154980.729662,18385.27308886073,77.210691,63.684085028571424,9.193316733425126,0.4453124465900444,38,64,,True,True,,321,59.56268577710819
112,2026-09-21T07:58:39.277+00:00,2026-09-21T08:01:15.148+00:00,2026-09-21T08:01:16.709+00:00,True,26,26.0,,26.0,155871.255842,157432.170274,157432.170377,6055.083476038462,45.264593999999995,155871.255842,30556.624835471648,78.70448849999998,62.43657728,9.378403909371553,0.1651504896029113,38,64,,True,True,,151,59.56268577710819
113,2026-09-21T07:58:39.566+00:00,2026-09-21T08:01:16.766+00:00,2026-09-21T08:01:19.370+00:00,True,42,42.0,,42.0,157199.93589199998,159804.76226,159804.76229699998,3804.875292785714,46.323834000000005,157199.93589199998,24246.675723864944,79.8480295,63.53235043902439,10.590772040021895,0.26282070325079937,38,64,,True,True,,546,59.56268577710819
114,2026-09-21T07:58:39.859+00:00,2026-09-21T08:01:18.095+00:00,2026-09-21T08:01:18.489+00:00,True,7,7.0,,7.0,158236.150689,158629.850273,158629.850259,22661.407179857142,58.226195,158236.150689,59782.84276719591,110786.9779728,65.61659733333333,5.393784361832003,0.04412788632122572,38,64,,True,True,,7,59.56268577710819
115,2026-09-21T07:58:40.242+00:00,2026-09-21T08:01:20.229+00:00,2026-09-21T08:01:20.291+00:00,True,2,2.0,,2.0,159986.727929,160048.86476099998,160048.864824,80024.432412,62.136894999999996,159986.727929,113083.76279862673,151990.49837729998,62.136832,nan,0.012496183606091728,38,64,,True,True,,10,59.56268577710819
116,2026-09-21T07:58:40.524+00:00,2026-09-21T08:01:21.776+00:00,2026-09-21T08:01:27.074+00:00,True,85,85.0,,85.0,161251.880754,166549.67480200002,166549.67481300002,1959.4079389764706,44.349572,161251.880754,17483.3839719618,77.0733136,63.068976761904764,9.601251367715793,0.5103582465774906,38,64,,True,True,,342,59.56268577710819
117,2026-09-21T07:58:40.802+00:00,2026-09-21T08:01:23.235+00:00,2026-09-21T08:01:28.882+00:00,True,91,91.0,,91.0,162432.798067,168080.344435,168080.344412,1847.0367517802197,42.868862,162432.798067,17021.00837305079,77.67698700000001,62.7505152,9.26651105177222,0.5414077434568294,38,64,,True,True,,182,59.56268577710819
118,2026-09-21T07:58:41.128+00:00,2026-09-21T08:01:24.925+00:00,2026-09-21T08:01:27.805+00:00,True,47,47.0,,47.0,163796.585835,166676.929131,166676.92928,3546.3176442553195,43.244502999999995,163796.585835,23883.05632606751,80.89474700000001,62.61615860869565,10.43898667194293,0.28198263697947223,38,64,,True,True,,54,59.56268577710819
119,2026-09-21T07:58:41.402+00:00,2026-09-21T08:01:26.050+00:00,2026-09-21T08:01:29.326+00:00,True,54,54.0,,54.0,164648.231596,167923.776684,167923.776694,3109.6995684074072,41.407142,164648.231596,22397.3781569772,76.60698615,61.80273750943396,9.75748654604296,0.3215744730516485,38,64,,True,True,,548,59.56268577710819
120,2026-09-21T07:58:41.701+00:00,2026-09-21T08:01:27.577+00:00,2026-09-21T08:01:28.183+00:00,True,11,11.0,,11.0,165875.906588,166482.03830000001,166482.03830100002,15134.730754636365,46.767163000000004,165875.906588,49995.19324037562,82975.91467600001,60.613171200000004,11.404771119945476,0.06607319391523811,38,64,,True,True,,132,59.56268577710819
121,2026-09-21T07:58:41.961+00:00,2026-09-21T08:01:28.879+00:00,2026-09-21T08:01:33.167+00:00,True,70,70.0,,70.0,166917.878702,171206.00363,171206.00369299998,2445.8000527571426,44.902892,166917.878702,19943.07634169916,76.29897550000001,62.146738086956525,8.756085213432089,0.4088641666520045,38,64,,True,True,,430,59.56268577710819
122,2026-09-21T07:58:42.204+00:00,2026-09-21T08:01:30.015+00:00,2026-09-21T08:01:32.673+00:00,True,44,44.0,,44.0,167811.167348,170469.08273999998,170469.08278099998,3874.297335931818,46.274072,167811.167348,25289.168174940034,75.37565964999999,61.811985860465114,8.303324640477031,0.25811132020408034,38,64,,True,True,,308,59.56268577710819
123,2026-09-21T07:58:42.450+00:00,2026-09-21T08:01:31.221+00:00,2026-09-21T08:01:34.274+00:00,True,50,50.0,,50.0,168770.60718700002,171823.63246700002,171823.632562,3436.4726512400002,47.908423,168770.60718700002,23858.957901051715,75.97822000000001,62.30663836734694,7.7381466367181195,0.29099605963459574,38,64,,True,True,,103,59.56268577710819
124,2026-09-21T07:58:42.717+00:00,2026-09-21T08:01:32.856+00:00,2026-09-21T08:01:34.341+00:00,True,24,24.0,,24.0,170139.56052,171624.5922,171624.592228,7151.024676166667,47.871351000000004,170139.56052,34716.41365166815,76.773669,64.56659478260869,8.044916675025263,0.13984009920927867,38,64,,True,True,,216,59.56268577710819
126,2026-09-21T07:58:43.537+00:00,2026-09-21T08:01:34.011+00:00,2026-09-21T08:01:39.007+00:00,True,79,79.0,,79.0,170473.455755,175469.445515,175469.445485,2221.132221329114,41.926042,170473.455755,19172.558469151496,76.04121500000001,64.05115076923077,9.926339012153495,0.4502208334228006,38,64,,True,True,,237,59.56268577710819
125,2026-09-21T07:58:43.496+00:00,2026-09-21T08:01:36.396+00:00,2026-09-21T08:01:37.335+00:00,True,16,16.0,,16.0,172900.463548,173839.508412,173839.508279,10864.9692674375,48.795083,172900.463548,43209.465984100374,43283.9422465,62.60299093333333,8.832846519877943,0.0920389165049867,38,64,,True,True,,64,59.56268577710819
127,2026-09-21T07:58:43.802+00:00,2026-09-21T08:01:38.263+00:00,2026-09-21T08:01:40.468+00:00,True,36,36.0,,36.0,174460.79870699998,176665.89899499997,176665.898837,4907.386078805555,46.947552,174460.79870699998,29066.30053559052,77.01133175,63.00286537142857,8.572048377557975,0.2037744703691734,38,64,,True,True,,123,59.56268577710819
128,2026-09-21T07:58:44.091+00:00,2026-09-21T08:01:39.543+00:00,2026-09-21T08:01:43.679+00:00,True,68,68.0,,68.0,175451.484757,179587.40923699999,179587.40934,2640.9913138235293,43.044372,175451.484757,21269.133926130668,76.085578,61.73021611940298,9.420326354633792,0.3786456984312357,38,64,,True,True,,271,59.56268577710819
129,2026-09-21T07:58:44.454+00:00,2026-09-21T08:01:41.381+00:00,2026-09-21T08:01:44.681+00:00,True,55,55.0,,55.0,176926.107858,180226.200786,180226.200808,3276.8400146909094,43.991442,176926.107858,23848.47284282458,76.03080600000001,61.112832,9.297172993947102,0.3051720546742636,38,64,,True,True,,121,59.56268577710819
130,2026-09-21T07:58:44.810+00:00,2026-09-21T08:01:43.345+00:00,2026-09-21T08:01:44.479+00:00,True,19,19.0,,19.0,178534.72777700002,179668.51209700003,179668.511919,9456.237469421054,46.983273000000004,178534.72777700002,40944.22639512235,17923.738580300003,62.98801777777778,10.37237888038412,0.10575030526073605,38,64,,True,True,,19,59.56268577710819
131,2026-09-21T07:58:45.205+00:00,2026-09-21T08:01:45.135+00:00,2026-09-21T08:01:45.965+00:00,True,15,15.0,,15.0,179929.696003,180760.220931,180760.22109799998,12050.681406533333,44.175971,179929.696003,46442.33136241668,54030.0642423,59.323209142857145,9.010832375957685,0.08298285940757849,38,64,,True,True,,165,59.56268577710819
132,2026-09-21T07:58:45.621+00:00,2026-09-21T08:01:47.373+00:00,2026-09-21T08:01:50.838+00:00,True,56,56.0,,56.0,181752.381341,185217.450141,185217.45037,3307.454470892857,41.663553,181752.381341,24279.266363301656,77.14913225000001,63.001250909090906,9.118752112720864,0.3023473217959162,38,64,,True,True,,224,59.56268577710819
133,2026-09-21T07:58:45.863+00:00,2026-09-21T08:01:48.638+00:00,2026-09-21T08:01:51.544+00:00,True,46,46.0,,46.0,182775.444724,185681.121524,185681.121512,4036.546119826087,44.977892999999995,182775.444724,26939.250392443995,80.9535515,64.57059555555556,9.67899532473145,0.24773654759541253,38,64,,True,True,,183,59.56268577710819
134,2026-09-21T07:58:46.189+00:00,2026-09-21T08:01:50.654+00:00,2026-09-21T08:01:53.145+00:00,True,40,40.0,,40.0,184465.098499,186956.05837100002,186956.05844400002,4673.9014611,47.008433,184465.098499,29156.39565514399,78.55806505,63.87076594871795,9.496977648815932,0.21395401865299843,38,64,,True,True,,220,59.56268577710819
135,2026-09-21T07:58:46.501+00:00,2026-09-21T08:01:51.542+00:00,2026-09-21T08:01:54.109+00:00,True,42,42.0,,42.0,185041.520516,187608.70489999998,187608.704814,4466.873924142857,44.920033000000004,185041.520516,28542.86648915982,78.97248145,62.61425326829268,9.615646649340082,0.22387020912695402,38,64,,True,True,,147,59.56268577710819
136,2026-09-21T07:58:46.896+00:00,2026-09-21T08:01:53.538+00:00,2026-09-21T08:01:58.285+00:00,True,76,76.0,,76.0,186641.920852,191389.22350800002,191389.22351900002,2518.2792568289474,43.213483000000004,186641.920852,21402.037992689002,76.73402775,63.29736874666667,9.492899681138546,0.3970965481074917,38,64,,True,True,,152,59.56268577710819
137,2026-09-21T07:58:47.308+00:00,2026-09-21T08:01:55.911+00:00,2026-09-21T08:02:01.176+00:00,True,84,84.0,,84.0,188602.987307,193868.799275,193868.799332,2307.9618968095238,40.616602,188602.987307,20571.35277091603,77.75996384999999,63.443517686746986,9.206026987514184,0.43328271652854905,38,64,,True,True,,336,59.56268577710819
138,2026-09-21T07:58:47.648+00:00,2026-09-21T08:01:57.789+00:00,2026-09-21T08:01:59.167+00:00,True,22,22.0,,22.0,190140.668616,191518.456264,191518.456149,8705.38437040909,51.381524,190140.668616,40524.13961383063,78.36438245,65.60893561904761,7.868188166156872,0.11487143552198405,38,64,,True,True,,146,59.56268577710819
139,2026-09-21T07:58:48.003+00:00,2026-09-21T08:01:59.462+00:00,2026-09-21T08:02:05.404+00:00,True,96,96.0,,96.0,191458.740178,197401.131218,197401.131119,2056.2617824895833,43.082913,191458.740178,19534.293627131272,76.73434400000001,62.551484631578944,8.702745548787854,0.48631940155389675,38,64,,True,True,,586,59.56268577710819
140,2026-09-21T07:58:48.359+00:00,2026-09-21T08:02:01.647+00:00,2026-09-21T08:02:06.445+00:00,True,78,78.0,,78.0,193287.988699,198086.195675,198086.19549900002,2539.5666089615383,46.273823,193287.988699,21878.50115223098,76.455946,62.314376311688314,8.952135938564165,0.39376797426093535,38,64,,True,True,,236,59.56268577710819
141,2026-09-21T07:58:48.755+00:00,2026-09-21T08:02:03.748+00:00,2026-09-21T08:02:07.231+00:00,True,57,57.0,,57.0,194992.573901,198475.90983699998,198475.910059,3482.0335098070173,44.124223,194992.573901,25819.159762990977,76.854352,62.202427428571426,8.344582250418632,0.28718850588372025,38,64,,True,True,,114,59.56268577710819
142,2026-09-21T07:58:48.996+00:00,2026-09-21T08:02:05.073+00:00,2026-09-21T08:02:05.271+00:00,True,4,4.0,,4.0,196077.639628,196274.98286000002,196274.982949,49068.74573725,62.030113,196077.639628,98005.92934054401,166676.6826304,65.78107733333333,4.851248662271327,0.020379571261270418,38,64,,True,True,,25,59.56268577710819
143,2026-09-21T07:58:49.281+00:00,2026-09-21T08:02:06.516+00:00,2026-09-21T08:02:08.040+00:00,True,25,25.0,,25.0,197234.637456,198758.766736,198758.766538,7950.350661519999,40.602642,197234.637456,39434.227526219314,76.9822768,63.505386666666666,9.56075825351941,0.12578061541912305,38,64,,True,True,,225,59.56268577710819
144,2026-09-21T07:58:49.580+00:00,2026-09-21T08:02:08.229+00:00,2026-09-21T08:02:13.131+00:00,True,79,79.0,,79.0,198648.88452700002,203550.675759,203550.67554300002,2576.590829658228,41.892222000000004,198648.88452700002,22342.676696154795,74.708135,62.84347733333333,8.207190263579589,0.38810974075828886,38,64,,True,True,,869,59.56268577710819
145,2026-09-21T07:58:49.889+00:00,2026-09-21T08:02:09.694+00:00,2026-09-21T08:02:12.638+00:00,True,48,48.0,,48.0,199805.30679499998,202748.680107,202748.68022399998,4223.930837999999,40.913771999999994,199805.30679499998,28830.373927438835,75.25355015,62.62496408510638,8.219898054720735,0.23674630076342865,38,64,,True,True,,99,59.56268577710819
146,2026-09-21T07:58:50.184+00:00,2026-09-21T08:02:11.727+00:00,2026-09-21T08:02:12.181+00:00,True,8,8.0,,8.0,201542.479653,201997.252901,201997.25299799998,25249.656624749998,53.025793,201542.479653,71233.05804245043,131029.76215435,64.96760685714285,9.431129899204432,0.03960449899742372,38,64,,True,True,,25,59.56268577710819
147,2026-09-21T07:58:50.596+00:00,2026-09-21T08:02:13.802+00:00,2026-09-21T08:02:18.667+00:00,True,78,78.0,,78.0,203206.468214,208070.808694,208070.808677,2667.5744702179486,41.524153,203206.468214,23001.451284285384,78.4925085,63.17325298701299,10.862869358419076,0.37487238353896607,38,64,,True,True,,153,59.56268577710819
148,2026-09-21T07:58:50.827+00:00,2026-09-21T08:02:15.191+00:00,2026-09-21T08:02:16.857+00:00,True,26,26.0,,26.0,204363.653785,206029.345945,206029.345845,7924.205609423077,48.936595000000004,204363.653785,40065.944184192056,79.15540425,66.6276864,9.157794701301691,0.12619561490497938,38,64,,True,True,,78,59.56268577710819
149,2026-09-21T07:58:51.225+00:00,2026-09-21T08:02:17.295+00:00,2026-09-21T08:02:19.308+00:00,True,33,33.0,,33.0,206069.910527,208082.645503,208082.645346,6305.534707454545,42.928903,206069.910527,35861.21931508949,83.08230999999999,62.897968,10.38792309551967,0.1585908326003296,38,64,,True,True,,99,59.56268577710819
150,2026-09-21T07:58:51.637+00:00,2026-09-21T08:02:19.502+00:00,2026-09-21T08:02:22.118+00:00,True,42,42.0,,42.0,207865.224573,210481.99334100002,210481.993315,5011.476031309524,44.192053,207865.224573,32064.453645685426,77.09856990000002,63.823628487804875,9.430682520208862,0.19954200990464857,38,64,,True,True,,367,59.56268577710819
151,2026-09-21T07:58:51.885+00:00,2026-09-21T08:02:20.936+00:00,2026-09-21T08:02:22.815+00:00,True,31,31.0,,31.0,209051.674516,210930.827668,210930.827829,6804.220252548387,47.737063,209051.674516,37535.540009182005,80.9420945,62.6384384,9.0949521642483,0.1469676118125002,38,64,,True,True,,92,59.56268577710819
152,2026-09-21T07:58:52.172+00:00,2026-09-21T08:02:22.466+00:00,2026-09-21T08:02:26.818+00:00,True,71,71.0,,71.0,210294.623589,214646.446949,214646.446972,3023.189393971831,45.434472,210294.623589,24950.004022525507,78.1991105,62.16890514285714,9.820207341581105,0.3307764978605474,38,64,,True,True,,781,59.56268577710819
153,2026-09-21T07:58:52.501+00:00,2026-09-21T08:02:23.963+00:00,2026-09-21T08:02:26.304+00:00,True,39,39.0,,39.0,211461.26897600002,213802.59275200003,213802.592853,5482.117765461539,42.301182,211461.26897600002,33851.03792258353,76.6733381,61.61378357894736,9.94363100730725,0.18241125843238948,38,64,,True,True,,192,59.56268577710819
154,2026-09-21T07:58:53.720+00:00,2026-09-21T08:02:29.300+00:00,2026-09-21T08:02:33.366+00:00,True,65,65.0,,65.0,215580.809669,219646.711749,219646.71183100002,3379.1801820153846,43.896581,215580.809669,26731.630404507738,77.44748100000001,63.52972,9.851136703222302,0.29592976595196363,38,64,,True,True,,152,59.56268577710819
156,2026-09-21T07:58:53.830+00:00,2026-09-21T08:02:30.058+00:00,2026-09-21T08:02:34.524+00:00,True,71,71.0,,71.0,216227.92118399998,220693.784608,220693.78451199998,3108.363162140845,41.303512000000005,216227.92118399998,25653.963624811804,79.1787125,63.798048914285715,10.139148190836206,0.321712730270639,38,64,,True,True,,218,59.56268577710819
155,2026-09-21T07:58:53.796+00:00,2026-09-21T08:02:30.121+00:00,2026-09-21T08:02:32.800+00:00,True,43,43.0,,43.0,216324.74907,219004.207886,219004.207953,5093.121115186046,42.098723,216324.74907,32979.48771045979,78.422194,63.79663847619048,10.546370328374161,0.19634325940615321,38,64,,True,True,,172,59.56268577710819
157,2026-09-21T07:58:53.906+00:00,2026-09-21T08:02:30.948+00:00,2026-09-21T08:02:31.450+00:00,True,9,9.0,,9.0,217042.653158,217544.803558,217544.803565,24171.644840555557,44.862473,217042.653158,72326.62935291565,130258.22582759999,62.7688,14.28222989184596,0.04137078823673439,38,64,,True,True,,45,59.56268577710819
158,2026-09-21T07:58:54.118+00:00,2026-09-21T08:02:32.666+00:00,2026-09-21T08:02:36.604+00:00,True,62,62.0,,62.0,218547.93088499998,222485.933061,222485.93311299998,3588.482792145161,45.899782,218547.93088499998,27747.418216316466,77.86129255,64.55741272131148,10.723082443358942,0.2786693034790706,38,64,,True,True,,164,59.56268577710819
159,2026-09-21T07:58:54.354+00:00,2026-09-21T08:02:33.821+00:00,2026-09-21T08:02:38.874+00:00,True,80,80.0,,80.0,219466.799481,224520.702329,224520.702388,2806.50877985,43.36284199999999,219466.799481,24529.98369564718,78.2795185,63.9734537721519,10.026274654123998,0.3563145811060777,38,64,,True,True,,187,59.56268577710819
160,2026-09-21T07:58:54.589+00:00,2026-09-21T08:02:35.064+00:00,2026-09-21T08:02:38.602+00:00,True,57,57.0,,57.0,220475.04616,224012.730384,224012.730324,3930.0479004210524,43.983110999999994,220475.04616,29194.26777405981,77.8083948,63.172932571428575,10.840762372295098,0.25444982480366746,38,64,,True,True,,342,59.56268577710819
161,2026-09-21T07:58:54.936+00:00,2026-09-21T08:02:36.914+00:00,2026-09-21T08:02:38.360+00:00,True,24,24.0,,24.0,221978.160019,223423.695507,223423.69563,9309.32065125,47.969792,221978.160019,45298.27383921226,77.36228284999999,62.849369043478255,8.371890939330925,0.10741922402428469,38,64,,True,True,,11,59.56268577710819
162,2026-09-21T07:58:55.216+00:00,2026-09-21T08:02:38.140+00:00,2026-09-21T08:02:44.168+00:00,True,96,96.0,,96.0,222924.331973,228952.377285,228952.377164,2384.920595458333,40.364343,222924.331973,22745.645629037044,77.78986025,63.45310854736842,10.563191607530596,0.4193011714418635,38,64,,True,True,,290,59.56268577710819
163,2026-09-21T07:58:55.608+00:00,2026-09-21T08:02:39.940+00:00,2026-09-21T08:02:41.052+00:00,True,18,18.0,,18.0,224331.520225,225443.21404899997,225443.214154,12524.623008555554,51.789622,224331.520225,52860.033681690875,33720.6653473,65.39375435294117,9.140894043529775,0.0798427225939376,38,64,,True,True,,22,59.56268577710819
164,2026-09-21T07:58:56.022+00:00,2026-09-21T08:02:42.112+00:00,2026-09-21T08:02:46.914+00:00,True,77,77.0,,77.0,226090.340558,230891.580622,230891.580436,2998.591953714286,40.518171,226090.340558,25758.18834545438,77.97463619999999,63.174211368421055,10.650152066541404,0.3334898561158848,38,64,,True,True,,423,59.56268577710819
165,2026-09-21T07:58:56.290+00:00,2026-09-21T08:02:43.635+00:00,2026-09-21T08:02:43.841+00:00,True,4,4.0,,4.0,227345.14114300002,227551.83810300002,227551.838101,56887.95952525,58.489262000000004,227345.14114300002,113638.12153406077,193255.7762065,68.89898666666667,12.462201652871025,0.017578412169052326,38,64,,True,True,,32,59.56268577710819
166,2026-09-21T07:58:56.620+00:00,2026-09-21T08:02:45.463+00:00,2026-09-21T08:02:51.274+00:00,True,93,93.0,,93.0,228843.535043,234653.937091,234653.937177,2523.1606148064516,42.340302,228843.535043,23723.421805430553,75.94603039999998,63.156544,8.990263295366693,0.3963283171504347,38,64,,True,True,,186,59.56268577710819
167,2026-09-21T07:58:57.031+00:00,2026-09-21T08:02:47.473+00:00,2026-09-21T08:02:51.065+00:00,True,59,59.0,,59.0,230441.793091,234034.091587,234034.091457,3966.679516220339,43.011900999999995,230441.793091,29992.904148002206,77.30212709999999,61.93618096551724,9.455240556929992,0.252100023547498,38,64,,True,True,,354,59.56268577710819
168,2026-09-21T07:58:57.446+00:00,2026-09-21T08:02:49.590+00:00,2026-09-21T08:02:53.983+00:00,True,71,71.0,,71.0,232143.248622,236536.12414200002,236536.124156,3331.4947064225353,41.429071,232143.248622,27542.88878949848,77.2066775,62.75536457142857,9.238521565874224,0.30016556776493253,38,64,,True,True,,251,59.56268577710819
169,2026-09-21T07:58:57.800+00:00,2026-09-21T08:02:51.401+00:00,2026-09-21T08:02:51.851+00:00,True,9,9.0,,9.0,233601.54902,234051.08374,234051.083655,26005.675961666668,43.445040999999996,233601.54902,77848.45282643332,140190.38639680002,56.19184,8.742766381212101,0.038453143887160195,38,64,,True,True,,45,59.56268577710819
170,2026-09-21T07:58:58.082+00:00,2026-09-21T08:02:53.165+00:00,2026-09-21T08:02:58.262+00:00,True,82,82.0,,82.0,235082.921701,240180.102373,240180.10243000003,2929.025639390244,41.474601,235082.921701,25953.61818362381,76.93827095,62.92815644444445,9.27963904401459,0.34141046318921914,38,64,,True,True,,466,59.56268577710819
171,2026-09-21T07:58:58.408+00:00,2026-09-21T08:02:54.970+00:00,2026-09-21T08:03:00.288+00:00,True,86,86.0,,86.0,236561.36441100002,241879.53964300003,241879.53941700002,2812.5527839186047,46.107421,236561.36441100002,25502.3226981769,75.5434705,62.56676743529411,8.765545180272113,0.35554888241862437,38,64,,True,True,,258,59.56268577710819
172,2026-09-21T07:58:58.823+00:00,2026-09-21T08:02:57.112+00:00,2026-09-21T08:02:58.993+00:00,True,30,30.0,,30.0,238289.270173,240169.962397,240169.962438,8005.6654146,48.418161,238289.270173,43493.63005387261,75.39584844999999,64.851456,8.279340596645605,0.12491154056313719,38,64,,True,True,,103,59.56268577710819
173,2026-09-21T07:58:59.109+00:00,2026-09-21T08:02:58.533+00:00,2026-09-21T08:02:59.610+00:00,True,19,19.0,,19.0,239423.92234299998,240500.43075899998,240500.43075099998,12657.917407947367,46.008381,239423.92234299998,54913.89526127715,24013.834003,59.80602311111111,9.961804492053842,0.07900193750188941,38,64,,True,True,,20,59.56268577710819
174,2026-09-21T07:58:59.397+00:00,2026-09-21T08:03:00.035+00:00,2026-09-21T08:03:00.542+00:00,True,9,9.0,,9.0,240637.157216,241144.674912,241144.674944,26793.852771555554,52.174391,240637.157216,80191.23956348634,144412.4260944,63.439712,8.52849572681299,0.03732199354302282,38,64,,True,True,,36,59.56268577710819
175,2026-09-21T07:58:59.647+00:00,2026-09-21T08:03:01.342+00:00,2026-09-21T08:03:06.258+00:00,True,78,78.0,,78.0,241695.710456,246611.548408,246611.548408,3161.686518051282,46.554522,241695.710456,27359.42320205698,79.62086264999999,63.842051324675325,9.62444991315093,0.3162868912811615,38,64,,True,True,,450,59.56268577710819
176,2026-09-21T07:59:00.052+00:00,2026-09-21T08:03:03.459+00:00,2026-09-21T08:03:05.394+00:00,True,31,31.0,,31.0,243406.897888,245342.009824,245342.00959600002,7914.258374064516,45.771791,243406.897888,43705.58552815687,79.01383249999999,64.5037312,10.959705117131971,0.1263542269921011,38,64,,True,True,,32,59.56268577710819
177,2026-09-21T07:59:00.347+00:00,2026-09-21T08:03:04.688+00:00,2026-09-21T08:03:08.517+00:00,True,60,60.0,,60.0,244341.4811,248170.25166,248170.251574,4136.170859566667,43.291862,244341.4811,31535.973051608107,77.73844305,64.89441627118644,9.185084689113244,0.24176950943419934,38,64,,True,True,,173,59.56268577710819
178,2026-09-21T07:59:00.613+00:00,2026-09-21T08:03:06.260+00:00,2026-09-21T08:03:09.933+00:00,True,58,58.0,,58.0,245647.450658,249320.931874,249320.932057,4298.636759603448,47.98298200000001,245647.450658,32246.629301898607,77.478279,64.44703887719298,8.59788585190003,0.23263189161073575,38,64,,True,True,,125,59.56268577710819
179,2026-09-21T07:59:00.967+00:00,2026-09-21T08:03:08.401+00:00,2026-09-21T08:03:09.981+00:00,True,26,26.0,,26.0,247433.60121599998,249013.71948799997,249013.719582,9577.450753153846,41.517162,247433.60121599998,48513.327148904675,79.2489755,63.20473088,10.269098001832328,0.10441191775882432,38,64,,True,True,,104,59.56268577710819
181,2026-09-21T07:59:01.558+00:00,2026-09-21T08:03:10.174+00:00,2026-09-21T08:03:11.289+00:00,True,19,19.0,,19.0,248615.51681600002,249730.53787200002,249730.53799600003,13143.712526105264,46.858671,248615.51681600002,57022.10074275844,24933.049591400006,61.945614222222225,9.834337666059023,0.07608200487574529,38,64,,True,True,,84,59.56268577710819
182,2026-09-21T07:59:01.878+00:00,2026-09-21T08:03:11.758+00:00,2026-09-21T08:03:17.104+00:00,True,86,86.0,,86.0,249880.169389,255225.904301,255225.904127,2967.743071244186,43.942971,249880.169389,26938.491654918857,78.46520275,62.89099896470589,9.716655510634984,0.3369563925555774,38,64,,True,True,,200,59.56268577710819
183,2026-09-21T07:59:02.256+00:00,2026-09-21T08:03:14.890+00:00,2026-09-21T08:03:19.948+00:00,True,82,82.0,,82.0,252634.85201,257692.186538,257692.186697,3142.5876426463415,42.564561999999995,252634.85201,27891.958823389694,78.055375,62.43622874074074,9.218142336341202,0.3182091048302237,38,64,,True,True,,233,59.56268577710819
180,2026-09-21T07:59:01.248+00:00,2026-09-21T08:03:14.962+00:00,2026-09-21T08:03:15.724+00:00,True,13,13.0,,13.0,253714.367206,254475.912934,254475.912923,19575.070224846153,44.269231,253714.367206,70350.10402698113,101531.4194056,63.462144,9.76640868563417,0.051085385057137556,38,64,,True,True,,81,59.56268577710819
184,2026-09-21T07:59:02.482+00:00,2026-09-21T08:03:16.033+00:00,2026-09-21T08:03:21.279+00:00,True,85,85.0,,85.0,253551.11460600002,258797.08094200003,258797.08112100002,3044.6715426,41.368031,253551.11460600002,27494.707827341434,78.752104,62.45198019047619,10.576276912682419,0.32844265356706115,38,64,,True,True,,760,59.56268577710819
185,2026-09-21T07:59:02.824+00:00,2026-09-21T08:03:17.936+00:00,2026-09-21T08:03:23.616+00:00,True,90,90.0,,90.0,255111.245047,260791.762935,260791.762797,2897.6862533,44.191211,255111.245047,26884.360555776864,77.041185,63.82604368539326,10.538622006082859,0.34510292421479466,38,64,,True,True,,270,59.56268577710819
186,2026-09-21T07:59:03.216+00:00,2026-09-21T08:03:20.126+00:00,2026-09-21T08:03:25.031+00:00,True,78,78.0,,78.0,256909.55534299999,261814.90599899998,261814.906126,3356.6013605897433,43.586161999999995,256909.55534299999,29082.06779656204,77.69606449999999,63.70585267532468,11.19679006219993,0.2979203941898477,38,64,,True,True,,246,59.56268577710819
187,2026-09-21T07:59:03.613+00:00,2026-09-21T08:03:22.251+00:00,2026-09-21T08:03:23.490+00:00,True,20,20.0,,20.0,258638.379247,259877.16401500002,259877.164081,12993.85820405,41.780822,258638.379247,57818.72183462821,13007.103684700001,65.19919831578947,11.378495186338702,0.07695943610822846,38,64,,True,True,,30,59.56268577710819
188,2026-09-21T07:59:03.949+00:00,2026-09-21T08:03:23.616+00:00,2026-09-21T08:03:24.113+00:00,True,9,9.0,,9.0,259666.32663,260163.718246,260163.718308,28907.079812,51.586012000000004,259666.32663,86534.71782633106,155828.1354672,62.173952,7.30213227236272,0.034593601523983344,38,64,,True,True,,26,59.56268577710819
189,2026-09-21T07:59:04.268+00:00,2026-09-21T08:03:25.251+00:00,2026-09-21T08:03:29.204+00:00,True,64,64.0,,64.0,260982.79336399998,264936.238484,264936.238463,4139.628725984375,42.086892,260982.79336399998,32615.006563930972,76.10580750000001,62.75309714285714,10.072100934057465,0.24156755741010144,38,64,,True,True,,257,59.56268577710819
190,2026-09-21T07:59:04.599+00:00,2026-09-21T08:03:26.989+00:00,2026-09-21T08:03:28.523+00:00,True,25,25.0,,25.0,262389.684031,263924.165951,263924.165905,10556.9666362,46.635132,262389.684031,52465.150420641025,80.5503508,63.936746666666664,10.270533643403034,0.09472417923503633,38,64,,True,True,,88,59.56268577710819
192,2026-09-21T07:59:05.606+00:00,2026-09-21T08:03:28.726+00:00,2026-09-21T08:03:34.228+00:00,True,88,88.0,,88.0,263119.839127,268621.245591,268621.245734,3052.514156068182,44.479491,263119.839127,28041.9297094662,76.14818799999999,63.23455705747127,9.043349517906314,0.3275988085245793,38,64,,True,True,,352,59.56268577710819
193,2026-09-21T07:59:05.679+00:00,2026-09-21T08:03:29.043+00:00,2026-09-21T08:03:29.963+00:00,True,16,16.0,,16.0,263364.181981,264284.389341,264284.389494,16517.774343375,47.958220999999995,263364.181981,65825.70939750553,65901.4183,61.347157333333335,9.895037889078592,0.060540844050215814,38,64,,True,True,,34,59.56268577710819
191,2026-09-21T07:59:05.596+00:00,2026-09-21T08:03:30.471+00:00,2026-09-21T08:03:32.816+00:00,True,38,38.0,,38.0,264875.258711,267220.510807,267220.51075599995,7032.118704105263,45.823701,264875.258711,42958.15949482737,78.4734565,63.38519178378379,9.583123458456512,0.14220465294838652,38,64,,True,True,,111,59.56268577710819
194,2026-09-21T07:59:05.992+00:00,2026-09-21T08:03:34.686+00:00,2026-09-21T08:03:39.642+00:00,True,79,79.0,,79.0,268693.84245399997,273649.53806999995,273649.53810799995,3463.9182038987337,43.236081,268693.84245399997,30223.27232062502,77.69489399999999,63.534559179487175,9.249569429150071,0.2886904197141078,38,64,,True,True,,389,59.56268577710819
195,2026-09-21T07:59:06.270+00:00,2026-09-21T08:03:36.386+00:00,2026-09-21T08:03:36.512+00:00,True,3,3.0,,3.0,270116.21604100004,270241.57693700003,270241.57693300006,90080.52564433335,55.437931,270116.21604100004,155915.48163959646,243111.586733,62.680448,10.242255049296908,0.011101178560319657,38,64,,True,True,,28,59.56268577710819
196,2026-09-21T07:59:06.628+00:00,2026-09-21T08:03:38.219+00:00,2026-09-21T08:03:42.780+00:00,True,71,71.0,,71.0,271591.352982,276152.454294,276152.45413699996,3889.4711850281687,40.971271,271591.352982,32224.23264948741,78.779182,65.15859017142857,11.224264436724061,0.25710435991422087,38,64,,True,True,,568,59.56268577710819
197,2026-09-21T07:59:06.884+00:00,2026-09-21T08:03:39.347+00:00,2026-09-21T08:03:41.739+00:00,True,38,38.0,,38.0,272463.03387800005,274855.28399,274855.28391900007,7233.033787342107,45.19664100000001,272463.03387800005,44188.85342748989,79.9870805,64.65540843243244,11.106834128817399,0.13825457327348503,38,64,,True,True,,50,59.56268577710819
198,2026-09-21T07:59:07.174+00:00,2026-09-21T08:03:40.907+00:00,2026-09-21T08:03:42.585+00:00,True,27,27.0,,27.0,273733.112221,275411.36348500004,275411.36341600004,10200.42086725926,48.144461,273733.112221,52667.5406312272,78.76249299999999,64.54812553846153,10.008000454992096,0.09803517058391283,38,64,,True,True,,67,59.56268577710819
199,2026-09-21T07:59:07.407+00:00,2026-09-21T08:03:42.097+00:00,2026-09-21T08:03:44.896+00:00,True,44,44.0,,44.0,274689.74467000004,277488.44521400006,277488.44518100005,6306.555572295456,45.804680999999995,274689.74467000004,41401.226005055316,78.462187,65.0860591627907,9.063228435889828,0.15856516103244242,38,64,,True,True,,132,59.56268577710819
200,2026-09-21T07:59:07.796+00:00,2026-09-21T08:03:44.247+00:00,2026-09-21T08:03:46.433+00:00,True,35,35.0,,35.0,276451.529717,278637.336565,278637.33653300005,7961.066758085715,49.546541,276451.529717,46717.97145771916,80.0317177,64.28843670588236,9.169589242911815,0.1256113069105341,38,64,,True,True,,141,59.56268577710819
201,2026-09-21T07:59:08.052+00:00,2026-09-21T08:03:45.518+00:00,2026-09-21T08:03:49.695+00:00,True,67,67.0,,67.0,277465.58273699996,281642.96206499997,281642.962104,4203.626300059701,42.296161,277465.58273699996,33890.08486964437,78.6423577,63.293626181818176,9.624311133198013,0.23788984290165635,38,64,,True,True,,204,59.56268577710819
202,2026-09-21T07:59:08.292+00:00,2026-09-21T08:03:46.556+00:00,2026-09-21T08:03:47.898+00:00,True,23,23.0,,23.0,278264.882423,279606.383095,279606.383172,12156.799268347826,41.751290999999995,278264.882423,58009.525102871696,77.344229,60.977303272727276,10.099315421877371,0.08225849404942033,38,64,,True,True,,23,59.56268577710819
203,2026-09-21T07:59:08.539+00:00,2026-09-21T08:03:48.072+00:00,2026-09-21T08:03:48.347+00:00,True,5,5.0,,5.0,279532.60206999996,279807.536086,279807.536216,55961.507243199994,53.915181,279532.60206999996,124980.04190039993,223642.2581242,68.733504,12.126275443149723,0.017869425784383556,38,64,,True,True,,15,59.56268577710819
204,2026-09-21T07:59:08.774+00:00,2026-09-21T08:03:49.183+00:00,2026-09-21T08:03:50.635+00:00,True,25,25.0,,25.0,280409.220048,281861.4228,281861.422669,11274.456906759999,46.149671000000005,280409.220048,56069.743062186,79.907338,60.508448,9.31228927078326,0.08869606827231272,38,64,,True,True,,100,59.56268577710819
205,2026-09-21T07:59:09.149+00:00,2026-09-21T08:03:51.115+00:00,2026-09-21T08:03:55.065+00:00,True,63,63.0,,63.0,281965.91388,285915.675928,285915.675723,4538.344059095239,44.473641,281965.91388,35516.34091914866,75.3847629,63.70583948387097,8.849333553273308,0.2203446865776776,38,64,,True,True,,63,59.56268577710819
206,2026-09-21T07:59:09.481+00:00,2026-09-21T08:03:53.008+00:00,2026-09-21T08:03:57.868+00:00,True,78,78.0,,78.0,283527.125556,288387.139636,288387.139607,3697.271020602564,41.172881000000004,283527.125556,32095.980132549714,76.3857355,63.11706597402597,9.712738420471098,0.27046975845889315,38,64,,True,True,,91,59.56268577710819
207,2026-09-21T07:59:09.856+00:00,2026-09-21T08:03:54.709+00:00,2026-09-21T08:03:58.680+00:00,True,65,65.0,,65.0,284852.90749199997,288823.93929999997,288823.93920499994,4443.445218538461,42.162681,284852.90749199997,35323.959848496284,74.26128,62.047372,8.884771576141294,0.22505059711302128,38,64,,True,True,,260,59.56268577710819
209,2026-09-21T07:59:10.514+00:00,2026-09-21T08:03:56.086+00:00,2026-09-21T08:03:56.464+00:00,True,7,7.0,,7.0,285571.249652,285949.483252,285949.4833,40849.92618571429,43.483921,285571.249652,107911.96115502801,199923.89130500003,63.03893333333333,13.973766669943142,0.024479848399764647,38,64,,True,True,,59,59.56268577710819
210,2026-09-21T07:59:10.848+00:00,2026-09-21T08:03:57.689+00:00,2026-09-21T08:04:03.104+00:00,True,85,85.0,,85.0,286840.354601,292255.62960900005,292255.62942500005,3438.3015226470593,43.116731,286840.354601,31105.213421906774,76.64343600000001,64.46755961904762,8.648665991202895,0.2908412752004775,38,64,,True,True,,174,59.56268577710819
211,2026-09-21T07:59:11.118+00:00,2026-09-21T08:03:59.990+00:00,2026-09-21T08:04:04.298+00:00,True,68,68.0,,68.0,288871.95270200004,293179.92172600003,293179.92159200006,4311.469435176471,43.162031000000006,288871.95270200004,35023.07370615803,75.83791215,64.29804513432836,9.187882088382251,0.23193948480398127,38,64,,True,True,,145,59.56268577710819
208,2026-09-21T07:59:10.245+00:00,2026-09-21T08:04:02.131+00:00,2026-09-21T08:04:07.140+00:00,True,81,81.0,,81.0,291886.319457,296894.879585,296894.879482,3665.368882493827,46.087891000000006,291886.319457,32424.858324850444,77.329432,62.607001600000004,9.537708512573163,0.27282383621173223,38,64,,True,True,,243,59.56268577710819
212,2026-09-21T07:59:11.436+00:00,2026-09-21T08:04:02.785+00:00,2026-09-21T08:04:03.854+00:00,True,18,18.0,,18.0,291348.538097,292417.961457,292417.96145,16245.442302777778,48.088150999999996,291348.538097,68656.6821213766,43766.1930654,62.90725647058824,8.63805320934965,0.061555726297773596,38,64,,True,True,,126,59.56268577710819
213,2026-09-21T07:59:11.784+00:00,2026-09-21T08:04:04.853+00:00,2026-09-21T08:04:08.864+00:00,True,65,65.0,,65.0,293069.835585,297080.564289,297080.564389,4570.470221369231,42.389291,293069.835585,36343.06764193897,78.019944,62.667636,9.920527512596335,0.21879586823716948,38,64,,True,True,,197,59.56268577710819
214,2026-09-21T07:59:12.068+00:00,2026-09-21T08:04:06.367+00:00,2026-09-21T08:04:10.552+00:00,True,67,67.0,,67.0,294299.88032999996,298484.49754599994,298484.497398,4454.992498477612,42.327451,294299.88032999996,35946.708028856025,76.6230927,63.40329115151515,9.039625448312963,0.22446726898999006,38,64,,True,True,,71,59.56268577710819
215,2026-09-21T07:59:12.399+00:00,2026-09-21T08:04:08.089+00:00,2026-09-21T08:04:12.448+00:00,False,71,70.0,,70.0,295689.662197,300048.421621,300048.421669,4226.034108014084,0.03582,295689.662197,35084.51884630859,76.83860650000001,62.26799177142857,11.739975521009857,0.23329567815030558,38,64,,True,False,Request timeout: 300.0s exceeded,350,59.56268577710819
216,2026-09-21T07:59:12.716+00:00,2026-09-21T08:04:09.828+00:00,2026-09-21T08:04:12.766+00:00,False,49,48.0,,48.0,297111.543486,300050.044862,300050.045037,6123.470306877551,0.036469999999999995,297111.543486,42435.76285215733,78.97266340000002,61.218778666666665,13.74677171686016,0.1599733138586142,38,64,,True,False,Request timeout: 300.0s exceeded,48,59.56268577710819
217,2026-09-21T07:59:13.081+00:00,2026-09-21T08:04:11.602+00:00,2026-09-21T08:04:12.060+00:00,True,9,9.0,,9.0,298521.363811,298978.58032300003,298978.58014000003,33219.84223777778,45.211441,298521.363811,99488.07087145906,179138.9334914,57.152064,8.000841418973739,0.03010249092184763,38,64,,True,True,,63,59.56268577710819
218,2026-09-21T07:59:13.327+00:00,2026-09-21T08:04:13.147+00:00,2026-09-21T08:04:13.386+00:00,False,6,5.0,,5.0,299819.77600199997,300058.60044999997,300058.60035699996,50009.766726166665,0.032310000000000005,299819.77600199997,122381.41369041921,224882.81491924997,47.764889600000004,28.297823938233215,0.016663411721915204,38,64,,True,False,Request timeout: 300.0s exceeded,40,59.56268577710819
219,2026-09-21T07:59:13.586+00:00,2026-09-21T08:04:13.701+00:00,2026-09-21T08:04:13.701+00:00,False,1,0.0,,0.0,300115.577391,300115.577391,300115.577391,300115.577391,300115.577391,300115.577391,nan,300115.577391,nan,nan,0.0,38,64,,True,False,"HTTPConnectionPool(host='gpu06', port=9004): Read timed out.",0,59.56268577710819
220,2026-09-21T07:59:13.830+00:00,2026-09-21T08:04:13.894+00:00,2026-09-21T08:04:13.894+00:00,False,1,0.0,,0.0,300063.745133,300063.745133,300063.745133,300063.745133,300063.745133,300063.745133,nan,300063.745133,nan,nan,0.0,38,64,,True,False,"HTTPConnectionPool(host='gpu06', port=9004): Read timed out.",0,59.56268577710819
221,2026-09-21T07:59:14.150+00:00,2026-09-21T08:04:14.170+00:00,2026-09-21T08:04:14.170+00:00,False,1,0.0,,0.0,300019.415151,300019.415151,300019.415151,300019.415151,300019.415151,300019.415151,nan,300019.415151,nan,nan,0.0,38,64,,True,False,"HTTPConnectionPool(host='gpu06', port=9004): Read timed out.",0,59.56268577710819
222,2026-09-21T07:59:14.576+00:00,2026-09-21T08:04:14.669+00:00,2026-09-21T08:04:14.669+00:00,False,1,0.0,,0.0,300093.150364,300093.150364,300093.150364,300093.150364,300093.150364,300093.150364,nan,300093.150364,nan,nan,0.0,38,64,,True,False,"HTTPConnectionPool(host='gpu06', port=9004): Read timed out.",0,59.56268577710819
223,2026-09-21T07:59:14.952+00:00,2026-09-21T08:04:15.061+00:00,2026-09-21T08:04:15.061+00:00,False,1,0.0,,0.0,300108.85583899997,300108.85583899997,300108.85583899997,300108.85583899997,300108.85583899997,300108.85583899997,nan,300108.85583899997,nan,nan,0.0,38,64,,True,False,"HTTPConnectionPool(host='gpu06', port=9004): Read timed out.",0,59.56268577710819
224,2026-09-21T07:59:15.340+00:00,2026-09-21T08:04:15.456+00:00,2026-09-21T08:04:15.456+00:00,False,1,0.0,,0.0,300116.438553,300116.438553,300116.438553,300116.438553,300116.438553,300116.438553,nan,300116.438553,nan,nan,0.0,38,64,,True,False,"HTTPConnectionPool(host='gpu06', port=9004): Read timed out.",0,59.56268577710819
225,2026-09-21T07:59:15.605+00:00,2026-09-21T08:04:15.646+00:00,2026-09-21T08:04:15.646+00:00,False,1,0.0,,0.0,300041.038773,300041.038773,300041.038773,300041.038773,300041.038773,300041.038773,nan,300041.038773,nan,nan,0.0,38,64,,True,False,TTFT timeout: 300.0s exceeded (TTFT: 300.036s),0,59.56268577710819
226,2026-09-21T07:59:16.000+00:00,2026-09-21T08:04:16.106+00:00,2026-09-21T08:04:16.106+00:00,False,1,0.0,,0.0,300105.875089,300105.875089,300105.875089,300105.875089,300105.875089,300105.875089,nan,300105.875089,nan,nan,0.0,38,64,,True,False,"HTTPConnectionPool(host='gpu06', port=9004): Read timed out.",0,59.56268577710819
227,2026-09-21T07:59:16.294+00:00,2026-09-21T08:04:16.382+00:00,2026-09-21T08:04:16.382+00:00,False,1,0.0,,0.0,300088.012879,300088.012879,300088.012879,300088.012879,300088.012879,300088.012879,nan,300088.012879,nan,nan,0.0,38,64,,True,False,"HTTPConnectionPool(host='gpu06', port=9004): Read timed out.",0,59.56268577710819
228,2026-09-21T07:59:16.637+00:00,2026-09-21T08:04:16.739+00:00,2026-09-21T08:04:16.739+00:00,False,1,0.0,,0.0,300102.369276,300102.369276,300102.369276,300102.369276,300102.369276,300102.369276,nan,300102.369276,nan,nan,0.0,38,64,,True,False,"HTTPConnectionPool(host='gpu06', port=9004): Read timed out.",0,59.56268577710819
229,2026-09-21T07:59:16.888+00:00,2026-09-21T08:04:16.989+00:00,2026-09-21T08:04:16.989+00:00,False,1,0.0,,0.0,300101.04328,300101.04328,300101.04328,300101.04328,300101.04328,300101.04328,nan,300101.04328,nan,nan,0.0,38,64,,True,False,"HTTPConnectionPool(host='gpu06', port=9004): Read timed out.",0,59.56268577710819
230,2026-09-21T07:59:17.141+00:00,2026-09-21T08:04:17.252+00:00,2026-09-21T08:04:17.252+00:00,False,1,0.0,,0.0,300111.037052,300111.037052,300111.037052,300111.037052,300111.037052,300111.037052,nan,300111.037052,nan,nan,0.0,38,64,,True,False,"HTTPConnectionPool(host='gpu06', port=9004): Read timed out.",0,59.56268577710819
231,2026-09-21T07:59:17.528+00:00,2026-09-21T08:04:17.547+00:00,2026-09-21T08:04:17.547+00:00,False,1,0.0,,0.0,300018.724884,300018.724884,300018.724884,300018.724884,300018.724884,300018.724884,nan,300018.724884,nan,nan,0.0,38,64,,True,False,TTFT timeout: 300.0s exceeded (TTFT: 300.014s),0,59.56268577710819
232,2026-09-21T07:59:17.789+00:00,2026-09-21T08:04:17.804+00:00,2026-09-21T08:04:17.804+00:00,False,1,0.0,,0.0,300014.819587,300014.819587,300014.819587,300014.819587,300014.819587,300014.819587,nan,300014.819587,nan,nan,0.0,38,64,,True,False,TTFT timeout: 300.0s exceeded (TTFT: 300.011s),0,59.56268577710819
233,2026-09-21T07:59:18.205+00:00,2026-09-21T08:04:18.338+00:00,2026-09-21T08:04:18.338+00:00,False,1,0.0,,0.0,300132.805602,300132.805602,300132.805602,300132.805602,300132.805602,300132.805602,nan,300132.805602,nan,nan,0.0,38,64,,True,False,"HTTPConnectionPool(host='gpu06', port=9004): Read timed out.",0,59.56268577710819
234,2026-09-21T07:59:19.308+00:00,2026-09-21T08:04:18.633+00:00,2026-09-21T08:04:19.638+00:00,False,15,14.0,,14.0,299324.91960100003,300329.85604900005,300329.85613200004,20021.9904088,0.033299999999999996,299324.91960100003,77266.83573675923,89892.49986040001,71.78117485714284,35.665152786702656,0.04661541208116133,38,64,,True,False,Request timeout: 300.0s exceeded,84,59.56268577710819
235,2026-09-21T07:59:19.470+00:00,2026-09-21T08:04:19.277+00:00,2026-09-21T08:04:19.858+00:00,False,12,11.0,,11.0,299806.65842,300388.184692,300388.18458299997,25032.34871525,0.0313,299806.65842,86531.46868219002,134958.0127616,52.86602472727272,20.98981009313476,0.0366192831827881,38,64,,True,False,Request timeout: 300.0s exceeded,45,59.56268577710819
236,2026-09-21T07:59:19.475+00:00,2026-09-21T08:04:19.977+00:00,2026-09-21T08:04:19.977+00:00,False,1,0.0,,0.0,300501.760654,300501.760654,300501.760654,300501.760654,300501.760654,300501.760654,nan,300501.760654,nan,nan,0.0,38,64,,True,False,TTFT timeout: 300.0s exceeded (TTFT: 300.076s),0,59.56268577710819
237,2026-09-21T07:59:19.637+00:00,2026-09-21T08:04:20.392+00:00,2026-09-21T08:04:20.392+00:00,False,1,0.0,,0.0,300755.22103899997,300755.22103899997,300755.22103899997,300755.22103899997,300755.22103899997,300755.22103899997,nan,300755.22103899997,nan,nan,0.0,38,64,,True,False,"HTTPConnectionPool(host='gpu06', port=9004): Read timed out.",0,59.56268577710819
238,2026-09-21T07:59:19.885+00:00,2026-09-21T08:04:20.393+00:00,2026-09-21T08:04:20.393+00:00,False,1,0.0,,0.0,300508.259157,300508.259157,300508.259157,300508.259157,300508.259157,300508.259157,nan,300508.259157,nan,nan,0.0,38,64,,True,False,"HTTPConnectionPool(host='gpu06', port=9004): Read timed out.",0,59.56268577710819
239,2026-09-21T07:59:20.070+00:00,2026-09-21T08:04:21.214+00:00,2026-09-21T08:04:21.404+00:00,False,5,4.0,,4.0,301143.166658,301333.08358599996,301333.08359199995,60266.61671839999,0.036840000000000005,301143.166658,134654.0898324243,240934.9099688,47.479232,41.81656937292157,0.013274347285064722,38,64,,True,False,Request timeout: 300.0s exceeded,9,59.56268577710819
240,2026-09-21T07:59:20.470+00:00,2026-09-21T08:04:21.525+00:00,2026-09-21T08:04:21.525+00:00,False,1,0.0,,0.0,301054.661249,301054.661249,301054.661249,301054.661249,301054.661249,301054.661249,nan,301054.661249,nan,nan,0.0,38,64,,True,False,"HTTPConnectionPool(host='gpu06', port=9004): Read timed out.",0,59.56268577710819
243,2026-09-21T07:59:21.443+00:00,2026-09-21T08:04:21.526+00:00,2026-09-21T08:04:21.526+00:00,False,1,0.0,,0.0,300083.35378299997,300083.35378299997,300083.35378299997,300083.35378299997,300083.35378299997,300083.35378299997,nan,300083.35378299997,nan,nan,0.0,38,64,,True,False,"HTTPConnectionPool(host='gpu06', port=9004): Read timed out.",0,59.56268577710819
244,2026-09-21T07:59:21.724+00:00,2026-09-21T08:04:21.897+00:00,2026-09-21T08:04:21.897+00:00,False,1,0.0,,0.0,300173.443436,300173.443436,300173.443436,300173.443436,300173.443436,300173.443436,nan,300173.443436,nan,nan,0.0,38,64,,True,False,"HTTPConnectionPool(host='gpu06', port=9004): Read timed out.",0,59.56268577710819
248,2026-09-21T07:59:22.984+00:00,2026-09-21T08:04:23.276+00:00,2026-09-21T08:04:23.276+00:00,False,1,0.0,,0.0,300291.682754,300291.682754,300291.682754,300291.682754,300291.682754,300291.682754,nan,300291.682754,nan,nan,0.0,38,64,,True,False,"HTTPConnectionPool(host='gpu06', port=9004): Read timed out.",0,59.56268577710819
245,2026-09-21T07:59:21.954+00:00,2026-09-21T08:04:23.278+00:00,2026-09-21T08:04:23.278+00:00,False,1,0.0,,0.0,301323.824665,301323.824665,301323.824665,301323.824665,301323.824665,301323.824665,nan,301323.824665,nan,nan,0.0,38,64,,True,False,"HTTPConnectionPool(host='gpu06', port=9004): Read timed out.",0,59.56268577710819
247,2026-09-21T07:59:22.593+00:00,2026-09-21T08:04:23.279+00:00,2026-09-21T08:04:23.279+00:00,False,1,0.0,,0.0,300686.493999,300686.493999,300686.493999,300686.493999,300686.493999,300686.493999,nan,300686.493999,nan,nan,0.0,38,64,,True,False,"HTTPConnectionPool(host='gpu06', port=9004): Read timed out.",0,59.56268577710819
246,2026-09-21T07:59:22.295+00:00,2026-09-21T08:04:23.305+00:00,2026-09-21T08:04:23.305+00:00,False,1,0.0,,0.0,301009.644786,301009.644786,301009.644786,301009.644786,301009.644786,301009.644786,nan,301009.644786,nan,nan,0.0,38,64,,True,False,"HTTPConnectionPool(host='gpu06', port=9004): Read timed out.",0,59.56268577710819
241,2026-09-21T07:59:20.895+00:00,2026-09-21T08:04:23.305+00:00,2026-09-21T08:04:23.305+00:00,False,1,0.0,,0.0,302409.533709,302409.533709,302409.533709,302409.533709,302409.533709,302409.533709,nan,302409.533709,nan,nan,0.0,38,64,,True,False,"HTTPConnectionPool(host='gpu06', port=9004): Read timed out.",0,59.56268577710819
242,2026-09-21T07:59:21.163+00:00,2026-09-21T08:04:23.322+00:00,2026-09-21T08:04:23.322+00:00,False,1,0.0,,0.0,302158.895876,302158.895876,302158.895876,302158.895876,302158.895876,302158.895876,nan,302158.895876,nan,nan,0.0,38,64,,True,False,"HTTPConnectionPool(host='gpu06', port=9004): Read timed out.",0,59.56268577710819
249,2026-09-21T07:59:23.333+00:00,2026-09-21T08:04:23.368+00:00,2026-09-21T08:04:23.368+00:00,False,1,0.0,,0.0,300034.486986,300034.486986,300034.486986,300034.486986,300034.486986,300034.486986,nan,300034.486986,nan,nan,0.0,38,64,,True,False,"HTTPConnectionPool(host='gpu06', port=9004): Read timed out.",0,59.56268577710819
250,2026-09-21T07:59:23.585+00:00,2026-09-21T08:04:23.597+00:00,2026-09-21T08:04:23.597+00:00,False,1,0.0,,0.0,300012.507879,300012.507879,300012.507879,300012.507879,300012.507879,300012.507879,nan,300012.507879,nan,nan,0.0,38,64,,True,False,"HTTPConnectionPool(host='gpu06', port=9004): Read timed out.",0,59.56268577710819
251,2026-09-21T07:59:23.837+00:00,2026-09-21T08:04:23.880+00:00,2026-09-21T08:04:23.880+00:00,False,1,0.0,,0.0,300043.24738200003,300043.24738200003,300043.24738200003,300043.24738200003,300043.24738200003,300043.24738200003,nan,300043.24738200003,nan,nan,0.0,38,64,,True,False,"HTTPConnectionPool(host='gpu06', port=9004): Read timed out.",0,59.56268577710819
252,2026-09-21T07:59:24.110+00:00,2026-09-21T08:04:24.178+00:00,2026-09-21T08:04:24.178+00:00,False,1,0.0,,0.0,300067.492954,300067.492954,300067.492954,300067.492954,300067.492954,300067.492954,nan,300067.492954,nan,nan,0.0,38,64,,True,False,"HTTPConnectionPool(host='gpu06', port=9004): Read timed out.",0,59.56268577710819
253,2026-09-21T07:59:24.536+00:00,2026-09-21T08:04:24.642+00:00,2026-09-21T08:04:24.642+00:00,False,1,0.0,,0.0,300105.73298699997,300105.73298699997,300105.73298699997,300105.73298699997,300105.73298699997,300105.73298699997,nan,300105.73298699997,nan,nan,0.0,38,64,,True,False,"HTTPConnectionPool(host='gpu06', port=9004): Read timed out.",0,59.56268577710819
254,2026-09-21T07:59:24.782+00:00,2026-09-21T08:04:24.874+00:00,2026-09-21T08:04:24.874+00:00,False,1,0.0,,0.0,300091.53941,300091.53941,300091.53941,300091.53941,300091.53941,300091.53941,nan,300091.53941,nan,nan,0.0,38,64,,True,False,TTFT timeout: 300.0s exceeded (TTFT: 300.090s),0,59.56268577710819
255,2026-09-21T07:59:25.205+00:00,2026-09-21T08:04:25.278+00:00,2026-09-21T08:04:25.278+00:00,False,1,0.0,,0.0,300073.612951,300073.612951,300073.612951,300073.612951,300073.612951,300073.612951,nan,300073.612951,nan,nan,0.0,38,64,,True,False,"HTTPConnectionPool(host='gpu06', port=9004): Read timed out.",0,59.56268577710819
256,2026-09-21T07:59:25.581+00:00,2026-09-21T08:04:25.530+00:00,2026-09-21T08:04:25.639+00:00,False,3,2.0,,2.0,299948.60012300004,300058.199611,300058.19960600004,100019.39986866667,0.02711,299948.60012300004,173143.77504199842,269964.697348,54.799744,77.46016508014509,0.006665373592832424,38,64,,True,False,Request timeout: 300.0s exceeded,7,59.56268577710819
257,2026-09-21T07:59:25.898+00:00,2026-09-21T08:04:26.002+00:00,2026-09-21T08:04:26.002+00:00,False,1,0.0,,0.0,300104.22821499995,300104.22821499995,300104.22821499995,300104.22821499995,300104.22821499995,300104.22821499995,nan,300104.22821499995,nan,nan,0.0,38,64,,True,False,"HTTPConnectionPool(host='gpu06', port=9004): Read timed out.",0,59.56268577710819
258,2026-09-21T07:59:26.160+00:00,2026-09-21T08:04:26.240+00:00,2026-09-21T08:04:26.240+00:00,False,1,0.0,,0.0,300079.97977700003,300079.97977700003,300079.97977700003,300079.97977700003,300079.97977700003,300079.97977700003,nan,300079.97977700003,nan,nan,0.0,38,64,,True,False,"HTTPConnectionPool(host='gpu06', port=9004): Read timed out.",0,59.56268577710819
259,2026-09-21T07:59:26.402+00:00,2026-09-21T08:04:26.463+00:00,2026-09-21T08:04:26.463+00:00,False,1,0.0,,0.0,300061.255041,300061.255041,300061.255041,300061.255041,300061.255041,300061.255041,nan,300061.255041,nan,nan,0.0,38,64,,True,False,"HTTPConnectionPool(host='gpu06', port=9004): Read timed out.",0,59.56268577710819
260,2026-09-21T07:59:26.694+00:00,2026-09-21T08:04:26.804+00:00,2026-09-21T08:04:26.804+00:00,False,1,0.0,,0.0,300110.194982,300110.194982,300110.194982,300110.194982,300110.194982,300110.194982,nan,300110.194982,nan,nan,0.0,38,64,,True,False,"HTTPConnectionPool(host='gpu06', port=9004): Read timed out.",0,59.56268577710819
261,2026-09-21T07:59:26.999+00:00,2026-09-21T08:04:27.081+00:00,2026-09-21T08:04:27.081+00:00,False,1,0.0,,0.0,300082.531371,300082.531371,300082.531371,300082.531371,300082.531371,300082.531371,nan,300082.531371,nan,nan,0.0,38,64,,True,False,"HTTPConnectionPool(host='gpu06', port=9004): Read timed out.",0,59.56268577710819
262,2026-09-21T07:59:27.327+00:00,2026-09-21T08:04:27.435+00:00,2026-09-21T08:04:27.435+00:00,False,1,0.0,,0.0,300107.700539,300107.700539,300107.700539,300107.700539,300107.700539,300107.700539,nan,300107.700539,nan,nan,0.0,38,64,,True,False,"HTTPConnectionPool(host='gpu06', port=9004): Read timed out.",0,59.56268577710819
263,2026-09-21T07:59:27.572+00:00,2026-09-21T08:04:27.516+00:00,2026-09-21T08:04:27.660+00:00,False,3,2.0,,2.0,299943.69206000003,300087.534876,300087.53487300006,100029.178291,0.02062,299943.69206000003,173131.06243925402,269963.70507330005,71.921408,101.68326752481141,0.006664722014616253,38,64,,True,False,Request timeout: 300.0s exceeded,10,59.56268577710819
264,2026-09-21T07:59:27.905+00:00,2026-09-21T08:04:28.015+00:00,2026-09-21T08:04:28.015+00:00,False,1,0.0,,0.0,300109.904291,300109.904291,300109.904291,300109.904291,300109.904291,300109.904291,nan,300109.904291,nan,nan,0.0,38,64,,True,False,"HTTPConnectionPool(host='gpu06', port=9004): Read timed out.",0,59.56268577710819
265,2026-09-21T07:59:28.323+00:00,2026-09-21T08:04:28.431+00:00,2026-09-21T08:04:28.431+00:00,False,1,0.0,,0.0,300108.368553,300108.368553,300108.368553,300108.368553,300108.368553,300108.368553,nan,300108.368553,nan,nan,0.0,38,64,,True,False,"HTTPConnectionPool(host='gpu06', port=9004): Read timed out.",0,59.56268577710819
266,2026-09-21T07:59:28.684+00:00,2026-09-21T08:04:28.785+00:00,2026-09-21T08:04:28.785+00:00,False,1,0.0,,0.0,300100.874288,300100.874288,300100.874288,300100.874288,300100.874288,300100.874288,nan,300100.874288,nan,nan,0.0,38,64,,True,False,"HTTPConnectionPool(host='gpu06', port=9004): Read timed out.",0,59.56268577710819
267,2026-09-21T07:59:28.922+00:00,2026-09-21T08:04:29.024+00:00,2026-09-21T08:04:29.024+00:00,False,1,0.0,,0.0,300101.796783,300101.796783,300101.796783,300101.796783,300101.796783,300101.796783,nan,300101.796783,nan,nan,0.0,38,64,,True,False,"HTTPConnectionPool(host='gpu06', port=9004): Read timed out.",0,59.56268577710819
268,2026-09-21T07:59:29.304+00:00,2026-09-21T08:04:29.417+00:00,2026-09-21T08:04:29.417+00:00,False,1,0.0,,0.0,300112.318828,300112.318828,300112.318828,300112.318828,300112.318828,300112.318828,nan,300112.318828,nan,nan,0.0,38,64,,True,False,"HTTPConnectionPool(host='gpu06', port=9004): Read timed out.",0,59.56268577710819
269,2026-09-21T07:59:29.695+00:00,2026-09-21T08:04:29.607+00:00,2026-09-21T08:04:29.750+00:00,False,4,3.0,,3.0,299911.975177,300054.522633,300054.52254,75013.630635,0.10845999999999999,299911.975177,149932.23547063532,254940.39276324998,47.51581866666666,50.970602019495956,0.009998182909141928,38,64,,True,False,Request timeout: 300.0s exceeded,12,59.56268577710819
270,2026-09-21T07:59:30.059+00:00,2026-09-21T08:04:30.157+00:00,2026-09-21T08:04:30.157+00:00,False,1,0.0,,0.0,300098.781396,300098.781396,300098.781396,300098.781396,300098.781396,300098.781396,nan,300098.781396,nan,nan,0.0,38,64,,True,False,"HTTPConnectionPool(host='gpu06', port=9004): Read timed out.",0,59.56268577710819
271,2026-09-21T07:59:30.458+00:00,2026-09-21T08:04:30.539+00:00,2026-09-21T08:04:30.539+00:00,False,1,0.0,,0.0,300081.675239,300081.675239,300081.675239,300081.675239,300081.675239,300081.675239,nan,300081.675239,nan,nan,0.0,38,64,,True,False,"HTTPConnectionPool(host='gpu06', port=9004): Read timed out.",0,59.56268577710819
272,2026-09-21T07:59:30.873+00:00,2026-09-21T08:04:30.938+00:00,2026-09-21T08:04:30.938+00:00,False,1,0.0,,0.0,300064.648201,300064.648201,300064.648201,300064.648201,300064.648201,300064.648201,nan,300064.648201,nan,nan,0.0,38,64,,True,False,"HTTPConnectionPool(host='gpu06', port=9004): Read timed out.",0,59.56268577710819
273,2026-09-21T07:59:31.171+00:00,2026-09-21T08:04:31.257+00:00,2026-09-21T08:04:31.257+00:00,False,1,0.0,,0.0,300086.281331,300086.281331,300086.281331,300086.281331,300086.281331,300086.281331,nan,300086.281331,nan,nan,0.0,38,64,,True,False,"HTTPConnectionPool(host='gpu06', port=9004): Read timed out.",0,59.56268577710819
274,2026-09-21T07:59:31.401+00:00,2026-09-21T08:04:31.488+00:00,2026-09-21T08:04:31.488+00:00,False,1,0.0,,0.0,300087.589906,300087.589906,300087.589906,300087.589906,300087.589906,300087.589906,nan,300087.589906,nan,nan,0.0,38,64,,True,False,"HTTPConnectionPool(host='gpu06', port=9004): Read timed out.",0,59.56268577710819
275,2026-09-21T07:59:31.734+00:00,2026-09-21T08:04:31.692+00:00,2026-09-21T08:04:32.913+00:00,False,21,20.0,,20.0,299957.510111,301178.765791,301178.765777,14341.845989380952,0.040170000000000004,299957.510111,65442.777964245885,182.23203400000003,61.062784,33.07276835815571,0.06640574393574214,38,64,,True,False,Request timeout: 300.0s exceeded,20,59.56268577710819
276,2026-09-21T07:59:31.968+00:00,2026-09-21T08:04:31.875+00:00,2026-09-21T08:04:31.875+00:00,True,1,1.0,,1.0,299906.598774,299906.598774,299906.598774,299906.598774,299906.598774,299906.598774,nan,299906.598774,nan,nan,0.0033343714479372555,38,64,,True,True,,3,59.56268577710819
279,2026-09-21T07:59:32.932+00:00,2026-09-21T08:04:33.050+00:00,2026-09-21T08:04:33.050+00:00,False,1,0.0,,0.0,300118.137024,300118.137024,300118.137024,300118.137024,300118.137024,300118.137024,nan,300118.137024,nan,nan,0.0,38,64,,True,False,"HTTPConnectionPool(host='gpu06', port=9004): Read timed out.",0,59.56268577710819
280,2026-09-21T07:59:33.225+00:00,2026-09-21T08:04:33.262+00:00,2026-09-21T08:04:33.262+00:00,False,1,0.0,,0.0,300037.345883,300037.345883,300037.345883,300037.345883,300037.345883,300037.345883,nan,300037.345883,nan,nan,0.0,38,64,,True,False,"HTTPConnectionPool(host='gpu06', port=9004): Read timed out.",0,59.56268577710819
277,2026-09-21T07:59:32.318+00:00,2026-09-21T08:04:33.453+00:00,2026-09-21T08:04:33.453+00:00,False,1,0.0,,0.0,301134.970016,301134.970016,301134.970016,301134.970016,301134.970016,301134.970016,nan,301134.970016,nan,nan,0.0,38,64,,True,False,"HTTPConnectionPool(host='gpu06', port=9004): Read timed out.",0,59.56268577710819
284,2026-09-21T07:59:34.824+00:00,2026-09-21T08:04:34.062+00:00,2026-09-21T08:04:35.052+00:00,False,16,15.0,,15.0,299238.404559,300227.510479,300227.51038,18764.21939875,0.027960000000000002,299238.404559,74793.13058560767,74977.395561,65.94039466666666,48.27841469090731,0.049962110321163274,38,64,,True,False,Request timeout: 300.0s exceeded,60,59.56268577710819
285,2026-09-21T07:59:35.071+00:00,2026-09-21T08:04:34.282+00:00,2026-09-21T08:04:34.282+00:00,True,1,1.0,,1.0,299211.077652,299211.077652,299211.077652,299211.077652,299211.077652,299211.077652,nan,299211.077652,nan,nan,0.003342122249775319,38,64,,True,True,,5,59.56268577710819
281,2026-09-21T07:59:34.769+00:00,2026-09-21T08:04:34.282+00:00,2026-09-21T08:04:35.055+00:00,False,15,14.0,,14.0,299513.199789,300285.58455699997,300285.58439499995,20019.038959666665,0.03663,299513.199789,77319.73376957948,89928.27795809999,55.170340571428575,22.489746938399563,0.04662228465163811,38,64,,True,False,Request timeout: 300.0s exceeded,107,59.56268577710819
278,2026-09-21T07:59:32.696+00:00,2026-09-21T08:04:34.287+00:00,2026-09-21T08:04:35.265+00:00,False,19,18.0,,18.0,301590.79746100004,302568.92098100006,302568.92107100005,15924.680056368423,0.03481,301590.79746100004,69177.21000039054,30245.513911900005,54.34019555555555,18.630052539809636,0.059490578019843345,38,64,,True,False,Request timeout: 300.0s exceeded,90,59.56268577710819
282,2026-09-21T07:59:34.783+00:00,2026-09-21T08:04:35.380+00:00,2026-09-21T08:04:35.380+00:00,False,1,0.0,,0.0,300597.633271,300597.633271,300597.633271,300597.633271,300597.633271,300597.633271,nan,300597.633271,nan,nan,0.0,38,64,,True,False,"HTTPConnectionPool(host='gpu06', port=9004): Read timed out.",0,59.56268577710819
283,2026-09-21T07:59:34.798+00:00,2026-09-21T08:04:35.676+00:00,2026-09-21T08:04:35.676+00:00,False,1,0.0,,0.0,300877.32807499997,300877.32807499997,300877.32807499997,300877.32807499997,300877.32807499997,300877.32807499997,nan,300877.32807499997,nan,nan,0.0,38,64,,True,False,"HTTPConnectionPool(host='gpu06', port=9004): Read timed out.",0,59.56268577710819
286,2026-09-21T07:59:35.394+00:00,2026-09-21T08:04:35.676+00:00,2026-09-21T08:04:35.676+00:00,False,1,0.0,,0.0,300282.044223,300282.044223,300282.044223,300282.044223,300282.044223,300282.044223,nan,300282.044223,nan,nan,0.0,38,64,,True,False,"HTTPConnectionPool(host='gpu06', port=9004): Read timed out.",0,59.56268577710819
287,2026-09-21T07:59:35.733+00:00,2026-09-21T08:04:35.777+00:00,2026-09-21T08:04:35.777+00:00,False,1,0.0,,0.0,300044.109315,300044.109315,300044.109315,300044.109315,300044.109315,300044.109315,nan,300044.109315,nan,nan,0.0,38,64,,True,False,"HTTPConnectionPool(host='gpu06', port=9004): Read timed out.",0,59.56268577710819
288,2026-09-21T07:59:36.140+00:00,2026-09-21T08:04:36.277+00:00,2026-09-21T08:04:36.277+00:00,False,1,0.0,,0.0,300136.798329,300136.798329,300136.798329,300136.798329,300136.798329,300136.798329,nan,300136.798329,nan,nan,0.0,38,64,,True,False,"HTTPConnectionPool(host='gpu06', port=9004): Read timed out.",0,59.56268577710819
289,2026-09-21T07:59:36.492+00:00,2026-09-21T08:04:36.607+00:00,2026-09-21T08:04:36.607+00:00,False,1,0.0,,0.0,300114.978648,300114.978648,300114.978648,300114.978648,300114.978648,300114.978648,nan,300114.978648,nan,nan,0.0,38,64,,True,False,"HTTPConnectionPool(host='gpu06', port=9004): Read timed out.",0,59.56268577710819
290,2026-09-21T07:59:36.855+00:00,2026-09-21T08:04:36.969+00:00,2026-09-21T08:04:36.969+00:00,False,1,0.0,,0.0,300114.573324,300114.573324,300114.573324,300114.573324,300114.573324,300114.573324,nan,300114.573324,nan,nan,0.0,38,64,,True,False,"HTTPConnectionPool(host='gpu06', port=9004): Read timed out.",0,59.56268577710819
291,2026-09-21T07:59:37.142+00:00,2026-09-21T08:04:37.243+00:00,2026-09-21T08:04:37.243+00:00,False,1,0.0,,0.0,300101.768492,300101.768492,300101.768492,300101.768492,300101.768492,300101.768492,nan,300101.768492,nan,nan,0.0,38,64,,True,False,"HTTPConnectionPool(host='gpu06', port=9004): Read timed out.",0,59.56268577710819
292,2026-09-21T07:59:37.419+00:00,2026-09-21T08:04:37.513+00:00,2026-09-21T08:04:37.513+00:00,False,1,0.0,,0.0,300094.00286199996,300094.00286199996,300094.00286199996,300094.00286199996,300094.00286199996,300094.00286199996,nan,300094.00286199996,nan,nan,0.0,38,64,,True,False,"HTTPConnectionPool(host='gpu06', port=9004): Read timed out.",0,59.56268577710819
293,2026-09-21T07:59:37.778+00:00,2026-09-21T08:04:37.880+00:00,2026-09-21T08:04:37.880+00:00,False,1,0.0,,0.0,300102.359617,300102.359617,300102.359617,300102.359617,300102.359617,300102.359617,nan,300102.359617,nan,nan,0.0,38,64,,True,False,"HTTPConnectionPool(host='gpu06', port=9004): Read timed out.",0,59.56268577710819
294,2026-09-21T07:59:38.091+00:00,2026-09-21T08:04:38.080+00:00,2026-09-21T08:04:38.080+00:00,True,1,1.0,,1.0,299988.094998,299988.094998,299988.094998,299988.094998,299988.094998,299988.094998,nan,299988.094998,nan,nan,0.0033334656163827663,38,64,,True,True,,1,59.56268577710819
295,2026-09-21T07:59:38.379+00:00,2026-09-21T08:04:38.299+00:00,2026-09-21T08:04:38.398+00:00,False,4,3.0,,3.0,299919.85435900005,300018.70491900004,300018.70491300005,75004.67622825001,0.07597,299919.85435900005,149943.4539280315,254939.91253555004,32.95018666666667,28.77626136195495,0.009999376541572465,38,64,,True,False,Request timeout: 300.0s exceeded,9,59.56268577710819
296,2026-09-21T07:59:38.788+00:00,2026-09-21T08:04:38.898+00:00,2026-09-21T08:04:38.898+00:00,False,1,0.0,,0.0,300110.46069599997,300110.46069599997,300110.46069599997,300110.46069599997,300110.46069599997,300110.46069599997,nan,300110.46069599997,nan,nan,0.0,38,64,,True,False,"HTTPConnectionPool(host='gpu06', port=9004): Read timed out.",0,59.56268577710819
297,2026-09-21T07:59:39.120+00:00,2026-09-21T08:04:39.151+00:00,2026-09-21T08:04:39.151+00:00,False,1,0.0,,0.0,300030.762162,300030.762162,300030.762162,300030.762162,300030.762162,300030.762162,nan,300030.762162,nan,nan,0.0,38,64,,True,False,"HTTPConnectionPool(host='gpu06', port=9004): Read timed out.",0,59.56268577710819
298,2026-09-21T07:59:39.415+00:00,2026-09-21T08:04:39.509+00:00,2026-09-21T08:04:39.509+00:00,False,1,0.0,,0.0,300093.510054,300093.510054,300093.510054,300093.510054,300093.510054,300093.510054,nan,300093.510054,nan,nan,0.0,38,64,,True,False,"HTTPConnectionPool(host='gpu06', port=9004): Read timed out.",0,59.56268577710819
299,2026-09-21T07:59:39.736+00:00,2026-09-21T08:04:39.846+00:00,2026-09-21T08:04:39.846+00:00,False,1,0.0,,0.0,300109.74222500005,300109.74222500005,300109.74222500005,300109.74222500005,300109.74222500005,300109.74222500005,nan,300109.74222500005,nan,nan,0.0,38,64,,True,False,"HTTPConnectionPool(host='gpu06', port=9004): Read timed out.",0,59.56268577710819
300,2026-09-21T07:59:40.160+00:00,2026-09-21T08:04:40.155+00:00,2026-09-21T08:04:40.463+00:00,False,3,2.0,,2.0,299995.366339,300303.144899,300303.14502,100101.04834,0.039619999999999995,299995.366339,173113.62582405377,270026.60361119994,153.88928,217.57619088567571,0.006659936913656544,38,64,,True,False,Request timeout: 300.0s exceeded,2,59.56268577710819
301,2026-09-21T07:59:40.580+00:00,2026-09-21T08:04:40.625+00:00,2026-09-21T08:04:40.625+00:00,False,1,0.0,,0.0,300045.686953,300045.686953,300045.686953,300045.686953,300045.686953,300045.686953,nan,300045.686953,nan,nan,0.0,38,64,,True,False,TTFT timeout: 300.0s exceeded (TTFT: 300.035s),0,59.56268577710819
302,2026-09-21T07:59:40.967+00:00,2026-09-21T08:04:41.074+00:00,2026-09-21T08:04:41.074+00:00,False,1,0.0,,0.0,300106.317802,300106.317802,300106.317802,300106.317802,300106.317802,300106.317802,nan,300106.317802,nan,nan,0.0,38,64,,True,False,"HTTPConnectionPool(host='gpu06', port=9004): Read timed out.",0,59.56268577710819
303,2026-09-21T07:59:41.248+00:00,2026-09-21T08:04:41.349+00:00,2026-09-21T08:04:41.349+00:00,False,1,0.0,,0.0,300101.47702999995,300101.47702999995,300101.47702999995,300101.47702999995,300101.47702999995,300101.47702999995,nan,300101.47702999995,nan,nan,0.0,38,64,,True,False,"HTTPConnectionPool(host='gpu06', port=9004): Read timed out.",0,59.56268577710819
304,2026-09-21T07:59:41.638+00:00,2026-09-21T08:04:41.739+00:00,2026-09-21T08:04:41.739+00:00,False,1,0.0,,0.0,300101.322182,300101.322182,300101.322182,300101.322182,300101.322182,300101.322182,nan,300101.322182,nan,nan,0.0,38,64,,True,False,"HTTPConnectionPool(host='gpu06', port=9004): Read timed out.",0,59.56268577710819
305,2026-09-21T07:59:41.957+00:00,2026-09-21T08:04:42.066+00:00,2026-09-21T08:04:42.066+00:00,False,1,0.0,,0.0,300109.54648400005,300109.54648400005,300109.54648400005,300109.54648400005,300109.54648400005,300109.54648400005,nan,300109.54648400005,nan,nan,0.0,38,64,,True,False,"HTTPConnectionPool(host='gpu06', port=9004): Read timed out.",0,59.56268577710819
306,2026-09-21T07:59:42.254+00:00,2026-09-21T08:04:42.349+00:00,2026-09-21T08:04:42.349+00:00,False,1,0.0,,0.0,300094.32011000003,300094.32011000003,300094.32011000003,300094.32011000003,300094.32011000003,300094.32011000003,nan,300094.32011000003,nan,nan,0.0,38,64,,True,False,"HTTPConnectionPool(host='gpu06', port=9004): Read timed out.",0,59.56268577710819
307,2026-09-21T07:59:42.622+00:00,2026-09-21T08:04:42.721+00:00,2026-09-21T08:04:42.721+00:00,False,1,0.0,,0.0,300099.302155,300099.302155,300099.302155,300099.302155,300099.302155,300099.302155,nan,300099.302155,nan,nan,0.0,38,64,,True,False,"HTTPConnectionPool(host='gpu06', port=9004): Read timed out.",0,59.56268577710819
308,2026-09-21T07:59:42.965+00:00,2026-09-21T08:04:43.069+00:00,2026-09-21T08:04:43.069+00:00,False,1,0.0,,0.0,300104.29721399996,300104.29721399996,300104.29721399996,300104.29721399996,300104.29721399996,300104.29721399996,nan,300104.29721399996,nan,nan,0.0,38,64,,True,False,"HTTPConnectionPool(host='gpu06', port=9004): Read timed out.",0,59.56268577710819
309,2026-09-21T07:59:43.237+00:00,2026-09-21T08:04:43.348+00:00,2026-09-21T08:04:43.348+00:00,False,1,0.0,,0.0,300110.809653,300110.809653,300110.809653,300110.809653,300110.809653,300110.809653,nan,300110.809653,nan,nan,0.0,38,64,,True,False,"HTTPConnectionPool(host='gpu06', port=9004): Read timed out.",0,59.56268577710819
310,2026-09-21T07:59:43.624+00:00,2026-09-21T08:04:43.652+00:00,2026-09-21T08:04:43.652+00:00,False,1,0.0,,0.0,300028.4895,300028.4895,300028.4895,300028.4895,300028.4895,300028.4895,nan,300028.4895,nan,nan,0.0,38,64,,True,False,"HTTPConnectionPool(host='gpu06', port=9004): Read timed out.",0,59.56268577710819
311,2026-09-21T07:59:43.948+00:00,2026-09-21T08:04:44.038+00:00,2026-09-21T08:04:44.038+00:00,False,1,0.0,,0.0,300090.212699,300090.212699,300090.212699,300090.212699,300090.212699,300090.212699,nan,300090.212699,nan,nan,0.0,38,64,,True,False,"HTTPConnectionPool(host='gpu06', port=9004): Read timed out.",0,59.56268577710819
312,2026-09-21T07:59:44.314+00:00,2026-09-21T08:04:44.408+00:00,2026-09-21T08:04:44.408+00:00,False,1,0.0,,0.0,300094.593603,300094.593603,300094.593603,300094.593603,300094.593603,300094.593603,nan,300094.593603,nan,nan,0.0,38,64,,True,False,TTFT timeout: 300.0s exceeded (TTFT: 300.087s),0,59.56268577710819
313,2026-09-21T07:59:44.584+00:00,2026-09-21T08:04:44.636+00:00,2026-09-21T08:04:44.636+00:00,False,1,0.0,,0.0,300052.264706,300052.264706,300052.264706,300052.264706,300052.264706,300052.264706,nan,300052.264706,nan,nan,0.0,38,64,,True,False,TTFT timeout: 300.0s exceeded (TTFT: 300.046s),0,59.56268577710819
314,2026-09-21T07:59:44.918+00:00,2026-09-21T08:04:44.921+00:00,2026-09-21T08:04:44.952+00:00,False,3,2.0,,2.0,300002.496879,300033.393519,300033.393537,100011.13117899999,0.041710000000000004,300002.496879,173197.60391898398,270005.3326859,15.44832,21.788211356348828,0.0066659246710594824,38,64,,True,False,Request timeout: 300.0s exceeded,5,59.56268577710819
315,2026-09-21T07:59:45.279+00:00,2026-09-21T08:04:45.605+00:00,2026-09-21T08:04:47.028+00:00,False,22,21.0,,21.0,300325.481855,301748.390015,301748.389968,13715.835907636365,0.03917,300325.481855,64015.170328585205,169.25785869999999,67.75753142857144,33.62603426901651,0.06959440611748115,38,64,,True,False,Request timeout: 300.0s exceeded,63,59.56268577710819
316,2026-09-21T07:59:45.639+00:00,2026-09-21T08:04:46.203+00:00,2026-09-21T08:04:47.073+00:00,False,17,16.0,,16.0,300563.415567,301433.452047,301433.452074,17731.379533764706,0.03074,300563.415567,72884.14932312968,60172.343862199996,54.37728,17.158610115161597,0.05307970927362519,38,64,,True,False,Request timeout: 300.0s exceeded,25,59.56268577710819
317,2026-09-21T07:59:45.880+00:00,2026-09-21T08:04:46.276+00:00,2026-09-21T08:04:47.128+00:00,False,17,16.0,,16.0,300395.979422,301248.762014,301248.76189,17720.515405294118,0.0335,300395.979422,72843.80136752549,60136.8014012,53.298912,15.881567486986667,0.05311225145966386,38,64,,True,False,Request timeout: 300.0s exceeded,78,59.56268577710819
320,2026-09-21T07:59:46.949+00:00,2026-09-21T08:04:47.188+00:00,2026-09-21T08:04:47.188+00:00,False,1,0.0,,0.0,300238.398132,300238.398132,300238.398132,300238.398132,300238.398132,300238.398132,nan,300238.398132,nan,nan,0.0,38,64,,True,False,TTFT timeout: 300.0s exceeded (TTFT: 300.042s),0,59.56268577710819
321,2026-09-21T07:59:47.265+00:00,2026-09-21T08:04:47.312+00:00,2026-09-21T08:04:47.312+00:00,False,1,0.0,,0.0,300046.919897,300046.919897,300046.919897,300046.919897,300046.919897,300046.919897,nan,300046.919897,nan,nan,0.0,38,64,,True,False,"HTTPConnectionPool(host='gpu06', port=9004): Read timed out.",0,59.56268577710819
318,2026-09-21T07:59:46.167+00:00,2026-09-21T08:04:47.352+00:00,2026-09-21T08:04:47.352+00:00,False,1,0.0,,0.0,301185.66539,301185.66539,301185.66539,301185.66539,301185.66539,301185.66539,nan,301185.66539,nan,nan,0.0,38,64,,True,False,"HTTPConnectionPool(host='gpu06', port=9004): Read timed out.",0,59.56268577710819
322,2026-09-21T07:59:47.501+00:00,2026-09-21T08:04:47.546+00:00,2026-09-21T08:04:47.546+00:00,False,1,0.0,,0.0,300045.09559100005,300045.09559100005,300045.09559100005,300045.09559100005,300045.09559100005,300045.09559100005,nan,300045.09559100005,nan,nan,0.0,38,64,,True,False,"HTTPConnectionPool(host='gpu06', port=9004): Read timed out.",0,59.56268577710819
319,2026-09-21T07:59:46.578+00:00,2026-09-21T08:04:47.613+00:00,2026-09-21T08:04:47.613+00:00,False,1,0.0,,0.0,301034.40932800004,301034.40932800004,301034.40932800004,301034.40932800004,301034.40932800004,301034.40932800004,nan,301034.40932800004,nan,nan,0.0,38,64,,True,False,"HTTPConnectionPool(host='gpu06', port=9004): Read timed out.",0,59.56268577710819
323,2026-09-21T07:59:47.913+00:00,2026-09-21T08:04:47.945+00:00,2026-09-21T08:04:47.945+00:00,False,1,0.0,,0.0,300031.955161,300031.955161,300031.955161,300031.955161,300031.955161,300031.955161,nan,300031.955161,nan,nan,0.0,38,64,,True,False,"HTTPConnectionPool(host='gpu06', port=9004): Read timed out.",0,59.56268577710819
324,2026-09-21T07:59:48.244+00:00,2026-09-21T08:04:48.360+00:00,2026-09-21T08:04:48.360+00:00,False,1,0.0,,0.0,300116.60330699995,300116.60330699995,300116.60330699995,300116.60330699995,300116.60330699995,300116.60330699995,nan,300116.60330699995,nan,nan,0.0,38,64,,True,False,"HTTPConnectionPool(host='gpu06', port=9004): Read timed out.",0,59.56268577710819
325,2026-09-21T07:59:48.485+00:00,2026-09-21T08:04:48.572+00:00,2026-09-21T08:04:48.572+00:00,False,1,0.0,,0.0,300087.549023,300087.549023,300087.549023,300087.549023,300087.549023,300087.549023,nan,300087.549023,nan,nan,0.0,38,64,,True,False,"HTTPConnectionPool(host='gpu06', port=9004): Read timed out.",0,59.56268577710819
326,2026-09-21T07:59:48.765+00:00,2026-09-21T08:04:48.757+00:00,2026-09-21T08:04:49.024+00:00,False,3,2.0,,2.0,299992.66607599996,300259.55810799997,300259.55801999994,100086.51933999998,0.036899999999999995,299992.66607599996,173123.85284849358,270020.08497279993,133.446016,188.6690321030937,0.006660903694798027,38,64,,True,False,Request timeout: 300.0s exceeded,18,59.56268577710819
327,2026-09-21T07:59:49.043+00:00,2026-09-21T08:04:49.023+00:00,2026-09-21T08:04:49.023+00:00,True,1,1.0,,1.0,299980.114335,299980.114335,299980.114335,299980.114335,299980.114335,299980.114335,nan,299980.114335,nan,nan,0.0033335542998135514,38,64,,True,True,,3,59.56268577710819
328,2026-09-21T07:59:49.417+00:00,2026-09-21T08:04:49.407+00:00,2026-09-21T08:04:49.461+00:00,False,3,2.0,,2.0,299989.44272899994,300043.77258499997,300043.7726549999,100014.59088499998,0.03432,299989.44272899994,173183.3039400568,269995.92801669997,27.164928,38.368496416444984,0.006665694084463681,38,64,,True,False,Request timeout: 300.0s exceeded,11,59.56268577710819
329,2026-09-21T07:59:49.732+00:00,2026-09-21T08:04:49.831+00:00,2026-09-21T08:04:49.831+00:00,False,1,0.0,,0.0,300099.415316,300099.415316,300099.415316,300099.415316,300099.415316,300099.415316,nan,300099.415316,nan,nan,0.0,38,64,,True,False,"HTTPConnectionPool(host='gpu06', port=9004): Read timed out.",0,59.56268577710819
330,2026-09-21T07:59:50.137+00:00,2026-09-21T08:04:50.182+00:00,2026-09-21T08:04:50.182+00:00,False,1,0.0,,0.0,300045.45140799996,300045.45140799996,300045.45140799996,300045.45140799996,300045.45140799996,300045.45140799996,nan,300045.45140799996,nan,nan,0.0,38,64,,True,False,"HTTPConnectionPool(host='gpu06', port=9004): Read timed out.",0,59.56268577710819
331,2026-09-21T07:59:50.475+00:00,2026-09-21T08:04:50.589+00:00,2026-09-21T08:04:50.589+00:00,False,1,0.0,,0.0,300114.302953,300114.302953,300114.302953,300114.302953,300114.302953,300114.302953,nan,300114.302953,nan,nan,0.0,38,64,,True,False,"HTTPConnectionPool(host='gpu06', port=9004): Read timed out.",0,59.56268577710819
332,2026-09-21T07:59:50.854+00:00,2026-09-21T08:04:50.904+00:00,2026-09-21T08:04:50.904+00:00,False,1,0.0,,0.0,300050.447161,300050.447161,300050.447161,300050.447161,300050.447161,300050.447161,nan,300050.447161,nan,nan,0.0,38,64,,True,False,TTFT timeout: 300.0s exceeded (TTFT: 300.045s),0,59.56268577710819
333,2026-09-21T07:59:51.112+00:00,2026-09-21T08:04:51.219+00:00,2026-09-21T08:04:51.219+00:00,False,1,0.0,,0.0,300106.825359,300106.825359,300106.825359,300106.825359,300106.825359,300106.825359,nan,300106.825359,nan,nan,0.0,38,64,,True,False,"HTTPConnectionPool(host='gpu06', port=9004): Read timed out.",0,59.56268577710819
334,2026-09-21T07:59:51.448+00:00,2026-09-21T08:04:51.462+00:00,2026-09-21T08:04:51.462+00:00,False,1,0.0,,0.0,300014.51360500004,300014.51360500004,300014.51360500004,300014.51360500004,300014.51360500004,300014.51360500004,nan,300014.51360500004,nan,nan,0.0,38,64,,True,False,TTFT timeout: 300.0s exceeded (TTFT: 300.010s),0,59.56268577710819
335,2026-09-21T07:59:51.819+00:00,2026-09-21T08:04:51.927+00:00,2026-09-21T08:04:51.927+00:00,False,1,0.0,,0.0,300107.920003,300107.920003,300107.920003,300107.920003,300107.920003,300107.920003,nan,300107.920003,nan,nan,0.0,38,64,,True,False,"HTTPConnectionPool(host='gpu06', port=9004): Read timed out.",0,59.56268577710819
336,2026-09-21T07:59:52.105+00:00,2026-09-21T08:04:52.135+00:00,2026-09-21T08:04:52.135+00:00,False,1,0.0,,0.0,300029.92740600003,300029.92740600003,300029.92740600003,300029.92740600003,300029.92740600003,300029.92740600003,nan,300029.92740600003,nan,nan,0.0,38,64,,True,False,"HTTPConnectionPool(host='gpu06', port=9004): Read timed out.",0,59.56268577710819
337,2026-09-21T07:59:52.487+00:00,2026-09-21T08:04:52.592+00:00,2026-09-21T08:04:52.592+00:00,False,1,0.0,,0.0,300105.44705400005,300105.44705400005,300105.44705400005,300105.44705400005,300105.44705400005,300105.44705400005,nan,300105.44705400005,nan,nan,0.0,38,64,,True,False,"HTTPConnectionPool(host='gpu06', port=9004): Read timed out.",0,59.56268577710819
338,2026-09-21T07:59:52.760+00:00,2026-09-21T08:04:52.864+00:00,2026-09-21T08:04:52.864+00:00,False,1,0.0,,0.0,300103.890553,300103.890553,300103.890553,300103.890553,300103.890553,300103.890553,nan,300103.890553,nan,nan,0.0,38,64,,True,False,"HTTPConnectionPool(host='gpu06', port=9004): Read timed out.",0,59.56268577710819
342,2026-09-21T07:59:54.207+00:00,2026-09-21T08:04:52.865+00:00,2026-09-21T08:04:54.507+00:00,False,25,24.0,,24.0,298658.597126,300300.03482199996,300300.03490599996,12012.001396239999,0.0343,298658.597126,59718.068583855136,284.7529308,68.39323733333333,58.868764924908334,0.07992007065275826,38,64,,True,False,Request timeout: 300.0s exceeded,57,59.56268577710819
340,2026-09-21T07:59:54.176+00:00,2026-09-21T08:04:52.866+00:00,2026-09-21T08:04:54.455+00:00,False,24,23.0,,23.0,298689.732469,300278.57368499995,300278.573682,12511.60723675,0.03836,298689.732469,60955.714169541054,298.5038791,69.08005286956522,60.52947798224519,0.07659554165901826,38,64,,True,False,Request timeout: 300.0s exceeded,106,59.56268577710819
339,2026-09-21T07:59:54.123+00:00,2026-09-21T08:04:53.200+00:00,2026-09-21T08:04:54.404+00:00,False,22,21.0,,21.0,299077.056254,300280.795134,300280.79508,13649.127049090908,0.040490000000000005,299077.056254,63751.224201295365,93.67243805,57.320899047619044,17.99438389296829,0.06993454240264939,38,64,,True,False,Request timeout: 300.0s exceeded,1,59.56268577710819
341,2026-09-21T07:59:54.181+00:00,2026-09-21T08:04:53.873+00:00,2026-09-21T08:04:54.687+00:00,False,16,15.0,,15.0,299691.849897,300505.418153,300505.418227,18781.5886391875,0.03185,299691.849897,74909.40492667735,74977.59598125001,54.237883733333334,17.576601115215386,0.04991590531776324,38,64,,True,False,Request timeout: 300.0s exceeded,30,59.56268577710819
343,2026-09-21T07:59:54.622+00:00,2026-09-21T08:04:54.688+00:00,2026-09-21T08:04:54.806+00:00,False,4,3.0,,3.0,300065.859979,300184.449931,300184.450111,75046.11252775,0.04295,300065.859979,150013.16793229312,255066.7979359,39.529984,36.52786900199725,0.009993855446841353,38,64,,True,False,Request timeout: 300.0s exceeded,6,59.56268577710819
344,2026-09-21T07:59:55.013+00:00,2026-09-21T08:04:55.204+00:00,2026-09-21T08:04:55.204+00:00,False,1,0.0,,0.0,300191.550602,300191.550602,300191.550602,300191.550602,300191.550602,300191.550602,nan,300191.550602,nan,nan,0.0,38,64,,True,False,"HTTPConnectionPool(host='gpu06', port=9004): Read timed out.",0,59.56268577710819
345,2026-09-21T07:59:55.155+00:00,2026-09-21T08:04:55.482+00:00,2026-09-21T08:04:55.482+00:00,False,1,0.0,,0.0,300327.131483,300327.131483,300327.131483,300327.131483,300327.131483,300327.131483,nan,300327.131483,nan,nan,0.0,38,64,,True,False,"HTTPConnectionPool(host='gpu06', port=9004): Read timed out.",0,59.56268577710819
346,2026-09-21T07:59:55.525+00:00,2026-09-21T08:04:55.725+00:00,2026-09-21T08:04:55.725+00:00,False,1,0.0,,0.0,300200.61156499997,300200.61156499997,300200.61156499997,300200.61156499997,300200.61156499997,300200.61156499997,nan,300200.61156499997,nan,nan,0.0,38,64,,True,False,"HTTPConnectionPool(host='gpu06', port=9004): Read timed out.",0,59.56268577710819
347,2026-09-21T07:59:55.851+00:00,2026-09-21T08:04:55.956+00:00,2026-09-21T08:04:55.956+00:00,False,1,0.0,,0.0,300105.613343,300105.613343,300105.613343,300105.613343,300105.613343,300105.613343,nan,300105.613343,nan,nan,0.0,38,64,,True,False,"HTTPConnectionPool(host='gpu06', port=9004): Read timed out.",0,59.56268577710819
348,2026-09-21T07:59:56.159+00:00,2026-09-21T08:04:56.265+00:00,2026-09-21T08:04:56.265+00:00,False,1,0.0,,0.0,300105.81738599995,300105.81738599995,300105.81738599995,300105.81738599995,300105.81738599995,300105.81738599995,nan,300105.81738599995,nan,nan,0.0,38,64,,True,False,"HTTPConnectionPool(host='gpu06', port=9004): Read timed out.",0,59.56268577710819
349,2026-09-21T07:59:56.442+00:00,2026-09-21T08:04:56.536+00:00,2026-09-21T08:04:56.536+00:00,False,1,0.0,,0.0,300094.43227600004,300094.43227600004,300094.43227600004,300094.43227600004,300094.43227600004,300094.43227600004,nan,300094.43227600004,nan,nan,0.0,38,64,,True,False,"HTTPConnectionPool(host='gpu06', port=9004): Read timed out.",0,59.56268577710819
350,2026-09-21T07:59:56.821+00:00,2026-09-21T08:04:56.919+00:00,2026-09-21T08:04:56.919+00:00,False,1,0.0,,0.0,300098.082848,300098.082848,300098.082848,300098.082848,300098.082848,300098.082848,nan,300098.082848,nan,nan,0.0,38,64,,True,False,TTFT timeout: 300.0s exceeded (TTFT: 300.093s),0,59.56268577710819
351,2026-09-21T07:59:57.154+00:00,2026-09-21T08:04:57.188+00:00,2026-09-21T08:04:57.188+00:00,False,1,0.0,,0.0,300034.300083,300034.300083,300034.300083,300034.300083,300034.300083,300034.300083,nan,300034.300083,nan,nan,0.0,38,64,,True,False,TTFT timeout: 300.0s exceeded (TTFT: 300.021s),0,59.56268577710819
352,2026-09-21T07:59:57.578+00:00,2026-09-21T08:04:57.583+00:00,2026-09-21T08:04:57.583+00:00,False,1,0.0,,0.0,300004.418282,300004.418282,300004.418282,300004.418282,300004.418282,300004.418282,nan,300004.418282,nan,nan,0.0,38,64,,True,False,TTFT timeout: 300.0s exceeded (TTFT: 300.002s),0,59.56268577710819
353,2026-09-21T07:59:57.861+00:00,2026-09-21T08:04:57.965+00:00,2026-09-21T08:04:57.965+00:00,False,1,0.0,,0.0,300104.023473,300104.023473,300104.023473,300104.023473,300104.023473,300104.023473,nan,300104.023473,nan,nan,0.0,38,64,,True,False,"HTTPConnectionPool(host='gpu06', port=9004): Read timed out.",0,59.56268577710819
354,2026-09-21T07:59:58.279+00:00,2026-09-21T08:04:58.377+00:00,2026-09-21T08:04:58.377+00:00,False,1,0.0,,0.0,300098.480751,300098.480751,300098.480751,300098.480751,300098.480751,300098.480751,nan,300098.480751,nan,nan,0.0,38,64,,True,False,"HTTPConnectionPool(host='gpu06', port=9004): Read timed out.",0,59.56268577710819
355,2026-09-21T07:59:58.661+00:00,2026-09-21T08:04:58.770+00:00,2026-09-21T08:04:58.770+00:00,False,1,0.0,,0.0,300108.642733,300108.642733,300108.642733,300108.642733,300108.642733,300108.642733,nan,300108.642733,nan,nan,0.0,38,64,,True,False,"HTTPConnectionPool(host='gpu06', port=9004): Read timed out.",0,59.56268577710819
356,2026-09-21T07:59:58.938+00:00,2026-09-21T08:04:59.020+00:00,2026-09-21T08:04:59.020+00:00,False,1,0.0,,0.0,300082.37528399995,300082.37528399995,300082.37528399995,300082.37528399995,300082.37528399995,300082.37528399995,nan,300082.37528399995,nan,nan,0.0,38,64,,True,False,"HTTPConnectionPool(host='gpu06', port=9004): Read timed out.",0,59.56268577710819
357,2026-09-21T07:59:59.191+00:00,2026-09-21T08:04:59.213+00:00,2026-09-21T08:04:59.213+00:00,False,1,0.0,,0.0,300022.26728,300022.26728,300022.26728,300022.26728,300022.26728,300022.26728,nan,300022.26728,nan,nan,0.0,38,64,,True,False,TTFT timeout: 300.0s exceeded (TTFT: 300.017s),0,59.56268577710819
358,2026-09-21T07:59:59.597+00:00,2026-09-21T08:04:59.660+00:00,2026-09-21T08:04:59.660+00:00,False,1,0.0,,0.0,300063.402977,300063.402977,300063.402977,300063.402977,300063.402977,300063.402977,nan,300063.402977,nan,nan,0.0,38,64,,True,False,"HTTPConnectionPool(host='gpu06', port=9004): Read timed out.",0,59.56268577710819
359,2026-09-21T07:59:59.934+00:00,2026-09-21T08:05:00.038+00:00,2026-09-21T08:05:00.038+00:00,False,1,0.0,,0.0,300104.239204,300104.239204,300104.239204,300104.239204,300104.239204,300104.239204,nan,300104.239204,nan,nan,0.0,38,64,,True,False,"HTTPConnectionPool(host='gpu06', port=9004): Read timed out.",0,59.56268577710819
360,2026-09-21T08:00:00.309+00:00,2026-09-21T08:05:00.415+00:00,2026-09-21T08:05:00.415+00:00,False,1,0.0,,0.0,300105.84616799996,300105.84616799996,300105.84616799996,300105.84616799996,300105.84616799996,300105.84616799996,nan,300105.84616799996,nan,nan,0.0,38,64,,True,False,"HTTPConnectionPool(host='gpu06', port=9004): Read timed out.",0,59.56268577710819
361,2026-09-21T08:00:00.583+00:00,2026-09-21T08:05:00.685+00:00,2026-09-21T08:05:00.685+00:00,False,1,0.0,,0.0,300102.067727,300102.067727,300102.067727,300102.067727,300102.067727,300102.067727,nan,300102.067727,nan,nan,0.0,38,64,,True,False,"HTTPConnectionPool(host='gpu06', port=9004): Read timed out.",0,59.56268577710819
362,2026-09-21T08:00:00.939+00:00,2026-09-21T08:05:00.976+00:00,2026-09-21T08:05:00.976+00:00,False,1,0.0,,0.0,300037.285428,300037.285428,300037.285428,300037.285428,300037.285428,300037.285428,nan,300037.285428,nan,nan,0.0,38,64,,True,False,TTFT timeout: 300.0s exceeded (TTFT: 300.032s),0,59.56268577710819
363,2026-09-21T08:00:01.271+00:00,2026-09-21T08:05:01.385+00:00,2026-09-21T08:05:02.968+00:00,False,28,27.0,,27.0,300114.16654400004,301696.826384,301696.82658700005,10774.88666382143,0.026359999999999998,300114.16654400004,56705.17210196559,110.40857385,58.61703111111111,19.65676220503134,0.08949381511104917,38,64,,True,False,Request timeout: 300.0s exceeded,74,59.56268577710819
364,2026-09-21T08:00:01.516+00:00,2026-09-21T08:05:01.487+00:00,2026-09-21T08:05:03.023+00:00,False,28,27.0,,27.0,299970.540526,301506.854638,301506.854692,10768.101953285715,0.026199999999999998,299970.540526,56678.35298281834,99.24599054999999,56.90052266666667,17.281854718049896,0.08955020287156382,38,64,,True,False,Request timeout: 300.0s exceeded,53,59.56268577710819
365,2026-09-21T08:00:01.870+00:00,2026-09-21T08:05:02.176+00:00,2026-09-21T08:05:03.069+00:00,False,18,17.0,,17.0,300306.085633,301199.57350500004,301199.573488,16733.30963822222,0.03487,300306.085633,70770.43660496904,45104.71500005,52.55811011764706,14.897967503629353,0.05644098297409373,38,64,,True,False,Request timeout: 300.0s exceeded,73,59.56268577710819
366,2026-09-21T08:00:02.170+00:00,2026-09-21T08:05:03.313+00:00,2026-09-21T08:05:03.313+00:00,False,1,0.0,,0.0,301143.088687,301143.088687,301143.088687,301143.088687,301143.088687,301143.088687,nan,301143.088687,nan,nan,0.0,38,64,,True,False,"HTTPConnectionPool(host='gpu06', port=9004): Read timed out.",0,59.56268577710819
0,2026-09-21T07:58:02.289+00:00,2026-09-21T07:58:02.478+00:00,2026-09-21T07:58:06.169+00:00,True,65,65.0,,65.0,189.62837299999998,3880.266197,3880.266282,59.69640433846154,0.01611,247.695877,39.08730691316727,93.4465886,57.666216,35.77581162192095,16.751428046419672,39,64,,False,True,,386,59.56268577710819
2,2026-09-21T07:58:03.110+00:00,2026-09-21T07:58:03.303+00:00,2026-09-21T07:58:05.280+00:00,True,32,32.0,,32.0,192.619233,2169.744865,2169.744836,67.804526125,38.162913,192.619233,33.74296751190892,129.60563319999997,63.77824619354839,25.308109470265045,14.748277788872654,39,64,,False,True,,127,59.56268577710819
4,2026-09-21T07:58:03.496+00:00,2026-09-21T07:58:03.677+00:00,2026-09-21T07:58:04.642+00:00,True,18,18.0,,18.0,180.872042,1145.823082,1145.823067,63.656837055555556,41.36566199999999,180.872042,30.097505096713064,91.70975690000002,56.76182588235294,7.297323142272667,15.709231453586652,39,64,,False,True,,42,59.56268577710819
1,2026-09-21T07:58:02.655+00:00,2026-09-21T07:58:05.093+00:00,2026-09-21T07:58:08.122+00:00,True,49,49.0,,49.0,2438.520654,5467.260238,5467.260172,111.57673820408164,44.598135,2438.520654,339.52011140132583,80.31739199999998,63.09874133333334,10.987328188552665,8.962441491156252,39,64,,False,True,,292,59.56268577710819
5,2026-09-21T07:58:03.809+00:00,2026-09-21T07:58:05.281+00:00,2026-09-21T07:58:06.168+00:00,True,15,15.0,,15.0,1472.3122890000002,2359.6512970000003,2359.6513790000004,157.31009193333335,47.099993000000005,1472.3122890000002,363.88521428030515,495.9820992,63.38135771428572,8.888347185049835,6.35687146616562,39,64,,False,True,,45,59.56268577710819
3,2026-09-21T07:58:03.236+00:00,2026-09-21T07:58:08.433+00:00,2026-09-21T07:58:09.178+00:00,True,13,13.0,,13.0,5197.237956,5941.941188,5941.941033,457.07238715384614,42.883654,5197.237956,1424.2832239784584,2125.3901592,62.058602666666665,11.249307435798148,2.1878372048269425,39,64,,False,True,,13,59.56268577710819
6,2026-09-21T07:58:04.111+00:00,2026-09-21T07:58:10.240+00:00,2026-09-21T07:58:14.101+00:00,True,60,60.0,,60.0,6129.566424,9990.255831999999,9990.255925,166.50426541666667,0.01687,6129.566424,784.356326909937,81.959333,65.43541369491525,48.58088246248744,6.005852203285198,39,64,,False,True,,238,59.56268577710819
7,2026-09-21T07:58:04.386+00:00,2026-09-21T07:58:11.828+00:00,2026-09-21T07:58:16.186+00:00,True,70,70.0,,70.0,7442.20387,11800.592349999999,11800.592333,168.57989047142857,0.01725,7442.20387,883.2318551847411,85.47953705,63.16505043478261,47.657400607353914,5.931905613195766,39,64,,False,True,,312,59.56268577710819
8,2026-09-21T07:58:04.664+00:00,2026-09-21T07:58:13.274+00:00,2026-09-21T07:58:13.814+00:00,True,9,9.0,,9.0,8609.952402,9149.812626,9149.812608,1016.6458453333335,47.333305,8609.952402,2847.506851966445,5197.452708400001,67.482528,10.48575970708705,0.9836267001168641,39,64,,False,True,,18,59.56268577710819
9,2026-09-21T07:58:04.944+00:00,2026-09-21T07:58:14.687+00:00,2026-09-21T07:58:19.188+00:00,True,74,74.0,,74.0,9743.314349999999,14244.034989999998,14244.035036999998,192.48695995945945,41.118075,9743.314349999999,1125.5178269743458,77.625741,61.65370739726027,10.427017708817793,5.195157134333886,39,64,,False,True,,74,59.56268577710819
10,2026-09-21T07:58:05.328+00:00,2026-09-21T07:58:17.414+00:00,2026-09-21T07:58:22.320+00:00,True,78,78.0,,78.0,12085.771236999999,16992.631781,16992.631717,217.85425278205128,22.579262,12085.771236999999,1361.2787899804355,79.6290135,63.725461610389615,11.762144779590537,4.59022481068614,39,64,,False,True,,384,59.56268577710819
11,2026-09-21T07:58:05.632+00:00,2026-09-21T07:58:19.052+00:00,2026-09-21T07:58:24.036+00:00,True,78,78.0,,78.0,13420.041517000001,18403.842093,18403.842295000002,235.9466960897436,0.0,13420.041517000001,1513.6180959356843,97.74949565000001,64.7246828051948,66.12352895781683,4.2382454492840775,39,64,,False,True,,160,59.56268577710819
12,2026-09-21T07:58:05.958+00:00,2026-09-21T07:58:20.693+00:00,2026-09-21T07:58:24.304+00:00,True,57,57.0,,57.0,14735.285096000001,18346.163048000002,18346.163051000003,321.8625096666667,0.0,14735.285096000001,1944.999859411725,155.0049958,64.47996342857142,84.51524615881812,3.106916680663308,39,64,,False,True,,171,59.56268577710819
13,2026-09-21T07:58:06.269+00:00,2026-09-21T07:58:22.188+00:00,2026-09-21T07:58:24.847+00:00,True,41,41.0,,41.0,15918.78059,18578.028206,18578.028176,453.1226384390244,0.0,15918.78059,2477.5025693899443,416.799343,66.4811904,95.34270487068686,2.2069080499489475,39,64,,False,True,,193,59.56268577710819
14,2026-09-21T07:58:06.615+00:00,2026-09-21T07:58:24.102+00:00,2026-09-21T07:58:26.973+00:00,True,42,42.0,,42.0,17486.541785,20357.618905000003,20357.618743000003,484.7052081666667,0.0,17486.541785,2688.0953265580015,78.29112100000002,70.0262712195122,60.69706184780265,2.0631096493158365,39,64,,False,True,,126,59.56268577710819
15,2026-09-21T07:58:06.910+00:00,2026-09-21T07:58:25.632+00:00,2026-09-21T07:58:27.147+00:00,True,26,26.0,,26.0,18722.088764,20237.136444,20237.136331,778.3513973461538,0.0,18722.088764,3660.7114806523373,344.973779,60.60190720000001,82.51127580818309,1.2847667490875962,39,64,,False,True,,103,59.56268577710819
16,2026-09-21T07:58:07.161+00:00,2026-09-21T07:58:26.971+00:00,2026-09-21T07:58:33.389+00:00,True,98,98.0,,98.0,19810.008187,26227.796603,26227.796583,267.630577377551,0.0,19810.008187,1995.7279987440827,80.68172864999998,66.16276717525774,72.35266753462473,3.7364938230758784,39,64,,False,True,,490,59.56268577710819
17,2026-09-21T07:58:07.527+00:00,2026-09-21T07:58:29.178+00:00,2026-09-21T07:58:29.237+00:00,True,2,2.0,,2.0,21651.843798,21710.239958000002,21710.240064,10855.120032,58.396266000000004,21651.843798,15268.87317907312,20572.171421400002,58.39616,nan,0.09212242719883068,39,64,,False,True,,18,59.56268577710819
18,2026-09-21T07:58:07.782+00:00,2026-09-21T07:58:30.337+00:00,2026-09-21T07:58:31.452+00:00,True,18,18.0,,18.0,22554.879912,23670.363304,23670.363438,1315.020191,0.0,22554.879912,5301.737178140627,3767.1661552500004,65.61667011764706,104.37151672569583,0.7604446019194907,39,64,,False,True,,41,59.56268577710819
19,2026-09-21T07:58:08.148+00:00,2026-09-21T07:58:32.239+00:00,2026-09-21T07:58:37.598+00:00,True,85,85.0,,85.0,24091.334342000002,29450.31751,29450.317488,346.4743233882353,0.0,24091.334342000002,2607.9394630129336,78.319376,63.797418666666665,97.11199779968713,2.8862167605200804,39,64,,False,True,,176,59.56268577710819
20,2026-09-21T07:58:08.385+00:00,2026-09-21T07:58:33.399+00:00,2026-09-21T07:58:37.657+00:00,True,69,69.0,,69.0,25013.063837,29271.987869,29271.987819,424.23170752173917,0.0,25013.063837,3004.461135839024,78.055154,62.631235764705885,69.05522812542168,2.3572023980330106,39,64,,False,True,,69,59.56268577710819
21,2026-09-21T07:58:08.641+00:00,2026-09-21T07:58:34.572+00:00,2026-09-21T07:58:35.375+00:00,True,11,11.0,,11.0,25931.614322999998,26734.773875,26734.773805999997,2430.433982363636,0.0,25931.614322999998,7796.256842613279,13253.6789065,80.3159552,176.44086730913904,0.4114491505120314,39,64,,False,True,,39,59.56268577710819
22,2026-09-21T07:58:08.907+00:00,2026-09-21T07:58:35.970+00:00,2026-09-21T07:58:37.119+00:00,True,19,19.0,,19.0,27063.01252,28211.739816,28211.739989,1484.8284204736842,47.255795,27063.01252,6194.045952239404,2775.8155312,63.81818311111111,8.850462481109114,0.6734784924262042,39,64,,False,True,,37,59.56268577710819
23,2026-09-21T07:58:09.146+00:00,2026-09-21T07:58:37.194+00:00,2026-09-21T07:58:41.433+00:00,True,68,68.0,,68.0,28047.570412,32286.703852,32286.703932,474.8044695882353,0.0,28047.570412,3394.384269734674,78.63577,63.27064835820895,73.75623267024146,2.106130136780368,39,64,,False,True,,145,59.56268577710819
24,2026-09-21T07:58:09.398+00:00,2026-09-21T07:58:38.159+00:00,2026-09-21T07:58:44.450+00:00,True,100,100.0,,100.0,28760.424276,35051.996244,35051.996319,350.51996319,0.0,28760.424276,2871.1754166503642,82.3926685,63.551232,92.89900619852492,2.8529045622363784,39,64,,False,True,,206,59.56268577710819
25,2026-09-21T07:58:09.746+00:00,2026-09-21T07:58:40.550+00:00,2026-09-21T07:58:40.550+00:00,True,1,1.0,,1.0,30804.237568,30804.237568,30804.237568,30804.237568,30804.237568,30804.237568,nan,30804.237568,nan,nan,0.032463066089284356,39,64,,False,True,,5,59.56268577710819
26,2026-09-21T07:58:10.001+00:00,2026-09-21T07:58:41.752+00:00,2026-09-21T07:58:41.752+00:00,True,1,1.0,,1.0,31750.788456000002,31750.788456000002,31750.788456000002,31750.788456000002,31750.788456000002,31750.788456000002,nan,31750.788456000002,nan,nan,0.03149528086163253,39,64,,False,True,,4,59.56268577710819
27,2026-09-21T07:58:10.315+00:00,2026-09-21T07:58:43.567+00:00,2026-09-21T07:58:44.145+00:00,True,16,16.0,,16.0,33252.748773,33830.815205,33830.815243,2114.4259526875,0.016309999999999998,33252.748773,8303.603357183887,8385.38489325,38.53776213333333,30.00727600948855,0.4729416037729795,39,64,,False,True,,64,59.56268577710819
28,2026-09-21T07:58:10.571+00:00,2026-09-21T07:58:44.592+00:00,2026-09-21T07:58:47.819+00:00,True,52,52.0,,52.0,34021.367642,37248.27785,37248.277857,716.3130357115384,0.0,34021.367642,4710.14641803013,81.63219744999998,63.27274917647058,98.30957517372866,1.3960376962770105,39,64,,False,True,,260,59.56268577710819
29,2026-09-21T07:58:10.817+00:00,2026-09-21T07:58:46.490+00:00,2026-09-21T07:58:50.078+00:00,True,66,66.0,,66.0,35672.775744000006,39260.825152000005,39260.825237000005,594.8609884393941,0.0,35672.775744000006,4384.286269803058,76.37054275,55.200760123076925,24.218147973799173,1.6810650246009378,39,64,,False,True,,713,59.56268577710819
30,2026-09-21T07:58:11.069+00:00,2026-09-21T07:58:47.135+00:00,2026-09-21T07:58:47.387+00:00,True,5,5.0,,5.0,36066.633135,36317.875119,36317.875061,7263.575012199999,47.281614999999995,36066.633135,16101.402583030542,28868.8247376,62.810496,12.436961965026239,0.13767325273345105,39,64,,False,True,,5,59.56268577710819
31,2026-09-21T07:58:11.426+00:00,2026-09-21T07:58:48.945+00:00,2026-09-21T07:58:50.969+00:00,True,33,33.0,,33.0,37519.269094999996,39542.957031,39542.95701499999,1198.2714246969697,42.090294,37519.269094999996,6520.264887095358,79.1866124,63.240248,9.833815721574506,0.834535464156851,39,64,,False,True,,97,59.56268577710819
32,2026-09-21T07:58:11.728+00:00,2026-09-21T07:58:50.399+00:00,2026-09-21T07:58:54.155+00:00,True,60,60.0,,60.0,38671.602204999996,42427.547164999996,42427.547145,707.12578575,0.0,38671.602204999996,4986.547875321726,85.41870300000001,63.66008406779661,152.20306742819574,1.4141755536010847,39,64,,False,True,,360,59.56268577710819
33,2026-09-21T07:58:11.982+00:00,2026-09-21T07:58:51.840+00:00,2026-09-21T07:58:54.777+00:00,True,47,47.0,,47.0,39858.087319,42794.623127,42794.623093999995,910.5238956170213,0.0,39858.087319,5807.631019046843,86.3842897,63.83773495652174,190.06028401551396,1.0982688142975312,39,64,,False,True,,94,59.56268577710819
34,2026-09-21T07:58:12.320+00:00,2026-09-21T07:58:53.715+00:00,2026-09-21T07:58:55.435+00:00,True,34,34.0,,34.0,41395.595448,43114.709688,43114.709647,1268.0796955,0.01777,41395.595448,7090.397107665106,85.30301019999999,52.094370909090905,25.700778131045123,0.7885939681849029,39,64,,False,True,,170,59.56268577710819
35,2026-09-21T07:58:12.686+00:00,2026-09-21T07:58:55.573+00:00,2026-09-21T07:59:01.231+00:00,True,76,76.0,,76.0,42886.881403,48545.656443,48545.656591,638.7586393552632,40.029694000000006,42886.881403,4911.778379401833,77.4205505,75.45033386666665,98.29066442557357,1.5655365601912414,39,64,,False,True,,320,59.56268577710819
36,2026-09-21T07:58:13.151+00:00,2026-09-21T07:58:56.614+00:00,2026-09-21T07:59:01.634+00:00,True,80,80.0,,80.0,43463.567122,48482.718482,48482.718434,606.033980425,0.0,43463.567122,4853.293529769746,79.59202649999999,63.53356151898734,100.244068235446,1.6500724898440113,39,64,,False,True,,400,59.56268577710819
37,2026-09-21T07:58:13.198+00:00,2026-09-21T07:58:57.497+00:00,2026-09-21T07:59:02.259+00:00,True,76,76.0,,76.0,44299.60259,49060.867998,49060.868064,645.5377376842106,0.0,44299.60259,5075.246201144087,76.488998,63.483538773333336,102.19815044794424,1.5490961147099598,39,64,,False,True,,154,59.56268577710819
38,2026-09-21T07:58:13.545+00:00,2026-09-21T07:59:00.117+00:00,2026-09-21T07:59:00.117+00:00,True,1,1.0,,1.0,46572.267956,46572.267956,46572.267956,46572.267956,46572.267956,46572.267956,nan,46572.267956,nan,nan,0.021472005635301425,39,64,,False,True,,5,59.56268577710819
39,2026-09-21T07:58:13.890+00:00,2026-09-21T07:59:01.769+00:00,2026-09-21T07:59:05.872+00:00,True,68,68.0,,68.0,47879.282662,51982.724325999996,51982.724367999996,764.4518289411765,0.01525,47879.282662,5799.849851845931,88.54239950000002,61.245397970149256,111.77426067908982,1.3081268994974298,39,64,,False,True,,204,59.56268577710819
40,2026-09-21T07:58:14.161+00:00,2026-09-21T07:59:03.131+00:00,2026-09-21T07:59:05.639+00:00,True,28,28.0,,28.0,48970.674895000004,51478.50951900001,51478.509625000006,1838.5182008928573,42.295104,48970.674895000004,9238.506759776303,633.2405172,92.88276385185185,168.06998253014433,0.5439162917035426,39,64,,False,True,,89,59.56268577710819
41,2026-09-21T07:58:14.538+00:00,2026-09-21T07:59:05.610+00:00,2026-09-21T07:59:06.313+00:00,True,17,17.0,,17.0,51072.838822,51775.785125999995,51775.785254999995,3045.634426764706,0.01661,51072.838822,12376.42209416651,10371.3492364,43.934144,50.03134664820351,0.3283388162753942,39,64,,False,True,,96,59.56268577710819
42,2026-09-21T07:58:14.928+00:00,2026-09-21T07:59:07.326+00:00,2026-09-21T07:59:08.473+00:00,True,19,19.0,,19.0,52397.637081,53545.029081,53545.02908,2818.159425263158,49.784485999999994,52397.637081,12006.221693500345,5310.956145300001,63.744,9.028453436514324,0.3548415291970023,39,64,,False,True,,41,59.56268577710819
43,2026-09-21T07:58:15.239+00:00,2026-09-21T07:59:08.890+00:00,2026-09-21T07:59:14.265+00:00,True,85,85.0,,85.0,53651.755161,59026.272153,59026.272020000004,694.4267296470588,0.0,53651.755161,5813.496222866021,85.8237068,63.98234514285714,113.04840997243006,1.4400367310961868,39,64,,False,True,,170,59.56268577710819
44,2026-09-21T07:58:15.557+00:00,2026-09-21T07:59:10.710+00:00,2026-09-21T07:59:14.889+00:00,True,67,67.0,,67.0,55152.731867,59332.420827,59332.420972,885.5585219701493,8.729281,55152.731867,6730.253374449177,81.10077039999999,63.32862060606061,12.586078212228049,1.1292308499489163,39,64,,False,True,,67,59.56268577710819
45,2026-09-21T07:58:15.891+00:00,2026-09-21T07:59:12.806+00:00,2026-09-21T07:59:14.713+00:00,True,29,29.0,,29.0,56915.356262999994,58822.22781499999,58822.22777099999,2028.3526817586205,48.581035,56915.356262999994,10556.275087781942,83.8167656,68.10255542857143,10.552316372870203,0.4930109089238684,39,64,,False,True,,94,59.56268577710819
46,2026-09-21T07:58:16.215+00:00,2026-09-21T07:59:14.446+00:00,2026-09-21T07:59:16.523+00:00,True,34,34.0,,34.0,58230.419654,60308.26951,60308.269446,1773.7726307647058,41.707343,58230.419654,9975.641067164199,79.443465,62.96514715151515,10.058714632311615,0.5637701143847661,39,64,,False,True,,170,59.56268577710819
47,2026-09-21T07:58:16.490+00:00,2026-09-21T07:59:15.920+00:00,2026-09-21T07:59:21.783+00:00,True,94,94.0,,94.0,59429.939925,65292.691925,65292.692071,694.6031071382979,0.0,59429.939925,6125.493730210284,95.92570969999998,63.040344086021506,167.48740495644265,1.4396710754087967,39,64,,False,True,,500,59.56268577710819
48,2026-09-21T07:58:16.872+00:00,2026-09-21T07:59:17.963+00:00,2026-09-21T07:59:23.849+00:00,True,93,93.0,,93.0,61091.182635,66976.930091,66976.92997299999,720.1820427204301,0.0,61091.182635,6331.2505901990635,89.0463934,63.975515826086955,196.73082902139197,1.3885378125519199,39,64,,False,True,,195,59.56268577710819
49,2026-09-21T07:58:17.136+00:00,2026-09-21T07:59:19.358+00:00,2026-09-21T07:59:23.982+00:00,True,76,76.0,,76.0,62222.117121,66846.100225,66846.100127,879.5539490394738,0.0,62222.117121,7131.579923708136,135.24083975000002,61.653108053333334,136.32359478642294,1.136939922361791,39,64,,False,True,,152,59.56268577710819
50,2026-09-21T07:58:17.360+00:00,2026-09-21T07:59:21.304+00:00,2026-09-21T07:59:22.648+00:00,True,35,35.0,,35.0,63943.933728,65288.057120000005,65288.057196,1865.3730627428572,0.0,63943.933728,10801.861339418603,76.75446,39.53304094117647,32.03727853213789,0.5360857949206499,39,64,,False,True,,210,59.56268577710819
51,2026-09-21T07:58:17.606+00:00,2026-09-21T07:59:21.736+00:00,2026-09-21T07:59:25.549+00:00,True,60,60.0,,60.0,64129.995051,67942.519851,67942.519696,1132.3753282666667,47.020034,64129.995051,8270.80952522243,78.65793350000001,64.61906440677966,9.217623013202623,0.8830994218580914,39,64,,False,True,,257,59.56268577710819
52,2026-09-21T07:58:17.850+00:00,2026-09-21T07:59:23.047+00:00,2026-09-21T07:59:23.609+00:00,True,10,10.0,,10.0,65197.86677,65759.86613,65759.86614,6575.986614,47.317625,65197.86677,20597.630490150794,35892.32921315,62.44437333333334,7.9898078880974355,0.15206843609187257,39,64,,False,True,,50,59.56268577710819
53,2026-09-21T07:58:18.073+00:00,2026-09-21T07:59:24.494+00:00,2026-09-21T07:59:24.561+00:00,True,2,2.0,,2.0,66421.263854,66487.858414,66487.85843000001,33243.929215000004,66.594576,66421.263854,46919.83660986448,63103.5303901,66.59456,nan,0.03008068010773634,39,64,,False,True,,6,59.56268577710819
54,2026-09-21T07:58:18.349+00:00,2026-09-21T07:59:25.877+00:00,2026-09-21T07:59:27.984+00:00,True,34,34.0,,34.0,67527.687348,69635.03122,69635.03121300001,2048.0891533235294,44.814913,67527.687348,11569.956154730864,83.04690135000001,63.85890521212121,10.95415720391635,0.4882599950674654,39,64,,False,True,,333,59.56268577710819
55,2026-09-21T07:58:18.703+00:00,2026-09-21T07:59:27.786+00:00,2026-09-21T07:59:33.194+00:00,True,86,86.0,,86.0,69083.73743899999,74491.56489499999,74491.56481499999,866.1809862209301,0.0,69083.73743899999,7444.056452658477,78.51990675,63.621499482352945,146.5615645777438,1.1544931311514506,39,64,,False,True,,268,59.56268577710819
56,2026-09-21T07:58:18.948+00:00,2026-09-21T07:59:28.969+00:00,2026-09-21T07:59:32.998+00:00,True,65,65.0,,65.0,70020.836827,74049.978075,74049.977991,1139.2304306307694,0.0,70020.836827,8678.766247661713,79.48935879999999,62.955332,165.79254210623617,0.8777855401140845,39,64,,False,True,,257,59.56268577710819
57,2026-09-21T07:58:19.319+00:00,2026-09-21T07:59:30.882+00:00,2026-09-21T07:59:36.744+00:00,True,94,94.0,,94.0,71563.052717,77425.175725,77425.175773,823.6720826914893,0.0,71563.052717,7377.086884626861,128.94796119999998,63.0335807311828,190.08421805150584,1.214075384650992,39,64,,False,True,,275,59.56268577710819
58,2026-09-21T07:58:19.548+00:00,2026-09-21T07:59:32.822+00:00,2026-09-21T07:59:36.037+00:00,True,63,63.0,,63.0,73274.308074,76489.128426,76489.128557,1214.1131516984126,0.0,73274.308074,9226.428583625162,131.1012199,51.85194116129033,154.10089303222094,0.8236464618752957,39,64,,False,True,,252,59.56268577710819
59,2026-09-21T07:58:19.863+00:00,2026-09-21T07:59:34.752+00:00,2026-09-21T07:59:39.677+00:00,True,96,96.0,,96.0,74889.115441,79814.171185,79814.171194,831.3976166041667,0.019280000000000002,74889.115441,7638.197623941903,160.26364125,51.84269204210526,48.19636229758582,1.202793922115449,39,64,,False,True,,672,59.56268577710819
60,2026-09-21T07:58:20.202+00:00,2026-09-21T07:59:35.717+00:00,2026-09-21T07:59:37.445+00:00,True,28,28.0,,28.0,75514.937581,77242.703853,77242.70371300001,2758.6679897500003,0.054729999999999994,75514.937581,14258.924673695528,153.3676609,63.99134340740741,32.699830807201934,0.36249378392147674,39,64,,False,True,,84,59.56268577710819
61,2026-09-21T07:58:20.444+00:00,2026-09-21T07:59:37.129+00:00,2026-09-21T07:59:38.829+00:00,True,28,28.0,,28.0,76684.98093,78385.34803400001,78385.34800900001,2799.476714607143,10.667891,76684.98093,14480.220216285175,139.8449852,62.97655940740741,25.99251220749909,0.35720961509101,39,64,,False,True,,168,59.56268577710819
62,2026-09-21T07:58:20.736+00:00,2026-09-21T07:59:38.835+00:00,2026-09-21T07:59:41.501+00:00,True,43,43.0,,43.0,78098.72740999999,80765.395698,80765.39563399999,1878.265014744186,38.782814,78098.72740999999,11900.265878469238,75.9986451,63.492102095238096,9.947026304539943,0.5324062320054332,39,64,,False,True,,113,59.56268577710819
63,2026-09-21T07:58:21.073+00:00,2026-09-21T07:59:40.340+00:00,2026-09-21T07:59:46.958+00:00,True,85,85.0,,85.0,79266.931167,85885.299679,85885.299629,1010.4152897529412,0.0,79266.931167,8591.076485591822,77.779123,78.79010133333333,182.55140331193883,0.9896920697452434,39,64,,False,True,,175,59.56268577710819
64,2026-09-21T07:58:21.306+00:00,2026-09-21T07:59:41.501+00:00,2026-09-21T07:59:47.357+00:00,True,92,92.0,,92.0,80195.071155,86051.110067,86051.11007,935.3381529347826,0.0,80195.071155,8356.112940274736,80.20329199999999,64.35207595604396,179.54685012458685,1.0691320533618702,39,64,,False,True,,907,59.56268577710819
65,2026-09-21T07:58:21.538+00:00,2026-09-21T07:59:42.538+00:00,2026-09-21T07:59:48.565+00:00,True,94,94.0,,94.0,80999.681133,87026.936941,87026.937093,925.818479712766,0.0,80999.681133,8349.6325414428,79.898223,64.80920223655914,176.12971002892158,1.0801253416942318,39,64,,False,True,,658,59.56268577710819
66,2026-09-21T07:58:21.864+00:00,2026-09-21T07:59:44.229+00:00,2026-09-21T07:59:46.997+00:00,True,33,33.0,,33.0,82365.098147,85132.663971,85132.663821,2579.7776915454547,0.0,82365.098147,14326.05778820593,750.0896856,86.486432,307.14152358076274,0.38763029912045605,39,64,,False,True,,40,59.56268577710819
67,2026-09-21T07:58:22.199+00:00,2026-09-21T07:59:46.959+00:00,2026-09-21T07:59:48.116+00:00,True,33,33.0,,33.0,84759.971932,85917.046364,85917.046594,2603.5468664848486,0.0,84759.971932,14748.559874578752,77.99746440000001,36.158576,33.58441767779885,0.38409141604089514,39,64,,False,True,,144,59.56268577710819
68,2026-09-21T07:58:22.446+00:00,2026-09-21T07:59:47.220+00:00,2026-09-21T07:59:52.186+00:00,True,79,79.0,,79.0,84774.38136900001,89740.58194500001,89740.58216600001,1135.9567362784812,38.749863,84774.38136900001,9530.705105246994,78.95435010000001,63.66923815384615,10.18831876764768,0.8803152184640091,39,64,,False,True,,239,59.56268577710819
69,2026-09-21T07:58:22.727+00:00,2026-09-21T07:59:48.503+00:00,2026-09-21T07:59:50.975+00:00,True,41,41.0,,41.0,85776.286163,88247.575507,88247.57552099999,2152.3798907560977,38.118142999999996,85776.286163,13386.361350736497,79.008197,61.782233600000005,11.508937258675408,0.4646019991421496,39,64,,False,True,,129,59.56268577710819
70,2026-09-21T07:58:23.271+00:00,2026-09-21T07:59:49.266+00:00,2026-09-21T07:59:49.457+00:00,True,4,4.0,,4.0,85995.441574,86186.281382,86186.281341,21546.57033525,45.343574000000004,85995.441574,42965.91612513178,73107.30048145,63.613269333333335,15.918671017054324,0.046411098563017936,39,64,,False,True,,8,59.56268577710819
71,2026-09-21T07:58:23.320+00:00,2026-09-21T07:59:51.431+00:00,2026-09-21T07:59:52.456+00:00,True,17,17.0,,17.0,88110.94731999999,89136.098552,89136.09847,5243.29991,41.849354,88110.94731999999,21354.50620019659,17691.133094399996,64.071952,10.122260873396113,0.19071958809238865,39,64,,False,True,,70,59.56268577710819
72,2026-09-21T07:58:23.556+00:00,2026-09-21T07:59:52.734+00:00,2026-09-21T07:59:54.230+00:00,True,23,23.0,,23.0,89178.470999,90674.282327,90674.282311,3942.360100478261,0.01558,89178.470999,18583.113170867324,1271.9795444000001,67.991424,298.83692419276593,0.2536551645046912,39,64,,False,True,,30,59.56268577710819
73,2026-09-21T07:58:23.953+00:00,2026-09-21T07:59:55.030+00:00,2026-09-21T07:59:57.089+00:00,True,35,35.0,,35.0,91077.66441,93135.85679399999,93135.856681,2661.0244766,0.03986,91077.66441,15384.73724504199,121.02607509999999,60.53507011764706,33.0336852598868,0.37579511484404765,39,64,,False,True,,36,59.56268577710819
74,2026-09-21T07:58:24.334+00:00,2026-09-21T07:59:56.874+00:00,2026-09-21T07:59:58.518+00:00,True,27,27.0,,27.0,92540.355802,94184.758746,94184.758637,3488.3243939629633,46.396444,92540.355802,17797.230758668575,78.928915,63.24626707692308,10.052709966225015,0.2866705861912789,39,64,,False,True,,80,59.56268577710819
75,2026-09-21T07:58:24.637+00:00,2026-09-21T07:59:58.397+00:00,2026-09-21T08:00:02.894+00:00,True,47,47.0,,47.0,93759.559745,98256.258625,98256.258811,2090.558698106383,0.0,93759.559745,13664.644923784464,80.629471,97.75432347826087,272.91926115096516,0.47834103046176313,39,64,,False,True,,141,59.56268577710819
76,2026-09-21T07:58:25.003+00:00,2026-09-21T08:00:00.364+00:00,2026-09-21T08:00:02.913+00:00,True,16,16.0,,16.0,95360.19864,97909.85649600001,97909.85647500001,6119.3660296875005,0.0,95360.19864,23802.199624595625,25284.481365,169.9771904,486.67862081005404,0.16341562098657209,39,64,,False,True,,96,59.56268577710819
77,2026-09-21T07:58:25.355+00:00,2026-09-21T08:00:02.903+00:00,2026-09-21T08:00:05.913+00:00,True,59,59.0,,59.0,97547.856447,100557.874239,100557.874382,1704.3707522372881,0.0,97547.856447,12692.921800582282,77.38122800000001,51.89685848275862,27.368369978252307,0.5867268023165674,39,64,,False,True,,236,59.56268577710819
78,2026-09-21T07:58:25.721+00:00,2026-09-21T08:00:03.996+00:00,2026-09-21T08:00:04.072+00:00,True,2,2.0,,2.0,98275.309565,98351.788797,98351.78893200001,49175.894466000005,76.479367,98275.309565,69437.05873759212,93365.3680551,76.479232,nan,0.02033516649227437,39,64,,False,True,,7,59.56268577710819
79,2026-09-21T07:58:26.049+00:00,2026-09-21T08:00:05.503+00:00,2026-09-21T08:00:08.327+00:00,True,47,47.0,,47.0,99453.843654,102278.096582,102278.096422,2176.1297111063827,43.211884,99453.843654,14497.881648624369,78.790728,61.396802782608695,9.789413014699733,0.4595314301955006,39,64,,False,True,,284,59.56268577710819
80,2026-09-21T07:58:26.328+00:00,2026-09-21T08:00:06.673+00:00,2026-09-21T08:00:10.907+00:00,True,70,70.0,,70.0,100345.225288,104579.357768,104579.35772,1493.9908245714287,44.483404,100345.225288,11986.217087149664,75.72649505000001,61.36423884057971,8.696371066293779,0.6693481533448385,39,64,,False,True,,480,59.56268577710819
81,2026-09-21T07:58:26.668+00:00,2026-09-21T08:00:08.838+00:00,2026-09-21T08:00:11.226+00:00,True,39,39.0,,39.0,102170.356583,104558.439271,104558.439074,2680.9856172820514,44.256174,102170.356583,16350.290734304028,79.5370309,62.844281263157896,10.52588304671313,0.372997151372141,39,64,,True,True,,156,59.56268577710819
82,2026-09-21T07:58:26.928+00:00,2026-09-21T08:00:10.112+00:00,2026-09-21T08:00:15.920+00:00,True,92,92.0,,92.0,103184.09931800001,108991.541494,108991.541268,1184.6906659565218,40.669714,103184.09931800001,10751.037069227497,79.19680244999999,63.818045890109886,9.951998493328992,0.8441022003993274,39,64,,True,True,,184,59.56268577710819
83,2026-09-21T07:58:27.171+00:00,2026-09-21T08:00:11.360+00:00,2026-09-21T08:00:13.591+00:00,True,36,36.0,,36.0,104189.123613,106419.250717,106419.250529,2956.0902924722222,44.280671999999996,104189.123613,17354.23690701532,77.15626449999999,63.71791725714286,9.681677321702367,0.33828465956535025,39,64,,True,True,,144,59.56268577710819
84,2026-09-21T07:58:27.546+00:00,2026-09-21T08:00:13.405+00:00,2026-09-21T08:00:18.399+00:00,True,80,80.0,,80.0,105858.318384,110852.520496,110852.520613,1385.6565076625,40.752693,105858.318384,11828.25518535536,76.60082405,63.21774825316456,8.959264168182571,0.7216795760894469,39,64,,True,True,,84,59.56268577710819
85,2026-09-21T07:58:27.795+00:00,2026-09-21T08:00:14.741+00:00,2026-09-21T08:00:17.837+00:00,True,50,50.0,,50.0,106945.25364499999,110041.94023699999,110041.940295,2200.8388059,44.394004,106945.25364499999,15115.40780035287,76.45125555,63.197685551020406,8.764794068250124,0.4543722138333238,39,64,,True,True,,200,59.56268577710819
86,2026-09-21T07:58:28.171+00:00,2026-09-21T08:00:16.677+00:00,2026-09-21T08:00:20.669+00:00,True,63,63.0,,63.0,108506.61298600001,112497.951482,112497.951287,1785.6817664603175,42.605603,108506.61298600001,13662.441543419778,78.92829689999999,64.37642735483871,10.467813735876021,0.56001019725306,39,64,,True,True,,287,59.56268577710819
87,2026-09-21T07:58:28.499+00:00,2026-09-21T08:00:18.338+00:00,2026-09-21T08:00:24.251+00:00,True,95,95.0,,95.0,109838.316909,115751.301485,115751.301349,1218.4347510421053,45.704184,109838.316909,11262.723615152772,77.34920899999999,62.90409123404255,9.423976515687285,0.8207251130762523,39,64,,True,True,,284,59.56268577710819
88,2026-09-21T07:58:28.729+00:00,2026-09-21T08:00:19.481+00:00,2026-09-21T08:00:20.196+00:00,True,12,12.0,,12.0,110752.170421,111466.736565,111466.736534,9288.894711166668,52.924294,110752.170421,31952.646762464417,49881.3975042,64.96055854545455,10.460793188514037,0.1076554348839521,39,64,,True,True,,38,59.56268577710819
89,2026-09-21T07:58:29.127+00:00,2026-09-21T08:00:21.339+00:00,2026-09-21T08:00:24.325+00:00,True,49,49.0,,49.0,112211.674598,115197.543654,115197.54374,2350.970280408163,45.000983999999995,112211.674598,16021.355444823626,77.20885559999999,62.20560533333334,9.45505273144623,0.42535629185960144,39,64,,True,True,,147,59.56268577710819
90,2026-09-21T07:58:29.483+00:00,2026-09-21T08:00:23.176+00:00,2026-09-21T08:00:27.803+00:00,True,74,74.0,,74.0,113692.642857,118319.960105,118319.960181,1598.9183808243242,44.443734,113692.642857,13209.136197527314,77.45479214999999,63.38790750684932,9.843630431091071,0.6254227937055642,39,64,,True,True,,370,59.56268577710819
91,2026-09-21T07:58:29.808+00:00,2026-09-21T08:00:24.929+00:00,2026-09-21T08:00:30.593+00:00,True,91,91.0,,91.0,115120.374783,120784.64358300001,120784.643565,1327.3037754395605,43.990403,115120.374783,12061.300548760011,76.661676,62.93632,9.55086057813202,0.7534070333822461,39,64,,True,True,,819,59.56268577710819
92,2026-09-21T07:58:30.127+00:00,2026-09-21T08:00:26.770+00:00,2026-09-21T08:00:27.240+00:00,True,8,8.0,,8.0,116642.682217,117112.641641,117112.64181199999,14639.080226499998,58.343664,116642.682217,41215.67982722852,75844.17003565,67.13706057142856,7.504172192581379,0.06831030269578753,39,64,,True,True,,16,59.56268577710819
93,2026-09-21T07:58:30.422+00:00,2026-09-21T08:00:28.071+00:00,2026-09-21T08:00:32.206+00:00,True,67,67.0,,67.0,117648.986733,121783.51422099999,121783.51444,1817.6643946268657,46.149783000000006,117648.986733,14365.461206233276,77.800161,62.64435587878788,9.501407067522097,0.5501565661704868,39,64,,True,True,,134,59.56268577710819
94,2026-09-21T07:58:30.714+00:00,2026-09-21T08:00:29.660+00:00,2026-09-21T08:00:31.475+00:00,True,30,30.0,,30.0,118945.82079299999,120761.248121,120761.24799599999,4025.3749331999998,49.507684,118945.82079299999,21705.00868931093,77.82226495,62.60094234482759,8.52075755930935,0.2484240637355842,39,64,,True,True,,66,59.56268577710819
95,2026-09-21T07:58:30.930+00:00,2026-09-21T08:00:30.787+00:00,2026-09-21T08:00:33.975+00:00,True,50,50.0,,50.0,119856.74484199999,123044.38004199999,123044.38010899999,2460.8876021799997,41.925753,119856.74484199999,16941.105752133695,77.43495055,65.05377959183673,8.989390712268927,0.40635744584948125,39,64,,True,True,,150,59.56268577710819
96,2026-09-21T07:58:31.187+00:00,2026-09-21T08:00:32.210+00:00,2026-09-21T08:00:33.311+00:00,True,18,18.0,,18.0,121023.694682,122124.74505,122124.744923,6784.7080512777775,49.533154,121023.694682,28510.29324406685,18215.9924449,64.76766870588236,6.651494756970682,0.14739027698793136,39,64,,True,True,,163,59.56268577710819
97,2026-09-21T07:58:31.569+00:00,2026-09-21T08:00:33.899+00:00,2026-09-21T08:00:36.661+00:00,True,46,46.0,,46.0,122329.992647,125091.70887100001,125091.708832,2719.3849746086958,44.893943,122329.992647,18027.526678231443,76.4175125,61.37147164444444,8.57839125801492,0.36773020702305054,39,64,,True,True,,92,59.56268577710819
98,2026-09-21T07:58:31.886+00:00,2026-09-21T08:00:35.344+00:00,2026-09-21T08:00:36.926+00:00,True,27,27.0,,27.0,123457.295421,125039.925053,125039.92486900001,4631.108328481481,43.861954,123457.295421,23747.654863079275,78.056185,60.870370461538464,9.39883141150072,0.21593103153697232,39,64,,True,True,,27,59.56268577710819
99,2026-09-21T07:58:32.168+00:00,2026-09-21T08:00:36.930+00:00,2026-09-21T08:00:42.336+00:00,True,85,85.0,,85.0,124761.90714,130167.963588,130167.96348199999,1531.3878056705882,44.090983,124761.90714,13525.35164420184,76.30703199999999,64.35781485714286,9.664948080721656,0.6530024566492952,39,64,,True,True,,170,59.56268577710819
100,2026-09-21T07:58:32.413+00:00,2026-09-21T08:00:38.278+00:00,2026-09-21T08:00:39.759+00:00,True,24,24.0,,24.0,125865.253274,127345.46421800001,127345.464284,5306.061011833333,43.981263,125865.253274,25679.002125049523,77.95738050000001,64.35699756521738,9.564562866304174,0.18846372069377287,39,64,,True,True,,141,59.56268577710819
101,2026-09-21T07:58:32.796+00:00,2026-09-21T08:00:40.296+00:00,2026-09-21T08:00:42.709+00:00,True,38,38.0,,38.0,127500.164135,129913.254695,129913.254704,3418.769860631579,44.381322999999995,127500.164135,20672.67995019253,77.34329150000002,65.21866378378378,9.205465908827957,0.2925028711597856,39,64,,True,True,,152,59.56268577710819
102,2026-09-21T07:58:33.460+00:00,2026-09-21T08:00:41.667+00:00,2026-09-21T08:00:43.487+00:00,True,29,29.0,,29.0,128206.782238,130026.998558,130026.998483,4483.689602862069,45.840073,128206.782238,23795.332738879817,85.68843059999999,65.00772571428571,11.296652479613158,0.22303060381005582,39,64,,True,True,,145,59.56268577710819
103,2026-09-21T07:58:33.486+00:00,2026-09-21T08:00:43.045+00:00,2026-09-21T08:00:48.091+00:00,True,79,79.0,,79.0,129559.789627,134605.959483,134605.959592,1703.8729062278483,42.907353,129559.789627,14569.339298092185,77.441898,64.69448533333333,9.125010192893237,0.5868982346950044,39,64,,True,True,,448,59.56268577710819
104,2026-09-21T07:58:33.704+00:00,2026-09-21T08:00:45.194+00:00,2026-09-21T08:00:51.050+00:00,True,93,93.0,,93.0,131489.859384,137346.28280800002,137346.28275900002,1476.8417500967744,42.672343,131489.859384,13628.265463480366,78.503496,63.65677634782609,9.258613102639112,0.6771206187648132,39,64,,True,True,,186,59.56268577710819
105,2026-09-21T07:58:34.042+00:00,2026-09-21T08:00:47.193+00:00,2026-09-21T08:00:48.036+00:00,True,14,14.0,,14.0,133150.52873700002,133994.510817,133994.51088000002,9571.036491428573,44.769963000000004,133150.52873700002,35568.626195255885,46654.50510285,64.92169846153847,11.030250100986775,0.10448189194197803,39,64,,True,True,,17,59.56268577710819
106,2026-09-21T07:58:34.281+00:00,2026-09-21T08:00:48.368+00:00,2026-09-21T08:00:51.051+00:00,True,44,44.0,,44.0,134087.282831,136769.47828699998,136769.47835999998,3108.3972354545454,41.284763,134087.282831,20205.01677073051,76.79762,62.3766385116279,8.946162966564659,0.32170920406429765,39,64,,True,True,,236,59.56268577710819
107,2026-09-21T07:58:34.546+00:00,2026-09-21T08:00:49.845+00:00,2026-09-21T08:00:50.992+00:00,True,19,19.0,,19.0,135299.681523,136446.62757100002,136446.627378,7181.401440947368,46.646274,135299.681523,31025.259089718144,13600.839206700002,63.71922488888889,10.094445203111713,0.13924858633910425,39,64,,True,True,,19,59.56268577710819
108,2026-09-21T07:58:34.793+00:00,2026-09-21T08:00:51.182+00:00,2026-09-21T08:00:52.323+00:00,True,19,19.0,,19.0,136389.86713600002,137530.82278400002,137530.82273100002,7238.464354263158,45.346833,136389.86713600002,31275.441409763043,13708.329928000001,63.38642488888889,10.890490429729647,0.1381508494996833,39,64,,True,True,,54,59.56268577710819
109,2026-09-21T07:58:35.018+00:00,2026-09-21T08:00:52.326+00:00,2026-09-21T08:00:54.779+00:00,True,39,39.0,,39.0,137307.527898,139760.61513,139760.61504,3583.605513846154,44.922433,137307.527898,21976.465912471213,80.7234151,64.55492715789474,9.56688158457219,0.27904857147146706,39,64,,True,True,,81,59.56268577710819
110,2026-09-21T07:58:35.254+00:00,2026-09-21T08:00:53.510+00:00,2026-09-21T08:00:54.900+00:00,True,22,22.0,,22.0,138255.846111,139646.222559,139646.222714,6347.555577909091,53.433574,138255.846111,29462.130576639203,76.66399645,66.20840228571429,7.1478893816627656,0.15754096026983533,39,64,,True,True,,44,59.56268577710819
111,2026-09-21T07:58:35.474+00:00,2026-09-21T08:00:54.713+00:00,2026-09-21T08:00:58.623+00:00,True,64,64.0,,64.0,139239.195928,143149.296152,143149.29614,2236.7077521875,42.763253,139239.195928,17397.143626948677,74.45733485,62.065082920634914,8.961162209714145,0.44708567712441266,39,64,,True,True,,386,59.56268577710819
112,2026-09-21T07:58:35.815+00:00,2026-09-21T08:00:56.660+00:00,2026-09-21T08:01:02.254+00:00,True,88,88.0,,88.0,140845.83391800002,146439.42188600003,146439.42184300002,1664.0843391250003,40.491493000000006,140845.83391800002,15007.366329889963,77.3240285,64.29411457471264,10.68774113986284,0.6009310803514789,39,64,,True,True,,264,59.56268577710819
113,2026-09-21T07:58:36.112+00:00,2026-09-21T08:00:58.055+00:00,2026-09-21T08:01:03.472+00:00,True,85,85.0,,85.0,141942.31756999998,147359.71763399997,147359.717533,1733.6437356823528,42.343424,141942.31756999998,15388.81388332124,77.1969398,64.4928579047619,9.90328995167657,0.5768197806344612,39,64,,True,True,,680,59.56268577710819
114,2026-09-21T07:58:36.416+00:00,2026-09-21T08:00:59.600+00:00,2026-09-21T08:01:04.634+00:00,True,80,80.0,,80.0,143183.529014,148217.106486,148217.106468,1852.71383085,42.009483,143183.529014,16001.284812090369,78.067847,63.71617053164557,10.326275388164056,0.5397487638011371,39,64,,True,True,,319,59.56268577710819
115,2026-09-21T07:58:36.639+00:00,2026-09-21T08:01:00.693+00:00,2026-09-21T08:01:01.583+00:00,True,15,15.0,,15.0,144053.790292,144943.428948,144943.428888,9662.895259199999,45.553104,144053.790292,37178.12300299764,43271.2948168,63.54561828571428,11.642398926410017,0.10348865146126363,39,64,,True,True,,128,59.56268577710819
116,2026-09-21T07:58:36.904+00:00,2026-09-21T08:01:01.871+00:00,2026-09-21T08:01:04.698+00:00,True,46,46.0,,46.0,144966.591711,147794.014687,147794.014612,3212.9133611304346,45.662663,144966.591711,21364.89565747455,76.46049825,62.831621688888895,8.907151447133314,0.31124399792115653,39,64,,True,True,,46,59.56268577710819
117,2026-09-21T07:58:37.168+00:00,2026-09-21T08:01:03.397+00:00,2026-09-21T08:01:06.574+00:00,True,52,52.0,,52.0,146229.152638,149406.383998,149406.384074,2873.199693730769,43.802803999999995,146229.152638,20269.69737052057,75.299768,62.29865411764706,8.443443382501862,0.34804403003753903,39,64,,True,True,,208,59.56268577710819
118,2026-09-21T07:58:37.475+00:00,2026-09-21T08:01:04.951+00:00,2026-09-21T08:01:09.771+00:00,True,78,78.0,,78.0,147475.41553099998,152295.38250699997,152295.38270899997,1952.5049065256408,44.092065000000005,147475.41553099998,16691.217715455707,78.68847,62.59697371428572,9.760355233132804,0.5121626060883027,39,64,,True,True,,393,59.56268577710819
119,2026-09-21T07:58:37.765+00:00,2026-09-21T08:01:06.763+00:00,2026-09-21T08:01:11.166+00:00,True,70,70.0,,70.0,148998.637116,153400.79775599999,153400.797844,2191.4399692,42.343103,148998.637116,17801.120633411087,77.7494345,63.79942956521739,9.950208460622301,0.4563209645841759,39,64,,True,True,,454,59.56268577710819
120,2026-09-21T07:58:37.991+00:00,2026-09-21T08:01:08.267+00:00,2026-09-21T08:01:13.439+00:00,True,82,82.0,,82.0,150275.159974,155447.91645400002,155447.91639700002,1895.7062975243903,43.821854,150275.159974,16588.067001015348,79.63228749999999,63.86119111111111,11.653172858860783,0.5275078744736045,39,64,,True,True,,1066,59.56268577710819
121,2026-09-21T07:58:38.294+00:00,2026-09-21T08:01:09.769+00:00,2026-09-21T08:01:15.004+00:00,True,82,82.0,,82.0,151475.084924,156710.70911599998,156710.70922299998,1911.1062100365853,47.275524,151475.084924,16720.4897716317,78.408111,64.6373357037037,10.046448882979375,0.5232571562119739,39,64,,True,True,,410,59.56268577710819
122,2026-09-21T07:58:38.665+00:00,2026-09-21T08:01:12.035+00:00,2026-09-21T08:01:17.047+00:00,True,79,79.0,,79.0,153369.909264,158381.471504,158381.471505,2004.828753227848,42.090443,153369.909264,17248.237309312015,78.7522771,64.25079794871795,10.509877153409434,0.4987957192833937,39,64,,True,True,,99,59.56268577710819
123,2026-09-21T07:58:38.911+00:00,2026-09-21T08:01:13.158+00:00,2026-09-21T08:01:17.921+00:00,True,75,75.0,,75.0,154246.70041299998,159009.64159699998,159009.64165499998,2120.1285553999996,43.607612,154246.70041299998,17803.44547851214,77.938771,64.36407005405405,10.053510691292676,0.4716695116518961,39,64,,True,True,,300,59.56268577710819
124,2026-09-21T07:58:39.295+00:00,2026-09-21T08:01:15.387+00:00,2026-09-21T08:01:20.089+00:00,True,75,75.0,,75.0,156092.087277,160794.174445,160794.174387,2143.92232516,45.132093999999995,156092.087277,18016.627240490307,76.16522660000001,63.54171848648649,9.902343879644308,0.46643480871661747,39,64,,True,True,,225,59.56268577710819
125,2026-09-21T07:58:39.687+00:00,2026-09-21T08:01:17.176+00:00,2026-09-21T08:01:21.630+00:00,True,72,72.0,,72.0,157489.680889,161943.261945,161943.26194,2249.211971388889,41.162673000000005,157489.680889,18552.94761632574,77.3585975,62.72649374647887,10.831483676521612,0.44460015893994403,39,64,,True,True,,72,59.56268577710819
126,2026-09-21T07:58:39.938+00:00,2026-09-21T08:01:18.638+00:00,2026-09-21T08:01:22.735+00:00,True,67,67.0,,67.0,158699.129652,162796.387124,162796.38728,2429.796825074627,43.743693,158699.129652,19380.60322961257,76.3753673,62.07965866666667,10.826020286594321,0.4115570448683663,39,64,,True,True,,723,59.56268577710819
127,2026-09-21T07:58:40.209+00:00,2026-09-21T08:01:20.029+00:00,2026-09-21T08:01:20.444+00:00,True,8,8.0,,8.0,159820.488468,160235.60603599998,160235.60625799999,20029.450782249998,44.718283,159820.488468,56484.10975794927,103909.63236095,59.30250971428572,10.19365385152072,0.04992648137270219,39,64,,True,True,,32,59.56268577710819
128,2026-09-21T07:58:40.517+00:00,2026-09-21T08:01:21.705+00:00,2026-09-21T08:01:25.551+00:00,True,61,61.0,,61.0,161187.92788,165034.250312,165034.250231,2705.4795119836067,44.337122,161187.92788,20629.793819970826,77.924334,64.10537386666667,9.830659211056156,0.36962024479572264,39,64,,True,True,,125,59.56268577710819
129,2026-09-21T07:58:40.740+00:00,2026-09-21T08:01:22.955+00:00,2026-09-21T08:01:26.776+00:00,True,61,61.0,,61.0,162214.769058,166035.82557000002,166035.825405,2721.8987771311477,43.961993,162214.769058,20761.320999538457,76.622924,63.6842752,9.249056013206303,0.3673905904980889,39,64,,True,True,,183,59.56268577710819
130,2026-09-21T07:58:41.016+00:00,2026-09-21T08:01:24.289+00:00,2026-09-21T08:01:25.916+00:00,True,27,27.0,,27.0,163273.490991,164900.160815,164900.160759,6107.4133614444445,47.700032,163273.490991,31409.958907614582,80.1069934,62.564224,9.584244513208123,0.1637354376524293,39,64,,True,True,,162,59.56268577710819
131,2026-09-21T07:58:41.335+00:00,2026-09-21T08:01:25.917+00:00,2026-09-21T08:01:30.793+00:00,True,79,79.0,,79.0,164581.269116,169457.236092,169457.23606000002,2145.028304556962,42.203273,164581.269116,18509.808722547587,78.7456221,62.51239712820513,9.597945428939731,0.46619431439982956,39,64,,True,True,,79,59.56268577710819
132,2026-09-21T07:58:41.569+00:00,2026-09-21T08:01:27.076+00:00,2026-09-21T08:01:31.531+00:00,True,72,72.0,,72.0,165506.409285,169961.887557,169961.887606,2360.5817723055557,39.847712,165506.409285,19497.724202943275,78.022323,62.753215098591554,9.643302803530766,0.42362438447180345,39,64,,True,True,,715,59.56268577710819
133,2026-09-21T07:58:41.907+00:00,2026-09-21T08:01:28.563+00:00,2026-09-21T08:01:31.649+00:00,True,50,50.0,,50.0,166656.54472099998,169741.96424099998,169741.964067,3394.8392813399996,47.092373,166656.54472099998,23559.890782292605,75.93520649999999,62.96774530612245,7.551313979513296,0.2945647543527298,39,64,,True,True,,162,59.56268577710819
134,2026-09-21T07:58:42.144+00:00,2026-09-21T08:01:29.752+00:00,2026-09-21T08:01:34.830+00:00,True,82,82.0,,82.0,167608.19859,172686.404286,172686.404374,2105.931760658537,46.945043,167608.19859,18502.307827238215,76.20744749999999,62.693897481481486,8.779360479315391,0.4748491946371941,39,64,,True,True,,164,59.56268577710819
135,2026-09-21T07:58:42.375+00:00,2026-09-21T08:01:30.920+00:00,2026-09-21T08:01:31.471+00:00,True,10,10.0,,10.0,168545.957939,169096.783667,169096.78374800002,16909.6783748,54.626613,168545.957939,53279.55806939192,92733.22692125003,61.202858666666664,6.617445899327625,0.05913773037630842,39,64,,True,True,,40,59.56268577710819
136,2026-09-21T07:58:42.720+00:00,2026-09-21T08:01:32.975+00:00,2026-09-21T08:01:37.407+00:00,True,70,70.0,,70.0,170254.483773,174687.32242900002,174687.32230300002,2495.533175757143,44.023972,170254.483773,20341.626737313196,77.7860735,64.24403849275363,9.914354738937538,0.4007159708366978,39,64,,True,True,,70,59.56268577710819
138,2026-09-21T07:58:43.556+00:00,2026-09-21T08:01:33.865+00:00,2026-09-21T08:01:36.705+00:00,True,45,45.0,,45.0,170308.541395,173148.784083,173148.783918,3847.7507537333336,41.590841999999995,170308.541395,25378.477951748595,78.630346,64.55097018181819,10.836876178895112,0.2598920936021644,39,64,,True,True,,92,59.56268577710819
137,2026-09-21T07:58:43.510+00:00,2026-09-21T08:01:34.417+00:00,2026-09-21T08:01:35.879+00:00,True,24,24.0,,24.0,170906.927659,172368.770603,172368.770488,7182.032103666667,48.431293,170906.927659,34873.25814373889,77.7204895,63.55838886956522,10.1824016059726,0.1392363588603694,39,64,,True,True,,48,59.56268577710819
139,2026-09-21T07:58:43.665+00:00,2026-09-21T08:01:36.519+00:00,2026-09-21T08:01:40.336+00:00,True,61,61.0,,61.0,172853.258437,176670.588101,176670.58823300002,2896.239151360656,45.163322,172853.258437,22123.44761338769,76.181534,63.62216106666667,8.746511077447234,0.34527535486057925,39,64,,True,True,,143,59.56268577710819
140,2026-09-21T07:58:43.901+00:00,2026-09-21T08:01:38.887+00:00,2026-09-21T08:01:42.329+00:00,True,56,56.0,,56.0,174986.005981,178428.10799699998,178428.10792799998,3186.2162129999997,42.325792,174986.005981,23375.12704560161,76.55666425,62.58367301818181,8.458688859883322,0.31385189603053776,39,64,,True,True,,68,59.56268577710819
141,2026-09-21T07:58:44.130+00:00,2026-09-21T08:01:39.801+00:00,2026-09-21T08:01:41.514+00:00,True,28,28.0,,28.0,175670.912067,177384.372291,177384.372469,6335.156159607142,51.579953,175670.912067,33186.68962432239,76.17448645,63.46148977777778,7.737584458317831,0.15784930565397187,39,64,,True,True,,83,59.56268577710819
142,2026-09-21T07:58:44.429+00:00,2026-09-21T08:01:41.231+00:00,2026-09-21T08:01:45.251+00:00,True,66,66.0,,66.0,176802.242813,180822.404093,180822.403952,2739.733393212121,44.158374,176802.242813,21755.240548555463,74.5849715,61.84863507692308,9.193524174364006,0.36499901840733795,39,64,,True,True,,133,59.56268577710819
143,2026-09-21T07:58:44.662+00:00,2026-09-21T08:01:42.453+00:00,2026-09-21T08:01:45.253+00:00,True,46,46.0,,46.0,177791.356385,180590.739937,180590.739958,3925.8856512608695,42.275701999999995,177791.356385,26204.735045856032,77.456104,62.20852337777778,9.875443474967444,0.25471959423859347,39,64,,True,True,,53,59.56268577710819
144,2026-09-21T07:58:44.934+00:00,2026-09-21T08:01:43.803+00:00,2026-09-21T08:01:49.251+00:00,True,88,88.0,,88.0,178868.94678099998,184316.85257299998,184316.85266399998,2094.509689363636,41.855822,178868.94678099998,19060.82073904075,75.74031215000001,62.6196068045977,9.248454819084108,0.47743870824371304,39,64,,True,True,,96,59.56268577710819
145,2026-09-21T07:58:45.247+00:00,2026-09-21T08:01:45.367+00:00,2026-09-21T08:01:49.694+00:00,True,70,70.0,,70.0,180119.874304,184446.46143999998,184446.461386,2634.9494483714284,43.198303,180119.874304,21520.949727696297,78.04194590000002,62.70416139130435,8.413006750055978,0.37951392210780277,39,64,,True,True,,6,59.56268577710819
146,2026-09-21T07:58:45.578+00:00,2026-09-21T08:01:46.988+00:00,2026-09-21T08:01:52.465+00:00,True,87,87.0,,87.0,181409.482205,186886.139357,186886.13938100002,2148.1165446091954,43.797692000000005,181409.482205,19442.312696954075,78.023025,63.68205990697675,9.195775999195682,0.4655240902259096,39,64,,True,True,,696,59.56268577710819
147,2026-09-21T07:58:45.858+00:00,2026-09-21T08:01:48.571+00:00,2026-09-21T08:01:52.460+00:00,True,62,62.0,,62.0,182713.838482,186601.961874,186601.96201299998,3009.7090647258065,44.895703000000005,182713.838482,23196.587741330273,79.64480135,63.73972773770492,9.720340947719722,0.332258028679594,39,64,,True,True,,186,59.56268577710819
148,2026-09-21T07:58:46.118+00:00,2026-09-21T08:01:50.122+00:00,2026-09-21T08:01:55.535+00:00,True,85,85.0,,85.0,184004.254709,189416.983285,189416.983101,2228.4350953058824,41.882642,184004.254709,19951.076687027482,77.34061080000001,64.43724495238095,9.595499499399589,0.44874540036416677,39,64,,True,True,,257,59.56268577710819
149,2026-09-21T07:58:46.426+00:00,2026-09-21T08:01:51.417+00:00,2026-09-21T08:01:55.464+00:00,True,65,65.0,,65.0,184990.938116,189038.13709200002,189038.137254,2908.279034676923,42.342712,184990.938116,22937.459922010516,77.7772728,63.237484,8.785557595906607,0.3438459614546781,39,64,,True,True,,585,59.56268577710819
150,2026-09-21T07:58:46.811+00:00,2026-09-21T08:01:53.280+00:00,2026-09-21T08:01:59.392+00:00,True,97,97.0,,97.0,186468.687107,192580.98150700002,192580.981608,1985.3709444123713,41.992552,186468.687107,18926.564348162865,77.28149000000002,63.66973333333333,9.567586795233721,0.5036842124333768,39,64,,True,True,,420,59.56268577710819
151,2026-09-21T07:58:47.205+00:00,2026-09-21T08:01:55.144+00:00,2026-09-21T08:01:59.723+00:00,True,73,73.0,,73.0,187939.332187,192518.485851,192518.485935,2637.2395333561644,42.849263,187939.332187,21989.192891973857,77.5097814,63.599356444444446,8.424303237127226,0.3791843659964086,39,64,,True,True,,532,59.56268577710819
152,2026-09-21T07:58:47.577+00:00,2026-09-21T08:01:57.192+00:00,2026-09-21T08:02:02.578+00:00,True,88,88.0,,88.0,189614.48300900002,195000.33414500003,195000.33411000003,2215.9128876136365,46.573353000000004,189614.48300900002,20206.374281919958,76.78118349999998,61.90633489655172,8.373138800905995,0.4512812779826531,39,64,,True,True,,407,59.56268577710819
153,2026-09-21T07:58:47.958+00:00,2026-09-21T08:01:59.165+00:00,2026-09-21T08:02:02.863+00:00,True,61,61.0,,61.0,191207.287086,194904.931886,194904.93192499998,3195.162818442623,43.603472000000004,191207.287086,24473.695539778586,75.926595,61.62741333333334,9.097356216508578,0.312973096215333,39,64,,True,True,,220,59.56268577710819
154,2026-09-21T07:58:48.206+00:00,2026-09-21T08:02:00.492+00:00,2026-09-21T08:02:03.176+00:00,True,45,45.0,,45.0,192286.117252,194970.152836,194970.152967,4332.670065933333,45.449033,192286.117252,28655.229607280377,74.7652922,61.00080872727273,8.09609373170887,0.2308045582641152,39,64,,True,True,,177,59.56268577710819
155,2026-09-21T07:58:48.486+00:00,2026-09-21T08:02:02.259+00:00,2026-09-21T08:02:02.991+00:00,True,13,13.0,,13.0,193772.385649,194504.640881,194504.640758,14961.895442923078,41.549292,193772.385649,53725.866870635036,77553.997294,61.021269333333336,10.561336060206065,0.06683645151661721,39,64,,True,True,,26,59.56268577710819
156,2026-09-21T07:58:48.858+00:00,2026-09-21T08:02:04.355+00:00,2026-09-21T08:02:04.559+00:00,True,4,4.0,,4.0,195497.468753,195701.04788899998,195701.047854,48925.2619635,59.022063,195497.468753,97714.80483399772,166184.53358915,67.859712,9.496722959397731,0.02043933869106704,39,64,,True,True,,19,59.56268577710819
157,2026-09-21T07:58:49.255+00:00,2026-09-21T08:02:06.518+00:00,2026-09-21T08:02:11.786+00:00,True,85,85.0,,85.0,197263.33371900002,202531.20418300002,202531.203994,2382.7200469882355,44.129202,197263.33371900002,21389.412185229092,75.1832378,62.71274361904762,8.553346507064592,0.41968841464645124,39,64,,True,True,,85,59.56268577710819
158,2026-09-21T07:58:49.543+00:00,2026-09-21T08:02:08.173+00:00,2026-09-21T08:02:13.920+00:00,True,92,92.0,,92.0,198630.870698,204377.734826,204377.734789,2221.497117271739,47.573723,198630.870698,20702.117327058913,76.63158545,63.15235305494505,8.200509474403654,0.45014688159806426,39,64,,True,True,,1188,59.56268577710819
159,2026-09-21T07:58:49.835+00:00,2026-09-21T08:02:09.505+00:00,2026-09-21T08:02:10.861+00:00,True,23,23.0,,23.0,199669.371011,201025.812099,201025.812054,8740.252698,45.555783000000005,199669.371011,41621.08657270315,75.1483329,61.65641309090909,8.964938663108043,0.11441316794021006,39,64,,True,True,,207,59.56268577710819
160,2026-09-21T07:58:50.090+00:00,2026-09-21T08:02:10.979+00:00,2026-09-21T08:02:16.727+00:00,True,91,91.0,,91.0,200888.973453,206636.92455700002,206636.92437400002,2270.735432681319,44.635833,200888.973453,21052.193824033297,78.85289449999999,63.866123377777775,9.979756739746781,0.4403859581006201,39,64,,True,True,,364,59.56268577710819
161,2026-09-21T07:58:50.386+00:00,2026-09-21T08:02:12.697+00:00,2026-09-21T08:02:13.337+00:00,True,11,11.0,,11.0,202310.520395,202950.507851,202950.50768,18450.04615272727,51.347972999999996,202310.520395,60979.621350436224,101194.59493949998,63.9987456,9.504270911332853,0.05420040637728219,39,64,,True,True,,66,59.56268577710819
162,2026-09-21T07:58:50.658+00:00,2026-09-21T08:02:14.254+00:00,2026-09-21T08:02:20.238+00:00,True,95,95.0,,95.0,203595.81335299998,209579.76471299998,209579.76469499996,2206.1027862631577,47.319383,203595.81335299998,20881.960310444974,76.906695,63.659057021276595,8.91871619142051,0.45328803632399184,39,64,,True,True,,845,59.56268577710819
163,2026-09-21T07:58:51.046+00:00,2026-09-21T08:02:16.460+00:00,2026-09-21T08:02:18.101+00:00,True,27,27.0,,27.0,205414.751951,207055.82331100001,207055.82336900002,7668.734198851852,47.177642,205414.751951,39519.941286371446,76.19961300000001,63.118129230769235,8.75103006823547,0.1303996167229053,39,64,,True,True,,27,59.56268577710819
164,2026-09-21T07:58:51.331+00:00,2026-09-21T08:02:17.920+00:00,2026-09-21T08:02:18.665+00:00,True,13,13.0,,13.0,206588.7218,207334.022536,207334.02235,15948.77095,48.080473,206588.7218,57280.177179994935,82681.64876239999,62.10839466666666,9.251559048361145,0.06270075620484705,39,64,,True,True,,136,59.56268577710819
165,2026-09-21T07:58:51.710+00:00,2026-09-21T08:02:20.061+00:00,2026-09-21T08:02:23.773+00:00,True,60,60.0,,60.0,208350.983366,212062.992838,212062.992868,3534.3832144666667,44.532661999999995,208350.983366,26889.875409655342,77.11384505,62.91541477966101,8.947635533234658,0.28293479780244085,39,64,,True,True,,60,59.56268577710819
166,2026-09-21T07:58:52.052+00:00,2026-09-21T08:02:21.688+00:00,2026-09-21T08:02:22.470+00:00,True,14,14.0,,14.0,209636.290489,210418.449337,210418.449441,15029.889245785715,46.015682999999996,209636.290489,56011.57602837276,73422.78472625,60.166065230769235,9.488193599577302,0.06653408978210847,39,64,,True,True,,41,59.56268577710819
167,2026-09-21T07:58:52.288+00:00,2026-09-21T08:02:23.068+00:00,2026-09-21T08:02:26.432+00:00,True,55,55.0,,55.0,210779.67686,214143.882172,214143.88214200002,3893.5251298545454,45.262873,210779.67686,28413.127165447855,79.069106,62.30009837037037,10.430623596532216,0.25683666253805976,39,64,,True,True,,60,59.56268577710819
168,2026-09-21T07:58:52.651+00:00,2026-09-21T08:02:24.925+00:00,2026-09-21T08:02:27.800+00:00,True,48,48.0,,48.0,212274.494562,215149.375586,215149.375567,4482.278657645834,43.697281000000004,212274.494562,30630.356885666868,78.90280465,61.16768136170213,9.803817829498954,0.22310081016625272,39,64,,True,True,,235,59.56268577710819
169,2026-09-21T07:58:53.651+00:00,2026-09-21T08:02:26.303+00:00,2026-09-21T08:02:29.952+00:00,True,60,60.0,,60.0,212652.564863,216301.259135,216301.25904900001,3605.02098415,43.080402,212652.564863,27445.34587224442,78.23251295,61.84227579661017,9.454251252069671,0.27739089564223124,39,64,,True,True,,300,59.56268577710819
171,2026-09-21T07:58:53.732+00:00,2026-09-21T08:02:27.913+00:00,2026-09-21T08:02:33.424+00:00,True,88,88.0,,88.0,214181.257079,219692.095863,219692.095852,2496.5010892272726,42.185722,214181.257079,22825.048233033434,77.288035,63.34297452873563,9.360252802676806,0.40056061031379486,39,64,,True,True,,274,59.56268577710819
170,2026-09-21T07:58:53.686+00:00,2026-09-21T08:02:27.972+00:00,2026-09-21T08:02:30.805+00:00,True,46,46.0,,46.0,214286.068146,217118.98565000002,217118.985656,4719.9779490434785,46.637462,214286.068146,31585.476170891154,76.60243299999999,62.95372231111111,8.53180586717837,0.21186539658099215,39,64,,True,True,,506,59.56268577710819
172,2026-09-21T07:58:53.923+00:00,2026-09-21T08:02:30.802+00:00,2026-09-21T08:02:36.011+00:00,True,82,82.0,,82.0,216879.29609000002,222087.875674,222087.875762,2708.388728804878,42.508542999999996,216879.29609000002,23943.21251082133,78.00381390000001,64.30345165432098,9.842387537428838,0.3692232173915102,39,64,,True,True,,487,59.56268577710819
173,2026-09-21T07:58:54.278+00:00,2026-09-21T08:02:33.429+00:00,2026-09-21T08:02:35.696+00:00,True,36,36.0,,36.0,219151.265905,221418.145137,221418.14492400002,6150.504025666667,46.774862,219151.265905,36514.41764472363,78.2276175,64.76797805714286,9.971190254359874,0.16258830087175286,39,64,,True,True,,36,59.56268577710819
174,2026-09-21T07:58:54.555+00:00,2026-09-21T08:02:34.875+00:00,2026-09-21T08:02:38.361+00:00,True,56,56.0,,56.0,220319.849117,223806.605981,223806.606099,3996.546537482143,45.857022,220319.849117,29433.008608930326,78.69789775000001,63.39557934545454,10.8220323338058,0.25021602805037,39,64,,True,True,,280,59.56268577710819
175,2026-09-21T07:58:54.853+00:00,2026-09-21T08:02:36.308+00:00,2026-09-21T08:02:41.350+00:00,True,81,81.0,,81.0,221454.70841800002,226496.868546,226496.868615,2796.2576372222225,43.959173,221454.70841800002,24599.077777587485,77.23907399999999,63.0270016,10.142352978370806,0.35762083829229385,39,64,,True,True,,567,59.56268577710819
176,2026-09-21T07:58:55.113+00:00,2026-09-21T08:02:37.585+00:00,2026-09-21T08:02:42.956+00:00,True,86,86.0,,86.0,222471.857374,227842.44195,227842.44199300001,2649.3307208488372,46.357262000000006,222471.857374,23982.94579958502,76.528963,63.183347952941176,9.070047917529886,0.3774538196833086,39,64,,True,True,,172,59.56268577710819
177,2026-09-21T07:58:55.509+00:00,2026-09-21T08:02:39.618+00:00,2026-09-21T08:02:39.618+00:00,True,1,1.0,,1.0,224108.777665,224108.777665,224108.777665,224108.777665,224108.777665,224108.777665,nan,224108.777665,nan,nan,0.004462118844335539,39,64,,True,True,,1,59.56268577710819
178,2026-09-21T07:58:55.746+00:00,2026-09-21T08:02:40.688+00:00,2026-09-21T08:02:41.523+00:00,True,14,14.0,,14.0,224942.12899700002,225777.35638900002,225777.35629700002,16126.954021214287,46.109353000000006,224942.12899700002,60101.14251899055,78778.0990669,64.24826092307693,10.414664512290754,0.06200798974667278,39,64,,True,True,,21,59.56268577710819
179,2026-09-21T07:58:56.051+00:00,2026-09-21T08:02:42.243+00:00,2026-09-21T08:02:47.891+00:00,True,90,90.0,,90.0,226192.06985,231840.068314,231840.068288,2576.0007587555556,46.228712,226192.06985,23836.05022377847,77.56816255,63.46065689887641,9.616043083017194,0.38819864337732,39,64,,True,True,,270,59.56268577710819
180,2026-09-21T07:58:56.416+00:00,2026-09-21T08:02:44.242+00:00,2026-09-21T08:02:46.087+00:00,True,31,31.0,,31.0,227825.512882,229671.069618,229671.069636,7408.744181806452,46.16875099999999,227825.512882,40907.62230013523,78.2779525,61.51855786666667,10.525004268332161,0.13497564169296852,39,64,,True,True,,186,59.56268577710819
181,2026-09-21T07:58:56.797+00:00,2026-09-21T08:02:46.431+00:00,2026-09-21T08:02:50.148+00:00,True,60,60.0,,60.0,229634.25263,233351.418454,233351.41848,3889.190308,43.717482000000004,229634.25263,29637.52229653515,77.44765899999999,63.00281057627118,9.141656661757503,0.25712292814636417,39,64,,True,True,,406,59.56268577710819
182,2026-09-21T07:58:57.075+00:00,2026-09-21T08:02:47.467+00:00,2026-09-21T08:02:48.605+00:00,True,19,19.0,,19.0,230391.682167,231529.464951,231529.464907,12185.761310894737,53.141892999999996,230391.682167,52840.97588758142,23107.620211499998,63.21015466666666,7.088365056117176,0.08206298927879908,39,64,,True,True,,110,59.56268577710819
183,2026-09-21T07:58:57.322+00:00,2026-09-21T08:02:48.900+00:00,2026-09-21T08:02:54.843+00:00,True,96,96.0,,96.0,231578.82698100002,237521.71978100002,237521.71976900002,2474.1845809270835,44.952292,231578.82698100002,23629.032124942067,77.42883275,62.556766315789474,9.122664422222822,0.4041735639524419,39,64,,True,True,,953,59.56268577710819
184,2026-09-21T07:58:57.641+00:00,2026-09-21T08:02:50.650+00:00,2026-09-21T08:02:55.350+00:00,True,76,76.0,,76.0,233008.812419,237709.251715,237709.251704,3127.7533118947367,42.917012,233008.812419,26720.75657753282,77.932821,62.672523946666665,9.76182138143686,0.3197183090337591,39,64,,True,True,,304,59.56268577710819
185,2026-09-21T07:58:57.919+00:00,2026-09-21T08:02:52.403+00:00,2026-09-21T08:02:56.266+00:00,True,62,62.0,,62.0,234483.627562,238347.16753,238347.167637,3844.309155435484,41.531223,234483.627562,29771.40868323794,78.90044955,63.336720786885245,10.934753676784611,0.2601247610471236,39,64,,True,True,,155,59.56268577710819
186,2026-09-21T07:58:58.165+00:00,2026-09-21T08:02:53.547+00:00,2026-09-21T08:02:57.993+00:00,True,72,72.0,,72.0,235381.781257,239827.693833,239827.693672,3330.9401898888887,46.572882,235381.781257,27732.63083353295,76.71114599999999,62.61848698591549,9.318849805139386,0.3002155374522177,39,64,,True,True,,292,59.56268577710819
187,2026-09-21T07:58:58.397+00:00,2026-09-21T08:02:54.847+00:00,2026-09-21T08:02:57.994+00:00,True,51,51.0,,51.0,236449.46075799997,239596.21966999996,239596.21961799997,4697.965090549019,42.813521,236449.46075799997,33100.73577338716,76.84955199999999,62.93517824,9.665840424024818,0.21285811633523763,39,64,,True,True,,200,59.56268577710819
188,2026-09-21T07:58:58.630+00:00,2026-09-21T08:02:55.916+00:00,2026-09-21T08:03:00.479+00:00,True,74,74.0,,74.0,237286.530103,241848.910647,241848.91073,3268.228523378378,44.473642,237286.530103,27576.734852633705,77.10670215,62.49836361643836,8.558128255923569,0.30597615594808103,39,64,,True,True,,296,59.56268577710819
189,2026-09-21T07:58:58.927+00:00,2026-09-21T08:02:57.649+00:00,2026-09-21T08:03:02.565+00:00,True,79,79.0,,79.0,238721.87075099998,243637.969567,243637.96937299997,3084.0249287721517,45.989951999999995,238721.87075099998,26851.219595953706,80.1582629,63.0269078974359,9.97754236128514,0.32425159403684467,39,64,,True,True,,470,59.56268577710819
190,2026-09-21T07:58:59.226+00:00,2026-09-21T08:02:59.199+00:00,2026-09-21T08:03:03.328+00:00,True,67,67.0,,67.0,239972.038154,244101.401098,244101.401078,3643.3044937014924,43.785742,239972.038154,29309.608408078395,77.8228233,62.56610521212121,9.486728029868708,0.27447609763248076,39,64,,True,True,,134,59.56268577710819
191,2026-09-21T07:58:59.548+00:00,2026-09-21T08:03:00.816+00:00,2026-09-21T08:03:03.382+00:00,True,42,42.0,,42.0,241267.940377,243834.139929,243834.13992699998,5805.574760166666,42.11398200000001,241267.940377,37218.7949177773,79.10446205,62.59023297560976,10.193148641724116,0.1722482340341251,39,64,,True,True,,210,59.56268577710819
192,2026-09-21T07:58:59.870+00:00,2026-09-21T08:03:02.638+00:00,2026-09-21T08:03:04.257+00:00,True,26,26.0,,26.0,242767.855248,244387.221648,244387.221525,9399.508520192308,52.931470999999995,242767.855248,47597.99083968225,80.862443,64.774656,8.253063673802595,0.10638854120387999,39,64,,True,True,,89,59.56268577710819
193,2026-09-21T07:59:00.125+00:00,2026-09-21T08:03:03.765+00:00,2026-09-21T08:03:09.983+00:00,True,97,97.0,,97.0,243640.105451,249858.354155,249858.354089,2575.8593205051548,46.206642,243640.105451,24731.329541704865,76.923182,64.773424,8.976695422478274,0.3882199589765404,39,64,,True,True,,194,59.56268577710819
194,2026-09-21T07:59:00.410+00:00,2026-09-21T08:03:05.276+00:00,2026-09-21T08:03:07.291+00:00,True,32,32.0,,32.0,244866.129024,246881.460608,246881.460655,7715.04564546875,44.472222,244866.129024,43275.133670270516,80.182344,65.01069625806451,9.302763985657649,0.1296168611494478,39,64,,True,True,,106,59.56268577710819
195,2026-09-21T07:59:00.624+00:00,2026-09-21T08:03:06.391+00:00,2026-09-21T08:03:08.447+00:00,True,33,33.0,,33.0,245766.571291,247823.060763,247823.060603,7509.789715242424,48.220742,245766.571291,42771.2826791327,78.399967,64.265296,10.24108665644589,0.1331595207419329,39,64,,True,True,,99,59.56268577710819
196,2026-09-21T07:59:00.873+00:00,2026-09-21T08:03:07.818+00:00,2026-09-21T08:03:08.711+00:00,True,15,15.0,,15.0,246945.53044499998,247837.931341,247837.93136599998,16522.528757733333,48.804680999999995,246945.53044499998,63744.604153880435,74139.0975396,63.74292114285714,9.92097127879433,0.060523423185620095,39,64,,True,True,,33,59.56268577710819
198,2026-09-21T07:59:01.525+00:00,2026-09-21T08:03:10.041+00:00,2026-09-21T08:03:11.509+00:00,True,24,24.0,,24.0,248515.314586,249983.636122,249983.636148,10415.984839499999,45.210772,248515.314586,50714.94588718859,78.50124615,63.840066782608694,10.397877370299868,0.09600628414048364,39,64,,True,True,,95,59.56268577710819
199,2026-09-21T07:59:01.846+00:00,2026-09-21T08:03:11.506+00:00,2026-09-21T08:03:13.566+00:00,True,34,34.0,,34.0,249660.278394,251720.314234,251720.314165,7403.538651911765,41.776071,249660.278394,42805.679694401435,76.57339819999999,62.425328484848485,9.576180159415118,0.1350705448762212,39,64,,True,True,,68,59.56268577710819
200,2026-09-21T07:59:02.211+00:00,2026-09-21T08:03:14.210+00:00,2026-09-21T08:03:15.917+00:00,True,27,27.0,,27.0,251998.06999000002,253705.369062,253705.36894900003,9396.49514625926,44.432521,251998.06999000002,48484.41465196777,80.0112493,65.66534892307692,8.824061811736385,0.10642265908610626,39,64,,True,True,,40,59.56268577710819
197,2026-09-21T07:59:01.157+00:00,2026-09-21T08:03:14.638+00:00,2026-09-21T08:03:20.127+00:00,True,89,89.0,,89.0,253481.222415,258970.141711,258970.141737,2909.776873449438,46.343482,253481.222415,26862.345648725157,76.53728099999998,62.37408290909091,8.877306650165512,0.34366896280776776,39,64,,True,True,,356,59.56268577710819
201,2026-09-21T07:59:02.503+00:00,2026-09-21T08:03:16.702+00:00,2026-09-21T08:03:18.508+00:00,True,31,31.0,,31.0,254198.52094699998,256004.651123,256004.65099,8258.214548064516,46.154282,254198.52094699998,45644.58991695562,75.99172200000001,60.2043392,8.72035408644551,0.12109154995432385,39,64,,True,True,,103,59.56268577710819
202,2026-09-21T07:59:02.831+00:00,2026-09-21T08:03:17.991+00:00,2026-09-21T08:03:19.737+00:00,True,29,29.0,,29.0,255159.846548,256906.196372,256906.19633,8858.834356206897,42.368991,255159.846548,47370.413223297684,77.99046200000001,62.36963657142857,9.811689994893188,0.11288166813231713,39,64,,True,True,,78,59.56268577710819
203,2026-09-21T07:59:03.063+00:00,2026-09-21T08:03:19.353+00:00,2026-09-21T08:03:25.314+00:00,True,94,94.0,,94.0,256290.619202,262251.18317,262251.183222,2789.9062044893617,42.467142,256290.619202,26427.750491423914,78.38075549999999,64.09208567741936,10.590551226111737,0.3584349891724456,39,64,,True,True,,189,59.56268577710819
204,2026-09-21T07:59:03.438+00:00,2026-09-21T08:03:21.413+00:00,2026-09-21T08:03:22.847+00:00,True,23,23.0,,23.0,257974.839386,259408.396634,259408.39671600002,11278.625944173913,49.221011,257974.839386,53777.886208525386,80.50144,65.1616930909091,9.988869731354674,0.08866328267874368,39,64,,True,True,,51,59.56268577710819
205,2026-09-21T07:59:03.753+00:00,2026-09-21T08:03:22.790+00:00,2026-09-21T08:03:25.030+00:00,True,37,37.0,,37.0,259037.470251,261277.585963,261277.58583999999,7061.556374054054,42.289882,259037.470251,42575.2692588322,80.49245499999999,62.22543644444445,10.561558350384335,0.14161184115211337,39,64,,True,True,,123,59.56268577710819
206,2026-09-21T07:59:03.979+00:00,2026-09-21T08:03:23.615+00:00,2026-09-21T08:03:26.062+00:00,True,40,40.0,,40.0,259635.384137,262082.655049,262082.65494299997,6552.0663735749995,46.025932,259635.384137,41042.037765878405,75.52127945,62.750536205128206,7.917484083950695,0.15262360644401074,39,64,,True,True,,276,59.56268577710819
207,2026-09-21T07:59:04.303+00:00,2026-09-21T08:03:25.566+00:00,2026-09-21T08:03:31.184+00:00,True,90,90.0,,90.0,261263.53889199998,266881.08333999995,266881.083496,2965.345372177778,43.949572,261263.53889199998,27532.943388902462,76.11439064999999,63.11847694382023,9.377252993464596,0.33722884692184124,39,64,,True,True,,90,59.56268577710819
208,2026-09-21T07:59:04.600+00:00,2026-09-21T08:03:27.163+00:00,2026-09-21T08:03:27.804+00:00,True,11,11.0,,11.0,262562.458066,263203.563218,263203.56317900005,23927.596652636366,49.617892,262562.458066,79146.23038885451,131320.75331949999,64.11051520000001,10.840825678335072,0.04179274727709207,39,64,,True,True,,74,59.56268577710819
210,2026-09-21T07:59:05.655+00:00,2026-09-21T08:03:30.022+00:00,2026-09-21T08:03:31.571+00:00,True,25,25.0,,25.0,264367.390818,265916.24509000004,265916.245054,10636.64980216,50.926922,264367.390818,52860.57178847995,77.95194080000002,64.53559466666667,9.056639173430222,0.09401456459171453,39,64,,True,True,,100,59.56268577710819
209,2026-09-21T07:59:05.594+00:00,2026-09-21T08:03:30.204+00:00,2026-09-21T08:03:33.403+00:00,True,51,51.0,,51.0,264610.19126,267808.68214,267808.68219799997,5251.150631333333,47.231741,264610.19126,37043.8816835708,77.8047265,63.9698176,9.383419698603616,0.19043445340334106,39,64,,True,True,,52,59.56268577710819
211,2026-09-21T07:59:05.716+00:00,2026-09-21T08:03:30.657+00:00,2026-09-21T08:03:35.007+00:00,True,69,69.0,,69.0,264940.853924,269290.872996,269290.872969,3902.7662749130436,43.961481,264940.853924,31887.430697757536,77.04659160000001,63.97086870588235,8.696328113472573,0.25622851317736606,39,64,,True,True,,138,59.56268577710819
212,2026-09-21T07:59:05.814+00:00,2026-09-21T08:03:33.248+00:00,2026-09-21T08:03:34.416+00:00,True,19,19.0,,19.0,267434.002592,268601.348256,268601.348336,14136.91307031579,46.749491,267434.002592,61338.69032888739,26815.684814,64.85253688888889,8.495736924657635,0.07073680055355261,39,64,,True,True,,114,59.56268577710819
213,2026-09-21T07:59:06.070+00:00,2026-09-21T08:03:35.065+00:00,2026-09-21T08:03:36.718+00:00,True,27,27.0,,27.0,268994.994864,270648.269232,270648.269068,10024.009965481482,46.299991,268994.994864,51755.87446070849,78.1117663,63.5874756923077,10.252558391748304,0.09976047538237005,39,64,,True,True,,109,59.56268577710819
214,2026-09-21T07:59:06.418+00:00,2026-09-21T08:03:36.966+00:00,2026-09-21T08:03:43.034+00:00,True,95,95.0,,95.0,270548.051828,276616.006772,276616.006924,2911.7474413052632,44.627661,270548.051828,27751.02342487736,77.871727,64.55271217021277,10.475542361494476,0.34343637994276843,39,64,,True,True,,190,59.56268577710819
215,2026-09-21T07:59:06.636+00:00,2026-09-21T08:03:38.284+00:00,2026-09-21T08:03:41.595+00:00,True,52,52.0,,52.0,271647.458272,274959.042016,274959.041982,5287.673884269231,44.785081,271647.458272,37661.721593806426,78.75630394999999,64.9330145882353,11.020592042687996,0.18911907613125192,39,64,,True,True,,106,59.56268577710819
216,2026-09-21T07:59:06.902+00:00,2026-09-21T08:03:39.465+00:00,2026-09-21T08:03:45.773+00:00,True,99,99.0,,99.0,272563.109069,278870.834637,278870.834561,2816.8771167777777,43.822202,272563.109069,27387.15623920478,77.05889880000001,64.3645466122449,10.397495010364455,0.35500306128773246,39,64,,True,True,,202,59.56268577710819
217,2026-09-21T07:59:07.213+00:00,2026-09-21T08:03:41.165+00:00,2026-09-21T08:03:46.555+00:00,True,85,85.0,,85.0,273951.723883,279341.44369100005,279341.44370500004,3286.369925941177,43.875301,273951.723883,29707.278293079107,76.66269919999999,64.16333104761904,8.98442530337891,0.30428710783790713,39,64,,True,True,,85,59.56268577710819
218,2026-09-21T07:59:07.483+00:00,2026-09-21T08:03:42.445+00:00,2026-09-21T08:03:43.248+00:00,True,13,13.0,,13.0,274961.92484,275765.21828,275765.218158,21212.70908907692,46.719162,274961.92484,76242.15126203457,110031.44971459999,66.94112,9.5980852443929,0.04714155063166946,39,64,,True,True,,41,59.56268577710819
219,2026-09-21T07:59:07.786+00:00,2026-09-21T08:03:44.056+00:00,2026-09-21T08:03:45.909+00:00,True,30,30.0,,30.0,276269.279624,278122.526856,278122.526953,9270.750898433334,46.316371,276269.279624,50427.972334622675,79.57725850000001,63.90507696551724,9.982857934710147,0.10786612770684598,39,64,,True,True,,60,59.56268577710819
220,2026-09-21T07:59:08.105+00:00,2026-09-21T08:03:45.911+00:00,2026-09-21T08:03:47.116+00:00,True,20,20.0,,20.0,277806.41602,279011.62562,279011.625775,13950.58128875,46.065691,277806.41602,62105.21993955147,13962.99427245,63.43208421052632,9.620834443687762,0.07168160092095592,39,64,,True,True,,40,59.56268577710819
221,2026-09-21T07:59:08.349+00:00,2026-09-21T08:03:47.039+00:00,2026-09-21T08:03:48.615+00:00,True,26,26.0,,26.0,278690.58838800003,280266.13987600006,280266.139961,10779.466921576925,47.458951,278690.58838800003,54643.36228825052,83.6565985,63.022059520000006,9.76493404922302,0.09276896599604699,39,64,,True,True,,77,59.56268577710819
222,2026-09-21T07:59:08.658+00:00,2026-09-21T08:03:48.684+00:00,2026-09-21T08:03:51.765+00:00,True,49,49.0,,49.0,280026.24411,283107.30932600005,283107.309445,5777.700192755103,46.216711000000004,280026.24411,39994.58039251587,77.54825939999999,64.18885866666666,9.35476570446836,0.17307924728844126,39,64,,True,True,,294,59.56268577710819
223,2026-09-21T07:59:09.018+00:00,2026-09-21T08:03:50.591+00:00,2026-09-21T08:03:53.685+00:00,True,49,49.0,,49.0,281572.979973,284666.126085,284666.12586800003,5809.512772816327,44.691291,281572.979973,40215.50661038896,76.69590339999999,64.440544,8.958523372665956,0.17213147441845197,39,64,,True,True,,533,59.56268577710819
224,2026-09-21T07:59:09.382+00:00,2026-09-21T08:03:52.399+00:00,2026-09-21T08:03:53.079+00:00,True,12,12.0,,12.0,283016.865543,283697.079303,283697.07926699996,23641.42327225,45.424971,283016.865543,81682.08129395054,127398.96125939999,61.83761454545455,9.680374953149245,0.04229863779169722,39,64,,True,True,,20,59.56268577710819
225,2026-09-21T07:59:09.625+00:00,2026-09-21T08:03:53.410+00:00,2026-09-21T08:03:53.485+00:00,True,2,2.0,,2.0,283784.646099,283860.483795,283860.483741,141930.2418705,75.837642,283784.646099,200612.42234230004,269599.20567615,75.837696,nan,0.007045714758396493,39,64,,True,True,,2,59.56268577710819
228,2026-09-21T07:59:10.598+00:00,2026-09-21T08:03:56.308+00:00,2026-09-21T08:03:58.224+00:00,True,33,33.0,,33.0,285710.109108,287626.279604,287626.279539,8715.947864818181,43.35775099999999,285710.109108,49725.32309467635,77.14250799999999,59.880328,9.314286361031757,0.11473221447440045,39,64,,True,True,,0,59.56268577710819
229,2026-09-21T07:59:10.872+00:00,2026-09-21T08:03:57.870+00:00,2026-09-21T08:03:59.656+00:00,True,29,29.0,,29.0,286998.388822,288784.162902,288784.16287,9958.074581724139,49.771101,286998.388822,53282.42012376863,76.2079594,63.77764571428572,7.17990166467913,0.10042101931275664,39,64,,True,True,,29,59.56268577710819
226,2026-09-21T07:59:09.970+00:00,2026-09-21T08:03:58.614+00:00,2026-09-21T08:03:59.795+00:00,True,19,19.0,,19.0,288643.812412,289825.52377200004,289825.523877,15253.97494089474,43.980641000000006,288643.812412,66204.37142110386,28934.644495,65.65063111111111,9.608037816164552,0.06555668304406109,39,64,,True,True,,133,59.56268577710819
230,2026-09-21T07:59:11.190+00:00,2026-09-21T08:04:00.790+00:00,2026-09-21T08:04:04.478+00:00,True,59,59.0,,59.0,289600.389681,293287.710257,293287.710148,4970.978138101695,49.169081,289600.389681,37694.48360034186,76.5003451,63.57449268965517,8.500155579840094,0.20116765188797003,39,64,,True,True,,117,59.56268577710819
227,2026-09-21T07:59:10.266+00:00,2026-09-21T08:04:02.063+00:00,2026-09-21T08:04:07.192+00:00,True,83,83.0,,83.0,291796.556993,296925.92812899995,296925.92809099995,3577.420820373494,44.698510999999996,291796.556993,32021.968192264314,75.6052739,62.55330653658537,8.686228247144395,0.27953099455814623,39,64,,True,True,,328,59.56268577710819
231,2026-09-21T07:59:11.443+00:00,2026-09-21T08:04:02.857+00:00,2026-09-21T08:04:05.837+00:00,True,49,49.0,,49.0,291413.926048,294393.884832,294393.88471,6008.038463469387,42.484021,291413.926048,41621.69308923074,78.00341540000001,62.08247466666666,9.886915787462405,0.16644367469780336,39,64,,True,True,,147,59.56268577710819
232,2026-09-21T07:59:11.798+00:00,2026-09-21T08:04:04.968+00:00,2026-09-21T08:04:08.929+00:00,True,64,64.0,,64.0,293170.245385,297130.71207300003,297130.71199800004,4642.667374968751,43.828031,293170.245385,36638.42369955232,75.2284735,62.86455060317461,9.029948339548639,0.21539341912348756,39,64,,True,True,,128,59.56268577710819
233,2026-09-21T07:59:12.123+00:00,2026-09-21T08:04:06.504+00:00,2026-09-21T08:04:08.674+00:00,True,35,35.0,,35.0,294380.469899,296550.786443,296550.786365,8472.879610428572,47.819821000000005,294380.469899,49748.59222169376,76.68709670000001,63.832839529411764,7.918549888602111,0.11802362900402338,39,64,,True,True,,196,59.56268577710819
234,2026-09-21T07:59:12.518+00:00,2026-09-21T08:04:08.672+00:00,2026-09-21T08:04:12.113+00:00,True,56,56.0,,56.0,296154.35371,299595.219758,299595.219722,5349.914637892857,42.078511,296154.35371,39566.93110419459,76.29684200000001,62.56120087272728,9.027290705576785,0.1869188702184046,39,64,,True,True,,588,59.56268577710819
235,2026-09-21T07:59:12.913+00:00,2026-09-21T08:04:10.892+00:00,2026-09-21T08:04:12.973+00:00,False,36,35.0,,35.0,297979.097281,300059.413953,300059.413885,8334.983719027778,0.02902,297979.097281,49653.27843624291,78.449607,59.4376192,13.661171342867279,0.11664356581554294,39,64,,True,False,Request timeout: 300.0s exceeded,175,59.56268577710819
236,2026-09-21T07:59:13.250+00:00,2026-09-21T08:04:12.895+00:00,2026-09-21T08:04:13.330+00:00,False,9,8.0,,8.0,299644.892943,300080.231439,300080.23155200004,33342.24795022223,0.02566,299644.892943,99863.49447295835,179818.0930666,54.417312,24.364509385551905,0.026659536889974147,39,64,,True,False,Request timeout: 300.0s exceeded,27,59.56268577710819
237,2026-09-21T07:59:13.579+00:00,2026-09-21T08:04:13.667+00:00,2026-09-21T08:04:13.667+00:00,False,1,0.0,,0.0,300088.739001,300088.739001,300088.739001,300088.739001,300088.739001,300088.739001,nan,300088.739001,nan,nan,0.0,39,64,,True,False,"HTTPConnectionPool(host='gpu06', port=9004): Read timed out.",0,59.56268577710819
238,2026-09-21T07:59:13.811+00:00,2026-09-21T08:04:13.892+00:00,2026-09-21T08:04:13.892+00:00,False,1,0.0,,0.0,300080.830865,300080.830865,300080.830865,300080.830865,300080.830865,300080.830865,nan,300080.830865,nan,nan,0.0,39,64,,True,False,"HTTPConnectionPool(host='gpu06', port=9004): Read timed out.",0,59.56268577710819
239,2026-09-21T07:59:14.068+00:00,2026-09-21T08:04:14.170+00:00,2026-09-21T08:04:14.170+00:00,False,1,0.0,,0.0,300102.170019,300102.170019,300102.170019,300102.170019,300102.170019,300102.170019,nan,300102.170019,nan,nan,0.0,39,64,,True,False,"HTTPConnectionPool(host='gpu06', port=9004): Read timed out.",0,59.56268577710819
240,2026-09-21T07:59:14.327+00:00,2026-09-21T08:04:14.407+00:00,2026-09-21T08:04:14.407+00:00,False,1,0.0,,0.0,300079.948471,300079.948471,300079.948471,300079.948471,300079.948471,300079.948471,nan,300079.948471,nan,nan,0.0,39,64,,True,False,"HTTPConnectionPool(host='gpu06', port=9004): Read timed out.",0,59.56268577710819
241,2026-09-21T07:59:14.579+00:00,2026-09-21T08:04:14.687+00:00,2026-09-21T08:04:14.687+00:00,False,1,0.0,,0.0,300108.166364,300108.166364,300108.166364,300108.166364,300108.166364,300108.166364,nan,300108.166364,nan,nan,0.0,39,64,,True,False,"HTTPConnectionPool(host='gpu06', port=9004): Read timed out.",0,59.56268577710819
242,2026-09-21T07:59:14.849+00:00,2026-09-21T08:04:14.954+00:00,2026-09-21T08:04:14.954+00:00,False,1,0.0,,0.0,300104.890716,300104.890716,300104.890716,300104.890716,300104.890716,300104.890716,nan,300104.890716,nan,nan,0.0,39,64,,True,False,"HTTPConnectionPool(host='gpu06', port=9004): Read timed out.",0,59.56268577710819
243,2026-09-21T07:59:15.224+00:00,2026-09-21T08:04:15.328+00:00,2026-09-21T08:04:15.328+00:00,False,1,0.0,,0.0,300104.697991,300104.697991,300104.697991,300104.697991,300104.697991,300104.697991,nan,300104.697991,nan,nan,0.0,39,64,,True,False,"HTTPConnectionPool(host='gpu06', port=9004): Read timed out.",0,59.56268577710819
244,2026-09-21T07:59:15.543+00:00,2026-09-21T08:04:15.646+00:00,2026-09-21T08:04:15.646+00:00,False,1,0.0,,0.0,300103.514439,300103.514439,300103.514439,300103.514439,300103.514439,300103.514439,nan,300103.514439,nan,nan,0.0,39,64,,True,False,TTFT timeout: 300.0s exceeded (TTFT: 300.097s),0,59.56268577710819
245,2026-09-21T07:59:15.782+00:00,2026-09-21T08:04:15.803+00:00,2026-09-21T08:04:15.803+00:00,False,1,0.0,,0.0,300021.384692,300021.384692,300021.384692,300021.384692,300021.384692,300021.384692,nan,300021.384692,nan,nan,0.0,39,64,,True,False,TTFT timeout: 300.0s exceeded (TTFT: 300.008s),0,59.56268577710819
246,2026-09-21T07:59:16.056+00:00,2026-09-21T08:04:16.164+00:00,2026-09-21T08:04:16.164+00:00,False,1,0.0,,0.0,300107.736985,300107.736985,300107.736985,300107.736985,300107.736985,300107.736985,nan,300107.736985,nan,nan,0.0,39,64,,True,False,"HTTPConnectionPool(host='gpu06', port=9004): Read timed out.",0,59.56268577710819
247,2026-09-21T07:59:16.339+00:00,2026-09-21T08:04:16.361+00:00,2026-09-21T08:04:16.361+00:00,False,1,0.0,,0.0,300021.897554,300021.897554,300021.897554,300021.897554,300021.897554,300021.897554,nan,300021.897554,nan,nan,0.0,39,64,,True,False,"HTTPConnectionPool(host='gpu06', port=9004): Read timed out.",0,59.56268577710819
248,2026-09-21T07:59:16.572+00:00,2026-09-21T08:04:16.673+00:00,2026-09-21T08:04:16.673+00:00,False,1,0.0,,0.0,300101.23003,300101.23003,300101.23003,300101.23003,300101.23003,300101.23003,nan,300101.23003,nan,nan,0.0,39,64,,True,False,"HTTPConnectionPool(host='gpu06', port=9004): Read timed out.",0,59.56268577710819
249,2026-09-21T07:59:16.923+00:00,2026-09-21T08:04:17.024+00:00,2026-09-21T08:04:17.024+00:00,False,1,0.0,,0.0,300101.177016,300101.177016,300101.177016,300101.177016,300101.177016,300101.177016,nan,300101.177016,nan,nan,0.0,39,64,,True,False,"HTTPConnectionPool(host='gpu06', port=9004): Read timed out.",0,59.56268577710819
250,2026-09-21T07:59:17.218+00:00,2026-09-21T08:04:17.323+00:00,2026-09-21T08:04:17.323+00:00,False,1,0.0,,0.0,300105.170368,300105.170368,300105.170368,300105.170368,300105.170368,300105.170368,nan,300105.170368,nan,nan,0.0,39,64,,True,False,"HTTPConnectionPool(host='gpu06', port=9004): Read timed out.",0,59.56268577710819
251,2026-09-21T07:59:17.521+00:00,2026-09-21T08:04:17.547+00:00,2026-09-21T08:04:17.547+00:00,False,1,0.0,,0.0,300026.75604500005,300026.75604500005,300026.75604500005,300026.75604500005,300026.75604500005,300026.75604500005,nan,300026.75604500005,nan,nan,0.0,39,64,,True,False,TTFT timeout: 300.0s exceeded (TTFT: 300.022s),0,59.56268577710819
252,2026-09-21T07:59:17.748+00:00,2026-09-21T08:04:17.805+00:00,2026-09-21T08:04:17.805+00:00,False,1,0.0,,0.0,300057.38575099997,300057.38575099997,300057.38575099997,300057.38575099997,300057.38575099997,300057.38575099997,nan,300057.38575099997,nan,nan,0.0,39,64,,True,False,TTFT timeout: 300.0s exceeded (TTFT: 300.053s),0,59.56268577710819
253,2026-09-21T07:59:18.028+00:00,2026-09-21T08:04:18.032+00:00,2026-09-21T08:04:18.103+00:00,False,3,2.0,,2.0,300004.46979,300074.628894,300074.628992,100024.87633066667,0.02339,300004.46979,173187.41172226722,270011.03639220004,35.079552,49.57703268122319,0.006665008659250866,39,64,,True,False,Request timeout: 300.0s exceeded,10,59.56268577710819
254,2026-09-21T07:59:18.255+00:00,2026-09-21T08:04:18.518+00:00,2026-09-21T08:04:19.476+00:00,False,13,12.0,,12.0,300262.496611,301220.721507,301220.721341,23170.82471853846,0.04461,300262.496611,83255.69405824685,120186.8378362,79.85207466666667,38.454116730293535,0.03983789674217726,39,64,,True,False,Request timeout: 300.0s exceeded,101,59.56268577710819
255,2026-09-21T07:59:19.337+00:00,2026-09-21T08:04:18.632+00:00,2026-09-21T08:04:19.685+00:00,False,16,15.0,,15.0,299294.955948,300348.31582,300348.31583000004,18771.769739375002,0.03538,299294.955948,74806.19067473225,74925.31335675,70.22399146666667,35.10012780972188,0.04994201468733909,39,64,,True,False,Request timeout: 300.0s exceeded,50,59.56268577710819
257,2026-09-21T07:59:19.500+00:00,2026-09-21T08:04:18.822+00:00,2026-09-21T08:04:19.638+00:00,False,13,12.0,,12.0,299321.937338,300138.51308199996,300138.513065,23087.577928076924,0.03359,299321.937338,82998.10161055735,119798.195111,68.04797866666667,33.06050079007724,0.03998154011218652,39,64,,True,False,Request timeout: 300.0s exceeded,24,59.56268577710819
256,2026-09-21T07:59:19.494+00:00,2026-09-21T08:04:19.271+00:00,2026-09-21T08:04:19.901+00:00,False,13,12.0,,12.0,299777.034577,300407.316049,300407.315851,23108.25506546154,0.0825,299777.034577,83128.62517877771,119964.101272,52.523456,21.74911373506556,0.03994576482965101,39,64,,True,False,Request timeout: 300.0s exceeded,26,59.56268577710819
258,2026-09-21T07:59:19.653+00:00,2026-09-21T08:04:19.932+00:00,2026-09-21T08:04:19.932+00:00,False,1,0.0,,0.0,300279.354257,300279.354257,300279.354257,300279.354257,300279.354257,300279.354257,nan,300279.354257,nan,nan,0.0,39,64,,True,False,"HTTPConnectionPool(host='gpu06', port=9004): Read timed out.",0,59.56268577710819
259,2026-09-21T07:59:20.130+00:00,2026-09-21T08:04:21.211+00:00,2026-09-21T08:04:21.403+00:00,False,5,4.0,,4.0,301080.924412,301272.91878,301272.918936,60254.5837872,0.02563,301080.924412,134626.02214226517,240885.46889199998,47.998592,42.53616680216959,0.013276998198835587,39,64,,True,False,Request timeout: 300.0s exceeded,9,59.56268577710819
260,2026-09-21T07:59:20.321+00:00,2026-09-21T08:04:21.524+00:00,2026-09-21T08:04:21.524+00:00,False,1,0.0,,0.0,301203.489523,301203.489523,301203.489523,301203.489523,301203.489523,301203.489523,nan,301203.489523,nan,nan,0.0,39,64,,True,False,"HTTPConnectionPool(host='gpu06', port=9004): Read timed out.",0,59.56268577710819
261,2026-09-21T07:59:20.556+00:00,2026-09-21T08:04:21.897+00:00,2026-09-21T08:04:21.897+00:00,False,1,0.0,,0.0,301340.614539,301340.614539,301340.614539,301340.614539,301340.614539,301340.614539,nan,301340.614539,nan,nan,0.0,39,64,,True,False,"HTTPConnectionPool(host='gpu06', port=9004): Read timed out.",0,59.56268577710819
264,2026-09-21T07:59:21.460+00:00,2026-09-21T08:04:21.897+00:00,2026-09-21T08:04:21.897+00:00,False,1,0.0,,0.0,300436.904379,300436.904379,300436.904379,300436.904379,300436.904379,300436.904379,nan,300436.904379,nan,nan,0.0,39,64,,True,False,"HTTPConnectionPool(host='gpu06', port=9004): Read timed out.",0,59.56268577710819
265,2026-09-21T07:59:21.737+00:00,2026-09-21T08:04:21.899+00:00,2026-09-21T08:04:21.899+00:00,False,1,0.0,,0.0,300162.91628500004,300162.91628500004,300162.91628500004,300162.91628500004,300162.91628500004,300162.91628500004,nan,300162.91628500004,nan,nan,0.0,39,64,,True,False,"HTTPConnectionPool(host='gpu06', port=9004): Read timed out.",0,59.56268577710819
270,2026-09-21T07:59:23.169+00:00,2026-09-21T08:04:23.286+00:00,2026-09-21T08:04:23.286+00:00,False,1,0.0,,0.0,300117.013528,300117.013528,300117.013528,300117.013528,300117.013528,300117.013528,nan,300117.013528,nan,nan,0.0,39,64,,True,False,"HTTPConnectionPool(host='gpu06', port=9004): Read timed out.",0,59.56268577710819
268,2026-09-21T07:59:22.553+00:00,2026-09-21T08:04:23.286+00:00,2026-09-21T08:04:23.286+00:00,False,1,0.0,,0.0,300733.401932,300733.401932,300733.401932,300733.401932,300733.401932,300733.401932,nan,300733.401932,nan,nan,0.0,39,64,,True,False,"HTTPConnectionPool(host='gpu06', port=9004): Read timed out.",0,59.56268577710819
263,2026-09-21T07:59:21.203+00:00,2026-09-21T08:04:23.298+00:00,2026-09-21T08:04:23.298+00:00,False,1,0.0,,0.0,302095.367022,302095.367022,302095.367022,302095.367022,302095.367022,302095.367022,nan,302095.367022,nan,nan,0.0,39,64,,True,False,"HTTPConnectionPool(host='gpu06', port=9004): Read timed out.",0,59.56268577710819
269,2026-09-21T07:59:22.803+00:00,2026-09-21T08:04:23.299+00:00,2026-09-21T08:04:23.299+00:00,False,1,0.0,,0.0,300496.128041,300496.128041,300496.128041,300496.128041,300496.128041,300496.128041,nan,300496.128041,nan,nan,0.0,39,64,,True,False,"HTTPConnectionPool(host='gpu06', port=9004): Read timed out.",0,59.56268577710819
267,2026-09-21T07:59:22.228+00:00,2026-09-21T08:04:23.306+00:00,2026-09-21T08:04:23.306+00:00,False,1,0.0,,0.0,301077.939322,301077.939322,301077.939322,301077.939322,301077.939322,301077.939322,nan,301077.939322,nan,nan,0.0,39,64,,True,False,"HTTPConnectionPool(host='gpu06', port=9004): Read timed out.",0,59.56268577710819
266,2026-09-21T07:59:22.008+00:00,2026-09-21T08:04:23.318+00:00,2026-09-21T08:04:23.318+00:00,False,1,0.0,,0.0,301309.39452100004,301309.39452100004,301309.39452100004,301309.39452100004,301309.39452100004,301309.39452100004,nan,301309.39452100004,nan,nan,0.0,39,64,,True,False,"HTTPConnectionPool(host='gpu06', port=9004): Read timed out.",0,59.56268577710819
262,2026-09-21T07:59:20.862+00:00,2026-09-21T08:04:23.320+00:00,2026-09-21T08:04:23.320+00:00,False,1,0.0,,0.0,302458.056032,302458.056032,302458.056032,302458.056032,302458.056032,302458.056032,nan,302458.056032,nan,nan,0.0,39,64,,True,False,"HTTPConnectionPool(host='gpu06', port=9004): Read timed out.",0,59.56268577710819
271,2026-09-21T07:59:23.515+00:00,2026-09-21T08:04:23.612+00:00,2026-09-21T08:04:23.612+00:00,False,1,0.0,,0.0,300096.98329500004,300096.98329500004,300096.98329500004,300096.98329500004,300096.98329500004,300096.98329500004,nan,300096.98329500004,nan,nan,0.0,39,64,,True,False,"HTTPConnectionPool(host='gpu06', port=9004): Read timed out.",0,59.56268577710819
272,2026-09-21T07:59:23.863+00:00,2026-09-21T08:04:23.969+00:00,2026-09-21T08:04:23.969+00:00,False,1,0.0,,0.0,300105.970702,300105.970702,300105.970702,300105.970702,300105.970702,300105.970702,nan,300105.970702,nan,nan,0.0,39,64,,True,False,"HTTPConnectionPool(host='gpu06', port=9004): Read timed out.",0,59.56268577710819
273,2026-09-21T07:59:24.193+00:00,2026-09-21T08:04:24.307+00:00,2026-09-21T08:04:24.307+00:00,False,1,0.0,,0.0,300114.35588,300114.35588,300114.35588,300114.35588,300114.35588,300114.35588,nan,300114.35588,nan,nan,0.0,39,64,,True,False,"HTTPConnectionPool(host='gpu06', port=9004): Read timed out.",0,59.56268577710819
274,2026-09-21T07:59:24.580+00:00,2026-09-21T08:04:24.628+00:00,2026-09-21T08:04:24.628+00:00,False,1,0.0,,0.0,300047.419772,300047.419772,300047.419772,300047.419772,300047.419772,300047.419772,nan,300047.419772,nan,nan,0.0,39,64,,True,False,"HTTPConnectionPool(host='gpu06', port=9004): Read timed out.",0,59.56268577710819
275,2026-09-21T07:59:24.856+00:00,2026-09-21T08:04:24.958+00:00,2026-09-21T08:04:24.958+00:00,False,1,0.0,,0.0,300102.13484500005,300102.13484500005,300102.13484500005,300102.13484500005,300102.13484500005,300102.13484500005,nan,300102.13484500005,nan,nan,0.0,39,64,,True,False,"HTTPConnectionPool(host='gpu06', port=9004): Read timed out.",0,59.56268577710819
276,2026-09-21T07:59:25.181+00:00,2026-09-21T08:04:25.287+00:00,2026-09-21T08:04:25.287+00:00,False,1,0.0,,0.0,300106.13847299997,300106.13847299997,300106.13847299997,300106.13847299997,300106.13847299997,300106.13847299997,nan,300106.13847299997,nan,nan,0.0,39,64,,True,False,"HTTPConnectionPool(host='gpu06', port=9004): Read timed out.",0,59.56268577710819
277,2026-09-21T07:59:25.513+00:00,2026-09-21T08:04:25.530+00:00,2026-09-21T08:04:25.530+00:00,False,1,0.0,,0.0,300016.95218900003,300016.95218900003,300016.95218900003,300016.95218900003,300016.95218900003,300016.95218900003,nan,300016.95218900003,nan,nan,0.0,39,64,,True,False,TTFT timeout: 300.0s exceeded (TTFT: 300.012s),0,59.56268577710819
278,2026-09-21T07:59:25.788+00:00,2026-09-21T08:04:25.855+00:00,2026-09-21T08:04:25.855+00:00,False,1,0.0,,0.0,300067.351412,300067.351412,300067.351412,300067.351412,300067.351412,300067.351412,nan,300067.351412,nan,nan,0.0,39,64,,True,False,TTFT timeout: 300.0s exceeded (TTFT: 300.063s),0,59.56268577710819
279,2026-09-21T07:59:26.182+00:00,2026-09-21T08:04:26.257+00:00,2026-09-21T08:04:26.257+00:00,False,1,0.0,,0.0,300075.50106599997,300075.50106599997,300075.50106599997,300075.50106599997,300075.50106599997,300075.50106599997,nan,300075.50106599997,nan,nan,0.0,39,64,,True,False,"HTTPConnectionPool(host='gpu06', port=9004): Read timed out.",0,59.56268577710819
280,2026-09-21T07:59:26.422+00:00,2026-09-21T08:04:26.527+00:00,2026-09-21T08:04:26.527+00:00,False,1,0.0,,0.0,300105.27547000005,300105.27547000005,300105.27547000005,300105.27547000005,300105.27547000005,300105.27547000005,nan,300105.27547000005,nan,nan,0.0,39,64,,True,False,"HTTPConnectionPool(host='gpu06', port=9004): Read timed out.",0,59.56268577710819
281,2026-09-21T07:59:26.812+00:00,2026-09-21T08:04:26.909+00:00,2026-09-21T08:04:26.909+00:00,False,1,0.0,,0.0,300097.816954,300097.816954,300097.816954,300097.816954,300097.816954,300097.816954,nan,300097.816954,nan,nan,0.0,39,64,,True,False,"HTTPConnectionPool(host='gpu06', port=9004): Read timed out.",0,59.56268577710819
282,2026-09-21T07:59:27.178+00:00,2026-09-21T08:04:27.285+00:00,2026-09-21T08:04:27.285+00:00,False,1,0.0,,0.0,300107.03528899996,300107.03528899996,300107.03528899996,300107.03528899996,300107.03528899996,300107.03528899996,nan,300107.03528899996,nan,nan,0.0,39,64,,True,False,"HTTPConnectionPool(host='gpu06', port=9004): Read timed out.",0,59.56268577710819
283,2026-09-21T07:59:27.510+00:00,2026-09-21T08:04:27.515+00:00,2026-09-21T08:04:27.660+00:00,False,3,2.0,,2.0,300005.186205,300149.77244499995,300149.772548,100049.92418266665,0.04211,300005.186205,173166.35160455067,270019.1220078,72.29312,102.17853642806297,0.0066633400508957046,39,64,,True,False,Request timeout: 300.0s exceeded,16,59.56268577710819
284,2026-09-21T07:59:27.789+00:00,2026-09-21T08:04:27.763+00:00,2026-09-21T08:04:27.834+00:00,False,3,2.0,,2.0,299974.664006,300045.040966,300045.041017,100015.01367233333,0.0687,299974.664006,173170.1404820485,269984.2284365,35.18848,49.66699929120711,0.006665665906561784,39,64,,True,False,Request timeout: 300.0s exceeded,8,59.56268577710819
285,2026-09-21T07:59:28.053+00:00,2026-09-21T08:04:28.140+00:00,2026-09-21T08:04:28.140+00:00,False,1,0.0,,0.0,300087.77908099996,300087.77908099996,300087.77908099996,300087.77908099996,300087.77908099996,300087.77908099996,nan,300087.77908099996,nan,nan,0.0,39,64,,True,False,"HTTPConnectionPool(host='gpu06', port=9004): Read timed out.",0,59.56268577710819
286,2026-09-21T07:59:28.389+00:00,2026-09-21T08:04:28.495+00:00,2026-09-21T08:04:28.495+00:00,False,1,0.0,,0.0,300105.837638,300105.837638,300105.837638,300105.837638,300105.837638,300105.837638,nan,300105.837638,nan,nan,0.0,39,64,,True,False,"HTTPConnectionPool(host='gpu06', port=9004): Read timed out.",0,59.56268577710819
287,2026-09-21T07:59:28.720+00:00,2026-09-21T08:04:28.796+00:00,2026-09-21T08:04:28.796+00:00,False,1,0.0,,0.0,300076.02897600003,300076.02897600003,300076.02897600003,300076.02897600003,300076.02897600003,300076.02897600003,nan,300076.02897600003,nan,nan,0.0,39,64,,True,False,"HTTPConnectionPool(host='gpu06', port=9004): Read timed out.",0,59.56268577710819
288,2026-09-21T07:59:28.971+00:00,2026-09-21T08:04:29.067+00:00,2026-09-21T08:04:29.067+00:00,False,1,0.0,,0.0,300096.20921899995,300096.20921899995,300096.20921899995,300096.20921899995,300096.20921899995,300096.20921899995,nan,300096.20921899995,nan,nan,0.0,39,64,,True,False,"HTTPConnectionPool(host='gpu06', port=9004): Read timed out.",0,59.56268577710819
289,2026-09-21T07:59:29.259+00:00,2026-09-21T08:04:29.266+00:00,2026-09-21T08:04:29.266+00:00,False,1,0.0,,0.0,300006.987178,300006.987178,300006.987178,300006.987178,300006.987178,300006.987178,nan,300006.987178,nan,nan,0.0,39,64,,True,False,TTFT timeout: 300.0s exceeded (TTFT: 300.002s),0,59.56268577710819
290,2026-09-21T07:59:29.571+00:00,2026-09-21T08:04:29.606+00:00,2026-09-21T08:04:29.606+00:00,False,1,0.0,,0.0,300035.110968,300035.110968,300035.110968,300035.110968,300035.110968,300035.110968,nan,300035.110968,nan,nan,0.0,39,64,,True,False,TTFT timeout: 300.0s exceeded (TTFT: 300.028s),0,59.56268577710819
291,2026-09-21T07:59:29.856+00:00,2026-09-21T08:04:29.750+00:00,2026-09-21T08:04:29.897+00:00,False,4,3.0,,3.0,299893.645976,300040.38748,300040.387579,75010.09689475,0.02583,299893.645976,149922.370048654,254920.90496075002,48.913834666666666,42.38614089844393,0.009998653931880997,39,64,,True,False,Request timeout: 300.0s exceeded,11,59.56268577710819
292,2026-09-21T07:59:30.212+00:00,2026-09-21T08:04:30.339+00:00,2026-09-21T08:04:30.339+00:00,False,1,0.0,,0.0,300126.857547,300126.857547,300126.857547,300126.857547,300126.857547,300126.857547,nan,300126.857547,nan,nan,0.0,39,64,,True,False,"HTTPConnectionPool(host='gpu06', port=9004): Read timed out.",0,59.56268577710819
293,2026-09-21T07:59:30.511+00:00,2026-09-21T08:04:30.623+00:00,2026-09-21T08:04:30.623+00:00,False,1,0.0,,0.0,300112.629976,300112.629976,300112.629976,300112.629976,300112.629976,300112.629976,nan,300112.629976,nan,nan,0.0,39,64,,True,False,"HTTPConnectionPool(host='gpu06', port=9004): Read timed out.",0,59.56268577710819
294,2026-09-21T07:59:30.823+00:00,2026-09-21T08:04:30.917+00:00,2026-09-21T08:04:30.917+00:00,False,1,0.0,,0.0,300094.036395,300094.036395,300094.036395,300094.036395,300094.036395,300094.036395,nan,300094.036395,nan,nan,0.0,39,64,,True,False,"HTTPConnectionPool(host='gpu06', port=9004): Read timed out.",0,59.56268577710819
295,2026-09-21T07:59:31.146+00:00,2026-09-21T08:04:31.260+00:00,2026-09-21T08:04:31.260+00:00,False,1,0.0,,0.0,300114.049634,300114.049634,300114.049634,300114.049634,300114.049634,300114.049634,nan,300114.049634,nan,nan,0.0,39,64,,True,False,"HTTPConnectionPool(host='gpu06', port=9004): Read timed out.",0,59.56268577710819
296,2026-09-21T07:59:31.402+00:00,2026-09-21T08:04:31.511+00:00,2026-09-21T08:04:31.511+00:00,False,1,0.0,,0.0,300109.06563599996,300109.06563599996,300109.06563599996,300109.06563599996,300109.06563599996,300109.06563599996,nan,300109.06563599996,nan,nan,0.0,39,64,,True,False,TTFT timeout: 300.0s exceeded (TTFT: 300.091s),0,59.56268577710819
297,2026-09-21T07:59:31.715+00:00,2026-09-21T08:04:31.694+00:00,2026-09-21T08:04:32.911+00:00,True,20,20.0,,20.0,299979.057522,301196.398962,301196.398988,15059.8199494,46.175511,299979.057522,67063.0358982043,15167.9240884,64.07060210526316,29.32990194391432,0.06640185629351854,39,64,,True,True,,40,59.56268577710819
298,2026-09-21T07:59:32.093+00:00,2026-09-21T08:04:32.407+00:00,2026-09-21T08:04:33.014+00:00,False,13,12.0,,12.0,300313.566064,300920.818288,300920.818227,23147.75524823077,0.03195,300313.566064,83277.96374663565,120173.75571820002,50.604352,18.357985913514668,0.039877599922366454,39,64,,True,False,Request timeout: 300.0s exceeded,36,59.56268577710819
301,2026-09-21T07:59:33.002+00:00,2026-09-21T08:04:33.051+00:00,2026-09-21T08:04:33.051+00:00,False,1,0.0,,0.0,300048.581088,300048.581088,300048.581088,300048.581088,300048.581088,300048.581088,nan,300048.581088,nan,nan,0.0,39,64,,True,False,"HTTPConnectionPool(host='gpu06', port=9004): Read timed out.",0,59.56268577710819
302,2026-09-21T07:59:33.318+00:00,2026-09-21T08:04:33.436+00:00,2026-09-21T08:04:33.436+00:00,False,1,0.0,,0.0,300118.038049,300118.038049,300118.038049,300118.038049,300118.038049,300118.038049,nan,300118.038049,nan,nan,0.0,39,64,,True,False,"HTTPConnectionPool(host='gpu06', port=9004): Read timed out.",0,59.56268577710819
299,2026-09-21T07:59:32.340+00:00,2026-09-21T08:04:33.502+00:00,2026-09-21T08:04:33.502+00:00,False,1,0.0,,0.0,301161.588115,301161.588115,301161.588115,301161.588115,301161.588115,301161.588115,nan,301161.588115,nan,nan,0.0,39,64,,True,False,"HTTPConnectionPool(host='gpu06', port=9004): Read timed out.",0,59.56268577710819
300,2026-09-21T07:59:32.734+00:00,2026-09-21T08:04:33.916+00:00,2026-09-21T08:04:34.874+00:00,False,15,14.0,,14.0,301181.98625,302140.107978,302140.10798000003,20142.673865333334,0.03804,301181.98625,77747.1983192772,90508.8339275,68.43726628571429,48.907188129705396,0.046336119006813205,39,64,,True,False,Request timeout: 300.0s exceeded,70,59.56268577710819
304,2026-09-21T07:59:34.869+00:00,2026-09-21T08:04:34.063+00:00,2026-09-21T08:04:34.812+00:00,True,11,11.0,,11.0,299194.050995,299943.268787,299943.26871,27267.56988272727,45.619661,299194.050995,90187.82575410354,149708.656785,74.9217792,54.67010082226706,0.036673601793049335,39,64,,True,True,,44,59.56268577710819
305,2026-09-21T07:59:34.907+00:00,2026-09-21T08:04:34.284+00:00,2026-09-21T08:04:34.983+00:00,False,14,13.0,,13.0,299376.67415700003,300076.37745300005,300076.37742100004,21434.02695864286,0.04109,299376.67415700003,79997.39955003398,104847.02431325,53.82333046153846,21.651776999143607,0.04332230384258136,39,64,,True,False,Request timeout: 300.0s exceeded,78,59.56268577710819
303,2026-09-21T07:59:34.832+00:00,2026-09-21T08:04:34.383+00:00,2026-09-21T08:04:35.391+00:00,False,20,19.0,,19.0,299551.055945,300559.080265,300559.080486,15027.9540243,0.03136,299551.055945,66969.79086249426,15046.09654365,53.053911578947364,15.493480063675467,0.06321552482542829,39,64,,True,False,Request timeout: 300.0s exceeded,76,59.56268577710819
307,2026-09-21T07:59:34.967+00:00,2026-09-21T08:04:34.927+00:00,2026-09-21T08:04:35.319+00:00,False,9,8.0,,8.0,299960.018764,300352.246092,300352.246032,33372.471781333334,0.03153,299960.018764,99970.33205149727,180003.46420679998,49.028416,21.016504693589532,0.026635392623465,39,64,,True,False,Request timeout: 300.0s exceeded,36,59.56268577710819
306,2026-09-21T07:59:34.947+00:00,2026-09-21T08:04:35.427+00:00,2026-09-21T08:04:35.427+00:00,False,1,0.0,,0.0,300480.052286,300480.052286,300480.052286,300480.052286,300480.052286,300480.052286,nan,300480.052286,nan,nan,0.0,39,64,,True,False,"HTTPConnectionPool(host='gpu06', port=9004): Read timed out.",0,59.56268577710819
308,2026-09-21T07:59:35.276+00:00,2026-09-21T08:04:35.547+00:00,2026-09-21T08:04:35.547+00:00,False,1,0.0,,0.0,300271.41225,300271.41225,300271.41225,300271.41225,300271.41225,300271.41225,nan,300271.41225,nan,nan,0.0,39,64,,True,False,"HTTPConnectionPool(host='gpu06', port=9004): Read timed out.",0,59.56268577710819
310,2026-09-21T07:59:35.676+00:00,2026-09-21T08:04:35.994+00:00,2026-09-21T08:04:35.994+00:00,False,1,0.0,,0.0,300317.684118,300317.684118,300317.684118,300317.684118,300317.684118,300317.684118,nan,300317.684118,nan,nan,0.0,39,64,,True,False,"HTTPConnectionPool(host='gpu06', port=9004): Read timed out.",0,59.56268577710819
309,2026-09-21T07:59:35.649+00:00,2026-09-21T08:04:36.056+00:00,2026-09-21T08:04:36.056+00:00,False,1,0.0,,0.0,300407.095036,300407.095036,300407.095036,300407.095036,300407.095036,300407.095036,nan,300407.095036,nan,nan,0.0,39,64,,True,False,"HTTPConnectionPool(host='gpu06', port=9004): Read timed out.",0,59.56268577710819
311,2026-09-21T07:59:35.978+00:00,2026-09-21T08:04:36.214+00:00,2026-09-21T08:04:36.214+00:00,False,1,0.0,,0.0,300236.187378,300236.187378,300236.187378,300236.187378,300236.187378,300236.187378,nan,300236.187378,nan,nan,0.0,39,64,,True,False,"HTTPConnectionPool(host='gpu06', port=9004): Read timed out.",0,59.56268577710819
312,2026-09-21T07:59:36.216+00:00,2026-09-21T08:04:36.323+00:00,2026-09-21T08:04:36.323+00:00,False,1,0.0,,0.0,300107.56467,300107.56467,300107.56467,300107.56467,300107.56467,300107.56467,nan,300107.56467,nan,nan,0.0,39,64,,True,False,"HTTPConnectionPool(host='gpu06', port=9004): Read timed out.",0,59.56268577710819
313,2026-09-21T07:59:36.535+00:00,2026-09-21T08:04:36.644+00:00,2026-09-21T08:04:36.644+00:00,False,1,0.0,,0.0,300109.375193,300109.375193,300109.375193,300109.375193,300109.375193,300109.375193,nan,300109.375193,nan,nan,0.0,39,64,,True,False,"HTTPConnectionPool(host='gpu06', port=9004): Read timed out.",0,59.56268577710819
314,2026-09-21T07:59:36.772+00:00,2026-09-21T08:04:36.873+00:00,2026-09-21T08:04:36.873+00:00,False,1,0.0,,0.0,300101.30726800003,300101.30726800003,300101.30726800003,300101.30726800003,300101.30726800003,300101.30726800003,nan,300101.30726800003,nan,nan,0.0,39,64,,True,False,"HTTPConnectionPool(host='gpu06', port=9004): Read timed out.",0,59.56268577710819
315,2026-09-21T07:59:37.135+00:00,2026-09-21T08:04:37.237+00:00,2026-09-21T08:04:37.237+00:00,False,1,0.0,,0.0,300102.263414,300102.263414,300102.263414,300102.263414,300102.263414,300102.263414,nan,300102.263414,nan,nan,0.0,39,64,,True,False,"HTTPConnectionPool(host='gpu06', port=9004): Read timed out.",0,59.56268577710819
316,2026-09-21T07:59:37.429+00:00,2026-09-21T08:04:37.548+00:00,2026-09-21T08:04:37.548+00:00,False,1,0.0,,0.0,300119.956649,300119.956649,300119.956649,300119.956649,300119.956649,300119.956649,nan,300119.956649,nan,nan,0.0,39,64,,True,False,"HTTPConnectionPool(host='gpu06', port=9004): Read timed out.",0,59.56268577710819
317,2026-09-21T07:59:37.666+00:00,2026-09-21T08:04:37.771+00:00,2026-09-21T08:04:37.771+00:00,False,1,0.0,,0.0,300105.409394,300105.409394,300105.409394,300105.409394,300105.409394,300105.409394,nan,300105.409394,nan,nan,0.0,39,64,,True,False,"HTTPConnectionPool(host='gpu06', port=9004): Read timed out.",0,59.56268577710819
318,2026-09-21T07:59:37.945+00:00,2026-09-21T08:04:37.912+00:00,2026-09-21T08:04:38.080+00:00,False,3,2.0,,2.0,299966.39888,300134.891168,300134.89102,100044.96367333333,0.02857,299966.39888,173137.06213259877,269986.60534899996,84.246144,119.10149109117638,0.006663670432374032,39,64,,True,False,Request timeout: 300.0s exceeded,4,59.56268577710819
319,2026-09-21T07:59:38.241+00:00,2026-09-21T08:04:38.254+00:00,2026-09-21T08:04:38.299+00:00,False,3,2.0,,2.0,300012.40587300004,300057.51972900005,300057.51963100006,100019.17321033335,0.02565,300012.40587300004,173199.22153636813,270015.67409650004,22.556928,31.863747597204696,0.006665388695495184,39,64,,True,False,Request timeout: 300.0s exceeded,18,59.56268577710819
320,2026-09-21T07:59:38.498+00:00,2026-09-21T08:04:38.606+00:00,2026-09-21T08:04:38.606+00:00,False,1,0.0,,0.0,300107.91073,300107.91073,300107.91073,300107.91073,300107.91073,300107.91073,nan,300107.91073,nan,nan,0.0,39,64,,True,False,"HTTPConnectionPool(host='gpu06', port=9004): Read timed out.",0,59.56268577710819
321,2026-09-21T07:59:38.721+00:00,2026-09-21T08:04:38.806+00:00,2026-09-21T08:04:38.806+00:00,False,1,0.0,,0.0,300085.34136799996,300085.34136799996,300085.34136799996,300085.34136799996,300085.34136799996,300085.34136799996,nan,300085.34136799996,nan,nan,0.0,39,64,,True,False,"HTTPConnectionPool(host='gpu06', port=9004): Read timed out.",0,59.56268577710819
322,2026-09-21T07:59:39.077+00:00,2026-09-21T08:04:39.104+00:00,2026-09-21T08:04:39.104+00:00,False,1,0.0,,0.0,300026.705078,300026.705078,300026.705078,300026.705078,300026.705078,300026.705078,nan,300026.705078,nan,nan,0.0,39,64,,True,False,"HTTPConnectionPool(host='gpu06', port=9004): Read timed out.",0,59.56268577710819
323,2026-09-21T07:59:39.454+00:00,2026-09-21T08:04:39.508+00:00,2026-09-21T08:04:39.508+00:00,False,1,0.0,,0.0,300054.12103100005,300054.12103100005,300054.12103100005,300054.12103100005,300054.12103100005,300054.12103100005,nan,300054.12103100005,nan,nan,0.0,39,64,,True,False,"HTTPConnectionPool(host='gpu06', port=9004): Read timed out.",0,59.56268577710819
324,2026-09-21T07:59:39.747+00:00,2026-09-21T08:04:39.853+00:00,2026-09-21T08:04:39.853+00:00,False,1,0.0,,0.0,300105.750704,300105.750704,300105.750704,300105.750704,300105.750704,300105.750704,nan,300105.750704,nan,nan,0.0,39,64,,True,False,"HTTPConnectionPool(host='gpu06', port=9004): Read timed out.",0,59.56268577710819
325,2026-09-21T07:59:40.036+00:00,2026-09-21T08:04:40.043+00:00,2026-09-21T08:04:40.155+00:00,False,3,2.0,,2.0,300007.230287,300118.514511,300118.5146,100039.50486666667,0.03989,300007.230287,173177.13907715536,270017.63170060003,55.642112,78.63371343532778,0.0066640340508772435,39,64,,True,False,Request timeout: 300.0s exceeded,3,59.56268577710819
326,2026-09-21T07:59:40.426+00:00,2026-09-21T08:04:40.460+00:00,2026-09-21T08:04:40.460+00:00,False,1,0.0,,0.0,300034.025227,300034.025227,300034.025227,300034.025227,300034.025227,300034.025227,nan,300034.025227,nan,nan,0.0,39,64,,True,False,TTFT timeout: 300.0s exceeded (TTFT: 300.029s),0,59.56268577710819
327,2026-09-21T07:59:40.824+00:00,2026-09-21T08:04:40.915+00:00,2026-09-21T08:04:40.915+00:00,False,1,0.0,,0.0,300090.480134,300090.480134,300090.480134,300090.480134,300090.480134,300090.480134,nan,300090.480134,nan,nan,0.0,39,64,,True,False,"HTTPConnectionPool(host='gpu06', port=9004): Read timed out.",0,59.56268577710819
328,2026-09-21T07:59:41.054+00:00,2026-09-21T08:04:41.157+00:00,2026-09-21T08:04:41.157+00:00,False,1,0.0,,0.0,300103.641719,300103.641719,300103.641719,300103.641719,300103.641719,300103.641719,nan,300103.641719,nan,nan,0.0,39,64,,True,False,"HTTPConnectionPool(host='gpu06', port=9004): Read timed out.",0,59.56268577710819
329,2026-09-21T07:59:41.314+00:00,2026-09-21T08:04:41.393+00:00,2026-09-21T08:04:41.393+00:00,False,1,0.0,,0.0,300078.652512,300078.652512,300078.652512,300078.652512,300078.652512,300078.652512,nan,300078.652512,nan,nan,0.0,39,64,,True,False,"HTTPConnectionPool(host='gpu06', port=9004): Read timed out.",0,59.56268577710819
330,2026-09-21T07:59:41.607+00:00,2026-09-21T08:04:41.711+00:00,2026-09-21T08:04:41.711+00:00,False,1,0.0,,0.0,300104.320566,300104.320566,300104.320566,300104.320566,300104.320566,300104.320566,nan,300104.320566,nan,nan,0.0,39,64,,True,False,"HTTPConnectionPool(host='gpu06', port=9004): Read timed out.",0,59.56268577710819
331,2026-09-21T07:59:41.878+00:00,2026-09-21T08:04:41.990+00:00,2026-09-21T08:04:41.990+00:00,False,1,0.0,,0.0,300112.520706,300112.520706,300112.520706,300112.520706,300112.520706,300112.520706,nan,300112.520706,nan,nan,0.0,39,64,,True,False,"HTTPConnectionPool(host='gpu06', port=9004): Read timed out.",0,59.56268577710819
332,2026-09-21T07:59:42.242+00:00,2026-09-21T08:04:42.352+00:00,2026-09-21T08:04:42.352+00:00,False,1,0.0,,0.0,300110.460622,300110.460622,300110.460622,300110.460622,300110.460622,300110.460622,nan,300110.460622,nan,nan,0.0,39,64,,True,False,"HTTPConnectionPool(host='gpu06', port=9004): Read timed out.",0,59.56268577710819
333,2026-09-21T07:59:42.501+00:00,2026-09-21T08:04:42.601+00:00,2026-09-21T08:04:42.601+00:00,False,1,0.0,,0.0,300100.383714,300100.383714,300100.383714,300100.383714,300100.383714,300100.383714,nan,300100.383714,nan,nan,0.0,39,64,,True,False,TTFT timeout: 300.0s exceeded (TTFT: 300.095s),0,59.56268577710819
334,2026-09-21T07:59:42.791+00:00,2026-09-21T08:04:42.768+00:00,2026-09-21T08:04:42.840+00:00,False,3,2.0,,2.0,299976.423547,300048.181627,300048.181653,100016.06055099999,0.0799,299976.423547,173170.75780482806,269985.9490129,35.87904,50.627668907272906,0.006665596135777512,39,64,,True,False,Request timeout: 300.0s exceeded,8,59.56268577710819
335,2026-09-21T07:59:43.155+00:00,2026-09-21T08:04:43.226+00:00,2026-09-21T08:04:43.226+00:00,False,1,0.0,,0.0,300071.824207,300071.824207,300071.824207,300071.824207,300071.824207,300071.824207,nan,300071.824207,nan,nan,0.0,39,64,,True,False,"HTTPConnectionPool(host='gpu06', port=9004): Read timed out.",0,59.56268577710819
336,2026-09-21T07:59:43.469+00:00,2026-09-21T08:04:43.494+00:00,2026-09-21T08:04:43.494+00:00,False,1,0.0,,0.0,300025.158004,300025.158004,300025.158004,300025.158004,300025.158004,300025.158004,nan,300025.158004,nan,nan,0.0,39,64,,True,False,"HTTPConnectionPool(host='gpu06', port=9004): Read timed out.",0,59.56268577710819
337,2026-09-21T07:59:43.832+00:00,2026-09-21T08:04:43.941+00:00,2026-09-21T08:04:43.941+00:00,False,1,0.0,,0.0,300109.03855500004,300109.03855500004,300109.03855500004,300109.03855500004,300109.03855500004,300109.03855500004,nan,300109.03855500004,nan,nan,0.0,39,64,,True,False,"HTTPConnectionPool(host='gpu06', port=9004): Read timed out.",0,59.56268577710819
338,2026-09-21T07:59:44.097+00:00,2026-09-21T08:04:44.203+00:00,2026-09-21T08:04:44.203+00:00,False,1,0.0,,0.0,300105.67340499995,300105.67340499995,300105.67340499995,300105.67340499995,300105.67340499995,300105.67340499995,nan,300105.67340499995,nan,nan,0.0,39,64,,True,False,"HTTPConnectionPool(host='gpu06', port=9004): Read timed out.",0,59.56268577710819
339,2026-09-21T07:59:44.342+00:00,2026-09-21T08:04:44.407+00:00,2026-09-21T08:04:44.407+00:00,False,1,0.0,,0.0,300064.801691,300064.801691,300064.801691,300064.801691,300064.801691,300064.801691,nan,300064.801691,nan,nan,0.0,39,64,,True,False,TTFT timeout: 300.0s exceeded (TTFT: 300.058s),0,59.56268577710819
340,2026-09-21T07:59:44.692+00:00,2026-09-21T08:04:44.637+00:00,2026-09-21T08:04:44.750+00:00,False,3,2.0,,2.0,299945.04689600004,300058.47896000004,300058.479019,100019.49300633334,0.022539999999999998,299945.04689600004,173140.6178160483,269961.88316470006,56.716032,80.17672225525331,0.006665367387490537,39,64,,True,False,Request timeout: 300.0s exceeded,14,59.56268577710819
341,2026-09-21T07:59:44.990+00:00,2026-09-21T08:04:44.952+00:00,2026-09-21T08:04:45.009+00:00,False,3,2.0,,2.0,299961.382791,300019.062151,300019.062197,100006.35406566667,0.04789,299961.382791,173166.13688414995,269971.00766350003,28.83968,40.71776535884218,0.006666243090225371,39,64,,True,False,Request timeout: 300.0s exceeded,7,59.56268577710819
342,2026-09-21T07:59:45.350+00:00,2026-09-21T08:04:45.710+00:00,2026-09-21T08:04:47.028+00:00,False,21,20.0,,20.0,300359.258553,301678.016185,301678.016262,14365.619821999999,0.04139,300359.258553,65529.382977634734,171.363559,65.9378816,33.40679968052125,0.06629584831178176,39,64,,True,False,Request timeout: 300.0s exceeded,40,59.56268577710819
343,2026-09-21T07:59:45.574+00:00,2026-09-21T08:04:45.985+00:00,2026-09-21T08:04:47.075+00:00,False,19,18.0,,18.0,300410.91144700005,301500.05039100006,301500.05053000007,15868.423712105267,0.03993,300410.91144700005,68905.1152536331,30195.383588800003,60.507719111111115,31.881619982861277,0.05970148255914623,39,64,,True,False,Request timeout: 300.0s exceeded,72,59.56268577710819
344,2026-09-21T07:59:45.911+00:00,2026-09-21T08:04:46.630+00:00,2026-09-21T08:04:46.744+00:00,True,3,3.0,,3.0,300718.884797,300832.857533,300832.85756,100277.61918666666,53.145257,300718.884797,173587.22802775088,270653.0790679,56.986368,5.432028234200555,0.009972314941265728,39,64,,True,True,,9,59.56268577710819
348,2026-09-21T07:59:47.098+00:00,2026-09-21T08:04:47.231+00:00,2026-09-21T08:04:47.231+00:00,False,1,0.0,,0.0,300133.06821600004,300133.06821600004,300133.06821600004,300133.06821600004,300133.06821600004,300133.06821600004,nan,300133.06821600004,nan,nan,0.0,39,64,,True,False,"HTTPConnectionPool(host='gpu06', port=9004): Read timed out.",0,59.56268577710819
345,2026-09-21T07:59:46.213+00:00,2026-09-21T08:04:47.352+00:00,2026-09-21T08:04:47.352+00:00,False,1,0.0,,0.0,301138.83154600003,301138.83154600003,301138.83154600003,301138.83154600003,301138.83154600003,301138.83154600003,nan,301138.83154600003,nan,nan,0.0,39,64,,True,False,"HTTPConnectionPool(host='gpu06', port=9004): Read timed out.",0,59.56268577710819
349,2026-09-21T07:59:47.369+00:00,2026-09-21T08:04:47.453+00:00,2026-09-21T08:04:47.453+00:00,False,1,0.0,,0.0,300083.685029,300083.685029,300083.685029,300083.685029,300083.685029,300083.685029,nan,300083.685029,nan,nan,0.0,39,64,,True,False,"HTTPConnectionPool(host='gpu06', port=9004): Read timed out.",0,59.56268577710819
346,2026-09-21T07:59:46.572+00:00,2026-09-21T08:04:47.634+00:00,2026-09-21T08:04:47.634+00:00,False,1,0.0,,0.0,301061.635538,301061.635538,301061.635538,301061.635538,301061.635538,301061.635538,nan,301061.635538,nan,nan,0.0,39,64,,True,False,"HTTPConnectionPool(host='gpu06', port=9004): Read timed out.",0,59.56268577710819
350,2026-09-21T07:59:47.612+00:00,2026-09-21T08:04:47.634+00:00,2026-09-21T08:04:47.634+00:00,False,1,0.0,,0.0,300021.638116,300021.638116,300021.638116,300021.638116,300021.638116,300021.638116,nan,300021.638116,nan,nan,0.0,39,64,,True,False,"HTTPConnectionPool(host='gpu06', port=9004): Read timed out.",0,59.56268577710819
347,2026-09-21T07:59:46.844+00:00,2026-09-21T08:04:47.945+00:00,2026-09-21T08:04:47.945+00:00,False,1,0.0,,0.0,301101.090905,301101.090905,301101.090905,301101.090905,301101.090905,301101.090905,nan,301101.090905,nan,nan,0.0,39,64,,True,False,"HTTPConnectionPool(host='gpu06', port=9004): Read timed out.",0,59.56268577710819
351,2026-09-21T07:59:47.971+00:00,2026-09-21T08:04:48.091+00:00,2026-09-21T08:04:48.091+00:00,False,1,0.0,,0.0,300120.651057,300120.651057,300120.651057,300120.651057,300120.651057,300120.651057,nan,300120.651057,nan,nan,0.0,39,64,,True,False,"HTTPConnectionPool(host='gpu06', port=9004): Read timed out.",0,59.56268577710819
352,2026-09-21T07:59:48.331+00:00,2026-09-21T08:04:48.435+00:00,2026-09-21T08:04:48.435+00:00,False,1,0.0,,0.0,300104.573394,300104.573394,300104.573394,300104.573394,300104.573394,300104.573394,nan,300104.573394,nan,nan,0.0,39,64,,True,False,"HTTPConnectionPool(host='gpu06', port=9004): Read timed out.",0,59.56268577710819
353,2026-09-21T07:59:48.615+00:00,2026-09-21T08:04:48.729+00:00,2026-09-21T08:04:48.729+00:00,False,1,0.0,,0.0,300114.138181,300114.138181,300114.138181,300114.138181,300114.138181,300114.138181,nan,300114.138181,nan,nan,0.0,39,64,,True,False,"HTTPConnectionPool(host='gpu06', port=9004): Read timed out.",0,59.56268577710819
354,2026-09-21T07:59:48.855+00:00,2026-09-21T08:04:48.971+00:00,2026-09-21T08:04:48.971+00:00,False,1,0.0,,0.0,300116.10660500004,300116.10660500004,300116.10660500004,300116.10660500004,300116.10660500004,300116.10660500004,nan,300116.10660500004,nan,nan,0.0,39,64,,True,False,"HTTPConnectionPool(host='gpu06', port=9004): Read timed out.",0,59.56268577710819
355,2026-09-21T07:59:49.178+00:00,2026-09-21T08:04:49.137+00:00,2026-09-21T08:04:49.283+00:00,False,3,2.0,,2.0,299958.177256,300104.707048,300104.707147,100034.90238233333,0.03023,299958.177256,173138.6503368971,269977.0094965,73.264896,103.56948900576216,0.006664340655210421,39,64,,True,False,Request timeout: 300.0s exceeded,8,59.56268577710819
356,2026-09-21T07:59:49.475+00:00,2026-09-21T08:04:49.578+00:00,2026-09-21T08:04:49.578+00:00,False,1,0.0,,0.0,300102.771493,300102.771493,300102.771493,300102.771493,300102.771493,300102.771493,nan,300102.771493,nan,nan,0.0,39,64,,True,False,"HTTPConnectionPool(host='gpu06', port=9004): Read timed out.",0,59.56268577710819
357,2026-09-21T07:59:49.856+00:00,2026-09-21T08:04:49.948+00:00,2026-09-21T08:04:49.948+00:00,False,1,0.0,,0.0,300091.718408,300091.718408,300091.718408,300091.718408,300091.718408,300091.718408,nan,300091.718408,nan,nan,0.0,39,64,,True,False,"HTTPConnectionPool(host='gpu06', port=9004): Read timed out.",0,59.56268577710819
358,2026-09-21T07:59:50.166+00:00,2026-09-21T08:04:50.269+00:00,2026-09-21T08:04:50.269+00:00,False,1,0.0,,0.0,300102.986621,300102.986621,300102.986621,300102.986621,300102.986621,300102.986621,nan,300102.986621,nan,nan,0.0,39,64,,True,False,"HTTPConnectionPool(host='gpu06', port=9004): Read timed out.",0,59.56268577710819
359,2026-09-21T07:59:50.401+00:00,2026-09-21T08:04:50.505+00:00,2026-09-21T08:04:50.505+00:00,False,1,0.0,,0.0,300103.857735,300103.857735,300103.857735,300103.857735,300103.857735,300103.857735,nan,300103.857735,nan,nan,0.0,39,64,,True,False,"HTTPConnectionPool(host='gpu06', port=9004): Read timed out.",0,59.56268577710819
360,2026-09-21T07:59:50.622+00:00,2026-09-21T08:04:50.722+00:00,2026-09-21T08:04:50.722+00:00,False,1,0.0,,0.0,300099.770233,300099.770233,300099.770233,300099.770233,300099.770233,300099.770233,nan,300099.770233,nan,nan,0.0,39,64,,True,False,"HTTPConnectionPool(host='gpu06', port=9004): Read timed out.",0,59.56268577710819
361,2026-09-21T07:59:50.988+00:00,2026-09-21T08:04:51.073+00:00,2026-09-21T08:04:51.073+00:00,False,1,0.0,,0.0,300084.843399,300084.843399,300084.843399,300084.843399,300084.843399,300084.843399,nan,300084.843399,nan,nan,0.0,39,64,,True,False,TTFT timeout: 300.0s exceeded (TTFT: 300.079s),0,59.56268577710819
362,2026-09-21T07:59:51.211+00:00,2026-09-21T08:04:51.316+00:00,2026-09-21T08:04:51.316+00:00,False,1,0.0,,0.0,300104.667795,300104.667795,300104.667795,300104.667795,300104.667795,300104.667795,nan,300104.667795,nan,nan,0.0,39,64,,True,False,"HTTPConnectionPool(host='gpu06', port=9004): Read timed out.",0,59.56268577710819
363,2026-09-21T07:59:51.567+00:00,2026-09-21T08:04:51.566+00:00,2026-09-21T08:04:51.610+00:00,False,3,2.0,,2.0,299998.438118,300043.33488599997,300043.334895,100014.444965,0.02818,299998.438118,173191.2198719384,270003.0811659,22.448384,31.706622813570792,0.006665703808284528,39,64,,True,False,Request timeout: 300.0s exceeded,16,59.56268577710819
364,2026-09-21T07:59:51.849+00:00,2026-09-21T08:04:51.954+00:00,2026-09-21T08:04:51.954+00:00,False,1,0.0,,0.0,300105.12825,300105.12825,300105.12825,300105.12825,300105.12825,300105.12825,nan,300105.12825,nan,nan,0.0,39,64,,True,False,"HTTPConnectionPool(host='gpu06', port=9004): Read timed out.",0,59.56268577710819
365,2026-09-21T07:59:52.225+00:00,2026-09-21T08:04:52.335+00:00,2026-09-21T08:04:52.335+00:00,False,1,0.0,,0.0,300109.670234,300109.670234,300109.670234,300109.670234,300109.670234,300109.670234,nan,300109.670234,nan,nan,0.0,39,64,,True,False,"HTTPConnectionPool(host='gpu06', port=9004): Read timed out.",0,59.56268577710819
366,2026-09-21T07:59:52.563+00:00,2026-09-21T08:04:52.671+00:00,2026-09-21T08:04:52.671+00:00,False,1,0.0,,0.0,300108.540203,300108.540203,300108.540203,300108.540203,300108.540203,300108.540203,nan,300108.540203,nan,nan,0.0,39,64,,True,False,"HTTPConnectionPool(host='gpu06', port=9004): Read timed out.",0,59.56268577710819
367,2026-09-21T07:59:54.190+00:00,2026-09-21T08:04:55.012+00:00,2026-09-21T08:04:55.075+00:00,False,3,2.0,,2.0,300821.967817,300884.690889,300884.690763,100294.89692099999,0.07332999999999999,300821.967817,173661.5403609704,270746.0359969,31.361536,44.24800444919739,0.006647064674812,39,64,,True,False,Request timeout: 300.0s exceeded,11,59.56268577710819
368,2026-09-21T07:59:54.781+00:00,2026-09-21T08:04:55.406+00:00,2026-09-21T08:04:55.406+00:00,False,1,0.0,,0.0,300625.169491,300625.169491,300625.169491,300625.169491,300625.169491,300625.169491,nan,300625.169491,nan,nan,0.0,39,64,,True,False,"HTTPConnectionPool(host='gpu06', port=9004): Read timed out.",0,59.56268577710819
370,2026-09-21T07:59:55.173+00:00,2026-09-21T08:04:55.450+00:00,2026-09-21T08:04:55.450+00:00,False,1,0.0,,0.0,300276.990843,300276.990843,300276.990843,300276.990843,300276.990843,300276.990843,nan,300276.990843,nan,nan,0.0,39,64,,True,False,"HTTPConnectionPool(host='gpu06', port=9004): Read timed out.",0,59.56268577710819
371,2026-09-21T07:59:55.181+00:00,2026-09-21T08:04:55.496+00:00,2026-09-21T08:04:55.496+00:00,False,1,0.0,,0.0,300315.47661,300315.47661,300315.47661,300315.47661,300315.47661,300315.47661,nan,300315.47661,nan,nan,0.0,39,64,,True,False,"HTTPConnectionPool(host='gpu06', port=9004): Read timed out.",0,59.56268577710819
369,2026-09-21T07:59:54.902+00:00,2026-09-21T08:04:55.504+00:00,2026-09-21T08:04:55.504+00:00,False,1,0.0,,0.0,300602.48498400004,300602.48498400004,300602.48498400004,300602.48498400004,300602.48498400004,300602.48498400004,nan,300602.48498400004,nan,nan,0.0,39,64,,True,False,"HTTPConnectionPool(host='gpu06', port=9004): Read timed out.",0,59.56268577710819
375,2026-09-21T07:59:55.352+00:00,2026-09-21T08:04:55.530+00:00,2026-09-21T08:04:55.530+00:00,False,1,0.0,,0.0,300177.774402,300177.774402,300177.774402,300177.774402,300177.774402,300177.774402,nan,300177.774402,nan,nan,0.0,39,64,,True,False,"HTTPConnectionPool(host='gpu06', port=9004): Read timed out.",0,59.56268577710819
372,2026-09-21T07:59:55.212+00:00,2026-09-21T08:04:55.530+00:00,2026-09-21T08:04:55.530+00:00,False,1,0.0,,0.0,300318.330605,300318.330605,300318.330605,300318.330605,300318.330605,300318.330605,nan,300318.330605,nan,nan,0.0,39,64,,True,False,"HTTPConnectionPool(host='gpu06', port=9004): Read timed out.",0,59.56268577710819
373,2026-09-21T07:59:55.225+00:00,2026-09-21T08:04:55.548+00:00,2026-09-21T08:04:55.548+00:00,False,1,0.0,,0.0,300323.214733,300323.214733,300323.214733,300323.214733,300323.214733,300323.214733,nan,300323.214733,nan,nan,0.0,39,64,,True,False,"HTTPConnectionPool(host='gpu06', port=9004): Read timed out.",0,59.56268577710819
374,2026-09-21T07:59:55.262+00:00,2026-09-21T08:04:55.658+00:00,2026-09-21T08:04:55.658+00:00,False,1,0.0,,0.0,300396.324942,300396.324942,300396.324942,300396.324942,300396.324942,300396.324942,nan,300396.324942,nan,nan,0.0,39,64,,True,False,"HTTPConnectionPool(host='gpu06', port=9004): Read timed out.",0,59.56268577710819
376,2026-09-21T07:59:55.625+00:00,2026-09-21T08:04:55.745+00:00,2026-09-21T08:04:55.745+00:00,False,1,0.0,,0.0,300119.859895,300119.859895,300119.859895,300119.859895,300119.859895,300119.859895,nan,300119.859895,nan,nan,0.0,39,64,,True,False,"HTTPConnectionPool(host='gpu06', port=9004): Read timed out.",0,59.56268577710819
377,2026-09-21T07:59:55.872+00:00,2026-09-21T08:04:55.991+00:00,2026-09-21T08:04:55.991+00:00,False,1,0.0,,0.0,300118.846319,300118.846319,300118.846319,300118.846319,300118.846319,300118.846319,nan,300118.846319,nan,nan,0.0,39,64,,True,False,"HTTPConnectionPool(host='gpu06', port=9004): Read timed out.",0,59.56268577710819
378,2026-09-21T07:59:56.206+00:00,2026-09-21T08:04:56.312+00:00,2026-09-21T08:04:56.312+00:00,False,1,0.0,,0.0,300105.548579,300105.548579,300105.548579,300105.548579,300105.548579,300105.548579,nan,300105.548579,nan,nan,0.0,39,64,,True,False,"HTTPConnectionPool(host='gpu06', port=9004): Read timed out.",0,59.56268577710819
379,2026-09-21T07:59:56.472+00:00,2026-09-21T08:04:56.582+00:00,2026-09-21T08:04:56.582+00:00,False,1,0.0,,0.0,300109.78333,300109.78333,300109.78333,300109.78333,300109.78333,300109.78333,nan,300109.78333,nan,nan,0.0,39,64,,True,False,"HTTPConnectionPool(host='gpu06', port=9004): Read timed out.",0,59.56268577710819
380,2026-09-21T07:59:56.713+00:00,2026-09-21T08:04:56.808+00:00,2026-09-21T08:04:56.808+00:00,False,1,0.0,,0.0,300095.17147500004,300095.17147500004,300095.17147500004,300095.17147500004,300095.17147500004,300095.17147500004,nan,300095.17147500004,nan,nan,0.0,39,64,,True,False,"HTTPConnectionPool(host='gpu06', port=9004): Read timed out.",0,59.56268577710819
381,2026-09-21T07:59:56.992+00:00,2026-09-21T08:04:57.096+00:00,2026-09-21T08:04:57.096+00:00,False,1,0.0,,0.0,300103.980402,300103.980402,300103.980402,300103.980402,300103.980402,300103.980402,nan,300103.980402,nan,nan,0.0,39,64,,True,False,"HTTPConnectionPool(host='gpu06', port=9004): Read timed out.",0,59.56268577710819
382,2026-09-21T07:59:57.225+00:00,2026-09-21T08:04:57.188+00:00,2026-09-21T08:04:57.357+00:00,False,3,2.0,,2.0,299963.215347,300131.535859,300131.535697,100043.84523233333,0.046700000000000005,299963.215347,173135.27366010798,269983.7211773,84.160256,118.9543223710216,0.00666374492862219,39,64,,True,False,Request timeout: 300.0s exceeded,10,59.56268577710819
383,2026-09-21T07:59:57.489+00:00,2026-09-21T08:04:57.448+00:00,2026-09-21T08:04:57.583+00:00,False,4,3.0,,3.0,299958.543287,300093.591991,300093.591829,75023.39795725,0.057210000000000004,299958.543287,149956.76748405935,254977.26925669998,45.01623466666666,42.052165167236815,0.009996881239936547,39,64,,True,False,Request timeout: 300.0s exceeded,18,59.56268577710819
384,2026-09-21T07:59:57.790+00:00,2026-09-21T08:04:57.893+00:00,2026-09-21T08:04:57.893+00:00,False,1,0.0,,0.0,300102.59029400005,300102.59029400005,300102.59029400005,300102.59029400005,300102.59029400005,300102.59029400005,nan,300102.59029400005,nan,nan,0.0,39,64,,True,False,"HTTPConnectionPool(host='gpu06', port=9004): Read timed out.",0,59.56268577710819
385,2026-09-21T07:59:58.141+00:00,2026-09-21T08:04:58.259+00:00,2026-09-21T08:04:58.259+00:00,False,1,0.0,,0.0,300118.03333999997,300118.03333999997,300118.03333999997,300118.03333999997,300118.03333999997,300118.03333999997,nan,300118.03333999997,nan,nan,0.0,39,64,,True,False,"HTTPConnectionPool(host='gpu06', port=9004): Read timed out.",0,59.56268577710819
386,2026-09-21T07:59:58.404+00:00,2026-09-21T08:04:58.510+00:00,2026-09-21T08:04:58.510+00:00,False,1,0.0,,0.0,300105.885702,300105.885702,300105.885702,300105.885702,300105.885702,300105.885702,nan,300105.885702,nan,nan,0.0,39,64,,True,False,"HTTPConnectionPool(host='gpu06', port=9004): Read timed out.",0,59.56268577710819
387,2026-09-21T07:59:58.723+00:00,2026-09-21T08:04:58.803+00:00,2026-09-21T08:04:58.803+00:00,False,1,0.0,,0.0,300080.556856,300080.556856,300080.556856,300080.556856,300080.556856,300080.556856,nan,300080.556856,nan,nan,0.0,39,64,,True,False,TTFT timeout: 300.0s exceeded (TTFT: 300.074s),0,59.56268577710819
388,2026-09-21T07:59:59.015+00:00,2026-09-21T08:04:59.067+00:00,2026-09-21T08:04:59.067+00:00,False,1,0.0,,0.0,300052.394284,300052.394284,300052.394284,300052.394284,300052.394284,300052.394284,nan,300052.394284,nan,nan,0.0,39,64,,True,False,TTFT timeout: 300.0s exceeded (TTFT: 300.034s),0,59.56268577710819
389,2026-09-21T07:59:59.402+00:00,2026-09-21T08:04:59.373+00:00,2026-09-21T08:04:59.433+00:00,False,3,2.0,,2.0,299970.953211,300031.45138700004,300031.45131800004,100010.48377266667,0.0435,299970.953211,173170.8489205803,269979.9033506,30.249088,42.71712392478276,0.006665967820221188,39,64,,True,False,Request timeout: 300.0s exceeded,11,59.56268577710819
390,2026-09-21T07:59:59.669+00:00,2026-09-21T08:04:59.776+00:00,2026-09-21T08:04:59.776+00:00,False,1,0.0,,0.0,300106.90241399995,300106.90241399995,300106.90241399995,300106.90241399995,300106.90241399995,300106.90241399995,nan,300106.90241399995,nan,nan,0.0,39,64,,True,False,"HTTPConnectionPool(host='gpu06', port=9004): Read timed out.",0,59.56268577710819
391,2026-09-21T08:00:00.021+00:00,2026-09-21T08:05:00.137+00:00,2026-09-21T08:05:00.137+00:00,False,1,0.0,,0.0,300115.29251099995,300115.29251099995,300115.29251099995,300115.29251099995,300115.29251099995,300115.29251099995,nan,300115.29251099995,nan,nan,0.0,39,64,,True,False,"HTTPConnectionPool(host='gpu06', port=9004): Read timed out.",0,59.56268577710819
392,2026-09-21T08:00:00.257+00:00,2026-09-21T08:05:00.351+00:00,2026-09-21T08:05:00.351+00:00,False,1,0.0,,0.0,300093.800357,300093.800357,300093.800357,300093.800357,300093.800357,300093.800357,nan,300093.800357,nan,nan,0.0,39,64,,True,False,"HTTPConnectionPool(host='gpu06', port=9004): Read timed out.",0,59.56268577710819
393,2026-09-21T08:00:00.579+00:00,2026-09-21T08:05:00.685+00:00,2026-09-21T08:05:00.685+00:00,False,1,0.0,,0.0,300106.523308,300106.523308,300106.523308,300106.523308,300106.523308,300106.523308,nan,300106.523308,nan,nan,0.0,39,64,,True,False,"HTTPConnectionPool(host='gpu06', port=9004): Read timed out.",0,59.56268577710819
394,2026-09-21T08:00:00.946+00:00,2026-09-21T08:05:00.977+00:00,2026-09-21T08:05:00.977+00:00,False,1,0.0,,0.0,300031.068997,300031.068997,300031.068997,300031.068997,300031.068997,300031.068997,nan,300031.068997,nan,nan,0.0,39,64,,True,False,TTFT timeout: 300.0s exceeded (TTFT: 300.025s),0,59.56268577710819
395,2026-09-21T08:00:01.296+00:00,2026-09-21T08:05:01.382+00:00,2026-09-21T08:05:02.971+00:00,False,28,27.0,,27.0,300086.236572,301674.788508,301674.78846500005,10774.099588035715,0.03836,300086.236572,56699.85234863132,106.29490835,58.835256888888885,18.90558282186467,0.08950035279227185,39,64,,True,False,Request timeout: 300.0s exceeded,28,59.56268577710819
396,2026-09-21T08:00:01.635+00:00,2026-09-21T08:05:02.065+00:00,2026-09-21T08:05:03.022+00:00,False,18,17.0,,17.0,300429.157741,301387.111789,301387.111822,16743.728434555556,0.029920000000000002,300429.157741,70798.55264998935,45161.1723437,56.35023811764706,21.105069707004812,0.05640586254365661,39,64,,True,False,Request timeout: 300.0s exceeded,128,59.56268577710819
397,2026-09-21T08:00:01.859+00:00,2026-09-21T08:05:02.177+00:00,2026-09-21T08:05:03.068+00:00,False,18,17.0,,17.0,300317.708134,301209.557094,301209.55700900004,16733.86427827778,0.02776,300317.708134,70773.19883300178,45110.81765035,52.461703529411764,15.168784346199525,0.0564391122380447,39,64,,True,False,Request timeout: 300.0s exceeded,180,59.56268577710819
398,2026-09-21T08:00:02.103+00:00,2026-09-21T08:05:03.263+00:00,2026-09-21T08:05:03.263+00:00,False,1,0.0,,0.0,301159.45547600003,301159.45547600003,301159.45547600003,301159.45547600003,301159.45547600003,301159.45547600003,nan,301159.45547600003,nan,nan,0.0,39,64,,True,False,"HTTPConnectionPool(host='gpu06', port=9004): Read timed out.",0,59.56268577710819
0,2026-09-21T07:58:02.290+00:00,2026-09-21T07:58:02.478+00:00,2026-09-21T07:58:04.472+00:00,True,38,38.0,,38.0,187.40774299999998,2182.122367,2182.1225170000002,57.4242767631579,0.01717,244.565616,50.017745514908874,185.47330365000002,53.91120605405405,45.708387030650606,17.414238804693028,40,64,,False,True,,214,59.56268577710819
1,2026-09-21T07:58:02.670+00:00,2026-09-21T07:58:03.494+00:00,2026-09-21T07:58:07.477+00:00,True,66,66.0,,66.0,823.973616,4806.396144,4806.396084,72.82418309090909,42.643474999999995,823.973616,94.48482619719529,75.8940425,61.26803889230769,10.733997055869159,13.731702095007337,40,64,,False,True,,330,59.56268577710819
2,2026-09-21T07:58:03.116+00:00,2026-09-21T07:58:03.569+00:00,2026-09-21T07:58:04.645+00:00,True,20,20.0,,20.0,452.94554100000005,1529.179525,1529.179543,76.45897715000001,38.586073,452.94554100000005,89.07242729684519,94.0780573,56.64389389473684,9.25502116709885,13.078909096693536,40,64,,False,True,,60,59.56268577710819
4,2026-09-21T07:58:03.693+00:00,2026-09-21T07:58:04.135+00:00,2026-09-21T07:58:10.107+00:00,True,97,97.0,,97.0,441.24733000000003,6414.05885,6414.058959,66.12431916494846,38.804274,441.24733000000003,40.108710135624186,78.82822279999999,62.216786666666664,11.35685168602049,15.123029312398653,40,64,,False,True,,776,59.56268577710819
3,2026-09-21T07:58:03.315+00:00,2026-09-21T07:58:08.748+00:00,2026-09-21T07:58:14.101+00:00,True,84,84.0,,84.0,5433.537983,10786.380223,10786.380179,128.4092878452381,0.01724,5433.537983,587.5066172205844,81.56922465,64.49207518072289,44.875798652962146,7.787598644157308,40,64,,False,True,,172,59.56268577710819
5,2026-09-21T07:58:04.113+00:00,2026-09-21T07:58:10.244+00:00,2026-09-21T07:58:10.761+00:00,True,9,9.0,,9.0,6131.518835,6648.430195,6648.430008,738.7144453333333,39.477025000000005,6131.518835,2022.3607991252902,3712.7689962,64.61392,16.535840769444984,1.3537030150017242,40,64,,False,True,,25,59.56268577710819
6,2026-09-21T07:58:04.498+00:00,2026-09-21T07:58:12.355+00:00,2026-09-21T07:58:13.285+00:00,True,15,15.0,,15.0,7857.324748,8787.289292,8787.289265,585.8192843333334,0.01746,7857.324748,2014.5304827899201,2664.2456099,66.42603885714286,112.69436348216999,1.7070110589913194,40,64,,False,True,,50,59.56268577710819
7,2026-09-21T07:58:04.729+00:00,2026-09-21T07:58:13.472+00:00,2026-09-21T07:58:17.049+00:00,True,59,59.0,,59.0,8743.020068,12319.851812,12319.851768999999,208.8110469322034,41.496135,8743.020068,1130.2596375153182,81.45630890000001,61.6695128275862,10.067277400232532,4.789018642458976,40,64,,False,True,,294,59.56268577710819
8,2026-09-21T07:58:05.044+00:00,2026-09-21T07:58:15.993+00:00,2026-09-21T07:58:21.751+00:00,True,92,92.0,,92.0,10949.398959,16706.867887,16706.867867,181.59638985869566,29.478694,10949.398959,1135.012687999629,78.94215249999999,63.268889318681325,11.252966391044477,5.506717394442756,40,64,,False,True,,644,59.56268577710819
9,2026-09-21T07:58:05.434+00:00,2026-09-21T07:58:17.956+00:00,2026-09-21T07:58:23.373+00:00,True,84,84.0,,84.0,12521.930575999999,17939.450448,17939.450659,213.56488879761903,0.016460000000000002,12521.930575999999,1360.0876143567598,81.27087365000001,65.27132375903615,51.26011701540612,4.682417682943283,40,64,,False,True,,420,59.56268577710819
10,2026-09-21T07:58:05.788+00:00,2026-09-21T07:58:19.884+00:00,2026-09-21T07:58:22.268+00:00,True,38,38.0,,38.0,14095.420983,16480.156471,16480.15644,433.688327368421,36.556304,14095.420983,2276.155694667269,85.94402244999999,64.45231048648648,12.239169582494371,2.305803350039079,40,64,,False,True,,38,59.56268577710819
11,2026-09-21T07:58:06.148+00:00,2026-09-21T07:58:21.694+00:00,2026-09-21T07:58:25.979+00:00,True,68,68.0,,68.0,15546.362667,19831.170091,19831.170101,291.63485442647055,0.0,15546.362667,1879.0653916066508,83.63507315000001,63.9523496119403,76.81704736290683,3.428945427222194,40,64,,False,True,,175,59.56268577710819
12,2026-09-21T07:58:06.482+00:00,2026-09-21T07:58:23.369+00:00,2026-09-21T07:58:26.236+00:00,True,47,47.0,,47.0,16886.508717,19754.402989000002,19754.403095,420.30644882978726,0.0,16886.508717,2454.7219624047757,77.0567807,62.345527652173914,57.78925902828103,2.3792164220893626,40,64,,False,True,,65,59.56268577710819
13,2026-09-21T07:58:06.864+00:00,2026-09-21T07:58:25.184+00:00,2026-09-21T07:58:27.332+00:00,True,36,36.0,,36.0,18319.912602,20468.114586,20468.114465,568.5587351388889,0.0,18319.912602,3043.8331140521086,163.63220875,61.37719954285714,68.27233587291076,1.758833225636897,40,64,,False,True,,216,59.56268577710819
14,2026-09-21T07:58:07.240+00:00,2026-09-21T07:58:27.411+00:00,2026-09-21T07:58:32.571+00:00,True,83,83.0,,83.0,20171.476634,25331.416218,25331.416149999997,305.197784939759,0.0,20171.476634,2207.7068486457524,79.52758,62.92609248780487,47.58735591327074,3.2765637454183025,40,64,,False,True,,83,59.56268577710819
15,2026-09-21T07:58:07.537+00:00,2026-09-21T07:58:29.233+00:00,2026-09-21T07:58:33.439+00:00,True,66,66.0,,66.0,21696.158172,25902.121948,25902.122038999998,392.45639453030304,0.0,21696.158172,2664.0809630861713,81.08458375000001,64.70713501538461,88.06048303071447,2.548053790052367,40,64,,False,True,,660,59.56268577710819
16,2026-09-21T07:58:07.869+00:00,2026-09-21T07:58:30.925+00:00,2026-09-21T07:58:37.189+00:00,True,100,100.0,,100.0,23055.781914,29319.44041,29319.440404,293.19440404,0.0,23055.781914,2300.726520084882,78.11037105,63.26927773737374,82.79731298571065,3.410706295945981,40,64,,False,True,,200,59.56268577710819
17,2026-09-21T07:58:08.126+00:00,2026-09-21T07:58:32.164+00:00,2026-09-21T07:58:33.737+00:00,True,26,26.0,,26.0,24037.544766,25611.061566,25611.061519,985.0408276538461,0.015300000000000001,24037.544766,4703.201858567187,483.59235724999996,62.940672,116.91123045387643,1.0151863456732435,40,64,,False,True,,104,59.56268577710819
18,2026-09-21T07:58:08.399+00:00,2026-09-21T07:58:33.398+00:00,2026-09-21T07:58:37.856+00:00,True,71,71.0,,71.0,24999.438566,29457.152998,29457.153039,414.8894794225352,0.0,24999.438566,2960.0273301550455,80.727119,63.68163474285714,64.71627825896154,2.410280450552046,40,64,,False,True,,142,59.56268577710819
19,2026-09-21T07:58:08.737+00:00,2026-09-21T07:58:35.367+00:00,2026-09-21T07:58:40.609+00:00,True,86,86.0,,86.0,26629.668925,31872.410173000004,31872.41027,370.6094217441861,0.0,26629.668925,2865.6326871692518,77.276908,61.679308799999994,65.18190089234083,2.698258447767247,40,64,,False,True,,424,59.56268577710819
20,2026-09-21T07:58:08.999+00:00,2026-09-21T07:58:36.318+00:00,2026-09-21T07:58:40.547+00:00,True,64,64.0,,64.0,27319.020506,31548.046298,31548.046275,492.938223046875,0.0,27319.020506,3407.280012340097,78.3913075,67.12739352380952,74.11514571229159,2.028651771189308,40,64,,False,True,,448,59.56268577710819
21,2026-09-21T07:58:09.320+00:00,2026-09-21T07:58:37.854+00:00,2026-09-21T07:58:37.899+00:00,True,2,2.0,,2.0,28533.721542,28579.457734,28579.457607,14289.7288035,45.736065,28533.721542,20144.04771313058,27109.32226815,45.736192,nan,0.06998033407823091,40,64,,False,True,,9,59.56268577710819
22,2026-09-21T07:58:09.645+00:00,2026-09-21T07:58:39.923+00:00,2026-09-21T07:58:43.679+00:00,True,58,58.0,,58.0,30277.835743,34033.439967,34033.440053,586.7834491896551,0.0,30277.835743,3969.1333611743394,163.0494322,65.88779340350878,130.56152116395577,1.7042062176564816,40,64,,False,True,,406,59.56268577710819
23,2026-09-21T07:58:09.925+00:00,2026-09-21T07:58:41.373+00:00,2026-09-21T07:58:46.489+00:00,True,79,79.0,,79.0,31448.345675,36563.627083,36563.627086,462.83072260759496,0.0,31448.345675,3532.4925556227427,81.60163610000001,65.58053087179488,108.8396145557764,2.1606171570634602,40,64,,False,True,,316,59.56268577710819
24,2026-09-21T07:58:10.343+00:00,2026-09-21T07:58:43.503+00:00,2026-09-21T07:58:48.807+00:00,True,87,87.0,,87.0,33159.869383000005,38464.17095100001,38464.17086400001,442.1169064827587,0.0,33159.869383000005,3549.3065800971026,79.6119847,61.67792520930233,76.17344882344605,2.2618451886258097,40,64,,False,True,,522,59.56268577710819
25,2026-09-21T07:58:10.603+00:00,2026-09-21T07:58:44.735+00:00,2026-09-21T07:58:45.439+00:00,True,13,13.0,,13.0,34131.524924000005,34835.90431600001,34835.904367,2679.6849513076927,40.422384,34131.524924000005,9450.110494687113,13698.022090400002,58.698282666666664,13.380955664610543,0.37317819804749974,40,64,,False,True,,65,59.56268577710819
26,2026-09-21T07:58:10.951+00:00,2026-09-21T07:58:46.723+00:00,2026-09-21T07:58:48.494+00:00,True,28,28.0,,28.0,35771.676913999996,37543.050226,37543.05020799999,1340.8232217142856,39.747555,35771.676913999996,6747.818449460288,77.49930665,65.60641896296296,8.691655307268432,0.7458104717503462,40,64,,False,True,,28,59.56268577710819
27,2026-09-21T07:58:11.212+00:00,2026-09-21T07:58:47.966+00:00,2026-09-21T07:58:50.030+00:00,True,33,33.0,,33.0,36754.237446,38817.904645999995,38817.904601,1176.3001394242424,46.577845,36754.237446,6386.871452778966,76.84475400000001,64.4896,9.005087472664671,0.8501231661251065,40,64,,False,True,,148,59.56268577710819
28,2026-09-21T07:58:11.528+00:00,2026-09-21T07:58:49.206+00:00,2026-09-21T07:58:50.461+00:00,True,21,21.0,,21.0,37677.903312,38933.340112000005,38933.340022000004,1853.9685724761905,42.363184000000004,37677.903312,8208.300099762515,76.737558,62.77184,9.72068601086825,0.5393834677320016,40,64,,False,True,,114,59.56268577710819
29,2026-09-21T07:58:11.835+00:00,2026-09-21T07:58:51.032+00:00,2026-09-21T07:58:55.960+00:00,True,79,79.0,,79.0,39197.33444,44125.931176,44125.931190999996,558.5560910253164,0.0,39197.33444,4404.746969974239,87.10942700000001,63.18713764102564,127.1278299247379,1.79033049036182,40,64,,False,True,,157,59.56268577710819
30,2026-09-21T07:58:12.079+00:00,2026-09-21T07:58:52.253+00:00,2026-09-21T07:58:57.983+00:00,True,92,92.0,,92.0,40173.610501,45903.657477,45903.657526,498.95279919565223,0.0,40173.610501,4183.27375834869,80.76693945,62.96754918681318,110.74948231297932,2.0041975968058,40,64,,False,True,,274,59.56268577710819
31,2026-09-21T07:58:12.365+00:00,2026-09-21T07:58:53.668+00:00,2026-09-21T07:58:56.403+00:00,True,46,46.0,,46.0,41303.589968,44038.026832,44038.026952,957.348412,0.03832,41303.589968,6080.956835477884,99.62896525000001,60.765263644444445,20.590000878783503,1.044551795553527,40,64,,False,True,,145,59.56268577710819
32,2026-09-21T07:58:12.662+00:00,2026-09-21T07:58:55.372+00:00,2026-09-21T07:58:56.612+00:00,True,20,20.0,,20.0,42710.307373999996,43949.737005999996,43949.737002999995,2197.48685015,48.520125,42710.307373999996,9535.731882687216,2211.8923363,65.23313852631578,8.264759245277958,0.4550652941852556,40,64,,False,True,,60,59.56268577710819
33,2026-09-21T07:58:13.143+00:00,2026-09-21T07:58:57.222+00:00,2026-09-21T07:59:01.273+00:00,True,62,62.0,,62.0,44079.124346000004,48129.40249000001,48129.402577,776.2806867258065,0.0,44079.124346000004,5590.755718700987,82.17486655,66.39800236065574,113.52767317359599,1.2881938439373297,40,64,,False,True,,186,59.56268577710819
34,2026-09-21T07:58:13.459+00:00,2026-09-21T07:58:59.786+00:00,2026-09-21T07:59:05.599+00:00,True,89,89.0,,89.0,46326.87715,52139.959006,52139.959013,585.8422361011236,0.0,46326.87715,4905.368786820461,84.22889500000001,66.05774836363636,131.079666129388,1.7069441882330276,40,64,,False,True,,801,59.56268577710819
35,2026-09-21T07:58:13.725+00:00,2026-09-21T07:59:01.263+00:00,2026-09-21T07:59:06.256+00:00,True,89,89.0,,89.0,47538.905505999996,52531.342498,52531.342383999996,590.2398020674157,0.0,47538.905505999996,5034.085041328004,81.1875404,56.73223854545455,100.13752367466265,1.6942266419973648,40,64,,False,True,,712,59.56268577710819
36,2026-09-21T07:58:13.964+00:00,2026-09-21T07:59:02.311+00:00,2026-09-21T07:59:05.888+00:00,True,59,59.0,,59.0,48346.865450000005,51923.35313,51923.353131,880.0568327288137,0.01574,48346.865450000005,6287.564136383451,89.82461149999999,61.66358068965517,132.21490754700926,1.1362902517540088,40,64,,False,True,,311,59.56268577710819
37,2026-09-21T07:58:14.219+00:00,2026-09-21T07:59:03.530+00:00,2026-09-21T07:59:10.333+00:00,True,96,96.0,,96.0,49311.72931,56114.298782000005,56114.298687,584.52394465625,0.0,49311.72931,5027.460943494006,84.08031625,71.60599444210527,139.37303371141792,1.710793898948164,40,64,,False,True,,578,59.56268577710819
38,2026-09-21T07:58:14.525+00:00,2026-09-21T07:59:05.633+00:00,2026-09-21T07:59:06.019+00:00,True,17,17.0,,17.0,51108.013997,51493.580717000004,51493.580657,3029.0341562941176,0.01576,51108.013997,12389.728868508184,10317.029313000001,24.09792,39.607701722633905,0.3301382378791857,40,64,,False,True,,56,59.56268577710819
39,2026-09-21T07:58:14.826+00:00,2026-09-21T07:59:06.805+00:00,2026-09-21T07:59:07.068+00:00,True,5,5.0,,5.0,51979.822558,52242.722782,52242.722775,10448.544555,56.996545,51979.822558,23216.690809051554,41598.09099999999,65.725056,6.13153684363499,0.09570710969380655,40,64,,False,True,,30,59.56268577710819
40,2026-09-21T07:58:15.074+00:00,2026-09-21T07:59:08.288+00:00,2026-09-21T07:59:12.422+00:00,True,67,67.0,,67.0,53213.764435000005,57347.93352300001,57347.93352500001,855.9393063432836,0.0,53213.764435000005,6494.702839308842,86.87444899999998,62.638925575757575,128.87399449001975,1.1683071365270543,40,64,,False,True,,289,59.56268577710819
41,2026-09-21T07:58:15.355+00:00,2026-09-21T07:59:10.325+00:00,2026-09-21T07:59:14.846+00:00,True,84,84.0,,84.0,54970.513918,59491.451133999995,59491.451159,708.2315614166666,0.0,54970.513918,5991.888701197186,79.19774185,54.46912308433735,26.2907450231227,1.4119675751528795,40,64,,False,True,,336,59.56268577710819
42,2026-09-21T07:58:15.604+00:00,2026-09-21T07:59:11.112+00:00,2026-09-21T07:59:13.613+00:00,True,40,40.0,,40.0,55508.801004,58009.721068,58009.720854,1450.24302135,38.831024,55508.801004,8766.578569452511,78.99774495,64.12615548717949,10.159665717178864,0.689539602390284,40,64,,False,True,,49,59.56268577710819
43,2026-09-21T07:58:15.938+00:00,2026-09-21T07:59:13.127+00:00,2026-09-21T07:59:14.054+00:00,True,14,14.0,,14.0,57188.917037,58115.879725,58115.879818,4151.1342727142855,59.148965,57188.917037,15265.325520394708,20069.082733500003,71.30482215384616,7.152443934981407,0.2408980138689624,40,64,,False,True,,15,59.56268577710819
44,2026-09-21T07:58:16.220+00:00,2026-09-21T07:59:14.445+00:00,2026-09-21T07:59:17.453+00:00,True,49,49.0,,49.0,58224.943333999996,61232.698341999996,61232.698337999995,1249.6469048571428,47.563624000000004,58224.943333999996,8308.90282302725,77.87332459999999,62.66156266666666,9.59717777649942,0.800226044691395,40,64,,False,True,,539,59.56268577710819
45,2026-09-21T07:58:16.637+00:00,2026-09-21T07:59:16.527+00:00,2026-09-21T07:59:21.328+00:00,True,61,61.0,,61.0,59890.072373,64690.435125,64690.435195000005,1060.498937622951,0.0,59890.072373,7662.017208859068,109.948119,80.00604586666665,253.44316153146983,0.942952383642666,40,64,,False,True,,425,59.56268577710819
46,2026-09-21T07:58:16.905+00:00,2026-09-21T07:59:18.021+00:00,2026-09-21T07:59:24.206+00:00,True,98,98.0,,98.0,61116.278567,67301.333031,67301.33322100001,686.7482981734694,0.0,61116.278567,6169.392171697706,129.11296825,63.76344808247423,163.96669674067735,1.4561375768717648,40,64,,False,True,,294,59.56268577710819
47,2026-09-21T07:58:17.314+00:00,2026-09-21T07:59:21.316+00:00,2026-09-21T07:59:21.316+00:00,True,11,11.0,,11.0,64001.325894,64001.325894,64001.325894,5818.302354,0.0,64001.325894,19297.12582505958,32000.662947,0.0,0.0,0.17187143932327859,40,64,,False,True,,55,59.56268577710819
48,2026-09-21T07:58:17.716+00:00,2026-09-21T07:59:22.192+00:00,2026-09-21T07:59:25.877+00:00,True,58,58.0,,58.0,64476.583379,68161.50318700001,68161.503283,1175.1983324655173,37.133173,64476.583379,8457.709666610375,85.01488535,64.64771592982456,11.85402818517386,0.8509202011123187,40,64,,False,True,,64,59.56268577710819
49,2026-09-21T07:58:18.032+00:00,2026-09-21T07:59:24.277+00:00,2026-09-21T07:59:24.359+00:00,True,2,2.0,,2.0,66244.42258,66326.397364,66326.397488,33163.198744,81.974908,66244.42258,46783.9154087713,62936.30019640001,81.974784,nan,0.030153906732246858,40,64,,False,True,,2,59.56268577710819
50,2026-09-21T07:58:18.408+00:00,2026-09-21T07:59:26.023+00:00,2026-09-21T07:59:27.419+00:00,True,23,23.0,,23.0,67614.84022499999,69010.89398499999,69010.89396799999,3000.4736507826083,37.990583,67614.84022499999,14085.44128856315,91.81556280000001,63.45698909090909,11.125690865618742,0.3332807136942642,40,64,,False,True,,68,59.56268577710819
51,2026-09-21T07:58:18.823+00:00,2026-09-21T07:59:28.252+00:00,2026-09-21T07:59:34.752+00:00,True,94,94.0,,94.0,69428.668657,75928.413937,75928.413729,807.7490822234042,0.0,69428.668657,7156.070938967606,79.19928900000001,69.88973419354838,180.77366741558637,1.2380082122878862,40,64,,False,True,,188,59.56268577710819
52,2026-09-21T07:58:19.171+00:00,2026-09-21T07:59:30.225+00:00,2026-09-21T07:59:36.302+00:00,True,97,97.0,,97.0,71053.83772400001,77130.28726000001,77130.287219,795.1576001958764,0.0,71053.83772400001,7210.479758541822,189.27731640000002,63.29634933333334,190.1806235189556,1.2576123264395578,40,64,,False,True,,970,59.56268577710819
53,2026-09-21T07:58:19.515+00:00,2026-09-21T07:59:32.812+00:00,2026-09-21T07:59:32.812+00:00,True,7,7.0,,7.0,73296.522517,73296.522517,73296.522517,10470.931788142858,0.0,73296.522517,27703.481506546865,51307.565761900005,0.0,0.0,0.09550248442382049,40,64,,False,True,,7,59.56268577710819
54,2026-09-21T07:58:19.817+00:00,2026-09-21T07:59:33.193+00:00,2026-09-21T07:59:38.140+00:00,True,78,78.0,,78.0,73376.81335899999,78323.65649499999,78323.65647399999,1004.1494419743589,0.01486,73376.81335899999,8302.341162774614,178.9620354,64.24471605194806,149.4289330008868,0.9958677044780122,40,64,,False,True,,86,59.56268577710819
55,2026-09-21T07:58:20.094+00:00,2026-09-21T07:59:34.910+00:00,2026-09-21T07:59:39.678+00:00,True,76,76.0,,76.0,74816.108612,79584.64186,79584.641751,1047.1663388289473,0.01873,74816.108612,8574.789217313759,174.33396775,63.580443306666666,38.69908547067728,0.954958120358123,40,64,,False,True,,304,59.56268577710819
56,2026-09-21T07:58:20.360+00:00,2026-09-21T07:59:36.673+00:00,2026-09-21T07:59:37.702+00:00,True,16,16.0,,16.0,76313.113969,77341.181041,77341.181079,4833.8238174375,2.88014,76313.113969,19061.174085290797,19209.19884175,68.5378048,35.03134072938274,0.2068755582038255,40,64,,False,True,,120,59.56268577710819
57,2026-09-21T07:58:20.689+00:00,2026-09-21T07:59:38.302+00:00,2026-09-21T07:59:43.546+00:00,True,83,83.0,,83.0,77613.242058,82856.556746,82856.556809,998.2717687831325,38.349124,77613.242058,8512.14924101108,80.98390710000001,63.94286204878048,11.595919062359217,1.0017312239324612,40,64,,False,True,,581,59.56268577710819
58,2026-09-21T07:58:20.995+00:00,2026-09-21T07:59:39.860+00:00,2026-09-21T07:59:41.161+00:00,True,22,22.0,,22.0,78865.590573,80166.009645,80166.009727,3643.9095330454543,45.058344,78865.590573,16801.00067445932,81.70147795000001,61.92471771428572,9.693964065318879,0.2744305235775466,40,64,,False,True,,132,59.56268577710819
59,2026-09-21T07:58:21.353+00:00,2026-09-21T07:59:41.650+00:00,2026-09-21T07:59:47.496+00:00,True,92,92.0,,92.0,80296.609333,86143.215925,86143.215908,936.3393033478261,0.0,80296.609333,8366.79144413135,80.421041,64.24842408791208,183.46323642371777,1.0679889183624067,40,64,,False,True,,458,59.56268577710819
60,2026-09-21T07:58:21.746+00:00,2026-09-21T07:59:43.544+00:00,2026-09-21T07:59:44.506+00:00,True,16,16.0,,16.0,81798.146619,82759.59685900001,82759.596934,5172.474808375,40.143843999999994,81798.146619,20433.515955987987,20510.481135,64.09668266666667,12.331893364060216,0.19333105292017885,40,64,,False,True,,64,59.56268577710819
61,2026-09-21T07:58:21.990+00:00,2026-09-21T07:59:44.698+00:00,2026-09-21T07:59:47.003+00:00,True,18,18.0,,18.0,82708.835565,85013.045485,85013.045298,4722.946961,0.0,82708.835565,19466.996978900446,13906.4827995,135.54176,420.9973410911102,0.21173221000741568,40,64,,False,True,,102,59.56268577710819
62,2026-09-21T07:58:22.271+00:00,2026-09-21T07:59:46.959+00:00,2026-09-21T07:59:50.360+00:00,True,64,64.0,,64.0,84688.621865,88088.874281,88088.874484,1376.3886638125,0.0,84688.621865,10579.358200468345,74.97656465,53.97226057142858,24.09369056801419,0.7265389701296732,40,64,,False,True,,385,59.56268577710819
63,2026-09-21T07:58:22.690+00:00,2026-09-21T07:59:48.371+00:00,2026-09-21T07:59:49.958+00:00,True,27,27.0,,27.0,85680.538395,87267.52565899999,87267.525475,3232.130573148148,41.736754,85680.538395,16477.483263380193,74.91990530000001,61.03797169230769,9.660412502229923,0.3093934404133694,40,64,,False,True,,162,59.56268577710819
64,2026-09-21T07:58:23.270+00:00,2026-09-21T07:59:50.232+00:00,2026-09-21T07:59:54.925+00:00,True,71,71.0,,71.0,86961.180639,91654.285791,91654.285902,1290.9054352394367,0.015099999999999999,86961.180639,10313.854405088134,158.461974,67.04435931428571,172.23673859155932,0.7746500819601809,40,64,,False,True,,457,59.56268577710819
65,2026-09-21T07:58:23.391+00:00,2026-09-21T07:59:51.924+00:00,2026-09-21T07:59:56.393+00:00,True,71,71.0,,71.0,88533.182325,93002.534773,93002.534788,1309.894856169014,0.015439999999999999,88533.182325,10500.887894592692,156.3677985,63.84789211428571,179.33336139828376,0.7634200527254053,40,64,,False,True,,81,59.56268577710819
66,2026-09-21T07:58:23.670+00:00,2026-09-21T07:59:54.110+00:00,2026-09-21T07:59:55.177+00:00,True,32,32.0,,32.0,90439.389058,91506.285954,91506.285842,2859.5714325625,0.01503,90439.389058,15981.700819079077,296.02478909999996,34.41602890322581,82.97438452807883,0.34970275174414056,40,64,,False,True,,106,59.56268577710819
67,2026-09-21T07:58:23.949+00:00,2026-09-21T07:59:55.192+00:00,2026-09-21T07:59:59.838+00:00,True,81,81.0,,81.0,91242.856134,95888.973254,95888.97322300001,1183.814484234568,0.02265,91242.856134,10131.665853419674,80.80976799999999,58.076464,22.037673195463327,0.8447269508814049,40,64,,False,True,,190,59.56268577710819
68,2026-09-21T07:58:24.314+00:00,2026-09-21T07:59:56.871+00:00,2026-09-21T07:59:57.552+00:00,True,11,11.0,,11.0,92556.696344,93237.77640799999,93237.776484,8476.161498545454,42.001993999999996,92556.696344,27886.36093458553,46318.541905499995,68.10800640000001,11.962145320958102,0.11797793151849745,40,64,,False,True,,36,59.56268577710819
69,2026-09-21T07:58:24.632+00:00,2026-09-21T07:59:58.199+00:00,2026-09-21T08:00:00.364+00:00,True,36,36.0,,36.0,93566.890798,95731.69771,95731.69756799999,2659.2138213333333,41.215134,93566.890798,15584.177033516064,78.449292,61.85162605714285,11.096270284469309,0.37605099315228685,40,64,,False,True,,126,59.56268577710819
70,2026-09-21T07:58:24.921+00:00,2026-09-21T07:59:59.959+00:00,2026-09-21T07:59:59.959+00:00,True,1,1.0,,1.0,95038.565353,95038.565353,95038.565353,95038.565353,95038.565353,95038.565353,nan,95038.565353,nan,nan,0.010522044354160003,40,64,,False,True,,4,59.56268577710819
71,2026-09-21T07:58:25.162+00:00,2026-09-21T08:00:02.874+00:00,2026-09-21T08:00:05.090+00:00,True,62,62.0,,62.0,97711.955684,99928.562916,99928.562879,1611.7510141774194,0.0,97711.955684,12404.857199448486,76.446228,36.337823475409834,32.28589698804858,0.6204432265489221,40,64,,False,True,,248,59.56268577710819
72,2026-09-21T07:58:25.413+00:00,2026-09-21T08:00:02.901+00:00,2026-09-21T08:00:06.806+00:00,True,69,69.0,,69.0,97488.14838099999,101393.10735699999,101393.10739399999,1469.4653245507245,0.0,97488.14838099999,11729.301338297286,78.832919,57.425867294117644,22.195595381361407,0.6805196309553321,40,64,,False,True,,207,59.56268577710819
73,2026-09-21T07:58:25.807+00:00,2026-09-21T08:00:04.319+00:00,2026-09-21T08:00:07.869+00:00,True,57,57.0,,57.0,98511.659754,102061.45866599999,102061.458477,1790.5519031052631,44.687625,98511.659754,13039.795599304125,79.49717499999998,63.389266285714285,9.80845454672482,0.5584870209089865,40,64,,False,True,,285,59.56268577710819
74,2026-09-21T07:58:26.163+00:00,2026-09-21T08:00:05.852+00:00,2026-09-21T08:00:08.391+00:00,True,43,43.0,,43.0,99688.966882,102227.328738,102227.328856,2377.3797408372093,43.269604,99688.966882,15193.210946576035,77.1317799,60.43718704761905,9.003461896866714,0.4206311612641798,40,64,,False,True,,50,59.56268577710819
75,2026-09-21T07:58:26.514+00:00,2026-09-21T08:00:07.792+00:00,2026-09-21T08:00:11.638+00:00,True,62,62.0,,62.0,101278.05466699999,105123.57300299998,105123.57292499999,1695.5414987903225,43.466694000000004,101278.05466699999,12854.322921573772,78.7195499,63.04128419672131,9.381697062103235,0.5897820843497268,40,64,,True,True,,460,59.56268577710819
76,2026-09-21T07:58:26.753+00:00,2026-09-21T08:00:09.151+00:00,2026-09-21T08:00:14.556+00:00,True,86,86.0,,86.0,102398.65734199999,107803.68466999999,107803.684717,1253.5312176395348,40.755162,102398.65734199999,11035.078602596284,78.49144949999999,63.5885568,9.844561067822804,0.7977463874565728,40,64,,True,True,,257,59.56268577710819
77,2026-09-21T07:58:27.068+00:00,2026-09-21T08:00:10.907+00:00,2026-09-21T08:00:14.248+00:00,True,53,53.0,,53.0,103839.136233,107180.789481,107180.789527,2022.2790476792452,47.112642,103839.136233,14254.578110824214,76.3424222,64.26256246153847,9.244237787334269,0.4944915992561833,40,64,,True,True,,152,59.56268577710819
78,2026-09-21T07:58:27.393+00:00,2026-09-21T08:00:12.518+00:00,2026-09-21T08:00:13.592+00:00,True,18,18.0,,18.0,105125.625942,106199.00143,106199.001446,5899.944524777778,46.677584,105125.625942,24763.46712279949,15835.21876525,63.1397345882353,9.293127711713096,0.16949311912188286,40,64,,True,True,,108,59.56268577710819
79,2026-09-21T07:58:27.796+00:00,2026-09-21T08:00:14.792+00:00,2026-09-21T08:00:19.880+00:00,True,81,81.0,,81.0,106996.2708,112083.69864,112083.698657,1383.7493661358023,42.509723,106996.2708,11881.41254702338,78.150346,63.592848,9.669778592408637,0.7226742245557288,40,64,,True,True,,253,59.56268577710819
80,2026-09-21T07:58:28.059+00:00,2026-09-21T08:00:16.217+00:00,2026-09-21T08:00:18.266+00:00,True,33,33.0,,33.0,108157.141227,110206.994411,110206.994379,3339.6058902727273,43.828263,108157.141227,18816.592969816018,78.4658406,64.057912,9.65798746110377,0.29943653010744115,40,64,,True,True,,132,59.56268577710819
81,2026-09-21T07:58:28.434+00:00,2026-09-21T08:00:18.022+00:00,2026-09-21T08:00:21.786+00:00,True,60,60.0,,60.0,109587.630833,113352.441841,113352.441953,1889.2073658833333,50.550214,109587.630833,14139.467127097978,77.98607005,63.81035606779661,8.818483231189878,0.5293225185581999,40,64,,True,True,,122,59.56268577710819
82,2026-09-21T07:58:28.766+00:00,2026-09-21T08:00:19.743+00:00,2026-09-21T08:00:21.651+00:00,True,31,31.0,,31.0,110976.633216,112885.50720000001,112885.507218,3641.4679747741934,51.898233999999995,110976.633216,19920.56541693998,78.29587099999999,63.629132799999994,8.660889258714983,0.27461452553937765,40,64,,True,True,,34,59.56268577710819
83,2026-09-21T07:58:29.121+00:00,2026-09-21T08:00:21.338+00:00,2026-09-21T08:00:25.803+00:00,True,73,73.0,,73.0,112217.426227,116681.965107,116681.965009,1598.3830823150686,42.763763,112217.426227,13126.802186393566,78.3249616,62.00748444444445,9.390720746055615,0.6256322468777189,40,64,,True,True,,432,59.56268577710819
84,2026-09-21T07:58:29.498+00:00,2026-09-21T08:00:23.310+00:00,2026-09-21T08:00:26.441+00:00,True,51,51.0,,51.0,113812.194105,116943.227193,116943.22728800001,2293.004456627451,42.476682999999994,113812.194105,15928.1298132316,80.818841,62.62066176,10.798999304843674,0.43610905243645237,40,64,,True,True,,203,59.56268577710819
85,2026-09-21T07:58:29.851+00:00,2026-09-21T08:00:25.257+00:00,2026-09-21T08:00:26.773+00:00,True,25,25.0,,25.0,115405.906612,116921.57688400001,116921.57678500001,4676.8630714,51.800284,115405.906612,23068.552241730715,75.738904,63.152928,8.509552220198662,0.21381853261184589,40,64,,True,True,,59,59.56268577710819
86,2026-09-21T07:58:30.164+00:00,2026-09-21T08:00:26.899+00:00,2026-09-21T08:00:27.810+00:00,True,15,15.0,,15.0,116734.581583,117645.235023,117645.2351,7843.015673333333,48.633663,116734.581583,30123.946141577217,35076.3269701,65.04667428571429,10.69293690179488,0.12750197657446521,40,64,,True,True,,49,59.56268577710819
87,2026-09-21T07:58:30.566+00:00,2026-09-21T08:00:28.813+00:00,2026-09-21T08:00:31.227+00:00,True,40,40.0,,40.0,118246.83820299999,120661.094843,120661.094883,3016.5273720749997,44.361844,118246.83820299999,18686.681362126204,75.61033699999999,61.90401641025641,9.80215381498275,0.33150702015464556,40,64,,True,True,,4,59.56268577710819
88,2026-09-21T07:58:30.872+00:00,2026-09-21T08:00:30.653+00:00,2026-09-21T08:00:32.849+00:00,True,35,35.0,,35.0,119780.535418,121976.39897,121976.399111,3485.0399746,48.908514000000004,119780.535418,20235.69059307142,77.3435577,64.58422211764706,7.885859108659952,0.2869407548964306,40,64,,True,True,,36,59.56268577710819
89,2026-09-21T07:58:31.147+00:00,2026-09-21T08:00:31.886+00:00,2026-09-21T08:00:32.000+00:00,True,3,3.0,,3.0,120739.560412,120853.335772,120853.3358,40284.44526666667,54.136734,120739.560412,69676.17363456762,108671.56823620001,56.88768,3.8902865496269037,0.024823476992474187,40,64,,True,True,,6,59.56268577710819
90,2026-09-21T07:58:31.433+00:00,2026-09-21T08:00:33.189+00:00,2026-09-21T08:00:35.471+00:00,True,37,37.0,,37.0,121756.290848,124038.505504,124038.505378,3352.3920372432435,46.023593,121756.290848,20006.191060140292,77.4019848,63.394851555555555,9.505634156544195,0.2982944679126823,40,64,,True,True,,41,59.56268577710819
91,2026-09-21T07:58:31.713+00:00,2026-09-21T08:00:34.370+00:00,2026-09-21T08:00:39.390+00:00,True,82,82.0,,82.0,122656.807207,127677.421095,127677.42115000001,1557.0417213414635,42.608233,122656.807207,13538.336552944274,76.44444,61.98288750617284,9.090897574011345,0.6422435485988307,40,64,,True,True,,492,59.56268577710819
92,2026-09-21T07:58:32.104+00:00,2026-09-21T08:00:36.434+00:00,2026-09-21T08:00:40.168+00:00,True,60,60.0,,60.0,124330.36995000001,128064.51983800001,128064.520057,2134.4086676166667,47.754674,124330.36995000001,16042.813778834652,77.98333600000001,63.29067606779661,9.609099631100612,0.46851384033531884,40,64,,True,True,,770,59.56268577710819
93,2026-09-21T07:58:32.363+00:00,2026-09-21T08:00:38.213+00:00,2026-09-21T08:00:43.951+00:00,True,89,89.0,,89.0,125850.066505,131587.886409,131587.886392,1478.5155774382022,47.611513,125850.066505,13333.172177539791,77.8305594,65.2024989090909,9.375998285097657,0.6763540507320803,40,64,,True,True,,177,59.56268577710819
94,2026-09-21T07:58:32.603+00:00,2026-09-21T08:00:39.132+00:00,2026-09-21T08:00:40.485+00:00,True,22,22.0,,22.0,126529.739689,127882.705577,127882.705609,5812.850254954546,52.306034,126529.739689,26962.496225927363,81.35112045000001,64.42694704761904,7.355480770353264,0.17203264429491982,40,64,,True,True,,88,59.56268577710819
95,2026-09-21T07:58:33.392+00:00,2026-09-21T08:00:42.934+00:00,2026-09-21T08:00:48.293+00:00,True,84,84.0,,84.0,129542.462119,134901.530791,134901.530927,1605.9706062738096,45.485653,129542.462119,14127.199581569363,78.60889749999998,64.56709243373494,9.323140247939994,0.6226764033548245,40,64,,True,True,,378,59.56268577710819
96,2026-09-21T07:58:33.462+00:00,2026-09-21T08:00:43.308+00:00,2026-09-21T08:00:44.681+00:00,True,22,22.0,,22.0,129845.14822,131218.109756,131218.10970200002,5964.459531909091,48.588144,129845.14822,27669.141532521775,82.47468144999999,65.37912076190476,10.202876783738644,0.16765978446808133,40,64,,True,True,,110,59.56268577710819
97,2026-09-21T07:58:33.583+00:00,2026-09-21T08:00:44.353+00:00,2026-09-21T08:00:48.851+00:00,True,71,71.0,,71.0,130769.302595,135267.717443,135267.717519,1905.1791199859156,48.987854,130769.302595,15511.836977411369,79.8870505,64.26306925714286,9.086423701583414,0.5248850305315342,40,64,,True,True,,213,59.56268577710819
98,2026-09-21T07:58:33.697+00:00,2026-09-21T08:00:45.196+00:00,2026-09-21T08:00:47.266+00:00,True,33,33.0,,33.0,131499.435485,133569.33167699998,133569.331739,4047.555507242424,48.432194,131499.435485,22879.855118712883,79.901232,64.684256,8.997840329862672,0.24706270208644346,40,64,,True,True,,181,59.56268577710819
99,2026-09-21T07:58:34.011+00:00,2026-09-21T08:00:46.999+00:00,2026-09-21T08:00:49.844+00:00,True,46,46.0,,46.0,132988.021357,135832.794221,135832.794249,2952.8868315,42.513133,132988.021357,19598.69496027195,78.399796,63.217174755555554,8.518738472069668,0.3386516508315215,40,64,,True,True,,138,59.56268577710819
100,2026-09-21T07:58:34.311+00:00,2026-09-21T08:00:48.364+00:00,2026-09-21T08:00:52.748+00:00,True,71,71.0,,71.0,134053.48613600002,138437.43903200002,138437.43893200002,1949.8230835492961,42.610273,134053.48613600002,15901.791847689099,78.876606,62.62789851428571,9.08000874804186,0.512867043022865,40,64,,True,True,,142,59.56268577710819
101,2026-09-21T07:58:34.581+00:00,2026-09-21T08:00:49.977+00:00,2026-09-21T08:00:51.728+00:00,True,28,28.0,,28.0,135395.38682800002,137146.36180400001,137146.36198800002,4898.0843567142865,48.825674,135395.38682800002,25575.068915183052,81.771048,64.85092503703704,9.144146216469341,0.20416144935740727,40,64,,True,True,,84,59.56268577710819
102,2026-09-21T07:58:34.921+00:00,2026-09-21T08:00:51.729+00:00,2026-09-21T08:00:52.914+00:00,True,21,21.0,,21.0,136808.123284,137992.850836,137992.850832,6571.088134857143,41.746553,136808.123284,29841.055528614386,80.661986,59.236377600000004,11.027656005544598,0.15218179690307154,40,64,,True,True,,84,59.56268577710819
103,2026-09-21T07:58:35.176+00:00,2026-09-21T08:00:53.172+00:00,2026-09-21T08:00:57.055+00:00,True,62,62.0,,62.0,137996.23454499998,141879.42865699998,141879.428594,2288.3778805483867,44.437583,137996.23454499998,17517.456736287695,76.72516145000002,63.65891986885246,8.678074393216534,0.43699076453069063,40,64,,True,True,,124,59.56268577710819
104,2026-09-21T07:58:35.459+00:00,2026-09-21T08:00:54.577+00:00,2026-09-21T08:00:54.577+00:00,True,1,1.0,,1.0,139117.54376899998,139117.54376899998,139117.54376899998,139117.54376899998,139117.54376899998,139117.54376899998,nan,139117.54376899998,nan,nan,0.007188166013486167,40,64,,True,True,,2,59.56268577710819
105,2026-09-21T07:58:35.844+00:00,2026-09-21T08:00:56.799+00:00,2026-09-21T08:00:59.347+00:00,True,41,41.0,,41.0,140955.147705,143502.841273,143502.841346,3500.0693011219514,42.790414,140955.147705,22003.550954089802,77.13902499999999,63.692339200000006,10.30318184879371,0.2857086287371937,40,64,,True,True,,204,59.56268577710819
106,2026-09-21T07:58:36.258+00:00,2026-09-21T08:00:58.889+00:00,2026-09-21T08:01:01.532+00:00,True,42,42.0,,42.0,142631.342907,145274.12690700003,145274.12684500002,3458.90778202381,44.688793,142631.342907,21998.55045345091,77.76145895,64.45814634146342,10.704685011543273,0.2891086038113799,40,64,,True,True,,166,59.56268577710819
107,2026-09-21T07:58:36.623+00:00,2026-09-21T08:01:00.590+00:00,2026-09-21T08:01:04.264+00:00,True,59,59.0,,59.0,143966.422205,147641.222845,147641.222719,2502.39360540678,40.756513,143966.422205,18734.586022610158,78.4075019,63.35863172413793,10.494999454310475,0.39961738912133427,40,64,,True,True,,71,59.56268577710819
108,2026-09-21T07:58:36.940+00:00,2026-09-21T08:01:02.128+00:00,2026-09-21T08:01:02.455+00:00,True,6,6.0,,6.0,145187.72348699998,145514.97340699998,145514.97337099997,24252.49556183333,54.021553999999995,145187.72348699998,59245.92079971234,108909.22661149997,65.449984,10.405159240767437,0.041232870126830336,40,64,,True,True,,61,59.56268577710819
109,2026-09-21T07:58:37.290+00:00,2026-09-21T08:01:04.037+00:00,2026-09-21T08:01:08.407+00:00,True,71,71.0,,71.0,146747.536782,151117.314702,151117.31485700002,2128.412885309859,43.930603000000005,146747.536782,17408.322491571023,78.0799855,62.42539885714286,9.434235952567812,0.4698336530132925,40,64,,True,True,,639,59.56268577710819
110,2026-09-21T07:58:37.609+00:00,2026-09-21T08:01:05.827+00:00,2026-09-21T08:01:10.364+00:00,True,73,73.0,,73.0,148218.656053,152755.60965300002,152755.60949,2092.542595753425,44.648264000000005,148218.656053,17340.309213206754,78.059238,63.013244444444446,9.950017377049113,0.4778875235143702,40,64,,True,True,,219,59.56268577710819
111,2026-09-21T07:58:37.958+00:00,2026-09-21T08:01:08.011+00:00,2026-09-21T08:01:11.766+00:00,True,60,60.0,,60.0,150053.670679,153808.24757500002,153808.247698,2563.4707949666667,42.243593000000004,150053.670679,19363.632994407268,79.51508800000002,63.63689654237288,10.68267027210359,0.3900961160794891,40,64,,True,True,,179,59.56268577710819
112,2026-09-21T07:58:38.305+00:00,2026-09-21T08:01:09.773+00:00,2026-09-21T08:01:13.047+00:00,True,52,52.0,,52.0,151467.837323,154742.387083,154742.38686600002,2975.815132038462,44.992144,151467.837323,20995.9080744871,79.16036494999999,64.20685803921569,9.689230113989462,0.3360423797269489,40,64,,True,True,,208,59.56268577710819
113,2026-09-21T07:58:38.635+00:00,2026-09-21T08:01:11.766+00:00,2026-09-21T08:01:16.648+00:00,True,77,77.0,,77.0,153131.302757,158013.188197,158013.188149,2052.1193266103896,44.856974,153131.302757,17443.61411846934,77.71607,64.2353347368421,10.08678371656756,0.4873010973236087,40,64,,True,True,,454,59.56268577710819
114,2026-09-21T07:58:39.030+00:00,2026-09-21T08:01:13.899+00:00,2026-09-21T08:01:17.788+00:00,True,62,62.0,,62.0,154868.780584,158757.52298399998,158757.522933,2560.605208596774,43.969794,154868.780584,19660.26082691595,76.97987099999999,63.74987540983607,9.518793852139204,0.3905326741980506,40,64,,True,True,,185,59.56268577710819
115,2026-09-21T07:58:39.318+00:00,2026-09-21T08:01:15.546+00:00,2026-09-21T08:01:21.580+00:00,True,96,96.0,,96.0,156228.14891699998,162262.18232499997,162262.18224599998,1690.2310650624997,41.559354,156228.14891699998,15938.489228124037,76.19258525,63.5161411368421,10.053945318175609,0.5916350848019449,40,64,,True,True,,288,59.56268577710819
116,2026-09-21T07:58:39.670+00:00,2026-09-21T08:01:17.175+00:00,2026-09-21T08:01:19.563+00:00,True,39,39.0,,39.0,157504.98732100002,159893.35647300002,159893.35648900003,4099.829653564103,41.594483,157504.98732100002,25210.921189923316,81.57930809999999,62.85181978947368,11.826749726962754,0.2439125731067234,40,64,,True,True,,117,59.56268577710819
117,2026-09-21T07:58:40.011+00:00,2026-09-21T08:01:19.021+00:00,2026-09-21T08:01:19.371+00:00,True,7,7.0,,7.0,159009.722982,159359.93687,159359.93681,22765.70525857143,43.219303999999994,159009.722982,60077.96538367992,111326.8543116,58.36898133333334,9.537937812336137,0.043925720212291144,40,64,,True,True,,25,59.56268577710819
118,2026-09-21T07:58:40.374+00:00,2026-09-21T08:01:20.986+00:00,2026-09-21T08:01:23.434+00:00,True,39,39.0,,39.0,160611.374962,163059.69573,163059.695632,4181.017836717949,43.290582,160611.374962,25708.08796646778,79.5073288,64.42949389473684,10.248961932044699,0.2391762098254959,40,64,,True,True,,163,59.56268577710819
119,2026-09-21T07:58:40.717+00:00,2026-09-21T08:01:22.882+00:00,2026-09-21T08:01:25.273+00:00,True,38,38.0,,38.0,162165.054957,164555.496685,164555.49669499998,4330.4078077631575,47.741173,162165.054957,26296.166719518773,78.76784634999999,64.6065331891892,9.329672271248159,0.23092513325605538,40,64,,True,True,,157,59.56268577710819
120,2026-09-21T07:58:41.024+00:00,2026-09-21T08:01:24.346+00:00,2026-09-21T08:01:25.920+00:00,True,26,26.0,,26.0,163321.222523,164895.93791500002,164895.937838,6342.151455307692,45.948662,163321.222523,32017.575548878798,79.96547325,62.98861568,10.601271863533476,0.15767520006103722,40,64,,True,True,,57,59.56268577710819
121,2026-09-21T07:58:41.408+00:00,2026-09-21T08:01:26.105+00:00,2026-09-21T08:01:27.379+00:00,True,22,22.0,,22.0,164697.41412,165971.5722,165971.572249,7544.162374954545,43.398533,164697.41412,35100.67231372886,79.84527299999999,60.674194285714286,10.243817208384348,0.13255282039197314,40,64,,True,True,,108,59.56268577710819
122,2026-09-21T07:58:41.684+00:00,2026-09-21T08:01:27.577+00:00,2026-09-21T08:01:30.992+00:00,True,55,55.0,,55.0,165892.94082,169308.48360399998,169308.48361499998,3078.3360657272724,42.810722,165892.94082,22360.47290887334,76.71126699999999,63.2507922962963,9.705001356891788,0.32485082158458717,40,64,,True,True,,109,59.56268577710819
123,2026-09-21T07:58:41.965+00:00,2026-09-21T08:01:28.952+00:00,2026-09-21T08:01:33.866+00:00,True,80,80.0,,80.0,166986.729675,171901.005771,171901.005641,2148.7625705125,44.621953000000005,166986.729675,18662.73108114104,76.89844049999999,62.20602653164556,8.654910860951171,0.46538412990190975,40,64,,True,True,,171,59.56268577710819
124,2026-09-21T07:58:42.348+00:00,2026-09-21T08:01:30.736+00:00,2026-09-21T08:01:33.803+00:00,True,51,51.0,,51.0,168387.916222,171455.423166,171455.423127,3361.8710417058824,45.070762,168387.916222,23570.43556103458,76.812954,61.35013888,9.17765989176566,0.29745340834522765,40,64,,True,True,,653,59.56268577710819
125,2026-09-21T07:58:42.672+00:00,2026-09-21T08:01:32.381+00:00,2026-09-21T08:01:33.870+00:00,True,25,25.0,,25.0,169709.196306,171198.059794,171198.059907,6847.92239628,42.626622000000005,169709.196306,33929.43328767601,75.848396,62.035978666666665,9.306445374150963,0.14602969233461008,40,64,,True,True,,28,59.56268577710819
126,2026-09-21T07:58:43.587+00:00,2026-09-21T08:01:36.200+00:00,2026-09-21T08:01:39.340+00:00,True,50,50.0,,50.0,172613.286178,175753.176354,175753.17633800002,3515.06352676,45.113862,172613.286178,24402.144813091203,77.30369350000001,64.07939134693878,9.91095846897562,0.2844898797122766,40,64,,True,True,,100,59.56268577710819
127,2026-09-21T07:58:43.731+00:00,2026-09-21T08:01:38.005+00:00,2026-09-21T08:01:40.575+00:00,True,42,42.0,,42.0,174273.642361,176843.592057,176843.592129,4210.561717357143,46.079561999999996,174273.642361,26881.33626666731,78.302801,62.68169990243903,8.898222313662274,0.23749800324380776,40,64,,True,True,,133,59.56268577710819
128,2026-09-21T07:58:43.745+00:00,2026-09-21T08:01:38.133+00:00,2026-09-21T08:01:39.920+00:00,True,29,29.0,,29.0,174388.476337,176175.057073,176175.056923,6075.001962862069,46.026422,174388.476337,32371.27982849632,76.06650259999999,63.80645485714286,9.346586154019048,0.1646090001718208,40,64,,True,True,,85,59.56268577710819
129,2026-09-21T07:58:43.888+00:00,2026-09-21T08:01:38.881+00:00,2026-09-21T08:01:40.046+00:00,True,19,19.0,,19.0,174993.278992,176158.18472000002,176158.18468500001,9271.483404473685,52.238123,174993.278992,40131.36519017631,17566.786088800003,64.71698488888889,8.04693591266879,0.10785760553902238,40,64,,True,True,,55,59.56268577710819
130,2026-09-21T07:58:44.172+00:00,2026-09-21T08:01:39.988+00:00,2026-09-21T08:01:45.073+00:00,True,83,83.0,,83.0,175816.195543,180900.854231,180900.854188,2179.5283637108437,42.306762,175816.195543,19291.53082052689,76.6063082,62.0080327804878,9.858601732742297,0.4588148594036696,40,64,,True,True,,83,59.56268577710819
131,2026-09-21T07:58:44.416+00:00,2026-09-21T08:01:41.110+00:00,2026-09-21T08:01:46.217+00:00,True,84,84.0,,84.0,176693.76906700002,181800.653163,181800.65329400002,2164.2934915952383,42.253072,176693.76906700002,19272.15970667013,77.3459045,61.52872404819277,9.450463319003655,0.4620445446072558,40,64,,True,True,,500,59.56268577710819
132,2026-09-21T07:58:44.666+00:00,2026-09-21T08:01:42.573+00:00,2026-09-21T08:01:47.553+00:00,True,81,81.0,,81.0,177907.21094,182887.061692,182887.06178999998,2257.86496037037,43.037283,177907.21094,19760.553344469954,76.010982,62.2481344,8.769920990866991,0.4428962839176238,40,64,,True,True,,403,59.56268577710819
133,2026-09-21T07:58:44.933+00:00,2026-09-21T08:01:43.807+00:00,2026-09-21T08:01:45.962+00:00,True,36,36.0,,36.0,178873.972781,181028.67306899998,181028.673016,5028.574250444444,48.23921300000001,178873.972781,29802.069597258887,75.52959525,61.56286537142857,8.85426959162911,0.19886352470958246,40,64,,True,True,,252,59.56268577710819
134,2026-09-21T07:58:45.248+00:00,2026-09-21T08:01:45.439+00:00,2026-09-21T08:01:48.399+00:00,True,48,48.0,,48.0,180191.377336,183150.744248,183150.744026,3815.640500541667,43.852153,180191.377336,25999.29804572537,76.08613735,62.96525344680851,8.129417202260525,0.2620791970957233,40,64,,True,True,,211,59.56268577710819
135,2026-09-21T07:58:45.582+00:00,2026-09-21T08:01:47.109+00:00,2026-09-21T08:01:47.820+00:00,True,12,12.0,,12.0,181526.717131,182237.946059,182237.94622900002,15186.495519083335,51.878853,181526.717131,52383.584931248304,81727.39532970001,64.65717527272727,6.388403996071086,0.06584797655760985,40,64,,True,True,,24,59.56268577710819
136,2026-09-21T07:58:45.904+00:00,2026-09-21T08:01:48.903+00:00,2026-09-21T08:01:52.889+00:00,True,64,64.0,,64.0,182998.755725,186985.073037,186985.07317,2921.64176828125,43.230841999999996,182998.755725,22866.93688949542,77.60260250000002,63.27487796825397,9.10491181163653,0.3422733107007739,40,64,,True,True,,175,59.56268577710819
137,2026-09-21T07:58:46.172+00:00,2026-09-21T08:01:50.583+00:00,2026-09-21T08:01:53.407+00:00,True,45,45.0,,45.0,184410.11053799998,187234.86189799997,187234.86185999998,4160.774708,44.969643,184410.11053799998,27480.667513158143,78.581158,64.19889454545455,9.263308439191714,0.24033985735260496,40,64,,True,True,,136,59.56268577710819
139,2026-09-21T07:58:46.757+00:00,2026-09-21T08:01:53.017+00:00,2026-09-21T08:01:53.918+00:00,True,15,15.0,,15.0,186259.99247799997,187160.77071799999,187160.77090699997,12477.38472713333,55.085034,186259.99247799997,48075.51079300382,55931.12064749999,64.34130285714286,6.332917675563001,0.08014500016459587,40,64,,True,True,,60,59.56268577710819
140,2026-09-21T07:58:47.006+00:00,2026-09-21T08:01:54.308+00:00,2026-09-21T08:01:56.400+00:00,True,34,34.0,,34.0,187301.807672,189393.376312,189393.376196,5570.393417529412,45.285171999999996,187301.807672,32111.126286955358,75.48391,63.380867878787875,8.159015549368226,0.17952053372758714,40,64,,True,True,,157,59.56268577710819
141,2026-09-21T07:58:47.241+00:00,2026-09-21T08:01:55.464+00:00,2026-09-21T08:01:55.792+00:00,True,6,6.0,,6.0,188223.41487,188551.395158,188551.395068,31425.232511333335,50.568813,188223.41487,76815.1085220116,141187.259938,65.5960576,11.147365194616922,0.031821562470923076,40,64,,True,True,,42,59.56268577710819
138,2026-09-21T07:58:46.451+00:00,2026-09-21T08:01:56.472+00:00,2026-09-21T08:01:58.280+00:00,True,30,30.0,,30.0,190020.58914700002,191829.171035,191829.17120500002,6394.305706833334,47.841152,190020.58914700002,34681.46909202939,76.78654395000001,62.36489268965517,8.29247007465572,0.1563891447694698,40,64,,True,True,,184,59.56268577710819
142,2026-09-21T07:58:47.578+00:00,2026-09-21T08:01:57.248+00:00,2026-09-21T08:02:00.058+00:00,True,45,45.0,,45.0,189670.46857300002,192480.14870100003,192480.14862400002,4277.3366360888895,44.553762,189670.46857300002,28264.886264573986,78.051474,63.85636654545455,8.80135724788659,0.23379034307534388,40,64,,True,True,,315,59.56268577710819
143,2026-09-21T07:58:47.856+00:00,2026-09-21T08:01:58.560+00:00,2026-09-21T08:02:01.824+00:00,True,53,53.0,,53.0,190704.316094,193967.85427,193967.85419,3659.770833773585,41.518142,190704.316094,26186.633109531587,77.51451999999999,62.76034953846153,8.950498505918993,0.27324115224899526,40,64,,True,True,,53,59.56268577710819
144,2026-09-21T07:58:48.196+00:00,2026-09-21T08:02:00.437+00:00,2026-09-21T08:02:01.447+00:00,True,18,18.0,,18.0,192241.13315,193251.799134,193251.799095,10736.211060833333,49.439083,192241.13315,45297.65753318924,28900.8383669,59.45094023529412,7.782303132833682,0.09314272923026644,40,64,,True,True,,80,59.56268577710819
145,2026-09-21T07:58:48.568+00:00,2026-09-21T08:02:02.858+00:00,2026-09-21T08:02:03.109+00:00,True,5,5.0,,5.0,194289.481042,194540.863314,194540.863336,38908.1726672,53.284103,194289.481042,86860.79249180647,155447.2395626,62.845568,10.783996250396974,0.02570154113035736,40,64,,True,True,,20,59.56268577710819
146,2026-09-21T07:58:48.922+00:00,2026-09-21T08:02:04.759+00:00,2026-09-21T08:02:09.558+00:00,True,77,77.0,,77.0,195837.228098,200635.740738,200635.740797,2605.65897138961,44.683033,195837.228098,22310.529771222857,78.711962,63.13832421052632,8.623950852053543,0.38378007685355714,40,64,,True,True,,458,59.56268577710819
147,2026-09-21T07:58:49.227+00:00,2026-09-21T08:02:06.279+00:00,2026-09-21T08:02:12.255+00:00,True,96,96.0,,96.0,197051.68793900002,203028.62541100002,203028.62540200003,2114.881514604167,45.473451999999995,197051.68793900002,20105.084181682894,76.6230615,62.915131284210524,8.425448774279069,0.47283972792340423,40,64,,True,True,,768,59.56268577710819
148,2026-09-21T07:58:49.619+00:00,2026-09-21T08:02:08.410+00:00,2026-09-21T08:02:11.364+00:00,True,48,48.0,,48.0,198791.73692300002,201745.88117900002,201745.88117300003,4203.039191104167,43.418722,198791.73692300002,28684.045062203084,77.3981745,62.85413310638298,9.588601413383422,0.237923072924655,40,64,,True,True,,330,59.56268577710819
149,2026-09-21T07:58:50.011+00:00,2026-09-21T08:02:10.499+00:00,2026-09-21T08:02:13.267+00:00,True,45,45.0,,45.0,200488.025185,203255.784545,203255.784475,4516.795210555556,47.243942000000004,200488.025185,29877.614262441613,76.933894,62.90362181818182,8.498757427735397,0.22139591303999115,40,64,,True,True,,357,59.56268577710819
150,2026-09-21T07:58:50.271+00:00,2026-09-21T08:02:12.329+00:00,2026-09-21T08:02:15.994+00:00,True,59,59.0,,59.0,202057.99583700002,205722.37548500003,205722.37536600002,3486.8199214576275,42.677353000000004,202057.99583700002,26297.487331925433,80.3729889,63.17895944827586,10.597732183406627,0.28679427729193174,40,64,,True,True,,177,59.56268577710819
151,2026-09-21T07:58:50.662+00:00,2026-09-21T08:02:14.253+00:00,2026-09-21T08:02:18.596+00:00,True,69,69.0,,69.0,203591.101753,207933.731641,207933.731746,3013.5323441449273,48.110153,203591.101753,24501.802272362707,78.840118,63.862204235294115,9.754845400716192,0.33183649163344653,40,64,,True,True,,690,59.56268577710819
152,2026-09-21T07:58:51.024+00:00,2026-09-21T08:02:16.269+00:00,2026-09-21T08:02:20.060+00:00,True,61,61.0,,61.0,205245.319383,209036.177367,209036.177357,3426.822579622951,43.805203,205245.319383,26270.882536682788,78.148625,63.180966399999996,9.57502440441019,0.2918155161864815,40,64,,True,True,,455,59.56268577710819
153,2026-09-21T07:58:51.345+00:00,2026-09-21T08:02:18.059+00:00,2026-09-21T08:02:18.595+00:00,True,10,10.0,,10.0,206714.34753600002,207249.937936,207249.93780500002,20724.9937805,46.404093,206714.34753600002,65349.99827834141,113727.2437146,59.510044444444446,9.978761044704587,0.04825091915389648,40,64,,True,True,,12,59.56268577710819
154,2026-09-21T07:58:51.573+00:00,2026-09-21T08:02:19.241+00:00,2026-09-21T08:02:22.413+00:00,True,51,51.0,,51.0,207668.091646,210839.72454199998,210839.724608,4134.112247215686,46.695733,207668.091646,29070.468185713133,76.016464,63.432657920000004,8.620735145986764,0.24188990054310486,40,64,,True,True,,448,59.56268577710819
155,2026-09-21T07:58:51.863+00:00,2026-09-21T08:02:20.592+00:00,2026-09-21T08:02:21.412+00:00,True,14,14.0,,14.0,208729.096129,209549.452993,209549.45281400002,14967.818058142859,43.363482000000005,208729.096129,55768.33321876058,73106.8611964,63.10437415384615,11.600909439773488,0.0668100049894555,40,64,,True,True,,54,59.56268577710819
156,2026-09-21T07:58:52.147+00:00,2026-09-21T08:02:22.361+00:00,2026-09-21T08:02:28.430+00:00,True,100,100.0,,100.0,210214.885557,216283.142581,216283.142582,2162.83142582,43.497782,210214.885557,21015.360969399902,75.6255975,61.295525494949494,9.137093616177557,0.46235688462196767,40,64,,True,True,,850,59.56268577710819
157,2026-09-21T07:58:52.412+00:00,2026-09-21T08:02:23.574+00:00,2026-09-21T08:02:25.814+00:00,True,37,37.0,,37.0,211161.876554,213402.23572199998,213402.23572499998,5767.627992567567,46.278844,211161.876554,34704.56907195064,78.2504042,62.232199111111115,9.705764694441333,0.17338150125193658,40,64,,True,True,,221,59.56268577710819
158,2026-09-21T07:58:52.762+00:00,2026-09-21T08:02:25.471+00:00,2026-09-21T08:02:30.290+00:00,True,79,79.0,,79.0,212708.97037,217528.057218,217528.057164,2753.5197109367086,44.651052,212708.97037,23924.679285414164,76.5741671,61.78316471794872,8.629285070399755,0.36317154214653147,40,64,,True,True,,401,59.56268577710819
159,2026-09-21T07:58:53.618+00:00,2026-09-21T08:02:27.379+00:00,2026-09-21T08:02:28.801+00:00,True,24,24.0,,24.0,213761.221332,215183.42881999997,215183.428972,8965.976207166666,44.947322,213761.221332,43621.205376035934,73.367063,61.83510817391305,8.689540129895647,0.11153275199493126,40,64,,True,True,,27,59.56268577710819
161,2026-09-21T07:58:53.725+00:00,2026-09-21T08:02:28.691+00:00,2026-09-21T08:02:29.152+00:00,True,9,9.0,,9.0,214966.046817,215427.125345,215427.125423,23936.34726922222,47.034732000000005,214966.046817,71636.137831159,129009.69406339999,57.634816,9.054885433280123,0.04177746876391157,40,64,,True,True,,36,59.56268577710819
160,2026-09-21T07:58:53.623+00:00,2026-09-21T08:02:29.359+00:00,2026-09-21T08:02:34.183+00:00,True,77,77.0,,77.0,215736.271491,220560.074627,220560.07457899998,2864.4165529740258,44.142271,215736.271491,24578.198650922706,77.6351628,63.47109389473684,9.95850096557586,0.34911123479722467,40,64,,True,True,,154,59.56268577710819
162,2026-09-21T07:58:54.035+00:00,2026-09-21T08:02:32.221+00:00,2026-09-21T08:02:35.880+00:00,True,58,58.0,,58.0,218185.848118,221845.355318,221845.355486,3824.919922172414,47.158491999999995,218185.848118,28640.776688679893,79.20776830000001,64.20188070175439,9.009401097047942,0.2614433821112054,40,64,,True,True,,116,59.56268577710819
163,2026-09-21T07:58:54.282+00:00,2026-09-21T08:02:33.426+00:00,2026-09-21T08:02:38.079+00:00,True,73,73.0,,73.0,219143.382155,223796.360843,223796.360788,3065.7035724383563,47.216542000000004,219143.382155,25641.231063244875,79.3230864,64.624704,10.10832788062776,0.32618939702603894,40,64,,True,True,,364,59.56268577710819
164,2026-09-21T07:58:54.661+00:00,2026-09-21T08:02:35.696+00:00,2026-09-21T08:02:39.485+00:00,True,61,61.0,,61.0,221035.193704,224824.497,224824.496997,3685.6474917540986,44.204811,221035.193704,28292.57217130294,76.914773,63.15505493333333,10.149826813168788,0.2713227464709951,40,64,,True,True,,208,59.56268577710819
165,2026-09-21T07:58:55.018+00:00,2026-09-21T08:02:37.177+00:00,2026-09-21T08:02:37.588+00:00,True,7,7.0,,7.0,222158.981509,222569.043845,222569.043714,31795.577673428572,55.432562,222158.981509,83942.37138402919,155534.9321182,68.34372266666666,10.082352013102552,0.03145091464235651,40,64,,True,True,,56,59.56268577710819
166,2026-09-21T07:58:55.307+00:00,2026-09-21T08:02:38.545+00:00,2026-09-21T08:02:40.689+00:00,True,35,35.0,,35.0,223238.211757,225382.59012500002,225382.59010200002,6439.502574342858,45.523202,223238.211757,37723.485177432645,83.419131,63.069952,9.02612525661342,0.15529149780641247,40,64,,True,True,,210,59.56268577710819
167,2026-09-21T07:58:55.561+00:00,2026-09-21T08:02:39.789+00:00,2026-09-21T08:02:42.875+00:00,True,49,49.0,,49.0,224228.303785,227314.782633,227314.78277299998,4639.07719944898,46.495720999999996,224228.303785,32023.4305143393,80.974273,64.30164266666667,10.348608197192217,0.21556011198405237,40,64,,True,True,,294,59.56268577710819
168,2026-09-21T07:58:55.855+00:00,2026-09-21T08:02:41.242+00:00,2026-09-21T08:02:42.581+00:00,True,22,22.0,,22.0,225386.788466,226725.98667399999,226725.986683,10305.726667409092,47.250333,225386.788466,48039.02944896835,74.31840505,63.77134323809524,8.910750267676061,0.09703342930703793,40,64,,True,True,,44,59.56268577710819
169,2026-09-21T07:58:56.096+00:00,2026-09-21T08:02:42.520+00:00,2026-09-21T08:02:44.843+00:00,True,38,38.0,,38.0,226423.773375,228747.356351,228747.356436,6019.667274631579,41.244101,226423.773375,36720.60045509432,80.3760075,62.79953989189189,10.959949222166497,0.16612213844207724,40,64,,True,True,,84,59.56268577710819
170,2026-09-21T07:58:56.429+00:00,2026-09-21T08:02:44.418+00:00,2026-09-21T08:02:49.261+00:00,True,78,78.0,,78.0,227988.860257,232831.094881,232831.09490599998,2985.01403725641,43.445391,227988.860257,25807.536415932947,77.81667184999999,62.886163948051944,9.758218756333857,0.3350067998428896,40,64,,True,True,,507,59.56268577710819
171,2026-09-21T07:58:56.833+00:00,2026-09-21T08:02:46.750+00:00,2026-09-21T08:02:49.262+00:00,True,41,41.0,,41.0,229917.180127,232428.806367,232428.806514,5668.995280829268,43.898322,229917.180127,35897.225706335565,75.202253,62.790656,8.652132043379378,0.17639810073826173,40,64,,True,True,,41,59.56268577710819
172,2026-09-21T07:58:57.233+00:00,2026-09-21T08:02:48.488+00:00,2026-09-21T08:02:53.312+00:00,True,78,78.0,,78.0,231255.530005,236079.575829,236079.575755,3026.6612276282053,41.532382,231255.530005,26177.44068517241,76.34353300000001,62.64994576623376,9.852913888623725,0.33039706940382635,40,64,,True,True,,795,59.56268577710819
173,2026-09-21T07:58:57.558+00:00,2026-09-21T08:02:50.151+00:00,2026-09-21T08:02:52.665+00:00,True,42,42.0,,42.0,232593.27968099999,235107.489217,235107.48912999997,5597.797360238095,45.222671000000005,232593.27968099999,35880.461242392026,77.589884,61.32218380487805,9.500128787835497,0.17864169337980873,40,64,,True,True,,362,59.56268577710819
174,2026-09-21T07:58:57.890+00:00,2026-09-21T08:02:52.045+00:00,2026-09-21T08:02:56.698+00:00,True,75,75.0,,75.0,234155.509632,238808.601472,238808.601425,3184.114685666667,45.483101000000005,234155.509632,27030.690337465927,77.83279499999999,62.87961945945946,9.784043484074392,0.3140590394889677,40,64,,True,True,,152,59.56268577710819
175,2026-09-21T07:58:58.269+00:00,2026-09-21T08:02:54.039+00:00,2026-09-21T08:02:57.041+00:00,True,50,50.0,,50.0,235769.750983,238771.701191,238771.70109800002,4775.43402196,45.136762000000004,235769.750983,33334.21490855199,75.59689195000001,61.26428995918367,8.427237884414328,0.20940504988907221,40,64,,True,True,,300,59.56268577710819
176,2026-09-21T07:58:58.638+00:00,2026-09-21T08:02:55.975+00:00,2026-09-21T08:02:57.039+00:00,True,19,19.0,,19.0,237336.715394,238401.430402,238401.4304,12547.443705263158,41.283222,237336.715394,54435.20709982405,23796.473839100003,59.15083377777778,7.5553950043865425,0.07969750839146227,40,64,,True,True,,59,59.56268577710819
177,2026-09-21T07:58:58.974+00:00,2026-09-21T08:02:57.859+00:00,2026-09-21T08:03:00.686+00:00,True,46,46.0,,46.0,238884.195764,241711.192756,241711.192923,5254.5911505,44.587212,238884.195764,35212.291600434626,76.56037725,62.822155377777776,8.91929056004686,0.19030976379499143,40,64,,True,True,,319,59.56268577710819
178,2026-09-21T07:58:59.214+00:00,2026-09-21T08:02:59.197+00:00,2026-09-21T08:03:00.477+00:00,True,22,22.0,,22.0,239983.311875,241262.749443,241262.74944,10966.488610909091,43.018161,239983.311875,51151.625451263964,78.23393209999999,60.92559847619048,9.427156154371772,0.09118689085153467,40,64,,True,True,,100,59.56268577710819
179,2026-09-21T07:58:59.611+00:00,2026-09-21T08:03:01.097+00:00,2026-09-21T08:03:06.609+00:00,True,87,87.0,,87.0,241485.948451,246998.22083500001,246998.220614,2839.0600070574715,46.650042,241485.948451,25883.141101573743,78.42237300000001,64.09619051162791,9.441757818522557,0.35222925778934183,40,64,,True,True,,290,59.56268577710819
180,2026-09-21T07:58:59.909+00:00,2026-09-21T08:03:02.887+00:00,2026-09-21T08:03:07.045+00:00,True,65,65.0,,65.0,242978.627963,247136.119675,247136.119859,3802.094151676923,44.092902,242978.627963,30129.733523022365,77.7654548,64.960808,8.885468998771765,0.263012950456126,40,64,,True,True,,195,59.56268577710819
181,2026-09-21T07:59:00.301+00:00,2026-09-21T08:03:04.505+00:00,2026-09-21T08:03:09.472+00:00,True,78,78.0,,78.0,244204.135618,249171.14157,249171.141593,3194.501815294872,42.707800999999996,244204.135618,27643.37124448882,78.81875835,64.5065708051948,9.8583613484798,0.31303785626429514,40,64,,True,True,,702,59.56268577710819
182,2026-09-21T07:59:00.589+00:00,2026-09-21T08:03:06.123+00:00,2026-09-21T08:03:10.608+00:00,True,71,71.0,,71.0,245534.624585,250018.936649,250018.93659300002,3521.3934731408453,43.586672,245534.624585,29131.99758991597,76.8629575,64.0616009142857,9.136417813379676,0.28397848959607586,40,64,,True,True,,151,59.56268577710819
183,2026-09-21T07:59:00.948+00:00,2026-09-21T08:03:08.212+00:00,2026-09-21T08:03:11.684+00:00,True,56,56.0,,56.0,247264.634622,250736.511742,250736.511864,4477.437711857143,43.432821000000004,247264.634622,33033.692780125784,77.30763225000001,63.125038545454544,10.224183466930588,0.2233420239076399,40,64,,True,True,,84,59.56268577710819
184,2026-09-21T07:59:01.238+00:00,2026-09-21T08:03:08.651+00:00,2026-09-21T08:03:08.904+00:00,True,5,5.0,,5.0,247412.25995699997,247665.338485,247665.33841599998,49533.067683199995,56.630092,247412.25995699997,110617.83139023662,197943.3475402,63.269632,4.734575720105023,0.020188533569475763,40,64,,True,True,,41,59.56268577710819
185,2026-09-21T07:59:01.658+00:00,2026-09-21T08:03:10.754+00:00,2026-09-21T08:03:13.893+00:00,True,51,51.0,,51.0,249095.673047,252235.440855,252235.44093699998,4945.7929595490195,42.870722,249095.673047,34871.579103874355,76.857883,62.79535616,9.295856847609036,0.20219204655430575,40,64,,True,True,,360,59.56268577710819
186,2026-09-21T07:59:01.946+00:00,2026-09-21T08:03:12.245+00:00,2026-09-21T08:03:16.806+00:00,True,73,73.0,,73.0,250299.113342,254860.049278,254860.04910899999,3491.233549438356,44.840861,250299.113342,29287.882819503007,78.85415459999999,63.34633244444445,9.684502704177227,0.28643171107752546,40,64,,True,True,,511,59.56268577710819
187,2026-09-21T07:59:02.315+00:00,2026-09-21T08:03:15.159+00:00,2026-09-21T08:03:20.484+00:00,True,87,87.0,,87.0,252843.954203,258168.760859,258168.76097,2967.457022643678,43.789782,252843.954203,27101.080840283485,76.7863613,61.91635646511628,9.668821996932984,0.33698887390761983,40,64,,True,True,,348,59.56268577710819
188,2026-09-21T07:59:02.636+00:00,2026-09-21T08:03:16.861+00:00,2026-09-21T08:03:20.483+00:00,True,59,59.0,,59.0,254225.207289,257846.638329,257846.638366,4370.28200620339,42.261332,254225.207289,33089.17562932435,76.80087700000001,62.43846620689655,10.198317600914933,0.2288181858113613,40,64,,True,True,,236,59.56268577710819
189,2026-09-21T07:59:02.948+00:00,2026-09-21T08:03:18.582+00:00,2026-09-21T08:03:20.256+00:00,True,27,27.0,,27.0,255634.09703799998,257307.59540599998,257307.59528599997,9529.910936518518,48.556241,255634.09703799998,49184.41860049266,79.097573,64.36532184615385,9.038742570273401,0.10493277494353517,40,64,,True,True,,54,59.56268577710819
190,2026-09-21T07:59:03.344+00:00,2026-09-21T08:03:20.862+00:00,2026-09-21T08:03:23.308+00:00,True,38,38.0,,38.0,257517.588268,259963.84926,259963.84925199999,6841.15392768421,47.762422,257517.588268,41764.145440698834,84.6219455,66.11516194594594,11.724341407309632,0.14617417040164965,40,64,,True,True,,76,59.56268577710819
191,2026-09-21T07:59:03.681+00:00,2026-09-21T08:03:22.522+00:00,2026-09-21T08:03:24.472+00:00,True,32,32.0,,32.0,258840.12112,260790.536736,260790.53669799998,8149.704271812499,47.315492,258840.12112,45745.77996226378,77.7819265,62.916632774193545,9.400393944192505,0.12270383887584774,40,64,,True,True,,163,59.56268577710819
192,2026-09-21T07:59:03.914+00:00,2026-09-21T08:03:23.493+00:00,2026-09-21T08:03:26.809+00:00,True,54,54.0,,54.0,259579.28907,262894.87307,262894.873116,4868.423576222222,44.364822,259579.28907,35315.75519811105,76.98626949999999,62.55818867924528,9.631267832826412,0.20540529896762816,40,64,,True,True,,55,59.56268577710819
193,2026-09-21T07:59:04.146+00:00,2026-09-21T08:03:24.607+00:00,2026-09-21T08:03:25.568+00:00,True,16,16.0,,16.0,260460.823125,261422.11874099998,261422.11895899998,16338.882434937499,49.884932,260460.823125,65099.184629000665,65174.291870999994,64.0863744,7.8787334380984,0.06120369644716926,40,64,,True,True,,100,59.56268577710819
194,2026-09-21T07:59:04.536+00:00,2026-09-21T08:03:26.874+00:00,2026-09-21T08:03:31.574+00:00,True,75,75.0,,75.0,262337.650103,267037.138103,267037.1381,3560.4951746666666,44.440981,262337.650103,30284.811041703182,77.566573,63.506594594594596,9.819702252209137,0.2808598104847552,40,64,,True,True,,113,59.56268577710819
195,2026-09-21T07:59:05.691+00:00,2026-09-21T08:03:31.049+00:00,2026-09-21T08:03:33.947+00:00,True,46,46.0,,46.0,265357.401349,268256.088581,268256.08852,5831.654098260869,46.539970999999994,265357.401349,39115.31781037877,77.788981,64.41527182222222,8.894452249079471,0.17147793454876345,40,64,,True,True,,56,59.56268577710819
196,2026-09-21T07:59:05.742+00:00,2026-09-21T08:03:31.614+00:00,2026-09-21T08:03:34.293+00:00,True,43,43.0,,43.0,265872.05078600004,268551.07593800005,268551.075872,6245.373857488373,47.003671000000004,265872.05078600004,40535.38131891652,79.7981959,63.78631314285714,9.131154632373473,0.16011851693317117,40,64,,True,True,,269,59.56268577710819
197,2026-09-21T07:59:05.798+00:00,2026-09-21T08:03:31.903+00:00,2026-09-21T08:03:34.489+00:00,True,42,42.0,,42.0,266105.002676,268690.81234,268690.81249,6397.400297380953,42.766551,266105.002676,41051.16261651086,77.63212745000001,63.068528390243905,8.93051906211377,0.15631349518141846,40,64,,True,True,,84,59.56268577710819
198,2026-09-21T07:59:05.907+00:00,2026-09-21T08:03:34.225+00:00,2026-09-21T08:03:35.555+00:00,True,22,22.0,,22.0,268318.723353,269648.022553,269648.022421,12256.728291863637,46.440041,268318.723353,57192.24933399887,81.06203805,63.2999619047619,10.393321823782932,0.08158784103701648,40,64,,True,True,,114,59.56268577710819
199,2026-09-21T07:59:06.112+00:00,2026-09-21T08:03:35.315+00:00,2026-09-21T08:03:36.589+00:00,True,21,21.0,,21.0,269202.64297399996,270476.90985399997,270476.909801,12879.852847666665,45.452711,269202.64297399996,58730.93033731,78.379302,63.713344,10.737687291380825,0.07764063857183053,40,64,,True,True,,105,59.56268577710819
200,2026-09-21T07:59:06.461+00:00,2026-09-21T08:03:37.160+00:00,2026-09-21T08:03:39.464+00:00,True,37,37.0,,37.0,270699.470997,273003.659925,273003.660015,7378.477297702702,50.302161,270699.470997,44492.19753229661,80.21004099999999,64.005248,9.7313230218281,0.13552931858189998,40,64,,True,True,,37,59.56268577710819
201,2026-09-21T07:59:06.870+00:00,2026-09-21T08:03:39.145+00:00,2026-09-21T08:03:43.445+00:00,True,67,67.0,,67.0,272275.113896,276575.047336,276575.047326,4127.985780985075,42.401821000000005,272275.113896,33255.74171642477,78.535063,65.15050666666666,10.84298378120392,0.24224889644004785,40,64,,True,True,,403,59.56268577710819
202,2026-09-21T07:59:07.191+00:00,2026-09-21T08:03:41.098+00:00,2026-09-21T08:03:45.713+00:00,True,73,73.0,,73.0,273907.509983,278522.300127,278522.30008,3815.37397369863,43.156691,273907.509983,32050.94882863676,76.378131,64.09430755555555,9.213195180679577,0.26209750517898783,40,64,,True,True,,511,59.56268577710819
203,2026-09-21T07:59:07.478+00:00,2026-09-21T08:03:42.448+00:00,2026-09-21T08:03:46.059+00:00,True,57,57.0,,57.0,274969.910852,278581.152324,278581.152128,4887.388633824561,41.889781,274969.910852,36412.114402242514,79.11031720000001,64.48645485714286,10.286761001484486,0.2046082426053968,40,64,,True,True,,342,59.56268577710819
204,2026-09-21T07:59:07.881+00:00,2026-09-21T08:03:44.704+00:00,2026-09-21T08:03:50.710+00:00,True,96,96.0,,96.0,276823.700668,282829.476284,282829.47617399995,2946.1403768124997,45.82964,276823.700668,28246.749871977954,76.20895175,63.21869069473684,9.139620052300092,0.3394271391416173,40,64,,True,True,,384,59.56268577710819
205,2026-09-21T07:59:08.128+00:00,2026-09-21T08:03:45.915+00:00,2026-09-21T08:03:52.188+00:00,True,100,100.0,,100.0,277786.782827,284060.595563,284060.595419,2840.6059541900004,41.353010999999995,277786.782827,27772.342711027326,77.6577695,63.37184581818182,9.512872046082236,0.3520375636818012,40,64,,True,True,,296,59.56268577710819
206,2026-09-21T07:59:08.412+00:00,2026-09-21T08:03:47.503+00:00,2026-09-21T08:03:48.620+00:00,True,18,18.0,,18.0,279090.818431,280207.556991,280207.557025,15567.086501388889,53.372750999999994,279090.818431,65766.85375673338,41929.13595535,65.69050352941176,7.453788244032947,0.06423809619302359,40,64,,True,True,,37,59.56268577710819
207,2026-09-21T07:59:08.824+00:00,2026-09-21T08:03:49.478+00:00,2026-09-21T08:03:53.414+00:00,True,63,63.0,,63.0,280653.800979,284589.864467,284589.864542,4517.299437174603,42.154601,280653.800979,35351.058115003114,76.61637909999999,63.48489496774194,9.01828430588621,0.221371200685558,40,64,,True,True,,67,59.56268577710819
208,2026-09-21T07:59:09.186+00:00,2026-09-21T08:03:51.284+00:00,2026-09-21T08:03:57.079+00:00,True,92,92.0,,92.0,282098.03332,287892.898472,287892.898411,3129.2706349021737,41.065861,282098.03332,29404.115735280757,78.41453754999999,63.679836835164835,10.215311110809294,0.3195632837360446,40,64,,True,True,,234,59.56268577710819
209,2026-09-21T07:59:09.477+00:00,2026-09-21T08:03:53.006+00:00,2026-09-21T08:03:55.755+00:00,True,44,44.0,,44.0,283529.027256,286278.711992,286278.71193299996,6506.3343621136355,44.975211,283529.027256,42733.970045936985,78.49517315000001,63.94615665116279,10.136253993678352,0.15369637404694475,40,64,,True,True,,88,59.56268577710819
210,2026-09-21T07:59:09.838+00:00,2026-09-21T08:03:54.416+00:00,2026-09-21T08:03:58.681+00:00,True,70,70.0,,70.0,284577.647588,288843.03562,288843.035677,4126.3290811,42.160511,284577.647588,34006.14711142878,75.39598140000003,61.817217855072464,8.652569833694566,0.24234615818153757,40,64,,True,True,,700,59.56268577710819
212,2026-09-21T07:59:10.452+00:00,2026-09-21T08:03:55.643+00:00,2026-09-21T08:04:01.680+00:00,True,96,96.0,,96.0,285190.51429,291227.502706,291227.50275600003,3033.619820375,44.009211,285190.51429,29100.65066168556,76.49066950000001,63.547246484210525,9.224331497879664,0.3296391965319083,40,64,,True,True,,379,59.56268577710819
213,2026-09-21T07:59:10.815+00:00,2026-09-21T08:03:57.508+00:00,2026-09-21T08:03:58.168+00:00,True,12,12.0,,12.0,286693.05584,287353.145952,287353.14612499997,23946.095510416664,47.758091,286693.05584,82743.8341221359,129054.43453609999,60.008192,9.706489672917021,0.041760461540255776,40,64,,True,True,,54,59.56268577710819
214,2026-09-21T07:59:11.161+00:00,2026-09-21T08:04:00.331+00:00,2026-09-21T08:04:01.750+00:00,True,23,23.0,,23.0,289170.158244,290589.017252,290589.017114,12634.305091913044,50.663411999999994,289170.158244,60282.69882196547,76.32326189999999,64.49359127272727,8.37269218741573,0.07914958458341978,40,64,,True,True,,92,59.56268577710819
211,2026-09-21T07:59:10.180+00:00,2026-09-21T08:04:01.239+00:00,2026-09-21T08:04:03.855+00:00,True,42,42.0,,42.0,291058.188575,293674.446879,293674.44678,6992.248732857142,45.994901,291058.188575,44901.40821504243,77.75064505,63.81117814634147,9.41111674261286,0.14301550729507248,40,64,,True,True,,378,59.56268577710819
215,2026-09-21T07:59:11.579+00:00,2026-09-21T08:04:03.563+00:00,2026-09-21T08:04:06.000+00:00,True,41,41.0,,41.0,291984.271009,294421.004449,294421.00456000003,7181.000111219512,41.698991,291984.271009,45590.76932235047,80.048212,60.918336,10.382691407271238,0.13925636887466727,40,64,,True,True,,82,59.56268577710819
216,2026-09-21T07:59:11.937+00:00,2026-09-21T08:04:05.581+00:00,2026-09-21T08:04:11.012+00:00,True,87,87.0,,87.0,293643.88176599995,299075.49494999996,299075.49497899995,3437.649367574712,45.068171,293643.88176599995,31475.1586820749,77.704484,63.1582928372093,9.168662612864534,0.2908964507926162,40,64,,True,True,,391,59.56268577710819
217,2026-09-21T07:59:12.275+00:00,2026-09-21T08:04:07.371+00:00,2026-09-21T08:04:12.322+00:00,False,80,79.0,,79.0,295095.36044300004,300046.44729100005,300046.44732700003,3750.5805915875003,0.04119,295095.36044300004,32985.65931320235,77.647181,62.671985417721515,11.45689397731407,0.26329256924472716,40,64,,True,False,Request timeout: 300.0s exceeded,316,59.56268577710819
218,2026-09-21T07:59:12.563+00:00,2026-09-21T08:04:09.061+00:00,2026-09-21T08:04:10.091+00:00,True,18,18.0,,18.0,296497.497884,297528.305948,297528.30594500003,16529.35033027778,40.483241,296497.497884,69870.8392455103,44537.5224403,60.63576847058824,10.763483444863182,0.060498445492933775,40,64,,True,True,,60,59.56268577710819
219,2026-09-21T07:59:12.810+00:00,2026-09-21T08:04:10.317+00:00,2026-09-21T08:04:12.822+00:00,False,43,42.0,,42.0,297506.532958,300011.381086,300011.38099000003,6977.008860232559,0.02741,297506.532958,45360.228026934965,77.70047000000001,59.639241142857145,13.581710375015646,0.13999468902801543,40,64,,True,False,Request timeout: 300.0s exceeded,122,59.56268577710819
220,2026-09-21T07:59:13.151+00:00,2026-09-21T08:04:12.183+00:00,2026-09-21T08:04:13.211+00:00,False,19,18.0,,18.0,299031.74357700004,300060.28194500005,300060.28183900006,15792.64641257895,0.027489999999999997,299031.74357700004,68589.47970904107,29972.8402986,57.14102044444445,16.407924184261063,0.05998794603312189,40,64,,True,False,Request timeout: 300.0s exceeded,40,59.56268577710819
221,2026-09-21T07:59:13.416+00:00,2026-09-21T08:04:13.515+00:00,2026-09-21T08:04:13.515+00:00,False,1,0.0,,0.0,300099.666832,300099.666832,300099.666832,300099.666832,300099.666832,300099.666832,nan,300099.666832,nan,nan,0.0,40,64,,True,False,"HTTPConnectionPool(host='gpu06', port=9004): Read timed out.",0,59.56268577710819
222,2026-09-21T07:59:13.715+00:00,2026-09-21T08:04:13.823+00:00,2026-09-21T08:04:13.823+00:00,False,1,0.0,,0.0,300108.37632200005,300108.37632200005,300108.37632200005,300108.37632200005,300108.37632200005,300108.37632200005,nan,300108.37632200005,nan,nan,0.0,40,64,,True,False,"HTTPConnectionPool(host='gpu06', port=9004): Read timed out.",0,59.56268577710819
223,2026-09-21T07:59:14.068+00:00,2026-09-21T08:04:14.168+00:00,2026-09-21T08:04:14.168+00:00,False,1,0.0,,0.0,300100.008819,300100.008819,300100.008819,300100.008819,300100.008819,300100.008819,nan,300100.008819,nan,nan,0.0,40,64,,True,False,"HTTPConnectionPool(host='gpu06', port=9004): Read timed out.",0,59.56268577710819
224,2026-09-21T07:59:14.365+00:00,2026-09-21T08:04:14.473+00:00,2026-09-21T08:04:14.473+00:00,False,1,0.0,,0.0,300107.915748,300107.915748,300107.915748,300107.915748,300107.915748,300107.915748,nan,300107.915748,nan,nan,0.0,40,64,,True,False,"HTTPConnectionPool(host='gpu06', port=9004): Read timed out.",0,59.56268577710819
225,2026-09-21T07:59:14.717+00:00,2026-09-21T08:04:14.834+00:00,2026-09-21T08:04:14.834+00:00,False,1,0.0,,0.0,300117.619545,300117.619545,300117.619545,300117.619545,300117.619545,300117.619545,nan,300117.619545,nan,nan,0.0,40,64,,True,False,"HTTPConnectionPool(host='gpu06', port=9004): Read timed out.",0,59.56268577710819
226,2026-09-21T07:59:14.946+00:00,2026-09-21T08:04:15.060+00:00,2026-09-21T08:04:15.060+00:00,False,1,0.0,,0.0,300113.579719,300113.579719,300113.579719,300113.579719,300113.579719,300113.579719,nan,300113.579719,nan,nan,0.0,40,64,,True,False,"HTTPConnectionPool(host='gpu06', port=9004): Read timed out.",0,59.56268577710819
227,2026-09-21T07:59:15.361+00:00,2026-09-21T08:04:15.465+00:00,2026-09-21T08:04:15.465+00:00,False,1,0.0,,0.0,300103.970382,300103.970382,300103.970382,300103.970382,300103.970382,300103.970382,nan,300103.970382,nan,nan,0.0,40,64,,True,False,"HTTPConnectionPool(host='gpu06', port=9004): Read timed out.",0,59.56268577710819
228,2026-09-21T07:59:15.718+00:00,2026-09-21T08:04:15.803+00:00,2026-09-21T08:04:15.803+00:00,False,1,0.0,,0.0,300085.446537,300085.446537,300085.446537,300085.446537,300085.446537,300085.446537,nan,300085.446537,nan,nan,0.0,40,64,,True,False,TTFT timeout: 300.0s exceeded (TTFT: 300.081s),0,59.56268577710819
229,2026-09-21T07:59:16.089+00:00,2026-09-21T08:04:16.193+00:00,2026-09-21T08:04:16.193+00:00,False,1,0.0,,0.0,300104.263653,300104.263653,300104.263653,300104.263653,300104.263653,300104.263653,nan,300104.263653,nan,nan,0.0,40,64,,True,False,"HTTPConnectionPool(host='gpu06', port=9004): Read timed out.",0,59.56268577710819
230,2026-09-21T07:59:16.410+00:00,2026-09-21T08:04:16.511+00:00,2026-09-21T08:04:16.511+00:00,False,1,0.0,,0.0,300101.237572,300101.237572,300101.237572,300101.237572,300101.237572,300101.237572,nan,300101.237572,nan,nan,0.0,40,64,,True,False,"HTTPConnectionPool(host='gpu06', port=9004): Read timed out.",0,59.56268577710819
231,2026-09-21T07:59:16.762+00:00,2026-09-21T08:04:16.863+00:00,2026-09-21T08:04:16.863+00:00,False,1,0.0,,0.0,300101.467168,300101.467168,300101.467168,300101.467168,300101.467168,300101.467168,nan,300101.467168,nan,nan,0.0,40,64,,True,False,"HTTPConnectionPool(host='gpu06', port=9004): Read timed out.",0,59.56268577710819
232,2026-09-21T07:59:17.138+00:00,2026-09-21T08:04:17.252+00:00,2026-09-21T08:04:17.252+00:00,False,1,0.0,,0.0,300114.025313,300114.025313,300114.025313,300114.025313,300114.025313,300114.025313,nan,300114.025313,nan,nan,0.0,40,64,,True,False,"HTTPConnectionPool(host='gpu06', port=9004): Read timed out.",0,59.56268577710819
233,2026-09-21T07:59:17.443+00:00,2026-09-21T08:04:17.547+00:00,2026-09-21T08:04:17.547+00:00,False,1,0.0,,0.0,300103.421242,300103.421242,300103.421242,300103.421242,300103.421242,300103.421242,nan,300103.421242,nan,nan,0.0,40,64,,True,False,TTFT timeout: 300.0s exceeded (TTFT: 300.091s),0,59.56268577710819
234,2026-09-21T07:59:17.773+00:00,2026-09-21T08:04:17.804+00:00,2026-09-21T08:04:17.804+00:00,False,1,0.0,,0.0,300030.782619,300030.782619,300030.782619,300030.782619,300030.782619,300030.782619,nan,300030.782619,nan,nan,0.0,40,64,,True,False,TTFT timeout: 300.0s exceeded (TTFT: 300.025s),0,59.56268577710819
235,2026-09-21T07:59:18.045+00:00,2026-09-21T08:04:18.032+00:00,2026-09-21T08:04:18.102+00:00,False,3,2.0,,2.0,299987.33023900003,300057.352383,300057.35228100006,100019.117427,0.08012000000000001,299987.33023900003,173177.5557674459,269995.59140730003,35.011072,49.39981475129509,0.006665392412871639,40,64,,True,False,Request timeout: 300.0s exceeded,10,59.56268577710819
239,2026-09-21T07:59:19.553+00:00,2026-09-21T08:04:18.822+00:00,2026-09-21T08:04:19.641+00:00,False,13,12.0,,12.0,299268.37456300005,300087.92989100004,300087.92990000005,23083.68691538462,0.03114,299268.37456300005,82983.1770019886,119777.70726100003,68.29627733333332,32.778648614366375,0.03998827944982233,40,64,,True,False,Request timeout: 300.0s exceeded,49,59.56268577710819
236,2026-09-21T07:59:19.331+00:00,2026-09-21T08:04:18.822+00:00,2026-09-21T08:04:19.742+00:00,False,15,14.0,,14.0,299491.049043,300410.486867,300410.487062,20027.365804133333,0.02845,299491.049043,77311.30514221915,89929.56951,65.67413028571428,31.02692948040921,0.0466029004047325,40,64,,True,False,Request timeout: 300.0s exceeded,98,59.56268577710819
238,2026-09-21T07:59:19.544+00:00,2026-09-21T08:04:19.276+00:00,2026-09-21T08:04:19.858+00:00,True,11,11.0,,11.0,299732.567023,300314.559983,300314.56002599996,27301.32363872727,46.301141,299732.567023,90355.22224297562,149905.6530875,58.199296,11.816591331202677,0.036628260716439064,40,64,,True,True,,55,59.56268577710819
237,2026-09-21T07:59:19.467+00:00,2026-09-21T08:04:20.016+00:00,2026-09-21T08:04:20.016+00:00,False,1,0.0,,0.0,300548.996796,300548.996796,300548.996796,300548.996796,300548.996796,300548.996796,nan,300548.996796,nan,nan,0.0,40,64,,True,False,"HTTPConnectionPool(host='gpu06', port=9004): Read timed out.",0,59.56268577710819
241,2026-09-21T07:59:20.102+00:00,2026-09-21T08:04:20.647+00:00,2026-09-21T08:04:21.358+00:00,False,10,9.0,,9.0,300545.50249299995,301255.69538899994,301255.69545799994,30125.569545799994,0.02556,300545.50249299995,95015.88907115156,165376.30286245,78.91032177777778,45.93217917442259,0.02987495386063538,40,64,,True,False,Request timeout: 300.0s exceeded,18,59.56268577710819
240,2026-09-21T07:59:19.770+00:00,2026-09-21T08:04:21.041+00:00,2026-09-21T08:04:21.405+00:00,False,6,5.0,,5.0,301270.86332,301635.455192,301635.455358,50272.575893,0.02247,301270.86332,122963.56064381408,225996.643301,72.9183744,66.86087512790802,0.016576300676647414,40,64,,True,False,Request timeout: 300.0s exceeded,27,59.56268577710819
242,2026-09-21T07:59:20.364+00:00,2026-09-21T08:04:21.562+00:00,2026-09-21T08:04:21.562+00:00,False,1,0.0,,0.0,301197.73047899996,301197.73047899996,301197.73047899996,301197.73047899996,301197.73047899996,301197.73047899996,nan,301197.73047899996,nan,nan,0.0,40,64,,True,False,"HTTPConnectionPool(host='gpu06', port=9004): Read timed out.",0,59.56268577710819
245,2026-09-21T07:59:21.242+00:00,2026-09-21T08:04:21.896+00:00,2026-09-21T08:04:21.896+00:00,False,1,0.0,,0.0,300654.255299,300654.255299,300654.255299,300654.255299,300654.255299,300654.255299,nan,300654.255299,nan,nan,0.0,40,64,,True,False,"HTTPConnectionPool(host='gpu06', port=9004): Read timed out.",0,59.56268577710819
243,2026-09-21T07:59:20.593+00:00,2026-09-21T08:04:21.897+00:00,2026-09-21T08:04:21.897+00:00,False,1,0.0,,0.0,301303.85416600003,301303.85416600003,301303.85416600003,301303.85416600003,301303.85416600003,301303.85416600003,nan,301303.85416600003,nan,nan,0.0,40,64,,True,False,"HTTPConnectionPool(host='gpu06', port=9004): Read timed out.",0,59.56268577710819
246,2026-09-21T07:59:21.496+00:00,2026-09-21T08:04:21.900+00:00,2026-09-21T08:04:21.900+00:00,False,1,0.0,,0.0,300404.191296,300404.191296,300404.191296,300404.191296,300404.191296,300404.191296,nan,300404.191296,nan,nan,0.0,40,64,,True,False,"HTTPConnectionPool(host='gpu06', port=9004): Read timed out.",0,59.56268577710819
244,2026-09-21T07:59:20.852+00:00,2026-09-21T08:04:21.938+00:00,2026-09-21T08:04:21.938+00:00,False,1,0.0,,0.0,301086.72911400005,301086.72911400005,301086.72911400005,301086.72911400005,301086.72911400005,301086.72911400005,nan,301086.72911400005,nan,nan,0.0,40,64,,True,False,"HTTPConnectionPool(host='gpu06', port=9004): Read timed out.",0,59.56268577710819
249,2026-09-21T07:59:22.412+00:00,2026-09-21T08:04:23.271+00:00,2026-09-21T08:04:23.271+00:00,False,1,0.0,,0.0,300858.322285,300858.322285,300858.322285,300858.322285,300858.322285,300858.322285,nan,300858.322285,nan,nan,0.0,40,64,,True,False,"HTTPConnectionPool(host='gpu06', port=9004): Read timed out.",0,59.56268577710819
251,2026-09-21T07:59:22.914+00:00,2026-09-21T08:04:23.280+00:00,2026-09-21T08:04:23.280+00:00,False,1,0.0,,0.0,300366.436491,300366.436491,300366.436491,300366.436491,300366.436491,300366.436491,nan,300366.436491,nan,nan,0.0,40,64,,True,False,"HTTPConnectionPool(host='gpu06', port=9004): Read timed out.",0,59.56268577710819
250,2026-09-21T07:59:22.678+00:00,2026-09-21T08:04:23.304+00:00,2026-09-21T08:04:23.304+00:00,False,1,0.0,,0.0,300626.00501200004,300626.00501200004,300626.00501200004,300626.00501200004,300626.00501200004,300626.00501200004,nan,300626.00501200004,nan,nan,0.0,40,64,,True,False,"HTTPConnectionPool(host='gpu06', port=9004): Read timed out.",0,59.56268577710819
248,2026-09-21T07:59:22.172+00:00,2026-09-21T08:04:23.311+00:00,2026-09-21T08:04:23.311+00:00,False,1,0.0,,0.0,301138.262907,301138.262907,301138.262907,301138.262907,301138.262907,301138.262907,nan,301138.262907,nan,nan,0.0,40,64,,True,False,"HTTPConnectionPool(host='gpu06', port=9004): Read timed out.",0,59.56268577710819
247,2026-09-21T07:59:21.868+00:00,2026-09-21T08:04:23.313+00:00,2026-09-21T08:04:23.313+00:00,False,1,0.0,,0.0,301444.866264,301444.866264,301444.866264,301444.866264,301444.866264,301444.866264,nan,301444.866264,nan,nan,0.0,40,64,,True,False,"HTTPConnectionPool(host='gpu06', port=9004): Read timed out.",0,59.56268577710819
252,2026-09-21T07:59:23.325+00:00,2026-09-21T08:04:23.368+00:00,2026-09-21T08:04:23.368+00:00,False,1,0.0,,0.0,300042.748106,300042.748106,300042.748106,300042.748106,300042.748106,300042.748106,nan,300042.748106,nan,nan,0.0,40,64,,True,False,"HTTPConnectionPool(host='gpu06', port=9004): Read timed out.",0,59.56268577710819
253,2026-09-21T07:59:23.626+00:00,2026-09-21T08:04:23.653+00:00,2026-09-21T08:04:23.653+00:00,False,1,0.0,,0.0,300027.862736,300027.862736,300027.862736,300027.862736,300027.862736,300027.862736,nan,300027.862736,nan,nan,0.0,40,64,,True,False,"HTTPConnectionPool(host='gpu06', port=9004): Read timed out.",0,59.56268577710819
254,2026-09-21T07:59:23.932+00:00,2026-09-21T08:04:23.942+00:00,2026-09-21T08:04:23.942+00:00,False,1,0.0,,0.0,300010.098175,300010.098175,300010.098175,300010.098175,300010.098175,300010.098175,nan,300010.098175,nan,nan,0.0,40,64,,True,False,"HTTPConnectionPool(host='gpu06', port=9004): Read timed out.",0,59.56268577710819
255,2026-09-21T07:59:24.178+00:00,2026-09-21T08:04:24.285+00:00,2026-09-21T08:04:24.285+00:00,False,1,0.0,,0.0,300106.85602,300106.85602,300106.85602,300106.85602,300106.85602,300106.85602,nan,300106.85602,nan,nan,0.0,40,64,,True,False,"HTTPConnectionPool(host='gpu06', port=9004): Read timed out.",0,59.56268577710819
256,2026-09-21T07:59:24.574+00:00,2026-09-21T08:04:24.675+00:00,2026-09-21T08:04:24.675+00:00,False,1,0.0,,0.0,300101.46913499996,300101.46913499996,300101.46913499996,300101.46913499996,300101.46913499996,300101.46913499996,nan,300101.46913499996,nan,nan,0.0,40,64,,True,False,"HTTPConnectionPool(host='gpu06', port=9004): Read timed out.",0,59.56268577710819
257,2026-09-21T07:59:24.819+00:00,2026-09-21T08:04:24.921+00:00,2026-09-21T08:04:24.921+00:00,False,1,0.0,,0.0,300101.850728,300101.850728,300101.850728,300101.850728,300101.850728,300101.850728,nan,300101.850728,nan,nan,0.0,40,64,,True,False,"HTTPConnectionPool(host='gpu06', port=9004): Read timed out.",0,59.56268577710819
258,2026-09-21T07:59:25.065+00:00,2026-09-21T08:04:25.135+00:00,2026-09-21T08:04:25.135+00:00,False,1,0.0,,0.0,300070.14236,300070.14236,300070.14236,300070.14236,300070.14236,300070.14236,nan,300070.14236,nan,nan,0.0,40,64,,True,False,TTFT timeout: 300.0s exceeded (TTFT: 300.067s),0,59.56268577710819
259,2026-09-21T07:59:25.397+00:00,2026-09-21T08:04:25.524+00:00,2026-09-21T08:04:25.524+00:00,False,1,0.0,,0.0,300127.211499,300127.211499,300127.211499,300127.211499,300127.211499,300127.211499,nan,300127.211499,nan,nan,0.0,40,64,,True,False,"HTTPConnectionPool(host='gpu06', port=9004): Read timed out.",0,59.56268577710819
260,2026-09-21T07:59:25.750+00:00,2026-09-21T08:04:25.716+00:00,2026-09-21T08:04:25.787+00:00,False,3,2.0,,2.0,299965.375472,300036.471792,300036.471754,100012.15725133332,0.026420000000000003,299965.375472,173164.57019088467,269975.94491099997,35.54816,50.23503796752414,0.006665856280920735,40,64,,True,False,Request timeout: 300.0s exceeded,13,59.56268577710819
261,2026-09-21T07:59:26.091+00:00,2026-09-21T08:04:26.152+00:00,2026-09-21T08:04:26.152+00:00,False,1,0.0,,0.0,300061.084051,300061.084051,300061.084051,300061.084051,300061.084051,300061.084051,nan,300061.084051,nan,nan,0.0,40,64,,True,False,"HTTPConnectionPool(host='gpu06', port=9004): Read timed out.",0,59.56268577710819
262,2026-09-21T07:59:26.425+00:00,2026-09-21T08:04:26.533+00:00,2026-09-21T08:04:26.533+00:00,False,1,0.0,,0.0,300108.25468,300108.25468,300108.25468,300108.25468,300108.25468,300108.25468,nan,300108.25468,nan,nan,0.0,40,64,,True,False,"HTTPConnectionPool(host='gpu06', port=9004): Read timed out.",0,59.56268577710819
263,2026-09-21T07:59:26.778+00:00,2026-09-21T08:04:26.888+00:00,2026-09-21T08:04:26.888+00:00,False,1,0.0,,0.0,300110.62887699995,300110.62887699995,300110.62887699995,300110.62887699995,300110.62887699995,300110.62887699995,nan,300110.62887699995,nan,nan,0.0,40,64,,True,False,"HTTPConnectionPool(host='gpu06', port=9004): Read timed out.",0,59.56268577710819
264,2026-09-21T07:59:27.193+00:00,2026-09-21T08:04:27.280+00:00,2026-09-21T08:04:27.280+00:00,False,1,0.0,,0.0,300087.180248,300087.180248,300087.180248,300087.180248,300087.180248,300087.180248,nan,300087.180248,nan,nan,0.0,40,64,,True,False,"HTTPConnectionPool(host='gpu06', port=9004): Read timed out.",0,59.56268577710819
265,2026-09-21T07:59:27.442+00:00,2026-09-21T08:04:27.517+00:00,2026-09-21T08:04:27.517+00:00,False,1,0.0,,0.0,300074.711951,300074.711951,300074.711951,300074.711951,300074.711951,300074.711951,nan,300074.711951,nan,nan,0.0,40,64,,True,False,TTFT timeout: 300.0s exceeded (TTFT: 300.070s),0,59.56268577710819
266,2026-09-21T07:59:27.742+00:00,2026-09-21T08:04:27.763+00:00,2026-09-21T08:04:27.763+00:00,False,1,0.0,,0.0,300021.34786000004,300021.34786000004,300021.34786000004,300021.34786000004,300021.34786000004,300021.34786000004,nan,300021.34786000004,nan,nan,0.0,40,64,,True,False,TTFT timeout: 300.0s exceeded (TTFT: 300.012s),0,59.56268577710819
267,2026-09-21T07:59:28.164+00:00,2026-09-21T08:04:28.211+00:00,2026-09-21T08:04:28.211+00:00,False,1,0.0,,0.0,300046.843682,300046.843682,300046.843682,300046.843682,300046.843682,300046.843682,nan,300046.843682,nan,nan,0.0,40,64,,True,False,"HTTPConnectionPool(host='gpu06', port=9004): Read timed out.",0,59.56268577710819
268,2026-09-21T07:59:28.560+00:00,2026-09-21T08:04:28.664+00:00,2026-09-21T08:04:28.664+00:00,False,1,0.0,,0.0,300104.077727,300104.077727,300104.077727,300104.077727,300104.077727,300104.077727,nan,300104.077727,nan,nan,0.0,40,64,,True,False,"HTTPConnectionPool(host='gpu06', port=9004): Read timed out.",0,59.56268577710819
269,2026-09-21T07:59:28.918+00:00,2026-09-21T08:04:29.020+00:00,2026-09-21T08:04:29.020+00:00,False,1,0.0,,0.0,300102.395682,300102.395682,300102.395682,300102.395682,300102.395682,300102.395682,nan,300102.395682,nan,nan,0.0,40,64,,True,False,"HTTPConnectionPool(host='gpu06', port=9004): Read timed out.",0,59.56268577710819
270,2026-09-21T07:59:29.300+00:00,2026-09-21T08:04:29.417+00:00,2026-09-21T08:04:29.417+00:00,False,1,0.0,,0.0,300116.275048,300116.275048,300116.275048,300116.275048,300116.275048,300116.275048,nan,300116.275048,nan,nan,0.0,40,64,,True,False,"HTTPConnectionPool(host='gpu06', port=9004): Read timed out.",0,59.56268577710819
271,2026-09-21T07:59:29.695+00:00,2026-09-21T08:04:29.606+00:00,2026-09-21T08:04:29.751+00:00,False,4,3.0,,3.0,299911.571817,300056.712809,300056.71285,75014.1782125,0.023129999999999998,299911.571817,149931.60173452977,254940.32892225002,48.380330666666666,51.941851386411145,0.0099981099303372,40,64,,True,False,Request timeout: 300.0s exceeded,9,59.56268577710819
272,2026-09-21T07:59:29.965+00:00,2026-09-21T08:04:30.066+00:00,2026-09-21T08:04:30.066+00:00,False,1,0.0,,0.0,300101.027302,300101.027302,300101.027302,300101.027302,300101.027302,300101.027302,nan,300101.027302,nan,nan,0.0,40,64,,True,False,"HTTPConnectionPool(host='gpu06', port=9004): Read timed out.",0,59.56268577710819
273,2026-09-21T07:59:30.228+00:00,2026-09-21T08:04:30.334+00:00,2026-09-21T08:04:30.334+00:00,False,1,0.0,,0.0,300106.265685,300106.265685,300106.265685,300106.265685,300106.265685,300106.265685,nan,300106.265685,nan,nan,0.0,40,64,,True,False,"HTTPConnectionPool(host='gpu06', port=9004): Read timed out.",0,59.56268577710819
274,2026-09-21T07:59:30.628+00:00,2026-09-21T08:04:30.690+00:00,2026-09-21T08:04:30.690+00:00,False,1,0.0,,0.0,300062.798847,300062.798847,300062.798847,300062.798847,300062.798847,300062.798847,nan,300062.798847,nan,nan,0.0,40,64,,True,False,"HTTPConnectionPool(host='gpu06', port=9004): Read timed out.",0,59.56268577710819
275,2026-09-21T07:59:30.954+00:00,2026-09-21T08:04:31.052+00:00,2026-09-21T08:04:31.052+00:00,False,1,0.0,,0.0,300098.682546,300098.682546,300098.682546,300098.682546,300098.682546,300098.682546,nan,300098.682546,nan,nan,0.0,40,64,,True,False,"HTTPConnectionPool(host='gpu06', port=9004): Read timed out.",0,59.56268577710819
276,2026-09-21T07:59:31.243+00:00,2026-09-21T08:04:31.351+00:00,2026-09-21T08:04:31.351+00:00,False,1,0.0,,0.0,300107.938307,300107.938307,300107.938307,300107.938307,300107.938307,300107.938307,nan,300107.938307,nan,nan,0.0,40,64,,True,False,"HTTPConnectionPool(host='gpu06', port=9004): Read timed out.",0,59.56268577710819
277,2026-09-21T07:59:31.636+00:00,2026-09-21T08:04:31.692+00:00,2026-09-21T08:04:32.913+00:00,False,21,20.0,,20.0,300055.77347899997,301276.75139899994,301276.75138499995,14346.511970714284,0.03148,300055.77347899997,65464.22363359522,182.226894,61.048896,32.6881765434334,0.06638414649364276,40,64,,True,False,Request timeout: 300.0s exceeded,50,59.56268577710819
278,2026-09-21T07:59:31.989+00:00,2026-09-21T08:04:31.875+00:00,2026-09-21T08:04:31.945+00:00,True,2,2.0,,2.0,299886.399632,299956.424848,299956.425004,149978.212502,70.025372,299886.399632,212002.19135000987,284895.580919,70.025216,nan,0.006667635144049609,40,64,,True,True,,8,59.56268577710819
281,2026-09-21T07:59:32.860+00:00,2026-09-21T08:04:32.693+00:00,2026-09-21T08:04:32.797+00:00,True,3,3.0,,3.0,299833.124503,299937.092759,299937.092805,99979.030935,50.018941,299833.124503,173078.7220913571,269855.20698879997,51.984128,2.779370884694592,0.010002097347827884,40,64,,True,True,,27,59.56268577710819
282,2026-09-21T07:59:33.119+00:00,2026-09-21T08:04:33.195+00:00,2026-09-21T08:04:33.195+00:00,False,1,0.0,,0.0,300075.855071,300075.855071,300075.855071,300075.855071,300075.855071,300075.855071,nan,300075.855071,nan,nan,0.0,40,64,,True,False,"HTTPConnectionPool(host='gpu06', port=9004): Read timed out.",0,59.56268577710819
279,2026-09-21T07:59:32.353+00:00,2026-09-21T08:04:33.453+00:00,2026-09-21T08:04:33.453+00:00,False,1,0.0,,0.0,301100.374063,301100.374063,301100.374063,301100.374063,301100.374063,301100.374063,nan,301100.374063,nan,nan,0.0,40,64,,True,False,"HTTPConnectionPool(host='gpu06', port=9004): Read timed out.",0,59.56268577710819
283,2026-09-21T07:59:33.540+00:00,2026-09-21T08:04:33.563+00:00,2026-09-21T08:04:33.563+00:00,False,1,0.0,,0.0,300023.73898100003,300023.73898100003,300023.73898100003,300023.73898100003,300023.73898100003,300023.73898100003,nan,300023.73898100003,nan,nan,0.0,40,64,,True,False,"HTTPConnectionPool(host='gpu06', port=9004): Read timed out.",0,59.56268577710819
280,2026-09-21T07:59:32.613+00:00,2026-09-21T08:04:33.916+00:00,2026-09-21T08:04:34.872+00:00,False,15,14.0,,14.0,301302.98238999996,302259.409398,302259.40924999997,20150.62728333333,0.031129999999999998,301302.98238999996,77778.4710339551,90547.36118449998,68.31621485714285,49.57623760920076,0.046317830197191656,40,64,,True,False,Request timeout: 300.0s exceeded,140,59.56268577710819
284,2026-09-21T07:59:34.798+00:00,2026-09-21T08:04:34.281+00:00,2026-09-21T08:04:35.220+00:00,False,18,17.0,,17.0,299482.576015,300422.072207,300422.072255,16690.115125277778,0.02618,299482.576015,70575.6968680528,45011.8706138,55.26448188235294,20.18313352365594,0.056587053924208604,40,64,,True,False,Request timeout: 300.0s exceeded,68,59.56268577710819
286,2026-09-21T07:59:34.864+00:00,2026-09-21T08:04:34.281+00:00,2026-09-21T08:04:35.391+00:00,False,21,20.0,,20.0,299417.159201,300526.910497,300526.910594,14310.805266380952,0.03689,299417.159201,65326.07501071509,107.276382,55.487564799999994,18.945232229598226,0.06654978073985042,40,64,,True,False,Request timeout: 300.0s exceeded,80,59.56268577710819
285,2026-09-21T07:59:34.825+00:00,2026-09-21T08:04:34.384+00:00,2026-09-21T08:04:35.218+00:00,False,17,16.0,,16.0,299558.18751599995,300393.08415599994,300393.08401299996,17670.181412529408,0.03739,299558.18751599995,72640.87814944843,59969.95858479999,52.18104,16.06056070344571,0.053263543150317304,40,64,,True,False,Request timeout: 300.0s exceeded,36,59.56268577710819
287,2026-09-21T07:59:35.167+00:00,2026-09-21T08:04:34.810+00:00,2026-09-21T08:04:35.217+00:00,False,9,8.0,,8.0,299642.425285,300049.78042100003,300049.780403,33338.86448922222,0.03562,299642.425285,99863.83738391816,179814.5834838,50.919392,21.818277040434204,0.026662242474482716,40,64,,True,False,Request timeout: 300.0s exceeded,16,59.56268577710819
288,2026-09-21T07:59:35.491+00:00,2026-09-21T08:04:35.609+00:00,2026-09-21T08:04:35.609+00:00,False,1,0.0,,0.0,300118.938162,300118.938162,300118.938162,300118.938162,300118.938162,300118.938162,nan,300118.938162,nan,nan,0.0,40,64,,True,False,"HTTPConnectionPool(host='gpu06', port=9004): Read timed out.",0,59.56268577710819
289,2026-09-21T07:59:35.901+00:00,2026-09-21T08:04:36.086+00:00,2026-09-21T08:04:36.086+00:00,False,1,0.0,,0.0,300185.338312,300185.338312,300185.338312,300185.338312,300185.338312,300185.338312,nan,300185.338312,nan,nan,0.0,40,64,,True,False,"HTTPConnectionPool(host='gpu06', port=9004): Read timed out.",0,59.56268577710819
290,2026-09-21T07:59:36.294+00:00,2026-09-21T08:04:36.406+00:00,2026-09-21T08:04:36.406+00:00,False,1,0.0,,0.0,300111.862588,300111.862588,300111.862588,300111.862588,300111.862588,300111.862588,nan,300111.862588,nan,nan,0.0,40,64,,True,False,"HTTPConnectionPool(host='gpu06', port=9004): Read timed out.",0,59.56268577710819
291,2026-09-21T07:59:36.601+00:00,2026-09-21T08:04:36.715+00:00,2026-09-21T08:04:36.715+00:00,False,1,0.0,,0.0,300113.95042199997,300113.95042199997,300113.95042199997,300113.95042199997,300113.95042199997,300113.95042199997,nan,300113.95042199997,nan,nan,0.0,40,64,,True,False,"HTTPConnectionPool(host='gpu06', port=9004): Read timed out.",0,59.56268577710819
292,2026-09-21T07:59:37.015+00:00,2026-09-21T08:04:37.117+00:00,2026-09-21T08:04:37.117+00:00,False,1,0.0,,0.0,300102.07575099997,300102.07575099997,300102.07575099997,300102.07575099997,300102.07575099997,300102.07575099997,nan,300102.07575099997,nan,nan,0.0,40,64,,True,False,"HTTPConnectionPool(host='gpu06', port=9004): Read timed out.",0,59.56268577710819
293,2026-09-21T07:59:37.348+00:00,2026-09-21T08:04:37.449+00:00,2026-09-21T08:04:37.449+00:00,False,1,0.0,,0.0,300101.47921200003,300101.47921200003,300101.47921200003,300101.47921200003,300101.47921200003,300101.47921200003,nan,300101.47921200003,nan,nan,0.0,40,64,,True,False,"HTTPConnectionPool(host='gpu06', port=9004): Read timed out.",0,59.56268577710819
294,2026-09-21T07:59:37.596+00:00,2026-09-21T08:04:37.656+00:00,2026-09-21T08:04:37.656+00:00,False,1,0.0,,0.0,300059.921497,300059.921497,300059.921497,300059.921497,300059.921497,300059.921497,nan,300059.921497,nan,nan,0.0,40,64,,True,False,TTFT timeout: 300.0s exceeded (TTFT: 300.056s),0,59.56268577710819
295,2026-09-21T07:59:38.005+00:00,2026-09-21T08:04:38.079+00:00,2026-09-21T08:04:38.079+00:00,False,1,0.0,,0.0,300073.80709500005,300073.80709500005,300073.80709500005,300073.80709500005,300073.80709500005,300073.80709500005,nan,300073.80709500005,nan,nan,0.0,40,64,,True,False,TTFT timeout: 300.0s exceeded (TTFT: 300.068s),0,59.56268577710819
296,2026-09-21T07:59:38.304+00:00,2026-09-21T08:04:38.253+00:00,2026-09-21T08:04:38.352+00:00,False,4,3.0,,3.0,299948.25294800004,300048.188948,300048.18911200005,75012.04727800001,0.02583,299948.25294800004,149957.4723162424,254963.9847752,33.312,29.001154892437782,0.009998393959711306,40,64,,True,False,Request timeout: 300.0s exceeded,5,59.56268577710819
297,2026-09-21T07:59:38.540+00:00,2026-09-21T08:04:38.634+00:00,2026-09-21T08:04:38.634+00:00,False,1,0.0,,0.0,300094.752444,300094.752444,300094.752444,300094.752444,300094.752444,300094.752444,nan,300094.752444,nan,nan,0.0,40,64,,True,False,"HTTPConnectionPool(host='gpu06', port=9004): Read timed out.",0,59.56268577710819
298,2026-09-21T07:59:38.884+00:00,2026-09-21T08:04:38.931+00:00,2026-09-21T08:04:38.931+00:00,False,1,0.0,,0.0,300047.001406,300047.001406,300047.001406,300047.001406,300047.001406,300047.001406,nan,300047.001406,nan,nan,0.0,40,64,,True,False,"HTTPConnectionPool(host='gpu06', port=9004): Read timed out.",0,59.56268577710819
299,2026-09-21T07:59:39.281+00:00,2026-09-21T08:04:39.400+00:00,2026-09-21T08:04:39.400+00:00,False,1,0.0,,0.0,300118.788232,300118.788232,300118.788232,300118.788232,300118.788232,300118.788232,nan,300118.788232,nan,nan,0.0,40,64,,True,False,"HTTPConnectionPool(host='gpu06', port=9004): Read timed out.",0,59.56268577710819
300,2026-09-21T07:59:39.682+00:00,2026-09-21T08:04:39.796+00:00,2026-09-21T08:04:39.796+00:00,False,1,0.0,,0.0,300113.775723,300113.775723,300113.775723,300113.775723,300113.775723,300113.775723,nan,300113.775723,nan,nan,0.0,40,64,,True,False,"HTTPConnectionPool(host='gpu06', port=9004): Read timed out.",0,59.56268577710819
301,2026-09-21T07:59:40.035+00:00,2026-09-21T08:04:40.044+00:00,2026-09-21T08:04:40.154+00:00,False,3,2.0,,2.0,300008.942907,300119.73765900003,300119.73782000004,100039.91260666668,0.033979999999999996,300008.942907,173178.26905982246,270019.1247096,55.397376,78.29593135438208,0.006664006891384219,40,64,,True,False,Request timeout: 300.0s exceeded,14,59.56268577710819
302,2026-09-21T07:59:40.432+00:00,2026-09-21T08:04:40.461+00:00,2026-09-21T08:04:40.461+00:00,False,1,0.0,,0.0,300029.64988599997,300029.64988599997,300029.64988599997,300029.64988599997,300029.64988599997,300029.64988599997,nan,300029.64988599997,nan,nan,0.0,40,64,,True,False,TTFT timeout: 300.0s exceeded (TTFT: 300.024s),0,59.56268577710819
303,2026-09-21T07:59:40.676+00:00,2026-09-21T08:04:40.768+00:00,2026-09-21T08:04:40.768+00:00,False,1,0.0,,0.0,300092.19706599996,300092.19706599996,300092.19706599996,300092.19706599996,300092.19706599996,300092.19706599996,nan,300092.19706599996,nan,nan,0.0,40,64,,True,False,TTFT timeout: 300.0s exceeded (TTFT: 300.055s),0,59.56268577710819
304,2026-09-21T07:59:41.097+00:00,2026-09-21T08:04:41.198+00:00,2026-09-21T08:04:41.198+00:00,False,1,0.0,,0.0,300101.744802,300101.744802,300101.744802,300101.744802,300101.744802,300101.744802,nan,300101.744802,nan,nan,0.0,40,64,,True,False,"HTTPConnectionPool(host='gpu06', port=9004): Read timed out.",0,59.56268577710819
305,2026-09-21T07:59:41.432+00:00,2026-09-21T08:04:41.537+00:00,2026-09-21T08:04:41.537+00:00,False,1,0.0,,0.0,300104.674583,300104.674583,300104.674583,300104.674583,300104.674583,300104.674583,nan,300104.674583,nan,nan,0.0,40,64,,True,False,"HTTPConnectionPool(host='gpu06', port=9004): Read timed out.",0,59.56268577710819
306,2026-09-21T07:59:41.742+00:00,2026-09-21T08:04:41.847+00:00,2026-09-21T08:04:41.847+00:00,False,1,0.0,,0.0,300104.675557,300104.675557,300104.675557,300104.675557,300104.675557,300104.675557,nan,300104.675557,nan,nan,0.0,40,64,,True,False,"HTTPConnectionPool(host='gpu06', port=9004): Read timed out.",0,59.56268577710819
307,2026-09-21T07:59:42.094+00:00,2026-09-21T08:04:42.106+00:00,2026-09-21T08:04:42.106+00:00,False,1,0.0,,0.0,300011.87872000004,300011.87872000004,300011.87872000004,300011.87872000004,300011.87872000004,300011.87872000004,nan,300011.87872000004,nan,nan,0.0,40,64,,True,False,"HTTPConnectionPool(host='gpu06', port=9004): Read timed out.",0,59.56268577710819
308,2026-09-21T07:59:42.390+00:00,2026-09-21T08:04:42.455+00:00,2026-09-21T08:04:42.455+00:00,False,1,0.0,,0.0,300065.421973,300065.421973,300065.421973,300065.421973,300065.421973,300065.421973,nan,300065.421973,nan,nan,0.0,40,64,,True,False,TTFT timeout: 300.0s exceeded (TTFT: 300.055s),0,59.56268577710819
309,2026-09-21T07:59:42.763+00:00,2026-09-21T08:04:42.768+00:00,2026-09-21T08:04:42.840+00:00,False,3,2.0,,2.0,300005.22630000004,300077.03814,300077.038256,100025.67941866668,0.07281,300005.22630000004,173187.37154354958,270011.87758460006,35.90592,50.67582005064458,0.006664955147507508,40,64,,True,False,Request timeout: 300.0s exceeded,6,59.56268577710819
310,2026-09-21T07:59:43.076+00:00,2026-09-21T08:04:43.178+00:00,2026-09-21T08:04:43.178+00:00,False,1,0.0,,0.0,300101.957657,300101.957657,300101.957657,300101.957657,300101.957657,300101.957657,nan,300101.957657,nan,nan,0.0,40,64,,True,False,"HTTPConnectionPool(host='gpu06', port=9004): Read timed out.",0,59.56268577710819
311,2026-09-21T07:59:43.479+00:00,2026-09-21T08:04:43.530+00:00,2026-09-21T08:04:43.530+00:00,False,1,0.0,,0.0,300051.723671,300051.723671,300051.723671,300051.723671,300051.723671,300051.723671,nan,300051.723671,nan,nan,0.0,40,64,,True,False,"HTTPConnectionPool(host='gpu06', port=9004): Read timed out.",0,59.56268577710819
312,2026-09-21T07:59:43.858+00:00,2026-09-21T08:04:43.961+00:00,2026-09-21T08:04:43.961+00:00,False,1,0.0,,0.0,300102.77981,300102.77981,300102.77981,300102.77981,300102.77981,300102.77981,nan,300102.77981,nan,nan,0.0,40,64,,True,False,"HTTPConnectionPool(host='gpu06', port=9004): Read timed out.",0,59.56268577710819
313,2026-09-21T07:59:44.094+00:00,2026-09-21T08:04:44.201+00:00,2026-09-21T08:04:44.201+00:00,False,1,0.0,,0.0,300106.326476,300106.326476,300106.326476,300106.326476,300106.326476,300106.326476,nan,300106.326476,nan,nan,0.0,40,64,,True,False,"HTTPConnectionPool(host='gpu06', port=9004): Read timed out.",0,59.56268577710819
314,2026-09-21T07:59:44.362+00:00,2026-09-21T08:04:44.407+00:00,2026-09-21T08:04:44.407+00:00,False,1,0.0,,0.0,300045.617589,300045.617589,300045.617589,300045.617589,300045.617589,300045.617589,nan,300045.617589,nan,nan,0.0,40,64,,True,False,TTFT timeout: 300.0s exceeded (TTFT: 300.030s),0,59.56268577710819
315,2026-09-21T07:59:44.717+00:00,2026-09-21T08:04:44.635+00:00,2026-09-21T08:04:44.749+00:00,False,3,2.0,,2.0,299917.161914,300031.163834,300031.163857,100010.38795233333,0.03638,299917.161914,173124.35401117126,269936.8422789,57.00096,80.5601212088669,0.006665974208954347,40,64,,True,False,Request timeout: 300.0s exceeded,4,59.56268577710819
316,2026-09-21T07:59:45.136+00:00,2026-09-21T08:04:45.239+00:00,2026-09-21T08:04:45.239+00:00,False,1,0.0,,0.0,300102.99052,300102.99052,300102.99052,300102.99052,300102.99052,300102.99052,nan,300102.99052,nan,nan,0.0,40,64,,True,False,"HTTPConnectionPool(host='gpu06', port=9004): Read timed out.",0,59.56268577710819
317,2026-09-21T07:59:45.453+00:00,2026-09-21T08:04:45.883+00:00,2026-09-21T08:04:47.031+00:00,False,19,18.0,,18.0,300430.32266299997,301578.64394299994,301578.64392299997,15872.560206473683,0.0269,300430.32266299997,68908.81475864598,30197.651509399995,63.795626666666664,33.144415370356974,0.059685923925707755,40,64,,True,False,Request timeout: 300.0s exceeded,48,59.56268577710819
318,2026-09-21T07:59:45.807+00:00,2026-09-21T08:04:46.204+00:00,2026-09-21T08:04:47.127+00:00,False,18,17.0,,17.0,300396.595762,301319.972146,301319.972076,16739.99844866667,0.036969999999999996,300396.595762,70791.35596549233,45123.4824779,54.31625788235294,16.42349575191044,0.05641843080936868,40,64,,True,False,Request timeout: 300.0s exceeded,91,59.56268577710819
322,2026-09-21T07:59:47.019+00:00,2026-09-21T08:04:47.210+00:00,2026-09-21T08:04:47.210+00:00,False,1,0.0,,0.0,300190.968744,300190.968744,300190.968744,300190.968744,300190.968744,300190.968744,nan,300190.968744,nan,nan,0.0,40,64,,True,False,"HTTPConnectionPool(host='gpu06', port=9004): Read timed out.",0,59.56268577710819
319,2026-09-21T07:59:46.125+00:00,2026-09-21T08:04:47.251+00:00,2026-09-21T08:04:47.251+00:00,False,1,0.0,,0.0,301125.20652999997,301125.20652999997,301125.20652999997,301125.20652999997,301125.20652999997,301125.20652999997,nan,301125.20652999997,nan,nan,0.0,40,64,,True,False,"HTTPConnectionPool(host='gpu06', port=9004): Read timed out.",0,59.56268577710819
323,2026-09-21T07:59:47.291+00:00,2026-09-21T08:04:47.346+00:00,2026-09-21T08:04:47.346+00:00,False,1,0.0,,0.0,300054.835411,300054.835411,300054.835411,300054.835411,300054.835411,300054.835411,nan,300054.835411,nan,nan,0.0,40,64,,True,False,"HTTPConnectionPool(host='gpu06', port=9004): Read timed out.",0,59.56268577710819
320,2026-09-21T07:59:46.411+00:00,2026-09-21T08:04:47.526+00:00,2026-09-21T08:04:47.526+00:00,False,1,0.0,,0.0,301114.674179,301114.674179,301114.674179,301114.674179,301114.674179,301114.674179,nan,301114.674179,nan,nan,0.0,40,64,,True,False,"HTTPConnectionPool(host='gpu06', port=9004): Read timed out.",0,59.56268577710819
324,2026-09-21T07:59:47.595+00:00,2026-09-21T08:04:47.634+00:00,2026-09-21T08:04:47.634+00:00,False,1,0.0,,0.0,300038.31680800003,300038.31680800003,300038.31680800003,300038.31680800003,300038.31680800003,300038.31680800003,nan,300038.31680800003,nan,nan,0.0,40,64,,True,False,"HTTPConnectionPool(host='gpu06', port=9004): Read timed out.",0,59.56268577710819
321,2026-09-21T07:59:46.666+00:00,2026-09-21T08:04:47.739+00:00,2026-09-21T08:04:47.739+00:00,False,1,0.0,,0.0,301073.105483,301073.105483,301073.105483,301073.105483,301073.105483,301073.105483,nan,301073.105483,nan,nan,0.0,40,64,,True,False,"HTTPConnectionPool(host='gpu06', port=9004): Read timed out.",0,59.56268577710819
325,2026-09-21T07:59:47.963+00:00,2026-09-21T08:04:48.091+00:00,2026-09-21T08:04:48.091+00:00,False,1,0.0,,0.0,300128.355297,300128.355297,300128.355297,300128.355297,300128.355297,300128.355297,nan,300128.355297,nan,nan,0.0,40,64,,True,False,"HTTPConnectionPool(host='gpu06', port=9004): Read timed out.",0,59.56268577710819
326,2026-09-21T07:59:48.235+00:00,2026-09-21T08:04:48.354+00:00,2026-09-21T08:04:48.354+00:00,False,1,0.0,,0.0,300118.711737,300118.711737,300118.711737,300118.711737,300118.711737,300118.711737,nan,300118.711737,nan,nan,0.0,40,64,,True,False,"HTTPConnectionPool(host='gpu06', port=9004): Read timed out.",0,59.56268577710819
327,2026-09-21T07:59:48.611+00:00,2026-09-21T08:04:48.726+00:00,2026-09-21T08:04:48.726+00:00,False,1,0.0,,0.0,300115.266681,300115.266681,300115.266681,300115.266681,300115.266681,300115.266681,nan,300115.266681,nan,nan,0.0,40,64,,True,False,"HTTPConnectionPool(host='gpu06', port=9004): Read timed out.",0,59.56268577710819
328,2026-09-21T07:59:48.959+00:00,2026-09-21T08:04:49.025+00:00,2026-09-21T08:04:49.025+00:00,False,1,0.0,,0.0,300065.87435299996,300065.87435299996,300065.87435299996,300065.87435299996,300065.87435299996,300065.87435299996,nan,300065.87435299996,nan,nan,0.0,40,64,,True,False,TTFT timeout: 300.0s exceeded (TTFT: 300.053s),0,59.56268577710819
329,2026-09-21T07:59:49.343+00:00,2026-09-21T08:04:49.281+00:00,2026-09-21T08:04:49.354+00:00,False,3,2.0,,2.0,299938.312723,300011.325971,300011.325779,100003.77525966667,0.06788,299938.312723,173148.39237134965,269951.7759683,36.506624,51.53186049051177,0.006666414987923909,40,64,,True,False,Request timeout: 300.0s exceeded,6,59.56268577710819
330,2026-09-21T07:59:49.613+00:00,2026-09-21T08:04:49.716+00:00,2026-09-21T08:04:49.716+00:00,False,1,0.0,,0.0,300102.822063,300102.822063,300102.822063,300102.822063,300102.822063,300102.822063,nan,300102.822063,nan,nan,0.0,40,64,,True,False,"HTTPConnectionPool(host='gpu06', port=9004): Read timed out.",0,59.56268577710819
331,2026-09-21T07:59:49.916+00:00,2026-09-21T08:04:50.024+00:00,2026-09-21T08:04:50.024+00:00,False,1,0.0,,0.0,300108.41412800003,300108.41412800003,300108.41412800003,300108.41412800003,300108.41412800003,300108.41412800003,nan,300108.41412800003,nan,nan,0.0,40,64,,True,False,"HTTPConnectionPool(host='gpu06', port=9004): Read timed out.",0,59.56268577710819
332,2026-09-21T07:59:50.183+00:00,2026-09-21T08:04:50.288+00:00,2026-09-21T08:04:50.288+00:00,False,1,0.0,,0.0,300104.877168,300104.877168,300104.877168,300104.877168,300104.877168,300104.877168,nan,300104.877168,nan,nan,0.0,40,64,,True,False,"HTTPConnectionPool(host='gpu06', port=9004): Read timed out.",0,59.56268577710819
333,2026-09-21T07:59:50.448+00:00,2026-09-21T08:04:50.554+00:00,2026-09-21T08:04:50.554+00:00,False,1,0.0,,0.0,300106.06585799996,300106.06585799996,300106.06585799996,300106.06585799996,300106.06585799996,300106.06585799996,nan,300106.06585799996,nan,nan,0.0,40,64,,True,False,"HTTPConnectionPool(host='gpu06', port=9004): Read timed out.",0,59.56268577710819
334,2026-09-21T07:59:50.788+00:00,2026-09-21T08:04:50.894+00:00,2026-09-21T08:04:50.894+00:00,False,1,0.0,,0.0,300106.47334799997,300106.47334799997,300106.47334799997,300106.47334799997,300106.47334799997,300106.47334799997,nan,300106.47334799997,nan,nan,0.0,40,64,,True,False,"HTTPConnectionPool(host='gpu06', port=9004): Read timed out.",0,59.56268577710819
335,2026-09-21T07:59:51.126+00:00,2026-09-21T08:04:51.233+00:00,2026-09-21T08:04:51.233+00:00,False,1,0.0,,0.0,300107.442817,300107.442817,300107.442817,300107.442817,300107.442817,300107.442817,nan,300107.442817,nan,nan,0.0,40,64,,True,False,"HTTPConnectionPool(host='gpu06', port=9004): Read timed out.",0,59.56268577710819
336,2026-09-21T07:59:51.399+00:00,2026-09-21T08:04:51.338+00:00,2026-09-21T08:04:51.464+00:00,False,3,2.0,,2.0,299938.904627,300065.003571,300065.003669,100021.66788966666,0.019370000000000002,299938.904627,173133.4171421513,269957.6221315,63.049472,89.13826550246515,0.006665222455796212,40,64,,True,False,Request timeout: 300.0s exceeded,3,59.56268577710819
337,2026-09-21T07:59:51.623+00:00,2026-09-21T08:04:51.565+00:00,2026-09-21T08:04:51.657+00:00,False,4,3.0,,3.0,299942.21694300004,300034.07051100006,300034.07042700006,75008.51760675001,0.04043,299942.21694300004,149955.8011167466,254957.84093610002,30.617856,26.484989827425796,0.009998864445263099,40,64,,True,False,Request timeout: 300.0s exceeded,9,59.56268577710819
338,2026-09-21T07:59:52.004+00:00,2026-09-21T08:04:52.094+00:00,2026-09-21T08:04:52.094+00:00,False,1,0.0,,0.0,300090.063547,300090.063547,300090.063547,300090.063547,300090.063547,300090.063547,nan,300090.063547,nan,nan,0.0,40,64,,True,False,"HTTPConnectionPool(host='gpu06', port=9004): Read timed out.",0,59.56268577710819
339,2026-09-21T07:59:52.269+00:00,2026-09-21T08:04:52.374+00:00,2026-09-21T08:04:52.374+00:00,False,1,0.0,,0.0,300104.859877,300104.859877,300104.859877,300104.859877,300104.859877,300104.859877,nan,300104.859877,nan,nan,0.0,40,64,,True,False,"HTTPConnectionPool(host='gpu06', port=9004): Read timed out.",0,59.56268577710819
340,2026-09-21T07:59:52.586+00:00,2026-09-21T08:04:52.700+00:00,2026-09-21T08:04:52.700+00:00,False,1,0.0,,0.0,300113.706989,300113.706989,300113.706989,300113.706989,300113.706989,300113.706989,nan,300113.706989,nan,nan,0.0,40,64,,True,False,"HTTPConnectionPool(host='gpu06', port=9004): Read timed out.",0,59.56268577710819
343,2026-09-21T07:59:54.424+00:00,2026-09-21T08:04:53.291+00:00,2026-09-21T08:04:54.807+00:00,False,28,27.0,,27.0,298867.734831,300383.13502299995,300383.135118,10727.969111357143,0.06283,298867.734831,56470.087911867486,75.26370500000002,56.125933037037036,14.405886660232564,0.08988520609831388,40,64,,True,False,Request timeout: 300.0s exceeded,34,59.56268577710819
342,2026-09-21T07:59:54.408+00:00,2026-09-21T08:04:53.976+00:00,2026-09-21T08:04:54.148+00:00,True,4,4.0,,4.0,299567.69823000004,299740.292406,299740.29228000005,74935.07307000001,47.320677,299567.69823000004,149755.08372828306,254643.01359090005,57.531392,11.380557677926332,0.013344885894025806,40,64,,True,True,,8,59.56268577710819
344,2026-09-21T07:59:54.701+00:00,2026-09-21T08:04:55.010+00:00,2026-09-21T08:04:55.010+00:00,False,1,0.0,,0.0,300309.07506199996,300309.07506199996,300309.07506199996,300309.07506199996,300309.07506199996,300309.07506199996,nan,300309.07506199996,nan,nan,0.0,40,64,,True,False,"HTTPConnectionPool(host='gpu06', port=9004): Read timed out.",0,59.56268577710819
341,2026-09-21T07:59:54.377+00:00,2026-09-21T08:04:55.052+00:00,2026-09-21T08:04:55.052+00:00,False,1,0.0,,0.0,300674.301107,300674.301107,300674.301107,300674.301107,300674.301107,300674.301107,nan,300674.301107,nan,nan,0.0,40,64,,True,False,"HTTPConnectionPool(host='gpu06', port=9004): Read timed out.",0,59.56268577710819
345,2026-09-21T07:59:54.831+00:00,2026-09-21T08:04:55.157+00:00,2026-09-21T08:04:55.157+00:00,False,1,0.0,,0.0,300326.368691,300326.368691,300326.368691,300326.368691,300326.368691,300326.368691,nan,300326.368691,nan,nan,0.0,40,64,,True,False,"HTTPConnectionPool(host='gpu06', port=9004): Read timed out.",0,59.56268577710819
348,2026-09-21T07:59:55.108+00:00,2026-09-21T08:04:55.381+00:00,2026-09-21T08:04:55.381+00:00,False,1,0.0,,0.0,300273.150913,300273.150913,300273.150913,300273.150913,300273.150913,300273.150913,nan,300273.150913,nan,nan,0.0,40,64,,True,False,"HTTPConnectionPool(host='gpu06', port=9004): Read timed out.",0,59.56268577710819
346,2026-09-21T07:59:55.030+00:00,2026-09-21T08:04:55.461+00:00,2026-09-21T08:04:55.461+00:00,False,1,0.0,,0.0,300431.065355,300431.065355,300431.065355,300431.065355,300431.065355,300431.065355,nan,300431.065355,nan,nan,0.0,40,64,,True,False,"HTTPConnectionPool(host='gpu06', port=9004): Read timed out.",0,59.56268577710819
347,2026-09-21T07:59:55.065+00:00,2026-09-21T08:04:55.471+00:00,2026-09-21T08:04:55.471+00:00,False,1,0.0,,0.0,300405.91994199995,300405.91994199995,300405.91994199995,300405.91994199995,300405.91994199995,300405.91994199995,nan,300405.91994199995,nan,nan,0.0,40,64,,True,False,"HTTPConnectionPool(host='gpu06', port=9004): Read timed out.",0,59.56268577710819
349,2026-09-21T07:59:55.419+00:00,2026-09-21T08:04:55.660+00:00,2026-09-21T08:04:55.660+00:00,False,1,0.0,,0.0,300240.72130900004,300240.72130900004,300240.72130900004,300240.72130900004,300240.72130900004,300240.72130900004,nan,300240.72130900004,nan,nan,0.0,40,64,,True,False,"HTTPConnectionPool(host='gpu06', port=9004): Read timed out.",0,59.56268577710819
350,2026-09-21T07:59:55.787+00:00,2026-09-21T08:04:55.891+00:00,2026-09-21T08:04:55.891+00:00,False,1,0.0,,0.0,300103.87963200005,300103.87963200005,300103.87963200005,300103.87963200005,300103.87963200005,300103.87963200005,nan,300103.87963200005,nan,nan,0.0,40,64,,True,False,"HTTPConnectionPool(host='gpu06', port=9004): Read timed out.",0,59.56268577710819
351,2026-09-21T07:59:56.161+00:00,2026-09-21T08:04:56.266+00:00,2026-09-21T08:04:56.266+00:00,False,1,0.0,,0.0,300104.93170599994,300104.93170599994,300104.93170599994,300104.93170599994,300104.93170599994,300104.93170599994,nan,300104.93170599994,nan,nan,0.0,40,64,,True,False,"HTTPConnectionPool(host='gpu06', port=9004): Read timed out.",0,59.56268577710819
352,2026-09-21T07:59:56.580+00:00,2026-09-21T08:04:56.687+00:00,2026-09-21T08:04:56.687+00:00,False,1,0.0,,0.0,300107.327113,300107.327113,300107.327113,300107.327113,300107.327113,300107.327113,nan,300107.327113,nan,nan,0.0,40,64,,True,False,"HTTPConnectionPool(host='gpu06', port=9004): Read timed out.",0,59.56268577710819
353,2026-09-21T07:59:56.957+00:00,2026-09-21T08:04:57.072+00:00,2026-09-21T08:04:57.072+00:00,False,1,0.0,,0.0,300114.757437,300114.757437,300114.757437,300114.757437,300114.757437,300114.757437,nan,300114.757437,nan,nan,0.0,40,64,,True,False,"HTTPConnectionPool(host='gpu06', port=9004): Read timed out.",0,59.56268577710819
354,2026-09-21T07:59:57.271+00:00,2026-09-21T08:04:57.357+00:00,2026-09-21T08:04:57.357+00:00,False,1,0.0,,0.0,300086.462633,300086.462633,300086.462633,300086.462633,300086.462633,300086.462633,nan,300086.462633,nan,nan,0.0,40,64,,True,False,TTFT timeout: 300.0s exceeded (TTFT: 300.077s),0,59.56268577710819
355,2026-09-21T07:59:57.680+00:00,2026-09-21T08:04:57.755+00:00,2026-09-21T08:04:57.755+00:00,False,1,0.0,,0.0,300074.881312,300074.881312,300074.881312,300074.881312,300074.881312,300074.881312,nan,300074.881312,nan,nan,0.0,40,64,,True,False,"HTTPConnectionPool(host='gpu06', port=9004): Read timed out.",0,59.56268577710819
356,2026-09-21T07:59:57.931+00:00,2026-09-21T08:04:58.027+00:00,2026-09-21T08:04:58.027+00:00,False,1,0.0,,0.0,300096.076694,300096.076694,300096.076694,300096.076694,300096.076694,300096.076694,nan,300096.076694,nan,nan,0.0,40,64,,True,False,"HTTPConnectionPool(host='gpu06', port=9004): Read timed out.",0,59.56268577710819
357,2026-09-21T07:59:58.166+00:00,2026-09-21T08:04:58.243+00:00,2026-09-21T08:04:58.243+00:00,False,1,0.0,,0.0,300076.652819,300076.652819,300076.652819,300076.652819,300076.652819,300076.652819,nan,300076.652819,nan,nan,0.0,40,64,,True,False,"HTTPConnectionPool(host='gpu06', port=9004): Read timed out.",0,59.56268577710819
358,2026-09-21T07:59:58.535+00:00,2026-09-21T08:04:58.640+00:00,2026-09-21T08:04:58.640+00:00,False,1,0.0,,0.0,300104.916173,300104.916173,300104.916173,300104.916173,300104.916173,300104.916173,nan,300104.916173,nan,nan,0.0,40,64,,True,False,"HTTPConnectionPool(host='gpu06', port=9004): Read timed out.",0,59.56268577710819
359,2026-09-21T07:59:58.876+00:00,2026-09-21T08:04:58.982+00:00,2026-09-21T08:04:58.982+00:00,False,1,0.0,,0.0,300106.29940200003,300106.29940200003,300106.29940200003,300106.29940200003,300106.29940200003,300106.29940200003,nan,300106.29940200003,nan,nan,0.0,40,64,,True,False,"HTTPConnectionPool(host='gpu06', port=9004): Read timed out.",0,59.56268577710819
360,2026-09-21T07:59:59.198+00:00,2026-09-21T08:04:59.215+00:00,2026-09-21T08:04:59.215+00:00,False,1,0.0,,0.0,300017.481039,300017.481039,300017.481039,300017.481039,300017.481039,300017.481039,nan,300017.481039,nan,nan,0.0,40,64,,True,False,TTFT timeout: 300.0s exceeded (TTFT: 300.013s),0,59.56268577710819
361,2026-09-21T07:59:59.550+00:00,2026-09-21T08:04:59.634+00:00,2026-09-21T08:04:59.634+00:00,False,1,0.0,,0.0,300083.409002,300083.409002,300083.409002,300083.409002,300083.409002,300083.409002,nan,300083.409002,nan,nan,0.0,40,64,,True,False,"HTTPConnectionPool(host='gpu06', port=9004): Read timed out.",0,59.56268577710819
362,2026-09-21T07:59:59.888+00:00,2026-09-21T08:04:59.982+00:00,2026-09-21T08:04:59.982+00:00,False,1,0.0,,0.0,300094.386111,300094.386111,300094.386111,300094.386111,300094.386111,300094.386111,nan,300094.386111,nan,nan,0.0,40,64,,True,False,"HTTPConnectionPool(host='gpu06', port=9004): Read timed out.",0,59.56268577710819
363,2026-09-21T08:00:00.171+00:00,2026-09-21T08:05:00.276+00:00,2026-09-21T08:05:00.276+00:00,False,1,0.0,,0.0,300104.92336799996,300104.92336799996,300104.92336799996,300104.92336799996,300104.92336799996,300104.92336799996,nan,300104.92336799996,nan,nan,0.0,40,64,,True,False,"HTTPConnectionPool(host='gpu06', port=9004): Read timed out.",0,59.56268577710819
364,2026-09-21T08:00:00.533+00:00,2026-09-21T08:05:00.636+00:00,2026-09-21T08:05:00.636+00:00,False,1,0.0,,0.0,300103.530555,300103.530555,300103.530555,300103.530555,300103.530555,300103.530555,nan,300103.530555,nan,nan,0.0,40,64,,True,False,"HTTPConnectionPool(host='gpu06', port=9004): Read timed out.",0,59.56268577710819
365,2026-09-21T08:00:00.955+00:00,2026-09-21T08:05:00.977+00:00,2026-09-21T08:05:00.977+00:00,False,1,0.0,,0.0,300021.901717,300021.901717,300021.901717,300021.901717,300021.901717,300021.901717,nan,300021.901717,nan,nan,0.0,40,64,,True,False,TTFT timeout: 300.0s exceeded (TTFT: 300.015s),0,59.56268577710819
366,2026-09-21T08:00:01.254+00:00,2026-09-21T08:05:01.167+00:00,2026-09-21T08:05:01.544+00:00,True,4,4.0,,4.0,299913.052809,300290.038153,300290.038146,75072.5095365,53.178976999999996,299913.052809,149893.7113792665,254958.85708155003,125.66178133333332,84.46219301156525,0.013320455199256294,40,64,,True,True,,8,59.56268577710819
367,2026-09-21T08:00:01.577+00:00,2026-09-21T08:05:01.544+00:00,2026-09-21T08:05:02.515+00:00,True,17,17.0,,17.0,299967.40736799996,300937.48071199993,300937.480748,17702.204749882352,45.156277,299967.40736799996,72738.07931048688,60083.22862799999,60.629584,15.30003814459273,0.05649013861543277,40,64,,True,True,,85,59.56268577710819
368,2026-09-21T08:00:01.910+00:00,2026-09-21T08:05:02.619+00:00,2026-09-21T08:05:03.069+00:00,False,10,9.0,,9.0,300709.004643,301159.807587,301159.807725,30115.980772500003,0.03171,300709.004643,95076.69924290104,165422.03549490002,50.089216,21.140750473445355,0.029884465899056103,40,64,,True,False,Request timeout: 300.0s exceeded,18,59.56268577710819
369,2026-09-21T08:00:02.240+00:00,2026-09-21T08:05:03.383+00:00,2026-09-21T08:05:03.383+00:00,False,1,0.0,,0.0,301143.242937,301143.242937,301143.242937,301143.242937,301143.242937,301143.242937,nan,301143.242937,nan,nan,0.0,40,64,,True,False,"HTTPConnectionPool(host='gpu06', port=9004): Read timed out.",0,59.56268577710819
0,2026-09-21T07:58:02.291+00:00,2026-09-21T07:58:02.476+00:00,2026-09-21T07:58:06.240+00:00,True,66,66.0,,66.0,185.030463,3948.559935,3948.560016,59.82666690909091,0.01564,234.449026,37.73077424796696,95.22824399999999,57.90045341538461,34.599864183341104,16.714954587614738,41,64,,False,True,,188,59.56268577710819
2,2026-09-21T07:58:02.912+00:00,2026-09-21T07:58:06.033+00:00,2026-09-21T07:58:09.555+00:00,True,57,57.0,,57.0,3120.9155809999997,6642.921853,6642.921944,116.54249024561403,44.846514000000006,3120.9155809999997,405.19314101524395,80.49723699999998,62.89296914285714,11.055317881459807,8.580561575364358,41,64,,False,True,,285,59.56268577710819
1,2026-09-21T07:58:02.543+00:00,2026-09-21T07:58:06.241+00:00,2026-09-21T07:58:11.599+00:00,True,86,86.0,,86.0,3697.572849,9056.093681,9056.093621,105.30341419767441,40.442334,3697.572849,392.0732216656906,76.976418,63.04142155294117,10.967368662542691,9.496368194647875,41,64,,False,True,,344,59.56268577710819
4,2026-09-21T07:58:03.624+00:00,2026-09-21T07:58:07.733+00:00,2026-09-21T07:58:11.596+00:00,True,62,62.0,,62.0,4109.264977,7972.022097,7972.021868,128.58099787096774,43.561064,4109.264977,513.9348737823559,78.70792549999999,63.32388721311475,10.21389699828769,7.777198713903665,41,64,,False,True,,124,59.56268577710819
3,2026-09-21T07:58:03.294+00:00,2026-09-21T07:58:08.934+00:00,2026-09-21T07:58:13.400+00:00,True,71,71.0,,71.0,5639.6744340000005,10106.066498,10106.066277,142.33896164788732,0.01579,5639.6744340000005,663.0369602405472,79.227863,63.80560091428571,41.848450460702196,7.0254831604414,41,64,,False,True,,71,59.56268577710819
5,2026-09-21T07:58:03.932+00:00,2026-09-21T07:58:09.486+00:00,2026-09-21T07:58:15.085+00:00,True,89,89.0,,89.0,5553.473078,11152.816181999999,11152.816149,125.312541,0.01873,5553.473078,583.3914647337057,80.53974,63.62889890909091,41.613641810062504,7.980047240771426,41,64,,False,True,,357,59.56268577710819
6,2026-09-21T07:58:04.235+00:00,2026-09-21T07:58:11.011+00:00,2026-09-21T07:58:14.573+00:00,True,56,56.0,,56.0,6776.265756,10337.62486,10337.624936,184.60044528571427,0.016309999999999998,6776.265756,898.5895274290123,82.58908625,64.75198370909091,56.17766409427222,5.417105066047057,41,64,,False,True,,121,59.56268577710819
7,2026-09-21T07:58:04.492+00:00,2026-09-21T07:58:12.276+00:00,2026-09-21T07:58:18.416+00:00,True,99,99.0,,99.0,7783.42259,13923.722622000001,13923.722837,140.64366502020204,0.01693,7783.42259,777.2233625417545,79.9209059,62.656122775510205,44.415107804795376,7.110167495262819,41,64,,False,True,,199,59.56268577710819
8,2026-09-21T07:58:04.766+00:00,2026-09-21T07:58:13.615+00:00,2026-09-21T07:58:14.802+00:00,True,20,20.0,,20.0,8848.548641000001,10035.889441000001,10035.889404000001,501.79447020000003,44.975794,8848.548641000001,1964.6488121584239,524.8095406,62.49162105263158,10.530591913219679,1.9928477807152036,41,64,,False,True,,75,59.56268577710819
9,2026-09-21T07:58:05.159+00:00,2026-09-21T07:58:16.398+00:00,2026-09-21T07:58:22.377+00:00,True,96,96.0,,96.0,11238.634053,17218.349893,17218.349864,179.35781108333333,22.270941999999998,11238.634053,1140.671328522614,78.13874374999999,62.9443772631579,11.491550319616595,5.575447159371999,41,64,,False,True,,192,59.56268577710819
10,2026-09-21T07:58:05.542+00:00,2026-09-21T07:58:18.474+00:00,2026-09-21T07:58:18.538+00:00,True,2,2.0,,2.0,12932.218592000001,12996.164832,12996.164879000002,6498.082439500001,63.946287,12932.218592000001,9099.242609020544,12288.80497675,63.94624,nan,0.15389155384329,41,64,,False,True,,9,59.56268577710819
11,2026-09-21T07:58:05.833+00:00,2026-09-21T07:58:20.141+00:00,2026-09-21T07:58:22.379+00:00,True,36,36.0,,36.0,14307.099575999999,16545.855671999998,16545.855869,459.6071074722222,21.261992,14307.099575999999,2373.8958004145907,97.56418775,63.964459885714284,13.972990839106759,2.175771426612986,41,64,,False,True,,231,59.56268577710819
12,2026-09-21T07:58:06.154+00:00,2026-09-21T07:58:21.752+00:00,2026-09-21T07:58:22.055+00:00,True,6,6.0,,6.0,15598.169182,15901.141598,15901.141663,2650.1902771666664,46.099144,15598.169182,6343.195461522826,11717.612933499999,60.594483200000006,10.654216603043286,0.3773313986937053,41,64,,False,True,,38,59.56268577710819
13,2026-09-21T07:58:06.420+00:00,2026-09-21T07:58:23.337+00:00,2026-09-21T07:58:24.379+00:00,True,23,23.0,,23.0,16916.676778,17958.510762,17958.510866,780.8048202608696,0.0,16916.676778,3518.495330729719,372.8816976,47.35609018181818,85.80378093501236,1.2807298057624983,41,64,,False,True,,23,59.56268577710819
14,2026-09-21T07:58:06.678+00:00,2026-09-21T07:58:24.441+00:00,2026-09-21T07:58:30.260+00:00,True,95,95.0,,95.0,17763.336214000003,23581.546518000003,23581.546478000004,248.22680503157898,0.0,17763.336214000003,1816.6149523689564,78.46949400000001,61.89585429787234,42.22120598585878,4.028573780243194,41,64,,False,True,,1225,59.56268577710819
15,2026-09-21T07:58:07.055+00:00,2026-09-21T07:58:26.353+00:00,2026-09-21T07:58:32.350+00:00,True,96,96.0,,96.0,19298.430343,25295.260295,25295.260116,263.492292875,0.0,19298.430343,1964.128802417045,80.66236325,63.12452581052632,60.874037522487825,3.795177392144721,41,64,,False,True,,192,59.56268577710819
16,2026-09-21T07:58:07.360+00:00,2026-09-21T07:58:28.091+00:00,2026-09-21T07:58:33.372+00:00,True,75,75.0,,75.0,20730.912763,26011.803643,26011.803591,346.82404788,0.0,20730.912763,2386.8485973690767,80.4531407,71.36339027027027,78.97749742387299,2.8833064030983926,41,64,,False,True,,525,59.56268577710819
17,2026-09-21T07:58:07.781+00:00,2026-09-21T07:58:30.260+00:00,2026-09-21T07:58:35.666+00:00,True,85,85.0,,85.0,22479.074624,27884.786752,27884.786765,328.0563148823529,0.0,22479.074624,2433.1411619424716,107.09970280000002,64.3537158095238,97.30611158664563,3.048257128733591,41,64,,False,True,,765,59.56268577710819
18,2026-09-21T07:58:08.070+00:00,2026-09-21T07:58:31.838+00:00,2026-09-21T07:58:36.825+00:00,True,79,79.0,,79.0,23768.300897999998,28754.693474,28754.693505999996,363.9834621012658,0.0,23768.300897999998,2668.4995196226955,85.7997633,63.92810994871795,91.50474667319057,2.7473775740795783,41,64,,False,True,,161,59.56268577710819
19,2026-09-21T07:58:08.463+00:00,2026-09-21T07:58:33.867+00:00,2026-09-21T07:58:37.074+00:00,True,51,51.0,,51.0,25403.995947,28611.436587,28611.436771,561.0085641372549,0.0,25403.995947,3549.133177495687,83.15573850000001,64.1488128,78.22168560440319,1.7825039943353473,41,64,,False,True,,102,59.56268577710819
20,2026-09-21T07:58:08.802+00:00,2026-09-21T07:58:35.492+00:00,2026-09-21T07:58:41.503+00:00,True,96,96.0,,96.0,26689.858361000002,32701.245753000003,32701.245895000004,340.63797807291667,0.0,26689.858361000002,2718.268228559037,78.38857075,63.27776202105263,62.19952670609457,2.935667978067563,41,64,,False,True,,201,59.56268577710819
21,2026-09-21T07:58:09.105+00:00,2026-09-21T07:58:36.963+00:00,2026-09-21T07:58:37.655+00:00,True,12,12.0,,12.0,27857.354022,28549.99095,28549.990894,2379.165907833333,44.337334999999996,27857.354022,8023.5539992766735,12576.090835800002,62.96699345454545,9.925777888171268,0.42031536966213995,41,64,,False,True,,48,59.56268577710819
22,2026-09-21T07:58:09.529+00:00,2026-09-21T07:58:39.117+00:00,2026-09-21T07:58:44.852+00:00,True,91,91.0,,91.0,29588.373401999997,35323.136154,35323.136096999995,388.1663307362637,0.0,29588.373401999997,3096.448800643369,83.731124,63.71958613333333,94.42676704895393,2.576215192310866,41,64,,False,True,,91,59.56268577710819
23,2026-09-21T07:58:09.830+00:00,2026-09-21T07:58:40.994+00:00,2026-09-21T07:58:44.199+00:00,True,51,51.0,,51.0,31164.072136,34369.00116,34369.001138,673.9019830980392,0.01509,31164.072136,4355.962020100391,82.32048350000001,64.09858048,98.64083902125223,1.483895320744899,41,64,,False,True,,280,59.56268577710819
24,2026-09-21T07:58:10.260+00:00,2026-09-21T07:58:43.564+00:00,2026-09-21T07:58:45.503+00:00,True,41,41.0,,41.0,33304.199978,35242.530602,35242.53045,859.573913414634,0.015550000000000001,33304.199978,5193.738909452145,73.935528,48.458265600000004,26.23849995368893,1.1633670823193742,41,64,,False,True,,88,59.56268577710819
25,2026-09-21T07:58:10.662+00:00,2026-09-21T07:58:44.972+00:00,2026-09-21T07:58:47.647+00:00,True,43,43.0,,43.0,34309.437322,36985.14241,36985.14236,860.1195897674418,0.0,34309.437322,5223.540954513748,82.88716889999999,63.707264,109.28353432892199,1.1626290233878809,41,64,,False,True,,86,59.56268577710819
26,2026-09-21T07:58:11.034+00:00,2026-09-21T07:58:47.058+00:00,2026-09-21T07:58:48.157+00:00,True,18,18.0,,18.0,36023.23257,37122.192698,37122.192914,2062.3440507777777,46.155575,36023.23257,8475.526488492873,5472.8531543,64.6447134117647,10.441202973976605,0.4848851506815698,41,64,,False,True,,56,59.56268577710819
27,2026-09-21T07:58:11.313+00:00,2026-09-21T07:58:48.352+00:00,2026-09-21T07:58:53.763+00:00,True,73,73.0,,73.0,37038.909455,42449.935375,42449.935437,581.505964890411,0.0,37038.909455,4328.323278845671,82.7178524,75.15313777777777,133.89899570904853,1.7196728182298204,41,64,,False,True,,219,59.56268577710819
28,2026-09-21T07:58:11.719+00:00,2026-09-21T07:58:50.279+00:00,2026-09-21T07:58:51.759+00:00,True,25,25.0,,25.0,38559.860754,40039.459346,40039.459287,1601.57837148,45.665455,38559.860754,7699.64766747691,82.03783680000001,61.64994133333334,9.404772401038448,0.6243840553380883,41,64,,False,True,,100,59.56268577710819
29,2026-09-21T07:58:12.133+00:00,2026-09-21T07:58:52.578+00:00,2026-09-21T07:58:53.688+00:00,True,14,14.0,,14.0,40444.894399,41555.300543,41555.300675,2968.2357625,0.0,40444.894399,10790.581474750219,14877.44078405,85.41585723076923,307.9544851524021,0.3369004631674672,41,64,,False,True,,44,59.56268577710819
30,2026-09-21T07:58:12.380+00:00,2026-09-21T07:58:53.744+00:00,2026-09-21T07:58:59.067+00:00,True,86,86.0,,86.0,41363.911434,46686.899722,46686.899737,542.8709271744186,4.8140600000000004,41363.911434,4453.651895505441,78.70267825,62.623391623529415,13.246910351049657,1.8420584898995707,41,64,,False,True,,172,59.56268577710819
31,2026-09-21T07:58:12.679+00:00,2026-09-21T07:58:55.439+00:00,2026-09-21T07:58:57.614+00:00,True,35,35.0,,35.0,42760.222689,44934.985185000005,44934.985215,1283.8567204285714,38.323614,42760.222689,7216.992040156515,79.717776,63.96360282352941,10.228247602867969,0.7789031164893662,41,64,,False,True,,103,59.56268577710819
32,2026-09-21T07:58:13.163+00:00,2026-09-21T07:58:56.334+00:00,2026-09-21T07:58:59.993+00:00,True,58,58.0,,58.0,43171.084222000005,46830.689470000005,46830.689292,807.4256774482759,43.031544000000004,43171.084222000005,5660.218281143903,76.41771,64.20360084210526,9.330008348401064,1.2385040804738765,41,64,,False,True,,247,59.56268577710819
33,2026-09-21T07:58:13.453+00:00,2026-09-21T07:58:59.705+00:00,2026-09-21T07:59:04.086+00:00,True,71,71.0,,71.0,46252.500622,50633.519501999996,50633.519696999996,713.1481647464789,0.0,46252.500622,5482.742585254647,80.2783735,62.585984,105.90092170998663,1.4022331589490937,41,64,,False,True,,351,59.56268577710819
34,2026-09-21T07:58:13.816+00:00,2026-09-21T07:59:01.522+00:00,2026-09-21T07:59:04.578+00:00,True,51,51.0,,51.0,47706.295053,50762.444557,50762.44448,995.342048627451,40.360194,47706.295053,6671.66840069796,84.16148849999999,61.12299008,11.578722896624756,1.0046797478938048,41,64,,False,True,,102,59.56268577710819
35,2026-09-21T07:58:14.135+00:00,2026-09-21T07:59:03.060+00:00,2026-09-21T07:59:07.006+00:00,True,65,65.0,,65.0,48924.888549999996,52871.07223,52871.072138999996,813.4011098307692,0.015220000000000001,48924.888549999996,6061.718878299239,135.5114726,61.65912,109.92347408207614,1.2294057460616021,41,64,,False,True,,585,59.56268577710819
36,2026-09-21T07:58:14.531+00:00,2026-09-21T07:59:05.569+00:00,2026-09-21T07:59:09.150+00:00,True,63,63.0,,63.0,51038.043409000005,54618.997265000005,54618.99714100001,866.9682085873017,0.016120000000000002,51038.043409000005,6422.975876587767,90.09205,57.75732025806452,28.80622812935215,1.1534448297235689,41,64,,False,True,,126,59.56268577710819
37,2026-09-21T07:58:14.861+00:00,2026-09-21T07:59:06.936+00:00,2026-09-21T07:59:10.713+00:00,True,59,59.0,,59.0,52075.407347,55852.180467,55852.180389,946.6471252372882,0.0,52075.407347,6772.492549228865,98.41673620000002,65.11677793103448,135.35745000146386,1.0563598324484373,41,64,,False,True,,59,59.56268577710819
38,2026-09-21T07:58:15.286+00:00,2026-09-21T07:59:09.144+00:00,2026-09-21T07:59:11.109+00:00,True,33,33.0,,33.0,53858.464472,55823.54684,55823.546906,1691.6226335151516,0.0,53858.464472,9366.672036460195,498.8118616000001,61.408824,186.90583417680915,0.5911483928920486,41,64,,False,True,,132,59.56268577710819
39,2026-09-21T07:58:15.610+00:00,2026-09-21T07:59:11.109+00:00,2026-09-21T07:59:14.500+00:00,True,53,53.0,,53.0,55498.640741999996,58889.82743,58889.827431,1111.1288194528302,46.367135000000005,55498.640741999996,7614.372795426495,79.9550102,65.21512861538461,9.805027296513732,0.8999856564870902,41,64,,False,True,,165,59.56268577710819
40,2026-09-21T07:58:15.982+00:00,2026-09-21T07:59:13.480+00:00,2026-09-21T07:59:19.725+00:00,True,76,76.0,,76.0,57498.147133,63742.938429,63742.938362,838.7228731842105,39.754664,57498.147133,6588.0268159073,83.57278225,83.26388394666667,166.97106955316826,1.1922889322815344,41,64,,False,True,,152,59.56268577710819
41,2026-09-21T07:58:16.300+00:00,2026-09-21T07:59:14.844+00:00,2026-09-21T07:59:20.098+00:00,True,84,84.0,,84.0,58544.14825,63798.022425999996,63798.022412,759.5002668095237,0.01632,58544.14825,6381.918176355421,121.87808704999999,63.299688867469875,121.06032630566663,1.3166552317108653,41,64,,False,True,,166,59.56268577710819
42,2026-09-21T07:58:16.645+00:00,2026-09-21T07:59:16.596+00:00,2026-09-21T07:59:19.441+00:00,True,36,36.0,,36.0,59950.352178999994,62795.345970999995,62795.345968999995,1744.3151658055554,0.016059999999999998,59950.352178999994,9980.144715879826,368.21734725000005,81.28553691428571,201.02608664290338,0.5732908935102522,41,64,,False,True,,72,59.56268577710819
43,2026-09-21T07:58:16.920+00:00,2026-09-21T07:59:18.218+00:00,2026-09-21T07:59:19.302+00:00,True,3,3.0,,3.0,61298.18554200001,62382.42951000001,62382.42937800001,20794.143126000003,0.04058,61298.18554200001,35081.71804807817,55276.787313400004,542.121984,766.6186980845672,0.04809046431125442,41,64,,False,True,,6,59.56268577710819
44,2026-09-21T07:58:17.254+00:00,2026-09-21T07:59:19.841+00:00,2026-09-21T07:59:21.837+00:00,True,34,34.0,,34.0,62587.220420000005,64582.718916000005,64582.718956000004,1899.4917340000002,0.0,62587.220420000005,10725.083293367783,484.95147435,60.469651393939394,201.4089716014445,0.5264566213792014,41,64,,False,True,,98,59.56268577710819
45,2026-09-21T07:58:17.580+00:00,2026-09-21T07:59:21.654+00:00,2026-09-21T07:59:23.458+00:00,True,29,29.0,,29.0,64073.817397,65878.04190899999,65878.041815,2271.6566143103446,44.047604,64073.817397,11886.248463913194,82.41933300000001,64.43658971428572,10.932150762155041,0.4402073765346407,41,64,,False,True,,88,59.56268577710819
46,2026-09-21T07:58:17.895+00:00,2026-09-21T07:59:23.240+00:00,2026-09-21T07:59:25.805+00:00,True,41,41.0,,41.0,65345.119923,67910.323123,67910.323179,1656.3493458292683,41.661502999999996,65345.119923,10195.183723481336,81.737027,64.13008,11.164471496291162,0.6037373717945695,41,64,,False,True,,6,59.56268577710819
47,2026-09-21T07:58:18.205+00:00,2026-09-21T07:59:25.097+00:00,2026-09-21T07:59:27.078+00:00,True,32,32.0,,32.0,66891.862534,68872.782342,68872.782569,2152.27445528125,46.962134,66891.862534,11813.630263918403,77.84503000000001,63.90063896774193,9.892130192622199,0.46462476049099233,41,64,,False,True,,96,59.56268577710819
48,2026-09-21T07:58:18.586+00:00,2026-09-21T07:59:27.150+00:00,2026-09-21T07:59:30.561+00:00,True,54,54.0,,54.0,68564.122475,71975.288171,71975.288285,1332.8757089814815,44.421253,68564.122475,9321.64096614341,79.7638005,64.36161690566037,8.944787586472525,0.7502575032656483,41,64,,False,True,,214,59.56268577710819
49,2026-09-21T07:58:18.887+00:00,2026-09-21T07:59:28.632+00:00,2026-09-21T07:59:28.632+00:00,True,1,1.0,,1.0,69744.695004,69744.695004,69744.695004,69744.695004,69744.695004,69744.695004,nan,69744.695004,nan,nan,0.014338008072766653,41,64,,False,True,,9,59.56268577710819
50,2026-09-21T07:58:19.178+00:00,2026-09-21T07:59:30.300+00:00,2026-09-21T07:59:33.270+00:00,True,48,48.0,,48.0,71122.16395100001,74091.75447900001,74091.75445200001,1543.5782177500002,0.0,71122.16395100001,10258.301263420799,80.345939,63.182777191489365,195.35875956052746,0.6478453687259457,41,64,,False,True,,384,59.56268577710819
51,2026-09-21T07:58:19.590+00:00,2026-09-21T07:59:32.840+00:00,2026-09-21T07:59:34.770+00:00,True,38,38.0,,38.0,73250.733112,75180.64978400001,75180.649911,1978.4381555526315,0.0,73250.733112,11875.947892256043,247.52769269999996,52.15991005405405,195.84714093367577,0.5054492094598414,41,64,,False,True,,76,59.56268577710819
52,2026-09-21T07:58:19.918+00:00,2026-09-21T07:59:34.856+00:00,2026-09-21T07:59:34.856+00:00,True,8,8.0,,8.0,74937.682355,74937.884595,74937.884445,9367.235555625,0.02264,74937.682355,26494.46147272768,48709.51228375,0.02889142857142857,0.011377300307441756,0.10675508180189243,41,64,,False,True,,8,59.56268577710819
53,2026-09-21T07:58:20.283+00:00,2026-09-21T07:59:36.145+00:00,2026-09-21T07:59:41.226+00:00,True,82,82.0,,82.0,75862.07590000001,80942.93478000001,80942.934957,987.108962890244,16.818272,75862.07590000001,8370.654018015399,78.5183005,62.72665283950617,16.57381103769996,1.013059388356415,41,64,,False,True,,410,59.56268577710819
54,2026-09-21T07:58:20.572+00:00,2026-09-21T07:59:37.443+00:00,2026-09-21T07:59:37.699+00:00,True,5,5.0,,5.0,76870.15781399999,77126.95986199999,77126.959857,15425.391971399999,55.929824999999994,76870.15781399999,34348.66904422943,61510.437302399994,64.200512,8.136911443953494,0.06482817433678559,41,64,,False,True,,20,59.56268577710819
55,2026-09-21T07:58:21.020+00:00,2026-09-21T07:59:39.980+00:00,2026-09-21T07:59:43.410+00:00,True,54,54.0,,54.0,78959.723051,82389.63767499999,82389.637682,1525.734031148148,45.881264,78959.723051,10736.257212566083,79.70652349999999,64.71537026415093,11.965561510320411,0.6554222293465136,41,64,,False,True,,162,59.56268577710819
56,2026-09-21T07:58:21.348+00:00,2026-09-21T07:59:41.646+00:00,2026-09-21T07:59:42.382+00:00,True,13,13.0,,13.0,80297.50059299999,81033.257137,81033.257208,6233.327477538461,42.974614,80297.50059299999,22253.516850652843,32167.382195399994,61.313045333333335,10.71299295914928,0.1604279583384063,41,64,,False,True,,32,59.56268577710819
57,2026-09-21T07:58:21.600+00:00,2026-09-21T07:59:42.733+00:00,2026-09-21T07:59:43.479+00:00,True,12,12.0,,12.0,81132.82669300001,81878.39341300001,81878.39343800001,6823.199453166668,43.111404,81132.82669300001,23401.470253729905,36571.73839435,67.77879272727273,18.490325965401027,0.1465588111807618,41,64,,False,True,,156,59.56268577710819
58,2026-09-21T07:58:22.022+00:00,2026-09-21T07:59:45.003+00:00,2026-09-21T07:59:47.000+00:00,True,9,9.0,,9.0,82980.96550800001,84978.31718800002,84978.31734400001,9442.035260444445,0.0,82980.96550800001,27583.070489364287,50495.149090800005,249.66896,613.5582223049586,0.10590936956410936,41,64,,False,True,,108,59.56268577710819
59,2026-09-21T07:58:22.387+00:00,2026-09-21T07:59:46.957+00:00,2026-09-21T07:59:52.108+00:00,True,84,84.0,,84.0,84569.654062,89720.835374,89720.835355,1068.1051827976191,22.930692,84569.654062,9220.540766664146,79.436965,62.062425445783134,11.08984431486882,0.9362373817614071,41,64,,False,True,,322,59.56268577710819
60,2026-09-21T07:58:22.825+00:00,2026-09-21T07:59:49.070+00:00,2026-09-21T07:59:51.045+00:00,True,32,32.0,,32.0,86244.926133,88220.416693,88220.416577,2756.88801803125,41.836554,86244.926133,15234.830854535065,75.761423,63.72550193548387,9.73443260837996,0.3627278265002697,41,64,,False,True,,128,59.56268577710819
61,2026-09-21T07:58:23.322+00:00,2026-09-21T07:59:50.361+00:00,2026-09-21T07:59:54.188+00:00,True,58,58.0,,58.0,87039.01780500001,90866.073933,90866.07389100001,1566.656446396552,0.0152,87039.01780500001,11421.511044495972,77.030596,67.14133557894736,189.4764686453787,0.6383020360576626,41,64,,False,True,,174,59.56268577710819
62,2026-09-21T07:58:23.571+00:00,2026-09-21T07:59:54.204+00:00,2026-09-21T07:59:54.204+00:00,True,2,2.0,,2.0,90632.769697,90632.825505,90632.825527,45316.4127635,0.05583,90632.769697,64087.00657269574,86101.13400364999,0.055808,nan,0.02206706001778202,41,64,,False,True,,12,59.56268577710819
63,2026-09-21T07:58:23.927+00:00,2026-09-21T07:59:54.651+00:00,2026-09-21T07:59:57.898+00:00,True,53,53.0,,53.0,90723.61448999999,93970.95810599999,93970.958296,1773.036948981132,0.03368,90723.61448999999,12453.301861633092,110.37076019999999,62.44891569230769,28.96222854684858,0.5640040398461785,41,64,,False,True,,236,59.56268577710819
64,2026-09-21T07:58:24.288+00:00,2026-09-21T07:59:56.797+00:00,2026-09-21T08:00:02.875+00:00,True,78,78.0,,78.0,92509.04773100001,98587.17995500001,98587.18009500002,1263.938206346154,0.0,92509.04773100001,10467.726779691664,80.62356450000001,78.93678212987014,209.9124472473918,0.7911779202488903,41,64,,False,True,,468,59.56268577710819
65,2026-09-21T07:58:24.575+00:00,2026-09-21T07:59:57.959+00:00,2026-09-21T07:59:58.393+00:00,True,8,8.0,,8.0,93384.001993,93817.796041,93817.796111,11727.224513875,46.158214,93384.001993,32994.32261669865,60728.62314389999,61.97057828571428,12.397667881303239,0.08527166846366613,41,64,,False,True,,32,59.56268577710819
66,2026-09-21T07:58:24.970+00:00,2026-09-21T08:00:00.087+00:00,2026-09-21T08:00:05.779+00:00,True,89,89.0,,89.0,95117.332109,100809.568397,100809.56848,1132.6917806741571,0.0,95117.332109,10077.508944354518,78.42146900000002,64.68450327272727,199.295229292823,0.8828527035202401,41,64,,False,True,,623,59.56268577710819
67,2026-09-21T07:58:25.320+00:00,2026-09-21T08:00:02.906+00:00,2026-09-21T08:00:04.566+00:00,True,44,44.0,,44.0,97586.498131,99246.263123,99246.263177,2255.5968903863636,0.0,97586.498131,14705.932467238603,75.73007465,38.59918586046512,31.704733773304337,0.44334162935151505,41,64,,False,True,,98,59.56268577710819
68,2026-09-21T07:58:25.707+00:00,2026-09-21T08:00:03.927+00:00,2026-09-21T08:00:07.426+00:00,True,56,56.0,,56.0,98220.68545100001,101719.38932300001,101719.389269,1816.4176655178574,45.734233999999994,98220.68545100001,13116.793723417584,78.34978699999999,63.612797672727275,9.17910500768202,0.5505341741895191,41,64,,False,True,,560,59.56268577710819
69,2026-09-21T07:58:25.956+00:00,2026-09-21T08:00:04.962+00:00,2026-09-21T08:00:10.246+00:00,True,86,86.0,,86.0,99006.27488600001,104290.07546200001,104290.07546100001,1212.6752960581398,41.610773,99006.27488600001,10669.422418018874,77.92040625,62.162359717647064,9.716359317519858,0.8246230489241104,41,64,,False,True,,258,59.56268577710819
70,2026-09-21T07:58:26.385+00:00,2026-09-21T08:00:06.987+00:00,2026-09-21T08:00:12.967+00:00,True,97,97.0,,97.0,100602.654749,106582.42537299999,106582.425395,1098.787890670103,42.453244,100602.654749,10208.33154470168,76.57301819999999,62.28927733333334,9.188767111860033,0.9100937575827819,41,64,,False,True,,1067,59.56268577710819
71,2026-09-21T07:58:26.643+00:00,2026-09-21T08:00:08.573+00:00,2026-09-21T08:00:10.109+00:00,True,26,26.0,,26.0,101930.00162299999,103466.44501499999,103466.44520799999,3979.4786618461535,42.039794,101930.00162299999,19978.067860258394,79.62327950000001,61.45773568,10.683754811953703,0.25128919811858486,41,64,,True,True,,26,59.56268577710819
72,2026-09-21T07:58:26.996+00:00,2026-09-21T08:00:10.577+00:00,2026-09-21T08:00:13.160+00:00,True,41,41.0,,41.0,103581.31737199999,106163.41017199999,106163.41002899999,2589.351464121951,42.931612,103581.31737199999,16166.605795379364,79.06678699999999,64.55232,10.26613632113172,0.38619708931329644,41,64,,True,True,,164,59.56268577710819
73,2026-09-21T07:58:27.346+00:00,2026-09-21T08:00:12.106+00:00,2026-09-21T08:00:14.841+00:00,True,45,45.0,,45.0,104760.030971,107494.668027,107494.66809,2388.770402,41.814091999999995,104760.030971,15607.4410995685,76.58736619999999,62.15084218181818,9.162913477694895,0.4186254148782255,41,64,,True,True,,97,59.56268577710819
74,2026-09-21T07:58:27.702+00:00,2026-09-21T08:00:14.122+00:00,2026-09-21T08:00:16.217+00:00,True,35,35.0,,35.0,106420.274901,108515.22786099999,108515.227965,3100.4350847142855,47.081444000000005,106420.274901,17977.897192840137,76.973797,61.61626352941176,9.84889101991509,0.3225353776599209,41,64,,True,True,,84,59.56268577710819
75,2026-09-21T07:58:28.103+00:00,2026-09-21T08:00:16.417+00:00,2026-09-21T08:00:17.155+00:00,True,13,13.0,,13.0,108313.70036,109051.274504,109051.274502,8388.559577076923,42.517184,108313.70036,30023.77030455817,43374.3107216,61.464512,11.64797610943404,0.1192099776836919,41,64,,True,True,,52,59.56268577710819
76,2026-09-21T07:58:28.432+00:00,2026-09-21T08:00:17.960+00:00,2026-09-21T08:00:18.937+00:00,True,16,16.0,,16.0,109527.49132799999,110504.889088,110504.88892099999,6906.555557562499,44.674064,109527.49132799999,27365.585680603584,27439.742092499997,65.15985066666667,12.833145625620435,0.14478997383779538,41,64,,True,True,,92,59.56268577710819
77,2026-09-21T07:58:28.828+00:00,2026-09-21T08:00:19.944+00:00,2026-09-21T08:00:20.068+00:00,True,3,3.0,,3.0,111116.349415,111239.717351,111239.71735400001,37079.90578466667,50.082574,111116.349415,64117.44203930021,100012.04301000001,61.683968,16.406868536223726,0.02696878481391639,41,64,,True,True,,15,59.56268577710819
78,2026-09-21T07:58:29.243+00:00,2026-09-21T08:00:21.784+00:00,2026-09-21T08:00:24.628+00:00,True,47,47.0,,47.0,112541.236089,115384.960121,115384.95996,2454.9991480851063,43.760963000000004,112541.236089,16406.81153973244,77.345634,61.82008765217392,9.121573993409527,0.4073321163409236,41,64,,True,True,,282,59.56268577710819
79,2026-09-21T07:58:29.654+00:00,2026-09-21T08:00:23.962+00:00,2026-09-21T08:00:25.129+00:00,True,20,20.0,,20.0,114307.924007,115474.953255,115474.953354,5773.7476676999995,42.084813000000004,114307.924007,25546.296235920123,5789.765882549999,61.422592,10.126793265257028,0.17319773194308707,41,64,,True,True,,240,59.56268577710819
80,2026-09-21T07:58:29.903+00:00,2026-09-21T08:00:25.573+00:00,2026-09-21T08:00:27.554+00:00,True,32,32.0,,32.0,115670.121461,117651.305461,117651.30547800001,3676.6032961875003,51.243214,115670.121461,20436.485408818124,75.49892845,63.90916129032258,7.245021475842944,0.271990182128558,41,64,,True,True,,100,59.56268577710819
81,2026-09-21T07:58:30.298+00:00,2026-09-21T08:00:27.431+00:00,2026-09-21T08:00:27.933+00:00,True,9,9.0,,9.0,117133.116998,117635.40205399999,117635.402036,13070.600226222223,51.279204,117133.116998,39023.444547924926,70308.8028812,62.785632,8.225321972166265,0.07650758056548819,41,64,,True,True,,27,59.56268577710819
82,2026-09-21T07:58:30.695+00:00,2026-09-21T08:00:29.421+00:00,2026-09-21T08:00:33.642+00:00,True,67,67.0,,67.0,118725.78090700001,122947.36452300001,122947.36460900001,1835.0352926716419,43.451494,118725.78090700001,14496.851370262448,79.3954477,63.96338812121213,9.487989305801548,0.5449486474146111,41,64,,True,True,,442,59.56268577710819
83,2026-09-21T07:58:31.030+00:00,2026-09-21T08:00:31.292+00:00,2026-09-21T08:00:33.500+00:00,True,35,35.0,,35.0,120262.326149,122470.003077,122470.003153,3499.1429472285713,45.178964,120262.326149,20317.069957809927,78.3700283,64.93167435294117,9.351104998130163,0.28578426651948896,41,64,,True,True,,120,59.56268577710819
84,2026-09-21T07:58:31.289+00:00,2026-09-21T08:00:32.720+00:00,2026-09-21T08:00:34.687+00:00,True,31,31.0,,31.0,121431.335999,123398.239807,123398.239704,3980.588377548387,49.961985,121431.335999,21797.93785716908,78.25316049999999,65.56346026666667,8.558141113964728,0.25121914257841355,41,64,,True,True,,180,59.56268577710819
85,2026-09-21T07:58:31.693+00:00,2026-09-21T08:00:34.376+00:00,2026-09-21T08:00:34.692+00:00,True,6,6.0,,6.0,122682.30535899999,122999.02702299999,122999.027253,20499.837875499998,52.950254,122682.30535899999,50058.981822541136,92029.96073574999,63.3443328,8.836420797182715,0.04878087368022871,41,64,,True,True,,34,59.56268577710819
86,2026-09-21T07:58:32.111+00:00,2026-09-21T08:00:36.539+00:00,2026-09-21T08:00:41.950+00:00,True,85,85.0,,85.0,124428.628917,129838.841781,129838.84167899999,1527.5157844588234,43.294983,124428.628917,13489.196683453996,76.766899,64.407296,8.92446612540637,0.6546577190157784,41,64,,True,True,,425,59.56268577710819
87,2026-09-21T07:58:32.550+00:00,2026-09-21T08:00:38.855+00:00,2026-09-21T08:00:44.409+00:00,True,86,86.0,,86.0,126305.38084299999,131859.015659,131859.015706,1533.2443686744184,47.237644,126305.38084299999,13612.817268131796,77.98042825,65.3368801882353,9.445415421178556,0.6522117548822313,41,64,,True,True,,172,59.56268577710819
88,2026-09-21T07:58:32.798+00:00,2026-09-21T08:00:40.296+00:00,2026-09-21T08:00:42.165+00:00,True,29,29.0,,29.0,127498.061114,129366.890042,129366.89004299999,4460.927242862069,54.273763,127498.061114,23663.402537159945,76.831304,66.74389028571429,6.973968233582427,0.22416864153250432,41,64,,True,True,,157,59.56268577710819
89,2026-09-21T07:58:33.416+00:00,2026-09-21T08:00:40.898+00:00,2026-09-21T08:00:41.083+00:00,True,4,4.0,,4.0,127482.11452500001,127667.73346900001,127667.73350900001,31916.933377250003,54.202944,127482.11452500001,63710.121051395225,108370.1415615,61.872981333333335,7.396494380834567,0.031331330879867704,41,64,,True,True,,36,59.56268577710819
90,2026-09-21T07:58:33.543+00:00,2026-09-21T08:00:44.218+00:00,2026-09-21T08:00:49.646+00:00,True,86,86.0,,86.0,130675.11853800001,136103.186378,136103.18635200002,1582.595190139535,46.378164,130675.11853800001,14084.176963844198,77.17710100000001,63.85962164705882,8.777993904974597,0.6318735239684382,41,64,,True,True,,86,59.56268577710819
91,2026-09-21T07:58:33.943+00:00,2026-09-21T08:00:46.525+00:00,2026-09-21T08:00:50.045+00:00,True,56,56.0,,56.0,132581.736949,136102.001397,136102.00131000002,2430.3928805357145,41.410222999999995,132581.736949,17708.42946029682,78.870986,64.00480814545455,9.733491992120278,0.4114561095736713,41,64,,True,True,,217,59.56268577710819
92,2026-09-21T07:58:34.235+00:00,2026-09-21T08:00:48.162+00:00,2026-09-21T08:00:51.507+00:00,True,54,54.0,,54.0,133926.821139,137272.29109100002,137272.290948,2542.079462,42.766033,133926.821139,18216.544066703373,76.1799975,63.12207456603774,8.546286457515167,0.3933787333978605,41,64,,True,True,,306,59.56268577710819
93,2026-09-21T07:58:34.592+00:00,2026-09-21T08:00:50.040+00:00,2026-09-21T08:00:52.575+00:00,True,41,41.0,,41.0,135447.508132,137983.03683599998,137983.03683,3365.4399226829264,43.422284,135447.508132,21143.450100528997,82.915386,63.388217600000004,11.007128797599782,0.2971379739143633,41,64,,True,True,,203,59.56268577710819
94,2026-09-21T07:58:34.898+00:00,2026-09-21T08:00:51.727+00:00,2026-09-21T08:00:53.788+00:00,True,34,34.0,,34.0,136828.466485,138889.17586100003,138889.175878,4084.9757611176474,44.488093,136828.466485,23455.181291687437,79.373347,62.445738666666664,10.405599372235443,0.24479949419548092,41,64,,True,True,,43,59.56268577710819
95,2026-09-21T07:58:35.332+00:00,2026-09-21T08:00:54.030+00:00,2026-09-21T08:00:58.170+00:00,True,67,67.0,,67.0,138697.411402,142838.046026,142838.04598999998,2131.9111341791045,44.053402999999996,138697.411402,16936.92350529313,75.0774076,62.73688824242424,8.9930689511404,0.4690627032786795,41,64,,True,True,,333,59.56268577710819
96,2026-09-21T07:58:35.700+00:00,2026-09-21T08:00:56.036+00:00,2026-09-21T08:00:57.170+00:00,True,19,19.0,,19.0,140335.789103,141469.270831,141469.270877,7445.751098789473,42.766633,140335.789103,32180.792810112645,14102.853823699998,62.97120711111111,9.5952401802919,0.13430478497834,41,64,,True,True,,171,59.56268577710819
97,2026-09-21T07:58:36.144+00:00,2026-09-21T08:00:58.363+00:00,2026-09-21T08:00:59.477+00:00,True,18,18.0,,18.0,142219.34733000002,143333.404034,143333.40396300002,7962.966886833335,47.445392999999996,142219.34733000002,33505.97697630752,21397.567751799997,65.53274729411764,10.519932914261787,0.1255813334045303,41,64,,True,True,,20,59.56268577710819
98,2026-09-21T07:58:36.567+00:00,2026-09-21T08:01:00.364+00:00,2026-09-21T08:01:06.267+00:00,True,94,94.0,,94.0,143797.17776499997,149699.55523699996,149699.55522299997,1592.5484598191485,41.077213,143797.17776499997,14825.003773781087,76.9166045,63.46642443010753,10.103369412726524,0.6279243772714084,41,64,,True,True,,559,59.56268577710819
99,2026-09-21T07:58:36.919+00:00,2026-09-21T08:01:02.020+00:00,2026-09-21T08:01:02.308+00:00,True,6,6.0,,6.0,145100.18277200003,145388.29438800004,145388.29453300004,24231.382422166673,40.678543,145100.18277200003,59213.37848651131,108843.62165525003,57.622323200000004,13.051143405925599,0.04126879694996424,41,64,,True,True,,19,59.56268577710819
100,2026-09-21T07:58:37.324+00:00,2026-09-21T08:01:04.265+00:00,2026-09-21T08:01:10.362+00:00,True,98,98.0,,98.0,146941.085476,153037.777956,153037.777999,1561.6099795816328,44.275663,146941.085476,14836.945216788306,77.39755515,62.85249979381444,9.701081932411395,0.6403647603154303,41,64,,True,True,,196,59.56268577710819
101,2026-09-21T07:58:37.700+00:00,2026-09-21T08:01:06.384+00:00,2026-09-21T08:01:10.031+00:00,True,59,59.0,,59.0,148684.722905,152331.819225,152331.819196,2581.8952406101694,43.202894,148684.722905,19348.918306355856,78.39398899999999,62.88097103448276,10.034142566071797,0.38731238358582665,41,64,,True,True,,381,59.56268577710819
102,2026-09-21T07:58:37.947+00:00,2026-09-21T08:01:07.952+00:00,2026-09-21T08:01:07.952+00:00,True,1,1.0,,1.0,150005.542005,150005.542005,150005.542005,150005.542005,150005.542005,150005.542005,nan,150005.542005,nan,nan,0.006666420364433388,41,64,,True,True,,1,59.56268577710819
103,2026-09-21T07:58:38.225+00:00,2026-09-21T08:01:09.241+00:00,2026-09-21T08:01:11.534+00:00,True,37,37.0,,37.0,151016.430312,153309.01578400002,153309.015932,4143.486917081082,44.413024,151016.430312,24816.48054153588,76.93525340000001,63.68292977777778,9.429337119153905,0.2413426230074427,41,64,,True,True,,148,59.56268577710819
104,2026-09-21T07:58:38.657+00:00,2026-09-21T08:01:11.958+00:00,2026-09-21T08:01:12.166+00:00,True,4,4.0,,4.0,153301.417229,153508.73601300002,153508.73594400001,38377.183986000004,56.999754,153301.417229,76616.15616022753,130318.46103455001,69.10626133333332,12.362174874184774,0.026057148953798022,41,64,,True,True,,8,59.56268577710819
105,2026-09-21T07:58:39.051+00:00,2026-09-21T08:01:14.103+00:00,2026-09-21T08:01:17.366+00:00,True,52,52.0,,52.0,155051.209527,158314.563383,158314.563469,3044.5108359423075,45.747354,155051.209527,21492.862800776686,77.448532,63.98733050980392,9.73128805594063,0.328459990596063,41,64,,True,True,,104,59.56268577710819
106,2026-09-21T07:58:39.468+00:00,2026-09-21T08:01:16.209+00:00,2026-09-21T08:01:20.694+00:00,True,72,72.0,,72.0,156741.468,161226.45103999999,161226.450924,2239.256262833333,44.403833,156741.468,18464.7173628694,77.045636,63.16877521126761,10.096635063131504,0.4465768460172639,41,64,,True,True,,264,59.56268577710819
107,2026-09-21T07:58:39.908+00:00,2026-09-21T08:01:18.493+00:00,2026-09-21T08:01:24.751+00:00,True,100,100.0,,100.0,158584.070794,164842.662282,164842.662401,1648.42662401,41.757683,158584.070794,15852.088834983324,77.40745495,63.21809583838384,10.685857245571428,0.6066390739851543,41,64,,True,True,,200,59.56268577710819
108,2026-09-21T07:58:40.326+00:00,2026-09-21T08:01:20.625+00:00,2026-09-21T08:01:26.718+00:00,True,97,97.0,,97.0,160299.25599,166392.66885400002,166392.66891500002,1715.388339329897,45.774283000000004,160299.25599,16269.481517155862,77.0936756,63.473050666666666,9.500075683152946,0.5829583759192655,41,64,,True,True,,297,59.56268577710819
109,2026-09-21T07:58:40.593+00:00,2026-09-21T08:01:22.270+00:00,2026-09-21T08:01:24.409+00:00,True,34,34.0,,34.0,161676.989327,163815.455375,163815.455242,4818.101624764706,45.370382,161676.989327,27716.262794847287,76.90763899999999,64.80200145454545,8.706441506857198,0.20755062409812625,41,64,,True,True,,69,59.56268577710819
110,2026-09-21T07:58:40.904+00:00,2026-09-21T08:01:23.619+00:00,2026-09-21T08:01:27.443+00:00,True,62,62.0,,62.0,162715.002107,166538.792187,166538.792224,2686.1095520000003,43.660813000000005,162715.002107,20656.86687633631,77.2343724,62.68508327868853,9.067561547297693,0.3722856349911712,41,64,,True,True,,188,59.56268577710819
111,2026-09-21T07:58:41.246+00:00,2026-09-21T08:01:25.472+00:00,2026-09-21T08:01:26.835+00:00,True,23,23.0,,23.0,164225.565681,165589.022449,165589.022415,7199.522713695653,45.240671999999996,164225.565681,34230.47626581065,76.8003152,61.97530763636363,10.05363787716532,0.13889809638246886,41,64,,True,True,,50,59.56268577710819
112,2026-09-21T07:58:41.692+00:00,2026-09-21T08:01:27.575+00:00,2026-09-21T08:01:30.989+00:00,True,55,55.0,,55.0,165882.45524900002,169296.533713,169296.53378300002,3078.118796054546,42.412122000000004,165882.45524900002,22359.06253532354,76.151299,63.22367525925926,9.331939371318036,0.3248737513624394,41,64,,True,True,,110,59.56268577710819
113,2026-09-21T07:58:42.071+00:00,2026-09-21T08:01:29.382+00:00,2026-09-21T08:01:30.847+00:00,True,24,24.0,,24.0,167310.996728,168775.59884,168775.598787,7032.316616125,49.630182999999995,167310.996728,34139.21667980334,76.087916,63.67835269565217,7.431253406131471,0.1422006508343194,41,64,,True,True,,48,59.56268577710819
114,2026-09-21T07:58:42.376+00:00,2026-09-21T08:01:30.921+00:00,2026-09-21T08:01:32.005+00:00,True,19,19.0,,19.0,168544.39314899998,169628.04831699998,169628.04818699998,8927.792009842104,49.777883,168544.39314899998,38652.924986308906,16924.276663499997,60.20306488888889,8.443174429365191,0.11200977779625751,41,64,,True,True,,54,59.56268577710819
115,2026-09-21T07:58:42.775+00:00,2026-09-21T08:01:33.290+00:00,2026-09-21T08:01:36.208+00:00,True,46,46.0,,46.0,170514.922206,173433.294558,173433.29469299997,3770.289015065217,46.540602,170514.922206,25131.4933283305,78.267159,64.85271893333334,9.228834193641356,0.2652316564546178,41,64,,True,True,,138,59.56268577710819
116,2026-09-21T07:58:43.501+00:00,2026-09-21T08:01:34.072+00:00,2026-09-21T08:01:39.608+00:00,True,87,87.0,,87.0,170571.097602,176106.670082,176106.669914,2024.2145967126437,44.082572,170571.097602,18280.242778319716,77.488918,64.36712186046512,9.570046830701653,0.49401876691831415,41,64,,True,True,,87,59.56268577710819
117,2026-09-21T07:58:43.577+00:00,2026-09-21T08:01:37.271+00:00,2026-09-21T08:01:38.056+00:00,True,13,13.0,,13.0,173693.265838,174478.701998,174478.701939,13421.438610692307,51.209642,173693.265838,48155.691970076536,69523.9459636,65.45301333333333,10.486860817122256,0.07450766111355538,41,64,,True,True,,26,59.56268577710819
118,2026-09-21T07:58:43.934+00:00,2026-09-21T08:01:39.078+00:00,2026-09-21T08:01:40.517+00:00,True,24,24.0,,24.0,175143.936357,176582.934117,176582.933985,7357.622249375,52.058633,175143.936357,35738.33602050945,74.40062250000001,62.56512,7.583203629878002,0.1359134738586806,41,64,,True,True,,95,59.56268577710819
119,2026-09-21T07:58:44.343+00:00,2026-09-21T08:01:40.831+00:00,2026-09-21T08:01:45.296+00:00,True,73,73.0,,73.0,176487.8713,180953.266756,180953.266682,2478.8118723561643,44.582071000000006,176487.8713,20649.08631489517,77.04312079999998,62.019381333333335,9.623065226160596,0.4034190778021944,41,64,,True,True,,0,59.56268577710819
120,2026-09-21T07:58:44.692+00:00,2026-09-21T08:01:42.634+00:00,2026-09-21T08:01:43.940+00:00,True,22,22.0,,22.0,177942.027972,179248.680388,179248.68054200002,8147.667297363637,45.224602,177942.027972,37924.103574253684,78.44353259999998,62.22154361904762,10.634661163705774,0.12273451582672189,41,64,,True,True,,102,59.56268577710819
121,2026-09-21T07:58:45.112+00:00,2026-09-21T08:01:44.621+00:00,2026-09-21T08:01:50.656+00:00,True,97,97.0,,97.0,179509.21260600002,185544.60051000002,185544.60028200003,1912.8309307422683,44.475783,179509.21260600002,18220.017759212966,77.388024,62.868624,8.663006920195645,0.5227853558302396,41,64,,True,True,,388,59.56268577710819
122,2026-09-21T07:58:45.433+00:00,2026-09-21T08:01:46.390+00:00,2026-09-21T08:01:49.308+00:00,True,47,47.0,,47.0,180956.93074799998,183874.739388,183874.739446,3912.2284988510637,45.441252,180956.93074799998,26386.03022869793,77.00278399999999,63.43062260869565,8.600111084614962,0.25560879192233027,41,64,,True,True,,174,59.56268577710819
123,2026-09-21T07:58:45.757+00:00,2026-09-21T08:01:48.023+00:00,2026-09-21T08:01:53.465+00:00,True,87,87.0,,87.0,182266.330892,187708.478732,187708.478607,2157.5687196206895,44.394683,182266.330892,19534.21958005361,77.41356999999999,63.2807888372093,9.303635366757392,0.46348465763346736,41,64,,True,True,,174,59.56268577710819
124,2026-09-21T07:58:46.017+00:00,2026-09-21T08:01:49.379+00:00,2026-09-21T08:01:55.407+00:00,True,95,95.0,,95.0,183361.582039,189389.668055,189389.668194,1993.5754546736841,45.210521,183361.582039,18805.924173423493,76.920601,64.12857463829788,9.246326238525294,0.5016113126742024,41,64,,True,True,,380,59.56268577710819
126,2026-09-21T07:58:46.905+00:00,2026-09-21T08:01:53.591+00:00,2026-09-21T08:01:58.283+00:00,True,75,75.0,,75.0,186686.456244,191378.173876,191378.173978,2551.708986373333,42.074992,186686.456244,21549.375962374008,77.3902163,63.401589621621625,8.853643096749881,0.39189421907952204,41,64,,True,True,,150,59.56268577710819
127,2026-09-21T07:58:47.216+00:00,2026-09-21T08:01:55.208+00:00,2026-09-21T08:01:57.115+00:00,True,31,31.0,,31.0,187991.905238,189898.838742,189898.838752,6125.768992,44.636353,187991.905238,33752.92779149729,76.38872450000001,63.56445013333333,9.83445186736616,0.16324481079169295,41,64,,True,True,,155,59.56268577710819
125,2026-09-21T07:58:46.467+00:00,2026-09-21T08:01:56.471+00:00,2026-09-21T08:01:58.090+00:00,True,27,27.0,,27.0,190003.493165,191622.810413,191622.810332,7097.141123407408,48.936412,190003.493165,36554.20408763187,76.141109,62.28143261538462,8.01894576192195,0.1409018056973883,41,64,,True,True,,162,59.56268577710819
128,2026-09-21T07:58:47.521+00:00,2026-09-21T08:01:56.719+00:00,2026-09-21T08:02:01.285+00:00,True,73,73.0,,73.0,189197.388489,193763.979465,193763.979446,2654.30108830137,42.481542000000005,189197.388489,22136.45784944624,75.60496260000001,63.42487466666667,8.925064011939964,0.37674701046892023,41,64,,True,True,,146,59.56268577710819
129,2026-09-21T07:58:47.826+00:00,2026-09-21T08:01:58.425+00:00,2026-09-21T08:01:58.561+00:00,True,3,3.0,,3.0,190598.49943999999,190734.544496,190734.544477,63578.18149233333,62.653663,190598.49943999999,110002.82227047339,171545.9886334,68.022528,7.5926750285026685,0.015728666288150624,41,64,,True,True,,13,59.56268577710819
130,2026-09-21T07:58:48.163+00:00,2026-09-21T08:02:00.178+00:00,2026-09-21T08:02:03.048+00:00,True,48,48.0,,48.0,192014.30152900002,194884.61756100002,194884.61737400002,4060.096195291667,44.243643,192014.30152900002,27706.06352089303,75.0783955,61.070553872340426,7.986131479916934,0.2462995828030179,41,64,,True,True,,111,59.56268577710819
131,2026-09-21T07:58:48.464+00:00,2026-09-21T08:02:02.060+00:00,2026-09-21T08:02:08.101+00:00,True,97,97.0,,97.0,193596.56780000002,199636.87551200003,199636.875467,2058.112118216495,47.404312,193596.56780000002,19650.36631514105,77.016016,62.919872,7.947175193411275,0.48588217858663796,41,64,,True,True,,176,59.56268577710819
132,2026-09-21T07:58:48.748+00:00,2026-09-21T08:02:03.697+00:00,2026-09-21T08:02:09.501+00:00,True,93,93.0,,93.0,194949.73002900003,200753.14942100004,200753.14953200004,2158.6360164731186,49.551893,194949.73002900003,20208.805809584814,77.257212,63.08064556521739,8.270218656300743,0.463255496953472,41,64,,True,True,,372,59.56268577710819
133,2026-09-21T07:58:49.152+00:00,2026-09-21T08:02:05.677+00:00,2026-09-21T08:02:08.416+00:00,True,45,45.0,,45.0,196525.34155399998,199263.793522,199263.793632,4428.084302933333,46.716393,196525.34155399998,29286.99156974324,76.86826719999999,62.23754472727273,8.461039187303705,0.2258312923016379,41,64,,True,True,,89,59.56268577710819
134,2026-09-21T07:58:49.503+00:00,2026-09-21T08:02:07.907+00:00,2026-09-21T08:02:13.264+00:00,True,86,86.0,,86.0,198404.075338,203761.641034,203761.641018,2369.3214071860466,43.687341999999994,198404.075338,21387.66649912078,77.952044,63.03018465882353,8.21769045212849,0.42206177553139107,41,64,,True,True,,258,59.56268577710819
135,2026-09-21T07:58:49.918+00:00,2026-09-21T08:02:09.860+00:00,2026-09-21T08:02:15.792+00:00,True,95,95.0,,95.0,199941.91414100002,205873.872157,205873.87210200002,2167.0933905473685,44.795341,199941.91414100002,20507.135153619205,78.17796,63.10593634042553,9.391721009638912,0.4614475795527503,41,64,,True,True,,287,59.56268577710819
136,2026-09-21T07:58:50.293+00:00,2026-09-21T08:02:12.387+00:00,2026-09-21T08:02:15.733+00:00,True,54,54.0,,54.0,202093.912058,205440.56652199998,205440.56665999998,3804.454938148148,41.991091999999995,202093.912058,27492.90701293172,76.828382,63.1444238490566,10.165924416330952,0.26284974245443055,41,64,,True,True,,162,59.56268577710819
137,2026-09-21T07:58:50.612+00:00,2026-09-21T08:02:13.922+00:00,2026-09-21T08:02:14.885+00:00,True,17,17.0,,17.0,203309.477408,204272.794144,204272.794311,12016.04672417647,44.320213,203309.477408,49295.18988659582,40725.839173600005,60.207296,10.873778092975144,0.0832220466324851,41,64,,True,True,,17,59.56268577710819
138,2026-09-21T07:58:50.899+00:00,2026-09-21T08:02:15.728+00:00,2026-09-21T08:02:21.866+00:00,True,97,97.0,,97.0,204829.844347,210967.607419,210967.60747800002,2174.9237884329896,43.690353,204829.844347,20790.830387385497,78.59319200000002,63.935032,9.85244359949747,0.45978622588893264,41,64,,True,True,,679,59.56268577710819
139,2026-09-21T07:58:51.144+00:00,2026-09-21T08:02:16.910+00:00,2026-09-21T08:02:20.373+00:00,True,56,56.0,,56.0,205766.503245,209228.622413,209228.622374,3736.225399535714,48.758252999999996,205766.503245,27488.295335452363,79.654534,62.94762123636364,9.05546714723261,0.26764980505134056,41,64,,True,True,,112,59.56268577710819
140,2026-09-21T07:58:51.533+00:00,2026-09-21T08:02:19.035+00:00,2026-09-21T08:02:19.618+00:00,True,10,10.0,,10.0,207502.587419,208085.05807499998,208085.05803999997,20808.505804,55.940313,207502.587419,65597.6141406906,114163.67066224999,64.71896177777778,7.778486867898951,0.04805727087043273,41,64,,True,True,,30,59.56268577710819
141,2026-09-21T07:58:51.877+00:00,2026-09-21T08:02:20.821+00:00,2026-09-21T08:02:26.818+00:00,True,97,97.0,,97.0,208944.34000999999,214940.70173799997,214940.701852,2215.8835242474224,41.950352,208944.34000999999,21208.743562931937,77.7503742,62.46210133333334,9.695404502157224,0.45128725837248485,41,64,,True,True,,227,59.56268577710819
142,2026-09-21T07:58:52.326+00:00,2026-09-21T08:02:23.136+00:00,2026-09-21T08:02:27.568+00:00,True,73,73.0,,73.0,210810.46886899997,215242.15475699998,215242.15474299996,2948.5226677123283,42.225021,210810.46886899997,24666.29705304931,76.361644,61.551192888888885,9.896843982424734,0.3391528954094246,41,64,,True,True,,164,59.56268577710819
143,2026-09-21T07:58:52.671+00:00,2026-09-21T08:02:24.923+00:00,2026-09-21T08:02:27.566+00:00,True,44,44.0,,44.0,212252.27372,214895.016248,214895.016306,4883.977643318181,43.139882,212252.27372,31988.97046592286,78.97809735000001,61.45912855813953,10.10482933014045,0.20475114206102257,41,64,,True,True,,367,59.56268577710819
144,2026-09-21T07:58:53.672+00:00,2026-09-21T08:02:26.567+00:00,2026-09-21T08:02:31.954+00:00,True,88,88.0,,88.0,212895.367395,218282.183395,218282.183526,2480.47935825,42.647441,212895.367395,22688.123997551167,77.555481,61.91742528735632,9.578585525334574,0.4031478823938488,41,64,,True,True,,351,59.56268577710819
145,2026-09-21T07:58:53.722+00:00,2026-09-21T08:02:27.915+00:00,2026-09-21T08:02:30.002+00:00,True,34,34.0,,34.0,214193.01059,216280.04674999998,216280.046713,6361.1778445,45.625821,214193.01059,36722.95331455205,77.77844415000001,63.24352,9.63223553179136,0.15720359095030575,41,64,,True,True,,68,59.56268577710819
146,2026-09-21T07:58:53.804+00:00,2026-09-21T08:02:29.494+00:00,2026-09-21T08:02:30.352+00:00,True,15,15.0,,15.0,215690.468476,216548.15730800002,216548.157477,14436.543831800001,49.467651,215690.468476,55675.22175131616,64760.9409426,61.263488,7.17636786138572,0.0692686568496875,41,64,,True,True,,59,59.56268577710819
147,2026-09-21T07:58:54.066+00:00,2026-09-21T08:02:32.409+00:00,2026-09-21T08:02:34.749+00:00,True,37,37.0,,37.0,218342.39488100001,220682.93145700003,220682.931424,5964.403552000001,43.745632,218342.39488100001,35884.58171066672,78.04333079999999,65.01490488888889,10.490411214756895,0.16766135811101202,41,64,,True,True,,108,59.56268577710819
148,2026-09-21T07:58:54.365+00:00,2026-09-21T08:02:33.994+00:00,2026-09-21T08:02:34.950+00:00,True,15,15.0,,15.0,219629.567336,220584.959336,220584.959229,14705.6639486,46.930201999999994,219629.567336,56690.49112867912,65944.6347922,68.24228571428571,9.679378210921891,0.06800100988368686,41,64,,True,True,,45,59.56268577710819
149,2026-09-21T07:58:54.738+00:00,2026-09-21T08:02:35.953+00:00,2026-09-21T08:02:39.485+00:00,True,57,57.0,,57.0,221215.77747600002,224747.77210000003,224747.77204,3942.9433691228073,45.000311,221215.77747600002,29292.39337425831,76.505843,63.07133257142858,10.5337364970846,0.2536176419788412,41,64,,True,True,,2,59.56268577710819
150,2026-09-21T07:58:55.066+00:00,2026-09-21T08:02:37.400+00:00,2026-09-21T08:02:37.587+00:00,True,4,4.0,,4.0,222333.392682,222520.928554,222520.928489,55630.23212225,57.398562,222333.392682,111135.4404939433,188993.82583499997,62.511957333333335,6.345768382422205,0.017975837266153167,41,64,,True,True,,26,59.56268577710819
151,2026-09-21T07:58:55.425+00:00,2026-09-21T08:02:39.127+00:00,2026-09-21T08:02:40.156+00:00,True,18,18.0,,18.0,223702.045357,224730.423981,224730.424042,12485.023557888888,42.996462,223702.045357,52712.8201683679,33621.646679599995,60.49286023529412,9.026386425343917,0.08009596422744178,41,64,,True,True,,36,59.56268577710819
152,2026-09-21T07:58:55.680+00:00,2026-09-21T08:02:40.498+00:00,2026-09-21T08:02:46.022+00:00,True,88,88.0,,88.0,224817.286028,230341.390476,230341.390561,2617.5158018295456,43.424171,224817.286028,23958.8366920675,77.953645,63.49545342528736,10.125650332981023,0.38204162881081943,41,64,,True,True,,264,59.56268577710819
153,2026-09-21T07:58:56.047+00:00,2026-09-21T08:02:42.243+00:00,2026-09-21T08:02:46.024+00:00,True,61,61.0,,61.0,226195.42426,229976.346884,229976.346772,3770.104045442623,42.023421,226195.42426,28953.289914212408,79.58543300000001,63.01537706666667,10.377885807231788,0.26524466896923266,41,64,,True,True,,152,59.56268577710819
154,2026-09-21T07:58:56.353+00:00,2026-09-21T08:02:43.987+00:00,2026-09-21T08:02:44.304+00:00,True,6,6.0,,6.0,227634.22107,227951.307534,227951.307662,37991.884610333334,48.897602,227634.22107,92905.3920607953,170744.54099799998,63.4172928,10.44502998084061,0.026321410764906766,41,64,,True,True,,15,59.56268577710819
155,2026-09-21T07:58:56.781+00:00,2026-09-21T08:02:46.355+00:00,2026-09-21T08:02:49.772+00:00,True,55,55.0,,55.0,229573.643798,232990.78607,232990.785967,4236.196108490909,42.956381,229573.643798,30947.172454135918,76.4975497,63.28041244444445,9.288749572069651,0.23606083711600398,41,64,,True,True,,62,59.56268577710819
156,2026-09-21T07:58:57.089+00:00,2026-09-21T08:02:47.644+00:00,2026-09-21T08:02:48.356+00:00,True,12,12.0,,12.0,230555.174241,231266.595681,231266.595766,19272.216313833334,50.981222,230555.174241,66536.87638473464,103791.67309210001,64.67467636363637,7.674094274913949,0.05188816813195246,41,64,,True,True,,37,59.56268577710819
157,2026-09-21T07:58:57.343+00:00,2026-09-21T08:02:48.956+00:00,2026-09-21T08:02:49.951+00:00,True,17,17.0,,17.0,231612.666871,232607.927287,232607.927486,13682.819263882353,42.008131,231612.666871,56159.23762808761,46386.7652726,62.203776,12.655842080910755,0.07308435356558073,41,64,,True,True,,61,59.56268577710819
158,2026-09-21T07:58:57.734+00:00,2026-09-21T08:02:51.138+00:00,2026-09-21T08:02:55.143+00:00,True,65,65.0,,65.0,233403.930206,237409.08323,237409.083377,3652.447436569231,46.721180999999994,233403.930206,28942.43375742311,76.5240922,62.580516,9.008999634601949,0.27378901900323893,41,64,,True,True,,125,59.56268577710819
159,2026-09-21T07:58:58.086+00:00,2026-09-21T08:02:53.240+00:00,2026-09-21T08:02:56.030+00:00,True,46,46.0,,46.0,235154.27230399998,237944.113968,237944.114133,5172.6981333260865,46.681682,235154.27230399998,34662.46610360539,79.68657275000001,61.99648142222222,8.750436678452907,0.1933227060459513,41,64,,True,True,,2,59.56268577710819
160,2026-09-21T07:58:58.335+00:00,2026-09-21T08:02:54.306+00:00,2026-09-21T08:02:59.130+00:00,True,78,78.0,,78.0,235970.68767500002,240794.62674700003,240794.62660400002,3087.11059748718,40.944332,235970.68767500002,26711.326907332044,75.76414335,62.648559376623375,8.770146360070468,0.32392749395506093,41,64,,True,True,,315,59.56268577710819
161,2026-09-21T07:58:58.652+00:00,2026-09-21T08:02:56.089+00:00,2026-09-21T08:03:01.222+00:00,True,82,82.0,,82.0,237436.860565,242569.79138100002,242569.791464,2958.168188585366,42.482232,237436.860565,26213.518404901824,77.32763299999999,63.369516246913584,9.037839805269671,0.3380470401246463,41,64,,True,True,,328,59.56268577710819
162,2026-09-21T07:58:58.966+00:00,2026-09-21T08:02:57.783+00:00,2026-09-21T08:02:59.377+00:00,True,26,26.0,,26.0,238817.385222,240411.520518,240411.52050800002,9246.596942615384,48.968021,238817.385222,46823.43791875002,75.92748549999999,63.765411840000006,8.560591227573983,0.10814789550841569,41,64,,True,True,,35,59.56268577710819
163,2026-09-21T07:58:59.236+00:00,2026-09-21T08:02:59.275+00:00,2026-09-21T08:03:00.539+00:00,True,22,22.0,,22.0,240039.141176,241302.73336800002,241302.733379,10968.306062681819,46.467801,240039.141176,51163.68904038883,76.14891844999998,60.17105676190476,8.677352269448427,0.09117178116026055,41,64,,True,True,,110,59.56268577710819
164,2026-09-21T07:58:59.631+00:00,2026-09-21T08:03:01.177+00:00,2026-09-21T08:03:07.106+00:00,True,94,94.0,,94.0,241546.293321,247475.312713,247475.312519,2632.7160906276595,44.676771,241546.293321,24907.024268817353,78.58436965,63.752896688172044,10.008303761897867,0.37983586713965645,41,64,,True,True,,385,59.56268577710819
165,2026-09-21T07:59:00.006+00:00,2026-09-21T08:03:03.212+00:00,2026-09-21T08:03:09.606+00:00,True,100,100.0,,100.0,243205.79507300002,249599.698689,249599.69873700003,2495.99698737,42.490331,243205.79507300002,24314.122767401794,79.32730504999999,64.58488501010102,9.268307782827318,0.4006415092856322,41,64,,True,True,,400,59.56268577710819
166,2026-09-21T07:59:00.255+00:00,2026-09-21T08:03:04.386+00:00,2026-09-21T08:03:10.384+00:00,True,94,94.0,,94.0,244130.943209,250129.420777,250129.42075,2660.951284574468,43.527902000000005,244130.943209,25173.53327329815,79.047212,64.49975879569892,9.426455086430629,0.3758054518656749,41,64,,True,True,,376,59.56268577710819
167,2026-09-21T07:59:00.625+00:00,2026-09-21T08:03:06.388+00:00,2026-09-21T08:03:07.178+00:00,True,13,13.0,,13.0,245763.55703999999,246553.107632,246553.107638,18965.62366446154,47.926872,245763.55703999999,68144.29889782002,98352.43666919999,65.79588266666667,10.453065112786962,0.052726976856456935,41,64,,True,True,,40,59.56268577710819
168,2026-09-21T07:59:00.911+00:00,2026-09-21T08:03:08.015+00:00,2026-09-21T08:03:12.367+00:00,True,70,70.0,,70.0,247104.539859,251456.497619,251456.49753300002,3592.235679042857,43.476611,247104.539859,29527.10464025015,76.62304895000001,63.0718515942029,9.83638757724577,0.27837817142455423,41,64,,True,True,,280,59.56268577710819
170,2026-09-21T07:59:01.466+00:00,2026-09-21T08:03:09.783+00:00,2026-09-21T08:03:11.288+00:00,True,25,25.0,,25.0,248316.22277300002,249821.102645,249821.102695,9992.844107800001,48.198491000000004,248316.22277300002,49650.704838509846,78.642763,62.703328,9.921182701289284,0.1000716101854911,41,64,,True,True,,150,59.56268577710819
171,2026-09-21T07:59:01.720+00:00,2026-09-21T08:03:11.220+00:00,2026-09-21T08:03:15.598+00:00,True,69,69.0,,69.0,249500.039466,253878.368554,253878.36867899998,3679.396647521739,43.545821000000004,249500.039466,30028.5254480779,79.7957626,64.38719247058823,10.056977495861059,0.2717836907216602,41,64,,True,True,,345,59.56268577710819
172,2026-09-21T07:59:02.008+00:00,2026-09-21T08:03:12.501+00:00,2026-09-21T08:03:13.380+00:00,True,15,15.0,,15.0,250492.527572,251371.408852,251371.408863,16758.0939242,43.959872000000004,250492.527572,64660.68437937165,75203.3477937,62.777234285714286,11.087627354620489,0.05967265755681687,41,64,,True,True,,30,59.56268577710819
169,2026-09-21T07:59:01.169+00:00,2026-09-21T08:03:14.632+00:00,2026-09-21T08:03:19.283+00:00,True,76,76.0,,76.0,253463.168644,258113.83513999998,258113.83514699998,3396.234672986842,41.869841,253463.168644,29067.108199824328,77.02847325,62.00888661333334,9.96433825311863,0.2944437285152804,41,64,,True,True,,836,59.56268577710819
173,2026-09-21T07:59:02.440+00:00,2026-09-21T08:03:15.840+00:00,2026-09-21T08:03:21.485+00:00,True,91,91.0,,91.0,253400.40802399997,259044.75311199998,259044.75307199996,2846.645638153846,39.804392,253400.40802399997,26557.00848931183,79.3010285,62.71494542222222,11.034186607986609,0.3512906511588577,41,64,,True,True,,1001,59.56268577710819
174,2026-09-21T07:59:02.771+00:00,2026-09-21T08:03:17.608+00:00,2026-09-21T08:03:17.608+00:00,True,1,1.0,,1.0,254837.146651,254837.146651,254837.146651,254837.146651,254837.146651,254837.146651,nan,254837.146651,nan,nan,0.003924074700810797,41,64,,True,True,,1,59.56268577710819
175,2026-09-21T07:59:03.111+00:00,2026-09-21T08:03:19.608+00:00,2026-09-21T08:03:24.474+00:00,True,77,77.0,,77.0,256496.643386,261362.80684200002,261362.806707,3394.3221650259743,44.948702,256496.643386,29223.210580039795,79.34405100000001,64.02846652631578,10.77570143779968,0.2946096306906756,41,64,,True,True,,385,59.56268577710819
176,2026-09-21T07:59:03.402+00:00,2026-09-21T08:03:21.173+00:00,2026-09-21T08:03:22.373+00:00,True,20,20.0,,20.0,257771.269202,258971.382354,258971.382243,12948.56911215,49.261482,257771.269202,57625.284723157594,12959.127799499998,63.16385010526316,8.028932846056012,0.07722861042870394,41,64,,True,True,,97,59.56268577710819
177,2026-09-21T07:59:03.648+00:00,2026-09-21T08:03:22.373+00:00,2026-09-21T08:03:22.649+00:00,True,5,5.0,,5.0,258725.395047,259001.380967,259001.381127,51800.2762254,54.210682,258725.395047,115674.65836313697,206995.98935820002,68.99648,10.809768793977172,0.01930491637277047,41,64,,True,True,,17,59.56268577710819
178,2026-09-21T07:59:04.073+00:00,2026-09-21T08:03:24.301+00:00,2026-09-21T08:03:30.401+00:00,True,98,98.0,,98.0,260227.772551,266328.190087,266328.190135,2717.634593214286,41.724822,260227.772551,26280.623395599203,77.057882,62.89090243298969,9.433415843756748,0.3679670558643711,41,64,,True,True,,294,59.56268577710819
179,2026-09-21T07:59:04.366+00:00,2026-09-21T08:03:25.867+00:00,2026-09-21T08:03:31.182+00:00,True,85,85.0,,85.0,261501.23283599998,266816.014532,266816.01434,3139.0119334117644,42.667021,261501.23283599998,28356.92984082021,75.4181926,63.27121066666666,9.239390153067653,0.31857158255321183,41,64,,True,True,,339,59.56268577710819
180,2026-09-21T07:59:04.683+00:00,2026-09-21T08:03:27.724+00:00,2026-09-21T08:03:28.159+00:00,True,7,7.0,,7.0,263041.058588,263475.08406,263475.084083,37639.29772614286,63.928503,263041.058588,99392.83420280491,184152.22678850003,72.33757866666667,5.982718266312686,0.02656797710103746,41,64,,True,True,,16,59.56268577710819
181,2026-09-21T07:59:05.640+00:00,2026-09-21T08:03:27.945+00:00,2026-09-21T08:03:33.117+00:00,True,83,83.0,,83.0,262305.271647,267477.063263,267477.063338,3222.6152209397587,43.377631,262305.271647,28784.82273299238,78.0016668,63.07062946341463,9.65753247510096,0.31030698104528415,41,64,,True,True,,83,59.56268577710819
183,2026-09-21T07:59:05.727+00:00,2026-09-21T08:03:32.873+00:00,2026-09-21T08:03:35.998+00:00,True,50,50.0,,50.0,267146.742924,270270.897804,270270.897669,5405.417953380001,46.713651,267146.742924,37771.23913380033,77.633484,63.75826285714286,9.678556395099426,0.18499957045415935,41,64,,True,True,,200,59.56268577710819
182,2026-09-21T07:59:05.691+00:00,2026-09-21T08:03:33.676+00:00,2026-09-21T08:03:35.503+00:00,True,30,30.0,,30.0,267984.663534,269811.84843,269811.848502,8993.7282834,48.077301,267984.663534,48915.579200627435,78.08189005,63.00637572413793,8.877729224581568,0.1111885937351013,41,64,,True,True,,106,59.56268577710819
184,2026-09-21T07:59:05.931+00:00,2026-09-21T08:03:34.360+00:00,2026-09-21T08:03:40.296+00:00,True,94,94.0,,94.0,268429.235913,274365.04237700003,274365.04234700004,2918.777046244681,43.432941,268429.235913,27679.78014511076,76.916675,63.82587595698924,9.39645583229589,0.342609244915525,41,64,,True,True,,280,59.56268577710819
185,2026-09-21T07:59:06.354+00:00,2026-09-21T08:03:36.715+00:00,2026-09-21T08:03:39.853+00:00,True,50,50.0,,50.0,270360.906548,273498.612788,273498.612664,5469.97225328,42.767120999999996,270360.906548,38225.75152851107,80.74715454999999,64.03482122448979,10.23345827677422,0.18281628374750497,41,64,,True,True,,100,59.56268577710819
186,2026-09-21T07:59:06.806+00:00,2026-09-21T08:03:38.877+00:00,2026-09-21T08:03:39.995+00:00,True,18,18.0,,18.0,272071.398277,273189.226629,273189.22668,15177.17926,49.800461000000006,272071.398277,64112.3454983715,40875.5683804,65.75460894117647,7.796647060417642,0.06588839619376571,41,64,,True,True,,18,59.56268577710819
187,2026-09-21T07:59:07.138+00:00,2026-09-21T08:03:40.711+00:00,2026-09-21T08:03:43.618+00:00,True,46,46.0,,46.0,273572.804741,276479.723141,276479.723292,6010.428767217391,43.165248,273572.804741,40326.58598858439,77.034607,64.59818666666666,9.038012467968787,0.1663774814203672,41,64,,True,True,,91,59.56268577710819
188,2026-09-21T07:59:07.461+00:00,2026-09-21T08:03:42.307+00:00,2026-09-21T08:03:44.100+00:00,True,29,29.0,,29.0,274846.30845,276638.959202,276638.958989,9539.274447896552,43.310571,274846.30845,51025.79045658964,79.88894999999998,64.02324114285715,10.682380141178545,0.10482977554446474,41,64,,True,True,,82,59.56268577710819
189,2026-09-21T07:59:07.885+00:00,2026-09-21T08:03:44.780+00:00,2026-09-21T08:03:48.135+00:00,True,55,55.0,,55.0,276894.957598,280249.914142,280249.914069,5095.452983072728,41.043781,276894.957598,37328.13228317162,78.8773823,62.128824888888886,9.813797552665891,0.1962534053520959,41,64,,True,True,,600,59.56268577710819
190,2026-09-21T07:59:08.277+00:00,2026-09-21T08:03:46.556+00:00,2026-09-21T08:03:52.673+00:00,True,98,98.0,,98.0,278279.201205,284396.336565,284396.336654,2902.003435244898,44.601062,278279.201205,28104.075446038772,78.85726865000001,63.06325113402062,9.159347421576172,0.34458953017350724,41,64,,True,True,,538,59.56268577710819
191,2026-09-21T07:59:08.593+00:00,2026-09-21T08:03:48.215+00:00,2026-09-21T08:03:51.038+00:00,True,45,45.0,,45.0,279622.206697,282444.95536900003,282444.955496,6276.554566577778,43.234901,279622.206697,41674.055315485246,79.00798600000002,64.1533789090909,10.355907615779808,0.1593230792216125,41,64,,True,True,,155,59.56268577710819
192,2026-09-21T07:59:08.969+00:00,2026-09-21T08:03:50.193+00:00,2026-09-21T08:03:55.450+00:00,True,83,83.0,,83.0,281224.59807,286481.37221400003,286481.37205,3451.5827957831325,44.714841,281224.59807,30861.374900475155,79.2489491,64.10700175609756,10.183966866704784,0.2897221531667317,41,64,,True,True,,567,59.56268577710819
193,2026-09-21T07:59:09.404+00:00,2026-09-21T08:03:52.614+00:00,2026-09-21T08:03:56.463+00:00,True,61,61.0,,61.0,283210.041045,287058.568917,287058.569085,4705.878181721312,45.094831,283210.041045,36253.118710153896,77.936822,64.14213120000001,9.591980066881504,0.21250018848117896,41,64,,True,True,,371,59.56268577710819
194,2026-09-21T07:59:09.766+00:00,2026-09-21T08:03:54.153+00:00,2026-09-21T08:03:57.562+00:00,True,56,56.0,,56.0,284387.2236,287795.970608,287795.97055,5139.213759821429,42.908631,284387.2236,37994.560327319996,75.0553445,61.97721832727273,9.225510760130774,0.1945822934271594,41,64,,True,True,,227,59.56268577710819
196,2026-09-21T07:59:10.491+00:00,2026-09-21T08:03:55.954+00:00,2026-09-21T08:03:57.739+00:00,True,30,30.0,,30.0,285462.978132,287247.72872400004,287247.728819,9574.924293966667,45.398461000000005,285462.978132,52106.935436913795,77.10840900000001,61.54312386206897,9.319874306999546,0.1044394680969794,41,64,,True,True,,165,59.56268577710819
197,2026-09-21T07:59:10.780+00:00,2026-09-21T08:03:57.334+00:00,2026-09-21T08:04:03.618+00:00,True,99,99.0,,99.0,286554.07876099995,292837.85988099995,292837.86003299995,2957.958182151515,43.386841,286554.07876099995,28793.32550302988,76.832986,64.12021551020409,8.697335747491957,0.33807104054178816,41,64,,True,True,,421,59.56268577710819
198,2026-09-21T07:59:11.047+00:00,2026-09-21T08:03:59.156+00:00,2026-09-21T08:03:59.595+00:00,True,8,8.0,,8.0,288108.52013099997,288548.21062699996,288548.21066999994,36068.52633374999,47.740801,288108.52013099997,101839.53684798189,187296.88157434997,62.812928,10.022110966492173,0.027725002981707717,41,64,,True,True,,32,59.56268577710819
195,2026-09-21T07:59:10.063+00:00,2026-09-21T08:03:59.868+00:00,2026-09-21T08:03:59.990+00:00,True,3,3.0,,3.0,289804.29737800005,289926.20278600004,289926.20285100007,96642.06761700002,50.637701,289804.29737800005,167283.39834269564,260830.9944174,60.952704,14.587805228922958,0.01034746073715302,41,64,,True,True,,21,59.56268577710819
199,2026-09-21T07:59:11.480+00:00,2026-09-21T08:04:03.046+00:00,2026-09-21T08:04:09.218+00:00,True,100,100.0,,100.0,291565.975048,297738.920712,297738.920547,2977.38920547,43.019131,291565.975048,29150.363564586456,76.3752175,62.3529865050505,8.94407171725127,0.33586472255916133,41,64,,True,True,,400,59.56268577710819
200,2026-09-21T07:59:11.744+00:00,2026-09-21T08:04:04.536+00:00,2026-09-21T08:04:09.710+00:00,True,84,84.0,,84.0,292792.13858200004,297966.14971800003,297966.14965000004,3547.216067261905,45.346451,292792.13858200004,31939.441058883236,77.80285315,62.337483566265064,9.012922145306748,0.2819112173631097,41,64,,True,True,,336,59.56268577710819
201,2026-09-21T07:59:12.064+00:00,2026-09-21T08:04:06.308+00:00,2026-09-21T08:04:07.377+00:00,True,18,18.0,,18.0,294244.55625,295313.367258,295313.367403,16406.298189055557,42.227821000000006,294244.55625,69339.28870456664,44203.3729772,62.87123576470588,9.258584222343336,0.06095220195120504,41,64,,True,True,,108,59.56268577710819
202,2026-09-21T07:59:12.346+00:00,2026-09-21T08:04:07.770+00:00,2026-09-21T08:04:11.403+00:00,True,58,58.0,,58.0,295424.86600599997,299057.06286999997,299057.06275199994,5156.156254344827,42.203261,295424.86600599997,38782.819449464565,78.61386200000001,63.722752,10.22069487320477,0.19394291993435575,41,64,,True,True,,58,59.56268577710819
203,2026-09-21T07:59:12.705+00:00,2026-09-21T08:04:09.769+00:00,2026-09-21T08:04:10.488+00:00,True,12,12.0,,12.0,297063.533906,297783.02241800004,297783.02256,24815.251880000003,46.693191,297063.533906,85735.97455109694,133720.75636630002,65.40804654545455,10.619908515864083,0.04029779771378477,41,64,,True,True,,12,59.56268577710819
204,2026-09-21T07:59:13.122+00:00,2026-09-21T08:04:12.056+00:00,2026-09-21T08:04:13.149+00:00,False,20,19.0,,19.0,298933.757517,300026.572109,300026.57226000004,15001.328613000001,0.03842,298933.757517,66830.76119627092,15020.6059898,57.516557473684216,16.938290006191046,0.06332772416270276,41,64,,True,False,Request timeout: 300.0s exceeded,228,59.56268577710819
205,2026-09-21T07:59:13.412+00:00,2026-09-21T08:04:13.451+00:00,2026-09-21T08:04:13.451+00:00,False,1,0.0,,0.0,300038.722931,300038.722931,300038.722931,300038.722931,300038.722931,300038.722931,nan,300038.722931,nan,nan,0.0,41,64,,True,False,"HTTPConnectionPool(host='gpu06', port=9004): Read timed out.",0,59.56268577710819
206,2026-09-21T07:59:13.794+00:00,2026-09-21T08:04:13.899+00:00,2026-09-21T08:04:13.899+00:00,False,1,0.0,,0.0,300104.62041699997,300104.62041699997,300104.62041699997,300104.62041699997,300104.62041699997,300104.62041699997,nan,300104.62041699997,nan,nan,0.0,41,64,,True,False,"HTTPConnectionPool(host='gpu06', port=9004): Read timed out.",0,59.56268577710819
207,2026-09-21T07:59:14.112+00:00,2026-09-21T08:04:14.170+00:00,2026-09-21T08:04:14.170+00:00,False,1,0.0,,0.0,300058.112685,300058.112685,300058.112685,300058.112685,300058.112685,300058.112685,nan,300058.112685,nan,nan,0.0,41,64,,True,False,"HTTPConnectionPool(host='gpu06', port=9004): Read timed out.",0,59.56268577710819
208,2026-09-21T07:59:14.487+00:00,2026-09-21T08:04:14.599+00:00,2026-09-21T08:04:14.599+00:00,False,1,0.0,,0.0,300112.144241,300112.144241,300112.144241,300112.144241,300112.144241,300112.144241,nan,300112.144241,nan,nan,0.0,41,64,,True,False,"HTTPConnectionPool(host='gpu06', port=9004): Read timed out.",0,59.56268577710819
209,2026-09-21T07:59:14.838+00:00,2026-09-21T08:04:14.949+00:00,2026-09-21T08:04:14.949+00:00,False,1,0.0,,0.0,300111.091957,300111.091957,300111.091957,300111.091957,300111.091957,300111.091957,nan,300111.091957,nan,nan,0.0,41,64,,True,False,"HTTPConnectionPool(host='gpu06', port=9004): Read timed out.",0,59.56268577710819
210,2026-09-21T07:59:15.176+00:00,2026-09-21T08:04:15.181+00:00,2026-09-21T08:04:15.181+00:00,False,1,0.0,,0.0,300005.624652,300005.624652,300005.624652,300005.624652,300005.624652,300005.624652,nan,300005.624652,nan,nan,0.0,41,64,,True,False,TTFT timeout: 300.0s exceeded (TTFT: 300.001s),0,59.56268577710819
211,2026-09-21T07:59:15.457+00:00,2026-09-21T08:04:15.488+00:00,2026-09-21T08:04:15.488+00:00,False,1,0.0,,0.0,300030.739473,300030.739473,300030.739473,300030.739473,300030.739473,300030.739473,nan,300030.739473,nan,nan,0.0,41,64,,True,False,TTFT timeout: 300.0s exceeded (TTFT: 300.024s),0,59.56268577710819
212,2026-09-21T07:59:15.907+00:00,2026-09-21T08:04:15.857+00:00,2026-09-21T08:04:15.972+00:00,False,4,3.0,,3.0,299949.36628200003,300064.42241000006,300064.42233400006,75016.10558350002,0.05045,299949.36628200003,149955.50959285497,254965.97353785005,38.35204266666666,33.270242055315514,0.009997853047372872,41,64,,True,False,Request timeout: 300.0s exceeded,10,59.56268577710819
213,2026-09-21T07:59:16.257+00:00,2026-09-21T08:04:16.361+00:00,2026-09-21T08:04:16.361+00:00,False,1,0.0,,0.0,300103.867131,300103.867131,300103.867131,300103.867131,300103.867131,300103.867131,nan,300103.867131,nan,nan,0.0,41,64,,True,False,"HTTPConnectionPool(host='gpu06', port=9004): Read timed out.",0,59.56268577710819
214,2026-09-21T07:59:16.697+00:00,2026-09-21T08:04:16.797+00:00,2026-09-21T08:04:16.797+00:00,False,1,0.0,,0.0,300099.565052,300099.565052,300099.565052,300099.565052,300099.565052,300099.565052,nan,300099.565052,nan,nan,0.0,41,64,,True,False,"HTTPConnectionPool(host='gpu06', port=9004): Read timed out.",0,59.56268577710819
215,2026-09-21T07:59:17.032+00:00,2026-09-21T08:04:17.128+00:00,2026-09-21T08:04:17.128+00:00,False,1,0.0,,0.0,300096.206639,300096.206639,300096.206639,300096.206639,300096.206639,300096.206639,nan,300096.206639,nan,nan,0.0,41,64,,True,False,"HTTPConnectionPool(host='gpu06', port=9004): Read timed out.",0,59.56268577710819
216,2026-09-21T07:59:17.429+00:00,2026-09-21T08:04:17.535+00:00,2026-09-21T08:04:17.535+00:00,False,1,0.0,,0.0,300106.168053,300106.168053,300106.168053,300106.168053,300106.168053,300106.168053,nan,300106.168053,nan,nan,0.0,41,64,,True,False,"HTTPConnectionPool(host='gpu06', port=9004): Read timed out.",0,59.56268577710819
217,2026-09-21T07:59:17.807+00:00,2026-09-21T08:04:17.805+00:00,2026-09-21T08:04:17.918+00:00,False,3,2.0,,2.0,299998.21660600003,300111.22985400003,300111.22971800005,100037.07657266667,0.027350000000000003,299998.21660600003,173171.43624880366,270009.69352160004,56.506624,79.8736958868165,0.006664195808244071,41,64,,True,False,Request timeout: 300.0s exceeded,14,59.56268577710819
218,2026-09-21T07:59:18.141+00:00,2026-09-21T08:04:18.252+00:00,2026-09-21T08:04:18.252+00:00,False,1,0.0,,0.0,300111.514175,300111.514175,300111.514175,300111.514175,300111.514175,300111.514175,nan,300111.514175,nan,nan,0.0,41,64,,True,False,"HTTPConnectionPool(host='gpu06', port=9004): Read timed out.",0,59.56268577710819
219,2026-09-21T07:59:19.397+00:00,2026-09-21T08:04:18.998+00:00,2026-09-21T08:04:19.739+00:00,False,13,12.0,,12.0,299601.243971,300341.812547,300341.81250600005,23103.216346615387,0.02309,299601.243971,83077.32299713256,119910.0529316,61.714048,30.054861037616057,0.0399544768616662,41,64,,True,False,Request timeout: 300.0s exceeded,12,59.56268577710819
220,2026-09-21T07:59:19.509+00:00,2026-09-21T08:04:19.637+00:00,2026-09-21T08:04:19.902+00:00,False,7,6.0,,6.0,300127.870464,300392.90239999996,300392.90236999997,42913.271767142855,0.049409999999999996,300127.870464,113420.97912170223,210111.4283934,44.171989333333336,24.28839854557999,0.019973840766751752,41,64,,True,False,Request timeout: 300.0s exceeded,8,59.56268577710819
222,2026-09-21T07:59:20.022+00:00,2026-09-21T08:04:20.401+00:00,2026-09-21T08:04:20.401+00:00,False,1,0.0,,0.0,300379.437865,300379.437865,300379.437865,300379.437865,300379.437865,300379.437865,nan,300379.437865,nan,nan,0.0,41,64,,True,False,"HTTPConnectionPool(host='gpu06', port=9004): Read timed out.",0,59.56268577710819
221,2026-09-21T07:59:19.820+00:00,2026-09-21T08:04:20.409+00:00,2026-09-21T08:04:20.409+00:00,False,1,0.0,,0.0,300589.615093,300589.615093,300589.615093,300589.615093,300589.615093,300589.615093,nan,300589.615093,nan,nan,0.0,41,64,,True,False,"HTTPConnectionPool(host='gpu06', port=9004): Read timed out.",0,59.56268577710819
223,2026-09-21T07:59:20.068+00:00,2026-09-21T08:04:20.967+00:00,2026-09-21T08:04:21.361+00:00,False,6,5.0,,5.0,300899.018773,301293.757717,301293.757751,50215.62629183333,0.03742,300899.018773,122809.2934270584,225718.51317075,78.9477888,64.8869052329518,0.016595099871589157,41,64,,True,False,Request timeout: 300.0s exceeded,22,59.56268577710819
224,2026-09-21T07:59:20.117+00:00,2026-09-21T08:04:21.039+00:00,2026-09-21T08:04:21.357+00:00,False,5,4.0,,4.0,300922.31346,301240.22578,301240.22587699996,60248.045175399995,0.02678,300922.31346,134541.0215570664,240772.55686479996,79.47808,74.51740529523083,0.013278439124930336,41,64,,True,False,Request timeout: 300.0s exceeded,8,59.56268577710819
228,2026-09-21T07:59:21.336+00:00,2026-09-21T08:04:21.526+00:00,2026-09-21T08:04:21.526+00:00,False,1,0.0,,0.0,300189.758532,300189.758532,300189.758532,300189.758532,300189.758532,300189.758532,nan,300189.758532,nan,nan,0.0,41,64,,True,False,"HTTPConnectionPool(host='gpu06', port=9004): Read timed out.",0,59.56268577710819
225,2026-09-21T07:59:20.329+00:00,2026-09-21T08:04:21.551+00:00,2026-09-21T08:04:21.551+00:00,False,1,0.0,,0.0,301222.084142,301222.084142,301222.084142,301222.084142,301222.084142,301222.084142,nan,301222.084142,nan,nan,0.0,41,64,,True,False,"HTTPConnectionPool(host='gpu06', port=9004): Read timed out.",0,59.56268577710819
229,2026-09-21T07:59:21.595+00:00,2026-09-21T08:04:21.896+00:00,2026-09-21T08:04:21.896+00:00,False,1,0.0,,0.0,300301.057708,300301.057708,300301.057708,300301.057708,300301.057708,300301.057708,nan,300301.057708,nan,nan,0.0,41,64,,True,False,"HTTPConnectionPool(host='gpu06', port=9004): Read timed out.",0,59.56268577710819
226,2026-09-21T07:59:20.634+00:00,2026-09-21T08:04:21.898+00:00,2026-09-21T08:04:21.898+00:00,False,1,0.0,,0.0,301263.900172,301263.900172,301263.900172,301263.900172,301263.900172,301263.900172,nan,301263.900172,nan,nan,0.0,41,64,,True,False,"HTTPConnectionPool(host='gpu06', port=9004): Read timed out.",0,59.56268577710819
234,2026-09-21T07:59:23.114+00:00,2026-09-21T08:04:23.274+00:00,2026-09-21T08:04:23.274+00:00,False,1,0.0,,0.0,300160.243253,300160.243253,300160.243253,300160.243253,300160.243253,300160.243253,nan,300160.243253,nan,nan,0.0,41,64,,True,False,"HTTPConnectionPool(host='gpu06', port=9004): Read timed out.",0,59.56268577710819
232,2026-09-21T07:59:22.533+00:00,2026-09-21T08:04:23.299+00:00,2026-09-21T08:04:23.299+00:00,False,1,0.0,,0.0,300766.387965,300766.387965,300766.387965,300766.387965,300766.387965,300766.387965,nan,300766.387965,nan,nan,0.0,41,64,,True,False,"HTTPConnectionPool(host='gpu06', port=9004): Read timed out.",0,59.56268577710819
233,2026-09-21T07:59:22.863+00:00,2026-09-21T08:04:23.303+00:00,2026-09-21T08:04:23.303+00:00,False,1,0.0,,0.0,300440.21433600003,300440.21433600003,300440.21433600003,300440.21433600003,300440.21433600003,300440.21433600003,nan,300440.21433600003,nan,nan,0.0,41,64,,True,False,"HTTPConnectionPool(host='gpu06', port=9004): Read timed out.",0,59.56268577710819
227,2026-09-21T07:59:21.036+00:00,2026-09-21T08:04:23.311+00:00,2026-09-21T08:04:23.311+00:00,False,1,0.0,,0.0,302275.32205699995,302275.32205699995,302275.32205699995,302275.32205699995,302275.32205699995,302275.32205699995,nan,302275.32205699995,nan,nan,0.0,41,64,,True,False,"HTTPConnectionPool(host='gpu06', port=9004): Read timed out.",0,59.56268577710819
230,2026-09-21T07:59:21.864+00:00,2026-09-21T08:04:23.313+00:00,2026-09-21T08:04:23.313+00:00,False,1,0.0,,0.0,301448.237914,301448.237914,301448.237914,301448.237914,301448.237914,301448.237914,nan,301448.237914,nan,nan,0.0,41,64,,True,False,"HTTPConnectionPool(host='gpu06', port=9004): Read timed out.",0,59.56268577710819
231,2026-09-21T07:59:22.282+00:00,2026-09-21T08:04:23.321+00:00,2026-09-21T08:04:23.321+00:00,False,1,0.0,,0.0,301039.507387,301039.507387,301039.507387,301039.507387,301039.507387,301039.507387,nan,301039.507387,nan,nan,0.0,41,64,,True,False,"HTTPConnectionPool(host='gpu06', port=9004): Read timed out.",0,59.56268577710819
235,2026-09-21T07:59:23.396+00:00,2026-09-21T08:04:23.409+00:00,2026-09-21T08:04:23.409+00:00,False,1,0.0,,0.0,300013.36635100003,300013.36635100003,300013.36635100003,300013.36635100003,300013.36635100003,300013.36635100003,nan,300013.36635100003,nan,nan,0.0,41,64,,True,False,"HTTPConnectionPool(host='gpu06', port=9004): Read timed out.",0,59.56268577710819
236,2026-09-21T07:59:23.644+00:00,2026-09-21T08:04:23.654+00:00,2026-09-21T08:04:23.654+00:00,False,1,0.0,,0.0,300009.87799400004,300009.87799400004,300009.87799400004,300009.87799400004,300009.87799400004,300009.87799400004,nan,300009.87799400004,nan,nan,0.0,41,64,,True,False,"HTTPConnectionPool(host='gpu06', port=9004): Read timed out.",0,59.56268577710819
237,2026-09-21T07:59:24.042+00:00,2026-09-21T08:04:24.073+00:00,2026-09-21T08:04:24.073+00:00,False,1,0.0,,0.0,300031.44786799996,300031.44786799996,300031.44786799996,300031.44786799996,300031.44786799996,300031.44786799996,nan,300031.44786799996,nan,nan,0.0,41,64,,True,False,"HTTPConnectionPool(host='gpu06', port=9004): Read timed out.",0,59.56268577710819
238,2026-09-21T07:59:24.353+00:00,2026-09-21T08:04:24.462+00:00,2026-09-21T08:04:24.462+00:00,False,1,0.0,,0.0,300108.954509,300108.954509,300108.954509,300108.954509,300108.954509,300108.954509,nan,300108.954509,nan,nan,0.0,41,64,,True,False,"HTTPConnectionPool(host='gpu06', port=9004): Read timed out.",0,59.56268577710819
239,2026-09-21T07:59:24.657+00:00,2026-09-21T08:04:24.668+00:00,2026-09-21T08:04:24.668+00:00,False,1,0.0,,0.0,300011.279866,300011.279866,300011.279866,300011.279866,300011.279866,300011.279866,nan,300011.279866,nan,nan,0.0,41,64,,True,False,"HTTPConnectionPool(host='gpu06', port=9004): Read timed out.",0,59.56268577710819
240,2026-09-21T07:59:24.945+00:00,2026-09-21T08:04:25.032+00:00,2026-09-21T08:04:25.032+00:00,False,1,0.0,,0.0,300086.915869,300086.915869,300086.915869,300086.915869,300086.915869,300086.915869,nan,300086.915869,nan,nan,0.0,41,64,,True,False,"HTTPConnectionPool(host='gpu06', port=9004): Read timed out.",0,59.56268577710819
241,2026-09-21T07:59:25.363+00:00,2026-09-21T08:04:25.326+00:00,2026-09-21T08:04:25.531+00:00,False,3,2.0,,2.0,299962.69774800004,300168.11522000004,300168.115142,100056.03838066668,0.04696,299962.69774800004,173124.27583671658,269986.96501660004,102.708736,145.18547230975574,0.006662932865251709,41,64,,True,False,Request timeout: 300.0s exceeded,10,59.56268577710819
242,2026-09-21T07:59:25.753+00:00,2026-09-21T08:04:25.716+00:00,2026-09-21T08:04:25.788+00:00,False,3,2.0,,2.0,299963.483392,300034.706176,300034.706194,100011.56873133335,0.02884,299963.483392,173163.44128732412,269974.254449,35.611392,50.32120317145241,0.006665895507524395,41,64,,True,False,Request timeout: 300.0s exceeded,9,59.56268577710819
243,2026-09-21T07:59:26.030+00:00,2026-09-21T08:04:26.147+00:00,2026-09-21T08:04:26.147+00:00,False,1,0.0,,0.0,300117.571397,300117.571397,300117.571397,300117.571397,300117.571397,300117.571397,nan,300117.571397,nan,nan,0.0,41,64,,True,False,"HTTPConnectionPool(host='gpu06', port=9004): Read timed out.",0,59.56268577710819
244,2026-09-21T07:59:26.437+00:00,2026-09-21T08:04:26.541+00:00,2026-09-21T08:04:26.541+00:00,False,1,0.0,,0.0,300103.655979,300103.655979,300103.655979,300103.655979,300103.655979,300103.655979,nan,300103.655979,nan,nan,0.0,41,64,,True,False,"HTTPConnectionPool(host='gpu06', port=9004): Read timed out.",0,59.56268577710819
245,2026-09-21T07:59:26.756+00:00,2026-09-21T08:04:26.859+00:00,2026-09-21T08:04:26.859+00:00,False,1,0.0,,0.0,300103.584888,300103.584888,300103.584888,300103.584888,300103.584888,300103.584888,nan,300103.584888,nan,nan,0.0,41,64,,True,False,"HTTPConnectionPool(host='gpu06', port=9004): Read timed out.",0,59.56268577710819
246,2026-09-21T07:59:27.131+00:00,2026-09-21T08:04:27.237+00:00,2026-09-21T08:04:27.237+00:00,False,1,0.0,,0.0,300105.701873,300105.701873,300105.701873,300105.701873,300105.701873,300105.701873,nan,300105.701873,nan,nan,0.0,41,64,,True,False,"HTTPConnectionPool(host='gpu06', port=9004): Read timed out.",0,59.56268577710819
247,2026-09-21T07:59:27.437+00:00,2026-09-21T08:04:27.517+00:00,2026-09-21T08:04:27.517+00:00,False,1,0.0,,0.0,300080.037902,300080.037902,300080.037902,300080.037902,300080.037902,300080.037902,nan,300080.037902,nan,nan,0.0,41,64,,True,False,TTFT timeout: 300.0s exceeded (TTFT: 300.076s),0,59.56268577710819
248,2026-09-21T07:59:27.839+00:00,2026-09-21T08:04:27.904+00:00,2026-09-21T08:04:27.904+00:00,False,1,0.0,,0.0,300065.606874,300065.606874,300065.606874,300065.606874,300065.606874,300065.606874,nan,300065.606874,nan,nan,0.0,41,64,,True,False,TTFT timeout: 300.0s exceeded (TTFT: 300.058s),0,59.56268577710819
249,2026-09-21T07:59:28.102+00:00,2026-09-21T08:04:28.191+00:00,2026-09-21T08:04:28.191+00:00,False,1,0.0,,0.0,300089.03001700004,300089.03001700004,300089.03001700004,300089.03001700004,300089.03001700004,300089.03001700004,nan,300089.03001700004,nan,nan,0.0,41,64,,True,False,"HTTPConnectionPool(host='gpu06', port=9004): Read timed out.",0,59.56268577710819
250,2026-09-21T07:59:28.481+00:00,2026-09-21T08:04:28.548+00:00,2026-09-21T08:04:28.548+00:00,False,1,0.0,,0.0,300067.563552,300067.563552,300067.563552,300067.563552,300067.563552,300067.563552,nan,300067.563552,nan,nan,0.0,41,64,,True,False,"HTTPConnectionPool(host='gpu06', port=9004): Read timed out.",0,59.56268577710819
251,2026-09-21T07:59:28.846+00:00,2026-09-21T08:04:28.944+00:00,2026-09-21T08:04:28.944+00:00,False,1,0.0,,0.0,300098.497188,300098.497188,300098.497188,300098.497188,300098.497188,300098.497188,nan,300098.497188,nan,nan,0.0,41,64,,True,False,TTFT timeout: 300.0s exceeded (TTFT: 300.095s),0,59.56268577710819
252,2026-09-21T07:59:29.278+00:00,2026-09-21T08:04:29.266+00:00,2026-09-21T08:04:29.455+00:00,False,3,2.0,,2.0,299987.613936,300176.15409599995,300176.15411,100058.71803666666,0.0305,299987.613936,173143.52844603983,270007.70350979996,94.27008,133.27494306003254,0.006662754428389325,41,64,,True,False,Request timeout: 300.0s exceeded,4,59.56268577710819
253,2026-09-21T07:59:29.662+00:00,2026-09-21T08:04:29.608+00:00,2026-09-21T08:04:29.752+00:00,False,4,3.0,,3.0,299945.51346,300090.27122,300090.271383,75022.56784575,0.03768,299945.51346,149948.63645417598,254969.2257948,48.252586666666666,52.145614404851706,0.009996991864493541,41,64,,True,False,Request timeout: 300.0s exceeded,12,59.56268577710819
254,2026-09-21T07:59:30.054+00:00,2026-09-21T08:04:30.164+00:00,2026-09-21T08:04:30.164+00:00,False,1,0.0,,0.0,300109.855046,300109.855046,300109.855046,300109.855046,300109.855046,300109.855046,nan,300109.855046,nan,nan,0.0,41,64,,True,False,"HTTPConnectionPool(host='gpu06', port=9004): Read timed out.",0,59.56268577710819
255,2026-09-21T07:59:30.317+00:00,2026-09-21T08:04:30.423+00:00,2026-09-21T08:04:30.423+00:00,False,1,0.0,,0.0,300106.31247899996,300106.31247899996,300106.31247899996,300106.31247899996,300106.31247899996,300106.31247899996,nan,300106.31247899996,nan,nan,0.0,41,64,,True,False,"HTTPConnectionPool(host='gpu06', port=9004): Read timed out.",0,59.56268577710819
256,2026-09-21T07:59:30.568+00:00,2026-09-21T08:04:30.673+00:00,2026-09-21T08:04:30.673+00:00,False,1,0.0,,0.0,300105.649272,300105.649272,300105.649272,300105.649272,300105.649272,300105.649272,nan,300105.649272,nan,nan,0.0,41,64,,True,False,"HTTPConnectionPool(host='gpu06', port=9004): Read timed out.",0,59.56268577710819
257,2026-09-21T07:59:30.862+00:00,2026-09-21T08:04:30.949+00:00,2026-09-21T08:04:30.949+00:00,False,1,0.0,,0.0,300087.681892,300087.681892,300087.681892,300087.681892,300087.681892,300087.681892,nan,300087.681892,nan,nan,0.0,41,64,,True,False,"HTTPConnectionPool(host='gpu06', port=9004): Read timed out.",0,59.56268577710819
258,2026-09-21T07:59:31.170+00:00,2026-09-21T08:04:31.283+00:00,2026-09-21T08:04:31.283+00:00,False,1,0.0,,0.0,300113.083172,300113.083172,300113.083172,300113.083172,300113.083172,300113.083172,nan,300113.083172,nan,nan,0.0,41,64,,True,False,"HTTPConnectionPool(host='gpu06', port=9004): Read timed out.",0,59.56268577710819
259,2026-09-21T07:59:31.424+00:00,2026-09-21T08:04:31.512+00:00,2026-09-21T08:04:31.512+00:00,False,1,0.0,,0.0,300088.38658399996,300088.38658399996,300088.38658399996,300088.38658399996,300088.38658399996,300088.38658399996,nan,300088.38658399996,nan,nan,0.0,41,64,,True,False,TTFT timeout: 300.0s exceeded (TTFT: 300.084s),0,59.56268577710819
260,2026-09-21T07:59:31.853+00:00,2026-09-21T08:04:31.875+00:00,2026-09-21T08:04:32.959+00:00,False,21,20.0,,20.0,300021.970644,301105.54338,301105.54334699997,14338.359207,0.026699999999999998,300021.970644,65458.340745106354,82.586762,54.1786368,16.742870135380183,0.06642189238860902,41,64,,True,False,Request timeout: 300.0s exceeded,40,59.56268577710819
263,2026-09-21T07:59:32.867+00:00,2026-09-21T08:04:32.858+00:00,2026-09-21T08:04:33.012+00:00,False,5,4.0,,4.0,299991.443126,300145.252278,300145.252259,60029.0504518,0.08534,299991.443126,134143.05747137734,240004.706431,38.452288,26.44922418008483,0.013326880800683555,41,64,,True,False,Request timeout: 300.0s exceeded,8,59.56268577710819
261,2026-09-21T07:59:32.166+00:00,2026-09-21T08:04:33.221+00:00,2026-09-21T08:04:33.221+00:00,False,1,0.0,,0.0,301055.31854500005,301055.31854500005,301055.31854500005,301055.31854500005,301055.31854500005,301055.31854500005,nan,301055.31854500005,nan,nan,0.0,41,64,,True,False,"HTTPConnectionPool(host='gpu06', port=9004): Read timed out.",0,59.56268577710819
264,2026-09-21T07:59:33.300+00:00,2026-09-21T08:04:33.325+00:00,2026-09-21T08:04:33.325+00:00,False,1,0.0,,0.0,300025.363547,300025.363547,300025.363547,300025.363547,300025.363547,300025.363547,nan,300025.363547,nan,nan,0.0,41,64,,True,False,"HTTPConnectionPool(host='gpu06', port=9004): Read timed out.",0,59.56268577710819
262,2026-09-21T07:59:32.486+00:00,2026-09-21T08:04:33.542+00:00,2026-09-21T08:04:33.542+00:00,False,1,0.0,,0.0,301055.962654,301055.962654,301055.962654,301055.962654,301055.962654,301055.962654,nan,301055.962654,nan,nan,0.0,41,64,,True,False,"HTTPConnectionPool(host='gpu06', port=9004): Read timed out.",0,59.56268577710819
265,2026-09-21T07:59:35.285+00:00,2026-09-21T08:04:35.826+00:00,2026-09-21T08:04:35.826+00:00,False,1,0.0,,0.0,300540.59843199997,300540.59843199997,300540.59843199997,300540.59843199997,300540.59843199997,300540.59843199997,nan,300540.59843199997,nan,nan,0.0,41,64,,True,False,"HTTPConnectionPool(host='gpu06', port=9004): Read timed out.",0,59.56268577710819
266,2026-09-21T07:59:35.297+00:00,2026-09-21T08:04:35.833+00:00,2026-09-21T08:04:35.833+00:00,False,1,0.0,,0.0,300536.36523,300536.36523,300536.36523,300536.36523,300536.36523,300536.36523,nan,300536.36523,nan,nan,0.0,41,64,,True,False,"HTTPConnectionPool(host='gpu06', port=9004): Read timed out.",0,59.56268577710819
267,2026-09-21T07:59:35.553+00:00,2026-09-21T08:04:35.903+00:00,2026-09-21T08:04:35.903+00:00,False,1,0.0,,0.0,300350.12030400004,300350.12030400004,300350.12030400004,300350.12030400004,300350.12030400004,300350.12030400004,nan,300350.12030400004,nan,nan,0.0,41,64,,True,False,"HTTPConnectionPool(host='gpu06', port=9004): Read timed out.",0,59.56268577710819
270,2026-09-21T07:59:35.829+00:00,2026-09-21T08:04:35.998+00:00,2026-09-21T08:04:35.998+00:00,False,1,0.0,,0.0,300169.521914,300169.521914,300169.521914,300169.521914,300169.521914,300169.521914,nan,300169.521914,nan,nan,0.0,41,64,,True,False,"HTTPConnectionPool(host='gpu06', port=9004): Read timed out.",0,59.56268577710819
269,2026-09-21T07:59:35.650+00:00,2026-09-21T08:04:36.088+00:00,2026-09-21T08:04:36.088+00:00,False,1,0.0,,0.0,300438.284664,300438.284664,300438.284664,300438.284664,300438.284664,300438.284664,nan,300438.284664,nan,nan,0.0,41,64,,True,False,"HTTPConnectionPool(host='gpu06', port=9004): Read timed out.",0,59.56268577710819
268,2026-09-21T07:59:35.649+00:00,2026-09-21T08:04:36.136+00:00,2026-09-21T08:04:36.136+00:00,False,1,0.0,,0.0,300486.798561,300486.798561,300486.798561,300486.798561,300486.798561,300486.798561,nan,300486.798561,nan,nan,0.0,41,64,,True,False,"HTTPConnectionPool(host='gpu06', port=9004): Read timed out.",0,59.56268577710819
271,2026-09-21T07:59:36.005+00:00,2026-09-21T08:04:36.210+00:00,2026-09-21T08:04:36.210+00:00,False,1,0.0,,0.0,300205.095595,300205.095595,300205.095595,300205.095595,300205.095595,300205.095595,nan,300205.095595,nan,nan,0.0,41,64,,True,False,"HTTPConnectionPool(host='gpu06', port=9004): Read timed out.",0,59.56268577710819
272,2026-09-21T07:59:36.389+00:00,2026-09-21T08:04:36.495+00:00,2026-09-21T08:04:36.495+00:00,False,1,0.0,,0.0,300106.540834,300106.540834,300106.540834,300106.540834,300106.540834,300106.540834,nan,300106.540834,nan,nan,0.0,41,64,,True,False,"HTTPConnectionPool(host='gpu06', port=9004): Read timed out.",0,59.56268577710819
273,2026-09-21T07:59:36.778+00:00,2026-09-21T08:04:36.880+00:00,2026-09-21T08:04:36.880+00:00,False,1,0.0,,0.0,300102.122376,300102.122376,300102.122376,300102.122376,300102.122376,300102.122376,nan,300102.122376,nan,nan,0.0,41,64,,True,False,"HTTPConnectionPool(host='gpu06', port=9004): Read timed out.",0,59.56268577710819
274,2026-09-21T07:59:37.058+00:00,2026-09-21T08:04:37.163+00:00,2026-09-21T08:04:37.163+00:00,False,1,0.0,,0.0,300104.095984,300104.095984,300104.095984,300104.095984,300104.095984,300104.095984,nan,300104.095984,nan,nan,0.0,41,64,,True,False,"HTTPConnectionPool(host='gpu06', port=9004): Read timed out.",0,59.56268577710819
275,2026-09-21T07:59:37.492+00:00,2026-09-21T08:04:37.605+00:00,2026-09-21T08:04:37.605+00:00,False,1,0.0,,0.0,300112.890169,300112.890169,300112.890169,300112.890169,300112.890169,300112.890169,nan,300112.890169,nan,nan,0.0,41,64,,True,False,"HTTPConnectionPool(host='gpu06', port=9004): Read timed out.",0,59.56268577710819
276,2026-09-21T07:59:37.852+00:00,2026-09-21T08:04:37.911+00:00,2026-09-21T08:04:37.911+00:00,False,1,0.0,,0.0,300058.27079900005,300058.27079900005,300058.27079900005,300058.27079900005,300058.27079900005,300058.27079900005,nan,300058.27079900005,nan,nan,0.0,41,64,,True,False,TTFT timeout: 300.0s exceeded (TTFT: 300.052s),0,59.56268577710819
277,2026-09-21T07:59:38.143+00:00,2026-09-21T08:04:38.079+00:00,2026-09-21T08:04:38.254+00:00,False,3,2.0,,2.0,299936.046363,300111.242523,300111.242442,100037.080814,0.02705,299936.046363,173117.60450441897,269959.9586296,87.59808,123.84401667461482,0.006664195526919401,41,64,,True,False,Request timeout: 300.0s exceeded,15,59.56268577710819
278,2026-09-21T07:59:38.416+00:00,2026-09-21T08:04:38.298+00:00,2026-09-21T08:04:38.452+00:00,False,5,4.0,,4.0,299882.177476,300036.659652,300036.65977599996,60007.331955199996,0.03215,299882.177476,134094.11705364965,239916.539982,38.620544,25.958744430062097,0.013331704214543091,41,64,,True,False,Request timeout: 300.0s exceeded,8,59.56268577710819
279,2026-09-21T07:59:38.767+00:00,2026-09-21T08:04:38.884+00:00,2026-09-21T08:04:38.884+00:00,False,1,0.0,,0.0,300117.019139,300117.019139,300117.019139,300117.019139,300117.019139,300117.019139,nan,300117.019139,nan,nan,0.0,41,64,,True,False,"HTTPConnectionPool(host='gpu06', port=9004): Read timed out.",0,59.56268577710819
280,2026-09-21T07:59:39.086+00:00,2026-09-21T08:04:39.151+00:00,2026-09-21T08:04:39.151+00:00,False,1,0.0,,0.0,300064.550885,300064.550885,300064.550885,300064.550885,300064.550885,300064.550885,nan,300064.550885,nan,nan,0.0,41,64,,True,False,"HTTPConnectionPool(host='gpu06', port=9004): Read timed out.",0,59.56268577710819
281,2026-09-21T07:59:39.407+00:00,2026-09-21T08:04:39.512+00:00,2026-09-21T08:04:39.512+00:00,False,1,0.0,,0.0,300104.878784,300104.878784,300104.878784,300104.878784,300104.878784,300104.878784,nan,300104.878784,nan,nan,0.0,41,64,,True,False,"HTTPConnectionPool(host='gpu06', port=9004): Read timed out.",0,59.56268577710819
282,2026-09-21T07:59:39.798+00:00,2026-09-21T08:04:39.894+00:00,2026-09-21T08:04:39.894+00:00,False,1,0.0,,0.0,300096.804597,300096.804597,300096.804597,300096.804597,300096.804597,300096.804597,nan,300096.804597,nan,nan,0.0,41,64,,True,False,"HTTPConnectionPool(host='gpu06', port=9004): Read timed out.",0,59.56268577710819
283,2026-09-21T07:59:40.203+00:00,2026-09-21T08:04:40.319+00:00,2026-09-21T08:04:40.319+00:00,False,1,0.0,,0.0,300115.943045,300115.943045,300115.943045,300115.943045,300115.943045,300115.943045,nan,300115.943045,nan,nan,0.0,41,64,,True,False,"HTTPConnectionPool(host='gpu06', port=9004): Read timed out.",0,59.56268577710819
284,2026-09-21T07:59:40.654+00:00,2026-09-21T08:04:40.625+00:00,2026-09-21T08:04:40.698+00:00,False,3,2.0,,2.0,299971.044436,300043.870804,300043.870852,100014.62361733333,0.0376,299971.044436,173167.34389931505,269981.218874,36.413184,51.442798977207765,0.0066656919024567435,41,64,,True,False,Request timeout: 300.0s exceeded,6,59.56268577710819
285,2026-09-21T07:59:41.065+00:00,2026-09-21T08:04:41.168+00:00,2026-09-21T08:04:41.168+00:00,False,1,0.0,,0.0,300103.211977,300103.211977,300103.211977,300103.211977,300103.211977,300103.211977,nan,300103.211977,nan,nan,0.0,41,64,,True,False,"HTTPConnectionPool(host='gpu06', port=9004): Read timed out.",0,59.56268577710819
286,2026-09-21T07:59:41.379+00:00,2026-09-21T08:04:41.481+00:00,2026-09-21T08:04:41.481+00:00,False,1,0.0,,0.0,300102.470921,300102.470921,300102.470921,300102.470921,300102.470921,300102.470921,nan,300102.470921,nan,nan,0.0,41,64,,True,False,"HTTPConnectionPool(host='gpu06', port=9004): Read timed out.",0,59.56268577710819
287,2026-09-21T07:59:41.631+00:00,2026-09-21T08:04:41.735+00:00,2026-09-21T08:04:41.735+00:00,False,1,0.0,,0.0,300104.56074299995,300104.56074299995,300104.56074299995,300104.56074299995,300104.56074299995,300104.56074299995,nan,300104.56074299995,nan,nan,0.0,41,64,,True,False,"HTTPConnectionPool(host='gpu06', port=9004): Read timed out.",0,59.56268577710819
288,2026-09-21T07:59:41.890+00:00,2026-09-21T08:04:42.000+00:00,2026-09-21T08:04:42.000+00:00,False,1,0.0,,0.0,300110.194443,300110.194443,300110.194443,300110.194443,300110.194443,300110.194443,nan,300110.194443,nan,nan,0.0,41,64,,True,False,"HTTPConnectionPool(host='gpu06', port=9004): Read timed out.",0,59.56268577710819
289,2026-09-21T07:59:42.331+00:00,2026-09-21T08:04:42.393+00:00,2026-09-21T08:04:42.393+00:00,False,1,0.0,,0.0,300062.12332099996,300062.12332099996,300062.12332099996,300062.12332099996,300062.12332099996,300062.12332099996,nan,300062.12332099996,nan,nan,0.0,41,64,,True,False,"HTTPConnectionPool(host='gpu06', port=9004): Read timed out.",0,59.56268577710819
290,2026-09-21T07:59:42.678+00:00,2026-09-21T08:04:42.769+00:00,2026-09-21T08:04:42.769+00:00,False,1,0.0,,0.0,300091.143567,300091.143567,300091.143567,300091.143567,300091.143567,300091.143567,nan,300091.143567,nan,nan,0.0,41,64,,True,False,TTFT timeout: 300.0s exceeded (TTFT: 300.080s),0,59.56268577710819
291,2026-09-21T07:59:42.961+00:00,2026-09-21T08:04:43.019+00:00,2026-09-21T08:04:43.019+00:00,False,1,0.0,,0.0,300058.36849699996,300058.36849699996,300058.36849699996,300058.36849699996,300058.36849699996,300058.36849699996,nan,300058.36849699996,nan,nan,0.0,41,64,,True,False,"HTTPConnectionPool(host='gpu06', port=9004): Read timed out.",0,59.56268577710819
292,2026-09-21T07:59:43.277+00:00,2026-09-21T08:04:43.391+00:00,2026-09-21T08:04:43.391+00:00,False,1,0.0,,0.0,300114.48392699996,300114.48392699996,300114.48392699996,300114.48392699996,300114.48392699996,300114.48392699996,nan,300114.48392699996,nan,nan,0.0,41,64,,True,False,"HTTPConnectionPool(host='gpu06', port=9004): Read timed out.",0,59.56268577710819
293,2026-09-21T07:59:43.724+00:00,2026-09-21T08:04:43.788+00:00,2026-09-21T08:04:43.788+00:00,False,1,0.0,,0.0,300064.46468300006,300064.46468300006,300064.46468300006,300064.46468300006,300064.46468300006,300064.46468300006,nan,300064.46468300006,nan,nan,0.0,41,64,,True,False,"HTTPConnectionPool(host='gpu06', port=9004): Read timed out.",0,59.56268577710819
294,2026-09-21T07:59:44.133+00:00,2026-09-21T08:04:44.237+00:00,2026-09-21T08:04:44.237+00:00,False,1,0.0,,0.0,300104.30717000004,300104.30717000004,300104.30717000004,300104.30717000004,300104.30717000004,300104.30717000004,nan,300104.30717000004,nan,nan,0.0,41,64,,True,False,TTFT timeout: 300.0s exceeded (TTFT: 300.097s),0,59.56268577710819
295,2026-09-21T07:59:44.576+00:00,2026-09-21T08:04:44.637+00:00,2026-09-21T08:04:44.637+00:00,False,1,0.0,,0.0,300061.016086,300061.016086,300061.016086,300061.016086,300061.016086,300061.016086,nan,300061.016086,nan,nan,0.0,41,64,,True,False,TTFT timeout: 300.0s exceeded (TTFT: 300.053s),0,59.56268577710819
296,2026-09-21T07:59:44.831+00:00,2026-09-21T08:04:44.748+00:00,2026-09-21T08:04:44.923+00:00,False,3,2.0,,2.0,299916.713227,300091.610123,300091.61012699996,100030.53670899999,0.03281,299916.713227,173106.52880158188,269942.5283133,87.448448,123.62407818139455,0.006664631507626122,41,64,,True,False,Request timeout: 300.0s exceeded,2,59.56268577710819
297,2026-09-21T07:59:45.180+00:00,2026-09-21T08:04:45.284+00:00,2026-09-21T08:04:45.284+00:00,False,1,0.0,,0.0,300103.963724,300103.963724,300103.963724,300103.963724,300103.963724,300103.963724,nan,300103.963724,nan,nan,0.0,41,64,,True,False,"HTTPConnectionPool(host='gpu06', port=9004): Read timed out.",0,59.56268577710819
298,2026-09-21T07:59:45.501+00:00,2026-09-21T08:04:45.882+00:00,2026-09-21T08:04:47.074+00:00,False,20,19.0,,19.0,300380.946069,301572.816789,301572.816786,15078.6408393,0.03488,300380.946069,67153.20203459937,15181.5812635,62.73003789473684,32.48100003237381,0.06300302594346108,41,64,,True,False,Request timeout: 300.0s exceeded,19,59.56268577710819
299,2026-09-21T07:59:45.951+00:00,2026-09-21T08:04:47.027+00:00,2026-09-21T08:04:47.189+00:00,False,5,4.0,,4.0,301075.399009,301237.54044899996,301237.540299,60247.5080598,0.02767,301075.399009,134626.8858778654,240872.70190639998,40.53536,27.573507598337258,0.013278557493325462,41,64,,True,False,Request timeout: 300.0s exceeded,44,59.56268577710819
302,2026-09-21T07:59:47.282+00:00,2026-09-21T08:04:47.352+00:00,2026-09-21T08:04:47.352+00:00,False,1,0.0,,0.0,300070.112982,300070.112982,300070.112982,300070.112982,300070.112982,300070.112982,nan,300070.112982,nan,nan,0.0,41,64,,True,False,"HTTPConnectionPool(host='gpu06', port=9004): Read timed out.",0,59.56268577710819
300,2026-09-21T07:59:46.395+00:00,2026-09-21T08:04:47.508+00:00,2026-09-21T08:04:47.508+00:00,False,1,0.0,,0.0,301112.831101,301112.831101,301112.831101,301112.831101,301112.831101,301112.831101,nan,301112.831101,nan,nan,0.0,41,64,,True,False,"HTTPConnectionPool(host='gpu06', port=9004): Read timed out.",0,59.56268577710819
303,2026-09-21T07:59:47.626+00:00,2026-09-21T08:04:47.686+00:00,2026-09-21T08:04:47.686+00:00,False,1,0.0,,0.0,300060.45869199996,300060.45869199996,300060.45869199996,300060.45869199996,300060.45869199996,300060.45869199996,nan,300060.45869199996,nan,nan,0.0,41,64,,True,False,"HTTPConnectionPool(host='gpu06', port=9004): Read timed out.",0,59.56268577710819
301,2026-09-21T07:59:46.843+00:00,2026-09-21T08:04:47.944+00:00,2026-09-21T08:04:47.944+00:00,False,1,0.0,,0.0,301100.973815,301100.973815,301100.973815,301100.973815,301100.973815,301100.973815,nan,301100.973815,nan,nan,0.0,41,64,,True,False,"HTTPConnectionPool(host='gpu06', port=9004): Read timed out.",0,59.56268577710819
304,2026-09-21T07:59:47.930+00:00,2026-09-21T08:04:48.034+00:00,2026-09-21T08:04:48.034+00:00,False,1,0.0,,0.0,300104.576383,300104.576383,300104.576383,300104.576383,300104.576383,300104.576383,nan,300104.576383,nan,nan,0.0,41,64,,True,False,"HTTPConnectionPool(host='gpu06', port=9004): Read timed out.",0,59.56268577710819
305,2026-09-21T07:59:48.321+00:00,2026-09-21T08:04:48.405+00:00,2026-09-21T08:04:48.405+00:00,False,1,0.0,,0.0,300084.452297,300084.452297,300084.452297,300084.452297,300084.452297,300084.452297,nan,300084.452297,nan,nan,0.0,41,64,,True,False,"HTTPConnectionPool(host='gpu06', port=9004): Read timed out.",0,59.56268577710819
306,2026-09-21T07:59:48.653+00:00,2026-09-21T08:04:48.756+00:00,2026-09-21T08:04:48.756+00:00,False,1,0.0,,0.0,300103.730826,300103.730826,300103.730826,300103.730826,300103.730826,300103.730826,nan,300103.730826,nan,nan,0.0,41,64,,True,False,TTFT timeout: 300.0s exceeded (TTFT: 300.098s),0,59.56268577710819
307,2026-09-21T07:59:49.045+00:00,2026-09-21T08:04:49.023+00:00,2026-09-21T08:04:49.136+00:00,False,3,2.0,,2.0,299978.060745,300091.365577,300091.365638,100030.45521266667,0.03276,299978.060745,173159.71507361083,269991.5818838,56.652416,80.07227409839068,0.006664636938668676,41,64,,True,False,Request timeout: 300.0s exceeded,6,59.56268577710819
308,2026-09-21T07:59:49.328+00:00,2026-09-21T08:04:49.282+00:00,2026-09-21T08:04:49.356+00:00,False,3,2.0,,2.0,299953.324044,300027.455756,300027.45569000003,100009.15189666666,0.03693,299953.324044,173156.73637748192,269965.40111120004,37.065856,52.36690268740484,0.006666056594588856,41,64,,True,False,Request timeout: 300.0s exceeded,8,59.56268577710819
309,2026-09-21T07:59:49.767+00:00,2026-09-21T08:04:49.832+00:00,2026-09-21T08:04:49.832+00:00,False,1,0.0,,0.0,300065.110643,300065.110643,300065.110643,300065.110643,300065.110643,300065.110643,nan,300065.110643,nan,nan,0.0,41,64,,True,False,"HTTPConnectionPool(host='gpu06', port=9004): Read timed out.",0,59.56268577710819
310,2026-09-21T07:59:50.135+00:00,2026-09-21T08:04:50.184+00:00,2026-09-21T08:04:50.184+00:00,False,1,0.0,,0.0,300048.142268,300048.142268,300048.142268,300048.142268,300048.142268,300048.142268,nan,300048.142268,nan,nan,0.0,41,64,,True,False,"HTTPConnectionPool(host='gpu06', port=9004): Read timed out.",0,59.56268577710819
311,2026-09-21T07:59:50.572+00:00,2026-09-21T08:04:50.677+00:00,2026-09-21T08:04:50.677+00:00,False,1,0.0,,0.0,300105.28275,300105.28275,300105.28275,300105.28275,300105.28275,300105.28275,nan,300105.28275,nan,nan,0.0,41,64,,True,False,"HTTPConnectionPool(host='gpu06', port=9004): Read timed out.",0,59.56268577710819
312,2026-09-21T07:59:50.830+00:00,2026-09-21T08:04:50.904+00:00,2026-09-21T08:04:50.904+00:00,False,1,0.0,,0.0,300073.92262300005,300073.92262300005,300073.92262300005,300073.92262300005,300073.92262300005,300073.92262300005,nan,300073.92262300005,nan,nan,0.0,41,64,,True,False,TTFT timeout: 300.0s exceeded (TTFT: 300.060s),0,59.56268577710819
313,2026-09-21T07:59:51.100+00:00,2026-09-21T08:04:51.074+00:00,2026-09-21T08:04:51.339+00:00,False,3,2.0,,2.0,299973.554319,300239.287695,300239.287592,100079.76253066666,0.0313,299973.554319,173113.1527119323,270002.76908440003,132.866688,187.85734140054257,0.0066613534003308475,41,64,,True,False,Request timeout: 300.0s exceeded,10,59.56268577710819
314,2026-09-21T07:59:51.498+00:00,2026-09-21T08:04:51.567+00:00,2026-09-21T08:04:51.567+00:00,False,1,0.0,,0.0,300068.41068300005,300068.41068300005,300068.41068300005,300068.41068300005,300068.41068300005,300068.41068300005,nan,300068.41068300005,nan,nan,0.0,41,64,,True,False,TTFT timeout: 300.0s exceeded (TTFT: 300.031s),0,59.56268577710819
315,2026-09-21T07:59:51.875+00:00,2026-09-21T08:04:51.975+00:00,2026-09-21T08:04:51.975+00:00,False,1,0.0,,0.0,300100.394376,300100.394376,300100.394376,300100.394376,300100.394376,300100.394376,nan,300100.394376,nan,nan,0.0,41,64,,True,False,"HTTPConnectionPool(host='gpu06', port=9004): Read timed out.",0,59.56268577710819
316,2026-09-21T07:59:52.329+00:00,2026-09-21T08:04:52.356+00:00,2026-09-21T08:04:52.356+00:00,False,1,0.0,,0.0,300027.150222,300027.150222,300027.150222,300027.150222,300027.150222,300027.150222,nan,300027.150222,nan,nan,0.0,41,64,,True,False,"HTTPConnectionPool(host='gpu06', port=9004): Read timed out.",0,59.56268577710819
317,2026-09-21T07:59:52.697+00:00,2026-09-21T08:04:52.794+00:00,2026-09-21T08:04:52.794+00:00,False,1,0.0,,0.0,300097.549024,300097.549024,300097.549024,300097.549024,300097.549024,300097.549024,nan,300097.549024,nan,nan,0.0,41,64,,True,False,"HTTPConnectionPool(host='gpu06', port=9004): Read timed out.",0,59.56268577710819
320,2026-09-21T07:59:54.253+00:00,2026-09-21T08:04:53.199+00:00,2026-09-21T08:04:54.458+00:00,False,23,22.0,,22.0,298945.652542,300204.486974,300204.486975,13052.368998913043,0.02972,298945.652542,62322.54889024839,95.6622201,57.21974690909091,17.913955228268595,0.07328338167678808,41,64,,True,False,Request timeout: 300.0s exceeded,110,59.56268577710819
318,2026-09-21T07:59:54.162+00:00,2026-09-21T08:04:54.865+00:00,2026-09-21T08:04:54.865+00:00,False,1,0.0,,0.0,300703.73393800005,300703.73393800005,300703.73393800005,300703.73393800005,300703.73393800005,300703.73393800005,nan,300703.73393800005,nan,nan,0.0,41,64,,True,False,"HTTPConnectionPool(host='gpu06', port=9004): Read timed out.",0,59.56268577710819
319,2026-09-21T07:59:54.248+00:00,2026-09-21T08:04:55.017+00:00,2026-09-21T08:04:55.017+00:00,False,1,0.0,,0.0,300768.881872,300768.881872,300768.881872,300768.881872,300768.881872,300768.881872,nan,300768.881872,nan,nan,0.0,41,64,,True,False,"HTTPConnectionPool(host='gpu06', port=9004): Read timed out.",0,59.56268577710819
321,2026-09-21T07:59:54.344+00:00,2026-09-21T08:04:55.075+00:00,2026-09-21T08:04:55.075+00:00,False,1,0.0,,0.0,300731.34009899996,300731.34009899996,300731.34009899996,300731.34009899996,300731.34009899996,300731.34009899996,nan,300731.34009899996,nan,nan,0.0,41,64,,True,False,TTFT timeout: 300.0s exceeded (TTFT: 300.011s),0,59.56268577710819
322,2026-09-21T07:59:54.698+00:00,2026-09-21T08:04:55.143+00:00,2026-09-21T08:04:55.143+00:00,False,1,0.0,,0.0,300444.312684,300444.312684,300444.312684,300444.312684,300444.312684,300444.312684,nan,300444.312684,nan,nan,0.0,41,64,,True,False,"HTTPConnectionPool(host='gpu06', port=9004): Read timed out.",0,59.56268577710819
323,2026-09-21T07:59:55.103+00:00,2026-09-21T08:04:55.395+00:00,2026-09-21T08:04:55.395+00:00,False,1,0.0,,0.0,300291.800032,300291.800032,300291.800032,300291.800032,300291.800032,300291.800032,nan,300291.800032,nan,nan,0.0,41,64,,True,False,"HTTPConnectionPool(host='gpu06', port=9004): Read timed out.",0,59.56268577710819
324,2026-09-21T07:59:55.497+00:00,2026-09-21T08:04:55.648+00:00,2026-09-21T08:04:55.648+00:00,False,1,0.0,,0.0,300150.793333,300150.793333,300150.793333,300150.793333,300150.793333,300150.793333,nan,300150.793333,nan,nan,0.0,41,64,,True,False,"HTTPConnectionPool(host='gpu06', port=9004): Read timed out.",0,59.56268577710819
325,2026-09-21T07:59:55.797+00:00,2026-09-21T08:04:55.901+00:00,2026-09-21T08:04:55.901+00:00,False,1,0.0,,0.0,300104.541551,300104.541551,300104.541551,300104.541551,300104.541551,300104.541551,nan,300104.541551,nan,nan,0.0,41,64,,True,False,"HTTPConnectionPool(host='gpu06', port=9004): Read timed out.",0,59.56268577710819
326,2026-09-21T07:59:56.111+00:00,2026-09-21T08:04:56.216+00:00,2026-09-21T08:04:56.216+00:00,False,1,0.0,,0.0,300105.153514,300105.153514,300105.153514,300105.153514,300105.153514,300105.153514,nan,300105.153514,nan,nan,0.0,41,64,,True,False,"HTTPConnectionPool(host='gpu06', port=9004): Read timed out.",0,59.56268577710819
327,2026-09-21T07:59:56.493+00:00,2026-09-21T08:04:56.598+00:00,2026-09-21T08:04:56.598+00:00,False,1,0.0,,0.0,300104.926467,300104.926467,300104.926467,300104.926467,300104.926467,300104.926467,nan,300104.926467,nan,nan,0.0,41,64,,True,False,"HTTPConnectionPool(host='gpu06', port=9004): Read timed out.",0,59.56268577710819
328,2026-09-21T07:59:56.767+00:00,2026-09-21T08:04:56.871+00:00,2026-09-21T08:04:56.871+00:00,False,1,0.0,,0.0,300103.75139600004,300103.75139600004,300103.75139600004,300103.75139600004,300103.75139600004,300103.75139600004,nan,300103.75139600004,nan,nan,0.0,41,64,,True,False,"HTTPConnectionPool(host='gpu06', port=9004): Read timed out.",0,59.56268577710819
329,2026-09-21T07:59:57.130+00:00,2026-09-21T08:04:57.189+00:00,2026-09-21T08:04:57.189+00:00,False,1,0.0,,0.0,300059.939425,300059.939425,300059.939425,300059.939425,300059.939425,300059.939425,nan,300059.939425,nan,nan,0.0,41,64,,True,False,TTFT timeout: 300.0s exceeded (TTFT: 300.057s),0,59.56268577710819
330,2026-09-21T07:59:57.560+00:00,2026-09-21T08:04:57.583+00:00,2026-09-21T08:04:57.583+00:00,False,1,0.0,,0.0,300023.14468300005,300023.14468300005,300023.14468300005,300023.14468300005,300023.14468300005,300023.14468300005,nan,300023.14468300005,nan,nan,0.0,41,64,,True,False,TTFT timeout: 300.0s exceeded (TTFT: 300.020s),0,59.56268577710819
331,2026-09-21T07:59:57.929+00:00,2026-09-21T08:04:58.027+00:00,2026-09-21T08:04:58.027+00:00,False,1,0.0,,0.0,300098.125384,300098.125384,300098.125384,300098.125384,300098.125384,300098.125384,nan,300098.125384,nan,nan,0.0,41,64,,True,False,"HTTPConnectionPool(host='gpu06', port=9004): Read timed out.",0,59.56268577710819
332,2026-09-21T07:59:58.342+00:00,2026-09-21T08:04:58.399+00:00,2026-09-21T08:04:58.399+00:00,False,1,0.0,,0.0,300056.47550400003,300056.47550400003,300056.47550400003,300056.47550400003,300056.47550400003,300056.47550400003,nan,300056.47550400003,nan,nan,0.0,41,64,,True,False,"HTTPConnectionPool(host='gpu06', port=9004): Read timed out.",0,59.56268577710819
333,2026-09-21T07:59:58.654+00:00,2026-09-21T08:04:58.769+00:00,2026-09-21T08:04:58.769+00:00,False,1,0.0,,0.0,300114.808174,300114.808174,300114.808174,300114.808174,300114.808174,300114.808174,nan,300114.808174,nan,nan,0.0,41,64,,True,False,"HTTPConnectionPool(host='gpu06', port=9004): Read timed out.",0,59.56268577710819
334,2026-09-21T07:59:58.931+00:00,2026-09-21T08:04:59.021+00:00,2026-09-21T08:04:59.021+00:00,False,1,0.0,,0.0,300090.026245,300090.026245,300090.026245,300090.026245,300090.026245,300090.026245,nan,300090.026245,nan,nan,0.0,41,64,,True,False,"HTTPConnectionPool(host='gpu06', port=9004): Read timed out.",0,59.56268577710819
335,2026-09-21T07:59:59.270+00:00,2026-09-21T08:04:59.215+00:00,2026-09-21T08:04:59.373+00:00,False,3,2.0,,2.0,299944.891143,300102.573063,300102.572973,100034.190991,0.03145,299944.891143,173127.7627573894,269966.1670667,78.84096,111.45342414586268,0.006664388044350902,41,64,,True,False,Request timeout: 300.0s exceeded,4,59.56268577710819
336,2026-09-21T07:59:59.523+00:00,2026-09-21T08:04:59.606+00:00,2026-09-21T08:04:59.606+00:00,False,1,0.0,,0.0,300082.497727,300082.497727,300082.497727,300082.497727,300082.497727,300082.497727,nan,300082.497727,nan,nan,0.0,41,64,,True,False,TTFT timeout: 300.0s exceeded (TTFT: 300.077s),0,59.56268577710819
337,2026-09-21T07:59:59.805+00:00,2026-09-21T08:04:59.912+00:00,2026-09-21T08:04:59.912+00:00,False,1,0.0,,0.0,300107.21538300003,300107.21538300003,300107.21538300003,300107.21538300003,300107.21538300003,300107.21538300003,nan,300107.21538300003,nan,nan,0.0,41,64,,True,False,"HTTPConnectionPool(host='gpu06', port=9004): Read timed out.",0,59.56268577710819
338,2026-09-21T08:00:00.063+00:00,2026-09-21T08:05:00.137+00:00,2026-09-21T08:05:00.137+00:00,False,1,0.0,,0.0,300074.24430699996,300074.24430699996,300074.24430699996,300074.24430699996,300074.24430699996,300074.24430699996,nan,300074.24430699996,nan,nan,0.0,41,64,,True,False,"HTTPConnectionPool(host='gpu06', port=9004): Read timed out.",0,59.56268577710819
339,2026-09-21T08:00:00.332+00:00,2026-09-21T08:05:00.440+00:00,2026-09-21T08:05:00.440+00:00,False,1,0.0,,0.0,300107.829944,300107.829944,300107.829944,300107.829944,300107.829944,300107.829944,nan,300107.829944,nan,nan,0.0,41,64,,True,False,"HTTPConnectionPool(host='gpu06', port=9004): Read timed out.",0,59.56268577710819
340,2026-09-21T08:00:00.751+00:00,2026-09-21T08:05:00.857+00:00,2026-09-21T08:05:00.857+00:00,False,1,0.0,,0.0,300106.105442,300106.105442,300106.105442,300106.105442,300106.105442,300106.105442,nan,300106.105442,nan,nan,0.0,41,64,,True,False,"HTTPConnectionPool(host='gpu06', port=9004): Read timed out.",0,59.56268577710819
341,2026-09-21T08:00:01.000+00:00,2026-09-21T08:05:01.108+00:00,2026-09-21T08:05:01.108+00:00,False,1,0.0,,0.0,300107.866805,300107.866805,300107.866805,300107.866805,300107.866805,300107.866805,nan,300107.866805,nan,nan,0.0,41,64,,True,False,"HTTPConnectionPool(host='gpu06', port=9004): Read timed out.",0,59.56268577710819
342,2026-09-21T08:00:01.418+00:00,2026-09-21T08:05:01.382+00:00,2026-09-21T08:05:03.026+00:00,False,29,28.0,,28.0,299964.341231,301608.07115100004,301608.071101,10400.278313827586,0.027149999999999997,299964.341231,55691.08180393191,110.5941754,58.70464,19.212466322607902,0.0928357118997051,41,64,,True,False,Request timeout: 300.0s exceeded,137,59.56268577710819
343,2026-09-21T08:00:01.845+00:00,2026-09-21T08:05:02.285+00:00,2026-09-21T08:05:03.070+00:00,False,16,15.0,,15.0,300439.76247799996,301224.64926199993,301224.64916,18826.5405725,0.028730000000000002,300439.76247799996,75096.86082586198,75163.50846649999,52.3257856,16.300015293168972,0.049796721605452884,41,64,,True,False,Request timeout: 300.0s exceeded,76,59.56268577710819
344,2026-09-21T08:00:02.285+00:00,2026-09-21T08:05:03.439+00:00,2026-09-21T08:05:03.439+00:00,False,1,0.0,,0.0,301153.58158,301153.58158,301153.58158,301153.58158,301153.58158,301153.58158,nan,301153.58158,nan,nan,0.0,41,64,,True,False,"HTTPConnectionPool(host='gpu06', port=9004): Read timed out.",0,59.56268577710819
0,2026-09-21T07:58:02.293+00:00,2026-09-21T07:58:02.477+00:00,2026-09-21T07:58:03.140+00:00,True,15,15.0,,15.0,184.14675200000002,847.519552,847.5195170000001,56.501301133333335,0.01632,246.501687,70.39287548541544,202.85323250000002,47.38377142857143,63.19384195157478,17.698706731428896,42,64,,False,True,,99,59.56268577710819
2,2026-09-21T07:58:03.114+00:00,2026-09-21T07:58:03.490+00:00,2026-09-21T07:58:08.807+00:00,True,87,87.0,,87.0,375.83268499999997,5693.126765,5693.126783,65.43823888505747,35.938873,375.83268499999997,35.5460406278292,78.116856,61.82900093023255,11.477769315622432,15.2815848989795,42,64,,False,True,,435,59.56268577710819
1,2026-09-21T07:58:02.666+00:00,2026-09-21T07:58:03.493+00:00,2026-09-21T07:58:04.644+00:00,True,21,21.0,,21.0,826.3240649999999,1977.4283209999999,1977.4284229999998,94.16325823809524,42.228252999999995,826.3240649999999,167.96836682373194,77.046286,57.5552128,8.59928678929734,10.619853967389396,42,64,,False,True,,105,59.56268577710819
5,2026-09-21T07:58:03.670+00:00,2026-09-21T07:58:03.850+00:00,2026-09-21T07:58:05.584+00:00,True,30,30.0,,30.0,180.63759299999998,1914.0133369999999,1914.013269,63.8004423,41.787662,180.63759299999998,23.97413301086823,76.410376,59.771577379310344,9.536308856886611,15.67387197365177,42,64,,False,True,,122,59.56268577710819
3,2026-09-21T07:58:03.169+00:00,2026-09-21T07:58:04.432+00:00,2026-09-21T07:58:10.636+00:00,True,100,100.0,,100.0,1262.907405,7466.519821,7466.519718,74.66519718,37.185474,1262.907405,120.55011430775964,77.71890649999999,62.66275167676768,11.302562332227815,13.393120543086818,42,64,,False,True,,400,59.56268577710819
4,2026-09-21T07:58:03.428+00:00,2026-09-21T07:58:08.810+00:00,2026-09-21T07:58:10.111+00:00,True,22,22.0,,22.0,5381.671281999999,6682.857585999999,6682.857526999999,303.7662512272727,48.081795,5381.671281999999,1134.2063803197252,78.5617175,61.961252571428574,9.808270587444152,3.29200491210348,42,64,,False,True,,110,59.56268577710819
7,2026-09-21T07:58:04.209+00:00,2026-09-21T07:58:10.639+00:00,2026-09-21T07:58:14.345+00:00,True,58,58.0,,58.0,6430.643219,10136.122387,10136.122344,174.7607300689655,0.019010000000000003,6430.643219,837.3164677985734,82.51161615000001,65.00840645614035,49.995031904700824,5.722109282578063,42,64,,False,True,,121,59.56268577710819
8,2026-09-21T07:58:04.542+00:00,2026-09-21T07:58:12.615+00:00,2026-09-21T07:58:18.087+00:00,True,89,89.0,,89.0,8072.832892,13544.658044,13544.6579,152.18716741573033,0.01742,8072.832892,850.3058561169167,78.11258,62.17983127272727,45.005656691855016,6.5708561789365465,42,64,,False,True,,536,59.56268577710819
9,2026-09-21T07:58:04.835+00:00,2026-09-21T07:58:13.960+00:00,2026-09-21T07:58:16.443+00:00,True,42,42.0,,42.0,9124.678052,11607.657379999999,11607.657539,276.372798547619,34.659873,9124.678052,1398.6627080699295,82.20635054999998,60.560471414634144,10.574763722040037,3.6183011459630112,42,64,,False,True,,99,59.56268577710819
6,2026-09-21T07:58:03.945+00:00,2026-09-21T07:58:15.480+00:00,2026-09-21T07:58:19.128+00:00,True,60,60.0,,60.0,11534.770019,15182.928738999999,15182.928688,253.04881146666665,42.531495,11534.770019,1481.179491110973,78.5128805,61.83319864406779,9.462973738645559,3.951806731851381,42,64,,False,True,,240,59.56268577710819
10,2026-09-21T07:58:05.069+00:00,2026-09-21T07:58:16.131+00:00,2026-09-21T07:58:21.147+00:00,True,80,80.0,,80.0,11061.959021,16077.928301,16077.928552000001,200.9741069,42.363485,11061.959021,1229.7190614119183,79.09880045,63.493282025316454,11.512642190107108,4.9757654408139285,42,64,,False,True,,640,59.56268577710819
11,2026-09-21T07:58:05.346+00:00,2026-09-21T07:58:17.410+00:00,2026-09-21T07:58:20.316+00:00,True,47,47.0,,47.0,12064.479745999999,14970.881281999998,14970.881497999999,318.5293935744681,43.875345,12064.479745999999,1750.5909985526057,78.14017700000001,63.18264208695653,8.853067862266684,3.139427740737595,42,64,,False,True,,261,59.56268577710819
12,2026-09-21T07:58:05.698+00:00,2026-09-21T07:58:19.404+00:00,2026-09-21T07:58:23.283+00:00,True,55,55.0,,55.0,13705.689809,17585.060049,17585.060052,319.7283645818182,33.811534,13705.689809,1839.2137957924522,94.9188859,71.84018962962962,55.62909640722146,3.1276549438412444,42,64,,False,True,,272,59.56268577710819
13,2026-09-21T07:58:06.122+00:00,2026-09-21T07:58:21.617+00:00,2026-09-21T07:58:21.758+00:00,True,3,3.0,,3.0,15495.15345,15635.473962,15635.473813999999,5211.824604666666,66.356387,15495.15345,8905.6248278717,13953.034502699998,70.160256,5.379351607429282,0.19187138217179167,42,64,,False,True,,14,59.56268577710819
14,2026-09-21T07:58:06.523+00:00,2026-09-21T07:58:23.789+00:00,2026-09-21T07:58:24.709+00:00,True,21,21.0,,21.0,17266.328188,18186.824828,18186.824883999998,866.0392801904761,0.0,17266.328188,3757.8920312216915,76.705568,46.024832,30.000250439964066,1.1546820403564289,42,64,,False,True,,126,59.56268577710819
15,2026-09-21T07:58:06.842+00:00,2026-09-21T07:58:25.187+00:00,2026-09-21T07:58:25.375+00:00,True,4,4.0,,4.0,18345.355603999997,18533.687123999996,18533.687044,4633.421761,61.048666,18345.355603999997,9141.289413024831,15603.350144449998,62.77717333333334,2.248679494705578,0.21582321818847602,42,64,,False,True,,17,59.56268577710819
16,2026-09-21T07:58:07.258+00:00,2026-09-21T07:58:27.583+00:00,2026-09-21T07:58:28.032+00:00,True,9,9.0,,9.0,20325.1207,20773.94502,20773.945187,2308.216131888889,41.874935,20325.1207,6756.349035554431,12226.014239600001,56.10304,12.316207415058537,0.43323499659478737,42,64,,False,True,,16,59.56268577710819
17,2026-09-21T07:58:07.491+00:00,2026-09-21T07:58:28.946+00:00,2026-09-21T07:58:34.251+00:00,True,84,84.0,,84.0,21454.173247000002,26760.050239000004,26760.050048,318.5720243809524,0.0,21454.173247000002,2335.1261376578855,84.78608935,63.92622881927711,77.13128463129188,3.1390075597682805,42,64,,False,True,,907,59.56268577710819
18,2026-09-21T07:58:07.770+00:00,2026-09-21T07:58:30.201+00:00,2026-09-21T07:58:34.670+00:00,True,71,71.0,,71.0,22431.334859000002,26899.931851,26899.931843000002,378.8722794788733,0.0,22431.334859000002,2655.8818780000806,111.50978599999999,63.83709988571429,85.22699440314457,2.639411891200036,42,64,,False,True,,71,59.56268577710819
19,2026-09-21T07:58:08.124+00:00,2026-09-21T07:58:32.158+00:00,2026-09-21T07:58:35.391+00:00,True,47,47.0,,47.0,24034.264215,27266.905239,27266.905371,580.1469227872341,0.0,24034.264215,3497.606172432742,435.0001444,70.27480486956522,122.49559893629052,1.723701299727101,42,64,,False,True,,188,59.56268577710819
20,2026-09-21T07:58:08.385+00:00,2026-09-21T07:58:33.394+00:00,2026-09-21T07:58:35.493+00:00,True,36,36.0,,36.0,25009.009406,27108.762878,27108.762934000002,753.0211926111111,0.0,25009.009406,4159.235460712932,209.87952425,59.99295634285714,95.53838999700253,1.3279838759892524,42,64,,False,True,,206,59.56268577710819
21,2026-09-21T07:58:08.651+00:00,2026-09-21T07:58:34.729+00:00,2026-09-21T07:58:34.805+00:00,True,2,2.0,,2.0,26077.511838,26154.140573999997,26154.140686,13077.070343,76.628848,26077.511838,18385.400679066955,24777.467688499997,76.628736,nan,0.07646972739713012,42,64,,False,True,,18,59.56268577710819
22,2026-09-21T07:58:08.965+00:00,2026-09-21T07:58:36.257+00:00,2026-09-21T07:58:36.440+00:00,True,4,4.0,,4.0,27292.306013999998,27474.797405999998,27474.797502999998,6868.6993757499995,47.737515,27292.306013999998,13615.742688202023,23209.8463401,60.830464,14.18973887116574,0.14558797070971205,42,64,,False,True,,21,59.56268577710819
23,2026-09-21T07:58:09.232+00:00,2026-09-21T07:58:37.450+00:00,2026-09-21T07:58:38.514+00:00,True,18,18.0,,18.0,28217.73073,29281.901994,29281.90183,1626.7723238888889,48.485775000000004,28217.73073,6636.234438427888,4297.6021493,62.59830964705882,9.261844306096174,0.6147141672589536,42,64,,False,True,,66,59.56268577710819
24,2026-09-21T07:58:09.615+00:00,2026-09-21T07:58:39.807+00:00,2026-09-21T07:58:44.449+00:00,True,74,74.0,,74.0,30191.206934,34833.949462000004,34833.949466,470.72904683783787,0.0,30191.206934,3504.2023161244224,77.934938,63.59921271232877,117.36538488439557,2.12436433832247,42,64,,False,True,,222,59.56268577710819
25,2026-09-21T07:58:10.022+00:00,2026-09-21T07:58:41.870+00:00,2026-09-21T07:58:47.898+00:00,True,95,95.0,,95.0,31847.595116,37875.941228,37875.941192,398.69411781052634,0.0,31847.595116,3262.6531734658433,77.303843,64.13134161702128,107.0691202647503,2.5081884943302932,42,64,,False,True,,108,59.56268577710819
26,2026-09-21T07:58:10.434+00:00,2026-09-21T07:58:43.745+00:00,2026-09-21T07:58:48.601+00:00,True,78,78.0,,78.0,33311.059638,38167.080118,38167.079952,489.32153784615383,0.0,33311.059638,3765.4332361346674,80.23526749999999,63.065201038961035,80.01381932459314,2.0436459838910856,42,64,,False,True,,390,59.56268577710819
27,2026-09-21T07:58:10.703+00:00,2026-09-21T07:58:45.295+00:00,2026-09-21T07:58:49.265+00:00,True,62,62.0,,62.0,34591.650431999995,38561.68332799999,38561.683253999996,621.9626331290322,0.0,34591.650431999995,4385.807165470449,77.636742,65.08250649180329,90.99825040747479,1.6078136286903542,42,64,,False,True,,66,59.56268577710819
28,2026-09-21T07:58:10.998+00:00,2026-09-21T07:58:46.932+00:00,2026-09-21T07:58:52.102+00:00,True,82,82.0,,82.0,35933.859481,41103.920537,41103.920598,501.26732436585365,45.631405,35933.859481,3961.19310594511,79.23566299999999,63.82791427160494,9.298853583590033,1.9949435219004739,42,64,,False,True,,492,59.56268577710819
29,2026-09-21T07:58:11.335+00:00,2026-09-21T07:58:48.493+00:00,2026-09-21T07:58:50.083+00:00,True,26,26.0,,26.0,37157.86274800001,38748.604252000005,38748.60417300001,1490.3309297307694,49.57635500000001,37157.86274800001,7274.78170901297,77.526073,63.62966015999999,7.862875258572229,0.6709919105965736,42,64,,False,True,,281,59.56268577710819
30,2026-09-21T07:58:11.756+00:00,2026-09-21T07:58:50.583+00:00,2026-09-21T07:58:53.627+00:00,True,41,41.0,,41.0,38827.476690999996,41870.851794999995,41870.851726999994,1021.2402860243901,0.0,38827.476690999996,6054.029461888293,85.79990900000001,76.0843776,160.65651796856602,0.9792014788888536,42,64,,False,True,,164,59.56268577710819
31,2026-09-21T07:58:12.044+00:00,2026-09-21T07:58:52.105+00:00,2026-09-21T07:58:57.669+00:00,True,89,89.0,,89.0,40060.956288999994,45624.52492899999,45624.525066999995,512.6351131123595,0.0,40060.956288999994,4241.13907831522,83.7812766,63.222370909090905,109.10886153591177,1.9507052432545893,42,64,,False,True,,443,59.56268577710819
32,2026-09-21T07:58:12.470+00:00,2026-09-21T07:58:54.273+00:00,2026-09-21T07:58:54.273+00:00,True,1,1.0,,1.0,41802.743109999996,41802.743109999996,41802.743109999996,41802.743109999996,41802.743109999996,41802.743109999996,nan,41802.743109999996,nan,nan,0.023921875111606764,42,64,,False,True,,6,59.56268577710819
33,2026-09-21T07:58:12.741+00:00,2026-09-21T07:58:55.840+00:00,2026-09-21T07:58:59.783+00:00,True,63,63.0,,63.0,43098.807185000005,47041.158289000006,47041.158394000006,746.6850538730159,39.464534,43098.807185000005,5421.938374071563,79.898025,63.58630812903226,10.593044806909008,1.3392527372084664,42,64,,False,True,,63,59.56268577710819
34,2026-09-21T07:58:13.205+00:00,2026-09-21T07:58:56.826+00:00,2026-09-21T07:58:57.224+00:00,True,8,8.0,,8.0,43620.221079,44018.207127,44018.207001,5502.275875125,40.606315,43620.221079,15401.979805650692,28379.712333649997,56.855149714285716,12.093143421354291,0.18174297687587868,42,64,,False,True,,40,59.56268577710819
35,2026-09-21T07:58:13.505+00:00,2026-09-21T07:58:59.916+00:00,2026-09-21T07:59:00.183+00:00,True,5,5.0,,5.0,46411.327678999995,46678.591423,46678.591286999996,9335.718257399998,56.161466,46411.327678999995,20725.89744645918,37144.98010079999,66.815936,9.70166560654214,0.10711548586996016,42,64,,False,True,,35,59.56268577710819
36,2026-09-21T07:58:13.918+00:00,2026-09-21T07:59:01.884+00:00,2026-09-21T07:59:04.336+00:00,True,41,41.0,,41.0,47965.950681,50418.328793,50418.328805000005,1229.7153367073172,37.785053999999995,47965.950681,7481.457185439989,87.090819,61.309452799999995,11.851850750786232,0.8131963312058922,42,64,,False,True,,124,59.56268577710819
37,2026-09-21T07:58:14.329+00:00,2026-09-21T07:59:04.274+00:00,2026-09-21T07:59:08.748+00:00,True,72,72.0,,72.0,49945.286576,54419.468208,54419.46828,755.8259483333333,0.01542,49945.286576,5879.504373546212,97.16504235000001,63.016642704225355,99.0408400356005,1.3230559277941558,42,64,,False,True,,216,59.56268577710819
38,2026-09-21T07:58:14.648+00:00,2026-09-21T07:59:06.012+00:00,2026-09-21T07:59:09.038+00:00,True,48,48.0,,48.0,51364.316633,54389.762265000005,54389.762257,1133.1200470208335,39.336324,51364.316633,7404.5172590967495,84.516796,64.37118365957447,10.954224740889567,0.882519025660242,42,64,,False,True,,145,59.56268577710819
39,2026-09-21T07:58:14.951+00:00,2026-09-21T07:59:07.473+00:00,2026-09-21T07:59:12.931+00:00,True,88,88.0,,88.0,52521.481072999995,57979.395184999994,57979.395411,658.8567660340908,0.0,52521.481072999995,5593.229719172078,80.95407815,62.73464496551724,111.99922007106694,1.5177805791041905,42,64,,False,True,,263,59.56268577710819
40,2026-09-21T07:58:15.313+00:00,2026-09-21T07:59:10.290+00:00,2026-09-21T07:59:14.710+00:00,True,86,86.0,,86.0,54976.605858,59397.22973000001,59397.229761,690.6654623372093,0.0,54976.605858,5922.735886747921,82.56334499999998,52.00733967058823,27.721241774988105,1.447878973328004,42,64,,False,True,,430,59.56268577710819
41,2026-09-21T07:58:15.718+00:00,2026-09-21T07:59:11.752+00:00,2026-09-21T07:59:18.021+00:00,True,99,99.0,,99.0,56033.914438,62303.018566,62303.01852,629.3234193939394,41.778784,56033.914438,5625.200142125933,78.940696,63.970450285714286,10.18114867837804,1.5890080814483405,42,64,,False,True,,345,59.56268577710819
42,2026-09-21T07:58:15.972+00:00,2026-09-21T07:59:13.333+00:00,2026-09-21T07:59:13.478+00:00,True,3,3.0,,3.0,57360.381061,57505.287557,57505.287514,19168.429171333333,71.653257,57360.381061,33075.200566238615,51631.66827450001,72.453248,1.1311898305624923,0.05216911570134069,42,64,,False,True,,11,59.56268577710819
43,2026-09-21T07:58:16.353+00:00,2026-09-21T07:59:15.026+00:00,2026-09-21T07:59:15.855+00:00,True,14,14.0,,14.0,58673.159101000005,59502.141885000005,59502.141924,4250.152994571429,49.235714,58673.159101000005,15664.021585735281,20588.1908004,63.767906461538466,9.934811896609153,0.2352856478184911,42,64,,False,True,,46,59.56268577710819
44,2026-09-21T07:58:16.681+00:00,2026-09-21T07:59:16.667+00:00,2026-09-21T07:59:21.591+00:00,True,79,79.0,,79.0,59986.240541,64910.316317,64910.316394,821.6495746075949,0.0,59986.240541,6744.764135916611,184.6155673,63.129176615384615,198.61208732735642,1.2170638579881627,42,64,,False,True,,231,59.56268577710819
45,2026-09-21T07:58:16.995+00:00,2026-09-21T07:59:19.303+00:00,2026-09-21T07:59:23.346+00:00,True,77,77.0,,77.0,62307.24247,66350.896358,66350.896165,861.6999501948052,0.0,62307.24247,7095.788412091393,142.8201188,53.20597221052632,135.8016103171162,1.1604967562840773,42,64,,False,True,,598,59.56268577710819
46,2026-09-21T07:58:17.266+00:00,2026-09-21T07:59:19.835+00:00,2026-09-21T07:59:23.110+00:00,True,52,52.0,,52.0,62569.853879,65844.139191,65844.13931700001,1266.2334484038463,0.0,62569.853879,8669.606578365543,91.5858508,64.20167278431373,169.89477745232477,0.7897437894838133,42,64,,False,True,,111,59.56268577710819
47,2026-09-21T07:58:17.607+00:00,2026-09-21T07:59:21.743+00:00,2026-09-21T07:59:27.723+00:00,True,94,94.0,,94.0,64136.060952,70115.563032,70115.562977,745.9102444361702,40.620023,64136.060952,6608.506361897937,82.0530255,64.29572129032258,10.57327288887354,1.340643873273889,42,64,,False,True,,280,59.56268577710819
48,2026-09-21T07:58:17.865+00:00,2026-09-21T07:59:23.178+00:00,2026-09-21T07:59:24.040+00:00,True,15,15.0,,15.0,65313.158211,66174.726979,66174.72702600001,4411.6484684,45.045953999999995,65313.158211,16847.89739747647,19646.3631602,61.54062628571428,8.901924511061875,0.22667263900854664,42,64,,False,True,,90,59.56268577710819
49,2026-09-21T07:58:18.244+00:00,2026-09-21T07:59:25.414+00:00,2026-09-21T07:59:26.199+00:00,True,13,13.0,,13.0,67170.046088,67954.52276,67954.522597,5227.270969,43.237792999999996,67170.046088,18611.491671564414,26917.597268,65.373056,12.774321414660811,0.19130441171536233,42,64,,False,True,,56,59.56268577710819
50,2026-09-21T07:58:18.490+00:00,2026-09-21T07:59:26.516+00:00,2026-09-21T07:59:32.829+00:00,True,86,86.0,,86.0,68026.342049,74339.205025,74339.205005,864.4093605232558,0.0,68026.342049,7328.797465262517,80.69930199999999,74.2689761882353,140.81338162554127,1.1568592907481123,42,64,,False,True,,441,59.56268577710819
51,2026-09-21T07:58:18.894+00:00,2026-09-21T07:59:28.629+00:00,2026-09-21T07:59:31.407+00:00,True,45,45.0,,45.0,69735.240353,72513.13987300001,72513.139947,1611.4031099333333,44.477703999999996,69735.240353,10386.10948150424,81.82398079999999,63.13408,10.40919753408149,0.6205771819950604,42,64,,False,True,,300,59.56268577710819
52,2026-09-21T07:58:19.183+00:00,2026-09-21T07:59:30.301+00:00,2026-09-21T07:59:30.618+00:00,True,6,6.0,,6.0,71117.9918,71435.17093600001,71435.17097800001,11905.861829666666,52.404685,71117.9918,29007.902190799574,53357.587529000004,63.435827200000006,9.284539272978234,0.08399223969626254,42,64,,False,True,,12,59.56268577710819
53,2026-09-21T07:58:19.503+00:00,2026-09-21T07:59:32.815+00:00,2026-09-21T07:59:34.817+00:00,True,44,44.0,,44.0,73312.16993799999,75313.56104199999,75313.56108399999,1711.6718428181816,0.0,73312.16993799999,11046.791978079706,80.19490935,46.5439791627907,189.23703131211371,0.5842241342892098,42,64,,False,True,,484,59.56268577710819
54,2026-09-21T07:58:19.816+00:00,2026-09-21T07:59:33.197+00:00,2026-09-21T07:59:37.967+00:00,True,75,75.0,,75.0,73380.980529,78151.042353,78151.04239799999,1042.01389864,0.01807,73380.980529,8467.318422480494,136.8746975,64.46029491891892,158.08367719547795,0.9596800982030788,42,64,,False,True,,82,59.56268577710819
55,2026-09-21T07:58:20.110+00:00,2026-09-21T07:59:35.343+00:00,2026-09-21T07:59:40.753+00:00,True,92,92.0,,92.0,75233.524818,80643.42357,80643.42352400001,876.5589513478261,0.01715,75233.524818,7837.531500969169,94.76946534999999,59.44943683516484,38.2601561237484,1.140824582182356,42,64,,False,True,,690,59.56268577710819
56,2026-09-21T07:58:20.410+00:00,2026-09-21T07:59:36.872+00:00,2026-09-21T07:59:43.038+00:00,True,97,97.0,,97.0,76461.52841099999,82627.843931,82627.84393399999,851.8334426185567,21.206032,76461.52841099999,7756.986424874064,82.51919499999998,64.23245333333334,15.974396765580419,1.173938413315029,42,64,,False,True,,291,59.56268577710819
57,2026-09-21T07:58:20.695+00:00,2026-09-21T07:59:38.364+00:00,2026-09-21T07:59:42.170+00:00,True,62,62.0,,62.0,77668.575602,81474.995058,81474.994997,1314.112822532258,45.531404,77668.575602,9855.998329925429,77.74086000000001,62.400318950819674,9.188446850303496,0.7609696687414802,42,64,,False,True,,178,59.56268577710819
58,2026-09-21T07:58:20.926+00:00,2026-09-21T07:59:39.552+00:00,2026-09-21T07:59:39.676+00:00,True,3,3.0,,3.0,78626.518073,78750.552633,78750.552444,26250.184148,52.130215,78626.518073,45359.23681368013,70771.0566813,62.01728,13.982295550057295,0.03809497076142252,42,64,,False,True,,12,59.56268577710819
59,2026-09-21T07:58:21.157+00:00,2026-09-21T07:59:40.711+00:00,2026-09-21T07:59:42.384+00:00,True,27,27.0,,27.0,79554.257021,81227.200893,81227.201028,3008.4148528888886,42.347794,79554.257021,15297.844556416228,81.21640500000001,64.34399507692308,10.79598952124316,0.33240096547912446,42,64,,False,True,,54,59.56268577710819
60,2026-09-21T07:58:21.470+00:00,2026-09-21T07:59:42.022+00:00,2026-09-21T07:59:48.241+00:00,True,97,97.0,,97.0,80552.347434,86771.64548199999,86771.645461,894.5530459896906,0.0,80552.347434,8174.1193937490425,79.911833,64.78435466666666,174.60103307128406,1.1178766918753635,42,64,,False,True,,873,59.56268577710819
61,2026-09-21T07:58:21.723+00:00,2026-09-21T07:59:43.358+00:00,2026-09-21T07:59:44.824+00:00,True,24,24.0,,24.0,81634.58477500001,83100.37037500001,83100.370334,3462.515430583334,43.536953000000004,81634.58477500001,16650.584150889295,77.60177715,63.729808695652174,10.396613686166832,0.28880737705135645,42,64,,False,True,,85,59.56268577710819
62,2026-09-21T07:58:22.140+00:00,2026-09-21T07:59:46.976+00:00,2026-09-21T07:59:47.616+00:00,True,32,32.0,,32.0,84835.80461,85476.01171400001,85476.011696,2671.1253655,0.0,84835.80461,14993.3715512982,77.37268694999999,20.65184206451613,30.0457641419672,0.374374042006908,42,64,,False,True,,64,59.56268577710819
63,2026-09-21T07:58:22.473+00:00,2026-09-21T07:59:47.353+00:00,2026-09-21T07:59:50.608+00:00,True,52,52.0,,52.0,84880.469939,88135.790771,88135.790645,1694.9190508653846,40.523314,84880.469939,11761.955739299707,78.41645445,63.82982023529412,9.808666349836244,0.5899986775532507,42,64,,False,True,,295,59.56268577710819
64,2026-09-21T07:58:22.775+00:00,2026-09-21T07:59:48.639+00:00,2026-09-21T07:59:52.188+00:00,True,58,58.0,,58.0,85864.10695,89413.194694,89413.194652,1541.6068043448277,42.579094,85864.10695,11266.33816696492,77.0586695,62.2646972631579,9.962925641717874,0.6486738360987345,42,64,,False,True,,572,59.56268577710819
65,2026-09-21T07:58:23.280+00:00,2026-09-21T07:59:50.304+00:00,2026-09-21T07:59:52.731+00:00,True,39,39.0,,39.0,87023.675434,89451.25892200001,89451.258948,2293.6220243076923,43.787944,87023.675434,13924.714235889685,77.70015599999999,63.883776,9.777709826453735,0.43599162795469815,42,64,,False,True,,117,59.56268577710819
66,2026-09-21T07:58:23.523+00:00,2026-09-21T07:59:52.590+00:00,2026-09-21T07:59:56.081+00:00,True,56,56.0,,56.0,89067.03234,92558.011668,92558.011667,1652.8216369107145,0.01507,89067.03234,11895.06296900175,238.14510874999996,63.47235141818182,188.20894744254142,0.6050259614572169,42,64,,False,True,,336,59.56268577710819
67,2026-09-21T07:58:23.761+00:00,2026-09-21T07:59:54.096+00:00,2026-09-21T07:59:54.096+00:00,True,2,2.0,,2.0,90335.165458,90335.282962,90335.282788,45167.641394,0.11733,90335.165458,63876.52511012194,85818.41305160002,0.117504,nan,0.0221397435688701,42,64,,False,True,,8,59.56268577710819
68,2026-09-21T07:58:24.090+00:00,2026-09-21T07:59:55.595+00:00,2026-09-21T08:00:00.981+00:00,True,87,87.0,,87.0,91504.66950599999,96890.320962,96890.32080999999,1113.6818483908046,40.290813,91504.66950599999,9803.621562167591,78.13834499999999,62.623854139534885,10.18249463348857,0.8979225080090409,42,64,,False,True,,174,59.56268577710819
69,2026-09-21T07:58:24.380+00:00,2026-09-21T07:59:57.093+00:00,2026-09-21T07:59:57.093+00:00,True,1,1.0,,1.0,92712.970418,92712.970418,92712.970418,92712.970418,92712.970418,92712.970418,nan,92712.970418,nan,nan,0.0107859773610042,42,64,,False,True,,2,59.56268577710819
70,2026-09-21T07:58:24.653+00:00,2026-09-21T07:59:58.521+00:00,2026-09-21T08:00:02.898+00:00,True,53,53.0,,53.0,93868.091654,98244.870406,98244.870299,1853.6767980943396,0.0,93868.091654,12884.789239183006,81.691437,84.16882215384616,260.1843940778332,0.5394683689944915,42,64,,False,True,,367,59.56268577710819
71,2026-09-21T07:58:24.980+00:00,2026-09-21T08:00:00.165+00:00,2026-09-21T08:00:04.565+00:00,True,70,70.0,,70.0,95184.360025,99584.601945,99584.601762,1422.6371680285715,0.0,95184.360025,11371.377619174056,77.0837125,63.771622028985504,230.0111925400953,0.7029199156578503,42,64,,False,True,,162,59.56268577710819
72,2026-09-21T07:58:25.259+00:00,2026-09-21T08:00:02.903+00:00,2026-09-21T08:00:05.015+00:00,True,55,55.0,,55.0,97644.073977,99755.15365699999,99755.15364199999,1813.7300662181817,0.0,97644.073977,13161.090762336315,76.8206807,39.094068148148146,31.905190822274832,0.5513499602147177,42,64,,False,True,,165,59.56268577710819
73,2026-09-21T07:58:25.640+00:00,2026-09-21T08:00:03.670+00:00,2026-09-21T08:00:04.707+00:00,True,17,17.0,,17.0,98030.508145,99067.466865,99067.466837,5827.498049235294,49.904294,98030.508145,23760.173768785895,19670.3885466,64.80992,9.858069825923694,0.17160022899511532,42,64,,False,True,,17,59.56268577710819
74,2026-09-21T07:58:26.014+00:00,2026-09-21T08:00:05.352+00:00,2026-09-21T08:00:09.568+00:00,True,69,69.0,,69.0,99338.913674,103554.545546,103554.545415,1500.7905132608696,45.303304,99338.913674,11951.54032038314,78.644941,61.99458635294118,9.50500761263277,0.6663155116580516,42,64,,False,True,,119,59.56268577710819
75,2026-09-21T07:58:26.368+00:00,2026-09-21T08:00:06.932+00:00,2026-09-21T08:00:12.214+00:00,True,86,86.0,,86.0,100563.57993600001,105846.04521600001,105846.045171,1230.7679671046512,40.664513,100563.57993600001,10837.352308465777,76.853212,62.14665035294118,9.420532622930834,0.8125008338714953,42,64,,False,True,,342,59.56268577710819
76,2026-09-21T07:58:26.705+00:00,2026-09-21T08:00:08.964+00:00,2026-09-21T08:00:09.846+00:00,True,16,16.0,,16.0,102259.08809199999,103141.63221999998,103141.63227799999,6446.352017374999,44.662444,102259.08809199999,25550.064664504353,25621.78102825,58.8362752,9.679529242792894,0.15512649601930065,42,64,,True,True,,32,59.56268577710819
77,2026-09-21T07:58:27.100+00:00,2026-09-21T08:00:11.078+00:00,2026-09-21T08:00:14.795+00:00,True,59,59.0,,59.0,103978.711855,107695.191343,107695.191432,1825.342227661017,45.109994,103978.711855,13528.536239855865,76.2626171,64.07723255172414,9.273476561969495,0.547842473412671,42,64,,True,True,,174,59.56268577710819
78,2026-09-21T07:58:27.367+00:00,2026-09-21T08:00:12.209+00:00,2026-09-21T08:00:12.334+00:00,True,3,3.0,,3.0,104842.030286,104966.886862,104966.88681699999,34988.96227233333,51.410075,104842.030286,60494.53243551831,94365.171903,62.428288,15.581963422145746,0.02858044179155376,42,64,,True,True,,3,59.56268577710819
79,2026-09-21T07:58:27.714+00:00,2026-09-21T08:00:14.173+00:00,2026-09-21T08:00:16.347+00:00,True,36,36.0,,36.0,106459.390353,108633.149073,108633.14899399999,3017.5874720555553,44.348023999999995,106459.390353,17732.882813384746,76.34955125,62.107392,9.202348264106455,0.3313905590254821,42,64,,True,True,,180,59.56268577710819
80,2026-09-21T07:58:27.947+00:00,2026-09-21T08:00:15.657+00:00,2026-09-21T08:00:16.797+00:00,True,19,19.0,,19.0,107709.604569,108849.598169,108849.59815,5728.926218421053,50.528595,107709.604569,24695.749678305605,10838.6286093,63.33297777777778,8.189766684385493,0.1745527803465161,42,64,,True,True,,76,59.56268577710819
81,2026-09-21T07:58:28.247+00:00,2026-09-21T08:00:16.975+00:00,2026-09-21T08:00:20.267+00:00,True,52,52.0,,52.0,108728.100164,112020.279108,112020.279009,2154.2361347884616,45.326142999999995,108728.100164,15068.925883283177,77.93307605,64.55252831372549,9.736745797155644,0.46420166432424453,42,64,,True,True,,668,59.56268577710819
82,2026-09-21T07:58:28.662+00:00,2026-09-21T08:00:19.050+00:00,2026-09-21T08:00:21.460+00:00,True,39,39.0,,39.0,110387.394476,112798.156204,112798.156325,2892.2604185897435,45.008264000000004,110387.394476,17665.9732019055,76.1112961,63.44109810526316,8.990583493373931,0.3457503323854597,42,64,,True,True,,79,59.56268577710819
83,2026-09-21T07:58:29.078+00:00,2026-09-21T08:00:21.228+00:00,2026-09-21T08:00:21.839+00:00,True,11,11.0,,11.0,112150.689894,112761.185894,112761.18583,10251.016893636363,49.195733999999995,112150.689894,33796.299068770386,56113.928165,61.0496,8.260449066415914,0.09755129757450794,42,64,,True,True,,99,59.56268577710819
84,2026-09-21T07:58:29.375+00:00,2026-09-21T08:00:22.687+00:00,2026-09-21T08:00:25.747+00:00,True,50,50.0,,50.0,113312.08409199999,116372.232572,116372.232509,2327.44465018,45.728523,113312.08409199999,16015.919713975467,79.374407,62.452009795918364,10.151195482688367,0.4296557597540701,42,64,,True,True,,150,59.56268577710819
85,2026-09-21T07:58:29.789+00:00,2026-09-21T08:00:24.764+00:00,2026-09-21T08:00:30.908+00:00,True,99,99.0,,99.0,114975.782183,121119.67056700001,121119.67059000001,1223.431016060606,42.393453,114975.782183,11549.204149766003,77.25935290000001,62.692738612244895,9.798055118488023,0.8173734252788937,42,64,,True,True,,207,59.56268577710819
86,2026-09-21T07:58:30.063+00:00,2026-09-21T08:00:26.392+00:00,2026-09-21T08:00:32.002+00:00,True,90,90.0,,90.0,116328.714625,121938.87219299999,121938.872192,1354.876357688889,39.537533,116328.714625,12255.482367865605,77.23524545000001,63.035478292134826,9.586860637698546,0.7380747286029641,42,64,,True,True,,91,59.56268577710819
87,2026-09-21T07:58:30.488+00:00,2026-09-21T08:00:28.612+00:00,2026-09-21T08:00:28.689+00:00,True,2,2.0,,2.0,118124.500846,118200.930414,118200.930572,59100.465286,76.42972599999999,118124.500846,83472.59159494383,112222.09729,76.429568,nan,0.016920340584418235,42,64,,True,True,,5,59.56268577710819
88,2026-09-21T07:58:30.927+00:00,2026-09-21T08:00:30.788+00:00,2026-09-21T08:00:31.474+00:00,True,12,12.0,,12.0,119861.388983,120547.637175,120547.637144,10045.636428666667,51.715773,119861.388983,34582.99409177292,53978.9707671,62.386199272727275,7.985012170064378,0.09954570890991005,42,64,,True,True,,35,59.56268577710819
89,2026-09-21T07:58:31.255+00:00,2026-09-21T08:00:32.578+00:00,2026-09-21T08:00:33.115+00:00,True,9,9.0,,9.0,121323.150632,121859.728424,121859.72858200001,13539.969842444445,59.062135000000005,121323.150632,40418.69315296107,72823.52032519999,67.072224,5.74202596670329,0.0738554083157424,42,64,,True,True,,33,59.56268577710819
90,2026-09-21T07:58:31.540+00:00,2026-09-21T08:00:33.711+00:00,2026-09-21T08:00:36.598+00:00,True,48,48.0,,48.0,122170.080698,125057.43737,125057.437241,2605.3632758541667,45.600173999999996,122170.080698,17624.867544993507,77.04436465,61.43312068085106,9.311379061623429,0.38382363343961107,42,64,,True,True,,144,59.56268577710819
91,2026-09-21T07:58:31.938+00:00,2026-09-21T08:00:35.940+00:00,2026-09-21T08:00:37.353+00:00,True,24,24.0,,24.0,124001.480281,125414.665561,125414.665645,5225.611068541666,45.464023999999995,124001.480281,25299.155779682707,78.442135,61.442838260869564,9.134692293513824,0.19136517960355062,42,64,,True,True,,188,59.56268577710819
92,2026-09-21T07:58:32.248+00:00,2026-09-21T08:00:37.304+00:00,2026-09-21T08:00:38.731+00:00,True,24,24.0,,24.0,125056.25081999999,126483.04838799998,126483.04833599999,5270.127014,46.842563999999996,125056.25081999999,25514.339492841093,76.3306635,62.03467686956522,10.233991000686006,0.18974874740824943,42,64,,True,True,,72,59.56268577710819
93,2026-09-21T07:58:32.646+00:00,2026-09-21T08:00:39.386+00:00,2026-09-21T08:00:44.020+00:00,True,72,72.0,,72.0,126739.667242,131373.28669799998,131373.286917,1824.6289849583334,46.265663,126739.667242,14928.724576581191,79.30993745,65.26224585915493,9.177173628762226,0.5480566240647774,42,64,,True,True,,320,59.56268577710819
95,2026-09-21T07:58:33.436+00:00,2026-09-21T08:00:42.789+00:00,2026-09-21T08:00:48.477+00:00,True,89,89.0,,89.0,129353.286943,135041.113631,135041.113506,1517.3158820898877,42.805082999999996,129353.286943,13704.573222196177,79.2237702,64.63439418181818,9.795561724226207,0.6590585460009802,42,64,,True,True,,270,59.56268577710819
94,2026-09-21T07:58:33.401+00:00,2026-09-21T08:00:43.308+00:00,2026-09-21T08:00:48.645+00:00,True,84,84.0,,84.0,129907.057906,135244.28517,135244.285242,1610.0510147857144,43.691453,129907.057906,14167.009287501554,78.37125585,64.30394293975904,9.833227053519547,0.6210983325056086,42,64,,True,True,,169,59.56268577710819
96,2026-09-21T07:58:33.740+00:00,2026-09-21T08:00:45.372+00:00,2026-09-21T08:00:46.462+00:00,True,18,18.0,,18.0,131632.746084,132722.581348,132722.581435,7373.476746388889,51.086834,131632.746084,31011.026656250375,19811.011343200003,64.10795670588236,9.089313024140408,0.13562123202534623,42,64,,True,True,,110,59.56268577710819
97,2026-09-21T07:58:34.003+00:00,2026-09-21T08:00:46.869+00:00,2026-09-21T08:00:50.996+00:00,True,66,66.0,,66.0,132866.349998,136993.31473399999,136993.314574,2075.6562814242425,43.402274,132866.349998,16346.904415888172,77.31264350000001,63.49176516923077,9.27251653250836,0.48177533427928393,42,64,,True,True,,301,59.56268577710819
98,2026-09-21T07:58:34.367+00:00,2026-09-21T08:00:48.779+00:00,2026-09-21T08:00:51.303+00:00,True,41,41.0,,41.0,134412.50291299997,136935.75078499998,136935.75082999998,3339.8963617073164,46.771374,134412.50291299997,20981.856154561898,76.885125,63.081196799999994,8.188117483731965,0.2994104882396509,42,64,,True,True,,164,59.56268577710819
99,2026-09-21T07:58:34.632+00:00,2026-09-21T08:00:50.316+00:00,2026-09-21T08:00:52.321+00:00,True,33,33.0,,33.0,135684.39274900002,137689.39626900002,137689.39617700002,4172.405944757576,46.386364,135684.39274900002,23608.716385640284,80.188146,62.65636,10.85590131121672,0.2396698721485335,42,64,,True,True,,180,59.56268577710819
100,2026-09-21T07:58:34.960+00:00,2026-09-21T08:00:51.960+00:00,2026-09-21T08:00:53.094+00:00,True,20,20.0,,20.0,137000.496637,138134.021117,138134.021271,6906.70106355,42.073322999999995,137000.496637,30620.903566991856,6925.11011105,59.65918315789474,9.59628446310208,0.14478692387489342,42,64,,True,True,,140,59.56268577710819
101,2026-09-21T07:58:35.263+00:00,2026-09-21T08:00:53.508+00:00,2026-09-21T08:00:53.904+00:00,True,7,7.0,,7.0,138245.545961,138640.885225,138640.88504,19805.84072,55.196234,138245.545961,52227.001522687504,96795.2777405,65.88987733333333,8.806833350702048,0.050490156555475785,42,64,,True,True,,14,59.56268577710819
102,2026-09-21T07:58:35.635+00:00,2026-09-21T08:00:55.682+00:00,2026-09-21T08:00:57.698+00:00,True,33,33.0,,33.0,140047.13294299998,142063.081999,142063.08197399997,4304.941878,44.428343,140047.13294299998,24368.111456845494,75.05308140000001,62.998408,8.528725219995142,0.23229117329886095,42,64,,True,True,,132,59.56268577710819
103,2026-09-21T07:58:35.977+00:00,2026-09-21T08:00:57.361+00:00,2026-09-21T08:01:02.832+00:00,True,86,86.0,,86.0,141383.714044,146854.478844,146854.478709,1707.6102175465116,42.420902999999996,141383.714044,15238.860849291212,76.216858,64.36193882352941,9.940971572265116,0.5856137359716195,42,64,,True,True,,512,59.56268577710819
104,2026-09-21T07:58:36.257+00:00,2026-09-21T08:00:58.890+00:00,2026-09-21T08:01:00.740+00:00,True,30,30.0,,30.0,142632.968137,144483.142857,144483.142784,4816.104759466666,45.584393,142632.968137,26029.452563497598,81.56048755,63.79912827586207,11.853873975267517,0.2076366793162303,42,64,,True,True,,97,59.56268577710819
105,2026-09-21T07:58:36.677+00:00,2026-09-21T08:01:00.812+00:00,2026-09-21T08:01:04.037+00:00,True,51,51.0,,51.0,144134.763947,147359.243435,147359.243356,2889.39692854902,44.606423,144134.763947,20173.87590302157,77.55674049999999,64.48958976,9.761733217902085,0.34609298209715655,42,64,,True,True,,386,59.56268577710819
106,2026-09-21T07:58:37.084+00:00,2026-09-21T08:01:02.989+00:00,2026-09-21T08:01:04.635+00:00,True,27,27.0,,27.0,145904.793556,147550.648276,147550.64814799998,5464.838820296296,46.786483,145904.793556,28067.20943379876,77.72207200000001,63.302104615384614,8.767440355134768,0.18298801337351842,42,64,,True,True,,81,59.56268577710819
107,2026-09-21T07:58:37.471+00:00,2026-09-21T08:01:04.951+00:00,2026-09-21T08:01:11.021+00:00,True,97,97.0,,97.0,147479.637151,153550.024607,153550.024563,1582.9899439484536,41.995923000000005,147479.637151,14967.871490392974,77.62407999999999,63.233202666666664,10.212517620547343,0.6317159521677992,42,64,,True,True,,392,59.56268577710819
108,2026-09-21T07:58:37.815+00:00,2026-09-21T08:01:07.004+00:00,2026-09-21T08:01:13.104+00:00,True,97,97.0,,97.0,149189.10237900002,155288.66257100002,155288.66272100003,1600.9140486701033,43.123843,149189.10237900002,15141.410298802683,78.032704,63.53708533333334,9.918157815415583,0.6246431542009727,42,64,,True,True,,294,59.56268577710819
109,2026-09-21T07:58:38.089+00:00,2026-09-21T08:01:08.600+00:00,2026-09-21T08:01:09.696+00:00,True,19,19.0,,19.0,150510.813008,151606.531664,151606.53169,7979.291141578948,43.272834,150510.813008,34515.585218201944,15121.7103092,60.873258666666665,11.722834758535518,0.12532441571916572,42,64,,True,True,,133,59.56268577710819
110,2026-09-21T07:58:38.427+00:00,2026-09-21T08:01:10.305+00:00,2026-09-21T08:01:13.388+00:00,True,49,49.0,,49.0,151877.548751,154960.121295,154960.121309,3162.451455285714,45.743154000000004,151877.548751,21687.62120747479,79.649795,64.22026133333334,11.239750219909377,0.31621038748877806,42,64,,True,True,,196,59.56268577710819
111,2026-09-21T07:58:38.666+00:00,2026-09-21T08:01:12.036+00:00,2026-09-21T08:01:17.854+00:00,True,92,92.0,,92.0,153369.481994,159187.604234,159187.604106,1730.3000446304347,43.745153,153369.481994,15983.211385460458,77.19804805,63.93540923076923,10.290697667532603,0.5779344468603431,42,64,,True,True,,107,59.56268577710819
112,2026-09-21T07:58:38.989+00:00,2026-09-21T08:01:13.559+00:00,2026-09-21T08:01:13.896+00:00,True,6,6.0,,6.0,154569.895883,154906.462155,154906.462378,25817.743729666665,55.124424,154569.895883,63075.41567662191,115945.79308125,67.3132544,8.55796280740579,0.038733051652786295,42,64,,True,True,,27,59.56268577710819
113,2026-09-21T07:58:39.297+00:00,2026-09-21T08:01:15.390+00:00,2026-09-21T08:01:17.663+00:00,True,37,37.0,,37.0,156092.36279699998,158366.22852499998,158366.22864599997,4280.168341783783,44.691364,156092.36279699998,25651.04416950144,77.2228212,63.162936888888886,9.535114214001554,0.2336356705884368,42,64,,True,True,,88,59.56268577710819
114,2026-09-21T07:58:39.706+00:00,2026-09-21T08:01:17.310+00:00,2026-09-21T08:01:20.158+00:00,True,46,46.0,,46.0,157603.411147,160452.066507,160452.066529,3488.088402804348,42.885503,157603.411147,23228.02399402587,78.17813024999998,63.303452444444446,10.550340596668947,0.28668998163381815,42,64,,True,True,,138,59.56268577710819
115,2026-09-21T07:58:40.128+00:00,2026-09-21T08:01:19.632+00:00,2026-09-21T08:01:23.366+00:00,True,60,60.0,,60.0,159504.112666,163238.473242,163238.473084,2720.6412180666666,46.583413,159504.112666,20583.723416633195,76.907638,63.29424705084745,9.746110566733869,0.36756040906514964,42,64,,True,True,,0,59.56268577710819
116,2026-09-21T07:58:40.526+00:00,2026-09-21T08:01:21.779+00:00,2026-09-21T08:01:27.075+00:00,True,85,85.0,,85.0,161252.55538499999,166548.808569,166548.808543,1959.3977475647057,44.192353000000004,161252.55538499999,17483.459342720536,77.559014,63.050633142857144,9.9755559784395,0.5103609009894844,42,64,,True,True,,335,59.56268577710819
117,2026-09-21T07:58:40.801+00:00,2026-09-21T08:01:23.236+00:00,2026-09-21T08:01:27.382+00:00,True,67,67.0,,67.0,162434.718498,166581.10237,166581.102322,2486.285109283582,47.778983,162434.718498,19836.886238755727,77.7695661,62.823998060606066,9.216301163003836,0.40220648709109635,42,64,,True,True,,267,59.56268577710819
118,2026-09-21T07:58:41.060+00:00,2026-09-21T08:01:24.570+00:00,2026-09-21T08:01:30.479+00:00,True,95,95.0,,95.0,163510.34460299998,169418.84841099998,169418.848362,1783.3562985473682,41.934512000000005,163510.34460299998,16769.361447018648,78.97512329999999,62.8564234893617,10.066842214218093,0.5607404423475698,42,64,,True,True,,285,59.56268577710819
119,2026-09-21T07:58:41.455+00:00,2026-09-21T08:01:26.461+00:00,2026-09-21T08:01:29.268+00:00,True,46,46.0,,46.0,165005.88243599999,167813.64358799998,167813.643575,3648.122686413043,42.701292,165005.88243599999,24319.592765225872,77.9397365,62.39469226666667,10.643348861762446,0.27411358824277005,42,64,,True,True,,92,59.56268577710819
120,2026-09-21T07:58:41.704+00:00,2026-09-21T08:01:27.575+00:00,2026-09-21T08:01:30.478+00:00,True,47,47.0,,47.0,165870.081258,168773.699306,168773.699215,3590.9297705319145,39.764253,165870.081258,24185.432658860354,76.541255,63.12213147826087,9.882808194453077,0.27847940877793587,42,64,,True,True,,121,59.56268577710819
121,2026-09-21T07:58:42.130+00:00,2026-09-21T08:01:29.689+00:00,2026-09-21T08:01:31.345+00:00,True,27,27.0,,27.0,167558.320778,169215.088266,169215.08814799998,6267.225486962962,49.446793,167558.320778,32234.35182565599,79.010471,63.72182646153846,9.071177560457725,0.15956023943655057,42,64,,True,True,,297,59.56268577710819
122,2026-09-21T07:58:42.419+00:00,2026-09-21T08:01:31.110+00:00,2026-09-21T08:01:33.027+00:00,True,33,33.0,,33.0,168690.80339500002,170608.66605100004,170608.66600800003,5169.959576000001,44.087921,168690.80339500002,29354.867958234638,77.952868,59.933208,9.058811482254477,0.19342511001249674,42,64,,True,True,,264,59.56268577710819
123,2026-09-21T07:58:42.676+00:00,2026-09-21T08:01:32.617+00:00,2026-09-21T08:01:35.639+00:00,True,48,48.0,,48.0,169940.944529,172963.302033,172963.301932,3603.4021235833334,45.916502,169940.944529,24519.582374312333,77.547755,64.30547880851064,8.820735318674668,0.27751551592627427,42,64,,True,True,,192,59.56268577710819
125,2026-09-21T07:58:43.526+00:00,2026-09-21T08:01:33.938+00:00,2026-09-21T08:01:35.461+00:00,True,24,24.0,,24.0,170412.566273,171934.999041,171934.999185,7163.958299375,48.704612000000004,170412.566273,34771.8090958694,76.23770200000001,66.19272904347825,9.356556819319476,0.13958763564058826,42,64,,True,True,,100,59.56268577710819
124,2026-09-21T07:58:43.485+00:00,2026-09-21T08:01:34.415+00:00,2026-09-21T08:01:36.023+00:00,True,26,26.0,,26.0,170929.799442,172538.22645,172538.22660899998,6636.085638807692,44.128432999999994,170929.799442,33509.47547456517,76.44448675000001,64.33708032,9.775494387489152,0.1506912441083574,42,64,,True,True,,78,59.56268577710819
126,2026-09-21T07:58:43.817+00:00,2026-09-21T08:01:38.436+00:00,2026-09-21T08:01:38.810+00:00,True,7,7.0,,7.0,174619.07301499997,174992.65381499997,174992.653695,24998.950527857138,46.850192,174619.07301499997,65976.27321763837,122255.86816669999,62.263466666666666,10.368801112095202,0.04000167919848974,42,64,,True,True,,21,59.56268577710819
127,2026-09-21T07:58:44.151+00:00,2026-09-21T08:01:39.919+00:00,2026-09-21T08:01:41.111+00:00,True,20,20.0,,20.0,175768.23563100002,176960.272239,176960.272196,8848.0136098,50.862162,175768.23563100002,39288.94436358234,8860.34192835,62.73876884210526,8.458839365388725,0.11301971762898447,42,64,,True,True,,120,59.56268577710819
128,2026-09-21T07:58:44.504+00:00,2026-09-21T08:01:41.567+00:00,2026-09-21T08:01:42.454+00:00,True,16,16.0,,16.0,177062.71334299998,177949.40390299997,177949.404021,11121.8377513125,44.246303,177062.71334299998,44250.90071107709,44318.177521249985,59.112704,7.243272028027744,0.08991319807242279,42,64,,True,True,,16,59.56268577710819
129,2026-09-21T07:58:44.745+00:00,2026-09-21T08:01:43.099+00:00,2026-09-21T08:01:48.520+00:00,True,87,87.0,,87.0,178354.210001,183774.999505,183774.999464,2112.356315678161,42.82296100000001,178354.210001,19114.82278496213,76.957894,63.03243609302326,9.125747502110537,0.47340498018955496,42,64,,True,True,,435,59.56268577710819
130,2026-09-21T07:58:44.980+00:00,2026-09-21T08:01:44.110+00:00,2026-09-21T08:01:48.220+00:00,True,66,66.0,,66.0,179130.151282,183239.665778,183239.665725,2776.3585715909094,42.472432,179130.151282,22041.61666323365,75.44451675,63.223299938461544,8.229706609857745,0.3601840230376804,42,64,,True,True,,66,59.56268577710819
131,2026-09-21T07:58:45.300+00:00,2026-09-21T08:01:45.607+00:00,2026-09-21T08:01:50.982+00:00,True,86,86.0,,86.0,180307.232429,185681.625517,185681.625451,2159.0886680348835,45.906593,180307.232429,19436.212637848024,76.87601674999999,63.22815397647059,8.422629182185801,0.4631583753133737,42,64,,True,True,,172,59.56268577710819
132,2026-09-21T07:58:45.592+00:00,2026-09-21T08:01:47.108+00:00,2026-09-21T08:01:51.055+00:00,True,63,63.0,,63.0,181515.64972999998,185462.618818,185462.61871299997,2943.8510906825395,43.604363,181515.64972999998,22860.80342827664,74.58009300000002,63.66079174193548,8.719917188619622,0.33969109463413644,42,64,,True,True,,252,59.56268577710819
133,2026-09-21T07:58:46.016+00:00,2026-09-21T08:01:49.380+00:00,2026-09-21T08:01:53.019+00:00,True,58,58.0,,58.0,183363.335119,187002.559183,187002.559085,3224.182053189655,45.392442,183363.335119,24068.403585921216,76.6718435,63.846036210526314,8.655996297827848,0.310156183174164,42,64,,True,True,,123,59.56268577710819
134,2026-09-21T07:58:46.416+00:00,2026-09-21T08:01:51.416+00:00,2026-09-21T08:01:54.619+00:00,True,52,52.0,,52.0,184999.466898,188202.14901000002,188202.148901,3619.2720942500005,43.529233,184999.466898,25646.10348911518,77.80294205,62.797688470588234,9.741596447335729,0.2762986516016722,42,64,,True,True,,156,59.56268577710819
135,2026-09-21T07:58:46.658+00:00,2026-09-21T08:01:52.252+00:00,2026-09-21T08:01:55.987+00:00,True,60,60.0,,60.0,185593.949127,189328.961223,189328.961199,3155.48268665,44.183001,185593.949127,23951.9050093717,77.8775745,63.305289762711865,9.578787536890367,0.31690872654886304,42,64,,True,True,,120,59.56268577710819
136,2026-09-21T07:58:46.949+00:00,2026-09-21T08:01:54.064+00:00,2026-09-21T08:01:57.356+00:00,True,53,53.0,,53.0,187114.38626600002,190406.31279400003,190406.31287300002,3592.571941,42.077961,187114.38626600002,25693.44332205424,75.388674,63.30627938461539,8.829951944172597,0.27835211565354206,42,64,,True,True,,130,59.56268577710819
137,2026-09-21T07:58:47.233+00:00,2026-09-21T08:01:55.347+00:00,2026-09-21T08:01:55.603+00:00,True,5,5.0,,5.0,188113.506365,188370.02143700002,188370.021299,37674.0042598,57.037963000000005,188113.506365,84098.23850373214,150504.8954348,64.128768,6.724296679459248,0.026543501783654253,42,64,,True,True,,9,59.56268577710819
138,2026-09-21T07:58:47.555+00:00,2026-09-21T08:01:57.119+00:00,2026-09-21T08:02:03.052+00:00,True,96,96.0,,96.0,189564.303657,195497.46384900002,195497.463888,2036.4319155,44.114812,189564.303657,19340.953398156835,76.119929,62.45431781052632,8.595919158072295,0.4910549636293456,42,64,,True,True,,255,59.56268577710819
139,2026-09-21T07:58:47.893+00:00,2026-09-21T08:01:58.766+00:00,2026-09-21T08:02:04.908+00:00,True,99,99.0,,99.0,190872.759811,197014.441987,197014.44207299998,1990.0448694242423,41.381582,190872.759811,19177.1374968419,75.94881099999999,62.670226285714286,8.671137769898376,0.5025012329123187,42,64,,True,True,,297,59.56268577710819
140,2026-09-21T07:58:48.245+00:00,2026-09-21T08:02:00.689+00:00,2026-09-21T08:02:01.398+00:00,True,13,13.0,,13.0,192444.151289,193152.412665,193152.412707,14857.877900538462,49.614953,192444.151289,53358.03504324374,77022.229184,59.02178133333334,7.628390821550545,0.06730436250126971,42,64,,True,True,,61,59.56268577710819
141,2026-09-21T07:58:48.667+00:00,2026-09-21T08:02:03.301+00:00,2026-09-21T08:02:05.131+00:00,True,30,30.0,,30.0,194633.908056,196464.393304,196464.393415,6548.813113833333,48.954893,194633.908056,35523.60403304635,76.71318049999999,63.120180965517235,7.909466398056853,0.15269942555738014,42,64,,True,True,,180,59.56268577710819
142,2026-09-21T07:58:48.905+00:00,2026-09-21T08:02:04.688+00:00,2026-09-21T08:02:08.607+00:00,True,63,63.0,,63.0,195782.68568599998,199702.16754199998,199702.16754799997,3169.875675365079,48.600053,195782.68568599998,24658.336696822396,77.14317700000001,63.21744929032258,8.594404833048626,0.31546978570851153,42,64,,True,True,,315,59.56268577710819
143,2026-09-21T07:58:49.222+00:00,2026-09-21T08:02:06.274+00:00,2026-09-21T08:02:09.692+00:00,True,55,55.0,,55.0,197052.20177900002,200470.270259,200470.27028400003,3644.914005163637,41.398792,197052.20177900002,26561.979845896632,76.902991,63.29756444444445,8.76788754369567,0.2743548952617367,42,64,,True,True,,275,59.56268577710819
144,2026-09-21T07:58:49.502+00:00,2026-09-21T08:02:07.830+00:00,2026-09-21T08:02:11.668+00:00,True,62,62.0,,62.0,198328.73649399998,202166.04030199998,202166.04043099997,3260.742587596774,47.267552,198328.73649399998,25179.786940577542,76.40364749999999,62.906619803278694,8.365996830723837,0.3066786088671622,42,64,,True,True,,741,59.56268577710819
145,2026-09-21T07:58:49.896+00:00,2026-09-21T08:02:09.691+00:00,2026-09-21T08:02:10.367+00:00,True,12,12.0,,12.0,199794.53538400002,200470.40636000002,200470.40642,16705.867201666668,48.785413,199794.53538400002,57657.978145018606,89949.95051750001,61.442816,9.860354803457815,0.05985920923635323,42,64,,True,True,,12,59.56268577710819
146,2026-09-21T07:58:50.207+00:00,2026-09-21T08:02:11.867+00:00,2026-09-21T08:02:11.867+00:00,True,1,1.0,,1.0,201659.362789,201659.362789,201659.362789,201659.362789,201659.362789,201659.362789,nan,201659.362789,nan,nan,0.004958857283737026,42,64,,True,True,,5,59.56268577710819
147,2026-09-21T07:58:50.525+00:00,2026-09-21T08:02:13.525+00:00,2026-09-21T08:02:16.535+00:00,True,48,48.0,,48.0,202999.57078600003,206009.96950600002,206009.96959900003,4291.874366645834,40.533713000000006,202999.57078600003,29291.221213968398,78.98578450000001,64.05103659574469,10.873767943196714,0.23299843262489295,42,64,,True,True,,144,59.56268577710819
148,2026-09-21T07:58:50.792+00:00,2026-09-21T08:02:15.047+00:00,2026-09-21T08:02:15.047+00:00,True,1,1.0,,1.0,204254.829611,204254.829611,204254.829611,204254.829611,204254.829611,204254.829611,nan,204254.829611,nan,nan,0.004895845067186337,42,64,,True,True,,3,59.56268577710819
149,2026-09-21T07:58:51.213+00:00,2026-09-21T08:02:17.216+00:00,2026-09-21T08:02:21.137+00:00,True,63,63.0,,63.0,206003.00029499998,209923.974631,209923.974627,3332.126581380952,43.938703000000004,206003.00029499998,25945.972576206692,77.8318851,63.2415215483871,9.682134468042172,0.30010864700299283,42,64,,True,True,,315,59.56268577710819
150,2026-09-21T07:58:51.530+00:00,2026-09-21T08:02:19.035+00:00,2026-09-21T08:02:23.186+00:00,True,67,67.0,,67.0,207505.42,211656.53910400002,211656.539125,3159.0528227611944,40.209902,207505.42,25343.14000441387,78.8768933,62.895744,10.347037668724997,0.3165505789881537,42,64,,True,True,,536,59.56268577710819
151,2026-09-21T07:58:51.806+00:00,2026-09-21T08:02:20.374+00:00,2026-09-21T08:02:23.501+00:00,True,51,51.0,,51.0,208568.123595,211694.860491,211694.860573,4150.8796190784315,43.372692,208568.123595,29196.62392237472,75.88382949999999,62.534737920000005,9.684628578411443,0.24091279250574069,42,64,,True,True,,100,59.56268577710819
152,2026-09-21T07:58:52.186+00:00,2026-09-21T08:02:22.585+00:00,2026-09-21T08:02:24.306+00:00,True,29,29.0,,29.0,210398.33586300001,212119.32197500003,212119.322126,7314.459383655173,43.885692999999996,210398.33586300001,39058.57790508091,79.517888,61.46378971428572,10.322535527779621,0.1367155039436619,42,64,,True,True,,131,59.56268577710819
153,2026-09-21T07:58:52.443+00:00,2026-09-21T08:02:23.643+00:00,2026-09-21T08:02:26.508+00:00,True,47,47.0,,47.0,211200.081664,214065.626112,214065.62632,4554.5877940425535,44.469703,211200.081664,30797.613176228588,78.283931,62.29444452173913,10.159360920106863,0.21955883741656596,42,64,,True,True,,376,59.56268577710819
154,2026-09-21T07:58:52.677+00:00,2026-09-21T08:02:24.999+00:00,2026-09-21T08:02:28.755+00:00,True,62,62.0,,62.0,212321.929963,216077.874667,216077.874737,3485.1270118870966,42.728992,212321.929963,26957.09372627123,77.78543200000001,61.572864,8.815345660717247,0.2869335886219211,42,64,,True,True,,62,59.56268577710819
156,2026-09-21T07:58:53.643+00:00,2026-09-21T08:02:26.231+00:00,2026-09-21T08:02:31.452+00:00,True,85,85.0,,85.0,212588.07226,217808.887876,217808.88785199999,2562.4575041411763,45.499771,212588.07226,23051.674347321885,77.1635936,62.15256685714286,9.211630727158616,0.3902503742105834,42,64,,True,True,,255,59.56268577710819
155,2026-09-21T07:58:53.618+00:00,2026-09-21T08:02:27.442+00:00,2026-09-21T08:02:28.373+00:00,True,16,16.0,,16.0,213824.233604,214755.475844,214755.475717,13422.2172323125,54.314472,213824.233604,53440.53798784155,53512.967968250014,62.082816,5.75008658530585,0.07450333891193779,42,64,,True,True,,93,59.56268577710819
157,2026-09-21T07:58:53.663+00:00,2026-09-21T08:02:30.230+00:00,2026-09-21T08:02:36.248+00:00,True,94,94.0,,94.0,216566.97165700002,222584.565257,222584.565357,2367.920908053192,41.634812,216566.97165700002,22330.505997180047,77.33523464999999,64.70530752688171,10.100344891293407,0.4223114028210625,42,64,,True,True,,374,59.56268577710819
158,2026-09-21T07:58:53.988+00:00,2026-09-21T08:02:31.704+00:00,2026-09-21T08:02:32.268+00:00,True,10,10.0,,10.0,217715.94628499998,218279.714093,218279.713964,21827.971396399997,47.858542,217715.94628499998,68828.01920032206,119777.29511159997,62.64086755555555,10.09031906274295,0.04581277761679407,42,64,,True,True,,20,59.56268577710819
159,2026-09-21T07:58:54.396+00:00,2026-09-21T08:02:33.995+00:00,2026-09-21T08:02:36.182+00:00,True,34,34.0,,34.0,219599.15944299998,221786.38965099998,221786.38965899998,6523.129107617647,48.154422,219599.15944299998,37649.58001831536,89.84523134999999,66.27970327272728,11.659650452292704,0.15330066039445403,42,64,,True,True,,102,59.56268577710819
160,2026-09-21T07:58:54.678+00:00,2026-09-21T08:02:35.821+00:00,2026-09-21T08:02:36.991+00:00,True,19,19.0,,19.0,221143.38444800003,222313.26988800004,222313.26968900004,11700.698404684212,45.104901,221143.38444800003,50718.862841416405,22208.762019500005,64.99363555555556,12.976101092704987,0.08546498375725424,42,64,,True,True,,106,59.56268577710819
161,2026-09-21T07:58:55.008+00:00,2026-09-21T08:02:37.178+00:00,2026-09-21T08:02:41.471+00:00,True,69,69.0,,69.0,222169.55753999998,226463.31369999997,226463.31378099998,3282.0770113188405,45.573561,222169.55753999998,26738.471475483704,75.278144,63.143472941176476,8.535549105536196,0.30468511156471706,42,64,,True,True,,138,59.56268577710819
162,2026-09-21T07:58:55.381+00:00,2026-09-21T08:02:38.871+00:00,2026-09-21T08:02:40.290+00:00,True,24,24.0,,24.0,223490.291762,224909.243442,224909.24353200002,9371.2184805,50.108942000000006,223490.291762,45607.17221005433,76.8106022,61.69355130434783,7.441688347827592,0.10670970935967405,42,64,,True,True,,82,59.56268577710819
163,2026-09-21T07:58:55.790+00:00,2026-09-21T08:02:40.834+00:00,2026-09-21T08:02:46.605+00:00,True,92,92.0,,92.0,225044.785767,230815.607911,230815.607702,2508.865301108696,41.421021,225044.785767,23455.931538375196,78.16542755,63.415627956043956,10.339907013562541,0.39858656367585943,42,64,,True,True,,272,59.56268577710819
164,2026-09-21T07:58:56.135+00:00,2026-09-21T08:02:42.758+00:00,2026-09-21T08:02:48.014+00:00,True,84,84.0,,84.0,226622.61270899998,231878.99619699997,231878.99631299998,2760.4642418214285,40.753521,226622.61270899998,24719.646277744203,77.93302384999998,63.32992154216868,9.818070878542537,0.3622579076917998,42,64,,True,True,,1008,59.56268577710819
165,2026-09-21T07:58:56.479+00:00,2026-09-21T08:02:44.722+00:00,2026-09-21T08:02:46.870+00:00,True,35,35.0,,35.0,228242.59312200002,230390.31126600003,230390.31129800002,6582.5803228,47.229302000000004,228242.59312200002,38569.363659826704,76.4765337,63.16818070588236,10.14057345910305,0.15191611056764584,42,64,,True,True,,105,59.56268577710819
166,2026-09-21T07:58:56.837+00:00,2026-09-21T08:02:46.746+00:00,2026-09-21T08:02:49.897+00:00,True,51,51.0,,51.0,229908.781527,233060.415703,233060.415757,4569.812073666667,43.810111,229908.781527,32184.843695774212,77.31985300000001,63.032683520000006,9.044880054734284,0.21882737935639712,42,64,,True,True,,204,59.56268577710819
167,2026-09-21T07:58:57.229+00:00,2026-09-21T08:02:48.417+00:00,2026-09-21T08:02:52.473+00:00,True,67,67.0,,67.0,231187.86531400002,235243.69840200004,235243.69840900003,3511.0999762537317,43.131691,231187.86531400002,28236.58694728997,77.846314,61.452016484848485,9.145686548771494,0.2848110298177083,42,64,,True,True,,335,59.56268577710819
168,2026-09-21T07:58:57.624+00:00,2026-09-21T08:02:50.471+00:00,2026-09-21T08:02:55.033+00:00,True,74,74.0,,74.0,232847.22313499998,237408.983135,237408.98316499998,3208.2295022297294,45.364561,232847.22313499998,27060.677272245615,77.1443315,62.48986301369863,9.64078273636271,0.31169839920472053,42,64,,True,True,,152,59.56268577710819
169,2026-09-21T07:58:57.892+00:00,2026-09-21T08:02:52.156+00:00,2026-09-21T08:02:52.961+00:00,True,13,13.0,,13.0,234263.987398,235068.561606,235068.561474,18082.197036461537,53.910021,234263.987398,64954.54454264011,93751.9210324,67.04785066666666,7.323607691028655,0.05530301419799976,42,64,,True,True,,147,59.56268577710819
170,2026-09-21T07:58:58.172+00:00,2026-09-21T08:02:53.547+00:00,2026-09-21T08:02:53.625+00:00,True,2,2.0,,2.0,235375.082616,235452.90636,235452.906258,117726.453129,77.823642,235375.082616,166380.2874151226,223610.2196673,77.823744,nan,0.008494267626249063,42,64,,True,True,,4,59.56268577710819
171,2026-09-21T07:58:58.403+00:00,2026-09-21T08:02:54.970+00:00,2026-09-21T08:02:57.039+00:00,True,35,35.0,,35.0,236566.510032,238635.51662399998,238635.516454,6818.1576129714285,44.456222000000004,236566.510032,39976.75349978245,78.6514668,60.853135058823526,9.345265072140867,0.14666718724500202,42,64,,True,True,,70,59.56268577710819
172,2026-09-21T07:58:58.700+00:00,2026-09-21T08:02:56.159+00:00,2026-09-21T08:02:56.562+00:00,True,8,8.0,,8.0,237459.825292,237862.32077999998,237862.320686,29732.79008575,49.666391000000004,237459.825292,83934.39743194311,154371.956561,57.49935542857143,5.55553796364981,0.03363290147748638,42,64,,True,True,,32,59.56268577710819
173,2026-09-21T07:58:59.009+00:00,2026-09-21T08:02:58.061+00:00,2026-09-21T08:03:03.627+00:00,True,90,90.0,,90.0,239051.833257,244618.609065,244618.609202,2717.9845466888887,41.662942,239051.833257,25191.684232569485,77.5617345,62.54804278651685,9.153561891344541,0.36791967849054863,42,64,,True,True,,360,59.56268577710819
174,2026-09-21T07:58:59.304+00:00,2026-09-21T08:02:59.616+00:00,2026-09-21T08:02:59.976+00:00,True,7,7.0,,7.0,240311.99878999998,240672.05383,240672.05379299997,34381.72197042857,50.083722,240311.99878999998,90806.71698803021,168241.16167190002,60.00917333333334,8.618411799901573,0.029085221522829934,42,64,,True,True,,66,59.56268577710819
175,2026-09-21T07:58:59.557+00:00,2026-09-21T08:03:00.817+00:00,2026-09-21T08:03:05.532+00:00,True,75,75.0,,75.0,241259.392766,245975.126782,245975.12666100002,3279.66835548,46.251891,241259.392766,27850.878310501706,79.14703800000001,63.72613535135135,9.794539095477548,0.3049088783130098,42,64,,True,True,,265,59.56268577710819
176,2026-09-21T07:58:59.961+00:00,2026-09-21T08:03:03.085+00:00,2026-09-21T08:03:08.771+00:00,True,89,89.0,,89.0,243124.474324,248810.446036,248810.446043,2795.622989247191,43.341502,243124.474324,25764.295442277653,78.5108666,64.6133149090909,9.423740806684071,0.35770202343965385,42,64,,True,True,,780,59.56268577710819
177,2026-09-21T07:59:00.350+00:00,2026-09-21T08:03:04.881+00:00,2026-09-21T08:03:07.175+00:00,True,36,36.0,,36.0,244530.76660600002,246824.75931000002,246824.75931700002,6856.2433143611115,43.633802,244530.76660600002,40744.205110160765,80.301478,65.54264868571428,9.681173250547415,0.14585246674862845,42,64,,True,True,,209,59.56268577710819
178,2026-09-21T07:59:00.615+00:00,2026-09-21T08:03:06.259+00:00,2026-09-21T08:03:07.748+00:00,True,24,24.0,,24.0,245643.97902700002,247133.23521900002,247133.23527900001,10297.218136625,50.579972000000005,245643.97902700002,50128.65080139468,79.08339735,64.7502692173913,8.222408278739348,0.0971136074787032,42,64,,True,True,,48,59.56268577710819
180,2026-09-21T07:59:01.317+00:00,2026-09-21T08:03:08.982+00:00,2026-09-21T08:03:15.023+00:00,True,96,96.0,,96.0,247665.86574,253706.095372,253706.09539200002,2642.771827,44.130451,247665.86574,25270.80417249752,76.35560300000002,63.58136454736842,9.707056646801437,0.3783905934906242,42,64,,True,True,,576,59.56268577710819
181,2026-09-21T07:59:01.614+00:00,2026-09-21T08:03:10.506+00:00,2026-09-21T08:03:16.496+00:00,True,96,96.0,,96.0,248891.819144,254882.356104,254882.356133,2655.0245430520836,42.458331,248891.819144,25395.981196630528,78.445248,63.058283789473684,10.473172569336008,0.376644352584488,42,64,,True,True,,864,59.56268577710819
182,2026-09-21T07:59:02.014+00:00,2026-09-21T08:03:12.612+00:00,2026-09-21T08:03:16.094+00:00,True,55,55.0,,55.0,250598.622415,254080.43515099998,254080.43522699998,4619.644276854545,40.658151,250598.622415,33782.018279392716,77.88234300000002,64.47801362962963,8.858794044757738,0.2164668836752956,42,64,,True,True,,165,59.56268577710819
179,2026-09-21T07:59:01.005+00:00,2026-09-21T08:03:12.692+00:00,2026-09-21T08:03:18.867+00:00,True,99,99.0,,99.0,251687.339503,257861.911023,257861.91116,2604.6657692929293,45.344881,251687.339503,25289.198845177114,79.370452,63.0058318367347,9.557029880644224,0.3839264186294256,42,64,,True,True,,208,59.56268577710819
183,2026-09-21T07:59:02.392+00:00,2026-09-21T08:03:15.598+00:00,2026-09-21T08:03:21.745+00:00,True,99,99.0,,99.0,253205.99258000002,259352.29376400003,259352.29373600002,2619.720138747475,40.696462,253205.99258000002,25441.858520705533,77.52582120000001,62.71735902040816,10.373195007056447,0.3817201635782946,42,64,,True,True,,297,59.56268577710819
184,2026-09-21T07:59:02.643+00:00,2026-09-21T08:03:16.936+00:00,2026-09-21T08:03:20.738+00:00,True,62,62.0,,62.0,254293.38050099998,258095.54907699997,258095.54905499998,4162.831436370968,42.742411999999995,254293.38050099998,32287.377095787924,78.93762695000001,62.33063239344262,9.840630704674592,0.24022111276898842,42,64,,True,True,,552,59.56268577710819
185,2026-09-21T07:59:02.972+00:00,2026-09-21T08:03:18.722+00:00,2026-09-21T08:03:24.175+00:00,True,86,86.0,,86.0,255750.186461,261202.996445,261202.996391,3037.2441440813955,41.598341999999995,255750.186461,27571.336495317002,78.49364949999999,64.15070569411765,11.055325269792789,0.3292458400955156,42,64,,True,True,,344,59.56268577710819
186,2026-09-21T07:59:03.261+00:00,2026-09-21T08:03:20.606+00:00,2026-09-21T08:03:23.745+00:00,True,49,49.0,,49.0,257345.267085,260483.978381,260483.978276,5315.9995566530615,44.894922,257345.267085,36754.27007822942,79.53213699999998,65.38981866666667,11.933702594741163,0.1881113775386583,42,64,,True,True,,236,59.56268577710819
187,2026-09-21T07:59:03.501+00:00,2026-09-21T08:03:21.635+00:00,2026-09-21T08:03:22.792+00:00,True,19,19.0,,19.0,258133.648897,259290.470657,259290.470617,13646.866874578947,52.411892,258133.648897,59205.1770991367,25887.3371974,64.26787555555555,9.11086171479129,0.07327689271363147,42,64,,True,True,,79,59.56268577710819
188,2026-09-21T07:59:03.750+00:00,2026-09-21T08:03:22.794+00:00,2026-09-21T08:03:24.470+00:00,True,28,28.0,,28.0,259044.221112,260720.305848,260720.30577099998,9311.43949182143,43.790742,259044.221112,48943.025605027586,77.58634115000001,62.07721244444445,9.216259936801483,0.10739478042927736,42,64,,True,True,,182,59.56268577710819
189,2026-09-21T07:59:04.167+00:00,2026-09-21T08:03:24.775+00:00,2026-09-21T08:03:28.015+00:00,True,52,52.0,,52.0,260607.87343799998,263847.79202999995,263847.792121,5073.996002326922,44.345472,260607.87343799998,36131.00120369326,77.87973244999999,63.52781552941176,9.763853812761258,0.19708332444217502,42,64,,True,True,,104,59.56268577710819
190,2026-09-21T07:59:04.511+00:00,2026-09-21T08:03:26.757+00:00,2026-09-21T08:03:27.667+00:00,True,16,16.0,,16.0,262246.487502,263156.488142,263156.488334,16447.280520875,47.741921999999995,262246.487502,65546.45581726797,65619.49250775,60.66670933333334,9.349111059256144,0.060800324981409366,42,64,,True,True,,52,59.56268577710819
191,2026-09-21T07:59:05.609+00:00,2026-09-21T08:03:30.028+00:00,2026-09-21T08:03:30.731+00:00,True,12,12.0,,12.0,264418.224713,265121.422665,265121.42266,22093.451888333333,43.388931,264418.224713,76312.51324108067,119031.9994936,63.92708654545455,11.537808560121809,0.04526227974856209,42,64,,True,True,,0,59.56268577710819
192,2026-09-21T07:59:05.695+00:00,2026-09-21T08:03:30.729+00:00,2026-09-21T08:03:36.063+00:00,True,85,85.0,,85.0,265033.642991,270367.10807899997,270367.10802399996,3180.7895061647055,42.196301,265033.642991,28740.04922254276,77.24732379999999,63.493632,8.756594644938938,0.31438735504454707,42,64,,True,True,,510,59.56268577710819
193,2026-09-21T07:59:05.721+00:00,2026-09-21T08:03:33.251+00:00,2026-09-21T08:03:34.224+00:00,True,16,16.0,,16.0,267529.729752,268503.34792800003,268503.347732,16781.45923325,47.662181,267529.729752,66866.20599130087,66941.03583375001,64.9078784,8.628775101480436,0.05958957355083128,42,64,,True,True,,45,59.56268577710819
194,2026-09-21T07:59:05.899+00:00,2026-09-21T08:03:33.617+00:00,2026-09-21T08:03:36.897+00:00,True,53,53.0,,53.0,267717.659142,270998.34266200004,270998.34274,5113.176278113207,41.713411,267717.659142,36765.18367721758,77.8942556,63.0900676923077,9.187683007359947,0.19557315177422957,42,64,,True,True,,107,59.56268577710819
195,2026-09-21T07:59:06.218+00:00,2026-09-21T08:03:36.119+00:00,2026-09-21T08:03:36.960+00:00,True,14,14.0,,14.0,269901.50033999997,270741.584308,270741.58412799996,19338.684580571426,48.433651,269901.50033999997,72116.9398211212,94515.36224464998,64.62184369230769,9.326912002392854,0.05170982520392351,42,64,,True,True,,119,59.56268577710819
196,2026-09-21T07:59:06.557+00:00,2026-09-21T08:03:37.672+00:00,2026-09-21T08:03:39.852+00:00,True,35,35.0,,35.0,271114.929987,273295.834947,273295.834983,7808.452428085715,44.986741,271114.929987,45815.945767859164,79.451969,64.14426352941176,8.732328648258349,0.12806634981022494,42,64,,True,True,,280,59.56268577710819
197,2026-09-21T07:59:06.962+00:00,2026-09-21T08:03:39.777+00:00,2026-09-21T08:03:44.554+00:00,True,75,75.0,,75.0,272814.54343,277591.55053400004,277591.5506,3701.220674666667,45.321021,272814.54343,31494.457700151605,77.655587,64.55415005405405,10.582231282304823,0.27018113431667234,42,64,,True,True,,967,59.56268577710819
198,2026-09-21T07:59:07.216+00:00,2026-09-21T08:03:41.229+00:00,2026-09-21T08:03:41.742+00:00,True,9,9.0,,9.0,274013.335584,274526.13814399997,274526.137995,30502.904221666664,48.036151,274013.335584,91316.41223335538,164438.6404232,64.10032,9.930677722198132,0.0327837635456014,42,64,,True,True,,10,59.56268577710819
199,2026-09-21T07:59:07.596+00:00,2026-09-21T08:03:43.033+00:00,2026-09-21T08:03:44.053+00:00,True,17,17.0,,17.0,275436.279281,276456.290289,276456.290173,16262.134716058825,47.438201,275436.279281,66787.64891143369,55152.40427380001,63.750688,9.008231788421078,0.061492541848943476,42,64,,True,True,,51,59.56268577710819
200,2026-09-21T07:59:07.846+00:00,2026-09-21T08:03:44.552+00:00,2026-09-21T08:03:47.394+00:00,True,46,46.0,,46.0,276705.413278,279548.035998,279548.035867,6077.1312145,41.520211,276705.413278,40788.67466710559,78.17338199999999,63.16939377777778,9.462938449801408,0.16455132598509511,42,64,,True,True,,230,59.56268577710819
201,2026-09-21T07:59:08.215+00:00,2026-09-21T08:03:46.249+00:00,2026-09-21T08:03:46.713+00:00,True,9,9.0,,9.0,278034.177755,278497.69365900004,278497.693795,30944.188199444445,48.214461,278034.177755,92658.74636233077,166849.4688738,57.939488,7.686985366533972,0.032316246076421154,42,64,,True,True,,31,59.56268577710819
202,2026-09-21T07:59:08.608+00:00,2026-09-21T08:03:48.345+00:00,2026-09-21T08:03:52.508+00:00,True,66,66.0,,66.0,279737.215278,283900.171566,283900.171545,4301.517750681818,42.626470999999995,279737.215278,34425.3888306372,77.46761450000001,64.04548135384616,9.799882453214586,0.2324760835329632,42,64,,True,True,,594,59.56268577710819
203,2026-09-21T07:59:08.854+00:00,2026-09-21T08:03:49.753+00:00,2026-09-21T08:03:52.117+00:00,True,38,38.0,,38.0,280899.289312,283263.267808,283263.26778199995,7454.296520578947,49.414970999999994,280899.289312,45557.5181586726,76.76343935,63.891310702702704,8.606414870718497,0.13415082122739952,42,64,,True,True,,179,59.56268577710819
204,2026-09-21T07:59:09.279+00:00,2026-09-21T08:03:51.878+00:00,2026-09-21T08:03:55.956+00:00,True,65,65.0,,65.0,282598.42800300004,286676.34774700005,286676.34760800004,4410.4053478153855,43.899331,282598.42800300004,35044.11904123367,76.52062,63.717496,9.285645893517168,0.22673652887947468,42,64,,True,True,,331,59.56268577710819
205,2026-09-21T07:59:09.683+00:00,2026-09-21T08:03:53.750+00:00,2026-09-21T08:03:58.117+00:00,True,71,71.0,,71.0,284066.32801,288433.871562,288433.871742,4062.448897774648,43.300991,284066.32801,33705.067275020774,75.31772600000001,62.39347931428572,9.207724678123336,0.24615694271793687,42,64,,True,True,,79,59.56268577710819
207,2026-09-21T07:59:10.413+00:00,2026-09-21T08:03:55.326+00:00,2026-09-21T08:03:56.460+00:00,True,19,19.0,,19.0,284913.167467,286047.384427,286047.38453000004,15055.125501578948,44.010911,284913.167467,65349.108091551985,28561.378499500002,63.012053333333334,9.451273889141655,0.06642256155587693,42,64,,True,True,,114,59.56268577710819
208,2026-09-21T07:59:10.797+00:00,2026-09-21T08:03:57.332+00:00,2026-09-21T08:03:59.717+00:00,True,39,39.0,,39.0,286535.295309,288920.558157,288920.558049,7408.219437153846,44.380291,286535.295309,45872.31751358646,76.66799599999999,62.77007494736842,9.368673568337234,0.1349852023295875,42,64,,True,True,,105,59.56268577710819
209,2026-09-21T07:59:11.114+00:00,2026-09-21T08:03:59.936+00:00,2026-09-21T08:04:01.106+00:00,True,19,19.0,,19.0,288821.419991,289991.773911,289991.773995,15262.724947105262,47.249001,288821.419991,66245.26214132141,28952.232154999998,65.01966222222222,9.557496151319004,0.06551909988257529,42,64,,True,True,,110,59.56268577710819
206,2026-09-21T07:59:10.108+00:00,2026-09-21T08:03:59.941+00:00,2026-09-21T08:04:02.194+00:00,True,36,36.0,,36.0,289832.31259600003,292085.42235600005,292085.42220300005,8113.483950083334,45.093360999999994,289832.31259600003,48294.657293552234,78.16899425,64.37456457142858,9.740688466935536,0.12325161492011204,42,64,,True,True,,144,59.56268577710819
210,2026-09-21T07:59:11.368+00:00,2026-09-21T08:04:02.508+00:00,2026-09-21T08:04:05.259+00:00,True,45,45.0,,45.0,291140.055019,293890.654187,293890.65404600004,6530.903423244445,47.242110999999994,291140.055019,43391.27898814806,77.04863180000001,62.513617454545454,9.584671282520642,0.15311817289489887,42,64,,True,True,,136,59.56268577710819
211,2026-09-21T07:59:11.595+00:00,2026-09-21T08:04:03.805+00:00,2026-09-21T08:04:07.307+00:00,True,58,58.0,,58.0,292209.972472,295711.92652,295711.926485,5098.4814911206895,43.397201,292209.972472,38360.982926771496,76.271601,61.43779031578948,8.714367263080335,0.1961368304706414,42,64,,True,True,,174,59.56268577710819
212,2026-09-21T07:59:11.972+00:00,2026-09-21T08:04:05.785+00:00,2026-09-21T08:04:09.545+00:00,True,61,61.0,,61.0,293812.70611699997,297572.534085,297572.53402599995,4878.238262721311,43.976271000000004,293812.70611699997,37610.839949909605,76.31302099999999,62.66379946666667,8.967749417572431,0.2049920372777942,42,64,,True,True,,305,59.56268577710819
213,2026-09-21T07:59:12.368+00:00,2026-09-21T08:04:07.829+00:00,2026-09-21T08:04:07.829+00:00,True,1,1.0,,1.0,295461.700795,295461.700795,295461.700795,295461.700795,295461.700795,295461.700795,nan,295461.700795,nan,nan,0.003384533417729932,42,64,,True,True,,2,59.56268577710819
214,2026-09-21T07:59:12.729+00:00,2026-09-21T08:04:09.886+00:00,2026-09-21T08:04:12.765+00:00,False,48,47.0,,47.0,297156.550666,300035.288842,300035.288826,6250.735183875,0.0317,297156.550666,42882.014976912746,75.99281685,61.24974842553192,13.195139065689494,0.1566482402166714,42,64,,True,False,Request timeout: 300.0s exceeded,235,59.56268577710819
215,2026-09-21T07:59:13.039+00:00,2026-09-21T08:04:11.474+00:00,2026-09-21T08:04:12.892+00:00,True,25,25.0,,25.0,298435.056312,299853.03032799996,299853.03040199995,11994.121216079999,45.926841,298435.056312,59675.19536555715,73.61386300000001,59.08225066666667,8.305621169973495,0.08337417825210328,42,64,,True,True,,147,59.56268577710819
216,2026-09-21T07:59:13.441+00:00,2026-09-21T08:04:13.546+00:00,2026-09-21T08:04:13.546+00:00,False,1,0.0,,0.0,300105.519071,300105.519071,300105.519071,300105.519071,300105.519071,300105.519071,nan,300105.519071,nan,nan,0.0,42,64,,True,False,"HTTPConnectionPool(host='gpu06', port=9004): Read timed out.",0,59.56268577710819
217,2026-09-21T07:59:13.834+00:00,2026-09-21T08:04:13.929+00:00,2026-09-21T08:04:13.929+00:00,False,1,0.0,,0.0,300095.392554,300095.392554,300095.392554,300095.392554,300095.392554,300095.392554,nan,300095.392554,nan,nan,0.0,42,64,,True,False,"HTTPConnectionPool(host='gpu06', port=9004): Read timed out.",0,59.56268577710819
218,2026-09-21T07:59:14.169+00:00,2026-09-21T08:04:14.278+00:00,2026-09-21T08:04:14.278+00:00,False,1,0.0,,0.0,300108.261032,300108.261032,300108.261032,300108.261032,300108.261032,300108.261032,nan,300108.261032,nan,nan,0.0,42,64,,True,False,"HTTPConnectionPool(host='gpu06', port=9004): Read timed out.",0,59.56268577710819
219,2026-09-21T07:59:14.408+00:00,2026-09-21T08:04:14.514+00:00,2026-09-21T08:04:14.514+00:00,False,1,0.0,,0.0,300105.84271600004,300105.84271600004,300105.84271600004,300105.84271600004,300105.84271600004,300105.84271600004,nan,300105.84271600004,nan,nan,0.0,42,64,,True,False,"HTTPConnectionPool(host='gpu06', port=9004): Read timed out.",0,59.56268577710819
220,2026-09-21T07:59:14.821+00:00,2026-09-21T08:04:14.928+00:00,2026-09-21T08:04:14.928+00:00,False,1,0.0,,0.0,300106.813417,300106.813417,300106.813417,300106.813417,300106.813417,300106.813417,nan,300106.813417,nan,nan,0.0,42,64,,True,False,"HTTPConnectionPool(host='gpu06', port=9004): Read timed out.",0,59.56268577710819
221,2026-09-21T07:59:15.187+00:00,2026-09-21T08:04:15.181+00:00,2026-09-21T08:04:15.487+00:00,False,3,2.0,,2.0,299993.406491,300299.61449099996,300299.61463699996,100099.87154566665,0.03785,299993.406491,173112.9469854133,270024.6828715,153.104,216.46853356879112,0.006660015209776236,42,64,,True,False,Request timeout: 300.0s exceeded,18,59.56268577710819
222,2026-09-21T07:59:15.451+00:00,2026-09-21T08:04:15.488+00:00,2026-09-21T08:04:15.488+00:00,False,1,0.0,,0.0,300036.996574,300036.996574,300036.996574,300036.996574,300036.996574,300036.996574,nan,300036.996574,nan,nan,0.0,42,64,,True,False,TTFT timeout: 300.0s exceeded (TTFT: 300.031s),0,59.56268577710819
223,2026-09-21T07:59:15.739+00:00,2026-09-21T08:04:15.803+00:00,2026-09-21T08:04:15.803+00:00,False,1,0.0,,0.0,300063.762186,300063.762186,300063.762186,300063.762186,300063.762186,300063.762186,nan,300063.762186,nan,nan,0.0,42,64,,True,False,TTFT timeout: 300.0s exceeded (TTFT: 300.059s),0,59.56268577710819
224,2026-09-21T07:59:16.086+00:00,2026-09-21T08:04:16.191+00:00,2026-09-21T08:04:16.191+00:00,False,1,0.0,,0.0,300104.966113,300104.966113,300104.966113,300104.966113,300104.966113,300104.966113,nan,300104.966113,nan,nan,0.0,42,64,,True,False,"HTTPConnectionPool(host='gpu06', port=9004): Read timed out.",0,59.56268577710819
225,2026-09-21T07:59:16.328+00:00,2026-09-21T08:04:16.382+00:00,2026-09-21T08:04:16.382+00:00,False,1,0.0,,0.0,300053.516196,300053.516196,300053.516196,300053.516196,300053.516196,300053.516196,nan,300053.516196,nan,nan,0.0,42,64,,True,False,"HTTPConnectionPool(host='gpu06', port=9004): Read timed out.",0,59.56268577710819
226,2026-09-21T07:59:16.742+00:00,2026-09-21T08:04:16.844+00:00,2026-09-21T08:04:16.844+00:00,False,1,0.0,,0.0,300102.19887900003,300102.19887900003,300102.19887900003,300102.19887900003,300102.19887900003,300102.19887900003,nan,300102.19887900003,nan,nan,0.0,42,64,,True,False,"HTTPConnectionPool(host='gpu06', port=9004): Read timed out.",0,59.56268577710819
227,2026-09-21T07:59:16.993+00:00,2026-09-21T08:04:17.085+00:00,2026-09-21T08:04:17.085+00:00,False,1,0.0,,0.0,300091.30769199994,300091.30769199994,300091.30769199994,300091.30769199994,300091.30769199994,300091.30769199994,nan,300091.30769199994,nan,nan,0.0,42,64,,True,False,TTFT timeout: 300.0s exceeded (TTFT: 300.084s),0,59.56268577710819
228,2026-09-21T07:59:17.257+00:00,2026-09-21T08:04:17.342+00:00,2026-09-21T08:04:17.342+00:00,False,1,0.0,,0.0,300084.350744,300084.350744,300084.350744,300084.350744,300084.350744,300084.350744,nan,300084.350744,nan,nan,0.0,42,64,,True,False,TTFT timeout: 300.0s exceeded (TTFT: 300.073s),0,59.56268577710819
229,2026-09-21T07:59:17.564+00:00,2026-09-21T08:04:17.548+00:00,2026-09-21T08:04:17.806+00:00,False,3,2.0,,2.0,299983.510281,300241.534473,300241.534527,100080.511509,0.02984,299983.510281,173121.12327777335,270010.9586935,129.012096,182.40829734875953,0.006661303551857031,42,64,,True,False,Request timeout: 300.0s exceeded,8,59.56268577710819
230,2026-09-21T07:59:17.853+00:00,2026-09-21T08:04:17.916+00:00,2026-09-21T08:04:17.916+00:00,False,1,0.0,,0.0,300063.464574,300063.464574,300063.464574,300063.464574,300063.464574,300063.464574,nan,300063.464574,nan,nan,0.0,42,64,,True,False,TTFT timeout: 300.0s exceeded (TTFT: 300.056s),0,59.56268577710819
231,2026-09-21T07:59:18.136+00:00,2026-09-21T08:04:18.236+00:00,2026-09-21T08:04:18.236+00:00,False,1,0.0,,0.0,300100.19366600004,300100.19366600004,300100.19366600004,300100.19366600004,300100.19366600004,300100.19366600004,nan,300100.19366600004,nan,nan,0.0,42,64,,True,False,"HTTPConnectionPool(host='gpu06', port=9004): Read timed out.",0,59.56268577710819
235,2026-09-21T07:59:19.591+00:00,2026-09-21T08:04:19.058+00:00,2026-09-21T08:04:19.858+00:00,False,14,13.0,,13.0,299466.65385500004,300267.42159900005,300267.421572,21447.672969428575,0.02844,299466.65385500004,80019.37192544762,104883.40703405002,61.59751876923077,28.647679577238474,0.04329474017118377,42,64,,True,False,Request timeout: 300.0s exceeded,65,59.56268577710819
234,2026-09-21T07:59:19.573+00:00,2026-09-21T08:04:19.357+00:00,2026-09-21T08:04:19.639+00:00,True,6,6.0,,6.0,299784.79288200004,300066.851122,300066.851008,50011.141834666676,45.849061,299784.79288200004,122363.59955765716,224856.16384700005,56.411648,9.67628754113973,0.0199955442514393,42,64,,True,True,,24,59.56268577710819
232,2026-09-21T07:59:19.444+00:00,2026-09-21T08:04:20.052+00:00,2026-09-21T08:04:20.052+00:00,False,1,0.0,,0.0,300608.510009,300608.510009,300608.510009,300608.510009,300608.510009,300608.510009,nan,300608.510009,nan,nan,0.0,42,64,,True,False,"HTTPConnectionPool(host='gpu06', port=9004): Read timed out.",0,59.56268577710819
236,2026-09-21T07:59:19.929+00:00,2026-09-21T08:04:20.401+00:00,2026-09-21T08:04:20.401+00:00,False,1,0.0,,0.0,300471.49711299996,300471.49711299996,300471.49711299996,300471.49711299996,300471.49711299996,300471.49711299996,nan,300471.49711299996,nan,nan,0.0,42,64,,True,False,"HTTPConnectionPool(host='gpu06', port=9004): Read timed out.",0,59.56268577710819
233,2026-09-21T07:59:19.569+00:00,2026-09-21T08:04:20.401+00:00,2026-09-21T08:04:20.401+00:00,False,1,0.0,,0.0,300831.901245,300831.901245,300831.901245,300831.901245,300831.901245,300831.901245,nan,300831.901245,nan,nan,0.0,42,64,,True,False,"HTTPConnectionPool(host='gpu06', port=9004): Read timed out.",0,59.56268577710819
237,2026-09-21T07:59:20.285+00:00,2026-09-21T08:04:21.540+00:00,2026-09-21T08:04:21.540+00:00,False,1,0.0,,0.0,301255.443516,301255.443516,301255.443516,301255.443516,301255.443516,301255.443516,nan,301255.443516,nan,nan,0.0,42,64,,True,False,"HTTPConnectionPool(host='gpu06', port=9004): Read timed out.",0,59.56268577710819
238,2026-09-21T07:59:20.490+00:00,2026-09-21T08:04:21.564+00:00,2026-09-21T08:04:21.564+00:00,False,1,0.0,,0.0,301074.727198,301074.727198,301074.727198,301074.727198,301074.727198,301074.727198,nan,301074.727198,nan,nan,0.0,42,64,,True,False,"HTTPConnectionPool(host='gpu06', port=9004): Read timed out.",0,59.56268577710819
241,2026-09-21T07:59:21.431+00:00,2026-09-21T08:04:21.897+00:00,2026-09-21T08:04:21.897+00:00,False,1,0.0,,0.0,300465.390092,300465.390092,300465.390092,300465.390092,300465.390092,300465.390092,nan,300465.390092,nan,nan,0.0,42,64,,True,False,"HTTPConnectionPool(host='gpu06', port=9004): Read timed out.",0,59.56268577710819
242,2026-09-21T07:59:21.770+00:00,2026-09-21T08:04:21.897+00:00,2026-09-21T08:04:21.897+00:00,False,1,0.0,,0.0,300127.050222,300127.050222,300127.050222,300127.050222,300127.050222,300127.050222,nan,300127.050222,nan,nan,0.0,42,64,,True,False,"HTTPConnectionPool(host='gpu06', port=9004): Read timed out.",0,59.56268577710819
239,2026-09-21T07:59:20.815+00:00,2026-09-21T08:04:21.939+00:00,2026-09-21T08:04:21.939+00:00,False,1,0.0,,0.0,301123.883767,301123.883767,301123.883767,301123.883767,301123.883767,301123.883767,nan,301123.883767,nan,nan,0.0,42,64,,True,False,"HTTPConnectionPool(host='gpu06', port=9004): Read timed out.",0,59.56268577710819
244,2026-09-21T07:59:22.428+00:00,2026-09-21T08:04:23.304+00:00,2026-09-21T08:04:23.304+00:00,False,1,0.0,,0.0,300876.389334,300876.389334,300876.389334,300876.389334,300876.389334,300876.389334,nan,300876.389334,nan,nan,0.0,42,64,,True,False,"HTTPConnectionPool(host='gpu06', port=9004): Read timed out.",0,59.56268577710819
240,2026-09-21T07:59:21.120+00:00,2026-09-21T08:04:23.310+00:00,2026-09-21T08:04:23.310+00:00,False,1,0.0,,0.0,302190.572239,302190.572239,302190.572239,302190.572239,302190.572239,302190.572239,nan,302190.572239,nan,nan,0.0,42,64,,True,False,"HTTPConnectionPool(host='gpu06', port=9004): Read timed out.",0,59.56268577710819
246,2026-09-21T07:59:23.196+00:00,2026-09-21T08:04:23.315+00:00,2026-09-21T08:04:23.315+00:00,False,1,0.0,,0.0,300119.155347,300119.155347,300119.155347,300119.155347,300119.155347,300119.155347,nan,300119.155347,nan,nan,0.0,42,64,,True,False,"HTTPConnectionPool(host='gpu06', port=9004): Read timed out.",0,59.56268577710819
245,2026-09-21T07:59:22.855+00:00,2026-09-21T08:04:23.319+00:00,2026-09-21T08:04:23.319+00:00,False,1,0.0,,0.0,300463.076217,300463.076217,300463.076217,300463.076217,300463.076217,300463.076217,nan,300463.076217,nan,nan,0.0,42,64,,True,False,"HTTPConnectionPool(host='gpu06', port=9004): Read timed out.",0,59.56268577710819
243,2026-09-21T07:59:22.027+00:00,2026-09-21T08:04:23.320+00:00,2026-09-21T08:04:23.320+00:00,False,1,0.0,,0.0,301293.34905,301293.34905,301293.34905,301293.34905,301293.34905,301293.34905,nan,301293.34905,nan,nan,0.0,42,64,,True,False,"HTTPConnectionPool(host='gpu06', port=9004): Read timed out.",0,59.56268577710819
247,2026-09-21T07:59:23.624+00:00,2026-09-21T08:04:23.738+00:00,2026-09-21T08:04:23.738+00:00,False,1,0.0,,0.0,300113.613288,300113.613288,300113.613288,300113.613288,300113.613288,300113.613288,nan,300113.613288,nan,nan,0.0,42,64,,True,False,"HTTPConnectionPool(host='gpu06', port=9004): Read timed out.",0,59.56268577710819
248,2026-09-21T07:59:23.891+00:00,2026-09-21T08:04:23.901+00:00,2026-09-21T08:04:23.901+00:00,False,1,0.0,,0.0,300009.284468,300009.284468,300009.284468,300009.284468,300009.284468,300009.284468,nan,300009.284468,nan,nan,0.0,42,64,,True,False,"HTTPConnectionPool(host='gpu06', port=9004): Read timed out.",0,59.56268577710819
249,2026-09-21T07:59:24.147+00:00,2026-09-21T08:04:24.198+00:00,2026-09-21T08:04:24.198+00:00,False,1,0.0,,0.0,300050.969261,300050.969261,300050.969261,300050.969261,300050.969261,300050.969261,nan,300050.969261,nan,nan,0.0,42,64,,True,False,"HTTPConnectionPool(host='gpu06', port=9004): Read timed out.",0,59.56268577710819
250,2026-09-21T07:59:24.500+00:00,2026-09-21T08:04:24.551+00:00,2026-09-21T08:04:24.551+00:00,False,1,0.0,,0.0,300051.382658,300051.382658,300051.382658,300051.382658,300051.382658,300051.382658,nan,300051.382658,nan,nan,0.0,42,64,,True,False,"HTTPConnectionPool(host='gpu06', port=9004): Read timed out.",0,59.56268577710819
251,2026-09-21T07:59:24.860+00:00,2026-09-21T08:04:24.940+00:00,2026-09-21T08:04:24.940+00:00,False,1,0.0,,0.0,300079.568334,300079.568334,300079.568334,300079.568334,300079.568334,300079.568334,nan,300079.568334,nan,nan,0.0,42,64,,True,False,"HTTPConnectionPool(host='gpu06', port=9004): Read timed out.",0,59.56268577710819
252,2026-09-21T07:59:25.165+00:00,2026-09-21T08:04:25.186+00:00,2026-09-21T08:04:25.186+00:00,False,1,0.0,,0.0,300020.729733,300020.729733,300020.729733,300020.729733,300020.729733,300020.729733,nan,300020.729733,nan,nan,0.0,42,64,,True,False,"HTTPConnectionPool(host='gpu06', port=9004): Read timed out.",0,59.56268577710819
253,2026-09-21T07:59:25.524+00:00,2026-09-21T08:04:25.529+00:00,2026-09-21T08:04:25.529+00:00,False,1,0.0,,0.0,300005.189158,300005.189158,300005.189158,300005.189158,300005.189158,300005.189158,nan,300005.189158,nan,nan,0.0,42,64,,True,False,TTFT timeout: 300.0s exceeded (TTFT: 300.001s),0,59.56268577710819
254,2026-09-21T07:59:25.907+00:00,2026-09-21T08:04:26.005+00:00,2026-09-21T08:04:26.005+00:00,False,1,0.0,,0.0,300098.59822399996,300098.59822399996,300098.59822399996,300098.59822399996,300098.59822399996,300098.59822399996,nan,300098.59822399996,nan,nan,0.0,42,64,,True,False,"HTTPConnectionPool(host='gpu06', port=9004): Read timed out.",0,59.56268577710819
255,2026-09-21T07:59:26.298+00:00,2026-09-21T08:04:26.359+00:00,2026-09-21T08:04:26.359+00:00,False,1,0.0,,0.0,300061.333428,300061.333428,300061.333428,300061.333428,300061.333428,300061.333428,nan,300061.333428,nan,nan,0.0,42,64,,True,False,"HTTPConnectionPool(host='gpu06', port=9004): Read timed out.",0,59.56268577710819
256,2026-09-21T07:59:26.548+00:00,2026-09-21T08:04:26.655+00:00,2026-09-21T08:04:26.655+00:00,False,1,0.0,,0.0,300107.009802,300107.009802,300107.009802,300107.009802,300107.009802,300107.009802,nan,300107.009802,nan,nan,0.0,42,64,,True,False,"HTTPConnectionPool(host='gpu06', port=9004): Read timed out.",0,59.56268577710819
257,2026-09-21T07:59:26.893+00:00,2026-09-21T08:04:27.006+00:00,2026-09-21T08:04:27.006+00:00,False,1,0.0,,0.0,300112.96455900004,300112.96455900004,300112.96455900004,300112.96455900004,300112.96455900004,300112.96455900004,nan,300112.96455900004,nan,nan,0.0,42,64,,True,False,"HTTPConnectionPool(host='gpu06', port=9004): Read timed out.",0,59.56268577710819
258,2026-09-21T07:59:27.214+00:00,2026-09-21T08:04:27.288+00:00,2026-09-21T08:04:27.288+00:00,False,1,0.0,,0.0,300074.564296,300074.564296,300074.564296,300074.564296,300074.564296,300074.564296,nan,300074.564296,nan,nan,0.0,42,64,,True,False,TTFT timeout: 300.0s exceeded (TTFT: 300.065s),0,59.56268577710819
259,2026-09-21T07:59:27.563+00:00,2026-09-21T08:04:27.516+00:00,2026-09-21T08:04:27.659+00:00,False,3,2.0,,2.0,299953.92894099996,300096.21118099993,300096.21124399995,100032.07041466665,0.02575,299953.92894099996,173137.42286076615,269972.76170219993,71.14112,100.57253287921509,0.006664529325875829,42,64,,True,False,Request timeout: 300.0s exceeded,18,59.56268577710819
260,2026-09-21T07:59:27.971+00:00,2026-09-21T08:04:28.089+00:00,2026-09-21T08:04:28.089+00:00,False,1,0.0,,0.0,300117.97181699995,300117.97181699995,300117.97181699995,300117.97181699995,300117.97181699995,300117.97181699995,nan,300117.97181699995,nan,nan,0.0,42,64,,True,False,"HTTPConnectionPool(host='gpu06', port=9004): Read timed out.",0,59.56268577710819
261,2026-09-21T07:59:28.271+00:00,2026-09-21T08:04:28.325+00:00,2026-09-21T08:04:28.325+00:00,False,1,0.0,,0.0,300054.55991500005,300054.55991500005,300054.55991500005,300054.55991500005,300054.55991500005,300054.55991500005,nan,300054.55991500005,nan,nan,0.0,42,64,,True,False,"HTTPConnectionPool(host='gpu06', port=9004): Read timed out.",0,59.56268577710819
262,2026-09-21T07:59:28.579+00:00,2026-09-21T08:04:28.681+00:00,2026-09-21T08:04:28.681+00:00,False,1,0.0,,0.0,300102.69935500005,300102.69935500005,300102.69935500005,300102.69935500005,300102.69935500005,300102.69935500005,nan,300102.69935500005,nan,nan,0.0,42,64,,True,False,"HTTPConnectionPool(host='gpu06', port=9004): Read timed out.",0,59.56268577710819
263,2026-09-21T07:59:28.987+00:00,2026-09-21T08:04:29.090+00:00,2026-09-21T08:04:29.090+00:00,False,1,0.0,,0.0,300102.961768,300102.961768,300102.961768,300102.961768,300102.961768,300102.961768,nan,300102.961768,nan,nan,0.0,42,64,,True,False,"HTTPConnectionPool(host='gpu06', port=9004): Read timed out.",0,59.56268577710819
264,2026-09-21T07:59:29.308+00:00,2026-09-21T08:04:29.416+00:00,2026-09-21T08:04:29.416+00:00,False,1,0.0,,0.0,300107.950747,300107.950747,300107.950747,300107.950747,300107.950747,300107.950747,nan,300107.950747,nan,nan,0.0,42,64,,True,False,"HTTPConnectionPool(host='gpu06', port=9004): Read timed out.",0,59.56268577710819
265,2026-09-21T07:59:29.664+00:00,2026-09-21T08:04:29.606+00:00,2026-09-21T08:04:29.751+00:00,False,4,3.0,,3.0,299942.30006,300086.91318,300086.91313299997,75021.72828324999,0.04059,299942.30006,149947.0536791158,254966.25235579998,48.204373333333336,51.20196768144308,0.00999710373307923,42,64,,True,False,Request timeout: 300.0s exceeded,10,59.56268577710819
266,2026-09-21T07:59:30.077+00:00,2026-09-21T08:04:30.182+00:00,2026-09-21T08:04:30.182+00:00,False,1,0.0,,0.0,300104.725676,300104.725676,300104.725676,300104.725676,300104.725676,300104.725676,nan,300104.725676,nan,nan,0.0,42,64,,True,False,"HTTPConnectionPool(host='gpu06', port=9004): Read timed out.",0,59.56268577710819
267,2026-09-21T07:59:30.491+00:00,2026-09-21T08:04:30.575+00:00,2026-09-21T08:04:30.575+00:00,False,1,0.0,,0.0,300084.715267,300084.715267,300084.715267,300084.715267,300084.715267,300084.715267,nan,300084.715267,nan,nan,0.0,42,64,,True,False,"HTTPConnectionPool(host='gpu06', port=9004): Read timed out.",0,59.56268577710819
268,2026-09-21T07:59:30.778+00:00,2026-09-21T08:04:30.881+00:00,2026-09-21T08:04:30.881+00:00,False,1,0.0,,0.0,300102.782418,300102.782418,300102.782418,300102.782418,300102.782418,300102.782418,nan,300102.782418,nan,nan,0.0,42,64,,True,False,"HTTPConnectionPool(host='gpu06', port=9004): Read timed out.",0,59.56268577710819
269,2026-09-21T07:59:31.196+00:00,2026-09-21T08:04:31.301+00:00,2026-09-21T08:04:31.301+00:00,False,1,0.0,,0.0,300105.41336,300105.41336,300105.41336,300105.41336,300105.41336,300105.41336,nan,300105.41336,nan,nan,0.0,42,64,,True,False,"HTTPConnectionPool(host='gpu06', port=9004): Read timed out.",0,59.56268577710819
270,2026-09-21T07:59:31.494+00:00,2026-09-21T08:04:31.511+00:00,2026-09-21T08:04:32.860+00:00,False,21,20.0,,20.0,300016.924378,301365.32169,301365.321697,14350.72960461905,0.03145,300016.924378,65454.36130806896,184.72972399999998,67.4198656,42.73964813240964,0.06636463640820968,42,64,,True,False,Request timeout: 300.0s exceeded,64,59.56268577710819
271,2026-09-21T07:59:31.736+00:00,2026-09-21T08:04:31.694+00:00,2026-09-21T08:04:32.916+00:00,False,21,20.0,,20.0,299957.342321,301179.998577,301179.998667,14341.904698428572,0.03018,299957.342321,65442.72582272177,180.484694,61.132812799999996,32.56038467204487,0.06640547212462643,42,64,,True,False,Request timeout: 300.0s exceeded,95,59.56268577710819
272,2026-09-21T07:59:31.996+00:00,2026-09-21T08:04:31.944+00:00,2026-09-21T08:04:32.960+00:00,False,20,19.0,,19.0,299947.798674,300963.960978,300963.96087500005,15048.19804375,0.032670000000000005,299947.798674,67058.40965703808,15073.707795150001,53.482226526315785,16.364211118982965,0.06313048226192394,42,64,,True,False,Request timeout: 300.0s exceeded,86,59.56268577710819
275,2026-09-21T07:59:32.923+00:00,2026-09-21T08:04:33.029+00:00,2026-09-21T08:04:33.029+00:00,False,1,0.0,,0.0,300106.513844,300106.513844,300106.513844,300106.513844,300106.513844,300106.513844,nan,300106.513844,nan,nan,0.0,42,64,,True,False,"HTTPConnectionPool(host='gpu06', port=9004): Read timed out.",0,59.56268577710819
273,2026-09-21T07:59:32.249+00:00,2026-09-21T08:04:33.286+00:00,2026-09-21T08:04:33.286+00:00,False,1,0.0,,0.0,301036.223629,301036.223629,301036.223629,301036.223629,301036.223629,301036.223629,nan,301036.223629,nan,nan,0.0,42,64,,True,False,"HTTPConnectionPool(host='gpu06', port=9004): Read timed out.",0,59.56268577710819
276,2026-09-21T07:59:33.286+00:00,2026-09-21T08:04:33.306+00:00,2026-09-21T08:04:33.306+00:00,False,1,0.0,,0.0,300020.19849800004,300020.19849800004,300020.19849800004,300020.19849800004,300020.19849800004,300020.19849800004,nan,300020.19849800004,nan,nan,0.0,42,64,,True,False,"HTTPConnectionPool(host='gpu06', port=9004): Read timed out.",0,59.56268577710819
277,2026-09-21T07:59:33.554+00:00,2026-09-21T08:04:33.584+00:00,2026-09-21T08:04:33.584+00:00,False,1,0.0,,0.0,300030.067961,300030.067961,300030.067961,300030.067961,300030.067961,300030.067961,nan,300030.067961,nan,nan,0.0,42,64,,True,False,"HTTPConnectionPool(host='gpu06', port=9004): Read timed out.",0,59.56268577710819
274,2026-09-21T07:59:32.516+00:00,2026-09-21T08:04:33.686+00:00,2026-09-21T08:04:33.686+00:00,False,1,0.0,,0.0,301170.311474,301170.311474,301170.311474,301170.311474,301170.311474,301170.311474,nan,301170.311474,nan,nan,0.0,42,64,,True,False,"HTTPConnectionPool(host='gpu06', port=9004): Read timed out.",0,59.56268577710819
278,2026-09-21T07:59:34.940+00:00,2026-09-21T08:04:34.811+00:00,2026-09-21T08:04:35.391+00:00,False,12,11.0,,11.0,299870.99780400004,300450.37982000003,300450.37990700005,25037.53165891667,0.02619,299870.99780400004,86550.09781176753,134981.39504535001,52.67109236363637,19.497947529734667,0.03661170275967068,42,64,,True,False,Request timeout: 300.0s exceeded,20,59.56268577710819
281,2026-09-21T07:59:35.193+00:00,2026-09-21T08:04:35.471+00:00,2026-09-21T08:04:35.471+00:00,False,1,0.0,,0.0,300278.605996,300278.605996,300278.605996,300278.605996,300278.605996,300278.605996,nan,300278.605996,nan,nan,0.0,42,64,,True,False,"HTTPConnectionPool(host='gpu06', port=9004): Read timed out.",0,59.56268577710819
280,2026-09-21T07:59:35.094+00:00,2026-09-21T08:04:35.485+00:00,2026-09-21T08:04:35.485+00:00,False,1,0.0,,0.0,300391.201335,300391.201335,300391.201335,300391.201335,300391.201335,300391.201335,nan,300391.201335,nan,nan,0.0,42,64,,True,False,"HTTPConnectionPool(host='gpu06', port=9004): Read timed out.",0,59.56268577710819
283,2026-09-21T07:59:35.245+00:00,2026-09-21T08:04:35.528+00:00,2026-09-21T08:04:35.528+00:00,False,1,0.0,,0.0,300282.88825300004,300282.88825300004,300282.88825300004,300282.88825300004,300282.88825300004,300282.88825300004,nan,300282.88825300004,nan,nan,0.0,42,64,,True,False,"HTTPConnectionPool(host='gpu06', port=9004): Read timed out.",0,59.56268577710819
279,2026-09-21T07:59:34.966+00:00,2026-09-21T08:04:35.676+00:00,2026-09-21T08:04:35.676+00:00,False,1,0.0,,0.0,300710.02177,300710.02177,300710.02177,300710.02177,300710.02177,300710.02177,nan,300710.02177,nan,nan,0.0,42,64,,True,False,"HTTPConnectionPool(host='gpu06', port=9004): Read timed out.",0,59.56268577710819
282,2026-09-21T07:59:35.203+00:00,2026-09-21T08:04:35.868+00:00,2026-09-21T08:04:35.868+00:00,False,1,0.0,,0.0,300665.079967,300665.079967,300665.079967,300665.079967,300665.079967,300665.079967,nan,300665.079967,nan,nan,0.0,42,64,,True,False,TTFT timeout: 300.0s exceeded (TTFT: 300.099s),0,59.56268577710819
284,2026-09-21T07:59:35.611+00:00,2026-09-21T08:04:36.099+00:00,2026-09-21T08:04:36.099+00:00,False,1,0.0,,0.0,300488.153707,300488.153707,300488.153707,300488.153707,300488.153707,300488.153707,nan,300488.153707,nan,nan,0.0,42,64,,True,False,"HTTPConnectionPool(host='gpu06', port=9004): Read timed out.",0,59.56268577710819
285,2026-09-21T07:59:35.979+00:00,2026-09-21T08:04:36.218+00:00,2026-09-21T08:04:36.218+00:00,False,1,0.0,,0.0,300238.789447,300238.789447,300238.789447,300238.789447,300238.789447,300238.789447,nan,300238.789447,nan,nan,0.0,42,64,,True,False,"HTTPConnectionPool(host='gpu06', port=9004): Read timed out.",0,59.56268577710819
286,2026-09-21T07:59:36.176+00:00,2026-09-21T08:04:36.298+00:00,2026-09-21T08:04:36.298+00:00,False,1,0.0,,0.0,300121.692845,300121.692845,300121.692845,300121.692845,300121.692845,300121.692845,nan,300121.692845,nan,nan,0.0,42,64,,True,False,"HTTPConnectionPool(host='gpu06', port=9004): Read timed out.",0,59.56268577710819
287,2026-09-21T07:59:36.564+00:00,2026-09-21T08:04:36.676+00:00,2026-09-21T08:04:36.676+00:00,False,1,0.0,,0.0,300111.816248,300111.816248,300111.816248,300111.816248,300111.816248,300111.816248,nan,300111.816248,nan,nan,0.0,42,64,,True,False,"HTTPConnectionPool(host='gpu06', port=9004): Read timed out.",0,59.56268577710819
288,2026-09-21T07:59:36.831+00:00,2026-09-21T08:04:36.932+00:00,2026-09-21T08:04:36.932+00:00,False,1,0.0,,0.0,300101.370638,300101.370638,300101.370638,300101.370638,300101.370638,300101.370638,nan,300101.370638,nan,nan,0.0,42,64,,True,False,"HTTPConnectionPool(host='gpu06', port=9004): Read timed out.",0,59.56268577710819
289,2026-09-21T07:59:37.134+00:00,2026-09-21T08:04:37.227+00:00,2026-09-21T08:04:37.227+00:00,False,1,0.0,,0.0,300093.13908399997,300093.13908399997,300093.13908399997,300093.13908399997,300093.13908399997,300093.13908399997,nan,300093.13908399997,nan,nan,0.0,42,64,,True,False,"HTTPConnectionPool(host='gpu06', port=9004): Read timed out.",0,59.56268577710819
290,2026-09-21T07:59:37.487+00:00,2026-09-21T08:04:37.572+00:00,2026-09-21T08:04:37.572+00:00,False,1,0.0,,0.0,300085.807222,300085.807222,300085.807222,300085.807222,300085.807222,300085.807222,nan,300085.807222,nan,nan,0.0,42,64,,True,False,"HTTPConnectionPool(host='gpu06', port=9004): Read timed out.",0,59.56268577710819
291,2026-09-21T07:59:37.859+00:00,2026-09-21T08:04:37.911+00:00,2026-09-21T08:04:37.911+00:00,False,1,0.0,,0.0,300051.818968,300051.818968,300051.818968,300051.818968,300051.818968,300051.818968,nan,300051.818968,nan,nan,0.0,42,64,,True,False,TTFT timeout: 300.0s exceeded (TTFT: 300.046s),0,59.56268577710819
292,2026-09-21T07:59:38.119+00:00,2026-09-21T08:04:38.081+00:00,2026-09-21T08:04:38.251+00:00,False,3,2.0,,2.0,299962.55854500004,300132.61652900005,300132.616555,100044.20551833334,0.17015,299962.55854500004,173134.3931998968,269983.29147650005,85.028992,120.00876000312698,0.006663720934864644,42,64,,True,False,Request timeout: 300.0s exceeded,5,59.56268577710819
293,2026-09-21T07:59:38.485+00:00,2026-09-21T08:04:38.549+00:00,2026-09-21T08:04:38.549+00:00,False,1,0.0,,0.0,300064.010954,300064.010954,300064.010954,300064.010954,300064.010954,300064.010954,nan,300064.010954,nan,nan,0.0,42,64,,True,False,"HTTPConnectionPool(host='gpu06', port=9004): Read timed out.",0,59.56268577710819
294,2026-09-21T07:59:38.803+00:00,2026-09-21T08:04:38.913+00:00,2026-09-21T08:04:38.913+00:00,False,1,0.0,,0.0,300109.74186400004,300109.74186400004,300109.74186400004,300109.74186400004,300109.74186400004,300109.74186400004,nan,300109.74186400004,nan,nan,0.0,42,64,,True,False,"HTTPConnectionPool(host='gpu06', port=9004): Read timed out.",0,59.56268577710819
295,2026-09-21T07:59:39.054+00:00,2026-09-21T08:04:39.100+00:00,2026-09-21T08:04:39.100+00:00,False,1,0.0,,0.0,300045.862601,300045.862601,300045.862601,300045.862601,300045.862601,300045.862601,nan,300045.862601,nan,nan,0.0,42,64,,True,False,"HTTPConnectionPool(host='gpu06', port=9004): Read timed out.",0,59.56268577710819
296,2026-09-21T07:59:39.289+00:00,2026-09-21T08:04:39.402+00:00,2026-09-21T08:04:39.402+00:00,False,1,0.0,,0.0,300113.628281,300113.628281,300113.628281,300113.628281,300113.628281,300113.628281,nan,300113.628281,nan,nan,0.0,42,64,,True,False,"HTTPConnectionPool(host='gpu06', port=9004): Read timed out.",0,59.56268577710819
297,2026-09-21T07:59:39.562+00:00,2026-09-21T08:04:39.674+00:00,2026-09-21T08:04:39.674+00:00,False,1,0.0,,0.0,300112.133451,300112.133451,300112.133451,300112.133451,300112.133451,300112.133451,nan,300112.133451,nan,nan,0.0,42,64,,True,False,"HTTPConnectionPool(host='gpu06', port=9004): Read timed out.",0,59.56268577710819
298,2026-09-21T07:59:39.837+00:00,2026-09-21T08:04:39.941+00:00,2026-09-21T08:04:39.941+00:00,False,1,0.0,,0.0,300104.34255,300104.34255,300104.34255,300104.34255,300104.34255,300104.34255,nan,300104.34255,nan,nan,0.0,42,64,,True,False,"HTTPConnectionPool(host='gpu06', port=9004): Read timed out.",0,59.56268577710819
299,2026-09-21T07:59:40.162+00:00,2026-09-21T08:04:40.155+00:00,2026-09-21T08:04:40.462+00:00,False,3,2.0,,2.0,299993.37565899995,300299.76004299993,300299.75995,100099.91998333331,0.02899,299993.37565899995,173112.8784216298,270024.6736232,153.192192,216.60520316745885,0.006660011981739912,42,64,,True,False,Request timeout: 300.0s exceeded,8,59.56268577710819
300,2026-09-21T07:59:40.519+00:00,2026-09-21T08:04:40.461+00:00,2026-09-21T08:04:40.624+00:00,False,4,3.0,,3.0,299941.81666799996,300104.470108,300104.47014899994,75026.11753724999,0.06403,299941.81666799996,149943.80625890946,254967.17963339997,54.21781333333334,55.462863585723134,0.009996518875311574,42,64,,True,False,Request timeout: 300.0s exceeded,15,59.56268577710819
301,2026-09-21T07:59:40.855+00:00,2026-09-21T08:04:40.950+00:00,2026-09-21T08:04:40.950+00:00,False,1,0.0,,0.0,300094.94697000005,300094.94697000005,300094.94697000005,300094.94697000005,300094.94697000005,300094.94697000005,nan,300094.94697000005,nan,nan,0.0,42,64,,True,False,"HTTPConnectionPool(host='gpu06', port=9004): Read timed out.",0,59.56268577710819
302,2026-09-21T07:59:41.202+00:00,2026-09-21T08:04:41.238+00:00,2026-09-21T08:04:41.238+00:00,False,1,0.0,,0.0,300036.203501,300036.203501,300036.203501,300036.203501,300036.203501,300036.203501,nan,300036.203501,nan,nan,0.0,42,64,,True,False,"HTTPConnectionPool(host='gpu06', port=9004): Read timed out.",0,59.56268577710819
303,2026-09-21T07:59:41.507+00:00,2026-09-21T08:04:41.534+00:00,2026-09-21T08:04:41.534+00:00,False,1,0.0,,0.0,300026.434226,300026.434226,300026.434226,300026.434226,300026.434226,300026.434226,nan,300026.434226,nan,nan,0.0,42,64,,True,False,"HTTPConnectionPool(host='gpu06', port=9004): Read timed out.",0,59.56268577710819
304,2026-09-21T07:59:41.915+00:00,2026-09-21T08:04:42.003+00:00,2026-09-21T08:04:42.003+00:00,False,1,0.0,,0.0,300088.666551,300088.666551,300088.666551,300088.666551,300088.666551,300088.666551,nan,300088.666551,nan,nan,0.0,42,64,,True,False,TTFT timeout: 300.0s exceeded (TTFT: 300.080s),0,59.56268577710819
305,2026-09-21T07:59:42.193+00:00,2026-09-21T08:04:42.194+00:00,2026-09-21T08:04:42.456+00:00,False,3,2.0,,2.0,300001.372806,300262.608006,300262.60788,100087.53596,0.03082,300001.372806,173130.5105253187,270027.3559508,130.6176,184.6773747253159,0.006660836037100014,42,64,,True,False,Request timeout: 300.0s exceeded,8,59.56268577710819
306,2026-09-21T07:59:42.546+00:00,2026-09-21T08:04:42.600+00:00,2026-09-21T08:04:42.600+00:00,False,1,0.0,,0.0,300053.88536,300053.88536,300053.88536,300053.88536,300053.88536,300053.88536,nan,300053.88536,nan,nan,0.0,42,64,,True,False,TTFT timeout: 300.0s exceeded (TTFT: 300.041s),0,59.56268577710819
307,2026-09-21T07:59:42.794+00:00,2026-09-21T08:04:42.840+00:00,2026-09-21T08:04:42.840+00:00,False,1,0.0,,0.0,300046.24367299996,300046.24367299996,300046.24367299996,300046.24367299996,300046.24367299996,300046.24367299996,nan,300046.24367299996,nan,nan,0.0,42,64,,True,False,TTFT timeout: 300.0s exceeded (TTFT: 300.026s),0,59.56268577710819
308,2026-09-21T07:59:43.072+00:00,2026-09-21T08:04:43.178+00:00,2026-09-21T08:04:43.178+00:00,False,1,0.0,,0.0,300105.447598,300105.447598,300105.447598,300105.447598,300105.447598,300105.447598,nan,300105.447598,nan,nan,0.0,42,64,,True,False,"HTTPConnectionPool(host='gpu06', port=9004): Read timed out.",0,59.56268577710819
309,2026-09-21T07:59:43.339+00:00,2026-09-21T08:04:43.458+00:00,2026-09-21T08:04:43.458+00:00,False,1,0.0,,0.0,300118.654147,300118.654147,300118.654147,300118.654147,300118.654147,300118.654147,nan,300118.654147,nan,nan,0.0,42,64,,True,False,"HTTPConnectionPool(host='gpu06', port=9004): Read timed out.",0,59.56268577710819
310,2026-09-21T07:59:43.582+00:00,2026-09-21T08:04:43.650+00:00,2026-09-21T08:04:43.650+00:00,False,1,0.0,,0.0,300068.552274,300068.552274,300068.552274,300068.552274,300068.552274,300068.552274,nan,300068.552274,nan,nan,0.0,42,64,,True,False,"HTTPConnectionPool(host='gpu06', port=9004): Read timed out.",0,59.56268577710819
311,2026-09-21T07:59:43.915+00:00,2026-09-21T08:04:44.034+00:00,2026-09-21T08:04:44.034+00:00,False,1,0.0,,0.0,300119.130491,300119.130491,300119.130491,300119.130491,300119.130491,300119.130491,nan,300119.130491,nan,nan,0.0,42,64,,True,False,"HTTPConnectionPool(host='gpu06', port=9004): Read timed out.",0,59.56268577710819
312,2026-09-21T07:59:44.342+00:00,2026-09-21T08:04:44.408+00:00,2026-09-21T08:04:44.408+00:00,False,1,0.0,,0.0,300066.713491,300066.713491,300066.713491,300066.713491,300066.713491,300066.713491,nan,300066.713491,nan,nan,0.0,42,64,,True,False,TTFT timeout: 300.0s exceeded (TTFT: 300.058s),0,59.56268577710819
313,2026-09-21T07:59:44.686+00:00,2026-09-21T08:04:44.637+00:00,2026-09-21T08:04:44.750+00:00,False,3,2.0,,2.0,299950.669607,300064.172839,300064.17284,100021.39094666667,0.030440000000000002,299950.669607,173143.8435709534,269966.94992559997,56.751616,80.21618447049777,0.00666524090856093,42,64,,True,False,Request timeout: 300.0s exceeded,10,59.56268577710819
314,2026-09-21T07:59:44.917+00:00,2026-09-21T08:04:44.923+00:00,2026-09-21T08:04:44.923+00:00,False,1,0.0,,0.0,300005.887159,300005.887159,300005.887159,300005.887159,300005.887159,300005.887159,nan,300005.887159,nan,nan,0.0,42,64,,True,False,TTFT timeout: 300.0s exceeded (TTFT: 300.002s),0,59.56268577710819
315,2026-09-21T07:59:45.181+00:00,2026-09-21T08:04:45.258+00:00,2026-09-21T08:04:45.258+00:00,False,1,0.0,,0.0,300077.040935,300077.040935,300077.040935,300077.040935,300077.040935,300077.040935,nan,300077.040935,nan,nan,0.0,42,64,,True,False,"HTTPConnectionPool(host='gpu06', port=9004): Read timed out.",0,59.56268577710819
316,2026-09-21T07:59:45.595+00:00,2026-09-21T08:04:45.984+00:00,2026-09-21T08:04:47.075+00:00,False,19,18.0,,18.0,300388.878455,301480.192375,301480.192498,15867.378552526316,0.023690000000000003,300388.878455,68900.03260807104,30190.9279865,60.628551111111115,31.396205077075354,0.05970541499990311,42,64,,True,False,Request timeout: 300.0s exceeded,162,59.56268577710819
320,2026-09-21T07:59:46.947+00:00,2026-09-21T08:04:46.571+00:00,2026-09-21T08:04:47.129+00:00,False,12,11.0,,11.0,299623.77442000003,300182.45397200005,300182.453946,25015.204495500002,0.0249,299623.77442000003,86479.27352962081,134864.46957030002,50.78905018181818,17.751777935153683,0.0366443802908815,42,64,,True,False,Request timeout: 300.0s exceeded,22,59.56268577710819
321,2026-09-21T07:59:47.201+00:00,2026-09-21T08:04:47.251+00:00,2026-09-21T08:04:47.251+00:00,False,1,0.0,,0.0,300049.267005,300049.267005,300049.267005,300049.267005,300049.267005,300049.267005,nan,300049.267005,nan,nan,0.0,42,64,,True,False,"HTTPConnectionPool(host='gpu06', port=9004): Read timed out.",0,59.56268577710819
318,2026-09-21T07:59:46.320+00:00,2026-09-21T08:04:47.389+00:00,2026-09-21T08:04:47.389+00:00,False,1,0.0,,0.0,301069.214845,301069.214845,301069.214845,301069.214845,301069.214845,301069.214845,nan,301069.214845,nan,nan,0.0,42,64,,True,False,"HTTPConnectionPool(host='gpu06', port=9004): Read timed out.",0,59.56268577710819
322,2026-09-21T07:59:47.488+00:00,2026-09-21T08:04:47.526+00:00,2026-09-21T08:04:47.526+00:00,False,1,0.0,,0.0,300037.615894,300037.615894,300037.615894,300037.615894,300037.615894,300037.615894,nan,300037.615894,nan,nan,0.0,42,64,,True,False,"HTTPConnectionPool(host='gpu06', port=9004): Read timed out.",0,59.56268577710819
319,2026-09-21T07:59:46.614+00:00,2026-09-21T08:04:47.686+00:00,2026-09-21T08:04:47.686+00:00,False,1,0.0,,0.0,301071.831141,301071.831141,301071.831141,301071.831141,301071.831141,301071.831141,nan,301071.831141,nan,nan,0.0,42,64,,True,False,"HTTPConnectionPool(host='gpu06', port=9004): Read timed out.",0,59.56268577710819
323,2026-09-21T07:59:47.900+00:00,2026-09-21T08:04:47.945+00:00,2026-09-21T08:04:47.945+00:00,False,1,0.0,,0.0,300045.286042,300045.286042,300045.286042,300045.286042,300045.286042,300045.286042,nan,300045.286042,nan,nan,0.0,42,64,,True,False,"HTTPConnectionPool(host='gpu06', port=9004): Read timed out.",0,59.56268577710819
324,2026-09-21T07:59:48.140+00:00,2026-09-21T08:04:48.234+00:00,2026-09-21T08:04:48.234+00:00,False,1,0.0,,0.0,300094.019153,300094.019153,300094.019153,300094.019153,300094.019153,300094.019153,nan,300094.019153,nan,nan,0.0,42,64,,True,False,"HTTPConnectionPool(host='gpu06', port=9004): Read timed out.",0,59.56268577710819
325,2026-09-21T07:59:48.479+00:00,2026-09-21T08:04:48.567+00:00,2026-09-21T08:04:48.567+00:00,False,1,0.0,,0.0,300088.430053,300088.430053,300088.430053,300088.430053,300088.430053,300088.430053,nan,300088.430053,nan,nan,0.0,42,64,,True,False,TTFT timeout: 300.0s exceeded (TTFT: 300.081s),0,59.56268577710819
326,2026-09-21T07:59:48.749+00:00,2026-09-21T08:04:48.757+00:00,2026-09-21T08:04:49.023+00:00,True,2,2.0,,2.0,300007.808967,300274.098887,300274.098881,150137.0494405,266.289914,300007.808967,211949.26072553304,285020.73301435,266.28992,nan,0.006660581140408803,42,64,,True,True,,8,59.56268577710819
317,2026-09-21T07:59:45.939+00:00,2026-09-21T08:04:49.023+00:00,2026-09-21T08:04:49.023+00:00,False,1,0.0,,0.0,303083.769328,303083.769328,303083.769328,303083.769328,303083.769328,303083.769328,nan,303083.769328,nan,nan,0.0,42,64,,True,False,TTFT timeout: 300.0s exceeded (TTFT: 300.019s),0,59.56268577710819
327,2026-09-21T07:59:48.997+00:00,2026-09-21T08:04:49.025+00:00,2026-09-21T08:04:49.025+00:00,False,1,0.0,,0.0,300027.951369,300027.951369,300027.951369,300027.951369,300027.951369,300027.951369,nan,300027.951369,nan,nan,0.0,42,64,,True,False,TTFT timeout: 300.0s exceeded (TTFT: 300.025s),0,59.56268577710819
328,2026-09-21T07:59:49.377+00:00,2026-09-21T08:04:49.281+00:00,2026-09-21T08:04:49.407+00:00,False,4,3.0,,3.0,299903.73868,300030.178616,300030.178573,75007.54464325,0.031760000000000004,299903.73868,149930.79926582772,254929.3534069,42.14664533333334,38.18276442308605,0.009998994147317473,42,64,,True,False,Request timeout: 300.0s exceeded,3,59.56268577710819
329,2026-09-21T07:59:49.700+00:00,2026-09-21T08:04:49.757+00:00,2026-09-21T08:04:49.757+00:00,False,1,0.0,,0.0,300056.651383,300056.651383,300056.651383,300056.651383,300056.651383,300056.651383,nan,300056.651383,nan,nan,0.0,42,64,,True,False,"HTTPConnectionPool(host='gpu06', port=9004): Read timed out.",0,59.56268577710819
330,2026-09-21T07:59:49.999+00:00,2026-09-21T08:04:50.066+00:00,2026-09-21T08:04:50.066+00:00,False,1,0.0,,0.0,300067.04094700003,300067.04094700003,300067.04094700003,300067.04094700003,300067.04094700003,300067.04094700003,nan,300067.04094700003,nan,nan,0.0,42,64,,True,False,"HTTPConnectionPool(host='gpu06', port=9004): Read timed out.",0,59.56268577710819
331,2026-09-21T07:59:50.377+00:00,2026-09-21T08:04:50.484+00:00,2026-09-21T08:04:50.484+00:00,False,1,0.0,,0.0,300107.06153899996,300107.06153899996,300107.06153899996,300107.06153899996,300107.06153899996,300107.06153899996,nan,300107.06153899996,nan,nan,0.0,42,64,,True,False,"HTTPConnectionPool(host='gpu06', port=9004): Read timed out.",0,59.56268577710819
332,2026-09-21T07:59:50.792+00:00,2026-09-21T08:04:50.898+00:00,2026-09-21T08:04:50.898+00:00,False,1,0.0,,0.0,300106.76331699995,300106.76331699995,300106.76331699995,300106.76331699995,300106.76331699995,300106.76331699995,nan,300106.76331699995,nan,nan,0.0,42,64,,True,False,"HTTPConnectionPool(host='gpu06', port=9004): Read timed out.",0,59.56268577710819
333,2026-09-21T07:59:51.062+00:00,2026-09-21T08:04:51.074+00:00,2026-09-21T08:04:51.074+00:00,False,1,0.0,,0.0,300011.667633,300011.667633,300011.667633,300011.667633,300011.667633,300011.667633,nan,300011.667633,nan,nan,0.0,42,64,,True,False,TTFT timeout: 300.0s exceeded (TTFT: 300.006s),0,59.56268577710819
334,2026-09-21T07:59:51.440+00:00,2026-09-21T08:04:51.464+00:00,2026-09-21T08:04:51.464+00:00,False,1,0.0,,0.0,300024.533376,300024.533376,300024.533376,300024.533376,300024.533376,300024.533376,nan,300024.533376,nan,nan,0.0,42,64,,True,False,TTFT timeout: 300.0s exceeded (TTFT: 300.018s),0,59.56268577710819
335,2026-09-21T07:59:51.836+00:00,2026-09-21T08:04:51.950+00:00,2026-09-21T08:04:51.950+00:00,False,1,0.0,,0.0,300113.840971,300113.840971,300113.840971,300113.840971,300113.840971,300113.840971,nan,300113.840971,nan,nan,0.0,42,64,,True,False,"HTTPConnectionPool(host='gpu06', port=9004): Read timed out.",0,59.56268577710819
336,2026-09-21T07:59:52.223+00:00,2026-09-21T08:04:52.330+00:00,2026-09-21T08:04:52.330+00:00,False,1,0.0,,0.0,300106.65586400003,300106.65586400003,300106.65586400003,300106.65586400003,300106.65586400003,300106.65586400003,nan,300106.65586400003,nan,nan,0.0,42,64,,True,False,"HTTPConnectionPool(host='gpu06', port=9004): Read timed out.",0,59.56268577710819
337,2026-09-21T07:59:52.491+00:00,2026-09-21T08:04:52.596+00:00,2026-09-21T08:04:52.596+00:00,False,1,0.0,,0.0,300104.910284,300104.910284,300104.910284,300104.910284,300104.910284,300104.910284,nan,300104.910284,nan,nan,0.0,42,64,,True,False,"HTTPConnectionPool(host='gpu06', port=9004): Read timed out.",0,59.56268577710819
338,2026-09-21T07:59:54.207+00:00,2026-09-21T08:04:52.866+00:00,2026-09-21T08:04:54.330+00:00,False,22,21.0,,21.0,298659.148186,300122.290842,300122.290767,13641.922307590909,0.02084,298659.148186,63659.520012374385,323.1689022,69.6734598095238,63.43832446563294,0.06997147709716602,42,64,,True,False,Request timeout: 300.0s exceeded,87,59.56268577710819
341,2026-09-21T07:59:54.337+00:00,2026-09-21T08:04:53.198+00:00,2026-09-21T08:04:54.634+00:00,False,26,25.0,,25.0,298861.216045,300297.377325,300297.377177,11549.899122192308,0.03972,298861.216045,58600.24290547282,93.27188699999999,57.446451200000006,17.283523574145637,0.08325081032240746,42,64,,True,False,Request timeout: 300.0s exceeded,292,59.56268577710819
339,2026-09-21T07:59:54.258+00:00,2026-09-21T08:04:55.010+00:00,2026-09-21T08:04:55.010+00:00,False,1,0.0,,0.0,300752.290741,300752.290741,300752.290741,300752.290741,300752.290741,300752.290741,nan,300752.290741,nan,nan,0.0,42,64,,True,False,"HTTPConnectionPool(host='gpu06', port=9004): Read timed out.",0,59.56268577710819
343,2026-09-21T07:59:54.830+00:00,2026-09-21T08:04:55.143+00:00,2026-09-21T08:04:55.143+00:00,False,1,0.0,,0.0,300312.626822,300312.626822,300312.626822,300312.626822,300312.626822,300312.626822,nan,300312.626822,nan,nan,0.0,42,64,,True,False,"HTTPConnectionPool(host='gpu06', port=9004): Read timed out.",0,59.56268577710819
344,2026-09-21T07:59:55.016+00:00,2026-09-21T08:04:55.158+00:00,2026-09-21T08:04:55.158+00:00,False,1,0.0,,0.0,300141.681255,300141.681255,300141.681255,300141.681255,300141.681255,300141.681255,nan,300141.681255,nan,nan,0.0,42,64,,True,False,"HTTPConnectionPool(host='gpu06', port=9004): Read timed out.",0,59.56268577710819
340,2026-09-21T07:59:54.294+00:00,2026-09-21T08:04:55.163+00:00,2026-09-21T08:04:55.163+00:00,False,1,0.0,,0.0,300869.412909,300869.412909,300869.412909,300869.412909,300869.412909,300869.412909,nan,300869.412909,nan,nan,0.0,42,64,,True,False,"HTTPConnectionPool(host='gpu06', port=9004): Read timed out.",0,59.56268577710819
342,2026-09-21T07:59:54.726+00:00,2026-09-21T08:04:55.344+00:00,2026-09-21T08:04:55.344+00:00,False,1,0.0,,0.0,300617.81299,300617.81299,300617.81299,300617.81299,300617.81299,300617.81299,nan,300617.81299,nan,nan,0.0,42,64,,True,False,"HTTPConnectionPool(host='gpu06', port=9004): Read timed out.",0,59.56268577710819
345,2026-09-21T07:59:55.425+00:00,2026-09-21T08:04:55.636+00:00,2026-09-21T08:04:55.636+00:00,False,1,0.0,,0.0,300211.05282,300211.05282,300211.05282,300211.05282,300211.05282,300211.05282,nan,300211.05282,nan,nan,0.0,42,64,,True,False,"HTTPConnectionPool(host='gpu06', port=9004): Read timed out.",0,59.56268577710819
346,2026-09-21T07:59:55.741+00:00,2026-09-21T08:04:55.846+00:00,2026-09-21T08:04:55.846+00:00,False,1,0.0,,0.0,300105.559199,300105.559199,300105.559199,300105.559199,300105.559199,300105.559199,nan,300105.559199,nan,nan,0.0,42,64,,True,False,"HTTPConnectionPool(host='gpu06', port=9004): Read timed out.",0,59.56268577710819
347,2026-09-21T07:59:56.115+00:00,2026-09-21T08:04:56.221+00:00,2026-09-21T08:04:56.221+00:00,False,1,0.0,,0.0,300105.63236299995,300105.63236299995,300105.63236299995,300105.63236299995,300105.63236299995,300105.63236299995,nan,300105.63236299995,nan,nan,0.0,42,64,,True,False,"HTTPConnectionPool(host='gpu06', port=9004): Read timed out.",0,59.56268577710819
348,2026-09-21T07:59:56.378+00:00,2026-09-21T08:04:56.493+00:00,2026-09-21T08:04:56.493+00:00,False,1,0.0,,0.0,300114.712403,300114.712403,300114.712403,300114.712403,300114.712403,300114.712403,nan,300114.712403,nan,nan,0.0,42,64,,True,False,"HTTPConnectionPool(host='gpu06', port=9004): Read timed out.",0,59.56268577710819
349,2026-09-21T07:59:56.706+00:00,2026-09-21T08:04:56.808+00:00,2026-09-21T08:04:56.808+00:00,False,1,0.0,,0.0,300101.941255,300101.941255,300101.941255,300101.941255,300101.941255,300101.941255,nan,300101.941255,nan,nan,0.0,42,64,,True,False,"HTTPConnectionPool(host='gpu06', port=9004): Read timed out.",0,59.56268577710819
350,2026-09-21T07:59:57.094+00:00,2026-09-21T08:04:57.189+00:00,2026-09-21T08:04:57.189+00:00,False,1,0.0,,0.0,300094.72513800004,300094.72513800004,300094.72513800004,300094.72513800004,300094.72513800004,300094.72513800004,nan,300094.72513800004,nan,nan,0.0,42,64,,True,False,TTFT timeout: 300.0s exceeded (TTFT: 300.085s),0,59.56268577710819
351,2026-09-21T07:59:57.384+00:00,2026-09-21T08:04:57.359+00:00,2026-09-21T08:04:57.448+00:00,False,3,2.0,,2.0,299974.275402,300063.586122,300063.586137,100021.195379,0.027170000000000003,299974.275402,173164.4526156832,269985.7762183,44.65536,63.113839645424456,0.006665253941165787,42,64,,True,False,Request timeout: 300.0s exceeded,8,59.56268577710819
352,2026-09-21T07:59:57.761+00:00,2026-09-21T08:04:57.863+00:00,2026-09-21T08:04:57.863+00:00,False,1,0.0,,0.0,300101.929939,300101.929939,300101.929939,300101.929939,300101.929939,300101.929939,nan,300101.929939,nan,nan,0.0,42,64,,True,False,"HTTPConnectionPool(host='gpu06', port=9004): Read timed out.",0,59.56268577710819
353,2026-09-21T07:59:58.104+00:00,2026-09-21T08:04:58.208+00:00,2026-09-21T08:04:58.208+00:00,False,1,0.0,,0.0,300103.83348699997,300103.83348699997,300103.83348699997,300103.83348699997,300103.83348699997,300103.83348699997,nan,300103.83348699997,nan,nan,0.0,42,64,,True,False,"HTTPConnectionPool(host='gpu06', port=9004): Read timed out.",0,59.56268577710819
354,2026-09-21T07:59:58.508+00:00,2026-09-21T08:04:58.600+00:00,2026-09-21T08:04:58.600+00:00,False,1,0.0,,0.0,300091.942158,300091.942158,300091.942158,300091.942158,300091.942158,300091.942158,nan,300091.942158,nan,nan,0.0,42,64,,True,False,TTFT timeout: 300.0s exceeded (TTFT: 300.078s),0,59.56268577710819
355,2026-09-21T07:59:58.844+00:00,2026-09-21T08:04:58.948+00:00,2026-09-21T08:04:58.948+00:00,False,1,0.0,,0.0,300104.291876,300104.291876,300104.291876,300104.291876,300104.291876,300104.291876,nan,300104.291876,nan,nan,0.0,42,64,,True,False,"HTTPConnectionPool(host='gpu06', port=9004): Read timed out.",0,59.56268577710819
356,2026-09-21T07:59:59.168+00:00,2026-09-21T08:04:59.214+00:00,2026-09-21T08:04:59.214+00:00,False,1,0.0,,0.0,300045.452472,300045.452472,300045.452472,300045.452472,300045.452472,300045.452472,nan,300045.452472,nan,nan,0.0,42,64,,True,False,TTFT timeout: 300.0s exceeded (TTFT: 300.032s),0,59.56268577710819
357,2026-09-21T07:59:59.494+00:00,2026-09-21T08:04:59.432+00:00,2026-09-21T08:04:59.534+00:00,False,4,3.0,,3.0,299938.22135,300040.17847,300040.178613,75010.04465325,0.04385,299938.22135,149952.11978297622,254955.9392819,33.985706666666665,29.883593127194416,0.009998660897010365,42,64,,True,False,Request timeout: 300.0s exceeded,9,59.56268577710819
358,2026-09-21T07:59:59.820+00:00,2026-09-21T08:04:59.930+00:00,2026-09-21T08:04:59.930+00:00,False,1,0.0,,0.0,300109.98122,300109.98122,300109.98122,300109.98122,300109.98122,300109.98122,nan,300109.98122,nan,nan,0.0,42,64,,True,False,"HTTPConnectionPool(host='gpu06', port=9004): Read timed out.",0,59.56268577710819
359,2026-09-21T08:00:00.203+00:00,2026-09-21T08:05:00.286+00:00,2026-09-21T08:05:00.286+00:00,False,1,0.0,,0.0,300083.44403500005,300083.44403500005,300083.44403500005,300083.44403500005,300083.44403500005,300083.44403500005,nan,300083.44403500005,nan,nan,0.0,42,64,,True,False,"HTTPConnectionPool(host='gpu06', port=9004): Read timed out.",0,59.56268577710819
360,2026-09-21T08:00:00.551+00:00,2026-09-21T08:05:00.654+00:00,2026-09-21T08:05:00.654+00:00,False,1,0.0,,0.0,300103.09281199996,300103.09281199996,300103.09281199996,300103.09281199996,300103.09281199996,300103.09281199996,nan,300103.09281199996,nan,nan,0.0,42,64,,True,False,"HTTPConnectionPool(host='gpu06', port=9004): Read timed out.",0,59.56268577710819
361,2026-09-21T08:00:00.923+00:00,2026-09-21T08:05:00.976+00:00,2026-09-21T08:05:00.976+00:00,False,1,0.0,,0.0,300053.547879,300053.547879,300053.547879,300053.547879,300053.547879,300053.547879,nan,300053.547879,nan,nan,0.0,42,64,,True,False,TTFT timeout: 300.0s exceeded (TTFT: 300.047s),0,59.56268577710819
362,2026-09-21T08:00:01.316+00:00,2026-09-21T08:05:01.386+00:00,2026-09-21T08:05:02.967+00:00,False,28,27.0,,27.0,300069.38633999997,301650.738532,301650.738744,10773.240669428571,0.03591,300069.38633999997,56696.71856741868,110.01795735,58.568599703703704,19.58310261864483,0.08950748846628719,42,64,,True,False,Request timeout: 300.0s exceeded,53,59.56268577710819
363,2026-09-21T08:00:01.614+00:00,2026-09-21T08:05:01.876+00:00,2026-09-21T08:05:03.022+00:00,False,21,20.0,,20.0,300261.419484,301407.467484,301407.467564,14352.736550666667,0.04668,300261.419484,65509.911984301245,111.557523,57.3024,20.05032503761626,0.06635535664378218,42,64,,True,False,Request timeout: 300.0s exceeded,220,59.56268577710819
364,2026-09-21T08:00:01.929+00:00,2026-09-21T08:05:02.513+00:00,2026-09-21T08:05:03.069+00:00,False,12,11.0,,11.0,300584.031227,301140.168955,301140.168803,25095.014066916665,0.0419,300584.031227,86756.54274564111,135305.4448684,50.557975272727276,19.045432183395224,0.03652784030164954,42,64,,True,False,Request timeout: 300.0s exceeded,34,59.56268577710819
365,2026-09-21T08:00:02.280+00:00,2026-09-21T08:05:03.439+00:00,2026-09-21T08:05:03.439+00:00,False,1,0.0,,0.0,301159.10779000004,301159.10779000004,301159.10779000004,301159.10779000004,301159.10779000004,301159.10779000004,nan,301159.10779000004,nan,nan,0.0,42,64,,True,False,"HTTPConnectionPool(host='gpu06', port=9004): Read timed out.",0,59.56268577710819
0,2026-09-21T07:58:02.294+00:00,2026-09-21T07:58:02.477+00:00,2026-09-21T07:58:05.206+00:00,True,50,50.0,,50.0,182.894002,2911.518898,2911.519006,58.23038012,0.01752,249.079037,43.84779507204386,144.89857824999999,55.68622236734694,40.40180644655032,17.173166911039573,43,64,,False,True,,300,59.56268577710819
2,2026-09-21T07:58:02.913+00:00,2026-09-21T07:58:04.427+00:00,2026-09-21T07:58:06.309+00:00,True,31,31.0,,31.0,1514.165812,3396.4895239999996,3396.489579,109.56417996774194,38.131553,1514.165812,260.86221585206573,78.40547550000001,62.74412373333333,9.832393863240535,9.127070694889623,43,64,,False,True,,124,59.56268577710819
5,2026-09-21T07:58:03.866+00:00,2026-09-21T07:58:05.840+00:00,2026-09-21T07:58:09.979+00:00,True,67,67.0,,67.0,1973.441862,6112.712262,6112.712153,91.23450974626866,43.668535000000006,1973.441862,233.67462475536854,76.99112900000002,62.71621818181818,10.720905441701891,10.960764571973893,43,64,,False,True,,158,59.56268577710819
1,2026-09-21T07:58:02.582+00:00,2026-09-21T07:58:06.310+00:00,2026-09-21T07:58:09.484+00:00,True,52,52.0,,52.0,3728.449401,6902.589817,6902.589839,132.74211228846153,43.592605000000006,3728.449401,508.5466381535369,81.70004395,62.23804737254902,11.816071294633156,7.533404327739731,43,64,,False,True,,156,59.56268577710819
4,2026-09-21T07:58:03.605+00:00,2026-09-21T07:58:07.606+00:00,2026-09-21T07:58:11.697+00:00,True,66,66.0,,66.0,4000.541705,8091.741449,8091.74166,122.60214636363636,43.522214,4000.541705,484.8061265010515,80.5442905,62.941534523076925,10.917531640551621,8.156464268659555,43,64,,False,True,,239,59.56268577710819
3,2026-09-21T07:58:03.291+00:00,2026-09-21T07:58:08.934+00:00,2026-09-21T07:58:12.070+00:00,True,51,51.0,,51.0,5643.087404,8779.236907999999,8779.237039,172.14190272549018,43.704284,5643.087404,781.4774852513465,80.7608385,62.722990079999995,10.578607174653161,5.8091609253108,43,64,,False,True,,459,59.56268577710819
6,2026-09-21T07:58:04.336+00:00,2026-09-21T07:58:11.540+00:00,2026-09-21T07:58:13.884+00:00,True,37,37.0,,37.0,7203.671394,9547.260001999999,9547.259788,258.0340483243243,0.019969999999999998,7203.671394,1175.1583390689752,143.0513186,65.09968355555556,61.86764954441297,3.8754574602817025,43,64,,False,True,,407,59.56268577710819
7,2026-09-21T07:58:04.739+00:00,2026-09-21T07:58:13.545+00:00,2026-09-21T07:58:16.445+00:00,True,48,48.0,,48.0,8805.428935,11705.700551,11705.700667,243.86876389583333,41.519104,8805.428935,1262.0865939282382,80.36692135,61.70790672340426,10.051075481821249,4.1005661977146195,43,64,,False,True,,192,59.56268577710819
8,2026-09-21T07:58:05.090+00:00,2026-09-21T07:58:16.187+00:00,2026-09-21T07:58:20.789+00:00,True,74,74.0,,74.0,11096.858016,15699.589536,15699.589564,212.15661572972974,39.390775000000005,11096.858016,1282.6967981833523,78.078612,63.05111671232877,10.550914324438878,4.713499026857615,43,64,,False,True,,267,59.56268577710819
9,2026-09-21T07:58:05.564+00:00,2026-09-21T07:58:18.609+00:00,2026-09-21T07:58:20.367+00:00,True,29,29.0,,29.0,13045.839075,14803.082211,14803.082208,510.45111062068963,45.515995000000004,13045.839075,2410.916655332761,78.737838,62.75868342857142,9.785976237756026,1.9590514722974672,43,64,,False,True,,36,59.56268577710819
10,2026-09-21T07:58:05.921+00:00,2026-09-21T07:58:20.548+00:00,2026-09-21T07:58:25.919+00:00,True,85,85.0,,85.0,14626.654293,19997.880661,19997.88067,235.26918435294118,0.0,14626.654293,1580.8705234596289,78.77833900000002,63.943171047619046,65.04413706979484,4.2504504072657845,43,64,,False,True,,328,59.56268577710819
11,2026-09-21T07:58:06.198+00:00,2026-09-21T07:58:21.940+00:00,2026-09-21T07:58:24.033+00:00,True,33,33.0,,33.0,15741.901577999999,17834.176266,17834.176134999998,540.4295798484849,0.0,15741.901577999999,2730.7580836111274,427.46251820000003,65.383584,101.46054577551047,1.8503798273494085,43,64,,False,True,,99,59.56268577710819
12,2026-09-21T07:58:06.522+00:00,2026-09-21T07:58:23.779+00:00,2026-09-21T07:58:25.066+00:00,True,26,26.0,,26.0,17256.555987,18543.600083,18543.600151,713.2153904230769,0.0,17256.555987,3374.2881549798212,80.531028,51.481763840000006,25.90929355576634,1.40210098813745,43,64,,False,True,,48,59.56268577710819
13,2026-09-21T07:58:06.874+00:00,2026-09-21T07:58:25.257+00:00,2026-09-21T07:58:26.960+00:00,True,27,27.0,,27.0,18382.511068,20086.007772,20086.007825,743.9262157407408,0.0,18382.511068,3525.9103402065107,319.70507280000004,65.519104,76.76452210772247,1.3442193344980249,43,64,,False,True,,81,59.56268577710819
14,2026-09-21T07:58:07.274+00:00,2026-09-21T07:58:27.794+00:00,2026-09-21T07:58:32.515+00:00,True,75,75.0,,75.0,20520.517671,25240.964391,25240.964611000003,336.54619481333333,0.0,20520.517671,2362.6368307699922,80.158478,63.78982054054054,48.80706424509904,2.971360318813422,43,64,,False,True,,225,59.56268577710819
15,2026-09-21T07:58:07.729+00:00,2026-09-21T07:58:30.024+00:00,2026-09-21T07:58:36.105+00:00,True,96,96.0,,96.0,22294.517354,28375.662442,28375.662516,295.579817875,0.0,22294.517354,2270.689663607586,78.49932550000001,64.01205355789473,90.82948503271075,3.3831809282417455,43,64,,False,True,,144,59.56268577710819
16,2026-09-21T07:58:08.161+00:00,2026-09-21T07:58:32.292+00:00,2026-09-21T07:58:35.550+00:00,True,52,52.0,,52.0,24130.512495000003,27389.292143000002,27389.292103000003,526.7171558269231,0.0,24130.512495000003,3339.1334650748518,297.2014465,63.89764015686274,107.42211971368731,1.898552168800385,43,64,,False,True,,208,59.56268577710819
17,2026-09-21T07:58:08.627+00:00,2026-09-21T07:58:34.396+00:00,2026-09-21T07:58:37.723+00:00,True,53,53.0,,53.0,25768.608195,29095.379395,29095.379411,548.9694228490566,0.0,25768.608195,3531.6020004675383,79.895122,63.97636923076923,75.86498213117736,1.8215950814893989,43,64,,False,True,,212,59.56268577710819
18,2026-09-21T07:58:08.991+00:00,2026-09-21T07:58:36.313+00:00,2026-09-21T07:58:40.728+00:00,True,71,71.0,,71.0,27321.216276,31736.601876,31736.601814999998,446.99439176056336,0.0,27321.216276,3235.751183028026,82.215269,63.07693714285714,72.70303653734369,2.2371645293786777,43,64,,False,True,,141,59.56268577710819
19,2026-09-21T07:58:09.389+00:00,2026-09-21T07:58:38.152+00:00,2026-09-21T07:58:40.942+00:00,True,45,45.0,,45.0,28762.891816,31553.050152,31553.050106,701.1788912444445,0.0,28762.891816,4279.1989749349195,79.143138,63.41268945454545,90.39780519237058,1.4261695710310802,43,64,,False,True,,273,59.56268577710819
20,2026-09-21T07:58:09.680+00:00,2026-09-21T07:58:40.553+00:00,2026-09-21T07:58:40.992+00:00,True,15,15.0,,15.0,30872.645666,31312.199458,31312.199471,2087.4799647333334,0.0,30872.645666,7963.2418687543795,9318.9195581,31.39669942857143,33.55015130095488,0.47904651412686466,43,64,,False,True,,98,59.56268577710819
21,2026-09-21T07:58:10.140+00:00,2026-09-21T07:58:42.638+00:00,2026-09-21T07:58:45.180+00:00,True,41,41.0,,41.0,32497.670254,35040.103534,35040.103478,854.636670195122,0.01549,32497.670254,5066.333046602432,119.616992,63.560832,100.71637000771857,1.1700878668984813,43,64,,False,True,,123,59.56268577710819
22,2026-09-21T07:58:10.466+00:00,2026-09-21T07:58:44.014+00:00,2026-09-21T07:58:45.691+00:00,True,28,28.0,,28.0,33547.976873,35225.824169,35225.824027,1258.0651438214286,45.511204,33547.976873,6328.234597430619,76.42280799999999,62.14249244444445,9.400778441332239,0.7948713950784156,43,64,,False,True,,112,59.56268577710819
23,2026-09-21T07:58:10.896+00:00,2026-09-21T07:58:46.495+00:00,2026-09-21T07:58:47.508+00:00,True,17,17.0,,17.0,35598.457776,36611.44772800001,36611.447881,2153.6145812352943,23.028272,35598.457776,8618.551518856459,7181.444361600001,63.311872,15.280012120473797,0.46433563966929936,43,64,,False,True,,51,59.56268577710819
24,2026-09-21T07:58:11.280+00:00,2026-09-21T07:58:48.221+00:00,2026-09-21T07:58:50.027+00:00,True,29,29.0,,29.0,36940.645396,38747.356692,38747.356783,1336.115751137931,44.993615,36940.645396,6847.73058649012,78.639532,64.52540342857142,9.9811254095579,0.7484381510336033,43,64,,False,True,,29,59.56268577710819
25,2026-09-21T07:58:11.674+00:00,2026-09-21T07:58:50.164+00:00,2026-09-21T07:58:52.254+00:00,True,34,34.0,,34.0,38489.967967,40580.318815,40580.318814,1193.5387886470587,42.514135,38489.967967,6590.1194735558465,80.84145385,63.343965090909094,10.313269252271429,0.8378445757166485,43,64,,False,True,,102,59.56268577710819
26,2026-09-21T07:58:12.112+00:00,2026-09-21T07:58:52.397+00:00,2026-09-21T07:58:56.407+00:00,True,65,65.0,,65.0,40284.764992,44295.228224,44295.228278999995,681.4650504461538,0.0,40284.764992,4990.779146971535,86.35522079999998,62.663488,136.6344561278693,1.4674266869401016,43,64,,False,True,,578,59.56268577710819
27,2026-09-21T07:58:12.485+00:00,2026-09-21T07:58:54.344+00:00,2026-09-21T07:58:54.608+00:00,True,5,5.0,,5.0,41858.679256999996,42123.073241,42123.073344,8424.614668799999,54.963276,41858.679256999996,18690.212928274967,33502.24679119999,66.098496,11.454399655341057,0.1186997912377701,43,64,,False,True,,28,59.56268577710819
28,2026-09-21T07:58:13.151+00:00,2026-09-21T07:58:56.884+00:00,2026-09-21T07:58:59.568+00:00,True,44,44.0,,44.0,43733.21922,46417.029268,46417.029069,1054.932478840909,39.418434,43733.21922,6583.630193193199,79.2160065,62.414187162790704,10.780012348936,0.9479279629455669,43,64,,False,True,,97,59.56268577710819
29,2026-09-21T07:58:13.213+00:00,2026-09-21T07:58:58.176+00:00,2026-09-21T07:59:03.534+00:00,True,86,86.0,,86.0,44963.282518,50321.001046,50321.000965,585.1279181976744,0.0,44963.282518,4842.670133380261,81.29792125,63.03198268235294,96.56801730852018,1.7090280044585104,43,64,,False,True,,172,59.56268577710819
30,2026-09-21T07:58:13.494+00:00,2026-09-21T07:58:59.782+00:00,2026-09-21T07:59:01.293+00:00,True,24,24.0,,24.0,46288.648865999996,47798.770337999995,47798.770362999996,1991.6154317916664,0.0,46288.648865999996,9436.978708212211,780.7418661,65.65745530434783,185.82106962306997,0.5021049669330094,43,64,,False,True,,51,59.56268577710819
31,2026-09-21T07:58:13.807+00:00,2026-09-21T07:59:01.295+00:00,2026-09-21T07:59:02.847+00:00,True,26,26.0,,26.0,47488.28086,49040.097052,49040.096882,1886.1575723846154,32.272504,47488.28086,9301.05618656326,93.28151675000001,62.07264768,14.944880498855069,0.5301783961077957,43,64,,False,True,,89,59.56268577710819
32,2026-09-21T07:58:14.225+00:00,2026-09-21T07:59:03.535+00:00,2026-09-21T07:59:09.092+00:00,True,89,89.0,,89.0,49310.24689,54866.663658000005,54866.663757,616.4793680561799,0.0149,49310.24689,5221.139981944214,82.54294399999999,63.141099636363634,100.54553130166221,1.6221143052321,43,64,,False,True,,1061,59.56268577710819
33,2026-09-21T07:58:14.552+00:00,2026-09-21T07:59:05.632+00:00,2026-09-21T07:59:09.224+00:00,True,60,60.0,,60.0,51080.563974,54672.339973999995,54672.339917,911.2056652833332,0.02027,51080.563974,6586.63968376873,89.67678155,60.877559322033896,18.84078468892467,1.0974470825381468,43,64,,False,True,,120,59.56268577710819
34,2026-09-21T07:58:15.019+00:00,2026-09-21T07:59:08.024+00:00,2026-09-21T07:59:10.329+00:00,True,29,29.0,,29.0,53005.340853,55310.044341,55310.044272,1907.2429059310346,0.0,53005.340853,9829.388503057467,667.1861835999999,82.31083885714285,193.06706825270862,0.5243170629408265,43,64,,False,True,,114,59.56268577710819
35,2026-09-21T07:58:15.483+00:00,2026-09-21T07:59:10.322+00:00,2026-09-21T07:59:15.783+00:00,True,87,87.0,,87.0,54839.015904,60300.43952,60300.439367,693.1084984712644,10.685172,54839.015904,5872.566292521993,78.056281,63.50492576744186,13.395509837900843,1.442775553421041,43,64,,False,True,,348,59.56268577710819
36,2026-09-21T07:58:15.833+00:00,2026-09-21T07:59:12.307+00:00,2026-09-21T07:59:15.081+00:00,True,43,43.0,,43.0,56474.069656,59248.331672,59248.33168,1377.8681786046511,49.902483999999994,56474.069656,8602.148364386818,82.48314099999999,66.05385752380953,10.78496864103598,0.7257588321313231,43,64,,False,True,,172,59.56268577710819
37,2026-09-21T07:58:16.298+00:00,2026-09-21T07:59:14.846+00:00,2026-09-21T07:59:21.316+00:00,True,100,100.0,,100.0,58547.564481,65017.888961000004,65017.888960000004,650.1788896,0.0,58547.564481,5850.388372495964,122.38845975,65.35681292929293,160.05225377452828,1.5380382475964958,43,64,,False,True,,596,59.56268577710819
38,2026-09-21T07:58:16.622+00:00,2026-09-21T07:59:16.530+00:00,2026-09-21T07:59:21.327+00:00,True,61,61.0,,61.0,59907.856635,64704.740347,64704.740246999994,1060.733446672131,0.0,59907.856635,7662.966931045845,178.15209599999997,79.94806186666666,208.44156818432657,0.9427439113868299,43,64,,False,True,,370,59.56268577710819
39,2026-09-21T07:58:16.888+00:00,2026-09-21T07:59:17.970+00:00,2026-09-21T07:59:23.792+00:00,True,92,92.0,,92.0,61082.472594,66904.09077,66904.090796,727.2183782173913,0.0,61082.472594,6363.992064809993,127.39938964999999,63.97382610989011,174.76777849546147,1.375102761896483,43,64,,False,True,,460,59.56268577710819
40,2026-09-21T07:58:17.333+00:00,2026-09-21T07:59:21.323+00:00,2026-09-21T07:59:21.323+00:00,True,6,6.0,,6.0,63989.359372,63989.359372,63989.359372,10664.893228666666,0.0,63989.359372,26123.546571496772,47992.019529,0.0,0.0,0.0937655894493208,43,64,,False,True,,15,59.56268577710819
41,2026-09-21T07:58:17.803+00:00,2026-09-21T07:59:22.887+00:00,2026-09-21T07:59:24.562+00:00,True,27,27.0,,27.0,65083.530771,66758.503955,66758.503918,2472.537182148148,43.787724000000004,65083.530771,12512.937556506393,80.087246,64.42204553846153,10.51468116699283,0.4044428559723257,43,64,,False,True,,116,59.56268577710819
42,2026-09-21T07:58:18.103+00:00,2026-09-21T07:59:24.634+00:00,2026-09-21T07:59:26.772+00:00,True,34,34.0,,34.0,66531.026694,68668.828934,68668.828882,2019.6714377058825,44.77628300000001,66531.026694,11398.871351599144,83.03038535,64.78188606060606,10.178883650594898,0.4951300397546983,43,64,,False,True,,68,59.56268577710819
43,2026-09-21T07:58:18.558+00:00,2026-09-21T07:59:26.907+00:00,2026-09-21T07:59:32.850+00:00,True,80,80.0,,80.0,68349.405817,74292.468089,74292.467959,928.6558494875001,0.0,68349.405817,7634.712111164795,81.62772100000001,75.22863635443038,148.55126774190268,1.0768251756579492,43,64,,False,True,,159,59.56268577710819
44,2026-09-21T07:58:18.915+00:00,2026-09-21T07:59:28.781+00:00,2026-09-21T07:59:32.852+00:00,True,47,47.0,,47.0,69866.532764,73937.012636,73937.012642,1573.1279285531916,0.0,69866.532764,10179.98337141243,77.068446,88.48869286956521,194.05691528458186,0.6356762103898643,43,64,,False,True,,95,59.56268577710819
45,2026-09-21T07:58:19.198+00:00,2026-09-21T07:59:30.431+00:00,2026-09-21T07:59:32.818+00:00,True,23,23.0,,23.0,71233.16197,73620.57061,73620.57042,3200.894366086957,0.0,71233.16197,14832.973789235191,1214.8475229000003,108.51857454545454,276.5155870922681,0.3124126831594521,43,64,,False,True,,156,59.56268577710819
46,2026-09-21T07:58:19.465+00:00,2026-09-21T07:59:32.831+00:00,2026-09-21T07:59:32.831+00:00,True,13,13.0,,13.0,73366.05611399999,73366.05611399999,73366.05611399999,5643.542777999999,0.0,73366.05611399999,20348.082861353483,29346.422445599994,0.0,0.0,0.17719365996449263,43,64,,False,True,,38,59.56268577710819
47,2026-09-21T07:58:19.890+00:00,2026-09-21T07:59:35.109+00:00,2026-09-21T07:59:39.912+00:00,True,95,95.0,,95.0,75219.40526,80021.77454,80021.774662,842.3344701263158,0.02143,75219.40526,7712.193248653728,107.8747459,51.08903489361702,36.77092126389119,1.1871768721213865,43,64,,False,True,,570,59.56268577710819
48,2026-09-21T07:58:20.324+00:00,2026-09-21T07:59:36.308+00:00,2026-09-21T07:59:39.167+00:00,True,46,46.0,,46.0,75983.24669,78842.90109,78842.901112,1713.9761111304347,9.733941000000002,75983.24669,11193.766466676805,75.96843675,63.54787555555555,20.053028073350106,0.5834387035998398,43,64,,False,True,,50,59.56268577710819
49,2026-09-21T07:58:20.780+00:00,2026-09-21T07:59:38.910+00:00,2026-09-21T07:59:44.999+00:00,True,96,96.0,,96.0,78130.01642100001,84219.68144500001,84219.68148700001,877.2883488229168,41.996514000000005,78130.01642100001,7967.577245370571,81.89034525,64.10173709473685,11.486117496133065,1.1398760759109874,43,64,,False,True,,864,59.56268577710819
50,2026-09-21T07:58:21.229+00:00,2026-09-21T07:59:41.021+00:00,2026-09-21T07:59:42.738+00:00,True,27,27.0,,27.0,79792.01084100001,81508.629081,81508.62917200002,3018.8381174814817,45.229493999999995,79792.01084100001,15343.276675003097,80.269954,66.02377846153847,10.280519161373006,0.3312532710269054,43,64,,False,True,,81,59.56268577710819
51,2026-09-21T07:58:21.575+00:00,2026-09-21T07:59:42.738+00:00,2026-09-21T07:59:43.359+00:00,True,10,10.0,,10.0,81162.42071600001,81783.285996,81783.28591100001,8178.328591100001,42.336733,81162.42071600001,25644.002455039077,44689.28722535,68.9850311111111,19.28664861860513,0.12227437279163736,43,64,,False,True,,93,59.56268577710819
52,2026-09-21T07:58:21.930+00:00,2026-09-21T07:59:44.435+00:00,2026-09-21T07:59:47.041+00:00,True,42,42.0,,42.0,82505.660468,85111.405364,85111.405398,2026.4620332857144,0.0,82505.660468,12723.867538805644,76.1465325,63.55475356097561,268.9993544905198,0.49347087878970625,43,64,,False,True,,84,59.56268577710819
53,2026-09-21T07:58:22.296+00:00,2026-09-21T07:59:47.009+00:00,2026-09-21T07:59:49.314+00:00,True,44,44.0,,44.0,84712.840917,87017.852373,87017.85237899999,1977.6784631590908,0.0,84712.840917,12762.882038619578,75.537309,53.60491758139535,23.977897138310993,0.505643368574474,43,64,,False,True,,192,59.56268577710819
54,2026-09-21T07:58:22.697+00:00,2026-09-21T07:59:48.370+00:00,2026-09-21T07:59:50.420+00:00,True,34,34.0,,34.0,85673.144274,87723.05633800001,87723.056375,2580.0898933823532,39.907634,85673.144274,14682.174455704411,79.02777,62.11854739393939,11.893406340334804,0.3875833950540529,43,64,,False,True,,237,59.56268577710819
55,2026-09-21T07:58:23.318+00:00,2026-09-21T07:59:50.422+00:00,2026-09-21T07:59:52.183+00:00,True,29,29.0,,29.0,87104.079191,88865.39579899999,88865.395806,3064.3239933103446,42.999494,87104.079191,16163.142649848278,76.82034099999998,62.90416457142857,8.623001513971868,0.3263362497770627,43,64,,False,True,,145,59.56268577710819
56,2026-09-21T07:58:23.381+00:00,2026-09-21T07:59:51.553+00:00,2026-09-21T07:59:54.101+00:00,True,32,32.0,,32.0,88172.193823,90719.725087,90719.72485799999,2834.9914018124996,0.01616,88172.193823,15574.041184138661,658.0020543999999,82.17842787096775,239.30782577458862,0.3527347549754155,43,64,,False,True,,96,59.56268577710819
57,2026-09-21T07:58:23.855+00:00,2026-09-21T07:59:54.123+00:00,2026-09-21T07:59:57.317+00:00,True,51,51.0,,51.0,90268.27733,93462.76053,93462.760381,1832.6031447254902,0.02178,90268.27733,12631.235769447923,157.9131335,63.889664,49.49028461888595,0.5456718773423116,43,64,,False,True,,65,59.56268577710819
58,2026-09-21T07:58:24.205+00:00,2026-09-21T07:59:56.391+00:00,2026-09-21T07:59:56.806+00:00,True,7,7.0,,7.0,92186.296814,92601.007342,92601.00745,13228.71535,60.435665,92186.296814,34817.02114549667,64552.8521729,69.11842133333333,5.530311315236663,0.07559313014973097,43,64,,False,True,,21,59.56268577710819
59,2026-09-21T07:58:24.477+00:00,2026-09-21T07:59:57.495+00:00,2026-09-21T07:59:59.659+00:00,True,37,37.0,,37.0,93018.457992,95182.93927199999,95182.939063,2572.5118665675673,48.046044,93018.457992,15282.258759951375,80.5480092,60.12448,9.495485618538286,0.38872512535326076,43,64,,False,True,,382,59.56268577710819
60,2026-09-21T07:58:24.936+00:00,2026-09-21T07:59:59.957+00:00,2026-09-21T08:00:02.906+00:00,True,37,37.0,,37.0,95021.51973199999,97970.35403599999,97970.35403099998,2647.847406243243,0.0,95021.51973199999,15611.087338146865,446.13350319999995,81.912064,316.11542484637613,0.377665267866686,43,64,,False,True,,45,59.56268577710819
61,2026-09-21T07:58:25.324+00:00,2026-09-21T08:00:02.873+00:00,2026-09-21T08:00:07.921+00:00,True,97,97.0,,97.0,97548.996407,102597.550647,102597.550811,1057.7067093917526,0.0,97548.996407,9899.29184128902,78.32319100000001,52.589106666666666,25.110067783054948,0.945441673688107,43,64,,False,True,,194,59.56268577710819
62,2026-09-21T07:58:25.647+00:00,2026-09-21T08:00:03.734+00:00,2026-09-21T08:00:05.162+00:00,True,23,23.0,,23.0,98086.60070000001,99514.41074800001,99514.41076600002,4326.713511565218,48.053774,98086.60070000001,20438.939296820652,80.17507789999999,64.90045672727273,9.034315808850492,0.23112230507240625,43,64,,False,True,,61,59.56268577710819
63,2026-09-21T07:58:26.086+00:00,2026-09-21T08:00:05.652+00:00,2026-09-21T08:00:11.014+00:00,True,88,88.0,,88.0,99565.540733,104927.786621,104927.786505,1192.361210284091,43.679334000000004,99565.540733,10607.155864525417,75.52616764999999,61.63501020689655,9.11837494160059,0.8386720318218156,43,64,,False,True,,528,59.56268577710819
64,2026-09-21T07:58:26.429+00:00,2026-09-21T08:00:07.370+00:00,2026-09-21T08:00:07.671+00:00,True,6,6.0,,6.0,100941.105289,101242.354569,101242.354645,16873.725774166665,53.453464999999994,100941.105289,41184.43721540779,75723.73342325,60.249856,6.811029196185845,0.0592637342892969,43,64,,True,True,,50,59.56268577710819
65,2026-09-21T07:58:26.848+00:00,2026-09-21T08:00:09.681+00:00,2026-09-21T08:00:15.272+00:00,True,89,89.0,,89.0,102832.986458,108424.471898,108424.471899,1218.252493247191,43.697672,102832.986458,10893.543563958969,77.2212178,63.539607272727274,9.370979391440562,0.820847899390522,43,64,,True,True,,445,59.56268577710819
66,2026-09-21T07:58:27.239+00:00,2026-09-21T08:00:11.562+00:00,2026-09-21T08:00:15.731+00:00,True,67,67.0,,67.0,104322.522663,108491.457575,108491.45737999999,1619.275483283582,42.200724,104322.522663,12737.311018636221,75.7969187,63.16568048484849,9.248506282963655,0.6175601424995418,43,64,,True,True,,134,59.56268577710819
67,2026-09-21T07:58:27.504+00:00,2026-09-21T08:00:13.095+00:00,2026-09-21T08:00:18.930+00:00,True,93,93.0,,93.0,105591.302091,111426.872779,111426.872986,1198.138419204301,42.282924,105591.302091,10942.734727825085,77.3775704,63.43011617391305,9.593387569873638,0.8346281079291601,43,64,,True,True,,93,59.56268577710819
68,2026-09-21T07:58:27.786+00:00,2026-09-21T08:00:14.609+00:00,2026-09-21T08:00:15.463+00:00,True,15,15.0,,15.0,106823.33771400001,107677.00939400001,107677.009409,7178.467293933334,45.522994,106823.33771400001,27565.92475865187,32100.042817400004,60.97654857142857,9.865378740540256,0.13930550341636655,43,64,,True,True,,29,59.56268577710819
69,2026-09-21T07:58:28.123+00:00,2026-09-21T08:00:16.491+00:00,2026-09-21T08:00:16.491+00:00,True,1,1.0,,1.0,108367.579735,108367.579735,108367.579735,108367.579735,108367.579735,108367.579735,nan,108367.579735,nan,nan,0.009227852116337568,43,64,,True,True,,1,59.56268577710819
70,2026-09-21T07:58:28.560+00:00,2026-09-21T08:00:18.659+00:00,2026-09-21T08:00:23.754+00:00,True,82,82.0,,82.0,110098.16630900001,115193.148965,115193.14892600001,1404.7944990975611,45.111143,110098.16630900001,12151.365613934324,77.20092545,62.90102044444445,9.073788577318826,0.7118478897118671,43,64,,True,True,,168,59.56268577710819
71,2026-09-21T07:58:28.883+00:00,2026-09-21T08:00:20.194+00:00,2026-09-21T08:00:21.226+00:00,True,17,17.0,,17.0,111311.200318,112342.521662,112342.521804,6608.383635529412,52.444204,111311.200318,26981.299909309055,22324.7463564,64.457584,9.68383026828141,0.15132293408142602,43,64,,True,True,,33,59.56268577710819
72,2026-09-21T07:58:29.302+00:00,2026-09-21T08:00:21.914+00:00,2026-09-21T08:00:25.198+00:00,True,54,54.0,,54.0,112612.124721,115895.696177,115895.696205,2146.216596388889,41.402343,112612.124721,15316.141472493682,78.664874,61.95417841509434,10.048491985540528,0.46593619764386496,43,64,,True,True,,109,59.56268577710819
73,2026-09-21T07:58:29.614+00:00,2026-09-21T08:00:23.754+00:00,2026-09-21T08:00:27.364+00:00,True,58,58.0,,58.0,114140.137006,117750.28459000001,117750.28441400001,2030.1773174827588,43.422582999999996,114140.137006,14979.021001201745,78.85513850000001,63.335922526315784,9.844890300722026,0.4925678116358937,43,64,,True,True,,174,59.56268577710819
74,2026-09-21T07:58:29.954+00:00,2026-09-21T08:00:25.747+00:00,2026-09-21T08:00:29.124+00:00,True,54,54.0,,54.0,115793.327549,119169.55948499999,119169.55948,2206.843694074074,43.269954,115793.327549,15748.810624953936,79.795786,63.70248935849057,10.492613018929134,0.45313585309339877,43,64,,True,True,,108,59.56268577710819
75,2026-09-21T07:58:30.371+00:00,2026-09-21T08:00:27.756+00:00,2026-09-21T08:00:27.863+00:00,True,3,3.0,,3.0,117385.006335,117491.877631,117491.877753,39163.959251,52.994194,117385.006335,67741.4138868015,105651.8934239,53.435648,0.6245167091439587,0.025533679948684863,43,64,,True,True,,23,59.56268577710819
76,2026-09-21T07:58:30.826+00:00,2026-09-21T08:00:30.517+00:00,2026-09-21T08:00:35.467+00:00,True,78,78.0,,78.0,119691.10542299999,124641.15879899998,124641.15857999999,1597.9635715384613,44.335363,119691.10542299999,13545.072826878952,76.34408950000001,64.28640748051949,8.832960371779409,0.6257964925196589,43,64,,True,True,,85,59.56268577710819
77,2026-09-21T07:58:31.298+00:00,2026-09-21T08:00:32.781+00:00,2026-09-21T08:00:38.987+00:00,True,100,100.0,,100.0,121483.384322,127688.840194,127688.840143,1276.88840143,41.861103,121483.384322,12142.074335846912,76.72897955,62.68137244444445,9.956393187497468,0.7831537967458092,43,64,,True,True,,600,59.56268577710819
78,2026-09-21T07:58:31.651+00:00,2026-09-21T08:00:34.230+00:00,2026-09-21T08:00:38.859+00:00,True,76,76.0,,76.0,122579.65322400001,127208.17597600001,127208.17599700001,1673.7917894342106,41.162883,122579.65322400001,14053.774937404722,77.1612985,61.713636693333335,9.879260037062222,0.597445874975353,43,64,,True,True,,152,59.56268577710819
79,2026-09-21T07:58:32.055+00:00,2026-09-21T08:00:36.326+00:00,2026-09-21T08:00:42.380+00:00,True,96,96.0,,96.0,124271.156817,130325.483601,130325.483607,1357.55712090625,44.796803999999995,124271.156817,12676.87112772995,77.07514074999999,63.72975562105263,9.72048800081045,0.7366172551019283,43,64,,True,True,,173,59.56268577710819
80,2026-09-21T07:58:32.485+00:00,2026-09-21T08:00:38.660+00:00,2026-09-21T08:00:39.316+00:00,True,11,11.0,,11.0,126174.936565,126831.02539699999,126831.025484,11530.093225818182,51.832634,126174.936565,38023.39393649286,63126.7917255,65.60888320000001,9.127526924884805,0.08672956767138294,43,64,,True,True,,92,59.56268577710819
81,2026-09-21T07:58:32.804+00:00,2026-09-21T08:00:40.359+00:00,2026-09-21T08:00:45.131+00:00,True,74,74.0,,74.0,127554.35909900001,132326.363963,132326.364173,1788.194110445946,43.672734,127554.35909900001,14820.297404580759,78.80496629999999,65.36992964383562,10.17962721912201,0.5592234063099569,43,64,,True,True,,269,59.56268577710819
82,2026-09-21T07:58:33.358+00:00,2026-09-21T08:00:40.430+00:00,2026-09-21T08:00:40.753+00:00,True,6,6.0,,6.0,127072.303846,127394.586342,127394.58649,21232.431081666666,49.839523,127072.303846,51850.73757706854,95323.233176,64.4564992,11.579081842892519,0.04709776272511742,43,64,,True,True,,24,59.56268577710819
83,2026-09-21T07:58:33.618+00:00,2026-09-21T08:00:44.751+00:00,2026-09-21T08:00:50.941+00:00,True,98,98.0,,98.0,131133.28514,137322.91457999998,137322.91451,1401.2542296938775,42.590813000000004,131133.28514,13240.01936653359,78.8892055,63.81061278350516,9.02732177900612,0.7136463735839826,43,64,,True,True,,316,59.56268577710819
84,2026-09-21T07:58:34.009+00:00,2026-09-21T08:00:46.998+00:00,2026-09-21T08:00:48.647+00:00,True,27,27.0,,27.0,132989.04687700002,134638.01327700002,134638.013279,4986.593084407408,45.364433,132989.04687700002,25581.55034589976,80.28510399999999,63.42178461538462,9.973716540341897,0.20053771845586466,43,64,,True,True,,82,59.56268577710819
85,2026-09-21T07:58:34.441+00:00,2026-09-21T08:00:49.286+00:00,2026-09-21T08:00:51.054+00:00,True,29,29.0,,29.0,134845.658692,136613.648452,136613.648563,4710.815467689655,50.047794,134845.658692,25028.48625901286,79.30496360000001,63.142491428571425,8.320162301895992,0.21227747248247542,43,64,,True,True,,220,59.56268577710819
86,2026-09-21T07:58:34.811+00:00,2026-09-21T08:00:51.240+00:00,2026-09-21T08:00:51.435+00:00,True,4,4.0,,4.0,136429.51127900003,136624.47371100003,136624.47374500002,34156.118436250006,59.111025,136429.51127900003,68182.26225260072,115976.30411405003,64.98747733333333,8.55050923746588,0.02927733144254336,43,64,,True,True,,8,59.56268577710819
87,2026-09-21T07:58:35.230+00:00,2026-09-21T08:00:53.375+00:00,2026-09-21T08:00:56.034+00:00,True,43,43.0,,43.0,138145.536694,140804.45074200002,140804.450862,3274.522113069768,49.101353,138145.536694,21057.34411534079,77.8545129,63.30747733333334,8.234938299856879,0.3053880738385899,43,64,,True,True,,171,59.56268577710819
88,2026-09-21T07:58:35.678+00:00,2026-09-21T08:00:55.931+00:00,2026-09-21T08:00:57.362+00:00,True,24,24.0,,24.0,140253.603787,141684.079819,141684.079735,5903.503322291666,44.668883,140253.603787,28616.453292809143,77.4707315,62.19461008695652,10.159355022747592,0.16939094378606093,43,64,,True,True,,48,59.56268577710819
89,2026-09-21T07:58:36.086+00:00,2026-09-21T08:00:58.053+00:00,2026-09-21T08:01:01.129+00:00,True,49,49.0,,49.0,141966.547403,145042.848203,145042.848191,2960.058126346939,44.646053,141966.547403,20271.781963915673,76.49465479999999,64.0896,9.711464204921187,0.33783120372415926,43,64,,True,True,,196,59.56268577710819
90,2026-09-21T07:58:36.562+00:00,2026-09-21T08:01:00.305+00:00,2026-09-21T08:01:00.694+00:00,True,7,7.0,,7.0,143742.618651,144131.717659,144131.71769,20590.245384285714,49.796834000000004,143742.618651,54305.09299232277,100643.18016419999,64.84983466666667,10.340892647911332,0.04856668687291469,43,64,,True,True,,41,59.56268577710819
91,2026-09-21T07:58:36.942+00:00,2026-09-21T08:01:02.180+00:00,2026-09-21T08:01:04.637+00:00,True,40,40.0,,40.0,145237.59927,147695.275302,147695.275503,3692.3818875750003,44.868493,145237.59927,22954.11832341558,76.55041855,63.01733415384615,8.294588927978774,0.27082789153688214,43,64,,True,True,,440,59.56268577710819
92,2026-09-21T07:58:37.233+00:00,2026-09-21T08:01:03.676+00:00,2026-09-21T08:01:08.116+00:00,True,73,73.0,,73.0,146442.58792199998,150882.86977799996,150882.86993099996,2066.8886291917806,44.517393,146442.58792199998,17132.592672989802,76.621331,61.67058133333334,8.703588020440602,0.4838190054802632,43,64,,True,True,,146,59.56268577710819
93,2026-09-21T07:58:37.599+00:00,2026-09-21T08:01:05.774+00:00,2026-09-21T08:01:07.275+00:00,True,25,25.0,,25.0,148174.97218,149676.083732,149676.08373100002,5987.043349240001,48.553224,148174.97218,29622.486064242683,79.83921459999999,62.54631466666667,7.422422909325795,0.16702735251119566,43,64,,True,True,,100,59.56268577710819
94,2026-09-21T07:58:37.962+00:00,2026-09-21T08:01:08.066+00:00,2026-09-21T08:01:12.603+00:00,True,72,72.0,,72.0,150104.540352,154641.05721600002,154641.057399,2147.792463875,45.394603000000004,150104.540352,17682.462550237822,79.24020845,63.89460371830986,10.152461447944292,0.46559433371844855,43,64,,True,True,,216,59.56268577710819
95,2026-09-21T07:58:38.243+00:00,2026-09-21T08:01:09.469+00:00,2026-09-21T08:01:12.358+00:00,True,46,46.0,,46.0,151226.121188,154115.008228,154115.00834099998,3350.3262682826085,41.353233,151226.121188,22287.612142868213,78.8266235,64.19748977777778,10.497048100440482,0.29847839304493257,43,64,,True,True,,368,59.56268577710819
96,2026-09-21T07:58:38.638+00:00,2026-09-21T08:01:11.829+00:00,2026-09-21T08:01:13.391+00:00,True,25,25.0,,25.0,153191.136461,154752.956109,154752.956217,6190.11824868,51.822924,153191.136461,30625.2146140817,101.31183999999998,65.07581866666666,12.606452430372142,0.1615478025659897,43,64,,True,True,,50,59.56268577710819
97,2026-09-21T07:58:39.053+00:00,2026-09-21T08:01:14.100+00:00,2026-09-21T08:01:18.858+00:00,True,75,75.0,,75.0,155047.388917,159804.944373,159804.94427,2130.7325902666666,39.676843,155047.388917,17895.90965196967,78.0047863,64.29128994594595,10.47603712458883,0.46932214953839496,43,64,,True,True,,403,59.56268577710819
98,2026-09-21T07:58:39.317+00:00,2026-09-21T08:01:15.549+00:00,2026-09-21T08:01:20.487+00:00,True,79,79.0,,79.0,156231.985127,161169.355239,161169.355234,2040.1184206835442,44.057093,156231.985127,17570.352716631172,78.156815,63.299616820512824,10.089126201551345,0.4901676245018784,43,64,,True,True,,392,59.56268577710819
99,2026-09-21T07:58:39.655+00:00,2026-09-21T08:01:17.102+00:00,2026-09-21T08:01:21.515+00:00,True,71,71.0,,71.0,157447.293597,161859.81967700002,161859.819567,2279.7157685492957,45.268814,157447.293597,18678.077833123352,77.4195005,63.036086857142855,10.342957663750166,0.43865117446494334,43,64,,True,True,,284,59.56268577710819
100,2026-09-21T07:58:40.071+00:00,2026-09-21T08:01:19.313+00:00,2026-09-21T08:01:20.918+00:00,True,27,27.0,,27.0,159241.960348,160846.687644,160846.687518,5957.284722888889,44.140953,159241.960348,30634.253057694663,76.21447500000001,61.72028061538462,10.010147511459932,0.16786170977769074,43,64,,True,True,,134,59.56268577710819
101,2026-09-21T07:58:40.440+00:00,2026-09-21T08:01:21.382+00:00,2026-09-21T08:01:25.547+00:00,True,66,66.0,,66.0,160942.10474399998,165106.216872,165106.21703899998,2501.609349075757,46.871453,160942.10474399998,19802.7202019904,76.86391675,64.06326350769231,9.429785285103355,0.3997426702058534,43,64,,True,True,,590,59.56268577710819
102,2026-09-21T07:58:40.749+00:00,2026-09-21T08:01:23.027+00:00,2026-09-21T08:01:26.108+00:00,True,49,49.0,,49.0,162277.69990099999,165358.652221,165358.652228,3374.6663719999997,43.846242,162277.69990099999,23173.360687359636,76.20845600000001,64.18650666666666,8.786483042925243,0.2963255889054541,43,64,,True,True,,103,59.56268577710819
103,2026-09-21T07:58:41.162+00:00,2026-09-21T08:01:24.996+00:00,2026-09-21T08:01:27.020+00:00,True,33,33.0,,33.0,163833.910057,165857.625897,165857.625844,5025.988661939394,49.741592,163833.910057,28508.81556876994,77.13207,63.24112,9.095679323584768,0.19896582880363597,43,64,,True,True,,132,59.56268577710819
104,2026-09-21T07:58:41.434+00:00,2026-09-21T08:01:26.344+00:00,2026-09-21T08:01:28.442+00:00,True,35,35.0,,35.0,164909.788709,167007.802405,167007.802523,4771.651500657143,50.163972,164909.788709,27864.412714687936,74.6570714,61.70628517647059,7.824996651010055,0.20957104695697823,43,64,,True,True,,84,59.56268577710819
105,2026-09-21T07:58:41.768+00:00,2026-09-21T08:01:27.941+00:00,2026-09-21T08:01:33.866+00:00,True,96,96.0,,96.0,166172.47241100002,172097.62108300003,172097.62087100002,1792.6835507395836,42.924592,166172.47241100002,16953.543835409553,76.530199,62.369986021052625,9.254377063085446,0.5578229344245303,43,64,,True,True,,192,59.56268577710819
106,2026-09-21T07:58:42.148+00:00,2026-09-21T08:01:29.829+00:00,2026-09-21T08:01:33.169+00:00,True,55,55.0,,55.0,167680.76967399998,171020.64167399998,171020.64162399998,3109.466211345454,43.366142999999994,167680.76967399998,22601.73216614201,74.53972099999999,61.84948148148148,8.525090816306745,0.3215986062363229,43,64,,True,True,,68,59.56268577710819
107,2026-09-21T07:58:42.605+00:00,2026-09-21T08:01:32.319+00:00,2026-09-21T08:01:34.207+00:00,True,31,31.0,,31.0,169714.08628999998,171602.12212999997,171602.122002,5535.5523226451605,46.023531999999996,169714.08628999998,30470.247639602374,77.264559,62.934528,9.009023771073243,0.18065044659829702,43,64,,True,True,,139,59.56268577710819
108,2026-09-21T07:58:43.584+00:00,2026-09-21T08:01:34.713+00:00,2026-09-21T08:01:40.278+00:00,True,88,88.0,,88.0,171129.026948,176693.931396,176693.931339,2007.8855833977275,42.643632,171129.026948,18235.599529022642,77.32552464999999,63.96441894252873,9.778526159840053,0.49803634626691057,43,64,,True,True,,434,59.56268577710819
109,2026-09-21T07:58:43.594+00:00,2026-09-21T08:01:37.194+00:00,2026-09-21T08:01:42.324+00:00,True,82,82.0,,82.0,173599.962421,178729.65150900002,178729.651419,2179.6298953536584,42.459894,173599.962421,19163.917427429165,77.48860059999998,63.32949491358025,9.288857035401827,0.4587934867420186,43,64,,True,True,,626,59.56268577710819
110,2026-09-21T07:58:43.752+00:00,2026-09-21T08:01:38.060+00:00,2026-09-21T08:01:43.230+00:00,True,84,84.0,,84.0,174308.042171,179477.977531,179477.97752100002,2136.6425895357143,44.051162,174308.042171,19011.772636611266,77.13131435,62.2883778313253,9.303503745100711,0.4680239946736153,43,64,,True,True,,494,59.56268577710819
111,2026-09-21T07:58:44.094+00:00,2026-09-21T08:01:39.548+00:00,2026-09-21T08:01:45.074+00:00,True,90,90.0,,90.0,175454.827857,180980.512337,180980.512436,2010.8945826222223,40.907362,175454.827857,18488.02062334194,76.04448365,62.086342471910115,9.371597019151926,0.4972911107269544,43,64,,True,True,,90,59.56268577710819
112,2026-09-21T07:58:44.410+00:00,2026-09-21T08:01:41.110+00:00,2026-09-21T08:01:42.853+00:00,True,30,30.0,,30.0,176699.689488,178442.689552,178442.689503,5948.0896501,42.556152000000004,176699.689488,32249.829921264412,74.73234099999999,60.10345048275862,9.368753732485168,0.16812120505086703,43,64,,True,True,,150,59.56268577710819
113,2026-09-21T07:58:44.867+00:00,2026-09-21T08:01:43.553+00:00,2026-09-21T08:01:48.518+00:00,True,80,80.0,,80.0,178685.262012,183650.448828,183650.448621,2295.6306077625,42.948153,178685.262012,19970.595029987584,78.2004565,62.85046602531646,9.653429677443475,0.4356101523875118,43,64,,True,True,,880,59.56268577710819
114,2026-09-21T07:58:45.134+00:00,2026-09-21T08:01:44.748+00:00,2026-09-21T08:01:46.990+00:00,True,37,37.0,,37.0,179614.05221,181855.68933,181855.689202,4915.018627081081,48.015122000000005,179614.05221,29518.132735466344,77.05694419999999,62.26769777777778,8.50848499507622,0.20345802837577906,43,64,,True,True,,159,59.56268577710819
115,2026-09-21T07:58:45.542+00:00,2026-09-21T08:01:46.919+00:00,2026-09-21T08:01:51.688+00:00,True,75,75.0,,75.0,181376.952875,186146.493483,186146.493372,2481.9532449599997,41.707942,181376.952875,20936.165645169516,77.400887,64.45325145945947,8.116349277446771,0.40290847598936613,43,64,,True,True,,78,59.56268577710819
116,2026-09-21T07:58:45.950+00:00,2026-09-21T08:01:49.307+00:00,2026-09-21T08:01:54.887+00:00,True,88,88.0,,88.0,183356.561482,188936.400202,188936.400103,2147.004546625,46.650091999999994,183356.561482,19539.040261657046,77.23035,64.13607724137931,9.02885390390833,0.46576519879660794,43,64,,True,True,,352,59.56268577710819
117,2026-09-21T07:58:46.418+00:00,2026-09-21T08:01:51.418+00:00,2026-09-21T08:01:53.284+00:00,True,31,31.0,,31.0,184999.348137,186865.268393,186865.268568,6027.9118892903225,44.489443,184999.348137,33215.694415502134,80.563225,62.19734186666667,10.459804329399468,0.16589492668484168,43,64,,True,True,,134,59.56268577710819
118,2026-09-21T07:58:46.897+00:00,2026-09-21T08:01:53.533+00:00,2026-09-21T08:01:58.821+00:00,True,84,84.0,,84.0,186636.538722,191923.985506,191923.985439,2284.8093504642857,43.511702,186636.538722,20356.76689109557,77.57468935,63.70417812048193,8.434395593921538,0.43767327871259715,43,64,,True,True,,211,59.56268577710819
119,2026-09-21T07:58:47.246+00:00,2026-09-21T08:01:55.534+00:00,2026-09-21T08:02:00.109+00:00,True,73,73.0,,73.0,188288.28397299998,192863.094085,192863.09423,2641.9601949315065,44.288933,188288.28397299998,22030.041648617887,76.39742400000002,63.53902933333334,8.375318908681983,0.3785068384717862,43,64,,True,True,,198,59.56268577710819
120,2026-09-21T07:58:47.646+00:00,2026-09-21T08:01:57.671+00:00,2026-09-21T08:02:03.476+00:00,True,94,94.0,,94.0,190025.397098,195830.00868199999,195830.00869199997,2083.2979648085106,44.235902,190025.397098,19593.18756252705,77.01961150000001,62.415178322580644,8.916543061821415,0.4800081490709761,43,64,,True,True,,835,59.56268577710819
121,2026-09-21T07:58:47.937+00:00,2026-09-21T08:01:58.969+00:00,2026-09-21T08:02:05.073+00:00,True,99,99.0,,99.0,191032.088078,197135.30523,197135.305278,1991.265709878788,43.877713,191032.088078,19193.189980352498,77.287689,62.27772604081633,8.544974159844514,0.5021931504582376,43,64,,True,True,,495,59.56268577710819
122,2026-09-21T07:58:48.315+00:00,2026-09-21T08:02:01.178+00:00,2026-09-21T08:02:03.937+00:00,True,46,46.0,,46.0,192863.408077,195622.254541,195622.254477,4252.657706021739,45.174602,192863.408077,28427.12035579322,76.434624,61.3076992,9.416943655869268,0.23514707009145,43,64,,True,True,,229,59.56268577710819
123,2026-09-21T07:58:48.634+00:00,2026-09-21T08:02:03.226+00:00,2026-09-21T08:02:05.473+00:00,True,36,36.0,,36.0,194592.567625,196839.187017,196839.187067,5467.755196305556,50.009862999999996,194592.567625,32421.397451087163,77.72413675,64.18912548571429,8.310769348686406,0.1828904119426731,43,64,,True,True,,270,59.56268577710819
124,2026-09-21T07:58:49.079+00:00,2026-09-21T08:02:05.343+00:00,2026-09-21T08:02:07.911+00:00,True,42,42.0,,42.0,196263.865804,198831.332556,198831.332572,4734.079346952381,52.184813999999996,196263.865804,30274.51011433706,74.37446649999998,62.621140292682924,7.02889228052423,0.21123431332519424,43,64,,True,True,,84,59.56268577710819
125,2026-09-21T07:58:49.412+00:00,2026-09-21T08:02:07.359+00:00,2026-09-21T08:02:08.988+00:00,True,26,26.0,,26.0,197947.31110800002,199575.76934800003,199575.769177,7675.9911221923085,48.174973,197947.31110800002,38807.88792434322,79.397734,65.1383296,8.923748354170161,0.13027633607496625,43,64,,True,True,,78,59.56268577710819
126,2026-09-21T07:58:49.719+00:00,2026-09-21T08:02:08.988+00:00,2026-09-21T08:02:14.705+00:00,True,92,92.0,,92.0,199269.522705,204985.836817,204985.836894,2228.1069227608696,42.996872,199269.522705,20768.736808627968,76.689099,62.816638593406594,9.194498315278459,0.44881149560655986,43,64,,True,True,,736,59.56268577710819
127,2026-09-21T07:58:50.182+00:00,2026-09-21T08:02:11.732+00:00,2026-09-21T08:02:16.910+00:00,True,82,82.0,,82.0,201550.112825,206728.03128899998,206728.031345,2521.0735529878048,41.379521999999994,201550.112825,22250.429037292895,77.280839,63.924919308641975,9.065390192987675,0.3966564161072395,43,64,,True,True,,984,59.56268577710819
128,2026-09-21T07:58:50.497+00:00,2026-09-21T08:02:13.411+00:00,2026-09-21T08:02:15.342+00:00,True,32,32.0,,32.0,202913.698312,204844.510216,204844.510197,6401.39094365625,43.110721,202913.698312,35859.40443868763,79.7094595,62.28425496774194,11.630708592664071,0.15621604877893644,43,64,,True,True,,160,59.56268577710819
129,2026-09-21T07:58:50.800+00:00,2026-09-21T08:02:15.124+00:00,2026-09-21T08:02:17.166+00:00,True,32,32.0,,32.0,204323.627144,206365.37972,206365.37955399998,6448.9181110624995,51.545252999999995,204323.627144,36108.01374964808,80.2319051,65.86298632258064,9.511055464480663,0.15506476931071547,43,64,,True,True,,224,59.56268577710819
130,2026-09-21T07:58:51.233+00:00,2026-09-21T08:02:17.410+00:00,2026-09-21T08:02:19.677+00:00,True,37,37.0,,37.0,206177.345053,208444.644125,208444.644156,5633.639031243243,43.629033,206177.345053,33884.99418655138,79.8992828,62.980529777777775,9.843325654026719,0.1775051604483148,43,64,,True,True,,74,59.56268577710819
131,2026-09-21T07:58:51.619+00:00,2026-09-21T08:02:19.437+00:00,2026-09-21T08:02:24.015+00:00,True,74,74.0,,74.0,207817.96324200003,212395.22353000002,212395.22346000004,2870.2057224324326,45.630472000000005,207817.96324200003,24151.06025447793,76.4474527,62.7021957260274,9.180895433147352,0.3484070817136233,43,64,,True,True,,804,59.56268577710819
132,2026-09-21T07:58:51.973+00:00,2026-09-21T08:02:21.352+00:00,2026-09-21T08:02:23.141+00:00,True,30,30.0,,30.0,209379.027959,211168.084215,211168.084196,7038.936139866667,44.863133000000005,209379.027959,38215.94342667027,77.83396795,61.69159503448276,9.577435057863854,0.14206692318833375,43,64,,True,True,,62,59.56268577710819
133,2026-09-21T07:58:52.294+00:00,2026-09-21T08:02:23.136+00:00,2026-09-21T08:02:24.808+00:00,True,28,28.0,,28.0,210841.952452,212514.353604,212514.353592,7589.798342571428,46.927944000000004,210841.952452,39833.679032090666,77.2617427,61.94078340740741,9.169977271901082,0.13175580625568142,43,64,,True,True,,308,59.56268577710819
134,2026-09-21T07:58:52.762+00:00,2026-09-21T08:02:25.469+00:00,2026-09-21T08:02:29.643+00:00,True,68,68.0,,68.0,212706.66966999997,216880.54691799998,216880.54676199998,3189.419805323529,41.842392,212706.66966999997,25786.919653603876,77.88738535,62.29667534328358,9.422985242414581,0.31353664939673,43,64,,True,True,,221,59.56268577710819
136,2026-09-21T07:58:53.716+00:00,2026-09-21T08:02:26.306+00:00,2026-09-21T08:02:29.098+00:00,True,47,47.0,,47.0,212589.427777,215381.591617,215381.59154300002,4582.587054106383,43.636122,212589.427777,31000.50226107693,75.890811,60.69921391304348,8.257819821378016,0.21821734925042827,43,64,,True,True,,142,59.56268577710819
137,2026-09-21T07:58:53.742+00:00,2026-09-21T08:02:26.376+00:00,2026-09-21T08:02:32.271+00:00,True,96,96.0,,96.0,212634.788488,218529.61703199998,218529.61700099998,2276.35017709375,41.875052000000004,212634.788488,21695.616236758102,78.84808075000001,62.05082677894737,9.48001136535279,0.4392997219500111,43,64,,True,True,,295,59.56268577710819
135,2026-09-21T07:58:53.615+00:00,2026-09-21T08:02:27.856+00:00,2026-09-21T08:02:30.237+00:00,True,39,39.0,,39.0,214240.872999,216622.400295,216622.40007200002,5554.420514666667,46.452472,214240.872999,34295.961171625524,77.3865909,62.67177094736842,9.28101367763662,0.18003678265446763,43,64,,True,True,,187,59.56268577710819
138,2026-09-21T07:58:54.058+00:00,2026-09-21T08:02:32.344+00:00,2026-09-21T08:02:32.805+00:00,True,8,8.0,,8.0,218285.97125099998,218746.39697899998,218746.39693599998,27343.299616999997,56.151241999999996,218285.97125099998,77152.49047325265,141912.7214107,65.775104,6.397945652579011,0.03657203094763665,43,64,,True,True,,36,59.56268577710819
139,2026-09-21T07:58:54.515+00:00,2026-09-21T08:02:34.449+00:00,2026-09-21T08:02:36.010+00:00,True,25,25.0,,25.0,219933.53840599998,221494.42979799997,221494.429961,8859.777198439999,53.676792,219933.53840599998,43973.701049377145,77.42190099999999,65.03714133333334,8.556606838128925,0.1128696555610887,43,64,,True,True,,48,59.56268577710819
140,2026-09-21T07:58:54.869+00:00,2026-09-21T08:02:36.445+00:00,2026-09-21T08:02:41.903+00:00,True,88,88.0,,88.0,221575.68232,227034.37287999998,227034.372751,2579.936053988636,44.847131000000005,221575.68232,23613.36032597249,77.50596185,62.743569655172415,9.049213760150407,0.3876065059386967,43,64,,True,True,,352,59.56268577710819
141,2026-09-21T07:58:55.220+00:00,2026-09-21T08:02:38.211+00:00,2026-09-21T08:02:38.671+00:00,True,9,9.0,,9.0,222991.199995,223450.950139,223450.950201,24827.88335566667,42.230922,222991.199995,74311.24459964728,133825.3316382,57.468768,12.08542411525875,0.04027729573045653,43,64,,True,True,,13,59.56268577710819
142,2026-09-21T07:58:55.655+00:00,2026-09-21T08:02:40.293+00:00,2026-09-21T08:02:42.239+00:00,True,31,31.0,,31.0,224637.976253,226583.638717,226583.638681,7309.149634870968,41.16575099999999,224637.976253,40334.52482412628,84.432073,64.85541546666667,11.658639500694989,0.13681482112094862,43,64,,True,True,,155,59.56268577710819
143,2026-09-21T07:58:55.924+00:00,2026-09-21T08:02:41.775+00:00,2026-09-21T08:02:42.754+00:00,True,16,16.0,,16.0,225851.357296,226830.792048,226830.791831,14176.9244894375,49.969702,225851.357296,56446.51640406668,56522.83140625,65.29565013333334,10.937274090374478,0.07053716056598795,43,64,,True,True,,80,59.56268577710819
144,2026-09-21T07:58:56.338+00:00,2026-09-21T08:02:43.756+00:00,2026-09-21T08:02:46.211+00:00,True,40,40.0,,40.0,227417.789963,229873.006859,229873.006749,5746.8251687249995,41.405161,227417.789963,35947.9575487472,81.65684504999999,62.95427938461538,11.059499415134125,0.17400912158657797,43,64,,True,True,,240,59.56268577710819
145,2026-09-21T07:58:56.806+00:00,2026-09-21T08:02:46.604+00:00,2026-09-21T08:02:51.070+00:00,True,72,72.0,,72.0,229797.81183700002,234263.648637,234263.64865100002,3253.661786819445,44.740771,229797.81183700002,27074.52077811624,76.87045400000001,62.89910985915493,9.569528027295972,0.30734601983240945,43,64,,True,True,,216,59.56268577710819
146,2026-09-21T07:58:57.186+00:00,2026-09-21T08:02:48.223+00:00,2026-09-21T08:02:52.101+00:00,True,64,64.0,,64.0,231036.701951,234914.932479,234914.932477,3670.545819953125,43.464902,231036.701951,28871.894264543495,75.70741265,61.55921473015873,9.135955005103053,0.2724390455924772,43,64,,True,True,,384,59.56268577710819
147,2026-09-21T07:58:57.659+00:00,2026-09-21T08:02:50.778+00:00,2026-09-21T08:02:56.450+00:00,True,92,92.0,,92.0,233118.640713,238791.378249,238791.37821,2595.558458804348,41.822951,233118.640713,24297.801099035663,78.77182355,62.33777512087912,9.59657644849932,0.3852735415935616,43,64,,True,True,,276,59.56268577710819
148,2026-09-21T07:58:57.995+00:00,2026-09-21T08:02:52.733+00:00,2026-09-21T08:02:53.104+00:00,True,6,6.0,,6.0,234737.575315,235109.311635,235109.311708,39184.88528466666,70.921533,234737.575315,95800.86171029303,176072.47310700003,74.347264,2.667160832633833,0.025520044094701006,43,64,,True,True,,21,59.56268577710819
149,2026-09-21T07:58:58.401+00:00,2026-09-21T08:02:54.900+00:00,2026-09-21T08:02:58.322+00:00,True,55,55.0,,55.0,236499.186159,239921.243375,239921.24313000002,4362.204420545455,45.70641199999999,236499.186159,31881.00030384723,79.5425777,63.37142992592592,10.031145915230336,0.22924189299083572,43,64,,True,True,,385,59.56268577710819
150,2026-09-21T07:58:58.873+00:00,2026-09-21T08:02:57.507+00:00,2026-09-21T08:03:00.171+00:00,True,43,43.0,,43.0,238634.631372,241298.100684,241298.100535,5611.583733372093,41.368221,238634.631372,36381.770519597696,76.6123149,63.415936,9.623831324251748,0.17820281170100088,43,64,,True,True,,355,59.56268577710819
151,2026-09-21T07:58:59.194+00:00,2026-09-21T08:02:59.056+00:00,2026-09-21T08:03:04.103+00:00,True,81,81.0,,81.0,239861.978903,244908.976151,244908.97617900002,3023.5676071481485,43.211991999999995,239861.978903,26644.322975423165,78.013512,63.0874656,9.59102102982398,0.3307351215663855,43,64,,True,True,,484,59.56268577710819
152,2026-09-21T07:58:59.469+00:00,2026-09-21T08:03:00.355+00:00,2026-09-21T08:03:00.434+00:00,True,2,2.0,,2.0,240886.249639,240964.642983,240964.642932,120482.321466,78.393293,240886.249639,170276.8681852526,228845.8568217,78.393344,nan,0.008299972872539228,43,64,,True,True,,8,59.56268577710819
153,2026-09-21T07:58:59.922+00:00,2026-09-21T08:03:02.887+00:00,2026-09-21T08:03:03.635+00:00,True,13,13.0,,13.0,242964.498811,243712.500603,243712.500697,18747.11543823077,53.885842,242964.498811,67368.9397263047,97230.9117076,62.33348266666666,7.099368048178697,0.053341539592081044,43,64,,True,True,,143,59.56268577710819
154,2026-09-21T07:59:00.287+00:00,2026-09-21T08:03:04.445+00:00,2026-09-21T08:03:10.608+00:00,True,97,97.0,,97.0,244157.541747,250320.370803,250320.37068400002,2580.622378185567,44.616112,244157.541747,24783.926060386133,78.570335,64.196136,9.548428586613293,0.38750342087156053,43,64,,True,True,,530,59.56268577710819
155,2026-09-21T07:59:00.588+00:00,2026-09-21T08:03:06.067+00:00,2026-09-21T08:03:10.040+00:00,True,63,63.0,,63.0,245479.493193,249451.841353,249451.841333,3959.553037031746,44.790642,245479.493193,30919.438338236967,77.54173,64.07013161290323,9.118684733620476,0.2525537581053512,43,64,,True,True,,273,59.56268577710819
156,2026-09-21T07:59:00.904+00:00,2026-09-21T08:03:07.963+00:00,2026-09-21T08:03:10.676+00:00,True,44,44.0,,44.0,247058.866717,249771.997213,249771.997192,5676.636299818182,46.853622,247058.866717,37236.01459178985,78.02576764999999,63.09605804651163,9.296478730918993,0.17616066048620246,43,64,,True,True,,431,59.56268577710819
158,2026-09-21T07:59:01.452+00:00,2026-09-21T08:03:09.783+00:00,2026-09-21T08:03:12.564+00:00,True,45,45.0,,45.0,248331.531074,251112.874818,251112.874861,5580.286108022222,43.098232,248331.531074,37009.65702438467,76.3756806,63.21235781818182,9.549176629936966,0.17920228117580514,43,64,,True,True,,388,59.56268577710819
159,2026-09-21T07:59:01.769+00:00,2026-09-21T08:03:11.363+00:00,2026-09-21T08:03:15.528+00:00,True,66,66.0,,66.0,249593.847656,253758.945128,253758.945232,3844.8325035151515,44.668902,249593.847656,30714.992703108273,78.02936225000002,64.07842264615384,9.227130752592116,0.2600893535662696,43,64,,True,True,,330,59.56268577710819
160,2026-09-21T07:59:02.169+00:00,2026-09-21T08:03:13.897+00:00,2026-09-21T08:03:19.003+00:00,True,82,82.0,,82.0,251728.200104,256834.537128,256834.53726299998,3132.128503207317,43.032551,251728.200104,27791.769176698366,77.51679455,63.041197827160495,9.545393670852135,0.3192717027738883,43,64,,True,True,,328,59.56268577710819
157,2026-09-21T07:59:01.172+00:00,2026-09-21T08:03:14.422+00:00,2026-09-21T08:03:19.478+00:00,True,82,82.0,,82.0,253249.419115,258305.397867,258305.397933,3150.0658284512197,44.248381,253249.419115,27959.828341639197,79.0720895,62.419490765432094,9.490804355643386,0.3174536834194279,43,64,,True,True,,246,59.56268577710819
161,2026-09-21T07:59:02.629+00:00,2026-09-21T08:03:16.864+00:00,2026-09-21T08:03:22.573+00:00,True,91,91.0,,91.0,254234.85742,259944.13486,259944.13475099998,2856.528953307692,45.071972,254234.85742,26644.406490505135,77.63103299999999,63.436416,9.940579989276822,0.35007521923512736,43,64,,True,True,,811,59.56268577710819
162,2026-09-21T07:59:03.058+00:00,2026-09-21T08:03:19.286+00:00,2026-09-21T08:03:22.520+00:00,True,51,51.0,,51.0,256227.784071,259461.673607,259461.673735,5087.4837987254905,44.193132,256227.784071,35870.01115806614,78.5577575,64.67779072,10.685404320691749,0.19656082261015706,43,64,,True,True,,103,59.56268577710819
163,2026-09-21T07:59:03.526+00:00,2026-09-21T08:03:21.911+00:00,2026-09-21T08:03:22.180+00:00,True,5,5.0,,5.0,258384.84877399998,258653.69459799997,258653.69456399998,51730.7389128,52.895711999999996,258384.84877399998,115523.1596751775,206722.7379318,67.211456,9.698607967361914,0.019330866345331,43,64,,True,True,,24,59.56268577710819
164,2026-09-21T07:59:03.992+00:00,2026-09-21T08:03:23.689+00:00,2026-09-21T08:03:26.315+00:00,True,43,43.0,,43.0,259696.503659,262322.667627,262322.667631,6100.527154209302,47.403881,259696.503659,39593.81102419207,75.8932701,62.527713523809524,8.462142556229226,0.1639202604524526,43,64,,True,True,,129,59.56268577710819
165,2026-09-21T07:59:04.430+00:00,2026-09-21T08:03:26.266+00:00,2026-09-21T08:03:32.099+00:00,True,93,93.0,,93.0,261835.599694,267668.881486,267668.881362,2878.1600146451615,42.653902,261835.599694,27144.513881850464,78.41243960000001,63.40523686956522,9.978486576695763,0.3474441985325224,43,64,,True,True,,186,59.56268577710819
167,2026-09-21T07:59:05.680+00:00,2026-09-21T08:03:29.590+00:00,2026-09-21T08:03:30.987+00:00,True,23,23.0,,23.0,263909.63369,265307.467162,265307.467169,11535.10726821739,44.551281,263909.63369,55015.714797908324,80.159031,63.53788509090909,9.173039979392215,0.0866918682916524,43,64,,True,True,,105,59.56268577710819
166,2026-09-21T07:59:05.599+00:00,2026-09-21T08:03:30.725+00:00,2026-09-21T08:03:31.830+00:00,True,18,18.0,,18.0,265126.462411,266230.50772299996,266230.50781499996,14790.583767499998,45.264651,265126.462411,62475.59974835162,39834.92165385,64.94384188235294,9.494577781958514,0.0676105836027182,43,64,,True,True,,150,59.56268577710819
169,2026-09-21T07:59:05.792+00:00,2026-09-21T08:03:31.902+00:00,2026-09-21T08:03:33.469+00:00,True,26,26.0,,26.0,266109.623997,267676.591293,267676.59129,10295.253511153845,45.291551,266109.623997,52176.09940751083,79.85234600000001,62.678691840000006,8.901324327941056,0.09713213947625432,43,64,,True,True,,124,59.56268577710819
168,2026-09-21T07:59:05.767+00:00,2026-09-21T08:03:32.533+00:00,2026-09-21T08:03:37.485+00:00,True,79,79.0,,79.0,266765.930112,271717.63775999995,271717.637596,3439.4637670379743,41.475131000000005,266765.930112,30006.37079609292,76.43070680000001,63.483431384615386,8.559182626815828,0.29074299574832285,43,64,,True,True,,89,59.56268577710819
170,2026-09-21T07:59:06.113+00:00,2026-09-21T08:03:35.318+00:00,2026-09-21T08:03:39.465+00:00,True,66,66.0,,66.0,269204.708154,273352.173626,273352.173641,4141.699600621212,44.569321,269204.708154,33128.956319651435,78.1099895,63.80716110769231,10.156605929791297,0.24144677221517574,43,64,,True,True,,324,59.56268577710819
171,2026-09-21T07:59:06.373+00:00,2026-09-21T08:03:36.837+00:00,2026-09-21T08:03:39.141+00:00,True,37,37.0,,37.0,270464.57003899995,272768.316855,272768.31672699994,7372.116668297296,43.660661,270464.57003899995,44453.58202076647,78.646351,63.99296711111111,9.480107662838487,0.13564625256557458,43,64,,True,True,,73,59.56268577710819
172,2026-09-21T07:59:06.760+00:00,2026-09-21T08:03:38.748+00:00,2026-09-21T08:03:42.312+00:00,True,56,56.0,,56.0,271987.722899,275552.654995,275552.655142,4920.583127535714,43.473841,271987.722899,36337.228330878235,78.50216449999999,64.8169472,10.734304003756801,0.203227945675269,43,64,,True,True,,140,59.56268577710819
173,2026-09-21T07:59:07.091+00:00,2026-09-21T08:03:40.368+00:00,2026-09-21T08:03:41.484+00:00,True,18,18.0,,18.0,273276.878799,274393.048527,274393.048382,15244.058243444444,44.706421,273276.878799,64396.50404676898,41084.37166055,65.65704282352941,14.381431551415162,0.06559932948967845,43,64,,True,True,,36,59.56268577710819
174,2026-09-21T07:59:07.419+00:00,2026-09-21T08:03:42.174+00:00,2026-09-21T08:03:45.773+00:00,True,57,57.0,,57.0,274755.43964099995,278354.06876099994,278354.06873799994,4883.404714701754,45.740190999999996,274755.43964099995,36383.73662476653,77.9464872,64.26123428571428,9.525729834960144,0.204775163710437,43,64,,True,True,,735,59.56268577710819
175,2026-09-21T07:59:07.742+00:00,2026-09-21T08:03:43.750+00:00,2026-09-21T08:03:46.897+00:00,True,51,51.0,,51.0,276008.388942,279154.906702,279154.906598,5473.625619568627,43.711101,276008.388942,38640.094207851515,77.7213015,62.9303552,9.78373706780675,0.18269426320506302,43,64,,True,True,,204,59.56268577710819
176,2026-09-21T07:59:08.077+00:00,2026-09-21T08:03:45.830+00:00,2026-09-21T08:03:46.189+00:00,True,6,6.0,,6.0,277753.31941000005,278111.658226,278111.65819800005,46351.94303300001,55.225731,277753.31941000005,113363.05993478779,208335.53487300006,71.6677632,10.02353268760606,0.02157406862507094,43,64,,True,True,,12,59.56268577710819
177,2026-09-21T07:59:08.483+00:00,2026-09-21T08:03:47.641+00:00,2026-09-21T08:03:53.618+00:00,True,94,94.0,,94.0,279158.321856,285135.12672,285135.126511,3033.3524096914894,41.854881,279158.321856,28786.355289896164,78.71714515,64.26671896774194,9.256905810939953,0.3296682561749297,43,64,,True,True,,192,59.56268577710819
178,2026-09-21T07:59:08.910+00:00,2026-09-21T08:03:49.992+00:00,2026-09-21T08:03:54.900+00:00,True,77,77.0,,77.0,281082.30551200005,285990.383336,285990.38335400005,3714.1608227792212,44.779391000000004,281082.30551200005,32024.94335872544,77.80829380000002,64.57997136842106,9.397784340028524,0.2692398223388351,43,64,,True,True,,231,59.56268577710819
179,2026-09-21T07:59:09.225+00:00,2026-09-21T08:03:51.622+00:00,2026-09-21T08:03:57.074+00:00,True,87,87.0,,87.0,282397.55711299996,287849.71762499993,287849.71762699995,3308.6174439885053,44.182610999999994,282397.55711299996,30269.40063462369,75.3605983,63.397215255813954,9.426383565612136,0.3022410468831532,43,64,,True,True,,476,59.56268577710819
180,2026-09-21T07:59:09.680+00:00,2026-09-21T08:03:53.743+00:00,2026-09-21T08:03:55.524+00:00,True,29,29.0,,29.0,284062.84852,285844.340744,285844.340737,9856.701404724137,41.858050999999996,284062.84852,52737.33283151032,79.299744,63.624722285714284,10.065934451033026,0.10145381897195642,43,64,,True,True,,91,59.56268577710819
182,2026-09-21T07:59:10.515+00:00,2026-09-21T08:03:56.082+00:00,2026-09-21T08:03:56.082+00:00,True,1,1.0,,1.0,285567.805052,285567.805052,285567.805052,285567.805052,285567.805052,285567.805052,nan,285567.805052,nan,nan,0.003501795308535942,43,64,,True,True,,7,59.56268577710819
183,2026-09-21T07:59:10.899+00:00,2026-09-21T08:03:58.226+00:00,2026-09-21T08:04:02.385+00:00,True,65,65.0,,65.0,287326.526407,291485.877959,291485.87805400003,4484.398123907693,47.504891,287326.526407,35630.40946038179,76.485582,64.989868,8.585681471939255,0.2229953658651786,43,64,,True,True,,195,59.56268577710819
181,2026-09-21T07:59:10.092+00:00,2026-09-21T08:03:59.791+00:00,2026-09-21T08:04:04.730+00:00,True,78,78.0,,78.0,289699.176254,294638.12562999997,294638.12557699997,3777.4118663717945,41.437250999999996,289699.176254,32794.711015395595,77.34988134999999,64.14219968831169,9.226285416333985,0.2647315239099459,43,64,,True,True,,234,59.56268577710819
184,2026-09-21T07:59:11.289+00:00,2026-09-21T08:04:01.877+00:00,2026-09-21T08:04:02.504+00:00,True,11,11.0,,11.0,290588.08197299996,291214.65093299997,291214.65090599994,26474.059173272723,50.545370999999996,290588.08197299996,87596.71195666987,145331.66089749997,62.656896,8.899394657390829,0.03777282483816647,43,64,,True,True,,66,59.56268577710819
185,2026-09-21T07:59:11.753+00:00,2026-09-21T08:04:04.607+00:00,2026-09-21T08:04:08.543+00:00,True,64,64.0,,64.0,292854.113712,296790.231472,296790.23144500004,4637.347366328126,43.316551,292854.113712,36598.95543658749,74.565915,62.47805968253968,8.537606630629144,0.21564052052042668,43,64,,True,True,,195,59.56268577710819
186,2026-09-21T07:59:12.197+00:00,2026-09-21T08:04:06.877+00:00,2026-09-21T08:04:11.937+00:00,True,81,81.0,,81.0,294679.57560000004,299740.1132,299740.11320600007,3700.495224765433,41.90277,294679.57560000004,32735.147914605335,77.46820100000001,63.25672,9.538793955934182,0.2702341009191292,43,64,,True,True,,82,59.56268577710819
187,2026-09-21T07:59:12.529+00:00,2026-09-21T08:04:08.791+00:00,2026-09-21T08:04:09.667+00:00,True,15,15.0,,15.0,296262.639661,297138.083117,297138.083109,19809.2055406,44.653801,296262.639661,76478.53961683635,88932.52498399999,62.531675428571425,9.873538333852139,0.050481580289705424,43,64,,True,True,,55,59.56268577710819
188,2026-09-21T07:59:12.875+00:00,2026-09-21T08:04:10.695+00:00,2026-09-21T08:04:12.892+00:00,False,38,37.0,,37.0,297819.55264,300016.675712,300016.675696,7895.175676210527,0.0504,297819.55264,48303.079796804086,73.89004185,59.38170464864865,13.035724446072084,0.123326478143895,43,64,,True,False,Request timeout: 300.0s exceeded,333,59.56268577710819
189,2026-09-21T07:59:13.321+00:00,2026-09-21T08:04:13.148+00:00,2026-09-21T08:04:13.386+00:00,False,6,5.0,,5.0,299827.053602,300065.021474,300065.021417,50010.83690283333,0.03464,299827.053602,122384.45472987153,224888.58220675,47.5935744,28.48940301826005,0.016663055145310364,43,64,,True,False,Request timeout: 300.0s exceeded,30,59.56268577710819
190,2026-09-21T07:59:13.650+00:00,2026-09-21T08:04:13.754+00:00,2026-09-21T08:04:13.754+00:00,False,1,0.0,,0.0,300103.828576,300103.828576,300103.828576,300103.828576,300103.828576,300103.828576,nan,300103.828576,nan,nan,0.0,43,64,,True,False,"HTTPConnectionPool(host='gpu06', port=9004): Read timed out.",0,59.56268577710819
191,2026-09-21T07:59:13.984+00:00,2026-09-21T08:04:14.091+00:00,2026-09-21T08:04:14.091+00:00,False,1,0.0,,0.0,300106.799244,300106.799244,300106.799244,300106.799244,300106.799244,300106.799244,nan,300106.799244,nan,nan,0.0,43,64,,True,False,"HTTPConnectionPool(host='gpu06', port=9004): Read timed out.",0,59.56268577710819
192,2026-09-21T07:59:14.403+00:00,2026-09-21T08:04:14.506+00:00,2026-09-21T08:04:14.506+00:00,False,1,0.0,,0.0,300103.618236,300103.618236,300103.618236,300103.618236,300103.618236,300103.618236,nan,300103.618236,nan,nan,0.0,43,64,,True,False,"HTTPConnectionPool(host='gpu06', port=9004): Read timed out.",0,59.56268577710819
193,2026-09-21T07:59:14.882+00:00,2026-09-21T08:04:14.955+00:00,2026-09-21T08:04:14.955+00:00,False,1,0.0,,0.0,300072.98147299996,300072.98147299996,300072.98147299996,300072.98147299996,300072.98147299996,300072.98147299996,nan,300072.98147299996,nan,nan,0.0,43,64,,True,False,TTFT timeout: 300.0s exceeded (TTFT: 300.059s),0,59.56268577710819
194,2026-09-21T07:59:15.214+00:00,2026-09-21T08:04:15.313+00:00,2026-09-21T08:04:15.313+00:00,False,1,0.0,,0.0,300098.977042,300098.977042,300098.977042,300098.977042,300098.977042,300098.977042,nan,300098.977042,nan,nan,0.0,43,64,,True,False,"HTTPConnectionPool(host='gpu06', port=9004): Read timed out.",0,59.56268577710819
195,2026-09-21T07:59:15.627+00:00,2026-09-21T08:04:15.646+00:00,2026-09-21T08:04:15.646+00:00,False,1,0.0,,0.0,300018.989931,300018.989931,300018.989931,300018.989931,300018.989931,300018.989931,nan,300018.989931,nan,nan,0.0,43,64,,True,False,TTFT timeout: 300.0s exceeded (TTFT: 300.012s),0,59.56268577710819
196,2026-09-21T07:59:15.956+00:00,2026-09-21T08:04:15.977+00:00,2026-09-21T08:04:15.977+00:00,False,1,0.0,,0.0,300020.83965,300020.83965,300020.83965,300020.83965,300020.83965,300020.83965,nan,300020.83965,nan,nan,0.0,43,64,,True,False,"HTTPConnectionPool(host='gpu06', port=9004): Read timed out.",0,59.56268577710819
197,2026-09-21T07:59:16.323+00:00,2026-09-21T08:04:16.361+00:00,2026-09-21T08:04:16.361+00:00,False,1,0.0,,0.0,300038.411905,300038.411905,300038.411905,300038.411905,300038.411905,300038.411905,nan,300038.411905,nan,nan,0.0,43,64,,True,False,"HTTPConnectionPool(host='gpu06', port=9004): Read timed out.",0,59.56268577710819
198,2026-09-21T07:59:16.794+00:00,2026-09-21T08:04:16.891+00:00,2026-09-21T08:04:16.891+00:00,False,1,0.0,,0.0,300097.250735,300097.250735,300097.250735,300097.250735,300097.250735,300097.250735,nan,300097.250735,nan,nan,0.0,43,64,,True,False,"HTTPConnectionPool(host='gpu06', port=9004): Read timed out.",0,59.56268577710819
199,2026-09-21T07:59:17.203+00:00,2026-09-21T08:04:17.313+00:00,2026-09-21T08:04:17.313+00:00,False,1,0.0,,0.0,300109.969268,300109.969268,300109.969268,300109.969268,300109.969268,300109.969268,nan,300109.969268,nan,nan,0.0,43,64,,True,False,"HTTPConnectionPool(host='gpu06', port=9004): Read timed out.",0,59.56268577710819
200,2026-09-21T07:59:17.675+00:00,2026-09-21T08:04:17.761+00:00,2026-09-21T08:04:17.761+00:00,False,1,0.0,,0.0,300086.108116,300086.108116,300086.108116,300086.108116,300086.108116,300086.108116,nan,300086.108116,nan,nan,0.0,43,64,,True,False,"HTTPConnectionPool(host='gpu06', port=9004): Read timed out.",0,59.56268577710819
201,2026-09-21T07:59:17.982+00:00,2026-09-21T08:04:18.034+00:00,2026-09-21T08:04:18.034+00:00,False,1,0.0,,0.0,300051.628994,300051.628994,300051.628994,300051.628994,300051.628994,300051.628994,nan,300051.628994,nan,nan,0.0,43,64,,True,False,TTFT timeout: 300.0s exceeded (TTFT: 300.045s),0,59.56268577710819
203,2026-09-21T07:59:19.477+00:00,2026-09-21T08:04:19.158+00:00,2026-09-21T08:04:19.856+00:00,False,13,12.0,,12.0,299680.78262699995,300378.67625899997,300378.6763219999,23106.052024769226,0.05021,299680.78262699995,83100.36839158805,119940.48964799999,58.15780266666666,26.934507380062954,0.03994957348321577,43,64,,True,False,Request timeout: 300.0s exceeded,50,59.56268577710819
204,2026-09-21T07:59:19.798+00:00,2026-09-21T08:04:19.431+00:00,2026-09-21T08:04:20.092+00:00,False,14,13.0,,13.0,299633.455175,300294.385991,300294.386149,21449.599010642858,0.06157,299633.455175,80066.82367361856,104920.2162379,50.840832,19.142083641812455,0.04329085259818882,43,64,,True,False,Request timeout: 300.0s exceeded,52,59.56268577710819
206,2026-09-21T07:59:20.002+00:00,2026-09-21T08:04:20.400+00:00,2026-09-21T08:04:20.400+00:00,False,1,0.0,,0.0,300397.207607,300397.207607,300397.207607,300397.207607,300397.207607,300397.207607,nan,300397.207607,nan,nan,0.0,43,64,,True,False,"HTTPConnectionPool(host='gpu06', port=9004): Read timed out.",0,59.56268577710819
205,2026-09-21T07:59:19.883+00:00,2026-09-21T08:04:20.401+00:00,2026-09-21T08:04:20.401+00:00,False,1,0.0,,0.0,300517.806567,300517.806567,300517.806567,300517.806567,300517.806567,300517.806567,nan,300517.806567,nan,nan,0.0,43,64,,True,False,"HTTPConnectionPool(host='gpu06', port=9004): Read timed out.",0,59.56268577710819
202,2026-09-21T07:59:19.311+00:00,2026-09-21T08:04:20.648+00:00,2026-09-21T08:04:21.362+00:00,False,10,9.0,,9.0,301337.010513,302051.004753,302051.004718,30205.1004718,0.024390000000000002,301337.010513,95266.0526763545,165813.81959745,79.33269333333332,46.8106970405984,0.02979629221018379,43,64,,True,False,Request timeout: 300.0s exceeded,18,59.56268577710819
207,2026-09-21T07:59:20.356+00:00,2026-09-21T08:04:21.526+00:00,2026-09-21T08:04:21.526+00:00,False,1,0.0,,0.0,301170.759679,301170.759679,301170.759679,301170.759679,301170.759679,301170.759679,nan,301170.759679,nan,nan,0.0,43,64,,True,False,"HTTPConnectionPool(host='gpu06', port=9004): Read timed out.",0,59.56268577710819
210,2026-09-21T07:59:21.502+00:00,2026-09-21T08:04:21.543+00:00,2026-09-21T08:04:21.543+00:00,False,1,0.0,,0.0,300041.103969,300041.103969,300041.103969,300041.103969,300041.103969,300041.103969,nan,300041.103969,nan,nan,0.0,43,64,,True,False,"HTTPConnectionPool(host='gpu06', port=9004): Read timed out.",0,59.56268577710819
214,2026-09-21T07:59:23.074+00:00,2026-09-21T08:04:23.272+00:00,2026-09-21T08:04:23.272+00:00,False,1,0.0,,0.0,300198.010296,300198.010296,300198.010296,300198.010296,300198.010296,300198.010296,nan,300198.010296,nan,nan,0.0,43,64,,True,False,"HTTPConnectionPool(host='gpu06', port=9004): Read timed out.",0,59.56268577710819
212,2026-09-21T07:59:22.316+00:00,2026-09-21T08:04:23.283+00:00,2026-09-21T08:04:23.283+00:00,False,1,0.0,,0.0,300967.229653,300967.229653,300967.229653,300967.229653,300967.229653,300967.229653,nan,300967.229653,nan,nan,0.0,43,64,,True,False,"HTTPConnectionPool(host='gpu06', port=9004): Read timed out.",0,59.56268577710819
211,2026-09-21T07:59:21.939+00:00,2026-09-21T08:04:23.305+00:00,2026-09-21T08:04:23.305+00:00,False,1,0.0,,0.0,301365.654047,301365.654047,301365.654047,301365.654047,301365.654047,301365.654047,nan,301365.654047,nan,nan,0.0,43,64,,True,False,"HTTPConnectionPool(host='gpu06', port=9004): Read timed out.",0,59.56268577710819
213,2026-09-21T07:59:22.683+00:00,2026-09-21T08:04:23.312+00:00,2026-09-21T08:04:23.312+00:00,False,1,0.0,,0.0,300629.953812,300629.953812,300629.953812,300629.953812,300629.953812,300629.953812,nan,300629.953812,nan,nan,0.0,43,64,,True,False,"HTTPConnectionPool(host='gpu06', port=9004): Read timed out.",0,59.56268577710819
208,2026-09-21T07:59:20.833+00:00,2026-09-21T08:04:23.318+00:00,2026-09-21T08:04:23.318+00:00,False,1,0.0,,0.0,302484.180825,302484.180825,302484.180825,302484.180825,302484.180825,302484.180825,nan,302484.180825,nan,nan,0.0,43,64,,True,False,"HTTPConnectionPool(host='gpu06', port=9004): Read timed out.",0,59.56268577710819
209,2026-09-21T07:59:21.215+00:00,2026-09-21T08:04:23.320+00:00,2026-09-21T08:04:23.320+00:00,False,1,0.0,,0.0,302105.020251,302105.020251,302105.020251,302105.020251,302105.020251,302105.020251,nan,302105.020251,nan,nan,0.0,43,64,,True,False,"HTTPConnectionPool(host='gpu06', port=9004): Read timed out.",0,59.56268577710819
215,2026-09-21T07:59:23.386+00:00,2026-09-21T08:04:23.409+00:00,2026-09-21T08:04:23.409+00:00,False,1,0.0,,0.0,300023.15869199997,300023.15869199997,300023.15869199997,300023.15869199997,300023.15869199997,300023.15869199997,nan,300023.15869199997,nan,nan,0.0,43,64,,True,False,"HTTPConnectionPool(host='gpu06', port=9004): Read timed out.",0,59.56268577710819
216,2026-09-21T07:59:23.820+00:00,2026-09-21T08:04:23.880+00:00,2026-09-21T08:04:23.880+00:00,False,1,0.0,,0.0,300059.706334,300059.706334,300059.706334,300059.706334,300059.706334,300059.706334,nan,300059.706334,nan,nan,0.0,43,64,,True,False,"HTTPConnectionPool(host='gpu06', port=9004): Read timed out.",0,59.56268577710819
217,2026-09-21T07:59:24.294+00:00,2026-09-21T08:04:24.399+00:00,2026-09-21T08:04:24.399+00:00,False,1,0.0,,0.0,300105.31467299996,300105.31467299996,300105.31467299996,300105.31467299996,300105.31467299996,300105.31467299996,nan,300105.31467299996,nan,nan,0.0,43,64,,True,False,"HTTPConnectionPool(host='gpu06', port=9004): Read timed out.",0,59.56268577710819
218,2026-09-21T07:59:24.640+00:00,2026-09-21T08:04:24.741+00:00,2026-09-21T08:04:24.741+00:00,False,1,0.0,,0.0,300100.8848,300100.8848,300100.8848,300100.8848,300100.8848,300100.8848,nan,300100.8848,nan,nan,0.0,43,64,,True,False,"HTTPConnectionPool(host='gpu06', port=9004): Read timed out.",0,59.56268577710819
219,2026-09-21T07:59:24.902+00:00,2026-09-21T08:04:25.003+00:00,2026-09-21T08:04:25.003+00:00,False,1,0.0,,0.0,300101.207872,300101.207872,300101.207872,300101.207872,300101.207872,300101.207872,nan,300101.207872,nan,nan,0.0,43,64,,True,False,"HTTPConnectionPool(host='gpu06', port=9004): Read timed out.",0,59.56268577710819
220,2026-09-21T07:59:25.296+00:00,2026-09-21T08:04:25.325+00:00,2026-09-21T08:04:25.325+00:00,False,1,0.0,,0.0,300028.816814,300028.816814,300028.816814,300028.816814,300028.816814,300028.816814,nan,300028.816814,nan,nan,0.0,43,64,,True,False,TTFT timeout: 300.0s exceeded (TTFT: 300.022s),0,59.56268577710819
221,2026-09-21T07:59:25.768+00:00,2026-09-21T08:04:25.788+00:00,2026-09-21T08:04:25.788+00:00,False,1,0.0,,0.0,300019.805673,300019.805673,300019.805673,300019.805673,300019.805673,300019.805673,nan,300019.805673,nan,nan,0.0,43,64,,True,False,TTFT timeout: 300.0s exceeded (TTFT: 300.015s),0,59.56268577710819
222,2026-09-21T07:59:26.044+00:00,2026-09-21T08:04:26.152+00:00,2026-09-21T08:04:26.152+00:00,False,1,0.0,,0.0,300108.198375,300108.198375,300108.198375,300108.198375,300108.198375,300108.198375,nan,300108.198375,nan,nan,0.0,43,64,,True,False,"HTTPConnectionPool(host='gpu06', port=9004): Read timed out.",0,59.56268577710819
223,2026-09-21T07:59:26.464+00:00,2026-09-21T08:04:26.573+00:00,2026-09-21T08:04:26.573+00:00,False,1,0.0,,0.0,300109.325877,300109.325877,300109.325877,300109.325877,300109.325877,300109.325877,nan,300109.325877,nan,nan,0.0,43,64,,True,False,"HTTPConnectionPool(host='gpu06', port=9004): Read timed out.",0,59.56268577710819
224,2026-09-21T07:59:26.807+00:00,2026-09-21T08:04:26.830+00:00,2026-09-21T08:04:26.830+00:00,False,1,0.0,,0.0,300022.08457300003,300022.08457300003,300022.08457300003,300022.08457300003,300022.08457300003,300022.08457300003,nan,300022.08457300003,nan,nan,0.0,43,64,,True,False,"HTTPConnectionPool(host='gpu06', port=9004): Read timed out.",0,59.56268577710819
225,2026-09-21T07:59:27.194+00:00,2026-09-21T08:04:27.289+00:00,2026-09-21T08:04:27.289+00:00,False,1,0.0,,0.0,300094.775288,300094.775288,300094.775288,300094.775288,300094.775288,300094.775288,nan,300094.775288,nan,nan,0.0,43,64,,True,False,TTFT timeout: 300.0s exceeded (TTFT: 300.074s),0,59.56268577710819
226,2026-09-21T07:59:27.559+00:00,2026-09-21T08:04:27.517+00:00,2026-09-21T08:04:27.659+00:00,False,3,2.0,,2.0,299957.818901,300100.269845,300100.26996400004,100033.42332133334,0.043340000000000004,299957.818901,173139.6200406645,269976.27778319997,71.225472,100.66684395326263,0.006664439192383892,43,64,,True,False,Request timeout: 300.0s exceeded,9,59.56268577710819
227,2026-09-21T07:59:27.820+00:00,2026-09-21T08:04:27.834+00:00,2026-09-21T08:04:27.834+00:00,False,1,0.0,,0.0,300013.837144,300013.837144,300013.837144,300013.837144,300013.837144,300013.837144,nan,300013.837144,nan,nan,0.0,43,64,,True,False,TTFT timeout: 300.0s exceeded (TTFT: 300.009s),0,59.56268577710819
228,2026-09-21T07:59:28.249+00:00,2026-09-21T08:04:28.346+00:00,2026-09-21T08:04:28.346+00:00,False,1,0.0,,0.0,300096.935277,300096.935277,300096.935277,300096.935277,300096.935277,300096.935277,nan,300096.935277,nan,nan,0.0,43,64,,True,False,"HTTPConnectionPool(host='gpu06', port=9004): Read timed out.",0,59.56268577710819
229,2026-09-21T07:59:28.689+00:00,2026-09-21T08:04:28.790+00:00,2026-09-21T08:04:28.790+00:00,False,1,0.0,,0.0,300101.474839,300101.474839,300101.474839,300101.474839,300101.474839,300101.474839,nan,300101.474839,nan,nan,0.0,43,64,,True,False,"HTTPConnectionPool(host='gpu06', port=9004): Read timed out.",0,59.56268577710819
230,2026-09-21T07:59:29.046+00:00,2026-09-21T08:04:29.149+00:00,2026-09-21T08:04:29.149+00:00,False,1,0.0,,0.0,300103.34388400003,300103.34388400003,300103.34388400003,300103.34388400003,300103.34388400003,300103.34388400003,nan,300103.34388400003,nan,nan,0.0,43,64,,True,False,"HTTPConnectionPool(host='gpu06', port=9004): Read timed out.",0,59.56268577710819
231,2026-09-21T07:59:29.348+00:00,2026-09-21T08:04:29.454+00:00,2026-09-21T08:04:29.454+00:00,False,1,0.0,,0.0,300106.069814,300106.069814,300106.069814,300106.069814,300106.069814,300106.069814,nan,300106.069814,nan,nan,0.0,43,64,,True,False,TTFT timeout: 300.0s exceeded (TTFT: 300.096s),0,59.56268577710819
232,2026-09-21T07:59:29.694+00:00,2026-09-21T08:04:29.606+00:00,2026-09-21T08:04:29.750+00:00,False,4,3.0,,3.0,299911.33412699995,300055.9779669999,300055.97803999996,75013.99450999999,0.02432,299911.33412699995,149931.5656619842,254940.02982674993,48.21461333333333,51.59037050796163,0.009998134415872025,43,64,,True,False,Request timeout: 300.0s exceeded,12,59.56268577710819
233,2026-09-21T07:59:29.972+00:00,2026-09-21T08:04:30.092+00:00,2026-09-21T08:04:30.092+00:00,False,1,0.0,,0.0,300120.404323,300120.404323,300120.404323,300120.404323,300120.404323,300120.404323,nan,300120.404323,nan,nan,0.0,43,64,,True,False,"HTTPConnectionPool(host='gpu06', port=9004): Read timed out.",0,59.56268577710819
234,2026-09-21T07:59:30.321+00:00,2026-09-21T08:04:30.426+00:00,2026-09-21T08:04:30.426+00:00,False,1,0.0,,0.0,300105.55446899997,300105.55446899997,300105.55446899997,300105.55446899997,300105.55446899997,300105.55446899997,nan,300105.55446899997,nan,nan,0.0,43,64,,True,False,"HTTPConnectionPool(host='gpu06', port=9004): Read timed out.",0,59.56268577710819
235,2026-09-21T07:59:30.771+00:00,2026-09-21T08:04:30.857+00:00,2026-09-21T08:04:30.857+00:00,False,1,0.0,,0.0,300086.230598,300086.230598,300086.230598,300086.230598,300086.230598,300086.230598,nan,300086.230598,nan,nan,0.0,43,64,,True,False,"HTTPConnectionPool(host='gpu06', port=9004): Read timed out.",0,59.56268577710819
236,2026-09-21T07:59:31.052+00:00,2026-09-21T08:04:31.157+00:00,2026-09-21T08:04:31.157+00:00,False,1,0.0,,0.0,300104.64663,300104.64663,300104.64663,300104.64663,300104.64663,300104.64663,nan,300104.64663,nan,nan,0.0,43,64,,True,False,"HTTPConnectionPool(host='gpu06', port=9004): Read timed out.",0,59.56268577710819
237,2026-09-21T07:59:31.358+00:00,2026-09-21T08:04:31.465+00:00,2026-09-21T08:04:31.465+00:00,False,1,0.0,,0.0,300106.27166,300106.27166,300106.27166,300106.27166,300106.27166,300106.27166,nan,300106.27166,nan,nan,0.0,43,64,,True,False,"HTTPConnectionPool(host='gpu06', port=9004): Read timed out.",0,59.56268577710819
238,2026-09-21T07:59:31.741+00:00,2026-09-21T08:04:31.693+00:00,2026-09-21T08:04:32.911+00:00,False,21,20.0,,20.0,299952.65378,301170.85666,301170.856546,14341.469359333332,0.02838,299952.65378,65441.75110056306,179.305644,60.910144,32.153155509834164,0.06640748783531385,43,64,,True,False,Request timeout: 300.0s exceeded,78,59.56268577710819
239,2026-09-21T07:59:32.096+00:00,2026-09-21T08:04:32.412+00:00,2026-09-21T08:04:33.013+00:00,False,13,12.0,,12.0,300315.43167400005,300917.03449000005,300917.0344170001,23147.46418592308,0.024390000000000002,300315.43167400005,83278.61163442812,120170.59784020003,50.133568,17.79727160521263,0.03987810135221434,43,64,,True,False,Request timeout: 300.0s exceeded,60,59.56268577710819
242,2026-09-21T07:59:33.037+00:00,2026-09-21T08:04:33.051+00:00,2026-09-21T08:04:33.051+00:00,False,1,0.0,,0.0,300013.718615,300013.718615,300013.718615,300013.718615,300013.718615,300013.718615,nan,300013.718615,nan,nan,0.0,43,64,,True,False,"HTTPConnectionPool(host='gpu06', port=9004): Read timed out.",0,59.56268577710819
240,2026-09-21T07:59:32.393+00:00,2026-09-21T08:04:33.474+00:00,2026-09-21T08:04:33.474+00:00,False,1,0.0,,0.0,301080.887581,301080.887581,301080.887581,301080.887581,301080.887581,301080.887581,nan,301080.887581,nan,nan,0.0,43,64,,True,False,"HTTPConnectionPool(host='gpu06', port=9004): Read timed out.",0,59.56268577710819
243,2026-09-21T07:59:33.409+00:00,2026-09-21T08:04:33.502+00:00,2026-09-21T08:04:33.502+00:00,False,1,0.0,,0.0,300092.908282,300092.908282,300092.908282,300092.908282,300092.908282,300092.908282,nan,300092.908282,nan,nan,0.0,43,64,,True,False,"HTTPConnectionPool(host='gpu06', port=9004): Read timed out.",0,59.56268577710819
245,2026-09-21T07:59:35.158+00:00,2026-09-21T08:04:35.451+00:00,2026-09-21T08:04:35.451+00:00,False,1,0.0,,0.0,300293.09846899996,300293.09846899996,300293.09846899996,300293.09846899996,300293.09846899996,300293.09846899996,nan,300293.09846899996,nan,nan,0.0,43,64,,True,False,TTFT timeout: 300.0s exceeded (TTFT: 300.010s),0,59.56268577710819
241,2026-09-21T07:59:32.653+00:00,2026-09-21T08:04:35.465+00:00,2026-09-21T08:04:35.465+00:00,False,1,0.0,,0.0,302812.203949,302812.203949,302812.203949,302812.203949,302812.203949,302812.203949,nan,302812.203949,nan,nan,0.0,43,64,,True,False,"HTTPConnectionPool(host='gpu06', port=9004): Read timed out.",0,59.56268577710819
244,2026-09-21T07:59:34.980+00:00,2026-09-21T08:04:35.465+00:00,2026-09-21T08:04:35.465+00:00,False,1,0.0,,0.0,300485.101764,300485.101764,300485.101764,300485.101764,300485.101764,300485.101764,nan,300485.101764,nan,nan,0.0,43,64,,True,False,"HTTPConnectionPool(host='gpu06', port=9004): Read timed out.",0,59.56268577710819
247,2026-09-21T07:59:35.515+00:00,2026-09-21T08:04:35.676+00:00,2026-09-21T08:04:35.676+00:00,False,1,0.0,,0.0,300161.497212,300161.497212,300161.497212,300161.497212,300161.497212,300161.497212,nan,300161.497212,nan,nan,0.0,43,64,,True,False,"HTTPConnectionPool(host='gpu06', port=9004): Read timed out.",0,59.56268577710819
248,2026-09-21T07:59:35.550+00:00,2026-09-21T08:04:35.676+00:00,2026-09-21T08:04:35.676+00:00,False,1,0.0,,0.0,300126.31582899997,300126.31582899997,300126.31582899997,300126.31582899997,300126.31582899997,300126.31582899997,nan,300126.31582899997,nan,nan,0.0,43,64,,True,False,"HTTPConnectionPool(host='gpu06', port=9004): Read timed out.",0,59.56268577710819
246,2026-09-21T07:59:35.481+00:00,2026-09-21T08:04:35.980+00:00,2026-09-21T08:04:35.980+00:00,False,1,0.0,,0.0,300499.35404500004,300499.35404500004,300499.35404500004,300499.35404500004,300499.35404500004,300499.35404500004,nan,300499.35404500004,nan,nan,0.0,43,64,,True,False,"HTTPConnectionPool(host='gpu06', port=9004): Read timed out.",0,59.56268577710819
250,2026-09-21T07:59:35.772+00:00,2026-09-21T08:04:35.983+00:00,2026-09-21T08:04:35.983+00:00,False,1,0.0,,0.0,300211.36475,300211.36475,300211.36475,300211.36475,300211.36475,300211.36475,nan,300211.36475,nan,nan,0.0,43,64,,True,False,"HTTPConnectionPool(host='gpu06', port=9004): Read timed out.",0,59.56268577710819
249,2026-09-21T07:59:35.660+00:00,2026-09-21T08:04:36.111+00:00,2026-09-21T08:04:36.111+00:00,False,1,0.0,,0.0,300450.752011,300450.752011,300450.752011,300450.752011,300450.752011,300450.752011,nan,300450.752011,nan,nan,0.0,43,64,,True,False,"HTTPConnectionPool(host='gpu06', port=9004): Read timed out.",0,59.56268577710819
251,2026-09-21T07:59:36.178+00:00,2026-09-21T08:04:36.305+00:00,2026-09-21T08:04:36.305+00:00,False,1,0.0,,0.0,300127.676865,300127.676865,300127.676865,300127.676865,300127.676865,300127.676865,nan,300127.676865,nan,nan,0.0,43,64,,True,False,"HTTPConnectionPool(host='gpu06', port=9004): Read timed out.",0,59.56268577710819
252,2026-09-21T07:59:36.558+00:00,2026-09-21T08:04:36.674+00:00,2026-09-21T08:04:36.674+00:00,False,1,0.0,,0.0,300115.743498,300115.743498,300115.743498,300115.743498,300115.743498,300115.743498,nan,300115.743498,nan,nan,0.0,43,64,,True,False,"HTTPConnectionPool(host='gpu06', port=9004): Read timed out.",0,59.56268577710819
253,2026-09-21T07:59:36.892+00:00,2026-09-21T08:04:36.994+00:00,2026-09-21T08:04:36.994+00:00,False,1,0.0,,0.0,300101.807399,300101.807399,300101.807399,300101.807399,300101.807399,300101.807399,nan,300101.807399,nan,nan,0.0,43,64,,True,False,"HTTPConnectionPool(host='gpu06', port=9004): Read timed out.",0,59.56268577710819
254,2026-09-21T07:59:37.310+00:00,2026-09-21T08:04:37.423+00:00,2026-09-21T08:04:37.423+00:00,False,1,0.0,,0.0,300113.577806,300113.577806,300113.577806,300113.577806,300113.577806,300113.577806,nan,300113.577806,nan,nan,0.0,43,64,,True,False,"HTTPConnectionPool(host='gpu06', port=9004): Read timed out.",0,59.56268577710819
255,2026-09-21T07:59:37.718+00:00,2026-09-21T08:04:37.826+00:00,2026-09-21T08:04:37.826+00:00,False,1,0.0,,0.0,300108.510246,300108.510246,300108.510246,300108.510246,300108.510246,300108.510246,nan,300108.510246,nan,nan,0.0,43,64,,True,False,"HTTPConnectionPool(host='gpu06', port=9004): Read timed out.",0,59.56268577710819
256,2026-09-21T07:59:38.081+00:00,2026-09-21T08:04:38.080+00:00,2026-09-21T08:04:38.253+00:00,False,3,2.0,,2.0,299998.424159,300171.183455,300171.183438,100057.061146,0.030879999999999998,299998.424159,173154.32116678593,270015.854583,86.379648,122.11546303530594,0.006662864759301017,43,64,,True,False,Request timeout: 300.0s exceeded,6,59.56268577710819
257,2026-09-21T07:59:38.467+00:00,2026-09-21T08:04:38.566+00:00,2026-09-21T08:04:38.566+00:00,False,1,0.0,,0.0,300098.78686500003,300098.78686500003,300098.78686500003,300098.78686500003,300098.78686500003,300098.78686500003,nan,300098.78686500003,nan,nan,0.0,43,64,,True,False,"HTTPConnectionPool(host='gpu06', port=9004): Read timed out.",0,59.56268577710819
258,2026-09-21T07:59:38.926+00:00,2026-09-21T08:04:38.952+00:00,2026-09-21T08:04:38.952+00:00,False,1,0.0,,0.0,300026.592461,300026.592461,300026.592461,300026.592461,300026.592461,300026.592461,nan,300026.592461,nan,nan,0.0,43,64,,True,False,"HTTPConnectionPool(host='gpu06', port=9004): Read timed out.",0,59.56268577710819
259,2026-09-21T07:59:39.368+00:00,2026-09-21T08:04:39.469+00:00,2026-09-21T08:04:39.469+00:00,False,1,0.0,,0.0,300101.82872000005,300101.82872000005,300101.82872000005,300101.82872000005,300101.82872000005,300101.82872000005,nan,300101.82872000005,nan,nan,0.0,43,64,,True,False,"HTTPConnectionPool(host='gpu06', port=9004): Read timed out.",0,59.56268577710819
260,2026-09-21T07:59:39.687+00:00,2026-09-21T08:04:39.800+00:00,2026-09-21T08:04:39.800+00:00,False,1,0.0,,0.0,300113.294132,300113.294132,300113.294132,300113.294132,300113.294132,300113.294132,nan,300113.294132,nan,nan,0.0,43,64,,True,False,"HTTPConnectionPool(host='gpu06', port=9004): Read timed out.",0,59.56268577710819
261,2026-09-21T07:59:40.090+00:00,2026-09-21T08:04:40.154+00:00,2026-09-21T08:04:40.154+00:00,False,1,0.0,,0.0,300064.15832499997,300064.15832499997,300064.15832499997,300064.15832499997,300064.15832499997,300064.15832499997,nan,300064.15832499997,nan,nan,0.0,43,64,,True,False,TTFT timeout: 300.0s exceeded (TTFT: 300.049s),0,59.56268577710819
262,2026-09-21T07:59:40.559+00:00,2026-09-21T08:04:40.625+00:00,2026-09-21T08:04:40.625+00:00,False,1,0.0,,0.0,300065.783756,300065.783756,300065.783756,300065.783756,300065.783756,300065.783756,nan,300065.783756,nan,nan,0.0,43,64,,True,False,TTFT timeout: 300.0s exceeded (TTFT: 300.061s),0,59.56268577710819
263,2026-09-21T07:59:40.897+00:00,2026-09-21T08:04:40.998+00:00,2026-09-21T08:04:40.998+00:00,False,1,0.0,,0.0,300101.254713,300101.254713,300101.254713,300101.254713,300101.254713,300101.254713,nan,300101.254713,nan,nan,0.0,43,64,,True,False,"HTTPConnectionPool(host='gpu06', port=9004): Read timed out.",0,59.56268577710819
264,2026-09-21T07:59:41.279+00:00,2026-09-21T08:04:41.380+00:00,2026-09-21T08:04:41.380+00:00,False,1,0.0,,0.0,300101.038735,300101.038735,300101.038735,300101.038735,300101.038735,300101.038735,nan,300101.038735,nan,nan,0.0,43,64,,True,False,"HTTPConnectionPool(host='gpu06', port=9004): Read timed out.",0,59.56268577710819
265,2026-09-21T07:59:41.685+00:00,2026-09-21T08:04:41.790+00:00,2026-09-21T08:04:41.790+00:00,False,1,0.0,,0.0,300105.040185,300105.040185,300105.040185,300105.040185,300105.040185,300105.040185,nan,300105.040185,nan,nan,0.0,43,64,,True,False,"HTTPConnectionPool(host='gpu06', port=9004): Read timed out.",0,59.56268577710819
266,2026-09-21T07:59:42.005+00:00,2026-09-21T08:04:42.102+00:00,2026-09-21T08:04:42.102+00:00,False,1,0.0,,0.0,300097.238197,300097.238197,300097.238197,300097.238197,300097.238197,300097.238197,nan,300097.238197,nan,nan,0.0,43,64,,True,False,"HTTPConnectionPool(host='gpu06', port=9004): Read timed out.",0,59.56268577710819
267,2026-09-21T07:59:42.294+00:00,2026-09-21T08:04:42.393+00:00,2026-09-21T08:04:42.393+00:00,False,1,0.0,,0.0,300099.288394,300099.288394,300099.288394,300099.288394,300099.288394,300099.288394,nan,300099.288394,nan,nan,0.0,43,64,,True,False,"HTTPConnectionPool(host='gpu06', port=9004): Read timed out.",0,59.56268577710819
268,2026-09-21T07:59:42.692+00:00,2026-09-21T08:04:42.770+00:00,2026-09-21T08:04:42.770+00:00,False,1,0.0,,0.0,300077.559866,300077.559866,300077.559866,300077.559866,300077.559866,300077.559866,nan,300077.559866,nan,nan,0.0,43,64,,True,False,TTFT timeout: 300.0s exceeded (TTFT: 300.073s),0,59.56268577710819
269,2026-09-21T07:59:43.137+00:00,2026-09-21T08:04:43.226+00:00,2026-09-21T08:04:43.226+00:00,False,1,0.0,,0.0,300089.10441900004,300089.10441900004,300089.10441900004,300089.10441900004,300089.10441900004,300089.10441900004,nan,300089.10441900004,nan,nan,0.0,43,64,,True,False,"HTTPConnectionPool(host='gpu06', port=9004): Read timed out.",0,59.56268577710819
270,2026-09-21T07:59:43.550+00:00,2026-09-21T08:04:43.658+00:00,2026-09-21T08:04:43.658+00:00,False,1,0.0,,0.0,300108.25525700004,300108.25525700004,300108.25525700004,300108.25525700004,300108.25525700004,300108.25525700004,nan,300108.25525700004,nan,nan,0.0,43,64,,True,False,"HTTPConnectionPool(host='gpu06', port=9004): Read timed out.",0,59.56268577710819
271,2026-09-21T07:59:43.913+00:00,2026-09-21T08:04:44.030+00:00,2026-09-21T08:04:44.030+00:00,False,1,0.0,,0.0,300117.604732,300117.604732,300117.604732,300117.604732,300117.604732,300117.604732,nan,300117.604732,nan,nan,0.0,43,64,,True,False,"HTTPConnectionPool(host='gpu06', port=9004): Read timed out.",0,59.56268577710819
272,2026-09-21T07:59:44.324+00:00,2026-09-21T08:04:44.408+00:00,2026-09-21T08:04:44.408+00:00,False,1,0.0,,0.0,300083.970892,300083.970892,300083.970892,300083.970892,300083.970892,300083.970892,nan,300083.970892,nan,nan,0.0,43,64,,True,False,TTFT timeout: 300.0s exceeded (TTFT: 300.079s),0,59.56268577710819
273,2026-09-21T07:59:44.605+00:00,2026-09-21T08:04:44.636+00:00,2026-09-21T08:04:44.636+00:00,False,1,0.0,,0.0,300030.867594,300030.867594,300030.867594,300030.867594,300030.867594,300030.867594,nan,300030.867594,nan,nan,0.0,43,64,,True,False,TTFT timeout: 300.0s exceeded (TTFT: 300.026s),0,59.56268577710819
274,2026-09-21T07:59:44.983+00:00,2026-09-21T08:04:44.922+00:00,2026-09-21T08:04:45.010+00:00,False,4,3.0,,3.0,299939.076603,300027.470075,300027.470097,75006.86752425,0.03322,299939.076603,149954.80798986572,254957.07658845,29.464490666666666,29.522206538278763,0.009999084414670659,43,64,,True,False,Request timeout: 300.0s exceeded,12,59.56268577710819
275,2026-09-21T07:59:45.381+00:00,2026-09-21T08:04:45.708+00:00,2026-09-21T08:04:47.033+00:00,False,21,20.0,,20.0,300327.21153,301651.822858,301651.822839,14364.372516142856,0.02986,300327.21153,65522.326282175374,175.424499,66.2305664,34.23358778665599,0.06630160497791796,43,64,,True,False,Request timeout: 300.0s exceeded,50,59.56268577710819
276,2026-09-21T07:59:45.750+00:00,2026-09-21T08:04:46.203+00:00,2026-09-21T08:04:46.275+00:00,True,2,2.0,,2.0,300452.640397,300524.649357,300524.649553,150262.3247765,72.009156,300452.640397,212401.18128760683,285433.60883495,72.00896,nan,0.006655028145874832,43,64,,True,True,,4,59.56268577710819
279,2026-09-21T07:59:47.076+00:00,2026-09-21T08:04:47.250+00:00,2026-09-21T08:04:47.250+00:00,False,1,0.0,,0.0,300174.475416,300174.475416,300174.475416,300174.475416,300174.475416,300174.475416,nan,300174.475416,nan,nan,0.0,43,64,,True,False,"HTTPConnectionPool(host='gpu06', port=9004): Read timed out.",0,59.56268577710819
277,2026-09-21T07:59:46.223+00:00,2026-09-21T08:04:47.346+00:00,2026-09-21T08:04:47.346+00:00,False,1,0.0,,0.0,301123.274105,301123.274105,301123.274105,301123.274105,301123.274105,301123.274105,nan,301123.274105,nan,nan,0.0,43,64,,True,False,"HTTPConnectionPool(host='gpu06', port=9004): Read timed out.",0,59.56268577710819
280,2026-09-21T07:59:47.347+00:00,2026-09-21T08:04:47.388+00:00,2026-09-21T08:04:47.388+00:00,False,1,0.0,,0.0,300040.813815,300040.813815,300040.813815,300040.813815,300040.813815,300040.813815,nan,300040.813815,nan,nan,0.0,43,64,,True,False,"HTTPConnectionPool(host='gpu06', port=9004): Read timed out.",0,59.56268577710819
278,2026-09-21T07:59:46.619+00:00,2026-09-21T08:04:47.686+00:00,2026-09-21T08:04:47.686+00:00,False,1,0.0,,0.0,301067.00289099995,301067.00289099995,301067.00289099995,301067.00289099995,301067.00289099995,301067.00289099995,nan,301067.00289099995,nan,nan,0.0,43,64,,True,False,"HTTPConnectionPool(host='gpu06', port=9004): Read timed out.",0,59.56268577710819
281,2026-09-21T07:59:47.759+00:00,2026-09-21T08:04:47.780+00:00,2026-09-21T08:04:47.780+00:00,False,1,0.0,,0.0,300021.831074,300021.831074,300021.831074,300021.831074,300021.831074,300021.831074,nan,300021.831074,nan,nan,0.0,43,64,,True,False,"HTTPConnectionPool(host='gpu06', port=9004): Read timed out.",0,59.56268577710819
282,2026-09-21T07:59:48.048+00:00,2026-09-21T08:04:48.149+00:00,2026-09-21T08:04:48.149+00:00,False,1,0.0,,0.0,300100.536207,300100.536207,300100.536207,300100.536207,300100.536207,300100.536207,nan,300100.536207,nan,nan,0.0,43,64,,True,False,"HTTPConnectionPool(host='gpu06', port=9004): Read timed out.",0,59.56268577710819
283,2026-09-21T07:59:48.373+00:00,2026-09-21T08:04:48.473+00:00,2026-09-21T08:04:48.473+00:00,False,1,0.0,,0.0,300099.382888,300099.382888,300099.382888,300099.382888,300099.382888,300099.382888,nan,300099.382888,nan,nan,0.0,43,64,,True,False,"HTTPConnectionPool(host='gpu06', port=9004): Read timed out.",0,59.56268577710819
284,2026-09-21T07:59:48.746+00:00,2026-09-21T08:04:48.757+00:00,2026-09-21T08:04:49.022+00:00,False,3,2.0,,2.0,300011.400478,300276.33027,300276.330302,100092.11010066667,0.05497,300011.400478,173135.23480541195,270036.74791559996,132.464896,187.25581414706852,0.006660531644974004,43,64,,True,False,Request timeout: 300.0s exceeded,6,59.56268577710819
285,2026-09-21T07:59:49.128+00:00,2026-09-21T08:04:49.135+00:00,2026-09-21T08:04:49.135+00:00,False,1,0.0,,0.0,300006.715031,300006.715031,300006.715031,300006.715031,300006.715031,300006.715031,nan,300006.715031,nan,nan,0.0,43,64,,True,False,TTFT timeout: 300.0s exceeded (TTFT: 300.005s),0,59.56268577710819
286,2026-09-21T07:59:49.507+00:00,2026-09-21T08:04:49.610+00:00,2026-09-21T08:04:49.610+00:00,False,1,0.0,,0.0,300103.59636900004,300103.59636900004,300103.59636900004,300103.59636900004,300103.59636900004,300103.59636900004,nan,300103.59636900004,nan,nan,0.0,43,64,,True,False,"HTTPConnectionPool(host='gpu06', port=9004): Read timed out.",0,59.56268577710819
287,2026-09-21T07:59:49.783+00:00,2026-09-21T08:04:49.893+00:00,2026-09-21T08:04:49.893+00:00,False,1,0.0,,0.0,300109.573607,300109.573607,300109.573607,300109.573607,300109.573607,300109.573607,nan,300109.573607,nan,nan,0.0,43,64,,True,False,"HTTPConnectionPool(host='gpu06', port=9004): Read timed out.",0,59.56268577710819
288,2026-09-21T07:59:50.159+00:00,2026-09-21T08:04:50.184+00:00,2026-09-21T08:04:50.184+00:00,False,1,0.0,,0.0,300024.327666,300024.327666,300024.327666,300024.327666,300024.327666,300024.327666,nan,300024.327666,nan,nan,0.0,43,64,,True,False,"HTTPConnectionPool(host='gpu06', port=9004): Read timed out.",0,59.56268577710819
289,2026-09-21T07:59:50.463+00:00,2026-09-21T08:04:50.572+00:00,2026-09-21T08:04:50.572+00:00,False,1,0.0,,0.0,300108.740655,300108.740655,300108.740655,300108.740655,300108.740655,300108.740655,nan,300108.740655,nan,nan,0.0,43,64,,True,False,"HTTPConnectionPool(host='gpu06', port=9004): Read timed out.",0,59.56268577710819
290,2026-09-21T07:59:50.829+00:00,2026-09-21T08:04:50.905+00:00,2026-09-21T08:04:50.905+00:00,False,1,0.0,,0.0,300075.266493,300075.266493,300075.266493,300075.266493,300075.266493,300075.266493,nan,300075.266493,nan,nan,0.0,43,64,,True,False,TTFT timeout: 300.0s exceeded (TTFT: 300.064s),0,59.56268577710819
291,2026-09-21T07:59:51.272+00:00,2026-09-21T08:04:51.340+00:00,2026-09-21T08:04:51.340+00:00,False,1,0.0,,0.0,300068.12882700004,300068.12882700004,300068.12882700004,300068.12882700004,300068.12882700004,300068.12882700004,nan,300068.12882700004,nan,nan,0.0,43,64,,True,False,TTFT timeout: 300.0s exceeded (TTFT: 300.063s),0,59.56268577710819
292,2026-09-21T07:59:51.670+00:00,2026-09-21T08:04:51.566+00:00,2026-09-21T08:04:51.712+00:00,False,5,4.0,,4.0,299895.969589,300042.33093299996,300042.33087999996,60008.466175999994,0.04294,299895.969589,134101.19287167702,239927.8938086,36.590336,24.841287049158463,0.013331452223963718,43,64,,True,False,Request timeout: 300.0s exceeded,18,59.56268577710819
293,2026-09-21T07:59:52.137+00:00,2026-09-21T08:04:52.244+00:00,2026-09-21T08:04:52.244+00:00,False,1,0.0,,0.0,300106.690466,300106.690466,300106.690466,300106.690466,300106.690466,300106.690466,nan,300106.690466,nan,nan,0.0,43,64,,True,False,"HTTPConnectionPool(host='gpu06', port=9004): Read timed out.",0,59.56268577710819
294,2026-09-21T07:59:52.605+00:00,2026-09-21T08:04:52.715+00:00,2026-09-21T08:04:52.715+00:00,False,1,0.0,,0.0,300109.89891600003,300109.89891600003,300109.89891600003,300109.89891600003,300109.89891600003,300109.89891600003,nan,300109.89891600003,nan,nan,0.0,43,64,,True,False,"HTTPConnectionPool(host='gpu06', port=9004): Read timed out.",0,59.56268577710819
295,2026-09-21T07:59:54.271+00:00,2026-09-21T08:04:54.866+00:00,2026-09-21T08:04:54.866+00:00,False,1,0.0,,0.0,300595.227289,300595.227289,300595.227289,300595.227289,300595.227289,300595.227289,nan,300595.227289,nan,nan,0.0,43,64,,True,False,"HTTPConnectionPool(host='gpu06', port=9004): Read timed out.",0,59.56268577710819
296,2026-09-21T07:59:54.307+00:00,2026-09-21T08:04:55.135+00:00,2026-09-21T08:04:55.135+00:00,False,1,0.0,,0.0,300828.795318,300828.795318,300828.795318,300828.795318,300828.795318,300828.795318,nan,300828.795318,nan,nan,0.0,43,64,,True,False,"HTTPConnectionPool(host='gpu06', port=9004): Read timed out.",0,59.56268577710819
297,2026-09-21T07:59:54.442+00:00,2026-09-21T08:04:55.143+00:00,2026-09-21T08:04:55.143+00:00,False,1,0.0,,0.0,300701.052876,300701.052876,300701.052876,300701.052876,300701.052876,300701.052876,nan,300701.052876,nan,nan,0.0,43,64,,True,False,"HTTPConnectionPool(host='gpu06', port=9004): Read timed out.",0,59.56268577710819
300,2026-09-21T07:59:55.042+00:00,2026-09-21T08:04:55.344+00:00,2026-09-21T08:04:55.344+00:00,False,1,0.0,,0.0,300302.33620200003,300302.33620200003,300302.33620200003,300302.33620200003,300302.33620200003,300302.33620200003,nan,300302.33620200003,nan,nan,0.0,43,64,,True,False,"HTTPConnectionPool(host='gpu06', port=9004): Read timed out.",0,59.56268577710819
299,2026-09-21T07:59:54.733+00:00,2026-09-21T08:04:55.414+00:00,2026-09-21T08:04:55.414+00:00,False,1,0.0,,0.0,300681.361954,300681.361954,300681.361954,300681.361954,300681.361954,300681.361954,nan,300681.361954,nan,nan,0.0,43,64,,True,False,"HTTPConnectionPool(host='gpu06', port=9004): Read timed out.",0,59.56268577710819
298,2026-09-21T07:59:54.727+00:00,2026-09-21T08:04:55.502+00:00,2026-09-21T08:04:55.502+00:00,False,1,0.0,,0.0,300774.940519,300774.940519,300774.940519,300774.940519,300774.940519,300774.940519,nan,300774.940519,nan,nan,0.0,43,64,,True,False,"HTTPConnectionPool(host='gpu06', port=9004): Read timed out.",0,59.56268577710819
301,2026-09-21T07:59:55.139+00:00,2026-09-21T08:04:55.512+00:00,2026-09-21T08:04:55.512+00:00,False,1,0.0,,0.0,300372.848992,300372.848992,300372.848992,300372.848992,300372.848992,300372.848992,nan,300372.848992,nan,nan,0.0,43,64,,True,False,"HTTPConnectionPool(host='gpu06', port=9004): Read timed out.",0,59.56268577710819
302,2026-09-21T07:59:55.526+00:00,2026-09-21T08:04:55.729+00:00,2026-09-21T08:04:55.729+00:00,False,1,0.0,,0.0,300203.309495,300203.309495,300203.309495,300203.309495,300203.309495,300203.309495,nan,300203.309495,nan,nan,0.0,43,64,,True,False,"HTTPConnectionPool(host='gpu06', port=9004): Read timed out.",0,59.56268577710819
303,2026-09-21T07:59:55.819+00:00,2026-09-21T08:04:55.932+00:00,2026-09-21T08:04:55.932+00:00,False,1,0.0,,0.0,300113.18306699995,300113.18306699995,300113.18306699995,300113.18306699995,300113.18306699995,300113.18306699995,nan,300113.18306699995,nan,nan,0.0,43,64,,True,False,"HTTPConnectionPool(host='gpu06', port=9004): Read timed out.",0,59.56268577710819
304,2026-09-21T07:59:56.088+00:00,2026-09-21T08:04:56.194+00:00,2026-09-21T08:04:56.194+00:00,False,1,0.0,,0.0,300106.385758,300106.385758,300106.385758,300106.385758,300106.385758,300106.385758,nan,300106.385758,nan,nan,0.0,43,64,,True,False,"HTTPConnectionPool(host='gpu06', port=9004): Read timed out.",0,59.56268577710819
305,2026-09-21T07:59:56.521+00:00,2026-09-21T08:04:56.618+00:00,2026-09-21T08:04:56.618+00:00,False,1,0.0,,0.0,300097.396874,300097.396874,300097.396874,300097.396874,300097.396874,300097.396874,nan,300097.396874,nan,nan,0.0,43,64,,True,False,"HTTPConnectionPool(host='gpu06', port=9004): Read timed out.",0,59.56268577710819
306,2026-09-21T07:59:56.995+00:00,2026-09-21T08:04:57.069+00:00,2026-09-21T08:04:57.069+00:00,False,1,0.0,,0.0,300073.817944,300073.817944,300073.817944,300073.817944,300073.817944,300073.817944,nan,300073.817944,nan,nan,0.0,43,64,,True,False,"HTTPConnectionPool(host='gpu06', port=9004): Read timed out.",0,59.56268577710819
307,2026-09-21T07:59:57.454+00:00,2026-09-21T08:04:57.448+00:00,2026-09-21T08:04:57.499+00:00,False,3,2.0,,2.0,299994.268271,300045.237615,300045.237638,100015.07921266666,0.02921,299994.268271,173187.0598234828,269999.9354596,25.484672,35.999496366425575,0.00666566153789876,43,64,,True,False,Request timeout: 300.0s exceeded,9,59.56268577710819
308,2026-09-21T07:59:57.794+00:00,2026-09-21T08:04:57.874+00:00,2026-09-21T08:04:57.874+00:00,False,1,0.0,,0.0,300079.663675,300079.663675,300079.663675,300079.663675,300079.663675,300079.663675,nan,300079.663675,nan,nan,0.0,43,64,,True,False,"HTTPConnectionPool(host='gpu06', port=9004): Read timed out.",0,59.56268577710819
309,2026-09-21T07:59:58.222+00:00,2026-09-21T08:04:58.280+00:00,2026-09-21T08:04:58.280+00:00,False,1,0.0,,0.0,300058.113502,300058.113502,300058.113502,300058.113502,300058.113502,300058.113502,nan,300058.113502,nan,nan,0.0,43,64,,True,False,"HTTPConnectionPool(host='gpu06', port=9004): Read timed out.",0,59.56268577710819
310,2026-09-21T07:59:58.513+00:00,2026-09-21T08:04:58.599+00:00,2026-09-21T08:04:58.599+00:00,False,1,0.0,,0.0,300086.008717,300086.008717,300086.008717,300086.008717,300086.008717,300086.008717,nan,300086.008717,nan,nan,0.0,43,64,,True,False,TTFT timeout: 300.0s exceeded (TTFT: 300.071s),0,59.56268577710819
311,2026-09-21T07:59:58.980+00:00,2026-09-21T08:04:59.069+00:00,2026-09-21T08:04:59.069+00:00,False,1,0.0,,0.0,300088.780907,300088.780907,300088.780907,300088.780907,300088.780907,300088.780907,nan,300088.780907,nan,nan,0.0,43,64,,True,False,TTFT timeout: 300.0s exceeded (TTFT: 300.059s),0,59.56268577710819
312,2026-09-21T07:59:59.456+00:00,2026-09-21T08:04:59.374+00:00,2026-09-21T08:04:59.374+00:00,True,1,1.0,,1.0,299917.98720599996,299917.98720599996,299917.98720599996,299917.98720599996,299917.98720599996,299917.98720599996,nan,299917.98720599996,nan,nan,0.0033342448357828757,43,64,,True,True,,3,59.56268577710819
313,2026-09-21T07:59:59.915+00:00,2026-09-21T08:05:00.019+00:00,2026-09-21T08:05:00.019+00:00,False,1,0.0,,0.0,300104.61494700005,300104.61494700005,300104.61494700005,300104.61494700005,300104.61494700005,300104.61494700005,nan,300104.61494700005,nan,nan,0.0,43,64,,True,False,"HTTPConnectionPool(host='gpu06', port=9004): Read timed out.",0,59.56268577710819
314,2026-09-21T08:00:00.346+00:00,2026-09-21T08:05:00.460+00:00,2026-09-21T08:05:00.460+00:00,False,1,0.0,,0.0,300113.71834200004,300113.71834200004,300113.71834200004,300113.71834200004,300113.71834200004,300113.71834200004,nan,300113.71834200004,nan,nan,0.0,43,64,,True,False,"HTTPConnectionPool(host='gpu06', port=9004): Read timed out.",0,59.56268577710819
315,2026-09-21T08:00:00.659+00:00,2026-09-21T08:05:00.731+00:00,2026-09-21T08:05:00.731+00:00,False,1,0.0,,0.0,300072.753518,300072.753518,300072.753518,300072.753518,300072.753518,300072.753518,nan,300072.753518,nan,nan,0.0,43,64,,True,False,"HTTPConnectionPool(host='gpu06', port=9004): Read timed out.",0,59.56268577710819
316,2026-09-21T08:00:00.968+00:00,2026-09-21T08:05:01.053+00:00,2026-09-21T08:05:01.053+00:00,False,1,0.0,,0.0,300085.439801,300085.439801,300085.439801,300085.439801,300085.439801,300085.439801,nan,300085.439801,nan,nan,0.0,43,64,,True,False,"HTTPConnectionPool(host='gpu06', port=9004): Read timed out.",0,59.56268577710819
317,2026-09-21T08:00:01.294+00:00,2026-09-21T08:05:01.383+00:00,2026-09-21T08:05:02.967+00:00,False,28,27.0,,27.0,300089.034972,301673.591516,301673.591546,10774.056840928572,0.03453,300089.034972,56700.409508393735,109.25117835,58.68727940740741,19.957952562867785,0.08950070791519048,43,64,,True,False,Request timeout: 300.0s exceeded,131,59.56268577710819
319,2026-09-21T08:00:02.007+00:00,2026-09-21T08:05:03.168+00:00,2026-09-21T08:05:03.168+00:00,False,1,0.0,,0.0,301161.32657,301161.32657,301161.32657,301161.32657,301161.32657,301161.32657,nan,301161.32657,nan,nan,0.0,43,64,,True,False,"HTTPConnectionPool(host='gpu06', port=9004): Read timed out.",0,59.56268577710819
318,2026-09-21T08:00:01.703+00:00,2026-09-21T08:05:03.600+00:00,2026-09-21T08:05:04.833+00:00,False,31,30.0,,30.0,301896.923111,303130.316519,303130.316525,9778.397307258065,0.04877,301896.923111,54214.90907976874,81.994895,41.1131136,24.050313508280475,0.09896733637369334,43,64,,True,False,Request timeout: 300.0s exceeded,90,59.56268577710819
0,2026-09-21T07:58:02.295+00:00,2026-09-21T07:58:02.476+00:00,2026-09-21T07:58:04.965+00:00,True,46,46.0,,46.0,181.33914199999998,2670.434054,2670.43406,58.05291434782609,0.01768,231.409086,43.92096033568623,161.18389825,55.31322026666667,40.24641718850326,17.225664094231178,44,64,,False,True,,205,59.56268577710819
2,2026-09-21T07:58:02.862+00:00,2026-09-21T07:58:03.130+00:00,2026-09-21T07:58:04.302+00:00,True,24,24.0,,24.0,267.816828,1440.023164,1440.0231469999999,60.000964458333335,0.01656,267.816828,57.83801762081834,172.83615460000001,50.96549286956522,38.06409893916919,16.666398569127463,44,64,,False,True,,96,59.56268577710819
4,2026-09-21T07:58:03.512+00:00,2026-09-21T07:58:04.762+00:00,2026-09-21T07:58:08.365+00:00,True,58,58.0,,58.0,1249.3946939999998,4852.52199,4852.52212,83.66417448275861,43.838544999999996,1249.3946939999998,156.11763580410613,79.69971460000001,63.21275957894736,10.754010894382157,11.952547586497387,44,64,,False,True,,345,59.56268577710819
5,2026-09-21T07:58:03.724+00:00,2026-09-21T07:58:05.723+00:00,2026-09-21T07:58:07.986+00:00,True,37,37.0,,37.0,1999.0465649999999,4261.688741,4261.688826,115.18077908108108,39.390264,1999.0465649999999,318.5815999784578,85.6365918,62.85117155555555,13.374037472126812,8.682004305954544,44,64,,False,True,,75,59.56268577710819
3,2026-09-21T07:58:03.168+00:00,2026-09-21T07:58:06.723+00:00,2026-09-21T07:58:10.885+00:00,True,68,68.0,,68.0,3555.405072,7717.3683359999995,7717.368244,113.49070947058824,43.293565,3555.405072,423.74725456021906,78.857531,62.11885468656717,10.331095298484623,8.811293829632755,44,64,,False,True,,399,59.56268577710819
1,2026-09-21T07:58:02.610+00:00,2026-09-21T07:58:07.603+00:00,2026-09-21T07:58:13.201+00:00,True,85,85.0,,85.0,4993.381452,10590.930508,10590.930602999999,124.59918356470588,0.019030000000000002,4993.381452,536.2456502810046,79.79900400000001,66.63748876190476,44.95591268687245,8.02573484320326,44,64,,False,True,,422,59.56268577710819
6,2026-09-21T07:58:04.038+00:00,2026-09-21T07:58:09.987+00:00,2026-09-21T07:58:16.055+00:00,True,97,97.0,,97.0,5949.240673,12016.584545000002,12016.584653,123.88231601030928,0.01709,5949.240673,598.8666423429055,79.9547262,63.201498666666666,38.562734099096886,8.07217721780694,44,64,,False,True,,291,59.56268577710819
7,2026-09-21T07:58:04.316+00:00,2026-09-21T07:58:11.476+00:00,2026-09-21T07:58:13.469+00:00,True,32,32.0,,32.0,7160.394369,9153.446017,9153.445996,286.045187375,0.020149999999999998,7160.394369,1256.0331341915137,215.28107640000002,64.2919886451613,64.578315219918,3.495951135842046,44,64,,False,True,,94,59.56268577710819
8,2026-09-21T07:58:04.591+00:00,2026-09-21T07:58:13.189+00:00,2026-09-21T07:58:16.808+00:00,True,62,62.0,,62.0,8597.801489,12216.723473,12216.723584,197.04392877419355,0.02176,8597.801489,1084.500504575019,81.3435915,59.326589901639345,15.792640386180219,5.075010508097796,44,64,,False,True,,124,59.56268577710819
9,2026-09-21T07:58:04.912+00:00,2026-09-21T07:58:14.395+00:00,2026-09-21T07:58:15.332+00:00,True,17,17.0,,17.0,9482.957102,10419.30731,10419.307339,612.9004317058824,40.535064,9482.957102,2285.782749726072,1960.1270268,58.521888,10.230845806425926,1.6315863899785483,44,64,,False,True,,33,59.56268577710819
10,2026-09-21T07:58:05.247+00:00,2026-09-21T07:58:16.888+00:00,2026-09-21T07:58:20.071+00:00,True,52,52.0,,52.0,11641.190488,14824.695384,14824.695308,285.0902943846154,40.870034,11641.190488,1605.7165080114908,78.1315575,62.42166462745098,9.941611656528883,3.5076606063772866,44,64,,False,True,,156,59.56268577710819
11,2026-09-21T07:58:05.504+00:00,2026-09-21T07:58:18.160+00:00,2026-09-21T07:58:20.009+00:00,True,30,30.0,,30.0,12656.405783,14505.397271,14505.397045,483.51323483333334,43.923814,12656.405783,2299.1077909751198,78.22918445,63.75832717241379,8.573068118022984,2.068195681891297,44,64,,False,True,,43,59.56268577710819
12,2026-09-21T07:58:05.756+00:00,2026-09-21T07:58:19.625+00:00,2026-09-21T07:58:19.747+00:00,True,3,3.0,,3.0,13868.324588,13990.940396,13990.940271,4663.6467569999995,41.640105000000005,13868.324588,7971.509097983654,12489.589686999998,61.307904,27.81434505124807,0.21442447148568355,44,64,,False,True,,12,59.56268577710819
13,2026-09-21T07:58:05.987+00:00,2026-09-21T07:58:20.845+00:00,2026-09-21T07:58:25.567+00:00,True,74,74.0,,74.0,14858.088959,19579.788287,19579.78815,264.59173175675676,0.0,14858.088959,1721.1066298277735,85.49665135,64.68081271232877,70.08184039110932,3.7794075663796782,44,64,,False,True,,444,59.56268577710819
14,2026-09-21T07:58:06.289+00:00,2026-09-21T07:58:22.267+00:00,2026-09-21T07:58:24.647+00:00,True,37,37.0,,37.0,15977.848086,18358.381846,18358.381653,496.1724771081081,0.0,15977.848086,2617.9114353751183,428.341662,66.12593777777778,104.8058836075202,2.015428173919463,44,64,,False,True,,424,59.56268577710819
15,2026-09-21T07:58:06.645+00:00,2026-09-21T07:58:24.174+00:00,2026-09-21T07:58:28.501+00:00,True,71,71.0,,71.0,17528.98053,21855.60069,21855.600569000002,307.8253601267606,0.0,17528.98053,2073.568030397995,77.003708,61.808859428571424,50.07711303388842,3.248595223122188,44,64,,False,True,,213,59.56268577710819
16,2026-09-21T07:58:06.883+00:00,2026-09-21T07:58:25.320+00:00,2026-09-21T07:58:26.961+00:00,True,22,22.0,,22.0,18437.019554000002,20078.388386000002,20078.388454000004,912.6540206363637,44.799844,18437.019554000002,3914.9197209973477,412.07799470000003,78.16042057142857,80.98350962504172,1.0957054708305112,44,64,,False,True,,44,59.56268577710819
17,2026-09-21T07:58:07.193+00:00,2026-09-21T07:58:27.148+00:00,2026-09-21T07:58:30.913+00:00,True,60,60.0,,60.0,19954.627182,23719.832430000002,23719.832283,395.33053805000003,0.0,19954.627182,2568.45802798479,80.917867,63.81703810169491,54.3560608387739,2.5295288310769903,44,64,,False,True,,720,59.56268577710819
18,2026-09-21T07:58:07.425+00:00,2026-09-21T07:58:28.388+00:00,2026-09-21T07:58:29.298+00:00,True,16,16.0,,16.0,20963.425587,21873.208115,21873.208201,1367.0755125625,49.104515,20963.425587,5225.698890002257,5296.328547,60.65216853333333,7.8740300786162125,0.7314884911202245,44,64,,False,True,,16,59.56268577710819
19,2026-09-21T07:58:07.740+00:00,2026-09-21T07:58:30.075+00:00,2026-09-21T07:58:34.004+00:00,True,62,62.0,,62.0,22335.196208999998,26264.249648999998,26264.249636999997,423.6169296290322,0.0,22335.196208999998,2829.8003858824386,93.8704889,64.41071213114755,89.9908941040097,2.360623312243022,44,64,,False,True,,130,59.56268577710819
20,2026-09-21T07:58:07.946+00:00,2026-09-21T07:58:31.267+00:00,2026-09-21T07:58:37.376+00:00,True,97,97.0,,97.0,23320.625241,29429.819737,29429.819786,303.40020397938144,0.0,23320.625241,2362.685161216548,80.02564620000001,63.637442666666665,78.6511673411227,3.295976695298913,44,64,,False,True,,97,59.56268577710819
21,2026-09-21T07:58:08.275+00:00,2026-09-21T07:58:33.432+00:00,2026-09-21T07:58:34.451+00:00,True,26,26.0,,26.0,25157.039561999998,26175.954889999997,26175.954747999996,1006.7674903076922,0.01506,25157.039561999998,4925.811614087114,79.926738,40.75661312,32.5542188059115,0.9932779953686727,44,64,,False,True,,69,59.56268577710819
22,2026-09-21T07:58:08.486+00:00,2026-09-21T07:58:33.939+00:00,2026-09-21T07:58:36.646+00:00,True,43,43.0,,43.0,25453.000193,28160.160001,28160.159954,654.8874407906977,0.0,25453.000193,3872.5904168360107,79.25037499999999,64.45618590476191,83.25651580419759,1.5269799602869096,44,64,,False,True,,109,59.56268577710819
23,2026-09-21T07:58:08.841+00:00,2026-09-21T07:58:35.839+00:00,2026-09-21T07:58:42.069+00:00,True,99,99.0,,99.0,26997.632003,33227.907587,33227.90767,335.635431010101,0.0,26997.632003,2707.64014997416,77.749047,63.574240653061224,60.33686517902336,2.9794232375538594,44,64,,False,True,,99,59.56268577710819
24,2026-09-21T07:58:09.183+00:00,2026-09-21T07:58:37.247+00:00,2026-09-21T07:58:39.681+00:00,True,39,39.0,,39.0,28064.364303,30498.197007,30498.197065999997,782.0050529743589,44.955884,28064.364303,4483.647144700049,76.9242591,64.04822905263158,8.703962652519321,1.2787641181230698,44,64,,False,True,,156,59.56268577710819
25,2026-09-21T07:58:09.475+00:00,2026-09-21T07:58:38.642+00:00,2026-09-21T07:58:41.815+00:00,True,51,51.0,,51.0,29167.315037999997,32340.316765999996,32340.316627999997,634.1238554509804,0.0,29167.315037999997,4076.2421718814294,81.6697085,63.460034560000004,85.91084424231438,1.5769789878377845,44,64,,False,True,,255,59.56268577710819
26,2026-09-21T07:58:09.731+00:00,2026-09-21T07:58:40.550+00:00,2026-09-21T07:58:46.488+00:00,True,99,99.0,,99.0,30818.670260000003,36756.669876,36756.669817,371.27949310101013,0.0,30818.670260000003,3093.0125147120602,82.787538,60.59183281632653,103.34387299906723,2.693388719216953,44,64,,False,True,,281,59.56268577710819
27,2026-09-21T07:58:10.015+00:00,2026-09-21T07:58:41.877+00:00,2026-09-21T07:58:47.703+00:00,True,92,92.0,,92.0,31862.073947999997,37688.184411999995,37688.184443,409.65417872826083,0.0,31862.073947999997,3317.1013514377264,78.4866115,64.02319191208791,113.6292728756079,2.4410833643317402,44,64,,False,True,,368,59.56268577710819
28,2026-09-21T07:58:10.338+00:00,2026-09-21T07:58:43.513+00:00,2026-09-21T07:58:44.845+00:00,True,25,25.0,,25.0,33175.190364,34506.588252,34506.588252,1380.26353008,0.02752,33175.190364,6623.976323931922,83.56532820000001,55.474912,21.43401381763556,0.7244993279957488,44,64,,False,True,,66,59.56268577710819
29,2026-09-21T07:58:10.682+00:00,2026-09-21T07:58:45.131+00:00,2026-09-21T07:58:47.822+00:00,True,43,43.0,,43.0,34449.898617,37140.619385,37140.619185999996,863.7353299069767,0.0,34449.898617,5244.870001962294,79.67398999999999,64.0647801904762,107.69717173428059,1.1577620597616212,44,64,,False,True,,286,59.56268577710819
30,2026-09-21T07:58:11.029+00:00,2026-09-21T07:58:47.065+00:00,2026-09-21T07:58:50.907+00:00,True,61,61.0,,61.0,36035.621712,39877.965136,39877.965171,653.7371339508197,45.666093999999994,36035.621712,4605.699621205484,78.36746799999999,64.03905706666667,9.8758970853408,1.529666817049599,44,64,,False,True,,215,59.56268577710819
31,2026-09-21T07:58:11.330+00:00,2026-09-21T07:58:48.423+00:00,2026-09-21T07:58:49.664+00:00,True,20,20.0,,20.0,37092.979831,38334.281591,38334.281429999995,1916.7140714999998,49.223045,37092.979831,8279.639424182646,1931.25028265,65.33167157894736,9.884064326181425,0.5217262244115078,44,64,,False,True,,98,59.56268577710819
32,2026-09-21T07:58:11.554+00:00,2026-09-21T07:58:49.446+00:00,2026-09-21T07:58:51.908+00:00,True,40,40.0,,40.0,37891.288784000004,40353.720272000006,40353.720420000005,1008.8430105000001,42.472075,37891.288784000004,5981.162904933286,78.516852,63.13926892307692,9.466081694722032,0.9912345065184625,44,64,,False,True,,240,59.56268577710819
33,2026-09-21T07:58:11.860+00:00,2026-09-21T07:58:51.090+00:00,2026-09-21T07:58:56.831+00:00,True,91,91.0,,91.0,39230.385323,44970.918827,44970.918889,494.1859218571429,0.0,39230.385323,4107.3756571096,80.541153,63.783705600000005,115.28374653901005,2.023529924973752,44,64,,False,True,,366,59.56268577710819
34,2026-09-21T07:58:12.163+00:00,2026-09-21T07:58:53.656+00:00,2026-09-21T07:58:55.958+00:00,True,53,53.0,,53.0,41492.441998,43794.481038000005,43794.481157,826.3109652264151,0.0,41492.441998,5693.436244357493,89.0064012,44.269981538461536,32.675402475527896,1.2101981515436262,44,64,,False,True,,106,59.56268577710819
35,2026-09-21T07:58:12.358+00:00,2026-09-21T07:58:53.760+00:00,2026-09-21T07:58:57.040+00:00,True,57,57.0,,57.0,41401.669989,44681.478757000004,44681.47885,783.8855938596491,0.037829999999999996,41401.669989,5476.056724664121,77.926658,58.56801371428572,18.012056531123413,1.2756963642585377,44,64,,False,True,,114,59.56268577710819
36,2026-09-21T07:58:12.584+00:00,2026-09-21T07:58:54.837+00:00,2026-09-21T07:58:59.315+00:00,True,72,72.0,,72.0,42252.768147,46731.133075000005,46731.133042,649.0435144722222,38.848534,42252.768147,4972.113504022539,78.45457,63.07556236619718,10.315619426134953,1.5407287446774582,44,64,,False,True,,385,59.56268577710819
37,2026-09-21T07:58:13.138+00:00,2026-09-21T07:58:56.535+00:00,2026-09-21T07:58:59.125+00:00,True,42,42.0,,42.0,43397.677476000004,45987.10851600001,45987.108695,1094.931159404762,38.425304,43397.677476000004,6686.671477245885,80.64283499999999,63.15685463414634,11.576746252971208,0.913299430108488,44,64,,False,True,,46,59.56268577710819
38,2026-09-21T07:58:13.244+00:00,2026-09-21T07:58:58.494+00:00,2026-09-21T07:58:58.550+00:00,True,2,2.0,,2.0,45250.034998,45306.276150000005,45306.276224,22653.138112,56.241226000000005,45250.034998,31956.83804372756,42990.3453094,56.241152,nan,0.04414399438564319,44,64,,False,True,,8,59.56268577710819
39,2026-09-21T07:58:13.443+00:00,2026-09-21T07:58:59.635+00:00,2026-09-21T07:59:04.026+00:00,True,71,71.0,,71.0,46191.915876,50583.129956,50583.129912,712.4384494647887,0.0,46191.915876,5475.553999042591,86.763734,62.73162971428572,106.81270935928092,1.4036300256974947,44,64,,False,True,,75,59.56268577710819
40,2026-09-21T07:58:13.762+00:00,2026-09-21T07:59:01.263+00:00,2026-09-21T07:59:05.713+00:00,True,72,72.0,,72.0,47500.541712,51950.95144,51950.951454,721.5409924166667,0.0,47500.541712,5591.809761584965,83.34027295,62.68182715492958,116.87622271871892,1.3859226444226986,44,64,,False,True,,396,59.56268577710819
41,2026-09-21T07:58:14.109+00:00,2026-09-21T07:59:02.939+00:00,2026-09-21T07:59:06.190+00:00,True,54,54.0,,54.0,48829.452229999995,52081.15040599999,52081.15046799999,964.4657494074073,0.01511,48829.452229999995,6637.943817555899,78.36418185000001,61.3527957735849,139.87497327738294,1.0368434563952902,44,64,,False,True,,106,59.56268577710819
42,2026-09-21T07:58:14.394+00:00,2026-09-21T07:59:04.638+00:00,2026-09-21T07:59:10.324+00:00,True,90,90.0,,90.0,50243.890656999996,55929.61558499999,55929.615407,621.4401711888888,0.0,50243.890656999996,5291.327313730608,97.7528021,63.88454975280899,142.22315658988316,1.6091653600447327,44,64,,False,True,,180,59.56268577710819
43,2026-09-21T07:58:14.689+00:00,2026-09-21T07:59:06.064+00:00,2026-09-21T07:59:10.591+00:00,True,72,72.0,,72.0,51375.657875,55901.825426999996,55901.825325,776.4142406249999,0.0,51375.657875,6048.427906906871,82.7142635,63.74883876056338,124.40162981593387,1.28797225224822,44,64,,False,True,,487,59.56268577710819
44,2026-09-21T07:58:15.000+00:00,2026-09-21T07:59:07.783+00:00,2026-09-21T07:59:07.783+00:00,True,1,1.0,,1.0,52783.31218,52783.31218,52783.31218,52783.31218,52783.31218,52783.31218,nan,52783.31218,nan,nan,0.01894538176364968,44,64,,False,True,,3,59.56268577710819
45,2026-09-21T07:58:15.250+00:00,2026-09-21T07:59:09.041+00:00,2026-09-21T07:59:11.608+00:00,True,43,43.0,,43.0,53791.446156000005,56358.408844000005,56358.408952000005,1310.6606733023257,0.0,53791.446156000005,8195.349917059251,115.4964236,61.11815923809524,161.40495413571054,0.7629739888332181,44,64,,False,True,,473,59.56268577710819
46,2026-09-21T07:58:15.473+00:00,2026-09-21T07:59:10.325+00:00,2026-09-21T07:59:12.111+00:00,True,32,32.0,,32.0,54851.775665,56637.884849,56637.884785,1769.93389953125,0.0,54851.775665,9686.354815370814,98.28807230000001,57.61642529032258,22.111311901512334,0.5649928503741607,44,64,,False,True,,128,59.56268577710819
47,2026-09-21T07:58:15.710+00:00,2026-09-21T07:59:11.681+00:00,2026-09-21T07:59:16.325+00:00,True,73,73.0,,73.0,55971.092402,60614.71813,60614.718092,830.338604,45.207694000000004,55971.092402,6543.378900933461,77.69395899999999,64.49480177777778,9.34606013057032,1.2043279627802173,44,64,,False,True,,156,59.56268577710819
48,2026-09-21T07:58:16.058+00:00,2026-09-21T07:59:13.688+00:00,2026-09-21T07:59:13.834+00:00,True,3,3.0,,3.0,57629.885724,57776.375836,57776.375997,19258.791999,72.890427,57629.885724,33230.3419387368,51874.2571362,73.245056,0.5016045800109883,0.05192433683475736,44,64,,False,True,,6,59.56268577710819
49,2026-09-21T07:58:16.297+00:00,2026-09-21T07:59:14.771+00:00,2026-09-21T07:59:16.054+00:00,True,21,21.0,,21.0,58474.031694,59756.586061999995,59756.585936999996,2845.551711285714,47.822534,58474.031694,12746.089075349884,78.976737,64.12771839999999,9.060883196344198,0.3514256985533211,44,64,,False,True,,84,59.56268577710819
50,2026-09-21T07:58:16.512+00:00,2026-09-21T07:59:15.977+00:00,2026-09-21T07:59:21.328+00:00,True,85,85.0,,85.0,59465.597597,64815.722909000004,64815.722888,762.5379163294118,0.0,59465.597597,6445.5060016499965,114.1548444,63.691968,179.30213613773958,1.3114101977900998,44,64,,False,True,,510,59.56268577710819
51,2026-09-21T07:58:16.846+00:00,2026-09-21T07:59:17.845+00:00,2026-09-21T07:59:17.845+00:00,True,1,1.0,,1.0,60998.407108,60998.407108,60998.407108,60998.407108,60998.407108,60998.407108,nan,60998.407108,nan,nan,0.01639387071582807,44,64,,False,True,,6,59.56268577710819
52,2026-09-21T07:58:17.168+00:00,2026-09-21T07:59:19.447+00:00,2026-09-21T07:59:21.590+00:00,True,38,38.0,,38.0,62278.616834,64422.010882,64422.011033,1695.3160798157894,0.0,62278.616834,10095.584851825199,351.07896875,57.92956886486486,206.57458019287154,0.5898605069873328,44,64,,False,True,,114,59.56268577710819
53,2026-09-21T07:58:17.372+00:00,2026-09-21T07:59:21.318+00:00,2026-09-21T07:59:24.495+00:00,True,63,63.0,,63.0,63945.921958,67123.360678,67123.360868,1065.4501725079365,0.0,63945.921958,8050.01676871689,78.564954,51.249011612903224,27.0273984896672,0.9385704077336008,44,64,,False,True,,126,59.56268577710819
54,2026-09-21T07:58:17.622+00:00,2026-09-21T07:59:21.896+00:00,2026-09-21T07:59:22.891+00:00,True,16,16.0,,16.0,64273.668003,65269.040802999996,65269.040779999996,4079.3150487499997,42.842854,64273.668003,16051.831347474135,16127.609706000001,66.35818666666667,11.571812694642805,0.24513919314813315,44,64,,False,True,,76,59.56268577710819
55,2026-09-21T07:58:17.898+00:00,2026-09-21T07:59:23.245+00:00,2026-09-21T07:59:27.332+00:00,True,65,65.0,,65.0,65347.252163000005,69434.426563,69434.426502,1068.2219461846155,43.062073,65347.252163000005,8097.413419417567,76.46455300000001,63.8621,9.477505327790345,0.936135044494441,44,64,,False,True,,322,59.56268577710819
56,2026-09-21T07:58:18.107+00:00,2026-09-21T07:59:24.628+00:00,2026-09-21T07:59:27.845+00:00,True,51,51.0,,51.0,66521.144803,69737.594595,69737.594556,1367.4038148235295,39.698423000000005,66521.144803,9305.821751818818,80.07288700000001,64.32899584,10.84189806741869,0.7313128635448599,44,64,,False,True,,57,59.56268577710819
57,2026-09-21T07:58:18.358+00:00,2026-09-21T07:59:25.951+00:00,2026-09-21T07:59:27.480+00:00,True,25,25.0,,25.0,67592.766334,69122.171262,69122.171138,2764.88684552,48.133415,67592.766334,13505.81227362976,82.30600300000002,63.725205333333335,10.680111828137848,0.3616784534334178,44,64,,False,True,,107,59.56268577710819
58,2026-09-21T07:58:18.613+00:00,2026-09-21T07:59:27.323+00:00,2026-09-21T07:59:28.188+00:00,True,14,14.0,,14.0,68709.728917,69574.804885,69574.804773,4969.628912357143,50.993404999999996,68709.728917,18345.66552229207,24106.23509315,66.54430523076923,10.458596262235499,0.2012222675024466,44,64,,False,True,,14,59.56268577710819
59,2026-09-21T07:58:18.939+00:00,2026-09-21T07:59:28.894+00:00,2026-09-21T07:59:34.791+00:00,True,80,80.0,,80.0,69955.301711,75852.003407,75852.00316,948.1500394999999,0.0,69955.301711,7815.372573034948,78.4912555,74.64179362025315,198.01999691323428,1.0546853926948119,44,64,,False,True,,160,59.56268577710819
60,2026-09-21T07:58:19.174+00:00,2026-09-21T07:59:30.234+00:00,2026-09-21T07:59:32.842+00:00,True,30,30.0,,30.0,71060.143195,73668.177243,73668.177335,2455.6059111666664,0.0,71060.143195,12959.592930647364,784.86287065,89.93220855172413,246.54278985674745,0.40723146849477154,44,64,,False,True,,149,59.56268577710819
61,2026-09-21T07:58:19.434+00:00,2026-09-21T07:59:31.478+00:00,2026-09-21T07:59:34.996+00:00,True,56,56.0,,56.0,72043.878178,75562.02397,75562.023987,1349.3218569107144,0.0,72043.878178,9621.704523972048,383.24993075,63.96628712727272,241.8276295932733,0.7411130228887648,44,64,,False,True,,56,59.56268577710819
62,2026-09-21T07:58:19.687+00:00,2026-09-21T07:59:32.818+00:00,2026-09-21T07:59:36.367+00:00,True,58,58.0,,58.0,73130.888769,76680.411969,76680.411922,1322.0760676206896,0.01659,73130.888769,9595.721440130883,178.77105595,62.27233684210526,161.90804140191094,0.756386129269206,44,64,,False,True,,235,59.56268577710819
63,2026-09-21T07:58:19.904+00:00,2026-09-21T07:59:34.804+00:00,2026-09-21T07:59:40.208+00:00,True,99,99.0,,99.0,74899.741631,80303.751615,80303.751697,811.1490070404041,0.01966,74899.741631,7522.30321490788,105.81982119999999,55.14295902040816,45.80251100015224,1.2328191150350654,44,64,,False,True,,296,59.56268577710819
64,2026-09-21T07:58:20.130+00:00,2026-09-21T07:59:35.242+00:00,2026-09-21T07:59:38.833+00:00,True,58,58.0,,58.0,75112.119407,78702.260591,78702.26054300001,1356.9355266034484,0.023280000000000002,75112.119407,9854.493843450275,144.0155376,62.98493305263158,34.608693733220356,0.7369546892866835,44,64,,False,True,,81,59.56268577710819
65,2026-09-21T07:58:20.390+00:00,2026-09-21T07:59:36.741+00:00,2026-09-21T07:59:38.783+00:00,True,33,33.0,,33.0,76351.338252,78392.856332,78392.856421,2375.541103666667,19.154721000000002,76351.338252,13279.974133891643,111.4147402,63.79744,22.122854990296403,0.4209567241719369,44,64,,False,True,,165,59.56268577710819
66,2026-09-21T07:58:20.660+00:00,2026-09-21T07:59:37.965+00:00,2026-09-21T07:59:43.810+00:00,True,93,93.0,,93.0,77304.920881,83150.112817,83150.112925,894.0872357526881,42.838124,77304.920881,8009.566701600441,79.228595,63.53469495652174,11.432751740457228,1.1184590958364422,44,64,,False,True,,190,59.56268577710819
67,2026-09-21T07:58:20.927+00:00,2026-09-21T07:59:39.622+00:00,2026-09-21T07:59:44.233+00:00,True,73,73.0,,73.0,78694.559949,83305.377485,83305.377515,1141.169555,37.175183,78694.559949,9203.014716332147,81.699133,64.03913244444445,12.488205264848274,0.8762939704960151,44,64,,False,True,,221,59.56268577710819
68,2026-09-21T07:58:21.215+00:00,2026-09-21T07:59:41.022+00:00,2026-09-21T07:59:42.535+00:00,True,24,24.0,,24.0,79806.672202,81319.71847400001,81319.718515,3388.3216047916667,46.125794,79806.672202,16277.044022528737,78.31773100000001,65.78462052173913,10.922408442640666,0.2951313709684498,44,64,,False,True,,120,59.56268577710819
69,2026-09-21T07:58:21.561+00:00,2026-09-21T07:59:42.530+00:00,2026-09-21T07:59:42.869+00:00,True,6,6.0,,6.0,80969.19433900001,81308.21897900001,81308.21888900001,13551.369814833335,53.715165,80969.19433900001,33027.855336497916,60746.697823500006,67.804928,10.774438731430235,0.07379327791634026,44,64,,False,True,,46,59.56268577710819
70,2026-09-21T07:58:21.831+00:00,2026-09-21T07:59:43.986+00:00,2026-09-21T07:59:48.695+00:00,True,74,74.0,,74.0,82154.449969,86864.230961,86864.230883,1173.8409578783783,0.0,82154.449969,9544.848338822916,79.38638599999999,64.51754783561644,200.99595460307134,0.8519041633284508,44,64,,False,True,,77,59.56268577710819
71,2026-09-21T07:58:22.136+00:00,2026-09-21T07:59:46.984+00:00,2026-09-21T07:59:49.385+00:00,True,60,60.0,,60.0,84847.702091,87248.702539,87248.702492,1454.1450415333334,0.0,84847.702091,10948.58201832012,76.75628999999999,40.694922847457626,31.47357168491809,0.6876893094562652,44,64,,False,True,,0,59.56268577710819
72,2026-09-21T07:58:22.417+00:00,2026-09-21T07:59:47.043+00:00,2026-09-21T07:59:47.556+00:00,True,9,9.0,,9.0,84625.934647,85138.572855,85138.572762,9459.841418,47.594994,84625.934647,28187.286276509833,50805.111755000005,64.079776,9.206716469047025,0.10571001718959927,44,64,,False,True,,19,59.56268577710819
73,2026-09-21T07:58:22.690+00:00,2026-09-21T07:59:48.374+00:00,2026-09-21T07:59:52.384+00:00,True,65,65.0,,65.0,85683.933066,89694.290058,89694.290128,1379.9121558153845,44.404714,85683.933066,10620.015693376285,76.41573819999999,62.661828,9.336921451183878,0.7246838116224382,44,64,,False,True,,455,59.56268577710819
75,2026-09-21T07:58:23.324+00:00,2026-09-21T07:59:50.787+00:00,2026-09-21T07:59:54.242+00:00,True,48,48.0,,48.0,87462.486462,90917.740478,90917.740416,1894.119592,0.01576,87462.486462,12615.316918346727,81.56975600000001,73.51604289361701,215.73450584098143,0.5279497680831046,44,64,,False,True,,240,59.56268577710819
74,2026-09-21T07:58:23.304+00:00,2026-09-21T07:59:51.173+00:00,2026-09-21T07:59:54.236+00:00,True,46,46.0,,46.0,87869.19595800001,90932.19781400001,90932.19788700002,1976.7869105869568,0.0156,87869.19595800001,12947.408858619663,80.142967,68.06670791111112,220.65597093019315,0.5058714196493092,44,64,,False,True,,184,59.56268577710819
76,2026-09-21T07:58:23.463+00:00,2026-09-21T07:59:52.329+00:00,2026-09-21T07:59:54.226+00:00,True,23,23.0,,23.0,88866.411854,90763.260494,90763.260591,3946.228721347826,0.0158,88866.411854,18514.515240085308,1350.4205914999998,86.22039272727274,315.46817973031017,0.2534064981228879,44,64,,False,True,,92,59.56268577710819
77,2026-09-21T07:58:23.720+00:00,2026-09-21T07:59:54.194+00:00,2026-09-21T07:59:59.830+00:00,True,99,99.0,,99.0,90474.617521,96109.902001,96109.902137,970.8070922929293,0.015470000000000001,90474.617521,9087.370130898174,91.51572409999999,57.50290285714286,44.5726036819118,1.0300707621049279,44,64,,False,True,,99,59.56268577710819
78,2026-09-21T07:58:23.930+00:00,2026-09-21T07:59:54.728+00:00,2026-09-21T07:59:59.238+00:00,True,74,74.0,,74.0,90798.624306,95308.00133,95308.001212,1287.9459623243242,0.03367,90798.624306,10548.006247995441,90.84193219999999,61.772288,36.25507435617752,0.7764300894714817,44,64,,False,True,,661,59.56268577710819
79,2026-09-21T07:58:24.199+00:00,2026-09-21T07:59:56.222+00:00,2026-09-21T07:59:56.798+00:00,True,10,10.0,,10.0,92023.599699,92598.958419,92598.95825,9259.895825,48.153914,92023.599699,29080.2030373274,50649.332030100006,63.92874666666666,10.61610197258636,0.1079925754105258,44,64,,False,True,,90,59.56268577710819
80,2026-09-21T07:58:24.498+00:00,2026-09-21T07:59:57.611+00:00,2026-09-21T08:00:00.747+00:00,True,52,52.0,,52.0,93113.07026000001,96249.52466000001,96249.52484600001,1850.9524008846156,40.184993000000006,93113.07026000001,12903.934781200687,76.758088,61.49910588235294,9.717395638221735,0.5402624083982671,44,64,,False,True,,176,59.56268577710819
81,2026-09-21T07:58:24.804+00:00,2026-09-21T07:59:59.419+00:00,2026-09-21T08:00:00.794+00:00,True,23,23.0,,23.0,94614.408537,95989.98460099999,95989.984688,4173.477595130435,39.875874,94614.408537,19715.434070631978,83.567469,62.52618472727273,12.404235683496697,0.23960833096914982,44,64,,False,True,,115,59.56268577710819
83,2026-09-21T07:58:25.328+00:00,2026-09-21T08:00:02.875+00:00,2026-09-21T08:00:07.792+00:00,True,94,94.0,,94.0,97547.003667,102463.859987,102463.86005,1090.0410643617022,0.0,97547.003667,10055.7822714678,77.56042585,52.869422795698924,24.748469157543788,0.9173966314750015,44,64,,False,True,,94,59.56268577710819
82,2026-09-21T07:58:25.122+00:00,2026-09-21T08:00:02.898+00:00,2026-09-21T08:00:04.491+00:00,True,54,54.0,,54.0,97776.64370999999,99369.59705399998,99369.59722,1840.177726296296,0.0,97776.64370999999,13301.663889109486,75.23498534999999,30.055723471698112,32.130899156856934,0.5434257720764936,44,64,,False,True,,172,59.56268577710819
84,2026-09-21T07:58:25.683+00:00,2026-09-21T08:00:03.864+00:00,2026-09-21T08:00:09.785+00:00,True,96,96.0,,96.0,98180.702627,104101.88201900001,104101.88201700001,1084.39460434375,44.460353000000005,98180.702627,10014.16895268034,77.12078950000001,62.32820412631579,9.326528759857615,0.9221735297972681,44,64,,False,True,,384,59.56268577710819
85,2026-09-21T07:58:26.002+00:00,2026-09-21T08:00:05.287+00:00,2026-09-21T08:00:06.489+00:00,True,19,19.0,,19.0,99284.36798000001,100487.13892400001,100487.13898500001,5288.796788684211,56.199065000000004,99284.36798000001,22762.067420242915,9998.9592923,66.820608,6.8653879290262125,0.18907892296913734,44,64,,False,True,,28,59.56268577710819
86,2026-09-21T07:58:26.338+00:00,2026-09-21T08:00:06.674+00:00,2026-09-21T08:00:08.152+00:00,True,26,26.0,,26.0,100335.634977,101813.77974499999,101813.779707,3915.9146041153845,45.684114,100335.634977,19665.84369126324,77.345821,59.12579072,9.63147018232092,0.2553681836104984,44,64,,False,True,,56,59.56268577710819
87,2026-09-21T07:58:26.609+00:00,2026-09-21T08:00:08.449+00:00,2026-09-21T08:00:13.341+00:00,True,78,78.0,,78.0,101840.44617499999,106731.69199899999,106731.69203499999,1368.3550260897434,41.434323,101840.44617499999,11523.97117468789,78.5321205,63.52267303896104,9.501395382677893,0.7308044924531957,44,64,,True,True,,453,59.56268577710819
88,2026-09-21T07:58:26.851+00:00,2026-09-21T08:00:09.743+00:00,2026-09-21T08:00:11.433+00:00,True,27,27.0,,27.0,102892.80729299999,104582.08934099998,104582.08935099999,3873.410716703703,45.884254,102892.80729299999,19789.228485171327,78.58056599999999,64.97238646153846,10.002638981531357,0.2581704015490061,44,64,,True,True,,243,59.56268577710819
89,2026-09-21T07:58:27.061+00:00,2026-09-21T08:00:10.843+00:00,2026-09-21T08:00:14.919+00:00,True,65,65.0,,65.0,103781.38040800001,107857.43877600001,107857.43870700001,1659.3452108769231,43.803504000000004,103781.38040800001,12864.60031764779,78.1012094,63.688412,10.120398659628322,0.6026473531880634,44,64,,True,True,,262,59.56268577710819
90,2026-09-21T07:58:27.368+00:00,2026-09-21T08:00:12.258+00:00,2026-09-21T08:00:15.406+00:00,True,51,51.0,,51.0,104889.27824099999,108037.41264099999,108037.41250699999,2118.3806373921566,42.263654,104889.27824099999,14678.62300056952,76.141032,62.962688,9.166859353132617,0.4720586947918595,44,64,,True,True,,158,59.56268577710819
91,2026-09-21T07:58:27.703+00:00,2026-09-21T08:00:14.116+00:00,2026-09-21T08:00:19.232+00:00,True,82,82.0,,82.0,106412.307609,111528.237721,111528.23750799999,1360.100457414634,42.986963,106412.307609,11744.302910155684,77.0550564,63.15963101234568,9.996519060033279,0.7352398072058837,44,64,,True,True,,273,59.56268577710819
92,2026-09-21T07:58:27.901+00:00,2026-09-21T08:00:15.406+00:00,2026-09-21T08:00:15.462+00:00,True,2,2.0,,2.0,107504.792432,107560.57636800001,107560.576427,53780.2882135,55.783995000000004,107504.792432,75977.92249757326,102132.34201015,55.783936,nan,0.018594173325711307,44,64,,True,True,,16,59.56268577710819
93,2026-09-21T07:58:28.197+00:00,2026-09-21T08:00:16.899+00:00,2026-09-21T08:00:18.580+00:00,True,27,27.0,,27.0,108702.043693,110383.176237,110383.176189,4088.2657847777778,46.628252999999994,108702.043693,20907.276994848307,79.390308,64.658944,10.533699585351023,0.24460249215903346,44,64,,True,True,,47,59.56268577710819
94,2026-09-21T07:58:28.509+00:00,2026-09-21T08:00:18.396+00:00,2026-09-21T08:00:19.746+00:00,True,22,22.0,,22.0,109887.190713,111236.706233,111236.70629300001,5056.213922409091,49.151974,109887.190713,23414.329235188896,79.57832364999999,64.26264380952381,10.632542480202746,0.19777644219272447,44,64,,True,True,,176,59.56268577710819
95,2026-09-21T07:58:28.725+00:00,2026-09-21T08:00:19.484+00:00,2026-09-21T08:00:24.762+00:00,True,85,85.0,,85.0,110758.384531,116037.380243,116037.380063,1365.1456478,45.299273,110758.384531,12006.62050342003,77.67871919999999,62.84518704761904,9.208226518764917,0.7325225700717908,44,64,,True,True,,513,59.56268577710819
96,2026-09-21T07:58:28.957+00:00,2026-09-21T08:00:20.594+00:00,2026-09-21T08:00:24.875+00:00,True,70,70.0,,70.0,111637.332589,115917.778029,115917.777917,1655.968255957143,42.772152999999996,111637.332589,13335.801909853608,77.27790399999999,62.03544115942029,9.284360109771475,0.6038763094862601,44,64,,True,True,,280,59.56268577710819
97,2026-09-21T07:58:29.262+00:00,2026-09-21T08:00:21.914+00:00,2026-09-21T08:00:24.061+00:00,True,36,36.0,,36.0,112651.977846,114798.50942999999,114798.50950599999,3188.8474862777775,41.142973,112651.977846,18765.110383718617,76.68899325000001,61.32947382857143,9.471525752267315,0.31359292188328897,44,64,,True,True,,78,59.56268577710819
98,2026-09-21T07:58:29.572+00:00,2026-09-21T08:00:23.495+00:00,2026-09-21T08:00:24.926+00:00,True,24,24.0,,24.0,113923.313551,115354.043791,115354.043837,4806.4184932083335,43.550092,113923.313551,23241.803099037188,76.52665965,62.20566260869565,9.29168610093104,0.20805512499833573,44,64,,True,True,,96,59.56268577710819
99,2026-09-21T07:58:29.848+00:00,2026-09-21T08:00:25.202+00:00,2026-09-21T08:00:25.577+00:00,True,7,7.0,,7.0,115354.221819,115729.604859,115729.604657,16532.800665285715,54.367434,115354.221819,43576.151535139,80770.77736410001,62.56384,8.98558909483099,0.06048581958374869,44,64,,True,True,,77,59.56268577710819
100,2026-09-21T07:58:30.144+00:00,2026-09-21T08:00:26.766+00:00,2026-09-21T08:00:28.543+00:00,True,29,29.0,,29.0,116622.163235,118398.636323,118398.636327,4082.7115974827584,48.496584000000006,116622.163235,21644.412277644187,78.006836,63.445467428571426,8.899685122331329,0.24493525348455797,44,64,,True,True,,64,59.56268577710819
101,2026-09-21T07:58:30.455+00:00,2026-09-21T08:00:28.305+00:00,2026-09-21T08:00:28.464+00:00,True,4,4.0,,4.0,117849.781857,118008.068705,118008.068819,29502.01720475,46.953214,117849.781857,58898.50993053801,100180.94042204999,52.762282666666664,5.3562890971019606,0.03389598731591241,44,64,,True,True,,10,59.56268577710819
102,2026-09-21T07:58:30.746+00:00,2026-09-21T08:00:29.857+00:00,2026-09-21T08:00:32.336+00:00,True,40,40.0,,40.0,119111.39344300001,121589.60502700001,121589.60501700001,3039.7401254250003,44.388383999999995,119111.39344300001,18823.119758242257,76.34008595000002,63.54388676923077,8.792899916990402,0.3289754908827745,44,64,,True,True,,200,59.56268577710819
103,2026-09-21T07:58:31.083+00:00,2026-09-21T08:00:31.604+00:00,2026-09-21T08:00:34.301+00:00,True,42,42.0,,42.0,120521.686078,123218.38675,123218.386818,2933.771114714286,46.737252999999995,120521.686078,18586.752873360758,79.01461895,65.77318712195122,8.711687625479486,0.3408582201714307,44,64,,True,True,,126,59.56268577710819
104,2026-09-21T07:58:31.430+00:00,2026-09-21T08:00:33.185+00:00,2026-09-21T08:00:36.063+00:00,True,47,47.0,,47.0,121754.251128,124632.432504,124632.432462,2651.753882170213,42.893673,121754.251128,17750.558720800946,76.789082,62.569160347826084,9.64817281935493,0.37710890380392414,44,64,,True,True,,110,59.56268577710819
105,2026-09-21T07:58:31.644+00:00,2026-09-21T08:00:34.170+00:00,2026-09-21T08:00:34.688+00:00,True,9,9.0,,9.0,122525.789199,123043.518479,123043.518517,13671.502057444444,55.657303999999996,122525.789199,40820.35833111155,73547.2512538,64.71616,7.805734714091319,0.07314485241687917,44,64,,True,True,,18,59.56268577710819
106,2026-09-21T07:58:31.888+00:00,2026-09-21T08:00:35.472+00:00,2026-09-21T08:00:35.516+00:00,True,2,2.0,,2.0,123584.56727099999,123628.76541499999,123628.76540399999,61814.382701999995,44.198133,123584.56727099999,87356.23276776906,117407.5488141,44.198144,nan,0.01617746479378284,44,64,,True,True,,6,59.56268577710819
107,2026-09-21T07:58:32.145+00:00,2026-09-21T08:00:36.801+00:00,2026-09-21T08:00:40.223+00:00,True,55,55.0,,55.0,124656.15008200001,128077.937986,128077.938106,2328.689783745455,43.813652999999995,124656.15008200001,16800.089725392205,75.6282683,63.366442666666664,8.692194445771573,0.4294260265652619,44,64,,True,True,,195,59.56268577710819
108,2026-09-21T07:58:32.389+00:00,2026-09-21T08:00:38.280+00:00,2026-09-21T08:00:38.280+00:00,True,1,1.0,,1.0,125890.811917,125890.811917,125890.811917,125890.811917,125890.811917,125890.811917,nan,125890.811917,nan,nan,0.007943391457823797,44,64,,True,True,,1,59.56268577710819
109,2026-09-21T07:58:32.598+00:00,2026-09-21T08:00:39.064+00:00,2026-09-21T08:00:43.108+00:00,True,63,63.0,,63.0,126465.68933400001,130510.37515800001,130510.37498500002,2071.5932537301587,43.408902999999995,126465.68933400001,15924.962991251472,79.35650300000002,65.23686812903226,9.615518707242193,0.48272024292114857,44,64,,True,True,,126,59.56268577710819
110,2026-09-21T07:58:33.468+00:00,2026-09-21T08:00:41.534+00:00,2026-09-21T08:00:47.760+00:00,True,97,97.0,,97.0,128066.140777,134291.686761,134291.68679,1384.4503792783505,41.296043,128066.140777,12996.565832374898,78.16284,64.84943733333334,9.99464683381582,0.7223083002347843,44,64,,True,True,,291,59.56268577710819
112,2026-09-21T07:58:33.513+00:00,2026-09-21T08:00:43.362+00:00,2026-09-21T08:00:48.427+00:00,True,79,79.0,,79.0,129848.490748,134913.807356,134913.807404,1707.7697139746836,45.453923,129848.490748,14601.7937003014,79.54499799999999,64.93995651282052,10.068650925247958,0.58555904357173,44,64,,True,True,,158,59.56268577710819
111,2026-09-21T07:58:33.498+00:00,2026-09-21T08:00:43.636+00:00,2026-09-21T08:00:45.807+00:00,True,35,35.0,,35.0,130137.76686,132309.29326,132309.293321,3780.265523457143,43.578063,130137.76686,21986.504321389562,80.45813600000001,63.868423529411764,10.81810074240699,0.2645316828291249,44,64,,True,True,,116,59.56268577710819
113,2026-09-21T07:58:33.739+00:00,2026-09-21T08:00:45.370+00:00,2026-09-21T08:00:45.670+00:00,True,6,6.0,,6.0,131630.949084,131930.87228399998,131930.872136,21988.478689333333,53.205284,131630.949084,53713.62201557147,98742.37323699999,59.98464,9.657520958616244,0.04547836223718847,44,64,,True,True,,12,59.56268577710819
114,2026-09-21T07:58:34.030+00:00,2026-09-21T08:00:47.191+00:00,2026-09-21T08:00:51.963+00:00,True,76,76.0,,76.0,133161.171289,137933.248345,137933.248414,1814.911163342105,43.251033,133161.171289,15267.337817008565,77.94158825000001,63.62769408,8.79067491348229,0.5509911563157568,44,64,,True,True,,836,59.56268577710819
115,2026-09-21T07:58:34.383+00:00,2026-09-21T08:00:48.853+00:00,2026-09-21T08:00:50.390+00:00,True,25,25.0,,25.0,134470.067206,136006.584838,136006.58483,5440.2633932,51.517924,134470.067206,26881.210043972358,77.2146898,64.021568,7.169700442180491,0.1838146294885499,44,64,,True,True,,101,59.56268577710819
116,2026-09-21T07:58:34.690+00:00,2026-09-21T08:00:50.752+00:00,2026-09-21T08:00:52.982+00:00,True,37,37.0,,37.0,136061.465365,138291.81442100002,138291.81443,3737.6166062162165,43.924253,136061.465365,22358.184158483717,78.781734,61.95414044444445,10.14836393901228,0.26755018115071777,44,64,,True,True,,135,59.56268577710819
117,2026-09-21T07:58:34.934+00:00,2026-09-21T08:00:51.857+00:00,2026-09-21T08:00:55.552+00:00,True,60,60.0,,60.0,136923.614532,140617.980228,140617.980367,2343.633006116667,44.460703,136923.614532,17668.681206844863,77.18058705,62.61636772881356,9.13075609865953,0.4266879662381379,44,64,,True,True,,300,59.56268577710819
118,2026-09-21T07:58:35.210+00:00,2026-09-21T08:00:53.318+00:00,2026-09-21T08:00:53.846+00:00,True,9,9.0,,9.0,138108.049401,138635.289849,138635.289791,15403.921087888888,52.469843,138108.049401,46014.049105581544,82896.9444394,65.905056,10.194612833225428,0.06491853560376076,44,64,,True,True,,36,59.56268577710819
119,2026-09-21T07:58:35.415+00:00,2026-09-21T08:00:54.367+00:00,2026-09-21T08:01:00.304+00:00,True,95,95.0,,95.0,138952.095579,144888.786267,144888.78634999998,1525.145119473684,41.222833,138952.095579,14249.707794549864,76.8226677,63.15628391489362,9.732923535970867,0.6556753110274158,44,64,,True,True,,191,59.56268577710819
120,2026-09-21T07:58:35.617+00:00,2026-09-21T08:00:55.613+00:00,2026-09-21T08:01:00.690+00:00,True,81,81.0,,81.0,139995.14265999998,145072.901124,145072.90124799998,1791.0234721975307,43.457843000000004,139995.14265999998,15547.966872815627,77.385125,63.4719808,10.444402473866756,0.5583399750913222,44,64,,True,True,,208,59.56268577710819
121,2026-09-21T07:58:35.866+00:00,2026-09-21T08:00:56.916+00:00,2026-09-21T08:00:57.435+00:00,True,9,9.0,,9.0,141049.870982,141568.816518,141568.81634,15729.868482222222,42.389353,141049.870982,46995.002211779465,84660.7257476,64.868192,11.69995645829495,0.06357332229909317,44,64,,True,True,,52,59.56268577710819
122,2026-09-21T07:58:36.089+00:00,2026-09-21T08:00:58.053+00:00,2026-09-21T08:01:03.326+00:00,True,83,83.0,,83.0,141964.216493,147237.46858900003,147237.46861500002,1773.9454050000002,44.969072999999995,141964.216493,15575.541776432483,77.00348410000001,64.3079523902439,10.236702507121525,0.5637152064308232,44,64,,True,True,,249,59.56268577710819
123,2026-09-21T07:58:36.391+00:00,2026-09-21T08:00:59.482+00:00,2026-09-21T08:01:01.581+00:00,True,34,34.0,,34.0,143090.751787,145190.101803,145190.10161299998,4270.297106264706,43.686023,143090.751787,24528.953398329395,76.83260335000001,63.61666715151515,10.276093299905355,0.23417574323442944,44,64,,True,True,,68,59.56268577710819
124,2026-09-21T07:58:36.694+00:00,2026-09-21T08:01:00.942+00:00,2026-09-21T08:01:05.715+00:00,True,76,76.0,,76.0,144248.84992500002,149021.912581,149021.91276900002,1960.8146416973686,44.645773,144248.84992500002,16539.18063289401,77.06255525,63.640835413333335,9.783227983898659,0.5099921124599084,44,64,,True,True,,228,59.56268577710819
125,2026-09-21T07:58:37.041+00:00,2026-09-21T08:01:02.709+00:00,2026-09-21T08:01:02.877+00:00,True,4,4.0,,4.0,145667.87881999998,145835.390884,145835.39090199998,36458.847725499996,42.930033,145667.87881999998,72806.02132065935,123827.34563974997,55.83735466666666,11.361585708610454,0.027428184446542676,44,64,,True,True,,15,59.56268577710819
126,2026-09-21T07:58:37.351+00:00,2026-09-21T08:01:04.379+00:00,2026-09-21T08:01:09.009+00:00,True,74,74.0,,74.0,147027.853872,151658.072368,151658.072166,2049.433407648649,42.579792999999995,147027.853872,17084.270633873617,77.657112,63.42765063013699,10.373072864653457,0.4879397373615443,44,64,,True,True,,226,59.56268577710819
127,2026-09-21T07:58:37.681+00:00,2026-09-21T08:01:06.216+00:00,2026-09-21T08:01:09.652+00:00,True,56,56.0,,56.0,148534.701474,151971.16509,151971.165098,2713.7708053214287,43.672463,148534.701474,19840.43750451467,76.292906,62.48115665454546,10.069449832846626,0.3684909566024306,44,64,,True,True,,112,59.56268577710819
128,2026-09-21T07:58:37.909+00:00,2026-09-21T08:01:07.477+00:00,2026-09-21T08:01:12.360+00:00,True,78,78.0,,78.0,149567.292214,154450.62584599998,154450.625726,1980.1362272564102,43.638925,149567.292214,16927.982758803057,77.3554735,63.4199172987013,9.5285197315096,0.5050157587433309,44,64,,True,True,,312,59.56268577710819
129,2026-09-21T07:58:38.175+00:00,2026-09-21T08:01:09.011+00:00,2026-09-21T08:01:14.708+00:00,True,90,90.0,,90.0,150835.39703999998,156532.960432,156532.960554,1739.2551172666665,43.230805000000004,150835.39703999998,15892.702373788612,79.082411,64.01756620224718,10.663412102535473,0.5749587802570003,44,64,,True,True,,104,59.56268577710819
130,2026-09-21T07:58:38.517+00:00,2026-09-21T08:01:11.169+00:00,2026-09-21T08:01:17.426+00:00,True,99,99.0,,99.0,152651.670146,158909.12832199998,158909.12853,1605.1427124242423,41.465103000000006,152651.670146,15335.656265040278,79.117445,63.85161404081633,10.39637979921315,0.6229975649944716,44,64,,True,True,,116,59.56268577710819
131,2026-09-21T07:58:38.771+00:00,2026-09-21T08:01:12.542+00:00,2026-09-21T08:01:18.691+00:00,True,97,97.0,,97.0,153770.71916,159919.685048,159919.684967,1648.6565460515465,40.655753,153770.71916,15606.550637228465,77.781161,64.051728,9.894536875775254,0.6065544712077526,44,64,,True,True,,269,59.56268577710819
132,2026-09-21T07:58:39.101+00:00,2026-09-21T08:01:14.430+00:00,2026-09-21T08:01:15.948+00:00,True,25,25.0,,25.0,155328.565566,156846.711614,156846.71155900002,6273.86846236,41.838103000000004,155328.565566,31053.063570618644,79.98128899999999,63.25608533333334,10.415737480936427,0.15939129193556217,44,64,,True,True,,53,59.56268577710819
133,2026-09-21T07:58:39.309+00:00,2026-09-21T08:01:15.390+00:00,2026-09-21T08:01:21.051+00:00,True,91,91.0,,91.0,156080.906755,161742.207491,161742.207528,1777.386895912088,40.045703,156080.906755,16355.134121670859,78.85398049999999,62.90334151111111,10.602304524059216,0.5626237047930955,44,64,,True,True,,272,59.56268577710819
134,2026-09-21T07:58:39.626+00:00,2026-09-21T08:01:17.040+00:00,2026-09-21T08:01:20.992+00:00,True,64,64.0,,64.0,157414.437986,161365.90013,161365.90012,2521.342189375,41.403203000000005,157414.437986,19668.967551153946,78.588455,62.72162133333334,10.96080170710201,0.3966141542199446,44,64,,True,True,,384,59.56268577710819
135,2026-09-21T07:58:39.880+00:00,2026-09-21T08:01:18.303+00:00,2026-09-21T08:01:19.559+00:00,True,21,21.0,,21.0,158422.375053,159678.350221,159678.350256,7603.730964571429,47.225034,158422.375053,34556.89480311139,103.931847,62.7987584,12.552543251844043,0.13151438483009953,44,64,,True,True,,105,59.56268577710819
136,2026-09-21T07:58:40.171+00:00,2026-09-21T08:01:19.777+00:00,2026-09-21T08:01:25.001+00:00,True,84,84.0,,84.0,159605.927402,164830.15473,164830.15474,1962.263746904762,43.522902,159605.927402,17407.569332615338,76.73479215,62.942497927710846,9.477228822800058,0.5096154895783249,44,64,,True,True,,264,59.56268577710819
137,2026-09-21T07:58:40.370+00:00,2026-09-21T08:01:20.987+00:00,2026-09-21T08:01:21.453+00:00,True,8,8.0,,8.0,160616.896092,161083.01270000002,161083.01272700002,20135.376590875003,52.849444000000005,160616.896092,56763.10645333156,104428.0836227,66.58808685714286,9.619729431031821,0.04966383398166975,44,64,,True,True,,28,59.56268577710819
138,2026-09-21T07:58:40.708+00:00,2026-09-21T08:01:22.809+00:00,2026-09-21T08:01:27.751+00:00,True,79,79.0,,79.0,162100.374055,167042.928935,167042.92909999998,2114.467456962025,45.779902,162100.374055,18230.590139646723,77.544386,63.36608820512821,9.46065581851035,0.47293232047398187,44,64,,True,True,,316,59.56268577710819
139,2026-09-21T07:58:41.067+00:00,2026-09-21T08:01:24.629+00:00,2026-09-21T08:01:26.287+00:00,True,27,27.0,,27.0,163561.923315,165219.73630699998,165219.736374,6119.2494953333335,43.977372,163561.923315,31465.237184508274,78.1522216,63.76203815384615,9.491887599511776,0.16341873315806807,44,64,,True,True,,27,59.56268577710819
140,2026-09-21T07:58:41.407+00:00,2026-09-21T08:01:26.055+00:00,2026-09-21T08:01:31.106+00:00,True,82,82.0,,82.0,164647.678387,169698.562227,169698.56247,2069.4946642682926,46.220243,164647.678387,18175.410811465466,78.5228545,62.35659061728395,9.699760599722596,0.48320975100726776,44,64,,True,True,,328,59.56268577710819
141,2026-09-21T07:58:41.738+00:00,2026-09-21T08:01:27.884+00:00,2026-09-21T08:01:32.976+00:00,True,83,83.0,,83.0,166145.574261,171238.066549,171238.066596,2063.1092360963858,41.599472,166145.574261,18230.031369707893,76.4936282,62.103564487804874,8.829701668324978,0.48470530923829036,44,64,,True,True,,469,59.56268577710819
142,2026-09-21T07:58:41.955+00:00,2026-09-21T08:01:28.768+00:00,2026-09-21T08:01:33.225+00:00,True,73,73.0,,73.0,166812.908517,171269.50294900002,171269.503187,2346.1575779041095,43.511272,166812.908517,19516.731309314073,74.6220704,61.89714488888889,8.063430870937614,0.4262288308370794,44,64,,True,True,,220,59.56268577710819
143,2026-09-21T07:58:42.238+00:00,2026-09-21T08:01:30.276+00:00,2026-09-21T08:01:36.070+00:00,True,93,93.0,,93.0,168037.869488,173831.020464,173831.02061099999,1869.1507592580645,47.115803,168037.869488,17418.18814445417,77.379172,62.96903234782609,9.145127455667215,0.5350023243938793,44,64,,True,True,,744,59.56268577710819
144,2026-09-21T07:58:42.502+00:00,2026-09-21T08:01:31.589+00:00,2026-09-21T08:01:32.853+00:00,True,22,22.0,,22.0,169086.36961199998,170350.18836399997,170350.18824199997,7743.190374636362,42.598463,169086.36961199998,36036.50538274368,78.892084,60.181845333333335,8.98508025950623,0.12914573333485818,44,64,,True,True,,154,59.56268577710819
145,2026-09-21T07:58:42.706+00:00,2026-09-21T08:01:32.735+00:00,2026-09-21T08:01:33.684+00:00,True,16,16.0,,16.0,170028.950403,170977.88838699998,170977.888254,10686.118015875,47.936291,170028.950403,42491.422977814465,42565.65109875,63.26253226666667,9.579855834304633,0.09357935199073691,44,64,,True,True,,133,59.56268577710819
147,2026-09-21T07:58:43.512+00:00,2026-09-21T08:01:34.209+00:00,2026-09-21T08:01:34.975+00:00,True,13,13.0,,13.0,170696.700548,171462.31949199998,171462.319329,13189.409179153845,45.093753,170696.700548,47325.05226860977,68322.730775,63.801578666666664,10.133230443846902,0.0758184074408637,44,64,,True,True,,13,59.56268577710819
148,2026-09-21T07:58:43.606+00:00,2026-09-21T08:01:34.640+00:00,2026-09-21T08:01:36.593+00:00,True,31,31.0,,31.0,171034.554741,172987.151477,172987.151407,5580.230690548387,47.068591999999995,171034.554741,30707.024263914063,76.470609,65.08655786666667,9.063856363254736,0.1792040607369715,44,64,,True,True,,93,59.56268577710819
146,2026-09-21T07:58:43.492+00:00,2026-09-21T08:01:36.019+00:00,2026-09-21T08:01:39.860+00:00,True,61,61.0,,61.0,172526.618178,176368.002626,176368.002587,2891.278730934426,41.671362,172526.618178,22081.57488936668,79.64193399999999,64.02307413333334,10.179074023752767,0.3458677259579479,44,64,,True,True,,549,59.56268577710819
149,2026-09-21T07:58:43.796+00:00,2026-09-21T08:01:38.264+00:00,2026-09-21T08:01:42.633+00:00,True,71,71.0,,71.0,174467.637447,178836.63456699997,178836.63474399998,2518.8258414647885,45.536963,174467.637447,20698.093532081122,75.189584,62.414244571428576,8.024773480708292,0.3970103786168058,44,64,,True,True,,151,59.56268577710819
150,2026-09-21T07:58:44.004+00:00,2026-09-21T08:01:39.214+00:00,2026-09-21T08:01:42.681+00:00,True,57,57.0,,57.0,175209.531478,178676.33391,178676.33377499998,3134.6725223684207,43.306553,175209.531478,23198.871283014916,78.1453808,61.90718628571428,9.011425623412718,0.3190125897071021,44,64,,True,True,,114,59.56268577710819
151,2026-09-21T07:58:44.300+00:00,2026-09-21T08:01:40.628+00:00,2026-09-21T08:01:41.441+00:00,True,13,13.0,,13.0,176328.020933,177140.78714099998,177140.787127,13626.214394384615,54.929423,176328.020933,48885.80955045942,70577.1229736,67.73051733333332,8.702101721612914,0.07338795434871981,44,64,,True,True,,13,59.56268577710819
152,2026-09-21T07:58:44.500+00:00,2026-09-21T08:01:41.511+00:00,2026-09-21T08:01:47.233+00:00,True,94,94.0,,94.0,177010.3499,182732.4683,182732.46826,1943.9624282978723,42.332511,177010.3499,18250.879706014563,77.079046,61.528154838709675,9.174415217209189,0.5144132341367821,44,64,,True,True,,188,59.56268577710819
153,2026-09-21T07:58:44.695+00:00,2026-09-21T08:01:42.743+00:00,2026-09-21T08:01:45.774+00:00,True,50,50.0,,50.0,178048.55346700002,181079.46009100002,181079.46000100003,3621.5892000200006,44.121742,178048.55346700002,25171.122358551787,76.4594959,61.85523722448979,10.394522094202445,0.27612187475527544,44,64,,True,True,,98,59.56268577710819
154,2026-09-21T07:58:44.954+00:00,2026-09-21T08:01:43.860+00:00,2026-09-21T08:01:46.596+00:00,True,45,45.0,,45.0,178905.749171,181642.180531,181642.18040800001,4036.4928979555557,41.397112,178905.749171,26660.42556679402,79.79411420000001,62.19162181818182,10.700336289192235,0.24773981389372315,44,64,,True,True,,139,59.56268577710819
155,2026-09-21T07:58:45.255+00:00,2026-09-21T08:01:45.446+00:00,2026-09-21T08:01:51.197+00:00,True,92,92.0,,92.0,180190.54492500002,185941.85065300003,185941.85054600003,2021.1070711521743,40.363493000000005,180190.54492500002,18779.57597478169,77.589279,63.201161846153845,9.149673564691124,0.4947783389103084,44,64,,True,True,,368,59.56268577710819
156,2026-09-21T07:58:45.501+00:00,2026-09-21T08:01:46.704+00:00,2026-09-21T08:01:48.778+00:00,True,33,33.0,,33.0,181203.73100799997,183276.80492799997,183276.80481999996,5553.84257030303,42.193743000000005,181203.73100799997,31532.24462021562,76.8984064,64.78356,9.00485537833626,0.18005551773430362,44,64,,True,True,,33,59.56268577710819
157,2026-09-21T07:58:45.840+00:00,2026-09-21T08:01:48.520+00:00,2026-09-21T08:01:49.505+00:00,True,17,17.0,,17.0,182679.71576,183665.03262399998,183665.032563,10803.825444882352,46.201363,182679.71576,44291.40407728797,36599.056275200004,61.582304,9.402537568441177,0.0925598071506757,44,64,,True,True,,66,59.56268577710819
158,2026-09-21T07:58:46.131+00:00,2026-09-21T08:01:50.196+00:00,2026-09-21T08:01:56.151+00:00,True,94,94.0,,94.0,184065.360921,190020.04456900002,190020.044632,2021.4898365106385,42.840661999999995,184065.360921,18978.2903119905,76.7166025,64.02885643010752,8.735755530512028,0.4946846539964196,44,64,,True,True,,210,59.56268577710819
159,2026-09-21T07:58:46.424+00:00,2026-09-21T08:01:51.419+00:00,2026-09-21T08:01:53.918+00:00,True,41,41.0,,41.0,184995.58518700002,187494.438051,187494.43806200003,4573.035074682927,40.445792000000004,184995.58518700002,28881.70162408752,77.24679499999999,62.4713216,9.533156816778462,0.21867315332760787,44,64,,True,True,,129,59.56268577710819
160,2026-09-21T07:58:46.687+00:00,2026-09-21T08:01:52.578+00:00,2026-09-21T08:01:57.670+00:00,True,81,81.0,,81.0,185890.795432,190983.003816,190983.003807,2357.814861814815,40.810412,185890.795432,20647.462179181628,75.186534,63.6526048,8.831284726807445,0.4241215101948986,44,64,,True,True,,164,59.56268577710819
161,2026-09-21T07:58:46.921+00:00,2026-09-21T08:01:53.706+00:00,2026-09-21T08:01:55.665+00:00,True,31,31.0,,31.0,186785.291841,188743.893057,188743.893036,6088.512678580645,49.002273,186785.291841,33535.903771598634,76.2281785,65.28670720000001,7.702115358674369,0.16424372464669945,44,64,,True,True,,111,59.56268577710819
162,2026-09-21T07:58:47.212+00:00,2026-09-21T08:01:55.210+00:00,2026-09-21T08:01:56.587+00:00,True,23,23.0,,23.0,187997.508049,189374.941393,189374.941334,8233.69310147826,49.285302,187997.508049,39187.13583304973,78.52715599999999,62.610606545454544,8.162158886922251,0.12145218280104596,44,64,,True,True,,130,59.56268577710819
163,2026-09-21T07:58:47.539+00:00,2026-09-21T08:01:56.850+00:00,2026-09-21T08:02:01.582+00:00,True,76,76.0,,76.0,189310.519304,194042.53619999997,194042.53605,2553.191263815789,43.149522,189310.519304,21708.17023539118,78.37530149999999,63.093558613333336,8.661499747636105,0.3916667009632706,44,64,,True,True,,304,59.56268577710819
164,2026-09-21T07:58:47.892+00:00,2026-09-21T08:01:58.764+00:00,2026-09-21T08:02:00.494+00:00,True,28,28.0,,28.0,190871.71043099998,192601.713887,192601.71405399998,6878.632644785714,49.314882,190871.71043099998,36059.25515115682,78.59092500000001,64.07420207407408,9.926227014381361,0.14537773021286657,44,64,,True,True,,267,59.56268577710819
165,2026-09-21T07:58:48.150+00:00,2026-09-21T08:02:00.184+00:00,2026-09-21T08:02:04.293+00:00,True,68,68.0,,68.0,192033.816691,196143.00069100002,196143.000674,2884.455892264706,45.256703,192033.816691,23280.084651627778,74.42634100000001,61.33110447761194,7.7197879640721965,0.3466858351327352,44,64,,True,True,,136,59.56268577710819
166,2026-09-21T07:58:48.357+00:00,2026-09-21T08:02:01.579+00:00,2026-09-21T08:02:04.174+00:00,True,43,43.0,,43.0,193221.340375,195816.808663,195816.808885,4553.879276395349,44.324332000000005,193221.340375,29456.555561597674,76.3241249,61.796864,8.962095126999648,0.21959299762668913,44,64,,True,True,,197,59.56268577710819
167,2026-09-21T07:58:48.573+00:00,2026-09-21T08:02:02.917+00:00,2026-09-21T08:02:09.191+00:00,True,100,100.0,,100.0,194344.44060499998,200618.65398099998,200618.65400399998,2006.1865400399997,41.782882,194344.44060499998,19428.10817778324,76.38670200000001,63.37589268686869,8.184603340133558,0.49845813445379167,44,64,,True,True,,106,59.56268577710819
168,2026-09-21T07:58:48.917+00:00,2026-09-21T08:02:04.688+00:00,2026-09-21T08:02:08.732+00:00,True,65,65.0,,65.0,195770.849815,199815.20002299998,199815.199974,3074.0799996,45.899123,195770.849815,24274.54867376391,76.69655600000002,63.192972,8.309706810011773,0.32530057769638193,44,64,,True,True,,142,59.56268577710819
169,2026-09-21T07:58:49.175+00:00,2026-09-21T08:02:05.898+00:00,2026-09-21T08:02:08.034+00:00,True,35,35.0,,35.0,196723.206534,198859.411334,198859.411379,5681.6974679714285,43.972173000000005,196723.206534,33241.671883967305,77.56733899999999,62.82955294117647,8.341382270344496,0.17600373935138905,44,64,,True,True,,270,59.56268577710819
170,2026-09-21T07:58:49.519+00:00,2026-09-21T08:02:08.034+00:00,2026-09-21T08:02:13.020+00:00,True,80,80.0,,80.0,198514.422203,203501.214395,203501.21432199999,2543.7651790249997,43.285953,198514.422203,22187.531272150056,77.40642745,63.12395179746836,8.52336352375901,0.3931180471715436,44,64,,True,True,,240,59.56268577710819
171,2026-09-21T07:58:49.807+00:00,2026-09-21T08:02:09.315+00:00,2026-09-21T08:02:11.364+00:00,True,34,34.0,,34.0,199508.367773,201556.660381,201556.660344,5928.137068941177,41.635862,199508.367773,34204.75906151814,75.48614885,62.06947296969697,8.7729123261694,0.16868705770243578,44,64,,True,True,,43,59.56268577710819
172,2026-09-21T07:58:50.035+00:00,2026-09-21T08:02:10.688+00:00,2026-09-21T08:02:11.732+00:00,True,18,18.0,,18.0,200653.377454,201697.722542,201697.72251,11205.429028333334,41.301223,200653.377454,47279.976122554064,30164.998852999997,61.432064,10.872315828772452,0.08924245535916657,44,64,,True,True,,36,59.56268577710819
173,2026-09-21T07:58:50.284+00:00,2026-09-21T08:02:12.331+00:00,2026-09-21T08:02:15.864+00:00,True,57,57.0,,57.0,202047.643796,205580.873108,205580.872908,3606.681980842105,43.092051,202047.643796,26753.509114268505,77.0651382,63.093380571428575,10.035380669422686,0.2772631477737503,44,64,,True,True,,171,59.56268577710819
174,2026-09-21T07:58:50.531+00:00,2026-09-21T08:02:13.526+00:00,2026-09-21T08:02:18.355+00:00,True,77,77.0,,77.0,202995.888685,207824.55326100002,207824.553236,2699.020171896104,45.258993000000004,202995.888685,23126.29016601166,77.8240548,63.53506021052632,10.07237451384286,0.3705048262670784,44,64,,True,True,,246,59.56268577710819
175,2026-09-21T07:58:50.841+00:00,2026-09-21T08:02:15.265+00:00,2026-09-21T08:02:17.044+00:00,True,28,28.0,,28.0,204423.534527,206203.040703,206203.040794,7364.394314071429,53.662035,204423.534527,38619.96219117643,76.312203,65.90763614814814,8.086273374918719,0.13578849227703282,44,64,,True,True,,243,59.56268577710819
176,2026-09-21T07:58:51.145+00:00,2026-09-21T08:02:16.906+00:00,2026-09-21T08:02:17.043+00:00,True,3,3.0,,3.0,205761.293935,205898.227311,205898.227162,68632.74238733333,61.129783,205761.293935,118756.809451079,185192.74488589997,68.466688,10.375666299916936,0.014570305141426182,44,64,,True,True,,9,59.56268577710819
177,2026-09-21T07:58:51.428+00:00,2026-09-21T08:02:18.417+00:00,2026-09-21T08:02:19.927+00:00,True,25,25.0,,25.0,206989.224327,208499.500935,208499.501018,8339.98004072,42.968042000000004,206989.224327,41385.26068252819,83.86529300000001,62.928192,11.214874774509914,0.11990436374134912,44,64,,True,True,,198,59.56268577710819
178,2026-09-21T07:58:51.682+00:00,2026-09-21T08:02:19.927+00:00,2026-09-21T08:02:21.863+00:00,True,31,31.0,,31.0,208245.10618200002,210180.798982,210180.799017,6780.025774741936,46.705343,208245.10618200002,37390.33742453973,77.777464,64.52309333333334,8.45000117454613,0.14749206468976672,44,64,,True,True,,212,59.56268577710819
179,2026-09-21T07:58:51.998+00:00,2026-09-21T08:02:21.409+00:00,2026-09-21T08:02:23.307+00:00,True,32,32.0,,32.0,209411.11375,211309.427734,211309.42763199998,6603.419613499999,43.234502,209411.11375,37008.181064469725,79.97717800000001,61.23593496774193,10.721634499683587,0.15143668857161527,44,64,,True,True,,96,59.56268577710819
180,2026-09-21T07:58:52.203+00:00,2026-09-21T08:02:22.660+00:00,2026-09-21T08:02:28.376+00:00,True,94,94.0,,94.0,210456.491877,216173.077605,216173.07771399998,2299.7135927021277,43.610262000000006,210456.491877,21700.591565115727,76.51483485,61.46866374193549,9.034221141908569,0.4348367569238225,44,64,,True,True,,639,59.56268577710819
181,2026-09-21T07:58:52.507+00:00,2026-09-21T08:02:24.067+00:00,2026-09-21T08:02:25.890+00:00,True,30,30.0,,30.0,211559.64953999998,213383.63546,213383.63524899998,7112.787841633332,43.622733,211559.64953999998,38613.84910874602,79.487015,62.89606620689655,11.081205556585237,0.1405918496764185,44,64,,True,True,,299,59.56268577710819
182,2026-09-21T07:58:52.837+00:00,2026-09-21T08:02:25.761+00:00,2026-09-21T08:02:31.581+00:00,True,95,95.0,,95.0,212924.042868,218744.215156,218744.215341,2302.5706878,41.886911,212924.042868,21839.195307765207,77.518709,61.9167264680851,9.321008233978239,0.4342971992756455,44,64,,True,True,,107,59.56268577710819
183,2026-09-21T07:58:53.660+00:00,2026-09-21T08:02:27.500+00:00,2026-09-21T08:02:33.551+00:00,True,97,97.0,,97.0,213839.953132,219891.510508,219891.510373,2266.9227873505156,42.052971,213839.953132,21705.75937796904,77.57805400000001,63.037056,9.789614012212507,0.4411266254704771,44,64,,True,True,,194,59.56268577710819
184,2026-09-21T07:58:53.907+00:00,2026-09-21T08:02:29.832+00:00,2026-09-21T08:02:34.043+00:00,True,68,68.0,,68.0,215925.220738,220136.848514,220136.848386,3237.3065939117646,43.661192,215925.220738,26177.157976678547,77.44012885,62.8601160597015,9.501996178847946,0.30889876210649675,44,64,,True,True,,340,59.56268577710819
185,2026-09-21T07:58:53.937+00:00,2026-09-21T08:02:32.147+00:00,2026-09-21T08:02:34.878+00:00,True,43,43.0,,43.0,218209.945676,220940.794188,220940.794352,5138.158008186047,44.630841000000004,218209.945676,33266.79067385963,78.9944009,65.02020266666666,9.818568412589794,0.1946222749765759,44,64,,True,True,,172,59.56268577710819
186,2026-09-21T07:58:54.175+00:00,2026-09-21T08:02:32.867+00:00,2026-09-21T08:02:38.744+00:00,True,93,93.0,,93.0,218692.211367,224569.49981500002,224569.49987200001,2414.725805075269,43.521822,218692.211367,22670.703689033413,77.869501,63.883570086956524,10.011608928884987,0.4141256941686794,44,64,,True,True,,293,59.56268577710819
187,2026-09-21T07:58:54.520+00:00,2026-09-21T08:02:34.521+00:00,2026-09-21T08:02:36.604+00:00,True,33,33.0,,33.0,220001.5289,222084.714564,222084.714461,6729.839832151515,50.910272,220001.5289,38286.01964908333,88.03377499999999,65.099552,11.13397486055749,0.14859194638760298,44,64,,True,True,,99,59.56268577710819
188,2026-09-21T07:58:54.816+00:00,2026-09-21T08:02:36.186+00:00,2026-09-21T08:02:40.764+00:00,True,74,74.0,,74.0,221370.077465,225948.64335300002,225948.64340600002,3053.3600460270272,47.160661,221370.077465,25726.459229851735,76.20514750000001,62.72008065753425,8.83824235848169,0.32750805183808807,44,64,,True,True,,444,59.56268577710819
189,2026-09-21T07:58:55.147+00:00,2026-09-21T08:02:37.705+00:00,2026-09-21T08:02:39.424+00:00,True,29,29.0,,29.0,222558.272035,224277.153059,224277.153215,7733.694938448276,43.395061,222558.272035,41316.634926378356,76.42142499999999,61.388608,8.860229355525954,0.12930429874134816,44,64,,True,True,,156,59.56268577710819
190,2026-09-21T07:58:55.473+00:00,2026-09-21T08:02:39.429+00:00,2026-09-21T08:02:40.559+00:00,True,19,19.0,,19.0,223955.577761,225086.056609,225086.056601,11846.634557947367,45.041422,223955.577761,51364.525885304254,22467.1575758,62.80438044444445,10.281156737424432,0.08441215900372342,44,64,,True,True,,51,59.56268577710819
191,2026-09-21T07:58:55.718+00:00,2026-09-21T08:02:40.498+00:00,2026-09-21T08:02:45.971+00:00,True,87,87.0,,87.0,224779.503384,230252.71042400002,230252.71024500002,2646.5828763793106,40.283521,224779.503384,24092.07166503588,78.9151627,63.6419423255814,10.999917929816458,0.3778457149963334,44,64,,True,True,,358,59.56268577710819
192,2026-09-21T07:58:56.043+00:00,2026-09-21T08:02:42.166+00:00,2026-09-21T08:02:46.984+00:00,True,77,77.0,,77.0,226123.273628,230940.882332,230940.882387,2999.2322387922077,40.683220999999996,226123.273628,25761.916712289007,78.002101,63.38958821052632,10.251338177188218,0.3334186620509443,44,64,,True,True,,924,59.56268577710819
193,2026-09-21T07:58:56.263+00:00,2026-09-21T08:02:43.438+00:00,2026-09-21T08:02:45.897+00:00,True,40,40.0,,40.0,227175.04494999998,229634.428758,229634.42889699998,5740.860722425,44.351361,227175.04494999998,35909.558994517036,77.84804155000002,63.06112328205128,9.991910344332458,0.17418990791730957,44,64,,True,True,,238,59.56268577710819
194,2026-09-21T07:58:56.542+00:00,2026-09-21T08:02:45.027+00:00,2026-09-21T08:02:51.011+00:00,True,96,96.0,,96.0,228485.394306,234469.482882,234469.482656,2442.3904443333336,41.628451,228485.394306,23313.265968906966,77.81919775,62.99040606315789,9.695154670057512,0.4094349457336984,44,64,,True,True,,115,59.56268577710819
195,2026-09-21T07:58:56.876+00:00,2026-09-21T08:02:46.982+00:00,2026-09-21T08:02:49.068+00:00,True,34,34.0,,34.0,230106.464901,232191.805829,232191.805704,6829.1707559999995,41.646362,230106.464901,39452.09663467539,75.59210200000001,63.19214933333333,8.24560609000519,0.14643066269547705,44,64,,True,True,,136,59.56268577710819
196,2026-09-21T07:58:57.154+00:00,2026-09-21T08:02:48.146+00:00,2026-09-21T08:02:53.983+00:00,True,94,94.0,,94.0,230992.710522,236829.10681,236829.106697,2519.4585818829787,42.884750999999994,230992.710522,23818.607850266046,76.78496,62.75694933333334,9.30730896507174,0.39691067228241095,44,64,,True,True,,94,59.56268577710819
197,2026-09-21T07:58:57.366+00:00,2026-09-21T08:02:49.123+00:00,2026-09-21T08:02:54.306+00:00,True,83,83.0,,83.0,231757.458815,236939.89567899998,236939.89573599998,2854.6975389879517,44.196062,231757.458815,25431.750372698232,75.5555561,63.20044956097561,8.960910716704465,0.3502998081523858,44,64,,True,True,,327,59.56268577710819
198,2026-09-21T07:58:57.562+00:00,2026-09-21T08:02:50.146+00:00,2026-09-21T08:02:53.626+00:00,True,56,56.0,,56.0,232583.76094,236063.24970800002,236063.249621,4215.415171803572,45.293412,232583.76094,31071.859715304854,75.6478345,63.26343214545455,8.887966555552037,0.2372245576948956,44,64,,True,True,,224,59.56268577710819
199,2026-09-21T07:58:57.774+00:00,2026-09-21T08:02:51.327+00:00,2026-09-21T08:02:56.561+00:00,True,85,85.0,,85.0,233553.579619,238787.511907,238787.51168199998,2809.264843317647,39.666841999999995,233553.579619,25325.68615163822,78.251216,62.30871771428571,10.137304225825554,0.35596501392042956,44,64,,True,True,,636,59.56268577710819
200,2026-09-21T07:58:58.025+00:00,2026-09-21T08:02:52.955+00:00,2026-09-21T08:02:56.624+00:00,True,60,60.0,,60.0,234929.76645,238598.14097799998,238598.140888,3976.6356814666665,41.922332000000004,234929.76645,30321.276986677505,76.40139300000001,62.17583945762712,9.358866017706955,0.2514688494808194,44,64,,True,True,,184,59.56268577710819
201,2026-09-21T07:58:58.307+00:00,2026-09-21T08:02:54.304+00:00,2026-09-21T08:02:55.728+00:00,True,24,24.0,,24.0,235997.037288,237421.463016,237421.462992,9892.560958,43.753150999999995,235997.037288,48160.05288847438,83.83116509999999,61.93155339130435,10.52460776694775,0.10108605892291475,44,64,,True,True,,52,59.56268577710819
202,2026-09-21T07:58:58.636+00:00,2026-09-21T08:02:55.914+00:00,2026-09-21T08:02:57.388+00:00,True,25,25.0,,25.0,237277.831813,238751.949445,238751.94957199998,9550.07798288,48.691372,237277.831813,47443.282661264195,77.0086388,61.421568,7.792665690273599,0.10471118689549848,44,64,,True,True,,99,59.56268577710819
203,2026-09-21T07:58:58.949+00:00,2026-09-21T08:02:57.727+00:00,2026-09-21T08:02:58.324+00:00,True,10,10.0,,10.0,238778.161201,239374.874673,239374.874523,23937.4874523,55.137082,238778.161201,75487.31846002948,131363.93657440002,66.30149688888889,7.585824121722247,0.04177547879099918,44,64,,True,True,,24,59.56268577710819
204,2026-09-21T07:58:59.203+00:00,2026-09-21T08:02:59.132+00:00,2026-09-21T08:03:03.024+00:00,True,63,63.0,,63.0,239929.577724,243821.708028,243821.70803100002,3870.1858417619046,43.754521000000004,239929.577724,30220.37791439409,78.310917,62.77629522580645,9.651217121907532,0.2583855248555851,44,64,,True,True,,630,59.56268577710819
205,2026-09-21T07:58:59.452+00:00,2026-09-21T08:03:00.166+00:00,2026-09-21T08:03:01.277+00:00,True,18,18.0,,18.0,240714.283984,241825.27560000002,241825.275763,13434.73754238889,46.657631,240714.283984,56721.498046914596,36172.53880365,65.352448,10.555517375662076,0.07443390669291973,44,64,,True,True,,48,59.56268577710819
206,2026-09-21T07:58:59.712+00:00,2026-09-21T08:03:01.649+00:00,2026-09-21T08:03:06.967+00:00,True,84,84.0,,84.0,241936.47268,247255.002216,247255.002236,2943.5119313809523,41.414831,241936.47268,26390.443705821217,78.76459815,64.07866910843374,10.186199679103025,0.3397302349685863,44,64,,True,True,,252,59.56268577710819
207,2026-09-21T07:59:00.031+00:00,2026-09-21T08:03:03.268+00:00,2026-09-21T08:03:03.632+00:00,True,7,7.0,,7.0,243236.92688299998,243600.53955499997,243600.53937599997,34800.07705371428,57.594021999999995,243236.92688299998,91912.01159237316,170287.41112699997,60.602112,5.571137821796621,0.02873556853686502,44,64,,True,True,,21,59.56268577710819
208,2026-09-21T07:59:00.271+00:00,2026-09-21T08:03:04.383+00:00,2026-09-21T08:03:07.689+00:00,True,52,52.0,,52.0,244111.822117,247418.094629,247418.094683,4758.040282365385,42.322502,244111.822117,33843.229957722026,78.4500645,64.82887278431372,9.0933253773295,0.2101705620115347,44,64,,True,True,,209,59.56268577710819
209,2026-09-21T07:59:00.575+00:00,2026-09-21T08:03:06.067+00:00,2026-09-21T08:03:09.785+00:00,True,59,59.0,,59.0,245492.207184,249209.659984,249209.660035,4223.892542966101,49.514661999999994,245492.207184,31952.019822592927,77.590959,64.09401379310344,8.243286155016397,0.23674844708583118,44,64,,True,True,,380,59.56268577710819
210,2026-09-21T07:59:00.804+00:00,2026-09-21T08:03:07.618+00:00,2026-09-21T08:03:11.222+00:00,True,58,58.0,,58.0,246813.964016,250418.70232,250418.702492,4317.563836068965,40.672732,246813.964016,32399.95875043914,77.83787235,63.24102287719298,9.976619140590026,0.23161209391574966,44,64,,True,True,,290,59.56268577710819
212,2026-09-21T07:59:01.287+00:00,2026-09-21T08:03:08.769+00:00,2026-09-21T08:03:13.834+00:00,True,81,81.0,,81.0,247482.006166,252547.244694,252547.244604,3117.8672173333334,44.658321,247482.006166,27490.967471503733,79.019352,63.3154816,10.121007456532219,0.3207320677687219,44,64,,True,True,,291,59.56268577710819
213,2026-09-21T07:59:01.482+00:00,2026-09-21T08:03:09.856+00:00,2026-09-21T08:03:14.093+00:00,True,68,68.0,,68.0,248373.315493,252610.621093,252610.620892,3714.8620719411765,44.236731,248373.315493,30112.02067654978,76.864538,63.243367164179105,9.26231332095323,0.2691889980942861,44,64,,True,True,,75,59.56268577710819
214,2026-09-21T07:59:01.709+00:00,2026-09-21T08:03:10.999+00:00,2026-09-21T08:03:12.692+00:00,True,28,28.0,,28.0,249289.60107,250982.514734,250982.5149,8963.661246428572,45.405592,249289.60107,47099.4580450412,77.07297965,62.70050607407408,9.793716672709474,0.11156155650793192,44,64,,True,True,,84,59.56268577710819
215,2026-09-21T07:59:01.920+00:00,2026-09-21T08:03:12.002+00:00,2026-09-21T08:03:13.307+00:00,True,22,22.0,,22.0,250081.765074,251387.218642,251387.218669,11426.691757681818,43.766141000000005,250081.765074,53304.35877774986,77.5783465,62.16445561904762,9.599596452200347,0.08751439360698028,44,64,,True,True,,198,59.56268577710819
211,2026-09-21T07:59:01.052+00:00,2026-09-21T08:03:13.386+00:00,2026-09-21T08:03:16.196+00:00,True,45,45.0,,45.0,252333.814182,255143.680678,255143.68064,5669.859569777778,42.578921,252333.814182,37606.18578012211,79.2153062,63.86060218181818,10.579539641021954,0.17637121123447116,44,64,,True,True,,506,59.56268577710819
216,2026-09-21T07:59:02.170+00:00,2026-09-21T08:03:13.969+00:00,2026-09-21T08:03:19.817+00:00,True,94,94.0,,94.0,251798.185166,257646.22715000002,257646.227122,2740.9173098085107,45.251801,251798.185166,25964.51545641091,76.367658,62.88217187096774,8.761119396646475,0.36484136034048653,44,64,,True,True,,108,59.56268577710819
217,2026-09-21T07:59:02.412+00:00,2026-09-21T08:03:15.658+00:00,2026-09-21T08:03:18.050+00:00,True,40,40.0,,40.0,253246.68488999997,255638.63496999998,255638.634844,6390.965871099999,47.471841999999995,253246.68488999997,40032.12025173625,79.257399,61.332053333333334,9.034706314377512,0.15647087148894426,44,64,,True,True,,200,59.56268577710819
218,2026-09-21T07:59:02.652+00:00,2026-09-21T08:03:16.998+00:00,2026-09-21T08:03:19.609+00:00,True,43,43.0,,43.0,254345.583523,256956.776355,256956.77641400002,5975.738986372093,43.294272,254345.583523,38777.85789994834,77.24353589999998,62.1712579047619,9.221892254016238,0.16734331979863074,44,64,,True,True,,85,59.56268577710819
219,2026-09-21T07:59:02.950+00:00,2026-09-21T08:03:18.588+00:00,2026-09-21T08:03:21.689+00:00,True,49,49.0,,49.0,255638.311368,258739.184328,258739.184386,5280.391518081633,47.405472,255638.311368,36510.53184634317,78.434127,64.60152,11.803484868701013,0.18937989669892208,44,64,,True,True,,539,59.56268577710819
220,2026-09-21T07:59:03.257+00:00,2026-09-21T08:03:20.438+00:00,2026-09-21T08:03:21.224+00:00,True,13,13.0,,13.0,257181.16736000002,257966.70054400002,257966.700558,19843.592350615385,41.670932,257181.16736000002,71311.0683390554,102935.53341380002,65.46109866666666,17.5584016928678,0.050394101147883064,44,64,,True,True,,63,59.56268577710819
221,2026-09-21T07:59:03.520+00:00,2026-09-21T08:03:21.856+00:00,2026-09-21T08:03:23.107+00:00,True,20,20.0,,20.0,258335.726813,259586.73916499998,259586.739267,12979.336963349999,53.533292,258335.726813,57750.902207468316,12991.608286499999,65.84275536842105,7.64419096201138,0.0770455380900158,44,64,,True,True,,143,59.56268577710819
222,2026-09-21T07:59:03.738+00:00,2026-09-21T08:03:22.717+00:00,2026-09-21T08:03:26.687+00:00,True,64,64.0,,64.0,258979.21754100002,262949.381765,262949.38175,4108.58408984375,41.152191,258979.21754100002,32364.526294415322,77.74214835,63.018479746031744,9.636039840003551,0.24339285215432574,44,64,,True,True,,512,59.56268577710819
223,2026-09-21T07:59:04.055+00:00,2026-09-21T08:03:24.107+00:00,2026-09-21T08:03:26.682+00:00,True,42,42.0,,42.0,260052.60978600002,262627.671034,262627.670907,6253.0397835,42.746992,260052.60978600002,40117.29860939283,75.89111745,62.806371902439025,9.005541015799572,0.15992221929486874,44,64,,True,True,,234,59.56268577710819
224,2026-09-21T07:59:04.291+00:00,2026-09-21T08:03:25.375+00:00,2026-09-21T08:03:26.639+00:00,True,21,21.0,,21.0,261084.060447,262348.465695,262348.465701,12492.784081,47.920930999999996,261084.060447,56959.41782706546,77.917803,63.220262399999996,9.63659687391352,0.08004620855840679,44,64,,True,True,,205,59.56268577710819
225,2026-09-21T07:59:04.498+00:00,2026-09-21T08:03:26.638+00:00,2026-09-21T08:03:32.332+00:00,True,91,91.0,,91.0,262139.706959,267834.032207,267834.03219,2943.231122967033,43.279572,262139.706959,27473.07738569331,79.3039685,63.270280533333334,10.335317071827834,0.33976264797323863,44,64,,True,True,,103,59.56268577710819
227,2026-09-21T07:59:05.682+00:00,2026-09-21T08:03:28.339+00:00,2026-09-21T08:03:32.529+00:00,True,67,67.0,,67.0,262657.307515,266846.891387,266846.891531,3982.789425835821,46.132242,262657.307515,32080.94360162591,77.7200924,63.478543515151514,9.63536745651462,0.2510803092055958,44,64,,True,True,,398,59.56268577710819
226,2026-09-21T07:59:05.636+00:00,2026-09-21T08:03:28.340+00:00,2026-09-21T08:03:32.947+00:00,True,74,74.0,,74.0,262703.744181,267310.56786099996,267310.567905,3612.304971689189,46.377701,262703.744181,30531.35524367638,76.96684565000001,63.10717369863014,9.153942898986083,0.2768315543681744,44,64,,True,True,,441,59.56268577710819
228,2026-09-21T07:59:05.713+00:00,2026-09-21T08:03:31.308+00:00,2026-09-21T08:03:34.541+00:00,True,52,52.0,,52.0,265594.471092,268827.303092,268827.30312,5169.755829230769,45.729551,265594.471092,36822.5369569717,78.16620549999999,63.38886274509804,9.102177017232272,0.1934327332153616,44,64,,True,True,,331,59.56268577710819
229,2026-09-21T07:59:05.845+00:00,2026-09-21T08:03:32.282+00:00,2026-09-21T08:03:38.506+00:00,True,99,99.0,,99.0,266436.165409,272660.196129,272660.196229,2754.1433962525252,44.895221,266436.165409,26771.460560880718,77.650895,63.510517551020406,8.854341574574688,0.3630893009156404,44,64,,True,True,,265,59.56268577710819
230,2026-09-21T07:59:05.946+00:00,2026-09-21T08:03:34.360+00:00,2026-09-21T08:03:38.151+00:00,True,61,61.0,,61.0,268413.991352,272205.008568,272205.008561,4462.37718952459,47.925961,268413.991352,34358.80132549051,79.02513,63.183620266666665,9.065549763977842,0.22409580308938912,44,64,,True,True,,183,59.56268577710819
231,2026-09-21T07:59:06.267+00:00,2026-09-21T08:03:36.384+00:00,2026-09-21T08:03:36.712+00:00,True,6,6.0,,6.0,270117.419421,270445.375133,270445.375217,45074.22920283333,54.635681,270117.419421,110248.1975578046,202607.32045849998,65.5911424,9.584312224480836,0.022185626199188326,44,64,,True,True,,17,59.56268577710819
232,2026-09-21T07:59:06.568+00:00,2026-09-21T08:03:37.733+00:00,2026-09-21T08:03:41.970+00:00,True,67,67.0,,67.0,271164.567018,275401.45201,275401.452154,4110.469435134329,43.627610999999995,271164.567018,33120.18346791939,78.57262630000001,64.19522715151516,10.63538861188198,0.2432812155164933,44,64,,True,True,,268,59.56268577710819
233,2026-09-21T07:59:06.875+00:00,2026-09-21T08:03:39.213+00:00,2026-09-21T08:03:42.924+00:00,True,58,58.0,,58.0,272338.013977,276049.608729,276049.60865300003,4759.476011258621,45.874319,272338.013977,35751.18457790023,77.10792335000001,65.11569740350878,10.587637848461263,0.21010716250258854,44,64,,True,True,,182,59.56268577710819
234,2026-09-21T07:59:07.132+00:00,2026-09-21T08:03:40.603+00:00,2026-09-21T08:03:44.632+00:00,True,63,63.0,,63.0,273470.29339999997,277499.777432,277499.77754399995,4404.758373714285,45.372351,273470.29339999997,34445.83180381027,79.4413989,64.99167793548388,10.394115187793492,0.22702720911348426,44,64,,True,True,,182,59.56268577710819
235,2026-09-21T07:59:07.356+00:00,2026-09-21T08:03:41.873+00:00,2026-09-21T08:03:44.780+00:00,True,46,46.0,,46.0,274517.037092,277424.655652,277424.655563,6030.9707731086955,45.022781,274517.037092,40465.80329148879,77.39369925,64.61374577777778,9.635058387784685,0.16581078524506543,44,64,,True,True,,242,59.56268577710819
236,2026-09-21T07:59:07.569+00:00,2026-09-21T08:03:42.925+00:00,2026-09-21T08:03:48.012+00:00,True,82,82.0,,82.0,275355.67307099997,280442.21822299995,280442.218329,3420.0270527926828,42.730911,275355.67307099997,30401.01387160276,77.15378349999999,62.79685372839506,9.394252200058608,0.2923953480313576,44,64,,True,True,,169,59.56268577710819
237,2026-09-21T07:59:07.895+00:00,2026-09-21T08:03:44.833+00:00,2026-09-21T08:03:47.510+00:00,True,44,44.0,,44.0,276937.907718,279614.36903,279614.369244,6354.872028272727,42.885760999999995,276937.907718,41740.57800992462,77.26803335,62.243286325581394,9.602498533760023,0.1573595811711637,44,64,,True,True,,132,59.56268577710819
238,2026-09-21T07:59:08.143+00:00,2026-09-21T08:03:46.053+00:00,2026-09-21T08:03:51.930+00:00,True,94,94.0,,94.0,277910.13838899997,283786.53314099996,283786.53317199997,3019.0056720425528,41.777860999999994,277910.13838899997,28657.72639625774,78.7118855,63.18704034408602,9.363881284945222,0.33123488616458024,44,64,,True,True,,102,59.56268577710819
239,2026-09-21T07:59:08.367+00:00,2026-09-21T08:03:47.175+00:00,2026-09-21T08:03:52.815+00:00,True,90,90.0,,90.0,278807.564418,284447.903106,284447.903247,3160.5322582999997,42.112781000000005,278807.564418,29382.219022639852,78.71521345,63.374592,9.576800909509453,0.31640240275021947,44,64,,True,True,,181,59.56268577710819
240,2026-09-21T07:59:08.591+00:00,2026-09-21T08:03:48.218+00:00,2026-09-21T08:03:50.914+00:00,True,43,43.0,,43.0,279626.26051700005,282322.87338100007,282322.87326400005,6565.648215441862,41.794481,279626.26051700005,42632.81485083435,76.9256499,64.2050681904762,9.690998084737462,0.15230788595003666,44,64,,True,True,,129,59.56268577710819
241,2026-09-21T07:59:08.897+00:00,2026-09-21T08:03:49.883+00:00,2026-09-21T08:03:50.587+00:00,True,12,12.0,,12.0,280985.81357,281690.442562,281690.442645,23474.20355375,51.839611,280985.81357,81095.12640446729,126489.34492809999,64.0571810909091,10.088470554110543,0.042599954371397616,44,64,,True,True,,132,59.56268577710819
242,2026-09-21T07:59:09.212+00:00,2026-09-21T08:03:51.553+00:00,2026-09-21T08:03:56.160+00:00,True,73,73.0,,73.0,282340.880393,286947.684361,286947.68439,3930.790197123288,41.977041,282340.880393,33038.01328789822,76.6932614,63.98338844444445,9.807774837471245,0.25440177418599047,44,64,,True,True,,146,59.56268577710819
243,2026-09-21T07:59:09.560+00:00,2026-09-21T08:03:53.215+00:00,2026-09-21T08:03:54.157+00:00,True,15,15.0,,15.0,283654.849582,284596.933934,284596.933962,18973.1289308,44.522861,283654.849582,73221.99344062364,85152.36893000001,67.29173942857143,11.646545378892363,0.05270611946746624,44,64,,True,True,,76,59.56268577710819
244,2026-09-21T07:59:09.865+00:00,2026-09-21T08:03:54.826+00:00,2026-09-21T08:04:00.539+00:00,True,91,91.0,,91.0,284961.389814,290674.404854,290674.404873,3194.2242293736263,41.198930999999995,284961.389814,29865.417460070275,77.518812,63.477944888888885,9.05506975476297,0.3130650600134796,44,64,,True,True,,819,59.56268577710819
246,2026-09-21T07:59:10.345+00:00,2026-09-21T08:03:55.064+00:00,2026-09-21T08:04:01.362+00:00,True,100,100.0,,100.0,284718.767759,291016.218255,291016.218261,2910.16218261,42.836831,284718.767759,28465.51724957568,76.50005205000001,63.610611070707066,9.395134380703858,0.34362346057420073,44,64,,True,True,,307,59.56268577710819
247,2026-09-21T07:59:10.645+00:00,2026-09-21T08:03:56.658+00:00,2026-09-21T08:03:57.075+00:00,True,8,8.0,,8.0,286013.275431,286430.237479,286430.2374,35803.779675,45.843631,286013.275431,101099.90404773237,185935.52226434997,59.56600685714286,11.119288918505227,0.027930012104907496,44,64,,True,True,,22,59.56268577710819
248,2026-09-21T07:59:10.852+00:00,2026-09-21T08:03:57.797+00:00,2026-09-21T08:03:59.232+00:00,True,23,23.0,,23.0,286945.62919300003,288380.05428100005,288380.05437300005,12538.263233608697,49.316151,286945.62919300003,59818.70495449104,79.349643,65.20114036363637,8.639428426004242,0.07975586264918515,44,64,,True,True,,159,59.56268577710819
249,2026-09-21T07:59:11.053+00:00,2026-09-21T08:03:59.535+00:00,2026-09-21T08:04:03.162+00:00,True,57,57.0,,57.0,288482.875148,292109.154572,292109.15473400004,5124.722012877193,47.119631,288482.875148,38201.91417007157,76.927088,64.75498971428571,8.455778652551654,0.19513253558765292,44,64,,True,True,,244,59.56268577710819
245,2026-09-21T07:59:10.097+00:00,2026-09-21T08:03:59.799+00:00,2026-09-21T08:04:02.975+00:00,True,50,50.0,,50.0,289701.746224,292878.301488,292878.3014,5857.566028,43.531481,289701.746224,40960.84667280474,75.0463345,64.82765844897959,8.344480561316077,0.17071937301592358,44,64,,True,True,,548,59.56268577710819
250,2026-09-21T07:59:11.343+00:00,2026-09-21T08:04:02.323+00:00,2026-09-21T08:04:05.316+00:00,True,49,49.0,,49.0,290979.973367,293972.723447,293972.723269,5999.443332020408,42.641871,290979.973367,41559.66179445285,77.265492,62.34896,9.941791768878891,0.16668213099993323,44,64,,True,True,,196,59.56268577710819
251,2026-09-21T07:59:11.624+00:00,2026-09-21T08:04:03.926+00:00,2026-09-21T08:04:09.826+00:00,True,96,96.0,,96.0,292301.420751,298202.012111,298202.012055,3106.27095890625,43.611421,292301.420751,29826.551015923043,76.332751,62.111488,9.228427283458434,0.32192941731146274,44,64,,True,True,,576,59.56268577710819
252,2026-09-21T07:59:11.941+00:00,2026-09-21T08:04:05.581+00:00,2026-09-21T08:04:08.729+00:00,True,51,51.0,,51.0,293639.525866,296787.393514,296787.393612,5819.360659058823,45.656821,293639.525866,41108.94315436917,76.136037,62.95735296,8.937097935696624,0.17184018295438228,44,64,,True,True,,433,59.56268577710819
253,2026-09-21T07:59:12.228+00:00,2026-09-21T08:04:07.134+00:00,2026-09-21T08:04:12.057+00:00,True,79,79.0,,79.0,294905.515232,299828.43695999996,299828.436765,3795.296667911392,44.377231,294905.515232,33172.362861512345,75.0502541,63.114381128205125,8.493899831012241,0.26348401372795527,44,64,,True,True,,593,59.56268577710819
254,2026-09-21T07:59:12.517+00:00,2026-09-21T08:04:08.679+00:00,2026-09-21T08:04:12.541+00:00,False,64,63.0,,63.0,296161.83142,300023.638524,300023.63845,4687.86935078125,0.03271,296161.83142,37012.56879288281,78.50024615000001,61.298525460317464,12.808072758808377,0.2099834543369168,44,64,,True,False,Request timeout: 300.0s exceeded,315,59.56268577710819
255,2026-09-21T07:59:12.839+00:00,2026-09-21T08:04:10.624+00:00,2026-09-21T08:04:12.894+00:00,False,39,38.0,,38.0,297785.316872,300055.572488,300055.57254,7693.732629230769,0.0335,297785.316872,47674.24822956743,76.995859,59.74356884210526,13.409319460909579,0.12664320707298218,44,64,,True,False,Request timeout: 300.0s exceeded,60,59.56268577710819
256,2026-09-21T07:59:13.045+00:00,2026-09-21T08:04:11.535+00:00,2026-09-21T08:04:12.821+00:00,True,23,23.0,,23.0,298490.87655299995,299776.17344899994,299776.17334999994,13033.746667391302,45.27619,298490.87655299995,62227.468697290715,73.9163779,58.42258618181818,7.416278342678583,0.07672390949347055,44,64,,True,True,,113,59.56268577710819
257,2026-09-21T07:59:13.345+00:00,2026-09-21T08:04:13.211+00:00,2026-09-21T08:04:13.386+00:00,False,5,4.0,,4.0,299865.83625199995,300040.56597999996,300040.56599499995,60008.11319899999,0.04777,299865.83625199995,134084.5460764491,239906.98452979996,43.682432,30.82685479709698,0.013331530644648336,44,64,,True,False,Request timeout: 300.0s exceeded,10,59.56268577710819
258,2026-09-21T07:59:13.684+00:00,2026-09-21T08:04:13.786+00:00,2026-09-21T08:04:13.786+00:00,False,1,0.0,,0.0,300101.129374,300101.129374,300101.129374,300101.129374,300101.129374,300101.129374,nan,300101.129374,nan,nan,0.0,44,64,,True,False,"HTTPConnectionPool(host='gpu06', port=9004): Read timed out.",0,59.56268577710819
259,2026-09-21T07:59:14.006+00:00,2026-09-21T08:04:14.107+00:00,2026-09-21T08:04:14.107+00:00,False,1,0.0,,0.0,300101.642902,300101.642902,300101.642902,300101.642902,300101.642902,300101.642902,nan,300101.642902,nan,nan,0.0,44,64,,True,False,"HTTPConnectionPool(host='gpu06', port=9004): Read timed out.",0,59.56268577710819
260,2026-09-21T07:59:14.356+00:00,2026-09-21T08:04:14.460+00:00,2026-09-21T08:04:14.460+00:00,False,1,0.0,,0.0,300104.37802899996,300104.37802899996,300104.37802899996,300104.37802899996,300104.37802899996,300104.37802899996,nan,300104.37802899996,nan,nan,0.0,44,64,,True,False,"HTTPConnectionPool(host='gpu06', port=9004): Read timed out.",0,59.56268577710819
261,2026-09-21T07:59:14.715+00:00,2026-09-21T08:04:14.823+00:00,2026-09-21T08:04:14.823+00:00,False,1,0.0,,0.0,300108.65221499995,300108.65221499995,300108.65221499995,300108.65221499995,300108.65221499995,300108.65221499995,nan,300108.65221499995,nan,nan,0.0,44,64,,True,False,"HTTPConnectionPool(host='gpu06', port=9004): Read timed out.",0,59.56268577710819
262,2026-09-21T07:59:15.045+00:00,2026-09-21T08:04:15.150+00:00,2026-09-21T08:04:15.150+00:00,False,1,0.0,,0.0,300104.297383,300104.297383,300104.297383,300104.297383,300104.297383,300104.297383,nan,300104.297383,nan,nan,0.0,44,64,,True,False,"HTTPConnectionPool(host='gpu06', port=9004): Read timed out.",0,59.56268577710819
263,2026-09-21T07:59:15.352+00:00,2026-09-21T08:04:15.464+00:00,2026-09-21T08:04:15.464+00:00,False,1,0.0,,0.0,300112.08987300005,300112.08987300005,300112.08987300005,300112.08987300005,300112.08987300005,300112.08987300005,nan,300112.08987300005,nan,nan,0.0,44,64,,True,False,"HTTPConnectionPool(host='gpu06', port=9004): Read timed out.",0,59.56268577710819
264,2026-09-21T07:59:15.616+00:00,2026-09-21T08:04:15.647+00:00,2026-09-21T08:04:15.647+00:00,False,1,0.0,,0.0,300031.227372,300031.227372,300031.227372,300031.227372,300031.227372,300031.227372,nan,300031.227372,nan,nan,0.0,44,64,,True,False,TTFT timeout: 300.0s exceeded (TTFT: 300.027s),0,59.56268577710819
265,2026-09-21T07:59:15.873+00:00,2026-09-21T08:04:15.803+00:00,2026-09-21T08:04:15.916+00:00,False,4,3.0,,3.0,299929.32098400005,300042.90460000007,300042.904526,75010.7261315,0.01859,299929.32098400005,149945.73231228703,254948.92255605003,37.86120533333334,32.92997263992579,0.009998570051171274,44,64,,True,False,Request timeout: 300.0s exceeded,7,59.56268577710819
266,2026-09-21T07:59:16.189+00:00,2026-09-21T08:04:16.270+00:00,2026-09-21T08:04:16.270+00:00,False,1,0.0,,0.0,300081.157726,300081.157726,300081.157726,300081.157726,300081.157726,300081.157726,nan,300081.157726,nan,nan,0.0,44,64,,True,False,"HTTPConnectionPool(host='gpu06', port=9004): Read timed out.",0,59.56268577710819
267,2026-09-21T07:59:16.501+00:00,2026-09-21T08:04:16.543+00:00,2026-09-21T08:04:16.543+00:00,False,1,0.0,,0.0,300042.634984,300042.634984,300042.634984,300042.634984,300042.634984,300042.634984,nan,300042.634984,nan,nan,0.0,44,64,,True,False,"HTTPConnectionPool(host='gpu06', port=9004): Read timed out.",0,59.56268577710819
268,2026-09-21T07:59:16.765+00:00,2026-09-21T08:04:16.868+00:00,2026-09-21T08:04:16.868+00:00,False,1,0.0,,0.0,300103.25995700003,300103.25995700003,300103.25995700003,300103.25995700003,300103.25995700003,300103.25995700003,nan,300103.25995700003,nan,nan,0.0,44,64,,True,False,"HTTPConnectionPool(host='gpu06', port=9004): Read timed out.",0,59.56268577710819
269,2026-09-21T07:59:17.008+00:00,2026-09-21T08:04:17.128+00:00,2026-09-21T08:04:17.128+00:00,False,1,0.0,,0.0,300119.323181,300119.323181,300119.323181,300119.323181,300119.323181,300119.323181,nan,300119.323181,nan,nan,0.0,44,64,,True,False,"HTTPConnectionPool(host='gpu06', port=9004): Read timed out.",0,59.56268577710819
270,2026-09-21T07:59:17.336+00:00,2026-09-21T08:04:17.343+00:00,2026-09-21T08:04:17.343+00:00,False,1,0.0,,0.0,300006.73769700003,300006.73769700003,300006.73769700003,300006.73769700003,300006.73769700003,300006.73769700003,nan,300006.73769700003,nan,nan,0.0,44,64,,True,False,TTFT timeout: 300.0s exceeded (TTFT: 300.002s),0,59.56268577710819
271,2026-09-21T07:59:17.643+00:00,2026-09-21T08:04:17.750+00:00,2026-09-21T08:04:17.750+00:00,False,1,0.0,,0.0,300107.65473799995,300107.65473799995,300107.65473799995,300107.65473799995,300107.65473799995,300107.65473799995,nan,300107.65473799995,nan,nan,0.0,44,64,,True,False,"HTTPConnectionPool(host='gpu06', port=9004): Read timed out.",0,59.56268577710819
272,2026-09-21T07:59:17.946+00:00,2026-09-21T08:04:17.916+00:00,2026-09-21T08:04:18.033+00:00,False,3,2.0,,2.0,299970.06059500005,300086.842163,300086.842147,100028.94738233335,0.0252,299970.06059500005,173154.09313984108,269984.7301707,58.390784,82.5415588605451,0.006664737399294727,44,64,,True,False,Request timeout: 300.0s exceeded,10,59.56268577710819
273,2026-09-21T07:59:18.215+00:00,2026-09-21T08:04:18.334+00:00,2026-09-21T08:04:18.334+00:00,False,1,0.0,,0.0,300118.962731,300118.962731,300118.962731,300118.962731,300118.962731,300118.962731,nan,300118.962731,nan,nan,0.0,44,64,,True,False,"HTTPConnectionPool(host='gpu06', port=9004): Read timed out.",0,59.56268577710819
274,2026-09-21T07:59:19.328+00:00,2026-09-21T08:04:18.632+00:00,2026-09-21T08:04:19.583+00:00,False,14,13.0,,13.0,299304.145559,300255.38165500003,300255.381639,21446.81297421429,0.0275,299304.145559,79972.849482153,104844.1724581,73.1720073846154,36.93201276992399,0.04329647624746751,44,64,,True,False,Request timeout: 300.0s exceeded,65,59.56268577710819
275,2026-09-21T07:59:19.467+00:00,2026-09-21T08:04:18.880+00:00,2026-09-21T08:04:19.740+00:00,False,14,13.0,,13.0,299413.760642,300273.182594,300273.18284,21448.08448857143,0.031670000000000004,299413.760642,80004.03091739003,104869.89605615001,66.10938092307693,31.933440335401222,0.04329390952497189,44,64,,True,False,Request timeout: 300.0s exceeded,42,59.56268577710819
277,2026-09-21T07:59:19.643+00:00,2026-09-21T08:04:19.000+00:00,2026-09-21T08:04:19.430+00:00,True,6,6.0,,6.0,299357.16185900004,299787.50144300004,299787.50125800003,49964.58354300001,55.533411,299357.16185900004,122176.91447342047,224546.96389725004,86.06791679999999,24.537195466854218,0.020014176612165424,44,64,,True,True,,30,59.56268577710819
276,2026-09-21T07:59:19.549+00:00,2026-09-21T08:04:20.040+00:00,2026-09-21T08:04:20.040+00:00,False,1,0.0,,0.0,300490.678628,300490.678628,300490.678628,300490.678628,300490.678628,300490.678628,nan,300490.678628,nan,nan,0.0,44,64,,True,False,"HTTPConnectionPool(host='gpu06', port=9004): Read timed out.",0,59.56268577710819
278,2026-09-21T07:59:19.930+00:00,2026-09-21T08:04:20.967+00:00,2026-09-21T08:04:21.361+00:00,False,6,5.0,,5.0,301036.79829500004,301431.37723900005,301431.37742300006,50238.56290383334,0.03272,301036.79829500004,122865.55398193953,225820.00371975004,78.9157888,63.099257537435946,0.01658752332221732,44,64,,True,False,Request timeout: 300.0s exceeded,20,59.56268577710819
279,2026-09-21T07:59:20.204+00:00,2026-09-21T08:04:21.210+00:00,2026-09-21T08:04:21.403+00:00,False,5,4.0,,4.0,301006.390046,301199.066654,301199.06668,60239.81333600001,0.0361,301006.390046,134592.61290542036,240825.48132120003,48.169152,41.709316886016154,0.013280253635695915,44,64,,True,False,Request timeout: 300.0s exceeded,14,59.56268577710819
280,2026-09-21T07:59:20.350+00:00,2026-09-21T08:04:21.555+00:00,2026-09-21T08:04:21.555+00:00,False,1,0.0,,0.0,301204.92851999996,301204.92851999996,301204.92851999996,301204.92851999996,301204.92851999996,301204.92851999996,nan,301204.92851999996,nan,nan,0.0,44,64,,True,False,"HTTPConnectionPool(host='gpu06', port=9004): Read timed out.",0,59.56268577710819
281,2026-09-21T07:59:20.636+00:00,2026-09-21T08:04:21.897+00:00,2026-09-21T08:04:21.897+00:00,False,1,0.0,,0.0,301261.141772,301261.141772,301261.141772,301261.141772,301261.141772,301261.141772,nan,301261.141772,nan,nan,0.0,44,64,,True,False,"HTTPConnectionPool(host='gpu06', port=9004): Read timed out.",0,59.56268577710819
284,2026-09-21T07:59:21.485+00:00,2026-09-21T08:04:21.897+00:00,2026-09-21T08:04:21.897+00:00,False,1,0.0,,0.0,300412.616627,300412.616627,300412.616627,300412.616627,300412.616627,300412.616627,nan,300412.616627,nan,nan,0.0,44,64,,True,False,"HTTPConnectionPool(host='gpu06', port=9004): Read timed out.",0,59.56268577710819
285,2026-09-21T07:59:21.725+00:00,2026-09-21T08:04:21.899+00:00,2026-09-21T08:04:21.899+00:00,False,1,0.0,,0.0,300173.904046,300173.904046,300173.904046,300173.904046,300173.904046,300173.904046,nan,300173.904046,nan,nan,0.0,44,64,,True,False,"HTTPConnectionPool(host='gpu06', port=9004): Read timed out.",0,59.56268577710819
283,2026-09-21T07:59:21.146+00:00,2026-09-21T08:04:23.281+00:00,2026-09-21T08:04:23.281+00:00,False,1,0.0,,0.0,302134.084776,302134.084776,302134.084776,302134.084776,302134.084776,302134.084776,nan,302134.084776,nan,nan,0.0,44,64,,True,False,"HTTPConnectionPool(host='gpu06', port=9004): Read timed out.",0,59.56268577710819
282,2026-09-21T07:59:20.947+00:00,2026-09-21T08:04:23.293+00:00,2026-09-21T08:04:23.293+00:00,False,1,0.0,,0.0,302345.25421499996,302345.25421499996,302345.25421499996,302345.25421499996,302345.25421499996,302345.25421499996,nan,302345.25421499996,nan,nan,0.0,44,64,,True,False,"HTTPConnectionPool(host='gpu06', port=9004): Read timed out.",0,59.56268577710819
289,2026-09-21T07:59:22.915+00:00,2026-09-21T08:04:23.296+00:00,2026-09-21T08:04:23.296+00:00,False,1,0.0,,0.0,300381.107911,300381.107911,300381.107911,300381.107911,300381.107911,300381.107911,nan,300381.107911,nan,nan,0.0,44,64,,True,False,"HTTPConnectionPool(host='gpu06', port=9004): Read timed out.",0,59.56268577710819
287,2026-09-21T07:59:22.364+00:00,2026-09-21T08:04:23.296+00:00,2026-09-21T08:04:23.296+00:00,False,1,0.0,,0.0,300931.85221,300931.85221,300931.85221,300931.85221,300931.85221,300931.85221,nan,300931.85221,nan,nan,0.0,44,64,,True,False,"HTTPConnectionPool(host='gpu06', port=9004): Read timed out.",0,59.56268577710819
288,2026-09-21T07:59:22.576+00:00,2026-09-21T08:04:23.304+00:00,2026-09-21T08:04:23.304+00:00,False,1,0.0,,0.0,300727.83922100003,300727.83922100003,300727.83922100003,300727.83922100003,300727.83922100003,300727.83922100003,nan,300727.83922100003,nan,nan,0.0,44,64,,True,False,"HTTPConnectionPool(host='gpu06', port=9004): Read timed out.",0,59.56268577710819
286,2026-09-21T07:59:22.032+00:00,2026-09-21T08:04:23.315+00:00,2026-09-21T08:04:23.315+00:00,False,1,0.0,,0.0,301282.313509,301282.313509,301282.313509,301282.313509,301282.313509,301282.313509,nan,301282.313509,nan,nan,0.0,44,64,,True,False,"HTTPConnectionPool(host='gpu06', port=9004): Read timed out.",0,59.56268577710819
290,2026-09-21T07:59:23.217+00:00,2026-09-21T08:04:23.323+00:00,2026-09-21T08:04:23.323+00:00,False,1,0.0,,0.0,300105.875005,300105.875005,300105.875005,300105.875005,300105.875005,300105.875005,nan,300105.875005,nan,nan,0.0,44,64,,True,False,"HTTPConnectionPool(host='gpu06', port=9004): Read timed out.",0,59.56268577710819
291,2026-09-21T07:59:23.421+00:00,2026-09-21T08:04:23.430+00:00,2026-09-21T08:04:23.430+00:00,False,1,0.0,,0.0,300009.380999,300009.380999,300009.380999,300009.380999,300009.380999,300009.380999,nan,300009.380999,nan,nan,0.0,44,64,,True,False,"HTTPConnectionPool(host='gpu06', port=9004): Read timed out.",0,59.56268577710819
292,2026-09-21T07:59:23.706+00:00,2026-09-21T08:04:23.783+00:00,2026-09-21T08:04:23.783+00:00,False,1,0.0,,0.0,300076.940742,300076.940742,300076.940742,300076.940742,300076.940742,300076.940742,nan,300076.940742,nan,nan,0.0,44,64,,True,False,"HTTPConnectionPool(host='gpu06', port=9004): Read timed out.",0,59.56268577710819
293,2026-09-21T07:59:23.993+00:00,2026-09-21T08:04:24.078+00:00,2026-09-21T08:04:24.078+00:00,False,1,0.0,,0.0,300085.115693,300085.115693,300085.115693,300085.115693,300085.115693,300085.115693,nan,300085.115693,nan,nan,0.0,44,64,,True,False,"HTTPConnectionPool(host='gpu06', port=9004): Read timed out.",0,59.56268577710819
294,2026-09-21T07:59:24.339+00:00,2026-09-21T08:04:24.451+00:00,2026-09-21T08:04:24.451+00:00,False,1,0.0,,0.0,300112.46941,300112.46941,300112.46941,300112.46941,300112.46941,300112.46941,nan,300112.46941,nan,nan,0.0,44,64,,True,False,"HTTPConnectionPool(host='gpu06', port=9004): Read timed out.",0,59.56268577710819
295,2026-09-21T07:59:24.680+00:00,2026-09-21T08:04:24.783+00:00,2026-09-21T08:04:24.783+00:00,False,1,0.0,,0.0,300103.291477,300103.291477,300103.291477,300103.291477,300103.291477,300103.291477,nan,300103.291477,nan,nan,0.0,44,64,,True,False,"HTTPConnectionPool(host='gpu06', port=9004): Read timed out.",0,59.56268577710819
296,2026-09-21T07:59:24.955+00:00,2026-09-21T08:04:25.065+00:00,2026-09-21T08:04:25.065+00:00,False,1,0.0,,0.0,300110.31735900004,300110.31735900004,300110.31735900004,300110.31735900004,300110.31735900004,300110.31735900004,nan,300110.31735900004,nan,nan,0.0,44,64,,True,False,"HTTPConnectionPool(host='gpu06', port=9004): Read timed out.",0,59.56268577710819
297,2026-09-21T07:59:25.223+00:00,2026-09-21T08:04:25.327+00:00,2026-09-21T08:04:25.327+00:00,False,1,0.0,,0.0,300103.62374,300103.62374,300103.62374,300103.62374,300103.62374,300103.62374,nan,300103.62374,nan,nan,0.0,44,64,,True,False,TTFT timeout: 300.0s exceeded (TTFT: 300.091s),0,59.56268577710819
298,2026-09-21T07:59:25.555+00:00,2026-09-21T08:04:25.530+00:00,2026-09-21T08:04:25.640+00:00,False,3,2.0,,2.0,299975.256205,300085.558669,300085.558668,100028.519556,0.03182,299975.256205,173158.96211454936,269988.7576488,55.151232,77.95036544198909,0.006664765904999906,44,64,,True,False,Request timeout: 300.0s exceeded,8,59.56268577710819
299,2026-09-21T07:59:25.841+00:00,2026-09-21T08:04:25.947+00:00,2026-09-21T08:04:25.947+00:00,False,1,0.0,,0.0,300106.56358899997,300106.56358899997,300106.56358899997,300106.56358899997,300106.56358899997,300106.56358899997,nan,300106.56358899997,nan,nan,0.0,44,64,,True,False,"HTTPConnectionPool(host='gpu06', port=9004): Read timed out.",0,59.56268577710819
300,2026-09-21T07:59:26.120+00:00,2026-09-21T08:04:26.236+00:00,2026-09-21T08:04:26.236+00:00,False,1,0.0,,0.0,300116.228231,300116.228231,300116.228231,300116.228231,300116.228231,300116.228231,nan,300116.228231,nan,nan,0.0,44,64,,True,False,"HTTPConnectionPool(host='gpu06', port=9004): Read timed out.",0,59.56268577710819
301,2026-09-21T07:59:26.332+00:00,2026-09-21T08:04:26.347+00:00,2026-09-21T08:04:26.347+00:00,False,1,0.0,,0.0,300014.728054,300014.728054,300014.728054,300014.728054,300014.728054,300014.728054,nan,300014.728054,nan,nan,0.0,44,64,,True,False,"HTTPConnectionPool(host='gpu06', port=9004): Read timed out.",0,59.56268577710819
302,2026-09-21T07:59:26.594+00:00,2026-09-21T08:04:26.688+00:00,2026-09-21T08:04:26.688+00:00,False,1,0.0,,0.0,300093.46105800004,300093.46105800004,300093.46105800004,300093.46105800004,300093.46105800004,300093.46105800004,nan,300093.46105800004,nan,nan,0.0,44,64,,True,False,"HTTPConnectionPool(host='gpu06', port=9004): Read timed out.",0,59.56268577710819
303,2026-09-21T07:59:26.923+00:00,2026-09-21T08:04:27.027+00:00,2026-09-21T08:04:27.027+00:00,False,1,0.0,,0.0,300104.530617,300104.530617,300104.530617,300104.530617,300104.530617,300104.530617,nan,300104.530617,nan,nan,0.0,44,64,,True,False,"HTTPConnectionPool(host='gpu06', port=9004): Read timed out.",0,59.56268577710819
304,2026-09-21T07:59:27.198+00:00,2026-09-21T08:04:27.253+00:00,2026-09-21T08:04:27.253+00:00,False,1,0.0,,0.0,300055.326637,300055.326637,300055.326637,300055.326637,300055.326637,300055.326637,nan,300055.326637,nan,nan,0.0,44,64,,True,False,"HTTPConnectionPool(host='gpu06', port=9004): Read timed out.",0,59.56268577710819
305,2026-09-21T07:59:27.506+00:00,2026-09-21T08:04:27.517+00:00,2026-09-21T08:04:27.517+00:00,False,1,0.0,,0.0,300011.318176,300011.318176,300011.318176,300011.318176,300011.318176,300011.318176,nan,300011.318176,nan,nan,0.0,44,64,,True,False,TTFT timeout: 300.0s exceeded (TTFT: 300.006s),0,59.56268577710819
306,2026-09-21T07:59:27.791+00:00,2026-09-21T08:04:27.763+00:00,2026-09-21T08:04:27.834+00:00,False,3,2.0,,2.0,299972.068556,300042.633932,300042.634087,100014.21136233334,0.0211,299972.068556,173168.58760611623,269981.9161435,35.282688,49.86756871547712,0.0066657193805773245,44,64,,True,False,Request timeout: 300.0s exceeded,10,59.56268577710819
307,2026-09-21T07:59:28.098+00:00,2026-09-21T08:04:28.217+00:00,2026-09-21T08:04:28.217+00:00,False,1,0.0,,0.0,300118.819329,300118.819329,300118.819329,300118.819329,300118.819329,300118.819329,nan,300118.819329,nan,nan,0.0,44,64,,True,False,"HTTPConnectionPool(host='gpu06', port=9004): Read timed out.",0,59.56268577710819
308,2026-09-21T07:59:28.400+00:00,2026-09-21T08:04:28.505+00:00,2026-09-21T08:04:28.505+00:00,False,1,0.0,,0.0,300104.772588,300104.772588,300104.772588,300104.772588,300104.772588,300104.772588,nan,300104.772588,nan,nan,0.0,44,64,,True,False,"HTTPConnectionPool(host='gpu06', port=9004): Read timed out.",0,59.56268577710819
309,2026-09-21T07:59:28.695+00:00,2026-09-21T08:04:28.800+00:00,2026-09-21T08:04:28.800+00:00,False,1,0.0,,0.0,300104.971748,300104.971748,300104.971748,300104.971748,300104.971748,300104.971748,nan,300104.971748,nan,nan,0.0,44,64,,True,False,"HTTPConnectionPool(host='gpu06', port=9004): Read timed out.",0,59.56268577710819
310,2026-09-21T07:59:28.901+00:00,2026-09-21T08:04:29.004+00:00,2026-09-21T08:04:29.004+00:00,False,1,0.0,,0.0,300103.380474,300103.380474,300103.380474,300103.380474,300103.380474,300103.380474,nan,300103.380474,nan,nan,0.0,44,64,,True,False,"HTTPConnectionPool(host='gpu06', port=9004): Read timed out.",0,59.56268577710819
311,2026-09-21T07:59:29.115+00:00,2026-09-21T08:04:29.209+00:00,2026-09-21T08:04:29.209+00:00,False,1,0.0,,0.0,300093.304959,300093.304959,300093.304959,300093.304959,300093.304959,300093.304959,nan,300093.304959,nan,nan,0.0,44,64,,True,False,"HTTPConnectionPool(host='gpu06', port=9004): Read timed out.",0,59.56268577710819
312,2026-09-21T07:59:29.370+00:00,2026-09-21T08:04:29.453+00:00,2026-09-21T08:04:29.453+00:00,False,1,0.0,,0.0,300083.166942,300083.166942,300083.166942,300083.166942,300083.166942,300083.166942,nan,300083.166942,nan,nan,0.0,44,64,,True,False,TTFT timeout: 300.0s exceeded (TTFT: 300.079s),0,59.56268577710819
313,2026-09-21T07:59:29.716+00:00,2026-09-21T08:04:29.605+00:00,2026-09-21T08:04:29.750+00:00,False,4,3.0,,3.0,299889.673325,300034.54244499997,300034.542418,75008.6356045,0.06493,299889.673325,149920.69752687414,254921.39200805,48.28970666666667,50.690908025080056,0.009998848717727018,44,64,,True,False,Request timeout: 300.0s exceeded,0,59.56268577710819
314,2026-09-21T07:59:29.968+00:00,2026-09-21T08:04:30.073+00:00,2026-09-21T08:04:30.073+00:00,False,1,0.0,,0.0,300105.09499199997,300105.09499199997,300105.09499199997,300105.09499199997,300105.09499199997,300105.09499199997,nan,300105.09499199997,nan,nan,0.0,44,64,,True,False,"HTTPConnectionPool(host='gpu06', port=9004): Read timed out.",0,59.56268577710819
315,2026-09-21T07:59:30.215+00:00,2026-09-21T08:04:30.314+00:00,2026-09-21T08:04:30.314+00:00,False,1,0.0,,0.0,300098.13940499997,300098.13940499997,300098.13940499997,300098.13940499997,300098.13940499997,300098.13940499997,nan,300098.13940499997,nan,nan,0.0,44,64,,True,False,"HTTPConnectionPool(host='gpu06', port=9004): Read timed out.",0,59.56268577710819
316,2026-09-21T07:59:30.510+00:00,2026-09-21T08:04:30.623+00:00,2026-09-21T08:04:30.623+00:00,False,1,0.0,,0.0,300113.15683600004,300113.15683600004,300113.15683600004,300113.15683600004,300113.15683600004,300113.15683600004,nan,300113.15683600004,nan,nan,0.0,44,64,,True,False,"HTTPConnectionPool(host='gpu06', port=9004): Read timed out.",0,59.56268577710819
317,2026-09-21T07:59:30.755+00:00,2026-09-21T08:04:30.871+00:00,2026-09-21T08:04:30.871+00:00,False,1,0.0,,0.0,300116.37207,300116.37207,300116.37207,300116.37207,300116.37207,300116.37207,nan,300116.37207,nan,nan,0.0,44,64,,True,False,"HTTPConnectionPool(host='gpu06', port=9004): Read timed out.",0,59.56268577710819
318,2026-09-21T07:59:31.024+00:00,2026-09-21T08:04:31.131+00:00,2026-09-21T08:04:31.131+00:00,False,1,0.0,,0.0,300107.470862,300107.470862,300107.470862,300107.470862,300107.470862,300107.470862,nan,300107.470862,nan,nan,0.0,44,64,,True,False,"HTTPConnectionPool(host='gpu06', port=9004): Read timed out.",0,59.56268577710819
319,2026-09-21T07:59:31.360+00:00,2026-09-21T08:04:31.414+00:00,2026-09-21T08:04:31.414+00:00,False,1,0.0,,0.0,300054.20124900003,300054.20124900003,300054.20124900003,300054.20124900003,300054.20124900003,300054.20124900003,nan,300054.20124900003,nan,nan,0.0,44,64,,True,False,"HTTPConnectionPool(host='gpu06', port=9004): Read timed out.",0,59.56268577710819
320,2026-09-21T07:59:31.714+00:00,2026-09-21T08:04:31.692+00:00,2026-09-21T08:04:32.915+00:00,False,21,20.0,,20.0,299977.65940299997,301201.093387,301201.09329899994,14342.909204714284,0.04389,299977.65940299997,65447.150940735286,182.255834,61.171699200000006,32.6692259988865,0.06640082137518301,44,64,,True,False,Request timeout: 300.0s exceeded,38,59.56268577710819
321,2026-09-21T07:59:32.061+00:00,2026-09-21T08:04:32.246+00:00,2026-09-21T08:04:33.014+00:00,False,16,15.0,,15.0,300185.637144,300953.501208,300953.50122,18809.59382625,0.02933,300185.637144,75033.61322222496,75103.20290924999,51.1909376,16.39044477324927,0.04984158662315396,44,64,,True,False,Request timeout: 300.0s exceeded,97,59.56268577710819
324,2026-09-21T07:59:32.862+00:00,2026-09-21T08:04:32.687+00:00,2026-09-21T08:04:33.014+00:00,False,8,7.0,,7.0,299825.17824299994,300151.53523499996,300151.53514999995,37518.941893749994,0.031190000000000002,299825.17824299994,105987.72669291611,194907.5013328,46.62242742857143,21.406149306810626,0.023321553209845938,44,64,,True,False,Request timeout: 300.0s exceeded,7,59.56268577710819
325,2026-09-21T07:59:33.186+00:00,2026-09-21T08:04:33.221+00:00,2026-09-21T08:04:33.221+00:00,False,1,0.0,,0.0,300035.72165499994,300035.72165499994,300035.72165499994,300035.72165499994,300035.72165499994,300035.72165499994,nan,300035.72165499994,nan,nan,0.0,44,64,,True,False,"HTTPConnectionPool(host='gpu06', port=9004): Read timed out.",0,59.56268577710819
322,2026-09-21T07:59:32.408+00:00,2026-09-21T08:04:33.502+00:00,2026-09-21T08:04:33.502+00:00,False,1,0.0,,0.0,301093.54777899996,301093.54777899996,301093.54777899996,301093.54777899996,301093.54777899996,301093.54777899996,nan,301093.54777899996,nan,nan,0.0,44,64,,True,False,"HTTPConnectionPool(host='gpu06', port=9004): Read timed out.",0,59.56268577710819
326,2026-09-21T07:59:33.548+00:00,2026-09-21T08:04:33.639+00:00,2026-09-21T08:04:33.639+00:00,False,1,0.0,,0.0,300091.266642,300091.266642,300091.266642,300091.266642,300091.266642,300091.266642,nan,300091.266642,nan,nan,0.0,44,64,,True,False,"HTTPConnectionPool(host='gpu06', port=9004): Read timed out.",0,59.56268577710819
323,2026-09-21T07:59:32.643+00:00,2026-09-21T08:04:34.281+00:00,2026-09-21T08:04:35.052+00:00,False,15,14.0,,14.0,301638.871356,302409.20479600003,302409.204832,20160.613655466666,0.03399,301638.871356,77868.61748871936,90563.2699662,55.02381714285714,22.012778553220873,0.04629488711973617,44,64,,True,False,Request timeout: 300.0s exceeded,56,59.56268577710819
329,2026-09-21T07:59:35.074+00:00,2026-09-21T08:04:35.218+00:00,2026-09-21T08:04:35.320+00:00,False,4,3.0,,3.0,300144.299381,300245.802869,300245.802873,75061.45071825,0.02496,300144.299381,150055.2343803594,255130.8529415,33.834496,29.540656385564354,0.009991813278765225,44,64,,True,False,Request timeout: 300.0s exceeded,23,59.56268577710819
327,2026-09-21T07:59:34.950+00:00,2026-09-21T08:04:35.471+00:00,2026-09-21T08:04:35.471+00:00,False,1,0.0,,0.0,300520.820097,300520.820097,300520.820097,300520.820097,300520.820097,300520.820097,nan,300520.820097,nan,nan,0.0,44,64,,True,False,"HTTPConnectionPool(host='gpu06', port=9004): Read timed out.",0,59.56268577710819
328,2026-09-21T07:59:35.067+00:00,2026-09-21T08:04:35.547+00:00,2026-09-21T08:04:35.547+00:00,False,1,0.0,,0.0,300480.567719,300480.567719,300480.567719,300480.567719,300480.567719,300480.567719,nan,300480.567719,nan,nan,0.0,44,64,,True,False,"HTTPConnectionPool(host='gpu06', port=9004): Read timed out.",0,59.56268577710819
330,2026-09-21T07:59:35.421+00:00,2026-09-21T08:04:35.813+00:00,2026-09-21T08:04:35.813+00:00,False,1,0.0,,0.0,300392.139982,300392.139982,300392.139982,300392.139982,300392.139982,300392.139982,nan,300392.139982,nan,nan,0.0,44,64,,True,False,"HTTPConnectionPool(host='gpu06', port=9004): Read timed out.",0,59.56268577710819
331,2026-09-21T07:59:35.547+00:00,2026-09-21T08:04:35.813+00:00,2026-09-21T08:04:35.813+00:00,False,1,0.0,,0.0,300266.21538,300266.21538,300266.21538,300266.21538,300266.21538,300266.21538,nan,300266.21538,nan,nan,0.0,44,64,,True,False,"HTTPConnectionPool(host='gpu06', port=9004): Read timed out.",0,59.56268577710819
332,2026-09-21T07:59:35.578+00:00,2026-09-21T08:04:35.856+00:00,2026-09-21T08:04:35.856+00:00,False,1,0.0,,0.0,300278.219225,300278.219225,300278.219225,300278.219225,300278.219225,300278.219225,nan,300278.219225,nan,nan,0.0,44,64,,True,False,"HTTPConnectionPool(host='gpu06', port=9004): Read timed out.",0,59.56268577710819
334,2026-09-21T07:59:35.777+00:00,2026-09-21T08:04:36.022+00:00,2026-09-21T08:04:36.022+00:00,False,1,0.0,,0.0,300245.41332700005,300245.41332700005,300245.41332700005,300245.41332700005,300245.41332700005,300245.41332700005,nan,300245.41332700005,nan,nan,0.0,44,64,,True,False,"HTTPConnectionPool(host='gpu06', port=9004): Read timed out.",0,59.56268577710819
333,2026-09-21T07:59:35.660+00:00,2026-09-21T08:04:36.080+00:00,2026-09-21T08:04:36.080+00:00,False,1,0.0,,0.0,300420.059103,300420.059103,300420.059103,300420.059103,300420.059103,300420.059103,nan,300420.059103,nan,nan,0.0,44,64,,True,False,"HTTPConnectionPool(host='gpu06', port=9004): Read timed out.",0,59.56268577710819
335,2026-09-21T07:59:35.977+00:00,2026-09-21T08:04:36.231+00:00,2026-09-21T08:04:36.231+00:00,False,1,0.0,,0.0,300254.204607,300254.204607,300254.204607,300254.204607,300254.204607,300254.204607,nan,300254.204607,nan,nan,0.0,44,64,,True,False,"HTTPConnectionPool(host='gpu06', port=9004): Read timed out.",0,59.56268577710819
336,2026-09-21T07:59:36.144+00:00,2026-09-21T08:04:36.273+00:00,2026-09-21T08:04:36.273+00:00,False,1,0.0,,0.0,300129.451509,300129.451509,300129.451509,300129.451509,300129.451509,300129.451509,nan,300129.451509,nan,nan,0.0,44,64,,True,False,"HTTPConnectionPool(host='gpu06', port=9004): Read timed out.",0,59.56268577710819
337,2026-09-21T07:59:36.356+00:00,2026-09-21T08:04:36.466+00:00,2026-09-21T08:04:36.466+00:00,False,1,0.0,,0.0,300109.376449,300109.376449,300109.376449,300109.376449,300109.376449,300109.376449,nan,300109.376449,nan,nan,0.0,44,64,,True,False,"HTTPConnectionPool(host='gpu06', port=9004): Read timed out.",0,59.56268577710819
338,2026-09-21T07:59:36.610+00:00,2026-09-21T08:04:36.697+00:00,2026-09-21T08:04:36.697+00:00,False,1,0.0,,0.0,300086.70823299995,300086.70823299995,300086.70823299995,300086.70823299995,300086.70823299995,300086.70823299995,nan,300086.70823299995,nan,nan,0.0,44,64,,True,False,"HTTPConnectionPool(host='gpu06', port=9004): Read timed out.",0,59.56268577710819
339,2026-09-21T07:59:36.844+00:00,2026-09-21T08:04:36.948+00:00,2026-09-21T08:04:36.948+00:00,False,1,0.0,,0.0,300104.50428600004,300104.50428600004,300104.50428600004,300104.50428600004,300104.50428600004,300104.50428600004,nan,300104.50428600004,nan,nan,0.0,44,64,,True,False,"HTTPConnectionPool(host='gpu06', port=9004): Read timed out.",0,59.56268577710819
340,2026-09-21T07:59:37.138+00:00,2026-09-21T08:04:37.240+00:00,2026-09-21T08:04:37.240+00:00,False,1,0.0,,0.0,300102.243722,300102.243722,300102.243722,300102.243722,300102.243722,300102.243722,nan,300102.243722,nan,nan,0.0,44,64,,True,False,"HTTPConnectionPool(host='gpu06', port=9004): Read timed out.",0,59.56268577710819
341,2026-09-21T07:59:37.488+00:00,2026-09-21T08:04:37.603+00:00,2026-09-21T08:04:37.603+00:00,False,1,0.0,,0.0,300115.12104,300115.12104,300115.12104,300115.12104,300115.12104,300115.12104,nan,300115.12104,nan,nan,0.0,44,64,,True,False,"HTTPConnectionPool(host='gpu06', port=9004): Read timed out.",0,59.56268577710819
342,2026-09-21T07:59:37.798+00:00,2026-09-21T08:04:37.906+00:00,2026-09-21T08:04:37.906+00:00,False,1,0.0,,0.0,300107.821474,300107.821474,300107.821474,300107.821474,300107.821474,300107.821474,nan,300107.821474,nan,nan,0.0,44,64,,True,False,"HTTPConnectionPool(host='gpu06', port=9004): Read timed out.",0,59.56268577710819
343,2026-09-21T07:59:38.026+00:00,2026-09-21T08:04:38.079+00:00,2026-09-21T08:04:38.079+00:00,False,1,0.0,,0.0,300052.760013,300052.760013,300052.760013,300052.760013,300052.760013,300052.760013,nan,300052.760013,nan,nan,0.0,44,64,,True,False,TTFT timeout: 300.0s exceeded (TTFT: 300.041s),0,59.56268577710819
344,2026-09-21T07:59:38.248+00:00,2026-09-21T08:04:38.252+00:00,2026-09-21T08:04:38.298+00:00,False,3,2.0,,2.0,300004.384724,300049.902548,300049.902551,100016.63418366667,0.01769,300004.384724,173194.4739066469,270008.4962653,22.758912,32.160981346890026,0.006665557905588899,44,64,,True,False,Request timeout: 300.0s exceeded,92,59.56268577710819
345,2026-09-21T07:59:38.561+00:00,2026-09-21T08:04:38.666+00:00,2026-09-21T08:04:38.666+00:00,False,1,0.0,,0.0,300104.66125999996,300104.66125999996,300104.66125999996,300104.66125999996,300104.66125999996,300104.66125999996,nan,300104.66125999996,nan,nan,0.0,44,64,,True,False,"HTTPConnectionPool(host='gpu06', port=9004): Read timed out.",0,59.56268577710819
346,2026-09-21T07:59:38.797+00:00,2026-09-21T08:04:38.911+00:00,2026-09-21T08:04:38.911+00:00,False,1,0.0,,0.0,300113.821805,300113.821805,300113.821805,300113.821805,300113.821805,300113.821805,nan,300113.821805,nan,nan,0.0,44,64,,True,False,"HTTPConnectionPool(host='gpu06', port=9004): Read timed out.",0,59.56268577710819
347,2026-09-21T07:59:39.136+00:00,2026-09-21T08:04:39.142+00:00,2026-09-21T08:04:39.142+00:00,False,1,0.0,,0.0,300005.782291,300005.782291,300005.782291,300005.782291,300005.782291,300005.782291,nan,300005.782291,nan,nan,0.0,44,64,,True,False,"HTTPConnectionPool(host='gpu06', port=9004): Read timed out.",0,59.56268577710819
348,2026-09-21T07:59:39.383+00:00,2026-09-21T08:04:39.453+00:00,2026-09-21T08:04:39.453+00:00,False,1,0.0,,0.0,300070.12949,300070.12949,300070.12949,300070.12949,300070.12949,300070.12949,nan,300070.12949,nan,nan,0.0,44,64,,True,False,"HTTPConnectionPool(host='gpu06', port=9004): Read timed out.",0,59.56268577710819
349,2026-09-21T07:59:39.676+00:00,2026-09-21T08:04:39.794+00:00,2026-09-21T08:04:39.794+00:00,False,1,0.0,,0.0,300117.848713,300117.848713,300117.848713,300117.848713,300117.848713,300117.848713,nan,300117.848713,nan,nan,0.0,44,64,,True,False,"HTTPConnectionPool(host='gpu06', port=9004): Read timed out.",0,59.56268577710819
350,2026-09-21T07:59:40.001+00:00,2026-09-21T08:04:40.044+00:00,2026-09-21T08:04:40.044+00:00,False,1,0.0,,0.0,300042.43578,300042.43578,300042.43578,300042.43578,300042.43578,300042.43578,nan,300042.43578,nan,nan,0.0,44,64,,True,False,TTFT timeout: 300.0s exceeded (TTFT: 300.038s),0,59.56268577710819
351,2026-09-21T07:59:40.195+00:00,2026-09-21T08:04:40.313+00:00,2026-09-21T08:04:40.313+00:00,False,1,0.0,,0.0,300117.858566,300117.858566,300117.858566,300117.858566,300117.858566,300117.858566,nan,300117.858566,nan,nan,0.0,44,64,,True,False,"HTTPConnectionPool(host='gpu06', port=9004): Read timed out.",0,59.56268577710819
352,2026-09-21T07:59:40.451+00:00,2026-09-21T08:04:40.460+00:00,2026-09-21T08:04:40.460+00:00,False,1,0.0,,0.0,300008.84242500004,300008.84242500004,300008.84242500004,300008.84242500004,300008.84242500004,300008.84242500004,nan,300008.84242500004,nan,nan,0.0,44,64,,True,False,TTFT timeout: 300.0s exceeded (TTFT: 300.004s),0,59.56268577710819
353,2026-09-21T07:59:40.651+00:00,2026-09-21T08:04:40.624+00:00,2026-09-21T08:04:40.698+00:00,True,2,2.0,,2.0,299972.999877,300046.096069,300046.096072,150023.048036,73.09619500000001,299972.999877,212061.25557073465,284978.0046929,73.096192,nan,0.006665642466949713,44,64,,True,True,,8,59.56268577710819
354,2026-09-21T07:59:40.969+00:00,2026-09-21T08:04:41.074+00:00,2026-09-21T08:04:41.074+00:00,False,1,0.0,,0.0,300104.984792,300104.984792,300104.984792,300104.984792,300104.984792,300104.984792,nan,300104.984792,nan,nan,0.0,44,64,,True,False,"HTTPConnectionPool(host='gpu06', port=9004): Read timed out.",0,59.56268577710819
355,2026-09-21T07:59:41.239+00:00,2026-09-21T08:04:41.341+00:00,2026-09-21T08:04:41.341+00:00,False,1,0.0,,0.0,300102.419862,300102.419862,300102.419862,300102.419862,300102.419862,300102.419862,nan,300102.419862,nan,nan,0.0,44,64,,True,False,"HTTPConnectionPool(host='gpu06', port=9004): Read timed out.",0,59.56268577710819
356,2026-09-21T07:59:41.538+00:00,2026-09-21T08:04:41.644+00:00,2026-09-21T08:04:41.644+00:00,False,1,0.0,,0.0,300106.040847,300106.040847,300106.040847,300106.040847,300106.040847,300106.040847,nan,300106.040847,nan,nan,0.0,44,64,,True,False,"HTTPConnectionPool(host='gpu06', port=9004): Read timed out.",0,59.56268577710819
357,2026-09-21T07:59:41.823+00:00,2026-09-21T08:04:41.930+00:00,2026-09-21T08:04:41.930+00:00,False,1,0.0,,0.0,300106.818984,300106.818984,300106.818984,300106.818984,300106.818984,300106.818984,nan,300106.818984,nan,nan,0.0,44,64,,True,False,"HTTPConnectionPool(host='gpu06', port=9004): Read timed out.",0,59.56268577710819
358,2026-09-21T07:59:42.164+00:00,2026-09-21T08:04:42.195+00:00,2026-09-21T08:04:42.195+00:00,False,1,0.0,,0.0,300030.956848,300030.956848,300030.956848,300030.956848,300030.956848,300030.956848,nan,300030.956848,nan,nan,0.0,44,64,,True,False,TTFT timeout: 300.0s exceeded (TTFT: 300.014s),0,59.56268577710819
359,2026-09-21T07:59:42.471+00:00,2026-09-21T08:04:42.455+00:00,2026-09-21T08:04:42.601+00:00,False,3,2.0,,2.0,299984.503935,300130.478975,300130.479046,100043.49301533333,0.037340000000000005,299984.503935,173154.01008182755,270000.6473186,72.98752,103.16708302187027,0.006663768394434191,44,64,,True,False,Request timeout: 300.0s exceeded,13,59.56268577710819
360,2026-09-21T07:59:42.739+00:00,2026-09-21T08:04:42.768+00:00,2026-09-21T08:04:42.768+00:00,False,1,0.0,,0.0,300029.282702,300029.282702,300029.282702,300029.282702,300029.282702,300029.282702,nan,300029.282702,nan,nan,0.0,44,64,,True,False,TTFT timeout: 300.0s exceeded (TTFT: 300.003s),0,59.56268577710819
361,2026-09-21T07:59:43.005+00:00,2026-09-21T08:04:43.103+00:00,2026-09-21T08:04:43.103+00:00,False,1,0.0,,0.0,300097.798878,300097.798878,300097.798878,300097.798878,300097.798878,300097.798878,nan,300097.798878,nan,nan,0.0,44,64,,True,False,"HTTPConnectionPool(host='gpu06', port=9004): Read timed out.",0,59.56268577710819
362,2026-09-21T07:59:43.243+00:00,2026-09-21T08:04:43.344+00:00,2026-09-21T08:04:43.344+00:00,False,1,0.0,,0.0,300101.200123,300101.200123,300101.200123,300101.200123,300101.200123,300101.200123,nan,300101.200123,nan,nan,0.0,44,64,,True,False,"HTTPConnectionPool(host='gpu06', port=9004): Read timed out.",0,59.56268577710819
363,2026-09-21T07:59:43.534+00:00,2026-09-21T08:04:43.652+00:00,2026-09-21T08:04:43.652+00:00,False,1,0.0,,0.0,300118.49681800004,300118.49681800004,300118.49681800004,300118.49681800004,300118.49681800004,300118.49681800004,nan,300118.49681800004,nan,nan,0.0,44,64,,True,False,"HTTPConnectionPool(host='gpu06', port=9004): Read timed out.",0,59.56268577710819
364,2026-09-21T07:59:43.863+00:00,2026-09-21T08:04:43.961+00:00,2026-09-21T08:04:43.961+00:00,False,1,0.0,,0.0,300098.13729000004,300098.13729000004,300098.13729000004,300098.13729000004,300098.13729000004,300098.13729000004,nan,300098.13729000004,nan,nan,0.0,44,64,,True,False,"HTTPConnectionPool(host='gpu06', port=9004): Read timed out.",0,59.56268577710819
365,2026-09-21T07:59:44.205+00:00,2026-09-21T08:04:44.291+00:00,2026-09-21T08:04:44.291+00:00,False,1,0.0,,0.0,300086.09536000004,300086.09536000004,300086.09536000004,300086.09536000004,300086.09536000004,300086.09536000004,nan,300086.09536000004,nan,nan,0.0,44,64,,True,False,"HTTPConnectionPool(host='gpu06', port=9004): Read timed out.",0,59.56268577710819
366,2026-09-21T07:59:44.569+00:00,2026-09-21T08:04:44.636+00:00,2026-09-21T08:04:44.636+00:00,False,1,0.0,,0.0,300066.693137,300066.693137,300066.693137,300066.693137,300066.693137,300066.693137,nan,300066.693137,nan,nan,0.0,44,64,,True,False,TTFT timeout: 300.0s exceeded (TTFT: 300.056s),0,59.56268577710819
367,2026-09-21T07:59:44.795+00:00,2026-09-21T08:04:44.750+00:00,2026-09-21T08:04:44.921+00:00,False,3,2.0,,2.0,299955.15634,300126.249844,300126.25000999996,100042.08333666666,0.03663,299955.15634,173129.8208865885,269976.74640999996,85.546752,120.92960536527633,0.006663862294749502,44,64,,True,False,Request timeout: 300.0s exceeded,8,59.56268577710819
368,2026-09-21T07:59:45.032+00:00,2026-09-21T08:04:45.134+00:00,2026-09-21T08:04:45.134+00:00,False,1,0.0,,0.0,300102.13170599996,300102.13170599996,300102.13170599996,300102.13170599996,300102.13170599996,300102.13170599996,nan,300102.13170599996,nan,nan,0.0,44,64,,True,False,"HTTPConnectionPool(host='gpu06', port=9004): Read timed out.",0,59.56268577710819
369,2026-09-21T07:59:45.385+00:00,2026-09-21T08:04:45.709+00:00,2026-09-21T08:04:47.027+00:00,False,21,20.0,,20.0,300324.14378,301641.82058,301641.82078899996,14363.896228047619,0.02129,300324.14378,65521.732214458374,171.80103900000003,65.88384,33.645753135513885,0.06630380350292209,44,64,,True,False,Request timeout: 300.0s exceeded,71,59.56268577710819
370,2026-09-21T07:59:45.593+00:00,2026-09-21T08:04:45.986+00:00,2026-09-21T08:04:47.076+00:00,False,19,18.0,,18.0,300393.420435,301483.463827,301483.463908,15867.550732,0.0364,300393.420435,68901.09079953663,30191.009332499998,60.55796622222223,31.387093902698382,0.05970476712556588,44,64,,True,False,Request timeout: 300.0s exceeded,144,59.56268577710819
371,2026-09-21T07:59:45.894+00:00,2026-09-21T08:04:46.348+00:00,2026-09-21T08:04:46.909+00:00,True,11,11.0,,11.0,300454.587736,301015.477336,301015.477211,27365.043382818185,42.272348,300454.587736,90573.5556116729,150262.42935050002,56.08896,8.184495793364535,0.036542971468943974,44,64,,True,True,,33,59.56268577710819
375,2026-09-21T07:59:47.232+00:00,2026-09-21T08:04:47.250+00:00,2026-09-21T08:04:47.250+00:00,False,1,0.0,,0.0,300017.497743,300017.497743,300017.497743,300017.497743,300017.497743,300017.497743,nan,300017.497743,nan,nan,0.0,44,64,,True,False,"HTTPConnectionPool(host='gpu06', port=9004): Read timed out.",0,59.56268577710819
372,2026-09-21T07:59:46.236+00:00,2026-09-21T08:04:47.346+00:00,2026-09-21T08:04:47.346+00:00,False,1,0.0,,0.0,301109.783994,301109.783994,301109.783994,301109.783994,301109.783994,301109.783994,nan,301109.783994,nan,nan,0.0,44,64,,True,False,"HTTPConnectionPool(host='gpu06', port=9004): Read timed out.",0,59.56268577710819
376,2026-09-21T07:59:47.447+00:00,2026-09-21T08:04:47.472+00:00,2026-09-21T08:04:47.472+00:00,False,1,0.0,,0.0,300024.987661,300024.987661,300024.987661,300024.987661,300024.987661,300024.987661,nan,300024.987661,nan,nan,0.0,44,64,,True,False,"HTTPConnectionPool(host='gpu06', port=9004): Read timed out.",0,59.56268577710819
373,2026-09-21T07:59:46.577+00:00,2026-09-21T08:04:47.613+00:00,2026-09-21T08:04:47.613+00:00,False,1,0.0,,0.0,301035.847588,301035.847588,301035.847588,301035.847588,301035.847588,301035.847588,nan,301035.847588,nan,nan,0.0,44,64,,True,False,"HTTPConnectionPool(host='gpu06', port=9004): Read timed out.",0,59.56268577710819
377,2026-09-21T07:59:47.668+00:00,2026-09-21T08:04:47.696+00:00,2026-09-21T08:04:47.696+00:00,False,1,0.0,,0.0,300028.230727,300028.230727,300028.230727,300028.230727,300028.230727,300028.230727,nan,300028.230727,nan,nan,0.0,44,64,,True,False,"HTTPConnectionPool(host='gpu06', port=9004): Read timed out.",0,59.56268577710819
374,2026-09-21T07:59:46.876+00:00,2026-09-21T08:04:47.927+00:00,2026-09-21T08:04:47.927+00:00,False,1,0.0,,0.0,301051.834563,301051.834563,301051.834563,301051.834563,301051.834563,301051.834563,nan,301051.834563,nan,nan,0.0,44,64,,True,False,"HTTPConnectionPool(host='gpu06', port=9004): Read timed out.",0,59.56268577710819
378,2026-09-21T07:59:47.948+00:00,2026-09-21T08:04:48.052+00:00,2026-09-21T08:04:48.052+00:00,False,1,0.0,,0.0,300104.61362099997,300104.61362099997,300104.61362099997,300104.61362099997,300104.61362099997,300104.61362099997,nan,300104.61362099997,nan,nan,0.0,44,64,,True,False,"HTTPConnectionPool(host='gpu06', port=9004): Read timed out.",0,59.56268577710819
379,2026-09-21T07:59:48.240+00:00,2026-09-21T08:04:48.358+00:00,2026-09-21T08:04:48.358+00:00,False,1,0.0,,0.0,300117.693647,300117.693647,300117.693647,300117.693647,300117.693647,300117.693647,nan,300117.693647,nan,nan,0.0,44,64,,True,False,"HTTPConnectionPool(host='gpu06', port=9004): Read timed out.",0,59.56268577710819
380,2026-09-21T07:59:48.594+00:00,2026-09-21T08:04:48.700+00:00,2026-09-21T08:04:48.700+00:00,False,1,0.0,,0.0,300105.834935,300105.834935,300105.834935,300105.834935,300105.834935,300105.834935,nan,300105.834935,nan,nan,0.0,44,64,,True,False,"HTTPConnectionPool(host='gpu06', port=9004): Read timed out.",0,59.56268577710819
381,2026-09-21T07:59:48.947+00:00,2026-09-21T08:04:49.023+00:00,2026-09-21T08:04:49.023+00:00,False,1,0.0,,0.0,300076.517894,300076.517894,300076.517894,300076.517894,300076.517894,300076.517894,nan,300076.517894,nan,nan,0.0,44,64,,True,False,TTFT timeout: 300.0s exceeded (TTFT: 300.060s),0,59.56268577710819
382,2026-09-21T07:59:49.173+00:00,2026-09-21T08:04:49.137+00:00,2026-09-21T08:04:49.281+00:00,False,3,2.0,,2.0,299963.959147,300108.086891,300108.08711799997,100036.02903933333,0.08902,299963.959147,173142.68135918333,269981.9671274,72.063872,101.78807772034601,0.006664265600834693,44,64,,True,False,Request timeout: 300.0s exceeded,6,59.56268577710819
383,2026-09-21T07:59:49.393+00:00,2026-09-21T08:04:49.282+00:00,2026-09-21T08:04:49.406+00:00,False,4,3.0,,3.0,299889.048169,300013.520233,300013.520092,75003.380023,0.10403,299889.048169,149923.78191043469,254916.73233055,41.490688,37.6187262071287,0.009999549345876496,44,64,,True,False,Request timeout: 300.0s exceeded,13,59.56268577710819
384,2026-09-21T07:59:49.657+00:00,2026-09-21T08:04:49.757+00:00,2026-09-21T08:04:49.757+00:00,False,1,0.0,,0.0,300099.616956,300099.616956,300099.616956,300099.616956,300099.616956,300099.616956,nan,300099.616956,nan,nan,0.0,44,64,,True,False,"HTTPConnectionPool(host='gpu06', port=9004): Read timed out.",0,59.56268577710819
385,2026-09-21T07:59:49.961+00:00,2026-09-21T08:04:50.068+00:00,2026-09-21T08:04:50.068+00:00,False,1,0.0,,0.0,300107.574351,300107.574351,300107.574351,300107.574351,300107.574351,300107.574351,nan,300107.574351,nan,nan,0.0,44,64,,True,False,"HTTPConnectionPool(host='gpu06', port=9004): Read timed out.",0,59.56268577710819
386,2026-09-21T07:59:50.296+00:00,2026-09-21T08:04:50.409+00:00,2026-09-21T08:04:50.409+00:00,False,1,0.0,,0.0,300113.50431,300113.50431,300113.50431,300113.50431,300113.50431,300113.50431,nan,300113.50431,nan,nan,0.0,44,64,,True,False,"HTTPConnectionPool(host='gpu06', port=9004): Read timed out.",0,59.56268577710819
387,2026-09-21T07:59:50.525+00:00,2026-09-21T08:04:50.641+00:00,2026-09-21T08:04:50.641+00:00,False,1,0.0,,0.0,300116.042756,300116.042756,300116.042756,300116.042756,300116.042756,300116.042756,nan,300116.042756,nan,nan,0.0,44,64,,True,False,"HTTPConnectionPool(host='gpu06', port=9004): Read timed out.",0,59.56268577710819
388,2026-09-21T07:59:50.818+00:00,2026-09-21T08:04:50.904+00:00,2026-09-21T08:04:50.904+00:00,False,1,0.0,,0.0,300086.245344,300086.245344,300086.245344,300086.245344,300086.245344,300086.245344,nan,300086.245344,nan,nan,0.0,44,64,,True,False,TTFT timeout: 300.0s exceeded (TTFT: 300.079s),0,59.56268577710819
389,2026-09-21T07:59:51.016+00:00,2026-09-21T08:04:51.074+00:00,2026-09-21T08:04:51.074+00:00,False,1,0.0,,0.0,300058.079937,300058.079937,300058.079937,300058.079937,300058.079937,300058.079937,nan,300058.079937,nan,nan,0.0,44,64,,True,False,TTFT timeout: 300.0s exceeded (TTFT: 300.053s),0,59.56268577710819
390,2026-09-21T07:59:51.323+00:00,2026-09-21T08:04:51.338+00:00,2026-09-21T08:04:51.338+00:00,False,1,0.0,,0.0,300015.125623,300015.125623,300015.125623,300015.125623,300015.125623,300015.125623,nan,300015.125623,nan,nan,0.0,44,64,,True,False,TTFT timeout: 300.0s exceeded (TTFT: 300.010s),0,59.56268577710819
391,2026-09-21T07:59:51.679+00:00,2026-09-21T08:04:51.768+00:00,2026-09-21T08:04:51.768+00:00,False,1,0.0,,0.0,300089.747866,300089.747866,300089.747866,300089.747866,300089.747866,300089.747866,nan,300089.747866,nan,nan,0.0,44,64,,True,False,"HTTPConnectionPool(host='gpu06', port=9004): Read timed out.",0,59.56268577710819
392,2026-09-21T07:59:51.892+00:00,2026-09-21T08:04:51.954+00:00,2026-09-21T08:04:51.954+00:00,False,1,0.0,,0.0,300062.235646,300062.235646,300062.235646,300062.235646,300062.235646,300062.235646,nan,300062.235646,nan,nan,0.0,44,64,,True,False,"HTTPConnectionPool(host='gpu06', port=9004): Read timed out.",0,59.56268577710819
393,2026-09-21T07:59:52.168+00:00,2026-09-21T08:04:52.286+00:00,2026-09-21T08:04:52.286+00:00,False,1,0.0,,0.0,300117.29381199996,300117.29381199996,300117.29381199996,300117.29381199996,300117.29381199996,300117.29381199996,nan,300117.29381199996,nan,nan,0.0,44,64,,True,False,"HTTPConnectionPool(host='gpu06', port=9004): Read timed out.",0,59.56268577710819
394,2026-09-21T07:59:52.428+00:00,2026-09-21T08:04:52.483+00:00,2026-09-21T08:04:52.483+00:00,False,1,0.0,,0.0,300055.021476,300055.021476,300055.021476,300055.021476,300055.021476,300055.021476,nan,300055.021476,nan,nan,0.0,44,64,,True,False,"HTTPConnectionPool(host='gpu06', port=9004): Read timed out.",0,59.56268577710819
395,2026-09-21T07:59:52.678+00:00,2026-09-21T08:04:52.721+00:00,2026-09-21T08:04:52.721+00:00,False,1,0.0,,0.0,300042.79888,300042.79888,300042.79888,300042.79888,300042.79888,300042.79888,nan,300042.79888,nan,nan,0.0,44,64,,True,False,TTFT timeout: 300.0s exceeded (TTFT: 300.031s),0,59.56268577710819
396,2026-09-21T07:59:54.190+00:00,2026-09-21T08:04:53.199+00:00,2026-09-21T08:04:53.870+00:00,True,12,12.0,,12.0,299009.564868,299680.62944399996,299680.629477,24973.38578975,44.680786999999995,299009.564868,86299.01660162455,134605.8660933,61.00587054545455,14.431490884475355,0.04004262812135607,44,64,,True,True,,24,59.56268577710819
397,2026-09-21T07:59:54.287+00:00,2026-09-21T08:04:53.292+00:00,2026-09-21T08:04:54.687+00:00,False,26,25.0,,25.0,299004.889613,300399.941389,300399.941418,11553.843900692307,0.020149999999999998,299004.889613,58628.741421584506,75.09308325,55.80207104,14.703486095055837,0.08322238641061015,44,64,,True,False,Request timeout: 300.0s exceeded,50,59.56268577710819
398,2026-09-21T07:59:54.342+00:00,2026-09-21T08:04:54.978+00:00,2026-09-21T08:04:54.978+00:00,False,1,0.0,,0.0,300635.875135,300635.875135,300635.875135,300635.875135,300635.875135,300635.875135,nan,300635.875135,nan,nan,0.0,44,64,,True,False,"HTTPConnectionPool(host='gpu06', port=9004): Read timed out.",0,59.56268577710819
400,2026-09-21T07:59:54.576+00:00,2026-09-21T08:04:55.010+00:00,2026-09-21T08:04:55.010+00:00,False,1,0.0,,0.0,300433.645643,300433.645643,300433.645643,300433.645643,300433.645643,300433.645643,nan,300433.645643,nan,nan,0.0,44,64,,True,False,"HTTPConnectionPool(host='gpu06', port=9004): Read timed out.",0,59.56268577710819
399,2026-09-21T07:59:54.360+00:00,2026-09-21T08:04:55.037+00:00,2026-09-21T08:04:55.037+00:00,False,1,0.0,,0.0,300677.66777999996,300677.66777999996,300677.66777999996,300677.66777999996,300677.66777999996,300677.66777999996,nan,300677.66777999996,nan,nan,0.0,44,64,,True,False,"HTTPConnectionPool(host='gpu06', port=9004): Read timed out.",0,59.56268577710819
401,2026-09-21T07:59:54.595+00:00,2026-09-21T08:04:55.037+00:00,2026-09-21T08:04:55.037+00:00,False,1,0.0,,0.0,300442.741239,300442.741239,300442.741239,300442.741239,300442.741239,300442.741239,nan,300442.741239,nan,nan,0.0,44,64,,True,False,"HTTPConnectionPool(host='gpu06', port=9004): Read timed out.",0,59.56268577710819
403,2026-09-21T07:59:54.906+00:00,2026-09-21T08:04:55.157+00:00,2026-09-21T08:04:55.157+00:00,False,1,0.0,,0.0,300251.202795,300251.202795,300251.202795,300251.202795,300251.202795,300251.202795,nan,300251.202795,nan,nan,0.0,44,64,,True,False,"HTTPConnectionPool(host='gpu06', port=9004): Read timed out.",0,59.56268577710819
402,2026-09-21T07:59:54.654+00:00,2026-09-21T08:04:55.287+00:00,2026-09-21T08:04:55.287+00:00,False,1,0.0,,0.0,300633.009439,300633.009439,300633.009439,300633.009439,300633.009439,300633.009439,nan,300633.009439,nan,nan,0.0,44,64,,True,False,"HTTPConnectionPool(host='gpu06', port=9004): Read timed out.",0,59.56268577710819
404,2026-09-21T07:59:55.127+00:00,2026-09-21T08:04:55.379+00:00,2026-09-21T08:04:55.379+00:00,False,1,0.0,,0.0,300251.668841,300251.668841,300251.668841,300251.668841,300251.668841,300251.668841,nan,300251.668841,nan,nan,0.0,44,64,,True,False,"HTTPConnectionPool(host='gpu06', port=9004): Read timed out.",0,59.56268577710819
405,2026-09-21T07:59:55.409+00:00,2026-09-21T08:04:55.633+00:00,2026-09-21T08:04:55.633+00:00,False,1,0.0,,0.0,300224.079472,300224.079472,300224.079472,300224.079472,300224.079472,300224.079472,nan,300224.079472,nan,nan,0.0,44,64,,True,False,"HTTPConnectionPool(host='gpu06', port=9004): Read timed out.",0,59.56268577710819
406,2026-09-21T07:59:55.705+00:00,2026-09-21T08:04:55.810+00:00,2026-09-21T08:04:55.810+00:00,False,1,0.0,,0.0,300104.690614,300104.690614,300104.690614,300104.690614,300104.690614,300104.690614,nan,300104.690614,nan,nan,0.0,44,64,,True,False,"HTTPConnectionPool(host='gpu06', port=9004): Read timed out.",0,59.56268577710819
407,2026-09-21T07:59:55.952+00:00,2026-09-21T08:04:56.061+00:00,2026-09-21T08:04:56.061+00:00,False,1,0.0,,0.0,300109.596028,300109.596028,300109.596028,300109.596028,300109.596028,300109.596028,nan,300109.596028,nan,nan,0.0,44,64,,True,False,"HTTPConnectionPool(host='gpu06', port=9004): Read timed out.",0,59.56268577710819
408,2026-09-21T07:59:56.210+00:00,2026-09-21T08:04:56.330+00:00,2026-09-21T08:04:56.330+00:00,False,1,0.0,,0.0,300120.343088,300120.343088,300120.343088,300120.343088,300120.343088,300120.343088,nan,300120.343088,nan,nan,0.0,44,64,,True,False,"HTTPConnectionPool(host='gpu06', port=9004): Read timed out.",0,59.56268577710819
409,2026-09-21T07:59:56.424+00:00,2026-09-21T08:04:56.528+00:00,2026-09-21T08:04:56.528+00:00,False,1,0.0,,0.0,300104.332507,300104.332507,300104.332507,300104.332507,300104.332507,300104.332507,nan,300104.332507,nan,nan,0.0,44,64,,True,False,"HTTPConnectionPool(host='gpu06', port=9004): Read timed out.",0,59.56268577710819
410,2026-09-21T07:59:56.715+00:00,2026-09-21T08:04:56.819+00:00,2026-09-21T08:04:56.819+00:00,False,1,0.0,,0.0,300104.52570399997,300104.52570399997,300104.52570399997,300104.52570399997,300104.52570399997,300104.52570399997,nan,300104.52570399997,nan,nan,0.0,44,64,,True,False,"HTTPConnectionPool(host='gpu06', port=9004): Read timed out.",0,59.56268577710819
411,2026-09-21T07:59:57.029+00:00,2026-09-21T08:04:57.134+00:00,2026-09-21T08:04:57.134+00:00,False,1,0.0,,0.0,300105.144577,300105.144577,300105.144577,300105.144577,300105.144577,300105.144577,nan,300105.144577,nan,nan,0.0,44,64,,True,False,"HTTPConnectionPool(host='gpu06', port=9004): Read timed out.",0,59.56268577710819
412,2026-09-21T07:59:57.384+00:00,2026-09-21T08:04:57.358+00:00,2026-09-21T08:04:57.447+00:00,False,3,2.0,,2.0,299973.85937300004,300063.15703700006,300063.15703700006,100021.05234566669,0.039740000000000004,299973.85937300004,173164.21618958577,269985.3992281001,44.648832,63.08686776436288,0.00666526347236087,44,64,,True,False,Request timeout: 300.0s exceeded,4,59.56268577710819
413,2026-09-21T07:59:57.625+00:00,2026-09-21T08:04:57.728+00:00,2026-09-21T08:04:57.728+00:00,False,1,0.0,,0.0,300103.601629,300103.601629,300103.601629,300103.601629,300103.601629,300103.601629,nan,300103.601629,nan,nan,0.0,44,64,,True,False,"HTTPConnectionPool(host='gpu06', port=9004): Read timed out.",0,59.56268577710819
414,2026-09-21T07:59:57.853+00:00,2026-09-21T08:04:57.959+00:00,2026-09-21T08:04:57.959+00:00,False,1,0.0,,0.0,300106.26352499996,300106.26352499996,300106.26352499996,300106.26352499996,300106.26352499996,300106.26352499996,nan,300106.26352499996,nan,nan,0.0,44,64,,True,False,"HTTPConnectionPool(host='gpu06', port=9004): Read timed out.",0,59.56268577710819
415,2026-09-21T07:59:58.164+00:00,2026-09-21T08:04:58.230+00:00,2026-09-21T08:04:58.230+00:00,False,1,0.0,,0.0,300065.98633999994,300065.98633999994,300065.98633999994,300065.98633999994,300065.98633999994,300065.98633999994,nan,300065.98633999994,nan,nan,0.0,44,64,,True,False,"HTTPConnectionPool(host='gpu06', port=9004): Read timed out.",0,59.56268577710819
416,2026-09-21T07:59:58.496+00:00,2026-09-21T08:04:58.600+00:00,2026-09-21T08:04:58.600+00:00,False,1,0.0,,0.0,300103.536379,300103.536379,300103.536379,300103.536379,300103.536379,300103.536379,nan,300103.536379,nan,nan,0.0,44,64,,True,False,TTFT timeout: 300.0s exceeded (TTFT: 300.099s),0,59.56268577710819
417,2026-09-21T07:59:58.721+00:00,2026-09-21T08:04:58.803+00:00,2026-09-21T08:04:58.803+00:00,False,1,0.0,,0.0,300082.00138599996,300082.00138599996,300082.00138599996,300082.00138599996,300082.00138599996,300082.00138599996,nan,300082.00138599996,nan,nan,0.0,44,64,,True,False,TTFT timeout: 300.0s exceeded (TTFT: 300.076s),0,59.56268577710819
418,2026-09-21T07:59:58.973+00:00,2026-09-21T08:04:59.069+00:00,2026-09-21T08:04:59.069+00:00,False,1,0.0,,0.0,300095.980998,300095.980998,300095.980998,300095.980998,300095.980998,300095.980998,nan,300095.980998,nan,nan,0.0,44,64,,True,False,TTFT timeout: 300.0s exceeded (TTFT: 300.051s),0,59.56268577710819
419,2026-09-21T07:59:59.215+00:00,2026-09-21T08:04:59.215+00:00,2026-09-21T08:04:59.373+00:00,False,3,2.0,,2.0,300000.466748,300158.660924,300158.66094800003,100052.88698266666,0.04015,300000.466748,173159.70154892304,270016.2354782,79.097088,111.80333452231929,0.006663142732057959,44,64,,True,False,Request timeout: 300.0s exceeded,9,59.56268577710819
420,2026-09-21T07:59:59.536+00:00,2026-09-21T08:04:59.649+00:00,2026-09-21T08:04:59.649+00:00,False,1,0.0,,0.0,300112.719052,300112.719052,300112.719052,300112.719052,300112.719052,300112.719052,nan,300112.719052,nan,nan,0.0,44,64,,True,False,"HTTPConnectionPool(host='gpu06', port=9004): Read timed out.",0,59.56268577710819
421,2026-09-21T07:59:59.771+00:00,2026-09-21T08:04:59.883+00:00,2026-09-21T08:04:59.883+00:00,False,1,0.0,,0.0,300112.198318,300112.198318,300112.198318,300112.198318,300112.198318,300112.198318,nan,300112.198318,nan,nan,0.0,44,64,,True,False,"HTTPConnectionPool(host='gpu06', port=9004): Read timed out.",0,59.56268577710819
422,2026-09-21T08:00:00.081+00:00,2026-09-21T08:05:00.136+00:00,2026-09-21T08:05:00.136+00:00,False,1,0.0,,0.0,300054.999685,300054.999685,300054.999685,300054.999685,300054.999685,300054.999685,nan,300054.999685,nan,nan,0.0,44,64,,True,False,"HTTPConnectionPool(host='gpu06', port=9004): Read timed out.",0,59.56268577710819
423,2026-09-21T08:00:00.373+00:00,2026-09-21T08:05:00.480+00:00,2026-09-21T08:05:00.480+00:00,False,1,0.0,,0.0,300106.146199,300106.146199,300106.146199,300106.146199,300106.146199,300106.146199,nan,300106.146199,nan,nan,0.0,44,64,,True,False,"HTTPConnectionPool(host='gpu06', port=9004): Read timed out.",0,59.56268577710819
424,2026-09-21T08:00:00.670+00:00,2026-09-21T08:05:00.752+00:00,2026-09-21T08:05:00.752+00:00,False,1,0.0,,0.0,300082.541066,300082.541066,300082.541066,300082.541066,300082.541066,300082.541066,nan,300082.541066,nan,nan,0.0,44,64,,True,False,"HTTPConnectionPool(host='gpu06', port=9004): Read timed out.",0,59.56268577710819
425,2026-09-21T08:00:00.896+00:00,2026-09-21T08:05:00.977+00:00,2026-09-21T08:05:00.977+00:00,False,1,0.0,,0.0,300081.620992,300081.620992,300081.620992,300081.620992,300081.620992,300081.620992,nan,300081.620992,nan,nan,0.0,44,64,,True,False,TTFT timeout: 300.0s exceeded (TTFT: 300.065s),0,59.56268577710819
426,2026-09-21T08:00:01.155+00:00,2026-09-21T08:05:01.167+00:00,2026-09-21T08:05:02.969+00:00,False,29,28.0,,28.0,300011.43431800004,301814.06369400007,301814.06357700005,10407.381502655175,0.02777,300011.43431800004,55698.78086413166,176.02318879999999,64.37962057142857,35.81920835540869,0.09277235015923026,44,64,,True,False,Request timeout: 300.0s exceeded,89,59.56268577710819
427,2026-09-21T08:00:01.391+00:00,2026-09-21T08:05:01.387+00:00,2026-09-21T08:05:01.817+00:00,True,8,8.0,,8.0,299996.120193,300426.484353,300426.484477,37553.310559625,46.703197,299996.120193,106042.91032231285,195033.85293735002,61.48059428571428,19.533637440840945,0.026628810762902078,44,64,,True,True,,48,59.56268577710819
429,2026-09-21T08:00:02.029+00:00,2026-09-21T08:05:03.225+00:00,2026-09-21T08:05:03.225+00:00,False,1,0.0,,0.0,301195.91870499996,301195.91870499996,301195.91870499996,301195.91870499996,301195.91870499996,301195.91870499996,nan,301195.91870499996,nan,nan,0.0,44,64,,True,False,"HTTPConnectionPool(host='gpu06', port=9004): Read timed out.",0,59.56268577710819
430,2026-09-21T08:00:02.230+00:00,2026-09-21T08:05:03.382+00:00,2026-09-21T08:05:03.382+00:00,False,1,0.0,,0.0,301152.108037,301152.108037,301152.108037,301152.108037,301152.108037,301152.108037,nan,301152.108037,nan,nan,0.0,44,64,,True,False,"HTTPConnectionPool(host='gpu06', port=9004): Read timed out.",0,59.56268577710819
428,2026-09-21T08:00:01.737+00:00,2026-09-21T08:05:03.600+00:00,2026-09-21T08:05:03.656+00:00,True,2,2.0,,2.0,301862.274888,301918.348872,301918.349024,150959.174512,56.074135999999996,301862.274888,213409.2111558877,286771.9648504,56.073984,nan,0.006624307556901456,44,64,,True,True,,18,59.56268577710819
0,2026-09-21T07:58:02.297+00:00,2026-09-21T07:58:02.477+00:00,2026-09-21T07:58:04.180+00:00,True,33,33.0,,33.0,179.590962,1882.413618,1882.413607,57.042836575757576,0.01579,237.229576,52.684726922457166,183.87121439999999,53.213208,48.63768939379393,17.530684906041728,45,64,,False,True,,220,59.56268577710819
2,2026-09-21T07:58:02.801+00:00,2026-09-21T07:58:03.491+00:00,2026-09-21T07:58:07.477+00:00,True,66,66.0,,66.0,689.9858760000001,4675.150164,4675.150185,70.83560886363637,39.887834000000005,689.9858760000001,78.27593657407077,78.76944999999999,61.31021981538462,11.870530190195307,14.11719360550576,45,64,,False,True,,132,59.56268577710819
3,2026-09-21T07:58:03.121+00:00,2026-09-21T07:58:03.493+00:00,2026-09-21T07:58:07.913+00:00,True,73,73.0,,73.0,371.691415,4791.905943000001,4791.90592,65.64254684931507,39.581322,371.691415,38.122293107633524,77.8125908,61.39186844444445,11.671253235147601,15.234021883638627,45,64,,False,True,,292,59.56268577710819
6,2026-09-21T07:58:03.866+00:00,2026-09-21T07:58:04.434+00:00,2026-09-21T07:58:08.685+00:00,True,69,69.0,,69.0,567.679628,4818.948236,4818.948229,69.8398294057971,42.944905,567.679628,61.79662802121333,77.65454,62.518656,11.05666151832666,14.318477107625856,45,64,,False,True,,372,59.56268577710819
1,2026-09-21T07:58:02.544+00:00,2026-09-21T07:58:05.280+00:00,2026-09-21T07:58:09.553+00:00,True,69,69.0,,69.0,2735.9122340000004,7008.305706,7008.305588,101.56964620289855,43.761025000000004,2735.9122340000004,321.9928974106837,76.822981,62.82931576470588,11.18687347212604,9.84546092801392,45,64,,False,True,,274,59.56268577710819
5,2026-09-21T07:58:03.555+00:00,2026-09-21T07:58:05.339+00:00,2026-09-21T07:58:06.900+00:00,True,25,25.0,,25.0,1783.5481599999998,3344.744192,3344.7443449999996,133.7897738,40.978913,1783.5481599999998,343.9502872496066,102.09957840000001,65.04983466666667,13.410224961211217,7.474413158350138,45,64,,False,True,,239,59.56268577710819
7,2026-09-21T07:58:04.087+00:00,2026-09-21T07:58:10.056+00:00,2026-09-21T07:58:13.684+00:00,True,57,57.0,,57.0,5968.510967,9597.280247,9597.280374,168.37333989473683,0.01653,5968.510967,783.7127833676304,83.125494,64.79945142857143,52.77423972422466,5.939182615597533,45,64,,False,True,,57,59.56268577710819
8,2026-09-21T07:58:04.369+00:00,2026-09-21T07:58:11.773+00:00,2026-09-21T07:58:13.820+00:00,True,32,32.0,,32.0,7404.342127,9450.683759,9450.683919,295.33387246875,0.0166,7404.342127,1299.0446312659385,229.12262725,66.01102038709678,69.46682062415853,3.385998390807016,45,64,,False,True,,176,59.56268577710819
9,2026-09-21T07:58:04.652+00:00,2026-09-21T07:58:13.210+00:00,2026-09-21T07:58:17.005+00:00,True,62,62.0,,62.0,8558.282106,12352.57305,12352.57288,199.2350464516129,38.448204,8558.282106,1079.062791808136,81.34621695000001,62.2014908852459,11.423152609093751,5.019197194709162,45,64,,False,True,,317,59.56268577710819
4,2026-09-21T07:58:03.227+00:00,2026-09-21T07:58:14.524+00:00,2026-09-21T07:58:17.695+00:00,True,54,54.0,,54.0,11296.695067999999,14467.637276,14467.637157,267.9192066111111,37.613444,11296.695067999999,1529.1809641072416,79.28153850000001,59.82909826415094,10.766836346686674,3.732468472207224,45,64,,False,True,,144,59.56268577710819
10,2026-09-21T07:58:04.980+00:00,2026-09-21T07:58:15.087+00:00,2026-09-21T07:58:17.646+00:00,True,43,43.0,,43.0,10107.500519,12666.431462999999,12666.431314,294.56817009302324,36.947924,10107.500519,1532.125114748689,76.298477,60.92692723809524,10.777550926261576,3.3947998791615146,45,64,,False,True,,173,59.56268577710819
11,2026-09-21T07:58:05.201+00:00,2026-09-21T07:58:16.749+00:00,2026-09-21T07:58:19.821+00:00,True,50,50.0,,50.0,11548.208436,14619.664948000001,14619.664935,292.3932987,41.686394,11548.208436,1624.3285215329174,77.8600335,62.68278595918367,9.958973995960632,3.4200510188053315,45,64,,False,True,,150,59.56268577710819
12,2026-09-21T07:58:05.512+00:00,2026-09-21T07:58:18.233+00:00,2026-09-21T07:58:22.266+00:00,True,64,64.0,,64.0,12721.3166,16753.356792,16753.356949,261.771202328125,25.639982,12721.3166,1582.2111888534657,80.482313,64.00063796825397,12.253184965304714,3.820129947364402,45,64,,False,True,,130,59.56268577710819
13,2026-09-21T07:58:05.810+00:00,2026-09-21T07:58:20.013+00:00,2026-09-21T07:58:21.559+00:00,True,25,25.0,,25.0,14203.461774,15748.91611,15748.916164999999,629.9566466,24.780922999999998,14203.461774,2827.852179414889,98.5706704,64.39393066666666,15.09524273799878,1.5874108303952355,45,64,,False,True,,138,59.56268577710819
14,2026-09-21T07:58:06.056+00:00,2026-09-21T07:58:21.248+00:00,2026-09-21T07:58:27.273+00:00,True,96,96.0,,96.0,15191.950616,21217.031448,21217.031612,221.01074595833333,0.0,15191.950616,1545.7413147027983,86.13285425,63.421903494736846,72.69480888811594,4.5246669042878445,45,64,,False,True,,373,59.56268577710819
15,2026-09-21T07:58:06.275+00:00,2026-09-21T07:58:22.189+00:00,2026-09-21T07:58:23.980+00:00,True,28,28.0,,28.0,15914.131709000001,17704.425981,17704.425785,632.3009208928572,0.0,15914.131709000001,2997.347594271143,489.32027709999994,66.30719525925926,121.95961395161238,1.58152543494203,45,64,,False,True,,112,59.56268577710819
16,2026-09-21T07:58:06.530+00:00,2026-09-21T07:58:23.787+00:00,2026-09-21T07:58:27.214+00:00,True,59,59.0,,59.0,17256.501518,20684.22811,20684.228174,350.5801385423729,0.0,17256.501518,2239.5732531049916,77.361318,59.098734344827584,54.92983843449281,2.8524148779560137,45,64,,False,True,,59,59.56268577710819
17,2026-09-21T07:58:06.753+00:00,2026-09-21T07:58:24.709+00:00,2026-09-21T07:58:27.985+00:00,True,55,55.0,,55.0,17955.319345,21232.072497,21232.072475,386.03768136363635,0.0,17955.319345,2413.527892086565,76.149928,60.680613925925925,55.006625194065556,2.5904206952840454,45,64,,False,True,,55,59.56268577710819
18,2026-09-21T07:58:07.025+00:00,2026-09-21T07:58:26.284+00:00,2026-09-21T07:58:28.236+00:00,True,33,33.0,,33.0,19259.85094,21211.131836,21211.131963,642.7615746363637,0.0,19259.85094,3342.8706530077247,221.6414734,60.977528,73.16628863005654,1.5557868507512491,45,64,,False,True,,99,59.56268577710819
19,2026-09-21T07:58:07.229+00:00,2026-09-21T07:58:27.335+00:00,2026-09-21T07:58:31.052+00:00,True,60,60.0,,60.0,20105.902237,23822.360477,23822.360302999998,397.0393383833333,0.0,20105.902237,2588.1246562372244,76.56401149999999,62.990817627118645,56.012846348360526,2.5186420992129968,45,64,,False,True,,129,59.56268577710819
20,2026-09-21T07:58:07.440+00:00,2026-09-21T07:58:28.552+00:00,2026-09-21T07:58:32.097+00:00,True,56,56.0,,56.0,21111.437282000003,24656.553698000003,24656.553830000004,440.2956041071429,0.0,21111.437282000003,2813.077007883397,81.58725075000001,64.45666210909091,56.43836911284424,2.2712014292793237,45,64,,False,True,,119,59.56268577710819
21,2026-09-21T07:58:07.747+00:00,2026-09-21T07:58:30.137+00:00,2026-09-21T07:58:35.375+00:00,True,82,82.0,,82.0,22390.061255,27628.137671,27628.137689,336.92850840243904,0.0,22390.061255,2467.4454588561757,86.19126495,64.66761007407408,100.39826670646201,2.9679886851755364,45,64,,False,True,,329,59.56268577710819
22,2026-09-21T07:58:07.972+00:00,2026-09-21T07:58:31.401+00:00,2026-09-21T07:58:35.376+00:00,True,56,56.0,,56.0,23429.430401999998,27404.656769999998,27404.656854999997,489.36887241071423,0.01618,23429.430401999998,3122.9886759190586,203.05510349999997,72.27684305454545,105.73071467820928,2.0434483259539835,45,64,,False,True,,360,59.56268577710819
23,2026-09-21T07:58:08.254+00:00,2026-09-21T07:58:32.703+00:00,2026-09-21T07:58:38.032+00:00,True,84,84.0,,84.0,24448.709679,29777.654063,29777.654201999998,354.4958833571429,0.0,24448.709679,2662.080233090928,81.299398,64.20414920481927,90.27178602246525,2.8209072421313928,45,64,,False,True,,168,59.56268577710819
24,2026-09-21T07:58:08.545+00:00,2026-09-21T07:58:34.132+00:00,2026-09-21T07:58:39.682+00:00,True,88,88.0,,88.0,25586.662087,31137.486023,31137.486083,353.835069125,0.0,25586.662087,2721.3520997824367,77.881132,63.80257397701149,57.76672480535581,2.8261754958315506,45,64,,False,True,,440,59.56268577710819
25,2026-09-21T07:58:08.761+00:00,2026-09-21T07:58:35.374+00:00,2026-09-21T07:58:35.840+00:00,True,10,10.0,,10.0,26612.679693,27078.330381,27078.330600999998,2707.8330601,0.0,26612.679693,8399.33002035581,14668.857288749998,51.73896533333333,20.884152690938457,0.36929898776243164,45,64,,False,True,,22,59.56268577710819
26,2026-09-21T07:58:08.949+00:00,2026-09-21T07:58:36.182+00:00,2026-09-21T07:58:39.362+00:00,True,51,51.0,,51.0,27233.102057999997,30413.122537999996,30413.122377999996,596.3357329019607,42.792165000000004,27233.102057999997,3804.5041807220814,79.009033,63.6004096,10.037080207867593,1.6769077208786278,45,64,,False,True,,330,59.56268577710819
27,2026-09-21T07:58:09.201+00:00,2026-09-21T07:58:37.375+00:00,2026-09-21T07:58:42.315+00:00,True,79,79.0,,79.0,28173.812156,33113.572284,33113.572399,419.1591442911392,0.0,28173.812156,3163.3824606886105,77.217378,63.33025805128205,67.26949001116401,2.385728707324388,45,64,,False,True,,790,59.56268577710819
28,2026-09-21T07:58:09.435+00:00,2026-09-21T07:58:38.347+00:00,2026-09-21T07:58:43.548+00:00,True,76,76.0,,76.0,28912.064972,34113.447116,34113.447172,448.861147,0.0,28912.064972,3310.09029962485,78.77561574999999,69.35176192,103.73494027316629,2.2278604604679257,45,64,,False,True,,498,59.56268577710819
29,2026-09-21T07:58:09.731+00:00,2026-09-21T07:58:40.542+00:00,2026-09-21T07:58:43.568+00:00,True,42,42.0,,42.0,30810.693919,33836.481567,33836.481603,805.6305143571429,0.0,30810.693919,4744.271808008685,79.958905,73.79969873170732,119.40001174977185,1.2412638092065018,45,64,,False,True,,294,59.56268577710819
30,2026-09-21T07:58:09.944+00:00,2026-09-21T07:58:41.431+00:00,2026-09-21T07:58:46.502+00:00,True,72,72.0,,72.0,31487.889669,36558.286341,36558.286325,507.7539767361111,0.0,31487.889669,3704.343209020915,96.27926735000001,71.41403763380282,118.7183629970766,1.9694577401253142,45,64,,False,True,,360,59.56268577710819
31,2026-09-21T07:58:10.276+00:00,2026-09-21T07:58:43.616+00:00,2026-09-21T07:58:46.486+00:00,True,48,48.0,,48.0,33340.065991999996,36209.73587999999,36209.7357,754.36949375,0.0,33340.065991999996,4804.477969680865,77.44938400000001,61.05680612765958,102.33248846022215,1.3256103319580472,45,64,,False,True,,288,59.56268577710819
32,2026-09-21T07:58:10.561+00:00,2026-09-21T07:58:44.520+00:00,2026-09-21T07:58:47.574+00:00,True,49,49.0,,49.0,33959.153206,37013.326902,37013.326883,755.3740180204082,0.0,33959.153206,4843.294477646128,77.821978,63.62861866666666,103.1991528918725,1.323847492275878,45,64,,False,True,,241,59.56268577710819
33,2026-09-21T07:58:10.769+00:00,2026-09-21T07:58:45.690+00:00,2026-09-21T07:58:49.081+00:00,True,53,53.0,,53.0,34921.150865999996,38312.40053,38312.400497999995,722.8754810943395,0.0,34921.150865999996,4788.820625052147,79.212732,65.2163396923077,98.30995467877081,1.3833641136242318,45,64,,False,True,,216,59.56268577710819
34,2026-09-21T07:58:11.047+00:00,2026-09-21T07:58:47.064+00:00,2026-09-21T07:58:49.444+00:00,True,38,38.0,,38.0,36017.20472,38396.709104,38396.709157000005,1010.4397146578948,43.322155,36017.20472,5832.337376526686,78.90034949999999,64.31092929729729,9.70248936083913,0.9896681483060048,45,64,,False,True,,76,59.56268577710819
35,2026-09-21T07:58:11.351+00:00,2026-09-21T07:58:48.680+00:00,2026-09-21T07:58:50.025+00:00,True,22,22.0,,22.0,37329.016795,38674.646235,38674.646005,1757.9384547727275,45.252635000000005,37329.016795,7944.916180640996,77.40582895,64.07759238095238,8.612113078154968,0.5688481251081313,45,64,,False,True,,82,59.56268577710819
36,2026-09-21T07:58:11.553+00:00,2026-09-21T07:58:49.383+00:00,2026-09-21T07:58:49.449+00:00,True,2,2.0,,2.0,37830.290177,37896.518657,37896.518704,18948.259352,66.228527,37830.290177,26703.224077861843,35942.0870945,66.22848,nan,0.052775296277263,45,64,,False,True,,10,59.56268577710819
37,2026-09-21T07:58:11.805+00:00,2026-09-21T07:58:50.789+00:00,2026-09-21T07:58:52.513+00:00,True,28,28.0,,28.0,38983.143657,40707.052777,40707.052756,1453.8233127142857,47.373595,38983.143657,7355.062991814889,86.06078129999997,63.84848592592593,10.737244098470612,0.6878414940376218,45,64,,False,True,,196,59.56268577710819
38,2026-09-21T07:58:12.081+00:00,2026-09-21T07:58:52.250+00:00,2026-09-21T07:58:53.812+00:00,True,10,10.0,,10.0,40168.45637,41730.980786,41730.980822,4173.0980822,0.0,40168.45637,12653.09940530428,22649.1305156,173.613824,399.94278821776294,0.23963012159433408,45,64,,False,True,,47,59.56268577710819
39,2026-09-21T07:58:12.379+00:00,2026-09-21T07:58:53.743+00:00,2026-09-21T07:58:59.314+00:00,True,91,91.0,,91.0,41364.533945,46934.906297,46934.906444,515.7682026813187,0.03227,41364.533945,4329.716592574257,78.391073,61.893026133333336,14.306482050998994,1.938855474093416,45,64,,False,True,,296,59.56268577710819
40,2026-09-21T07:58:12.675+00:00,2026-09-21T07:58:55.372+00:00,2026-09-21T07:59:01.268+00:00,True,87,87.0,,87.0,42696.479003,48592.782619,48592.782546,558.5377304137932,0.0,42696.479003,4571.146934755146,76.87298200000001,68.56166995348836,93.95697159907047,1.790389339958947,45,64,,False,True,,348,59.56268577710819
41,2026-09-21T07:58:13.132+00:00,2026-09-21T07:58:56.684+00:00,2026-09-21T07:59:00.119+00:00,True,55,55.0,,55.0,43552.371781999995,46987.49651799999,46987.496618,854.3181203272726,34.207784,43552.371781999995,5864.033255733519,80.738955,63.613421037037035,11.080498610386895,1.1705241622934852,45,64,,False,True,,202,59.56268577710819
42,2026-09-21T07:58:13.205+00:00,2026-09-21T07:58:58.351+00:00,2026-09-21T07:58:59.363+00:00,True,17,17.0,,17.0,45146.623988,46158.04722,46158.047103,2715.179241352941,45.917705000000005,45146.623988,10934.337863048668,9094.966972799999,63.213952,10.613789795410822,0.36829980954293934,45,64,,False,True,,51,59.56268577710819
43,2026-09-21T07:58:13.420+00:00,2026-09-21T07:58:59.564+00:00,2026-09-21T07:59:05.653+00:00,True,91,91.0,,91.0,46143.901270999995,52232.26581499999,52232.26592299999,573.9809442087911,0.0,46143.901270999995,4831.912259825804,83.04720399999998,67.64849493333334,132.9306782494746,1.7422181209275962,45,64,,False,True,,1274,59.56268577710819
44,2026-09-21T07:58:13.735+00:00,2026-09-21T07:59:01.277+00:00,2026-09-21T07:59:06.385+00:00,True,91,91.0,,91.0,47541.78541700001,52650.229833000005,52650.229917000004,578.5739551318682,0.0,47541.78541700001,4978.6305471749565,86.22248400000001,56.76049351111111,92.36740163137033,1.728387516799845,45,64,,False,True,,92,59.56268577710819
45,2026-09-21T07:58:14.032+00:00,2026-09-21T07:59:02.648+00:00,2026-09-21T07:59:08.292+00:00,True,92,92.0,,92.0,48616.253868,54260.371884,54260.371754,589.7866495,0.015519999999999999,48616.253868,5063.17096942304,78.05600050000001,62.0232749010989,103.30966624441027,1.6955283719153509,45,64,,False,True,,368,59.56268577710819
46,2026-09-21T07:58:14.297+00:00,2026-09-21T07:59:04.198+00:00,2026-09-21T07:59:05.678+00:00,True,20,20.0,,20.0,49900.972111,51381.686863,51381.687004,2569.0843502000002,0.01589,49900.972111,11142.804277714446,3417.8760690500003,77.93235536842104,218.72497906121623,0.3892437407383372,45,64,,False,True,,60,59.56268577710819
47,2026-09-21T07:58:14.528+00:00,2026-09-21T07:59:05.608+00:00,2026-09-21T07:59:07.066+00:00,True,32,32.0,,32.0,51079.810832999996,52538.330128999994,52538.330084999994,1641.8228151562498,0.01581,51079.810832999996,9021.458108227438,107.17287939999999,47.0490095483871,32.05762355385981,0.6090791222604296,45,64,,False,True,,32,59.56268577710819
48,2026-09-21T07:58:14.780+00:00,2026-09-21T07:59:06.461+00:00,2026-09-21T07:59:11.820+00:00,True,86,86.0,,86.0,51681.046526,57040.20275,57040.202661999996,663.2581704883721,0.0,51681.046526,5567.244151240771,89.653352,63.048896752941175,112.9450981338835,1.5077085258081415,45,64,,False,True,,258,59.56268577710819
49,2026-09-21T07:58:14.999+00:00,2026-09-21T07:59:07.731+00:00,2026-09-21T07:59:12.620+00:00,True,79,79.0,,79.0,52731.939066,57620.969209999996,57620.96917,729.3793565822784,0.0,52731.939066,5926.918735595985,83.12588720000002,62.67987364102564,118.22432142988839,1.3710286564615737,45,64,,False,True,,395,59.56268577710819
50,2026-09-21T07:58:15.194+00:00,2026-09-21T07:59:08.669+00:00,2026-09-21T07:59:13.131+00:00,True,72,72.0,,72.0,53475.092152000005,57936.757944000004,57936.758164000006,804.6771967222223,0.0,53475.092152000005,6295.907096223854,83.78188295,62.84036326760563,124.45379261410106,1.242734363382796,45,64,,False,True,,576,59.56268577710819
51,2026-09-21T07:58:15.441+00:00,2026-09-21T07:59:10.329+00:00,2026-09-21T07:59:12.115+00:00,True,35,35.0,,35.0,54887.843989,56673.570453,56673.570680000004,1619.2448765714287,0.0,54887.843989,9268.901065645152,93.67765320000001,52.521366588235296,27.578637918872648,0.6175718191079186,45,64,,False,True,,210,59.56268577710819
52,2026-09-21T07:58:15.638+00:00,2026-09-21T07:59:11.492+00:00,2026-09-21T07:59:11.880+00:00,True,7,7.0,,7.0,55853.436469,56241.430325,56241.430498,8034.490071142857,48.350995000000005,55853.436469,21086.175033673477,39119.513004399996,64.66564266666667,9.218866659462966,0.12446340641675349,45,64,,False,True,,38,59.56268577710819
53,2026-09-21T07:58:15.879+00:00,2026-09-21T07:59:12.745+00:00,2026-09-21T07:59:16.722+00:00,True,62,62.0,,62.0,56866.320029,60843.257501,60843.257639,981.3428651451613,45.269023999999995,56866.320029,7213.756671409533,79.86104649999999,65.19569626229509,9.889455185875397,1.019011843653851,45,64,,False,True,,187,59.56268577710819
54,2026-09-21T07:58:16.098+00:00,2026-09-21T07:59:13.972+00:00,2026-09-21T07:59:17.639+00:00,True,59,59.0,,59.0,57874.169634000005,61541.541922000004,61541.542067,1043.0769841864408,42.213874000000004,57874.169634000005,7526.349568093938,78.61725,63.23055668965517,9.875467228028665,0.9587020109892396,45,64,,False,True,,352,59.56268577710819
55,2026-09-21T07:58:16.291+00:00,2026-09-21T07:59:14.709+00:00,2026-09-21T07:59:19.350+00:00,True,72,72.0,,72.0,58417.627899,63058.577915,63058.578017,875.8135835694444,0.01868,58417.627899,6878.1116638481335,80.258023,65.3654931830986,131.0821042025491,1.1417954920748865,45,64,,False,True,,328,59.56268577710819
56,2026-09-21T07:58:16.497+00:00,2026-09-21T07:59:15.924+00:00,2026-09-21T07:59:16.858+00:00,True,16,16.0,,16.0,59426.829525,60360.225749,60360.225797,3772.5141123125,47.119465,59426.829525,14841.15350454764,14913.576819,62.22641493333333,9.314130698961563,0.26507521801747197,45,64,,False,True,,32,59.56268577710819
57,2026-09-21T07:58:16.796+00:00,2026-09-21T07:59:17.644+00:00,2026-09-21T07:59:19.364+00:00,True,22,22.0,,22.0,60847.932685,62568.342797,62568.342746,2844.0155793636363,0.01551,60847.932685,12957.579098288235,1092.6913052999998,81.92429104761905,245.91304156960993,0.3516155137970962,45,64,,False,True,,44,59.56268577710819
58,2026-09-21T07:58:17.125+00:00,2026-09-21T07:59:19.310+00:00,2026-09-21T07:59:21.901+00:00,True,44,44.0,,44.0,62185.497597,64775.928573000005,64775.928555,1472.180194431818,0.0,62185.497597,9367.642872631659,307.27713955,60.242580837209296,191.31075047543345,0.6792646739199374,45,64,,False,True,,352,59.56268577710819
59,2026-09-21T07:58:17.373+00:00,2026-09-21T07:59:21.323+00:00,2026-09-21T07:59:21.366+00:00,True,15,15.0,,15.0,63949.881068,63992.976364,63992.976532,4266.1984354666665,0.0,63949.881068,16510.997208355344,19215.081781200002,3.078235428571429,11.497455119817548,0.23440072414632093,45,64,,False,True,,76,59.56268577710819
60,2026-09-21T07:58:17.650+00:00,2026-09-21T07:59:21.975+00:00,2026-09-21T07:59:26.022+00:00,True,63,63.0,,63.0,64324.981087,68372.295263,68372.295343,1085.2745292539682,45.314733999999994,64324.981087,8095.966960748165,79.39867900000002,65.2792609032258,9.527315983696091,0.9214258459170486,45,64,,False,True,,187,59.56268577710819
61,2026-09-21T07:58:17.959+00:00,2026-09-21T07:59:23.737+00:00,2026-09-21T07:59:28.119+00:00,True,69,69.0,,69.0,65777.79905,70159.88673,70159.886535,1016.8099497826087,39.127923,65777.79905,7910.964610288423,78.491169,64.44246588235293,9.912129414428248,0.9834679503622398,45,64,,False,True,,146,59.56268577710819
62,2026-09-21T07:58:18.194+00:00,2026-09-21T07:59:25.102+00:00,2026-09-21T07:59:28.704+00:00,True,57,57.0,,57.0,66908.114376,70510.256328,70510.256223,1237.022039,43.222504,66908.114376,8853.680896659554,80.26196099999999,64.32396342857143,9.076512326484767,0.8083930334169697,45,64,,False,True,,176,59.56268577710819
63,2026-09-21T07:58:18.394+00:00,2026-09-21T07:59:26.023+00:00,2026-09-21T07:59:28.320+00:00,True,37,37.0,,37.0,67629.437316,69926.370692,69926.370748,1889.901912108108,47.057224000000005,67629.437316,11107.726293244223,80.45725900000001,63.80370488888889,10.197823270002184,0.529127990396805,45,64,,False,True,,148,59.56268577710819
64,2026-09-21T07:58:18.709+00:00,2026-09-21T07:59:27.783+00:00,2026-09-21T07:59:30.043+00:00,True,36,36.0,,36.0,69074.288668,71334.224668,71334.224726,1981.5062423888887,46.917995000000005,69074.288668,11501.623229424837,79.291247,64.5696,8.953044326807857,0.5046665912126936,45,64,,False,True,,36,59.56268577710819
65,2026-09-21T07:58:18.892+00:00,2026-09-21T07:59:28.626+00:00,2026-09-21T07:59:30.115+00:00,True,24,24.0,,24.0,69734.098313,71223.508617,71223.508624,2967.6461926666666,46.102114,69734.098313,14221.197789998263,77.17816350000001,64.75696973913044,9.506829168895518,0.3369673927334655,45,64,,False,True,,144,59.56268577710819
66,2026-09-21T07:58:19.170+00:00,2026-09-21T07:59:30.224+00:00,2026-09-21T07:59:34.774+00:00,True,67,67.0,,67.0,71054.259934,75603.876062,75603.876115,1128.4160614179104,0.0,71054.259934,8674.960464069038,80.12272439999998,68.9335776969697,218.98822950914933,0.8861979502883652,45,64,,False,True,,603,59.56268577710819
67,2026-09-21T07:58:19.417+00:00,2026-09-21T07:59:31.483+00:00,2026-09-21T07:59:34.774+00:00,True,41,41.0,,41.0,72066.18076,75357.036184,75357.03621,1837.9764929268292,0.0,72066.18076,11245.450229626033,1206.3846569999998,82.27138559999999,282.177548588911,0.5440765995611864,45,64,,False,True,,113,59.56268577710819
68,2026-09-21T07:58:19.624+00:00,2026-09-21T07:59:32.840+00:00,2026-09-21T07:59:37.499+00:00,True,78,78.0,,78.0,73216.593088,77875.299264,77875.299227,998.4012721410255,0.0,73216.593088,8285.00742372882,210.47392330000002,60.50267761038961,169.48942614061096,1.001601287406643,45,64,,False,True,,390,59.56268577710819
69,2026-09-21T07:58:19.872+00:00,2026-09-21T07:59:34.792+00:00,2026-09-21T07:59:35.670+00:00,True,32,32.0,,32.0,74919.947993,75797.664985,75797.66506,2368.677033125,0.01504,74919.947993,13239.269866890076,221.61888585,28.313451354838712,69.03978715740055,0.4221765935181862,45,64,,False,True,,135,59.56268577710819
70,2026-09-21T07:58:20.199+00:00,2026-09-21T07:59:35.609+00:00,2026-09-21T07:59:39.294+00:00,True,59,59.0,,59.0,75409.708312,79094.421784,79094.421756,1340.5834195932205,0.06204,75409.708312,9809.284071386648,165.326318,63.529542620689654,30.6668974881875,0.7459438816194127,45,64,,False,True,,122,59.56268577710819
71,2026-09-21T07:58:20.429+00:00,2026-09-21T07:59:36.994+00:00,2026-09-21T07:59:40.707+00:00,True,60,60.0,,60.0,76565.49311,80278.506358,80278.50629599999,1337.9751049333333,5.57008,76565.49311,9876.456994256621,80.0636625,62.93242793220339,19.476587526605805,0.7473980611003336,45,64,,False,True,,301,59.56268577710819
72,2026-09-21T07:58:20.751+00:00,2026-09-21T07:59:38.905+00:00,2026-09-21T07:59:42.070+00:00,True,51,51.0,,51.0,78154.015744,81319.1232,81319.123202,1594.4926118039216,46.170413999999994,78154.015744,10934.89135028813,77.975122,63.302149119999996,9.739715085808227,0.6271587542153921,45,64,,False,True,,153,59.56268577710819
73,2026-09-21T07:58:21.028+00:00,2026-09-21T07:59:39.976+00:00,2026-09-21T07:59:44.121+00:00,True,65,65.0,,65.0,78948.517349,83093.216997,83093.217074,1278.3571857538461,39.017593,78948.517349,9784.332988667607,82.830913,64.760932,11.96228090249569,0.7822539835272807,45,64,,False,True,,705,59.56268577710819
74,2026-09-21T07:58:21.305+00:00,2026-09-21T07:59:41.498+00:00,2026-09-21T07:59:42.116+00:00,True,11,11.0,,11.0,80193.440185,80810.948537,80810.948419,7346.449856272728,46.642674,80193.440185,24160.615427117053,40135.078526000005,61.750835200000004,10.425572086550996,0.1361201693476417,45,64,,False,True,,16,59.56268577710819
75,2026-09-21T07:58:21.486+00:00,2026-09-21T07:59:42.312+00:00,2026-09-21T07:59:43.808+00:00,True,23,23.0,,23.0,80826.896038,82322.621862,82322.62187900001,3579.244429521739,42.470854,80826.896038,16839.4032574555,111.02463470000001,67.98753745454545,15.45713544938713,0.27938857485073326,45,64,,False,True,,115,59.56268577710819
76,2026-09-21T07:58:21.826+00:00,2026-09-21T07:59:43.926+00:00,2026-09-21T07:59:45.236+00:00,True,22,22.0,,22.0,82099.54152500001,83409.629973,83409.62996,3791.3468163636367,43.758814,82099.54152500001,17490.38321500791,76.701982,62.385164190476196,9.978626875139923,0.26375851334098327,45,64,,False,True,,132,59.56268577710819
77,2026-09-21T07:58:22.153+00:00,2026-09-21T07:59:46.964+00:00,2026-09-21T07:59:46.964+00:00,True,19,19.0,,19.0,84811.478678,84811.478678,84811.478678,4463.762035684211,0.0,84811.478678,19457.087621560873,8481.1478678,0.0,0.0,0.22402627918016219,45,64,,False,True,,55,59.56268577710819
78,2026-09-21T07:58:22.422+00:00,2026-09-21T07:59:47.163+00:00,2026-09-21T07:59:47.688+00:00,True,9,9.0,,9.0,84741.307177,85266.558505,85266.55862299999,9474.062069222222,54.326774,84741.307177,28225.218077254893,50875.893809,65.656416,8.657746610479723,0.10555134577728083,45,64,,False,True,,21,59.56268577710819
79,2026-09-21T07:58:22.693+00:00,2026-09-21T07:59:48.380+00:00,2026-09-21T07:59:51.104+00:00,True,45,45.0,,45.0,85687.16810600001,88411.83857,88411.838566,1964.707523688889,41.112733999999996,85687.16810600001,12764.261661637396,78.809331,61.92432872727273,10.157760958503433,0.5089816106965278,45,64,,False,True,,291,59.56268577710819
81,2026-09-21T07:58:23.339+00:00,2026-09-21T07:59:50.724+00:00,2026-09-21T07:59:54.127+00:00,True,49,49.0,,49.0,87384.51630500001,90787.510481,90787.510395,1852.806334591837,0.0155,87384.51630500001,12474.90642037387,81.3647886,70.895712,197.57337063497513,0.5397218157034355,45,64,,False,True,,77,59.56268577710819
80,2026-09-21T07:58:23.294+00:00,2026-09-21T07:59:51.431+00:00,2026-09-21T07:59:56.873+00:00,True,86,86.0,,86.0,88137.278372,93579.397284,93579.39739,1088.1325277906976,0.015210000000000001,88137.278372,9498.686687694702,162.68122899999997,64.02492837647058,170.0022177626158,0.9190057052729499,45,64,,False,True,,173,59.56268577710819
82,2026-09-21T07:58:23.444+00:00,2026-09-21T07:59:52.327+00:00,2026-09-21T07:59:55.884+00:00,True,57,57.0,,57.0,88882.85320499999,92439.112277,92439.112048,1621.738807859649,0.01495,88882.85320499999,11765.853581339734,138.8342542,63.50462628571428,185.96433768771072,0.6166221050370506,45,64,,False,True,,545,59.56268577710819
83,2026-09-21T07:58:23.711+00:00,2026-09-21T07:59:54.104+00:00,2026-09-21T07:59:57.611+00:00,True,66,66.0,,66.0,90392.49859399999,93899.586466,93899.586552,1422.7210083636362,0.01632,90392.49859399999,11120.109117722186,197.95790975,53.95519803076923,67.73432883672358,0.702878494825937,45,64,,False,True,,422,59.56268577710819
84,2026-09-21T07:58:23.899+00:00,2026-09-21T07:59:54.546+00:00,2026-09-21T07:59:55.514+00:00,True,17,17.0,,17.0,90646.828733,91614.422205,91614.422358,5389.083668117647,0.022670000000000003,90646.828733,21970.516937015946,18305.4236738,60.474592,68.09054890617449,0.18556030361639064,45,64,,False,True,,68,59.56268577710819
85,2026-09-21T07:58:24.237+00:00,2026-09-21T07:59:56.465+00:00,2026-09-21T07:59:57.316+00:00,True,13,13.0,,13.0,92227.75918600001,93079.236434,93079.236321,7159.941255461539,55.844055,92227.75918600001,25559.698945136508,36937.7023906,70.95643733333333,6.059561492031901,0.13966595019521835,45,64,,False,True,,71,59.56268577710819
86,2026-09-21T07:58:24.493+00:00,2026-09-21T07:59:57.614+00:00,2026-09-21T07:59:58.317+00:00,True,13,13.0,,13.0,93121.21164200001,93823.846906,93823.84682300001,7217.218986384616,45.448934,93121.21164200001,25810.93861729121,37291.2955784,58.55293866666666,7.846874061732322,0.13855752485851924,45,64,,False,True,,37,59.56268577710819
87,2026-09-21T07:58:24.683+00:00,2026-09-21T07:59:58.577+00:00,2026-09-21T08:00:00.853+00:00,True,38,38.0,,38.0,93894.08541599999,96169.94384799998,96169.94363699999,2530.787990447368,41.653373,93894.08541599999,15221.657378744978,81.63715384999999,61.50968735135135,10.605527079643435,0.39513384826407255,45,64,,False,True,,173,59.56268577710819
88,2026-09-21T07:58:25.010+00:00,2026-09-21T08:00:00.419+00:00,2026-09-21T08:00:02.892+00:00,True,20,20.0,,20.0,95409.813614,97882.476142,97882.476122,4894.1238061,0.0,95409.813614,21309.295061737335,6576.52024985,130.14013305263157,430.09657659222125,0.20432666589866008,45,64,,False,True,,60,59.56268577710819
89,2026-09-21T07:58:25.286+00:00,2026-09-21T08:00:02.909+00:00,2026-09-21T08:00:05.423+00:00,True,59,59.0,,59.0,97622.75269400001,100136.99883800001,100136.99864600001,1697.237265186441,0.0,97622.75269400001,12703.793857319059,76.32121000000001,43.349071448275865,31.163792351686727,0.5891928126930309,45,64,,False,True,,331,59.56268577710819
90,2026-09-21T07:58:25.617+00:00,2026-09-21T08:00:03.480+00:00,2026-09-21T08:00:04.203+00:00,True,12,12.0,,12.0,97862.785881,98585.433689,98585.43370400001,8215.452808666667,46.573714,97862.785881,28231.589701765675,44080.4486713,65.69525527272728,9.334161418083287,0.12172183608640899,45,64,,False,True,,108,59.56268577710819
91,2026-09-21T07:58:25.860+00:00,2026-09-21T08:00:04.564+00:00,2026-09-21T08:00:08.325+00:00,True,61,61.0,,61.0,98703.536701,102464.507709,102464.507702,1679.7460279016393,43.235454,98703.536701,12629.671052460963,79.26451700000001,62.68285013333333,9.998097882703712,0.5953280932480589,45,64,,False,True,,141,59.56268577710819
92,2026-09-21T07:58:26.151+00:00,2026-09-21T08:00:05.846+00:00,2026-09-21T08:00:08.837+00:00,True,50,50.0,,50.0,99695.725924,102686.382948,102686.383117,2053.72766234,43.755824000000004,99695.725924,14090.476130630084,76.21281149999999,61.03381681632653,9.046872222183346,0.4869194781680041,45,64,,False,True,,116,59.56268577710819
93,2026-09-21T07:58:26.437+00:00,2026-09-21T08:00:07.426+00:00,2026-09-21T08:00:12.913+00:00,True,88,88.0,,88.0,100989.320743,106476.209959,106476.20983600001,1209.9569299545456,47.508424,100989.320743,10758.778478284792,77.25052385,63.06769213793103,9.038931154395314,0.8264756985047224,45,64,,True,True,,223,59.56268577710819
94,2026-09-21T07:58:26.760+00:00,2026-09-21T08:00:09.268+00:00,2026-09-21T08:00:10.712+00:00,True,24,24.0,,24.0,102508.54654099999,103952.69066899999,103952.69056799999,4331.362107,45.724093999999994,102508.54654099999,20911.654624075116,78.044703,62.78887513043478,9.131381190038107,0.23087425487060628,45,64,,True,True,,264,59.56268577710819
95,2026-09-21T07:58:27.075+00:00,2026-09-21T08:00:11.012+00:00,2026-09-21T08:00:12.965+00:00,True,31,31.0,,31.0,103936.698493,105889.748349,105889.748334,3415.7983333548386,46.130334000000005,103936.698493,18655.891649650952,76.430031,65.10166186666666,9.064489962969596,0.2927573299903187,45,64,,True,True,,62,59.56268577710819
96,2026-09-21T07:58:27.306+00:00,2026-09-21T08:00:11.767+00:00,2026-09-21T08:00:17.230+00:00,True,88,88.0,,88.0,104460.865546,109923.908618,109923.908661,1249.1353256931818,42.945114000000004,104460.865546,11128.875543042697,77.19387479999999,62.79359852873563,9.1033260398455,0.8005537749372754,45,64,,True,True,,176,59.56268577710819
97,2026-09-21T07:58:27.553+00:00,2026-09-21T08:00:13.470+00:00,2026-09-21T08:00:13.470+00:00,True,1,1.0,,1.0,105917.351039,105917.351039,105917.351039,105917.351039,105917.351039,105917.351039,nan,105917.351039,nan,nan,0.009441323732046399,45,64,,True,True,,7,59.56268577710819
98,2026-09-21T07:58:27.765+00:00,2026-09-21T08:00:14.484+00:00,2026-09-21T08:00:20.268+00:00,True,92,92.0,,92.0,106718.72668600001,112502.90972600001,112502.90983900001,1222.8577156413044,42.769624,106718.72668600001,11119.573612511002,78.44139545,63.56245098901099,9.571648280743766,0.8177566271313809,45,64,,True,True,,185,59.56268577710819
99,2026-09-21T07:58:27.979+00:00,2026-09-21T08:00:15.781+00:00,2026-09-21T08:00:16.275+00:00,True,9,9.0,,9.0,107802.84209800001,108296.22833800002,108296.22840200001,12032.914266888889,44.547775,107802.84209800001,35913.72438882544,64713.17302160001,61.67328,10.918166255692574,0.08310538730776826,45,64,,True,True,,22,59.56268577710819
100,2026-09-21T07:58:28.288+00:00,2026-09-21T08:00:17.233+00:00,2026-09-21T08:00:18.264+00:00,True,17,17.0,,17.0,108944.79053900001,109975.569675,109975.56958600001,6469.151152117647,43.041103,108944.79053900001,26407.36993531639,21852.1077606,64.423696,10.896305656191748,0.15457978576731568,45,64,,True,True,,47,59.56268577710819
101,2026-09-21T07:58:28.578+00:00,2026-09-21T08:00:18.735+00:00,2026-09-21T08:00:21.406+00:00,True,43,43.0,,43.0,110157.17628100001,112828.856025,112828.85600000001,2623.9268837209306,40.637163,110157.17628100001,16789.11368585526,78.471985,63.61142247619048,9.165127792074944,0.3811081802555216,45,64,,True,True,,387,59.56268577710819
102,2026-09-21T07:58:28.886+00:00,2026-09-21T08:00:20.270+00:00,2026-09-21T08:00:23.962+00:00,True,60,60.0,,60.0,111384.453983,115076.871519,115076.871507,1917.94785845,45.475322999999996,111384.453983,14371.594458610709,76.492618,62.583348067796614,8.978924762060544,0.5213906079302267,45,64,,True,True,,192,59.56268577710819
103,2026-09-21T07:58:29.194+00:00,2026-09-21T08:00:21.593+00:00,2026-09-21T08:00:23.558+00:00,True,33,33.0,,33.0,112398.85839,114363.318422,114363.318405,3465.555103181818,42.609293,112398.85839,19555.445270909528,77.80723,61.389376,8.960767840633014,0.2885540613488513,45,64,,True,True,,297,59.56268577710819
104,2026-09-21T07:58:29.534+00:00,2026-09-21T08:00:23.494+00:00,2026-09-21T08:00:25.440+00:00,True,32,32.0,,32.0,113959.971205,115906.570117,115906.570259,3622.08032059375,48.126903,113959.971205,20134.368441916242,77.64654200000001,62.79351329032258,8.574201645309376,0.2760844356596707,45,64,,True,True,,69,59.56268577710819
105,2026-09-21T07:58:29.780+00:00,2026-09-21T08:00:24.761+00:00,2026-09-21T08:00:30.790+00:00,True,97,97.0,,97.0,114980.619563,121009.470763,121009.470942,1247.5203189896906,44.413314,114980.619563,11668.14052869806,77.83442199999999,62.800533333333334,9.519926858585915,0.8015901514847285,45,64,,True,True,,194,59.56268577710819
106,2026-09-21T07:58:30.028+00:00,2026-09-21T08:00:26.186+00:00,2026-09-21T08:00:29.296+00:00,True,50,50.0,,50.0,116158.401954,119268.686498,119268.686435,2385.3737287,44.789953000000004,116158.401954,16418.30484069466,76.77247400000002,63.475194775510204,9.76722730678433,0.4192215196470571,45,64,,True,True,,54,59.56268577710819
107,2026-09-21T07:58:30.319+00:00,2026-09-21T08:00:27.549+00:00,2026-09-21T08:00:32.923+00:00,True,86,86.0,,86.0,117230.310225,122604.528721,122604.52866499999,1425.634054244186,44.534594,117230.310225,12634.455177771033,76.94014325,63.226099952941176,9.552021878829503,0.7014422786592361,45,64,,True,True,,258,59.56268577710819
108,2026-09-21T07:58:30.542+00:00,2026-09-21T08:00:28.747+00:00,2026-09-21T08:00:33.899+00:00,True,82,82.0,,82.0,118205.285601,123357.396193,123357.396094,1504.3584889512194,43.424133999999995,118205.285601,13046.568839666556,76.38575095,63.60630360493827,8.755576643723783,0.6647351721959671,45,64,,True,True,,408,59.56268577710819
109,2026-09-21T07:58:30.728+00:00,2026-09-21T08:00:29.790+00:00,2026-09-21T08:00:34.049+00:00,True,67,67.0,,67.0,119061.872909,123320.863245,123320.863185,1840.609898283582,41.063843,119061.872909,14537.841964459301,77.4634937,64.53015660606061,8.961845103180469,0.5432981754830238,45,64,,True,True,,169,59.56268577710819
110,2026-09-21T07:58:31.003+00:00,2026-09-21T08:00:31.170+00:00,2026-09-21T08:00:33.314+00:00,True,34,34.0,,34.0,120167.511954,122311.593618,122311.593713,3597.3998150882353,40.617433,120167.511954,20597.417698765184,78.71105515,64.97217163636363,9.34251053292317,0.2779785545611302,45,64,,True,True,,144,59.56268577710819
111,2026-09-21T07:58:31.239+00:00,2026-09-21T08:00:32.333+00:00,2026-09-21T08:00:36.543+00:00,True,68,68.0,,68.0,121094.429545,125304.494185,125304.49412700001,1842.7131489264707,41.131443,121094.429545,14677.239575403704,77.45978314999999,62.83678567164179,9.573693446208386,0.5426780614875996,45,64,,True,True,,144,59.56268577710819
112,2026-09-21T07:58:31.463+00:00,2026-09-21T08:00:33.312+00:00,2026-09-21T08:00:37.230+00:00,True,64,64.0,,64.0,121849.326734,125767.39905400001,125767.399215,1965.115612734375,42.115072999999995,121849.326734,15223.394824338478,76.68270585,62.191624126984124,9.530531050012891,0.5088759128470224,45,64,,True,True,,384,59.56268577710819
113,2026-09-21T07:58:31.672+00:00,2026-09-21T08:00:34.299+00:00,2026-09-21T08:00:38.729+00:00,True,73,73.0,,73.0,122627.394816,127057.10592,127057.105894,1740.5082999178082,44.646354,122627.394816,14345.253554082368,77.688938,61.52376533333334,9.944718507551233,0.5745448038613723,45,64,,True,True,,292,59.56268577710819
114,2026-09-21T07:58:31.915+00:00,2026-09-21T08:00:35.580+00:00,2026-09-21T08:00:41.666+00:00,True,97,97.0,,97.0,123665.232446,129750.80710199999,129750.807078,1337.637186371134,43.074503,123665.232446,12549.868990476023,76.96886,63.391402666666664,9.367676751571528,0.7475868718392338,45,64,,True,True,,388,59.56268577710819
115,2026-09-21T07:58:32.213+00:00,2026-09-21T08:00:37.167+00:00,2026-09-21T08:00:40.626+00:00,True,55,55.0,,55.0,124953.23034299999,128413.04064699999,128413.04056999998,2334.7825558181817,40.190233,124953.23034299999,16840.05385181843,77.25111799999999,64.07056118518518,10.115845275471207,0.4283054098157509,45,64,,True,True,,115,59.56268577710819
116,2026-09-21T07:58:32.464+00:00,2026-09-21T08:00:38.528+00:00,2026-09-21T08:00:41.599+00:00,True,48,48.0,,48.0,126064.443398,129134.743558,129134.743586,2690.3071580416668,50.898664,126064.443398,18186.408058031626,77.3172535,65.32553531914894,8.412304108870398,0.3717047688133684,45,64,,True,True,,49,59.56268577710819
117,2026-09-21T07:58:32.763+00:00,2026-09-21T08:00:39.962+00:00,2026-09-21T08:00:43.157+00:00,True,50,50.0,,50.0,127198.84692299999,130393.73639499999,130393.73624099999,2607.8747248199998,48.777393,127198.84692299999,17979.414755011716,77.7357455,65.20182595918367,9.070944985333709,0.3834540015674961,45,64,,True,True,,59,59.56268577710819
118,2026-09-21T07:58:33.393+00:00,2026-09-21T08:00:40.822+00:00,2026-09-21T08:00:46.152+00:00,True,83,83.0,,83.0,127429.12453300001,132758.82027700002,132758.82017800002,1599.5038575662652,43.874733,127429.12453300001,13980.032561237167,79.594456,64.99628956097561,9.62841364822635,0.6251938652876042,45,64,,True,True,,166,59.56268577710819
119,2026-09-21T07:58:33.459+00:00,2026-09-21T08:00:42.169+00:00,2026-09-21T08:00:42.793+00:00,True,11,11.0,,11.0,128709.873045,129334.341781,129334.341652,11757.667422909091,45.343813000000004,128709.873045,38788.660524822546,64399.509771000005,62.4468736,13.388443014988473,0.0850508832265613,45,64,,True,True,,61,59.56268577710819
120,2026-09-21T07:58:33.496+00:00,2026-09-21T08:00:44.024+00:00,2026-09-21T08:00:47.451+00:00,True,54,54.0,,54.0,130527.930499,133955.619715,133955.619774,2480.6596254444444,44.351973,130527.930499,17753.803223473158,79.2292655,64.67338143396226,9.8141802028564,0.4031185859532343,45,64,,True,True,,108,59.56268577710819
121,2026-09-21T07:58:33.685+00:00,2026-09-21T08:00:45.133+00:00,2026-09-21T08:00:47.694+00:00,True,41,41.0,,41.0,131448.192541,134009.091869,134009.091792,3268.5144339512194,42.435953,131448.192541,20518.76220673437,78.83061599999999,64.0224832,9.437007695448502,0.3059493906583545,45,64,,True,True,,246,59.56268577710819
122,2026-09-21T07:58:34.020+00:00,2026-09-21T08:00:47.128+00:00,2026-09-21T08:00:48.165+00:00,True,17,17.0,,17.0,133107.297735,134145.139399,134145.139503,7890.890559,50.760923999999996,133107.297735,32267.531169230275,26688.8997198,64.865104,10.548026109356234,0.126728408320747,45,64,,True,True,,85,59.56268577710819
123,2026-09-21T07:58:34.266+00:00,2026-09-21T08:00:48.291+00:00,2026-09-21T08:00:51.728+00:00,True,55,55.0,,55.0,134025.337306,137462.512346,137462.512491,2499.3184089272727,44.627053,134025.337306,18063.392228120585,76.21445729999999,63.65138962962963,8.966953416967202,0.4001090847340419,45,64,,True,True,,358,59.56268577710819
124,2026-09-21T07:58:34.496+00:00,2026-09-21T08:00:49.712+00:00,2026-09-21T08:00:54.652+00:00,True,78,78.0,,78.0,135215.800278,140155.08117400002,140155.08115500002,1796.8600148076923,41.337832999999996,135215.800278,15302.914401544374,78.4614565,64.14650514285714,9.696524372081345,0.5565263802542013,45,64,,True,True,,624,59.56268577710819
125,2026-09-21T07:58:34.780+00:00,2026-09-21T08:00:51.183+00:00,2026-09-21T08:00:56.661+00:00,True,88,88.0,,88.0,136402.562758,141880.74413399998,141880.744216,1612.2811842727272,44.589973,136402.562758,14533.852769058027,77.7489905,62.96760202298851,9.534889236122856,0.6202392053772143,45,64,,True,True,,264,59.56268577710819
126,2026-09-21T07:58:35.008+00:00,2026-09-21T08:00:52.146+00:00,2026-09-21T08:00:55.684+00:00,True,57,57.0,,57.0,137138.30997499998,140676.668759,140676.66869899997,2468.0117315614034,45.547494,137138.30997499998,18156.045816879097,76.9952972,63.18497828571429,8.54744507215609,0.4051844595328701,45,64,,True,True,,114,59.56268577710819
127,2026-09-21T07:58:35.323+00:00,2026-09-21T08:00:54.030+00:00,2026-09-21T08:00:57.986+00:00,True,64,64.0,,64.0,138707.882723,142663.776739,142663.77668699998,2229.1215107343746,43.056753,138707.882723,17330.638814946757,76.94787000000001,62.79196850793651,9.328068628398887,0.4486072180542822,45,64,,True,True,,190,59.56268577710819
128,2026-09-21T07:58:35.589+00:00,2026-09-21T08:00:55.379+00:00,2026-09-21T08:00:59.669+00:00,True,69,69.0,,69.0,139789.658026,144079.39857,144079.398605,2088.10722615942,43.391463,139789.658026,16821.10527689348,76.0776274,63.084419764705885,9.266054552077163,0.4789026098445075,45,64,,True,True,,276,59.56268577710819
129,2026-09-21T07:58:35.900+00:00,2026-09-21T08:00:56.978+00:00,2026-09-21T08:01:01.651+00:00,True,74,74.0,,74.0,141078.391782,145751.196134,145751.196069,1969.610757689189,42.520023,141078.391782,16392.592316609036,77.01623115000001,64.01101852054795,10.822849760605147,0.5077145297110718,45,64,,True,True,,444,59.56268577710819
130,2026-09-21T07:58:36.181+00:00,2026-09-21T08:00:58.495+00:00,2026-09-21T08:01:03.603+00:00,True,80,80.0,,80.0,142313.593496,147422.33615199997,147422.336345,1842.7792043124998,43.190563000000004,142313.593496,15903.916542508408,76.49925745,64.66762855696203,10.064885759301262,0.5426586098697819,45,64,,True,True,,880,59.56268577710819
131,2026-09-21T07:58:36.493+00:00,2026-09-21T08:00:59.794+00:00,2026-09-21T08:01:01.284+00:00,True,24,24.0,,24.0,143301.11333000002,144790.37822600003,144790.378101,6032.932420875001,46.267684,143301.11333000002,29238.001772209576,80.90214384999999,64.75064765217391,10.111515691772563,0.16575687068472839,45,64,,True,True,,120,59.56268577710819
132,2026-09-21T07:58:36.697+00:00,2026-09-21T08:01:00.882+00:00,2026-09-21T08:01:03.255+00:00,True,38,38.0,,38.0,144185.16979100002,146558.038399,146558.038296,3856.790481473685,42.629502,144185.16979100002,23379.521809332662,78.2899985,64.131584,10.226423715597594,0.2592829462997185,45,64,,True,True,,46,59.56268577710819
133,2026-09-21T07:58:37.009+00:00,2026-09-21T08:01:02.457+00:00,2026-09-21T08:01:04.039+00:00,True,26,26.0,,26.0,145447.386664,147029.688872,147029.68886199998,5654.988033153846,44.490063,145447.386664,28512.168154621915,77.97552775,63.29208832,9.170566482484414,0.17683503379126975,45,64,,True,True,,208,59.56268577710819
134,2026-09-21T07:58:37.293+00:00,2026-09-21T08:01:04.092+00:00,2026-09-21T08:01:08.601+00:00,True,73,73.0,,73.0,146799.534407,151308.788551,151308.788781,2072.7231339863015,42.872752999999996,146799.534407,17174.258557113106,76.489623,62.62852977777778,9.800716425192205,0.48245710443577233,45,64,,True,True,,361,59.56268577710819
135,2026-09-21T07:58:37.568+00:00,2026-09-21T08:01:05.590+00:00,2026-09-21T08:01:07.335+00:00,True,29,29.0,,29.0,148021.702389,149766.46219700002,149766.46224000002,5164.360766896552,51.945504,148021.702389,27475.369697106365,75.49425159999998,62.31285028571428,6.8379837062088695,0.1936348069827138,45,64,,True,True,,44,59.56268577710819
136,2026-09-21T07:58:37.814+00:00,2026-09-21T08:01:07.002+00:00,2026-09-21T08:01:08.807+00:00,True,29,29.0,,29.0,149188.93418900002,150993.82839700003,150993.828413,5206.683738379311,42.521663000000004,149188.93418900002,27691.721827486883,78.566176,64.46050742857143,11.385080866919816,0.1920608299549293,45,64,,True,True,,77,59.56268577710819
137,2026-09-21T07:58:38.122+00:00,2026-09-21T08:01:08.881+00:00,2026-09-21T08:01:11.169+00:00,True,37,37.0,,37.0,150758.759306,153047.01121,153047.01104699998,4136.405703972972,45.298324,150758.759306,24774.139504872885,77.74485,63.56255288888889,9.487307635631025,0.2417557827982102,45,64,,True,True,,148,59.56268577710819
138,2026-09-21T07:58:38.391+00:00,2026-09-21T08:01:10.176+00:00,2026-09-21T08:01:14.500+00:00,True,68,68.0,,68.0,151784.592455,156108.609351,156108.609245,2295.7148418382353,47.485045,151784.592455,18398.762937109084,81.28958385,64.53756561194031,11.859795908843545,0.43559416923064415,45,64,,True,True,,544,59.56268577710819
139,2026-09-21T07:58:38.633+00:00,2026-09-21T08:01:11.770+00:00,2026-09-21T08:01:13.636+00:00,True,30,30.0,,30.0,153137.032838,155003.147142,155003.14723600002,5166.7715745333335,50.90937400000001,153137.032838,27947.12303474147,93.98584699999999,64.34876910344828,11.70795515750927,0.1935444573426415,45,64,,True,True,,120,59.56268577710819
140,2026-09-21T07:58:38.968+00:00,2026-09-21T08:01:13.386+00:00,2026-09-21T08:01:18.302+00:00,True,78,78.0,,78.0,154417.58374200002,159333.725054,159333.724978,2042.7400638205131,41.971382,154417.58374200002,17477.121439132294,77.24107015,63.84599106493506,8.826805465091073,0.48953854542448505,45,64,,True,True,,858,59.56268577710819
141,2026-09-21T07:58:39.294+00:00,2026-09-21T08:01:15.271+00:00,2026-09-21T08:01:18.638+00:00,True,54,54.0,,54.0,155977.155519,159344.278207,159344.27820899998,2950.819966833333,43.151563,155977.155519,21217.159160113264,77.2970275,63.53061675471698,9.794371223735995,0.3388888550478732,45,64,,True,True,,117,59.56268577710819
142,2026-09-21T07:58:39.605+00:00,2026-09-21T08:01:16.979+00:00,2026-09-21T08:01:19.835+00:00,True,46,46.0,,46.0,157374.69079300002,160230.16061700002,160230.160566,3483.2643601304353,42.687394,157374.69079300002,23194.27880289967,77.82154074999998,63.45488497777778,10.792908297844846,0.28708702420859655,45,64,,True,True,,230,59.56268577710819
143,2026-09-21T07:58:39.817+00:00,2026-09-21T08:01:17.921+00:00,2026-09-21T08:01:21.454+00:00,True,57,57.0,,57.0,158104.056692,161637.018484,161637.018515,2835.737166929825,43.891874,158104.056692,20933.040394666685,78.47616399999998,63.088603428571425,10.919607360688358,0.35264199089172305,45,64,,True,True,,342,59.56268577710819
144,2026-09-21T07:58:40.097+00:00,2026-09-21T08:01:19.431+00:00,2026-09-21T08:01:23.162+00:00,True,60,60.0,,60.0,159334.521945,163065.17589699998,163065.17600699997,2717.7529334499995,44.169493,159334.521945,20561.837541433644,76.233571,63.231422915254235,9.917036196087308,0.36795103350514863,45,64,,True,True,,240,59.56268577710819
145,2026-09-21T07:58:40.375+00:00,2026-09-21T08:01:20.989+00:00,2026-09-21T08:01:22.134+00:00,True,19,19.0,,19.0,160614.02636199998,161759.25925799998,161759.25929199997,8513.645225894736,49.851583,160614.02636199998,36832.78937983629,16129.6963426,63.62404977777778,8.878393551571573,0.11745850028711932,45,64,,True,True,,55,59.56268577710819
146,2026-09-21T07:58:40.613+00:00,2026-09-21T08:01:22.342+00:00,2026-09-21T08:01:25.767+00:00,True,55,55.0,,55.0,161728.28674900002,165154.10281300003,165154.102733,3002.8018678727276,41.651683,161728.28674900002,21798.885500387325,77.0441807,63.441038222222225,9.776066289511306,0.33302230500610186,45,64,,True,True,,168,59.56268577710819
147,2026-09-21T07:58:40.925+00:00,2026-09-21T08:01:23.768+00:00,2026-09-21T08:01:29.565+00:00,True,94,94.0,,94.0,162843.264963,168640.351939,168640.351906,1794.0462968723405,45.011832000000005,162843.264963,16789.573809690595,77.0047682,62.33426855913979,9.695365892089768,0.5573992162563878,45,64,,True,True,,99,59.56268577710819
148,2026-09-21T07:58:41.156+00:00,2026-09-21T08:01:25.001+00:00,2026-09-21T08:01:27.446+00:00,True,40,40.0,,40.0,163844.82119800002,166289.47988600002,166289.479908,4157.236997700001,45.929403,163844.82119800002,25896.231455048102,77.7529579,62.683556102564104,9.520419066238784,0.24054438096397954,45,64,,True,True,,340,59.56268577710819
149,2026-09-21T07:58:41.381+00:00,2026-09-21T08:01:25.979+00:00,2026-09-21T08:01:29.690+00:00,True,61,61.0,,61.0,164598.414445,168309.377901,168309.377955,2759.170130409836,41.811512,164598.414445,21066.75050827122,76.254174,61.84939093333333,9.449529393255183,0.3624278145444774,45,64,,True,True,,61,59.56268577710819
150,2026-09-21T07:58:41.658+00:00,2026-09-21T08:01:27.499+00:00,2026-09-21T08:01:28.699+00:00,True,20,20.0,,20.0,165840.614099,167041.098707,167041.098724,8352.0549362,45.906442999999996,165840.614099,37068.96173851153,8365.734588199999,63.18340042105263,10.167386235389476,0.11973101323454048,45,64,,True,True,,169,59.56268577710819
151,2026-09-21T07:58:41.995+00:00,2026-09-21T08:01:29.021+00:00,2026-09-21T08:01:30.146+00:00,True,19,19.0,,19.0,167025.76737599997,168150.78523199997,168150.78541699998,8850.04133773684,52.683262,167025.76737599997,38304.00094753665,16770.155949299995,62.500992,7.333294174950397,0.11299382262048575,45,64,,True,True,,208,59.56268577710819
152,2026-09-21T07:58:42.285+00:00,2026-09-21T08:01:30.402+00:00,2026-09-21T08:01:33.486+00:00,True,51,51.0,,51.0,168116.93699000002,171201.32918200002,171201.32908700002,3356.8888056274513,45.198163,168116.93699000002,23532.443573568587,77.2839445,61.687843840000006,9.124830831964893,0.29789488343155984,45,64,,True,True,,204,59.56268577710819
153,2026-09-21T07:58:42.596+00:00,2026-09-21T08:01:32.245+00:00,2026-09-21T08:01:35.253+00:00,True,48,48.0,,48.0,169648.339187,172656.53093100002,172656.531029,3597.0110631041666,41.58891199999999,169648.339187,24477.392045452234,76.80753200000001,64.00407965957447,9.12480697967057,0.2780085974227212,45,64,,True,True,,216,59.56268577710819
155,2026-09-21T07:58:43.511+00:00,2026-09-21T08:01:33.740+00:00,2026-09-21T08:01:35.184+00:00,True,23,23.0,,23.0,170229.563123,171673.363955,171673.363961,7464.059302652174,47.039222,170229.563123,35481.63416024006,74.416414,65.62731054545455,7.667064048889148,0.13397535569949506,45,64,,True,True,,47,59.56268577710819
156,2026-09-21T07:58:43.526+00:00,2026-09-21T08:01:36.019+00:00,2026-09-21T08:01:39.264+00:00,True,52,52.0,,52.0,172493.044155,175738.347195,175738.347121,3379.5835984807695,43.407512000000004,172493.044155,23911.659137936524,77.92824999999999,63.633392941176474,10.220790122199064,0.2958944409685416,45,64,,True,True,,105,59.56268577710819
154,2026-09-21T07:58:43.495+00:00,2026-09-21T08:01:36.396+00:00,2026-09-21T08:01:39.545+00:00,True,50,50.0,,50.0,172900.302618,176049.236506,176049.23640899998,3520.98472818,47.461862,172900.302618,24442.708623660466,76.73958495,64.26395689795918,9.016940803437468,0.2840114560695407,45,64,,True,True,,176,59.56268577710819
157,2026-09-21T07:58:43.642+00:00,2026-09-21T08:01:37.408+00:00,2026-09-21T08:01:39.475+00:00,True,33,33.0,,33.0,173766.374618,175833.781722,175833.78169,5328.296414848485,45.451653,173766.374618,30237.59825694525,78.0411984,64.606472,10.064274818040886,0.1876772465269175,45,64,,True,True,,37,59.56268577710819
158,2026-09-21T07:58:43.869+00:00,2026-09-21T08:01:38.734+00:00,2026-09-21T08:01:43.742+00:00,True,81,81.0,,81.0,174864.65750600002,179872.16240200002,179872.16250700003,2220.6439815679014,46.155112,174864.65750600002,19422.45365997995,76.98854399999999,62.593811200000005,9.171720715297699,0.45031982113480923,45,64,,True,True,,324,59.56268577710819
159,2026-09-21T07:58:44.075+00:00,2026-09-21T08:01:39.474+00:00,2026-09-21T08:01:41.694+00:00,True,36,36.0,,36.0,175399.274425,177618.70533700002,177618.705485,4933.852930138889,44.052631999999996,175399.274425,29222.64500342852,76.19755425000001,63.41231177142857,8.906863109191404,0.20268135572599957,45,64,,True,True,,74,59.56268577710819
160,2026-09-21T07:58:44.268+00:00,2026-09-21T08:01:40.466+00:00,2026-09-21T08:01:46.009+00:00,True,91,91.0,,91.0,176198.097488,181741.332048,181741.332199,1997.1574966923076,41.827034,176198.097488,18464.125507091656,78.48589799999999,61.591495111111115,9.975429272009443,0.5007116376585478,45,64,,True,True,,102,59.56268577710819
161,2026-09-21T07:58:44.603+00:00,2026-09-21T08:01:42.096+00:00,2026-09-21T08:01:45.554+00:00,True,57,57.0,,57.0,177492.840291,180950.741859,180950.741849,3174.574418403509,43.991282,177492.840291,23501.32421848464,77.24263479999999,61.748242285714284,9.689170942968243,0.31500285334234995,45,64,,True,True,,226,59.56268577710819
162,2026-09-21T07:58:44.860+00:00,2026-09-21T08:01:43.556+00:00,2026-09-21T08:01:43.939+00:00,True,7,7.0,,7.0,178696.064394,179079.613578,179079.61361399997,25582.80194485714,56.398683,178696.064394,67516.6028809856,125109.7567557,63.924864,8.083901316743148,0.03908875979873096,45,64,,True,True,,7,59.56268577710819
163,2026-09-21T07:58:45.195+00:00,2026-09-21T08:01:45.069+00:00,2026-09-21T08:01:49.633+00:00,True,74,74.0,,74.0,179874.20917,184437.73761799998,184437.73753699998,2492.401858608108,44.681593,179874.20917,20902.686925850714,77.64943514999999,62.51408832876712,9.100584149135868,0.4012194085424417,45,64,,True,True,,454,59.56268577710819
164,2026-09-21T07:58:45.458+00:00,2026-09-21T08:01:46.597+00:00,2026-09-21T08:01:46.779+00:00,True,4,4.0,,4.0,181138.934966,181320.69087,181320.690876,45330.172719,49.538903,181138.934966,90539.17552643763,153979.4904962,60.585301333333334,13.740506536049583,0.022060361566060033,45,64,,True,True,,12,59.56268577710819
165,2026-09-21T07:58:45.642+00:00,2026-09-21T08:01:47.494+00:00,2026-09-21T08:01:50.660+00:00,True,51,51.0,,51.0,181851.217156,185017.334276,185017.334087,3627.7908644509803,45.017733,181851.217156,25455.398213071796,75.7513745,63.3223424,8.374670359189704,0.2756498476187136,45,64,,True,True,,111,59.56268577710819
166,2026-09-21T07:58:45.886+00:00,2026-09-21T08:01:48.712+00:00,2026-09-21T08:01:53.278+00:00,True,73,73.0,,73.0,182825.81672600002,187392.24975000002,187392.24976300003,2567.017120041096,45.216403,182825.81672600002,21390.72193643143,75.929768,63.42268088888889,8.519723033548924,0.38955719938999234,45,64,,True,True,,220,59.56268577710819
167,2026-09-21T07:58:46.126+00:00,2026-09-21T08:01:50.121+00:00,2026-09-21T08:01:53.841+00:00,True,59,59.0,,59.0,183994.834448,187715.324176,187715.32409900002,3181.6156626949155,44.007632,183994.834448,23945.737608753214,78.44163699999999,64.14637462068966,8.918921234979322,0.3143057193598227,45,64,,True,True,,116,59.56268577710819
168,2026-09-21T07:58:46.430+00:00,2026-09-21T08:01:51.412+00:00,2026-09-21T08:01:55.205+00:00,True,61,61.0,,61.0,184981.208745,188774.446249,188774.44607,3094.663050327869,41.782542,184981.208745,23676.323833055216,78.011084,63.22062506666667,8.751145375015668,0.32313695636293327,45,64,,True,True,,62,59.56268577710819
169,2026-09-21T07:58:46.698+00:00,2026-09-21T08:01:52.633+00:00,2026-09-21T08:01:55.843+00:00,True,51,51.0,,51.0,185934.867204,189144.78925200002,189144.789297,3708.721358764706,44.420080999999996,185934.867204,26027.100896142507,75.806805,64.19844096,8.40153756427197,0.26963470789592864,45,64,,True,True,,153,59.56268577710819
170,2026-09-21T07:58:47.019+00:00,2026-09-21T08:01:54.304+00:00,2026-09-21T08:02:00.613+00:00,True,100,100.0,,100.0,187284.921481,193594.504585,193594.504542,1935.94504542,40.734692,187284.921481,18722.121001658463,77.66070005,63.733162666666665,9.059509282873972,0.5165435879203576,45,64,,True,True,,122,59.56268577710819
171,2026-09-21T07:58:47.311+00:00,2026-09-21T08:01:55.910+00:00,2026-09-21T08:01:59.274+00:00,True,54,54.0,,54.0,188599.279497,191963.23136900002,191963.23148000002,3554.874657037037,46.805672,188599.279497,25656.47542577042,78.102802,63.47079003773585,9.034826690301161,0.2813038706157163,45,64,,True,True,,324,59.56268577710819
172,2026-09-21T07:58:47.586+00:00,2026-09-21T08:01:57.255+00:00,2026-09-21T08:01:58.279+00:00,True,18,18.0,,18.0,189668.391942,190692.27878999998,190692.27881699998,10594.015489833333,46.141092,189668.391942,44691.07320786393,28512.1112377,60.22863811764706,7.081663191624708,0.09439291466972563,45,64,,True,True,,41,59.56268577710819
173,2026-09-21T07:58:47.867+00:00,2026-09-21T08:01:58.560+00:00,2026-09-21T08:01:59.223+00:00,True,11,11.0,,11.0,190692.977793,191355.931521,191355.93158899999,17395.993780818182,55.671163,190692.977793,57476.107820660225,95385.1480285,66.2953728,7.941692802999354,0.05748449976212431,45,64,,True,True,,75,59.56268577710819
174,2026-09-21T07:58:48.110+00:00,2026-09-21T08:01:59.873+00:00,2026-09-21T08:02:03.176+00:00,True,55,55.0,,55.0,191762.826679,195066.165431,195066.16544699998,3546.657553581818,44.506192999999996,191762.826679,25849.047168193072,74.801555,61.17293985185185,8.743139740370616,0.2819556117201419,45,64,,True,True,,290,59.56268577710819
175,2026-09-21T07:58:48.426+00:00,2026-09-21T08:02:01.823+00:00,2026-09-21T08:02:02.654+00:00,True,15,15.0,,15.0,193397.018831,194227.323599,194227.32379599998,12948.488253066665,44.518802,193397.018831,49919.58304355288,58069.65231609999,59.30748342857142,8.236675561643075,0.07722909280760552,45,64,,True,True,,81,59.56268577710819
176,2026-09-21T07:58:48.612+00:00,2026-09-21T08:02:03.112+00:00,2026-09-21T08:02:05.200+00:00,True,34,34.0,,34.0,194500.363792,196588.245008,196588.244885,5782.0072025,46.910633000000004,194500.363792,33345.68757427068,75.62461400000001,63.26912775757576,8.038300740911971,0.17295032059834706,45,64,,True,True,,96,59.56268577710819
177,2026-09-21T07:58:48.863+00:00,2026-09-21T08:02:04.352+00:00,2026-09-21T08:02:04.557+00:00,True,4,4.0,,4.0,195488.716622,195693.985358,195693.985453,48923.49636325,62.818433,195488.716622,97710.14692205456,166176.2218613,68.422912,4.929293853628935,0.02044007634001859,45,64,,True,True,,29,59.56268577710819
178,2026-09-21T07:58:49.200+00:00,2026-09-21T08:02:06.027+00:00,2026-09-21T08:02:08.984+00:00,True,48,48.0,,48.0,196826.232788,199783.93826,199783.938167,4162.165378479167,44.871633,196826.232788,28400.337675922823,76.6341385,62.92990365957447,8.358764451647907,0.24025955448697042,45,64,,True,True,,142,59.56268577710819
179,2026-09-21T07:58:49.504+00:00,2026-09-21T08:02:07.829+00:00,2026-09-21T08:02:11.542+00:00,True,60,60.0,,60.0,198325.401384,202038.230056,202038.230095,3367.303834916667,41.334302,198325.401384,25595.576694709704,78.04346905,62.92929952542373,9.154698041474505,0.2969734984481377,45,64,,True,True,,120,59.56268577710819
180,2026-09-21T07:58:49.702+00:00,2026-09-21T08:02:08.808+00:00,2026-09-21T08:02:08.984+00:00,True,4,4.0,,4.0,199105.90568599998,199282.017302,199282.01718499998,49820.504296249994,47.904972,199105.90568599998,99523.60159890374,169251.2319497,58.703872,14.169156289782677,0.02007205694800971,45,64,,True,True,,15,59.56268577710819
181,2026-09-21T07:58:49.971+00:00,2026-09-21T08:02:10.115+00:00,2026-09-21T08:02:16.325+00:00,True,99,99.0,,99.0,200143.311149,206353.197869,206353.197795,2084.37573530303,44.479652,200143.311149,20108.793353839028,76.0171093,63.36619102040816,9.620795349191178,0.4797599505235124,45,64,,True,True,,450,59.56268577710819
182,2026-09-21T07:58:50.161+00:00,2026-09-21T08:02:11.425+00:00,2026-09-21T08:02:13.650+00:00,True,36,36.0,,36.0,201264.243731,203488.45518699999,203488.45509099998,5652.457085861111,42.787552000000005,201264.243731,33533.45048757474,78.52480225,63.54889874285714,9.648502352375646,0.17691421347180136,45,64,,True,True,,108,59.56268577710819
183,2026-09-21T07:58:50.430+00:00,2026-09-21T08:02:13.015+00:00,2026-09-21T08:02:14.387+00:00,True,23,23.0,,23.0,202585.13647799997,203957.02844599998,203957.02851299997,8867.696891869564,43.552543,202585.13647799997,42228.91963683806,77.35647300000001,62.35872581818182,10.730159360905954,0.11276885221971902,45,64,,True,True,,23,59.56268577710819
184,2026-09-21T07:58:50.631+00:00,2026-09-21T08:02:14.037+00:00,2026-09-21T08:02:20.300+00:00,True,100,100.0,,100.0,203405.519443,209668.585043,209668.585021,2096.68585021,43.845913,203405.519443,20334.227634283692,77.14794185000001,63.26328888888889,9.10720967764117,0.47694317190861685,45,64,,True,True,,900,59.56268577710819
185,2026-09-21T07:58:50.821+00:00,2026-09-21T08:02:15.194+00:00,2026-09-21T08:02:18.354+00:00,True,50,50.0,,50.0,204373.006946,207533.409378,207533.40945600002,4150.6681891200005,48.288243,204373.006946,28893.58773531596,78.2399136,64.49800881632653,8.793581809751359,0.24092506430581653,45,64,,True,True,,254,59.56268577710819
186,2026-09-21T07:58:51.159+00:00,2026-09-21T08:02:16.981+00:00,2026-09-21T08:02:20.168+00:00,True,52,52.0,,52.0,205821.967757,209009.358989,209009.358899,4019.410748057692,43.102102,205821.967757,28533.70588986403,77.75259005,62.49786729411765,8.728520136665026,0.24879268685158124,45,64,,True,True,,55,59.56268577710819
187,2026-09-21T07:58:51.461+00:00,2026-09-21T08:02:18.593+00:00,2026-09-21T08:02:21.559+00:00,True,47,47.0,,47.0,207131.900403,210097.84421100002,210097.84410400002,4470.166895829788,41.602523,207131.900403,30203.889378946766,78.75324540000001,64.47703930434783,9.39752846024582,0.22370529396197983,45,64,,True,True,,517,59.56268577710819
188,2026-09-21T07:58:51.685+00:00,2026-09-21T08:02:19.986+00:00,2026-09-21T08:02:21.138+00:00,True,19,19.0,,19.0,208301.18968399998,209452.863284,209452.86339699998,11023.834915631578,40.925922,208301.18968399998,47772.8931642868,20901.6465458,63.98186666666666,11.534718201973154,0.09071253408571284,45,64,,True,True,,113,59.56268577710819
189,2026-09-21T07:58:52.011+00:00,2026-09-21T08:02:21.551+00:00,2026-09-21T08:02:25.471+00:00,True,65,65.0,,65.0,209540.046466,213460.034946,213460.034898,3284.0005368923075,44.131412,209540.046466,25982.648964652286,78.036008,61.24982,10.327780630604403,0.3045066492959366,45,64,,True,True,,70,59.56268577710819
190,2026-09-21T07:58:52.227+00:00,2026-09-21T08:02:22.945+00:00,2026-09-21T08:02:24.065+00:00,True,19,19.0,,19.0,210718.057769,211837.585193,211837.584979,11149.346577842105,44.430442,210718.057769,48327.77012864523,21140.5713344,62.195968,10.099685851234407,0.08969135473617473,45,64,,True,True,,193,59.56268577710819
191,2026-09-21T07:58:52.475+00:00,2026-09-21T08:02:23.909+00:00,2026-09-21T08:02:27.624+00:00,True,62,62.0,,62.0,211434.122955,215149.165003,215149.164989,3470.1478224032257,41.677322,211434.122955,26844.42794392736,79.237845,60.902328655737705,10.655015590928413,0.28817216185401173,45,64,,True,True,,426,59.56268577710819
192,2026-09-21T07:58:52.720+00:00,2026-09-21T08:02:25.105+00:00,2026-09-21T08:02:30.731+00:00,True,92,92.0,,92.0,212384.46845500002,218011.182055,218011.18204300004,2369.686761336957,43.712111,212384.46845500002,22136.16685329563,77.34630795,61.832017582417585,8.94986211349865,0.42199670279660323,45,64,,True,True,,187,59.56268577710819
195,2026-09-21T07:58:53.858+00:00,2026-09-21T08:02:28.091+00:00,2026-09-21T08:02:32.972+00:00,True,78,78.0,,78.0,214233.495782,219114.420198,219114.42014300002,2809.1592326025643,43.038533,214233.495782,24249.991284028438,77.65317585,63.38862877922078,9.690264591102341,0.35597839671855586,45,64,,True,True,,690,59.56268577710819
194,2026-09-21T07:58:53.827+00:00,2026-09-21T08:02:28.489+00:00,2026-09-21T08:02:30.232+00:00,True,29,29.0,,29.0,214661.240479,216404.687519,216404.68741,7462.2306003448275,46.358882,214661.240479,39850.030156893554,78.49414240000002,62.26596571428572,9.14332346493732,0.13400818777298365,45,64,,True,True,,127,59.56268577710819
193,2026-09-21T07:58:53.756+00:00,2026-09-21T08:02:30.616+00:00,2026-09-21T08:02:36.081+00:00,True,86,86.0,,86.0,216860.159001,222325.786905,222325.78678199998,2585.183567232558,42.227741,216860.159001,23377.70042512504,77.267225,64.30150475294117,9.461534034647114,0.38681972611997495,45,64,,True,True,,316,59.56268577710819
196,2026-09-21T07:58:53.932+00:00,2026-09-21T08:02:31.580+00:00,2026-09-21T08:02:33.426+00:00,True,30,30.0,,30.0,217648.50037700002,219494.498713,219494.498641,7316.483288033334,46.892632,217648.50037700002,39725.37715857436,78.04303245,63.65511503448276,9.872155928879318,0.13667768520807663,45,64,,True,True,,150,59.56268577710819
197,2026-09-21T07:58:54.154+00:00,2026-09-21T08:02:32.803+00:00,2026-09-21T08:02:36.313+00:00,True,55,55.0,,55.0,218648.415106,222158.977666,222158.97775,4039.254140909091,46.157101000000004,218648.415106,29473.782420073785,79.2796153,65.01041777777777,11.349607049159179,0.24757045867706742,45,64,,True,True,,59,59.56268577710819
198,2026-09-21T07:58:54.471+00:00,2026-09-21T08:02:34.377+00:00,2026-09-21T08:02:35.305+00:00,True,15,15.0,,15.0,219906.32422799998,220834.977028,220834.97685099998,14722.331790066666,50.646021999999995,219906.32422799998,56762.442579679424,66029.00701409999,66.33234285714286,9.57340085675561,0.06792402273349175,45,64,,True,True,,48,59.56268577710819
199,2026-09-21T07:58:54.734+00:00,2026-09-21T08:02:35.957+00:00,2026-09-21T08:02:37.106+00:00,True,19,19.0,,19.0,221223.222386,222372.007538,222372.00751700002,11703.78986931579,45.048080999999996,221223.222386,50737.44810163753,22219.803716300004,63.82139733333334,13.98839379160397,0.08544240891809725,45,64,,True,True,,133,59.56268577710819
200,2026-09-21T07:58:55.031+00:00,2026-09-21T08:02:37.183+00:00,2026-09-21T08:02:40.836+00:00,True,59,59.0,,59.0,222151.766278,225804.526598,225804.526656,3827.1953670508474,44.053461000000006,222151.766278,28913.498890569652,78.63615800000001,62.97862620689655,9.348522938641143,0.261287941782663,45,64,,True,True,,321,59.56268577710819
201,2026-09-21T07:58:55.240+00:00,2026-09-21T08:02:38.212+00:00,2026-09-21T08:02:42.244+00:00,True,65,65.0,,65.0,222972.305913,227003.863033,227003.86298399998,3492.367122830769,44.546891,222972.305913,27648.49930866566,78.57712620000001,62.99308,10.204935354503995,0.2863387394889876,45,64,,True,True,,130,59.56268577710819
202,2026-09-21T07:58:55.501+00:00,2026-09-21T08:02:39.617+00:00,2026-09-21T08:02:41.049+00:00,True,23,23.0,,23.0,224115.29175600002,225547.71722800002,225547.71727500003,9806.422490217392,47.739922,224115.29175600002,46717.69316148228,80.691109,65.11024872727273,9.09764255269244,0.10197398706877592,45,64,,True,True,,138,59.56268577710819
203,2026-09-21T07:58:55.782+00:00,2026-09-21T08:02:40.765+00:00,2026-09-21T08:02:45.836+00:00,True,81,81.0,,81.0,224983.502576,230054.20184,230054.201754,2840.175330296296,42.710732,224983.502576,24991.12643928438,77.869772,63.3837408,10.368871118221811,0.35209093923150575,45,64,,True,True,,14,59.56268577710819
204,2026-09-21T07:58:56.074+00:00,2026-09-21T08:02:42.300+00:00,2026-09-21T08:02:46.285+00:00,True,64,64.0,,64.0,226226.77292,230211.75416799998,230211.754169,3597.058658890625,46.707232000000005,226226.77292,28270.44155456563,76.9703025,63.253670603174605,9.731646809461928,0.27800491869453015,45,64,,True,True,,64,59.56268577710819
205,2026-09-21T07:58:56.355+00:00,2026-09-21T08:02:43.990+00:00,2026-09-21T08:02:46.985+00:00,True,49,49.0,,49.0,227635.68876,230629.99915999998,230629.999165,4706.734676836734,42.890800999999996,227635.68876,32510.474073253798,78.275239,62.38146666666666,10.316637814763055,0.21246151922329135,45,64,,True,True,,626,59.56268577710819
206,2026-09-21T07:58:56.567+00:00,2026-09-21T08:02:45.099+00:00,2026-09-21T08:02:47.778+00:00,True,43,43.0,,43.0,228532.351847,231210.95485500002,231210.95495100002,5376.9989523488375,45.241141000000006,228532.351847,34841.13248716843,76.66578799999999,63.776262095238096,9.798014471446214,0.1859773470810097,45,64,,True,True,,88,59.56268577710819
207,2026-09-21T07:58:56.784+00:00,2026-09-21T08:02:46.355+00:00,2026-09-21T08:02:49.770+00:00,True,55,55.0,,55.0,229570.846218,232986.25076199998,232986.250667,4236.113648490909,47.173610999999994,229570.846218,30946.799457083518,77.16993099999999,63.2482322962963,8.905399271673925,0.23606543227387086,45,64,,True,True,,110,59.56268577710819
208,2026-09-21T07:58:57.083+00:00,2026-09-21T08:02:47.579+00:00,2026-09-21T08:02:48.659+00:00,True,18,18.0,,18.0,230496.34685,231576.713186,231576.713097,12865.372949833334,51.964152,230496.34685,54313.5314351725,34643.431289550004,63.55096094117648,8.136707506906161,0.07772802261660303,45,64,,True,True,,105,59.56268577710819
209,2026-09-21T07:58:57.293+00:00,2026-09-21T08:02:48.731+00:00,2026-09-21T08:02:49.063+00:00,True,7,7.0,,7.0,231437.81153799998,231769.06222599998,231769.06210999997,33109.86601571428,40.997091,231437.81153799998,87454.40428982217,162026.86134279997,55.208448,11.609000771798957,0.030202477987222646,45,64,,True,True,,17,59.56268577710819
210,2026-09-21T07:58:57.615+00:00,2026-09-21T08:02:50.414+00:00,2026-09-21T08:02:54.104+00:00,True,60,60.0,,60.0,232799.536854,236489.32143,236489.321633,3941.4886938833333,42.375861,232799.536854,30046.21884890307,78.42990749999998,62.53872162711865,9.855374902132265,0.25371124428448993,45,64,,True,True,,717,59.56268577710819
211,2026-09-21T07:58:57.837+00:00,2026-09-21T08:02:51.795+00:00,2026-09-21T08:02:57.248+00:00,True,88,88.0,,88.0,233957.774639,239411.679791,239411.67980100002,2720.587270465909,41.041931,233957.774639,24933.301674401213,78.39242484999998,62.68856496551724,9.322753589210153,0.3675676979369663,45,64,,True,True,,88,59.56268577710819
212,2026-09-21T07:58:58.034+00:00,2026-09-21T08:02:53.029+00:00,2026-09-21T08:02:58.389+00:00,True,86,86.0,,86.0,234994.82358199998,240354.01974199997,240354.01997,2794.814185697674,44.729253,234994.82358199998,25333.346226097463,77.603222,63.049366588235294,8.767010984747087,0.35780554072827175,45,64,,True,True,,473,59.56268577710819
213,2026-09-21T07:58:58.270+00:00,2026-09-21T08:02:54.105+00:00,2026-09-21T08:02:57.580+00:00,True,57,57.0,,57.0,235835.072775,239309.50144700002,239309.501467,4198.412306438597,42.953551,235835.072775,31228.90202378601,77.51050679999999,62.043369142857145,9.390686605777123,0.23818527745595514,45,64,,True,True,,226,59.56268577710819
214,2026-09-21T07:58:58.456+00:00,2026-09-21T08:02:55.215+00:00,2026-09-21T08:02:55.974+00:00,True,13,13.0,,13.0,236759.194294,237517.49855,237517.498612,18270.57681630769,42.234680999999995,236759.194294,65647.66063170828,94756.110757,63.19202133333334,13.000259211653878,0.0547328094955638,45,64,,True,True,,48,59.56268577710819
215,2026-09-21T07:58:58.773+00:00,2026-09-21T08:02:56.563+00:00,2026-09-21T08:02:58.382+00:00,True,29,29.0,,29.0,237790.206099,239609.575059,239609.574884,8262.399133931034,53.986742,237790.206099,44144.46721442985,76.376645,64.97746285714285,6.687536220201598,0.12103022173825573,45,64,,True,True,,58,59.56268577710819
216,2026-09-21T07:58:58.980+00:00,2026-09-21T08:02:57.936+00:00,2026-09-21T08:03:01.032+00:00,True,50,50.0,,50.0,238956.310665,242051.816585,242051.81666399998,4841.03633328,45.181262000000004,238956.310665,33784.5926040983,76.1585025,63.173590204081634,8.958197163136084,0.2065673404373802,45,64,,True,True,,485,59.56268577710819
217,2026-09-21T07:58:59.245+00:00,2026-09-21T08:02:59.275+00:00,2026-09-21T08:02:59.902+00:00,True,12,12.0,,12.0,240029.763105,240656.621857,240656.622026,20054.718502166666,49.123701999999994,240029.763105,69274.17369689018,108053.03423035,56.987159272727276,6.830146057328102,0.04986357702274443,45,64,,True,True,,28,59.56268577710819
218,2026-09-21T07:58:59.545+00:00,2026-09-21T08:03:00.743+00:00,2026-09-21T08:03:05.335+00:00,True,73,73.0,,73.0,241198.06093500002,245789.694599,245789.69455500002,3366.982117191781,43.68116199999999,241198.06093500002,28222.635429523783,77.7102146,63.77268977777778,9.878738189295182,0.2970018743832924,45,64,,True,True,,76,59.56268577710819
219,2026-09-21T07:58:59.770+00:00,2026-09-21T08:03:01.874+00:00,2026-09-21T08:03:06.610+00:00,True,74,74.0,,74.0,242103.542511,246840.146159,246840.14622700002,3335.677651716216,41.009831,242103.542511,28136.424280771003,78.65464949999999,64.88498147945205,10.296935025860494,0.29978915971121456,45,64,,True,True,,222,59.56268577710819
220,2026-09-21T07:58:59.985+00:00,2026-09-21T08:03:03.146+00:00,2026-09-21T08:03:09.542+00:00,True,100,100.0,,100.0,243160.718494,249556.481438,249556.481598,2495.56481598,43.299192000000005,243160.718494,24309.613276352644,77.4765395,64.6036661010101,9.386131651468105,0.40071089087238987,45,64,,True,True,,200,59.56268577710819
221,2026-09-21T07:59:00.297+00:00,2026-09-21T08:03:04.448+00:00,2026-09-21T08:03:04.741+00:00,True,6,6.0,,6.0,244150.34028600002,244443.37529400003,244443.37526600002,40740.562544333334,49.769701,244150.34028600002,99650.03316644981,183131.26642275002,58.607001600000004,9.127830092452687,0.02454556190276625,45,64,,True,True,,12,59.56268577710819
222,2026-09-21T07:59:00.525+00:00,2026-09-21T08:03:05.922+00:00,2026-09-21T08:03:11.159+00:00,True,83,83.0,,83.0,245396.95819499998,250633.301747,250633.301839,3019.6783354096383,44.582932,245396.95819499998,26928.80783676203,78.2599009,63.85784819512195,9.416596102960922,0.33116110038634755,45,64,,True,True,,165,59.56268577710819
223,2026-09-21T07:59:00.766+00:00,2026-09-21T08:03:07.484+00:00,2026-09-21T08:03:09.472+00:00,True,32,32.0,,32.0,246717.878014,248705.91820599997,248705.918324,7772.059947625,47.045182000000004,246717.878014,43602.635436885896,78.16922749999999,64.13032877419354,9.677177129718903,0.1286660174025083,45,64,,True,True,,62,59.56268577710819
226,2026-09-21T07:59:01.426+00:00,2026-09-21T08:03:09.662+00:00,2026-09-21T08:03:12.560+00:00,True,47,47.0,,47.0,248236.318512,251134.24926399998,251134.249334,5343.281900723404,41.573821,248236.318512,36199.800554216105,79.0566077,62.99849460869565,9.958875949969784,0.18715089693159362,45,64,,True,True,,144,59.56268577710819
227,2026-09-21T07:59:01.754+00:00,2026-09-21T08:03:11.288+00:00,2026-09-21T08:03:14.716+00:00,True,54,54.0,,54.0,249534.567645,252962.093021,252962.093055,4684.483204722223,45.176531000000004,249534.567645,33948.554344256045,78.3569425,64.67029011320754,9.503986218394585,0.2134707194864849,45,64,,True,True,,591,59.56268577710819
224,2026-09-21T07:59:01.005+00:00,2026-09-21T08:03:12.695+00:00,2026-09-21T08:03:13.780+00:00,True,18,18.0,,18.0,251689.95254300002,252775.25635100002,252775.25631100003,14043.069795055557,46.764321,251689.95254300002,59308.844057010436,37820.4660755,63.84140047058824,10.564878242590956,0.07120950151467936,45,64,,True,True,,56,59.56268577710819
228,2026-09-21T07:59:02.032+00:00,2026-09-21T08:03:12.985+00:00,2026-09-21T08:03:13.112+00:00,True,3,3.0,,3.0,250952.744396,251079.440076,251079.44024,83693.14674666667,55.178442000000004,250952.744396,144851.0608214626,225864.6216966,63.34784,11.553559119163237,0.01194840963119848,45,64,,True,True,,15,59.56268577710819
225,2026-09-21T07:59:01.194+00:00,2026-09-21T08:03:14.353+00:00,2026-09-21T08:03:14.491+00:00,True,3,3.0,,3.0,253159.475091,253297.809299,253297.809326,84432.60310866666,68.469913,253159.475091,146121.75743944882,227850.5140141,69.167104,0.985831303767536,0.011843766072444448,45,64,,True,True,,6,59.56268577710819
229,2026-09-21T07:59:02.305+00:00,2026-09-21T08:03:15.154+00:00,2026-09-21T08:03:18.209+00:00,True,51,51.0,,51.0,252849.03840400002,255903.87514000002,255903.87524100003,5017.723043941177,42.008551,252849.03840400002,35397.393190623,75.4612975,61.09673472,9.196306713078668,0.19929358229569166,45,64,,True,True,,306,59.56268577710819
230,2026-09-21T07:59:02.500+00:00,2026-09-21T08:03:16.036+00:00,2026-09-21T08:03:20.483+00:00,True,73,73.0,,73.0,253536.258324,257983.553556,257983.55362,3534.0212824657533,44.238872,253536.258324,29666.946721971664,79.09929699999999,61.76798933333333,9.776019248193863,0.2829637742165375,45,64,,True,True,,292,59.56268577710819
231,2026-09-21T07:59:02.688+00:00,2026-09-21T08:03:17.165+00:00,2026-09-21T08:03:22.054+00:00,True,78,78.0,,78.0,254477.137995,259365.979723,259365.979556,3325.204866102564,46.743822,254477.137995,28806.674612864394,77.083596,63.49145101298701,9.953135266923477,0.30073335016143266,45,64,,True,True,,156,59.56268577710819
232,2026-09-21T07:59:02.901+00:00,2026-09-21T08:03:18.278+00:00,2026-09-21T08:03:23.492+00:00,True,82,82.0,,82.0,255376.334131,260591.111987,260591.11217500002,3177.9403923780487,39.488501,255376.334131,28194.490836735513,80.69228595,64.37997353086419,10.986810050652602,0.3146692125251405,45,64,,True,True,,246,59.56268577710819
233,2026-09-21T07:59:03.239+00:00,2026-09-21T08:03:20.375+00:00,2026-09-21T08:03:21.851+00:00,True,24,24.0,,24.0,257136.43696000002,258611.83203200003,258611.83202200002,10775.493000916667,47.180952,257136.43696000002,52474.66282828635,99.16481900000001,64.14761182608696,12.838209567289923,0.09280317846025812,45,64,,True,True,,120,59.56268577710819
234,2026-09-21T07:59:03.508+00:00,2026-09-21T08:03:21.686+00:00,2026-09-21T08:03:27.616+00:00,True,95,95.0,,95.0,258177.81971799998,264107.43149399996,264107.431436,2780.0782256421053,41.352411000000004,258177.81971799998,26482.014953380076,76.1247027,63.08097634042553,9.02955088015097,0.35970210857984974,45,64,,True,True,,475,59.56268577710819
235,2026-09-21T07:59:03.766+00:00,2026-09-21T08:03:22.906+00:00,2026-09-21T08:03:29.160+00:00,True,100,100.0,,100.0,259140.570464,265394.102624,265394.102504,2653.94102504,43.862322,259140.570464,25907.742170333233,76.351981,63.166991515151516,9.76840308855002,0.37679812403999086,45,64,,True,True,,494,59.56268577710819
236,2026-09-21T07:59:04.074+00:00,2026-09-21T08:03:24.301+00:00,2026-09-21T08:03:29.356+00:00,True,81,81.0,,81.0,260227.043611,265281.986843,265281.986768,3275.086256395062,40.575962,260227.043611,28907.097062190987,78.25529300000001,63.1867904,10.434732138601236,0.3053354694901983,45,64,,True,True,,161,59.56268577710819
237,2026-09-21T07:59:04.312+00:00,2026-09-21T08:03:25.693+00:00,2026-09-21T08:03:30.397+00:00,True,76,76.0,,76.0,261380.774565,266085.156261,266085.15621,3501.120476447368,44.348911,261380.774565,29975.237612390403,75.94229025,62.72508928,9.752271533298423,0.2856228474671185,45,64,,True,True,,306,59.56268577710819
238,2026-09-21T07:59:04.501+00:00,2026-09-21T08:03:26.637+00:00,2026-09-21T08:03:30.397+00:00,True,61,61.0,,61.0,262135.735439,265895.589775,265895.589921,4358.944097065574,41.818142,262135.735439,33555.01996333406,79.01808199999999,62.66423893333333,10.491267716810738,0.22941335751983702,45,64,,True,True,,61,59.56268577710819
239,2026-09-21T07:59:05.696+00:00,2026-09-21T08:03:30.090+00:00,2026-09-21T08:03:36.060+00:00,True,95,95.0,,95.0,264394.743586,270364.190498,270364.190654,2845.9388489894736,43.849941,264394.743586,27119.81437701484,76.7683304,63.504754382978724,9.05343011764691,0.35137789448008555,45,64,,True,True,,663,59.56268577710819
240,2026-09-21T07:59:05.822+00:00,2026-09-21T08:03:32.594+00:00,2026-09-21T08:03:34.872+00:00,True,37,37.0,,37.0,266771.999268,269050.6609,269050.660785,7271.639480675676,43.148871,266771.999268,43846.64159169911,79.59254779999999,63.29615644444445,8.980363397535175,0.1375205690862512,45,64,,True,True,,333,59.56268577710819
241,2026-09-21T07:59:05.847+00:00,2026-09-21T08:03:33.067+00:00,2026-09-21T08:03:35.893+00:00,True,45,45.0,,45.0,267220.247155,270045.86072299996,270045.860604,6001.0191245333335,45.138991000000004,267220.247155,39825.27053342101,78.701184,64.21849018181818,9.695875831834979,0.16663836238600535,45,64,,True,True,,135,59.56268577710819
242,2026-09-21T07:59:05.897+00:00,2026-09-21T08:03:33.617+00:00,2026-09-21T08:03:36.004+00:00,True,39,39.0,,39.0,267719.864132,270106.44666,270106.446501,6925.806320538462,43.674771,267719.864132,42859.43166295611,76.1607579,62.804803368421055,8.896771192418482,0.14438752011384517,45,64,,True,True,,39,59.56268577710819
243,2026-09-21T07:59:05.913+00:00,2026-09-21T08:03:33.870+00:00,2026-09-21T08:03:40.188+00:00,True,100,100.0,,100.0,267957.726305,274275.530593,274275.530647,2742.75530647,43.783971,267957.726305,26789.39262872868,76.76255294999999,63.81620492929293,9.360407901779807,0.3645968701028271,45,64,,True,True,,304,59.56268577710819
244,2026-09-21T07:59:06.065+00:00,2026-09-21T08:03:35.004+00:00,2026-09-21T08:03:41.231+00:00,True,98,98.0,,98.0,268939.17557200004,275166.18690000003,275166.186943,2807.818234112245,47.491641,268939.17557200004,27160.476317963825,77.1781125,64.19599307216494,10.047281636395498,0.3561484101809894,45,64,,True,True,,1075,59.56268577710819
245,2026-09-21T07:59:06.362+00:00,2026-09-21T08:03:36.781+00:00,2026-09-21T08:03:40.493+00:00,True,59,59.0,,59.0,270418.471739,274130.529595,274130.529617,4646.280163,46.271071000000006,270418.471739,35197.155306812165,76.8832299,64.00099751724139,9.202284787092443,0.21522593666297035,45,64,,True,True,,175,59.56268577710819
246,2026-09-21T07:59:06.651+00:00,2026-09-21T08:03:38.357+00:00,2026-09-21T08:03:39.514+00:00,True,19,19.0,,19.0,271705.77243300003,272862.83304100006,272862.833157,14361.201745105265,49.382180999999996,271705.77243300003,62318.83277960915,27240.778783200007,64.28114488888889,9.662931803075923,0.06963205574115358,45,64,,True,True,,88,59.56268577710819
247,2026-09-21T07:59:06.964+00:00,2026-09-21T08:03:39.852+00:00,2026-09-21T08:03:42.236+00:00,True,38,38.0,,38.0,272888.315251,275272.261235,275272.26145,7244.006880263158,43.598231,272888.315251,44257.879794893044,83.728511,64.43097254054054,11.950290022204191,0.1380451478456792,45,64,,True,True,,115,59.56268577710819
248,2026-09-21T07:59:07.258+00:00,2026-09-21T08:03:41.408+00:00,2026-09-21T08:03:43.950+00:00,True,40,40.0,,40.0,274149.875343,276691.096975,276691.097006,6917.2774251499995,43.288441,274149.875343,43336.59982500005,80.346061,65.15952902564102,10.04589361765108,0.14456554777985553,45,64,,True,True,,200,59.56268577710819
249,2026-09-21T07:59:07.443+00:00,2026-09-21T08:03:42.309+00:00,2026-09-21T08:03:42.309+00:00,True,1,1.0,,1.0,274865.183621,274865.183621,274865.183621,274865.183621,274865.183621,274865.183621,nan,274865.183621,nan,nan,0.0036381472066642604,45,64,,True,True,,3,59.56268577710819
250,2026-09-21T07:59:07.653+00:00,2026-09-21T08:03:43.242+00:00,2026-09-21T08:03:48.893+00:00,True,90,90.0,,90.0,275588.45350999996,281239.41133399995,281239.41119799996,3124.882346644444,42.642991,275588.45350999996,29042.882380376537,77.38718755,63.49390813483146,9.57700297009434,0.32001204800246147,45,64,,True,True,,270,59.56268577710819
251,2026-09-21T07:59:07.893+00:00,2026-09-21T08:03:44.775+00:00,2026-09-21T08:03:46.896+00:00,True,35,35.0,,35.0,276882.475698,279002.884786,279002.884763,7971.510993228571,40.31095,276882.475698,46791.139975291,81.58067,62.364973176470585,10.300783519386194,0.12544673158790312,45,64,,True,True,,35,59.56268577710819
252,2026-09-21T07:59:08.132+00:00,2026-09-21T08:03:45.984+00:00,2026-09-21T08:03:51.625+00:00,True,90,90.0,,90.0,277851.761148,283492.205052,283492.204997,3149.9133888555557,46.280422,277851.761148,29281.468411635316,78.174791,63.375774202247186,9.635400598116377,0.3174690464010875,45,64,,True,True,,270,59.56268577710819
253,2026-09-21T07:59:08.411+00:00,2026-09-21T08:03:47.400+00:00,2026-09-21T08:03:48.421+00:00,True,17,17.0,,17.0,278988.817669,280010.32013300003,280010.320211,16471.19530652941,43.977961,278988.817669,67649.24354746293,55861.6408314,63.843904,10.038879701745422,0.06071204801282072,45,64,,True,True,,26,59.56268577710819
254,2026-09-21T07:59:08.610+00:00,2026-09-21T08:03:48.347+00:00,2026-09-21T08:03:49.108+00:00,True,12,12.0,,12.0,279736.715818,280498.450474,280498.450634,23374.870886166667,59.797031000000004,279736.715818,80733.04396819258,125924.85418215001,69.2486050909091,6.431846045894094,0.042780984991973435,45,64,,True,True,,28,59.56268577710819
255,2026-09-21T07:59:08.801+00:00,2026-09-21T08:03:49.255+00:00,2026-09-21T08:03:53.081+00:00,True,62,62.0,,62.0,280453.935937,284280.53561699996,284280.53557699994,4585.16992866129,48.157011,280453.935937,35609.719849138324,77.81179750000001,62.731142295081966,9.43865565719832,0.21809442516152489,45,64,,True,True,,145,59.56268577710819
256,2026-09-21T07:59:09.131+00:00,2026-09-21T08:03:51.117+00:00,2026-09-21T08:03:53.748+00:00,True,42,42.0,,42.0,281985.920222,284617.116382,284617.116337,6776.59800802381,45.166061,281985.920222,43501.470519277595,76.19246045000001,64.17551609756097,8.878000598284482,0.14756666968556287,45,64,,True,True,,126,59.56268577710819
257,2026-09-21T07:59:09.391+00:00,2026-09-21T08:03:52.397+00:00,2026-09-21T08:03:53.139+00:00,True,13,13.0,,13.0,283006.71330199996,283748.72341399995,283748.723387,21826.824875923074,51.984231,283006.71330199996,78474.79052589579,113249.98953799998,61.834176,9.608471741231087,0.04581518409523386,45,64,,True,True,,37,59.56268577710819
258,2026-09-21T07:59:09.596+00:00,2026-09-21T08:03:53.340+00:00,2026-09-21T08:03:54.418+00:00,True,17,17.0,,17.0,283743.868521,284822.408041,284822.40798300004,16754.259293117648,42.254451,283743.868521,68801.64824058342,56815.695665800005,67.40872,10.518387121681195,0.059686315121501465,45,64,,True,True,,102,59.56268577710819
259,2026-09-21T07:59:09.868+00:00,2026-09-21T08:03:54.825+00:00,2026-09-21T08:03:55.894+00:00,True,18,18.0,,18.0,284957.103774,286026.716318,286026.716366,15890.373131444445,42.372061,284957.103774,67150.20428990747,42809.0504688,62.91838494117648,10.822603299510478,0.06293118430233588,45,64,,True,True,,36,59.56268577710819
261,2026-09-21T07:59:10.404+00:00,2026-09-21T08:03:55.266+00:00,2026-09-21T08:03:55.830+00:00,True,10,10.0,,10.0,284862.00094700005,285425.75057900004,285425.7503690001,28542.575036900005,45.238771,284862.00094700005,90061.46648918082,156707.79608030003,62.638848,9.466288194373972,0.035035381284675655,45,64,,True,True,,10,59.56268577710819
262,2026-09-21T07:59:10.722+00:00,2026-09-21T08:03:57.212+00:00,2026-09-21T08:04:02.385+00:00,True,82,82.0,,82.0,286490.60046499997,291663.29627299996,291663.29630299995,3556.8694671097555,45.479091,286490.60046499997,31630.543137912184,78.37026800000001,63.86044207407407,8.502239774488958,0.28114610596475986,45,64,,True,True,,244,59.56268577710819
263,2026-09-21T07:59:10.960+00:00,2026-09-21T08:03:58.538+00:00,2026-09-21T08:03:59.661+00:00,True,18,18.0,,18.0,287578.64608700003,288700.964679,288700.964831,16038.942490611113,48.256961000000004,287578.64608700003,67767.37673033641,43203.719548249996,66.01874070588235,9.0969800634712,0.06234825027347514,45,64,,True,True,,192,59.56268577710819
264,2026-09-21T07:59:11.221+00:00,2026-09-21T08:04:01.171+00:00,2026-09-21T08:04:03.366+00:00,True,35,35.0,,35.0,289949.313976,292144.610488,292144.610622,8346.988874914286,45.574451,289949.313976,48999.46609443702,77.24563900000001,64.56754447058823,8.582912147387527,0.11980368195578145,45,64,,True,True,,191,59.56268577710819
260,2026-09-21T07:59:10.186+00:00,2026-09-21T08:04:01.478+00:00,2026-09-21T08:04:06.312+00:00,True,78,78.0,,78.0,291291.5248,296125.815744,296125.81586100004,3796.4848187307693,44.150971,291291.5248,32975.163023955,76.5839945,62.782999272727274,9.746736280332843,0.2634015538430151,45,64,,True,True,,1115,59.56268577710819
265,2026-09-21T07:59:11.463+00:00,2026-09-21T08:04:02.854+00:00,2026-09-21T08:04:03.810+00:00,True,16,16.0,,16.0,291390.430736,292346.392336,292346.39229600003,18271.649518500002,49.896211,291390.430736,72831.67561372425,72907.41675050001,63.73077333333334,9.855715022601155,0.05472959618947805,45,64,,True,True,,56,59.56268577710819
266,2026-09-21T07:59:11.727+00:00,2026-09-21T08:04:04.431+00:00,2026-09-21T08:04:10.027+00:00,True,91,91.0,,91.0,292704.187592,298300.221896,298300.221859,3278.024416032967,42.139180999999994,292704.187592,30677.219399914826,76.416776,62.17815893333333,8.95399629130716,0.30506179117669724,45,64,,True,True,,259,59.56268577710819
267,2026-09-21T07:59:11.953+00:00,2026-09-21T08:04:05.714+00:00,2026-09-21T08:04:09.953+00:00,True,69,69.0,,69.0,293760.864498,298000.10725,298000.107166,4318.84213284058,43.939921000000005,293760.864498,35357.14847028907,76.634883,62.34180517647059,9.531064966335087,0.2315435408287089,45,64,,True,True,,69,59.56268577710819
268,2026-09-21T07:59:12.281+00:00,2026-09-21T08:04:07.443+00:00,2026-09-21T08:04:10.090+00:00,True,43,43.0,,43.0,295161.608605,297809.467293,297809.4673,6925.80156511628,40.192401,295161.608605,45002.11016251013,76.20468499999998,63.044254476190474,9.562960726849479,0.14438761934218305,45,64,,True,True,,150,59.56268577710819
269,2026-09-21T07:59:12.564+00:00,2026-09-21T08:04:09.055+00:00,2026-09-21T08:04:12.588+00:00,False,59,58.0,,58.0,296491.15356400004,300024.160924,300024.16091800004,5085.155269796611,0.04039,296491.15356400004,38591.932172976965,77.0658909,60.91392,12.817784589072376,0.19331776421396993,45,64,,True,False,Request timeout: 300.0s exceeded,176,59.56268577710819
270,2026-09-21T07:59:12.874+00:00,2026-09-21T08:04:10.696+00:00,2026-09-21T08:04:12.893+00:00,False,38,37.0,,37.0,297822.579661,300019.626957,300019.627087,7895.253344394737,0.039880000000000006,297822.579661,48303.57129727236,79.31124650000001,59.37965664864865,13.489589396167418,0.12332526500108935,45,64,,True,False,Request timeout: 300.0s exceeded,37,59.56268577710819
271,2026-09-21T07:59:13.103+00:00,2026-09-21T08:04:11.780+00:00,2026-09-21T08:04:13.149+00:00,False,25,24.0,,24.0,298676.535393,300045.813089,300045.813321,12001.83253284,0.03726,298676.535393,59723.89818749466,74.315681,57.053237333333335,14.80394505774773,0.07998778504161659,45,64,,True,False,Request timeout: 300.0s exceeded,212,59.56268577710819
272,2026-09-21T07:59:13.395+00:00,2026-09-21T08:04:13.460+00:00,2026-09-21T08:04:13.460+00:00,False,1,0.0,,0.0,300065.13069300004,300065.13069300004,300065.13069300004,300065.13069300004,300065.13069300004,300065.13069300004,nan,300065.13069300004,nan,nan,0.0,45,64,,True,False,TTFT timeout: 300.0s exceeded (TTFT: 300.044s),0,59.56268577710819
273,2026-09-21T07:59:13.602+00:00,2026-09-21T08:04:13.711+00:00,2026-09-21T08:04:13.711+00:00,False,1,0.0,,0.0,300109.27108,300109.27108,300109.27108,300109.27108,300109.27108,300109.27108,nan,300109.27108,nan,nan,0.0,45,64,,True,False,"HTTPConnectionPool(host='gpu06', port=9004): Read timed out.",0,59.56268577710819
274,2026-09-21T07:59:13.867+00:00,2026-09-21T08:04:13.892+00:00,2026-09-21T08:04:13.892+00:00,False,1,0.0,,0.0,300025.65188,300025.65188,300025.65188,300025.65188,300025.65188,300025.65188,nan,300025.65188,nan,nan,0.0,45,64,,True,False,"HTTPConnectionPool(host='gpu06', port=9004): Read timed out.",0,59.56268577710819
275,2026-09-21T07:59:14.205+00:00,2026-09-21T08:04:14.275+00:00,2026-09-21T08:04:14.275+00:00,False,1,0.0,,0.0,300069.145538,300069.145538,300069.145538,300069.145538,300069.145538,300069.145538,nan,300069.145538,nan,nan,0.0,45,64,,True,False,"HTTPConnectionPool(host='gpu06', port=9004): Read timed out.",0,59.56268577710819
276,2026-09-21T07:59:14.418+00:00,2026-09-21T08:04:14.523+00:00,2026-09-21T08:04:14.523+00:00,False,1,0.0,,0.0,300105.04478500003,300105.04478500003,300105.04478500003,300105.04478500003,300105.04478500003,300105.04478500003,nan,300105.04478500003,nan,nan,0.0,45,64,,True,False,"HTTPConnectionPool(host='gpu06', port=9004): Read timed out.",0,59.56268577710819
277,2026-09-21T07:59:14.737+00:00,2026-09-21T08:04:14.841+00:00,2026-09-21T08:04:14.841+00:00,False,1,0.0,,0.0,300103.422734,300103.422734,300103.422734,300103.422734,300103.422734,300103.422734,nan,300103.422734,nan,nan,0.0,45,64,,True,False,"HTTPConnectionPool(host='gpu06', port=9004): Read timed out.",0,59.56268577710819
278,2026-09-21T07:59:14.962+00:00,2026-09-21T08:04:15.081+00:00,2026-09-21T08:04:15.081+00:00,False,1,0.0,,0.0,300118.96941900003,300118.96941900003,300118.96941900003,300118.96941900003,300118.96941900003,300118.96941900003,nan,300118.96941900003,nan,nan,0.0,45,64,,True,False,"HTTPConnectionPool(host='gpu06', port=9004): Read timed out.",0,59.56268577710819
279,2026-09-21T07:59:15.262+00:00,2026-09-21T08:04:15.351+00:00,2026-09-21T08:04:15.351+00:00,False,1,0.0,,0.0,300088.985987,300088.985987,300088.985987,300088.985987,300088.985987,300088.985987,nan,300088.985987,nan,nan,0.0,45,64,,True,False,"HTTPConnectionPool(host='gpu06', port=9004): Read timed out.",0,59.56268577710819
280,2026-09-21T07:59:15.567+00:00,2026-09-21T08:04:15.646+00:00,2026-09-21T08:04:15.646+00:00,False,1,0.0,,0.0,300078.823927,300078.823927,300078.823927,300078.823927,300078.823927,300078.823927,nan,300078.823927,nan,nan,0.0,45,64,,True,False,TTFT timeout: 300.0s exceeded (TTFT: 300.074s),0,59.56268577710819
281,2026-09-21T07:59:15.762+00:00,2026-09-21T08:04:15.804+00:00,2026-09-21T08:04:15.804+00:00,False,1,0.0,,0.0,300042.075073,300042.075073,300042.075073,300042.075073,300042.075073,300042.075073,nan,300042.075073,nan,nan,0.0,45,64,,True,False,TTFT timeout: 300.0s exceeded (TTFT: 300.025s),0,59.56268577710819
282,2026-09-21T07:59:16.082+00:00,2026-09-21T08:04:16.188+00:00,2026-09-21T08:04:16.188+00:00,False,1,0.0,,0.0,300106.431423,300106.431423,300106.431423,300106.431423,300106.431423,300106.431423,nan,300106.431423,nan,nan,0.0,45,64,,True,False,"HTTPConnectionPool(host='gpu06', port=9004): Read timed out.",0,59.56268577710819
283,2026-09-21T07:59:16.309+00:00,2026-09-21T08:04:16.382+00:00,2026-09-21T08:04:16.382+00:00,False,1,0.0,,0.0,300072.39506699995,300072.39506699995,300072.39506699995,300072.39506699995,300072.39506699995,300072.39506699995,nan,300072.39506699995,nan,nan,0.0,45,64,,True,False,"HTTPConnectionPool(host='gpu06', port=9004): Read timed out.",0,59.56268577710819
284,2026-09-21T07:59:16.542+00:00,2026-09-21T08:04:16.644+00:00,2026-09-21T08:04:16.644+00:00,False,1,0.0,,0.0,300101.612512,300101.612512,300101.612512,300101.612512,300101.612512,300101.612512,nan,300101.612512,nan,nan,0.0,45,64,,True,False,"HTTPConnectionPool(host='gpu06', port=9004): Read timed out.",0,59.56268577710819
285,2026-09-21T07:59:16.873+00:00,2026-09-21T08:04:16.978+00:00,2026-09-21T08:04:16.978+00:00,False,1,0.0,,0.0,300105.04415,300105.04415,300105.04415,300105.04415,300105.04415,300105.04415,nan,300105.04415,nan,nan,0.0,45,64,,True,False,"HTTPConnectionPool(host='gpu06', port=9004): Read timed out.",0,59.56268577710819
286,2026-09-21T07:59:17.143+00:00,2026-09-21T08:04:17.255+00:00,2026-09-21T08:04:17.255+00:00,False,1,0.0,,0.0,300111.631592,300111.631592,300111.631592,300111.631592,300111.631592,300111.631592,nan,300111.631592,nan,nan,0.0,45,64,,True,False,"HTTPConnectionPool(host='gpu06', port=9004): Read timed out.",0,59.56268577710819
287,2026-09-21T07:59:17.348+00:00,2026-09-21T08:04:17.478+00:00,2026-09-21T08:04:17.478+00:00,False,1,0.0,,0.0,300130.110579,300130.110579,300130.110579,300130.110579,300130.110579,300130.110579,nan,300130.110579,nan,nan,0.0,45,64,,True,False,"HTTPConnectionPool(host='gpu06', port=9004): Read timed out.",0,59.56268577710819
288,2026-09-21T07:59:17.680+00:00,2026-09-21T08:04:17.795+00:00,2026-09-21T08:04:17.795+00:00,False,1,0.0,,0.0,300114.880067,300114.880067,300114.880067,300114.880067,300114.880067,300114.880067,nan,300114.880067,nan,nan,0.0,45,64,,True,False,"HTTPConnectionPool(host='gpu06', port=9004): Read timed out.",0,59.56268577710819
289,2026-09-21T07:59:17.975+00:00,2026-09-21T08:04:18.034+00:00,2026-09-21T08:04:18.034+00:00,False,1,0.0,,0.0,300059.307165,300059.307165,300059.307165,300059.307165,300059.307165,300059.307165,nan,300059.307165,nan,nan,0.0,45,64,,True,False,TTFT timeout: 300.0s exceeded (TTFT: 300.046s),0,59.56268577710819
291,2026-09-21T07:59:19.379+00:00,2026-09-21T08:04:18.632+00:00,2026-09-21T08:04:19.538+00:00,False,13,12.0,,12.0,299253.436785,300159.09310500004,300159.09292400006,23089.160994153848,0.04088,299253.436785,82977.04585502356,119782.68258780001,75.47136,37.547001565360425,0.03997879882920031,45,64,,True,False,Request timeout: 300.0s exceeded,60,59.56268577710819
292,2026-09-21T07:59:19.384+00:00,2026-09-21T08:04:18.633+00:00,2026-09-21T08:04:19.473+00:00,False,12,11.0,,11.0,299248.843934,300089.658526,300089.658462,25007.4715385,0.03389,299248.843934,86363.642601206,134736.56480994998,76.43769018181818,38.88965149366608,0.03665571167640538,45,64,,True,False,Request timeout: 300.0s exceeded,0,59.56268577710819
290,2026-09-21T07:59:19.341+00:00,2026-09-21T08:04:18.633+00:00,2026-09-21T08:04:19.276+00:00,True,8,8.0,,8.0,299291.447298,299934.20083399996,299934.200861,37491.775107625,52.496881,299291.447298,105783.04652660925,194587.58569825,91.82193371428572,33.38734797517845,0.026672516764527428,45,64,,True,True,,80,59.56268577710819
294,2026-09-21T07:59:19.635+00:00,2026-09-21T08:04:19.271+00:00,2026-09-21T08:04:19.861+00:00,False,12,11.0,,11.0,299636.175215,300225.494127,300225.49427799997,25018.791189833333,0.02948,299636.175215,86482.05026562467,134884.80327985,53.57444654545455,22.54083583032411,0.036639126973496895,45,64,,True,False,Request timeout: 300.0s exceeded,44,59.56268577710819
293,2026-09-21T07:59:19.485+00:00,2026-09-21T08:04:20.400+00:00,2026-09-21T08:04:20.400+00:00,False,1,0.0,,0.0,300915.839362,300915.839362,300915.839362,300915.839362,300915.839362,300915.839362,nan,300915.839362,nan,nan,0.0,45,64,,True,False,"HTTPConnectionPool(host='gpu06', port=9004): Read timed out.",0,59.56268577710819
295,2026-09-21T07:59:19.685+00:00,2026-09-21T08:04:20.863+00:00,2026-09-21T08:04:21.355+00:00,False,7,6.0,,6.0,301177.830475,301669.99303500005,301669.993015,43095.71328785714,0.12993000000000002,301177.830475,113803.52861764714,210875.0867107,82.02709333333333,57.16848442693622,0.01988928345055477,45,64,,True,False,Request timeout: 300.0s exceeded,18,59.56268577710819
296,2026-09-21T07:59:20.044+00:00,2026-09-21T08:04:21.214+00:00,2026-09-21T08:04:21.405+00:00,False,5,4.0,,4.0,301170.61874,301361.537396,301361.537414,60272.3074828,0.028239999999999998,301170.61874,134666.25409444107,240955.4922024,47.729664,38.76908625684349,0.013273093954069708,45,64,,True,False,Request timeout: 300.0s exceeded,4,59.56268577710819
297,2026-09-21T07:59:20.214+00:00,2026-09-21T08:04:21.362+00:00,2026-09-21T08:04:21.473+00:00,False,4,3.0,,3.0,301148.327708,301258.8703,301258.87035000004,75314.71758750001,0.11799,301148.327708,150555.74285918483,255986.70021245003,36.847530666666664,35.42751766803773,0.00995821300469107,45,64,,True,False,Request timeout: 300.0s exceeded,12,59.56268577710819
298,2026-09-21T07:59:20.372+00:00,2026-09-21T08:04:21.564+00:00,2026-09-21T08:04:21.564+00:00,False,1,0.0,,0.0,301191.861608,301191.861608,301191.861608,301191.861608,301191.861608,301191.861608,nan,301191.861608,nan,nan,0.0,45,64,,True,False,"HTTPConnectionPool(host='gpu06', port=9004): Read timed out.",0,59.56268577710819
299,2026-09-21T07:59:20.577+00:00,2026-09-21T08:04:21.896+00:00,2026-09-21T08:04:21.896+00:00,False,1,0.0,,0.0,301318.88145700004,301318.88145700004,301318.88145700004,301318.88145700004,301318.88145700004,301318.88145700004,nan,301318.88145700004,nan,nan,0.0,45,64,,True,False,"HTTPConnectionPool(host='gpu06', port=9004): Read timed out.",0,59.56268577710819
303,2026-09-21T07:59:21.635+00:00,2026-09-21T08:04:21.899+00:00,2026-09-21T08:04:21.899+00:00,False,1,0.0,,0.0,300263.804734,300263.804734,300263.804734,300263.804734,300263.804734,300263.804734,nan,300263.804734,nan,nan,0.0,45,64,,True,False,"HTTPConnectionPool(host='gpu06', port=9004): Read timed out.",0,59.56268577710819
302,2026-09-21T07:59:21.357+00:00,2026-09-21T08:04:21.900+00:00,2026-09-21T08:04:21.900+00:00,False,1,0.0,,0.0,300542.758179,300542.758179,300542.758179,300542.758179,300542.758179,300542.758179,nan,300542.758179,nan,nan,0.0,45,64,,True,False,"HTTPConnectionPool(host='gpu06', port=9004): Read timed out.",0,59.56268577710819
304,2026-09-21T07:59:21.861+00:00,2026-09-21T08:04:23.274+00:00,2026-09-21T08:04:23.274+00:00,False,1,0.0,,0.0,301413.704133,301413.704133,301413.704133,301413.704133,301413.704133,301413.704133,nan,301413.704133,nan,nan,0.0,45,64,,True,False,"HTTPConnectionPool(host='gpu06', port=9004): Read timed out.",0,59.56268577710819
307,2026-09-21T07:59:22.773+00:00,2026-09-21T08:04:23.282+00:00,2026-09-21T08:04:23.282+00:00,False,1,0.0,,0.0,300508.979513,300508.979513,300508.979513,300508.979513,300508.979513,300508.979513,nan,300508.979513,nan,nan,0.0,45,64,,True,False,"HTTPConnectionPool(host='gpu06', port=9004): Read timed out.",0,59.56268577710819
308,2026-09-21T07:59:23.068+00:00,2026-09-21T08:04:23.289+00:00,2026-09-21T08:04:23.289+00:00,False,1,0.0,,0.0,300220.67249699996,300220.67249699996,300220.67249699996,300220.67249699996,300220.67249699996,300220.67249699996,nan,300220.67249699996,nan,nan,0.0,45,64,,True,False,"HTTPConnectionPool(host='gpu06', port=9004): Read timed out.",0,59.56268577710819
300,2026-09-21T07:59:20.836+00:00,2026-09-21T08:04:23.292+00:00,2026-09-21T08:04:23.292+00:00,False,1,0.0,,0.0,302455.814794,302455.814794,302455.814794,302455.814794,302455.814794,302455.814794,nan,302455.814794,nan,nan,0.0,45,64,,True,False,"HTTPConnectionPool(host='gpu06', port=9004): Read timed out.",0,59.56268577710819
306,2026-09-21T07:59:22.460+00:00,2026-09-21T08:04:23.295+00:00,2026-09-21T08:04:23.295+00:00,False,1,0.0,,0.0,300834.95096100005,300834.95096100005,300834.95096100005,300834.95096100005,300834.95096100005,300834.95096100005,nan,300834.95096100005,nan,nan,0.0,45,64,,True,False,"HTTPConnectionPool(host='gpu06', port=9004): Read timed out.",0,59.56268577710819
301,2026-09-21T07:59:21.125+00:00,2026-09-21T08:04:23.307+00:00,2026-09-21T08:04:23.307+00:00,False,1,0.0,,0.0,302181.765919,302181.765919,302181.765919,302181.765919,302181.765919,302181.765919,nan,302181.765919,nan,nan,0.0,45,64,,True,False,"HTTPConnectionPool(host='gpu06', port=9004): Read timed out.",0,59.56268577710819
305,2026-09-21T07:59:22.175+00:00,2026-09-21T08:04:23.315+00:00,2026-09-21T08:04:23.315+00:00,False,1,0.0,,0.0,301140.589817,301140.589817,301140.589817,301140.589817,301140.589817,301140.589817,nan,301140.589817,nan,nan,0.0,45,64,,True,False,"HTTPConnectionPool(host='gpu06', port=9004): Read timed out.",0,59.56268577710819
309,2026-09-21T07:59:23.397+00:00,2026-09-21T08:04:23.507+00:00,2026-09-21T08:04:23.507+00:00,False,1,0.0,,0.0,300109.49724299996,300109.49724299996,300109.49724299996,300109.49724299996,300109.49724299996,300109.49724299996,nan,300109.49724299996,nan,nan,0.0,45,64,,True,False,"HTTPConnectionPool(host='gpu06', port=9004): Read timed out.",0,59.56268577710819
310,2026-09-21T07:59:23.693+00:00,2026-09-21T08:04:23.783+00:00,2026-09-21T08:04:23.783+00:00,False,1,0.0,,0.0,300089.908533,300089.908533,300089.908533,300089.908533,300089.908533,300089.908533,nan,300089.908533,nan,nan,0.0,45,64,,True,False,"HTTPConnectionPool(host='gpu06', port=9004): Read timed out.",0,59.56268577710819
311,2026-09-21T07:59:23.922+00:00,2026-09-21T08:04:23.942+00:00,2026-09-21T08:04:23.942+00:00,False,1,0.0,,0.0,300020.814456,300020.814456,300020.814456,300020.814456,300020.814456,300020.814456,nan,300020.814456,nan,nan,0.0,45,64,,True,False,"HTTPConnectionPool(host='gpu06', port=9004): Read timed out.",0,59.56268577710819
312,2026-09-21T07:59:24.238+00:00,2026-09-21T08:04:24.342+00:00,2026-09-21T08:04:24.342+00:00,False,1,0.0,,0.0,300104.295376,300104.295376,300104.295376,300104.295376,300104.295376,300104.295376,nan,300104.295376,nan,nan,0.0,45,64,,True,False,"HTTPConnectionPool(host='gpu06', port=9004): Read timed out.",0,59.56268577710819
313,2026-09-21T07:59:24.433+00:00,2026-09-21T08:04:24.510+00:00,2026-09-21T08:04:24.510+00:00,False,1,0.0,,0.0,300076.705373,300076.705373,300076.705373,300076.705373,300076.705373,300076.705373,nan,300076.705373,nan,nan,0.0,45,64,,True,False,"HTTPConnectionPool(host='gpu06', port=9004): Read timed out.",0,59.56268577710819
314,2026-09-21T07:59:24.678+00:00,2026-09-21T08:04:24.779+00:00,2026-09-21T08:04:24.779+00:00,False,1,0.0,,0.0,300101.60276700003,300101.60276700003,300101.60276700003,300101.60276700003,300101.60276700003,300101.60276700003,nan,300101.60276700003,nan,nan,0.0,45,64,,True,False,"HTTPConnectionPool(host='gpu06', port=9004): Read timed out.",0,59.56268577710819
315,2026-09-21T07:59:24.865+00:00,2026-09-21T08:04:24.967+00:00,2026-09-21T08:04:24.967+00:00,False,1,0.0,,0.0,300101.90200400003,300101.90200400003,300101.90200400003,300101.90200400003,300101.90200400003,300101.90200400003,nan,300101.90200400003,nan,nan,0.0,45,64,,True,False,"HTTPConnectionPool(host='gpu06', port=9004): Read timed out.",0,59.56268577710819
316,2026-09-21T07:59:25.192+00:00,2026-09-21T08:04:25.297+00:00,2026-09-21T08:04:25.297+00:00,False,1,0.0,,0.0,300104.72382300004,300104.72382300004,300104.72382300004,300104.72382300004,300104.72382300004,300104.72382300004,nan,300104.72382300004,nan,nan,0.0,45,64,,True,False,"HTTPConnectionPool(host='gpu06', port=9004): Read timed out.",0,59.56268577710819
317,2026-09-21T07:59:25.491+00:00,2026-09-21T08:04:25.530+00:00,2026-09-21T08:04:25.530+00:00,False,1,0.0,,0.0,300039.535901,300039.535901,300039.535901,300039.535901,300039.535901,300039.535901,nan,300039.535901,nan,nan,0.0,45,64,,True,False,TTFT timeout: 300.0s exceeded (TTFT: 300.022s),0,59.56268577710819
318,2026-09-21T07:59:25.763+00:00,2026-09-21T08:04:25.787+00:00,2026-09-21T08:04:25.787+00:00,False,1,0.0,,0.0,300023.608833,300023.608833,300023.608833,300023.608833,300023.608833,300023.608833,nan,300023.608833,nan,nan,0.0,45,64,,True,False,TTFT timeout: 300.0s exceeded (TTFT: 300.017s),0,59.56268577710819
319,2026-09-21T07:59:26.018+00:00,2026-09-21T08:04:26.131+00:00,2026-09-21T08:04:26.131+00:00,False,1,0.0,,0.0,300113.21507800004,300113.21507800004,300113.21507800004,300113.21507800004,300113.21507800004,300113.21507800004,nan,300113.21507800004,nan,nan,0.0,45,64,,True,False,"HTTPConnectionPool(host='gpu06', port=9004): Read timed out.",0,59.56268577710819
320,2026-09-21T07:59:26.210+00:00,2026-09-21T08:04:26.320+00:00,2026-09-21T08:04:26.320+00:00,False,1,0.0,,0.0,300110.241415,300110.241415,300110.241415,300110.241415,300110.241415,300110.241415,nan,300110.241415,nan,nan,0.0,45,64,,True,False,"HTTPConnectionPool(host='gpu06', port=9004): Read timed out.",0,59.56268577710819
321,2026-09-21T07:59:26.460+00:00,2026-09-21T08:04:26.573+00:00,2026-09-21T08:04:26.573+00:00,False,1,0.0,,0.0,300112.894918,300112.894918,300112.894918,300112.894918,300112.894918,300112.894918,nan,300112.894918,nan,nan,0.0,45,64,,True,False,"HTTPConnectionPool(host='gpu06', port=9004): Read timed out.",0,59.56268577710819
322,2026-09-21T07:59:26.780+00:00,2026-09-21T08:04:26.889+00:00,2026-09-21T08:04:26.889+00:00,False,1,0.0,,0.0,300109.530487,300109.530487,300109.530487,300109.530487,300109.530487,300109.530487,nan,300109.530487,nan,nan,0.0,45,64,,True,False,"HTTPConnectionPool(host='gpu06', port=9004): Read timed out.",0,59.56268577710819
323,2026-09-21T07:59:26.981+00:00,2026-09-21T08:04:27.084+00:00,2026-09-21T08:04:27.084+00:00,False,1,0.0,,0.0,300103.33067299996,300103.33067299996,300103.33067299996,300103.33067299996,300103.33067299996,300103.33067299996,nan,300103.33067299996,nan,nan,0.0,45,64,,True,False,TTFT timeout: 300.0s exceeded (TTFT: 300.098s),0,59.56268577710819
324,2026-09-21T07:59:27.177+00:00,2026-09-21T08:04:27.285+00:00,2026-09-21T08:04:27.285+00:00,False,1,0.0,,0.0,300108.63927999994,300108.63927999994,300108.63927999994,300108.63927999994,300108.63927999994,300108.63927999994,nan,300108.63927999994,nan,nan,0.0,45,64,,True,False,"HTTPConnectionPool(host='gpu06', port=9004): Read timed out.",0,59.56268577710819
325,2026-09-21T07:59:27.415+00:00,2026-09-21T08:04:27.513+00:00,2026-09-21T08:04:27.513+00:00,False,1,0.0,,0.0,300098.215324,300098.215324,300098.215324,300098.215324,300098.215324,300098.215324,nan,300098.215324,nan,nan,0.0,45,64,,True,False,"HTTPConnectionPool(host='gpu06', port=9004): Read timed out.",0,59.56268577710819
326,2026-09-21T07:59:27.720+00:00,2026-09-21T08:04:27.659+00:00,2026-09-21T08:04:27.764+00:00,False,3,2.0,,2.0,299939.87104,300044.036672,300044.036692,100014.67889733333,0.034,299939.87104,173140.3030754016,269956.2971012,52.082816,73.60807361041076,0.006665688217581027,45,64,,True,False,Request timeout: 300.0s exceeded,12,59.56268577710819
327,2026-09-21T07:59:27.941+00:00,2026-09-21T08:04:28.015+00:00,2026-09-21T08:04:28.015+00:00,False,1,0.0,,0.0,300073.560067,300073.560067,300073.560067,300073.560067,300073.560067,300073.560067,nan,300073.560067,nan,nan,0.0,45,64,,True,False,"HTTPConnectionPool(host='gpu06', port=9004): Read timed out.",0,59.56268577710819
328,2026-09-21T07:59:28.153+00:00,2026-09-21T08:04:28.264+00:00,2026-09-21T08:04:28.264+00:00,False,1,0.0,,0.0,300111.55688499997,300111.55688499997,300111.55688499997,300111.55688499997,300111.55688499997,300111.55688499997,nan,300111.55688499997,nan,nan,0.0,45,64,,True,False,"HTTPConnectionPool(host='gpu06', port=9004): Read timed out.",0,59.56268577710819
329,2026-09-21T07:59:28.488+00:00,2026-09-21T08:04:28.597+00:00,2026-09-21T08:04:28.597+00:00,False,1,0.0,,0.0,300109.857942,300109.857942,300109.857942,300109.857942,300109.857942,300109.857942,nan,300109.857942,nan,nan,0.0,45,64,,True,False,"HTTPConnectionPool(host='gpu06', port=9004): Read timed out.",0,59.56268577710819
330,2026-09-21T07:59:28.709+00:00,2026-09-21T08:04:28.784+00:00,2026-09-21T08:04:28.784+00:00,False,1,0.0,,0.0,300075.49232599995,300075.49232599995,300075.49232599995,300075.49232599995,300075.49232599995,300075.49232599995,nan,300075.49232599995,nan,nan,0.0,45,64,,True,False,"HTTPConnectionPool(host='gpu06', port=9004): Read timed out.",0,59.56268577710819
331,2026-09-21T07:59:28.954+00:00,2026-09-21T08:04:29.070+00:00,2026-09-21T08:04:29.070+00:00,False,1,0.0,,0.0,300116.41719,300116.41719,300116.41719,300116.41719,300116.41719,300116.41719,nan,300116.41719,nan,nan,0.0,45,64,,True,False,"HTTPConnectionPool(host='gpu06', port=9004): Read timed out.",0,59.56268577710819
332,2026-09-21T07:59:29.223+00:00,2026-09-21T08:04:29.267+00:00,2026-09-21T08:04:29.267+00:00,False,1,0.0,,0.0,300043.427931,300043.427931,300043.427931,300043.427931,300043.427931,300043.427931,nan,300043.427931,nan,nan,0.0,45,64,,True,False,TTFT timeout: 300.0s exceeded (TTFT: 300.029s),0,59.56268577710819
333,2026-09-21T07:59:29.406+00:00,2026-09-21T08:04:29.454+00:00,2026-09-21T08:04:29.454+00:00,False,1,0.0,,0.0,300048.48866900004,300048.48866900004,300048.48866900004,300048.48866900004,300048.48866900004,300048.48866900004,nan,300048.48866900004,nan,nan,0.0,45,64,,True,False,TTFT timeout: 300.0s exceeded (TTFT: 300.034s),0,59.56268577710819
334,2026-09-21T07:59:29.654+00:00,2026-09-21T08:04:29.606+00:00,2026-09-21T08:04:29.648+00:00,True,2,2.0,,2.0,299951.97294099996,299994.45588499994,299994.455782,149997.227891,42.482841,299951.97294099996,212068.0341919097,284956.49843599997,42.482944,nan,0.006666789871499096,45,64,,True,True,,12,59.56268577710819
335,2026-09-21T07:59:29.894+00:00,2026-09-21T08:04:29.965+00:00,2026-09-21T08:04:29.965+00:00,False,1,0.0,,0.0,300071.232317,300071.232317,300071.232317,300071.232317,300071.232317,300071.232317,nan,300071.232317,nan,nan,0.0,45,64,,True,False,"HTTPConnectionPool(host='gpu06', port=9004): Read timed out.",0,59.56268577710819
336,2026-09-21T07:59:30.222+00:00,2026-09-21T08:04:30.319+00:00,2026-09-21T08:04:30.319+00:00,False,1,0.0,,0.0,300097.715256,300097.715256,300097.715256,300097.715256,300097.715256,300097.715256,nan,300097.715256,nan,nan,0.0,45,64,,True,False,"HTTPConnectionPool(host='gpu06', port=9004): Read timed out.",0,59.56268577710819
337,2026-09-21T07:59:30.529+00:00,2026-09-21T08:04:30.636+00:00,2026-09-21T08:04:30.636+00:00,False,1,0.0,,0.0,300107.265175,300107.265175,300107.265175,300107.265175,300107.265175,300107.265175,nan,300107.265175,nan,nan,0.0,45,64,,True,False,"HTTPConnectionPool(host='gpu06', port=9004): Read timed out.",0,59.56268577710819
338,2026-09-21T07:59:30.799+00:00,2026-09-21T08:04:30.906+00:00,2026-09-21T08:04:30.906+00:00,False,1,0.0,,0.0,300106.75875700003,300106.75875700003,300106.75875700003,300106.75875700003,300106.75875700003,300106.75875700003,nan,300106.75875700003,nan,nan,0.0,45,64,,True,False,"HTTPConnectionPool(host='gpu06', port=9004): Read timed out.",0,59.56268577710819
339,2026-09-21T07:59:31.054+00:00,2026-09-21T08:04:31.145+00:00,2026-09-21T08:04:31.145+00:00,False,1,0.0,,0.0,300091.25942,300091.25942,300091.25942,300091.25942,300091.25942,300091.25942,nan,300091.25942,nan,nan,0.0,45,64,,True,False,"HTTPConnectionPool(host='gpu06', port=9004): Read timed out.",0,59.56268577710819
340,2026-09-21T07:59:31.250+00:00,2026-09-21T08:04:31.374+00:00,2026-09-21T08:04:31.374+00:00,False,1,0.0,,0.0,300124.455097,300124.455097,300124.455097,300124.455097,300124.455097,300124.455097,nan,300124.455097,nan,nan,0.0,45,64,,True,False,"HTTPConnectionPool(host='gpu06', port=9004): Read timed out.",0,59.56268577710819
341,2026-09-21T07:59:31.579+00:00,2026-09-21T08:04:31.693+00:00,2026-09-21T08:04:32.858+00:00,False,20,19.0,,19.0,300113.937434,301278.51471400005,301278.514679,15063.925733950002,0.03191,300113.937434,67093.8188811661,15180.1616395,61.29354105263158,33.71142971423987,0.06306457006413639,45,64,,True,False,Request timeout: 300.0s exceeded,95,59.56268577710819
342,2026-09-21T07:59:31.777+00:00,2026-09-21T08:04:31.873+00:00,2026-09-21T08:04:32.915+00:00,False,20,19.0,,19.0,300096.42291100003,301137.66195100005,301137.661863,15056.883093150002,0.02552,300096.42291100003,67091.34789094582,15078.7909015,54.8020547368421,16.22457282584836,0.06309406759985939,45,64,,True,False,Request timeout: 300.0s exceeded,41,59.56268577710819
343,2026-09-21T07:59:31.979+00:00,2026-09-21T08:04:31.877+00:00,2026-09-21T08:04:32.959+00:00,False,21,20.0,,20.0,299898.154153,300979.573161,300979.57313599996,14332.360625523808,0.03061,299898.154153,65431.345123300096,78.73705100000001,54.0709504,16.121633273231495,0.06644969221649338,45,64,,True,False,Request timeout: 300.0s exceeded,60,59.56268577710819
347,2026-09-21T07:59:32.904+00:00,2026-09-21T08:04:33.103+00:00,2026-09-21T08:04:33.103+00:00,False,1,0.0,,0.0,300198.81803799997,300198.81803799997,300198.81803799997,300198.81803799997,300198.81803799997,300198.81803799997,nan,300198.81803799997,nan,nan,0.0,45,64,,True,False,"HTTPConnectionPool(host='gpu06', port=9004): Read timed out.",0,59.56268577710819
344,2026-09-21T07:59:32.187+00:00,2026-09-21T08:04:33.222+00:00,2026-09-21T08:04:33.222+00:00,False,1,0.0,,0.0,301034.403583,301034.403583,301034.403583,301034.403583,301034.403583,301034.403583,nan,301034.403583,nan,nan,0.0,45,64,,True,False,"HTTPConnectionPool(host='gpu06', port=9004): Read timed out.",0,59.56268577710819
348,2026-09-21T07:59:33.222+00:00,2026-09-21T08:04:33.243+00:00,2026-09-21T08:04:33.243+00:00,False,1,0.0,,0.0,300021.83259299997,300021.83259299997,300021.83259299997,300021.83259299997,300021.83259299997,300021.83259299997,nan,300021.83259299997,nan,nan,0.0,45,64,,True,False,"HTTPConnectionPool(host='gpu06', port=9004): Read timed out.",0,59.56268577710819
345,2026-09-21T07:59:32.389+00:00,2026-09-21T08:04:33.474+00:00,2026-09-21T08:04:33.474+00:00,False,1,0.0,,0.0,301085.238361,301085.238361,301085.238361,301085.238361,301085.238361,301085.238361,nan,301085.238361,nan,nan,0.0,45,64,,True,False,"HTTPConnectionPool(host='gpu06', port=9004): Read timed out.",0,59.56268577710819
349,2026-09-21T07:59:33.542+00:00,2026-09-21T08:04:33.619+00:00,2026-09-21T08:04:33.619+00:00,False,1,0.0,,0.0,300077.158073,300077.158073,300077.158073,300077.158073,300077.158073,300077.158073,nan,300077.158073,nan,nan,0.0,45,64,,True,False,"HTTPConnectionPool(host='gpu06', port=9004): Read timed out.",0,59.56268577710819
346,2026-09-21T07:59:32.701+00:00,2026-09-21T08:04:34.283+00:00,2026-09-21T08:04:35.507+00:00,False,23,22.0,,22.0,301582.644411,302806.370491,302806.370476,13165.49436852174,0.03796,301582.644411,62872.73246510776,102.63684300000001,55.623912727272725,18.01415740721956,0.07265368943304276,45,64,,True,False,Request timeout: 300.0s exceeded,153,59.56268577710819
350,2026-09-21T07:59:34.991+00:00,2026-09-21T08:04:34.284+00:00,2026-09-21T08:04:35.320+00:00,False,20,19.0,,19.0,299292.593919,300328.275199,300328.27506,15016.413753,0.02476,299292.593919,66911.67218411912,15059.72834585,54.509541052631576,18.296611627833844,0.0632641065427837,45,64,,True,False,Request timeout: 300.0s exceeded,130,59.56268577710819
351,2026-09-21T07:59:35.096+00:00,2026-09-21T08:04:34.453+00:00,2026-09-21T08:04:35.218+00:00,False,16,15.0,,15.0,299357.140343,300121.534839,300121.53480900003,18757.595925562502,0.03173,299357.140343,74826.5466968361,74892.16300475,50.95963306666667,15.605648048932283,0.049979752396130915,45,64,,True,False,Request timeout: 300.0s exceeded,130,59.56268577710819
352,2026-09-21T07:59:35.243+00:00,2026-09-21T08:04:35.366+00:00,2026-09-21T08:04:35.366+00:00,False,1,0.0,,0.0,300122.750649,300122.750649,300122.750649,300122.750649,300122.750649,300122.750649,nan,300122.750649,nan,nan,0.0,45,64,,True,False,"HTTPConnectionPool(host='gpu06', port=9004): Read timed out.",0,59.56268577710819
355,2026-09-21T07:59:35.567+00:00,2026-09-21T08:04:35.813+00:00,2026-09-21T08:04:35.813+00:00,False,1,0.0,,0.0,300246.258589,300246.258589,300246.258589,300246.258589,300246.258589,300246.258589,nan,300246.258589,nan,nan,0.0,45,64,,True,False,"HTTPConnectionPool(host='gpu06', port=9004): Read timed out.",0,59.56268577710819
353,2026-09-21T07:59:35.325+00:00,2026-09-21T08:04:35.814+00:00,2026-09-21T08:04:35.814+00:00,False,1,0.0,,0.0,300488.21651,300488.21651,300488.21651,300488.21651,300488.21651,300488.21651,nan,300488.21651,nan,nan,0.0,45,64,,True,False,"HTTPConnectionPool(host='gpu06', port=9004): Read timed out.",0,59.56268577710819
354,2026-09-21T07:59:35.411+00:00,2026-09-21T08:04:35.829+00:00,2026-09-21T08:04:35.829+00:00,False,1,0.0,,0.0,300417.77552100003,300417.77552100003,300417.77552100003,300417.77552100003,300417.77552100003,300417.77552100003,nan,300417.77552100003,nan,nan,0.0,45,64,,True,False,"HTTPConnectionPool(host='gpu06', port=9004): Read timed out.",0,59.56268577710819
356,2026-09-21T07:59:35.600+00:00,2026-09-21T08:04:35.974+00:00,2026-09-21T08:04:35.974+00:00,False,1,0.0,,0.0,300373.790676,300373.790676,300373.790676,300373.790676,300373.790676,300373.790676,nan,300373.790676,nan,nan,0.0,45,64,,True,False,"HTTPConnectionPool(host='gpu06', port=9004): Read timed out.",0,59.56268577710819
357,2026-09-21T07:59:35.652+00:00,2026-09-21T08:04:36.083+00:00,2026-09-21T08:04:36.083+00:00,False,1,0.0,,0.0,300430.912314,300430.912314,300430.912314,300430.912314,300430.912314,300430.912314,nan,300430.912314,nan,nan,0.0,45,64,,True,False,"HTTPConnectionPool(host='gpu06', port=9004): Read timed out.",0,59.56268577710819
358,2026-09-21T07:59:35.860+00:00,2026-09-21T08:04:36.121+00:00,2026-09-21T08:04:36.121+00:00,False,1,0.0,,0.0,300261.250674,300261.250674,300261.250674,300261.250674,300261.250674,300261.250674,nan,300261.250674,nan,nan,0.0,45,64,,True,False,"HTTPConnectionPool(host='gpu06', port=9004): Read timed out.",0,59.56268577710819
359,2026-09-21T07:59:35.967+00:00,2026-09-21T08:04:36.179+00:00,2026-09-21T08:04:36.179+00:00,False,1,0.0,,0.0,300211.73941000004,300211.73941000004,300211.73941000004,300211.73941000004,300211.73941000004,300211.73941000004,nan,300211.73941000004,nan,nan,0.0,45,64,,True,False,"HTTPConnectionPool(host='gpu06', port=9004): Read timed out.",0,59.56268577710819
360,2026-09-21T07:59:36.217+00:00,2026-09-21T08:04:36.325+00:00,2026-09-21T08:04:36.325+00:00,False,1,0.0,,0.0,300108.45528,300108.45528,300108.45528,300108.45528,300108.45528,300108.45528,nan,300108.45528,nan,nan,0.0,45,64,,True,False,"HTTPConnectionPool(host='gpu06', port=9004): Read timed out.",0,59.56268577710819
361,2026-09-21T07:59:36.485+00:00,2026-09-21T08:04:36.601+00:00,2026-09-21T08:04:36.601+00:00,False,1,0.0,,0.0,300115.640899,300115.640899,300115.640899,300115.640899,300115.640899,300115.640899,nan,300115.640899,nan,nan,0.0,45,64,,True,False,"HTTPConnectionPool(host='gpu06', port=9004): Read timed out.",0,59.56268577710819
362,2026-09-21T07:59:36.688+00:00,2026-09-21T08:04:36.784+00:00,2026-09-21T08:04:36.784+00:00,False,1,0.0,,0.0,300096.24381,300096.24381,300096.24381,300096.24381,300096.24381,300096.24381,nan,300096.24381,nan,nan,0.0,45,64,,True,False,"HTTPConnectionPool(host='gpu06', port=9004): Read timed out.",0,59.56268577710819
363,2026-09-21T07:59:36.967+00:00,2026-09-21T08:04:37.069+00:00,2026-09-21T08:04:37.069+00:00,False,1,0.0,,0.0,300101.85615899996,300101.85615899996,300101.85615899996,300101.85615899996,300101.85615899996,300101.85615899996,nan,300101.85615899996,nan,nan,0.0,45,64,,True,False,"HTTPConnectionPool(host='gpu06', port=9004): Read timed out.",0,59.56268577710819
364,2026-09-21T07:59:37.216+00:00,2026-09-21T08:04:37.323+00:00,2026-09-21T08:04:37.323+00:00,False,1,0.0,,0.0,300107.341381,300107.341381,300107.341381,300107.341381,300107.341381,300107.341381,nan,300107.341381,nan,nan,0.0,45,64,,True,False,"HTTPConnectionPool(host='gpu06', port=9004): Read timed out.",0,59.56268577710819
365,2026-09-21T07:59:37.473+00:00,2026-09-21T08:04:37.569+00:00,2026-09-21T08:04:37.569+00:00,False,1,0.0,,0.0,300096.48706300004,300096.48706300004,300096.48706300004,300096.48706300004,300096.48706300004,300096.48706300004,nan,300096.48706300004,nan,nan,0.0,45,64,,True,False,"HTTPConnectionPool(host='gpu06', port=9004): Read timed out.",0,59.56268577710819
366,2026-09-21T07:59:37.722+00:00,2026-09-21T08:04:37.826+00:00,2026-09-21T08:04:37.826+00:00,False,1,0.0,,0.0,300104.269376,300104.269376,300104.269376,300104.269376,300104.269376,300104.269376,nan,300104.269376,nan,nan,0.0,45,64,,True,False,"HTTPConnectionPool(host='gpu06', port=9004): Read timed out.",0,59.56268577710819
367,2026-09-21T07:59:37.922+00:00,2026-09-21T08:04:37.912+00:00,2026-09-21T08:04:38.080+00:00,False,3,2.0,,2.0,299989.19877200003,300157.804468,300157.80451200006,100052.601504,0.03781,299989.19877200003,173150.19288447287,270007.1356878,84.302848,119.16864926482636,0.0066631617443524485,45,64,,True,False,Request timeout: 300.0s exceeded,6,59.56268577710819
368,2026-09-21T07:59:38.171+00:00,2026-09-21T08:04:38.079+00:00,2026-09-21T08:04:38.251+00:00,False,3,2.0,,2.0,299908.034271,300080.170463,300080.170571,100026.72352366667,0.03623,299908.034271,173102.314227873,269934.4408509,86.068096,121.66762119808212,0.006664885576791555,45,64,,True,False,Request timeout: 300.0s exceeded,10,59.56268577710819
369,2026-09-21T07:59:38.421+00:00,2026-09-21T08:04:38.297+00:00,2026-09-21T08:04:38.452+00:00,False,5,4.0,,4.0,299876.251556,300031.42467599997,300031.424696,60006.28493919999,0.049460000000000004,299876.251556,134091.38968124264,239911.87374599997,38.79328,26.08103833784128,0.013331936827349162,45,64,,True,False,Request timeout: 300.0s exceeded,17,59.56268577710819
370,2026-09-21T07:59:38.692+00:00,2026-09-21T08:04:38.776+00:00,2026-09-21T08:04:38.776+00:00,False,1,0.0,,0.0,300084.070962,300084.070962,300084.070962,300084.070962,300084.070962,300084.070962,nan,300084.070962,nan,nan,0.0,45,64,,True,False,"HTTPConnectionPool(host='gpu06', port=9004): Read timed out.",0,59.56268577710819
371,2026-09-21T07:59:38.940+00:00,2026-09-21T08:04:38.949+00:00,2026-09-21T08:04:38.949+00:00,False,1,0.0,,0.0,300009.37411000003,300009.37411000003,300009.37411000003,300009.37411000003,300009.37411000003,300009.37411000003,nan,300009.37411000003,nan,nan,0.0,45,64,,True,False,"HTTPConnectionPool(host='gpu06', port=9004): Read timed out.",0,59.56268577710819
372,2026-09-21T07:59:39.184+00:00,2026-09-21T08:04:39.294+00:00,2026-09-21T08:04:39.294+00:00,False,1,0.0,,0.0,300109.922868,300109.922868,300109.922868,300109.922868,300109.922868,300109.922868,nan,300109.922868,nan,nan,0.0,45,64,,True,False,"HTTPConnectionPool(host='gpu06', port=9004): Read timed out.",0,59.56268577710819
373,2026-09-21T07:59:39.493+00:00,2026-09-21T08:04:39.606+00:00,2026-09-21T08:04:39.606+00:00,False,1,0.0,,0.0,300113.456371,300113.456371,300113.456371,300113.456371,300113.456371,300113.456371,nan,300113.456371,nan,nan,0.0,45,64,,True,False,"HTTPConnectionPool(host='gpu06', port=9004): Read timed out.",0,59.56268577710819
374,2026-09-21T07:59:39.731+00:00,2026-09-21T08:04:39.844+00:00,2026-09-21T08:04:39.844+00:00,False,1,0.0,,0.0,300113.56610500003,300113.56610500003,300113.56610500003,300113.56610500003,300113.56610500003,300113.56610500003,nan,300113.56610500003,nan,nan,0.0,45,64,,True,False,"HTTPConnectionPool(host='gpu06', port=9004): Read timed out.",0,59.56268577710819
375,2026-09-21T07:59:40.007+00:00,2026-09-21T08:04:40.043+00:00,2026-09-21T08:04:40.043+00:00,False,1,0.0,,0.0,300036.15442900005,300036.15442900005,300036.15442900005,300036.15442900005,300036.15442900005,300036.15442900005,nan,300036.15442900005,nan,nan,0.0,45,64,,True,False,TTFT timeout: 300.0s exceeded (TTFT: 300.028s),0,59.56268577710819
376,2026-09-21T07:59:40.243+00:00,2026-09-21T08:04:40.348+00:00,2026-09-21T08:04:40.348+00:00,False,1,0.0,,0.0,300105.594319,300105.594319,300105.594319,300105.594319,300105.594319,300105.594319,nan,300105.594319,nan,nan,0.0,45,64,,True,False,"HTTPConnectionPool(host='gpu06', port=9004): Read timed out.",0,59.56268577710819
377,2026-09-21T07:59:40.463+00:00,2026-09-21T08:04:40.462+00:00,2026-09-21T08:04:40.513+00:00,False,3,2.0,,2.0,299998.20626300003,300050.02040700003,300050.02057000005,100016.67352333335,0.03572,299998.20626300003,173189.08957267157,270003.5634954,25.907072,36.58780920837278,0.006665555287372148,45,64,,True,False,Request timeout: 300.0s exceeded,7,59.56268577710819
378,2026-09-21T07:59:40.769+00:00,2026-09-21T08:04:40.872+00:00,2026-09-21T08:04:40.872+00:00,False,1,0.0,,0.0,300102.171671,300102.171671,300102.171671,300102.171671,300102.171671,300102.171671,nan,300102.171671,nan,nan,0.0,45,64,,True,False,"HTTPConnectionPool(host='gpu06', port=9004): Read timed out.",0,59.56268577710819
379,2026-09-21T07:59:40.982+00:00,2026-09-21T08:04:41.064+00:00,2026-09-21T08:04:41.064+00:00,False,1,0.0,,0.0,300082.076761,300082.076761,300082.076761,300082.076761,300082.076761,300082.076761,nan,300082.076761,nan,nan,0.0,45,64,,True,False,"HTTPConnectionPool(host='gpu06', port=9004): Read timed out.",0,59.56268577710819
380,2026-09-21T07:59:41.238+00:00,2026-09-21T08:04:41.342+00:00,2026-09-21T08:04:41.342+00:00,False,1,0.0,,0.0,300104.01743199996,300104.01743199996,300104.01743199996,300104.01743199996,300104.01743199996,300104.01743199996,nan,300104.01743199996,nan,nan,0.0,45,64,,True,False,"HTTPConnectionPool(host='gpu06', port=9004): Read timed out.",0,59.56268577710819
381,2026-09-21T07:59:41.555+00:00,2026-09-21T08:04:41.660+00:00,2026-09-21T08:04:41.660+00:00,False,1,0.0,,0.0,300104.703764,300104.703764,300104.703764,300104.703764,300104.703764,300104.703764,nan,300104.703764,nan,nan,0.0,45,64,,True,False,"HTTPConnectionPool(host='gpu06', port=9004): Read timed out.",0,59.56268577710819
382,2026-09-21T07:59:41.841+00:00,2026-09-21T08:04:41.952+00:00,2026-09-21T08:04:41.952+00:00,False,1,0.0,,0.0,300110.790501,300110.790501,300110.790501,300110.790501,300110.790501,300110.790501,nan,300110.790501,nan,nan,0.0,45,64,,True,False,"HTTPConnectionPool(host='gpu06', port=9004): Read timed out.",0,59.56268577710819
383,2026-09-21T07:59:42.115+00:00,2026-09-21T08:04:42.194+00:00,2026-09-21T08:04:42.194+00:00,False,1,0.0,,0.0,300078.977023,300078.977023,300078.977023,300078.977023,300078.977023,300078.977023,nan,300078.977023,nan,nan,0.0,45,64,,True,False,TTFT timeout: 300.0s exceeded (TTFT: 300.070s),0,59.56268577710819
384,2026-09-21T07:59:42.352+00:00,2026-09-21T08:04:42.434+00:00,2026-09-21T08:04:42.434+00:00,False,1,0.0,,0.0,300081.897897,300081.897897,300081.897897,300081.897897,300081.897897,300081.897897,nan,300081.897897,nan,nan,0.0,45,64,,True,False,"HTTPConnectionPool(host='gpu06', port=9004): Read timed out.",0,59.56268577710819
385,2026-09-21T07:59:42.548+00:00,2026-09-21T08:04:42.600+00:00,2026-09-21T08:04:42.600+00:00,False,1,0.0,,0.0,300052.13555,300052.13555,300052.13555,300052.13555,300052.13555,300052.13555,nan,300052.13555,nan,nan,0.0,45,64,,True,False,TTFT timeout: 300.0s exceeded (TTFT: 300.040s),0,59.56268577710819
386,2026-09-21T07:59:42.786+00:00,2026-09-21T08:04:42.768+00:00,2026-09-21T08:04:42.840+00:00,False,3,2.0,,2.0,299982.567668,300054.24536400003,300054.245404,100018.08180133333,0.05949,299982.567668,173174.3283113988,269991.4727258,35.838848,50.59979192953141,0.006665461432061298,45,64,,True,False,Request timeout: 300.0s exceeded,0,59.56268577710819
387,2026-09-21T07:59:42.972+00:00,2026-09-21T08:04:43.069+00:00,2026-09-21T08:04:43.069+00:00,False,1,0.0,,0.0,300097.121193,300097.121193,300097.121193,300097.121193,300097.121193,300097.121193,nan,300097.121193,nan,nan,0.0,45,64,,True,False,"HTTPConnectionPool(host='gpu06', port=9004): Read timed out.",0,59.56268577710819
388,2026-09-21T07:59:43.296+00:00,2026-09-21T08:04:43.402+00:00,2026-09-21T08:04:43.402+00:00,False,1,0.0,,0.0,300105.81496499997,300105.81496499997,300105.81496499997,300105.81496499997,300105.81496499997,300105.81496499997,nan,300105.81496499997,nan,nan,0.0,45,64,,True,False,"HTTPConnectionPool(host='gpu06', port=9004): Read timed out.",0,59.56268577710819
389,2026-09-21T07:59:43.542+00:00,2026-09-21T08:04:43.652+00:00,2026-09-21T08:04:43.652+00:00,False,1,0.0,,0.0,300110.26348699996,300110.26348699996,300110.26348699996,300110.26348699996,300110.26348699996,300110.26348699996,nan,300110.26348699996,nan,nan,0.0,45,64,,True,False,"HTTPConnectionPool(host='gpu06', port=9004): Read timed out.",0,59.56268577710819
390,2026-09-21T07:59:43.816+00:00,2026-09-21T08:04:43.923+00:00,2026-09-21T08:04:43.923+00:00,False,1,0.0,,0.0,300107.010507,300107.010507,300107.010507,300107.010507,300107.010507,300107.010507,nan,300107.010507,nan,nan,0.0,45,64,,True,False,"HTTPConnectionPool(host='gpu06', port=9004): Read timed out.",0,59.56268577710819
391,2026-09-21T07:59:44.150+00:00,2026-09-21T08:04:44.256+00:00,2026-09-21T08:04:44.256+00:00,False,1,0.0,,0.0,300106.481707,300106.481707,300106.481707,300106.481707,300106.481707,300106.481707,nan,300106.481707,nan,nan,0.0,45,64,,True,False,"HTTPConnectionPool(host='gpu06', port=9004): Read timed out.",0,59.56268577710819
392,2026-09-21T07:59:44.424+00:00,2026-09-21T08:04:44.407+00:00,2026-09-21T08:04:44.636+00:00,False,3,2.0,,2.0,299983.78048400005,300212.457348,300212.45718,100070.81906000001,0.02887,299983.78048400005,173129.7408755701,270008.2672182,114.338432,161.65805086494157,0.006661948733465252,45,64,,True,False,Request timeout: 300.0s exceeded,6,59.56268577710819
393,2026-09-21T07:59:44.707+00:00,2026-09-21T08:04:44.637+00:00,2026-09-21T08:04:44.750+00:00,False,3,2.0,,2.0,299930.357365,300043.210869,300043.210798,100014.40359933334,0.02867,299930.357365,173132.30376872706,269948.6041048,56.426752,79.7589296278028,0.006665706563422985,45,64,,True,False,Request timeout: 300.0s exceeded,6,59.56268577710819
394,2026-09-21T07:59:44.951+00:00,2026-09-21T08:04:44.923+00:00,2026-09-21T08:04:45.010+00:00,False,4,3.0,,3.0,299971.875156,300059.11586,300059.11610000004,75014.77902500001,0.03612,299971.875156,149971.39929118834,254984.80225200005,29.08023466666667,29.009852997969457,0.009998029859555155,45,64,,True,False,Request timeout: 300.0s exceeded,15,59.56268577710819
395,2026-09-21T07:59:45.258+00:00,2026-09-21T08:04:45.605+00:00,2026-09-21T08:04:47.032+00:00,False,22,21.0,,21.0,300347.404677,301774.465157,301774.46522,13717.021146363637,0.025079999999999998,300347.404677,64019.80227504407,170.2947897,67.95526095238095,33.9104743448507,0.06958839273917566,45,64,,True,False,Request timeout: 300.0s exceeded,127,59.56268577710819
396,2026-09-21T07:59:45.453+00:00,2026-09-21T08:04:45.884+00:00,2026-09-21T08:04:47.031+00:00,False,19,18.0,,18.0,300430.340163,301577.82790699997,301577.827903,15872.51725805263,0.02662,300430.340163,68908.82906204721,30195.118203299997,63.74931911111111,32.39888050625249,0.05968608542916758,45,64,,True,False,Request timeout: 300.0s exceeded,18,59.56268577710819
397,2026-09-21T07:59:45.699+00:00,2026-09-21T08:04:46.204+00:00,2026-09-21T08:04:47.128+00:00,False,18,17.0,,17.0,300505.263842,301428.933346,301428.933516,16746.051862,0.03254,300505.263842,70816.9652917923,45140.346732050006,54.33350023529412,16.79613186707704,0.05639803654975046,45,64,,True,False,Request timeout: 300.0s exceeded,36,59.56268577710819
398,2026-09-21T07:59:45.899+00:00,2026-09-21T08:04:46.345+00:00,2026-09-21T08:04:47.129+00:00,False,16,15.0,,15.0,300445.581176,301229.776248,301229.77617800003,18826.861011125002,0.03562,300445.581176,75098.32696046366,75165.73093775,52.27967146666667,15.961571323770627,0.049795874056124595,45,64,,True,False,Request timeout: 300.0s exceeded,137,59.56268577710819
402,2026-09-21T07:59:46.944+00:00,2026-09-21T08:04:46.473+00:00,2026-09-21T08:04:47.129+00:00,False,14,13.0,,13.0,299528.80444599997,300184.692062,300184.69193599996,21441.763709714283,0.03387,299528.80444599997,80038.95769988593,104876.961528,50.45289353846154,16.31810950938207,0.04330667200483023,45,64,,True,False,Request timeout: 300.0s exceeded,25,59.56268577710819
399,2026-09-21T07:59:46.131+00:00,2026-09-21T08:04:47.232+00:00,2026-09-21T08:04:47.232+00:00,False,1,0.0,,0.0,301100.984652,301100.984652,301100.984652,301100.984652,301100.984652,301100.984652,nan,301100.984652,nan,nan,0.0,45,64,,True,False,"HTTPConnectionPool(host='gpu06', port=9004): Read timed out.",0,59.56268577710819
403,2026-09-21T07:59:47.244+00:00,2026-09-21T08:04:47.291+00:00,2026-09-21T08:04:47.291+00:00,False,1,0.0,,0.0,300047.26782,300047.26782,300047.26782,300047.26782,300047.26782,300047.26782,nan,300047.26782,nan,nan,0.0,45,64,,True,False,"HTTPConnectionPool(host='gpu06', port=9004): Read timed out.",0,59.56268577710819
400,2026-09-21T07:59:46.409+00:00,2026-09-21T08:04:47.529+00:00,2026-09-21T08:04:47.529+00:00,False,1,0.0,,0.0,301119.435648,301119.435648,301119.435648,301119.435648,301119.435648,301119.435648,nan,301119.435648,nan,nan,0.0,45,64,,True,False,"HTTPConnectionPool(host='gpu06', port=9004): Read timed out.",0,59.56268577710819
404,2026-09-21T07:59:47.546+00:00,2026-09-21T08:04:47.567+00:00,2026-09-21T08:04:47.567+00:00,False,1,0.0,,0.0,300020.811966,300020.811966,300020.811966,300020.811966,300020.811966,300020.811966,nan,300020.811966,nan,nan,0.0,45,64,,True,False,"HTTPConnectionPool(host='gpu06', port=9004): Read timed out.",0,59.56268577710819
401,2026-09-21T07:59:46.655+00:00,2026-09-21T08:04:47.739+00:00,2026-09-21T08:04:47.739+00:00,False,1,0.0,,0.0,301083.549424,301083.549424,301083.549424,301083.549424,301083.549424,301083.549424,nan,301083.549424,nan,nan,0.0,45,64,,True,False,"HTTPConnectionPool(host='gpu06', port=9004): Read timed out.",0,59.56268577710819
405,2026-09-21T07:59:47.758+00:00,2026-09-21T08:04:47.780+00:00,2026-09-21T08:04:47.780+00:00,False,1,0.0,,0.0,300021.889154,300021.889154,300021.889154,300021.889154,300021.889154,300021.889154,nan,300021.889154,nan,nan,0.0,45,64,,True,False,"HTTPConnectionPool(host='gpu06', port=9004): Read timed out.",0,59.56268577710819
406,2026-09-21T07:59:48.102+00:00,2026-09-21T08:04:48.218+00:00,2026-09-21T08:04:48.218+00:00,False,1,0.0,,0.0,300116.023837,300116.023837,300116.023837,300116.023837,300116.023837,300116.023837,nan,300116.023837,nan,nan,0.0,45,64,,True,False,"HTTPConnectionPool(host='gpu06', port=9004): Read timed out.",0,59.56268577710819
407,2026-09-21T07:59:48.388+00:00,2026-09-21T08:04:48.486+00:00,2026-09-21T08:04:48.486+00:00,False,1,0.0,,0.0,300098.118546,300098.118546,300098.118546,300098.118546,300098.118546,300098.118546,nan,300098.118546,nan,nan,0.0,45,64,,True,False,"HTTPConnectionPool(host='gpu06', port=9004): Read timed out.",0,59.56268577710819
408,2026-09-21T07:59:48.606+00:00,2026-09-21T08:04:48.714+00:00,2026-09-21T08:04:48.714+00:00,False,1,0.0,,0.0,300107.944893,300107.944893,300107.944893,300107.944893,300107.944893,300107.944893,nan,300107.944893,nan,nan,0.0,45,64,,True,False,"HTTPConnectionPool(host='gpu06', port=9004): Read timed out.",0,59.56268577710819
409,2026-09-21T07:59:48.944+00:00,2026-09-21T08:04:49.021+00:00,2026-09-21T08:04:49.021+00:00,False,1,0.0,,0.0,300076.950264,300076.950264,300076.950264,300076.950264,300076.950264,300076.950264,nan,300076.950264,nan,nan,0.0,45,64,,True,False,TTFT timeout: 300.0s exceeded (TTFT: 300.061s),0,59.56268577710819
410,2026-09-21T07:59:49.273+00:00,2026-09-21T08:04:49.283+00:00,2026-09-21T08:04:49.283+00:00,False,1,0.0,,0.0,300009.518239,300009.518239,300009.518239,300009.518239,300009.518239,300009.518239,nan,300009.518239,nan,nan,0.0,45,64,,True,False,TTFT timeout: 300.0s exceeded (TTFT: 300.008s),0,59.56268577710819
411,2026-09-21T07:59:49.542+00:00,2026-09-21T08:04:49.645+00:00,2026-09-21T08:04:49.645+00:00,False,1,0.0,,0.0,300102.64723400003,300102.64723400003,300102.64723400003,300102.64723400003,300102.64723400003,300102.64723400003,nan,300102.64723400003,nan,nan,0.0,45,64,,True,False,"HTTPConnectionPool(host='gpu06', port=9004): Read timed out.",0,59.56268577710819
412,2026-09-21T07:59:49.868+00:00,2026-09-21T08:04:49.974+00:00,2026-09-21T08:04:49.974+00:00,False,1,0.0,,0.0,300105.942965,300105.942965,300105.942965,300105.942965,300105.942965,300105.942965,nan,300105.942965,nan,nan,0.0,45,64,,True,False,"HTTPConnectionPool(host='gpu06', port=9004): Read timed out.",0,59.56268577710819
413,2026-09-21T07:59:50.058+00:00,2026-09-21T08:04:50.162+00:00,2026-09-21T08:04:50.162+00:00,False,1,0.0,,0.0,300104.20028600004,300104.20028600004,300104.20028600004,300104.20028600004,300104.20028600004,300104.20028600004,nan,300104.20028600004,nan,nan,0.0,45,64,,True,False,"HTTPConnectionPool(host='gpu06', port=9004): Read timed out.",0,59.56268577710819
414,2026-09-21T07:59:50.306+00:00,2026-09-21T08:04:50.420+00:00,2026-09-21T08:04:50.420+00:00,False,1,0.0,,0.0,300113.807609,300113.807609,300113.807609,300113.807609,300113.807609,300113.807609,nan,300113.807609,nan,nan,0.0,45,64,,True,False,"HTTPConnectionPool(host='gpu06', port=9004): Read timed out.",0,59.56268577710819
415,2026-09-21T07:59:50.618+00:00,2026-09-21T08:04:50.722+00:00,2026-09-21T08:04:50.722+00:00,False,1,0.0,,0.0,300104.425163,300104.425163,300104.425163,300104.425163,300104.425163,300104.425163,nan,300104.425163,nan,nan,0.0,45,64,,True,False,"HTTPConnectionPool(host='gpu06', port=9004): Read timed out.",0,59.56268577710819
416,2026-09-21T07:59:50.928+00:00,2026-09-21T08:04:51.036+00:00,2026-09-21T08:04:51.036+00:00,False,1,0.0,,0.0,300107.975517,300107.975517,300107.975517,300107.975517,300107.975517,300107.975517,nan,300107.975517,nan,nan,0.0,45,64,,True,False,"HTTPConnectionPool(host='gpu06', port=9004): Read timed out.",0,59.56268577710819
417,2026-09-21T07:59:51.129+00:00,2026-09-21T08:04:51.220+00:00,2026-09-21T08:04:51.220+00:00,False,1,0.0,,0.0,300090.273208,300090.273208,300090.273208,300090.273208,300090.273208,300090.273208,nan,300090.273208,nan,nan,0.0,45,64,,True,False,"HTTPConnectionPool(host='gpu06', port=9004): Read timed out.",0,59.56268577710819
418,2026-09-21T07:59:51.405+00:00,2026-09-21T08:04:51.338+00:00,2026-09-21T08:04:51.463+00:00,False,3,2.0,,2.0,299932.626147,300057.613283,300057.613359,100019.204453,0.02462,299932.626147,173130.11301453746,269951.8597915,62.493568,88.34449571417638,0.00666538661731504,45,64,,True,False,Request timeout: 300.0s exceeded,12,59.56268577710819
419,2026-09-21T07:59:51.743+00:00,2026-09-21T08:04:51.851+00:00,2026-09-21T08:04:51.851+00:00,False,1,0.0,,0.0,300108.163685,300108.163685,300108.163685,300108.163685,300108.163685,300108.163685,nan,300108.163685,nan,nan,0.0,45,64,,True,False,"HTTPConnectionPool(host='gpu06', port=9004): Read timed out.",0,59.56268577710819
420,2026-09-21T07:59:52.004+00:00,2026-09-21T08:04:52.112+00:00,2026-09-21T08:04:52.112+00:00,False,1,0.0,,0.0,300108.140406,300108.140406,300108.140406,300108.140406,300108.140406,300108.140406,nan,300108.140406,nan,nan,0.0,45,64,,True,False,"HTTPConnectionPool(host='gpu06', port=9004): Read timed out.",0,59.56268577710819
421,2026-09-21T07:59:52.242+00:00,2026-09-21T08:04:52.355+00:00,2026-09-21T08:04:52.355+00:00,False,1,0.0,,0.0,300113.55082,300113.55082,300113.55082,300113.55082,300113.55082,300113.55082,nan,300113.55082,nan,nan,0.0,45,64,,True,False,"HTTPConnectionPool(host='gpu06', port=9004): Read timed out.",0,59.56268577710819
422,2026-09-21T07:59:52.425+00:00,2026-09-21T08:04:52.484+00:00,2026-09-21T08:04:52.484+00:00,False,1,0.0,,0.0,300058.37789600005,300058.37789600005,300058.37789600005,300058.37789600005,300058.37789600005,300058.37789600005,nan,300058.37789600005,nan,nan,0.0,45,64,,True,False,"HTTPConnectionPool(host='gpu06', port=9004): Read timed out.",0,59.56268577710819
423,2026-09-21T07:59:52.689+00:00,2026-09-21T08:04:52.794+00:00,2026-09-21T08:04:52.794+00:00,False,1,0.0,,0.0,300105.053265,300105.053265,300105.053265,300105.053265,300105.053265,300105.053265,nan,300105.053265,nan,nan,0.0,45,64,,True,False,"HTTPConnectionPool(host='gpu06', port=9004): Read timed out.",0,59.56268577710819
424,2026-09-21T07:59:54.145+00:00,2026-09-21T08:04:53.202+00:00,2026-09-21T08:04:54.512+00:00,False,24,23.0,,23.0,299056.749042,300366.54565,300366.545771,12515.272740458333,0.03257,299056.749042,61033.08118178513,90.09653965000001,56.94767860869565,17.150990420099014,0.07657310820093989,45,64,,True,False,Request timeout: 300.0s exceeded,69,59.56268577710819
428,2026-09-21T07:59:54.523+00:00,2026-09-21T08:04:54.768+00:00,2026-09-21T08:04:54.768+00:00,False,1,0.0,,0.0,300244.883362,300244.883362,300244.883362,300244.883362,300244.883362,300244.883362,nan,300244.883362,nan,nan,0.0,45,64,,True,False,"HTTPConnectionPool(host='gpu06', port=9004): Read timed out.",0,59.56268577710819
427,2026-09-21T07:59:54.447+00:00,2026-09-21T08:04:54.866+00:00,2026-09-21T08:04:54.866+00:00,False,1,0.0,,0.0,300419.025223,300419.025223,300419.025223,300419.025223,300419.025223,300419.025223,nan,300419.025223,nan,nan,0.0,45,64,,True,False,"HTTPConnectionPool(host='gpu06', port=9004): Read timed out.",0,59.56268577710819
425,2026-09-21T07:59:54.344+00:00,2026-09-21T08:04:54.968+00:00,2026-09-21T08:04:54.968+00:00,False,1,0.0,,0.0,300623.837206,300623.837206,300623.837206,300623.837206,300623.837206,300623.837206,nan,300623.837206,nan,nan,0.0,45,64,,True,False,"HTTPConnectionPool(host='gpu06', port=9004): Read timed out.",0,59.56268577710819
426,2026-09-21T07:59:54.354+00:00,2026-09-21T08:04:54.968+00:00,2026-09-21T08:04:54.968+00:00,False,1,0.0,,0.0,300614.051625,300614.051625,300614.051625,300614.051625,300614.051625,300614.051625,nan,300614.051625,nan,nan,0.0,45,64,,True,False,"HTTPConnectionPool(host='gpu06', port=9004): Read timed out.",0,59.56268577710819
429,2026-09-21T07:59:54.581+00:00,2026-09-21T08:04:55.017+00:00,2026-09-21T08:04:55.017+00:00,False,1,0.0,,0.0,300436.39345200005,300436.39345200005,300436.39345200005,300436.39345200005,300436.39345200005,300436.39345200005,nan,300436.39345200005,nan,nan,0.0,45,64,,True,False,"HTTPConnectionPool(host='gpu06', port=9004): Read timed out.",0,59.56268577710819
431,2026-09-21T07:59:54.930+00:00,2026-09-21T08:04:55.017+00:00,2026-09-21T08:04:55.017+00:00,False,1,0.0,,0.0,300086.95600199996,300086.95600199996,300086.95600199996,300086.95600199996,300086.95600199996,300086.95600199996,nan,300086.95600199996,nan,nan,0.0,45,64,,True,False,"HTTPConnectionPool(host='gpu06', port=9004): Read timed out.",0,59.56268577710819
432,2026-09-21T07:59:55.086+00:00,2026-09-21T08:04:55.353+00:00,2026-09-21T08:04:55.353+00:00,False,1,0.0,,0.0,300267.228047,300267.228047,300267.228047,300267.228047,300267.228047,300267.228047,nan,300267.228047,nan,nan,0.0,45,64,,True,False,"HTTPConnectionPool(host='gpu06', port=9004): Read timed out.",0,59.56268577710819
430,2026-09-21T07:59:54.786+00:00,2026-09-21T08:04:55.473+00:00,2026-09-21T08:04:55.473+00:00,False,1,0.0,,0.0,300687.31834600004,300687.31834600004,300687.31834600004,300687.31834600004,300687.31834600004,300687.31834600004,nan,300687.31834600004,nan,nan,0.0,45,64,,True,False,"HTTPConnectionPool(host='gpu06', port=9004): Read timed out.",0,59.56268577710819
433,2026-09-21T07:59:55.344+00:00,2026-09-21T08:04:55.527+00:00,2026-09-21T08:04:55.527+00:00,False,1,0.0,,0.0,300183.164083,300183.164083,300183.164083,300183.164083,300183.164083,300183.164083,nan,300183.164083,nan,nan,0.0,45,64,,True,False,"HTTPConnectionPool(host='gpu06', port=9004): Read timed out.",0,59.56268577710819
434,2026-09-21T07:59:55.601+00:00,2026-09-21T08:04:55.735+00:00,2026-09-21T08:04:55.735+00:00,False,1,0.0,,0.0,300134.149569,300134.149569,300134.149569,300134.149569,300134.149569,300134.149569,nan,300134.149569,nan,nan,0.0,45,64,,True,False,"HTTPConnectionPool(host='gpu06', port=9004): Read timed out.",0,59.56268577710819
435,2026-09-21T07:59:55.833+00:00,2026-09-21T08:04:55.939+00:00,2026-09-21T08:04:55.939+00:00,False,1,0.0,,0.0,300106.630345,300106.630345,300106.630345,300106.630345,300106.630345,300106.630345,nan,300106.630345,nan,nan,0.0,45,64,,True,False,"HTTPConnectionPool(host='gpu06', port=9004): Read timed out.",0,59.56268577710819
436,2026-09-21T07:59:56.129+00:00,2026-09-21T08:04:56.194+00:00,2026-09-21T08:04:56.194+00:00,False,1,0.0,,0.0,300065.641154,300065.641154,300065.641154,300065.641154,300065.641154,300065.641154,nan,300065.641154,nan,nan,0.0,45,64,,True,False,"HTTPConnectionPool(host='gpu06', port=9004): Read timed out.",0,59.56268577710819
437,2026-09-21T07:59:56.460+00:00,2026-09-21T08:04:56.574+00:00,2026-09-21T08:04:56.574+00:00,False,1,0.0,,0.0,300114.467811,300114.467811,300114.467811,300114.467811,300114.467811,300114.467811,nan,300114.467811,nan,nan,0.0,45,64,,True,False,"HTTPConnectionPool(host='gpu06', port=9004): Read timed out.",0,59.56268577710819
438,2026-09-21T07:59:56.665+00:00,2026-09-21T08:04:56.775+00:00,2026-09-21T08:04:56.775+00:00,False,1,0.0,,0.0,300110.070941,300110.070941,300110.070941,300110.070941,300110.070941,300110.070941,nan,300110.070941,nan,nan,0.0,45,64,,True,False,"HTTPConnectionPool(host='gpu06', port=9004): Read timed out.",0,59.56268577710819
439,2026-09-21T07:59:56.964+00:00,2026-09-21T08:04:57.073+00:00,2026-09-21T08:04:57.073+00:00,False,1,0.0,,0.0,300109.318047,300109.318047,300109.318047,300109.318047,300109.318047,300109.318047,nan,300109.318047,nan,nan,0.0,45,64,,True,False,"HTTPConnectionPool(host='gpu06', port=9004): Read timed out.",0,59.56268577710819
440,2026-09-21T07:59:57.172+00:00,2026-09-21T08:04:57.190+00:00,2026-09-21T08:04:57.190+00:00,False,1,0.0,,0.0,300017.927241,300017.927241,300017.927241,300017.927241,300017.927241,300017.927241,nan,300017.927241,nan,nan,0.0,45,64,,True,False,TTFT timeout: 300.0s exceeded (TTFT: 300.014s),0,59.56268577710819
441,2026-09-21T07:59:57.505+00:00,2026-09-21T08:04:57.448+00:00,2026-09-21T08:04:57.583+00:00,False,4,3.0,,3.0,299942.481476,300077.830724,300077.83068799996,75019.45767199999,0.02705,299942.481476,149948.68648992287,254963.64840785,45.116416,42.174029100462484,0.009997406315427827,45,64,,True,False,Request timeout: 300.0s exceeded,54,59.56268577710819
442,2026-09-21T07:59:57.837+00:00,2026-09-21T08:04:57.948+00:00,2026-09-21T08:04:57.948+00:00,False,1,0.0,,0.0,300111.27034600003,300111.27034600003,300111.27034600003,300111.27034600003,300111.27034600003,300111.27034600003,nan,300111.27034600003,nan,nan,0.0,45,64,,True,False,"HTTPConnectionPool(host='gpu06', port=9004): Read timed out.",0,59.56268577710819
443,2026-09-21T07:59:58.158+00:00,2026-09-21T08:04:58.287+00:00,2026-09-21T08:04:58.287+00:00,False,1,0.0,,0.0,300129.26010799996,300129.26010799996,300129.26010799996,300129.26010799996,300129.26010799996,300129.26010799996,nan,300129.26010799996,nan,nan,0.0,45,64,,True,False,"HTTPConnectionPool(host='gpu06', port=9004): Read timed out.",0,59.56268577710819
444,2026-09-21T07:59:58.399+00:00,2026-09-21T08:04:58.511+00:00,2026-09-21T08:04:58.511+00:00,False,1,0.0,,0.0,300112.190052,300112.190052,300112.190052,300112.190052,300112.190052,300112.190052,nan,300112.190052,nan,nan,0.0,45,64,,True,False,"HTTPConnectionPool(host='gpu06', port=9004): Read timed out.",0,59.56268577710819
445,2026-09-21T07:59:58.728+00:00,2026-09-21T08:04:58.803+00:00,2026-09-21T08:04:58.803+00:00,False,1,0.0,,0.0,300074.725405,300074.725405,300074.725405,300074.725405,300074.725405,300074.725405,nan,300074.725405,nan,nan,0.0,45,64,,True,False,TTFT timeout: 300.0s exceeded (TTFT: 300.068s),0,59.56268577710819
446,2026-09-21T07:59:59.012+00:00,2026-09-21T08:04:59.068+00:00,2026-09-21T08:04:59.068+00:00,False,1,0.0,,0.0,300056.07608499995,300056.07608499995,300056.07608499995,300056.07608499995,300056.07608499995,300056.07608499995,nan,300056.07608499995,nan,nan,0.0,45,64,,True,False,TTFT timeout: 300.0s exceeded (TTFT: 300.035s),0,59.56268577710819
447,2026-09-21T07:59:59.243+00:00,2026-09-21T08:04:59.213+00:00,2026-09-21T08:04:59.372+00:00,False,3,2.0,,2.0,299969.69841500005,300129.31569500006,300129.31555500004,100043.10518500002,0.0358,299969.69841500005,173141.5270064067,269988.6867075,79.80864,112.81577566847643,0.006663794222729168,45,64,,True,False,Request timeout: 300.0s exceeded,4,59.56268577710819
448,2026-09-21T07:59:59.505+00:00,2026-09-21T08:04:59.489+00:00,2026-09-21T08:04:59.534+00:00,False,3,2.0,,2.0,299984.500085,300029.326453,300029.32656200003,100009.77552066666,0.08657,299984.500085,173183.19302667872,269990.52406719996,22.413184,31.57465971763864,0.006666015031411613,45,64,,True,False,Request timeout: 300.0s exceeded,6,59.56268577710819
449,2026-09-21T07:59:59.807+00:00,2026-09-21T08:04:59.913+00:00,2026-09-21T08:04:59.913+00:00,False,1,0.0,,0.0,300105.976233,300105.976233,300105.976233,300105.976233,300105.976233,300105.976233,nan,300105.976233,nan,nan,0.0,45,64,,True,False,"HTTPConnectionPool(host='gpu06', port=9004): Read timed out.",0,59.56268577710819
450,2026-09-21T08:00:00.097+00:00,2026-09-21T08:05:00.195+00:00,2026-09-21T08:05:00.195+00:00,False,1,0.0,,0.0,300097.46556,300097.46556,300097.46556,300097.46556,300097.46556,300097.46556,nan,300097.46556,nan,nan,0.0,45,64,,True,False,"HTTPConnectionPool(host='gpu06', port=9004): Read timed out.",0,59.56268577710819
451,2026-09-21T08:00:00.429+00:00,2026-09-21T08:05:00.547+00:00,2026-09-21T08:05:00.547+00:00,False,1,0.0,,0.0,300117.86175,300117.86175,300117.86175,300117.86175,300117.86175,300117.86175,nan,300117.86175,nan,nan,0.0,45,64,,True,False,"HTTPConnectionPool(host='gpu06', port=9004): Read timed out.",0,59.56268577710819
452,2026-09-21T08:00:00.619+00:00,2026-09-21T08:05:00.724+00:00,2026-09-21T08:05:00.724+00:00,False,1,0.0,,0.0,300104.99423199997,300104.99423199997,300104.99423199997,300104.99423199997,300104.99423199997,300104.99423199997,nan,300104.99423199997,nan,nan,0.0,45,64,,True,False,"HTTPConnectionPool(host='gpu06', port=9004): Read timed out.",0,59.56268577710819
453,2026-09-21T08:00:00.952+00:00,2026-09-21T08:05:00.978+00:00,2026-09-21T08:05:00.978+00:00,False,1,0.0,,0.0,300025.316857,300025.316857,300025.316857,300025.316857,300025.316857,300025.316857,nan,300025.316857,nan,nan,0.0,45,64,,True,False,TTFT timeout: 300.0s exceeded (TTFT: 300.018s),0,59.56268577710819
454,2026-09-21T08:00:01.142+00:00,2026-09-21T08:05:01.167+00:00,2026-09-21T08:05:02.673+00:00,True,23,23.0,,23.0,300025.109889,301531.783553,301531.783476,13110.077542434783,42.396447,300025.109889,62545.290306208844,205.82959870000002,68.48516654545455,37.02184284739041,0.07627719946795362,45,64,,True,True,,75,59.56268577710819
455,2026-09-21T08:00:01.347+00:00,2026-09-21T08:05:01.384+00:00,2026-09-21T08:05:02.852+00:00,True,25,25.0,,25.0,300036.428477,301504.743101,301504.743148,12060.18972592,41.622127,300036.428477,59995.05186305911,109.57096720000001,61.179776,16.304790679421437,0.0829174352047435,45,64,,True,True,,27,59.56268577710819
456,2026-09-21T08:00:01.634+00:00,2026-09-21T08:05:02.066+00:00,2026-09-21T08:05:03.024+00:00,False,18,17.0,,17.0,300431.771461,301389.293125,301389.29298200004,16743.849610111112,0.039869999999999996,300431.771461,70799.17452406889,45158.64739720001,56.324803764705884,20.442463802919672,0.05640545430042638,45,64,,True,False,Request timeout: 300.0s exceeded,68,59.56268577710819
457,2026-09-21T08:00:01.903+00:00,2026-09-21T08:05:02.678+00:00,2026-09-21T08:05:03.069+00:00,False,9,8.0,,8.0,300775.043889,301166.236209,301166.236035,33462.915115,0.02871,300775.043889,100242.0503135378,180493.10387140003,48.89904,21.53093995476888,0.02656340265994575,45,64,,True,False,Request timeout: 300.0s exceeded,91,59.56268577710819
458,2026-09-21T08:00:02.183+00:00,2026-09-21T08:05:03.313+00:00,2026-09-21T08:05:03.313+00:00,False,1,0.0,,0.0,301130.235176,301130.235176,301130.235176,301130.235176,301130.235176,301130.235176,nan,301130.235176,nan,nan,0.0,45,64,,True,False,"HTTPConnectionPool(host='gpu06', port=9004): Read timed out.",0,59.56268577710819
0,2026-09-21T07:58:02.300+00:00,2026-09-21T07:58:02.576+00:00,2026-09-21T07:58:05.845+00:00,True,59,59.0,,59.0,276.444159,3544.833023,3544.833139,60.08191761016949,0.01591,276.444159,45.353629082552246,94.58596860000002,56.35153213793103,35.462752483756795,16.64394334435199,46,64,,False,True,,69,59.56268577710819
1,2026-09-21T07:58:02.648+00:00,2026-09-21T07:58:05.724+00:00,2026-09-21T07:58:07.420+00:00,True,28,28.0,,28.0,3076.115697,4771.636977,4771.6368,170.4156,41.789863,3076.115697,569.6157735107868,99.22721744999998,62.79708444444445,13.412491584428569,5.868007171325933,46,64,,False,True,,65,59.56268577710819
2,2026-09-21T07:58:03.121+00:00,2026-09-21T07:58:05.973+00:00,2026-09-21T07:58:10.505+00:00,True,73,73.0,,73.0,2851.299092,7383.684372000001,7383.684449,101.1463623150685,38.738434,2851.299092,326.5539743632248,83.04982100000001,62.94979555555555,11.575519114088728,9.886663124012527,46,64,,False,True,,366,59.56268577710819
4,2026-09-21T07:58:03.463+00:00,2026-09-21T07:58:07.604+00:00,2026-09-21T07:58:09.491+00:00,True,31,31.0,,31.0,4141.063565,6027.551885000001,6027.5519110000005,194.43715841935486,48.661515,4141.063565,732.5100721116567,76.244193,62.882944,8.458523993896415,5.143049880191947,46,64,,False,True,,217,59.56268577710819
5,2026-09-21T07:58:03.791+00:00,2026-09-21T07:58:09.304+00:00,2026-09-21T07:58:10.691+00:00,True,23,23.0,,23.0,5513.029538,6899.796386,6899.796412,299.9911483478261,40.885464999999996,5513.029538,1136.465095866786,82.8555019,63.034856727272725,12.213575792341594,3.333431700487284,46,64,,False,True,,69,59.56268577710819
6,2026-09-21T07:58:03.998+00:00,2026-09-21T07:58:09.679+00:00,2026-09-21T07:58:12.753+00:00,True,49,49.0,,49.0,5681.373074,8754.660242,8754.660143,178.66653353061224,44.160495000000004,5681.373074,802.5495039751887,80.33595199999999,64.026816,10.823429560692906,5.597019032780416,46,64,,False,True,,230,59.56268577710819
7,2026-09-21T07:58:04.221+00:00,2026-09-21T07:58:10.882+00:00,2026-09-21T07:58:13.469+00:00,True,41,41.0,,41.0,6661.788544,9248.588928000001,9248.588973,225.57534080487804,0.01754,6661.788544,1032.1357915903916,78.320338,64.6700096,62.36989965344391,4.433108695735514,46,64,,False,True,,125,59.56268577710819
8,2026-09-21T07:58:04.522+00:00,2026-09-21T07:58:12.423+00:00,2026-09-21T07:58:14.284+00:00,True,29,29.0,,29.0,7901.235633,9761.892017,9761.891946,336.6169636551724,0.01789,7901.235633,1456.6690595096218,282.092845,66.45201371428571,73.4399636788706,2.9707355858369966,46,64,,False,True,,302,59.56268577710819
9,2026-09-21T07:58:04.771+00:00,2026-09-21T07:58:13.820+00:00,2026-09-21T07:58:19.518+00:00,True,93,93.0,,93.0,9048.670111,14746.727583,14746.727753,158.5669650860215,38.999583,9048.670111,931.9346098576844,77.882188,61.93540730434783,10.05278392937594,6.306483894583516,46,64,,False,True,,372,59.56268577710819
3,2026-09-21T07:58:03.228+00:00,2026-09-21T07:58:15.285+00:00,2026-09-21T07:58:16.630+00:00,True,23,23.0,,23.0,12056.674617,13401.352249,13401.352097,582.6674824782609,38.749424,12056.674617,2501.2716398877383,80.237118,61.12171054545455,11.662409725545503,1.7162447171490656,46,64,,False,True,,23,59.56268577710819
10,2026-09-21T07:58:05.028+00:00,2026-09-21T07:58:15.871+00:00,2026-09-21T07:58:19.822+00:00,True,64,64.0,,64.0,10842.638277,14794.067909,14794.067807,231.157309484375,42.082645,10842.638277,1347.529121101558,78.15214035,62.72110526984127,10.39712514163708,4.3260582818513,46,64,,False,True,,128,59.56268577710819
11,2026-09-21T07:58:05.391+00:00,2026-09-21T07:58:17.840+00:00,2026-09-21T07:58:19.888+00:00,True,33,33.0,,33.0,12448.913607999999,14496.830407999998,14496.830289999998,439.29788757575756,40.398135,12448.913607999999,2155.9594094851095,80.95704400000001,63.9974,9.946236733169371,2.2763596642331643,46,64,,False,True,,165,59.56268577710819
12,2026-09-21T07:58:05.604+00:00,2026-09-21T07:58:18.936+00:00,2026-09-21T07:58:20.846+00:00,True,31,31.0,,31.0,13331.684136,15241.654312,15241.654294,491.6662675483871,43.221523999999995,13331.684136,2383.0383770583376,90.3511695,63.66567253333333,12.54376717898768,2.0338999537335787,46,64,,False,True,,95,59.56268577710819
13,2026-09-21T07:58:05.872+00:00,2026-09-21T07:58:20.433+00:00,2026-09-21T07:58:24.230+00:00,True,59,59.0,,59.0,14560.999864,18357.308344,18357.308288,311.14081844067795,0.0,14560.999864,1888.8141760068481,136.45291809999998,65.45359448275862,79.73753904191318,3.2139788085699323,46,64,,False,True,,120,59.56268577710819
14,2026-09-21T07:58:06.114+00:00,2026-09-21T07:58:21.555+00:00,2026-09-21T07:58:25.508+00:00,True,62,62.0,,62.0,15441.031674,19393.495802,19393.495685,312.7983175,0.0,15441.031674,1954.200895239367,89.62925345,64.79449390163934,75.01836247096197,3.1969481228653014,46,64,,False,True,,62,59.56268577710819
15,2026-09-21T07:58:06.375+00:00,2026-09-21T07:58:22.671+00:00,2026-09-21T07:58:24.378+00:00,True,27,27.0,,27.0,16296.416162000001,18003.27389,18003.273769000003,666.7879173703705,0.0,16296.416162000001,3125.6003380462894,445.8187999,65.64837415384615,113.65695332159221,1.499727225446327,46,64,,False,True,,153,59.56268577710819
16,2026-09-21T07:58:06.667+00:00,2026-09-21T07:58:24.308+00:00,2026-09-21T07:58:26.170+00:00,True,31,31.0,,31.0,17640.678322,19502.87557,19502.875675,629.1250217741936,44.718883999999996,17640.678322,3157.229602980933,80.09775400000001,62.0732416,11.119703886244135,1.5895091925667246,46,64,,False,True,,169,59.56268577710819
17,2026-09-21T07:58:06.977+00:00,2026-09-21T07:58:26.050+00:00,2026-09-21T07:58:26.237+00:00,True,4,4.0,,4.0,19073.229461,19260.129172999998,19260.12922,4815.032305,51.141324999999995,19073.229461,9505.468045950362,16222.4444309,62.299904,9.664273777102137,0.20768292694565305,46,64,,False,True,,4,59.56268577710819
18,2026-09-21T07:58:07.181+00:00,2026-09-21T07:58:26.982+00:00,2026-09-21T07:58:29.806+00:00,True,47,47.0,,47.0,19801.708116,22625.305172,22625.305039000003,481.38946891489365,43.657824999999995,19801.708116,2879.4418462519134,78.86411900000002,61.38254469565217,10.693313591892643,2.077320046854659,46,64,,False,True,,216,59.56268577710819
19,2026-09-21T07:58:07.383+00:00,2026-09-21T07:58:28.171+00:00,2026-09-21T07:58:30.137+00:00,True,32,32.0,,32.0,20787.511688000002,22753.504904,22753.504712,711.04702225,45.562924,20787.511688000002,3663.551926564786,82.524793,63.419136,10.773868170330209,1.4063767377822523,46,64,,False,True,,170,59.56268577710819
20,2026-09-21T07:58:07.591+00:00,2026-09-21T07:58:29.491+00:00,2026-09-21T07:58:29.880+00:00,True,7,7.0,,7.0,21900.164074,22289.926122,22289.926275,3184.2751821428574,48.917735,21900.164074,8252.937874566336,15352.8331822,64.96034133333333,11.44420067990943,0.31404321224246,46,64,,False,True,,14,59.56268577710819
21,2026-09-21T07:58:07.922+00:00,2026-09-21T07:58:31.049+00:00,2026-09-21T07:58:32.634+00:00,True,26,26.0,,26.0,23126.701160999997,24711.765353,24711.765124999998,950.4525048076922,49.065815,23126.701160999997,4523.0942633729965,80.54537375,63.40256768,9.35022993295159,1.0521304175803696,46,64,,False,True,,136,59.56268577710819
22,2026-09-21T07:58:08.274+00:00,2026-09-21T07:58:32.774+00:00,2026-09-21T07:58:37.193+00:00,True,70,70.0,,70.0,24499.590193999997,28918.542897999996,28918.543023,413.12204318571423,0.0,24499.590193999997,2922.2973254438043,87.3462775,64.0427928115942,100.12198734546516,2.4205922216378752,46,64,,False,True,,158,59.56268577710819
23,2026-09-21T07:58:08.499+00:00,2026-09-21T07:58:33.936+00:00,2026-09-21T07:58:37.727+00:00,True,60,60.0,,60.0,25436.238081,29227.119361,29227.119364,487.11865606666663,0.0,25436.238081,3276.287448112428,77.84275,64.25222508474576,72.01558376706319,2.0528879106732165,46,64,,False,True,,144,59.56268577710819
24,2026-09-21T07:58:08.763+00:00,2026-09-21T07:58:35.386+00:00,2026-09-21T07:58:40.548+00:00,True,77,77.0,,77.0,26623.122543999998,31784.569199999998,31784.56899,412.78661025974026,0.0,26623.122543999998,3026.9648027514904,77.63045400000001,67.91377178947369,66.35932687533978,2.4225591832152316,46,64,,False,True,,232,59.56268577710819
25,2026-09-21T07:58:09.104+00:00,2026-09-21T07:58:37.026+00:00,2026-09-21T07:58:40.553+00:00,True,48,48.0,,48.0,27922.10643,31448.228926,31448.228936,655.1714361666667,46.072404999999996,27922.10643,4020.207261898134,79.47143799999999,75.02388289361701,82.42683942480474,1.5263180674799697,46,64,,False,True,,336,59.56268577710819
26,2026-09-21T07:58:09.322+00:00,2026-09-21T07:58:37.956+00:00,2026-09-21T07:58:43.584+00:00,True,88,88.0,,88.0,28633.996392999998,34262.403689,34262.403676999995,389.3454963295454,0.0,28633.996392999998,3047.161727723353,77.2159375,64.69433673563218,101.26909234553777,2.5684129110956846,46,64,,False,True,,526,59.56268577710819
27,2026-09-21T07:58:09.543+00:00,2026-09-21T07:58:39.188+00:00,2026-09-21T07:58:44.851+00:00,True,90,90.0,,90.0,29644.817398,35308.352246,35308.352186,392.3150242888889,0.0,29644.817398,3119.6514322290964,82.39903255000002,63.63522301123595,97.95803653199297,2.548971964847096,46,64,,False,True,,270,59.56268577710819
28,2026-09-21T07:58:09.782+00:00,2026-09-21T07:58:40.726+00:00,2026-09-21T07:58:42.696+00:00,True,32,32.0,,32.0,30943.771043,32913.693347,32913.693367,1028.55291771875,44.982754,30943.771043,5458.910424687483,75.876566,63.54588077419355,8.410901710391338,0.972239719882932,46,64,,False,True,,107,59.56268577710819
29,2026-09-21T07:58:10.086+00:00,2026-09-21T07:58:42.189+00:00,2026-09-21T07:58:44.094+00:00,True,30,30.0,,30.0,32103.289024,34007.821504,34007.821611,1133.5940537000001,0.01586,32103.289024,5850.811362501869,477.75231825,65.67353379310345,137.9227378195416,0.8821500076525455,46,64,,False,True,,120,59.56268577710819
30,2026-09-21T07:58:10.340+00:00,2026-09-21T07:58:43.535+00:00,2026-09-21T07:58:47.969+00:00,True,74,74.0,,74.0,33194.779156,37629.390355999996,37629.390317,508.50527455405404,0.0,33194.779156,3852.645531720592,80.28808899999999,60.74809863013699,83.50403382445467,1.966547937660136,46,64,,False,True,,148,59.56268577710819
31,2026-09-21T07:58:10.676+00:00,2026-09-21T07:58:45.077+00:00,2026-09-21T07:58:46.491+00:00,True,22,22.0,,22.0,34401.093351999996,35815.295719999995,35815.295847999994,1627.967993090909,0.0,34401.093351999996,7321.54631778176,697.3684740999998,67.34296990476192,155.1684534836106,0.6142626930123252,46,64,,False,True,,88,59.56268577710819
32,2026-09-21T07:58:10.954+00:00,2026-09-21T07:58:46.796+00:00,2026-09-21T07:58:48.290+00:00,True,24,24.0,,24.0,35841.254571000005,37335.978923,37335.97906600001,1555.6657944166668,43.559914,35841.254571000005,7302.805911676675,78.48368035,64.98801530434783,9.637396718252132,0.6428115906508436,46,64,,False,True,,168,59.56268577710819
33,2026-09-21T07:58:11.264+00:00,2026-09-21T07:58:48.104+00:00,2026-09-21T07:58:50.392+00:00,True,37,37.0,,37.0,36839.509185,39128.260545000005,39128.260622,1057.5205573513515,41.966394,36839.509185,6045.935899414288,80.3625102,63.57642666666666,11.038509130347423,0.9456080971820261,46,64,,False,True,,96,59.56268577710819
34,2026-09-21T07:58:11.539+00:00,2026-09-21T07:58:49.271+00:00,2026-09-21T07:58:53.657+00:00,True,70,70.0,,70.0,37731.887387999996,42118.39414,42118.394033,601.6913433285714,0.0,37731.887387999996,4503.967667195645,79.67524055,63.572561623188406,126.20554560753115,1.6619816930180804,46,64,,False,True,,282,59.56268577710819
35,2026-09-21T07:58:11.785+00:00,2026-09-21T07:58:50.642+00:00,2026-09-21T07:58:52.506+00:00,True,30,30.0,,30.0,38857.476324,40720.99018,40720.990018000004,1357.3663339333334,44.731505,38857.476324,7082.64685369175,80.27782644999999,64.25909848275862,9.989517694265635,0.7367207886495455,46,64,,False,True,,60,59.56268577710819
36,2026-09-21T07:58:12.021+00:00,2026-09-21T07:58:51.980+00:00,2026-09-21T07:58:52.048+00:00,True,2,2.0,,2.0,39959.289009,40027.061681,40027.061596,20013.530798,67.772587,39959.289009,28207.56177381072,37964.7131879,67.772672,nan,0.049966195768733075,46,64,,False,True,,6,59.56268577710819
37,2026-09-21T07:58:12.271+00:00,2026-09-21T07:58:53.655+00:00,2026-09-21T07:58:55.965+00:00,True,46,46.0,,46.0,41383.513387,43693.707818999996,43693.707817,949.8632134130435,0.0,41383.513387,6094.169216250236,93.40396700000001,51.33765404444444,30.03602438801209,1.0527831648106807,46,64,,False,True,,92,59.56268577710819
38,2026-09-21T07:58:12.594+00:00,2026-09-21T07:58:54.907+00:00,2026-09-21T07:58:56.014+00:00,True,19,19.0,,19.0,42312.998833,43419.726256999995,43419.726248,2285.2487498947366,42.422424,42312.998833,9693.16688860749,4300.7201755,61.484856888888885,9.928765216489813,0.4375891245269396,46,64,,False,True,,194,59.56268577710819
39,2026-09-21T07:58:12.814+00:00,2026-09-21T07:58:56.139+00:00,2026-09-21T07:58:58.272+00:00,True,35,35.0,,35.0,43325.632388,45458.18458,45458.184699,1298.8052771142857,41.766115,43325.632388,7312.775867707754,82.38220229999999,62.722123294117644,11.858305064690136,0.7699383581498933,46,64,,False,True,,85,59.56268577710819
40,2026-09-21T07:58:13.160+00:00,2026-09-21T07:58:56.755+00:00,2026-09-21T07:59:01.405+00:00,True,74,74.0,,74.0,43594.948756,48244.531348,48244.531159,651.9531237702703,0.0,43594.948756,5061.469450602624,80.2069005,63.69291221917808,104.48280243070947,1.5338526032353657,46,64,,False,True,,221,59.56268577710819
41,2026-09-21T07:58:13.403+00:00,2026-09-21T07:58:59.494+00:00,2026-09-21T07:59:02.710+00:00,True,51,51.0,,51.0,46090.95632500001,49307.659557000006,49307.65947900001,966.8168525294119,0.0,46090.95632500001,6446.225298512954,87.78741399999998,64.33406464,126.11199231050432,1.0343220598625986,46,64,,False,True,,168,59.56268577710819
42,2026-09-21T07:58:13.672+00:00,2026-09-21T07:59:01.278+00:00,2026-09-21T07:59:05.788+00:00,True,84,84.0,,84.0,47605.915613,52115.985372999996,52115.985240999995,620.4283957261904,0.0,47605.915613,5189.432669871291,80.32314400000001,54.33818987951807,108.95938199932624,1.6117895382540024,46,64,,False,True,,88,59.56268577710819
43,2026-09-21T07:58:13.990+00:00,2026-09-21T07:59:02.455+00:00,2026-09-21T07:59:03.403+00:00,True,17,17.0,,17.0,48465.052762,49412.409434,49412.4094,2906.6123176470587,39.981744,48465.052762,11740.147244455447,9759.1538476,59.209792,12.118675046694722,0.3440431299491041,46,64,,False,True,,34,59.56268577710819
44,2026-09-21T07:58:14.229+00:00,2026-09-21T07:59:03.593+00:00,2026-09-21T07:59:05.572+00:00,True,31,31.0,,31.0,49364.171425,51343.044513,51343.04467,1656.2272474193549,0.01526,49364.171425,8855.523833496669,472.83503899999994,65.96243626666667,154.57043529311474,0.6037818811494677,46,64,,False,True,,93,59.56268577710819
45,2026-09-21T07:58:14.526+00:00,2026-09-21T07:59:05.567+00:00,2026-09-21T07:59:09.235+00:00,True,66,66.0,,66.0,51041.640049999995,54708.685681999996,54708.68582099999,828.9194821363635,0.015460000000000002,51041.640049999995,6275.900914887457,85.52825150000001,56.41608664615384,26.15912406012998,1.206389793087554,46,64,,False,True,,131,59.56268577710819
46,2026-09-21T07:58:14.840+00:00,2026-09-21T07:59:06.931+00:00,2026-09-21T07:59:10.321+00:00,True,41,41.0,,41.0,52091.052529,55481.028081,55481.028091,1353.195807097561,0.0,52091.052529,8123.56826247865,84.423399,84.74938879999999,160.61543191509364,0.7389913528664556,46,64,,False,True,,83,59.56268577710819
47,2026-09-21T07:58:15.049+00:00,2026-09-21T07:59:08.170+00:00,2026-09-21T07:59:11.929+00:00,True,61,61.0,,61.0,53121.130235,56880.147962999996,56880.148163,932.461445295082,0.0,53121.130235,6794.731267425953,89.34488999999999,62.65029546666667,133.46389100528592,1.0724304029532399,46,64,,False,True,,61,59.56268577710819
48,2026-09-21T07:58:15.379+00:00,2026-09-21T07:59:10.340+00:00,2026-09-21T07:59:14.392+00:00,True,75,75.0,,75.0,54960.701786,59013.200218,59013.200236,786.8426698133333,0.0,54960.701786,6340.04735130905,80.61791029999999,54.763492324324325,26.75742354237669,1.270902098563429,46,64,,False,True,,225,59.56268577710819
49,2026-09-21T07:58:15.694+00:00,2026-09-21T07:59:11.559+00:00,2026-09-21T07:59:13.261+00:00,True,28,28.0,,28.0,55864.5091,57566.105004000005,57566.105043,2055.932322964286,50.392415,55864.5091,10545.493835028126,81.34252999999998,63.02207051851852,9.378841624927473,0.48639733395292956,46,64,,False,True,,84,59.56268577710819
50,2026-09-21T07:58:15.972+00:00,2026-09-21T07:59:13.269+00:00,2026-09-21T07:59:15.445+00:00,True,34,34.0,,34.0,57297.034316,59473.684556,59473.684548,1749.226016117647,49.893925,57297.034316,9815.052539176846,83.01238649999999,65.95909818181818,9.124861378132879,0.5716814126083922,46,64,,False,True,,38,59.56268577710819
51,2026-09-21T07:58:16.188+00:00,2026-09-21T07:59:14.333+00:00,2026-09-21T07:59:15.847+00:00,True,25,25.0,,25.0,58144.678657,59658.350592999996,59658.35045,2386.334018,46.781184,58144.678657,11616.325071454847,78.3268548,63.069664,8.90587893190638,0.4190528191192294,46,64,,False,True,,136,59.56268577710819
52,2026-09-21T07:58:16.495+00:00,2026-09-21T07:59:15.926+00:00,2026-09-21T07:59:21.594+00:00,True,91,91.0,,91.0,59430.956695,65099.415191,65099.415053000004,715.3781873956044,0.0,59430.956695,6225.741565180008,127.25689599999998,62.98287217777777,169.67568942960054,1.3978620196972331,46,64,,False,True,,546,59.56268577710819
53,2026-09-21T07:58:16.846+00:00,2026-09-21T07:59:17.846+00:00,2026-09-21T07:59:21.417+00:00,True,57,57.0,,57.0,61000.178088,64571.081640000004,64571.081702,1132.8259947719298,0.0,61000.178088,8074.007368092011,534.0797213999999,63.76613485714286,213.86866389589102,0.8827481056890035,46,64,,False,True,,113,59.56268577710819
54,2026-09-21T07:58:17.107+00:00,2026-09-21T07:59:19.349+00:00,2026-09-21T07:59:21.318+00:00,True,36,36.0,,36.0,62242.420363,64211.712138999996,64211.712155999994,1783.658671,0.0,62242.420363,10366.179317048158,425.87712674999995,56.26547931428572,197.08602367842846,0.560645383852564,46,64,,False,True,,108,59.56268577710819
55,2026-09-21T07:58:17.441+00:00,2026-09-21T07:59:21.318+00:00,2026-09-21T07:59:24.772+00:00,True,63,63.0,,63.0,63876.64342099999,67331.157597,67331.157585,1068.748533095238,0.0,63876.64342099999,8040.716212440369,80.59728,55.71797058064516,24.052408005419522,0.9356737987051483,46,64,,False,True,,125,59.56268577710819
56,2026-09-21T07:58:17.780+00:00,2026-09-21T07:59:22.455+00:00,2026-09-21T07:59:24.206+00:00,True,29,29.0,,29.0,64675.254146,66425.93805,66425.93821,2290.549593448276,45.101994,64675.254146,11998.286232955594,78.104429,62.52442514285714,9.383118267161192,0.4365764466611097,46,64,,False,True,,58,59.56268577710819
57,2026-09-21T07:58:18.141+00:00,2026-09-21T07:59:24.704+00:00,2026-09-21T07:59:28.779+00:00,True,64,64.0,,64.0,66563.56896599999,70638.27181399999,70638.27171399999,1103.7229955312498,43.249154000000004,66563.56896599999,8312.366440038115,79.0887595,64.67782298412699,9.233490538487743,0.9060244306163173,46,64,,False,True,,192,59.56268577710819
58,2026-09-21T07:58:18.356+00:00,2026-09-21T07:59:25.954+00:00,2026-09-21T07:59:32.813+00:00,True,93,93.0,,93.0,67597.908704,74456.35888,74456.35892700001,800.6060099677419,0.0,67597.908704,7003.109990578148,78.99695700000001,74.54837147826088,133.7629112725578,1.2490538269523288,46,64,,False,True,,296,59.56268577710819
59,2026-09-21T07:58:18.553+00:00,2026-09-21T07:59:26.903+00:00,2026-09-21T07:59:27.272+00:00,True,7,7.0,,7.0,68349.782757,68719.481573,68719.48151,9817.068787142856,45.556914,68349.782757,25810.50198077222,47866.3018137,61.616469333333335,8.596976713575039,0.10186339942864633,46,64,,False,True,,14,59.56268577710819
60,2026-09-21T07:58:18.750+00:00,2026-09-21T07:59:27.981+00:00,2026-09-21T07:59:33.065+00:00,True,81,81.0,,81.0,69231.07286100001,74315.62607700001,74315.62601800001,917.4768644197532,0.0,69231.07286100001,7686.732925246849,80.070367,63.556915200000006,150.4131363378642,1.0899457392187502,46,64,,False,True,,163,59.56268577710819
61,2026-09-21T07:58:18.947+00:00,2026-09-21T07:59:28.889+00:00,2026-09-21T07:59:30.936+00:00,True,33,33.0,,33.0,69942.38562100001,71989.64654900001,71989.64655100001,2181.504440939394,42.001784,69942.38562100001,12164.274031397916,77.324219,63.976904,10.559519380665476,0.45839925019687977,46,64,,False,True,,65,59.56268577710819
62,2026-09-21T07:58:19.299+00:00,2026-09-21T07:59:30.767+00:00,2026-09-21T07:59:32.842+00:00,True,30,30.0,,30.0,71468.105089,73542.594689,73542.594862,2451.4198287333334,0.0,71468.105089,13037.488789887957,787.4394701500001,71.53412413793103,250.18832095784404,0.4079268637021205,46,64,,False,True,,60,59.56268577710819
63,2026-09-21T07:58:19.547+00:00,2026-09-21T07:59:32.837+00:00,2026-09-21T07:59:32.837+00:00,True,1,1.0,,1.0,73289.84388500001,73289.84388500001,73289.84388500001,73289.84388500001,73289.84388500001,73289.84388500001,nan,73289.84388500001,nan,nan,0.013644455315924977,46,64,,False,True,,4,59.56268577710819
64,2026-09-21T07:58:19.803+00:00,2026-09-21T07:59:33.198+00:00,2026-09-21T07:59:36.203+00:00,True,48,48.0,,48.0,73394.35201100001,76399.759755,76399.759625,1591.661658854167,0.01824,73394.35201100001,10586.365297049777,274.30008305,63.94484561702128,209.68921049734163,0.6282742269599693,46,64,,False,True,,51,59.56268577710819
65,2026-09-21T07:58:20.015+00:00,2026-09-21T07:59:34.905+00:00,2026-09-21T07:59:40.471+00:00,True,96,96.0,,96.0,74889.83781900001,80456.218875,80456.21884900001,838.0856130104168,0.01645,74889.83781900001,7637.549021849674,145.1831005,58.5934848,42.52259189667153,1.1931955210218048,46,64,,False,True,,191,59.56268577710819
66,2026-09-21T07:58:20.354+00:00,2026-09-21T07:59:36.446+00:00,2026-09-21T07:59:37.777+00:00,True,21,21.0,,21.0,76091.639429,77423.00275700001,77423.002796,3686.809656952381,10.666031,76091.639429,16590.051291002073,161.35985399999998,66.5681664,26.846272544032196,0.27123721958848124,46,64,,False,True,,230,59.56268577710819
67,2026-09-21T07:58:20.703+00:00,2026-09-21T07:59:38.608+00:00,2026-09-21T07:59:43.221+00:00,True,73,73.0,,73.0,77905.226843,82518.274907,82518.274959,1130.3873282054794,40.036943,77905.226843,9110.625674559677,82.061267,64.070112,11.686949115960232,0.8846525219083007,46,64,,False,True,,292,59.56268577710819
68,2026-09-21T07:58:20.993+00:00,2026-09-21T07:59:39.805+00:00,2026-09-21T07:59:41.702+00:00,True,31,31.0,,31.0,78811.658278,80708.472358,80708.472265,2603.499105322581,47.068584,78811.658278,14143.638504796409,76.29297650000001,63.227136,8.962257868311164,0.384098460722844,46,64,,False,True,,93,59.56268577710819
69,2026-09-21T07:58:21.189+00:00,2026-09-21T07:59:40.886+00:00,2026-09-21T07:59:42.245+00:00,True,22,22.0,,22.0,79697.01539300001,81055.656289,81055.65625300001,3684.3480115,41.775334,79697.01539300001,16977.67009773422,80.06837245000001,64.69718552380952,10.010126375348873,0.2714184426754879,46,64,,False,True,,25,59.56268577710819
70,2026-09-21T07:58:21.452+00:00,2026-09-21T07:59:41.960+00:00,2026-09-21T07:59:46.975+00:00,True,61,61.0,,61.0,80507.840561,85523.62014500001,85523.62025200001,1402.026561508197,0.0,80507.840561,10299.563964296627,85.301487,83.59632640000001,219.23464532462236,0.7132532497639631,46,64,,False,True,,366,59.56268577710819
71,2026-09-21T07:58:21.823+00:00,2026-09-21T07:59:43.859+00:00,2026-09-21T07:59:49.776+00:00,True,94,94.0,,94.0,82036.17179899999,87953.057815,87953.05786899998,935.670828393617,0.0,82036.17179899999,8456.78228495565,75.7978225,63.6224302795699,183.0204019814346,1.0687519267120775,46,64,,False,True,,376,59.56268577710819
72,2026-09-21T07:58:22.169+00:00,2026-09-21T07:59:46.969+00:00,2026-09-21T07:59:49.841+00:00,True,65,65.0,,65.0,84799.447066,87671.63215399999,87671.632029,1348.7943389076922,0.0,84799.447066,10512.552613969374,77.926129,44.877892,29.99423453639459,0.7414028734610981,46,64,,False,True,,195,59.56268577710819
73,2026-09-21T07:58:22.481+00:00,2026-09-21T07:59:47.426+00:00,2026-09-21T07:59:49.727+00:00,True,37,37.0,,37.0,84944.85270399999,87246.187744,87246.18761699999,2358.0050707297296,37.851133000000004,84944.85270399999,13954.343358746119,81.421639,63.92597333333334,11.93493033994949,0.4240872977575404,46,64,,False,True,,148,59.56268577710819
74,2026-09-21T07:58:22.788+00:00,2026-09-21T07:59:48.758+00:00,2026-09-21T07:59:50.722+00:00,True,33,33.0,,33.0,85970.72948000001,87934.17524000001,87934.17525200002,2664.6719773333334,40.312124000000004,85970.72948000001,14954.90596299344,76.03652240000001,61.35768,10.966849171882746,0.3752807132145451,46,64,,False,True,,297,59.56268577710819
75,2026-09-21T07:58:23.283+00:00,2026-09-21T07:59:50.368+00:00,2026-09-21T07:59:52.040+00:00,True,28,28.0,,28.0,87084.538219,88756.152683,88756.15269599999,3169.862596285714,48.476264,87084.538219,16445.733339320024,82.62002749999999,61.911646814814816,9.679952976321054,0.31547108739609675,46,64,,False,True,,62,59.56268577710819
76,2026-09-21T07:58:23.410+00:00,2026-09-21T07:59:52.113+00:00,2026-09-21T07:59:56.735+00:00,True,73,73.0,,73.0,88703.16787,93324.93811,93324.938226,1278.4238113150686,0.01616,88703.16787,10376.017850365131,137.80376619999998,64.19125333333334,184.08121304388632,0.7822132162997691,46,64,,False,True,,407,59.56268577710819
77,2026-09-21T07:58:23.744+00:00,2026-09-21T07:59:54.133+00:00,2026-09-21T07:59:54.133+00:00,True,1,1.0,,1.0,90388.837883,90388.837883,90388.837883,90388.837883,90388.837883,90388.837883,nan,90388.837883,nan,nan,0.01106331294240565,46,64,,False,True,,1,59.56268577710819
78,2026-09-21T07:58:23.945+00:00,2026-09-21T07:59:54.845+00:00,2026-09-21T07:59:58.084+00:00,True,52,52.0,,52.0,90899.849565,94138.683485,94138.68325,1810.3592932692306,0.02467,90899.849565,12596.763350430972,128.99134945000003,63.50654745098039,27.310888062283134,0.5523765371998818,46,64,,False,True,,52,59.56268577710819
79,2026-09-21T07:58:24.212+00:00,2026-09-21T07:59:56.390+00:00,2026-09-21T08:00:02.883+00:00,True,98,98.0,,98.0,92177.983643,98671.102107,98671.101934,1006.8479789183673,0.0,92177.983643,9306.538423784077,78.544861,66.93936560824743,189.9083574417732,0.9931985952049847,46,64,,False,True,,686,59.56268577710819
80,2026-09-21T07:58:24.445+00:00,2026-09-21T07:59:57.319+00:00,2026-09-21T08:00:02.871+00:00,True,68,68.0,,68.0,92874.44029099999,98426.397539,98426.39742899999,1447.4470210147058,0.0,92874.44029099999,11254.85044604794,82.66350915,82.86503355223881,225.17325351141304,0.6908715720602902,46,64,,False,True,,142,59.56268577710819
81,2026-09-21T07:58:24.716+00:00,2026-09-21T07:59:58.896+00:00,2026-09-21T07:59:59.835+00:00,True,17,17.0,,17.0,94179.65759100001,95118.432119,95118.43203400001,5595.201884352942,45.135694,94179.65759100001,22827.693467326673,18898.2252678,58.673408,9.200407527124263,0.17872456075318585,46,64,,False,True,,119,59.56268577710819
82,2026-09-21T07:58:24.918+00:00,2026-09-21T07:59:59.955+00:00,2026-09-21T08:00:05.985+00:00,True,94,94.0,,94.0,95036.929144,101066.75698399999,101066.756834,1075.1782641914892,0.0,95036.929144,9797.568650824516,78.30474550000001,64.83685849462366,196.28647292394191,0.9300783245165496,46,64,,False,True,,614,59.56268577710819
83,2026-09-21T07:58:25.219+00:00,2026-09-21T08:00:02.875+00:00,2026-09-21T08:00:05.989+00:00,True,71,71.0,,71.0,97656.15493799999,100770.06137,100770.06133299999,1419.2966384929575,0.0,97656.15493799999,11584.415778548366,76.8365565,44.4843776,31.32738600065591,0.7045743451451071,46,64,,False,True,,217,59.56268577710819
84,2026-09-21T07:58:25.420+00:00,2026-09-21T08:00:02.876+00:00,2026-09-21T08:00:05.016+00:00,True,41,41.0,,41.0,97455.904897,99595.601281,99595.601256,2429.1610062439026,0.0,97455.904897,15211.720213801073,77.788696,53.4924096,24.373525675096168,0.4116647670445023,46,64,,False,True,,246,59.56268577710819
85,2026-09-21T07:58:25.638+00:00,2026-09-21T08:00:03.552+00:00,2026-09-21T08:00:07.722+00:00,True,67,67.0,,67.0,97913.836215,102083.228087,102083.22819200001,1523.630271522388,43.569224000000006,97913.836215,11954.364837463283,78.788056,63.172604121212125,9.393149910710155,0.6563272072754158,46,64,,False,True,,404,59.56268577710819
86,2026-09-21T07:58:25.982+00:00,2026-09-21T08:00:05.159+00:00,2026-09-21T08:00:10.378+00:00,True,85,85.0,,85.0,99176.84165,104396.507826,104396.507819,1228.194209635294,43.638033,99176.84165,10750.503112374463,77.3307542,62.138883047619046,9.546773155170696,0.8142034802703497,46,64,,False,True,,94,59.56268577710819
87,2026-09-21T07:58:26.228+00:00,2026-09-21T08:00:06.107+00:00,2026-09-21T08:00:08.510+00:00,True,41,41.0,,41.0,99879.156889,102281.306265,102281.30630000001,2494.6660073170733,45.257824,99879.156889,15589.127202044006,77.04778599999999,60.053734399999996,8.676499829488673,0.4008552637543888,46,64,,False,True,,123,59.56268577710819
88,2026-09-21T07:58:26.512+00:00,2026-09-21T08:00:07.793+00:00,2026-09-21T08:00:08.096+00:00,True,6,6.0,,6.0,101281.070337,101583.70688099999,101583.706654,16930.617775666666,47.979455,101281.070337,41323.11536457431,75980.446087,60.5273088,13.23266411716897,0.0590645900235624,46,64,,True,True,,53,59.56268577710819
89,2026-09-21T07:58:26.744+00:00,2026-09-21T08:00:09.093+00:00,2026-09-21T08:00:09.849+00:00,True,14,14.0,,14.0,102348.182648,103104.581496,103104.581434,7364.612959571428,43.888914,102348.182648,27338.153672340733,35871.53270635,58.18452676923077,10.146177251404378,0.13578446075689798,46,64,,True,True,,84,59.56268577710819
90,2026-09-21T07:58:26.987+00:00,2026-09-21T08:00:10.510+00:00,2026-09-21T08:00:16.554+00:00,True,96,96.0,,96.0,103522.826207,109566.873567,109566.87349900001,1141.3215989479168,42.622792000000004,103522.826207,10559.264786639204,76.44285975000001,63.621551157894736,9.156435886989437,0.8761772319924427,46,64,,True,True,,863,59.56268577710819
91,2026-09-21T07:58:27.319+00:00,2026-09-21T08:00:11.967+00:00,2026-09-21T08:00:17.704+00:00,True,92,92.0,,92.0,104648.45877,110385.03093,110385.030784,1199.8372911304348,40.521904,104648.45877,10903.788180240655,77.40146795000001,63.039254505494505,9.900618774291988,0.8334463398242942,46,64,,True,True,,184,59.56268577710819
92,2026-09-21T07:58:27.613+00:00,2026-09-21T08:00:13.723+00:00,2026-09-21T08:00:16.081+00:00,True,39,39.0,,39.0,106109.668965,108467.796581,108467.796572,2781.2255531282053,46.420934,106109.668965,16981.211013334007,78.8192869,62.05598989473684,9.397994249163283,0.359553722204324,46,64,,True,True,,195,59.56268577710819
93,2026-09-21T07:58:27.964+00:00,2026-09-21T08:00:15.730+00:00,2026-09-21T08:00:18.987+00:00,True,52,52.0,,52.0,107766.38499400001,111023.814754,111023.814813,2135.0733617884616,45.611273999999995,107766.38499400001,14935.65465516703,78.39604154999999,63.871171764705885,9.977913897708966,0.46836798136704744,46,64,,True,True,,156,59.56268577710819
94,2026-09-21T07:58:28.263+00:00,2026-09-21T08:00:17.102+00:00,2026-09-21T08:00:21.101+00:00,True,63,63.0,,63.0,108839.790942,112838.615902,112838.61572900001,1791.0891385555556,46.339572999999994,108839.790942,13704.401933580984,77.369567,64.49717677419355,9.250586934608716,0.5583195034465445,46,64,,True,True,,567,59.56268577710819
95,2026-09-21T07:58:28.571+00:00,2026-09-21T08:00:18.652+00:00,2026-09-21T08:00:23.554+00:00,True,79,79.0,,79.0,110081.266797,114983.56362900001,114983.563659,1455.4881475822785,42.193123,110081.266797,12378.04272786539,78.6798651,62.84995938461538,9.712442203361384,0.6870547190109474,46,64,,True,True,,316,59.56268577710819
96,2026-09-21T07:58:28.908+00:00,2026-09-21T08:00:20.329+00:00,2026-09-21T08:00:21.790+00:00,True,24,24.0,,24.0,111421.19703499999,112881.754091,112881.754213,4703.406425541666,48.638314,111421.19703499999,22730.795805543014,77.77727935000001,63.502480695652174,8.695081019866945,0.21261186268112314,46,64,,True,True,,86,59.56268577710819
97,2026-09-21T07:58:29.198+00:00,2026-09-21T08:00:21.594+00:00,2026-09-21T08:00:25.633+00:00,True,66,66.0,,66.0,112396.625329,116434.815665,116434.815678,1764.1638739090909,43.571172,112396.625329,13827.424553001356,78.45750100000001,62.126005169230766,9.975336535946287,0.5668407651358478,46,64,,True,True,,394,59.56268577710819
98,2026-09-21T07:58:29.461+00:00,2026-09-21T08:00:23.068+00:00,2026-09-21T08:00:24.383+00:00,True,22,22.0,,22.0,113606.59654099999,114921.74585299999,114921.74565,5223.715711363636,48.258943,113606.59654099999,24207.657150847015,73.51368595,62.62615771428572,8.207785018293846,0.19143461349900556,46,64,,True,True,,66,59.56268577710819
99,2026-09-21T07:58:29.789+00:00,2026-09-21T08:00:24.925+00:00,2026-09-21T08:00:29.011+00:00,True,65,65.0,,65.0,115135.31388500001,119221.75817300001,119221.75805900001,1834.1808932153847,46.729793,115135.31388500001,14272.861730510635,78.684472,63.850692,9.833258350871425,0.5452024948808418,46,64,,True,True,,325,59.56268577710819
100,2026-09-21T07:58:30.066+00:00,2026-09-21T08:00:26.440+00:00,2026-09-21T08:00:28.609+00:00,True,35,35.0,,35.0,116374.638549,118543.57499699999,118543.57479,3386.9592797142855,42.671884,116374.638549,19660.123995500166,77.7424814,63.792248470588234,10.40047316254306,0.2952500799886097,46,64,,True,True,,144,59.56268577710819
101,2026-09-21T07:58:30.374+00:00,2026-09-21T08:00:27.759+00:00,2026-09-21T08:00:28.406+00:00,True,12,12.0,,12.0,117384.47489499999,118031.84948699998,118031.849513,9835.987459416667,42.958203999999995,117384.47489499999,33868.99143437769,52864.62234455,58.85223563636363,10.650782017088279,0.10166747409411456,46,64,,True,True,,48,59.56268577710819
102,2026-09-21T07:58:30.597+00:00,2026-09-21T08:00:28.939+00:00,2026-09-21T08:00:31.036+00:00,True,35,35.0,,35.0,118341.90195,120438.512766,120438.512915,3441.100369,44.190494,118341.90195,19993.011632227783,78.76318429999999,61.665024,10.220012322531241,0.2906047176786507,46,64,,True,True,,14,59.56268577710819
103,2026-09-21T07:58:30.804+00:00,2026-09-21T08:00:30.284+00:00,2026-09-21T08:00:31.939+00:00,True,27,27.0,,27.0,119479.648938,121135.035562,121135.035611,4486.482800407407,52.849464,119479.648938,22981.617338267086,76.605422,63.66871630769231,7.667188972904668,0.22289174948217777,46,64,,True,True,,81,59.56268577710819
104,2026-09-21T07:58:31.168+00:00,2026-09-21T08:00:32.073+00:00,2026-09-21T08:00:34.228+00:00,True,34,34.0,,34.0,120905.005164,123059.60894,123059.608944,3619.4002630588234,42.011783,120905.005164,20723.841803082523,78.03827100000001,65.29102351515152,8.768921778335564,0.27628886758918053,46,64,,True,True,,160,59.56268577710819
105,2026-09-21T07:58:31.489+00:00,2026-09-21T08:00:33.503+00:00,2026-09-21T08:00:34.300+00:00,True,13,13.0,,13.0,122014.18708599999,122811.15476599999,122811.15480499998,9447.011908076922,54.961502,122014.18708599999,33822.22773486176,48852.42803139999,66.41397333333333,8.142023146411768,0.105853576776228,46,64,,True,True,,13,59.56268577710819
106,2026-09-21T07:58:31.776+00:00,2026-09-21T08:00:34.690+00:00,2026-09-21T08:00:40.168+00:00,True,89,89.0,,89.0,122913.96605500001,128392.123623,128392.12355100001,1442.6081297865169,46.852833,122913.96605500001,13022.25854139219,75.407471,62.25179054545455,8.700908625100897,0.6931889393879973,46,64,,True,True,,793,59.56268577710819
107,2026-09-21T07:58:32.068+00:00,2026-09-21T08:00:36.326+00:00,2026-09-21T08:00:38.535+00:00,True,37,37.0,,37.0,124257.71549500001,126466.34755900002,126466.347659,3418.0093961891894,43.631833,124257.71549500001,20417.75907368652,77.0623552,61.350890666666665,10.259852895327183,0.2925679496099821,46,64,,True,True,,222,59.56268577710819
108,2026-09-21T07:58:32.275+00:00,2026-09-21T08:00:37.531+00:00,2026-09-21T08:00:42.581+00:00,True,79,79.0,,79.0,125256.15469400001,130306.86599,130306.86592000001,1649.453998987342,44.606843999999995,125256.15469400001,14085.136262099484,77.03099309999999,64.75270892307692,9.397316150314317,0.6062612234574241,46,64,,True,True,,162,59.56268577710819
109,2026-09-21T07:58:32.600+00:00,2026-09-21T08:00:39.059+00:00,2026-09-21T08:00:41.089+00:00,True,32,32.0,,32.0,126459.268694,128488.901718,128488.901654,4015.2781766875,50.021084,126459.268694,22343.479218051176,77.61134300000002,65.47203303225807,8.427200147318205,0.24904874718465372,46,64,,True,True,,128,59.56268577710819
110,2026-09-21T07:58:33.411+00:00,2026-09-21T08:00:41.670+00:00,2026-09-21T08:00:43.875+00:00,True,35,35.0,,35.0,128259.53442299999,130464.19643899999,130464.196227,3727.548463628571,44.374303,128259.53442299999,21668.8607531492,82.81107130000001,64.84300047058824,11.523943770267948,0.2682728361904612,46,64,,True,True,,73,59.56268577710819
111,2026-09-21T07:58:33.426+00:00,2026-09-21T08:00:42.793+00:00,2026-09-21T08:00:43.486+00:00,True,12,12.0,,12.0,129367.464465,130060.731153,130060.73123599999,10838.394269666667,48.784754,129367.464465,37326.97816975111,58259.168663050004,63.02424436363637,11.05236394608769,0.09226458973141953,46,64,,True,True,,33,59.56268577710819
112,2026-09-21T07:58:33.595+00:00,2026-09-21T08:00:44.607+00:00,2026-09-21T08:00:46.999+00:00,True,38,38.0,,38.0,131012.037623,133404.190711,133404.19074,3510.6365984210524,42.930333,131012.037623,21242.473573527488,84.2000165,64.65278616216216,10.882194834210425,0.28484862280167234,46,64,,True,True,,236,59.56268577710819
113,2026-09-21T07:58:33.802+00:00,2026-09-21T08:00:45.938+00:00,2026-09-21T08:00:46.526+00:00,True,10,10.0,,10.0,132136.065939,132723.45947499998,132723.459393,13272.3459393,55.773413999999995,132136.065939,41764.45478210602,72710.02797464999,65.26594844444445,8.351062689664458,0.07534463040336602,46,64,,True,True,,19,59.56268577710819
114,2026-09-21T07:58:34.064+00:00,2026-09-21T08:00:47.267+00:00,2026-09-21T08:00:49.113+00:00,True,30,30.0,,30.0,133203.49004099998,135049.884409,135049.88428799997,4501.6628095999995,43.611483,133203.49004099998,24307.89674814415,81.14267455000001,63.66877131034483,10.707160996101258,0.22214013829989432,46,64,,True,True,,171,59.56268577710819
115,2026-09-21T07:58:34.262+00:00,2026-09-21T08:00:48.294+00:00,2026-09-21T08:00:52.148+00:00,True,62,62.0,,62.0,134031.835917,137886.488589,137886.48855399998,2223.9756218387097,43.114563000000004,134031.835917,17014.03712996736,77.7570675,63.19102740983607,8.753523055548316,0.449645216398281,46,64,,True,True,,271,59.56268577710819
116,2026-09-21T07:58:34.609+00:00,2026-09-21T08:00:50.175+00:00,2026-09-21T08:00:50.247+00:00,True,2,2.0,,2.0,135566.17080000002,135637.75172800003,135637.75155600003,67818.87577800002,71.580756,135566.17080000002,95809.14343420368,128791.44129780002,71.580928,nan,0.014745157410236954,46,64,,True,True,,7,59.56268577710819
117,2026-09-21T07:58:34.890+00:00,2026-09-21T08:00:51.649+00:00,2026-09-21T08:00:55.611+00:00,True,64,64.0,,64.0,136759.567681,140721.905217,140721.905155,2198.779768046875,47.092514,136759.567681,17087.086640061734,77.30419499999999,62.89424660317461,9.24374441141229,0.4547977082978581,46,64,,True,True,,319,59.56268577710819
118,2026-09-21T07:58:35.100+00:00,2026-09-21T08:00:52.523+00:00,2026-09-21T08:00:55.262+00:00,True,44,44.0,,44.0,137423.303303,140162.51175099998,140162.511547,3185.5116260681816,49.864494,137423.303303,20707.74065943153,77.38276835,63.702522046511625,8.484270980963991,0.31392131498161513,46,64,,True,True,,308,59.56268577710819
119,2026-09-21T07:58:35.424+00:00,2026-09-21T08:00:54.369+00:00,2026-09-21T08:00:56.407+00:00,True,34,34.0,,34.0,138945.056718,140983.168462,140983.16855,4146.563780882353,48.175292999999996,138945.056718,23818.289831861566,75.60136849999999,61.76096193939394,7.385129273603552,0.24116354009425042,46,64,,True,True,,30,59.56268577710819
120,2026-09-21T07:58:35.772+00:00,2026-09-21T08:00:56.408+00:00,2026-09-21T08:01:01.391+00:00,True,79,79.0,,79.0,140636.667854,145619.160526,145619.160384,1843.2805111898733,39.675913,140636.667854,15815.677930089985,77.32518580000001,63.87811117948718,10.492657924922696,0.5425110247486609,46,64,,True,True,,245,59.56268577710819
121,2026-09-21T07:58:36.051+00:00,2026-09-21T08:00:57.797+00:00,2026-09-21T08:00:58.365+00:00,True,10,10.0,,10.0,141746.573728,142314.59855999998,142314.59848,14231.459847999999,51.368704,141746.573728,44804.24460249245,77994.93217014999,63.113870222222225,7.824478108698397,0.07026686018991923,46,64,,True,True,,20,59.56268577710819
122,2026-09-21T07:58:36.335+00:00,2026-09-21T08:00:59.276+00:00,2026-09-21T08:01:00.041+00:00,True,13,13.0,,13.0,142940.847098,143705.805818,143705.805885,11054.292760384615,41.448513,142940.847098,39626.97969850855,57224.93848879999,63.74656,12.639603137797412,0.09046259422854629,46,64,,True,True,,38,59.56268577710819
123,2026-09-21T07:58:36.587+00:00,2026-09-21T08:01:00.442+00:00,2026-09-21T08:01:03.474+00:00,True,48,48.0,,48.0,143854.98888800002,146886.26543200001,146886.265344,3060.1305280000006,43.831253,143854.98888800002,20754.372604429514,79.0088685,64.49524561702128,10.40215071911084,0.32678344608210674,46,64,,True,True,,144,59.56268577710819
124,2026-09-21T07:58:36.910+00:00,2026-09-21T08:01:01.941+00:00,2026-09-21T08:01:02.637+00:00,True,12,12.0,,12.0,145030.537947,145726.454747,145726.454898,12143.8712415,44.949783000000004,145030.537947,41848.44820547659,65305.1268509,63.26516363636363,10.627956474498673,0.0823460642121127,46,64,,True,True,,75,59.56268577710819
125,2026-09-21T07:58:37.262+00:00,2026-09-21T08:01:03.802+00:00,2026-09-21T08:01:04.435+00:00,True,12,12.0,,12.0,146540.111298,147173.23539400002,147173.23545500002,12264.436287916667,41.581203,146540.111298,42285.871967141364,65983.42985485001,57.556736,8.706148319534925,0.08153656449744134,46,64,,True,True,,10,59.56268577710819
126,2026-09-21T07:58:37.584+00:00,2026-09-21T08:01:05.717+00:00,2026-09-21T08:01:11.652+00:00,True,95,95.0,,95.0,148132.68472699999,154067.91391099998,154067.913668,1621.7675122947367,45.293924,148132.68472699999,15191.617935375014,80.766546,63.140736,10.007758140488383,0.6166111917039288,46,64,,True,True,,378,59.56268577710819
127,2026-09-21T07:58:37.872+00:00,2026-09-21T08:01:07.143+00:00,2026-09-21T08:01:12.168+00:00,True,80,80.0,,80.0,149271.098043,154296.462011,154296.462046,1928.705775575,41.948454,149271.098043,16681.90676752859,77.19714504999999,63.61220212658228,9.574735440074198,0.5184824004214478,46,64,,True,True,,390,59.56268577710819
128,2026-09-21T07:58:38.112+00:00,2026-09-21T08:01:08.881+00:00,2026-09-21T08:01:09.164+00:00,True,6,6.0,,6.0,150768.953987,151051.555459,151051.55551799998,25175.259252999997,46.794953,150768.953987,61528.09406349621,113094.45160899998,56.5202944,10.088581680965705,0.03972153733715495,46,64,,True,True,,48,59.56268577710819
129,2026-09-21T07:58:38.356+00:00,2026-09-21T08:01:10.035+00:00,2026-09-21T08:01:13.259+00:00,True,51,51.0,,51.0,151678.944237,154902.996461,154902.99625599998,3037.313652078431,47.107793,151678.944237,21230.27406279033,79.7818555,64.48104448,10.888375135527866,0.32923830503718043,46,64,,True,True,,331,59.56268577710819
130,2026-09-21T07:58:38.693+00:00,2026-09-21T08:01:12.294+00:00,2026-09-21T08:01:14.377+00:00,True,33,33.0,,33.0,153600.33812,155683.304392,155683.304325,4717.675888636363,51.384234,153600.33812,26727.05776530771,91.2397766,65.092696,10.853764095721548,0.21196877936832736,46,64,,True,True,,38,59.56268577710819
131,2026-09-21T07:58:38.962+00:00,2026-09-21T08:01:13.312+00:00,2026-09-21T08:01:17.542+00:00,True,67,67.0,,67.0,154350.154607,158579.609455,158579.609421,2366.8598421044776,43.253482000000005,154350.154607,18849.0458215267,77.9913597,64.08264921212121,9.047447208840197,0.4225007252209972,46,64,,True,True,,593,59.56268577710819
132,2026-09-21T07:58:39.214+00:00,2026-09-21T08:01:14.814+00:00,2026-09-21T08:01:19.635+00:00,True,77,77.0,,77.0,155600.20801300002,160420.62938900004,160420.62937100002,2083.3847970259744,42.586983000000004,155600.20801300002,17725.064540908155,79.486358,63.42659705263158,10.838326650459791,0.4799881430042554,46,64,,True,True,,156,59.56268577710819
133,2026-09-21T07:58:39.529+00:00,2026-09-21T08:01:16.530+00:00,2026-09-21T08:01:22.135+00:00,True,90,90.0,,90.0,157000.65778799998,162605.724284,162605.72418,1806.7302686666665,44.334343000000004,157000.65778799998,16542.686940209598,76.64998800000001,62.97827523595506,10.032573868658664,0.553486049745764,46,64,,True,True,,159,59.56268577710819
134,2026-09-21T07:58:39.773+00:00,2026-09-21T08:01:17.660+00:00,2026-09-21T08:01:23.826+00:00,True,98,98.0,,98.0,157886.59375600002,164052.17558,164052.17571500002,1674.0017930102042,43.621093,157886.59375600002,15942.536908144551,77.52989115,63.56269921649484,10.259615999080971,0.5973709257650797,46,64,,True,True,,196,59.56268577710819
135,2026-09-21T07:58:40.012+00:00,2026-09-21T08:01:19.086+00:00,2026-09-21T08:01:25.134+00:00,True,97,97.0,,97.0,159074.159967,165121.598303,165121.59845100003,1702.284520113402,44.623663,159074.159967,16145.140312178624,77.019701,62.99414933333333,9.15695336464209,0.5874458641201128,46,64,,True,True,,294,59.56268577710819
136,2026-09-21T07:58:40.277+00:00,2026-09-21T08:01:20.562+00:00,2026-09-21T08:01:22.810+00:00,True,37,37.0,,37.0,160284.98636,162533.58181600002,162533.58177000002,4392.799507297297,41.648162,160284.98636,26340.422911398284,75.8620182,62.46098488888889,10.399849526024878,0.22764526313021716,46,64,,True,True,,117,59.56268577710819
137,2026-09-21T07:58:40.513+00:00,2026-09-21T08:01:21.708+00:00,2026-09-21T08:01:26.407+00:00,True,75,75.0,,75.0,161194.61549,165893.553602,165893.553788,2211.9140505066666,45.792062,161194.61549,18605.820943967403,77.704598,63.499163675675675,9.24758701171134,0.4520971332010565,46,64,,True,True,,663,59.56268577710819
138,2026-09-21T07:58:40.713+00:00,2026-09-21T08:01:22.812+00:00,2026-09-21T08:01:26.539+00:00,True,59,59.0,,59.0,162098.699555,165826.268195,165826.268165,2810.614714661017,44.374472000000004,162098.699555,21095.08806243261,78.5306298,64.2684248275862,9.107496548621448,0.35579405266854436,46,64,,True,True,,177,59.56268577710819
139,2026-09-21T07:58:40.993+00:00,2026-09-21T08:01:24.031+00:00,2026-09-21T08:01:27.809+00:00,True,62,62.0,,62.0,163038.0275,166815.99281199998,166815.992735,2690.580527983871,44.981223,163038.0275,20697.986520345414,77.133031,61.933857573770496,9.011604685152415,0.37166700239510847,46,64,,True,True,,146,59.56268577710819
140,2026-09-21T07:58:41.301+00:00,2026-09-21T08:01:25.667+00:00,2026-09-21T08:01:28.319+00:00,True,44,44.0,,44.0,164366.032267,167017.985675,167017.98569200002,3795.863311181818,43.090892999999994,164366.032267,24769.815967103736,77.12860819999997,61.67333506976745,9.755473856359133,0.2634446812549848,46,64,,True,True,,78,59.56268577710819
141,2026-09-21T07:58:41.546+00:00,2026-09-21T08:01:26.893+00:00,2026-09-21T08:01:31.220+00:00,True,70,70.0,,70.0,165346.96834700002,169673.543707,169673.54362100002,2423.907766014286,41.747222,165346.96834700002,19755.25024350326,75.233598,62.70399072463768,9.176095471284416,0.4125569518420573,46,64,,True,True,,379,59.56268577710819
142,2026-09-21T07:58:41.784+00:00,2026-09-21T08:01:28.115+00:00,2026-09-21T08:01:28.246+00:00,True,3,3.0,,3.0,166331.212379,166462.035291,166462.035446,55487.34514866667,58.243653,166331.212379,95993.60514279237,149705.3490825,65.411456,10.136901795754362,0.018022127356280133,46,64,,True,True,,16,59.56268577710819
143,2026-09-21T07:58:42.139+00:00,2026-09-21T08:01:29.691+00:00,2026-09-21T08:01:33.808+00:00,True,67,67.0,,67.0,167552.314657,171669.353249,171669.35327000002,2562.229153283582,43.628872,167552.314657,20462.1537361431,74.707464,62.379372606060606,7.64690367949955,0.39028515417553294,46,64,,True,True,,227,59.56268577710819
144,2026-09-21T07:58:42.397+00:00,2026-09-21T08:01:30.990+00:00,2026-09-21T08:01:37.129+00:00,True,99,99.0,,99.0,168593.92262,174732.39942,174732.399472,1764.973732040404,43.799752999999995,168593.92262,16938.034038956404,76.8580041,62.63751836734694,9.398463855677681,0.5665806703771984,46,64,,True,True,,198,59.56268577710819
145,2026-09-21T07:58:42.718+00:00,2026-09-21T08:01:32.852+00:00,2026-09-21T08:01:36.126+00:00,True,52,52.0,,52.0,170133.51329899998,173408.07688299997,173408.07696399998,3334.7707108461536,44.631963000000006,170133.51329899998,23584.3711336525,77.17095005,64.20712909803922,9.196269584522527,0.29987069192333454,46,64,,True,True,,206,59.56268577710819
146,2026-09-21T07:58:43.507+00:00,2026-09-21T08:01:33.626+00:00,2026-09-21T08:01:36.020+00:00,True,38,38.0,,38.0,170119.015518,172513.237598,172513.237687,4539.822044394737,45.54980200000001,170119.015518,27586.452882365706,75.8901855,64.70870486486487,9.411753003688437,0.220272951392575,46,64,,True,True,,44,59.56268577710819
147,2026-09-21T07:58:43.554+00:00,2026-09-21T08:01:34.980+00:00,2026-09-21T08:01:39.545+00:00,True,72,72.0,,72.0,171425.824326,175991.325766,175991.325953,2444.3239715694444,43.648722,171425.824326,20195.151132702355,76.37217000000001,64.30283718309859,9.391955971603696,0.4091110723021201,46,64,,True,True,,288,59.56268577710819
148,2026-09-21T07:58:43.615+00:00,2026-09-21T08:01:36.323+00:00,2026-09-21T08:01:37.744+00:00,True,23,23.0,,23.0,172707.849891,174128.727203,174128.727158,7570.814224260869,41.409732000000005,172707.849891,35998.61040143737,78.61203179999998,64.58533236363637,9.712482587265438,0.13208618916272502,46,64,,True,True,,203,59.56268577710819
149,2026-09-21T07:58:43.868+00:00,2026-09-21T08:01:38.734+00:00,2026-09-21T08:01:44.882+00:00,True,99,99.0,,99.0,174865.20359599998,181013.66695599997,181013.667058,1828.420879373737,41.363921999999995,174865.20359599998,17568.311428259163,77.41804210000001,62.73942204081633,9.896234857072415,0.5469200291051199,46,64,,True,True,,200,59.56268577710819
150,2026-09-21T07:58:44.161+00:00,2026-09-21T08:01:39.992+00:00,2026-09-21T08:01:40.341+00:00,True,7,7.0,,7.0,175830.669024,176180.436448,176180.436513,25168.63378757143,55.169443,175830.669024,66435.7129504412,123100.89636900001,58.294570666666665,3.4513178135724716,0.03973199375099779,46,64,,True,True,,62,59.56268577710819
151,2026-09-21T07:58:44.409+00:00,2026-09-21T08:01:41.108+00:00,2026-09-21T08:01:42.500+00:00,True,24,24.0,,24.0,176698.66666800002,178090.88222000003,178090.882263,7420.453427625001,45.718983,176698.66666800002,36056.109487001886,76.49931980000001,60.531110956521744,8.903247700472715,0.13476265433034473,46,64,,True,True,,48,59.56268577710819
152,2026-09-21T07:58:44.681+00:00,2026-09-21T08:01:42.636+00:00,2026-09-21T08:01:47.306+00:00,True,76,76.0,,76.0,177954.873853,182624.34329299998,182624.343116,2402.9518831052633,42.985991,177954.873853,20405.684625532896,75.7290885,62.25959253333333,9.753495358538249,0.4161548161083139,46,64,,True,True,,380,59.56268577710819
153,2026-09-21T07:58:44.926+00:00,2026-09-21T08:01:43.745+00:00,2026-09-21T08:01:48.713+00:00,True,80,80.0,,80.0,178818.315457,183786.681281,183786.68117499998,2297.3335146874997,44.448401,178818.315457,19985.466059064027,75.0891715,62.89070663291139,9.00823030205812,0.4352872549980065,46,64,,True,True,,81,59.56268577710819
154,2026-09-21T07:58:45.163+00:00,2026-09-21T08:01:44.880+00:00,2026-09-21T08:01:44.937+00:00,True,2,2.0,,2.0,179716.501414,179773.75197399998,179773.751977,89886.8759885,57.250563,179716.501414,127038.2745796371,170733.53887145,57.25056,nan,0.01112509461497612,46,64,,True,True,,6,59.56268577710819
155,2026-09-21T07:58:45.424+00:00,2026-09-21T08:01:46.387+00:00,2026-09-21T08:01:50.911+00:00,True,72,72.0,,72.0,180962.095508,185487.06498,185487.065112,2576.2092376666665,46.935472999999995,180962.095508,21319.07816188466,76.698364,63.731964394366194,8.233642652863015,0.38816722884565213,46,64,,True,True,,360,59.56268577710819
156,2026-09-21T07:58:45.639+00:00,2026-09-21T08:01:47.433+00:00,2026-09-21T08:01:48.772+00:00,True,22,22.0,,22.0,181794.040312,183132.827384,183132.827405,8324.2194275,46.153283,181794.040312,38745.028452174614,74.87331895,63.75176533333334,7.815524645670752,0.12013138394827241,46,64,,True,True,,242,59.56268577710819
157,2026-09-21T07:58:45.870+00:00,2026-09-21T08:01:48.639+00:00,2026-09-21T08:01:51.271+00:00,True,42,42.0,,42.0,182768.73726300002,185400.774639,185400.774726,4414.304160142858,47.720963000000005,182768.73726300002,28191.924366653093,78.31933950000001,64.19603356097561,9.622062981936997,0.22653627031375456,46,64,,True,True,,126,59.56268577710819
158,2026-09-21T07:58:46.130+00:00,2026-09-21T08:01:50.128+00:00,2026-09-21T08:01:56.216+00:00,True,96,96.0,,96.0,183997.555267,190085.667395,190085.66733599998,1980.05903475,43.538752,183997.555267,18772.63361626806,77.77062600000001,64.08539082105263,9.655980601167277,0.5050354469940703,46,64,,True,True,,864,59.56268577710819
159,2026-09-21T07:58:46.496+00:00,2026-09-21T08:01:51.613+00:00,2026-09-21T08:01:51.879+00:00,True,5,5.0,,5.0,185116.333829,185382.29094900002,185382.291084,37076.458216800005,61.116923,185116.333829,82756.80637151052,148106.856222,66.48928,3.612546799795771,0.02697129253503257,46,64,,True,True,,15,59.56268577710819
160,2026-09-21T07:58:46.782+00:00,2026-09-21T08:01:53.141+00:00,2026-09-21T08:01:56.470+00:00,True,53,53.0,,53.0,186359.833463,189688.706423,189688.706323,3579.0321947735847,48.486591999999995,186359.833463,25589.69975367027,76.6508058,64.0167876923077,8.279357834931652,0.27940514224295265,46,64,,True,True,,212,59.56268577710819
161,2026-09-21T07:58:47.113+00:00,2026-09-21T08:01:54.742+00:00,2026-09-21T08:01:59.596+00:00,True,77,77.0,,77.0,187629.240044,192482.862572,192482.862528,2499.7774354285716,44.697512,187629.240044,21375.06021772156,77.43526879999999,63.863454315789475,8.775347703614408,0.4000356134105052,46,64,,True,True,,78,59.56268577710819
162,2026-09-21T07:58:47.390+00:00,2026-09-21T08:01:56.110+00:00,2026-09-21T08:02:01.030+00:00,True,79,79.0,,79.0,188720.45580899998,193640.64115299998,193640.64122499997,2451.1473572784807,39.471252,188720.45580899998,21225.61508631436,76.35983110000001,63.07929928205128,9.070572725339808,0.4079722083629142,46,64,,True,True,,237,59.56268577710819
163,2026-09-21T07:58:47.734+00:00,2026-09-21T08:01:58.225+00:00,2026-09-21T08:02:01.583+00:00,True,54,54.0,,54.0,190490.935679,193848.756095,193848.75603999998,3589.791778518518,46.460153,190490.935679,25913.9132320128,78.28663665,63.35510218867925,9.812285339766598,0.27856768899531176,46,64,,True,True,,395,59.56268577710819
164,2026-09-21T07:58:47.941+00:00,2026-09-21T08:01:59.031+00:00,2026-09-21T08:02:03.547+00:00,True,74,74.0,,74.0,191090.16000099998,195605.786497,195605.78666399998,2643.321441405405,44.136083,191090.16000099998,22206.590681422218,74.61505085,61.85789720547945,8.564382504616992,0.3783119166627258,46,64,,True,True,,329,59.56268577710819
165,2026-09-21T07:58:48.270+00:00,2026-09-21T08:02:00.922+00:00,2026-09-21T08:02:03.808+00:00,True,48,48.0,,48.0,192652.697768,195538.17412,195538.17422500002,4073.7119630208335,46.239683,192652.697768,27798.16170923843,76.026456,61.39311387234043,8.636750721144628,0.2454763639684128,46,64,,True,True,,240,59.56268577710819
166,2026-09-21T07:58:48.555+00:00,2026-09-21T08:02:02.793+00:00,2026-09-21T08:02:07.688+00:00,True,79,79.0,,79.0,194237.75083,199132.032558,199132.03246400002,2520.65863878481,48.495173,194237.75083,21846.39612172188,76.37039410000001,62.74720164102564,7.863668285489341,0.3967217076287821,46,64,,True,True,,251,59.56268577710819
167,2026-09-21T07:58:48.898+00:00,2026-09-21T08:02:04.613+00:00,2026-09-21T08:02:05.349+00:00,True,12,12.0,,12.0,195714.647443,196450.896787,196450.896893,16370.908074416666,53.754013,195714.647443,56478.63131455693,88114.61536555,66.93175854545454,9.048651471969116,0.06108396650899937,46,64,,True,True,,12,59.56268577710819
168,2026-09-21T07:58:49.211+00:00,2026-09-21T08:02:06.145+00:00,2026-09-21T08:02:07.360+00:00,True,21,21.0,,21.0,196934.786203,198149.20079499998,198149.200718,9435.676224666666,44.212243,196934.786203,42961.44389056125,73.960963,60.7207296,7.841967599424968,0.10598074539662693,46,64,,True,True,,63,59.56268577710819
169,2026-09-21T07:58:49.537+00:00,2026-09-21T08:02:08.098+00:00,2026-09-21T08:02:09.862+00:00,True,29,29.0,,29.0,198560.204484,200324.434372,200324.43433,6907.739114827586,42.652222,198560.204484,36860.00483951415,75.64903399999999,63.008210285714284,8.061148644692851,0.1447651660213719,46,64,,True,True,,206,59.56268577710819
170,2026-09-21T07:58:49.866+00:00,2026-09-21T08:02:09.630+00:00,2026-09-21T08:02:13.126+00:00,True,57,57.0,,57.0,199763.392853,203259.383637,203259.383723,3565.9541004035086,43.425112,199763.392853,26451.040423033202,77.7124988,62.42840685714286,9.014474180041823,0.28042985755479827,46,64,,True,True,,363,59.56268577710819
171,2026-09-21T07:58:50.072+00:00,2026-09-21T08:02:10.923+00:00,2026-09-21T08:02:17.164+00:00,True,99,99.0,,99.0,200851.433212,207091.955452,207091.95553,2091.837934646465,43.589142,200851.433212,20179.930702228303,76.00813889999999,63.67879836734694,9.252827589868856,0.47804850644208785,46,64,,True,True,,104,59.56268577710819
172,2026-09-21T07:58:50.366+00:00,2026-09-21T08:02:12.580+00:00,2026-09-21T08:02:16.139+00:00,True,57,57.0,,57.0,202213.67883199998,205772.91083199997,205772.91090499997,3610.0510685087716,42.865643,202213.67883199998,26775.439882393097,78.475713,63.55771428571428,11.056562962974558,0.27700439173228564,46,64,,True,True,,285,59.56268577710819
173,2026-09-21T07:58:50.639+00:00,2026-09-21T08:02:14.043+00:00,2026-09-21T08:02:19.928+00:00,True,94,94.0,,94.0,203404.455252,209289.34306,209289.34290000002,2226.482371276596,45.837402000000004,203404.455252,20973.043051109653,77.08685485,63.27836352688172,9.30674353226575,0.44913897012449244,46,64,,True,True,,188,59.56268577710819
174,2026-09-21T07:58:50.947+00:00,2026-09-21T08:02:16.068+00:00,2026-09-21T08:02:17.163+00:00,True,18,18.0,,18.0,205121.7054,206216.567736,206216.567749,11456.475986055555,49.189572999999996,205121.7054,48332.47034176449,30835.439743700004,64.40366682352942,9.136912401312356,0.08728687611096182,46,64,,True,True,,36,59.56268577710819
175,2026-09-21T07:58:51.197+00:00,2026-09-21T08:02:17.216+00:00,2026-09-21T08:02:21.353+00:00,True,66,66.0,,66.0,206019.399986,210156.331314,210156.33125000002,3184.186837121212,44.872353000000004,206019.399986,25351.402707433757,78.04871150000001,63.645097353846154,9.526257821904629,0.31405192309618163,46,64,,True,True,,136,59.56268577710819
176,2026-09-21T07:58:51.496+00:00,2026-09-21T08:02:18.795+00:00,2026-09-21T08:02:20.116+00:00,True,22,22.0,,22.0,207298.85522,208620.713268,208620.71322099998,9482.759691863635,47.250563,207298.85522,44182.84536575348,84.75886649999998,62.945621333333335,9.556157233388522,0.10545453351862615,46,64,,True,True,,91,59.56268577710819
177,2026-09-21T07:58:51.782+00:00,2026-09-21T08:02:20.235+00:00,2026-09-21T08:02:22.948+00:00,True,44,44.0,,44.0,208452.916088,211165.083256,211165.083405,4799.206441022728,44.009342,208452.916088,31415.95208064826,79.42802199999998,63.07365506976745,9.098969615395731,0.2083677818394713,46,64,,True,True,,44,59.56268577710819
178,2026-09-21T07:58:52.012+00:00,2026-09-21T08:02:21.552+00:00,2026-09-21T08:02:26.166+00:00,True,76,76.0,,76.0,209540.456076,214153.896844,214153.896786,2817.814431394737,43.870062,209540.456076,24028.884835922698,77.253489,61.51254357333333,10.005596978938117,0.3548849734700931,46,64,,True,True,,152,59.56268577710819
179,2026-09-21T07:58:52.359+00:00,2026-09-21T08:02:23.366+00:00,2026-09-21T08:02:26.510+00:00,True,51,51.0,,51.0,211006.689968,214150.513328,214150.513358,4199.029673686275,42.042152,211006.689968,29538.043866009037,78.474704,62.8764672,10.348978829735795,0.23815025800048734,46,64,,True,True,,103,59.56268577710819
180,2026-09-21T07:58:52.584+00:00,2026-09-21T08:02:24.548+00:00,2026-09-21T08:02:25.547+00:00,True,17,17.0,,17.0,211964.567368,212963.14836,212963.14826299998,12527.244015470587,42.714782,211964.567368,51393.82305379273,42455.5204216,62.411312,11.406757640769031,0.07982601746318398,46,64,,True,True,,17,59.56268577710819
181,2026-09-21T07:58:53.638+00:00,2026-09-21T08:02:27.158+00:00,2026-09-21T08:02:33.319+00:00,True,99,99.0,,99.0,213519.467072,219680.336448,219680.336358,2218.9932965454545,40.997582,213519.467072,21453.197610979798,76.72410900000001,62.86601404081633,9.341124658248967,0.4506548087130869,46,64,,True,True,,297,59.56268577710819
183,2026-09-21T07:58:53.715+00:00,2026-09-21T08:02:29.156+00:00,2026-09-21T08:02:31.880+00:00,True,44,44.0,,44.0,215440.877654,218165.77237400002,218165.77237000002,4958.313008409091,42.212283000000006,215440.877654,32469.382604921564,78.48764985000001,63.36964465116279,10.278538086307536,0.2016814989867939,46,64,,True,True,,132,59.56268577710819
184,2026-09-21T07:58:53.842+00:00,2026-09-21T08:02:29.889+00:00,2026-09-21T08:02:34.449+00:00,True,73,73.0,,73.0,216046.657797,220606.718213,220606.71821599998,3022.009838575342,42.382482,216046.657797,25278.937717261222,75.72517459999999,63.33417244444445,9.458680694222265,0.3309056070065695,46,64,,True,True,,149,59.56268577710819
182,2026-09-21T07:58:53.674+00:00,2026-09-21T08:02:30.233+00:00,2026-09-21T08:02:31.447+00:00,True,20,20.0,,20.0,216559.576726,217772.986518,217772.986569,10888.64932845,47.069860999999996,216559.576726,48409.91412363762,10903.0699162,63.8636732631579,10.119017865847393,0.09183875520918616,46,64,,True,True,,100,59.56268577710819
185,2026-09-21T07:58:54.182+00:00,2026-09-21T08:02:32.860+00:00,2026-09-21T08:02:33.318+00:00,True,8,8.0,,8.0,218678.187615,219136.009311,219136.009401,27392.001175125,47.867830999999995,218678.187615,77291.29197150274,142167.68862245,65.40309942857142,11.887225594350586,0.036507007794626394,46,64,,True,True,,25,59.56268577710819
186,2026-09-21T07:58:54.445+00:00,2026-09-21T08:02:34.314+00:00,2026-09-21T08:02:34.450+00:00,True,3,3.0,,3.0,219869.117539,220005.723747,220005.723833,73335.24127766666,59.036862,219869.117539,126902.05969562846,197889.96272830002,68.303104,13.104351770536077,0.013636008867887047,46,64,,True,True,,19,59.56268577710819
187,2026-09-21T07:58:54.649+00:00,2026-09-21T08:02:35.619+00:00,2026-09-21T08:02:40.003+00:00,True,70,70.0,,70.0,220970.106664,225354.32861599998,225354.32870699998,3219.347552957143,44.187271,220970.106664,26403.38665192213,77.33347210000001,63.53944857971015,9.654453600425436,0.3106219455818789,46,64,,True,True,,420,59.56268577710819
188,2026-09-21T07:58:55.001+00:00,2026-09-21T08:02:37.182+00:00,2026-09-21T08:02:42.754+00:00,True,89,89.0,,89.0,222180.852081,227752.63576099998,227752.635847,2559.0183803033706,41.648421,222180.852081,23544.4136916554,76.6173586,63.315723636363636,9.579476653584186,0.3907748408821718,46,64,,True,True,,356,59.56268577710819
189,2026-09-21T07:58:55.362+00:00,2026-09-21T08:02:38.744+00:00,2026-09-21T08:02:43.377+00:00,True,74,74.0,,74.0,223381.606569,228015.399337,228015.399302,3081.2891797567568,43.606781000000005,223381.606569,25960.20717217605,78.3882885,63.47661326027397,9.937811273512244,0.32453948380315395,46,64,,True,True,,222,59.56268577710819
190,2026-09-21T07:58:55.713+00:00,2026-09-21T08:02:40.497+00:00,2026-09-21T08:02:41.983+00:00,True,24,24.0,,24.0,224784.25653400001,226270.72079000002,226270.720696,9427.946695666667,45.480283,224784.25653400001,45870.703100316096,82.3605845,64.62888069565217,10.673985774297751,0.10606763401029778,46,64,,True,True,,84,59.56268577710819
191,2026-09-21T07:58:56.042+00:00,2026-09-21T08:02:42.110+00:00,2026-09-21T08:02:47.274+00:00,True,82,82.0,,82.0,226067.524536,231232.21343200002,231232.213347,2819.9050408170733,45.117922,226067.524536,24957.9423392562,77.20779295,63.761591308641975,9.795415750278632,0.3546218702962608,46,64,,True,True,,362,59.56268577710819
192,2026-09-21T07:58:56.408+00:00,2026-09-21T08:02:44.169+00:00,2026-09-21T08:02:44.536+00:00,True,7,7.0,,7.0,227761.26512999999,228128.51940199998,228128.519323,32589.788474714285,54.391622000000005,227761.26512999999,86062.53192646005,159454.7671179,61.209045333333336,6.7297982796898355,0.030684458121892463,46,64,,True,True,,67,59.56268577710819
193,2026-09-21T07:58:56.628+00:00,2026-09-21T08:02:45.536+00:00,2026-09-21T08:02:47.952+00:00,True,39,39.0,,39.0,228908.12135499998,231324.47207499997,231324.47202999998,5931.396718717948,44.007321000000005,228908.12135499998,36644.45386710889,76.26814110000001,63.58817684210526,9.741315946231346,0.16859435428585104,46,64,,True,True,,156,59.56268577710819
194,2026-09-21T07:58:56.931+00:00,2026-09-21T08:02:47.126+00:00,2026-09-21T08:02:51.798+00:00,True,76,76.0,,76.0,230195.36303,234866.661846,234866.661693,3090.35081175,44.725042,230195.36303,26398.07627558601,77.1886455,62.28398421333333,9.443918045204203,0.3235878579048078,46,64,,True,True,,152,59.56268577710819
195,2026-09-21T07:58:57.166+00:00,2026-09-21T08:02:48.220+00:00,2026-09-21T08:02:48.546+00:00,True,6,6.0,,6.0,231053.631693,231380.156621,231380.15679500002,38563.35946583333,53.491213,231053.631693,94300.58996027078,173309.6794005,65.3049856,10.62736736008899,0.025931350758950266,46,64,,True,True,,13,59.56268577710819
196,2026-09-21T07:58:57.365+00:00,2026-09-21T08:02:49.202+00:00,2026-09-21T08:02:54.664+00:00,True,88,88.0,,88.0,231836.28035699998,237298.56694899997,237298.56691999998,2696.574624090909,42.156681,231836.28035699998,24707.13932483418,77.182112,62.78490335632184,9.20038910879689,0.3708408404291497,46,64,,True,True,,5,59.56268577710819
197,2026-09-21T07:58:57.640+00:00,2026-09-21T08:02:50.593+00:00,2026-09-21T08:02:54.161+00:00,True,58,58.0,,58.0,232953.009247,236520.60271900002,236520.602852,4077.941428482759,41.759771,232953.009247,30580.01160672537,78.521214,62.58935915789474,9.079877731696067,0.24522176644758223,46,64,,True,True,,68,59.56268577710819
198,2026-09-21T07:58:57.937+00:00,2026-09-21T08:02:52.594+00:00,2026-09-21T08:02:57.316+00:00,True,76,76.0,,76.0,234657.224178,239379.442162,239379.441972,3149.729499631579,42.157323,234657.224178,26909.809204410452,77.24428975,62.96290645333333,10.176037527075964,0.31748758086154705,46,64,,True,True,,152,59.56268577710819
199,2026-09-21T07:58:58.279+00:00,2026-09-21T08:02:54.155+00:00,2026-09-21T08:02:59.900+00:00,True,93,93.0,,93.0,235876.60078600002,241621.59765,241621.59768700003,2598.08169555914,41.825472000000005,235876.60078600002,24452.79038498353,76.317909,62.44561808695652,8.896377460803611,0.38489936704546907,46,64,,True,True,,280,59.56268577710819
200,2026-09-21T07:58:58.551+00:00,2026-09-21T08:02:55.469+00:00,2026-09-21T08:03:01.278+00:00,True,93,93.0,,93.0,236917.964314,242726.64117800002,242726.64122700001,2609.9638841612905,41.607391,236917.964314,24560.702953257012,76.19340100000001,63.137792,8.848503978299707,0.3831470643216284,46,64,,True,True,,279,59.56268577710819
201,2026-09-21T07:58:58.763+00:00,2026-09-21T08:02:56.508+00:00,2026-09-21T08:03:02.217+00:00,True,92,92.0,,92.0,237744.98448800002,243454.23044,243454.230428,2646.2416350869566,44.998161999999994,237744.98448800002,24780.088662545768,77.05569449999999,62.7389665054945,8.909854373133298,0.3778944396806186,46,64,,True,True,,95,59.56268577710819
202,2026-09-21T07:58:59.004+00:00,2026-09-21T08:02:58.068+00:00,2026-09-21T08:02:59.733+00:00,True,28,28.0,,28.0,239064.07193799998,240728.85069,240728.850586,8597.4589495,45.358472,239064.07193799998,45167.211563125595,76.55724735,61.658472296296296,9.368645783039637,0.11631343696338735,46,64,,True,True,,112,59.56268577710819
203,2026-09-21T07:58:59.202+00:00,2026-09-21T08:02:59.126+00:00,2026-09-21T08:02:59.505+00:00,True,7,7.0,,7.0,239923.731784,240302.58004,240302.580167,34328.94002385714,49.918791,239923.731784,90658.78221186694,167969.2483177,63.141376,11.14259832780186,0.029129941088584244,46,64,,True,True,,41,59.56268577710819
204,2026-09-21T07:58:59.462+00:00,2026-09-21T08:03:00.231+00:00,2026-09-21T08:03:05.789+00:00,True,88,88.0,,88.0,240769.298766,246327.33140599998,246327.33122,2799.174218409091,41.486861,240769.298766,25659.28507554857,79.233815,63.88543264367816,9.663190411121624,0.3572482172307434,46,64,,True,True,,351,59.56268577710819
205,2026-09-21T07:58:59.774+00:00,2026-09-21T08:03:02.045+00:00,2026-09-21T08:03:06.393+00:00,True,68,68.0,,68.0,242271.004407,246618.726135,246618.72606,3626.7459714705883,46.455302,242271.004407,29371.80690410936,78.39391885,64.89136907462687,9.128414762620661,0.27572926462517106,46,64,,True,True,,136,59.56268577710819
206,2026-09-21T07:59:00.123+00:00,2026-09-21T08:03:03.769+00:00,2026-09-21T08:03:04.252+00:00,True,8,8.0,,8.0,243646.411641,244128.95628100002,244128.95609800002,30516.119512250003,54.769511,243646.411641,86117.64331752638,158398.38056685,68.93494857142856,10.527362183709885,0.03276956622381063,46,64,,True,True,,8,59.56268577710819
207,2026-09-21T07:59:00.348+00:00,2026-09-21T08:03:04.811+00:00,2026-09-21T08:03:05.397+00:00,True,10,10.0,,10.0,244463.511474,245049.518514,245049.518675,24504.9518675,46.008741,244463.511474,77285.560680938,134491.20824205,65.11189333333334,11.564713733911791,0.04080807854935119,46,64,,True,True,,20,59.56268577710819
208,2026-09-21T07:59:00.678+00:00,2026-09-21T08:03:06.609+00:00,2026-09-21T08:03:07.882+00:00,True,21,21.0,,21.0,245931.331273,247204.69703299997,247204.697108,11771.652243238095,47.086582,245931.331273,53652.723364284175,79.944893,63.668288,8.707523616530489,0.0849498421836081,46,64,,True,True,,231,59.56268577710819
209,2026-09-21T07:59:00.896+00:00,2026-09-21T08:03:07.957+00:00,2026-09-21T08:03:08.711+00:00,True,13,13.0,,13.0,247060.781028,247814.77962,247814.779514,19062.67534723077,46.725622,247060.781028,68504.90586123422,98871.482613,62.833216,10.931480233904214,0.05245853382891143,46,64,,True,True,,45,59.56268577710819
211,2026-09-21T07:59:01.355+00:00,2026-09-21T08:03:09.287+00:00,2026-09-21T08:03:10.303+00:00,True,17,17.0,,17.0,247931.52463600002,248947.48751600002,248947.48754200002,14643.969855411766,44.820921000000006,247931.52463600002,60116.82749561868,49647.3216248,63.49768,9.142340352537193,0.06828749375872853,46,64,,True,True,,51,59.56268577710819
212,2026-09-21T07:59:01.661+00:00,2026-09-21T08:03:10.756+00:00,2026-09-21T08:03:15.097+00:00,True,69,69.0,,69.0,249094.878257,253436.507697,253436.507799,3672.992866652174,42.125621,249094.878257,29979.814591461392,78.1497084,63.84749176470588,9.580052085524489,0.2722575394800422,46,64,,True,True,,138,59.56268577710819
213,2026-09-21T07:59:01.945+00:00,2026-09-21T08:03:12.175+00:00,2026-09-21T08:03:15.655+00:00,True,55,55.0,,55.0,250230.10233700002,253710.336321,253710.336138,4612.915202509092,43.629311,250230.10233700002,33732.33107318008,79.1320327,64.44877748148149,9.188056429331594,0.21678265378361553,46,64,,True,True,,110,59.56268577710819
210,2026-09-21T07:59:01.106+00:00,2026-09-21T08:03:13.634+00:00,2026-09-21T08:03:16.140+00:00,True,40,40.0,,40.0,252527.72827599998,255033.707668,255033.70763199998,6375.842690799999,45.602000999999994,252527.72827599998,39917.98094007569,77.42646395000001,64.25588184615384,9.060498694319476,0.15684201263337139,46,64,,True,True,,80,59.56268577710819
214,2026-09-21T07:59:02.175+00:00,2026-09-21T08:03:14.035+00:00,2026-09-21T08:03:17.611+00:00,True,58,58.0,,58.0,251859.744438,255436.09438999998,255436.09415299998,4404.070588844827,40.665062,251859.744438,33062.56735415511,76.3315255,62.74298161403509,9.309285283295532,0.2270626637104996,46,64,,True,True,,116,59.56268577710819
215,2026-09-21T07:59:02.421+00:00,2026-09-21T08:03:15.658+00:00,2026-09-21T08:03:19.478+00:00,True,63,63.0,,63.0,253236.825449,257056.582505,257056.582474,4080.263213873016,43.182561,253236.825449,31897.080574739426,78.330911,61.608984774193544,9.811643130278226,0.24508222814630545,46,64,,True,True,,682,59.56268577710819
216,2026-09-21T07:59:02.770+00:00,2026-09-21T08:03:17.608+00:00,2026-09-21T08:03:18.585+00:00,True,17,17.0,,17.0,254838.26306099998,255814.86722099996,255814.86719599998,15047.933364470588,45.062812,254838.26306099998,61792.55401942844,51028.5297506,61.03776,7.578115995692931,0.0664543080888008,46,64,,True,True,,47,59.56268577710819
217,2026-09-21T07:59:02.976+00:00,2026-09-21T08:03:18.799+00:00,2026-09-21T08:03:22.847+00:00,True,64,64.0,,64.0,255822.723563,259871.320555,259871.320664,4060.489385375,44.766762,255822.723563,31969.809403007188,77.77658835,64.26344431746033,11.076563904189696,0.24627573317177504,46,64,,True,True,,188,59.56268577710819
218,2026-09-21T07:59:03.240+00:00,2026-09-21T08:03:20.377+00:00,2026-09-21T08:03:25.570+00:00,True,82,82.0,,82.0,257136.94096,262329.86128,262329.86144300003,3199.1446517439026,44.413582000000005,257136.94096,28388.946833045306,77.0746065,64.1101274074074,10.206388820640514,0.31258355263061954,46,64,,True,True,,656,59.56268577710819
219,2026-09-21T07:59:03.579+00:00,2026-09-21T08:03:22.116+00:00,2026-09-21T08:03:26.815+00:00,True,75,75.0,,75.0,258537.740926,263236.376446,263236.376431,3509.8183524133333,39.917591,258537.740926,29846.036754379937,79.7551397,63.4950745945946,10.052959909006796,0.2849150296497316,46,64,,True,True,,300,59.56268577710819
220,2026-09-21T07:59:03.781+00:00,2026-09-21T08:03:22.961+00:00,2026-09-21T08:03:29.041+00:00,True,97,97.0,,97.0,259179.710074,265260.38361,265260.383507,2734.6431289381444,42.176061999999995,259179.710074,26309.283169026912,78.8834588,63.340349333333336,10.147566353312563,0.3656784276637954,46,64,,True,True,,98,59.56268577710819
221,2026-09-21T07:59:04.026+00:00,2026-09-21T08:03:23.860+00:00,2026-09-21T08:03:27.426+00:00,True,58,58.0,,58.0,259833.949861,263400.655269,263400.655346,4541.390609413793,41.709421999999996,259833.949861,34109.653914131726,76.714842,62.5737790877193,8.98230965705875,0.22019687058396664,46,64,,True,True,,174,59.56268577710819
222,2026-09-21T07:59:04.317+00:00,2026-09-21T08:03:25.688+00:00,2026-09-21T08:03:29.402+00:00,True,60,60.0,,60.0,261370.898755,265085.30848300003,265085.308405,4418.088473416667,41.221931,261370.898755,33734.71200791632,78.97319855,62.956097084745764,10.704482212894865,0.22634223051953034,46,64,,True,True,,60,59.56268577710819
223,2026-09-21T07:59:04.671+00:00,2026-09-21T08:03:27.668+00:00,2026-09-21T08:03:33.119+00:00,True,87,87.0,,87.0,262996.874297,268447.553081,268447.552988,3085.6040573333335,43.733252,262996.874297,28189.431076739173,76.658186,63.37998586046512,9.459344778113067,0.3240856510014419,46,64,,True,True,,90,59.56268577710819
224,2026-09-21T07:59:05.565+00:00,2026-09-21T08:03:28.400+00:00,2026-09-21T08:03:31.357+00:00,True,48,48.0,,48.0,262835.44661000004,265792.483666,265792.483598,5537.343408291667,43.095071000000004,262835.44661000004,37927.949325806156,78.80157535000001,62.91568204255319,10.633461231117776,0.18059201425845334,46,64,,True,True,,144,59.56268577710819
225,2026-09-21T07:59:05.719+00:00,2026-09-21T08:03:31.834+00:00,2026-09-21T08:03:34.612+00:00,True,45,45.0,,45.0,266115.102352,268892.98344000004,268892.983511,5975.399633577778,41.336760999999996,266115.102352,39660.6867365789,76.4737772,63.133661090909094,8.550622456969176,0.1673528235073533,46,64,,True,True,,249,59.56268577710819
226,2026-09-21T07:59:05.789+00:00,2026-09-21T08:03:32.156+00:00,2026-09-21T08:03:38.223+00:00,True,97,97.0,,97.0,266366.893242,272433.45017,272433.450099,2808.592269061856,42.587491,266366.893242,27039.045649485066,76.9525716,63.19330133333334,9.350256042631347,0.35605025718931155,46,64,,True,True,,1058,59.56268577710819
227,2026-09-21T07:59:05.891+00:00,2026-09-21T08:03:32.468+00:00,2026-09-21T08:03:35.555+00:00,True,50,50.0,,50.0,266576.531808,269663.570784,269663.570692,5393.27141384,43.388981,266576.531808,37690.70603195814,78.87805559999998,63.00079542857142,8.860818759753826,0.18541622012433376,46,64,,True,True,,400,59.56268577710819
228,2026-09-21T07:59:05.956+00:00,2026-09-21T08:03:33.877+00:00,2026-09-21T08:03:35.890+00:00,True,33,33.0,,33.0,267920.824661,269934.342741,269934.342743,8179.828567969696,49.729082000000005,267920.824661,46628.07635710968,76.8410526,62.92244,7.658405392280024,0.12225195084444387,46,64,,True,True,,181,59.56268577710819
229,2026-09-21T07:59:06.143+00:00,2026-09-21T08:03:35.500+00:00,2026-09-21T08:03:36.311+00:00,True,14,14.0,,14.0,269356.609355,270167.707467,270167.707362,19297.693383,45.678751,269356.609355,71971.90757394966,94324.65132355,62.39216246153846,10.029584273902953,0.05181966464926253,46,64,,True,True,,59,59.56268577710819
230,2026-09-21T07:59:06.436+00:00,2026-09-21T08:03:37.166+00:00,2026-09-21T08:03:38.633+00:00,True,24,24.0,,24.0,270729.62364999996,272196.742498,272196.742431,11341.530934624998,48.126461000000006,270729.62364999996,55249.43336386692,83.1424185,63.787776,10.596586246980351,0.08817151807089074,46,64,,True,True,,24,59.56268577710819
231,2026-09-21T07:59:06.699+00:00,2026-09-21T08:03:38.431+00:00,2026-09-21T08:03:44.105+00:00,True,89,89.0,,89.0,271731.453859,277405.651107,277405.651108,3116.9174281797755,44.598721,271731.453859,28796.64347133942,77.905988,64.47951418181817,10.194522631361986,0.32082980157340485,46,64,,True,True,,185,59.56268577710819
232,2026-09-21T07:59:06.927+00:00,2026-09-21T08:03:39.584+00:00,2026-09-21T08:03:42.711+00:00,True,49,49.0,,49.0,272657.52780000004,275783.88530400005,275783.88533500006,5628.242557857144,44.340447999999995,272657.52780000004,38941.772383594325,79.61926,65.132448,11.348359991985616,0.1776753559983633,46,64,,True,True,,98,59.56268577710819
233,2026-09-21T07:59:07.239+00:00,2026-09-21T08:03:41.338+00:00,2026-09-21T08:03:44.423+00:00,True,49,49.0,,49.0,274098.602383,277183.558799,277183.558808,5656.807322612245,42.164891000000004,274098.602383,39147.76290951088,77.20935940000001,64.26992533333333,9.50501961357015,0.1767781617795463,46,64,,True,True,,196,59.56268577710819
234,2026-09-21T07:59:07.475+00:00,2026-09-21T08:03:42.443+00:00,2026-09-21T08:03:47.507+00:00,True,81,81.0,,81.0,274968.399211,280031.937643,280031.937828,3457.18441762963,43.150331,274968.399211,30545.01310678086,76.361982,63.2942304,9.446668131424826,0.28925272124947127,46,64,,True,True,,167,59.56268577710819
235,2026-09-21T07:59:07.681+00:00,2026-09-21T08:03:43.439+00:00,2026-09-21T08:03:47.287+00:00,True,62,62.0,,62.0,275757.917162,279605.234666,279605.23451200005,4509.761846967743,43.148481,275757.917162,35013.281770317684,76.71160049999999,63.07077875409836,9.49386567001222,0.22174119906611034,46,64,,True,True,,66,59.56268577710819
236,2026-09-21T07:59:07.974+00:00,2026-09-21T08:03:45.150+00:00,2026-09-21T08:03:45.912+00:00,True,13,13.0,,13.0,277175.525657,277937.528089,277937.528223,21379.809863307695,45.720281,277175.525657,76857.04798865112,110915.5402154,63.50020266666667,9.549288578339809,0.04677310073736136,46,64,,True,True,,65,59.56268577710819
237,2026-09-21T07:59:08.176+00:00,2026-09-21T08:03:46.057+00:00,2026-09-21T08:03:49.695+00:00,True,59,59.0,,59.0,277881.158335,281519.526591,281519.52662099997,4771.517400355932,43.039292,277881.158335,36168.87993074867,80.229182,62.730487172413795,10.00123841940622,0.2095769366851663,46,64,,True,True,,531,59.56268577710819
238,2026-09-21T07:59:08.449+00:00,2026-09-21T08:03:47.509+00:00,2026-09-21T08:03:49.749+00:00,True,36,36.0,,36.0,279060.17755699996,281299.96533299994,281299.965314,7813.887925388888,48.763591,279060.17755699996,46499.36476794998,76.45636125,63.99393645714286,8.919888657623414,0.12797726426088812,46,64,,True,True,,149,59.56268577710819
239,2026-09-21T07:59:08.700+00:00,2026-09-21T08:03:48.971+00:00,2026-09-21T08:03:55.006+00:00,True,96,96.0,,96.0,280271.182522,286306.128314,286306.128399,2982.35550415625,43.265011,280271.182522,28598.57588874054,78.160666,63.52574517894737,9.840877092418946,0.3353054318652729,46,64,,True,True,,384,59.56268577710819
240,2026-09-21T07:59:09.047+00:00,2026-09-21T08:03:50.715+00:00,2026-09-21T08:03:50.790+00:00,True,2,2.0,,2.0,281668.376583,281742.981639,281742.981594,140871.490797,74.605011,281668.376583,199116.86541845684,267588.6880044,74.605056,nan,0.007098668397577404,46,64,,True,True,,4,59.56268577710819
241,2026-09-21T07:59:09.323+00:00,2026-09-21T08:03:52.189+00:00,2026-09-21T08:03:58.172+00:00,True,96,96.0,,96.0,282866.459555,288849.083555,288849.08357,3008.8446205208334,41.426010999999995,282866.459555,28863.5113936547,76.7076895,62.97498947368421,9.709444766350735,0.3323534865282706,46,64,,True,True,,198,59.56268577710819
242,2026-09-21T07:59:09.625+00:00,2026-09-21T08:03:53.415+00:00,2026-09-21T08:03:54.753+00:00,True,22,22.0,,22.0,283789.239939,285128.112003,285128.111927,12960.368723954545,47.129801,283789.239939,60490.47720913184,76.85665805,63.75581257142858,9.723377348934703,0.0771582985818267,46,64,,True,True,,67,59.56268577710819
245,2026-09-21T07:59:10.495+00:00,2026-09-21T08:03:56.031+00:00,2026-09-21T08:03:59.012+00:00,True,49,49.0,,49.0,285535.639373,288516.912205,288516.912135,5888.100247653061,44.036371,285535.639373,40781.93376677596,77.7222314,62.10985066666667,9.024346464875347,0.16983406492713335,46,64,,True,True,,196,59.56268577710819
246,2026-09-21T07:59:10.726+00:00,2026-09-21T08:03:57.134+00:00,2026-09-21T08:04:01.825+00:00,True,74,74.0,,74.0,286407.688162,291099.22505799995,291099.22511,3933.773312297297,48.009101,286407.688162,33286.7476311006,77.08622014999999,64.26762871232877,8.71161346027865,0.254208852618058,46,64,,True,True,,222,59.56268577710819
243,2026-09-21T07:59:09.924+00:00,2026-09-21T08:03:58.681+00:00,2026-09-21T08:03:59.869+00:00,True,19,19.0,,19.0,288756.200158,289944.83298999997,289944.832893,15260.254362789474,45.760561,288756.200158,66230.06671554716,28945.5530596,66.03515733333333,9.544084065669901,0.06552970716555345,46,64,,True,True,,58,59.56268577710819
247,2026-09-21T07:59:10.985+00:00,2026-09-21T08:03:58.890+00:00,2026-09-21T08:03:59.407+00:00,True,9,9.0,,9.0,287904.512703,288422.024639,288422.024504,32046.891611555555,43.827191,287904.512703,95946.60834245988,172772.85675859998,64.688992,9.746599584246512,0.031204274400558493,46,64,,True,True,,18,59.56268577710819
244,2026-09-21T07:59:10.192+00:00,2026-09-21T08:04:01.549+00:00,2026-09-21T08:04:06.564+00:00,True,81,81.0,,81.0,291357.53969999996,296372.36414799996,296372.36424499995,3658.918077098765,43.241631,291357.53969999996,32366.096300246987,77.072062,62.6853056,9.468522930670773,0.27330483472322303,46,64,,True,True,,321,59.56268577710819
248,2026-09-21T07:59:11.258+00:00,2026-09-21T08:04:01.747+00:00,2026-09-21T08:04:02.008+00:00,True,5,5.0,,5.0,290489.405684,290749.906932,290749.907059,58149.9814118,56.922311,290489.405684,129881.68684419901,232406.48470139998,65.125312,8.584007147399323,0.017196910061847037,46,64,,True,True,,18,59.56268577710819
249,2026-09-21T07:59:11.525+00:00,2026-09-21T08:04:03.302+00:00,2026-09-21T08:04:08.677+00:00,True,87,87.0,,87.0,291776.577358,297152.23867,297152.23862099997,3415.542972655172,42.419071,291776.577358,31275.032385322844,77.7950813,62.50768967441861,9.13040533548564,0.29277921778209165,46,64,,True,True,,196,59.56268577710819
250,2026-09-21T07:59:11.881+00:00,2026-09-21T08:04:05.317+00:00,2026-09-21T08:04:08.162+00:00,True,46,46.0,,46.0,293436.48653500003,296281.67411900003,296281.674065,6440.905957934783,43.714400999999995,293436.48653500003,43255.52829681052,76.645347,63.226390755555556,9.107200554067886,0.15525766194207588,46,64,,True,True,,92,59.56268577710819
251,2026-09-21T07:59:12.215+00:00,2026-09-21T08:04:07.004+00:00,2026-09-21T08:04:08.229+00:00,True,20,20.0,,20.0,294788.869931,296013.61796299997,296013.618056,14800.680902799999,51.008432,294788.869931,65902.38169644224,14807.9842875,64.4604227368421,6.11355815923643,0.06756445915437542,46,64,,True,True,,64,59.56268577710819
252,2026-09-21T07:59:12.536+00:00,2026-09-21T08:04:08.791+00:00,2026-09-21T08:04:12.592+00:00,False,63,62.0,,62.0,296255.42644,300056.49908000004,300056.49902,4762.801571746032,0.0324,296255.42644,37316.95323283204,75.626453,61.30762322580645,11.974921065263574,0.2066277524069551,46,64,,True,False,Request timeout: 300.0s exceeded,124,59.56268577710819
253,2026-09-21T07:59:12.862+00:00,2026-09-21T08:04:10.629+00:00,2026-09-21T08:04:12.183+00:00,True,26,26.0,,26.0,297767.001101,299321.333773,299321.333693,11512.358988192307,47.50969,297767.001101,58384.720832609324,76.48500625000001,62.173306880000005,8.493066344538352,0.08686317033358518,46,64,,True,True,,117,59.56268577710819
254,2026-09-21T07:59:13.152+00:00,2026-09-21T08:04:12.186+00:00,2026-09-21T08:04:13.211+00:00,False,19,18.0,,18.0,299033.583247,300058.917519,300058.917559,15792.57460836842,0.03489,299033.583247,68589.94259533304,29971.117994499997,56.96301511111111,16.415455236829384,0.059988218809928294,46,64,,True,False,Request timeout: 300.0s exceeded,92,59.56268577710819
255,2026-09-21T07:59:13.455+00:00,2026-09-21T08:04:13.562+00:00,2026-09-21T08:04:13.562+00:00,False,1,0.0,,0.0,300107.62776,300107.62776,300107.62776,300107.62776,300107.62776,300107.62776,nan,300107.62776,nan,nan,0.0,46,64,,True,False,"HTTPConnectionPool(host='gpu06', port=9004): Read timed out.",0,59.56268577710819
256,2026-09-21T07:59:13.711+00:00,2026-09-21T08:04:13.820+00:00,2026-09-21T08:04:13.820+00:00,False,1,0.0,,0.0,300108.65363200003,300108.65363200003,300108.65363200003,300108.65363200003,300108.65363200003,300108.65363200003,nan,300108.65363200003,nan,nan,0.0,46,64,,True,False,"HTTPConnectionPool(host='gpu06', port=9004): Read timed out.",0,59.56268577710819
257,2026-09-21T07:59:14.074+00:00,2026-09-21T08:04:14.185+00:00,2026-09-21T08:04:14.185+00:00,False,1,0.0,,0.0,300111.364308,300111.364308,300111.364308,300111.364308,300111.364308,300111.364308,nan,300111.364308,nan,nan,0.0,46,64,,True,False,"HTTPConnectionPool(host='gpu06', port=9004): Read timed out.",0,59.56268577710819
258,2026-09-21T07:59:14.417+00:00,2026-09-21T08:04:14.513+00:00,2026-09-21T08:04:14.513+00:00,False,1,0.0,,0.0,300096.552815,300096.552815,300096.552815,300096.552815,300096.552815,300096.552815,nan,300096.552815,nan,nan,0.0,46,64,,True,False,"HTTPConnectionPool(host='gpu06', port=9004): Read timed out.",0,59.56268577710819
259,2026-09-21T07:59:14.744+00:00,2026-09-21T08:04:14.847+00:00,2026-09-21T08:04:14.847+00:00,False,1,0.0,,0.0,300103.415883,300103.415883,300103.415883,300103.415883,300103.415883,300103.415883,nan,300103.415883,nan,nan,0.0,46,64,,True,False,"HTTPConnectionPool(host='gpu06', port=9004): Read timed out.",0,59.56268577710819
260,2026-09-21T07:59:14.942+00:00,2026-09-21T08:04:15.060+00:00,2026-09-21T08:04:15.060+00:00,False,1,0.0,,0.0,300117.98519,300117.98519,300117.98519,300117.98519,300117.98519,300117.98519,nan,300117.98519,nan,nan,0.0,46,64,,True,False,"HTTPConnectionPool(host='gpu06', port=9004): Read timed out.",0,59.56268577710819
261,2026-09-21T07:59:15.276+00:00,2026-09-21T08:04:15.351+00:00,2026-09-21T08:04:15.351+00:00,False,1,0.0,,0.0,300074.752976,300074.752976,300074.752976,300074.752976,300074.752976,300074.752976,nan,300074.752976,nan,nan,0.0,46,64,,True,False,"HTTPConnectionPool(host='gpu06', port=9004): Read timed out.",0,59.56268577710819
262,2026-09-21T07:59:15.535+00:00,2026-09-21T08:04:15.639+00:00,2026-09-21T08:04:15.639+00:00,False,1,0.0,,0.0,300104.338389,300104.338389,300104.338389,300104.338389,300104.338389,300104.338389,nan,300104.338389,nan,nan,0.0,46,64,,True,False,"HTTPConnectionPool(host='gpu06', port=9004): Read timed out.",0,59.56268577710819
263,2026-09-21T07:59:15.752+00:00,2026-09-21T08:04:15.802+00:00,2026-09-21T08:04:15.802+00:00,False,1,0.0,,0.0,300050.56530400005,300050.56530400005,300050.56530400005,300050.56530400005,300050.56530400005,300050.56530400005,nan,300050.56530400005,nan,nan,0.0,46,64,,True,False,TTFT timeout: 300.0s exceeded (TTFT: 300.046s),0,59.56268577710819
264,2026-09-21T07:59:15.968+00:00,2026-09-21T08:04:16.081+00:00,2026-09-21T08:04:16.081+00:00,False,1,0.0,,0.0,300112.428431,300112.428431,300112.428431,300112.428431,300112.428431,300112.428431,nan,300112.428431,nan,nan,0.0,46,64,,True,False,"HTTPConnectionPool(host='gpu06', port=9004): Read timed out.",0,59.56268577710819
265,2026-09-21T07:59:16.257+00:00,2026-09-21T08:04:16.360+00:00,2026-09-21T08:04:16.360+00:00,False,1,0.0,,0.0,300103.503851,300103.503851,300103.503851,300103.503851,300103.503851,300103.503851,nan,300103.503851,nan,nan,0.0,46,64,,True,False,"HTTPConnectionPool(host='gpu06', port=9004): Read timed out.",0,59.56268577710819
266,2026-09-21T07:59:16.487+00:00,2026-09-21T08:04:16.528+00:00,2026-09-21T08:04:16.528+00:00,False,1,0.0,,0.0,300041.080325,300041.080325,300041.080325,300041.080325,300041.080325,300041.080325,nan,300041.080325,nan,nan,0.0,46,64,,True,False,"HTTPConnectionPool(host='gpu06', port=9004): Read timed out.",0,59.56268577710819
267,2026-09-21T07:59:16.788+00:00,2026-09-21T08:04:16.891+00:00,2026-09-21T08:04:16.891+00:00,False,1,0.0,,0.0,300103.705395,300103.705395,300103.705395,300103.705395,300103.705395,300103.705395,nan,300103.705395,nan,nan,0.0,46,64,,True,False,"HTTPConnectionPool(host='gpu06', port=9004): Read timed out.",0,59.56268577710819
268,2026-09-21T07:59:17.007+00:00,2026-09-21T08:04:17.117+00:00,2026-09-21T08:04:17.117+00:00,False,1,0.0,,0.0,300109.497211,300109.497211,300109.497211,300109.497211,300109.497211,300109.497211,nan,300109.497211,nan,nan,0.0,46,64,,True,False,"HTTPConnectionPool(host='gpu06', port=9004): Read timed out.",0,59.56268577710819
269,2026-09-21T07:59:17.329+00:00,2026-09-21T08:04:17.343+00:00,2026-09-21T08:04:17.343+00:00,False,1,0.0,,0.0,300014.65834799997,300014.65834799997,300014.65834799997,300014.65834799997,300014.65834799997,300014.65834799997,nan,300014.65834799997,nan,nan,0.0,46,64,,True,False,TTFT timeout: 300.0s exceeded (TTFT: 300.005s),0,59.56268577710819
270,2026-09-21T07:59:17.656+00:00,2026-09-21T08:04:17.751+00:00,2026-09-21T08:04:17.751+00:00,False,1,0.0,,0.0,300094.46202700003,300094.46202700003,300094.46202700003,300094.46202700003,300094.46202700003,300094.46202700003,nan,300094.46202700003,nan,nan,0.0,46,64,,True,False,"HTTPConnectionPool(host='gpu06', port=9004): Read timed out.",0,59.56268577710819
271,2026-09-21T07:59:17.925+00:00,2026-09-21T08:04:17.918+00:00,2026-09-21T08:04:18.032+00:00,False,3,2.0,,2.0,299993.314677,300107.682933,300107.682799,100035.89426633333,0.07940000000000001,299993.314677,173168.21516637623,270005.4120815,57.184128,80.75833738176912,0.006664274571226177,46,64,,True,False,Request timeout: 300.0s exceeded,22,59.56268577710819
272,2026-09-21T07:59:18.200+00:00,2026-09-21T08:04:18.316+00:00,2026-09-21T08:04:18.316+00:00,False,1,0.0,,0.0,300116.786741,300116.786741,300116.786741,300116.786741,300116.786741,300116.786741,nan,300116.786741,nan,nan,0.0,46,64,,True,False,"HTTPConnectionPool(host='gpu06', port=9004): Read timed out.",0,59.56268577710819
273,2026-09-21T07:59:19.457+00:00,2026-09-21T08:04:19.158+00:00,2026-09-21T08:04:19.860+00:00,False,13,12.0,,12.0,299701.182979,300402.921475,300402.92162399995,23107.917048,0.038,299701.182979,83105.93780164258,119948.2621888,58.478208,27.72120075696767,0.03994634919354025,46,64,,True,False,Request timeout: 300.0s exceeded,56,59.56268577710819
274,2026-09-21T07:59:19.726+00:00,2026-09-21T08:04:19.361+00:00,2026-09-21T08:04:19.904+00:00,False,12,11.0,,11.0,299634.752039,300177.428775,300177.428821,25014.785735083333,0.0327,299634.752039,86482.8627336487,134874.25765865,49.33424872727273,19.170564061764097,0.03664499374549952,46,64,,True,False,Request timeout: 300.0s exceeded,33,59.56268577710819
276,2026-09-21T07:59:19.996+00:00,2026-09-21T08:04:20.399+00:00,2026-09-21T08:04:20.399+00:00,False,1,0.0,,0.0,300403.483507,300403.483507,300403.483507,300403.483507,300403.483507,300403.483507,nan,300403.483507,nan,nan,0.0,46,64,,True,False,"HTTPConnectionPool(host='gpu06', port=9004): Read timed out.",0,59.56268577710819
275,2026-09-21T07:59:19.808+00:00,2026-09-21T08:04:20.399+00:00,2026-09-21T08:04:20.399+00:00,False,1,0.0,,0.0,300590.81286400004,300590.81286400004,300590.81286400004,300590.81286400004,300590.81286400004,300590.81286400004,nan,300590.81286400004,nan,nan,0.0,46,64,,True,False,"HTTPConnectionPool(host='gpu06', port=9004): Read timed out.",0,59.56268577710819
277,2026-09-21T07:59:20.078+00:00,2026-09-21T08:04:21.041+00:00,2026-09-21T08:04:21.357+00:00,False,5,4.0,,4.0,300963.440013,301279.434893,301279.43494999997,60255.88699,0.030719999999999997,300963.440013,134559.62830834437,240805.25877319998,78.99872,74.56316586636588,0.013276711042094887,46,64,,True,False,Request timeout: 300.0s exceeded,30,59.56268577710819
278,2026-09-21T07:59:20.195+00:00,2026-09-21T08:04:21.314+00:00,2026-09-21T08:04:21.405+00:00,False,4,3.0,,3.0,301118.784199,301210.059719,301210.05975099996,75302.51493774999,0.02475,301118.784199,150544.1810764745,255958.40017029998,30.425173333333333,26.619694106368488,0.00995982671627472,46,64,,True,False,Request timeout: 300.0s exceeded,18,59.56268577710819
283,2026-09-21T07:59:21.377+00:00,2026-09-21T08:04:21.524+00:00,2026-09-21T08:04:21.524+00:00,False,1,0.0,,0.0,300147.29183,300147.29183,300147.29183,300147.29183,300147.29183,300147.29183,nan,300147.29183,nan,nan,0.0,46,64,,True,False,"HTTPConnectionPool(host='gpu06', port=9004): Read timed out.",0,59.56268577710819
279,2026-09-21T07:59:20.301+00:00,2026-09-21T08:04:21.526+00:00,2026-09-21T08:04:21.526+00:00,False,1,0.0,,0.0,301224.729483,301224.729483,301224.729483,301224.729483,301224.729483,301224.729483,nan,301224.729483,nan,nan,0.0,46,64,,True,False,"HTTPConnectionPool(host='gpu06', port=9004): Read timed out.",0,59.56268577710819
284,2026-09-21T07:59:21.613+00:00,2026-09-21T08:04:21.898+00:00,2026-09-21T08:04:21.898+00:00,False,1,0.0,,0.0,300285.026426,300285.026426,300285.026426,300285.026426,300285.026426,300285.026426,nan,300285.026426,nan,nan,0.0,46,64,,True,False,"HTTPConnectionPool(host='gpu06', port=9004): Read timed out.",0,59.56268577710819
280,2026-09-21T07:59:20.580+00:00,2026-09-21T08:04:21.898+00:00,2026-09-21T08:04:21.898+00:00,False,1,0.0,,0.0,301318.384567,301318.384567,301318.384567,301318.384567,301318.384567,301318.384567,nan,301318.384567,nan,nan,0.0,46,64,,True,False,"HTTPConnectionPool(host='gpu06', port=9004): Read timed out.",0,59.56268577710819
285,2026-09-21T07:59:21.967+00:00,2026-09-21T08:04:23.287+00:00,2026-09-21T08:04:23.287+00:00,False,1,0.0,,0.0,301320.574524,301320.574524,301320.574524,301320.574524,301320.574524,301320.574524,nan,301320.574524,nan,nan,0.0,46,64,,True,False,"HTTPConnectionPool(host='gpu06', port=9004): Read timed out.",0,59.56268577710819
289,2026-09-21T07:59:23.122+00:00,2026-09-21T08:04:23.290+00:00,2026-09-21T08:04:23.290+00:00,False,1,0.0,,0.0,300167.759592,300167.759592,300167.759592,300167.759592,300167.759592,300167.759592,nan,300167.759592,nan,nan,0.0,46,64,,True,False,"HTTPConnectionPool(host='gpu06', port=9004): Read timed out.",0,59.56268577710819
288,2026-09-21T07:59:22.776+00:00,2026-09-21T08:04:23.304+00:00,2026-09-21T08:04:23.304+00:00,False,1,0.0,,0.0,300527.671884,300527.671884,300527.671884,300527.671884,300527.671884,300527.671884,nan,300527.671884,nan,nan,0.0,46,64,,True,False,"HTTPConnectionPool(host='gpu06', port=9004): Read timed out.",0,59.56268577710819
286,2026-09-21T07:59:22.224+00:00,2026-09-21T08:04:23.310+00:00,2026-09-21T08:04:23.310+00:00,False,1,0.0,,0.0,301086.121332,301086.121332,301086.121332,301086.121332,301086.121332,301086.121332,nan,301086.121332,nan,nan,0.0,46,64,,True,False,"HTTPConnectionPool(host='gpu06', port=9004): Read timed out.",0,59.56268577710819
281,2026-09-21T07:59:20.851+00:00,2026-09-21T08:04:23.313+00:00,2026-09-21T08:04:23.313+00:00,False,1,0.0,,0.0,302462.207993,302462.207993,302462.207993,302462.207993,302462.207993,302462.207993,nan,302462.207993,nan,nan,0.0,46,64,,True,False,"HTTPConnectionPool(host='gpu06', port=9004): Read timed out.",0,59.56268577710819
287,2026-09-21T07:59:22.486+00:00,2026-09-21T08:04:23.319+00:00,2026-09-21T08:04:23.319+00:00,False,1,0.0,,0.0,300833.528989,300833.528989,300833.528989,300833.528989,300833.528989,300833.528989,nan,300833.528989,nan,nan,0.0,46,64,,True,False,"HTTPConnectionPool(host='gpu06', port=9004): Read timed out.",0,59.56268577710819
282,2026-09-21T07:59:21.169+00:00,2026-09-21T08:04:23.320+00:00,2026-09-21T08:04:23.320+00:00,False,1,0.0,,0.0,302151.52693500003,302151.52693500003,302151.52693500003,302151.52693500003,302151.52693500003,302151.52693500003,nan,302151.52693500003,nan,nan,0.0,46,64,,True,False,"HTTPConnectionPool(host='gpu06', port=9004): Read timed out.",0,59.56268577710819
290,2026-09-21T07:59:23.374+00:00,2026-09-21T08:04:23.388+00:00,2026-09-21T08:04:23.388+00:00,False,1,0.0,,0.0,300014.04579299997,300014.04579299997,300014.04579299997,300014.04579299997,300014.04579299997,300014.04579299997,nan,300014.04579299997,nan,nan,0.0,46,64,,True,False,"HTTPConnectionPool(host='gpu06', port=9004): Read timed out.",0,59.56268577710819
291,2026-09-21T07:59:23.581+00:00,2026-09-21T08:04:23.633+00:00,2026-09-21T08:04:23.633+00:00,False,1,0.0,,0.0,300051.83775999997,300051.83775999997,300051.83775999997,300051.83775999997,300051.83775999997,300051.83775999997,nan,300051.83775999997,nan,nan,0.0,46,64,,True,False,"HTTPConnectionPool(host='gpu06', port=9004): Read timed out.",0,59.56268577710819
292,2026-09-21T07:59:23.845+00:00,2026-09-21T08:04:23.865+00:00,2026-09-21T08:04:23.865+00:00,False,1,0.0,,0.0,300020.563652,300020.563652,300020.563652,300020.563652,300020.563652,300020.563652,nan,300020.563652,nan,nan,0.0,46,64,,True,False,"HTTPConnectionPool(host='gpu06', port=9004): Read timed out.",0,59.56268577710819
293,2026-09-21T07:59:24.169+00:00,2026-09-21T08:04:24.278+00:00,2026-09-21T08:04:24.278+00:00,False,1,0.0,,0.0,300109.42428100004,300109.42428100004,300109.42428100004,300109.42428100004,300109.42428100004,300109.42428100004,nan,300109.42428100004,nan,nan,0.0,46,64,,True,False,"HTTPConnectionPool(host='gpu06', port=9004): Read timed out.",0,59.56268577710819
294,2026-09-21T07:59:24.447+00:00,2026-09-21T08:04:24.551+00:00,2026-09-21T08:04:24.551+00:00,False,1,0.0,,0.0,300103.83936299995,300103.83936299995,300103.83936299995,300103.83936299995,300103.83936299995,300103.83936299995,nan,300103.83936299995,nan,nan,0.0,46,64,,True,False,"HTTPConnectionPool(host='gpu06', port=9004): Read timed out.",0,59.56268577710819
295,2026-09-21T07:59:24.706+00:00,2026-09-21T08:04:24.812+00:00,2026-09-21T08:04:24.812+00:00,False,1,0.0,,0.0,300106.43126499996,300106.43126499996,300106.43126499996,300106.43126499996,300106.43126499996,300106.43126499996,nan,300106.43126499996,nan,nan,0.0,46,64,,True,False,"HTTPConnectionPool(host='gpu06', port=9004): Read timed out.",0,59.56268577710819
296,2026-09-21T07:59:25.020+00:00,2026-09-21T08:04:25.135+00:00,2026-09-21T08:04:25.135+00:00,False,1,0.0,,0.0,300114.863244,300114.863244,300114.863244,300114.863244,300114.863244,300114.863244,nan,300114.863244,nan,nan,0.0,46,64,,True,False,TTFT timeout: 300.0s exceeded (TTFT: 300.099s),0,59.56268577710819
297,2026-09-21T07:59:25.362+00:00,2026-09-21T08:04:25.326+00:00,2026-09-21T08:04:25.531+00:00,False,3,2.0,,2.0,299964.240058,300169.257402,300169.25722200004,100056.419074,0.04169,299964.240058,173125.2817106508,269988.3135996,102.508672,144.91014189972444,0.0066629075119492035,46,64,,True,False,Request timeout: 300.0s exceeded,5,59.56268577710819
298,2026-09-21T07:59:25.722+00:00,2026-09-21T08:04:25.640+00:00,2026-09-21T08:04:25.787+00:00,False,4,3.0,,3.0,299918.115884,300065.83070000005,300065.83080700005,75016.45770175001,0.02644,299918.115884,149934.4428630888,254942.08550255,49.238272,42.81257244143725,0.00999780612474781,46,64,,True,False,Request timeout: 300.0s exceeded,3,59.56268577710819
299,2026-09-21T07:59:26.043+00:00,2026-09-21T08:04:26.165+00:00,2026-09-21T08:04:26.165+00:00,False,1,0.0,,0.0,300122.23890600004,300122.23890600004,300122.23890600004,300122.23890600004,300122.23890600004,300122.23890600004,nan,300122.23890600004,nan,nan,0.0,46,64,,True,False,"HTTPConnectionPool(host='gpu06', port=9004): Read timed out.",0,59.56268577710819
300,2026-09-21T07:59:26.239+00:00,2026-09-21T08:04:26.347+00:00,2026-09-21T08:04:26.347+00:00,False,1,0.0,,0.0,300107.489912,300107.489912,300107.489912,300107.489912,300107.489912,300107.489912,nan,300107.489912,nan,nan,0.0,46,64,,True,False,"HTTPConnectionPool(host='gpu06', port=9004): Read timed out.",0,59.56268577710819
301,2026-09-21T07:59:26.602+00:00,2026-09-21T08:04:26.707+00:00,2026-09-21T08:04:26.707+00:00,False,1,0.0,,0.0,300105.05440799997,300105.05440799997,300105.05440799997,300105.05440799997,300105.05440799997,300105.05440799997,nan,300105.05440799997,nan,nan,0.0,46,64,,True,False,"HTTPConnectionPool(host='gpu06', port=9004): Read timed out.",0,59.56268577710819
302,2026-09-21T07:59:26.919+00:00,2026-09-21T08:04:27.006+00:00,2026-09-21T08:04:27.006+00:00,False,1,0.0,,0.0,300086.315036,300086.315036,300086.315036,300086.315036,300086.315036,300086.315036,nan,300086.315036,nan,nan,0.0,46,64,,True,False,"HTTPConnectionPool(host='gpu06', port=9004): Read timed out.",0,59.56268577710819
303,2026-09-21T07:59:27.115+00:00,2026-09-21T08:04:27.219+00:00,2026-09-21T08:04:27.219+00:00,False,1,0.0,,0.0,300104.143744,300104.143744,300104.143744,300104.143744,300104.143744,300104.143744,nan,300104.143744,nan,nan,0.0,46,64,,True,False,"HTTPConnectionPool(host='gpu06', port=9004): Read timed out.",0,59.56268577710819
304,2026-09-21T07:59:27.391+00:00,2026-09-21T08:04:27.496+00:00,2026-09-21T08:04:27.496+00:00,False,1,0.0,,0.0,300105.389755,300105.389755,300105.389755,300105.389755,300105.389755,300105.389755,nan,300105.389755,nan,nan,0.0,46,64,,True,False,"HTTPConnectionPool(host='gpu06', port=9004): Read timed out.",0,59.56268577710819
305,2026-09-21T07:59:27.698+00:00,2026-09-21T08:04:27.659+00:00,2026-09-21T08:04:27.765+00:00,False,3,2.0,,2.0,299961.852302,300067.170958,300067.17085399997,100022.39028466666,0.028489999999999998,299961.852302,173152.66132472566,269976.19607799995,52.659328,74.4309875117929,0.006665174312853895,46,64,,True,False,Request timeout: 300.0s exceeded,20,59.56268577710819
306,2026-09-21T07:59:28.040+00:00,2026-09-21T08:04:28.101+00:00,2026-09-21T08:04:28.101+00:00,False,1,0.0,,0.0,300061.515511,300061.515511,300061.515511,300061.515511,300061.515511,300061.515511,nan,300061.515511,nan,nan,0.0,46,64,,True,False,"HTTPConnectionPool(host='gpu06', port=9004): Read timed out.",0,59.56268577710819
307,2026-09-21T07:59:28.392+00:00,2026-09-21T08:04:28.497+00:00,2026-09-21T08:04:28.497+00:00,False,1,0.0,,0.0,300105.50868800003,300105.50868800003,300105.50868800003,300105.50868800003,300105.50868800003,300105.50868800003,nan,300105.50868800003,nan,nan,0.0,46,64,,True,False,"HTTPConnectionPool(host='gpu06', port=9004): Read timed out.",0,59.56268577710819
308,2026-09-21T07:59:28.714+00:00,2026-09-21T08:04:28.815+00:00,2026-09-21T08:04:28.815+00:00,False,1,0.0,,0.0,300101.282426,300101.282426,300101.282426,300101.282426,300101.282426,300101.282426,nan,300101.282426,nan,nan,0.0,46,64,,True,False,"HTTPConnectionPool(host='gpu06', port=9004): Read timed out.",0,59.56268577710819
309,2026-09-21T07:59:29.037+00:00,2026-09-21T08:04:29.141+00:00,2026-09-21T08:04:29.141+00:00,False,1,0.0,,0.0,300104.322685,300104.322685,300104.322685,300104.322685,300104.322685,300104.322685,nan,300104.322685,nan,nan,0.0,46,64,,True,False,"HTTPConnectionPool(host='gpu06', port=9004): Read timed out.",0,59.56268577710819
310,2026-09-21T07:59:29.256+00:00,2026-09-21T08:04:29.267+00:00,2026-09-21T08:04:29.267+00:00,False,1,0.0,,0.0,300011.232678,300011.232678,300011.232678,300011.232678,300011.232678,300011.232678,nan,300011.232678,nan,nan,0.0,46,64,,True,False,TTFT timeout: 300.0s exceeded (TTFT: 300.007s),0,59.56268577710819
311,2026-09-21T07:59:29.458+00:00,2026-09-21T08:04:29.573+00:00,2026-09-21T08:04:29.573+00:00,False,1,0.0,,0.0,300115.595867,300115.595867,300115.595867,300115.595867,300115.595867,300115.595867,nan,300115.595867,nan,nan,0.0,46,64,,True,False,"HTTPConnectionPool(host='gpu06', port=9004): Read timed out.",0,59.56268577710819
312,2026-09-21T07:59:29.732+00:00,2026-09-21T08:04:29.751+00:00,2026-09-21T08:04:29.751+00:00,False,1,0.0,,0.0,300018.879457,300018.879457,300018.879457,300018.879457,300018.879457,300018.879457,nan,300018.879457,nan,nan,0.0,46,64,,True,False,TTFT timeout: 300.0s exceeded (TTFT: 300.014s),0,59.56268577710819
313,2026-09-21T07:59:30.047+00:00,2026-09-21T08:04:30.158+00:00,2026-09-21T08:04:30.158+00:00,False,1,0.0,,0.0,300110.14401700004,300110.14401700004,300110.14401700004,300110.14401700004,300110.14401700004,300110.14401700004,nan,300110.14401700004,nan,nan,0.0,46,64,,True,False,"HTTPConnectionPool(host='gpu06', port=9004): Read timed out.",0,59.56268577710819
314,2026-09-21T07:59:30.273+00:00,2026-09-21T08:04:30.370+00:00,2026-09-21T08:04:30.370+00:00,False,1,0.0,,0.0,300097.54099199997,300097.54099199997,300097.54099199997,300097.54099199997,300097.54099199997,300097.54099199997,nan,300097.54099199997,nan,nan,0.0,46,64,,True,False,"HTTPConnectionPool(host='gpu06', port=9004): Read timed out.",0,59.56268577710819
315,2026-09-21T07:59:30.545+00:00,2026-09-21T08:04:30.650+00:00,2026-09-21T08:04:30.650+00:00,False,1,0.0,,0.0,300104.964463,300104.964463,300104.964463,300104.964463,300104.964463,300104.964463,nan,300104.964463,nan,nan,0.0,46,64,,True,False,"HTTPConnectionPool(host='gpu06', port=9004): Read timed out.",0,59.56268577710819
316,2026-09-21T07:59:30.829+00:00,2026-09-21T08:04:30.917+00:00,2026-09-21T08:04:30.917+00:00,False,1,0.0,,0.0,300088.057944,300088.057944,300088.057944,300088.057944,300088.057944,300088.057944,nan,300088.057944,nan,nan,0.0,46,64,,True,False,"HTTPConnectionPool(host='gpu06', port=9004): Read timed out.",0,59.56268577710819
317,2026-09-21T07:59:31.036+00:00,2026-09-21T08:04:31.125+00:00,2026-09-21T08:04:31.125+00:00,False,1,0.0,,0.0,300089.40369999997,300089.40369999997,300089.40369999997,300089.40369999997,300089.40369999997,300089.40369999997,nan,300089.40369999997,nan,nan,0.0,46,64,,True,False,"HTTPConnectionPool(host='gpu06', port=9004): Read timed out.",0,59.56268577710819
318,2026-09-21T07:59:31.350+00:00,2026-09-21T08:04:31.414+00:00,2026-09-21T08:04:31.414+00:00,False,1,0.0,,0.0,300064.684519,300064.684519,300064.684519,300064.684519,300064.684519,300064.684519,nan,300064.684519,nan,nan,0.0,46,64,,True,False,"HTTPConnectionPool(host='gpu06', port=9004): Read timed out.",0,59.56268577710819
319,2026-09-21T07:59:31.671+00:00,2026-09-21T08:04:31.694+00:00,2026-09-21T08:04:32.910+00:00,False,21,20.0,,20.0,300022.56437599997,301238.812184,301238.812002,14344.70533342857,0.06604,300022.56437599997,65457.028221509936,178.325024,60.8123904,32.255004785117514,0.06639250717727495,46,64,,True,False,Request timeout: 300.0s exceeded,173,59.56268577710819
320,2026-09-21T07:59:31.899+00:00,2026-09-21T08:04:31.873+00:00,2026-09-21T08:04:32.959+00:00,False,21,20.0,,20.0,299974.50058999995,301060.24727799994,301060.24716299993,14336.202245857141,0.027170000000000003,299974.50058999995,65447.958227943454,78.124471,54.2873344,16.81031113971201,0.06643188591262911,46,64,,True,False,Request timeout: 300.0s exceeded,106,59.56268577710819
324,2026-09-21T07:59:32.862+00:00,2026-09-21T08:04:32.744+00:00,2026-09-21T08:04:33.013+00:00,False,7,6.0,,6.0,299882.384814,300151.345838,300151.34586999996,42878.76369571428,0.05005,299882.384814,113327.94642731907,209934.7174431,44.82683733333334,22.372689833211513,0.019989915365025104,46,64,,True,False,Request timeout: 300.0s exceeded,30,59.56268577710819
325,2026-09-21T07:59:33.200+00:00,2026-09-21T08:04:33.221+00:00,2026-09-21T08:04:33.221+00:00,False,1,0.0,,0.0,300021.808524,300021.808524,300021.808524,300021.808524,300021.808524,300021.808524,nan,300021.808524,nan,nan,0.0,46,64,,True,False,"HTTPConnectionPool(host='gpu06', port=9004): Read timed out.",0,59.56268577710819
321,2026-09-21T07:59:32.201+00:00,2026-09-21T08:04:33.286+00:00,2026-09-21T08:04:33.286+00:00,False,1,0.0,,0.0,301084.071054,301084.071054,301084.071054,301084.071054,301084.071054,301084.071054,nan,301084.071054,nan,nan,0.0,46,64,,True,False,"HTTPConnectionPool(host='gpu06', port=9004): Read timed out.",0,59.56268577710819
322,2026-09-21T07:59:32.416+00:00,2026-09-21T08:04:33.474+00:00,2026-09-21T08:04:33.474+00:00,False,1,0.0,,0.0,301058.75780900003,301058.75780900003,301058.75780900003,301058.75780900003,301058.75780900003,301058.75780900003,nan,301058.75780900003,nan,nan,0.0,46,64,,True,False,"HTTPConnectionPool(host='gpu06', port=9004): Read timed out.",0,59.56268577710819
326,2026-09-21T07:59:33.507+00:00,2026-09-21T08:04:33.621+00:00,2026-09-21T08:04:33.621+00:00,False,1,0.0,,0.0,300113.724856,300113.724856,300113.724856,300113.724856,300113.724856,300113.724856,nan,300113.724856,nan,nan,0.0,46,64,,True,False,"HTTPConnectionPool(host='gpu06', port=9004): Read timed out.",0,59.56268577710819
327,2026-09-21T07:59:34.754+00:00,2026-09-21T08:04:33.916+00:00,2026-09-21T08:04:34.875+00:00,False,15,14.0,,14.0,299161.16671200003,300120.55896800006,300120.55876200006,20008.037250800004,0.03165,299161.16671200003,77225.40172932805,89901.4626551,68.52801828571428,49.08179785952912,0.04664792058278397,46,64,,True,False,Request timeout: 300.0s exceeded,144,59.56268577710819
323,2026-09-21T07:59:32.651+00:00,2026-09-21T08:04:34.064+00:00,2026-09-21T08:04:34.928+00:00,False,14,13.0,,13.0,301413.17785000004,302277.19065000006,302277.19077800005,21591.227912714287,0.026609999999999998,301413.17785000004,80538.31260319422,105639.29066125002,66.46252307692308,51.53753365160482,0.04300688375476007,46,64,,True,False,Request timeout: 300.0s exceeded,39,59.56268577710819
328,2026-09-21T07:59:35.050+00:00,2026-09-21T08:04:34.452+00:00,2026-09-21T08:04:35.266+00:00,False,17,16.0,,16.0,299402.020387,300215.587619,300215.587744,17659.740455529412,0.02581,299402.020387,72603.32533316882,59939.438567,50.847952,15.855975763825137,0.0532950341682638,46,64,,True,False,Request timeout: 300.0s exceeded,115,59.56268577710819
331,2026-09-21T07:59:35.378+00:00,2026-09-21T08:04:35.676+00:00,2026-09-21T08:04:35.676+00:00,False,1,0.0,,0.0,300298.726314,300298.726314,300298.726314,300298.726314,300298.726314,300298.726314,nan,300298.726314,nan,nan,0.0,46,64,,True,False,"HTTPConnectionPool(host='gpu06', port=9004): Read timed out.",0,59.56268577710819
332,2026-09-21T07:59:35.604+00:00,2026-09-21T08:04:35.885+00:00,2026-09-21T08:04:35.885+00:00,False,1,0.0,,0.0,300281.41796,300281.41796,300281.41796,300281.41796,300281.41796,300281.41796,nan,300281.41796,nan,nan,0.0,46,64,,True,False,"HTTPConnectionPool(host='gpu06', port=9004): Read timed out.",0,59.56268577710819
329,2026-09-21T07:59:35.269+00:00,2026-09-21T08:04:35.893+00:00,2026-09-21T08:04:35.893+00:00,False,1,0.0,,0.0,300623.99139,300623.99139,300623.99139,300623.99139,300623.99139,300623.99139,nan,300623.99139,nan,nan,0.0,46,64,,True,False,"HTTPConnectionPool(host='gpu06', port=9004): Read timed out.",0,59.56268577710819
330,2026-09-21T07:59:35.369+00:00,2026-09-21T08:04:35.908+00:00,2026-09-21T08:04:35.908+00:00,False,1,0.0,,0.0,300539.14875,300539.14875,300539.14875,300539.14875,300539.14875,300539.14875,nan,300539.14875,nan,nan,0.0,46,64,,True,False,"HTTPConnectionPool(host='gpu06', port=9004): Read timed out.",0,59.56268577710819
334,2026-09-21T07:59:35.826+00:00,2026-09-21T08:04:36.077+00:00,2026-09-21T08:04:36.077+00:00,False,1,0.0,,0.0,300251.345399,300251.345399,300251.345399,300251.345399,300251.345399,300251.345399,nan,300251.345399,nan,nan,0.0,46,64,,True,False,"HTTPConnectionPool(host='gpu06', port=9004): Read timed out.",0,59.56268577710819
333,2026-09-21T07:59:35.651+00:00,2026-09-21T08:04:36.119+00:00,2026-09-21T08:04:36.119+00:00,False,1,0.0,,0.0,300468.161772,300468.161772,300468.161772,300468.161772,300468.161772,300468.161772,nan,300468.161772,nan,nan,0.0,46,64,,True,False,"HTTPConnectionPool(host='gpu06', port=9004): Read timed out.",0,59.56268577710819
335,2026-09-21T07:59:35.982+00:00,2026-09-21T08:04:36.216+00:00,2026-09-21T08:04:36.216+00:00,False,1,0.0,,0.0,300234.344707,300234.344707,300234.344707,300234.344707,300234.344707,300234.344707,nan,300234.344707,nan,nan,0.0,46,64,,True,False,"HTTPConnectionPool(host='gpu06', port=9004): Read timed out.",0,59.56268577710819
336,2026-09-21T07:59:36.249+00:00,2026-09-21T08:04:36.358+00:00,2026-09-21T08:04:36.358+00:00,False,1,0.0,,0.0,300109.657075,300109.657075,300109.657075,300109.657075,300109.657075,300109.657075,nan,300109.657075,nan,nan,0.0,46,64,,True,False,"HTTPConnectionPool(host='gpu06', port=9004): Read timed out.",0,59.56268577710819
337,2026-09-21T07:59:36.511+00:00,2026-09-21T08:04:36.617+00:00,2026-09-21T08:04:36.617+00:00,False,1,0.0,,0.0,300105.97062599997,300105.97062599997,300105.97062599997,300105.97062599997,300105.97062599997,300105.97062599997,nan,300105.97062599997,nan,nan,0.0,46,64,,True,False,"HTTPConnectionPool(host='gpu06', port=9004): Read timed out.",0,59.56268577710819
338,2026-09-21T07:59:36.748+00:00,2026-09-21T08:04:36.852+00:00,2026-09-21T08:04:36.852+00:00,False,1,0.0,,0.0,300103.754381,300103.754381,300103.754381,300103.754381,300103.754381,300103.754381,nan,300103.754381,nan,nan,0.0,46,64,,True,False,"HTTPConnectionPool(host='gpu06', port=9004): Read timed out.",0,59.56268577710819
339,2026-09-21T07:59:37.084+00:00,2026-09-21T08:04:37.187+00:00,2026-09-21T08:04:37.187+00:00,False,1,0.0,,0.0,300103.054971,300103.054971,300103.054971,300103.054971,300103.054971,300103.054971,nan,300103.054971,nan,nan,0.0,46,64,,True,False,"HTTPConnectionPool(host='gpu06', port=9004): Read timed out.",0,59.56268577710819
340,2026-09-21T07:59:37.318+00:00,2026-09-21T08:04:37.424+00:00,2026-09-21T08:04:37.424+00:00,False,1,0.0,,0.0,300106.533996,300106.533996,300106.533996,300106.533996,300106.533996,300106.533996,nan,300106.533996,nan,nan,0.0,46,64,,True,False,"HTTPConnectionPool(host='gpu06', port=9004): Read timed out.",0,59.56268577710819
341,2026-09-21T07:59:37.661+00:00,2026-09-21T08:04:37.766+00:00,2026-09-21T08:04:37.766+00:00,False,1,0.0,,0.0,300105.211394,300105.211394,300105.211394,300105.211394,300105.211394,300105.211394,nan,300105.211394,nan,nan,0.0,46,64,,True,False,"HTTPConnectionPool(host='gpu06', port=9004): Read timed out.",0,59.56268577710819
342,2026-09-21T07:59:37.954+00:00,2026-09-21T08:04:37.911+00:00,2026-09-21T08:04:38.080+00:00,False,3,2.0,,2.0,299956.78709,300125.482642,300125.48257,100041.82752333333,0.037380000000000004,299956.78709,173131.4541097119,269977.974191,84.347776,119.23291112910059,0.006663879329385931,46,64,,True,False,Request timeout: 300.0s exceeded,4,59.56268577710819
343,2026-09-21T07:59:38.227+00:00,2026-09-21T08:04:38.251+00:00,2026-09-21T08:04:38.251+00:00,False,1,0.0,,0.0,300023.958866,300023.958866,300023.958866,300023.958866,300023.958866,300023.958866,nan,300023.958866,nan,nan,0.0,46,64,,True,False,TTFT timeout: 300.0s exceeded (TTFT: 300.009s),0,59.56268577710819
344,2026-09-21T07:59:38.535+00:00,2026-09-21T08:04:38.652+00:00,2026-09-21T08:04:38.652+00:00,False,1,0.0,,0.0,300116.885114,300116.885114,300116.885114,300116.885114,300116.885114,300116.885114,nan,300116.885114,nan,nan,0.0,46,64,,True,False,"HTTPConnectionPool(host='gpu06', port=9004): Read timed out.",0,59.56268577710819
345,2026-09-21T07:59:38.822+00:00,2026-09-21T08:04:38.928+00:00,2026-09-21T08:04:38.928+00:00,False,1,0.0,,0.0,300106.546281,300106.546281,300106.546281,300106.546281,300106.546281,300106.546281,nan,300106.546281,nan,nan,0.0,46,64,,True,False,"HTTPConnectionPool(host='gpu06', port=9004): Read timed out.",0,59.56268577710819
346,2026-09-21T07:59:39.023+00:00,2026-09-21T08:04:39.150+00:00,2026-09-21T08:04:39.150+00:00,False,1,0.0,,0.0,300127.81526099995,300127.81526099995,300127.81526099995,300127.81526099995,300127.81526099995,300127.81526099995,nan,300127.81526099995,nan,nan,0.0,46,64,,True,False,"HTTPConnectionPool(host='gpu06', port=9004): Read timed out.",0,59.56268577710819
347,2026-09-21T07:59:39.227+00:00,2026-09-21T08:04:39.319+00:00,2026-09-21T08:04:39.319+00:00,False,1,0.0,,0.0,300092.42846200004,300092.42846200004,300092.42846200004,300092.42846200004,300092.42846200004,300092.42846200004,nan,300092.42846200004,nan,nan,0.0,46,64,,True,False,"HTTPConnectionPool(host='gpu06', port=9004): Read timed out.",0,59.56268577710819
348,2026-09-21T07:59:39.568+00:00,2026-09-21T08:04:39.675+00:00,2026-09-21T08:04:39.675+00:00,False,1,0.0,,0.0,300106.62351999996,300106.62351999996,300106.62351999996,300106.62351999996,300106.62351999996,300106.62351999996,nan,300106.62351999996,nan,nan,0.0,46,64,,True,False,"HTTPConnectionPool(host='gpu06', port=9004): Read timed out.",0,59.56268577710819
349,2026-09-21T07:59:39.823+00:00,2026-09-21T08:04:39.930+00:00,2026-09-21T08:04:39.930+00:00,False,1,0.0,,0.0,300107.018812,300107.018812,300107.018812,300107.018812,300107.018812,300107.018812,nan,300107.018812,nan,nan,0.0,46,64,,True,False,"HTTPConnectionPool(host='gpu06', port=9004): Read timed out.",0,59.56268577710819
350,2026-09-21T07:59:40.146+00:00,2026-09-21T08:04:40.155+00:00,2026-09-21T08:04:40.462+00:00,False,3,2.0,,2.0,300009.35958999995,300316.416742,300316.41680099996,100105.47226699999,0.043,300009.35958999995,173121.91277526395,270039.1250521,153.528576,217.06137189413792,0.006659642591960559,46,64,,True,False,Request timeout: 300.0s exceeded,11,59.56268577710819
351,2026-09-21T07:59:40.407+00:00,2026-09-21T08:04:40.462+00:00,2026-09-21T08:04:40.462+00:00,False,1,0.0,,0.0,300055.91425800003,300055.91425800003,300055.91425800003,300055.91425800003,300055.91425800003,300055.91425800003,nan,300055.91425800003,nan,nan,0.0,46,64,,True,False,TTFT timeout: 300.0s exceeded (TTFT: 300.043s),0,59.56268577710819
352,2026-09-21T07:59:40.609+00:00,2026-09-21T08:04:40.623+00:00,2026-09-21T08:04:40.623+00:00,False,1,0.0,,0.0,300013.844251,300013.844251,300013.844251,300013.844251,300013.844251,300013.844251,nan,300013.844251,nan,nan,0.0,46,64,,True,False,TTFT timeout: 300.0s exceeded (TTFT: 300.008s),0,59.56268577710819
353,2026-09-21T07:59:40.927+00:00,2026-09-21T08:04:41.030+00:00,2026-09-21T08:04:41.030+00:00,False,1,0.0,,0.0,300102.721498,300102.721498,300102.721498,300102.721498,300102.721498,300102.721498,nan,300102.721498,nan,nan,0.0,46,64,,True,False,"HTTPConnectionPool(host='gpu06', port=9004): Read timed out.",0,59.56268577710819
354,2026-09-21T07:59:41.198+00:00,2026-09-21T08:04:41.238+00:00,2026-09-21T08:04:41.238+00:00,False,1,0.0,,0.0,300039.829171,300039.829171,300039.829171,300039.829171,300039.829171,300039.829171,nan,300039.829171,nan,nan,0.0,46,64,,True,False,"HTTPConnectionPool(host='gpu06', port=9004): Read timed out.",0,59.56268577710819
355,2026-09-21T07:59:41.522+00:00,2026-09-21T08:04:41.626+00:00,2026-09-21T08:04:41.626+00:00,False,1,0.0,,0.0,300104.619959,300104.619959,300104.619959,300104.619959,300104.619959,300104.619959,nan,300104.619959,nan,nan,0.0,46,64,,True,False,"HTTPConnectionPool(host='gpu06', port=9004): Read timed out.",0,59.56268577710819
356,2026-09-21T07:59:41.831+00:00,2026-09-21T08:04:41.947+00:00,2026-09-21T08:04:41.947+00:00,False,1,0.0,,0.0,300115.835343,300115.835343,300115.835343,300115.835343,300115.835343,300115.835343,nan,300115.835343,nan,nan,0.0,46,64,,True,False,"HTTPConnectionPool(host='gpu06', port=9004): Read timed out.",0,59.56268577710819
357,2026-09-21T07:59:42.148+00:00,2026-09-21T08:04:42.194+00:00,2026-09-21T08:04:42.194+00:00,False,1,0.0,,0.0,300045.92081,300045.92081,300045.92081,300045.92081,300045.92081,300045.92081,nan,300045.92081,nan,nan,0.0,46,64,,True,False,TTFT timeout: 300.0s exceeded (TTFT: 300.042s),0,59.56268577710819
358,2026-09-21T07:59:42.451+00:00,2026-09-21T08:04:42.455+00:00,2026-09-21T08:04:42.600+00:00,False,3,2.0,,2.0,300003.928467,300149.409171,300149.40906800004,100049.80302266667,0.04117,300003.928467,173165.36748674582,270018.0795634,72.740352,102.81210410400612,0.006663348115606543,46,64,,True,False,Request timeout: 300.0s exceeded,12,59.56268577710819
359,2026-09-21T07:59:42.753+00:00,2026-09-21T08:04:42.769+00:00,2026-09-21T08:04:42.769+00:00,False,1,0.0,,0.0,300016.030501,300016.030501,300016.030501,300016.030501,300016.030501,300016.030501,nan,300016.030501,nan,nan,0.0,46,64,,True,False,TTFT timeout: 300.0s exceeded (TTFT: 300.002s),0,59.56268577710819
360,2026-09-21T07:59:42.976+00:00,2026-09-21T08:04:43.081+00:00,2026-09-21T08:04:43.081+00:00,False,1,0.0,,0.0,300105.533842,300105.533842,300105.533842,300105.533842,300105.533842,300105.533842,nan,300105.533842,nan,nan,0.0,46,64,,True,False,"HTTPConnectionPool(host='gpu06', port=9004): Read timed out.",0,59.56268577710819
361,2026-09-21T07:59:43.258+00:00,2026-09-21T08:04:43.269+00:00,2026-09-21T08:04:43.269+00:00,False,1,0.0,,0.0,300011.06804600003,300011.06804600003,300011.06804600003,300011.06804600003,300011.06804600003,300011.06804600003,nan,300011.06804600003,nan,nan,0.0,46,64,,True,False,"HTTPConnectionPool(host='gpu06', port=9004): Read timed out.",0,59.56268577710819
362,2026-09-21T07:59:43.509+00:00,2026-09-21T08:04:43.613+00:00,2026-09-21T08:04:43.613+00:00,False,1,0.0,,0.0,300104.61356300005,300104.61356300005,300104.61356300005,300104.61356300005,300104.61356300005,300104.61356300005,nan,300104.61356300005,nan,nan,0.0,46,64,,True,False,"HTTPConnectionPool(host='gpu06', port=9004): Read timed out.",0,59.56268577710819
363,2026-09-21T07:59:43.833+00:00,2026-09-21T08:04:43.940+00:00,2026-09-21T08:04:43.940+00:00,False,1,0.0,,0.0,300107.44967500004,300107.44967500004,300107.44967500004,300107.44967500004,300107.44967500004,300107.44967500004,nan,300107.44967500004,nan,nan,0.0,46,64,,True,False,"HTTPConnectionPool(host='gpu06', port=9004): Read timed out.",0,59.56268577710819
364,2026-09-21T07:59:44.046+00:00,2026-09-21T08:04:44.158+00:00,2026-09-21T08:04:44.158+00:00,False,1,0.0,,0.0,300112.025272,300112.025272,300112.025272,300112.025272,300112.025272,300112.025272,nan,300112.025272,nan,nan,0.0,46,64,,True,False,"HTTPConnectionPool(host='gpu06', port=9004): Read timed out.",0,59.56268577710819
365,2026-09-21T07:59:44.302+00:00,2026-09-21T08:04:44.403+00:00,2026-09-21T08:04:44.403+00:00,False,1,0.0,,0.0,300100.09585399996,300100.09585399996,300100.09585399996,300100.09585399996,300100.09585399996,300100.09585399996,nan,300100.09585399996,nan,nan,0.0,46,64,,True,False,"HTTPConnectionPool(host='gpu06', port=9004): Read timed out.",0,59.56268577710819
366,2026-09-21T07:59:44.566+00:00,2026-09-21T08:04:44.635+00:00,2026-09-21T08:04:44.635+00:00,False,1,0.0,,0.0,300068.784687,300068.784687,300068.784687,300068.784687,300068.784687,300068.784687,nan,300068.784687,nan,nan,0.0,46,64,,True,False,TTFT timeout: 300.0s exceeded (TTFT: 300.061s),0,59.56268577710819
367,2026-09-21T07:59:44.764+00:00,2026-09-21T08:04:44.750+00:00,2026-09-21T08:04:44.922+00:00,False,3,2.0,,2.0,299986.499083,300157.993995,300157.994123,100052.66470766667,0.03282,299986.499083,173147.8008610771,270004.9953967,85.747456,121.21887426417838,0.006663157537071345,46,64,,True,False,Request timeout: 300.0s exceeded,12,59.56268577710819
368,2026-09-21T07:59:45.020+00:00,2026-09-21T08:04:45.064+00:00,2026-09-21T08:04:45.064+00:00,False,1,0.0,,0.0,300044.279681,300044.279681,300044.279681,300044.279681,300044.279681,300044.279681,nan,300044.279681,nan,nan,0.0,46,64,,True,False,TTFT timeout: 300.0s exceeded (TTFT: 300.041s),0,59.56268577710819
369,2026-09-21T07:59:45.241+00:00,2026-09-21T08:04:45.345+00:00,2026-09-21T08:04:45.345+00:00,False,1,0.0,,0.0,300104.199565,300104.199565,300104.199565,300104.199565,300104.199565,300104.199565,nan,300104.199565,nan,nan,0.0,46,64,,True,False,"HTTPConnectionPool(host='gpu06', port=9004): Read timed out.",0,59.56268577710819
370,2026-09-21T07:59:45.562+00:00,2026-09-21T08:04:45.986+00:00,2026-09-21T08:04:47.076+00:00,False,19,18.0,,18.0,300423.548568,301514.49256800005,301514.492641,15869.183823210527,0.026510000000000002,300423.548568,68907.99127093384,30195.130539900005,60.608,31.57892528746726,0.05969862293083803,46,64,,True,False,Request timeout: 300.0s exceeded,68,59.56268577710819
371,2026-09-21T07:59:45.825+00:00,2026-09-21T08:04:46.200+00:00,2026-09-21T08:04:47.128+00:00,False,18,17.0,,17.0,300374.349241,301303.09983300004,301303.09992400004,16739.06110688889,0.02933,300374.349241,70786.03789491122,45122.636398400005,54.63238776470588,16.42050224234329,0.056421590117799666,46,64,,True,False,Request timeout: 300.0s exceeded,69,59.56268577710819
376,2026-09-21T07:59:47.175+00:00,2026-09-21T08:04:47.231+00:00,2026-09-21T08:04:47.231+00:00,False,1,0.0,,0.0,300056.30018,300056.30018,300056.30018,300056.30018,300056.30018,300056.30018,nan,300056.30018,nan,nan,0.0,46,64,,True,False,"HTTPConnectionPool(host='gpu06', port=9004): Read timed out.",0,59.56268577710819
372,2026-09-21T07:59:46.030+00:00,2026-09-21T08:04:47.251+00:00,2026-09-21T08:04:47.251+00:00,False,1,0.0,,0.0,301220.672118,301220.672118,301220.672118,301220.672118,301220.672118,301220.672118,nan,301220.672118,nan,nan,0.0,46,64,,True,False,"HTTPConnectionPool(host='gpu06', port=9004): Read timed out.",0,59.56268577710819
373,2026-09-21T07:59:46.315+00:00,2026-09-21T08:04:47.452+00:00,2026-09-21T08:04:47.452+00:00,False,1,0.0,,0.0,301137.00910100003,301137.00910100003,301137.00910100003,301137.00910100003,301137.00910100003,301137.00910100003,nan,301137.00910100003,nan,nan,0.0,46,64,,True,False,"HTTPConnectionPool(host='gpu06', port=9004): Read timed out.",0,59.56268577710819
377,2026-09-21T07:59:47.505+00:00,2026-09-21T08:04:47.526+00:00,2026-09-21T08:04:47.526+00:00,False,1,0.0,,0.0,300020.450593,300020.450593,300020.450593,300020.450593,300020.450593,300020.450593,nan,300020.450593,nan,nan,0.0,46,64,,True,False,"HTTPConnectionPool(host='gpu06', port=9004): Read timed out.",0,59.56268577710819
374,2026-09-21T07:59:46.553+00:00,2026-09-21T08:04:47.613+00:00,2026-09-21T08:04:47.613+00:00,False,1,0.0,,0.0,301059.91559,301059.91559,301059.91559,301059.91559,301059.91559,301059.91559,nan,301059.91559,nan,nan,0.0,46,64,,True,False,"HTTPConnectionPool(host='gpu06', port=9004): Read timed out.",0,59.56268577710819
378,2026-09-21T07:59:47.706+00:00,2026-09-21T08:04:47.727+00:00,2026-09-21T08:04:47.727+00:00,False,1,0.0,,0.0,300021.525152,300021.525152,300021.525152,300021.525152,300021.525152,300021.525152,nan,300021.525152,nan,nan,0.0,46,64,,True,False,"HTTPConnectionPool(host='gpu06', port=9004): Read timed out.",0,59.56268577710819
375,2026-09-21T07:59:46.883+00:00,2026-09-21T08:04:47.928+00:00,2026-09-21T08:04:47.928+00:00,False,1,0.0,,0.0,301044.969442,301044.969442,301044.969442,301044.969442,301044.969442,301044.969442,nan,301044.969442,nan,nan,0.0,46,64,,True,False,"HTTPConnectionPool(host='gpu06', port=9004): Read timed out.",0,59.56268577710819
379,2026-09-21T07:59:48.043+00:00,2026-09-21T08:04:48.140+00:00,2026-09-21T08:04:48.140+00:00,False,1,0.0,,0.0,300097.216267,300097.216267,300097.216267,300097.216267,300097.216267,300097.216267,nan,300097.216267,nan,nan,0.0,46,64,,True,False,"HTTPConnectionPool(host='gpu06', port=9004): Read timed out.",0,59.56268577710819
380,2026-09-21T07:59:48.318+00:00,2026-09-21T08:04:48.429+00:00,2026-09-21T08:04:48.429+00:00,False,1,0.0,,0.0,300111.40178500005,300111.40178500005,300111.40178500005,300111.40178500005,300111.40178500005,300111.40178500005,nan,300111.40178500005,nan,nan,0.0,46,64,,True,False,"HTTPConnectionPool(host='gpu06', port=9004): Read timed out.",0,59.56268577710819
381,2026-09-21T07:59:48.617+00:00,2026-09-21T08:04:48.739+00:00,2026-09-21T08:04:48.739+00:00,False,1,0.0,,0.0,300121.71745,300121.71745,300121.71745,300121.71745,300121.71745,300121.71745,nan,300121.71745,nan,nan,0.0,46,64,,True,False,"HTTPConnectionPool(host='gpu06', port=9004): Read timed out.",0,59.56268577710819
382,2026-09-21T07:59:48.885+00:00,2026-09-21T08:04:48.969+00:00,2026-09-21T08:04:48.969+00:00,False,1,0.0,,0.0,300084.20263200003,300084.20263200003,300084.20263200003,300084.20263200003,300084.20263200003,300084.20263200003,nan,300084.20263200003,nan,nan,0.0,46,64,,True,False,"HTTPConnectionPool(host='gpu06', port=9004): Read timed out.",0,59.56268577710819
383,2026-09-21T07:59:49.239+00:00,2026-09-21T08:04:49.283+00:00,2026-09-21T08:04:49.283+00:00,False,1,0.0,,0.0,300044.198292,300044.198292,300044.198292,300044.198292,300044.198292,300044.198292,nan,300044.198292,nan,nan,0.0,46,64,,True,False,TTFT timeout: 300.0s exceeded (TTFT: 300.042s),0,59.56268577710819
384,2026-09-21T07:59:49.521+00:00,2026-09-21T08:04:49.610+00:00,2026-09-21T08:04:49.610+00:00,False,1,0.0,,0.0,300088.941397,300088.941397,300088.941397,300088.941397,300088.941397,300088.941397,nan,300088.941397,nan,nan,0.0,46,64,,True,False,"HTTPConnectionPool(host='gpu06', port=9004): Read timed out.",0,59.56268577710819
385,2026-09-21T07:59:49.743+00:00,2026-09-21T08:04:49.832+00:00,2026-09-21T08:04:49.832+00:00,False,1,0.0,,0.0,300088.982695,300088.982695,300088.982695,300088.982695,300088.982695,300088.982695,nan,300088.982695,nan,nan,0.0,46,64,,True,False,"HTTPConnectionPool(host='gpu06', port=9004): Read timed out.",0,59.56268577710819
386,2026-09-21T07:59:49.986+00:00,2026-09-21T08:04:50.068+00:00,2026-09-21T08:04:50.068+00:00,False,1,0.0,,0.0,300081.94010799995,300081.94010799995,300081.94010799995,300081.94010799995,300081.94010799995,300081.94010799995,nan,300081.94010799995,nan,nan,0.0,46,64,,True,False,"HTTPConnectionPool(host='gpu06', port=9004): Read timed out.",0,59.56268577710819
387,2026-09-21T07:59:50.341+00:00,2026-09-21T08:04:50.445+00:00,2026-09-21T08:04:50.445+00:00,False,1,0.0,,0.0,300104.539384,300104.539384,300104.539384,300104.539384,300104.539384,300104.539384,nan,300104.539384,nan,nan,0.0,46,64,,True,False,"HTTPConnectionPool(host='gpu06', port=9004): Read timed out.",0,59.56268577710819
388,2026-09-21T07:59:50.549+00:00,2026-09-21T08:04:50.654+00:00,2026-09-21T08:04:50.654+00:00,False,1,0.0,,0.0,300104.950513,300104.950513,300104.950513,300104.950513,300104.950513,300104.950513,nan,300104.950513,nan,nan,0.0,46,64,,True,False,"HTTPConnectionPool(host='gpu06', port=9004): Read timed out.",0,59.56268577710819
389,2026-09-21T07:59:50.816+00:00,2026-09-21T08:04:50.873+00:00,2026-09-21T08:04:50.873+00:00,False,1,0.0,,0.0,300057.687766,300057.687766,300057.687766,300057.687766,300057.687766,300057.687766,nan,300057.687766,nan,nan,0.0,46,64,,True,False,"HTTPConnectionPool(host='gpu06', port=9004): Read timed out.",0,59.56268577710819
390,2026-09-21T07:59:51.049+00:00,2026-09-21T08:04:51.074+00:00,2026-09-21T08:04:51.074+00:00,False,1,0.0,,0.0,300025.08491399995,300025.08491399995,300025.08491399995,300025.08491399995,300025.08491399995,300025.08491399995,nan,300025.08491399995,nan,nan,0.0,46,64,,True,False,TTFT timeout: 300.0s exceeded (TTFT: 300.018s),0,59.56268577710819
391,2026-09-21T07:59:51.326+00:00,2026-09-21T08:04:51.338+00:00,2026-09-21T08:04:51.338+00:00,False,1,0.0,,0.0,300011.43253399996,300011.43253399996,300011.43253399996,300011.43253399996,300011.43253399996,300011.43253399996,nan,300011.43253399996,nan,nan,0.0,46,64,,True,False,TTFT timeout: 300.0s exceeded (TTFT: 300.006s),0,59.56268577710819
392,2026-09-21T07:59:51.612+00:00,2026-09-21T08:04:51.566+00:00,2026-09-21T08:04:51.657+00:00,False,4,3.0,,3.0,299954.220354,300045.51584199996,300045.515928,75011.378982,0.03601,299954.220354,149961.89579078494,254968.09235745002,30.431829333333333,26.345239055354906,0.009998483035419734,46,64,,True,False,Request timeout: 300.0s exceeded,9,59.56268577710819
393,2026-09-21T07:59:51.823+00:00,2026-09-21T08:04:51.930+00:00,2026-09-21T08:04:51.930+00:00,False,1,0.0,,0.0,300107.038763,300107.038763,300107.038763,300107.038763,300107.038763,300107.038763,nan,300107.038763,nan,nan,0.0,46,64,,True,False,"HTTPConnectionPool(host='gpu06', port=9004): Read timed out.",0,59.56268577710819
394,2026-09-21T07:59:52.077+00:00,2026-09-21T08:04:52.169+00:00,2026-09-21T08:04:52.169+00:00,False,1,0.0,,0.0,300091.82632700005,300091.82632700005,300091.82632700005,300091.82632700005,300091.82632700005,300091.82632700005,nan,300091.82632700005,nan,nan,0.0,46,64,,True,False,"HTTPConnectionPool(host='gpu06', port=9004): Read timed out.",0,59.56268577710819
395,2026-09-21T07:59:52.348+00:00,2026-09-21T08:04:52.360+00:00,2026-09-21T08:04:52.360+00:00,False,1,0.0,,0.0,300011.96545099997,300011.96545099997,300011.96545099997,300011.96545099997,300011.96545099997,300011.96545099997,nan,300011.96545099997,nan,nan,0.0,46,64,,True,False,"HTTPConnectionPool(host='gpu06', port=9004): Read timed out.",0,59.56268577710819
396,2026-09-21T07:59:52.564+00:00,2026-09-21T08:04:52.669+00:00,2026-09-21T08:04:52.669+00:00,False,1,0.0,,0.0,300105.477273,300105.477273,300105.477273,300105.477273,300105.477273,300105.477273,nan,300105.477273,nan,nan,0.0,46,64,,True,False,"HTTPConnectionPool(host='gpu06', port=9004): Read timed out.",0,59.56268577710819
398,2026-09-21T07:59:54.376+00:00,2026-09-21T08:04:53.736+00:00,2026-09-21T08:04:54.325+00:00,True,11,11.0,,11.0,299360.036848,299949.00785600004,299949.00793200004,27268.09163018182,44.951968,299360.036848,90242.68960436419,149719.07149650002,58.8971008,10.288336877691153,0.03667290009934254,46,64,,True,True,,77,59.56268577710819
397,2026-09-21T07:59:54.335+00:00,2026-09-21T08:04:54.968+00:00,2026-09-21T08:04:54.968+00:00,False,1,0.0,,0.0,300633.069877,300633.069877,300633.069877,300633.069877,300633.069877,300633.069877,nan,300633.069877,nan,nan,0.0,46,64,,True,False,"HTTPConnectionPool(host='gpu06', port=9004): Read timed out.",0,59.56268577710819
399,2026-09-21T07:59:54.454+00:00,2026-09-21T08:04:55.010+00:00,2026-09-21T08:04:55.010+00:00,False,1,0.0,,0.0,300556.201703,300556.201703,300556.201703,300556.201703,300556.201703,300556.201703,nan,300556.201703,nan,nan,0.0,46,64,,True,False,"HTTPConnectionPool(host='gpu06', port=9004): Read timed out.",0,59.56268577710819
404,2026-09-21T07:59:55.079+00:00,2026-09-21T08:04:55.142+00:00,2026-09-21T08:04:55.142+00:00,False,1,0.0,,0.0,300063.11922000005,300063.11922000005,300063.11922000005,300063.11922000005,300063.11922000005,300063.11922000005,nan,300063.11922000005,nan,nan,0.0,46,64,,True,False,"HTTPConnectionPool(host='gpu06', port=9004): Read timed out.",0,59.56268577710819
400,2026-09-21T07:59:54.813+00:00,2026-09-21T08:04:55.143+00:00,2026-09-21T08:04:55.143+00:00,False,1,0.0,,0.0,300329.93137400004,300329.93137400004,300329.93137400004,300329.93137400004,300329.93137400004,300329.93137400004,nan,300329.93137400004,nan,nan,0.0,46,64,,True,False,"HTTPConnectionPool(host='gpu06', port=9004): Read timed out.",0,59.56268577710819
402,2026-09-21T07:59:54.929+00:00,2026-09-21T08:04:55.164+00:00,2026-09-21T08:04:55.164+00:00,False,1,0.0,,0.0,300235.150583,300235.150583,300235.150583,300235.150583,300235.150583,300235.150583,nan,300235.150583,nan,nan,0.0,46,64,,True,False,"HTTPConnectionPool(host='gpu06', port=9004): Read timed out.",0,59.56268577710819
403,2026-09-21T07:59:55.032+00:00,2026-09-21T08:04:55.350+00:00,2026-09-21T08:04:55.350+00:00,False,1,0.0,,0.0,300318.272322,300318.272322,300318.272322,300318.272322,300318.272322,300318.272322,nan,300318.272322,nan,nan,0.0,46,64,,True,False,"HTTPConnectionPool(host='gpu06', port=9004): Read timed out.",0,59.56268577710819
401,2026-09-21T07:59:54.833+00:00,2026-09-21T08:04:55.516+00:00,2026-09-21T08:04:55.516+00:00,False,1,0.0,,0.0,300682.892109,300682.892109,300682.892109,300682.892109,300682.892109,300682.892109,nan,300682.892109,nan,nan,0.0,46,64,,True,False,"HTTPConnectionPool(host='gpu06', port=9004): Read timed out.",0,59.56268577710819
405,2026-09-21T07:59:55.370+00:00,2026-09-21T08:04:55.562+00:00,2026-09-21T08:04:55.562+00:00,False,1,0.0,,0.0,300192.480419,300192.480419,300192.480419,300192.480419,300192.480419,300192.480419,nan,300192.480419,nan,nan,0.0,46,64,,True,False,"HTTPConnectionPool(host='gpu06', port=9004): Read timed out.",0,59.56268577710819
406,2026-09-21T07:59:55.623+00:00,2026-09-21T08:04:55.765+00:00,2026-09-21T08:04:55.765+00:00,False,1,0.0,,0.0,300141.623065,300141.623065,300141.623065,300141.623065,300141.623065,300141.623065,nan,300141.623065,nan,nan,0.0,46,64,,True,False,"HTTPConnectionPool(host='gpu06', port=9004): Read timed out.",0,59.56268577710819
407,2026-09-21T07:59:55.905+00:00,2026-09-21T08:04:56.013+00:00,2026-09-21T08:04:56.013+00:00,False,1,0.0,,0.0,300107.86227499996,300107.86227499996,300107.86227499996,300107.86227499996,300107.86227499996,300107.86227499996,nan,300107.86227499996,nan,nan,0.0,46,64,,True,False,"HTTPConnectionPool(host='gpu06', port=9004): Read timed out.",0,59.56268577710819
408,2026-09-21T07:59:56.231+00:00,2026-09-21T08:04:56.338+00:00,2026-09-21T08:04:56.338+00:00,False,1,0.0,,0.0,300107.189816,300107.189816,300107.189816,300107.189816,300107.189816,300107.189816,nan,300107.189816,nan,nan,0.0,46,64,,True,False,"HTTPConnectionPool(host='gpu06', port=9004): Read timed out.",0,59.56268577710819
409,2026-09-21T07:59:56.513+00:00,2026-09-21T08:04:56.627+00:00,2026-09-21T08:04:56.627+00:00,False,1,0.0,,0.0,300114.312203,300114.312203,300114.312203,300114.312203,300114.312203,300114.312203,nan,300114.312203,nan,nan,0.0,46,64,,True,False,"HTTPConnectionPool(host='gpu06', port=9004): Read timed out.",0,59.56268577710819
410,2026-09-21T07:59:56.807+00:00,2026-09-21T08:04:56.917+00:00,2026-09-21T08:04:56.917+00:00,False,1,0.0,,0.0,300110.797419,300110.797419,300110.797419,300110.797419,300110.797419,300110.797419,nan,300110.797419,nan,nan,0.0,46,64,,True,False,TTFT timeout: 300.0s exceeded (TTFT: 300.098s),0,59.56268577710819
411,2026-09-21T07:59:57.167+00:00,2026-09-21T08:04:57.190+00:00,2026-09-21T08:04:57.190+00:00,False,1,0.0,,0.0,300022.700352,300022.700352,300022.700352,300022.700352,300022.700352,300022.700352,nan,300022.700352,nan,nan,0.0,46,64,,True,False,TTFT timeout: 300.0s exceeded (TTFT: 300.014s),0,59.56268577710819
412,2026-09-21T07:59:57.523+00:00,2026-09-21T08:04:57.500+00:00,2026-09-21T08:04:57.584+00:00,False,3,2.0,,2.0,299976.67482099996,300060.33485299995,300060.334926,100020.11164199999,0.0287,299976.67482099996,173167.46841171157,269987.3704794,41.830016,59.116027610223206,0.00666532616175278,46,64,,True,False,Request timeout: 300.0s exceeded,10,59.56268577710819
413,2026-09-21T07:59:57.731+00:00,2026-09-21T08:04:57.836+00:00,2026-09-21T08:04:57.836+00:00,False,1,0.0,,0.0,300105.096702,300105.096702,300105.096702,300105.096702,300105.096702,300105.096702,nan,300105.096702,nan,nan,0.0,46,64,,True,False,"HTTPConnectionPool(host='gpu06', port=9004): Read timed out.",0,59.56268577710819
414,2026-09-21T07:59:58.065+00:00,2026-09-21T08:04:58.184+00:00,2026-09-21T08:04:58.184+00:00,False,1,0.0,,0.0,300118.890082,300118.890082,300118.890082,300118.890082,300118.890082,300118.890082,nan,300118.890082,nan,nan,0.0,46,64,,True,False,"HTTPConnectionPool(host='gpu06', port=9004): Read timed out.",0,59.56268577710819
415,2026-09-21T07:59:58.346+00:00,2026-09-21T08:04:58.452+00:00,2026-09-21T08:04:58.452+00:00,False,1,0.0,,0.0,300105.65824099997,300105.65824099997,300105.65824099997,300105.65824099997,300105.65824099997,300105.65824099997,nan,300105.65824099997,nan,nan,0.0,46,64,,True,False,"HTTPConnectionPool(host='gpu06', port=9004): Read timed out.",0,59.56268577710819
416,2026-09-21T07:59:58.651+00:00,2026-09-21T08:04:58.749+00:00,2026-09-21T08:04:58.749+00:00,False,1,0.0,,0.0,300098.393365,300098.393365,300098.393365,300098.393365,300098.393365,300098.393365,nan,300098.393365,nan,nan,0.0,46,64,,True,False,"HTTPConnectionPool(host='gpu06', port=9004): Read timed out.",0,59.56268577710819
417,2026-09-21T07:59:58.859+00:00,2026-09-21T08:04:58.964+00:00,2026-09-21T08:04:58.964+00:00,False,1,0.0,,0.0,300104.715834,300104.715834,300104.715834,300104.715834,300104.715834,300104.715834,nan,300104.715834,nan,nan,0.0,46,64,,True,False,"HTTPConnectionPool(host='gpu06', port=9004): Read timed out.",0,59.56268577710819
418,2026-09-21T07:59:59.148+00:00,2026-09-21T08:04:59.213+00:00,2026-09-21T08:04:59.213+00:00,False,1,0.0,,0.0,300064.88286400004,300064.88286400004,300064.88286400004,300064.88286400004,300064.88286400004,300064.88286400004,nan,300064.88286400004,nan,nan,0.0,46,64,,True,False,TTFT timeout: 300.0s exceeded (TTFT: 300.058s),0,59.56268577710819
419,2026-09-21T07:59:59.453+00:00,2026-09-21T08:04:59.374+00:00,2026-09-21T08:04:59.489+00:00,False,4,3.0,,3.0,299920.743617,300035.601857,300035.60173,75008.9004325,0.03842,299920.743617,149941.2312422146,254941.6126235,38.28608,33.214726339573176,0.009998813412249093,46,64,,True,False,Request timeout: 300.0s exceeded,8,59.56268577710819
420,2026-09-21T07:59:59.764+00:00,2026-09-21T08:04:59.880+00:00,2026-09-21T08:04:59.880+00:00,False,1,0.0,,0.0,300116.16548799997,300116.16548799997,300116.16548799997,300116.16548799997,300116.16548799997,300116.16548799997,nan,300116.16548799997,nan,nan,0.0,46,64,,True,False,"HTTPConnectionPool(host='gpu06', port=9004): Read timed out.",0,59.56268577710819
421,2026-09-21T07:59:59.973+00:00,2026-09-21T08:05:00.078+00:00,2026-09-21T08:05:00.078+00:00,False,1,0.0,,0.0,300104.840788,300104.840788,300104.840788,300104.840788,300104.840788,300104.840788,nan,300104.840788,nan,nan,0.0,46,64,,True,False,"HTTPConnectionPool(host='gpu06', port=9004): Read timed out.",0,59.56268577710819
422,2026-09-21T08:00:00.300+00:00,2026-09-21T08:05:00.407+00:00,2026-09-21T08:05:00.407+00:00,False,1,0.0,,0.0,300107.134419,300107.134419,300107.134419,300107.134419,300107.134419,300107.134419,nan,300107.134419,nan,nan,0.0,46,64,,True,False,"HTTPConnectionPool(host='gpu06', port=9004): Read timed out.",0,59.56268577710819
423,2026-09-21T08:00:00.647+00:00,2026-09-21T08:05:00.772+00:00,2026-09-21T08:05:00.772+00:00,False,1,0.0,,0.0,300124.493267,300124.493267,300124.493267,300124.493267,300124.493267,300124.493267,nan,300124.493267,nan,nan,0.0,46,64,,True,False,"HTTPConnectionPool(host='gpu06', port=9004): Read timed out.",0,59.56268577710819
424,2026-09-21T08:00:01.000+00:00,2026-09-21T08:05:01.100+00:00,2026-09-21T08:05:01.100+00:00,False,1,0.0,,0.0,300099.857546,300099.857546,300099.857546,300099.857546,300099.857546,300099.857546,nan,300099.857546,nan,nan,0.0,46,64,,True,False,"HTTPConnectionPool(host='gpu06', port=9004): Read timed out.",0,59.56268577710819
425,2026-09-21T08:00:01.358+00:00,2026-09-21T08:05:01.383+00:00,2026-09-21T08:05:01.702+00:00,True,6,6.0,,6.0,300025.009356,300343.490252,300343.490347,50057.248391166664,43.401567,300025.009356,122458.6952739983,225045.30391799996,63.6961792,24.57091189622435,0.01997712683889291,46,64,,True,True,,27,59.56268577710819
426,2026-09-21T08:00:01.662+00:00,2026-09-21T08:05:02.177+00:00,2026-09-21T08:05:03.069+00:00,False,18,17.0,,17.0,300514.368111,301406.565231,301406.565266,16744.809181444445,0.02608,300514.368111,70819.54722433967,45136.30308289999,52.48218352941176,15.268071938980762,0.056402221985347556,46,64,,True,False,Request timeout: 300.0s exceeded,34,59.56268577710819
427,2026-09-21T08:00:01.884+00:00,2026-09-21T08:05:02.678+00:00,2026-09-21T08:05:03.069+00:00,False,9,8.0,,8.0,300793.215051,301184.58119500004,301184.581277,33464.953475222224,0.0353,300793.215051,100248.10030303375,180506.36928860002,48.920768,22.514021092878306,0.026561784697804472,46,64,,True,False,Request timeout: 300.0s exceeded,24,59.56268577710819
428,2026-09-21T08:00:02.212+00:00,2026-09-21T08:05:03.383+00:00,2026-09-21T08:05:03.383+00:00,False,1,0.0,,0.0,301171.42589899997,301171.42589899997,301171.42589899997,301171.42589899997,301171.42589899997,301171.42589899997,nan,301171.42589899997,nan,nan,0.0,46,64,,True,False,"HTTPConnectionPool(host='gpu06', port=9004): Read timed out.",0,59.56268577710819
0,2026-09-21T07:58:02.299+00:00,2026-09-21T07:58:02.478+00:00,2026-09-21T07:58:02.855+00:00,True,9,9.0,,9.0,179.159652,555.716452,555.716607,61.74628966666667,35.819552,179.159652,48.35958625267099,147.380126,47.0696,21.381064915063142,16.195309618078394,47,64,,False,True,,9,59.56268577710819
1,2026-09-21T07:58:02.719+00:00,2026-09-21T07:58:04.081+00:00,2026-09-21T07:58:05.445+00:00,True,24,24.0,,24.0,1362.397802,2725.5919139999996,2725.591934,113.56633058333333,38.819002999999995,1362.397802,266.1934137174476,81.0673945,59.2693092173913,10.37389770961452,8.805426768667763,47,64,,False,True,,24,59.56268577710819
2,2026-09-21T07:58:03.144+00:00,2026-09-21T07:58:05.098+00:00,2026-09-21T07:58:09.555+00:00,True,72,72.0,,72.0,1954.5435619999998,6411.055306,6411.055288,89.04243455555556,45.220474,1954.5435619999998,223.16663212551177,76.6752975,62.76777104225352,9.948182515352284,11.230600355703746,47,64,,False,True,,288,59.56268577710819
3,2026-09-21T07:58:03.537+00:00,2026-09-21T07:58:08.692+00:00,2026-09-21T07:58:11.828+00:00,True,51,51.0,,51.0,5155.485013,8291.140181,8291.140058,162.5713736862745,44.070625,5155.485013,713.2026561736883,78.17410799999999,62.71310336,10.233070297770878,6.151144340421567,47,64,,False,True,,51,59.56268577710819
5,2026-09-21T07:58:04.268+00:00,2026-09-21T07:58:11.088+00:00,2026-09-21T07:58:15.627+00:00,True,73,73.0,,73.0,6820.687971,11359.610211,11359.610373,155.611101,0.016210000000000002,6820.687971,792.0172420306172,83.830223,63.04058666666666,41.914583414472126,6.426276839086517,47,64,,False,True,,220,59.56268577710819
6,2026-09-21T07:58:04.548+00:00,2026-09-21T07:58:12.691+00:00,2026-09-21T07:58:16.749+00:00,True,66,66.0,,66.0,8142.680169,12200.432233,12200.43247,184.85503742424243,0.016149999999999998,8142.680169,995.848975950592,81.26753124999999,62.42695483076923,50.03824920497016,5.409644407636783,47,64,,False,True,,76,59.56268577710819
7,2026-09-21T07:58:04.949+00:00,2026-09-21T07:58:14.686+00:00,2026-09-21T07:58:20.368+00:00,True,93,93.0,,93.0,9736.733009,15419.261777,15419.261929,165.79851536559138,44.438145,9736.733009,1003.2939097631555,78.01385640000001,61.766617043478256,9.725948878476895,6.031417155049706,47,64,,False,True,,744,59.56268577710819
4,2026-09-21T07:58:03.952+00:00,2026-09-21T07:58:15.278+00:00,2026-09-21T07:58:19.325+00:00,True,66,66.0,,66.0,11325.826988,15372.887980000001,15372.888099,232.92254695454545,41.416984,11325.826988,1386.4836115710696,79.900348,62.262476799999995,9.880190087727343,4.293272681480893,47,64,,False,True,,198,59.56268577710819
8,2026-09-21T07:58:05.249+00:00,2026-09-21T07:58:16.938+00:00,2026-09-21T07:58:23.263+00:00,True,96,96.0,,96.0,11689.037543,18013.738983,18013.739129,187.64311592708333,0.01886,11689.037543,1186.9434383174998,81.242243,66.57580463157895,41.868880246918806,5.329265628340542,47,64,,False,True,,96,59.56268577710819
9,2026-09-21T07:58:05.662+00:00,2026-09-21T07:58:19.192+00:00,2026-09-21T07:58:22.532+00:00,True,53,53.0,,53.0,13529.986249,16869.963721,16869.963706,318.301202,37.489974000000004,13529.986249,1849.707636762347,86.17469279999999,64.230336,12.85491140686766,3.1416783625933205,47,64,,False,True,,491,59.56268577710819
10,2026-09-21T07:58:06.100+00:00,2026-09-21T07:58:21.499+00:00,2026-09-21T07:58:25.972+00:00,True,71,71.0,,71.0,15399.264719,19871.808719,19871.808904,279.88463245070426,0.0,15399.264719,1821.331323828747,80.61478799999999,63.89348571428572,70.81705855063922,3.5729007361124046,47,64,,False,True,,568,59.56268577710819
11,2026-09-21T07:58:06.439+00:00,2026-09-21T07:58:23.326+00:00,2026-09-21T07:58:24.847+00:00,True,28,28.0,,28.0,16886.093606,18407.925285999998,18407.925133999997,657.4258976428571,0.0,16886.093606,3181.3896396269984,290.2749246,56.3641362962963,75.80181975364015,1.521083966007575,47,64,,False,True,,85,59.56268577710819
12,2026-09-21T07:58:06.867+00:00,2026-09-21T07:58:25.257+00:00,2026-09-21T07:58:27.865+00:00,True,44,44.0,,44.0,18390.7121,20998.104868000002,20998.10468,477.2296518181818,0.0,18390.7121,2764.018856522749,79.577267,60.63704111627907,60.93172009772274,2.095427195768208,47,64,,False,True,,153,59.56268577710819
13,2026-09-21T07:58:07.247+00:00,2026-09-21T07:58:27.472+00:00,2026-09-21T07:58:30.999+00:00,True,57,57.0,,57.0,20225.29504,23752.066496,23752.066366,416.7029187017544,0.0,20225.29504,2671.183697906736,77.811108,62.978061714285715,58.04987615870562,2.3997911933093974,47,64,,False,True,,171,59.56268577710819
14,2026-09-21T07:58:07.612+00:00,2026-09-21T07:58:29.616+00:00,2026-09-21T07:58:34.004+00:00,True,69,69.0,,69.0,22004.020574000002,26392.02979,26392.02974,382.49318463768117,0.0,22004.020574000002,2642.565930612162,80.27553259999999,64.52954729411765,85.44991627027257,2.6144256636957968,47,64,,False,True,,208,59.56268577710819
15,2026-09-21T07:58:08.072+00:00,2026-09-21T07:58:31.842+00:00,2026-09-21T07:58:33.793+00:00,True,32,32.0,,32.0,23770.061348000003,25720.6065,25720.606641000002,803.7689575312501,0.0174,23770.061348000003,4192.258031672576,332.92931515000004,62.920811354838705,109.65522939460931,1.244138624802646,47,64,,False,True,,96,59.56268577710819
16,2026-09-21T07:58:08.408+00:00,2026-09-21T07:58:33.672+00:00,2026-09-21T07:58:39.045+00:00,True,85,85.0,,85.0,25263.372363000002,30636.348491000004,30636.348591,360.427630482353,0.0,25263.372363000002,2733.884277893179,77.40614400000001,63.96400152380952,58.79089594173173,2.7744820837565003,47,64,,False,True,,173,59.56268577710819
17,2026-09-21T07:58:08.832+00:00,2026-09-21T07:58:35.788+00:00,2026-09-21T07:58:35.911+00:00,True,3,3.0,,3.0,26956.398589,27079.742461,27079.742322000002,9026.580774,50.874385000000004,26956.398589,15527.681467138784,24268.0056649,61.671936,15.270067106245735,0.11078391917207384,47,64,,False,True,,5,59.56268577710819
18,2026-09-21T07:58:09.174+00:00,2026-09-21T07:58:37.249+00:00,2026-09-21T07:58:38.978+00:00,True,28,28.0,,28.0,28075.813595,29804.177883,29804.177854,1064.434923357143,48.482495,28075.813595,5293.739455287474,78.31809515,64.01349214814815,8.661300817984861,0.9394656047859288,47,64,,False,True,,293,59.56268577710819
19,2026-09-21T07:58:09.553+00:00,2026-09-21T07:58:39.295+00:00,2026-09-21T07:58:40.549+00:00,True,17,17.0,,17.0,29741.513558,30995.944789999998,30995.944647999997,1823.2908616470588,0.0,29741.513558,7195.800487236932,6447.352131600001,78.401952,148.6289729210396,0.5484588424445959,47,64,,False,True,,34,59.56268577710819
20,2026-09-21T07:58:09.850+00:00,2026-09-21T07:58:41.061+00:00,2026-09-21T07:58:43.623+00:00,True,32,32.0,,32.0,31211.026061,33773.106829,33773.106857,1055.40958928125,0.01728,31211.026061,5504.6571831133715,430.40124390000005,82.64776670967741,146.43937491561556,0.9474994456986858,47,64,,False,True,,63,59.56268577710819
21,2026-09-21T07:58:10.138+00:00,2026-09-21T07:58:42.635+00:00,2026-09-21T07:58:48.350+00:00,True,90,90.0,,90.0,32496.551443999997,38211.470868,38211.470966999994,424.5718996333333,0.0,32496.551443999997,3420.3305583596016,82.95735699999999,64.21257779775281,107.2132316748278,2.3553136782120063,47,64,,False,True,,182,59.56268577710819
22,2026-09-21T07:58:10.504+00:00,2026-09-21T07:58:44.088+00:00,2026-09-21T07:58:44.448+00:00,True,7,7.0,,7.0,33584.427937,33944.068513,33944.068574,4849.152653428571,55.663826,33584.427937,12671.065751957925,23528.8191697,59.940096,3.381727741133044,0.20622159648655905,47,64,,False,True,,20,59.56268577710819
23,2026-09-21T07:58:10.793+00:00,2026-09-21T07:58:45.759+00:00,2026-09-21T07:58:47.129+00:00,True,22,22.0,,22.0,34966.63018,36336.62954,36336.629463,1651.664975590909,0.0,34966.63018,7442.581483788294,702.47485905,65.23806476190477,157.1206439751709,0.6054496599851676,47,64,,False,True,,79,59.56268577710819
24,2026-09-21T07:58:11.168+00:00,2026-09-21T07:58:47.648+00:00,2026-09-21T07:58:52.249+00:00,True,73,73.0,,73.0,36479.75726699999,41080.42619499999,41080.42617499999,562.7455640410958,47.515825,36479.75726699999,4262.162714797212,77.9055724,63.89817955555555,8.717433986720673,1.7770020119432213,47,64,,False,True,,475,59.56268577710819
25,2026-09-21T07:58:11.649+00:00,2026-09-21T07:58:49.787+00:00,2026-09-21T07:58:53.692+00:00,True,54,54.0,,54.0,38138.355389,42043.249084999996,42043.249115,778.5786873148147,0.0,38138.355389,5182.01741692082,79.568105,73.6772395471698,147.88660964582434,1.284391696056285,47,64,,False,True,,161,59.56268577710819
26,2026-09-21T07:58:11.972+00:00,2026-09-21T07:58:51.703+00:00,2026-09-21T07:58:53.657+00:00,True,30,30.0,,30.0,39730.396535,41684.121207,41684.121158,1389.4707052666668,0.0,39730.396535,7244.051713387175,633.88918615,67.36981627586206,197.7647835222888,0.7196985118391344,47,64,,False,True,,90,59.56268577710819
27,2026-09-21T07:58:12.396+00:00,2026-09-21T07:58:53.764+00:00,2026-09-21T07:58:54.548+00:00,True,14,14.0,,14.0,41368.354875,42152.511034999996,42152.510917,3010.893636928571,11.811592000000001,41368.354875,11040.049948565516,14533.13391245,60.319704615384616,17.746008325026175,0.33212730763241,47,64,,False,True,,52,59.56268577710819
28,2026-09-21T07:58:12.807+00:00,2026-09-21T07:58:56.142+00:00,2026-09-21T07:59:01.518+00:00,True,85,85.0,,85.0,43334.240829,48710.595901,48710.595888,573.0658339764706,0.0,43334.240829,4694.301953779093,78.2782068,64.00422704761904,96.77888041490378,1.7450002084301128,47,64,,False,True,,99,59.56268577710819
29,2026-09-21T07:58:13.156+00:00,2026-09-21T07:58:56.831+00:00,2026-09-21T07:59:02.311+00:00,True,88,88.0,,88.0,43674.997825000006,49154.810433000006,49154.810434000006,558.5773912954546,0.0,43674.997825000006,4650.014872579623,80.17884,62.986351816091954,94.97311850430928,1.7902622189937556,47,64,,False,True,,267,59.56268577710819
30,2026-09-21T07:58:13.572+00:00,2026-09-21T07:59:00.254+00:00,2026-09-21T07:59:02.830+00:00,True,42,42.0,,42.0,46681.998696999995,49257.739624999995,49257.739474999995,1172.8033208333331,0.0,46681.998696999995,7194.786895971707,84.32896945,62.82294946341463,138.03261770892084,0.8526578832026543,47,64,,False,True,,84,59.56268577710819
31,2026-09-21T07:58:13.868+00:00,2026-09-21T07:59:01.637+00:00,2026-09-21T07:59:03.452+00:00,True,31,31.0,,31.0,47769.32636,49584.149528,49584.149487999995,1599.4886931612903,39.328964,47769.32636,8568.767142640021,85.70446950000002,60.494105600000005,11.846476662278148,0.6251997925767467,47,64,,False,True,,271,59.56268577710819
32,2026-09-21T07:58:14.347+00:00,2026-09-21T07:59:04.383+00:00,2026-09-21T07:59:10.524+00:00,True,98,98.0,,98.0,50035.934295,56176.806487,56176.806512999996,573.2327195204082,0.0,50035.934295,5049.868305606659,92.43209644999999,63.307960742268044,138.15665258610744,1.7444921868721461,47,64,,False,True,,196,59.56268577710819
33,2026-09-21T07:58:14.614+00:00,2026-09-21T07:59:05.908+00:00,2026-09-21T07:59:06.732+00:00,True,15,15.0,,15.0,51293.806555,52117.673179000005,52117.673241000004,3474.5115494,45.362233999999994,51293.806555,13228.811681892486,15437.223458400002,58.847616,7.860967562857973,0.2878102395032481,47,64,,False,True,,73,59.56268577710819
34,2026-09-21T07:58:15.016+00:00,2026-09-21T07:59:07.960+00:00,2026-09-21T07:59:14.258+00:00,True,99,99.0,,99.0,52943.871837,59242.016349,59242.016451999996,598.4042065858586,0.0,52943.871837,5315.63632686781,82.67189719999999,64.26678073469388,105.48474221497054,1.6711112501097563,47,64,,False,True,,100,59.56268577710819
35,2026-09-21T07:58:15.357+00:00,2026-09-21T07:59:10.324+00:00,2026-09-21T07:59:14.109+00:00,True,73,73.0,,73.0,54966.966717,58751.436221,58751.436223000004,804.8141948356165,0.0,54966.966717,6427.304549811539,79.309177,52.56207644444445,27.88105563691559,1.2425228163853297,47,64,,False,True,,438,59.56268577710819
36,2026-09-21T07:58:15.771+00:00,2026-09-21T07:59:11.931+00:00,2026-09-21T07:59:12.427+00:00,True,9,9.0,,9.0,56160.494969,56656.032121,56656.032291999996,6295.114699111111,49.827093999999995,56160.494969,18699.519108373184,33725.4370002,61.942144,8.02618724216545,0.1588533411725471,47,64,,False,True,,45,59.56268577710819
37,2026-09-21T07:58:16.210+00:00,2026-09-21T07:59:14.392+00:00,2026-09-21T07:59:18.024+00:00,True,59,59.0,,59.0,58182.151560000006,61813.546376000006,61813.54659900001,1047.6872304915255,43.601124000000006,58182.151560000006,7566.525955998537,78.926798,62.610255448275865,9.745185875543172,0.9544833367287207,47,64,,False,True,,124,59.56268577710819
38,2026-09-21T07:58:16.538+00:00,2026-09-21T07:59:15.981+00:00,2026-09-21T07:59:22.191+00:00,True,99,99.0,,99.0,59442.718896,65652.768688,65652.76876199999,663.1592804242424,0.0,59442.718896,5970.103811093811,114.58744319999998,63.367855020408165,164.89822425344238,1.5079333587662573,47,64,,False,True,,792,59.56268577710819
39,2026-09-21T07:58:16.932+00:00,2026-09-21T07:59:18.217+00:00,2026-09-21T07:59:21.841+00:00,True,58,58.0,,58.0,61284.800770999995,64908.92595499999,64908.92591,1119.1194122413792,0.0,61284.800770999995,8041.431785549603,364.53818099999995,63.58114357894736,209.89972553843992,0.8935596937809478,47,64,,False,True,,350,59.56268577710819
40,2026-09-21T07:58:17.371+00:00,2026-09-21T07:59:21.314+00:00,2026-09-21T07:59:21.314+00:00,True,9,9.0,,9.0,63943.466198,63943.466198,63943.466198,7104.829577555556,0.0,63943.466198,21314.48873266667,38366.0797188,0.0,0.0,0.1407493296051802,47,64,,False,True,,18,59.56268577710819
41,2026-09-21T07:58:17.778+00:00,2026-09-21T07:59:22.460+00:00,2026-09-21T07:59:25.678+00:00,True,51,51.0,,51.0,64681.596886,67900.206038,67900.20592,1331.3765866666668,39.969803,64681.596886,9048.227770772879,84.48818800000001,64.37218304,10.94453066592078,0.7511022863679988,47,64,,False,True,,102,59.56268577710819
42,2026-09-21T07:58:18.087+00:00,2026-09-21T07:59:24.559+00:00,2026-09-21T07:59:26.513+00:00,True,31,31.0,,31.0,66471.982589,68425.95916500001,68425.959031,2207.289001,47.330834,66471.982589,11927.027436793496,85.4846725,65.13255253333332,11.19470599920899,0.4530444348649562,47,64,,False,True,,155,59.56268577710819
43,2026-09-21T07:58:18.465+00:00,2026-09-21T07:59:26.325+00:00,2026-09-21T07:59:28.500+00:00,True,35,35.0,,35.0,67860.626895,70035.30875099999,70035.308647,2001.008818485714,43.094934,67860.626895,11459.731460086654,78.6896723,63.96123105882353,8.92216066304991,0.4997479217866696,47,64,,False,True,,70,59.56268577710819
44,2026-09-21T07:58:18.828+00:00,2026-09-21T07:59:28.318+00:00,2026-09-21T07:59:30.112+00:00,True,29,29.0,,29.0,69489.246913,71283.89446499999,71283.894451,2458.0653258965517,47.014535,69489.246913,12891.930145883269,78.257063,64.09455542857143,8.957499772754595,0.4068240128804809,47,64,,False,True,,90,59.56268577710819
45,2026-09-21T07:58:19.218+00:00,2026-09-21T07:59:30.433+00:00,2026-09-21T07:59:32.826+00:00,True,25,25.0,,25.0,71215.03357799999,73607.711466,73607.71147799998,2944.3084591199995,0.0,71215.03357799999,14225.457321899492,1089.5420296,99.694912,266.3380124233175,0.3396383273177526,47,64,,False,True,,25,59.56268577710819
46,2026-09-21T07:58:19.645+00:00,2026-09-21T07:59:32.827+00:00,2026-09-21T07:59:37.052+00:00,True,71,71.0,,71.0,73181.962844,77406.85321199999,77406.85321599999,1090.2373692394365,0.0,73181.962844,8680.558213532382,133.328337,60.35557668571428,214.79768770266088,0.9172314472666515,47,64,,False,True,,142,59.56268577710819
47,2026-09-21T07:58:20.012+00:00,2026-09-21T07:59:34.745+00:00,2026-09-21T07:59:34.905+00:00,True,8,8.0,,8.0,74733.39013500001,74893.190199,74893.19022900001,9361.648778625002,0.01804,74733.39013500001,26414.231364586492,48632.56322515001,22.82858057142857,60.310134451368995,0.10681879058353717,47,64,,False,True,,36,59.56268577710819
48,2026-09-21T07:58:20.390+00:00,2026-09-21T07:59:36.739+00:00,2026-09-21T07:59:41.164+00:00,True,71,71.0,,71.0,76348.203561,80774.121001,80774.120941,1137.663675225352,12.153151,76348.203561,9053.378039186784,80.178787,63.227392,17.66497450285298,0.8789943996929536,47,64,,False,True,,781,59.56268577710819
49,2026-09-21T07:58:20.860+00:00,2026-09-21T07:59:39.226+00:00,2026-09-21T07:59:39.677+00:00,True,8,8.0,,8.0,78366.084661,78816.914485,78816.914431,9852.114303875,48.644464,78366.084661,27683.826154836162,50964.3152156,64.40426057142858,10.029906842871986,0.10150105535433661,47,64,,False,True,,17,59.56268577710819
50,2026-09-21T07:58:21.261+00:00,2026-09-21T07:59:41.162+00:00,2026-09-21T07:59:41.575+00:00,True,7,7.0,,7.0,79900.069789,80313.187485,80313.187276,11473.312468,55.063605,79900.069789,30173.365014017894,55953.7190674,68.85294933333333,9.315607567414563,0.08715878698386093,47,64,,False,True,,30,59.56268577710819
51,2026-09-21T07:58:21.624+00:00,2026-09-21T07:59:42.865+00:00,2026-09-21T07:59:46.983+00:00,True,47,47.0,,47.0,81240.644442,85358.75081,85358.750794,1816.1436339148936,0.0,81240.644442,11839.70149660524,106.4278358,89.52405147826087,250.5648491249994,0.5506172425673997,47,64,,False,True,,52,59.56268577710819
52,2026-09-21T07:58:22.092+00:00,2026-09-21T07:59:46.961+00:00,2026-09-21T07:59:51.847+00:00,True,100,100.0,,100.0,84869.263744,89755.00735999999,89755.00734299999,897.55007343,0.0,84869.263744,8482.034540694181,77.12045655,49.35094561616162,27.22804612616254,1.114143967465884,47,64,,False,True,,204,59.56268577710819
53,2026-09-21T07:58:22.436+00:00,2026-09-21T07:59:47.165+00:00,2026-09-21T07:59:48.569+00:00,True,22,22.0,,22.0,84728.761495,86133.31189499999,86133.311899,3915.1505408636363,52.231195,84728.761495,18049.974194802224,75.6574775,66.88335238095237,6.5355070111528955,0.2554180202291408,47,64,,False,True,,60,59.56268577710819
54,2026-09-21T07:58:22.776+00:00,2026-09-21T07:59:48.640+00:00,2026-09-21T07:59:50.904+00:00,True,38,38.0,,38.0,85864.11439,88127.344598,88127.344709,2319.1406502368422,39.782294,85864.11439,13919.079553579712,77.1266,61.168384,10.31083712534436,0.43119420167871925,47,64,,False,True,,154,59.56268577710819
55,2026-09-21T07:58:23.259+00:00,2026-09-21T07:59:49.455+00:00,2026-09-21T07:59:50.600+00:00,True,19,19.0,,19.0,86196.13043199999,87341.30316799998,87341.30306299998,4596.910687526315,48.003634,86196.13043199999,19760.15437216204,8687.213813499999,63.620707555555555,7.768662515123681,0.21753739995673893,47,64,,False,True,,38,59.56268577710819
56,2026-09-21T07:58:23.517+00:00,2026-09-21T07:59:52.589+00:00,2026-09-21T07:59:55.407+00:00,True,45,45.0,,45.0,89072.178531,91889.550691,91889.550538,2041.9900119555555,0.0157,89072.178531,13270.995689232735,347.46938479999994,64.03118545454545,257.6515485015362,0.4897183592868244,47,64,,False,True,,243,59.56268577710819
57,2026-09-21T07:58:23.833+00:00,2026-09-21T07:59:54.127+00:00,2026-09-21T07:59:57.727+00:00,True,60,60.0,,60.0,90293.993073,93893.971057,93893.97099900001,1564.8995166500001,0.01966,90293.993073,11649.103981675395,138.5934793,61.016576,42.665010114160516,0.6390186646124055,47,64,,False,True,,240,59.56268577710819
58,2026-09-21T07:58:24.109+00:00,2026-09-21T07:59:55.721+00:00,2026-09-21T08:00:02.875+00:00,True,86,86.0,,86.0,91611.648875,98766.046571,98766.04661399999,1148.4424024883722,41.145024,91611.648875,9871.64054394959,78.9358695,84.16938465882353,198.80963057968611,0.8707445826352594,47,64,,False,True,,2,59.56268577710819
59,2026-09-21T07:58:24.430+00:00,2026-09-21T07:59:57.242+00:00,2026-09-21T07:59:59.468+00:00,True,38,38.0,,38.0,92811.79297499999,95038.16660699999,95038.16646099999,2501.004380552631,40.921763,92811.79297499999,15046.303774099666,81.5661375,60.17226032432433,11.190514820008055,0.39983936303334716,47,64,,False,True,,166,59.56268577710819
60,2026-09-21T07:58:24.779+00:00,2026-09-21T07:59:59.235+00:00,2026-09-21T07:59:59.876+00:00,True,12,12.0,,12.0,94455.955444,95096.537332,95096.537301,7924.711441750001,40.828454,94455.955444,27250.27689765398,42549.971695149994,58.23471709090909,11.380939624176708,0.12618755989091093,47,64,,False,True,,72,59.56268577710819
61,2026-09-21T07:58:25.182+00:00,2026-09-21T08:00:02.876+00:00,2026-09-21T08:00:04.958+00:00,True,60,60.0,,60.0,97694.629532,99776.296348,99776.29649600001,1662.9382749333333,0.0,97694.629532,12607.808573913284,76.96221649999998,35.28248840677966,32.46263641026914,0.6013452312434193,47,64,,False,True,,181,59.56268577710819
62,2026-09-21T07:58:25.471+00:00,2026-09-21T08:00:02.880+00:00,2026-09-21T08:00:07.045+00:00,True,68,68.0,,68.0,97408.84775300001,101574.14234500001,101574.14232000001,1493.7373870588237,0.0,97408.84775300001,11805.027662081764,78.16877000000001,62.168576,14.54138225791124,0.6694617195883938,47,64,,False,True,,272,59.56268577710819
63,2026-09-21T07:58:25.798+00:00,2026-09-21T08:00:04.322+00:00,2026-09-21T08:00:08.153+00:00,True,62,62.0,,62.0,98523.788806,102355.460102,102355.460083,1650.894517467742,43.500244,98523.788806,12504.56018679089,77.57743555,62.81428354098361,9.980692397872525,0.6057322192505932,47,64,,False,True,,548,59.56268577710819
64,2026-09-21T07:58:26.249+00:00,2026-09-21T08:00:06.306+00:00,2026-09-21T08:00:11.074+00:00,True,79,79.0,,79.0,100056.95456299999,104824.163267,104824.163143,1326.8881410506328,43.293424,100056.95456299999,11250.41408039608,76.885134,61.1180603076923,8.933008325941605,0.7536430297924469,47,64,,False,True,,158,59.56268577710819
65,2026-09-21T07:58:26.684+00:00,2026-09-21T08:00:08.895+00:00,2026-09-21T08:00:13.936+00:00,True,80,80.0,,80.0,102210.417586,107251.81406599999,107251.813919,1340.6476739875,46.844154,102210.417586,11420.34059270609,75.73906550000001,63.8151453164557,8.678978326882769,0.7459081293559293,47,64,,True,True,,322,59.56268577710819
66,2026-09-21T07:58:26.969+00:00,2026-09-21T08:00:10.381+00:00,2026-09-21T08:00:10.453+00:00,True,2,2.0,,2.0,103412.454228,103483.744596,103483.744454,51741.872227,71.29022599999999,103412.454228,73073.23784152533,98245.39602790002,71.290368,nan,0.01932670689302933,47,64,,True,True,,9,59.56268577710819
67,2026-09-21T07:58:27.320+00:00,2026-09-21T08:00:12.032+00:00,2026-09-21T08:00:16.845+00:00,True,78,78.0,,78.0,104712.366866,109524.94133,109524.94144899999,1404.1659160128204,43.739025,104712.366866,11849.267304043517,75.97192865000001,62.50096706493507,8.93617345820227,0.7121665535979155,47,64,,True,True,,312,59.56268577710819
68,2026-09-21T07:58:27.770+00:00,2026-09-21T08:00:14.557+00:00,2026-09-21T08:00:16.677+00:00,True,35,35.0,,35.0,106787.434802,108907.09637,108907.096348,3111.6313242285714,47.777174,106787.434802,18039.835661932895,78.645406,62.34298729411764,9.783879792434254,0.3213748338408666,47,64,,True,True,,140,59.56268577710819
69,2026-09-21T07:58:28.099+00:00,2026-09-21T08:00:16.348+00:00,2026-09-21T08:00:19.615+00:00,True,52,52.0,,52.0,108248.703184,111515.668944,111515.66890599999,2144.532094346154,40.662454,108248.703184,15002.51427149882,77.52765755,64.05815215686275,10.071723471217553,0.46630218419003455,47,64,,True,True,,312,59.56268577710819
70,2026-09-21T07:58:28.446+00:00,2026-09-21T08:00:18.022+00:00,2026-09-21T08:00:21.282+00:00,True,52,52.0,,52.0,109575.239371,112835.209163,112835.20917300001,2169.9078687115384,45.175964,109575.239371,15186.490446412601,77.4506011,63.9209763137255,9.633920153500027,0.46084905931163384,47,64,,True,True,,59,59.56268577710819
71,2026-09-21T07:58:28.754+00:00,2026-09-21T08:00:19.619+00:00,2026-09-21T08:00:21.096+00:00,True,24,24.0,,24.0,110865.108538,112342.564922,112342.564897,4680.940204041667,52.605644,110865.108538,22617.134908027914,78.24416930000001,64.23723408695652,9.128103762485443,0.21363229526282684,47,64,,True,True,,249,59.56268577710819
72,2026-09-21T07:58:29.091+00:00,2026-09-21T08:00:21.282+00:00,2026-09-21T08:00:25.692+00:00,True,72,72.0,,72.0,112190.39741599999,116600.39242399999,116600.39237399999,1619.4498940833332,43.695584000000004,112190.39741599999,13214.447802345458,76.385533,62.11260574647887,8.523600468761938,0.6174936336250285,47,64,,True,True,,144,59.56268577710819
73,2026-09-21T07:58:29.511+00:00,2026-09-21T08:00:23.312+00:00,2026-09-21T08:00:26.188+00:00,True,47,47.0,,47.0,113801.168164,116676.93469200001,116676.934888,2482.4879763404256,45.984254,113801.168164,16590.489957251113,76.978497,62.51666365217391,9.252206350998998,0.4028216898572891,47,64,,True,True,,235,59.56268577710819
74,2026-09-21T07:58:29.828+00:00,2026-09-21T08:00:25.129+00:00,2026-09-21T08:00:30.715+00:00,True,90,90.0,,90.0,115300.78775599999,120886.861612,120886.86168199999,1343.187352022222,41.879744,115300.78775599999,12147.157829271933,77.7309555,62.764874786516856,9.4709644812796,0.7444977791620163,47,64,,True,True,,0,59.56268577710819
75,2026-09-21T07:58:30.256+00:00,2026-09-21T08:00:27.164+00:00,2026-09-21T08:00:30.961+00:00,True,62,62.0,,62.0,116908.07306200001,120705.32746200002,120705.32737500001,1946.860118951613,45.883313,116908.07306200001,14839.43748054946,77.32858849999998,62.25007213114754,9.704514974199366,0.5136475854350223,47,64,,True,True,,186,59.56268577710819
76,2026-09-21T07:58:30.587+00:00,2026-09-21T08:00:28.940+00:00,2026-09-21T08:00:30.281+00:00,True,23,23.0,,23.0,118352.78762100001,119693.762981,119693.76305100002,5204.076654391305,46.215213000000006,118352.78762100001,24665.554420563283,78.0050131,60.95342545454545,9.977239431848856,0.19215704667628322,47,64,,True,True,,61,59.56268577710819
77,2026-09-21T07:58:31.025+00:00,2026-09-21T08:00:31.288+00:00,2026-09-21T08:00:31.882+00:00,True,10,10.0,,10.0,120263.76926999999,120857.61400599999,120857.613854,12085.7613854,50.838284,120263.76926999999,38009.878717287225,66180.09670425,65.98274844444445,10.130776643844921,0.08274199422391004,47,64,,True,True,,105,59.56268577710819
78,2026-09-21T07:58:31.434+00:00,2026-09-21T08:00:33.187+00:00,2026-09-21T08:00:36.805+00:00,True,59,59.0,,59.0,121753.775858,125371.00644999999,125371.00643699999,2124.9323124915254,41.584593,121753.775858,15842.874998023799,77.08546100000001,62.36604468965517,9.63399536946082,0.47060322534405247,47,64,,True,True,,381,59.56268577710819
79,2026-09-21T07:58:31.845+00:00,2026-09-21T08:00:35.106+00:00,2026-09-21T08:00:40.299+00:00,True,84,84.0,,84.0,123260.891668,128453.514516,128453.514593,1529.2085070595238,41.409453,123260.891668,13442.043113965052,76.9187505,62.56172106024096,9.466581953761844,0.6539330614386349,47,64,,True,True,,170,59.56268577710819
80,2026-09-21T07:58:32.124+00:00,2026-09-21T08:00:36.733+00:00,2026-09-21T08:00:41.738+00:00,True,79,79.0,,79.0,124608.96593,129613.99607400001,129613.99619100001,1640.6834960886076,45.938933,124608.96593,14012.387335433992,75.7532781,64.16705312820513,8.757615533224884,0.6095020784244384,47,64,,True,True,,247,59.56268577710819
81,2026-09-21T07:58:32.592+00:00,2026-09-21T08:00:39.064+00:00,2026-09-21T08:00:42.510+00:00,True,54,54.0,,54.0,126471.403605,129917.774933,129917.77507,2405.8847235185185,39.957423000000006,126471.403605,17201.7314620027,78.27644500000001,65.02587411320755,8.898598535283273,0.4156475126505852,47,64,,True,True,,234,59.56268577710819
82,2026-09-21T07:58:33.448+00:00,2026-09-21T08:00:42.163+00:00,2026-09-21T08:00:42.643+00:00,True,9,9.0,,9.0,128714.984556,129194.619756,129194.619863,14354.957762555556,46.388624,128714.984556,42885.01133082551,77259.615368,59.9544,11.21570463215891,0.06966234365639692,47,64,,True,True,,27,59.56268577710819
83,2026-09-21T07:58:33.494+00:00,2026-09-21T08:00:43.951+00:00,2026-09-21T08:00:44.999+00:00,True,17,17.0,,17.0,130457.060624,131505.157136,131505.157091,7735.5974759411765,48.592152999999996,130457.060624,31624.599214082926,26158.553777600002,65.506032,11.676792591350166,0.12927249676162084,47,64,,True,True,,153,59.56268577710819
84,2026-09-21T07:58:33.806+00:00,2026-09-21T08:00:45.942+00:00,2026-09-21T08:00:50.043+00:00,True,65,65.0,,65.0,132135.982409,136237.352777,136237.352904,2095.9592754461537,42.590703000000005,132135.982409,16381.505108494443,78.078658,64.083912,8.61899503061798,0.4771085071389724,47,64,,True,True,,520,59.56268577710819
85,2026-09-21T07:58:34.100+00:00,2026-09-21T08:00:47.583+00:00,2026-09-21T08:00:47.636+00:00,True,2,2.0,,2.0,133482.81295999998,133536.052512,133536.052634,66768.026317,53.239674,133482.81295999998,94348.956081358,126811.33429569998,53.239552,nan,0.014977228713723385,47,64,,True,True,,5,59.56268577710819
86,2026-09-21T07:58:34.551+00:00,2026-09-21T08:00:49.920+00:00,2026-09-21T08:00:51.507+00:00,True,26,26.0,,26.0,135368.717327,136956.240655,136956.240615,5267.547715961538,49.608593,135368.717327,26535.53717112203,75.26107350000001,63.50093312,7.682406065811372,0.18984165946475834,47,64,,True,True,,52,59.56268577710819
87,2026-09-21T07:58:34.937+00:00,2026-09-21T08:00:51.856+00:00,2026-09-21T08:00:56.980+00:00,True,83,83.0,,83.0,136918.74356099998,142042.509833,142042.50984199997,1711.35554026506,41.883252999999996,136918.74356099998,15021.928833938597,77.3130571,62.48495453658537,9.36415442512533,0.5843321136579709,47,64,,True,True,,332,59.56268577710819
88,2026-09-21T07:58:35.382+00:00,2026-09-21T08:00:54.221+00:00,2026-09-21T08:00:57.056+00:00,True,46,46.0,,46.0,138838.858831,141673.26087899998,141673.26082199998,3079.8534961304345,43.383643,138838.858831,20461.3878926903,76.048906,62.986712177777775,8.775949655338234,0.3246907688479592,47,64,,True,True,,273,59.56268577710819
89,2026-09-21T07:58:35.679+00:00,2026-09-21T08:00:55.929+00:00,2026-09-21T08:00:57.218+00:00,True,22,22.0,,22.0,140249.45234599998,141538.61074599996,141538.61084299997,6433.573220136363,42.090683,140249.45234599998,29888.19752026197,78.06477145,61.38849523809524,10.873569521829536,0.15543461875205486,47,64,,True,True,,176,59.56268577710819
90,2026-09-21T07:58:36.156+00:00,2026-09-21T08:00:58.420+00:00,2026-09-21T08:00:58.495+00:00,True,2,2.0,,2.0,142264.320024,142338.75791199997,142338.75787899998,71169.37893949999,74.437855,142264.320024,100543.42989781605,135154.82591555,74.437888,nan,0.014050986739932683,47,64,,True,True,,11,59.56268577710819
91,2026-09-21T07:58:36.553+00:00,2026-09-21T08:01:00.233+00:00,2026-09-21T08:01:01.072+00:00,True,14,14.0,,14.0,143680.160197,144518.74426099999,144518.744259,10322.767447071428,42.610903,143680.160197,38382.89957185574,50340.572562199995,64.50646646153847,11.526993741498146,0.09687324693823857,47,64,,True,True,,56,59.56268577710819
92,2026-09-21T07:58:36.996+00:00,2026-09-21T08:01:02.460+00:00,2026-09-21T08:01:05.081+00:00,True,43,43.0,,43.0,145464.570016,148085.66288000002,148085.662981,3443.8526274651167,41.071193,145464.570016,22173.624402633533,78.296774,62.406972952380954,10.47575516143507,0.2903724720119914,47,64,,True,True,,43,59.56268577710819
93,2026-09-21T07:58:37.289+00:00,2026-09-21T08:01:04.038+00:00,2026-09-21T08:01:08.601+00:00,True,74,74.0,,74.0,146748.654382,151312.358702,151312.35873100001,2044.761604472973,42.411002999999994,146748.654382,17051.919873986106,77.95764750000001,62.51649753424658,9.677466114294418,0.48905456655882457,47,64,,True,True,,153,59.56268577710819
94,2026-09-21T07:58:37.670+00:00,2026-09-21T08:01:06.021+00:00,2026-09-21T08:01:10.948+00:00,True,79,79.0,,79.0,148351.097241,153277.27349700002,153277.273378,1940.2186503544306,41.291983,148351.097241,16683.69986366723,77.6795671,63.15610584615385,10.105146908243164,0.5154058276065708,47,64,,True,True,,237,59.56268577710819
95,2026-09-21T07:58:38.076+00:00,2026-09-21T08:01:08.602+00:00,2026-09-21T08:01:12.110+00:00,True,56,56.0,,56.0,150526.426369,154034.416641,154034.41678,2750.614585357143,40.566553,150526.426369,20106.419144998716,78.14752349999999,63.781641309090915,10.118276695126449,0.3635551146372456,47,64,,True,True,,56,59.56268577710819
96,2026-09-21T07:58:38.448+00:00,2026-09-21T08:01:10.615+00:00,2026-09-21T08:01:15.154+00:00,True,71,71.0,,71.0,152166.583321,156706.24463300002,156706.244608,2207.130205746479,48.766553,152166.583321,18051.15726637266,77.94703100000001,64.85230445714286,10.147241721732325,0.4530770306332033,47,64,,True,True,,213,59.56268577710819
97,2026-09-21T07:58:38.870+00:00,2026-09-21T08:01:12.924+00:00,2026-09-21T08:01:13.954+00:00,True,17,17.0,,17.0,154053.20573800002,155083.941098,155083.94118500003,9122.584775588237,48.587044,154053.20573800002,37347.76846434931,30893.7544964,64.42096,13.539893390867192,0.10961805509738388,47,64,,True,True,,28,59.56268577710819
98,2026-09-21T07:58:39.275+00:00,2026-09-21T08:01:15.154+00:00,2026-09-21T08:01:19.194+00:00,True,65,65.0,,65.0,155878.707762,159919.15653,159919.156383,2460.2947135846157,41.070454,155878.707762,19326.54646529572,77.41400599999999,63.132012,10.637944784088516,0.4064553703908908,47,64,,True,True,,97,59.56268577710819
99,2026-09-21T07:58:39.551+00:00,2026-09-21T08:01:16.590+00:00,2026-09-21T08:01:20.030+00:00,True,55,55.0,,55.0,157039.10159,160479.135382,160479.135496,2917.8024635636366,47.512204,157039.10159,21166.560533809723,75.12600499999999,63.70432948148149,9.928571181995123,0.3427236809886815,47,64,,True,True,,8,59.56268577710819
100,2026-09-21T07:58:40.018+00:00,2026-09-21T08:01:19.089+00:00,2026-09-21T08:01:20.871+00:00,True,30,30.0,,30.0,159071.795607,160853.123735,160853.12383,5361.7707943333335,41.433784,159071.795607,29031.19089566987,77.4268675,61.42510786206896,10.86511906956582,0.18650554806398395,47,64,,True,True,,76,59.56268577710819
101,2026-09-21T07:58:40.382+00:00,2026-09-21T08:01:21.119+00:00,2026-09-21T08:01:25.133+00:00,True,64,64.0,,64.0,160737.091781,164750.936261,164750.936353,2574.233380515625,46.656742,160737.091781,20084.174741459483,77.04504385,63.71181714285714,9.574961933034368,0.3884651671940158,47,64,,True,True,,256,59.56268577710819
102,2026-09-21T07:58:40.678+00:00,2026-09-21T08:01:22.532+00:00,2026-09-21T08:01:22.881+00:00,True,7,7.0,,7.0,161854.717392,162202.971344,162202.97156099998,23171.853080142857,42.593033000000005,161854.717392,61153.39638039338,113321.0047659,58.04232533333334,14.168839994399127,0.04315580622228185,47,64,,True,True,,21,59.56268577710819
103,2026-09-21T07:58:41.021+00:00,2026-09-21T08:01:24.288+00:00,2026-09-21T08:01:28.109+00:00,True,63,63.0,,63.0,163266.848241,167088.467441,167088.467478,2652.1978964761906,43.431503,163266.848241,20561.925870962456,77.4833818,61.63901935483871,9.674185465518269,0.3770457708114757,47,64,,True,True,,189,59.56268577710819
104,2026-09-21T07:58:41.417+00:00,2026-09-21T08:01:26.284+00:00,2026-09-21T08:01:29.693+00:00,True,56,56.0,,56.0,164867.170728,168275.814312,168275.814072,3004.9252512857142,40.581951999999994,164867.170728,22023.022624975638,77.34083824999999,61.97533789090909,9.537366951413974,0.33278697969139204,47,64,,True,True,,280,59.56268577710819
105,2026-09-21T07:58:41.706+00:00,2026-09-21T08:01:27.628+00:00,2026-09-21T08:01:28.880+00:00,True,21,21.0,,21.0,165922.30201100002,167173.97996300002,167173.98003900002,7960.665716142858,44.814563,165922.30201100002,36193.55908542347,79.01524400000001,62.5838976,10.045731313816674,0.12561763502099937,47,64,,True,True,,150,59.56268577710819
106,2026-09-21T07:58:42.027+00:00,2026-09-21T08:01:29.163+00:00,2026-09-21T08:01:32.477+00:00,True,55,55.0,,55.0,167135.45407,170449.54712600002,170449.547129,3099.0826750727274,40.300012,167135.45407,22528.26644065956,78.328769,61.372093629629624,9.14744454568158,0.3226761286689885,47,64,,True,True,,356,59.56268577710819
107,2026-09-21T07:58:42.378+00:00,2026-09-21T08:01:30.921+00:00,2026-09-21T08:01:31.395+00:00,True,9,9.0,,9.0,168542.64017899998,169017.26648299998,169017.26650399997,18779.69627822222,51.169972,168542.64017899998,56161.104319022,101154.52538099998,59.328288,6.762370211774651,0.05324899749757362,47,64,,True,True,,27,59.56268577710819
108,2026-09-21T07:58:42.791+00:00,2026-09-21T08:01:33.365+00:00,2026-09-21T08:01:35.691+00:00,True,37,37.0,,37.0,170573.90672799997,172900.22659999997,172900.22679299998,4672.979102513513,44.105602,170573.90672799997,28031.555653761676,79.587932,64.61999644444445,9.574822450554157,0.2139962493259104,47,64,,True,True,,148,59.56268577710819
109,2026-09-21T07:58:43.553+00:00,2026-09-21T08:01:34.150+00:00,2026-09-21T08:01:38.136+00:00,True,63,63.0,,63.0,170597.12444100002,174582.834777,174582.83476700002,2771.156107412699,43.081252,170597.12444100002,21485.12030277732,77.796228,64.28565058064515,9.625479990716036,0.3608602190500104,47,64,,True,True,,252,59.56268577710819
110,2026-09-21T07:58:43.732+00:00,2026-09-21T08:01:37.872+00:00,2026-09-21T08:01:43.350+00:00,True,89,89.0,,89.0,174139.630733,179617.612429,179617.612429,2018.1754205505617,39.911392,174139.630733,18452.167812207183,76.7106084,62.249792,9.33957885872705,0.49549706621994155,47,64,,True,True,,445,59.56268577710819
111,2026-09-21T07:58:43.967+00:00,2026-09-21T08:01:39.149+00:00,2026-09-21T08:01:40.340+00:00,True,20,20.0,,20.0,175181.416878,176372.80171,176372.801653,8818.64008265,49.441163,175181.416878,39157.735219812654,8832.49287165,62.70446484210526,7.662891838249703,0.11339616883154631,47,64,,True,True,,100,59.56268577710819
112,2026-09-21T07:58:44.442+00:00,2026-09-21T08:01:41.304+00:00,2026-09-21T08:01:45.297+00:00,True,66,66.0,,66.0,176862.483138,180855.92237000001,180855.922312,2740.2412471515154,43.626764,176862.483138,21762.706663406832,77.787397,61.43752664615384,10.197284442711164,0.3649313726369181,47,64,,True,True,,568,59.56268577710819
113,2026-09-21T07:58:44.875+00:00,2026-09-21T08:01:43.555+00:00,2026-09-21T08:01:46.779+00:00,True,53,53.0,,53.0,178679.551982,181903.24811000002,181903.248316,3432.1367606792455,47.856573,178679.551982,24535.01012423852,76.918268,61.99415630769231,9.087811947385832,0.2913636812463623,47,64,,True,True,,109,59.56268577710819
114,2026-09-21T07:58:45.315+00:00,2026-09-21T08:01:45.769+00:00,2026-09-21T08:01:49.744+00:00,True,64,64.0,,64.0,180454.825567,184429.415007,184429.414931,2881.709608296875,43.179813,180454.825567,22548.96875240179,76.4069895,63.088721269841265,8.686368153095378,0.3470162283905248,47,64,,True,True,,134,59.56268577710819
115,2026-09-21T07:58:45.683+00:00,2026-09-21T08:01:47.703+00:00,2026-09-21T08:01:51.541+00:00,True,61,61.0,,61.0,182019.811084,185857.652748,185857.65277,3046.8467667213113,42.653603000000004,182019.811084,23297.0606936586,78.813255,63.96402773333333,9.10892720311357,0.32820816952158793,47,64,,True,True,,244,59.56268577710819
116,2026-09-21T07:58:46.080+00:00,2026-09-21T08:01:49.635+00:00,2026-09-21T08:01:51.413+00:00,True,28,28.0,,28.0,183554.724235,185333.045899,185333.045882,6619.037352928572,51.244003,183554.724235,34676.136483363014,78.68465965,65.86376533333333,9.518426965728771,0.15107937100035046,47,64,,True,True,,265,59.56268577710819
117,2026-09-21T07:58:46.481+00:00,2026-09-21T08:01:51.545+00:00,2026-09-21T08:01:56.154+00:00,True,74,74.0,,74.0,185063.956378,189672.487578,189672.487636,2563.141724810811,45.338142,185063.956378,21505.911208313762,76.69992599999999,63.13056438356164,9.436433645277559,0.3901461985601291,47,64,,True,True,,6,59.56268577710819
118,2026-09-21T07:58:46.944+00:00,2026-09-21T08:01:53.984+00:00,2026-09-21T08:02:00.106+00:00,True,97,97.0,,97.0,187040.309432,193162.18156,193162.181562,1991.362696515464,41.090212,187040.309432,18984.59336587608,75.223632,63.76950133333334,8.948569708104547,0.5021686917005018,47,64,,True,True,,291,59.56268577710819
119,2026-09-21T07:58:47.225+00:00,2026-09-21T08:01:55.266+00:00,2026-09-21T08:02:00.554+00:00,True,84,84.0,,84.0,188041.147972,193329.516612,193329.516418,2301.541862119048,42.848803,188041.147972,20510.021427598585,77.35788535,63.71528481927711,9.20527530985414,0.4344913362018208,47,64,,True,True,,233,59.56268577710819
120,2026-09-21T07:58:47.546+00:00,2026-09-21T08:01:56.850+00:00,2026-09-21T08:02:02.065+00:00,True,84,84.0,,84.0,189303.431553,194518.282625,194518.282585,2315.693840297619,44.336763,189303.431553,20647.844293928807,76.95705964999999,62.829530987951806,8.75498337928636,0.4318360149309899,47,64,,True,True,,402,59.56268577710819
121,2026-09-21T07:58:48.020+00:00,2026-09-21T08:01:59.537+00:00,2026-09-21T08:02:00.800+00:00,True,21,21.0,,21.0,191517.27815,192779.435974,192779.435968,9179.973141333334,48.980593,191517.27815,41778.72588425523,74.687234,63.107891200000005,8.247837278216148,0.1089327805836731,47,64,,True,True,,84,59.56268577710819
122,2026-09-21T07:58:48.387+00:00,2026-09-21T08:02:01.702+00:00,2026-09-21T08:02:02.720+00:00,True,18,18.0,,18.0,193314.933829,194332.46112499997,194332.46119399997,10796.24784411111,43.073622,193314.933829,45550.65962180038,29058.865494249992,59.85454682352942,7.640065469634114,0.09262477249450314,47,64,,True,True,,20,59.56268577710819
123,2026-09-21T07:58:48.727+00:00,2026-09-21T08:02:03.616+00:00,2026-09-21T08:02:06.631+00:00,True,49,49.0,,49.0,194888.77474700002,197903.68879500002,197903.68856,4038.850786938776,47.470283,194888.77474700002,27832.28190193617,79.494576,62.810709333333335,8.67710833709412,0.24759518277982684,47,64,,True,True,,188,59.56268577710819
124,2026-09-21T07:58:49.084+00:00,2026-09-21T08:02:05.400+00:00,2026-09-21T08:02:08.095+00:00,True,44,44.0,,44.0,196315.804427,199011.06049099998,199011.060482,4522.978647318182,49.310072,196315.804427,29586.272860819965,77.26435485,62.68037358139535,8.545181964811043,0.22109323919707388,47,64,,True,True,,176,59.56268577710819
125,2026-09-21T07:58:49.453+00:00,2026-09-21T08:02:07.497+00:00,2026-09-21T08:02:08.987+00:00,True,24,24.0,,24.0,198044.520441,199534.676985,199534.677072,8313.944878,44.295392,198044.520441,40412.444409751166,78.74866535000001,64.78941495652174,9.38150152417329,0.12027984490036385,47,64,,True,True,,48,59.56268577710819
126,2026-09-21T07:58:49.705+00:00,2026-09-21T08:02:08.864+00:00,2026-09-21T08:02:13.131+00:00,True,69,69.0,,69.0,199158.995029,203426.60898100003,203426.60878,2948.2117214492755,42.397742,199158.995029,23968.371922619062,77.4540046,62.75902870588236,9.108350695428058,0.33918866536503384,47,64,,True,True,,276,59.56268577710819
127,2026-09-21T07:58:50.115+00:00,2026-09-21T08:02:11.230+00:00,2026-09-21T08:02:16.666+00:00,True,86,86.0,,86.0,201115.062305,206551.565089,206551.565169,2401.7623856860464,44.917982,201115.062305,21679.900080580755,78.1487515,63.95885628235294,9.461267222509976,0.4163609216078507,47,64,,True,True,,173,59.56268577710819
128,2026-09-21T07:58:50.415+00:00,2026-09-21T08:02:12.887+00:00,2026-09-21T08:02:17.477+00:00,True,73,73.0,,73.0,202471.788602,207062.208826,207062.20872099997,2836.4686126164383,44.647023000000004,202471.788602,23690.07052426807,78.38805,63.75583644444445,10.205043675308596,0.35255105416818905,47,64,,True,True,,146,59.56268577710819
129,2026-09-21T07:58:50.856+00:00,2026-09-21T08:02:15.343+00:00,2026-09-21T08:02:21.415+00:00,True,96,96.0,,96.0,204486.73593999998,210559.02854799997,210559.02841899998,2193.3232126979165,43.514082,204486.73593999998,20863.818445248788,78.058279,63.91886955789474,9.286379965082357,0.45592915517329813,47,64,,True,True,,199,59.56268577710819
130,2026-09-21T07:58:51.194+00:00,2026-09-21T08:02:17.160+00:00,2026-09-21T08:02:23.184+00:00,True,97,97.0,,97.0,205966.512444,211990.785596,211990.78564,2185.4720169072166,41.529241999999996,205966.512444,20906.36141145379,77.73178200000001,62.75284533333333,9.51342705598188,0.45756705758361166,47,64,,True,True,,580,59.56268577710819
131,2026-09-21T07:58:51.571+00:00,2026-09-21T08:02:19.241+00:00,2026-09-21T08:02:22.529+00:00,True,53,53.0,,53.0,207669.85767599999,210958.063244,210958.063264,3980.3408163018867,45.009942,207669.85767599999,28516.96411798783,76.50374059999999,63.23472246153846,8.726953622123782,0.25123476763577757,47,64,,True,True,,308,59.56268577710819
132,2026-09-21T07:58:51.969+00:00,2026-09-21T08:02:21.349+00:00,2026-09-21T08:02:22.234+00:00,True,15,15.0,,15.0,209380.19211899998,210265.55275899998,210265.552887,14017.7035258,50.568763,209380.19211899998,54045.40519493083,62867.3623445,63.24004571428571,8.122057947432966,0.07133836143475458,47,64,,True,True,,50,59.56268577710819
133,2026-09-21T07:58:52.316+00:00,2026-09-21T08:02:23.141+00:00,2026-09-21T08:02:26.046+00:00,True,48,48.0,,48.0,210824.8578,213729.73332,213729.733369,4452.702778520833,42.480771999999995,210824.8578,30421.02811207576,79.3235105,61.80586212765957,10.923148987116246,0.22458269728963512,47,64,,True,True,,288,59.56268577710819
134,2026-09-21T07:58:52.749+00:00,2026-09-21T08:02:25.349+00:00,2026-09-21T08:02:29.414+00:00,True,67,67.0,,67.0,212600.415005,216665.15714899998,216665.157154,3233.808315731343,45.290601,212600.415005,25965.752192919255,78.12814339999998,61.58700218181818,9.388751853276428,0.3092329236579756,47,64,,True,True,,1,59.56268577710819
135,2026-09-21T07:58:53.698+00:00,2026-09-21T08:02:26.306+00:00,2026-09-21T08:02:28.864+00:00,True,43,43.0,,43.0,212607.76638800002,215165.405044,215165.40499500002,5003.846627790698,42.449402,212607.76638800002,32413.09508701317,77.93853990000001,60.89615847619048,9.104257563600672,0.19984625312422674,47,64,,True,True,,198,59.56268577710819
136,2026-09-21T07:58:53.713+00:00,2026-09-21T08:02:28.867+00:00,2026-09-21T08:02:34.877+00:00,True,95,95.0,,95.0,215153.338134,221163.82030999998,221163.820225,2328.0402128947367,42.820623,215153.338134,22067.70883904829,78.43818000000002,63.941299744680855,10.233282884674496,0.4295458446451178,47,64,,True,True,,473,59.56268577710819
137,2026-09-21T07:58:54.035+00:00,2026-09-21T08:02:32.217+00:00,2026-09-21T08:02:33.884+00:00,True,27,27.0,,27.0,218181.757288,219848.986984,219848.987036,8142.5550754074075,44.654502,218181.757288,41976.758860942944,79.22479670000001,64.12421907692308,8.386500348758274,0.12281157339135243,47,64,,True,True,,89,59.56268577710819
138,2026-09-21T07:58:54.463+00:00,2026-09-21T08:02:34.316+00:00,2026-09-21T08:02:40.231+00:00,True,94,94.0,,94.0,219852.906557,225767.34751700002,225767.347584,2401.7802934468086,41.100281,219852.906557,22669.538941377992,79.00517034999999,63.596139354838705,10.693309553482923,0.41635781716805575,47,64,,True,True,,189,59.56268577710819
139,2026-09-21T07:58:54.928+00:00,2026-09-21T08:02:36.786+00:00,2026-09-21T08:02:42.446+00:00,True,90,90.0,,90.0,221857.69461500001,227518.25499900003,227518.25512400002,2527.980612488889,42.741802,221857.69461500001,23379.152059742475,77.8232985,63.601802067415726,9.473703383903008,0.39557265416085213,47,64,,True,True,,450,59.56268577710819
140,2026-09-21T07:58:55.272+00:00,2026-09-21T08:02:38.472+00:00,2026-09-21T08:02:41.700+00:00,True,52,52.0,,52.0,223199.053449,226427.969929,226427.970102,4354.384040423077,45.085141,223199.053449,30943.36127119652,77.04478749999998,63.312087843137256,9.374494180724989,0.22965360691219114,47,64,,True,True,,104,59.56268577710819
141,2026-09-21T07:58:55.739+00:00,2026-09-21T08:02:40.688+00:00,2026-09-21T08:02:40.688+00:00,True,1,1.0,,1.0,224949.30899700001,224949.30899700001,224949.30899700001,224949.30899700001,224949.30899700001,224949.30899700001,nan,224949.30899700001,nan,nan,0.004445445973845318,47,64,,True,True,,1,59.56268577710819
142,2026-09-21T07:58:56.195+00:00,2026-09-21T08:02:43.076+00:00,2026-09-21T08:02:44.109+00:00,True,17,17.0,,17.0,226881.296884,227914.1637,227914.16365,13406.71550882353,47.240002,226881.296884,55011.14151610919,45442.72097920001,64.554176,11.121556037802721,0.07458948458498106,47,64,,True,True,,27,59.56268577710819
143,2026-09-21T07:58:56.503+00:00,2026-09-21T08:02:44.794+00:00,2026-09-21T08:02:45.149+00:00,True,7,7.0,,7.0,228290.409542,228645.893446,228645.893384,32663.699054857145,49.371521,228290.409542,86263.27139457206,159824.532398,59.247317333333335,9.502350899613393,0.030615026119649995,47,64,,True,True,,23,59.56268577710819
144,2026-09-21T07:58:56.829+00:00,2026-09-21T08:02:46.672+00:00,2026-09-21T08:02:47.333+00:00,True,11,11.0,,11.0,229842.835095,230504.517271,230504.517317,20954.95611972727,49.501201,229842.835095,69280.27237396938,114959.55626849997,66.1682176,9.551339399826501,0.04772140750312281,47,64,,True,True,,11,59.56268577710819
145,2026-09-21T07:58:57.165+00:00,2026-09-21T08:02:48.148+00:00,2026-09-21T08:02:53.494+00:00,True,86,86.0,,86.0,230983.42513100003,236328.81546700004,236328.81538900002,2748.009481267442,47.166821000000006,230983.42513100003,24900.803457092145,76.70820275,62.886945129411764,8.503246598057084,0.3638997632601797,47,64,,True,True,,528,59.56268577710819
146,2026-09-21T07:58:57.601+00:00,2026-09-21T08:02:50.264+00:00,2026-09-21T08:02:55.976+00:00,True,92,92.0,,92.0,232663.45617,238375.10212199998,238375.102231,2591.0337199021737,41.558572,232663.45617,24250.30014327318,77.00209000000001,62.76534013186813,9.302329382456369,0.38594634750450807,47,64,,True,True,,363,59.56268577710819
147,2026-09-21T07:58:57.928+00:00,2026-09-21T08:02:52.475+00:00,2026-09-21T08:02:58.591+00:00,True,97,97.0,,97.0,234547.06193599998,240663.07294399999,240663.07285799997,2481.062606783505,41.771191,234547.06193599998,23808.179034204546,76.725719,63.708448,8.934454117892498,0.40305310994915694,47,64,,True,True,,396,59.56268577710819
148,2026-09-21T07:58:58.402+00:00,2026-09-21T08:02:54.900+00:00,2026-09-21T08:03:00.744+00:00,True,94,94.0,,94.0,236498.134999,242342.170071,242342.170284,2578.1081945106384,43.950582000000004,236498.134999,24386.440461236103,77.00806035,62.839086795698925,9.167254872498685,0.3878813166212898,47,64,,True,True,,94,59.56268577710819
149,2026-09-21T07:58:58.733+00:00,2026-09-21T08:02:56.332+00:00,2026-09-21T08:03:00.033+00:00,True,60,60.0,,60.0,237598.930275,241299.941731,241299.941565,4021.66569275,45.631492,237598.930275,30665.792836170323,75.18677000000001,62.729007728813556,8.339814713845266,0.24865318892984944,47,64,,True,True,,60,59.56268577710819
150,2026-09-21T07:58:59.088+00:00,2026-09-21T08:02:58.457+00:00,2026-09-21T08:03:00.286+00:00,True,31,31.0,,31.0,239369.552363,241198.397163,241198.39732699998,7780.5934621612905,41.885731,239369.552363,42981.09258954439,75.11466250000001,60.96149333333334,8.692950954391517,0.12852490051602808,47,64,,True,True,,107,59.56268577710819
151,2026-09-21T07:58:59.540+00:00,2026-09-21T08:03:00.683+00:00,2026-09-21T08:03:04.181+00:00,True,56,56.0,,56.0,241142.818324,244640.89678799998,244640.896806,4368.587442964285,43.224052,241142.818324,32215.5669443769,80.22478774999999,63.60142661818182,9.890984472271713,0.2289069437499989,47,64,,True,True,,63,59.56268577710819
152,2026-09-21T07:58:59.937+00:00,2026-09-21T08:03:03.023+00:00,2026-09-21T08:03:07.355+00:00,True,68,68.0,,68.0,243085.770984,247418.024936,247418.024916,3638.500366411765,45.042532,243085.770984,29470.639717402148,77.81598149999999,64.66050674626867,8.662295768720792,0.2748385046626642,47,64,,True,True,,408,59.56268577710819
153,2026-09-21T07:59:00.375+00:00,2026-09-21T08:03:05.061+00:00,2026-09-21T08:03:09.715+00:00,True,73,73.0,,73.0,244686.10791999998,249339.72481599997,249339.724883,3415.6126696301367,42.316582000000004,244686.10791999998,28630.779535280202,77.926413,64.633568,9.482277120135418,0.2927732436292303,47,64,,True,True,,219,59.56268577710819
154,2026-09-21T07:59:00.738+00:00,2026-09-21T08:03:07.180+00:00,2026-09-21T08:03:13.247+00:00,True,97,97.0,,97.0,246441.513516,252509.280812,252509.280789,2603.188461742268,44.904841,246441.513516,25015.928830434666,78.242999,63.20590933333334,9.672204000541596,0.38414429635249375,47,64,,True,True,,359,59.56268577710819
156,2026-09-21T07:59:01.363+00:00,2026-09-21T08:03:09.289+00:00,2026-09-21T08:03:10.754+00:00,True,24,24.0,,24.0,247926.681556,249391.60878799998,249391.608878,10391.317036583334,43.867101000000005,247926.681556,50594.82192587034,83.20648249999998,63.692488347826085,11.023187387802027,0.09623419214718508,47,64,,True,True,,120,59.56268577710819
157,2026-09-21T07:59:01.631+00:00,2026-09-21T08:03:10.563+00:00,2026-09-21T08:03:10.753+00:00,True,4,4.0,,4.0,248931.73469299998,249121.50186099997,249121.50203999996,62280.37550999999,43.995262000000004,248931.73469299998,124434.24022087365,211603.31962399997,63.255722666666664,16.905029797185612,0.01605642214790373,47,64,,True,True,,14,59.56268577710819
158,2026-09-21T07:59:01.919+00:00,2026-09-21T08:03:12.005+00:00,2026-09-21T08:03:12.846+00:00,True,15,15.0,,15.0,250085.689814,250926.60706200002,250926.606983,16728.440465533335,45.107901,250085.689814,64556.339322417225,75079.06661630001,60.06551771428572,10.000855829176432,0.059778435517974925,47,64,,True,True,,135,59.56268577710819
155,2026-09-21T07:59:01.048+00:00,2026-09-21T08:03:13.438+00:00,2026-09-21T08:03:14.957+00:00,True,24,24.0,,24.0,252390.181334,253909.218774,253909.218777,10579.550782375,50.466911,252390.181334,51505.44930013125,78.16814535,66.04510608695652,8.502318903551805,0.09452197173416521,47,64,,True,True,,52,59.56268577710819
159,2026-09-21T07:59:02.241+00:00,2026-09-21T08:03:14.815+00:00,2026-09-21T08:03:18.051+00:00,True,53,53.0,,53.0,252574.697838,255810.36043,255810.36048099998,4826.610575113207,41.902481,252574.697838,34685.25691616203,75.0480824,62.224280615384615,8.996830035207276,0.20718472821394163,47,64,,True,True,,160,59.56268577710819
160,2026-09-21T07:59:02.580+00:00,2026-09-21T08:03:16.391+00:00,2026-09-21T08:03:20.659+00:00,True,70,70.0,,70.0,253811.220948,258079.553236,258079.553158,3686.8507594000002,42.168521,253811.220948,30328.85095724221,76.6373155,61.85988823188406,9.15999928487292,0.27123419551175654,47,64,,True,True,,140,59.56268577710819
161,2026-09-21T07:59:02.954+00:00,2026-09-21T08:03:18.646+00:00,2026-09-21T08:03:20.789+00:00,True,35,35.0,,35.0,255692.574601,257835.632009,257835.631976,7366.732342171428,46.237112,255692.574601,43209.28043683004,77.6699733,63.03110023529412,10.21472644272091,0.13574539611646186,47,64,,True,True,,210,59.56268577710819
162,2026-09-21T07:59:03.237+00:00,2026-09-21T08:03:20.257+00:00,2026-09-21T08:03:20.257+00:00,True,1,1.0,,1.0,257020.04265599998,257020.04265599998,257020.04265599998,257020.04265599998,257020.04265599998,257020.04265599998,nan,257020.04265599998,nan,nan,0.0038907471560045495,47,64,,True,True,,1,59.56268577710819
163,2026-09-21T07:59:03.645+00:00,2026-09-21T08:03:22.377+00:00,2026-09-21T08:03:26.016+00:00,True,58,58.0,,58.0,258731.372709,262370.595237,262370.595486,4523.630956655173,46.411622,258731.372709,33964.7114641357,77.14851315000001,63.846009263157896,9.248658266602634,0.2210613576860946,47,64,,True,True,,174,59.56268577710819
164,2026-09-21T07:59:04.035+00:00,2026-09-21T08:03:23.921+00:00,2026-09-21T08:03:29.461+00:00,True,89,89.0,,89.0,259885.558282,265426.061834,265426.06194600003,2982.315302764045,41.874161,259885.558282,27541.142002073553,76.9840546,62.96026763636363,9.717642410763654,0.33530995179991574,47,64,,True,True,,178,59.56268577710819
165,2026-09-21T07:59:04.380+00:00,2026-09-21T08:03:25.865+00:00,2026-09-21T08:03:28.206+00:00,True,38,38.0,,38.0,261485.03413400002,263826.206358,263826.20635600004,6942.794904105263,43.793132,261485.03413400002,42408.210590862014,80.08672265,63.274924972972975,10.63496600888628,0.14403421299412444,47,64,,True,True,,228,59.56268577710819
169,2026-09-21T07:59:05.832+00:00,2026-09-21T08:03:31.692+00:00,2026-09-21T08:03:33.251+00:00,True,26,26.0,,26.0,265859.800278,267419.530454,267419.530461,10285.366556192308,47.494061,265859.800278,52127.16157123021,77.9294835,62.38920704,7.952250017132114,0.09722550913113795,47,64,,True,True,,59,59.56268577710819
167,2026-09-21T07:59:05.817+00:00,2026-09-21T08:03:32.094+00:00,2026-09-21T08:03:35.366+00:00,True,53,53.0,,53.0,266277.179978,269548.868682,269548.868556,5085.827708603773,41.488081,266277.179978,36567.34225334957,76.0610592,62.917090461538464,8.511828423040553,0.19662482821445895,47,64,,True,True,,53,59.56268577710819
166,2026-09-21T07:59:05.715+00:00,2026-09-21T08:03:32.530+00:00,2026-09-21T08:03:38.358+00:00,True,93,93.0,,93.0,266815.120558,272642.511022,272642.51097,2931.639902903226,42.974241,266815.120558,27660.872477545403,77.311317,63.34120069565217,9.189248154856692,0.3411060133336861,47,64,,True,True,,186,59.56268577710819
168,2026-09-21T07:59:05.826+00:00,2026-09-21T08:03:33.253+00:00,2026-09-21T08:03:36.776+00:00,True,56,56.0,,56.0,267426.177901,270949.798253,270949.798015,4838.389250267857,44.999851,267426.177901,35727.76619621765,76.06687675,64.06582458181818,9.103477504694059,0.20668035319114672,47,64,,True,True,,182,59.56268577710819
170,2026-09-21T07:59:06.080+00:00,2026-09-21T08:03:35.182+00:00,2026-09-21T08:03:38.874+00:00,True,59,59.0,,59.0,269101.799825,272794.271633,272794.271783,4623.631725135593,45.348521,269101.799825,35025.78318591227,76.5190519,63.66330703448276,9.173794370928494,0.21628020136498627,47,64,,True,True,,0,59.56268577710819
171,2026-09-21T07:59:06.484+00:00,2026-09-21T08:03:37.427+00:00,2026-09-21T08:03:43.102+00:00,True,89,89.0,,89.0,270942.83271,276618.143046,276618.142979,3108.069022235955,43.463260999999996,270942.83271,28713.04848265656,78.11155600000001,64.49216290909091,10.255357968655591,0.32174317642353567,47,64,,True,True,,181,59.56268577710819
172,2026-09-21T07:59:06.824+00:00,2026-09-21T08:03:38.877+00:00,2026-09-21T08:03:44.484+00:00,True,88,88.0,,88.0,272053.267886,277660.05239799997,277660.052433,3155.227868556818,44.061091,272053.267886,28994.107851068304,78.08710314999999,64.44579898850574,10.821599544796483,0.31693432036762764,47,64,,True,True,,352,59.56268577710819
173,2026-09-21T07:59:07.304+00:00,2026-09-21T08:03:41.594+00:00,2026-09-21T08:03:47.894+00:00,True,100,100.0,,100.0,274290.218843,280590.783323,280590.783254,2805.90783254,42.467871,274290.218843,27422.659247040676,77.32683455000002,63.64206545454545,9.324288242079904,0.3563908935842905,47,64,,True,True,,44,59.56268577710819
174,2026-09-21T07:59:07.716+00:00,2026-09-21T08:03:43.689+00:00,2026-09-21T08:03:49.182+00:00,True,87,87.0,,87.0,275973.218674,281466.634866,281466.634778,3235.2486756091953,42.524401,275973.218674,29580.58802096651,78.61985399999999,63.876932465116276,9.922561657280458,0.3090952504598592,47,64,,True,True,,270,59.56268577710819
175,2026-09-21T07:59:07.986+00:00,2026-09-21T08:03:45.205+00:00,2026-09-21T08:03:51.348+00:00,True,98,98.0,,98.0,277219.028067,283362.095203,283362.095126,2891.4499502653057,42.542961000000005,277219.028067,27996.954928483963,78.11465085,63.33058903092784,9.585345920362766,0.34584724512921533,47,64,,True,True,,1274,59.56268577710819
176,2026-09-21T07:59:08.349+00:00,2026-09-21T08:03:47.040+00:00,2026-09-21T08:03:47.644+00:00,True,11,11.0,,11.0,278690.675048,279294.478696,279294.47868,25390.40715272727,46.912282,278690.675048,84010.19551406898,139387.00691999999,60.380364799999995,11.62242569570532,0.03938495329860432,47,64,,True,True,,44,59.56268577710819
177,2026-09-21T07:59:08.651+00:00,2026-09-21T08:03:48.553+00:00,2026-09-21T08:03:49.480+00:00,True,15,15.0,,15.0,279902.36336799996,280829.039336,280829.03920699994,18721.93594713333,51.712641000000005,279902.36336799996,72253.38938123589,84023.0806738,66.19114057142858,7.876399069100449,0.05341327960764463,47,64,,True,True,,38,59.56268577710819
178,2026-09-21T07:59:09.075+00:00,2026-09-21T08:03:50.842+00:00,2026-09-21T08:03:55.268+00:00,True,70,70.0,,70.0,281767.20681199996,286193.399452,286193.39965499996,4088.4771379285708,44.724151,281767.20681199996,33669.9569651802,78.21277749999999,64.14771942028985,9.812387447512666,0.24458984775342563,47,64,,True,True,,210,59.56268577710819
179,2026-09-21T07:59:09.439+00:00,2026-09-21T08:03:52.743+00:00,2026-09-21T08:03:56.083+00:00,True,53,53.0,,53.0,283304.181264,286644.12545600004,286644.125574,5408.379727811321,44.622311,283304.181264,38906.00053367566,77.42762599999999,64.229696,9.143667520994123,0.18489825987428274,47,64,,True,True,,265,59.56268577710819
180,2026-09-21T07:59:09.854+00:00,2026-09-21T08:03:54.707+00:00,2026-09-21T08:03:54.754+00:00,True,2,2.0,,2.0,284852.130302,284899.81183799997,284899.811773,142449.9058865,47.681470999999995,284852.130302,201387.15708049719,270611.90786045,47.681536,nan,0.007020011656368668,47,64,,True,True,,13,59.56268577710819
182,2026-09-21T07:59:10.660+00:00,2026-09-21T08:03:56.759+00:00,2026-09-21T08:03:58.895+00:00,True,35,35.0,,35.0,286099.175731,288235.37694700004,288235.377006,8235.296485885716,49.796701,286099.175731,48348.96783176619,79.369361,62.829447529411766,9.02952035972642,0.12142853653399982,47,64,,True,True,,140,59.56268577710819
183,2026-09-21T07:59:11.008+00:00,2026-09-21T08:03:59.084+00:00,2026-09-21T08:04:01.107+00:00,True,32,32.0,,32.0,288075.974554,290099.318426,290099.318356,9065.603698625,47.175050999999996,288075.974554,50913.58141973668,76.3551505,65.26915716129032,8.63865596538364,0.11030704992215526,47,64,,True,True,,64,59.56268577710819
181,2026-09-21T07:59:10.204+00:00,2026-09-21T08:04:01.424+00:00,2026-09-21T08:04:05.257+00:00,True,62,62.0,,62.0,291219.936297,295053.503529,295053.50345699996,4758.927475112903,42.616391,291219.936297,36976.988795819,77.2939285,62.84536445901639,9.772644200024258,0.21013138043929785,47,64,,True,True,,62,59.56268577710819
184,2026-09-21T07:59:11.271+00:00,2026-09-21T08:04:01.822+00:00,2026-09-21T08:04:06.504+00:00,True,76,76.0,,76.0,290551.279074,295233.36803400004,295233.36807200004,3884.649579894737,41.042021,290551.279074,33321.35801481933,76.770232,62.4278528,10.141789784136078,0.25742347657412357,47,64,,True,True,,96,59.56268577710819
185,2026-09-21T07:59:11.720+00:00,2026-09-21T08:04:04.431+00:00,2026-09-21T08:04:07.576+00:00,True,52,52.0,,52.0,292710.515272,295855.932232,295855.932318,5689.537159961538,46.799841,292710.515272,40583.09349901449,77.6910295,61.67484235294118,9.952340390325828,0.17576122137454184,47,64,,True,True,,193,59.56268577710819
186,2026-09-21T07:59:12.128+00:00,2026-09-21T08:04:06.501+00:00,2026-09-21T08:04:11.288+00:00,True,76,76.0,,76.0,294372.908398,299159.65707,299159.657158,3936.3112783947367,43.683161,294372.908398,33759.56869033426,77.31962100000001,63.82331562666666,9.507809037822199,0.2540449495909699,47,64,,True,True,,304,59.56268577710819
187,2026-09-21T07:59:12.586+00:00,2026-09-21T08:04:09.062+00:00,2026-09-21T08:04:11.019+00:00,True,32,32.0,,32.0,296475.714232,298432.694456,298432.694293,9326.02169665625,43.655791,296475.714232,52398.8383927268,79.87333905000001,63.12839432258064,10.525713644698987,0.10722685749405376,47,64,,True,True,,64,59.56268577710819
188,2026-09-21T07:59:13.011+00:00,2026-09-21T08:04:11.403+00:00,2026-09-21T08:04:13.024+00:00,False,29,28.0,,28.0,298392.300663,300013.185143,300013.18495699996,10345.28223989655,0.13838,298392.300663,55399.31125117611,74.8147094,57.888731428571425,14.12523564054224,0.09332923146912334,47,64,,True,False,Request timeout: 300.0s exceeded,55,59.56268577710819
189,2026-09-21T07:59:13.384+00:00,2026-09-21T08:04:13.330+00:00,2026-09-21T08:04:13.460+00:00,False,4,3.0,,3.0,299945.97503100004,300076.209143,300076.209204,75019.052301,0.0349,299945.97503100004,149951.2851369093,254965.19359215003,43.41137066666666,38.628117344213884,0.009997460340384276,47,64,,True,False,Request timeout: 300.0s exceeded,7,59.56268577710819
190,2026-09-21T07:59:13.781+00:00,2026-09-21T08:04:13.840+00:00,2026-09-21T08:04:13.840+00:00,False,1,0.0,,0.0,300059.585187,300059.585187,300059.585187,300059.585187,300059.585187,300059.585187,nan,300059.585187,nan,nan,0.0,47,64,,True,False,"HTTPConnectionPool(host='gpu06', port=9004): Read timed out.",0,59.56268577710819
191,2026-09-21T07:59:14.213+00:00,2026-09-21T08:04:14.242+00:00,2026-09-21T08:04:14.242+00:00,False,1,0.0,,0.0,300028.664237,300028.664237,300028.664237,300028.664237,300028.664237,300028.664237,nan,300028.664237,nan,nan,0.0,47,64,,True,False,"HTTPConnectionPool(host='gpu06', port=9004): Read timed out.",0,59.56268577710819
192,2026-09-21T07:59:14.656+00:00,2026-09-21T08:04:14.751+00:00,2026-09-21T08:04:14.751+00:00,False,1,0.0,,0.0,300095.414559,300095.414559,300095.414559,300095.414559,300095.414559,300095.414559,nan,300095.414559,nan,nan,0.0,47,64,,True,False,"HTTPConnectionPool(host='gpu06', port=9004): Read timed out.",0,59.56268577710819
193,2026-09-21T07:59:15.108+00:00,2026-09-21T08:04:15.181+00:00,2026-09-21T08:04:15.181+00:00,False,1,0.0,,0.0,300073.16480800003,300073.16480800003,300073.16480800003,300073.16480800003,300073.16480800003,300073.16480800003,nan,300073.16480800003,nan,nan,0.0,47,64,,True,False,TTFT timeout: 300.0s exceeded (TTFT: 300.068s),0,59.56268577710819
194,2026-09-21T07:59:15.553+00:00,2026-09-21T08:04:15.647+00:00,2026-09-21T08:04:15.647+00:00,False,1,0.0,,0.0,300093.862148,300093.862148,300093.862148,300093.862148,300093.862148,300093.862148,nan,300093.862148,nan,nan,0.0,47,64,,True,False,TTFT timeout: 300.0s exceeded (TTFT: 300.089s),0,59.56268577710819
195,2026-09-21T07:59:15.887+00:00,2026-09-21T08:04:15.802+00:00,2026-09-21T08:04:15.917+00:00,False,4,3.0,,3.0,299915.603763,300029.736755,300029.736755,75007.43418875,0.03013,299915.603763,149938.7821628438,254937.4347372,38.04433066666667,33.17455222083465,0.009999008873076327,47,64,,True,False,Request timeout: 300.0s exceeded,27,59.56268577710819
196,2026-09-21T07:59:16.244+00:00,2026-09-21T08:04:16.348+00:00,2026-09-21T08:04:16.348+00:00,False,1,0.0,,0.0,300104.171232,300104.171232,300104.171232,300104.171232,300104.171232,300104.171232,nan,300104.171232,nan,nan,0.0,47,64,,True,False,"HTTPConnectionPool(host='gpu06', port=9004): Read timed out.",0,59.56268577710819
197,2026-09-21T07:59:16.605+00:00,2026-09-21T08:04:16.680+00:00,2026-09-21T08:04:16.680+00:00,False,1,0.0,,0.0,300074.608407,300074.608407,300074.608407,300074.608407,300074.608407,300074.608407,nan,300074.608407,nan,nan,0.0,47,64,,True,False,"HTTPConnectionPool(host='gpu06', port=9004): Read timed out.",0,59.56268577710819
198,2026-09-21T07:59:16.975+00:00,2026-09-21T08:04:17.083+00:00,2026-09-21T08:04:17.083+00:00,False,1,0.0,,0.0,300107.876144,300107.876144,300107.876144,300107.876144,300107.876144,300107.876144,nan,300107.876144,nan,nan,0.0,47,64,,True,False,"HTTPConnectionPool(host='gpu06', port=9004): Read timed out.",0,59.56268577710819
199,2026-09-21T07:59:17.433+00:00,2026-09-21T08:04:17.538+00:00,2026-09-21T08:04:17.538+00:00,False,1,0.0,,0.0,300105.39505299996,300105.39505299996,300105.39505299996,300105.39505299996,300105.39505299996,300105.39505299996,nan,300105.39505299996,nan,nan,0.0,47,64,,True,False,"HTTPConnectionPool(host='gpu06', port=9004): Read timed out.",0,59.56268577710819
200,2026-09-21T07:59:17.905+00:00,2026-09-21T08:04:17.917+00:00,2026-09-21T08:04:17.917+00:00,False,1,0.0,,0.0,300012.682889,300012.682889,300012.682889,300012.682889,300012.682889,300012.682889,nan,300012.682889,nan,nan,0.0,47,64,,True,False,TTFT timeout: 300.0s exceeded (TTFT: 300.005s),0,59.56268577710819
201,2026-09-21T07:59:18.204+00:00,2026-09-21T08:04:18.337+00:00,2026-09-21T08:04:18.337+00:00,False,1,0.0,,0.0,300133.035492,300133.035492,300133.035492,300133.035492,300133.035492,300133.035492,nan,300133.035492,nan,nan,0.0,47,64,,True,False,"HTTPConnectionPool(host='gpu06', port=9004): Read timed out.",0,59.56268577710819
202,2026-09-21T07:59:19.321+00:00,2026-09-21T08:04:19.162+00:00,2026-09-21T08:04:19.860+00:00,False,13,12.0,,12.0,299840.134871,300538.934743,300538.93480600003,23118.37960046154,0.037579999999999995,299840.134871,83144.54379896172,120002.4800816,58.233322666666666,26.915834086074483,0.039928270891961354,47,64,,True,False,Request timeout: 300.0s exceeded,14,59.56268577710819
205,2026-09-21T07:59:19.771+00:00,2026-09-21T08:04:19.276+00:00,2026-09-21T08:04:19.858+00:00,False,12,11.0,,11.0,299504.94306300004,300086.35208700004,300086.35196600005,25007.19599716667,0.02265,299504.94306300004,86444.37422922617,134821.85431645002,52.855365818181824,21.828047154430458,0.03665611555973368,47,64,,True,False,Request timeout: 300.0s exceeded,28,59.56268577710819
203,2026-09-21T07:59:19.482+00:00,2026-09-21T08:04:19.277+00:00,2026-09-21T08:04:19.977+00:00,False,14,13.0,,13.0,299795.581429,300495.20510900003,300495.205113,21463.943222357142,0.04457,299795.581429,80109.35879975735,104979.4060063,53.81720615384615,21.40878099076225,0.043261921584687016,47,64,,True,False,Request timeout: 300.0s exceeded,26,59.56268577710819
204,2026-09-21T07:59:19.621+00:00,2026-09-21T08:04:20.032+00:00,2026-09-21T08:04:20.092+00:00,False,3,2.0,,2.0,300410.805862,300470.990182,300470.99013399996,100156.99671133333,0.10683,300410.805862,173424.88852132007,270375.73302,30.09216,42.4057706668907,0.006656216624402139,47,64,,True,False,Request timeout: 300.0s exceeded,12,59.56268577710819
206,2026-09-21T07:59:20.149+00:00,2026-09-21T08:04:21.216+00:00,2026-09-21T08:04:21.407+00:00,False,5,4.0,,4.0,301066.912491,301257.672427,301257.672435,60251.534487000004,0.0303,301066.912491,134619.8933988513,240873.3853812,47.689984,40.58275932024074,0.013277670134589751,47,64,,True,False,Request timeout: 300.0s exceeded,5,59.56268577710819
207,2026-09-21T07:59:20.492+00:00,2026-09-21T08:04:21.897+00:00,2026-09-21T08:04:21.897+00:00,False,1,0.0,,0.0,301405.782245,301405.782245,301405.782245,301405.782245,301405.782245,301405.782245,nan,301405.782245,nan,nan,0.0,47,64,,True,False,"HTTPConnectionPool(host='gpu06', port=9004): Read timed out.",0,59.56268577710819
210,2026-09-21T07:59:21.634+00:00,2026-09-21T08:04:21.899+00:00,2026-09-21T08:04:21.899+00:00,False,1,0.0,,0.0,300264.986514,300264.986514,300264.986514,300264.986514,300264.986514,300264.986514,nan,300264.986514,nan,nan,0.0,47,64,,True,False,"HTTPConnectionPool(host='gpu06', port=9004): Read timed out.",0,59.56268577710819
213,2026-09-21T07:59:22.735+00:00,2026-09-21T08:04:23.279+00:00,2026-09-21T08:04:23.279+00:00,False,1,0.0,,0.0,300544.71176599996,300544.71176599996,300544.71176599996,300544.71176599996,300544.71176599996,300544.71176599996,nan,300544.71176599996,nan,nan,0.0,47,64,,True,False,"HTTPConnectionPool(host='gpu06', port=9004): Read timed out.",0,59.56268577710819
212,2026-09-21T07:59:22.351+00:00,2026-09-21T08:04:23.301+00:00,2026-09-21T08:04:23.301+00:00,False,1,0.0,,0.0,300950.136661,300950.136661,300950.136661,300950.136661,300950.136661,300950.136661,nan,300950.136661,nan,nan,0.0,47,64,,True,False,"HTTPConnectionPool(host='gpu06', port=9004): Read timed out.",0,59.56268577710819
211,2026-09-21T07:59:22.028+00:00,2026-09-21T08:04:23.305+00:00,2026-09-21T08:04:23.305+00:00,False,1,0.0,,0.0,301277.23633,301277.23633,301277.23633,301277.23633,301277.23633,301277.23633,nan,301277.23633,nan,nan,0.0,47,64,,True,False,"HTTPConnectionPool(host='gpu06', port=9004): Read timed out.",0,59.56268577710819
214,2026-09-21T07:59:23.050+00:00,2026-09-21T08:04:23.309+00:00,2026-09-21T08:04:23.309+00:00,False,1,0.0,,0.0,300258.73853,300258.73853,300258.73853,300258.73853,300258.73853,300258.73853,nan,300258.73853,nan,nan,0.0,47,64,,True,False,"HTTPConnectionPool(host='gpu06', port=9004): Read timed out.",0,59.56268577710819
208,2026-09-21T07:59:20.892+00:00,2026-09-21T08:04:23.313+00:00,2026-09-21T08:04:23.313+00:00,False,1,0.0,,0.0,302421.125879,302421.125879,302421.125879,302421.125879,302421.125879,302421.125879,nan,302421.125879,nan,nan,0.0,47,64,,True,False,"HTTPConnectionPool(host='gpu06', port=9004): Read timed out.",0,59.56268577710819
209,2026-09-21T07:59:21.276+00:00,2026-09-21T08:04:23.318+00:00,2026-09-21T08:04:23.318+00:00,False,1,0.0,,0.0,302041.49405599997,302041.49405599997,302041.49405599997,302041.49405599997,302041.49405599997,302041.49405599997,nan,302041.49405599997,nan,nan,0.0,47,64,,True,False,"HTTPConnectionPool(host='gpu06', port=9004): Read timed out.",0,59.56268577710819
215,2026-09-21T07:59:23.326+00:00,2026-09-21T08:04:23.368+00:00,2026-09-21T08:04:23.368+00:00,False,1,0.0,,0.0,300041.488796,300041.488796,300041.488796,300041.488796,300041.488796,300041.488796,nan,300041.488796,nan,nan,0.0,47,64,,True,False,"HTTPConnectionPool(host='gpu06', port=9004): Read timed out.",0,59.56268577710819
216,2026-09-21T07:59:23.750+00:00,2026-09-21T08:04:23.783+00:00,2026-09-21T08:04:23.783+00:00,False,1,0.0,,0.0,300033.202138,300033.202138,300033.202138,300033.202138,300033.202138,300033.202138,nan,300033.202138,nan,nan,0.0,47,64,,True,False,"HTTPConnectionPool(host='gpu06', port=9004): Read timed out.",0,59.56268577710819
217,2026-09-21T07:59:24.176+00:00,2026-09-21T08:04:24.281+00:00,2026-09-21T08:04:24.281+00:00,False,1,0.0,,0.0,300105.447251,300105.447251,300105.447251,300105.447251,300105.447251,300105.447251,nan,300105.447251,nan,nan,0.0,47,64,,True,False,"HTTPConnectionPool(host='gpu06', port=9004): Read timed out.",0,59.56268577710819
218,2026-09-21T07:59:24.590+00:00,2026-09-21T08:04:24.669+00:00,2026-09-21T08:04:24.669+00:00,False,1,0.0,,0.0,300078.578532,300078.578532,300078.578532,300078.578532,300078.578532,300078.578532,nan,300078.578532,nan,nan,0.0,47,64,,True,False,"HTTPConnectionPool(host='gpu06', port=9004): Read timed out.",0,59.56268577710819
219,2026-09-21T07:59:25.004+00:00,2026-09-21T08:04:25.106+00:00,2026-09-21T08:04:25.106+00:00,False,1,0.0,,0.0,300101.89495499997,300101.89495499997,300101.89495499997,300101.89495499997,300101.89495499997,300101.89495499997,nan,300101.89495499997,nan,nan,0.0,47,64,,True,False,"HTTPConnectionPool(host='gpu06', port=9004): Read timed out.",0,59.56268577710819
220,2026-09-21T07:59:25.324+00:00,2026-09-21T08:04:25.325+00:00,2026-09-21T08:04:25.531+00:00,False,3,2.0,,2.0,300001.26033200003,300207.164716,300207.16459600005,100069.05486533334,0.02246,300001.26033200003,173146.39956288855,270021.72247920005,102.952192,145.5645267993057,0.0066620661831706335,47,64,,True,False,Request timeout: 300.0s exceeded,11,59.56268577710819
221,2026-09-21T07:59:25.711+00:00,2026-09-21T08:04:25.640+00:00,2026-09-21T08:04:25.717+00:00,False,3,2.0,,2.0,299928.711555,300005.52512299997,300005.525136,100001.841712,0.022010000000000002,299928.711555,173141.75243801327,269943.51955659996,38.406784,54.284259494144784,0.006666543888416772,47,64,,True,False,Request timeout: 300.0s exceeded,8,59.56268577710819
222,2026-09-21T07:59:26.033+00:00,2026-09-21T08:04:26.160+00:00,2026-09-21T08:04:26.160+00:00,False,1,0.0,,0.0,300127.459837,300127.459837,300127.459837,300127.459837,300127.459837,300127.459837,nan,300127.459837,nan,nan,0.0,47,64,,True,False,"HTTPConnectionPool(host='gpu06', port=9004): Read timed out.",0,59.56268577710819
223,2026-09-21T07:59:26.461+00:00,2026-09-21T08:04:26.568+00:00,2026-09-21T08:04:26.568+00:00,False,1,0.0,,0.0,300107.05316799995,300107.05316799995,300107.05316799995,300107.05316799995,300107.05316799995,300107.05316799995,nan,300107.05316799995,nan,nan,0.0,47,64,,True,False,"HTTPConnectionPool(host='gpu06', port=9004): Read timed out.",0,59.56268577710819
224,2026-09-21T07:59:26.889+00:00,2026-09-21T08:04:27.002+00:00,2026-09-21T08:04:27.002+00:00,False,1,0.0,,0.0,300112.738149,300112.738149,300112.738149,300112.738149,300112.738149,300112.738149,nan,300112.738149,nan,nan,0.0,47,64,,True,False,"HTTPConnectionPool(host='gpu06', port=9004): Read timed out.",0,59.56268577710819
225,2026-09-21T07:59:27.238+00:00,2026-09-21T08:04:27.289+00:00,2026-09-21T08:04:27.289+00:00,False,1,0.0,,0.0,300050.437964,300050.437964,300050.437964,300050.437964,300050.437964,300050.437964,nan,300050.437964,nan,nan,0.0,47,64,,True,False,TTFT timeout: 300.0s exceeded (TTFT: 300.029s),0,59.56268577710819
226,2026-09-21T07:59:27.573+00:00,2026-09-21T08:04:27.660+00:00,2026-09-21T08:04:27.660+00:00,False,1,0.0,,0.0,300087.06234299997,300087.06234299997,300087.06234299997,300087.06234299997,300087.06234299997,300087.06234299997,nan,300087.06234299997,nan,nan,0.0,47,64,,True,False,TTFT timeout: 300.0s exceeded (TTFT: 300.070s),0,59.56268577710819
227,2026-09-21T07:59:27.952+00:00,2026-09-21T08:04:28.058+00:00,2026-09-21T08:04:28.058+00:00,False,1,0.0,,0.0,300106.028287,300106.028287,300106.028287,300106.028287,300106.028287,300106.028287,nan,300106.028287,nan,nan,0.0,47,64,,True,False,"HTTPConnectionPool(host='gpu06', port=9004): Read timed out.",0,59.56268577710819
228,2026-09-21T07:59:28.333+00:00,2026-09-21T08:04:28.438+00:00,2026-09-21T08:04:28.438+00:00,False,1,0.0,,0.0,300104.815432,300104.815432,300104.815432,300104.815432,300104.815432,300104.815432,nan,300104.815432,nan,nan,0.0,47,64,,True,False,"HTTPConnectionPool(host='gpu06', port=9004): Read timed out.",0,59.56268577710819
229,2026-09-21T07:59:28.726+00:00,2026-09-21T08:04:28.784+00:00,2026-09-21T08:04:28.784+00:00,False,1,0.0,,0.0,300057.933444,300057.933444,300057.933444,300057.933444,300057.933444,300057.933444,nan,300057.933444,nan,nan,0.0,47,64,,True,False,"HTTPConnectionPool(host='gpu06', port=9004): Read timed out.",0,59.56268577710819
230,2026-09-21T07:59:29.127+00:00,2026-09-21T08:04:29.229+00:00,2026-09-21T08:04:29.229+00:00,False,1,0.0,,0.0,300102.00212900003,300102.00212900003,300102.00212900003,300102.00212900003,300102.00212900003,300102.00212900003,nan,300102.00212900003,nan,nan,0.0,47,64,,True,False,"HTTPConnectionPool(host='gpu06', port=9004): Read timed out.",0,59.56268577710819
231,2026-09-21T07:59:29.414+00:00,2026-09-21T08:04:29.454+00:00,2026-09-21T08:04:29.454+00:00,False,1,0.0,,0.0,300039.66178799997,300039.66178799997,300039.66178799997,300039.66178799997,300039.66178799997,300039.66178799997,nan,300039.66178799997,nan,nan,0.0,47,64,,True,False,TTFT timeout: 300.0s exceeded (TTFT: 300.028s),0,59.56268577710819
232,2026-09-21T07:59:29.850+00:00,2026-09-21T08:04:29.751+00:00,2026-09-21T08:04:29.897+00:00,False,4,3.0,,3.0,299900.733167,300046.638575,300046.6385,75011.659625,0.02488,299900.733167,149926.05297596945,254926.8446291,48.635136,42.13924024686083,0.009998445622479842,47,64,,True,False,Request timeout: 300.0s exceeded,3,59.56268577710819
233,2026-09-21T07:59:30.278+00:00,2026-09-21T08:04:30.370+00:00,2026-09-21T08:04:30.370+00:00,False,1,0.0,,0.0,300092.477242,300092.477242,300092.477242,300092.477242,300092.477242,300092.477242,nan,300092.477242,nan,nan,0.0,47,64,,True,False,"HTTPConnectionPool(host='gpu06', port=9004): Read timed out.",0,59.56268577710819
234,2026-09-21T07:59:30.621+00:00,2026-09-21T08:04:30.715+00:00,2026-09-21T08:04:30.715+00:00,False,1,0.0,,0.0,300093.737249,300093.737249,300093.737249,300093.737249,300093.737249,300093.737249,nan,300093.737249,nan,nan,0.0,47,64,,True,False,"HTTPConnectionPool(host='gpu06', port=9004): Read timed out.",0,59.56268577710819
235,2026-09-21T07:59:31.075+00:00,2026-09-21T08:04:31.184+00:00,2026-09-21T08:04:31.184+00:00,False,1,0.0,,0.0,300109.048459,300109.048459,300109.048459,300109.048459,300109.048459,300109.048459,nan,300109.048459,nan,nan,0.0,47,64,,True,False,"HTTPConnectionPool(host='gpu06', port=9004): Read timed out.",0,59.56268577710819
236,2026-09-21T07:59:31.534+00:00,2026-09-21T08:04:31.692+00:00,2026-09-21T08:04:32.859+00:00,False,20,19.0,,19.0,300158.151288,301324.898424,301324.898553,15066.24492765,0.03835,300158.151288,67103.68010293761,15184.532499199999,61.407744,34.21839129287036,0.06305486237405028,47,64,,True,False,Request timeout: 300.0s exceeded,38,59.56268577710819
237,2026-09-21T07:59:31.822+00:00,2026-09-21T08:04:31.873+00:00,2026-09-21T08:04:32.913+00:00,False,20,19.0,,19.0,300051.085717,301090.653077,301090.653179,15054.53265895,0.027800000000000002,300051.085717,67081.22991877527,15078.9920943,54.71407157894737,16.48834589090798,0.06310391839078777,47,64,,True,False,Request timeout: 300.0s exceeded,57,59.56268577710819
238,2026-09-21T07:59:32.098+00:00,2026-09-21T08:04:32.406+00:00,2026-09-21T08:04:33.014+00:00,False,13,12.0,,12.0,300308.13797399995,300915.19384599995,300915.19376699993,23147.322597461534,0.03382,300308.13797399995,83276.46272792613,120169.48677419999,50.58798933333333,17.977708305870504,0.03987834527937219,47,64,,True,False,Request timeout: 300.0s exceeded,48,59.56268577710819
240,2026-09-21T07:59:32.860+00:00,2026-09-21T08:04:32.690+00:00,2026-09-21T08:04:33.014+00:00,False,8,7.0,,7.0,299830.292123,300153.745307,300153.74523,37519.21815375,0.02428,299830.292123,105989.68133619436,194911.75248030003,46.20759771428572,21.113319039544034,0.02332138149014378,47,64,,True,False,Request timeout: 300.0s exceeded,7,59.56268577710819
241,2026-09-21T07:59:33.139+00:00,2026-09-21T08:04:33.164+00:00,2026-09-21T08:04:33.164+00:00,False,1,0.0,,0.0,300025.41761799995,300025.41761799995,300025.41761799995,300025.41761799995,300025.41761799995,300025.41761799995,nan,300025.41761799995,nan,nan,0.0,47,64,,True,False,"HTTPConnectionPool(host='gpu06', port=9004): Read timed out.",0,59.56268577710819
239,2026-09-21T07:59:32.481+00:00,2026-09-21T08:04:33.621+00:00,2026-09-21T08:04:33.621+00:00,False,1,0.0,,0.0,301140.226986,301140.226986,301140.226986,301140.226986,301140.226986,301140.226986,nan,301140.226986,nan,nan,0.0,47,64,,True,False,"HTTPConnectionPool(host='gpu06', port=9004): Read timed out.",0,59.56268577710819
242,2026-09-21T07:59:33.583+00:00,2026-09-21T08:04:33.918+00:00,2026-09-21T08:04:34.812+00:00,False,14,13.0,,13.0,300334.78810500004,301228.974601,301228.97450400004,21516.355321714287,0.038121,300334.78810500004,80249.48079452127,105262.329121,68.7835766153846,51.94424281843246,0.043156539032207834,47,64,,True,False,Request timeout: 300.0s exceeded,78,59.56268577710819
244,2026-09-21T07:59:34.935+00:00,2026-09-21T08:04:34.285+00:00,2026-09-21T08:04:35.159+00:00,False,17,16.0,,16.0,299349.37516399997,300224.21676399995,300224.21684199997,17660.24804952941,0.02498,299349.37516399997,72589.62929342967,59951.85662639999,54.6776,20.639582262698966,0.05329350234454028,47,64,,True,False,Request timeout: 300.0s exceeded,21,59.56268577710819
243,2026-09-21T07:59:34.793+00:00,2026-09-21T08:04:35.762+00:00,2026-09-21T08:04:35.762+00:00,False,1,0.0,,0.0,300969.020187,300969.020187,300969.020187,300969.020187,300969.020187,300969.020187,nan,300969.020187,nan,nan,0.0,47,64,,True,False,"HTTPConnectionPool(host='gpu06', port=9004): Read timed out.",0,59.56268577710819
245,2026-09-21T07:59:35.160+00:00,2026-09-21T08:04:35.849+00:00,2026-09-21T08:04:35.849+00:00,False,1,0.0,,0.0,300688.67676099995,300688.67676099995,300688.67676099995,300688.67676099995,300688.67676099995,300688.67676099995,nan,300688.67676099995,nan,nan,0.0,47,64,,True,False,"HTTPConnectionPool(host='gpu06', port=9004): Read timed out.",0,59.56268577710819
248,2026-09-21T07:59:35.721+00:00,2026-09-21T08:04:35.893+00:00,2026-09-21T08:04:35.893+00:00,False,1,0.0,,0.0,300172.49168000004,300172.49168000004,300172.49168000004,300172.49168000004,300172.49168000004,300172.49168000004,nan,300172.49168000004,nan,nan,0.0,47,64,,True,False,"HTTPConnectionPool(host='gpu06', port=9004): Read timed out.",0,59.56268577710819
247,2026-09-21T07:59:35.494+00:00,2026-09-21T08:04:36.041+00:00,2026-09-21T08:04:36.041+00:00,False,1,0.0,,0.0,300546.875401,300546.875401,300546.875401,300546.875401,300546.875401,300546.875401,nan,300546.875401,nan,nan,0.0,47,64,,True,False,"HTTPConnectionPool(host='gpu06', port=9004): Read timed out.",0,59.56268577710819
246,2026-09-21T07:59:35.417+00:00,2026-09-21T08:04:36.062+00:00,2026-09-21T08:04:36.062+00:00,False,1,0.0,,0.0,300645.484156,300645.484156,300645.484156,300645.484156,300645.484156,300645.484156,nan,300645.484156,nan,nan,0.0,47,64,,True,False,"HTTPConnectionPool(host='gpu06', port=9004): Read timed out.",0,59.56268577710819
249,2026-09-21T07:59:36.122+00:00,2026-09-21T08:04:36.273+00:00,2026-09-21T08:04:36.273+00:00,False,1,0.0,,0.0,300151.355591,300151.355591,300151.355591,300151.355591,300151.355591,300151.355591,nan,300151.355591,nan,nan,0.0,47,64,,True,False,"HTTPConnectionPool(host='gpu06', port=9004): Read timed out.",0,59.56268577710819
250,2026-09-21T07:59:36.564+00:00,2026-09-21T08:04:36.651+00:00,2026-09-21T08:04:36.651+00:00,False,1,0.0,,0.0,300087.518259,300087.518259,300087.518259,300087.518259,300087.518259,300087.518259,nan,300087.518259,nan,nan,0.0,47,64,,True,False,"HTTPConnectionPool(host='gpu06', port=9004): Read timed out.",0,59.56268577710819
251,2026-09-21T07:59:36.983+00:00,2026-09-21T08:04:37.083+00:00,2026-09-21T08:04:37.083+00:00,False,1,0.0,,0.0,300100.027836,300100.027836,300100.027836,300100.027836,300100.027836,300100.027836,nan,300100.027836,nan,nan,0.0,47,64,,True,False,"HTTPConnectionPool(host='gpu06', port=9004): Read timed out.",0,59.56268577710819
252,2026-09-21T07:59:37.362+00:00,2026-09-21T08:04:37.471+00:00,2026-09-21T08:04:37.471+00:00,False,1,0.0,,0.0,300109.056019,300109.056019,300109.056019,300109.056019,300109.056019,300109.056019,nan,300109.056019,nan,nan,0.0,47,64,,True,False,"HTTPConnectionPool(host='gpu06', port=9004): Read timed out.",0,59.56268577710819
253,2026-09-21T07:59:37.718+00:00,2026-09-21T08:04:37.829+00:00,2026-09-21T08:04:37.829+00:00,False,1,0.0,,0.0,300110.777685,300110.777685,300110.777685,300110.777685,300110.777685,300110.777685,nan,300110.777685,nan,nan,0.0,47,64,,True,False,"HTTPConnectionPool(host='gpu06', port=9004): Read timed out.",0,59.56268577710819
254,2026-09-21T07:59:38.156+00:00,2026-09-21T08:04:38.081+00:00,2026-09-21T08:04:38.254+00:00,False,3,2.0,,2.0,299925.150002,300098.006578,300098.006621,100032.66887366665,0.028480000000000002,299925.150002,173111.98824362614,269949.9178157,86.428288,122.18787076969943,0.006664489453981661,47,64,,True,False,Request timeout: 300.0s exceeded,13,59.56268577710819
255,2026-09-21T07:59:38.487+00:00,2026-09-21T08:04:38.592+00:00,2026-09-21T08:04:38.592+00:00,False,1,0.0,,0.0,300104.986972,300104.986972,300104.986972,300104.986972,300104.986972,300104.986972,nan,300104.986972,nan,nan,0.0,47,64,,True,False,"HTTPConnectionPool(host='gpu06', port=9004): Read timed out.",0,59.56268577710819
256,2026-09-21T07:59:38.772+00:00,2026-09-21T08:04:38.874+00:00,2026-09-21T08:04:38.874+00:00,False,1,0.0,,0.0,300102.34610900003,300102.34610900003,300102.34610900003,300102.34610900003,300102.34610900003,300102.34610900003,nan,300102.34610900003,nan,nan,0.0,47,64,,True,False,"HTTPConnectionPool(host='gpu06', port=9004): Read timed out.",0,59.56268577710819
257,2026-09-21T07:59:39.053+00:00,2026-09-21T08:04:39.104+00:00,2026-09-21T08:04:39.104+00:00,False,1,0.0,,0.0,300050.71543,300050.71543,300050.71543,300050.71543,300050.71543,300050.71543,nan,300050.71543,nan,nan,0.0,47,64,,True,False,"HTTPConnectionPool(host='gpu06', port=9004): Read timed out.",0,59.56268577710819
258,2026-09-21T07:59:39.394+00:00,2026-09-21T08:04:39.473+00:00,2026-09-21T08:04:39.473+00:00,False,1,0.0,,0.0,300079.163488,300079.163488,300079.163488,300079.163488,300079.163488,300079.163488,nan,300079.163488,nan,nan,0.0,47,64,,True,False,"HTTPConnectionPool(host='gpu06', port=9004): Read timed out.",0,59.56268577710819
259,2026-09-21T07:59:39.863+00:00,2026-09-21T08:04:39.972+00:00,2026-09-21T08:04:39.972+00:00,False,1,0.0,,0.0,300109.624216,300109.624216,300109.624216,300109.624216,300109.624216,300109.624216,nan,300109.624216,nan,nan,0.0,47,64,,True,False,"HTTPConnectionPool(host='gpu06', port=9004): Read timed out.",0,59.56268577710819
260,2026-09-21T07:59:40.235+00:00,2026-09-21T08:04:40.339+00:00,2026-09-21T08:04:40.339+00:00,False,1,0.0,,0.0,300104.213581,300104.213581,300104.213581,300104.213581,300104.213581,300104.213581,nan,300104.213581,nan,nan,0.0,47,64,,True,False,"HTTPConnectionPool(host='gpu06', port=9004): Read timed out.",0,59.56268577710819
261,2026-09-21T07:59:40.717+00:00,2026-09-21T08:04:40.813+00:00,2026-09-21T08:04:40.813+00:00,False,1,0.0,,0.0,300095.82155,300095.82155,300095.82155,300095.82155,300095.82155,300095.82155,nan,300095.82155,nan,nan,0.0,47,64,,True,False,"HTTPConnectionPool(host='gpu06', port=9004): Read timed out.",0,59.56268577710819
262,2026-09-21T07:59:41.180+00:00,2026-09-21T08:04:41.271+00:00,2026-09-21T08:04:41.271+00:00,False,1,0.0,,0.0,300090.966351,300090.966351,300090.966351,300090.966351,300090.966351,300090.966351,nan,300090.966351,nan,nan,0.0,47,64,,True,False,"HTTPConnectionPool(host='gpu06', port=9004): Read timed out.",0,59.56268577710819
263,2026-09-21T07:59:41.515+00:00,2026-09-21T08:04:41.622+00:00,2026-09-21T08:04:41.622+00:00,False,1,0.0,,0.0,300106.952389,300106.952389,300106.952389,300106.952389,300106.952389,300106.952389,nan,300106.952389,nan,nan,0.0,47,64,,True,False,"HTTPConnectionPool(host='gpu06', port=9004): Read timed out.",0,59.56268577710819
264,2026-09-21T07:59:41.869+00:00,2026-09-21T08:04:41.973+00:00,2026-09-21T08:04:41.973+00:00,False,1,0.0,,0.0,300104.369217,300104.369217,300104.369217,300104.369217,300104.369217,300104.369217,nan,300104.369217,nan,nan,0.0,47,64,,True,False,"HTTPConnectionPool(host='gpu06', port=9004): Read timed out.",0,59.56268577710819
265,2026-09-21T07:59:42.321+00:00,2026-09-21T08:04:42.393+00:00,2026-09-21T08:04:42.393+00:00,False,1,0.0,,0.0,300071.837432,300071.837432,300071.837432,300071.837432,300071.837432,300071.837432,nan,300071.837432,nan,nan,0.0,47,64,,True,False,"HTTPConnectionPool(host='gpu06', port=9004): Read timed out.",0,59.56268577710819
266,2026-09-21T07:59:42.648+00:00,2026-09-21T08:04:42.742+00:00,2026-09-21T08:04:42.742+00:00,False,1,0.0,,0.0,300094.425712,300094.425712,300094.425712,300094.425712,300094.425712,300094.425712,nan,300094.425712,nan,nan,0.0,47,64,,True,False,"HTTPConnectionPool(host='gpu06', port=9004): Read timed out.",0,59.56268577710819
267,2026-09-21T07:59:43.053+00:00,2026-09-21T08:04:43.147+00:00,2026-09-21T08:04:43.147+00:00,False,1,0.0,,0.0,300093.604671,300093.604671,300093.604671,300093.604671,300093.604671,300093.604671,nan,300093.604671,nan,nan,0.0,47,64,,True,False,"HTTPConnectionPool(host='gpu06', port=9004): Read timed out.",0,59.56268577710819
268,2026-09-21T07:59:43.532+00:00,2026-09-21T08:04:43.650+00:00,2026-09-21T08:04:43.650+00:00,False,1,0.0,,0.0,300118.712598,300118.712598,300118.712598,300118.712598,300118.712598,300118.712598,nan,300118.712598,nan,nan,0.0,47,64,,True,False,"HTTPConnectionPool(host='gpu06', port=9004): Read timed out.",0,59.56268577710819
269,2026-09-21T07:59:43.993+00:00,2026-09-21T08:04:44.066+00:00,2026-09-21T08:04:44.066+00:00,False,1,0.0,,0.0,300073.589163,300073.589163,300073.589163,300073.589163,300073.589163,300073.589163,nan,300073.589163,nan,nan,0.0,47,64,,True,False,"HTTPConnectionPool(host='gpu06', port=9004): Read timed out.",0,59.56268577710819
270,2026-09-21T07:59:44.350+00:00,2026-09-21T08:04:44.408+00:00,2026-09-21T08:04:44.408+00:00,False,1,0.0,,0.0,300058.59433,300058.59433,300058.59433,300058.59433,300058.59433,300058.59433,nan,300058.59433,nan,nan,0.0,47,64,,True,False,TTFT timeout: 300.0s exceeded (TTFT: 300.054s),0,59.56268577710819
271,2026-09-21T07:59:44.712+00:00,2026-09-21T08:04:44.635+00:00,2026-09-21T08:04:44.751+00:00,False,3,2.0,,2.0,299922.579254,300038.096438,300038.09649699996,100012.69883233332,0.023969999999999998,299922.579254,173127.04453938958,269941.8706559,57.758592,81.64931455348118,0.006665820186648468,47,64,,True,False,Request timeout: 300.0s exceeded,6,59.56268577710819
272,2026-09-21T07:59:45.154+00:00,2026-09-21T08:04:45.257+00:00,2026-09-21T08:04:45.257+00:00,False,1,0.0,,0.0,300102.706047,300102.706047,300102.706047,300102.706047,300102.706047,300102.706047,nan,300102.706047,nan,nan,0.0,47,64,,True,False,"HTTPConnectionPool(host='gpu06', port=9004): Read timed out.",0,59.56268577710819
273,2026-09-21T07:59:45.574+00:00,2026-09-21T08:04:45.987+00:00,2026-09-21T08:04:46.571+00:00,True,9,9.0,,9.0,300412.58044700004,300997.13750300003,300997.13762100006,33444.126402333335,43.085497000000004,300412.58044700004,100113.17794228673,180316.72813980002,73.069632,41.909293984511706,0.0299006165794859,47,64,,True,True,,77,59.56268577710819
277,2026-09-21T07:59:46.949+00:00,2026-09-21T08:04:46.630+00:00,2026-09-21T08:04:47.130+00:00,False,11,10.0,,10.0,299680.90062599996,300180.68737799994,300180.68721599993,27289.153383272722,0.02789,299680.90062599996,90342.12393873463,149873.100911,49.978675200000005,18.900555062208614,0.033313269042546986,47,64,,True,False,Request timeout: 300.0s exceeded,30,59.56268577710819
275,2026-09-21T07:59:46.231+00:00,2026-09-21T08:04:47.352+00:00,2026-09-21T08:04:47.352+00:00,False,1,0.0,,0.0,301121.133545,301121.133545,301121.133545,301121.133545,301121.133545,301121.133545,nan,301121.133545,nan,nan,0.0,47,64,,True,False,"HTTPConnectionPool(host='gpu06', port=9004): Read timed out.",0,59.56268577710819
278,2026-09-21T07:59:47.339+00:00,2026-09-21T08:04:47.388+00:00,2026-09-21T08:04:47.388+00:00,False,1,0.0,,0.0,300049.16370499996,300049.16370499996,300049.16370499996,300049.16370499996,300049.16370499996,300049.16370499996,nan,300049.16370499996,nan,nan,0.0,47,64,,True,False,"HTTPConnectionPool(host='gpu06', port=9004): Read timed out.",0,59.56268577710819
276,2026-09-21T07:59:46.568+00:00,2026-09-21T08:04:47.686+00:00,2026-09-21T08:04:47.686+00:00,False,1,0.0,,0.0,301118.27001499996,301118.27001499996,301118.27001499996,301118.27001499996,301118.27001499996,301118.27001499996,nan,301118.27001499996,nan,nan,0.0,47,64,,True,False,"HTTPConnectionPool(host='gpu06', port=9004): Read timed out.",0,59.56268577710819
279,2026-09-21T07:59:47.663+00:00,2026-09-21T08:04:47.770+00:00,2026-09-21T08:04:47.770+00:00,False,1,0.0,,0.0,300106.660374,300106.660374,300106.660374,300106.660374,300106.660374,300106.660374,nan,300106.660374,nan,nan,0.0,47,64,,True,False,"HTTPConnectionPool(host='gpu06', port=9004): Read timed out.",0,59.56268577710819
280,2026-09-21T07:59:48.059+00:00,2026-09-21T08:04:48.140+00:00,2026-09-21T08:04:48.140+00:00,False,1,0.0,,0.0,300081.61574599997,300081.61574599997,300081.61574599997,300081.61574599997,300081.61574599997,300081.61574599997,nan,300081.61574599997,nan,nan,0.0,47,64,,True,False,"HTTPConnectionPool(host='gpu06', port=9004): Read timed out.",0,59.56268577710819
281,2026-09-21T07:59:48.479+00:00,2026-09-21T08:04:48.589+00:00,2026-09-21T08:04:48.589+00:00,False,1,0.0,,0.0,300109.90775199997,300109.90775199997,300109.90775199997,300109.90775199997,300109.90775199997,300109.90775199997,nan,300109.90775199997,nan,nan,0.0,47,64,,True,False,"HTTPConnectionPool(host='gpu06', port=9004): Read timed out.",0,59.56268577710819
282,2026-09-21T07:59:48.806+00:00,2026-09-21T08:04:48.828+00:00,2026-09-21T08:04:48.828+00:00,False,1,0.0,,0.0,300021.747798,300021.747798,300021.747798,300021.747798,300021.747798,300021.747798,nan,300021.747798,nan,nan,0.0,47,64,,True,False,"HTTPConnectionPool(host='gpu06', port=9004): Read timed out.",0,59.56268577710819
274,2026-09-21T07:59:45.940+00:00,2026-09-21T08:04:49.022+00:00,2026-09-21T08:04:49.022+00:00,False,1,0.0,,0.0,303081.932218,303081.932218,303081.932218,303081.932218,303081.932218,303081.932218,nan,303081.932218,nan,nan,0.0,47,64,,True,False,TTFT timeout: 300.0s exceeded (TTFT: 300.016s),0,59.56268577710819
283,2026-09-21T07:59:49.214+00:00,2026-09-21T08:04:49.137+00:00,2026-09-21T08:04:49.284+00:00,False,3,2.0,,2.0,299922.089673,300069.71309699997,300069.713254,100023.23775133333,0.04029,299922.089673,173117.4996698329,269944.6390348,73.811712,104.32868410087804,0.006665117846643469,47,64,,True,False,Request timeout: 300.0s exceeded,4,59.56268577710819
284,2026-09-21T07:59:49.594+00:00,2026-09-21T08:04:49.699+00:00,2026-09-21T08:04:49.699+00:00,False,1,0.0,,0.0,300104.56320599996,300104.56320599996,300104.56320599996,300104.56320599996,300104.56320599996,300104.56320599996,nan,300104.56320599996,nan,nan,0.0,47,64,,True,False,"HTTPConnectionPool(host='gpu06', port=9004): Read timed out.",0,59.56268577710819
285,2026-09-21T07:59:49.905+00:00,2026-09-21T08:04:49.974+00:00,2026-09-21T08:04:49.974+00:00,False,1,0.0,,0.0,300069.654012,300069.654012,300069.654012,300069.654012,300069.654012,300069.654012,nan,300069.654012,nan,nan,0.0,47,64,,True,False,"HTTPConnectionPool(host='gpu06', port=9004): Read timed out.",0,59.56268577710819
286,2026-09-21T07:59:50.195+00:00,2026-09-21T08:04:50.300+00:00,2026-09-21T08:04:50.300+00:00,False,1,0.0,,0.0,300104.648726,300104.648726,300104.648726,300104.648726,300104.648726,300104.648726,nan,300104.648726,nan,nan,0.0,47,64,,True,False,"HTTPConnectionPool(host='gpu06', port=9004): Read timed out.",0,59.56268577710819
287,2026-09-21T07:59:50.674+00:00,2026-09-21T08:04:50.780+00:00,2026-09-21T08:04:50.780+00:00,False,1,0.0,,0.0,300106.383005,300106.383005,300106.383005,300106.383005,300106.383005,300106.383005,nan,300106.383005,nan,nan,0.0,47,64,,True,False,"HTTPConnectionPool(host='gpu06', port=9004): Read timed out.",0,59.56268577710819
288,2026-09-21T07:59:51.079+00:00,2026-09-21T08:04:51.074+00:00,2026-09-21T08:04:51.337+00:00,False,3,2.0,,2.0,299994.589211,300258.381083,300258.38113500003,100086.127045,0.07018,299994.589211,173125.85685627116,270021.5024643,131.895936,186.42982291697467,0.006660929805809961,47,64,,True,False,Request timeout: 300.0s exceeded,6,59.56268577710819
289,2026-09-21T07:59:51.413+00:00,2026-09-21T08:04:51.463+00:00,2026-09-21T08:04:51.463+00:00,False,1,0.0,,0.0,300050.21280800004,300050.21280800004,300050.21280800004,300050.21280800004,300050.21280800004,300050.21280800004,nan,300050.21280800004,nan,nan,0.0,47,64,,True,False,TTFT timeout: 300.0s exceeded (TTFT: 300.046s),0,59.56268577710819
290,2026-09-21T07:59:51.711+00:00,2026-09-21T08:04:51.783+00:00,2026-09-21T08:04:51.783+00:00,False,1,0.0,,0.0,300071.13974199997,300071.13974199997,300071.13974199997,300071.13974199997,300071.13974199997,300071.13974199997,nan,300071.13974199997,nan,nan,0.0,47,64,,True,False,"HTTPConnectionPool(host='gpu06', port=9004): Read timed out.",0,59.56268577710819
291,2026-09-21T07:59:52.114+00:00,2026-09-21T08:04:52.221+00:00,2026-09-21T08:04:52.221+00:00,False,1,0.0,,0.0,300106.727249,300106.727249,300106.727249,300106.727249,300106.727249,300106.727249,nan,300106.727249,nan,nan,0.0,47,64,,True,False,"HTTPConnectionPool(host='gpu06', port=9004): Read timed out.",0,59.56268577710819
292,2026-09-21T07:59:52.391+00:00,2026-09-21T08:04:52.483+00:00,2026-09-21T08:04:52.483+00:00,False,1,0.0,,0.0,300092.350989,300092.350989,300092.350989,300092.350989,300092.350989,300092.350989,nan,300092.350989,nan,nan,0.0,47,64,,True,False,"HTTPConnectionPool(host='gpu06', port=9004): Read timed out.",0,59.56268577710819
293,2026-09-21T07:59:52.753+00:00,2026-09-21T08:04:52.852+00:00,2026-09-21T08:04:52.852+00:00,False,1,0.0,,0.0,300099.09547500004,300099.09547500004,300099.09547500004,300099.09547500004,300099.09547500004,300099.09547500004,nan,300099.09547500004,nan,nan,0.0,47,64,,True,False,"HTTPConnectionPool(host='gpu06', port=9004): Read timed out.",0,59.56268577710819
294,2026-09-21T07:59:54.214+00:00,2026-09-21T08:04:53.199+00:00,2026-09-21T08:04:54.807+00:00,False,29,28.0,,28.0,298984.642966,300593.12066200003,300593.120607,10365.280020931035,0.02898,298984.642966,55509.38919070571,86.4984804,57.445632,15.88274084693012,0.09314917100675905,47,64,,True,False,Request timeout: 300.0s exceeded,55,59.56268577710819
296,2026-09-21T07:59:54.372+00:00,2026-09-21T08:04:53.199+00:00,2026-09-21T08:04:54.511+00:00,False,24,23.0,,23.0,298826.58924199996,300138.337594,300138.337502,12505.764062583332,0.04188,298826.58924199996,60986.082820335316,93.59348065,57.03253704347826,17.6239375979509,0.07663133002059977,47,64,,True,False,Request timeout: 300.0s exceeded,28,59.56268577710819
295,2026-09-21T07:59:54.318+00:00,2026-09-21T08:04:53.201+00:00,2026-09-21T08:04:54.940+00:00,False,31,30.0,,30.0,298883.744476,300622.432732,300622.432489,9697.497822225807,0.03915999999999999,298883.744476,53670.69807306042,82.48595949999999,57.9562752,15.373513198640223,0.09979295200083925,47,64,,True,False,Request timeout: 300.0s exceeded,90,59.56268577710819
297,2026-09-21T07:59:54.443+00:00,2026-09-21T08:04:53.680+00:00,2026-09-21T08:04:54.633+00:00,False,18,17.0,,17.0,299237.563235,300189.707107,300189.707037,16677.205946500002,0.0362,299237.563235,70517.77070404789,44949.68238985,56.00846305882352,17.201972807769668,0.05663085574729749,47,64,,True,False,Request timeout: 300.0s exceeded,85,59.56268577710819
298,2026-09-21T07:59:54.624+00:00,2026-09-21T08:04:55.163+00:00,2026-09-21T08:04:55.163+00:00,False,1,0.0,,0.0,300539.447019,300539.447019,300539.447019,300539.447019,300539.447019,300539.447019,nan,300539.447019,nan,nan,0.0,47,64,,True,False,"HTTPConnectionPool(host='gpu06', port=9004): Read timed out.",0,59.56268577710819
299,2026-09-21T07:59:55.003+00:00,2026-09-21T08:04:55.473+00:00,2026-09-21T08:04:55.473+00:00,False,1,0.0,,0.0,300470.455197,300470.455197,300470.455197,300470.455197,300470.455197,300470.455197,nan,300470.455197,nan,nan,0.0,47,64,,True,False,"HTTPConnectionPool(host='gpu06', port=9004): Read timed out.",0,59.56268577710819
300,2026-09-21T07:59:55.446+00:00,2026-09-21T08:04:55.653+00:00,2026-09-21T08:04:55.653+00:00,False,1,0.0,,0.0,300206.694187,300206.694187,300206.694187,300206.694187,300206.694187,300206.694187,nan,300206.694187,nan,nan,0.0,47,64,,True,False,"HTTPConnectionPool(host='gpu06', port=9004): Read timed out.",0,59.56268577710819
301,2026-09-21T07:59:55.715+00:00,2026-09-21T08:04:55.830+00:00,2026-09-21T08:04:55.830+00:00,False,1,0.0,,0.0,300115.607843,300115.607843,300115.607843,300115.607843,300115.607843,300115.607843,nan,300115.607843,nan,nan,0.0,47,64,,True,False,"HTTPConnectionPool(host='gpu06', port=9004): Read timed out.",0,59.56268577710819
302,2026-09-21T07:59:56.173+00:00,2026-09-21T08:04:56.283+00:00,2026-09-21T08:04:56.283+00:00,False,1,0.0,,0.0,300109.773894,300109.773894,300109.773894,300109.773894,300109.773894,300109.773894,nan,300109.773894,nan,nan,0.0,47,64,,True,False,"HTTPConnectionPool(host='gpu06', port=9004): Read timed out.",0,59.56268577710819
303,2026-09-21T07:59:56.476+00:00,2026-09-21T08:04:56.581+00:00,2026-09-21T08:04:56.581+00:00,False,1,0.0,,0.0,300105.35321,300105.35321,300105.35321,300105.35321,300105.35321,300105.35321,nan,300105.35321,nan,nan,0.0,47,64,,True,False,"HTTPConnectionPool(host='gpu06', port=9004): Read timed out.",0,59.56268577710819
304,2026-09-21T07:59:56.786+00:00,2026-09-21T08:04:56.901+00:00,2026-09-21T08:04:56.901+00:00,False,1,0.0,,0.0,300115.417162,300115.417162,300115.417162,300115.417162,300115.417162,300115.417162,nan,300115.417162,nan,nan,0.0,47,64,,True,False,"HTTPConnectionPool(host='gpu06', port=9004): Read timed out.",0,59.56268577710819
305,2026-09-21T07:59:57.125+00:00,2026-09-21T08:04:57.189+00:00,2026-09-21T08:04:57.189+00:00,False,1,0.0,,0.0,300064.080755,300064.080755,300064.080755,300064.080755,300064.080755,300064.080755,nan,300064.080755,nan,nan,0.0,47,64,,True,False,TTFT timeout: 300.0s exceeded (TTFT: 300.057s),0,59.56268577710819
306,2026-09-21T07:59:57.554+00:00,2026-09-21T08:04:57.584+00:00,2026-09-21T08:04:57.584+00:00,False,1,0.0,,0.0,300030.525584,300030.525584,300030.525584,300030.525584,300030.525584,300030.525584,nan,300030.525584,nan,nan,0.0,47,64,,True,False,TTFT timeout: 300.0s exceeded (TTFT: 300.021s),0,59.56268577710819
307,2026-09-21T07:59:58.019+00:00,2026-09-21T08:04:58.111+00:00,2026-09-21T08:04:58.111+00:00,False,1,0.0,,0.0,300091.98328,300091.98328,300091.98328,300091.98328,300091.98328,300091.98328,nan,300091.98328,nan,nan,0.0,47,64,,True,False,"HTTPConnectionPool(host='gpu06', port=9004): Read timed out.",0,59.56268577710819
308,2026-09-21T07:59:58.339+00:00,2026-09-21T08:04:58.377+00:00,2026-09-21T08:04:58.377+00:00,False,1,0.0,,0.0,300038.22630599997,300038.22630599997,300038.22630599997,300038.22630599997,300038.22630599997,300038.22630599997,nan,300038.22630599997,nan,nan,0.0,47,64,,True,False,"HTTPConnectionPool(host='gpu06', port=9004): Read timed out.",0,59.56268577710819
309,2026-09-21T07:59:58.625+00:00,2026-09-21T08:04:58.731+00:00,2026-09-21T08:04:58.731+00:00,False,1,0.0,,0.0,300106.22614,300106.22614,300106.22614,300106.22614,300106.22614,300106.22614,nan,300106.22614,nan,nan,0.0,47,64,,True,False,"HTTPConnectionPool(host='gpu06', port=9004): Read timed out.",0,59.56268577710819
310,2026-09-21T07:59:58.944+00:00,2026-09-21T08:04:59.000+00:00,2026-09-21T08:04:59.000+00:00,False,1,0.0,,0.0,300056.12422399997,300056.12422399997,300056.12422399997,300056.12422399997,300056.12422399997,300056.12422399997,nan,300056.12422399997,nan,nan,0.0,47,64,,True,False,"HTTPConnectionPool(host='gpu06', port=9004): Read timed out.",0,59.56268577710819
311,2026-09-21T07:59:59.284+00:00,2026-09-21T08:04:59.215+00:00,2026-09-21T08:04:59.373+00:00,False,3,2.0,,2.0,299930.974462,300088.431102,300088.430972,100029.47699066668,0.03648,299930.974462,173119.79294943882,269953.61901880003,78.72832,111.28688635675762,0.0066647021101596555,47,64,,True,False,Request timeout: 300.0s exceeded,4,59.56268577710819
312,2026-09-21T07:59:59.668+00:00,2026-09-21T08:04:59.782+00:00,2026-09-21T08:04:59.782+00:00,False,1,0.0,,0.0,300114.540393,300114.540393,300114.540393,300114.540393,300114.540393,300114.540393,nan,300114.540393,nan,nan,0.0,47,64,,True,False,"HTTPConnectionPool(host='gpu06', port=9004): Read timed out.",0,59.56268577710819
313,2026-09-21T08:00:00.139+00:00,2026-09-21T08:05:00.246+00:00,2026-09-21T08:05:00.246+00:00,False,1,0.0,,0.0,300107.264403,300107.264403,300107.264403,300107.264403,300107.264403,300107.264403,nan,300107.264403,nan,nan,0.0,47,64,,True,False,"HTTPConnectionPool(host='gpu06', port=9004): Read timed out.",0,59.56268577710819
314,2026-09-21T08:00:00.499+00:00,2026-09-21T08:05:00.604+00:00,2026-09-21T08:05:00.604+00:00,False,1,0.0,,0.0,300105.42832999997,300105.42832999997,300105.42832999997,300105.42832999997,300105.42832999997,300105.42832999997,nan,300105.42832999997,nan,nan,0.0,47,64,,True,False,"HTTPConnectionPool(host='gpu06', port=9004): Read timed out.",0,59.56268577710819
315,2026-09-21T08:00:00.927+00:00,2026-09-21T08:05:00.976+00:00,2026-09-21T08:05:00.976+00:00,False,1,0.0,,0.0,300049.19979900005,300049.19979900005,300049.19979900005,300049.19979900005,300049.19979900005,300049.19979900005,nan,300049.19979900005,nan,nan,0.0,47,64,,True,False,TTFT timeout: 300.0s exceeded (TTFT: 300.042s),0,59.56268577710819
316,2026-09-21T08:00:01.273+00:00,2026-09-21T08:05:01.387+00:00,2026-09-21T08:05:02.971+00:00,False,28,27.0,,27.0,300114.01340399997,301697.25871599995,301697.258737,10774.902097749999,0.03601,300114.01340399997,56705.13892232854,109.74240085000001,58.638715259259264,19.225902477808408,0.08949368686646308,47,64,,True,False,Request timeout: 300.0s exceeded,94,59.56268577710819
317,2026-09-21T08:00:01.594+00:00,2026-09-21T08:05:01.602+00:00,2026-09-21T08:05:03.023+00:00,False,26,25.0,,25.0,300007.558552,301428.16373599996,301428.16377499996,11593.390914423077,0.02041,300007.558552,58825.18146911859,104.53443625,56.82420736,18.250635717983,0.08293850080278421,47,64,,True,False,Request timeout: 300.0s exceeded,50,59.56268577710819
318,2026-09-21T08:00:01.874+00:00,2026-09-21T08:05:02.178+00:00,2026-09-21T08:05:02.513+00:00,True,7,7.0,,7.0,300304.11098299996,300639.121031,300639.12108199997,42948.44586885714,49.449436999999996,300304.11098299996,113483.18145555338,210231.0259202,55.835008,3.9727570399159324,0.023283729595784057,47,64,,True,True,,14,59.56268577710819
319,2026-09-21T08:00:02.237+00:00,2026-09-21T08:05:03.386+00:00,2026-09-21T08:05:03.386+00:00,False,1,0.0,,0.0,301149.306087,301149.306087,301149.306087,301149.306087,301149.306087,301149.306087,nan,301149.306087,nan,nan,0.0,47,64,,True,False,"HTTPConnectionPool(host='gpu06', port=9004): Read timed out.",0,59.56268577710819
0,2026-09-21T07:58:02.300+00:00,2026-09-21T07:58:02.477+00:00,2026-09-21T07:58:06.479+00:00,True,69,69.0,,69.0,177.640052,4179.644532,4179.644472,60.57455756521739,0.01863,239.081156,37.03672038936851,102.574009,58.85300705882353,34.41863862605249,16.50858092637434,48,64,,False,True,,276,59.56268577710819
2,2026-09-21T07:58:03.127+00:00,2026-09-21T07:58:03.303+00:00,2026-09-21T07:58:08.366+00:00,True,81,81.0,,81.0,176.238012,5239.00358,5239.003526,64.67905587654322,38.330883,186.36622200000002,21.88260828773469,79.433555,63.284569600000005,18.038953429899077,15.460955268138987,48,64,,False,True,,164,59.56268577710819
1,2026-09-21T07:58:02.637+00:00,2026-09-21T07:58:06.419+00:00,2026-09-21T07:58:10.755+00:00,True,71,71.0,,71.0,3782.650935,8118.546487,8118.546427,114.34572432394367,42.364654,3782.650935,441.6902669579175,78.82006799999999,61.941365028571425,10.510251706073419,8.745407828074928,48,64,,False,True,,247,59.56268577710819
4,2026-09-21T07:58:03.968+00:00,2026-09-21T07:58:09.553+00:00,2026-09-21T07:58:13.280+00:00,True,59,59.0,,59.0,5584.468033,9311.611456999999,9311.61142,157.82392237288136,0.017079999999999998,5584.468033,720.4790198236757,81.47851010000001,64.26109351724138,51.473486134342345,6.33617502968799,48,64,,False,True,,176,59.56268577710819
5,2026-09-21T07:58:04.404+00:00,2026-09-21T07:58:11.944+00:00,2026-09-21T07:58:16.127+00:00,True,67,67.0,,67.0,7540.718631,11722.985510999999,11722.985396,174.9699312835821,0.016730000000000002,7540.718631,914.7087677586347,83.49333200000001,63.36768,47.29488476108214,5.715267662587492,48,64,,False,True,,603,59.56268577710819
6,2026-09-21T07:58:04.853+00:00,2026-09-21T07:58:14.104+00:00,2026-09-21T07:58:15.328+00:00,True,22,22.0,,22.0,9251.456616,10474.965096,10474.965102999999,476.1347774090909,38.633404,9251.456616,1960.0262687528743,84.20663050000002,58.262308571428576,11.23316049855436,2.1002456617636827,48,64,,False,True,,67,59.56268577710819
3,2026-09-21T07:58:03.564+00:00,2026-09-21T07:58:15.478+00:00,2026-09-21T07:58:20.847+00:00,True,87,87.0,,87.0,11914.461965,17283.391757,17283.391783,198.65967566666666,38.189864,11914.461965,1270.7154615566724,76.61854600000001,62.42941618604651,10.660177920837244,5.0337341896311445,48,64,,False,True,,779,59.56268577710819
7,2026-09-21T07:58:05.206+00:00,2026-09-21T07:58:16.751+00:00,2026-09-21T07:58:18.414+00:00,True,28,28.0,,28.0,11545.040096,13208.486112,13208.486119000001,471.73164710714286,47.876985,11545.040096,2170.1819878271453,78.143875,61.609111703703704,8.885828154145882,2.1198492970789293,48,64,,False,True,,140,59.56268577710819
8,2026-09-21T07:58:05.593+00:00,2026-09-21T07:58:18.861+00:00,2026-09-21T07:58:21.557+00:00,True,43,43.0,,43.0,13268.528778999998,15964.349322999999,15964.349338999999,371.263938116279,20.536972000000002,13268.528778999998,2013.6935902687878,95.82463479999998,64.18620342857143,14.39471234650346,2.693501572159253,48,64,,False,True,,258,59.56268577710819
9,2026-09-21T07:58:05.872+00:00,2026-09-21T07:58:20.440+00:00,2026-09-21T07:58:20.843+00:00,True,7,7.0,,7.0,14567.685073999999,14970.953937999999,14970.954045999999,2138.7077208571427,50.325485,14567.685073999999,5480.693455193165,10227.5890241,67.21147733333333,19.73208562880081,0.4675720751656487,48,64,,False,True,,31,59.56268577710819
10,2026-09-21T07:58:06.193+00:00,2026-09-21T07:58:21.881+00:00,2026-09-21T07:58:22.739+00:00,True,14,14.0,,14.0,15687.943553,16545.819265,16545.819262,1181.844233,50.138005,15687.943553,4175.149820666853,5539.78582225,65.99043938461539,8.08747005400953,0.846135194381987,48,64,,False,True,,79,59.56268577710819
11,2026-09-21T07:58:06.689+00:00,2026-09-21T07:58:24.508+00:00,2026-09-21T07:58:30.209+00:00,True,93,93.0,,93.0,17819.08434,23519.732788,23519.732842,252.90035313978495,0.0,17819.08434,1841.8101337896157,76.68772999999999,61.96357008695652,42.38622064970228,3.954126555700051,48,64,,False,True,,277,59.56268577710819
12,2026-09-21T07:58:07.124+00:00,2026-09-21T07:58:26.961+00:00,2026-09-21T07:58:28.171+00:00,True,23,23.0,,23.0,19836.615609,21047.270585000002,21047.270565,915.0987202173914,0.0,19836.615609,4124.784530623463,78.97453399999999,55.029771636363634,18.30013628819574,1.0927782729410849,48,64,,False,True,,53,59.56268577710819
13,2026-09-21T07:58:07.409+00:00,2026-09-21T07:58:28.390+00:00,2026-09-21T07:58:29.670+00:00,True,22,22.0,,22.0,20980.762269000003,22261.394077000004,22261.393972,1011.8815441818183,47.365024,20980.762269000003,4460.124617881061,81.55610805,60.982467047619046,10.85355543488764,0.9882579646137224,48,64,,False,True,,88,59.56268577710819
14,2026-09-21T07:58:07.714+00:00,2026-09-21T07:58:29.949+00:00,2026-09-21T07:58:33.401+00:00,True,51,51.0,,51.0,22234.633939,25686.924499,25686.924426999998,503.66518484313724,0.0,22234.633939,3105.4602557725552,268.539003,69.0458112,102.46624078052652,1.9854459416496297,48,64,,False,True,,459,59.56268577710819
15,2026-09-21T07:58:07.994+00:00,2026-09-21T07:58:31.515+00:00,2026-09-21T07:58:37.377+00:00,True,93,93.0,,93.0,23521.508642,29382.761506000003,29382.761441000002,315.94367140860214,0.0,23521.508642,2433.8715495249744,80.0466684,63.709270260869566,83.31976940040784,3.1651211538101776,48,64,,False,True,,278,59.56268577710819
16,2026-09-21T07:58:08.272+00:00,2026-09-21T07:58:32.771+00:00,2026-09-21T07:58:34.804+00:00,True,33,33.0,,33.0,24498.613954,26531.448258,26531.448105,803.9832759090909,0.01597,24498.613954,4255.265524204929,333.97024459999994,63.526072,120.84737843630754,1.243806959917823,48,64,,False,True,,207,59.56268577710819
17,2026-09-21T07:58:08.723+00:00,2026-09-21T07:58:35.378+00:00,2026-09-21T07:58:35.910+00:00,True,15,15.0,,15.0,26654.664936999998,27187.494888999998,27187.494852999997,1812.4996568666666,0.0,26654.664936999998,6872.4422846126945,8049.816213699998,38.05928228571428,30.840073645821743,0.5517242416501187,48,64,,False,True,,94,59.56268577710819
18,2026-09-21T07:58:09.218+00:00,2026-09-21T07:58:37.453+00:00,2026-09-21T07:58:43.536+00:00,True,90,90.0,,90.0,28235.116702,34318.156958,34318.157093,381.3128565888889,0.0,28235.116702,2970.597555668903,77.72088649999999,68.34876692134831,96.7897441589231,2.6225184560507073,48,64,,False,True,,450,59.56268577710819
19,2026-09-21T07:58:09.527+00:00,2026-09-21T07:58:39.046+00:00,2026-09-21T07:58:42.312+00:00,True,53,53.0,,53.0,29519.075715,32784.447107,32784.446974,618.5744712075472,0.0,29519.075715,4046.9766303939473,83.4136824,62.795603692307694,83.52197199213045,1.6166202171115358,48,64,,False,True,,348,59.56268577710819
20,2026-09-21T07:58:09.819+00:00,2026-09-21T07:58:40.939+00:00,2026-09-21T07:58:45.629+00:00,True,75,75.0,,75.0,31120.080910999997,35810.069263,35810.069228,477.4675897066666,0.01772,31120.080910999997,3587.0711488515813,76.6833663,63.378220972972976,83.20184736216231,2.09438299181097,48,64,,False,True,,425,59.56268577710819
21,2026-09-21T07:58:10.248+00:00,2026-09-21T07:58:43.525+00:00,2026-09-21T07:58:44.328+00:00,True,22,22.0,,22.0,33276.723375,34079.999919,34079.999959,1549.0909072272727,0.01652,33276.723375,7086.567022188051,143.16162555,38.251264,38.761127862493666,0.6455399076375802,48,64,,False,True,,173,59.56268577710819
22,2026-09-21T07:58:10.714+00:00,2026-09-21T07:58:45.371+00:00,2026-09-21T07:58:49.787+00:00,True,69,69.0,,69.0,34657.440078,39072.747854,39072.747836,566.2717077681159,0.0,34657.440078,4165.306987446753,82.25865900000001,64.93099670588235,85.18153833396401,1.7659367152222507,48,64,,False,True,,276,59.56268577710819
23,2026-09-21T07:58:11.114+00:00,2026-09-21T07:58:47.503+00:00,2026-09-21T07:58:50.461+00:00,True,47,47.0,,47.0,36388.648898,39346.284482,39346.284455,837.1549884042553,43.678453999999995,36388.648898,5298.460210184042,81.95905630000001,64.29642573913044,9.788711754495251,1.1945219381896501,48,64,,False,True,,94,59.56268577710819
24,2026-09-21T07:58:11.520+00:00,2026-09-21T07:58:49.147+00:00,2026-09-21T07:58:50.027+00:00,True,15,15.0,,15.0,37626.790287,38506.675599,38506.675608000005,2567.1117072,47.765055000000004,37626.790287,9698.970685939325,11339.144007700002,62.84895085714286,7.563703346478475,0.38954284592642274,48,64,,False,True,,74,59.56268577710819
25,2026-09-21T07:58:11.911+00:00,2026-09-21T07:58:51.399+00:00,2026-09-21T07:58:55.704+00:00,True,69,69.0,,69.0,39487.96404,43792.274568,43792.274567,634.6706458985507,0.0,39487.96404,4748.228534206199,82.757415,63.29868423529412,140.77378474596486,1.5756203732431804,48,64,,False,True,,190,59.56268577710819
26,2026-09-21T07:58:12.413+00:00,2026-09-21T07:58:53.943+00:00,2026-09-21T07:58:54.957+00:00,True,18,18.0,,18.0,41530.124321999996,42544.333858,42544.333727,2363.5740959444443,35.632813999999996,41530.124321999996,9774.686618891776,6293.7898751,59.659384470588236,9.441575510393792,0.42308806761620726,48,64,,False,True,,22,59.56268577710819
27,2026-09-21T07:58:12.717+00:00,2026-09-21T07:58:55.709+00:00,2026-09-21T07:58:56.761+00:00,True,17,17.0,,17.0,42991.14576299999,44043.72329899999,44043.72339299999,2590.8072584117645,52.855436000000005,42991.14576299999,10410.93224421377,8661.905062999998,65.786096,8.572630630532963,0.3859800835772207,48,64,,False,True,,102,59.56268577710819
28,2026-09-21T07:58:13.184+00:00,2026-09-21T07:58:58.418+00:00,2026-09-21T07:59:04.082+00:00,True,91,91.0,,91.0,45234.694287,50898.339983,50898.339775,559.3224151098901,0.0,45234.694287,4736.19429912957,81.312838,62.92939662222222,93.18852678401316,1.7878775620264613,48,64,,False,True,,182,59.56268577710819
29,2026-09-21T07:58:13.382+00:00,2026-09-21T07:58:59.429+00:00,2026-09-21T07:59:00.049+00:00,True,10,10.0,,10.0,46047.102041,46667.301209,46667.301235,4666.7301234999995,52.780225,46047.102041,14539.583579142713,25363.127386099997,68.91101866666668,9.81972160689864,0.21428280061053662,48,64,,False,True,,80,59.56268577710819
30,2026-09-21T07:58:13.817+00:00,2026-09-21T07:59:01.407+00:00,2026-09-21T07:59:04.331+00:00,True,49,49.0,,49.0,47589.910161,50514.075537,50514.075555,1030.899501122449,36.870373,47589.910161,6789.8654839223145,84.4489466,60.920112,11.635946332119033,0.9700266604722682,48,64,,False,True,,245,59.56268577710819
31,2026-09-21T07:58:14.250+00:00,2026-09-21T07:59:03.731+00:00,2026-09-21T07:59:08.029+00:00,True,70,70.0,,70.0,49481.452367,53779.602767,53779.602743999996,768.2800391999999,0.01528,49481.452367,5907.665684525292,77.3653295,62.292034782608695,106.50748288181552,1.301608721493813,48,64,,False,True,,140,59.56268577710819
32,2026-09-21T07:58:14.539+00:00,2026-09-21T07:59:05.707+00:00,2026-09-21T07:59:05.809+00:00,True,7,7.0,,7.0,51167.812342,51269.729269999996,51269.729123,7324.247017571428,0.018269999999999998,51167.812342,19333.224287268964,35844.9751021,16.986154666666668,36.8175790749932,0.13653280599817766,48,64,,False,True,,43,59.56268577710819
33,2026-09-21T07:58:14.950+00:00,2026-09-21T07:59:07.402+00:00,2026-09-21T07:59:10.356+00:00,True,36,36.0,,36.0,52452.596776,55406.283815999996,55406.284013,1539.0634448055555,0.0,52452.596776,8729.695871139606,330.90067925000005,84.39105828571428,172.8024356304866,0.6497457963351816,48,64,,False,True,,516,59.56268577710819
34,2026-09-21T07:58:15.299+00:00,2026-09-21T07:59:09.232+00:00,2026-09-21T07:59:11.562+00:00,True,39,39.0,,39.0,53932.716799,56262.582271,56262.582331000005,1442.6303161794872,0.0,53932.716799,8627.950340165407,214.72488570000002,61.312249263157895,169.52598278721945,0.6931782798761117,48,64,,False,True,,78,59.56268577710819
35,2026-09-21T07:58:15.763+00:00,2026-09-21T07:59:11.881+00:00,2026-09-21T07:59:12.310+00:00,True,8,8.0,,8.0,56117.896035,56546.430562999994,56546.430522999995,7068.303815374999,44.959854,56117.896035,19819.030905998363,36504.700381200004,61.219218285714284,11.277206633468497,0.14147665768375903,48,64,,False,True,,28,59.56268577710819
36,2026-09-21T07:58:16.135+00:00,2026-09-21T07:59:14.053+00:00,2026-09-21T07:59:17.581+00:00,True,57,57.0,,57.0,57917.997228,61446.455724,61446.455628,1078.007993473684,44.434734,57917.997228,7663.08776255377,79.84585700000001,63.008187428571425,10.645396599660106,0.9276369048204797,48,64,,False,True,,456,59.56268577710819
37,2026-09-21T07:58:16.468+00:00,2026-09-21T07:59:15.782+00:00,2026-09-21T07:59:15.922+00:00,True,3,3.0,,3.0,59313.685965000004,59453.961933000006,59453.961708,19817.987236,67.48403599999999,59313.685965000004,34204.27854248343,53389.59653920001,70.137984,3.7530738929512166,0.05045921083242134,48,64,,False,True,,8,59.56268577710819
38,2026-09-21T07:58:16.968+00:00,2026-09-21T07:59:19.343+00:00,2026-09-21T07:59:22.192+00:00,True,60,60.0,,60.0,62375.539456,65224.343808,65224.343877,1087.0723979499999,0.0,62375.539456,8048.058031642605,174.2796176,48.28481952542373,164.0623650949695,0.9199019338028325,48,64,,False,True,,120,59.56268577710819
39,2026-09-21T07:58:17.255+00:00,2026-09-21T07:59:19.775+00:00,2026-09-21T07:59:22.044+00:00,True,37,37.0,,37.0,62520.547324,64789.139708,64789.139884,1751.0578347027026,0.0,62520.547324,10269.945300296358,400.9790594,63.016455111111114,205.05662188070824,0.5710833662363219,48,64,,False,True,,129,59.56268577710819
40,2026-09-21T07:58:17.535+00:00,2026-09-21T07:59:21.365+00:00,2026-09-21T07:59:22.382+00:00,True,17,17.0,,17.0,63830.593065,64847.603241000004,64847.603365,3814.5649038235297,40.091924,63830.593065,15465.780244204358,12828.891114600001,63.563136,11.175837770455855,0.26215309665063646,48,64,,False,True,,153,59.56268577710819
41,2026-09-21T07:58:17.991+00:00,2026-09-21T07:59:23.917+00:00,2026-09-21T07:59:25.732+00:00,True,29,29.0,,29.0,65926.069033,67740.58500100001,67740.584902,2335.882238,40.124974,65926.069033,12230.13479741754,83.85772700000001,64.80414171428572,11.194141006125841,0.4281037726434144,48,64,,False,True,,114,59.56268577710819
42,2026-09-21T07:58:18.325+00:00,2026-09-21T07:59:25.674+00:00,2026-09-21T07:59:26.900+00:00,True,20,20.0,,20.0,67349.348302,68574.871758,68574.87183999999,3428.743592,44.291284,67349.348302,15045.35182477167,3443.4689037499998,64.50123452631578,9.149961002975667,0.2916520219035887,48,64,,False,True,,294,59.56268577710819
43,2026-09-21T07:58:18.732+00:00,2026-09-21T07:59:27.849+00:00,2026-09-21T07:59:29.294+00:00,True,23,23.0,,23.0,69117.430411,70562.633611,70562.633599,3067.9405912608695,53.583855,69117.430411,14398.28512326743,78.019624,65.69105454545455,8.056681263222591,0.32595155286855015,48,64,,False,True,,50,59.56268577710819
44,2026-09-21T07:58:19.142+00:00,2026-09-21T07:59:30.039+00:00,2026-09-21T07:59:34.756+00:00,True,68,68.0,,68.0,70896.774251,75614.351723,75614.351646,1111.9757594999999,0.0,70896.774251,8591.649348871802,84.42113800000001,70.41160405970149,216.65277601715664,0.8993001784781036,48,64,,False,True,,272,59.56268577710819
45,2026-09-21T07:58:19.504+00:00,2026-09-21T07:59:32.835+00:00,2026-09-21T07:59:34.908+00:00,True,46,46.0,,46.0,73331.00234,75403.598564,75403.598752,1639.2086685217394,0.0,73331.00234,10806.700514323815,128.6471515,46.05769386666667,177.46894634990622,0.6100504601376122,48,64,,False,True,,184,59.56268577710819
46,2026-09-21T07:58:19.949+00:00,2026-09-21T07:59:34.906+00:00,2026-09-21T07:59:39.725+00:00,True,87,87.0,,87.0,74956.186345,79775.33002499999,79775.330009,916.9578161954022,0.01891,74956.186345,8030.320880816912,159.3189571,56.03655441860465,54.37228470219449,1.0905627087062624,48,64,,False,True,,174,59.56268577710819
47,2026-09-21T07:58:20.247+00:00,2026-09-21T07:59:35.977+00:00,2026-09-21T07:59:35.977+00:00,True,1,1.0,,1.0,75729.924029,75729.924029,75729.924029,75729.924029,75729.924029,75729.924029,nan,75729.924029,nan,nan,0.013204819796426313,48,64,,False,True,,4,59.56268577710819
48,2026-09-21T07:58:20.583+00:00,2026-09-21T07:59:37.502+00:00,2026-09-21T07:59:43.360+00:00,True,93,93.0,,93.0,76919.43190899999,82777.36291699999,82777.362814,890.0791700430107,39.639783,76919.43190899999,7969.578659272312,79.088221,63.67316313043478,11.161549952167697,1.1234955635546175,48,64,,False,True,,186,59.56268577710819
49,2026-09-21T07:58:20.921+00:00,2026-09-21T07:59:39.497+00:00,2026-09-21T07:59:44.310+00:00,True,76,76.0,,76.0,78576.779399,83389.166983,83389.166842,1097.2258795,40.165793,78576.779399,9006.022705731017,81.3693195,64.16516778666667,12.234634779028811,0.9113893656653701,48,64,,False,True,,532,59.56268577710819
50,2026-09-21T07:58:21.281+00:00,2026-09-21T07:59:41.307+00:00,2026-09-21T07:59:41.426+00:00,True,3,3.0,,3.0,80026.13608,80145.25646399999,80145.256421,26715.085473666666,51.292175,80026.13608,46168.72486784776,72030.3052886,59.560192,11.692762988534747,0.037432034437965195,48,64,,False,True,,18,59.56268577710819
51,2026-09-21T07:58:21.740+00:00,2026-09-21T07:59:43.483+00:00,2026-09-21T07:59:46.978+00:00,True,46,46.0,,46.0,81742.80618500001,85237.27300100001,85237.27306200001,1852.9841970000002,0.0,81742.80618500001,12043.529524972917,76.51652200000001,77.65481813333334,255.9629304409823,0.5396700103188464,48,64,,False,True,,184,59.56268577710819
52,2026-09-21T07:58:22.079+00:00,2026-09-21T07:59:46.976+00:00,2026-09-21T07:59:49.514+00:00,True,65,65.0,,65.0,84897.414896,87434.637808,87434.637759,1345.1482732153847,0.0,84897.414896,10525.357973441753,76.857993,39.644108,31.667934335429695,0.7434124693549391,48,64,,False,True,,195,59.56268577710819
53,2026-09-21T07:58:22.388+00:00,2026-09-21T07:59:46.992+00:00,2026-09-21T07:59:47.912+00:00,True,17,17.0,,17.0,84604.163635,85523.387699,85523.387596,5030.787505647059,0.02081,84604.163635,20505.60421720431,16984.3710366,57.451504,25.22380808272498,0.19877603609239133,48,64,,False,True,,41,59.56268577710819
54,2026-09-21T07:58:22.675+00:00,2026-09-21T07:59:48.308+00:00,2026-09-21T07:59:50.160+00:00,True,31,31.0,,31.0,85633.632902,87485.140614,87485.140535,2822.101307580645,44.494203999999996,85633.632902,15369.172208575457,74.793222,61.71692373333333,8.724643742917577,0.35434588985548426,48,64,,False,True,,94,59.56268577710819
55,2026-09-21T07:58:23.313+00:00,2026-09-21T07:59:49.781+00:00,2026-09-21T07:59:54.170+00:00,True,69,69.0,,69.0,86468.657855,90856.841151,90856.841301,1316.7658159565217,0.015220000000000001,86468.657855,10403.231543102196,77.962833,64.53210729411765,171.76073511081523,0.759436484098375,48,64,,False,True,,276,59.56268577710819
56,2026-09-21T07:58:23.505+00:00,2026-09-21T07:59:52.466+00:00,2026-09-21T07:59:58.388+00:00,True,94,94.0,,94.0,88961.216961,94882.769089,94882.769172,1009.3911614042553,0.01661,88961.216961,9170.241864018852,99.73471099999999,63.672603526881716,146.66207676189214,0.990696212837423,48,64,,False,True,,188,59.56268577710819
57,2026-09-21T07:58:23.906+00:00,2026-09-21T07:59:54.690+00:00,2026-09-21T08:00:00.641+00:00,True,98,98.0,,98.0,90784.421275,96735.00047500001,96735.000639,987.091843255102,0.023059999999999997,90784.421275,9164.456302056142,83.67672549999999,61.346177319587625,27.81857008806443,1.0130769578620813,48,64,,False,True,,637,59.56268577710819
58,2026-09-21T07:58:24.185+00:00,2026-09-21T07:59:56.153+00:00,2026-09-21T07:59:59.287+00:00,True,51,51.0,,51.0,91968.035245,95101.932205,95101.93227100001,1864.743770019608,40.170703,91968.035245,12869.328394237724,78.4210715,62.677939200000004,10.564321175471564,0.5362667068642235,48,64,,False,True,,145,59.56268577710819
59,2026-09-21T07:58:24.669+00:00,2026-09-21T07:59:58.517+00:00,2026-09-21T08:00:04.379+00:00,True,94,94.0,,94.0,93847.965793,99710.12848099999,99710.12851899999,1060.746048074468,0.0,93847.965793,9675.133828989992,77.9548875,63.034007397849464,195.62843097390186,0.9427327136371298,48,64,,False,True,,470,59.56268577710819
60,2026-09-21T07:58:25.034+00:00,2026-09-21T08:00:00.573+00:00,2026-09-21T08:00:02.870+00:00,True,25,25.0,,25.0,95538.113706,97835.93873000001,97835.938838,3913.43755352,0.0,95538.113706,19092.15322816328,1525.54429,95.74270933333332,382.8510913732122,0.2555298219092378,48,64,,False,True,,25,59.56268577710819
61,2026-09-21T07:58:25.387+00:00,2026-09-21T08:00:02.899+00:00,2026-09-21T08:00:03.409+00:00,True,19,19.0,,19.0,97512.699203,98021.832515,98021.832628,5159.043822526316,0.0,97512.699203,22364.479418937975,9821.2095116,28.285184,31.564636381611145,0.19383436845146193,48,64,,False,True,,24,59.56268577710819
62,2026-09-21T07:58:25.808+00:00,2026-09-21T08:00:04.381+00:00,2026-09-21T08:00:04.430+00:00,True,2,2.0,,2.0,98572.37737,98621.57801,98621.577874,49310.788937,49.200504,98572.37737,69666.40646599018,93646.2185267,49.20064,nan,0.020279537605829068,48,64,,False,True,,12,59.56268577710819
63,2026-09-21T07:58:26.249+00:00,2026-09-21T08:00:06.308+00:00,2026-09-21T08:00:10.380+00:00,True,68,68.0,,68.0,100058.665684,104130.661844,104130.661831,1531.3332622205883,45.356494,100058.665684,12126.528545321713,76.49786215,60.77606208955224,8.896101171871843,0.6530257159209456,48,64,,False,True,,342,59.56268577710819
64,2026-09-21T07:58:26.664+00:00,2026-09-21T08:00:08.835+00:00,2026-09-21T08:00:10.577+00:00,True,29,29.0,,29.0,102171.597593,103913.250329,103913.250176,3583.215523310345,43.956254,102171.597593,18961.240951015603,76.3672294,62.20188342857143,9.264857930124256,0.2790789423695537,48,64,,True,True,,118,59.56268577710819
65,2026-09-21T07:58:27.012+00:00,2026-09-21T08:00:10.574+00:00,2026-09-21T08:00:12.705+00:00,True,34,34.0,,34.0,103561.25623,105692.17719,105692.177107,3108.593444323529,47.633804,103561.25623,17749.537115545645,81.12946600000001,64.57336242424242,9.444171441944176,0.3216888979293057,48,64,,True,True,,233,59.56268577710819
66,2026-09-21T07:58:27.432+00:00,2026-09-21T08:00:12.777+00:00,2026-09-21T08:00:17.572+00:00,True,77,77.0,,77.0,105345.08137100001,110140.02460300001,110140.02474400001,1430.3899317402597,43.228063999999996,105345.08137100001,11997.999627575156,75.8503222,63.09135831578948,9.032338879328607,0.6991100671853551,48,64,,True,True,,539,59.56268577710819
67,2026-09-21T07:58:27.829+00:00,2026-09-21T08:00:15.054+00:00,2026-09-21T08:00:15.217+00:00,True,4,4.0,,4.0,107224.732989,107387.702589,107387.702473,26846.92561825,49.132864,107224.732989,53585.20504186967,91149.65303039999,54.3232,4.536663181601209,0.03724821281733734,48,64,,True,True,,23,59.56268577710819
68,2026-09-21T07:58:28.259+00:00,2026-09-21T08:00:17.102+00:00,2026-09-21T08:00:20.516+00:00,True,54,54.0,,54.0,108842.51036300001,112256.32002700001,112256.31992600001,2078.8207393703706,42.429904,108842.51036300001,14802.827937356284,78.6506485,64.41150309433962,10.476388647105352,0.4810419581455357,48,64,,True,True,,378,59.56268577710819
69,2026-09-21T07:58:28.658+00:00,2026-09-21T08:00:18.937+00:00,2026-09-21T08:00:24.059+00:00,True,83,83.0,,83.0,110278.366377,115400.769961,115400.770148,1390.3707246746987,44.936723,110278.366377,12097.770338467026,76.96377400000002,62.468336390243905,9.712472839122313,0.71923263621248,48,64,,True,True,,83,59.56268577710819
70,2026-09-21T07:58:28.982+00:00,2026-09-21T08:00:20.741+00:00,2026-09-21T08:00:26.392+00:00,True,92,92.0,,92.0,111758.838908,117409.72940400001,117409.729388,1276.1927107391305,44.030002999999994,111758.838908,11645.193977701658,76.6795925,62.09769775824176,9.340653686163563,0.7835807174329937,48,64,,True,True,,274,59.56268577710819
71,2026-09-21T07:58:29.475+00:00,2026-09-21T08:00:23.069+00:00,2026-09-21T08:00:29.300+00:00,True,100,100.0,,100.0,113593.717959,119824.540103,119824.540052,1198.24540052,45.290153,113593.717959,11353.081491980336,76.861633,62.937597414141415,8.90325598594142,0.8345535890564736,48,64,,True,True,,302,59.56268577710819
72,2026-09-21T07:58:29.827+00:00,2026-09-21T08:00:25.126+00:00,2026-09-21T08:00:30.515+00:00,True,87,87.0,,87.0,115299.003676,120688.148764,120688.14888699999,1387.2201021494252,43.743064,115299.003676,12354.636195371513,77.953264,62.66447776744186,9.776481168177378,0.7208661404702164,48,64,,True,True,,99,59.56268577710819
73,2026-09-21T07:58:30.320+00:00,2026-09-21T08:00:27.626+00:00,2026-09-21T08:00:28.462+00:00,True,15,15.0,,15.0,117305.75251100001,118141.39385500002,118141.39373300002,7876.092915533334,42.776112999999995,117305.75251100001,30272.805307948984,35246.5605375,59.68866742857143,10.81564288883642,0.1269665060699228,48,64,,True,True,,35,59.56268577710819
74,2026-09-21T07:58:30.669+00:00,2026-09-21T08:00:29.301+00:00,2026-09-21T08:00:31.475+00:00,True,36,36.0,,36.0,118631.958489,120805.420249,120805.420441,3355.706123361111,45.560923,118631.958489,19761.645436709056,77.34988324999999,62.09890742857142,9.404891283161726,0.29799987389471455,48,64,,True,True,,85,59.56268577710819
75,2026-09-21T07:58:31.137+00:00,2026-09-21T08:00:31.815+00:00,2026-09-21T08:00:33.820+00:00,True,32,32.0,,32.0,120678.61337800001,122682.97229,122682.972437,3833.84288865625,46.523543,120678.61337800001,21321.738255261807,76.275127,64.65673909677419,8.383085620714303,0.26083489340605376,48,64,,True,True,,223,59.56268577710819
76,2026-09-21T07:58:31.455+00:00,2026-09-21T08:00:33.247+00:00,2026-09-21T08:00:37.169+00:00,True,64,64.0,,64.0,121792.485271,125714.080919,125714.080852,1964.2825133125,44.836363,121792.485271,15216.282556620929,76.96955415000001,62.24754996825397,9.373608083640292,0.5090917384285412,48,64,,True,True,,512,59.56268577710819
77,2026-09-21T07:58:31.932+00:00,2026-09-21T08:00:35.702+00:00,2026-09-21T08:00:38.139+00:00,True,41,41.0,,41.0,123770.707163,126207.299803,126207.299774,3078.2268237560975,44.825574,123770.707163,19320.225883514107,75.850055,60.914816,9.401169234417708,0.32486234999083163,48,64,,True,True,,123,59.56268577710819
78,2026-09-21T07:58:32.346+00:00,2026-09-21T08:00:38.144+00:00,2026-09-21T08:00:40.751+00:00,True,41,41.0,,41.0,125797.104271,128404.650895,128404.650865,3131.8207528048783,40.529693,125797.104271,19636.028153422645,77.159307,65.18866560000001,8.756762069171424,0.31930307597290086,48,64,,True,True,,89,59.56268577710819
79,2026-09-21T07:58:32.811+00:00,2026-09-21T08:00:40.356+00:00,2026-09-21T08:00:45.248+00:00,True,76,76.0,,76.0,127544.452927,132436.971071,132436.97117200002,1742.5917259473686,46.144404,127544.452927,14622.87231290581,77.31442075,65.23357525333333,9.402592759556384,0.5738578841346053,48,64,,True,True,,304,59.56268577710819
81,2026-09-21T07:58:33.484+00:00,2026-09-21T08:00:42.091+00:00,2026-09-21T08:00:48.219+00:00,True,96,96.0,,96.0,128606.624176,134735.247024,134735.247002,1403.4921562708332,42.572883000000004,128606.624176,13119.278249753244,79.4981935,64.51181945263158,10.0964713744927,0.7125084350266548,48,64,,True,True,,481,59.56268577710819
80,2026-09-21T07:58:33.367+00:00,2026-09-21T08:00:42.790+00:00,2026-09-21T08:00:46.089+00:00,True,52,52.0,,52.0,129423.01323000001,132721.274222,132721.274355,2552.3321991346156,43.403303,129423.01323000001,17938.777062491066,79.25155699999999,64.67178415686274,9.97143008007279,0.3917985289458623,48,64,,True,True,,158,59.56268577710819
82,2026-09-21T07:58:33.753+00:00,2026-09-21T08:00:45.615+00:00,2026-09-21T08:00:51.580+00:00,True,94,94.0,,94.0,131861.90023,137827.464902,137827.465064,1466.2496283404255,45.480723,131861.90023,13593.903159592484,76.7379765,64.14585668817205,8.698029591548384,0.6820121088843736,48,64,,True,True,,280,59.56268577710819
83,2026-09-21T07:58:34.132+00:00,2026-09-21T08:00:47.700+00:00,2026-09-21T08:00:49.709+00:00,True,33,33.0,,33.0,133567.885886,135576.71251,135576.712555,4108.385228939394,45.881183,133567.885886,23240.258135920732,77.8645494,62.775832,8.539459878128818,0.24340463335520066,48,64,,True,True,,154,59.56268577710819
84,2026-09-21T07:58:34.582+00:00,2026-09-21T08:00:49.981+00:00,2026-09-21T08:00:56.229+00:00,True,100,100.0,,100.0,135398.77208899998,141646.825593,141646.82555399998,1416.4682555399997,41.675822999999994,135398.77208899998,13533.569061996961,76.73305155000001,63.111651555555554,9.084517328410717,0.7059812288863738,48,64,,True,True,,200,59.56268577710819
85,2026-09-21T07:58:35.078+00:00,2026-09-21T08:00:52.472+00:00,2026-09-21T08:00:53.576+00:00,True,19,19.0,,19.0,137393.700473,138497.217913,138497.21778500002,7289.327251842105,46.683583,137393.700473,31506.21357004923,13808.6984477,61.30652444444445,10.417241492939256,0.13718687123329262,48,64,,True,True,,97,59.56268577710819
86,2026-09-21T07:58:35.379+00:00,2026-09-21T08:00:54.224+00:00,2026-09-21T08:00:59.126+00:00,True,79,79.0,,79.0,138845.011881,143746.602153,143746.60201600002,1819.577240708861,44.982013,138845.011881,15614.217052017111,76.625779,62.84090092307692,9.591942972782503,0.5495782078794079,48,64,,True,True,,553,59.56268577710819
87,2026-09-21T07:58:35.642+00:00,2026-09-21T08:00:55.685+00:00,2026-09-21T08:01:00.043+00:00,True,70,70.0,,70.0,140043.378053,144401.022085,144401.022107,2062.871744385714,43.677333,140043.378053,16730.83963729269,77.2010514,63.15426133333334,9.777614268050336,0.4847611117239552,48,64,,True,True,,74,59.56268577710819
88,2026-09-21T07:58:36.129+00:00,2026-09-21T08:00:58.229+00:00,2026-09-21T08:00:59.273+00:00,True,17,17.0,,17.0,142099.83812200002,143143.23908200001,143143.23916000003,8420.19053882353,44.888323,142099.83812200002,34448.45827896285,28480.901124400003,65.21256,10.818727675255275,0.11876215816425323,48,64,,True,True,,69,59.56268577710819
89,2026-09-21T07:58:36.545+00:00,2026-09-21T08:01:00.161+00:00,2026-09-21T08:01:01.283+00:00,True,18,18.0,,18.0,143616.624671,144737.888543,144737.888455,8040.993803055556,46.266763,143616.624671,33835.21833397357,21608.744839249997,65.95669835294117,10.069829978327048,0.12436273722932198,48,64,,True,True,,85,59.56268577710819
90,2026-09-21T07:58:36.894+00:00,2026-09-21T08:01:01.865+00:00,2026-09-21T08:01:05.082+00:00,True,52,52.0,,52.0,144971.007652,148187.847588,148187.847431,2849.76629675,44.197663,144971.007652,20095.11684044076,77.43477295000001,63.0752928627451,9.521370721379457,0.3509059673001882,48,64,,True,True,,217,59.56268577710819
91,2026-09-21T07:58:37.394+00:00,2026-09-21T08:01:04.631+00:00,2026-09-21T08:01:09.119+00:00,True,72,72.0,,72.0,147237.142176,151724.356768,151724.356749,2107.282732625,42.100683,147237.142176,17344.61838122705,77.93877504999999,63.20020552112676,10.247087679280439,0.4745447700931393,48,64,,True,True,,331,59.56268577710819
92,2026-09-21T07:58:37.758+00:00,2026-09-21T08:01:06.765+00:00,2026-09-21T08:01:07.879+00:00,True,19,19.0,,19.0,149006.767106,150120.81997,150120.81999100003,7901.095789000001,48.599834,149006.767106,34170.29896199231,14968.585171100001,61.891825777777775,8.89565087608945,0.12656472302640592,48,64,,True,True,,114,59.56268577710819
93,2026-09-21T07:58:38.042+00:00,2026-09-21T08:01:08.485+00:00,2026-09-21T08:01:12.480+00:00,True,64,64.0,,64.0,150442.97388499998,154438.673853,154438.67400099998,2413.1042812656246,41.772603000000004,150442.97388499998,18797.446311714044,77.10791715,63.42380901587301,9.874663184880827,0.41440397280876284,48,64,,True,True,,224,59.56268577710819
94,2026-09-21T07:58:38.400+00:00,2026-09-21T08:01:10.309+00:00,2026-09-21T08:01:12.410+00:00,True,34,34.0,,34.0,151908.881084,154009.469372,154009.469389,4529.690276147058,50.033194,151908.881084,26041.243139190992,77.51339185,63.65419054545455,9.17236715385891,0.22076564602579848,48,64,,True,True,,306,59.56268577710819
95,2026-09-21T07:58:38.753+00:00,2026-09-21T08:01:12.485+00:00,2026-09-21T08:01:16.836+00:00,True,69,69.0,,69.0,153731.884267,158083.606763,158083.60670099998,2291.0667637826086,43.131372999999996,153731.884267,18499.44290332577,78.1473694,63.995919058823524,10.741423506225164,0.4364778955445094,48,64,,True,True,,135,59.56268577710819
96,2026-09-21T07:58:39.076+00:00,2026-09-21T08:01:14.378+00:00,2026-09-21T08:01:16.763+00:00,True,39,39.0,,39.0,155302.414716,157687.293308,157687.293212,4043.2639285128207,45.708434000000004,155302.414716,24858.24129697441,77.40323819999999,62.75996294736842,10.063991938616189,0.24732493774133038,48,64,,True,True,,324,59.56268577710819
97,2026-09-21T07:58:39.383+00:00,2026-09-21T08:01:15.945+00:00,2026-09-21T08:01:16.277+00:00,True,6,6.0,,6.0,156562.19497,156893.586458,156893.58634500002,26148.9310575,53.508934,156562.19497,63889.19113583322,117440.42985625,66.2782976,10.425708541863465,0.03824248100546917,48,64,,True,True,,28,59.56268577710819
98,2026-09-21T07:58:39.774+00:00,2026-09-21T08:01:17.662+00:00,2026-09-21T08:01:22.686+00:00,True,81,81.0,,81.0,157888.726556,162912.246556,162912.246474,2011.2623021481484,41.592234,157888.726556,17536.218299876295,78.269385,62.794,11.262339162940918,0.4972001903623421,48,64,,True,True,,551,59.56268577710819
99,2026-09-21T07:58:40.270+00:00,2026-09-21T08:01:20.492+00:00,2026-09-21T08:01:22.953+00:00,True,40,40.0,,40.0,160221.707616,162682.661728,162682.661787,4067.066544675,45.293822999999996,160221.707616,25323.30119435484,77.99212089999999,63.10138748717949,10.364349975738472,0.24587746214085598,48,64,,True,True,,120,59.56268577710819
100,2026-09-21T07:58:40.650+00:00,2026-09-21T08:01:22.418+00:00,2026-09-21T08:01:22.738+00:00,True,7,7.0,,7.0,161768.219779,162088.023939,162088.023896,23155.43198514286,46.805072,161768.219779,61122.49457411136,113258.1677245,53.300693333333335,7.674110233810162,0.043186410876564024,48,64,,True,True,,11,59.56268577710819
101,2026-09-21T07:58:41.081+00:00,2026-09-21T08:01:24.694+00:00,2026-09-21T08:01:27.266+00:00,True,42,42.0,,42.0,163613.117157,166185.37648500002,166185.376656,3956.7946822857143,42.697962,163613.117157,25236.373134581612,77.3167745,62.7380323902439,9.511551017473261,0.252729818280918,48,64,,True,True,,161,59.56268577710819
102,2026-09-21T07:58:41.555+00:00,2026-09-21T08:01:27.015+00:00,2026-09-21T08:01:29.826+00:00,True,46,46.0,,46.0,165460.330423,168270.833079,168270.83313400001,3658.0615898695655,46.087663,165460.330423,24386.58806441547,78.527434,62.45561457777778,9.629578676545348,0.27336882547199287,48,64,,True,True,,186,59.56268577710819
103,2026-09-21T07:58:41.922+00:00,2026-09-21T08:01:28.629+00:00,2026-09-21T08:01:28.629+00:00,True,1,1.0,,1.0,166706.645372,166706.645372,166706.645372,166706.645372,166706.645372,166706.645372,nan,166706.645372,nan,nan,0.005998561111757335,48,64,,True,True,,3,59.56268577710819
104,2026-09-21T07:58:42.239+00:00,2026-09-21T08:01:30.271+00:00,2026-09-21T08:01:35.040+00:00,True,77,77.0,,77.0,168031.74829699998,172800.507593,172800.50756499998,2244.1624359090906,42.499341,168031.74829699998,19141.84613801439,76.2217502,62.74683284210526,8.59389374766555,0.445600542918308,48,64,,True,True,,847,59.56268577710819
105,2026-09-21T07:58:42.738+00:00,2026-09-21T08:01:33.093+00:00,2026-09-21T08:01:35.824+00:00,True,43,43.0,,43.0,170354.87781799998,173086.02508199998,173086.02494499998,4025.256394069767,47.888283,170354.87781799998,25968.960063903323,77.2946001,65.02731580952381,8.379314676879963,0.2484313795965251,48,64,,True,True,,220,59.56268577710819
107,2026-09-21T07:58:43.564+00:00,2026-09-21T08:01:34.981+00:00,2026-09-21T08:01:39.920+00:00,True,78,78.0,,78.0,171416.951525,176355.951845,176355.95183200002,2260.9737414358974,44.456573,171416.951525,19401.887651393503,78.17624265,64.1428612987013,10.212367231589425,0.442287312585597,48,64,,True,True,,235,59.56268577710819
106,2026-09-21T07:58:43.508+00:00,2026-09-21T08:01:35.533+00:00,2026-09-21T08:01:35.637+00:00,True,3,3.0,,3.0,172024.78092,172129.10936799998,172129.109435,57376.369811666664,44.854672,172024.78092,99288.43679240346,154828.2502123,52.164224,10.337471220024364,0.017428777799495903,48,64,,True,True,,6,59.56268577710819
108,2026-09-21T07:58:43.797+00:00,2026-09-21T08:01:38.258+00:00,2026-09-21T08:01:42.953+00:00,True,77,77.0,,77.0,174460.792897,179156.08633700002,179156.086251,2326.702418844156,43.595672,174460.792897,19874.61429544471,77.4000336,61.78017684210526,9.565765950853406,0.42979282241720673,48,64,,True,True,,77,59.56268577710819
109,2026-09-21T07:58:44.243+00:00,2026-09-21T08:01:40.389+00:00,2026-09-21T08:01:41.234+00:00,True,14,14.0,,14.0,176146.732876,176991.22926,176991.229212,12642.230658,47.246502,176146.732876,47059.83399332987,61701.907399849995,64.9612603076923,10.2589642236125,0.07909996477528279,48,64,,True,True,,126,59.56268577710819
110,2026-09-21T07:58:44.601+00:00,2026-09-21T08:01:42.040+00:00,2026-09-21T08:01:46.838+00:00,True,79,79.0,,79.0,177439.041718,182237.19032599998,182237.190218,2306.799876177215,40.629433,177439.041718,19956.533144541532,76.85755510000001,61.51472574358974,9.41599646730688,0.4335009767143506,48,64,,True,True,,316,59.56268577710819
111,2026-09-21T07:58:45.056+00:00,2026-09-21T08:01:44.546+00:00,2026-09-21T08:01:49.012+00:00,True,72,72.0,,72.0,179489.893067,183956.212427,183956.212459,2554.9473952638887,40.402440999999996,179489.893067,21145.675159096987,76.56199955000001,62.90590647887324,9.108946808408517,0.39139749101200927,48,64,,True,True,,147,59.56268577710819
112,2026-09-21T07:58:45.385+00:00,2026-09-21T08:01:46.157+00:00,2026-09-21T08:01:47.626+00:00,True,24,24.0,,24.0,180771.99769999998,182241.272324,182241.27238999997,7593.386349583332,52.274883,180771.99769999998,36886.8907024813,82.23750635,63.88150539130435,8.552528797007529,0.13169354940263636,48,64,,True,True,,194,59.56268577710819
113,2026-09-21T07:58:45.794+00:00,2026-09-21T08:01:48.294+00:00,2026-09-21T08:01:52.580+00:00,True,69,69.0,,69.0,182500.258313,186786.089737,186786.089975,2707.0447822463766,44.342392,182500.258313,21962.86363162688,77.628546,63.02693270588235,9.197986183555628,0.36940652324353446,48,64,,True,True,,621,59.56268577710819
114,2026-09-21T07:58:46.239+00:00,2026-09-21T08:01:50.782+00:00,2026-09-21T08:01:51.272+00:00,True,8,8.0,,8.0,184543.768831,185033.232127,185033.232208,23129.154026,58.610805,184543.768831,65221.35395084352,119981.18320255,69.923328,7.817450867138042,0.04323547671971214,48,64,,True,True,,8,59.56268577710819
115,2026-09-21T07:58:46.667+00:00,2026-09-21T08:01:52.461+00:00,2026-09-21T08:01:53.280+00:00,True,14,14.0,,14.0,185794.37609799998,186613.114786,186613.11468199998,13329.508191571427,49.843863,185794.37609799998,49638.80412693805,65077.950129549994,62.97989907692308,7.439086705990039,0.07502152255512484,48,64,,True,True,,14,59.56268577710819
116,2026-09-21T07:58:47.119+00:00,2026-09-21T08:01:54.815+00:00,2026-09-21T08:01:55.845+00:00,True,17,17.0,,17.0,187695.663748,188726.56064399998,188726.560704,11101.56239435294,51.03432299999999,187695.663748,45507.258913932106,37598.5250248,64.431056,7.742987191686681,0.09007741116030593,48,64,,True,True,,51,59.56268577710819
117,2026-09-21T07:58:47.596+00:00,2026-09-21T08:01:57.355+00:00,2026-09-21T08:01:58.763+00:00,True,23,23.0,,23.0,189758.463916,191166.90526,191166.905322,8311.604579217392,47.048032,189758.463916,39554.02656085101,76.7298071,64.0200610909091,7.8899832476492735,0.12031371208692444,48,64,,True,True,,67,59.56268577710819
118,2026-09-21T07:58:47.985+00:00,2026-09-21T08:01:59.337+00:00,2026-09-21T08:02:04.691+00:00,True,87,87.0,,87.0,191352.353933,196706.201741,196706.201492,2260.9908217471266,42.421623,191352.353933,20508.453400682516,77.8453943,62.25404427906977,9.138282623084587,0.44228397086611204,48,64,,True,True,,87,59.56268577710819
119,2026-09-21T07:58:48.266+00:00,2026-09-21T08:02:00.859+00:00,2026-09-21T08:02:04.833+00:00,True,65,65.0,,65.0,192593.161016,196566.871352,196566.871381,3024.1057135538463,43.588262,192593.161016,23880.542066393584,78.169652,62.089224,9.019163969145023,0.33067627089410173,48,64,,True,True,,65,59.56268577710819
120,2026-09-21T07:58:48.551+00:00,2026-09-21T08:02:02.794+00:00,2026-09-21T08:02:08.660+00:00,True,94,94.0,,94.0,194243.213331,200109.615635,200109.61581800002,2128.8257001914894,44.277142999999995,194243.213331,20028.153498327953,78.423324,63.079594666666665,8.874095689467275,0.4697425443635654,48,64,,True,True,,282,59.56268577710819
121,2026-09-21T07:58:48.893+00:00,2026-09-21T08:02:04.562+00:00,2026-09-21T08:02:05.199+00:00,True,11,11.0,,11.0,195668.50167,196305.336486,196305.336595,17845.939690454547,51.924093,195668.50167,58977.0723054715,97872.58617699999,63.6834816,8.64987569820889,0.05603515521741556,48,64,,True,True,,41,59.56268577710819
122,2026-09-21T07:58:49.341+00:00,2026-09-21T08:02:06.996+00:00,2026-09-21T08:02:12.329+00:00,True,85,85.0,,85.0,197654.88222600002,202987.828914,202987.828814,2388.0921036941177,43.417592,197654.88222600002,21431.797380723103,75.59830200000002,63.48746057142858,8.11177265179424,0.41874431809412577,48,64,,True,True,,170,59.56268577710819
123,2026-09-21T07:58:49.671+00:00,2026-09-21T08:02:08.733+00:00,2026-09-21T08:02:13.653+00:00,True,79,79.0,,79.0,199062.677116,203982.438524,203982.438662,2582.056185594937,42.665692,199062.677116,22389.206452495917,76.1793729,63.07386420512821,9.190059431535797,0.3872882419272828,48,64,,True,True,,327,59.56268577710819
124,2026-09-21T07:58:50.013+00:00,2026-09-21T08:02:10.496+00:00,2026-09-21T08:02:14.148+00:00,True,59,59.0,,59.0,200482.95100499998,204135.616093,204135.616154,3459.9256975254234,41.464472,200482.95100499998,26092.459899791553,79.68472600000001,62.976984275862065,9.621521643541199,0.28902354782185985,48,64,,True,True,,177,59.56268577710819
125,2026-09-21T07:58:50.403+00:00,2026-09-21T08:02:12.765+00:00,2026-09-21T08:02:17.217+00:00,True,71,71.0,,71.0,202362.591518,206814.277406,206814.277539,2912.87714843662,45.673612999999996,202362.591518,24008.47569595914,76.9073195,63.59551268571428,9.628561964353407,0.34330318433779555,48,64,,True,True,,213,59.56268577710819
126,2026-09-21T07:58:50.761+00:00,2026-09-21T08:02:14.821+00:00,2026-09-21T08:02:20.450+00:00,True,89,89.0,,89.0,204059.852051,209688.084755,209688.084835,2356.0458970224718,45.659752999999995,204059.852051,21623.52373063461,78.64665,63.95718981818182,9.635580849614135,0.42443994900324356,48,64,,True,True,,881,59.56268577710819
127,2026-09-21T07:58:51.042+00:00,2026-09-21T08:02:16.397+00:00,2026-09-21T08:02:20.171+00:00,True,61,61.0,,61.0,205354.875968,209128.066624,209128.066691,3428.328962147541,42.107633,205354.875968,26284.94752628579,77.37116400000001,62.88651093333333,9.592340885964184,0.2916872947028885,48,64,,True,True,,427,59.56268577710819
128,2026-09-21T07:58:51.498+00:00,2026-09-21T08:02:18.860+00:00,2026-09-21T08:02:21.002+00:00,True,35,35.0,,35.0,207362.103743,209503.790271,209503.790389,5985.822582542857,42.718153,207362.103743,35039.946837163116,80.6878127,62.99078023529412,9.9580078486806,0.16706141666805338,48,64,,True,True,,140,59.56268577710819
129,2026-09-21T07:58:51.873+00:00,2026-09-21T08:02:20.712+00:00,2026-09-21T08:02:21.685+00:00,True,16,16.0,,16.0,208839.486825,209812.130153,209812.129908,13113.25811925,46.968962,208839.486825,52193.661756821355,52269.098444250005,64.84288853333334,9.27173463160914,0.0762586986192477,48,64,,True,True,,80,59.56268577710819
130,2026-09-21T07:58:52.209+00:00,2026-09-21T08:02:22.713+00:00,2026-09-21T08:02:25.812+00:00,True,51,51.0,,51.0,210503.685448,213602.626376,213602.626346,4188.286791098039,44.251263,210503.685448,29467.734829843652,76.73747,61.97881856,10.304232647806023,0.23876110919266424,48,64,,True,True,,204,59.56268577710819
131,2026-09-21T07:58:52.556+00:00,2026-09-21T08:02:24.488+00:00,2026-09-21T08:02:28.567+00:00,True,67,67.0,,67.0,211931.900988,216010.6919,216010.691854,3224.040176925373,43.614782,211931.900988,25884.05408374921,77.0787576,61.7998623030303,9.03632605484034,0.3101698319221022,48,64,,True,True,,201,59.56268577710819
132,2026-09-21T07:58:53.650+00:00,2026-09-21T08:02:26.756+00:00,2026-09-21T08:02:29.497+00:00,True,46,46.0,,46.0,213106.705376,215847.363808,215847.363783,4692.333995282609,44.916922,213106.705376,31411.891166518115,78.7370505,60.90352071111111,9.451399678586267,0.21311355945453106,48,64,,True,True,,94,59.56268577710819
133,2026-09-21T07:58:53.665+00:00,2026-09-21T08:02:27.161+00:00,2026-09-21T08:02:32.523+00:00,True,87,87.0,,87.0,213495.665059,218858.063779,218858.06361699998,2515.609926632184,43.718512000000004,213495.665059,22882.454848543337,77.42287870000001,62.353473488372096,9.570325024178398,0.3975179095427412,48,64,,True,True,,754,59.56268577710819
134,2026-09-21T07:58:53.721+00:00,2026-09-21T08:02:30.171+00:00,2026-09-21T08:02:34.243+00:00,True,65,65.0,,65.0,216449.55786899998,220522.08958099998,220522.08945099998,3392.6475300153843,44.920992,216449.55786899998,26839.372327669276,76.8308128,63.633308,9.357193573850127,0.2947550520834551,48,64,,True,True,,325,59.56268577710819
135,2026-09-21T07:58:53.980+00:00,2026-09-21T08:02:32.013+00:00,2026-09-21T08:02:37.588+00:00,True,87,87.0,,87.0,218032.31601699998,223607.91614499997,223607.916232,2570.205933701149,45.45023200000001,218032.31601699998,23368.56937490767,77.55851129999999,64.83255962790697,10.325933897763464,0.38907388208736,48,64,,True,True,,348,59.56268577710819
136,2026-09-21T07:58:54.245+00:00,2026-09-21T08:02:33.121+00:00,2026-09-21T08:02:35.245+00:00,True,34,34.0,,34.0,218875.782618,221000.008154,221000.008033,6500.000236264706,45.367182,218875.782618,37525.849065396964,78.39434765,64.37047078787879,10.66100645551181,0.1538461481698575,48,64,,True,True,,221,59.56268577710819
137,2026-09-21T07:58:54.740+00:00,2026-09-21T08:02:35.950+00:00,2026-09-21T08:02:37.251+00:00,True,21,21.0,,21.0,221209.870015,222511.305663,222511.305521,10595.776453380951,50.335851000000005,221209.870015,48257.752776993526,104.210723,65.0717824,12.214312530350348,0.09437722697922202,48,64,,True,True,,27,59.56268577710819
138,2026-09-21T07:58:55.128+00:00,2026-09-21T08:02:37.640+00:00,2026-09-21T08:02:38.601+00:00,True,17,17.0,,17.0,222511.462584,223472.37829599998,223472.37820799998,13145.434012235293,44.759071000000006,222511.462584,53952.3915521708,44565.151911199995,60.057232,10.254376448026212,0.07607204133963562,48,64,,True,True,,34,59.56268577710819
139,2026-09-21T07:58:55.416+00:00,2026-09-21T08:02:39.060+00:00,2026-09-21T08:02:43.694+00:00,True,74,74.0,,74.0,223643.51644600002,228277.60156600003,228277.60148700004,3084.8324525270273,44.630283000000006,223643.51644600002,25990.653197135187,77.778284,63.48061808219178,10.168128355004008,0.3241667140900155,48,64,,True,True,,511,59.56268577710819
140,2026-09-21T07:58:55.911+00:00,2026-09-21T08:02:41.474+00:00,2026-09-21T08:02:46.985+00:00,True,88,88.0,,88.0,225562.995838,231073.938814,231073.938701,2625.8402125113635,41.752891000000005,225562.995838,24038.345805108733,78.17397199999999,63.34417213793103,10.269476100738881,0.38083048418036647,48,64,,True,True,,836,59.56268577710819
141,2026-09-21T07:58:56.271+00:00,2026-09-21T08:02:43.511+00:00,2026-09-21T08:02:47.522+00:00,True,64,64.0,,64.0,227240.178921,231251.362793,231251.36272200002,3613.3025425312503,40.086271,227240.178921,28397.065670802775,80.15067865,63.66958526984127,10.753293314813458,0.2767551257948188,48,64,,True,True,,192,59.56268577710819
142,2026-09-21T07:58:56.724+00:00,2026-09-21T08:02:46.087+00:00,2026-09-21T08:02:48.489+00:00,True,38,38.0,,38.0,229362.452224,231764.571904,231764.571868,6099.067680736843,41.980311,229362.452224,37196.97217002018,75.976607,64.9221535135135,8.656530591980722,0.16395948564451046,48,64,,True,True,,180,59.56268577710819
143,2026-09-21T07:58:57.092+00:00,2026-09-21T08:02:47.640+00:00,2026-09-21T08:02:53.851+00:00,True,100,100.0,,100.0,230547.613701,236759.114245,236759.114228,2367.59114228,43.138312,230547.613701,23048.48908060763,77.54317664999999,62.74242973737374,9.537705346983634,0.4223702235028608,48,64,,True,True,,602,59.56268577710819
144,2026-09-21T07:58:57.504+00:00,2026-09-21T08:02:49.898+00:00,2026-09-21T08:02:52.590+00:00,True,45,45.0,,45.0,232394.399367,235086.258055,235086.25806300002,5224.139068066666,44.390522,232394.399367,34634.19271409497,75.02994860000001,61.17860654545455,8.60221960548401,0.1914191002583909,48,64,,True,True,,45,59.56268577710819
145,2026-09-21T07:58:57.891+00:00,2026-09-21T08:02:52.099+00:00,2026-09-21T08:02:57.183+00:00,True,82,82.0,,82.0,234207.538544,239291.917168,239291.91732200002,2918.194113682927,42.879433,234207.538544,25856.965963001894,78.4789925,62.770106469135804,9.874519082558027,0.3426776841042656,48,64,,True,True,,246,59.56268577710819
146,2026-09-21T07:58:58.233+00:00,2026-09-21T08:02:53.986+00:00,2026-09-21T08:02:59.674+00:00,True,92,92.0,,92.0,235753.12786500002,241440.705721,241440.705744,2624.3554972173915,42.425442000000004,235753.12786500002,24572.44813168995,76.77756245,62.500855560439554,9.018841170662098,0.3810459372427109,48,64,,True,True,,202,59.56268577710819
147,2026-09-21T07:58:58.656+00:00,2026-09-21T08:02:56.088+00:00,2026-09-21T08:03:01.457+00:00,True,86,86.0,,86.0,237432.35676499997,242800.640157,242800.63992299998,2823.263254918604,46.854631,237432.35676499997,25596.180814892265,76.310618,63.1562752,9.25271099692635,0.35420005459784043,48,64,,True,True,,179,59.56268577710819
148,2026-09-21T07:58:59.006+00:00,2026-09-21T08:02:58.063+00:00,2026-09-21T08:03:03.908+00:00,True,94,94.0,,94.0,239057.06183700002,244902.137805,244902.13790200002,2605.341892574468,42.809062,239057.06183700002,24650.37266741893,77.57894200000001,62.85027922580645,9.76708289372966,0.38382678421062305,48,64,,True,True,,285,59.56268577710819
149,2026-09-21T07:58:59.366+00:00,2026-09-21T08:02:59.977+00:00,2026-09-21T08:03:01.700+00:00,True,28,28.0,,28.0,240610.72808700002,242334.007447,242334.007497,8654.785982035715,50.412141000000005,240610.72808700002,45459.09250366585,77.41368849999999,63.82516148148149,8.717479855321361,0.1155430073351293,48,64,,True,True,,112,59.56268577710819
150,2026-09-21T07:58:59.859+00:00,2026-09-21T08:03:02.639+00:00,2026-09-21T08:03:06.124+00:00,True,55,55.0,,55.0,242780.030139,246264.884667,246264.884551,4477.543355472728,46.314831,242780.030139,32727.751995629722,77.0459873,64.53434311111111,9.015267161112751,0.22333675413923157,48,64,,True,True,,275,59.56268577710819
151,2026-09-21T07:59:00.318+00:00,2026-09-21T08:03:04.565+00:00,2026-09-21T08:03:06.253+00:00,True,27,27.0,,27.0,244246.121058,245934.116706,245934.116858,9108.67099474074,41.725102,244246.121058,46992.69446612594,77.6416517,64.92290953846154,9.753364748973643,0.10978550012350233,48,64,,True,True,,59,59.56268577710819
152,2026-09-21T07:59:00.634+00:00,2026-09-21T08:03:06.461+00:00,2026-09-21T08:03:10.444+00:00,True,63,63.0,,63.0,245827.142252,249809.651564,249809.651593,3965.232564968254,41.472741,245827.142252,30963.21742056057,79.82700799999999,64.23402116129033,9.350400455043705,0.25219201742435365,48,64,,True,True,,273,59.56268577710819
154,2026-09-21T07:59:01.564+00:00,2026-09-21T08:03:10.178+00:00,2026-09-21T08:03:14.962+00:00,True,76,76.0,,76.0,248614.349826,253398.425346,253398.42537399998,3334.1898075526315,40.337421,248614.349826,28510.706469344477,76.67905925000001,63.7876736,9.792605692190364,0.2999229371541148,48,64,,True,True,,491,59.56268577710819
155,2026-09-21T07:59:01.866+00:00,2026-09-21T08:03:11.636+00:00,2026-09-21T08:03:17.407+00:00,True,93,93.0,,93.0,249770.915447,255541.880439,255541.880358,2747.762154387097,40.108121,249770.915447,25893.534386565272,76.454406,62.72788034782609,9.03149715359115,0.3639325179897464,48,64,,True,True,,249,59.56268577710819
153,2026-09-21T07:59:01.131+00:00,2026-09-21T08:03:13.706+00:00,2026-09-21T08:03:14.758+00:00,True,17,17.0,,17.0,252575.23947600002,253627.448116,253627.448062,14919.261650705883,47.589792,252575.23947600002,61242.54439047315,50577.3567048,65.76304,9.52663456706579,0.06702744567387997,48,64,,True,True,,51,59.56268577710819
156,2026-09-21T07:59:02.304+00:00,2026-09-21T08:03:15.094+00:00,2026-09-21T08:03:20.935+00:00,True,95,95.0,,95.0,252789.976542,258630.933726,258630.933857,2722.4308827052632,42.503091999999995,252789.976542,25929.330998403835,77.42093070000001,62.137842382978725,9.850098154625298,0.3673187836867393,48,64,,True,True,,944,59.56268577710819
157,2026-09-21T07:59:02.731+00:00,2026-09-21T08:03:17.462+00:00,2026-09-21T08:03:22.369+00:00,True,78,78.0,,78.0,254731.66496,259638.1328,259638.132732,3328.694009384615,43.835182,254731.66496,28835.468404773343,78.67298235,63.72036155844156,10.548964508885202,0.30041812101646725,48,64,,True,True,,78,59.56268577710819
158,2026-09-21T07:59:03.103+00:00,2026-09-21T08:03:19.608+00:00,2026-09-21T08:03:21.802+00:00,True,35,35.0,,35.0,256505.181027,258698.565731,258698.56571400003,7391.387591828572,44.047312,256505.181027,43346.38643659055,88.22335799999999,64.51131482352942,12.742854733452472,0.13529259391562962,48,64,,True,True,,315,59.56268577710819
159,2026-09-21T07:59:03.420+00:00,2026-09-21T08:03:21.284+00:00,2026-09-21T08:03:24.983+00:00,True,59,59.0,,59.0,257863.295484,261562.427388,261562.427343,4433.2614803898305,44.845652,257863.295484,33562.63968059166,78.394554,63.77813627586207,9.29756857869646,0.2255675656063544,48,64,,True,True,,531,59.56268577710819
160,2026-09-21T07:59:03.792+00:00,2026-09-21T08:03:23.108+00:00,2026-09-21T08:03:27.802+00:00,True,76,76.0,,76.0,259315.901388,264010.180044,264010.180083,3473.8181589868423,41.950402000000004,259315.901388,29738.39567804051,76.76113525000001,62.59038208,9.109787572599705,0.28786768747831554,48,64,,True,True,,304,59.56268577710819
161,2026-09-21T07:59:04.263+00:00,2026-09-21T08:03:25.174+00:00,2026-09-21T08:03:26.938+00:00,True,29,29.0,,29.0,260910.424002,262674.08326600003,262674.08334400004,9057.727011862069,46.525762,260910.424002,48438.1538215466,77.790473,62.98783085714286,9.767577368818191,0.11040297405600082,48,64,,True,True,,87,59.56268577710819
162,2026-09-21T07:59:04.600+00:00,2026-09-21T08:03:27.048+00:00,2026-09-21T08:03:27.724+00:00,True,12,12.0,,12.0,262448.377013,263124.338869,263124.338997,21927.02824975,41.402932,262448.377013,75744.58201816538,118147.5936775,61.45107781818182,11.979965664263364,0.04560581530230223,48,64,,True,True,,84,59.56268577710819
164,2026-09-21T07:59:05.627+00:00,2026-09-21T08:03:29.042+00:00,2026-09-21T08:03:32.814+00:00,True,61,61.0,,61.0,263415.217286,267186.872198,267186.87219300005,4380.112658901639,42.607471,263415.217286,33718.81545657048,78.03214200000001,62.8609152,9.881780257857425,0.22830463000740425,48,64,,True,True,,174,59.56268577710819
163,2026-09-21T07:59:05.622+00:00,2026-09-21T08:03:31.236+00:00,2026-09-21T08:03:33.736+00:00,True,40,40.0,,40.0,265613.79715,268113.565214,268113.565242,6702.83913105,45.464721,265613.79715,41987.095325045106,78.60360105,64.09661702564102,9.47725439280851,0.149190511744802,48,64,,True,True,,184,59.56268577710819
165,2026-09-21T07:59:05.940+00:00,2026-09-21T08:03:34.057+00:00,2026-09-21T08:03:38.936+00:00,True,78,78.0,,78.0,268116.308626,272995.749778,272995.74963800004,3499.945508179487,44.095011,268116.308626,30351.020159588366,78.39564665,63.369365610389615,9.454477421308093,0.28571873394889685,48,64,,True,True,,853,59.56268577710819
166,2026-09-21T07:59:06.292+00:00,2026-09-21T08:03:36.456+00:00,2026-09-21T08:03:38.095+00:00,True,27,27.0,,27.0,270164.15570999996,271803.043134,271803.04309399996,10066.77937385185,46.217841,270164.15570999996,51980.98585230859,79.86524100000001,63.034131692307696,9.113202947984876,0.09933663614902537,48,64,,True,True,,42,59.56268577710819
167,2026-09-21T07:59:06.764+00:00,2026-09-21T08:03:38.801+00:00,2026-09-21T08:03:39.219+00:00,True,7,7.0,,7.0,272037.50347000005,272455.08324600005,272455.08326900005,38922.15475271429,55.158181,272037.50347000005,102794.20698951697,190449.9142996,69.59662933333333,10.014481343141334,0.02569230831226478,48,64,,True,True,,22,59.56268577710819
168,2026-09-21T07:59:07.183+00:00,2026-09-21T08:03:41.033+00:00,2026-09-21T08:03:43.942+00:00,True,46,46.0,,46.0,273849.94065299997,276758.27498899994,276758.27481399995,6016.484235086956,41.791081,273849.94065299997,40367.44276183509,77.48480699999999,64.62965191111111,8.813658886650982,0.1662100257050248,48,64,,True,True,,276,59.56268577710819
169,2026-09-21T07:59:07.498+00:00,2026-09-21T08:03:42.581+00:00,2026-09-21T08:03:48.888+00:00,True,100,100.0,,100.0,275083.89411299996,281390.111841,281390.11172499997,2813.9011172499995,41.544841,275083.89411299996,27502.021257953395,78.54162554999999,63.69916896969697,9.898773148795922,0.355378514709519,48,64,,True,True,,503,59.56268577710819
170,2026-09-21T07:59:07.922+00:00,2026-09-21T08:03:45.027+00:00,2026-09-21T08:03:50.980+00:00,True,95,95.0,,95.0,277105.44904000004,283058.15355200006,283058.15349500004,2979.5595104736844,41.33982,277105.44904000004,28423.923614627936,78.225603,63.32664374468085,9.573661767315437,0.3356200795061985,48,64,,True,True,,469,59.56268577710819
171,2026-09-21T07:59:08.317+00:00,2026-09-21T08:03:46.832+00:00,2026-09-21T08:03:49.110+00:00,True,36,36.0,,36.0,278515.05500700005,280793.36540700006,280793.365425,7799.815706250001,41.560991,278515.05500700005,46408.32764946628,79.01967674999999,65.09458285714285,9.335797329109425,0.12820815743925884,48,64,,True,True,,108,59.56268577710819
172,2026-09-21T07:59:08.638+00:00,2026-09-21T08:03:48.551+00:00,2026-09-21T08:03:50.053+00:00,True,25,25.0,,25.0,279912.240049,281414.27140900004,281414.271471,11256.570858840001,44.708180999999996,279912.240049,55969.931734542086,75.547792,62.58464,8.735285335780066,0.0888370013177678,48,64,,True,True,,50,59.56268577710819
173,2026-09-21T07:59:09.034+00:00,2026-09-21T08:03:50.710+00:00,2026-09-21T08:03:55.896+00:00,True,82,82.0,,82.0,281676.043924,286862.008468,286862.008402,3498.317175634146,43.661841,281676.043924,31098.846414601616,77.68015850000002,64.02425362962963,9.121871213286752,0.28585172514800705,48,64,,True,True,,164,59.56268577710819
174,2026-09-21T07:59:09.484+00:00,2026-09-21T08:03:53.010+00:00,2026-09-21T08:03:55.388+00:00,True,38,38.0,,38.0,283526.387465,285904.02944899997,285904.02949399996,7523.7902498421045,45.035911,283526.387465,45983.63024996431,78.97203065,64.26059416216216,10.616506310495875,0.13291173290993616,48,64,,True,True,,114,59.56268577710819
175,2026-09-21T07:59:09.841+00:00,2026-09-21T08:03:54.413+00:00,2026-09-21T08:03:54.577+00:00,True,4,4.0,,4.0,284572.02907700004,284736.278677,284736.278731,71184.06968275,51.025211000000006,284572.02907700004,142258.6396425742,241895.17645760003,54.74986666666666,4.450323853307457,0.014048086947633152,48,64,,True,True,,29,59.56268577710819
176,2026-09-21T07:59:10.331+00:00,2026-09-21T08:03:55.136+00:00,2026-09-21T08:03:56.875+00:00,True,29,29.0,,29.0,284804.578301,286544.378877,286544.378848,9880.840649931035,42.783811,284804.578301,52875.34491234385,78.75328399999998,62.13573485714286,9.047874205774187,0.10120596367534515,48,64,,True,True,,87,59.56268577710819
177,2026-09-21T07:59:10.806+00:00,2026-09-21T08:03:57.443+00:00,2026-09-21T08:04:01.550+00:00,True,65,65.0,,65.0,286636.968311,290743.474551,290743.47458599997,4472.976532092307,42.494451,286636.968311,35544.982863073164,78.4963252,64.16416,9.151922011423066,0.22356477682046202,48,64,,True,True,,129,59.56268577710819
178,2026-09-21T07:59:11.123+00:00,2026-09-21T08:04:00.069+00:00,2026-09-21T08:04:06.052+00:00,True,96,96.0,,96.0,288946.373572,294929.11994,294929.119798,3072.178331229167,46.992941,288946.373572,29484.03950603583,76.57979625,62.97627755789474,8.574468868338888,0.3255019376165029,48,64,,True,True,,672,59.56268577710819
179,2026-09-21T07:59:11.422+00:00,2026-09-21T08:04:02.781+00:00,2026-09-21T08:04:05.074+00:00,True,38,38.0,,38.0,291358.992698,293651.724346,293651.72451599996,7727.676960947368,48.085891000000004,291358.992698,47254.61847088987,76.998881,61.96572021621621,8.727312938587122,0.12940499526992688,48,64,,True,True,,152,59.56268577710819
180,2026-09-21T07:59:11.775+00:00,2026-09-21T08:04:04.661+00:00,2026-09-21T08:04:05.118+00:00,True,9,9.0,,9.0,292886.104242,293343.285682,293343.28573099995,32593.69841455555,46.101361,292886.104242,97609.65251356021,175759.44183,57.14768,8.557960951609909,0.03068077723025332,48,64,,True,True,,27,59.56268577710819
181,2026-09-21T07:59:12.100+00:00,2026-09-21T08:04:06.437+00:00,2026-09-21T08:04:10.032+00:00,True,58,58.0,,58.0,294337.3935,297931.610204,297931.610225,5136.751900431034,39.694161,294337.3935,38640.114668104565,79.90372800000002,63.05643340350878,9.657856021864553,0.19467554973534423,48,64,,True,True,,212,59.56268577710819
182,2026-09-21T07:59:12.551+00:00,2026-09-21T08:04:08.868+00:00,2026-09-21T08:04:11.348+00:00,True,40,40.0,,40.0,296316.286841,298796.722297,298796.722102,7469.9180525500005,45.119711,296316.286841,46841.663487628306,77.44444744999998,63.60090912820513,9.619803167532492,0.13387027706495566,48,64,,True,True,,144,59.56268577710819
183,2026-09-21T07:59:12.867+00:00,2026-09-21T08:04:10.630+00:00,2026-09-21T08:04:12.895+00:00,False,39,38.0,,38.0,297762.25561,300027.71941799996,300027.719437,7693.018447102564,0.028329999999999998,297762.25561,47670.575600323726,74.8964061,59.617468631578944,13.172068585039835,0.1266549639937043,48,64,,True,False,Request timeout: 300.0s exceeded,152,59.56268577710819
184,2026-09-21T07:59:13.345+00:00,2026-09-21T08:04:13.211+00:00,2026-09-21T08:04:13.386+00:00,False,5,4.0,,4.0,299866.923162,300041.35925800004,300041.359285,60008.27185700001,0.06484999999999999,299866.923162,134085.0649990615,239907.93692980002,43.609024,30.907967145340546,0.01333149539747443,48,64,,True,False,Request timeout: 300.0s exceeded,16,59.56268577710819
185,2026-09-21T07:59:13.742+00:00,2026-09-21T08:04:13.858+00:00,2026-09-21T08:04:13.858+00:00,False,1,0.0,,0.0,300115.76392,300115.76392,300115.76392,300115.76392,300115.76392,300115.76392,nan,300115.76392,nan,nan,0.0,48,64,,True,False,"HTTPConnectionPool(host='gpu06', port=9004): Read timed out.",0,59.56268577710819
186,2026-09-21T07:59:14.076+00:00,2026-09-21T08:04:14.168+00:00,2026-09-21T08:04:14.168+00:00,False,1,0.0,,0.0,300091.86417799996,300091.86417799996,300091.86417799996,300091.86417799996,300091.86417799996,300091.86417799996,nan,300091.86417799996,nan,nan,0.0,48,64,,True,False,"HTTPConnectionPool(host='gpu06', port=9004): Read timed out.",0,59.56268577710819
187,2026-09-21T07:59:14.563+00:00,2026-09-21T08:04:14.682+00:00,2026-09-21T08:04:14.682+00:00,False,1,0.0,,0.0,300119.752155,300119.752155,300119.752155,300119.752155,300119.752155,300119.752155,nan,300119.752155,nan,nan,0.0,48,64,,True,False,"HTTPConnectionPool(host='gpu06', port=9004): Read timed out.",0,59.56268577710819
188,2026-09-21T07:59:14.979+00:00,2026-09-21T08:04:15.061+00:00,2026-09-21T08:04:15.061+00:00,False,1,0.0,,0.0,300082.355046,300082.355046,300082.355046,300082.355046,300082.355046,300082.355046,nan,300082.355046,nan,nan,0.0,48,64,,True,False,"HTTPConnectionPool(host='gpu06', port=9004): Read timed out.",0,59.56268577710819
189,2026-09-21T07:59:15.356+00:00,2026-09-21T08:04:15.464+00:00,2026-09-21T08:04:15.464+00:00,False,1,0.0,,0.0,300108.03207200003,300108.03207200003,300108.03207200003,300108.03207200003,300108.03207200003,300108.03207200003,nan,300108.03207200003,nan,nan,0.0,48,64,,True,False,"HTTPConnectionPool(host='gpu06', port=9004): Read timed out.",0,59.56268577710819
190,2026-09-21T07:59:15.804+00:00,2026-09-21T08:04:15.803+00:00,2026-09-21T08:04:15.857+00:00,False,3,2.0,,2.0,299998.55648,300052.82233600004,300052.82229100005,100017.60743033334,0.031059999999999997,299998.55648,173188.58427048265,270004.1243071,27.132928,38.32794808518462,0.0066654930436228135,48,64,,True,False,Request timeout: 300.0s exceeded,12,59.56268577710819
191,2026-09-21T07:59:16.301+00:00,2026-09-21T08:04:16.382+00:00,2026-09-21T08:04:16.382+00:00,False,1,0.0,,0.0,300080.351878,300080.351878,300080.351878,300080.351878,300080.351878,300080.351878,nan,300080.351878,nan,nan,0.0,48,64,,True,False,"HTTPConnectionPool(host='gpu06', port=9004): Read timed out.",0,59.56268577710819
192,2026-09-21T07:59:16.602+00:00,2026-09-21T08:04:16.680+00:00,2026-09-21T08:04:16.680+00:00,False,1,0.0,,0.0,300078.183758,300078.183758,300078.183758,300078.183758,300078.183758,300078.183758,nan,300078.183758,nan,nan,0.0,48,64,,True,False,"HTTPConnectionPool(host='gpu06', port=9004): Read timed out.",0,59.56268577710819
193,2026-09-21T07:59:16.874+00:00,2026-09-21T08:04:16.978+00:00,2026-09-21T08:04:16.978+00:00,False,1,0.0,,0.0,300104.06249,300104.06249,300104.06249,300104.06249,300104.06249,300104.06249,nan,300104.06249,nan,nan,0.0,48,64,,True,False,"HTTPConnectionPool(host='gpu06', port=9004): Read timed out.",0,59.56268577710819
194,2026-09-21T07:59:17.352+00:00,2026-09-21T08:04:17.343+00:00,2026-09-21T08:04:17.549+00:00,False,3,2.0,,2.0,299990.774576,300196.638256,300196.6384,100065.54613333334,0.03592,299990.774576,173140.35726391032,270012.27990880003,102.93184,145.516918713942,0.0066622997899611755,48,64,,True,False,Request timeout: 300.0s exceeded,8,59.56268577710819
195,2026-09-21T07:59:17.707+00:00,2026-09-21T08:04:17.800+00:00,2026-09-21T08:04:17.800+00:00,False,1,0.0,,0.0,300092.781385,300092.781385,300092.781385,300092.781385,300092.781385,300092.781385,nan,300092.781385,nan,nan,0.0,48,64,,True,False,"HTTPConnectionPool(host='gpu06', port=9004): Read timed out.",0,59.56268577710819
196,2026-09-21T07:59:18.200+00:00,2026-09-21T08:04:18.316+00:00,2026-09-21T08:04:18.316+00:00,False,1,0.0,,0.0,300116.380491,300116.380491,300116.380491,300116.380491,300116.380491,300116.380491,nan,300116.380491,nan,nan,0.0,48,64,,True,False,"HTTPConnectionPool(host='gpu06', port=9004): Read timed out.",0,59.56268577710819
198,2026-09-21T07:59:19.311+00:00,2026-09-21T08:04:18.631+00:00,2026-09-21T08:04:19.977+00:00,False,21,20.0,,20.0,299319.926771,300666.28734700003,300666.28746900003,14317.442260428572,0.018420000000000002,299319.926771,65302.279842201315,134.89830300000003,67.3180288,30.83552686833354,0.0665189309266254,48,64,,True,False,Request timeout: 300.0s exceeded,80,59.56268577710819
197,2026-09-21T07:59:19.306+00:00,2026-09-21T08:04:20.016+00:00,2026-09-21T08:04:20.016+00:00,False,1,0.0,,0.0,300709.98488999996,300709.98488999996,300709.98488999996,300709.98488999996,300709.98488999996,300709.98488999996,nan,300709.98488999996,nan,nan,0.0,48,64,,True,False,"HTTPConnectionPool(host='gpu06', port=9004): Read timed out.",0,59.56268577710819
199,2026-09-21T07:59:19.824+00:00,2026-09-21T08:04:20.400+00:00,2026-09-21T08:04:20.400+00:00,False,1,0.0,,0.0,300575.457202,300575.457202,300575.457202,300575.457202,300575.457202,300575.457202,nan,300575.457202,nan,nan,0.0,48,64,,True,False,"HTTPConnectionPool(host='gpu06', port=9004): Read timed out.",0,59.56268577710819
200,2026-09-21T07:59:20.013+00:00,2026-09-21T08:04:21.215+00:00,2026-09-21T08:04:21.404+00:00,False,5,4.0,,4.0,301201.730163,301390.456947,301390.457067,60278.0914134,0.03648,301201.730163,134680.4130645995,240981.32655280002,47.181696,40.89649444398441,0.013271820350647022,48,64,,True,False,Request timeout: 300.0s exceeded,17,59.56268577710819
201,2026-09-21T07:59:20.410+00:00,2026-09-21T08:04:21.525+00:00,2026-09-21T08:04:21.525+00:00,False,1,0.0,,0.0,301114.866095,301114.866095,301114.866095,301114.866095,301114.866095,301114.866095,nan,301114.866095,nan,nan,0.0,48,64,,True,False,"HTTPConnectionPool(host='gpu06', port=9004): Read timed out.",0,59.56268577710819
202,2026-09-21T07:59:20.693+00:00,2026-09-21T08:04:21.899+00:00,2026-09-21T08:04:21.899+00:00,False,1,0.0,,0.0,301206.059897,301206.059897,301206.059897,301206.059897,301206.059897,301206.059897,nan,301206.059897,nan,nan,0.0,48,64,,True,False,"HTTPConnectionPool(host='gpu06', port=9004): Read timed out.",0,59.56268577710819
204,2026-09-21T07:59:21.393+00:00,2026-09-21T08:04:21.900+00:00,2026-09-21T08:04:21.900+00:00,False,1,0.0,,0.0,300506.583765,300506.583765,300506.583765,300506.583765,300506.583765,300506.583765,nan,300506.583765,nan,nan,0.0,48,64,,True,False,"HTTPConnectionPool(host='gpu06', port=9004): Read timed out.",0,59.56268577710819
205,2026-09-21T07:59:21.787+00:00,2026-09-21T08:04:21.900+00:00,2026-09-21T08:04:21.900+00:00,False,1,0.0,,0.0,300112.891491,300112.891491,300112.891491,300112.891491,300112.891491,300112.891491,nan,300112.891491,nan,nan,0.0,48,64,,True,False,"HTTPConnectionPool(host='gpu06', port=9004): Read timed out.",0,59.56268577710819
206,2026-09-21T07:59:22.144+00:00,2026-09-21T08:04:23.271+00:00,2026-09-21T08:04:23.271+00:00,False,1,0.0,,0.0,301126.968318,301126.968318,301126.968318,301126.968318,301126.968318,301126.968318,nan,301126.968318,nan,nan,0.0,48,64,,True,False,"HTTPConnectionPool(host='gpu06', port=9004): Read timed out.",0,59.56268577710819
203,2026-09-21T07:59:21.027+00:00,2026-09-21T08:04:23.283+00:00,2026-09-21T08:04:23.283+00:00,False,1,0.0,,0.0,302255.321326,302255.321326,302255.321326,302255.321326,302255.321326,302255.321326,nan,302255.321326,nan,nan,0.0,48,64,,True,False,"HTTPConnectionPool(host='gpu06', port=9004): Read timed out.",0,59.56268577710819
208,2026-09-21T07:59:22.962+00:00,2026-09-21T08:04:23.285+00:00,2026-09-21T08:04:23.285+00:00,False,1,0.0,,0.0,300322.519196,300322.519196,300322.519196,300322.519196,300322.519196,300322.519196,nan,300322.519196,nan,nan,0.0,48,64,,True,False,"HTTPConnectionPool(host='gpu06', port=9004): Read timed out.",0,59.56268577710819
207,2026-09-21T07:59:22.479+00:00,2026-09-21T08:04:23.297+00:00,2026-09-21T08:04:23.297+00:00,False,1,0.0,,0.0,300818.53188,300818.53188,300818.53188,300818.53188,300818.53188,300818.53188,nan,300818.53188,nan,nan,0.0,48,64,,True,False,"HTTPConnectionPool(host='gpu06', port=9004): Read timed out.",0,59.56268577710819
209,2026-09-21T07:59:23.317+00:00,2026-09-21T08:04:23.409+00:00,2026-09-21T08:04:23.409+00:00,False,1,0.0,,0.0,300092.60156800004,300092.60156800004,300092.60156800004,300092.60156800004,300092.60156800004,300092.60156800004,nan,300092.60156800004,nan,nan,0.0,48,64,,True,False,"HTTPConnectionPool(host='gpu06', port=9004): Read timed out.",0,59.56268577710819
210,2026-09-21T07:59:23.689+00:00,2026-09-21T08:04:23.795+00:00,2026-09-21T08:04:23.795+00:00,False,1,0.0,,0.0,300105.640163,300105.640163,300105.640163,300105.640163,300105.640163,300105.640163,nan,300105.640163,nan,nan,0.0,48,64,,True,False,"HTTPConnectionPool(host='gpu06', port=9004): Read timed out.",0,59.56268577710819
211,2026-09-21T07:59:24.048+00:00,2026-09-21T08:04:24.078+00:00,2026-09-21T08:04:24.078+00:00,False,1,0.0,,0.0,300029.760828,300029.760828,300029.760828,300029.760828,300029.760828,300029.760828,nan,300029.760828,nan,nan,0.0,48,64,,True,False,"HTTPConnectionPool(host='gpu06', port=9004): Read timed out.",0,59.56268577710819
212,2026-09-21T07:59:24.328+00:00,2026-09-21T08:04:24.436+00:00,2026-09-21T08:04:24.436+00:00,False,1,0.0,,0.0,300108.06756,300108.06756,300108.06756,300108.06756,300108.06756,300108.06756,nan,300108.06756,nan,nan,0.0,48,64,,True,False,"HTTPConnectionPool(host='gpu06', port=9004): Read timed out.",0,59.56268577710819
213,2026-09-21T07:59:24.715+00:00,2026-09-21T08:04:24.817+00:00,2026-09-21T08:04:24.817+00:00,False,1,0.0,,0.0,300101.85742400005,300101.85742400005,300101.85742400005,300101.85742400005,300101.85742400005,300101.85742400005,nan,300101.85742400005,nan,nan,0.0,48,64,,True,False,"HTTPConnectionPool(host='gpu06', port=9004): Read timed out.",0,59.56268577710819
214,2026-09-21T07:59:25.025+00:00,2026-09-21T08:04:25.134+00:00,2026-09-21T08:04:25.134+00:00,False,1,0.0,,0.0,300109.162994,300109.162994,300109.162994,300109.162994,300109.162994,300109.162994,nan,300109.162994,nan,nan,0.0,48,64,,True,False,"HTTPConnectionPool(host='gpu06', port=9004): Read timed out.",0,59.56268577710819
215,2026-09-21T07:59:25.324+00:00,2026-09-21T08:04:25.326+00:00,2026-09-21T08:04:25.531+00:00,False,3,2.0,,2.0,300001.814372,300206.671204,300206.67120599997,100068.890402,0.03445,300001.814372,173147.0214872893,270022.11517319997,102.428416,144.80677985887772,0.006662077134991234,48,64,,True,False,Request timeout: 300.0s exceeded,13,59.56268577710819
216,2026-09-21T07:59:25.698+00:00,2026-09-21T08:04:25.640+00:00,2026-09-21T08:04:25.717+00:00,True,2,2.0,,2.0,299941.869366,300019.092534,300019.092467,150009.5462335,77.223101,299941.869366,212036.32481208682,284948.63705275,77.223168,nan,0.006666242415133456,48,64,,True,True,,2,59.56268577710819
217,2026-09-21T07:59:26.132+00:00,2026-09-21T08:04:26.238+00:00,2026-09-21T08:04:26.238+00:00,False,1,0.0,,0.0,300106.063649,300106.063649,300106.063649,300106.063649,300106.063649,300106.063649,nan,300106.063649,nan,nan,0.0,48,64,,True,False,"HTTPConnectionPool(host='gpu06', port=9004): Read timed out.",0,59.56268577710819
218,2026-09-21T07:59:26.600+00:00,2026-09-21T08:04:26.688+00:00,2026-09-21T08:04:26.688+00:00,False,1,0.0,,0.0,300087.603317,300087.603317,300087.603317,300087.603317,300087.603317,300087.603317,nan,300087.603317,nan,nan,0.0,48,64,,True,False,"HTTPConnectionPool(host='gpu06', port=9004): Read timed out.",0,59.56268577710819
219,2026-09-21T07:59:26.898+00:00,2026-09-21T08:04:27.006+00:00,2026-09-21T08:04:27.006+00:00,False,1,0.0,,0.0,300107.838228,300107.838228,300107.838228,300107.838228,300107.838228,300107.838228,nan,300107.838228,nan,nan,0.0,48,64,,True,False,"HTTPConnectionPool(host='gpu06', port=9004): Read timed out.",0,59.56268577710819
220,2026-09-21T07:59:27.184+00:00,2026-09-21T08:04:27.257+00:00,2026-09-21T08:04:27.257+00:00,False,1,0.0,,0.0,300073.14851800003,300073.14851800003,300073.14851800003,300073.14851800003,300073.14851800003,300073.14851800003,nan,300073.14851800003,nan,nan,0.0,48,64,,True,False,"HTTPConnectionPool(host='gpu06', port=9004): Read timed out.",0,59.56268577710819
221,2026-09-21T07:59:27.538+00:00,2026-09-21T08:04:27.515+00:00,2026-09-21T08:04:27.658+00:00,False,3,2.0,,2.0,299976.10504299996,300119.74613099993,300119.74605599995,100039.91535199998,0.036109999999999996,299976.10504299996,173149.83428844574,269992.8550289999,71.820544,101.5185399290662,0.006664006703267753,48,64,,True,False,Request timeout: 300.0s exceeded,4,59.56268577710819
222,2026-09-21T07:59:27.815+00:00,2026-09-21T08:04:27.834+00:00,2026-09-21T08:04:27.834+00:00,False,1,0.0,,0.0,300019.23620499996,300019.23620499996,300019.23620499996,300019.23620499996,300019.23620499996,300019.23620499996,nan,300019.23620499996,nan,nan,0.0,48,64,,True,False,TTFT timeout: 300.0s exceeded (TTFT: 300.015s),0,59.56268577710819
223,2026-09-21T07:59:28.201+00:00,2026-09-21T08:04:28.306+00:00,2026-09-21T08:04:28.306+00:00,False,1,0.0,,0.0,300105.234381,300105.234381,300105.234381,300105.234381,300105.234381,300105.234381,nan,300105.234381,nan,nan,0.0,48,64,,True,False,"HTTPConnectionPool(host='gpu06', port=9004): Read timed out.",0,59.56268577710819
224,2026-09-21T07:59:28.505+00:00,2026-09-21T08:04:28.607+00:00,2026-09-21T08:04:28.607+00:00,False,1,0.0,,0.0,300102.117851,300102.117851,300102.117851,300102.117851,300102.117851,300102.117851,nan,300102.117851,nan,nan,0.0,48,64,,True,False,"HTTPConnectionPool(host='gpu06', port=9004): Read timed out.",0,59.56268577710819
225,2026-09-21T07:59:28.944+00:00,2026-09-21T08:04:29.045+00:00,2026-09-21T08:04:29.045+00:00,False,1,0.0,,0.0,300101.38426099997,300101.38426099997,300101.38426099997,300101.38426099997,300101.38426099997,300101.38426099997,nan,300101.38426099997,nan,nan,0.0,48,64,,True,False,"HTTPConnectionPool(host='gpu06', port=9004): Read timed out.",0,59.56268577710819
226,2026-09-21T07:59:29.289+00:00,2026-09-21T08:04:29.400+00:00,2026-09-21T08:04:29.400+00:00,False,1,0.0,,0.0,300110.995618,300110.995618,300110.995618,300110.995618,300110.995618,300110.995618,nan,300110.995618,nan,nan,0.0,48,64,,True,False,"HTTPConnectionPool(host='gpu06', port=9004): Read timed out.",0,59.56268577710819
227,2026-09-21T07:59:29.710+00:00,2026-09-21T08:04:29.606+00:00,2026-09-21T08:04:29.752+00:00,False,4,3.0,,3.0,299895.516816,300042.069904,300042.069999,75010.51749975,0.03302,299895.516816,149923.33899132334,254926.8317244,48.85102933333334,52.43868163460181,0.009998597866492076,48,64,,True,False,Request timeout: 300.0s exceeded,12,59.56268577710819
228,2026-09-21T07:59:30.031+00:00,2026-09-21T08:04:30.140+00:00,2026-09-21T08:04:30.140+00:00,False,1,0.0,,0.0,300109.239189,300109.239189,300109.239189,300109.239189,300109.239189,300109.239189,nan,300109.239189,nan,nan,0.0,48,64,,True,False,"HTTPConnectionPool(host='gpu06', port=9004): Read timed out.",0,59.56268577710819
229,2026-09-21T07:59:30.411+00:00,2026-09-21T08:04:30.497+00:00,2026-09-21T08:04:30.497+00:00,False,1,0.0,,0.0,300085.44238200004,300085.44238200004,300085.44238200004,300085.44238200004,300085.44238200004,300085.44238200004,nan,300085.44238200004,nan,nan,0.0,48,64,,True,False,"HTTPConnectionPool(host='gpu06', port=9004): Read timed out.",0,59.56268577710819
230,2026-09-21T07:59:30.770+00:00,2026-09-21T08:04:30.882+00:00,2026-09-21T08:04:30.882+00:00,False,1,0.0,,0.0,300111.800098,300111.800098,300111.800098,300111.800098,300111.800098,300111.800098,nan,300111.800098,nan,nan,0.0,48,64,,True,False,"HTTPConnectionPool(host='gpu06', port=9004): Read timed out.",0,59.56268577710819
231,2026-09-21T07:59:31.063+00:00,2026-09-21T08:04:31.173+00:00,2026-09-21T08:04:31.173+00:00,False,1,0.0,,0.0,300109.150619,300109.150619,300109.150619,300109.150619,300109.150619,300109.150619,nan,300109.150619,nan,nan,0.0,48,64,,True,False,"HTTPConnectionPool(host='gpu06', port=9004): Read timed out.",0,59.56268577710819
232,2026-09-21T07:59:31.415+00:00,2026-09-21T08:04:31.506+00:00,2026-09-21T08:04:31.506+00:00,False,1,0.0,,0.0,300091.826995,300091.826995,300091.826995,300091.826995,300091.826995,300091.826995,nan,300091.826995,nan,nan,0.0,48,64,,True,False,"HTTPConnectionPool(host='gpu06', port=9004): Read timed out.",0,59.56268577710819
233,2026-09-21T07:59:31.863+00:00,2026-09-21T08:04:31.876+00:00,2026-09-21T08:04:32.916+00:00,False,20,19.0,,19.0,300013.41982300003,301053.253679,301053.25358500006,15052.662679250001,0.04111,300013.41982300003,67072.8044574575,15076.860697600001,54.728097684210525,16.58426096984301,0.06311175769672589,48,64,,True,False,Request timeout: 300.0s exceeded,101,59.56268577710819
236,2026-09-21T07:59:32.989+00:00,2026-09-21T08:04:33.030+00:00,2026-09-21T08:04:33.030+00:00,False,1,0.0,,0.0,300040.161748,300040.161748,300040.161748,300040.161748,300040.161748,300040.161748,nan,300040.161748,nan,nan,0.0,48,64,,True,False,"HTTPConnectionPool(host='gpu06', port=9004): Read timed out.",0,59.56268577710819
234,2026-09-21T07:59:32.230+00:00,2026-09-21T08:04:33.286+00:00,2026-09-21T08:04:33.286+00:00,False,1,0.0,,0.0,301056.050241,301056.050241,301056.050241,301056.050241,301056.050241,301056.050241,nan,301056.050241,nan,nan,0.0,48,64,,True,False,"HTTPConnectionPool(host='gpu06', port=9004): Read timed out.",0,59.56268577710819
237,2026-09-21T07:59:33.337+00:00,2026-09-21T08:04:33.347+00:00,2026-09-21T08:04:33.347+00:00,False,1,0.0,,0.0,300009.35033499997,300009.35033499997,300009.35033499997,300009.35033499997,300009.35033499997,300009.35033499997,nan,300009.35033499997,nan,nan,0.0,48,64,,True,False,"HTTPConnectionPool(host='gpu06', port=9004): Read timed out.",0,59.56268577710819
235,2026-09-21T07:59:32.670+00:00,2026-09-21T08:04:34.281+00:00,2026-09-21T08:04:35.264+00:00,False,19,18.0,,18.0,301610.90957200003,302594.42701200006,302594.42693300004,15926.022470157897,0.03731,301610.90957200003,69181.75551550371,30254.360146900006,54.63985777777778,19.497067014728007,0.059485563490850976,48,64,,True,False,Request timeout: 300.0s exceeded,90,59.56268577710819
238,2026-09-21T07:59:34.848+00:00,2026-09-21T08:04:34.285+00:00,2026-09-21T08:04:35.158+00:00,False,17,16.0,,16.0,299437.11673199997,300309.89573999995,300309.89572,17665.287983529408,0.02435,299437.11673199997,72610.94091685624,59969.10406799999,54.548688,20.264563719857907,0.053278297608455635,48,64,,True,False,Request timeout: 300.0s exceeded,52,59.56268577710819
240,2026-09-21T07:59:35.469+00:00,2026-09-21T08:04:35.676+00:00,2026-09-21T08:04:35.676+00:00,False,1,0.0,,0.0,300207.704376,300207.704376,300207.704376,300207.704376,300207.704376,300207.704376,nan,300207.704376,nan,nan,0.0,48,64,,True,False,"HTTPConnectionPool(host='gpu06', port=9004): Read timed out.",0,59.56268577710819
239,2026-09-21T07:59:35.270+00:00,2026-09-21T08:04:35.849+00:00,2026-09-21T08:04:35.849+00:00,False,1,0.0,,0.0,300578.80705199996,300578.80705199996,300578.80705199996,300578.80705199996,300578.80705199996,300578.80705199996,nan,300578.80705199996,nan,nan,0.0,48,64,,True,False,"HTTPConnectionPool(host='gpu06', port=9004): Read timed out.",0,59.56268577710819
241,2026-09-21T07:59:35.511+00:00,2026-09-21T08:04:35.849+00:00,2026-09-21T08:04:35.849+00:00,False,1,0.0,,0.0,300337.456611,300337.456611,300337.456611,300337.456611,300337.456611,300337.456611,nan,300337.456611,nan,nan,0.0,48,64,,True,False,"HTTPConnectionPool(host='gpu06', port=9004): Read timed out.",0,59.56268577710819
243,2026-09-21T07:59:35.745+00:00,2026-09-21T08:04:36.022+00:00,2026-09-21T08:04:36.022+00:00,False,1,0.0,,0.0,300277.45739999996,300277.45739999996,300277.45739999996,300277.45739999996,300277.45739999996,300277.45739999996,nan,300277.45739999996,nan,nan,0.0,48,64,,True,False,"HTTPConnectionPool(host='gpu06', port=9004): Read timed out.",0,59.56268577710819
242,2026-09-21T07:59:35.724+00:00,2026-09-21T08:04:36.125+00:00,2026-09-21T08:04:36.125+00:00,False,1,0.0,,0.0,300400.918336,300400.918336,300400.918336,300400.918336,300400.918336,300400.918336,nan,300400.918336,nan,nan,0.0,48,64,,True,False,"HTTPConnectionPool(host='gpu06', port=9004): Read timed out.",0,59.56268577710819
244,2026-09-21T07:59:35.979+00:00,2026-09-21T08:04:36.212+00:00,2026-09-21T08:04:36.212+00:00,False,1,0.0,,0.0,300233.193847,300233.193847,300233.193847,300233.193847,300233.193847,300233.193847,nan,300233.193847,nan,nan,0.0,48,64,,True,False,"HTTPConnectionPool(host='gpu06', port=9004): Read timed out.",0,59.56268577710819
245,2026-09-21T07:59:36.277+00:00,2026-09-21T08:04:36.406+00:00,2026-09-21T08:04:36.406+00:00,False,1,0.0,,0.0,300128.78461900004,300128.78461900004,300128.78461900004,300128.78461900004,300128.78461900004,300128.78461900004,nan,300128.78461900004,nan,nan,0.0,48,64,,True,False,"HTTPConnectionPool(host='gpu06', port=9004): Read timed out.",0,59.56268577710819
246,2026-09-21T07:59:36.732+00:00,2026-09-21T08:04:36.841+00:00,2026-09-21T08:04:36.841+00:00,False,1,0.0,,0.0,300109.628423,300109.628423,300109.628423,300109.628423,300109.628423,300109.628423,nan,300109.628423,nan,nan,0.0,48,64,,True,False,"HTTPConnectionPool(host='gpu06', port=9004): Read timed out.",0,59.56268577710819
247,2026-09-21T07:59:37.080+00:00,2026-09-21T08:04:37.181+00:00,2026-09-21T08:04:37.181+00:00,False,1,0.0,,0.0,300101.435452,300101.435452,300101.435452,300101.435452,300101.435452,300101.435452,nan,300101.435452,nan,nan,0.0,48,64,,True,False,"HTTPConnectionPool(host='gpu06', port=9004): Read timed out.",0,59.56268577710819
248,2026-09-21T07:59:37.550+00:00,2026-09-21T08:04:37.654+00:00,2026-09-21T08:04:37.654+00:00,False,1,0.0,,0.0,300104.021741,300104.021741,300104.021741,300104.021741,300104.021741,300104.021741,nan,300104.021741,nan,nan,0.0,48,64,,True,False,"HTTPConnectionPool(host='gpu06', port=9004): Read timed out.",0,59.56268577710819
249,2026-09-21T07:59:37.968+00:00,2026-09-21T08:04:38.078+00:00,2026-09-21T08:04:38.078+00:00,False,1,0.0,,0.0,300109.406408,300109.406408,300109.406408,300109.406408,300109.406408,300109.406408,nan,300109.406408,nan,nan,0.0,48,64,,True,False,"HTTPConnectionPool(host='gpu06', port=9004): Read timed out.",0,59.56268577710819
250,2026-09-21T07:59:38.258+00:00,2026-09-21T08:04:38.252+00:00,2026-09-21T08:04:38.299+00:00,False,3,2.0,,2.0,299993.83291299996,300041.11969699996,300041.11960999994,100013.70653666665,0.03358,299993.83291299996,173187.87130322334,269999.17493339995,23.643392,33.389016522203825,0.0066657530208516875,48,64,,True,False,Request timeout: 300.0s exceeded,2,59.56268577710819
251,2026-09-21T07:59:38.659+00:00,2026-09-21T08:04:38.759+00:00,2026-09-21T08:04:38.759+00:00,False,1,0.0,,0.0,300100.652107,300100.652107,300100.652107,300100.652107,300100.652107,300100.652107,nan,300100.652107,nan,nan,0.0,48,64,,True,False,"HTTPConnectionPool(host='gpu06', port=9004): Read timed out.",0,59.56268577710819
252,2026-09-21T07:59:38.999+00:00,2026-09-21T08:04:39.104+00:00,2026-09-21T08:04:39.104+00:00,False,1,0.0,,0.0,300105.013155,300105.013155,300105.013155,300105.013155,300105.013155,300105.013155,nan,300105.013155,nan,nan,0.0,48,64,,True,False,"HTTPConnectionPool(host='gpu06', port=9004): Read timed out.",0,59.56268577710819
253,2026-09-21T07:59:39.283+00:00,2026-09-21T08:04:39.400+00:00,2026-09-21T08:04:39.400+00:00,False,1,0.0,,0.0,300116.234682,300116.234682,300116.234682,300116.234682,300116.234682,300116.234682,nan,300116.234682,nan,nan,0.0,48,64,,True,False,"HTTPConnectionPool(host='gpu06', port=9004): Read timed out.",0,59.56268577710819
254,2026-09-21T07:59:39.566+00:00,2026-09-21T08:04:39.680+00:00,2026-09-21T08:04:39.680+00:00,False,1,0.0,,0.0,300113.94719,300113.94719,300113.94719,300113.94719,300113.94719,300113.94719,nan,300113.94719,nan,nan,0.0,48,64,,True,False,"HTTPConnectionPool(host='gpu06', port=9004): Read timed out.",0,59.56268577710819
255,2026-09-21T07:59:40.031+00:00,2026-09-21T08:04:40.043+00:00,2026-09-21T08:04:40.043+00:00,False,1,0.0,,0.0,300011.206397,300011.206397,300011.206397,300011.206397,300011.206397,300011.206397,nan,300011.206397,nan,nan,0.0,48,64,,True,False,TTFT timeout: 300.0s exceeded (TTFT: 300.006s),0,59.56268577710819
256,2026-09-21T07:59:40.389+00:00,2026-09-21T08:04:40.461+00:00,2026-09-21T08:04:40.461+00:00,False,1,0.0,,0.0,300072.1845,300072.1845,300072.1845,300072.1845,300072.1845,300072.1845,nan,300072.1845,nan,nan,0.0,48,64,,True,False,TTFT timeout: 300.0s exceeded (TTFT: 300.057s),0,59.56268577710819
257,2026-09-21T07:59:40.881+00:00,2026-09-21T08:04:40.991+00:00,2026-09-21T08:04:40.991+00:00,False,1,0.0,,0.0,300109.653294,300109.653294,300109.653294,300109.653294,300109.653294,300109.653294,nan,300109.653294,nan,nan,0.0,48,64,,True,False,"HTTPConnectionPool(host='gpu06', port=9004): Read timed out.",0,59.56268577710819
258,2026-09-21T07:59:41.287+00:00,2026-09-21T08:04:41.379+00:00,2026-09-21T08:04:41.379+00:00,False,1,0.0,,0.0,300091.282445,300091.282445,300091.282445,300091.282445,300091.282445,300091.282445,nan,300091.282445,nan,nan,0.0,48,64,,True,False,"HTTPConnectionPool(host='gpu06', port=9004): Read timed out.",0,59.56268577710819
259,2026-09-21T07:59:41.770+00:00,2026-09-21T08:04:41.885+00:00,2026-09-21T08:04:41.885+00:00,False,1,0.0,,0.0,300115.433111,300115.433111,300115.433111,300115.433111,300115.433111,300115.433111,nan,300115.433111,nan,nan,0.0,48,64,,True,False,"HTTPConnectionPool(host='gpu06', port=9004): Read timed out.",0,59.56268577710819
260,2026-09-21T07:59:42.049+00:00,2026-09-21T08:04:42.102+00:00,2026-09-21T08:04:42.102+00:00,False,1,0.0,,0.0,300053.23011400003,300053.23011400003,300053.23011400003,300053.23011400003,300053.23011400003,300053.23011400003,nan,300053.23011400003,nan,nan,0.0,48,64,,True,False,"HTTPConnectionPool(host='gpu06', port=9004): Read timed out.",0,59.56268577710819
261,2026-09-21T07:59:42.465+00:00,2026-09-21T08:04:42.457+00:00,2026-09-21T08:04:42.600+00:00,False,3,2.0,,2.0,299992.077625,300134.67730499996,300134.677387,100044.89246233333,0.03638,299992.077625,173159.3564302601,270007.1262007,71.29984,100.7817912316123,0.006663675180617597,48,64,,True,False,Request timeout: 300.0s exceeded,5,59.56268577710819
262,2026-09-21T07:59:42.875+00:00,2026-09-21T08:04:42.980+00:00,2026-09-21T08:04:42.980+00:00,False,1,0.0,,0.0,300105.371527,300105.371527,300105.371527,300105.371527,300105.371527,300105.371527,nan,300105.371527,nan,nan,0.0,48,64,,True,False,"HTTPConnectionPool(host='gpu06', port=9004): Read timed out.",0,59.56268577710819
263,2026-09-21T07:59:43.292+00:00,2026-09-21T08:04:43.393+00:00,2026-09-21T08:04:43.393+00:00,False,1,0.0,,0.0,300101.87301499996,300101.87301499996,300101.87301499996,300101.87301499996,300101.87301499996,300101.87301499996,nan,300101.87301499996,nan,nan,0.0,48,64,,True,False,"HTTPConnectionPool(host='gpu06', port=9004): Read timed out.",0,59.56268577710819
264,2026-09-21T07:59:43.658+00:00,2026-09-21T08:04:43.763+00:00,2026-09-21T08:04:43.763+00:00,False,1,0.0,,0.0,300104.424421,300104.424421,300104.424421,300104.424421,300104.424421,300104.424421,nan,300104.424421,nan,nan,0.0,48,64,,True,False,"HTTPConnectionPool(host='gpu06', port=9004): Read timed out.",0,59.56268577710819
265,2026-09-21T07:59:44.110+00:00,2026-09-21T08:04:44.231+00:00,2026-09-21T08:04:44.231+00:00,False,1,0.0,,0.0,300121.478202,300121.478202,300121.478202,300121.478202,300121.478202,300121.478202,nan,300121.478202,nan,nan,0.0,48,64,,True,False,"HTTPConnectionPool(host='gpu06', port=9004): Read timed out.",0,59.56268577710819
266,2026-09-21T07:59:44.577+00:00,2026-09-21T08:04:44.636+00:00,2026-09-21T08:04:44.636+00:00,False,1,0.0,,0.0,300059.307746,300059.307746,300059.307746,300059.307746,300059.307746,300059.307746,nan,300059.307746,nan,nan,0.0,48,64,,True,False,TTFT timeout: 300.0s exceeded (TTFT: 300.052s),0,59.56268577710819
267,2026-09-21T07:59:44.863+00:00,2026-09-21T08:04:44.748+00:00,2026-09-21T08:04:44.921+00:00,False,3,2.0,,2.0,299885.76548400003,300058.65636400005,300058.656284,100019.55209466668,0.02512,299885.76548400003,173089.23972739524,269914.4755036,86.44544,122.21683386345683,0.006665363446718256,48,64,,True,False,Request timeout: 300.0s exceeded,22,59.56268577710819
268,2026-09-21T07:59:45.207+00:00,2026-09-21T08:04:45.310+00:00,2026-09-21T08:04:45.310+00:00,False,1,0.0,,0.0,300103.24891,300103.24891,300103.24891,300103.24891,300103.24891,300103.24891,nan,300103.24891,nan,nan,0.0,48,64,,True,False,"HTTPConnectionPool(host='gpu06', port=9004): Read timed out.",0,59.56268577710819
269,2026-09-21T07:59:45.637+00:00,2026-09-21T08:04:46.203+00:00,2026-09-21T08:04:46.348+00:00,True,3,3.0,,3.0,300565.756727,300710.742583,300710.742559,100236.91418633334,66.712736,300565.756727,173489.86684723952,270517.0083639,72.492928,8.174290155018477,0.009976364576240444,48,64,,True,True,,9,59.56268577710819
273,2026-09-21T07:59:47.112+00:00,2026-09-21T08:04:47.295+00:00,2026-09-21T08:04:47.295+00:00,False,1,0.0,,0.0,300183.28890100005,300183.28890100005,300183.28890100005,300183.28890100005,300183.28890100005,300183.28890100005,nan,300183.28890100005,nan,nan,0.0,48,64,,True,False,"HTTPConnectionPool(host='gpu06', port=9004): Read timed out.",0,59.56268577710819
274,2026-09-21T07:59:47.428+00:00,2026-09-21T08:04:47.453+00:00,2026-09-21T08:04:47.453+00:00,False,1,0.0,,0.0,300025.536593,300025.536593,300025.536593,300025.536593,300025.536593,300025.536593,nan,300025.536593,nan,nan,0.0,48,64,,True,False,"HTTPConnectionPool(host='gpu06', port=9004): Read timed out.",0,59.56268577710819
271,2026-09-21T07:59:46.429+00:00,2026-09-21T08:04:47.507+00:00,2026-09-21T08:04:47.507+00:00,False,1,0.0,,0.0,301078.552968,301078.552968,301078.552968,301078.552968,301078.552968,301078.552968,nan,301078.552968,nan,nan,0.0,48,64,,True,False,"HTTPConnectionPool(host='gpu06', port=9004): Read timed out.",0,59.56268577710819
275,2026-09-21T07:59:47.748+00:00,2026-09-21T08:04:47.807+00:00,2026-09-21T08:04:47.807+00:00,False,1,0.0,,0.0,300058.842343,300058.842343,300058.842343,300058.842343,300058.842343,300058.842343,nan,300058.842343,nan,nan,0.0,48,64,,True,False,"HTTPConnectionPool(host='gpu06', port=9004): Read timed out.",0,59.56268577710819
272,2026-09-21T07:59:46.821+00:00,2026-09-21T08:04:47.865+00:00,2026-09-21T08:04:47.865+00:00,False,1,0.0,,0.0,301043.16395200003,301043.16395200003,301043.16395200003,301043.16395200003,301043.16395200003,301043.16395200003,nan,301043.16395200003,nan,nan,0.0,48,64,,True,False,"HTTPConnectionPool(host='gpu06', port=9004): Read timed out.",0,59.56268577710819
276,2026-09-21T07:59:48.160+00:00,2026-09-21T08:04:48.268+00:00,2026-09-21T08:04:48.268+00:00,False,1,0.0,,0.0,300107.39753899997,300107.39753899997,300107.39753899997,300107.39753899997,300107.39753899997,300107.39753899997,nan,300107.39753899997,nan,nan,0.0,48,64,,True,False,"HTTPConnectionPool(host='gpu06', port=9004): Read timed out.",0,59.56268577710819
277,2026-09-21T07:59:48.585+00:00,2026-09-21T08:04:48.689+00:00,2026-09-21T08:04:48.689+00:00,False,1,0.0,,0.0,300103.937656,300103.937656,300103.937656,300103.937656,300103.937656,300103.937656,nan,300103.937656,nan,nan,0.0,48,64,,True,False,"HTTPConnectionPool(host='gpu06', port=9004): Read timed out.",0,59.56268577710819
278,2026-09-21T07:59:48.983+00:00,2026-09-21T08:04:49.024+00:00,2026-09-21T08:04:49.024+00:00,False,1,0.0,,0.0,300041.906481,300041.906481,300041.906481,300041.906481,300041.906481,300041.906481,nan,300041.906481,nan,nan,0.0,48,64,,True,False,TTFT timeout: 300.0s exceeded (TTFT: 300.037s),0,59.56268577710819
270,2026-09-21T07:59:45.934+00:00,2026-09-21T08:04:49.025+00:00,2026-09-21T08:04:49.025+00:00,False,1,0.0,,0.0,303090.852189,303090.852189,303090.852189,303090.852189,303090.852189,303090.852189,nan,303090.852189,nan,nan,0.0,48,64,,True,False,TTFT timeout: 300.0s exceeded (TTFT: 300.018s),0,59.56268577710819
279,2026-09-21T07:59:49.277+00:00,2026-09-21T08:04:49.283+00:00,2026-09-21T08:04:49.283+00:00,False,1,0.0,,0.0,300005.65042900003,300005.65042900003,300005.65042900003,300005.65042900003,300005.65042900003,300005.65042900003,nan,300005.65042900003,nan,nan,0.0,48,64,,True,False,TTFT timeout: 300.0s exceeded (TTFT: 300.004s),0,59.56268577710819
280,2026-09-21T07:59:49.691+00:00,2026-09-21T08:04:49.795+00:00,2026-09-21T08:04:49.795+00:00,False,1,0.0,,0.0,300104.202231,300104.202231,300104.202231,300104.202231,300104.202231,300104.202231,nan,300104.202231,nan,nan,0.0,48,64,,True,False,"HTTPConnectionPool(host='gpu06', port=9004): Read timed out.",0,59.56268577710819
281,2026-09-21T07:59:50.016+00:00,2026-09-21T08:04:50.068+00:00,2026-09-21T08:04:50.068+00:00,False,1,0.0,,0.0,300052.564066,300052.564066,300052.564066,300052.564066,300052.564066,300052.564066,nan,300052.564066,nan,nan,0.0,48,64,,True,False,"HTTPConnectionPool(host='gpu06', port=9004): Read timed out.",0,59.56268577710819
282,2026-09-21T07:59:50.319+00:00,2026-09-21T08:04:50.426+00:00,2026-09-21T08:04:50.426+00:00,False,1,0.0,,0.0,300107.493157,300107.493157,300107.493157,300107.493157,300107.493157,300107.493157,nan,300107.493157,nan,nan,0.0,48,64,,True,False,"HTTPConnectionPool(host='gpu06', port=9004): Read timed out.",0,59.56268577710819
283,2026-09-21T07:59:50.649+00:00,2026-09-21T08:04:50.751+00:00,2026-09-21T08:04:50.751+00:00,False,1,0.0,,0.0,300101.855398,300101.855398,300101.855398,300101.855398,300101.855398,300101.855398,nan,300101.855398,nan,nan,0.0,48,64,,True,False,"HTTPConnectionPool(host='gpu06', port=9004): Read timed out.",0,59.56268577710819
284,2026-09-21T07:59:51.137+00:00,2026-09-21T08:04:51.242+00:00,2026-09-21T08:04:51.242+00:00,False,1,0.0,,0.0,300104.911625,300104.911625,300104.911625,300104.911625,300104.911625,300104.911625,nan,300104.911625,nan,nan,0.0,48,64,,True,False,"HTTPConnectionPool(host='gpu06', port=9004): Read timed out.",0,59.56268577710819
285,2026-09-21T07:59:51.499+00:00,2026-09-21T08:04:51.463+00:00,2026-09-21T08:04:51.567+00:00,False,3,2.0,,2.0,299963.70462000003,300067.74020400003,300067.74037300004,100022.58012433334,0.031239999999999997,299963.70462000003,173154.10087853577,269977.73460930004,52.017792,73.52009821312265,0.00666516166862958,48,64,,True,False,Request timeout: 300.0s exceeded,12,59.56268577710819
286,2026-09-21T07:59:51.800+00:00,2026-09-21T08:04:51.907+00:00,2026-09-21T08:04:51.907+00:00,False,1,0.0,,0.0,300106.716017,300106.716017,300106.716017,300106.716017,300106.716017,300106.716017,nan,300106.716017,nan,nan,0.0,48,64,,True,False,"HTTPConnectionPool(host='gpu06', port=9004): Read timed out.",0,59.56268577710819
287,2026-09-21T07:59:52.194+00:00,2026-09-21T08:04:52.298+00:00,2026-09-21T08:04:52.298+00:00,False,1,0.0,,0.0,300104.441468,300104.441468,300104.441468,300104.441468,300104.441468,300104.441468,nan,300104.441468,nan,nan,0.0,48,64,,True,False,"HTTPConnectionPool(host='gpu06', port=9004): Read timed out.",0,59.56268577710819
288,2026-09-21T07:59:52.656+00:00,2026-09-21T08:04:52.721+00:00,2026-09-21T08:04:52.721+00:00,False,1,0.0,,0.0,300065.169452,300065.169452,300065.169452,300065.169452,300065.169452,300065.169452,nan,300065.169452,nan,nan,0.0,48,64,,True,False,TTFT timeout: 300.0s exceeded (TTFT: 300.043s),0,59.56268577710819
289,2026-09-21T07:59:54.198+00:00,2026-09-21T08:04:53.198+00:00,2026-09-21T08:04:53.686+00:00,True,9,9.0,,9.0,298999.281827,299487.69833900005,299487.698267,33276.41091855556,46.411687,298999.281827,99646.0776065737,179437.16190580002,61.052064,15.211417087539552,0.030051317800080725,48,64,,True,True,,31,59.56268577710819
292,2026-09-21T07:59:54.457+00:00,2026-09-21T08:04:53.871+00:00,2026-09-21T08:04:54.688+00:00,False,16,15.0,,15.0,299413.925813,300230.950069,300230.950153,18764.4343845625,0.02871,299413.925813,74839.86638902602,74909.65231025,54.46828373333334,17.945569249314868,0.04996153793122479,48,64,,True,False,Request timeout: 300.0s exceeded,15,59.56268577710819
291,2026-09-21T07:59:54.452+00:00,2026-09-21T08:04:54.153+00:00,2026-09-21T08:04:54.689+00:00,False,11,10.0,,10.0,299700.83891600004,300237.56826000003,300237.56816400005,27294.324378545458,0.038590000000000006,299700.83891600004,90347.02204166044,149886.93927550002,53.672934399999995,20.653936248036075,0.03330695774667409,48,64,,True,False,Request timeout: 300.0s exceeded,60,59.56268577710819
290,2026-09-21T07:59:54.436+00:00,2026-09-21T08:04:55.184+00:00,2026-09-21T08:04:55.184+00:00,False,1,0.0,,0.0,300747.542144,300747.542144,300747.542144,300747.542144,300747.542144,300747.542144,nan,300747.542144,nan,nan,0.0,48,64,,True,False,"HTTPConnectionPool(host='gpu06', port=9004): Read timed out.",0,59.56268577710819
295,2026-09-21T07:59:55.203+00:00,2026-09-21T08:04:55.330+00:00,2026-09-21T08:04:55.330+00:00,False,1,0.0,,0.0,300126.57903799997,300126.57903799997,300126.57903799997,300126.57903799997,300126.57903799997,300126.57903799997,nan,300126.57903799997,nan,nan,0.0,48,64,,True,False,"HTTPConnectionPool(host='gpu06', port=9004): Read timed out.",0,59.56268577710819
294,2026-09-21T07:59:55.102+00:00,2026-09-21T08:04:55.407+00:00,2026-09-21T08:04:55.407+00:00,False,1,0.0,,0.0,300305.184972,300305.184972,300305.184972,300305.184972,300305.184972,300305.184972,nan,300305.184972,nan,nan,0.0,48,64,,True,False,"HTTPConnectionPool(host='gpu06', port=9004): Read timed out.",0,59.56268577710819
293,2026-09-21T07:59:54.912+00:00,2026-09-21T08:04:55.524+00:00,2026-09-21T08:04:55.524+00:00,False,1,0.0,,0.0,300612.32243199996,300612.32243199996,300612.32243199996,300612.32243199996,300612.32243199996,300612.32243199996,nan,300612.32243199996,nan,nan,0.0,48,64,,True,False,"HTTPConnectionPool(host='gpu06', port=9004): Read timed out.",0,59.56268577710819
296,2026-09-21T07:59:55.544+00:00,2026-09-21T08:04:55.712+00:00,2026-09-21T08:04:55.712+00:00,False,1,0.0,,0.0,300168.230355,300168.230355,300168.230355,300168.230355,300168.230355,300168.230355,nan,300168.230355,nan,nan,0.0,48,64,,True,False,"HTTPConnectionPool(host='gpu06', port=9004): Read timed out.",0,59.56268577710819
297,2026-09-21T07:59:55.828+00:00,2026-09-21T08:04:55.939+00:00,2026-09-21T08:04:55.939+00:00,False,1,0.0,,0.0,300111.08780599997,300111.08780599997,300111.08780599997,300111.08780599997,300111.08780599997,300111.08780599997,nan,300111.08780599997,nan,nan,0.0,48,64,,True,False,"HTTPConnectionPool(host='gpu06', port=9004): Read timed out.",0,59.56268577710819
298,2026-09-21T07:59:56.114+00:00,2026-09-21T08:04:56.194+00:00,2026-09-21T08:04:56.194+00:00,False,1,0.0,,0.0,300079.904295,300079.904295,300079.904295,300079.904295,300079.904295,300079.904295,nan,300079.904295,nan,nan,0.0,48,64,,True,False,"HTTPConnectionPool(host='gpu06', port=9004): Read timed out.",0,59.56268577710819
299,2026-09-21T07:59:56.484+00:00,2026-09-21T08:04:56.590+00:00,2026-09-21T08:04:56.590+00:00,False,1,0.0,,0.0,300105.815328,300105.815328,300105.815328,300105.815328,300105.815328,300105.815328,nan,300105.815328,nan,nan,0.0,48,64,,True,False,"HTTPConnectionPool(host='gpu06', port=9004): Read timed out.",0,59.56268577710819
300,2026-09-21T07:59:56.867+00:00,2026-09-21T08:04:56.918+00:00,2026-09-21T08:04:56.918+00:00,False,1,0.0,,0.0,300051.26568400004,300051.26568400004,300051.26568400004,300051.26568400004,300051.26568400004,300051.26568400004,nan,300051.26568400004,nan,nan,0.0,48,64,,True,False,TTFT timeout: 300.0s exceeded (TTFT: 300.039s),0,59.56268577710819
301,2026-09-21T07:59:57.348+00:00,2026-09-21T08:04:57.357+00:00,2026-09-21T08:04:57.357+00:00,False,1,0.0,,0.0,300009.061726,300009.061726,300009.061726,300009.061726,300009.061726,300009.061726,nan,300009.061726,nan,nan,0.0,48,64,,True,False,TTFT timeout: 300.0s exceeded (TTFT: 300.007s),0,59.56268577710819
302,2026-09-21T07:59:57.812+00:00,2026-09-21T08:04:57.894+00:00,2026-09-21T08:04:57.894+00:00,False,1,0.0,,0.0,300082.37724199996,300082.37724199996,300082.37724199996,300082.37724199996,300082.37724199996,300082.37724199996,nan,300082.37724199996,nan,nan,0.0,48,64,,True,False,"HTTPConnectionPool(host='gpu06', port=9004): Read timed out.",0,59.56268577710819
303,2026-09-21T07:59:58.234+00:00,2026-09-21T08:04:58.325+00:00,2026-09-21T08:04:58.325+00:00,False,1,0.0,,0.0,300091.000678,300091.000678,300091.000678,300091.000678,300091.000678,300091.000678,nan,300091.000678,nan,nan,0.0,48,64,,True,False,"HTTPConnectionPool(host='gpu06', port=9004): Read timed out.",0,59.56268577710819
304,2026-09-21T07:59:58.733+00:00,2026-09-21T08:04:58.836+00:00,2026-09-21T08:04:58.836+00:00,False,1,0.0,,0.0,300103.19468300004,300103.19468300004,300103.19468300004,300103.19468300004,300103.19468300004,300103.19468300004,nan,300103.19468300004,nan,nan,0.0,48,64,,True,False,"HTTPConnectionPool(host='gpu06', port=9004): Read timed out.",0,59.56268577710819
305,2026-09-21T07:59:59.182+00:00,2026-09-21T08:04:59.213+00:00,2026-09-21T08:04:59.213+00:00,False,1,0.0,,0.0,300031.263951,300031.263951,300031.263951,300031.263951,300031.263951,300031.263951,nan,300031.263951,nan,nan,0.0,48,64,,True,False,TTFT timeout: 300.0s exceeded (TTFT: 300.025s),0,59.56268577710819
306,2026-09-21T07:59:59.537+00:00,2026-09-21T08:04:59.647+00:00,2026-09-21T08:04:59.647+00:00,False,1,0.0,,0.0,300110.262632,300110.262632,300110.262632,300110.262632,300110.262632,300110.262632,nan,300110.262632,nan,nan,0.0,48,64,,True,False,"HTTPConnectionPool(host='gpu06', port=9004): Read timed out.",0,59.56268577710819
307,2026-09-21T07:59:59.991+00:00,2026-09-21T08:05:00.097+00:00,2026-09-21T08:05:00.097+00:00,False,1,0.0,,0.0,300105.726115,300105.726115,300105.726115,300105.726115,300105.726115,300105.726115,nan,300105.726115,nan,nan,0.0,48,64,,True,False,"HTTPConnectionPool(host='gpu06', port=9004): Read timed out.",0,59.56268577710819
308,2026-09-21T08:00:00.426+00:00,2026-09-21T08:05:00.534+00:00,2026-09-21T08:05:00.534+00:00,False,1,0.0,,0.0,300108.17429,300108.17429,300108.17429,300108.17429,300108.17429,300108.17429,nan,300108.17429,nan,nan,0.0,48,64,,True,False,"HTTPConnectionPool(host='gpu06', port=9004): Read timed out.",0,59.56268577710819
309,2026-09-21T08:00:00.777+00:00,2026-09-21T08:05:00.882+00:00,2026-09-21T08:05:00.882+00:00,False,1,0.0,,0.0,300105.453388,300105.453388,300105.453388,300105.453388,300105.453388,300105.453388,nan,300105.453388,nan,nan,0.0,48,64,,True,False,"HTTPConnectionPool(host='gpu06', port=9004): Read timed out.",0,59.56268577710819
310,2026-09-21T08:00:01.085+00:00,2026-09-21T08:05:01.167+00:00,2026-09-21T08:05:02.967+00:00,False,29,28.0,,28.0,300081.77391399996,301882.12898599997,301882.12904399994,10409.728587724137,0.02966,300081.77391399996,55711.857817864926,178.0616028,64.29839542857142,36.04321284911996,0.09275143279945043,48,64,,True,False,Request timeout: 300.0s exceeded,28,59.56268577710819
311,2026-09-21T08:00:01.508+00:00,2026-09-21T08:05:01.491+00:00,2026-09-21T08:05:03.024+00:00,False,28,27.0,,27.0,299982.850727,301516.40515899996,301516.405333,10768.443047607143,0.038729999999999994,299982.850727,56680.698788194255,100.32004455,56.798312296296295,17.555768161661174,0.08954736637219449,48,64,,True,False,Request timeout: 300.0s exceeded,57,59.56268577710819
312,2026-09-21T08:00:01.992+00:00,2026-09-21T08:05:03.121+00:00,2026-09-21T08:05:03.121+00:00,False,1,0.0,,0.0,301129.064714,301129.064714,301129.064714,301129.064714,301129.064714,301129.064714,nan,301129.064714,nan,nan,0.0,48,64,,True,False,TTFT timeout: 300.0s exceeded (TTFT: 300.053s),0,59.56268577710819
0,2026-09-21T07:58:02.303+00:00,2026-09-21T07:58:02.578+00:00,2026-09-21T07:58:05.582+00:00,True,55,55.0,,55.0,274.500699,3278.495323,3278.495241,59.60900438181818,0.01525,274.500699,46.11040160293202,110.4924278,55.629530074074076,35.76115469373316,16.775988550037653,49,64,,False,True,,168,59.56268577710819
1,2026-09-21T07:58:02.579+00:00,2026-09-21T07:58:02.695+00:00,2026-09-21T07:58:06.769+00:00,True,70,70.0,,70.0,115.912198,4190.301702000001,4190.301717,59.8614531,0.01738,243.065896,34.50896980742135,94.54286454999999,59.049123246376816,34.080946829733215,16.70524104901313,49,64,,False,True,,280,59.56268577710819
2,2026-09-21T07:58:02.880+00:00,2026-09-21T07:58:03.490+00:00,2026-09-21T07:58:06.548+00:00,True,50,50.0,,50.0,609.374441,3667.279849,3667.279967,73.34559934,40.691862,609.374441,78.28701989357614,81.77914000000001,62.40623281632653,12.18200152924242,13.634083587494445,49,64,,False,True,,350,59.56268577710819
4,2026-09-21T07:58:03.678+00:00,2026-09-21T07:58:08.247+00:00,2026-09-21T07:58:08.613+00:00,True,7,7.0,,7.0,4568.823926,4934.538102,4934.538014,704.934002,46.638134,4568.823926,1703.8379611625662,3219.7200356000003,60.952362666666666,9.625210932619204,1.4185724895229515,49,64,,False,True,,37,59.56268577710819
3,2026-09-21T07:58:03.269+00:00,2026-09-21T07:58:09.169+00:00,2026-09-21T07:58:15.282+00:00,True,97,97.0,,97.0,5900.342610000001,12013.37685,12013.376785,123.84924520618557,0.0201,5900.342610000001,593.8308392531094,79.52634,63.67744,38.045492870123496,8.074332572027823,49,64,,False,True,,252,59.56268577710819
5,2026-09-21T07:58:04.055+00:00,2026-09-21T07:58:10.056+00:00,2026-09-21T07:58:11.017+00:00,True,16,16.0,,16.0,6001.180449,6961.376289000001,6961.376309,435.0860193125,40.073045,6001.180449,1484.3464211487612,1564.25916075,64.013056,13.174998632259381,2.2983960837287816,49,64,,False,True,,48,59.56268577710819
6,2026-09-21T07:58:04.456+00:00,2026-09-21T07:58:12.075+00:00,2026-09-21T07:58:18.292+00:00,True,100,100.0,,100.0,7618.222712000001,13835.710072000002,13835.710057,138.35710057,0.015710000000000002,7618.222712000001,756.4757404342703,80.00928599999999,62.80290262626263,37.76596011775635,7.227673858414745,49,64,,False,True,,200,59.56268577710819
7,2026-09-21T07:58:04.741+00:00,2026-09-21T07:58:13.541+00:00,2026-09-21T07:58:18.029+00:00,True,74,74.0,,74.0,8799.976134,13288.719302000001,13288.71919,179.57728635135135,38.181824,8799.976134,1015.8771899917258,77.10518285,61.48963243835616,10.022852905147063,5.568632937326227,49,64,,False,True,,442,59.56268577710819
8,2026-09-21T07:58:04.990+00:00,2026-09-21T07:58:15.084+00:00,2026-09-21T07:58:15.333+00:00,True,5,5.0,,5.0,10093.115288,10342.177176000001,10342.177314,2068.4354628,53.724405,10093.115288,4485.942126041056,8089.795546,62.265472,10.788135905576274,0.48345719812294186,49,64,,False,True,,14,59.56268577710819
9,2026-09-21T07:58:05.292+00:00,2026-09-21T07:58:17.175+00:00,2026-09-21T07:58:21.562+00:00,True,70,70.0,,70.0,11883.646524,16270.725948,16270.7261,232.43894428571429,30.522543000000002,11883.646524,1412.8141917232867,80.63788855000001,63.5808612173913,11.500158572319872,4.302205090523598,49,64,,False,True,,348,59.56268577710819
10,2026-09-21T07:58:05.674+00:00,2026-09-21T07:58:19.326+00:00,2026-09-21T07:58:21.443+00:00,True,34,34.0,,34.0,13652.302193,15769.221744999999,15769.221593,463.80063508823525,35.965474,13652.302193,2330.3878697513474,95.28967120000002,64.14907733333334,13.662200999948238,2.156098794842586,49,64,,False,True,,102,59.56268577710819
11,2026-09-21T07:58:06.039+00:00,2026-09-21T07:58:21.176+00:00,2026-09-21T07:58:22.458+00:00,True,21,21.0,,21.0,15136.778779999999,16419.105308,16419.105392999998,781.8621615714285,50.667566,15136.778779999999,3289.1370068126553,81.646478,64.1163264,9.268829316273914,1.278997826377788,49,64,,False,True,,63,59.56268577710819
12,2026-09-21T07:58:06.359+00:00,2026-09-21T07:58:22.605+00:00,2026-09-21T07:58:25.921+00:00,True,53,53.0,,53.0,16245.991216,19562.52216,19562.522201,369.1041924716981,0.0,16245.991216,2224.2199288274865,218.44457060000002,63.77944123076923,80.30273783996327,2.7092621067221323,49,64,,False,True,,106,59.56268577710819
13,2026-09-21T07:58:06.647+00:00,2026-09-21T07:58:24.175+00:00,2026-09-21T07:58:30.262+00:00,True,99,99.0,,99.0,17527.976489999997,23615.234089999998,23615.233911999996,238.53771628282826,0.0,17527.976489999997,1755.8756907838372,77.857432,62.11487346938775,41.71580575847004,4.192209131728323,49,64,,False,True,,985,59.56268577710819
14,2026-09-21T07:58:06.903+00:00,2026-09-21T07:58:25.633+00:00,2026-09-21T07:58:29.671+00:00,True,67,67.0,,67.0,18729.790885000002,22767.466661000002,22767.466544000003,339.81293349253735,0.0,18729.790885000002,2281.2716621265754,77.97195070000001,61.1769056969697,49.89630558858484,2.942795568677345,49,64,,False,True,,871,59.56268577710819
15,2026-09-21T07:58:07.323+00:00,2026-09-21T07:58:27.863+00:00,2026-09-21T07:58:31.394+00:00,True,56,56.0,,56.0,20539.287772,24070.952156,24070.952269,429.838433375,0.0,20539.287772,2736.690425256374,80.89985075,64.21207970909092,57.50996615839094,2.32645554014951,49,64,,False,True,,239,59.56268577710819
16,2026-09-21T07:58:07.691+00:00,2026-09-21T07:58:29.881+00:00,2026-09-21T07:58:32.288+00:00,True,38,38.0,,38.0,22189.535654,24597.129638,24597.129634,647.2928851052632,0.0,22189.535654,3589.7005896166893,133.81487620000001,65.07010767567567,68.62823667966505,1.5448957077208703,49,64,,False,True,,152,59.56268577710819
17,2026-09-21T07:58:08.123+00:00,2026-09-21T07:58:32.167+00:00,2026-09-21T07:58:32.578+00:00,True,8,8.0,,8.0,24043.923326,24455.870334,24455.870289,3056.983786125,51.812216,24043.923326,8480.006082190763,15651.982275500002,58.849572571428574,6.180898536556608,0.32711982402351575,49,64,,False,True,,72,59.56268577710819
18,2026-09-21T07:58:08.546+00:00,2026-09-21T07:58:34.129+00:00,2026-09-21T07:58:40.545+00:00,True,99,99.0,,99.0,25583.221737,31999.277288999998,31999.277233,323.22502255555554,0.0,25583.221737,2565.9109640459146,76.447227,65.46995461224489,81.46740662072455,3.093819873051696,49,64,,False,True,,825,59.56268577710819
19,2026-09-21T07:58:08.866+00:00,2026-09-21T07:58:35.912+00:00,2026-09-21T07:58:36.825+00:00,True,15,15.0,,15.0,27046.666628,27959.27898,27959.278823,1863.9519215333332,47.394074999999994,27046.666628,6966.5963714994,8175.326091700001,65.18659657142858,11.079307012795214,0.536494521576536,49,64,,False,True,,30,59.56268577710819
20,2026-09-21T07:58:09.283+00:00,2026-09-21T07:58:37.726+00:00,2026-09-21T07:58:40.563+00:00,True,40,40.0,,40.0,28442.990903,31279.441719000002,31279.441928,781.9860482,0.0,28442.990903,4486.716141602242,106.51699945,72.7295081025641,95.18812653600132,1.2787952022718772,49,64,,False,True,,160,59.56268577710819
21,2026-09-21T07:58:09.551+00:00,2026-09-21T07:58:39.241+00:00,2026-09-21T07:58:43.961+00:00,True,75,75.0,,75.0,29690.319703,34410.074967,34410.074923,458.8009989733333,0.0,29690.319703,3422.478073033216,93.73056319999999,63.78047654054054,102.00861274389456,2.1795942052415347,49,64,,False,True,,450,59.56268577710819
22,2026-09-21T07:58:09.786+00:00,2026-09-21T07:58:40.731+00:00,2026-09-21T07:58:43.607+00:00,True,43,43.0,,43.0,30944.612912999997,33821.057840999994,33821.057792,786.5362277209301,0.01557,30944.612912999997,4710.212096827312,80.85763790000001,68.486784,126.06001076172777,1.2713972520360592,49,64,,False,True,,258,59.56268577710819
23,2026-09-21T07:58:10.210+00:00,2026-09-21T07:58:43.562+00:00,2026-09-21T07:58:47.648+00:00,True,76,76.0,,76.0,33351.983743000004,37437.63110300001,37437.631227000005,492.600410881579,0.0,33351.983743000004,3820.384534551068,77.709118,54.47529813333333,83.40356616134558,2.0300429744314097,49,64,,False,True,,106,59.56268577710819
24,2026-09-21T07:58:10.469+00:00,2026-09-21T07:58:44.087+00:00,2026-09-21T07:58:47.057+00:00,True,48,48.0,,48.0,33617.722240999996,36588.054400999994,36588.054309,762.2511314374999,0.0,33617.722240999996,4844.248618190711,80.32330114999999,63.198556595744684,102.92630173049673,1.3119035921923223,49,64,,False,True,,471,59.56268577710819
25,2026-09-21T07:58:10.746+00:00,2026-09-21T07:58:45.582+00:00,2026-09-21T07:58:48.154+00:00,True,41,41.0,,41.0,34835.646447,37407.444719,37407.444584,912.3766971707316,0.0,34835.646447,5431.539181593718,82.653959,64.2949568,113.99266941111856,1.0960385107292632,49,64,,False,True,,123,59.56268577710819
26,2026-09-21T07:58:11.111+00:00,2026-09-21T07:58:47.501+00:00,2026-09-21T07:58:49.144+00:00,True,26,26.0,,26.0,36389.786538,38032.972458000004,38032.972369,1462.8066295769231,45.016324999999995,36389.786538,7123.739837076801,81.20939399999999,65.72743679999999,9.240125692042072,0.6836173540922137,49,64,,False,True,,52,59.56268577710819
27,2026-09-21T07:58:11.495+00:00,2026-09-21T07:58:49.074+00:00,2026-09-21T07:58:51.030+00:00,True,32,32.0,,32.0,37578.515151,39535.069135,39535.069135,1235.47091046875,42.873565,37578.515151,6631.8546238240415,81.45350295,63.11464464516129,9.143279628766276,0.8094079686753531,49,64,,False,True,,303,59.56268577710819
28,2026-09-21T07:58:11.735+00:00,2026-09-21T07:58:50.457+00:00,2026-09-21T07:58:55.572+00:00,True,82,82.0,,82.0,38721.876520000005,43836.98180000001,43836.98173100001,534.5973381829269,0.0,38721.876520000005,4271.021559348022,82.48173444999999,63.149447901234566,127.47719326823392,1.8705667368732941,49,64,,False,True,,169,59.56268577710819
29,2026-09-21T07:58:12.004+00:00,2026-09-21T07:58:51.906+00:00,2026-09-21T07:58:55.074+00:00,True,51,51.0,,51.0,39901.830872,43069.815256,43069.815271,844.5061817843136,0.0,39901.830872,5580.614444717743,103.8831305,63.35968768,155.10198345480094,1.184123955416671,49,64,,False,True,,254,59.56268577710819
30,2026-09-21T07:58:12.430+00:00,2026-09-21T07:58:54.019+00:00,2026-09-21T07:58:55.784+00:00,True,29,29.0,,29.0,41588.573447999996,43353.66400799999,43353.663950999995,1494.9539293448274,45.617525,41588.573447999996,7711.10361443554,78.441978,63.03894857142858,9.329479096879142,0.6689169338639674,49,64,,False,True,,143,59.56268577710819
31,2026-09-21T07:58:12.818+00:00,2026-09-21T07:58:56.264+00:00,2026-09-21T07:59:02.525+00:00,True,99,99.0,,99.0,43445.719431000005,49707.532935,49707.53280100001,502.096290919192,0.0,43445.719431000005,4360.934108712382,79.8659491,63.8960561632653,88.89142614587732,1.9916498396622748,49,64,,False,True,,592,59.56268577710819
32,2026-09-21T07:58:13.126+00:00,2026-09-21T07:58:56.828+00:00,2026-09-21T07:59:01.768+00:00,True,79,79.0,,79.0,43701.568937,48641.460136999995,48641.46028,615.7146870886075,0.0,43701.568937,4910.701366562165,82.05231110000001,63.33193846153846,100.53996549809584,1.6241288764254682,49,64,,False,True,,395,59.56268577710819
33,2026-09-21T07:58:13.359+00:00,2026-09-21T07:58:59.068+00:00,2026-09-21T07:59:05.577+00:00,True,93,93.0,,93.0,45708.767266,52217.791522,52217.791412000006,561.4816280860215,0.0,45708.767266,4734.069361240327,80.65120239999999,70.75026365217391,124.80225670139725,1.7810021697454967,49,64,,False,True,,93,59.56268577710819
34,2026-09-21T07:58:13.660+00:00,2026-09-21T07:59:01.284+00:00,2026-09-21T07:59:05.704+00:00,True,78,78.0,,78.0,47623.892994999995,52043.975938999996,52043.97592399999,667.2304605641025,0.0,47623.892994999995,5386.989251299961,82.11821065,57.40367459740259,111.7862706971222,1.498732535181837,49,64,,False,True,,702,59.56268577710819
35,2026-09-21T07:58:14.082+00:00,2026-09-21T07:59:02.842+00:00,2026-09-21T07:59:08.893+00:00,True,98,98.0,,98.0,48759.723813000004,54810.18090100001,54810.180761,559.2875587857143,0.01575,48759.723813000004,4920.021879923262,82.70389265,62.375846268041236,91.75759302739431,1.787988990166095,49,64,,False,True,,412,59.56268577710819
36,2026-09-21T07:58:14.500+00:00,2026-09-21T07:59:05.714+00:00,2026-09-21T07:59:10.340+00:00,True,86,86.0,,86.0,51214.265207000004,55840.282487000004,55840.282487000004,649.3056103139535,0.0,51214.265207000004,5517.8902101158865,77.20733050000001,54.42373270588236,114.9137716226591,1.5401068219886134,49,64,,False,True,,172,59.56268577710819
37,2026-09-21T07:58:14.822+00:00,2026-09-21T07:59:06.806+00:00,2026-09-21T07:59:08.523+00:00,True,28,28.0,,28.0,51984.715167999995,53701.480608,53701.48065599999,1917.9100234285713,41.278023999999995,51984.715167999995,9812.176672858463,77.42120200000001,63.58390518518519,10.259830085886417,0.5214008940347316,49,64,,False,True,,85,59.56268577710819
38,2026-09-21T07:58:15.170+00:00,2026-09-21T07:59:08.591+00:00,2026-09-21T07:59:14.501+00:00,True,93,93.0,,93.0,53421.517347,59331.258659,59331.258648,637.9705230967742,0.0,53421.517347,5533.922752991322,86.9995044,64.23631860869565,107.37394181344797,1.5674705391724024,49,64,,False,True,,372,59.56268577710819
39,2026-09-21T07:58:15.522+00:00,2026-09-21T07:59:10.475+00:00,2026-09-21T07:59:12.479+00:00,True,34,34.0,,34.0,54952.735066,56957.486938,56957.486943,1675.2202042058823,13.471292,54952.735066,9413.911406433986,91.93139775,60.75005672727273,16.274822077167954,0.596936449057348,49,64,,False,True,,136,59.56268577710819
40,2026-09-21T07:58:15.844+00:00,2026-09-21T07:59:12.426+00:00,2026-09-21T07:59:13.056+00:00,True,11,11.0,,11.0,56581.880265,57211.756489,57211.7566,5201.068781818181,50.215955,56581.880265,17041.08980643606,28330.328285999996,62.9876224,9.72040667928227,0.19226817484820535,49,64,,False,True,,75,59.56268577710819
41,2026-09-21T07:58:16.240+00:00,2026-09-21T07:59:14.570+00:00,2026-09-21T07:59:15.145+00:00,True,10,10.0,,10.0,58330.755713,58904.978049,58904.978172999996,5890.4978173,50.591584000000005,58330.755713,18425.63024778126,32117.722964299996,63.80248177777778,8.636592538021256,0.16976493891028221,49,64,,False,True,,15,59.56268577710819
42,2026-09-21T07:58:16.648+00:00,2026-09-21T07:59:16.598+00:00,2026-09-21T07:59:21.301+00:00,True,61,61.0,,61.0,59949.996238,64653.802958,64653.802812,1059.8984067540985,0.0,59949.996238,7668.899525230063,183.419486,78.39677866666668,220.8169246591113,0.9434866505784113,49,64,,False,True,,235,59.56268577710819
43,2026-09-21T07:58:17.007+00:00,2026-09-21T07:59:19.513+00:00,2026-09-21T07:59:21.593+00:00,True,50,50.0,,50.0,62506.431667000004,64585.862323,64585.86252,1291.7172504,0.0,62506.431667000004,8835.555803828396,215.09789605000003,42.437360326530616,180.8371257346906,0.774163233277668,49,64,,False,True,,250,59.56268577710819
44,2026-09-21T07:58:17.408+00:00,2026-09-21T07:59:21.304+00:00,2026-09-21T07:59:26.776+00:00,True,95,95.0,,95.0,63896.728063,69368.934143,69368.934034,730.1993056210526,0.0,63896.728063,6549.726808233738,79.091156,58.21495829787234,21.07967275398069,1.3694891117133652,49,64,,False,True,,380,59.56268577710819
45,2026-09-21T07:58:17.740+00:00,2026-09-21T07:59:22.330+00:00,2026-09-21T07:59:23.842+00:00,True,25,25.0,,25.0,64590.150459,66102.387259,66102.387212,2644.09548848,43.724693,64590.150459,12905.432009115862,81.913329,63.00986666666667,10.236038416565568,0.3782011669570404,49,64,,False,True,,75,59.56268577710819
46,2026-09-21T07:58:18.151+00:00,2026-09-21T07:59:24.769+00:00,2026-09-21T07:59:31.071+00:00,True,99,99.0,,99.0,66617.982271,72920.067647,72920.067505,736.5663384343435,42.942474000000004,66617.982271,6688.903650538869,78.40991800000002,64.30699363265306,10.14210895168182,1.357650962136387,49,64,,False,True,,429,59.56268577710819
47,2026-09-21T07:58:18.438+00:00,2026-09-21T07:59:26.326+00:00,2026-09-21T07:59:29.025+00:00,True,43,43.0,,43.0,67887.271017,70586.585193,70586.58528500001,1641.5484950000002,44.718333,67887.271017,10342.914394036194,77.22178699999999,64.26938514285715,8.746086340676989,0.6091809071430228,49,64,,False,True,,80,59.56268577710819
48,2026-09-21T07:58:18.841+00:00,2026-09-21T07:59:28.382+00:00,2026-09-21T07:59:29.592+00:00,True,20,20.0,,20.0,69540.749437,70751.35346900001,70751.353424,3537.5676712000004,43.431474,69540.749437,15535.540046970871,3550.2863450000004,63.716001684210525,10.055187484190398,0.28268010461118714,49,64,,False,True,,95,59.56268577710819
49,2026-09-21T07:58:19.244+00:00,2026-09-21T07:59:30.620+00:00,2026-09-21T07:59:32.838+00:00,True,34,34.0,,34.0,71376.81450200001,73594.26627800001,73594.26618700002,2164.5372407941177,0.0,71376.81450200001,12231.662085738746,523.42858455,67.19550836363636,233.60440480490257,0.4619925127260061,49,64,,False,True,,168,59.56268577710819
50,2026-09-21T07:58:19.559+00:00,2026-09-21T07:59:32.842+00:00,2026-09-21T07:59:33.495+00:00,True,23,23.0,,23.0,73282.333705,73935.509513,73935.509642,3214.5873757391305,0.0,73282.333705,15274.262685485204,71.214562,29.689809454545454,31.276696672997556,0.311081916544525,49,64,,False,True,,86,59.56268577710819
51,2026-09-21T07:58:19.967+00:00,2026-09-21T07:59:34.759+00:00,2026-09-21T07:59:36.308+00:00,True,31,31.0,,31.0,74791.833161,76340.892233,76340.892428,2462.6094331612903,0.02056,74791.833161,13423.887926588703,220.03202450000003,51.6353024,64.99871219323724,0.4060733257529256,49,64,,False,True,,245,59.56268577710819
52,2026-09-21T07:58:20.276+00:00,2026-09-21T07:59:36.019+00:00,2026-09-21T07:59:36.019+00:00,True,1,1.0,,1.0,75742.86245,75742.86245,75742.86245,75742.86245,75742.86245,75742.86245,nan,75742.86245,nan,nan,0.013202564144709055,49,64,,False,True,,2,59.56268577710819
53,2026-09-21T07:58:20.627+00:00,2026-09-21T07:59:37.849+00:00,2026-09-21T07:59:38.548+00:00,True,13,13.0,,13.0,77222.025634,77921.14115400001,77921.141006,5993.933923538462,37.227292999999996,77222.025634,21401.38005918685,30930.907679200005,58.25962666666666,9.62231509648024,0.16683533900392136,49,64,,False,True,,41,59.56268577710819
54,2026-09-21T07:58:20.951+00:00,2026-09-21T07:59:39.627+00:00,2026-09-21T07:59:41.501+00:00,True,31,31.0,,31.0,78676.65585699999,80550.002161,80550.00232199999,2598.3871716774192,47.376864000000005,78676.65585699999,14119.53260208778,77.8406715,62.444876799999996,10.106360889081422,0.3848541175459994,49,64,,False,True,,156,59.56268577710819
55,2026-09-21T07:58:21.250+00:00,2026-09-21T07:59:41.091+00:00,2026-09-21T07:59:42.734+00:00,True,26,26.0,,26.0,79841.567904,81483.671712,81483.671669,3133.987371884615,43.996334000000004,79841.567904,15645.340799226464,78.88106674999999,65.68415232,9.553736181874392,0.3190823321253332,49,64,,False,True,,81,59.56268577710819
56,2026-09-21T07:58:21.502+00:00,2026-09-21T07:59:42.383+00:00,2026-09-21T07:59:48.238+00:00,True,91,91.0,,91.0,80881.103222,86736.54155800001,86736.541557,953.1488083186814,0.0,80881.103222,8473.792434314812,78.151802,65.06042595555556,183.6966087368288,1.0491541208055781,49,64,,False,True,,182,59.56268577710819
57,2026-09-21T07:58:21.807+00:00,2026-09-21T07:59:43.755+00:00,2026-09-21T07:59:48.379+00:00,True,73,73.0,,73.0,81948.572891,86572.32329100001,86572.323298,1185.9222369589043,0.0,81948.572891,9585.9920787476,78.33433699999999,64.21875555555555,204.5982026642266,0.8432256086581082,49,64,,False,True,,146,59.56268577710819
58,2026-09-21T07:58:22.151+00:00,2026-09-21T07:59:46.966+00:00,2026-09-21T07:59:46.966+00:00,True,12,12.0,,12.0,84815.58926800001,84815.58926800001,84815.58926800001,7067.965772333334,0.0,84815.58926800001,24484.15164767827,38167.0151706,0.0,0.0,0.14148342425685967,49,64,,False,True,,84,59.56268577710819
59,2026-09-21T07:58:22.425+00:00,2026-09-21T07:59:47.159+00:00,2026-09-21T07:59:54.200+00:00,True,92,92.0,,92.0,84734.254977,91775.137409,91775.137606,997.5558435434783,0.01765,84734.254977,8827.317103487156,79.36541100000001,77.37233441758242,147.9890395949041,1.002450147146039,49,64,,False,True,,465,59.56268577710819
60,2026-09-21T07:58:22.852+00:00,2026-09-21T07:59:49.144+00:00,2026-09-21T07:59:50.840+00:00,True,28,28.0,,28.0,86291.313517,87987.81297300001,87987.813136,3142.421897714286,41.920423,86291.313517,16295.653290555827,76.60937965000001,62.83331318518518,8.731072250684011,0.31822588894887177,49,64,,False,True,,44,59.56268577710819
61,2026-09-21T07:58:23.260+00:00,2026-09-21T07:59:49.649+00:00,2026-09-21T07:59:54.545+00:00,True,75,75.0,,75.0,86388.61801899999,91284.76393899998,91284.76386999998,1217.130184933333,0.015359999999999999,86388.61801899999,9969.146657046393,99.0454145,66.16413405405405,173.4289129748069,0.8216047975992785,49,64,,False,True,,150,59.56268577710819
62,2026-09-21T07:58:23.623+00:00,2026-09-21T07:59:54.116+00:00,2026-09-21T07:59:56.465+00:00,True,57,57.0,,57.0,90492.353514,92841.982954,92841.98314,1628.806721754386,0.015,90492.353514,11980.653497525685,154.2929852,41.95766857142858,70.87472166562023,0.6139463870374412,49,64,,False,True,,118,59.56268577710819
63,2026-09-21T07:58:23.888+00:00,2026-09-21T07:59:54.348+00:00,2026-09-21T07:59:56.953+00:00,True,43,43.0,,43.0,90460.35140700001,93064.42359900002,93064.42356600001,2164.288920139535,0.01701,90460.35140700001,13785.725916488609,228.1296985,62.001718857142855,54.92945602611174,0.4620455200505001,49,64,,False,True,,134,59.56268577710819
64,2026-09-21T07:58:24.242+00:00,2026-09-21T07:59:56.527+00:00,2026-09-21T08:00:00.211+00:00,True,60,60.0,,60.0,92284.692712,95969.230312,95969.23046600001,1599.4871744333334,41.325974,92284.692712,11905.844781238839,79.651467,62.44978983050848,10.341609205888709,0.6252003877173703,49,64,,False,True,,771,59.56268577710819
65,2026-09-21T07:58:24.516+00:00,2026-09-21T07:59:57.677+00:00,2026-09-21T07:59:58.080+00:00,True,8,8.0,,8.0,93160.90597400001,93563.97643800001,93563.97635000001,11695.497043750001,46.165634,93160.90597400001,32916.997115089034,60579.565956549995,57.58149485714286,9.046477478790283,0.08550299276026585,49,64,,False,True,,12,59.56268577710819
66,2026-09-21T07:58:24.819+00:00,2026-09-21T07:59:59.473+00:00,2026-09-21T08:00:02.909+00:00,True,30,30.0,,30.0,94653.984271,98089.98094299999,98089.981093,3269.666036433333,0.0,94653.984271,17263.10443662113,1091.8830970499998,118.48264386206897,346.72470466345845,0.30584163348378035,49,64,,False,True,,75,59.56268577710819
67,2026-09-21T07:58:25.121+00:00,2026-09-21T08:00:02.889+00:00,2026-09-21T08:00:04.752+00:00,True,58,58.0,,58.0,97768.44493099999,99631.08582699999,99631.08596499999,1717.7773442241378,0.0,97768.44493099999,12833.374816773,76.52963015000002,32.67791045614035,32.28072050154475,0.5821476250967649,49,64,,False,True,,290,59.56268577710819
68,2026-09-21T07:58:25.552+00:00,2026-09-21T08:00:03.115+00:00,2026-09-21T08:00:03.928+00:00,True,14,14.0,,14.0,97563.509135,98375.839375,98375.839387,7026.8456705,48.030764000000005,97563.509135,26058.246316380675,34199.03881129999,62.48694153846154,10.72544100014087,0.14231136515779283,49,64,,False,True,,78,59.56268577710819
69,2026-09-21T07:58:25.861+00:00,2026-09-21T08:00:04.562+00:00,2026-09-21T08:00:06.735+00:00,True,34,34.0,,34.0,98701.193471,100873.52499100001,100873.525072,2966.8683844705884,51.815205,98701.193471,16915.827620322314,80.95824750000001,65.82822787878787,8.429311823882212,0.3370557339305184,49,64,,False,True,,170,59.56268577710819
70,2026-09-21T07:58:26.202+00:00,2026-09-21T08:00:06.046+00:00,2026-09-21T08:00:07.926+00:00,True,32,32.0,,32.0,99843.46946600001,101724.231578,101724.23162100001,3178.8822381562504,44.553034,99843.46946600001,17639.27550898082,75.7114575,60.6697455483871,8.381824464873166,0.31457598158864514,49,64,,False,True,,317,59.56268577710819
71,2026-09-21T07:58:26.466+00:00,2026-09-21T08:00:07.478+00:00,2026-09-21T08:00:10.450+00:00,True,49,49.0,,49.0,101012.04059399999,103983.67093,103983.671026,2122.1157352244895,39.400983000000004,101012.04059399999,14421.450281212474,77.77711300000001,61.908965333333335,9.25203735838042,0.47122783377195787,49,64,,True,True,,49,59.56268577710819
72,2026-09-21T07:58:26.843+00:00,2026-09-21T08:00:09.675+00:00,2026-09-21T08:00:15.402+00:00,True,91,91.0,,91.0,102832.52807799999,108559.08321399998,108559.08319199999,1192.956958153846,45.565701999999995,102832.52807799999,10773.111885686636,77.11205199999999,63.6283904,9.292023060952792,0.8382532101953535,49,64,,True,True,,637,59.56268577710819
73,2026-09-21T07:58:27.128+00:00,2026-09-21T08:00:11.227+00:00,2026-09-21T08:00:11.970+00:00,True,12,12.0,,12.0,104099.026426,104842.035194,104842.03512,8736.83626,50.133535,104099.026426,30031.302929336136,46886.280352,67.54625163636364,9.569176606646062,0.11445790782099152,49,64,,True,True,,12,59.56268577710819
74,2026-09-21T07:58:27.497+00:00,2026-09-21T08:00:13.092+00:00,2026-09-21T08:00:18.264+00:00,True,83,83.0,,83.0,105595.285531,110767.955995,110767.955838,1334.5536847951807,41.586572999999994,105595.285531,11583.667950588835,75.54708190000001,63.081347121951225,9.256155837920685,0.7493141789467215,49,64,,True,True,,83,59.56268577710819
75,2026-09-21T07:58:27.802+00:00,2026-09-21T08:00:14.919+00:00,2026-09-21T08:00:16.087+00:00,True,20,20.0,,20.0,107117.01862,108285.0519,108285.051942,5414.2525971000005,48.022165,107117.01862,23938.348997208537,5428.93762965,61.475435789473686,9.550532932369235,0.18469769972008482,49,64,,True,True,,85,59.56268577710819
76,2026-09-21T07:58:28.195+00:00,2026-09-21T08:00:16.900+00:00,2026-09-21T08:00:17.573+00:00,True,11,11.0,,11.0,108704.975913,109377.983785,109377.983944,9943.453085818182,53.280404000000004,108704.975913,32755.49256259393,54390.29568899999,67.3007872,8.81872705656831,0.10056868502551909,49,64,,True,True,,143,59.56268577710819
77,2026-09-21T07:58:28.455+00:00,2026-09-21T08:00:18.094+00:00,2026-09-21T08:00:18.457+00:00,True,7,7.0,,7.0,109638.835795,110001.753427,110001.753473,15714.536210428572,48.107644,109638.835795,41416.724311189006,76769.10600100001,60.486272,10.845692776584519,0.06363534927327663,49,64,,True,True,,28,59.56268577710819
78,2026-09-21T07:58:28.764+00:00,2026-09-21T08:00:19.672+00:00,2026-09-21T08:00:23.362+00:00,True,60,60.0,,60.0,110907.977801,114598.882633,114598.882595,1909.9813765833333,46.847273,110907.977801,14310.085001045743,77.40436804999999,62.557709016949154,9.029211165131539,0.5235653142635646,49,64,,True,True,,180,59.56268577710819
79,2026-09-21T07:58:29.057+00:00,2026-09-21T08:00:21.227+00:00,2026-09-21T08:00:21.650+00:00,True,8,8.0,,8.0,112170.181716,112592.54562,112592.54542800001,14074.068178500002,48.358554,112170.181716,39636.81636559892,72937.74145500001,60.33770057142858,9.048957572207582,0.0710526612214632,49,64,,True,True,,39,59.56268577710819
80,2026-09-21T07:58:29.315+00:00,2026-09-21T08:00:22.210+00:00,2026-09-21T08:00:27.288+00:00,True,82,82.0,,82.0,112894.65398199999,117972.41218999999,117972.41218999999,1438.6879535365852,40.644892999999996,112894.65398199999,12460.210060264762,78.4135735,62.688372938271606,9.930094331784332,0.6950777599421739,49,64,,True,True,,367,59.56268577710819
81,2026-09-21T07:58:29.580+00:00,2026-09-21T08:00:23.552+00:00,2026-09-21T08:00:27.102+00:00,True,57,57.0,,57.0,113972.274655,117522.819295,117522.819168,2061.8038450526315,43.573743,113972.274655,15087.601439411308,77.3494898,63.40258285714286,9.204384860596214,0.48501219032978954,49,64,,True,True,,58,59.56268577710819
82,2026-09-21T07:58:29.868+00:00,2026-09-21T08:00:25.333+00:00,2026-09-21T08:00:27.552+00:00,True,36,36.0,,36.0,115465.194787,117684.209187,117684.209022,3269.005806166667,48.886454,115465.194787,19233.634296409644,77.891221,63.400411428571424,8.673254036412082,0.30590340240801606,49,64,,True,True,,93,59.56268577710819
83,2026-09-21T07:58:30.243+00:00,2026-09-21T08:00:27.100+00:00,2026-09-21T08:00:27.935+00:00,True,14,14.0,,14.0,116857.23129899999,117692.16787499998,117692.16769199999,8406.583406571428,42.367683,116857.23129899999,31214.246037429322,40952.24483455,64.22589046153847,12.637615215412918,0.11895438968266181,49,64,,True,True,,29,59.56268577710819
84,2026-09-21T07:58:30.621+00:00,2026-09-21T08:00:29.014+00:00,2026-09-21T08:00:29.175+00:00,True,4,4.0,,4.0,118393.10604299999,118554.314363,118554.314275,29638.57856875,49.627784,118393.10604299999,59169.685085709934,100642.86372914999,53.736106666666664,4.2733099828612175,0.0337398096517386,49,64,,True,True,,8,59.56268577710819
85,2026-09-21T07:58:31.061+00:00,2026-09-21T08:00:31.472+00:00,2026-09-21T08:00:34.869+00:00,True,53,53.0,,53.0,120410.15985899999,123807.69509099999,123807.69508199999,2335.9942468301883,46.542744,120410.15985899999,16530.634728409987,78.829092,65.337216,8.25559683821222,0.42808324604576825,49,64,,True,True,,321,59.56268577710819
86,2026-09-21T07:58:31.437+00:00,2026-09-21T08:00:33.247+00:00,2026-09-21T08:00:33.568+00:00,True,6,6.0,,6.0,121810.775303,122131.668487,122131.668407,20355.278067833333,46.743673,121810.775303,49702.84095763158,91376.81002375,64.17863679999999,11.10431543680146,0.04912730722776178,49,64,,True,True,,6,59.56268577710819
87,2026-09-21T07:58:31.856+00:00,2026-09-21T08:00:35.109+00:00,2026-09-21T08:00:36.325+00:00,True,21,21.0,,21.0,123253.369647,124469.750063,124469.750157,5927.130959857142,41.885033,123253.369647,26882.82017792718,77.223876,60.8190208,9.77562460447457,0.16871569187992191,49,64,,True,True,,62,59.56268577710819
88,2026-09-21T07:58:32.258+00:00,2026-09-21T08:00:37.299+00:00,2026-09-21T08:00:38.860+00:00,True,26,26.0,,26.0,125040.790028,126601.70062,126601.700604,4869.296177076923,43.144572999999994,125040.790028,24510.274054066784,77.97916075,62.43642368,10.998838563007757,0.2053684893067908,49,64,,True,True,,104,59.56268577710819
89,2026-09-21T07:58:32.618+00:00,2026-09-21T08:00:39.187+00:00,2026-09-21T08:00:42.020+00:00,True,44,44.0,,44.0,126568.69756999999,129401.22134599999,129401.22131099999,2940.9368479772725,49.327494,126568.69756999999,19071.020178999115,77.99751934999999,65.87264595348837,8.292622488994391,0.34002770253883785,49,64,,True,True,,88,59.56268577710819
90,2026-09-21T07:58:33.364+00:00,2026-09-21T08:00:40.426+00:00,2026-09-21T08:00:43.633+00:00,True,50,50.0,,50.0,127062.283615,130268.874335,130268.87420399999,2605.3774840799997,44.497893,127062.283615,17960.068070737845,79.0269056,65.44062693877551,9.177801892944185,0.383821540296877,49,64,,True,True,,123,59.56268577710819
91,2026-09-21T07:58:33.414+00:00,2026-09-21T08:00:42.450+00:00,2026-09-21T08:00:48.721+00:00,True,98,98.0,,98.0,129036.068532,135307.65918800002,135307.659127,1380.6903992551022,41.947953,129036.068532,13028.08378242597,78.20229649999999,64.65557377319588,9.849645148914876,0.7242753336219956,49,64,,True,True,,200,59.56268577710819
92,2026-09-21T07:58:33.545+00:00,2026-09-21T08:00:43.486+00:00,2026-09-21T08:00:48.094+00:00,True,72,72.0,,72.0,129940.408834,134548.58061,134548.580836,1868.7302893888889,46.551224000000005,129940.408834,15305.978131421925,78.80250645000002,64.90382783098592,9.78202419879402,0.5351227019532658,49,64,,True,True,,782,59.56268577710819
93,2026-09-21T07:58:33.834+00:00,2026-09-21T08:00:46.085+00:00,2026-09-21T08:00:47.578+00:00,True,24,24.0,,24.0,132250.925407,133743.889503,133743.889508,5572.662062833333,45.157942999999996,132250.925407,26982.359193716173,78.7135235,64.91148243478261,10.858202331441106,0.17944745056529596,49,64,,True,True,,254,59.56268577710819
94,2026-09-21T07:58:34.223+00:00,2026-09-21T08:00:48.033+00:00,2026-09-21T08:00:54.029+00:00,True,96,96.0,,96.0,133810.51467200002,139806.00548800002,139806.005417,1456.3125564270836,40.525403,133810.51467200002,13650.540706881427,79.20587350000001,63.11042964210527,9.718070787890897,0.6866657813797561,49,64,,True,True,,732,59.56268577710819
95,2026-09-21T07:58:34.615+00:00,2026-09-21T08:00:50.244+00:00,2026-09-21T08:00:53.379+00:00,True,51,51.0,,51.0,135629.69331600002,138763.923076,138763.923038,2720.8612360392162,43.547333,135629.69331600002,18983.18057133021,78.0074055,62.684595200000004,9.51094161049373,0.36753068715178705,49,64,,True,True,,106,59.56268577710819
96,2026-09-21T07:58:34.893+00:00,2026-09-21T08:00:51.655+00:00,2026-09-21T08:00:57.508+00:00,True,94,94.0,,94.0,136761.962421,142615.399605,142615.399456,1517.1851005957446,43.867024,136761.962421,14099.4304653468,76.36222085,62.94018477419355,9.056654130989862,0.6591153568292804,49,64,,True,True,,192,59.56268577710819
97,2026-09-21T07:58:35.306+00:00,2026-09-21T08:00:53.849+00:00,2026-09-21T08:00:58.232+00:00,True,71,71.0,,71.0,138543.82587099998,142926.876367,142926.876348,2013.054596450704,43.490793,138543.82587099998,16434.69862746245,75.8894155,62.61500708571429,9.169855455465107,0.49675751548428165,49,64,,True,True,,201,59.56268577710819
98,2026-09-21T07:58:35.738+00:00,2026-09-21T08:00:56.173+00:00,2026-09-21T08:00:57.928+00:00,True,29,29.0,,29.0,140434.61533899998,142190.01809099998,142190.01815999998,4903.104074482758,43.883503,140434.61533899998,26066.41354872355,77.5694954,62.69295542857142,10.271844566733423,0.20395243202965438,49,64,,True,True,,132,59.56268577710819
99,2026-09-21T07:58:35.979+00:00,2026-09-21T08:00:57.359+00:00,2026-09-21T08:00:57.508+00:00,True,3,3.0,,3.0,141379.803674,141528.943386,141528.943563,47176.314521,72.051595,141379.803674,81582.6147704989,127249.53213600001,74.569856,3.5615554354804027,0.021197077631095768,49,64,,True,True,,14,59.56268577710819
100,2026-09-21T07:58:36.229+00:00,2026-09-21T08:00:58.743+00:00,2026-09-21T08:00:59.797+00:00,True,17,17.0,,17.0,142513.42683,143567.92487800002,143567.92491700003,8445.172053941176,46.782093,142513.42683,34548.60008282506,28565.248956400002,65.906128,10.910484353807556,0.11841084987782698,49,64,,True,True,,36,59.56268577710819
101,2026-09-21T07:58:36.614+00:00,2026-09-21T08:01:00.511+00:00,2026-09-21T08:01:03.203+00:00,True,43,43.0,,43.0,143897.006391,146589.17381500002,146589.17381,3409.05055372093,46.692273,143897.006391,21934.31483412366,77.483477,64.09922438095238,9.770787331318191,0.29333680571982285,49,64,,True,True,,140,59.56268577710819
102,2026-09-21T07:58:36.970+00:00,2026-09-21T08:01:02.383+00:00,2026-09-21T08:01:07.002+00:00,True,75,75.0,,75.0,145412.599253,150031.758805,150031.758726,2000.42344968,45.286983,145412.599253,16783.59517010865,76.68602070000001,62.42107502702702,8.789529386789319,0.4998941597257376,49,64,,True,True,,150,59.56268577710819
103,2026-09-21T07:58:37.252+00:00,2026-09-21T08:01:03.674+00:00,2026-09-21T08:01:06.575+00:00,True,48,48.0,,48.0,146421.91743,149323.277046,149323.277025,3110.9016046875,44.688573,146421.91743,21125.2747664184,75.05538915,61.73105565957447,8.089440926102117,0.3214502182751674,49,64,,True,True,,147,59.56268577710819
104,2026-09-21T07:58:37.542+00:00,2026-09-21T08:01:05.391+00:00,2026-09-21T08:01:06.633+00:00,True,21,21.0,,21.0,147848.758297,149091.62063299998,149091.62076,7099.600988571428,42.788863,147848.758297,32249.68441554793,77.894996,62.143116799999994,8.431946018408809,0.14085298631029738,49,64,,True,True,,105,59.56268577710819
105,2026-09-21T07:58:37.889+00:00,2026-09-21T08:01:07.270+00:00,2026-09-21T08:01:09.007+00:00,True,28,28.0,,28.0,149381.07055,151117.76815000002,151117.76817,5397.0631489285715,47.355983,149381.07055,28218.214541772413,78.8032885,64.32213333333334,9.308735069381397,0.18528595507185563,49,64,,True,True,,182,59.56268577710819
106,2026-09-21T07:58:38.239+00:00,2026-09-21T08:01:09.302+00:00,2026-09-21T08:01:10.761+00:00,True,24,24.0,,24.0,151062.35995500002,152521.57249900003,152521.572374,6355.065515583335,43.661415,151062.35995500002,30822.526255188775,77.85874165,63.44402365217391,10.181973593152586,0.15735478992755172,49,64,,True,True,,96,59.56268577710819
107,2026-09-21T07:58:38.556+00:00,2026-09-21T08:01:11.293+00:00,2026-09-21T08:01:11.478+00:00,True,4,4.0,,4.0,152737.458591,152922.192031,152922.192006,38230.5480015,55.599625999999994,152737.458591,76337.94055133735,129836.98613160002,61.57781333333334,6.021840426741756,0.0261570930083786,49,64,,True,True,,5,59.56268577710819
108,2026-09-21T07:58:38.805+00:00,2026-09-21T08:01:12.736+00:00,2026-09-21T08:01:16.983+00:00,True,67,67.0,,67.0,153931.45094100002,158178.680893,158178.68068700001,2360.875831149254,44.661364,153931.45094100002,18797.86127586629,78.704634,64.35196896969697,11.205719768766095,0.42357161927100756,49,64,,True,True,,326,59.56268577710819
109,2026-09-21T07:58:39.124+00:00,2026-09-21T08:01:14.500+00:00,2026-09-21T08:01:16.413+00:00,True,31,31.0,,31.0,155375.51845899998,157288.540411,157288.54042099998,5073.823884548387,47.529184,155375.51845899998,27894.815404876736,77.539871,63.7673984,9.13968333505035,0.1970900099841731,49,64,,True,True,,282,59.56268577710819
110,2026-09-21T07:58:39.489+00:00,2026-09-21T08:01:16.416+00:00,2026-09-21T08:01:17.716+00:00,True,22,22.0,,22.0,156927.086304,158227.01872,158227.01886,7192.1372209090905,43.583424,156927.086304,33443.770800972845,74.7516965,61.90154361904762,8.547346981420787,0.13904072880834217,49,64,,True,True,,118,59.56268577710819
111,2026-09-21T07:58:39.899+00:00,2026-09-21T08:01:18.489+00:00,2026-09-21T08:01:18.634+00:00,True,3,3.0,,3.0,158589.67274500002,158734.63760900003,158734.637595,52911.54586500001,70.082325,158589.67274500002,91519.94253390632,142738.193723,72.482432,3.394293569031412,0.018899466714944038,49,64,,True,True,,6,59.56268577710819
112,2026-09-21T07:58:40.175+00:00,2026-09-21T08:01:19.896+00:00,2026-09-21T08:01:25.060+00:00,True,83,83.0,,83.0,159721.422001,164885.031601,164885.031631,1986.5666461566266,44.591854,159721.422001,17524.79433031773,76.65937210000001,62.970848780487806,9.583689477433676,0.5033810479586105,49,64,,True,True,,249,59.56268577710819
113,2026-09-21T07:58:40.438+00:00,2026-09-21T08:01:21.251+00:00,2026-09-21T08:01:25.767+00:00,True,72,72.0,,72.0,160813.027344,165329.451792,165329.451871,2296.242387097222,46.174561999999995,160813.027344,18944.50249375929,77.63145049999999,63.61161194366197,9.13461713385915,0.43549409509070874,49,64,,True,True,,792,59.56268577710819
114,2026-09-21T07:58:40.720+00:00,2026-09-21T08:01:22.875+00:00,2026-09-21T08:01:25.715+00:00,True,45,45.0,,45.0,162154.898876,164995.47897199998,164995.479169,3666.5662037555553,46.442792000000004,162154.898876,24163.002899255433,78.9096082,64.55863854545454,8.937799314326638,0.27273474570558737,49,64,,True,True,,90,59.56268577710819
115,2026-09-21T07:58:41.068+00:00,2026-09-21T08:01:24.700+00:00,2026-09-21T08:01:25.976+00:00,True,21,21.0,,21.0,163632.049908,164908.21477199998,164908.21473699997,7852.772130333333,49.834192,163632.049908,35693.518127437164,80.814584,63.8082432,10.692050403542101,0.12734356520100795,49,64,,True,True,,128,59.56268577710819
116,2026-09-21T07:58:41.412+00:00,2026-09-21T08:01:26.283+00:00,2026-09-21T08:01:26.582+00:00,True,6,6.0,,6.0,164870.27201800002,165169.29153800002,165169.29166500003,27528.215277500003,44.939743,164870.27201800002,67283.59262002798,123671.46165150002,59.803904,11.397759010298122,0.03632636517436171,49,64,,True,True,,18,59.56268577710819
117,2026-09-21T07:58:41.696+00:00,2026-09-21T08:01:27.575+00:00,2026-09-21T08:01:31.397+00:00,True,62,62.0,,62.0,165878.53917899998,169700.749227,169700.749285,2737.1088594354837,45.135452,165878.53917899998,21058.63979066036,76.3717455,62.6591811147541,9.190031215504073,0.3653490057198615,49,64,,True,True,,146,59.56268577710819
118,2026-09-21T07:58:41.957+00:00,2026-09-21T08:01:28.827+00:00,2026-09-21T08:01:30.616+00:00,True,29,29.0,,29.0,166870.39774000001,168658.930732,168658.93059600002,5815.825192965518,50.570893,166870.39774000001,30975.194517375414,75.91164,63.87617828571428,8.34875134061281,0.17194464517317,49,64,,True,True,,59,59.56268577710819
119,2026-09-21T07:58:42.327+00:00,2026-09-21T08:01:30.553+00:00,2026-09-21T08:01:31.166+00:00,True,11,11.0,,11.0,168225.97158399998,168838.8576,168838.85766699997,15348.987060636362,51.164943,168225.97158399998,50703.560332935245,84151.179054,61.2886016,8.613398426157177,0.06515087910663524,49,64,,True,True,,11,59.56268577710819
120,2026-09-21T07:58:42.731+00:00,2026-09-21T08:01:32.974+00:00,2026-09-21T08:01:39.337+00:00,True,100,100.0,,100.0,170242.94830199998,176606.35361399996,176606.353426,1766.0635342599996,43.978902000000005,170242.94830199998,17017.8698088508,77.3785365,64.27682133333333,9.5644903174878,0.566231044091229,49,64,,True,True,,590,59.56268577710819
121,2026-09-21T07:58:43.488+00:00,2026-09-21T08:01:33.626+00:00,2026-09-21T08:01:36.205+00:00,True,41,41.0,,41.0,170138.08424,172717.05384,172717.053839,4212.611069243902,43.327682,170138.08424,26561.0370006012,77.833064,64.47424,9.126990121360565,0.23738246506903246,49,64,,True,True,,263,59.56268577710819
122,2026-09-21T07:58:43.612+00:00,2026-09-21T08:01:35.531+00:00,2026-09-21T08:01:37.664+00:00,True,35,35.0,,35.0,171919.107139,174051.750723,174051.750725,4972.907163571429,39.774102,171919.107139,29049.03250841849,80.472458,62.72481129411764,10.840227572112846,0.20108961762586247,49,64,,True,True,,245,59.56268577710819
123,2026-09-21T07:58:43.936+00:00,2026-09-21T08:01:39.074+00:00,2026-09-21T08:01:40.629+00:00,True,26,26.0,,26.0,175138.726067,176693.279155,176693.279121,6795.895350807693,50.792403,175138.726067,34335.33613518752,75.0792215,62.182123520000005,8.387009627644275,0.14714764548113976,49,64,,True,True,,26,59.56268577710819
124,2026-09-21T07:58:44.192+00:00,2026-09-21T08:01:40.162+00:00,2026-09-21T08:01:40.217+00:00,True,2,2.0,,2.0,175970.02297,176025.256506,176025.256513,88012.6282565,55.233543,175970.02297,124390.54051483527,167174.28349864998,55.233536,nan,0.011362005883126369,49,64,,True,True,,14,59.56268577710819
125,2026-09-21T07:58:44.541+00:00,2026-09-21T08:01:41.756+00:00,2026-09-21T08:01:45.442+00:00,True,61,61.0,,61.0,177214.666249,180900.988937,180900.989049,2965.5899844098362,42.194322,177214.666249,22682.148386504683,76.27068399999999,61.43871146666667,9.270213125661146,0.33720103111898225,49,64,,True,True,,305,59.56268577710819
126,2026-09-21T07:58:44.925+00:00,2026-09-21T08:01:43.743+00:00,2026-09-21T08:01:48.404+00:00,True,75,75.0,,75.0,178818.360387,183479.696707,183479.696909,2446.3959587866666,42.466532,178818.360387,20640.894254034614,77.6143061,62.99103135135135,9.443421266588885,0.40876457366161895,49,64,,True,True,,149,59.56268577710819
127,2026-09-21T07:58:45.355+00:00,2026-09-21T08:01:45.964+00:00,2026-09-21T08:01:50.584+00:00,True,74,74.0,,74.0,180608.207203,185228.537443,185228.537523,2503.0883449054054,44.393572999999996,180608.207203,20987.921989710467,76.08190050000002,63.29219506849315,9.069987918302244,0.3995064746584843,49,64,,True,True,,79,59.56268577710819
128,2026-09-21T07:58:45.617+00:00,2026-09-21T08:01:47.378+00:00,2026-09-21T08:01:48.026+00:00,True,11,11.0,,11.0,181760.957352,182408.758184,182408.758297,16582.614390636365,49.758292000000004,181760.957352,54783.459481175916,90920.71355849999,64.7800832,9.69218443228945,0.06030412195945132,49,64,,True,True,,99,59.56268577710819
129,2026-09-21T07:58:45.863+00:00,2026-09-21T08:01:48.641+00:00,2026-09-21T08:01:51.134+00:00,True,40,40.0,,40.0,182777.819055,185270.677167,185270.677249,4631.766931225,44.899853,182777.819055,28889.605488722787,78.922101,63.919438769230766,8.91785712335543,0.2159003281665811,49,64,,True,True,,125,59.56268577710819
130,2026-09-21T07:58:46.133+00:00,2026-09-21T08:01:50.272+00:00,2026-09-21T08:01:55.071+00:00,True,76,76.0,,76.0,184139.238365,188937.671901,188937.671964,2486.0219995263155,44.732493000000005,184139.238365,21114.88221161685,77.72895225,63.979113813333335,8.940228841006222,0.4022490551266169,49,64,,True,True,,396,59.56268577710819
131,2026-09-21T07:58:46.459+00:00,2026-09-21T08:01:51.539+00:00,2026-09-21T08:01:53.534+00:00,True,33,33.0,,33.0,185080.103009,187074.870881,187074.87086700002,5668.935480818182,45.250602,185080.103009,32207.460316957837,76.96829799999999,62.336496,8.977683067878152,0.1763999613876072,49,64,,True,True,,132,59.56268577710819
132,2026-09-21T07:58:46.707+00:00,2026-09-21T08:01:52.709+00:00,2026-09-21T08:01:55.142+00:00,True,39,39.0,,39.0,186002.168167,188435.618919,188435.618738,4831.68253174359,45.964792,186002.168167,29773.930823229366,77.2685831,64.03817768421052,9.070584374808226,0.20696724018384413,49,64,,True,True,,78,59.56268577710819
133,2026-09-21T07:58:47.022+00:00,2026-09-21T08:01:54.371+00:00,2026-09-21T08:01:56.213+00:00,True,30,30.0,,30.0,187348.902095,189190.314191,189190.314154,6306.343805133333,46.459443,187348.902095,34193.481518049695,77.09127289999999,63.4969688275862,9.057022431736595,0.15857048564184442,49,64,,True,True,,90,59.56268577710819
134,2026-09-21T07:58:47.363+00:00,2026-09-21T08:01:55.984+00:00,2026-09-21T08:02:02.006+00:00,True,97,97.0,,97.0,188621.118406,194642.91399,194642.91404099998,2006.6279798041237,41.882842,188621.118406,19145.205870443977,77.8566028,62.727037333333335,8.602392224409094,0.4983484783061945,49,64,,True,True,,582,59.56268577710819
135,2026-09-21T07:58:47.748+00:00,2026-09-21T08:01:58.284+00:00,2026-09-21T08:01:58.496+00:00,True,4,4.0,,4.0,190536.034,190747.321296,190747.321411,47686.83035275,63.756723,190536.034,95232.80258877411,161967.20330725002,70.42909866666668,6.703056847170948,0.020970150316254432,49,64,,True,True,,16,59.56268577710819
136,2026-09-21T07:58:47.999+00:00,2026-09-21T08:01:59.457+00:00,2026-09-21T08:02:04.124+00:00,True,76,76.0,,76.0,191457.946858,196125.05700200002,196125.05697,2580.592854868421,43.450832999999996,191457.946858,21954.596021975798,75.114309,62.22813525333333,7.855671846012854,0.3875078542321341,49,64,,True,True,,228,59.56268577710819
137,2026-09-21T07:58:48.416+00:00,2026-09-21T08:02:01.759+00:00,2026-09-21T08:02:04.684+00:00,True,48,48.0,,48.0,193343.243119,196268.564847,196268.564847,4088.9284343125,44.344913,193343.243119,27897.711054403746,77.79288565,62.24088782978723,8.893960865842628,0.24456285211754678,49,64,,True,True,,95,59.56268577710819
138,2026-09-21T07:58:48.728+00:00,2026-09-21T08:02:03.618+00:00,2026-09-21T08:02:04.563+00:00,True,16,16.0,,16.0,194889.582157,195834.292813,195834.292948,12239.64330925,50.319911999999995,194889.582157,48706.65092317454,48782.153720500006,62.9807104,7.670781306817233,0.08170172736436014,49,64,,True,True,,147,59.56268577710819
139,2026-09-21T07:58:49.114+00:00,2026-09-21T08:02:05.541+00:00,2026-09-21T08:02:09.129+00:00,True,58,58.0,,58.0,196427.07799000002,200015.27229400002,200015.27216400002,3448.53917524138,46.528203000000005,196427.07799000002,25783.87430701119,76.79956485000001,62.950777263157896,8.004869740724121,0.28997785686458233,49,64,,True,True,,232,59.56268577710819
140,2026-09-21T07:58:49.399+00:00,2026-09-21T08:02:07.233+00:00,2026-09-21T08:02:10.363+00:00,True,50,50.0,,50.0,197834.77097299998,200964.39759699997,200964.397752,4019.2879550399994,45.815932000000004,197834.77097299998,27969.030344361585,75.07158449999999,63.86993110204082,8.599982655381085,0.2488002880005966,49,64,,True,True,,200,59.56268577710819
141,2026-09-21T07:58:49.812+00:00,2026-09-21T08:02:09.384+00:00,2026-09-21T08:02:11.426+00:00,True,34,34.0,,34.0,199572.558447,201614.409583,201614.40968699998,5929.835579029412,41.763133,199572.558447,34215.801231201025,77.0291115,61.874276848484854,9.108938722780374,0.16863874001031154,49,64,,True,True,,340,59.56268577710819
142,2026-09-21T07:58:50.236+00:00,2026-09-21T08:02:11.991+00:00,2026-09-21T08:02:14.705+00:00,True,44,44.0,,44.0,201755.352383,204469.663551,204469.6636,4647.037809090909,45.815133,201755.352383,30406.249256063853,79.83550400000001,63.12351553488372,10.281583454416355,0.2151908465826045,49,64,,True,True,,49,59.56268577710819
143,2026-09-21T07:58:50.516+00:00,2026-09-21T08:02:13.408+00:00,2026-09-21T08:02:14.989+00:00,True,27,27.0,,27.0,202891.99513999998,204472.48153999998,204472.48148699998,7573.054869888888,46.437523,202891.99513999998,39034.88552540429,81.81653999999999,60.78793846153847,11.032354627238563,0.1320471087192147,49,64,,True,True,,108,59.56268577710819
144,2026-09-21T07:58:50.815+00:00,2026-09-21T08:02:15.194+00:00,2026-09-21T08:02:18.302+00:00,True,49,49.0,,49.0,204379.133217,207487.532833,207487.532794,4234.43944477551,45.478513,204379.133217,29187.769233545332,77.00188200000001,64.75832533333333,9.108987819901605,0.23615876737730795,49,64,,True,True,,0,59.56268577710819
145,2026-09-21T07:58:51.139+00:00,2026-09-21T08:02:16.857+00:00,2026-09-21T08:02:21.210+00:00,True,70,70.0,,70.0,205718.780002,210071.44304200003,210071.44324800003,3001.0206178285716,45.427042,205718.780002,24580.55894024114,77.13114055,63.08207304347826,8.81263330947635,0.3332199702460498,49,64,,True,True,,140,59.56268577710819
146,2026-09-21T07:58:51.462+00:00,2026-09-21T08:02:18.669+00:00,2026-09-21T08:02:21.134+00:00,True,40,40.0,,40.0,207207.170967,209672.45736700002,209672.457491,5241.811437275001,45.598973,207207.170967,32752.336919739006,78.6448479,63.21247179487179,9.351620511807328,0.19077374540417597,49,64,,True,True,,170,59.56268577710819
147,2026-09-21T07:58:51.824+00:00,2026-09-21T08:02:20.446+00:00,2026-09-21T08:02:23.365+00:00,True,48,48.0,,48.0,208621.64605500002,211540.21808700002,211540.218174,4407.0878786250005,43.297472,208621.64605500002,30102.979481727638,78.17714485,62.09727727659574,9.842341416955767,0.22690720674334877,49,64,,True,True,,290,59.56268577710819
148,2026-09-21T07:58:52.171+00:00,2026-09-21T08:02:22.415+00:00,2026-09-21T08:02:22.947+00:00,True,10,10.0,,10.0,210244.188826,210775.791514,210775.791585,21077.5791585,49.938953999999995,210244.188826,66466.37201466167,115666.9784821,59.066965333333336,8.482954909533824,0.047443778662483574,49,64,,True,True,,130,59.56268577710819
149,2026-09-21T07:58:52.413+00:00,2026-09-21T08:02:23.645+00:00,2026-09-21T08:02:24.008+00:00,True,7,7.0,,7.0,211231.455478,211595.156726,211595.156567,30227.879509571427,42.612512,211231.455478,79815.0757024023,147885.1801498,60.61687466666666,13.594352420225961,0.033082042653105145,49,64,,True,True,,22,59.56268577710819
150,2026-09-21T07:58:52.787+00:00,2026-09-21T08:02:25.543+00:00,2026-09-21T08:02:26.567+00:00,True,17,17.0,,17.0,212755.860081,213779.975025,213779.975087,12575.29265217647,47.832603999999996,212755.860081,51585.35233433023,42613.725235399994,64.007184,9.687392248634374,0.07952101219027635,49,64,,True,True,,27,59.56268577710819
152,2026-09-21T07:58:53.746+00:00,2026-09-21T08:02:27.562+00:00,2026-09-21T08:02:29.098+00:00,True,26,26.0,,26.0,213816.148734,215351.756798,215351.756879,8282.759879961537,42.345382,213816.148734,41920.75125681606,75.8463105,61.42432256,8.556727746640448,0.12073270442083278,49,64,,True,True,,27,59.56268577710819
151,2026-09-21T07:58:53.680+00:00,2026-09-21T08:02:28.313+00:00,2026-09-21T08:02:29.230+00:00,True,16,16.0,,16.0,214632.98821799998,215549.35711399998,215549.35705,13471.834815625,44.533822,214632.98821799998,53642.97513854809,53717.825856749994,61.09125973333333,10.159496344792291,0.07422893862558774,49,64,,True,True,,64,59.56268577710819
153,2026-09-21T07:58:53.882+00:00,2026-09-21T08:02:30.728+00:00,2026-09-21T08:02:33.427+00:00,True,43,43.0,,43.0,216845.532882,219544.959954,219544.959906,5105.696742,41.729252,216845.532882,33058.834054904335,80.990273,64.27207314285714,10.75084781822509,0.19585965448266063,49,64,,True,True,,133,59.56268577710819
154,2026-09-21T07:58:54.250+00:00,2026-09-21T08:02:33.191+00:00,2026-09-21T08:02:39.301+00:00,True,97,97.0,,97.0,218940.9805,225050.523924,225050.523934,2320.1084941649483,45.437872000000006,218940.9805,22223.629076520338,78.44184580000001,63.641077333333335,10.284245071230277,0.43101432651077537,49,64,,True,True,,455,59.56268577710819
155,2026-09-21T07:58:54.674+00:00,2026-09-21T08:02:35.750+00:00,2026-09-21T08:02:36.786+00:00,True,17,17.0,,17.0,221076.073585,222112.008049,222112.00805200002,13065.412238352941,48.115970999999995,221076.073585,53603.12215021176,44299.4724074,64.745904,13.74047805362322,0.07653796005594457,49,64,,True,True,,34,59.56268577710819
156,2026-09-21T07:58:55.049+00:00,2026-09-21T08:02:37.254+00:00,2026-09-21T08:02:38.077+00:00,True,14,14.0,,14.0,222205.329219,223028.273987,223028.27378800002,15930.590984857143,53.084321,222205.329219,59369.954133400766,77820.59668345,63.303443692307695,7.520301955895559,0.06277231020859732,49,64,,True,True,,67,59.56268577710819
157,2026-09-21T07:58:55.333+00:00,2026-09-21T08:02:38.669+00:00,2026-09-21T08:02:44.068+00:00,True,85,85.0,,85.0,223335.56924,228734.90978400002,228734.90966900002,2690.998937282353,42.510110999999995,223335.56924,24217.17370253639,78.92524900000001,64.27786361904762,9.837640633686796,0.3716092138286525,49,64,,True,True,,255,59.56268577710819
158,2026-09-21T07:58:55.576+00:00,2026-09-21T08:02:39.860+00:00,2026-09-21T08:02:42.754+00:00,True,46,46.0,,46.0,224283.52915599998,227177.71104399997,227177.71121799998,4938.6458960434775,42.359632,224283.52915599998,33059.32140234747,78.50718049999999,64.31515306666667,11.283515660547339,0.2024846530436724,49,64,,True,True,,95,59.56268577710819
159,2026-09-21T07:58:55.894+00:00,2026-09-21T08:02:41.413+00:00,2026-09-21T08:02:44.663+00:00,True,52,52.0,,52.0,225518.734167,228769.160791,228769.16095999998,4399.406941538461,44.619461,225518.734167,31264.9846958146,80.90062400000001,63.73385537254902,9.676508914676974,0.22730336475512278,49,64,,True,True,,104,59.56268577710819
160,2026-09-21T07:58:56.147+00:00,2026-09-21T08:02:42.879+00:00,2026-09-21T08:02:49.016+00:00,True,98,98.0,,98.0,226731.735602,232868.609074,232868.609057,2376.2102965,43.215391000000004,226731.735602,22896.97498445114,77.406391,63.26673682474227,9.437871794768528,0.42083817303541315,49,64,,True,True,,588,59.56268577710819
161,2026-09-21T07:58:56.457+00:00,2026-09-21T08:02:44.536+00:00,2026-09-21T08:02:46.430+00:00,True,31,31.0,,31.0,228079.012078,229972.152046,229972.151964,7418.456514967742,45.477110999999994,228079.012078,40952.86720524089,76.56356849999999,63.104665600000004,10.442744180770855,0.13479892988869038,49,64,,True,True,,31,59.56268577710819
162,2026-09-21T07:58:56.806+00:00,2026-09-21T08:02:46.607+00:00,2026-09-21T08:02:52.532+00:00,True,96,96.0,,96.0,229801.097867,235726.182539,235726.182685,2455.4810696354166,46.440231,229801.097867,23447.612334101075,75.963018,62.36931233684211,8.537166357883827,0.40725217269455066,49,64,,True,True,,480,59.56268577710819
163,2026-09-21T07:58:57.080+00:00,2026-09-21T08:02:47.523+00:00,2026-09-21T08:02:50.778+00:00,True,53,53.0,,53.0,230443.391608,233697.869688,233697.86979300002,4409.393769679245,44.920472000000004,230443.391608,31645.238692164156,77.53405839999999,62.58611692307692,9.254683836279503,0.22678854570115692,49,64,,True,True,,159,59.56268577710819
164,2026-09-21T07:58:57.384+00:00,2026-09-21T08:02:49.318+00:00,2026-09-21T08:02:52.337+00:00,True,50,50.0,,50.0,231933.911759,234952.98503900002,234952.98503500002,4699.059700700001,41.569401,231933.911759,32791.69639134765,77.55206555000001,61.61374040816327,10.126489806144813,0.212808532701555,49,64,,True,True,,155,59.56268577710819
165,2026-09-21T07:58:57.653+00:00,2026-09-21T08:02:50.724+00:00,2026-09-21T08:02:51.660+00:00,True,17,17.0,,17.0,233070.612911,234006.398639,234006.398834,13765.082284352942,42.049941,233070.612911,56513.742432205836,46674.7598398,58.486608,9.453189572885039,0.07264758612958178,49,64,,True,True,,39,59.56268577710819
166,2026-09-21T07:58:58.083+00:00,2026-09-21T08:02:53.240+00:00,2026-09-21T08:02:55.351+00:00,True,35,35.0,,35.0,235156.322064,237267.283472,237267.283508,6779.065243085714,41.093771999999994,235156.322064,39738.179735129255,76.826971,62.087100235294116,9.691160995753277,0.14751296296663827,49,64,,True,True,,69,59.56268577710819
167,2026-09-21T07:58:58.501+00:00,2026-09-21T08:02:55.221+00:00,2026-09-21T08:02:59.321+00:00,True,66,66.0,,66.0,236720.41885,240820.153378,240820.153474,3648.790204151515,45.829282,236720.41885,29130.507070890886,79.29343175000001,63.07283889230769,9.419072433178108,0.2740634414280271,49,64,,True,True,,134,59.56268577710819
168,2026-09-21T07:58:58.761+00:00,2026-09-21T08:02:56.453+00:00,2026-09-21T08:03:02.448+00:00,True,96,96.0,,96.0,237691.737906,243686.529074,243686.529056,2538.4013443333333,45.010751,237691.737906,24252.872799106943,77.6693555,63.103064926315795,9.430815614972458,0.39394873555299315,49,64,,True,True,,196,59.56268577710819
169,2026-09-21T07:58:59.079+00:00,2026-09-21T08:02:58.457+00:00,2026-09-21T08:03:03.977+00:00,True,89,89.0,,89.0,239377.671414,244897.63583,244897.63572700002,2751.658828393259,46.185401,239377.671414,25367.335246621853,77.924073,62.72686836363637,9.76801034400747,0.36341714650843304,49,64,,True,True,,661,59.56268577710819
170,2026-09-21T07:58:59.355+00:00,2026-09-21T08:02:59.898+00:00,2026-09-21T08:03:04.047+00:00,True,66,66.0,,66.0,240543.288115,244691.930675,244691.93066,3707.4534948484848,42.358931,240543.288115,29600.97700914891,76.62687050000001,63.825270153846155,9.101280659045601,0.2697269166904455,49,64,,True,True,,75,59.56268577710819
171,2026-09-21T07:58:59.623+00:00,2026-09-21T08:03:01.097+00:00,2026-09-21T08:03:02.962+00:00,True,31,31.0,,31.0,241473.30087900002,243338.96743900003,243338.96750400003,7849.644113032258,43.791722,241473.30087900002,43358.716912323776,78.613748,62.18888533333334,10.506285781245058,0.12739431060407969,49,64,,True,True,,127,59.56268577710819
172,2026-09-21T07:58:59.884+00:00,2026-09-21T08:03:02.717+00:00,2026-09-21T08:03:03.326+00:00,True,11,11.0,,11.0,242833.082109,243442.01394900001,243442.014,22131.09218181818,50.940401,242833.082109,73198.56939756703,121454.7946705,60.893184,6.871048482458748,0.04518529822179523,49,64,,True,True,,23,59.56268577710819
173,2026-09-21T07:59:00.123+00:00,2026-09-21T08:03:03.767+00:00,2026-09-21T08:03:05.851+00:00,True,33,33.0,,33.0,243644.659171,245727.897059,245727.897134,7446.299913151515,43.954251,243644.659171,42401.75949861597,78.4697046,65.101184,9.383940560227556,0.1342948863151529,49,64,,True,True,,161,59.56268577710819
174,2026-09-21T07:59:00.413+00:00,2026-09-21T08:03:05.398+00:00,2026-09-21T08:03:09.088+00:00,True,58,58.0,,58.0,244984.506688,248674.757696,248674.757687,4287.495822189655,46.563472000000004,244984.506688,32159.54200220765,77.70952899999999,64.74124575438596,9.100793055942418,0.2332363788644116,49,64,,True,True,,65,59.56268577710819
175,2026-09-21T07:59:00.759+00:00,2026-09-21T08:03:07.484+00:00,2026-09-21T08:03:10.559+00:00,True,49,49.0,,49.0,246724.879645,249800.443933,249800.443953,5097.968243938775,43.407421,246724.879645,35237.25898272916,78.8614884,64.074256,8.775931976804044,0.19615657694004135,49,64,,True,True,,205,59.56268577710819
177,2026-09-21T07:59:01.482+00:00,2026-09-21T08:03:09.861+00:00,2026-09-21T08:03:13.512+00:00,True,59,59.0,,59.0,248379.869654,252030.697942,252030.697892,4271.706743932204,42.722301,248379.869654,32328.11159884873,78.54795699999998,62.94531531034483,10.390414532073871,0.23409846690016195,49,64,,True,True,,236,59.56268577710819
178,2026-09-21T07:59:01.783+00:00,2026-09-21T08:03:11.366+00:00,2026-09-21T08:03:13.835+00:00,True,40,40.0,,40.0,249582.992665,252052.649497,252052.649412,6301.3162353,45.885601,249582.992665,39452.52477435453,81.20741600000001,63.32453415384615,9.687475348107048,0.15869700270885703,49,64,,True,True,,80,59.56268577710819
179,2026-09-21T07:59:02.196+00:00,2026-09-21T08:03:14.098+00:00,2026-09-21T08:03:20.019+00:00,True,95,95.0,,95.0,251902.497308,257823.234588,257823.234626,2713.928785536842,46.011432,251902.497308,25838.190188860583,75.911638,62.98656680851064,9.046614156626658,0.3684695064500662,49,64,,True,True,,545,59.56268577710819
176,2026-09-21T07:59:01.180+00:00,2026-09-21T08:03:14.562+00:00,2026-09-21T08:03:15.964+00:00,True,23,23.0,,23.0,253382.15234,254783.924372,254783.924519,11077.561935608695,44.721691,253382.15234,52820.54611417562,78.5569191,63.716910545454546,10.425673990056849,0.09027257138255945,49,64,,True,True,,23,59.56268577710819
180,2026-09-21T07:59:02.442+00:00,2026-09-21T08:03:15.840+00:00,2026-09-21T08:03:16.442+00:00,True,11,11.0,,11.0,253398.110503,253999.679527,253999.679484,23090.87995309091,44.539142,253398.110503,76384.26767135946,126736.94353250001,60.1569024,10.482676872046452,0.04330714125499795,49,64,,True,True,,24,59.56268577710819
181,2026-09-21T07:59:02.690+00:00,2026-09-21T08:03:17.169+00:00,2026-09-21T08:03:21.410+00:00,True,68,68.0,,68.0,254479.037785,258719.922777,258719.922974,3804.704749617647,42.503552000000006,254479.037785,30852.442393518802,77.73314835000001,63.29679092537314,11.23007995203021,0.26283248414004684,49,64,,True,True,,75,59.56268577710819
182,2026-09-21T07:59:02.959+00:00,2026-09-21T08:03:18.722+00:00,2026-09-21T08:03:21.409+00:00,True,43,43.0,,43.0,255762.780523,258449.76957899999,258449.76968599999,6010.459760139534,46.567432000000004,255762.780523,38993.70401550712,78.91974680000001,63.975929904761905,12.254295345514198,0.16637662347327514,49,64,,True,True,,172,59.56268577710819
183,2026-09-21T07:59:03.285+00:00,2026-09-21T08:03:20.733+00:00,2026-09-21T08:03:21.984+00:00,True,20,20.0,,20.0,257448.34374799998,258699.892164,258699.892152,12934.9946076,49.897811999999995,257448.34374799998,57552.4717272845,12970.053611249998,65.8709692631579,12.035004184799904,0.07730965727392425,49,64,,True,True,,63,59.56268577710819
184,2026-09-21T07:59:03.583+00:00,2026-09-21T08:03:22.181+00:00,2026-09-21T08:03:27.875+00:00,True,91,91.0,,91.0,258598.175788,264292.642092,264292.641987,2904.31474710989,41.714441,258598.175788,27101.823515546017,76.5875675,63.27184782222223,9.24419427528402,0.344315298676847,49,64,,True,True,,728,59.56268577710819
185,2026-09-21T07:59:03.877+00:00,2026-09-21T08:03:23.421+00:00,2026-09-21T08:03:26.509+00:00,True,50,50.0,,50.0,259543.337692,262631.955164,262631.955138,5252.63910276,44.311011,259543.337692,36696.05751359272,77.10192,63.033009632653055,8.25004992812124,0.19038048880524688,49,64,,True,True,,176,59.56268577710819
186,2026-09-21T07:59:04.201+00:00,2026-09-21T08:03:24.979+00:00,2026-09-21T08:03:29.651+00:00,True,75,75.0,,75.0,260777.416992,265449.957152,265449.957086,3539.332761146667,43.213021999999995,260777.416992,30104.69293359749,76.568854,63.1424345945946,9.925279708730555,0.28253913017983295,49,64,,True,True,,500,59.56268577710819
187,2026-09-21T07:59:04.469+00:00,2026-09-21T08:03:26.562+00:00,2026-09-21T08:03:30.087+00:00,True,57,57.0,,57.0,262093.05796900002,265617.602481,265617.60262300004,4659.957940754386,43.906361,262093.05796900002,34706.73853407158,77.1164308,62.93829485714286,9.69890429636151,0.2145942116320295,49,64,,True,True,,114,59.56268577710819
189,2026-09-21T07:59:05.617+00:00,2026-09-21T08:03:29.529+00:00,2026-09-21T08:03:29.717+00:00,True,4,4.0,,4.0,263912.212745,264100.165385,264100.16520100005,66025.04130025001,56.850532,263912.212745,131924.78107576485,224335.87298255003,62.65088,6.675507104575053,0.015145768629750303,49,64,,True,True,,10,59.56268577710819
190,2026-09-21T07:59:05.658+00:00,2026-09-21T08:03:30.202+00:00,2026-09-21T08:03:35.006+00:00,True,76,76.0,,76.0,264544.204694,269347.721878,269347.721985,3544.0489734868424,42.766591,264544.204694,30337.95625691689,78.35108625000001,64.04689578666667,9.634226520509007,0.28216314387252883,49,64,,True,True,,303,59.56268577710819
191,2026-09-21T07:59:05.818+00:00,2026-09-21T08:03:31.438+00:00,2026-09-21T08:03:32.530+00:00,True,18,18.0,,18.0,265619.61993399996,266712.12476599996,266712.124707,14817.340261499998,45.994951,265619.61993399996,62591.99792040287,39907.04820594999,64.26499011764706,8.14832270781639,0.06748849537977439,49,64,,True,True,,56,59.56268577710819
188,2026-09-21T07:59:05.612+00:00,2026-09-21T08:03:31.493+00:00,2026-09-21T08:03:33.681+00:00,True,35,35.0,,35.0,265881.074056,268068.971656,268068.971702,7659.1134772,44.641261,265881.074056,44931.22800830411,78.9193437,64.3499294117647,9.298271413541839,0.13056341352670167,49,64,,True,True,,366,59.56268577710819
192,2026-09-21T07:59:06.158+00:00,2026-09-21T08:03:35.744+00:00,2026-09-21T08:03:39.009+00:00,True,52,52.0,,52.0,269586.264249,272850.363577,272850.363717,5247.122379173077,42.129661,269586.264249,37376.01422968713,79.36022,64.00194760784314,9.893218622682486,0.19058065130752627,49,64,,True,True,,468,59.56268577710819
193,2026-09-21T07:59:06.507+00:00,2026-09-21T08:03:37.426+00:00,2026-09-21T08:03:38.280+00:00,True,15,15.0,,15.0,270918.821957,271772.813381,271772.813385,18118.187559,48.080801,270918.821957,69935.18976868404,81333.8291248,60.999387428571424,10.282821303215764,0.05519315862904729,49,64,,True,True,,45,59.56268577710819
194,2026-09-21T07:59:06.941+00:00,2026-09-21T08:03:39.585+00:00,2026-09-21T08:03:42.172+00:00,True,41,41.0,,41.0,272644.171538,275230.969106,275230.96932,6712.950471219512,43.447141,272644.171538,42569.767764012526,77.602021,64.6699392,11.769942121828464,0.14896579455856812,49,64,,True,True,,126,59.56268577710819
195,2026-09-21T07:59:07.341+00:00,2026-09-21T08:03:41.744+00:00,2026-09-21T08:03:43.381+00:00,True,26,26.0,,26.0,274403.814892,276040.41342,276040.413246,10616.938971,44.850379000000004,274403.814892,53802.17792927891,79.02974675,65.46394112,9.58264271557998,0.09418910686979945,49,64,,True,True,,130,59.56268577710819
196,2026-09-21T07:59:07.735+00:00,2026-09-21T08:03:43.753+00:00,2026-09-21T08:03:47.700+00:00,True,64,64.0,,64.0,276017.742103,279964.561943,279964.561735,4374.446277109375,44.21389,276017.742103,34494.38823212673,78.31233434999999,62.64793396825397,10.118766843201497,0.22860036125940186,49,64,,True,True,,320,59.56268577710819
197,2026-09-21T07:59:08.137+00:00,2026-09-21T08:03:45.989+00:00,2026-09-21T08:03:48.417+00:00,True,40,40.0,,40.0,277852.523638,280280.60555800004,280280.605559,7007.015138975,42.889851,277852.523638,43922.4984419034,76.95559854999999,62.25851076923077,9.306642398738617,0.14271412008820772,49,64,,True,True,,120,59.56268577710819
198,2026-09-21T07:59:08.424+00:00,2026-09-21T08:03:47.507+00:00,2026-09-21T08:03:48.820+00:00,True,21,21.0,,21.0,279083.250029,280396.36516499997,280396.365047,13352.207859380951,46.247571,279083.250029,60886.631506285696,83.970101,65.65575679999999,9.76695476508058,0.07489398083902585,49,64,,True,True,,138,59.56268577710819
199,2026-09-21T07:59:08.775+00:00,2026-09-21T08:03:49.180+00:00,2026-09-21T08:03:55.069+00:00,True,94,94.0,,94.0,280404.788678,286293.719238,286293.719412,3045.6778660851064,42.4437,280404.788678,28915.015935010808,75.984466,63.321833978494624,9.124429487981022,0.3283341326878934,49,64,,True,True,,94,59.56268577710819
200,2026-09-21T07:59:09.208+00:00,2026-09-21T08:03:51.491+00:00,2026-09-21T08:03:54.902+00:00,True,54,54.0,,54.0,282283.616752,285694.056688,285694.056583,5290.630677462963,43.370141000000004,282283.616752,38405.17914675722,76.26082634999999,64.34792332075472,9.425249958498885,0.18901338244838667,49,64,,True,True,,273,59.56268577710819
201,2026-09-21T07:59:09.463+00:00,2026-09-21T08:03:52.820+00:00,2026-09-21T08:03:58.053+00:00,True,84,84.0,,84.0,283356.40969400003,288589.45980600006,288589.45990300004,3435.588808369048,40.759131000000004,283356.40969400003,30909.841404714898,78.18965084999999,63.048796530120484,10.125197406927386,0.2910709214968133,49,64,,True,True,,587,59.56268577710819
202,2026-09-21T07:59:09.765+00:00,2026-09-21T08:03:54.156+00:00,2026-09-21T08:03:54.156+00:00,True,1,1.0,,1.0,284391.11323,284391.11323,284391.11323,284391.11323,284391.11323,284391.11323,nan,284391.11323,nan,nan,0.0035162842771083867,49,64,,True,True,,3,59.56268577710819
205,2026-09-21T07:59:10.715+00:00,2026-09-21T08:03:57.136+00:00,2026-09-21T08:04:00.467+00:00,True,53,53.0,,53.0,286421.210714,289752.018522,289752.018524,5467.019217433962,44.454091,286421.210714,39334.1814880948,77.18321139999999,64.0539963076923,8.732095841324544,0.18291503289726302,49,64,,True,True,,212,59.56268577710819
206,2026-09-21T07:59:11.055+00:00,2026-09-21T08:03:59.597+00:00,2026-09-21T08:04:05.833+00:00,True,99,99.0,,99.0,288542.57499,294778.131598,294778.13177,2977.5568865656564,42.559151,288542.57499,28993.226533064513,77.55232210000001,63.628128653061225,9.32116706593489,0.3358458087216931,49,64,,True,True,,199,59.56268577710819
203,2026-09-21T07:59:10.058+00:00,2026-09-21T08:03:59.936+00:00,2026-09-21T08:04:02.386+00:00,True,39,39.0,,39.0,289878.683441,292328.612657,292328.612462,7495.60544774359,47.862860999999995,289878.683441,46407.41556754481,76.90937899999999,64.47182147368422,9.33213582881404,0.1334115044214305,49,64,,True,True,,39,59.56268577710819
204,2026-09-21T07:59:10.297+00:00,2026-09-21T08:04:02.061+00:00,2026-09-21T08:04:07.636+00:00,True,90,90.0,,90.0,291764.06203,297339.808846,297339.808777,3303.7756530777774,45.522771,291764.06203,30748.030144032105,77.02040600000001,62.64884062921348,9.325745488908568,0.3026839909169826,49,64,,True,True,,90,59.56268577710819
207,2026-09-21T07:59:11.319+00:00,2026-09-21T08:04:02.198+00:00,2026-09-21T08:04:02.502+00:00,True,6,6.0,,6.0,290878.256707,291182.553923,291182.55397300003,48530.42566216667,46.723631000000005,290878.256707,118725.70568576024,218176.77678075005,60.8594432,11.161832473762505,0.020605630107862278,49,64,,True,True,,16,59.56268577710819
208,2026-09-21T07:59:11.701+00:00,2026-09-21T08:04:04.299+00:00,2026-09-21T08:04:07.969+00:00,True,60,60.0,,60.0,292598.03668099997,296268.057033,296268.05712799996,4937.800952133332,41.429091,292598.03668099997,37766.214916555546,77.96036395,62.20373477966101,9.90844616781158,0.20251930161109763,49,64,,True,True,,770,59.56268577710819
209,2026-09-21T07:59:12.129+00:00,2026-09-21T08:04:06.563+00:00,2026-09-21T08:04:11.347+00:00,True,76,76.0,,76.0,294433.749169,299218.027185,299218.02727900003,3937.0793063026317,44.099521,294433.749169,33766.551257954045,77.8890135,63.790373546666665,9.043346790621147,0.25399539163798723,49,64,,True,True,,304,59.56268577710819
210,2026-09-21T07:59:12.420+00:00,2026-09-21T08:04:08.232+00:00,2026-09-21T08:04:12.445+00:00,False,69,68.0,,68.0,295811.692798,300025.625854,300025.625636,4348.197472985507,0.02545,295811.692798,35604.08477569889,78.8023654,61.96960376470588,12.168050465441269,0.22664730656404167,49,64,,True,False,Request timeout: 300.0s exceeded,223,59.56268577710819
211,2026-09-21T07:59:12.786+00:00,2026-09-21T08:04:10.236+00:00,2026-09-21T08:04:12.704+00:00,True,41,41.0,,41.0,297450.324118,299918.26959,299918.26963,7315.07974707317,43.837141,297450.324118,46444.3015194606,77.589301,61.698636799999996,10.400181730208793,0.1367039095552552,49,64,,True,True,,82,59.56268577710819
212,2026-09-21T07:59:13.199+00:00,2026-09-21T08:04:12.394+00:00,2026-09-21T08:04:13.211+00:00,False,16,15.0,,15.0,299194.235817,300012.159657,300012.159705,18750.7599815625,0.03053,299194.235817,74784.92878008028,74857.15743075,54.528256,17.40634428536144,0.049997973472639595,49,64,,True,False,Request timeout: 300.0s exceeded,75,59.56268577710819
213,2026-09-21T07:59:13.482+00:00,2026-09-21T08:04:13.513+00:00,2026-09-21T08:04:13.513+00:00,False,1,0.0,,0.0,300031.01099599997,300031.01099599997,300031.01099599997,300031.01099599997,300031.01099599997,300031.01099599997,nan,300031.01099599997,nan,nan,0.0,49,64,,True,False,"HTTPConnectionPool(host='gpu06', port=9004): Read timed out.",0,59.56268577710819
214,2026-09-21T07:59:13.817+00:00,2026-09-21T08:04:13.892+00:00,2026-09-21T08:04:13.892+00:00,False,1,0.0,,0.0,300075.53378500004,300075.53378500004,300075.53378500004,300075.53378500004,300075.53378500004,300075.53378500004,nan,300075.53378500004,nan,nan,0.0,49,64,,True,False,"HTTPConnectionPool(host='gpu06', port=9004): Read timed out.",0,59.56268577710819
215,2026-09-21T07:59:14.136+00:00,2026-09-21T08:04:14.242+00:00,2026-09-21T08:04:14.242+00:00,False,1,0.0,,0.0,300105.302574,300105.302574,300105.302574,300105.302574,300105.302574,300105.302574,nan,300105.302574,nan,nan,0.0,49,64,,True,False,"HTTPConnectionPool(host='gpu06', port=9004): Read timed out.",0,59.56268577710819
216,2026-09-21T07:59:14.479+00:00,2026-09-21T08:04:14.569+00:00,2026-09-21T08:04:14.569+00:00,False,1,0.0,,0.0,300090.26308,300090.26308,300090.26308,300090.26308,300090.26308,300090.26308,nan,300090.26308,nan,nan,0.0,49,64,,True,False,"HTTPConnectionPool(host='gpu06', port=9004): Read timed out.",0,59.56268577710819
217,2026-09-21T07:59:14.866+00:00,2026-09-21T08:04:14.949+00:00,2026-09-21T08:04:14.949+00:00,False,1,0.0,,0.0,300083.408894,300083.408894,300083.408894,300083.408894,300083.408894,300083.408894,nan,300083.408894,nan,nan,0.0,49,64,,True,False,"HTTPConnectionPool(host='gpu06', port=9004): Read timed out.",0,59.56268577710819
218,2026-09-21T07:59:15.215+00:00,2026-09-21T08:04:15.321+00:00,2026-09-21T08:04:15.321+00:00,False,1,0.0,,0.0,300106.504112,300106.504112,300106.504112,300106.504112,300106.504112,300106.504112,nan,300106.504112,nan,nan,0.0,49,64,,True,False,"HTTPConnectionPool(host='gpu06', port=9004): Read timed out.",0,59.56268577710819
219,2026-09-21T07:59:15.519+00:00,2026-09-21T08:04:15.629+00:00,2026-09-21T08:04:15.629+00:00,False,1,0.0,,0.0,300110.353221,300110.353221,300110.353221,300110.353221,300110.353221,300110.353221,nan,300110.353221,nan,nan,0.0,49,64,,True,False,"HTTPConnectionPool(host='gpu06', port=9004): Read timed out.",0,59.56268577710819
220,2026-09-21T07:59:15.882+00:00,2026-09-21T08:04:15.803+00:00,2026-09-21T08:04:15.916+00:00,False,4,3.0,,3.0,299920.728153,300033.822041,300033.822095,75008.45552375,0.037689999999999994,299920.728153,149941.5174722074,254941.56233969997,37.69796266666666,32.76128024032012,0.009998872725722389,49,64,,True,False,Request timeout: 300.0s exceeded,12,59.56268577710819
221,2026-09-21T07:59:16.204+00:00,2026-09-21T08:04:16.226+00:00,2026-09-21T08:04:16.226+00:00,False,1,0.0,,0.0,300022.42922399996,300022.42922399996,300022.42922399996,300022.42922399996,300022.42922399996,300022.42922399996,nan,300022.42922399996,nan,nan,0.0,49,64,,True,False,"HTTPConnectionPool(host='gpu06', port=9004): Read timed out.",0,59.56268577710819
222,2026-09-21T07:59:16.471+00:00,2026-09-21T08:04:16.543+00:00,2026-09-21T08:04:16.543+00:00,False,1,0.0,,0.0,300072.333996,300072.333996,300072.333996,300072.333996,300072.333996,300072.333996,nan,300072.333996,nan,nan,0.0,49,64,,True,False,"HTTPConnectionPool(host='gpu06', port=9004): Read timed out.",0,59.56268577710819
223,2026-09-21T07:59:16.861+00:00,2026-09-21T08:04:16.962+00:00,2026-09-21T08:04:16.962+00:00,False,1,0.0,,0.0,300100.830521,300100.830521,300100.830521,300100.830521,300100.830521,300100.830521,nan,300100.830521,nan,nan,0.0,49,64,,True,False,"HTTPConnectionPool(host='gpu06', port=9004): Read timed out.",0,59.56268577710819
224,2026-09-21T07:59:17.108+00:00,2026-09-21T08:04:17.215+00:00,2026-09-21T08:04:17.215+00:00,False,1,0.0,,0.0,300106.91828399996,300106.91828399996,300106.91828399996,300106.91828399996,300106.91828399996,300106.91828399996,nan,300106.91828399996,nan,nan,0.0,49,64,,True,False,"HTTPConnectionPool(host='gpu06', port=9004): Read timed out.",0,59.56268577710819
225,2026-09-21T07:59:17.357+00:00,2026-09-21T08:04:17.459+00:00,2026-09-21T08:04:17.459+00:00,False,1,0.0,,0.0,300101.629077,300101.629077,300101.629077,300101.629077,300101.629077,300101.629077,nan,300101.629077,nan,nan,0.0,49,64,,True,False,"HTTPConnectionPool(host='gpu06', port=9004): Read timed out.",0,59.56268577710819
226,2026-09-21T07:59:17.632+00:00,2026-09-21T08:04:17.740+00:00,2026-09-21T08:04:17.740+00:00,False,1,0.0,,0.0,300108.688929,300108.688929,300108.688929,300108.688929,300108.688929,300108.688929,nan,300108.688929,nan,nan,0.0,49,64,,True,False,"HTTPConnectionPool(host='gpu06', port=9004): Read timed out.",0,59.56268577710819
227,2026-09-21T07:59:18.061+00:00,2026-09-21T08:04:18.103+00:00,2026-09-21T08:04:18.103+00:00,False,1,0.0,,0.0,300041.847709,300041.847709,300041.847709,300041.847709,300041.847709,300041.847709,nan,300041.847709,nan,nan,0.0,49,64,,True,False,TTFT timeout: 300.0s exceeded (TTFT: 300.027s),0,59.56268577710819
231,2026-09-21T07:59:19.540+00:00,2026-09-21T08:04:19.357+00:00,2026-09-21T08:04:20.033+00:00,False,14,13.0,,13.0,299817.26621499995,300492.8161669999,300492.816219,21463.772587071424,0.03782,299817.26621499995,80115.64883081037,104986.09887704998,51.96538092307692,19.757037826508718,0.04326226552043495,49,64,,True,False,Request timeout: 300.0s exceeded,104,59.56268577710819
228,2026-09-21T07:59:19.315+00:00,2026-09-21T08:04:20.040+00:00,2026-09-21T08:04:20.040+00:00,False,1,0.0,,0.0,300725.33947899996,300725.33947899996,300725.33947899996,300725.33947899996,300725.33947899996,300725.33947899996,nan,300725.33947899996,nan,nan,0.0,49,64,,True,False,"HTTPConnectionPool(host='gpu06', port=9004): Read timed out.",0,59.56268577710819
229,2026-09-21T07:59:19.320+00:00,2026-09-21T08:04:20.399+00:00,2026-09-21T08:04:20.399+00:00,False,1,0.0,,0.0,301079.132097,301079.132097,301079.132097,301079.132097,301079.132097,301079.132097,nan,301079.132097,nan,nan,0.0,49,64,,True,False,"HTTPConnectionPool(host='gpu06', port=9004): Read timed out.",0,59.56268577710819
230,2026-09-21T07:59:19.468+00:00,2026-09-21T08:04:20.401+00:00,2026-09-21T08:04:20.401+00:00,False,1,0.0,,0.0,300933.413754,300933.413754,300933.413754,300933.413754,300933.413754,300933.413754,nan,300933.413754,nan,nan,0.0,49,64,,True,False,"HTTPConnectionPool(host='gpu06', port=9004): Read timed out.",0,59.56268577710819
232,2026-09-21T07:59:20.056+00:00,2026-09-21T08:04:21.214+00:00,2026-09-21T08:04:21.403+00:00,False,5,4.0,,4.0,301158.133669,301347.279525,301347.279303,60269.4558606,0.02587,301158.133669,134660.86944188466,240946.72137560003,47.286464,41.49316457816309,0.013273721953969577,49,64,,True,False,Request timeout: 300.0s exceeded,20,59.56268577710819
233,2026-09-21T07:59:20.285+00:00,2026-09-21T08:04:21.533+00:00,2026-09-21T08:04:21.533+00:00,False,1,0.0,,0.0,301247.919156,301247.919156,301247.919156,301247.919156,301247.919156,301247.919156,nan,301247.919156,nan,nan,0.0,49,64,,True,False,"HTTPConnectionPool(host='gpu06', port=9004): Read timed out.",0,59.56268577710819
237,2026-09-21T07:59:21.493+00:00,2026-09-21T08:04:21.543+00:00,2026-09-21T08:04:21.543+00:00,False,1,0.0,,0.0,300049.780759,300049.780759,300049.780759,300049.780759,300049.780759,300049.780759,nan,300049.780759,nan,nan,0.0,49,64,,True,False,"HTTPConnectionPool(host='gpu06', port=9004): Read timed out.",0,59.56268577710819
234,2026-09-21T07:59:20.520+00:00,2026-09-21T08:04:21.896+00:00,2026-09-21T08:04:21.896+00:00,False,1,0.0,,0.0,301375.791302,301375.791302,301375.791302,301375.791302,301375.791302,301375.791302,nan,301375.791302,nan,nan,0.0,49,64,,True,False,"HTTPConnectionPool(host='gpu06', port=9004): Read timed out.",0,59.56268577710819
238,2026-09-21T07:59:21.739+00:00,2026-09-21T08:04:21.898+00:00,2026-09-21T08:04:21.898+00:00,False,1,0.0,,0.0,300159.268015,300159.268015,300159.268015,300159.268015,300159.268015,300159.268015,nan,300159.268015,nan,nan,0.0,49,64,,True,False,"HTTPConnectionPool(host='gpu06', port=9004): Read timed out.",0,59.56268577710819
236,2026-09-21T07:59:21.054+00:00,2026-09-21T08:04:23.279+00:00,2026-09-21T08:04:23.279+00:00,False,1,0.0,,0.0,302225.512014,302225.512014,302225.512014,302225.512014,302225.512014,302225.512014,nan,302225.512014,nan,nan,0.0,49,64,,True,False,"HTTPConnectionPool(host='gpu06', port=9004): Read timed out.",0,59.56268577710819
240,2026-09-21T07:59:22.552+00:00,2026-09-21T08:04:23.291+00:00,2026-09-21T08:04:23.291+00:00,False,1,0.0,,0.0,300738.850693,300738.850693,300738.850693,300738.850693,300738.850693,300738.850693,nan,300738.850693,nan,nan,0.0,49,64,,True,False,"HTTPConnectionPool(host='gpu06', port=9004): Read timed out.",0,59.56268577710819
242,2026-09-21T07:59:23.134+00:00,2026-09-21T08:04:23.299+00:00,2026-09-21T08:04:23.299+00:00,False,1,0.0,,0.0,300164.68124199996,300164.68124199996,300164.68124199996,300164.68124199996,300164.68124199996,300164.68124199996,nan,300164.68124199996,nan,nan,0.0,49,64,,True,False,"HTTPConnectionPool(host='gpu06', port=9004): Read timed out.",0,59.56268577710819
235,2026-09-21T07:59:20.805+00:00,2026-09-21T08:04:23.299+00:00,2026-09-21T08:04:23.299+00:00,False,1,0.0,,0.0,302494.695607,302494.695607,302494.695607,302494.695607,302494.695607,302494.695607,nan,302494.695607,nan,nan,0.0,49,64,,True,False,"HTTPConnectionPool(host='gpu06', port=9004): Read timed out.",0,59.56268577710819
241,2026-09-21T07:59:22.837+00:00,2026-09-21T08:04:23.310+00:00,2026-09-21T08:04:23.310+00:00,False,1,0.0,,0.0,300472.101598,300472.101598,300472.101598,300472.101598,300472.101598,300472.101598,nan,300472.101598,nan,nan,0.0,49,64,,True,False,"HTTPConnectionPool(host='gpu06', port=9004): Read timed out.",0,59.56268577710819
239,2026-09-21T07:59:22.117+00:00,2026-09-21T08:04:23.314+00:00,2026-09-21T08:04:23.314+00:00,False,1,0.0,,0.0,301197.44638200005,301197.44638200005,301197.44638200005,301197.44638200005,301197.44638200005,301197.44638200005,nan,301197.44638200005,nan,nan,0.0,49,64,,True,False,"HTTPConnectionPool(host='gpu06', port=9004): Read timed out.",0,59.56268577710819
243,2026-09-21T07:59:23.432+00:00,2026-09-21T08:04:23.529+00:00,2026-09-21T08:04:23.529+00:00,False,1,0.0,,0.0,300096.650421,300096.650421,300096.650421,300096.650421,300096.650421,300096.650421,nan,300096.650421,nan,nan,0.0,49,64,,True,False,"HTTPConnectionPool(host='gpu06', port=9004): Read timed out.",0,59.56268577710819
244,2026-09-21T07:59:23.784+00:00,2026-09-21T08:04:23.844+00:00,2026-09-21T08:04:23.844+00:00,False,1,0.0,,0.0,300060.45641600003,300060.45641600003,300060.45641600003,300060.45641600003,300060.45641600003,300060.45641600003,nan,300060.45641600003,nan,nan,0.0,49,64,,True,False,"HTTPConnectionPool(host='gpu06', port=9004): Read timed out.",0,59.56268577710819
245,2026-09-21T07:59:24.137+00:00,2026-09-21T08:04:24.178+00:00,2026-09-21T08:04:24.178+00:00,False,1,0.0,,0.0,300040.653322,300040.653322,300040.653322,300040.653322,300040.653322,300040.653322,nan,300040.653322,nan,nan,0.0,49,64,,True,False,"HTTPConnectionPool(host='gpu06', port=9004): Read timed out.",0,59.56268577710819
246,2026-09-21T07:59:24.468+00:00,2026-09-21T08:04:24.551+00:00,2026-09-21T08:04:24.551+00:00,False,1,0.0,,0.0,300082.190291,300082.190291,300082.190291,300082.190291,300082.190291,300082.190291,nan,300082.190291,nan,nan,0.0,49,64,,True,False,"HTTPConnectionPool(host='gpu06', port=9004): Read timed out.",0,59.56268577710819
247,2026-09-21T07:59:24.717+00:00,2026-09-21T08:04:24.807+00:00,2026-09-21T08:04:24.807+00:00,False,1,0.0,,0.0,300090.170454,300090.170454,300090.170454,300090.170454,300090.170454,300090.170454,nan,300090.170454,nan,nan,0.0,49,64,,True,False,"HTTPConnectionPool(host='gpu06', port=9004): Read timed out.",0,59.56268577710819
248,2026-09-21T07:59:25.017+00:00,2026-09-21T08:04:25.132+00:00,2026-09-21T08:04:25.132+00:00,False,1,0.0,,0.0,300115.126435,300115.126435,300115.126435,300115.126435,300115.126435,300115.126435,nan,300115.126435,nan,nan,0.0,49,64,,True,False,"HTTPConnectionPool(host='gpu06', port=9004): Read timed out.",0,59.56268577710819
249,2026-09-21T07:59:25.263+00:00,2026-09-21T08:04:25.325+00:00,2026-09-21T08:04:25.325+00:00,False,1,0.0,,0.0,300062.519867,300062.519867,300062.519867,300062.519867,300062.519867,300062.519867,nan,300062.519867,nan,nan,0.0,49,64,,True,False,TTFT timeout: 300.0s exceeded (TTFT: 300.058s),0,59.56268577710819
250,2026-09-21T07:59:25.647+00:00,2026-09-21T08:04:25.640+00:00,2026-09-21T08:04:25.717+00:00,False,3,2.0,,2.0,299992.78943,300069.698486,300069.698491,100023.23283033333,0.029670000000000002,299992.78943,173178.72026167178,270001.1984261,38.454528,54.3409185463077,0.006665118171181525,49,64,,True,False,Request timeout: 300.0s exceeded,4,59.56268577710819
251,2026-09-21T07:59:25.952+00:00,2026-09-21T08:04:26.064+00:00,2026-09-21T08:04:26.064+00:00,False,1,0.0,,0.0,300112.59373100003,300112.59373100003,300112.59373100003,300112.59373100003,300112.59373100003,300112.59373100003,nan,300112.59373100003,nan,nan,0.0,49,64,,True,False,"HTTPConnectionPool(host='gpu06', port=9004): Read timed out.",0,59.56268577710819
252,2026-09-21T07:59:26.206+00:00,2026-09-21T08:04:26.318+00:00,2026-09-21T08:04:26.318+00:00,False,1,0.0,,0.0,300111.93908499996,300111.93908499996,300111.93908499996,300111.93908499996,300111.93908499996,300111.93908499996,nan,300111.93908499996,nan,nan,0.0,49,64,,True,False,"HTTPConnectionPool(host='gpu06', port=9004): Read timed out.",0,59.56268577710819
253,2026-09-21T07:59:26.446+00:00,2026-09-21T08:04:26.559+00:00,2026-09-21T08:04:26.559+00:00,False,1,0.0,,0.0,300112.840839,300112.840839,300112.840839,300112.840839,300112.840839,300112.840839,nan,300112.840839,nan,nan,0.0,49,64,,True,False,"HTTPConnectionPool(host='gpu06', port=9004): Read timed out.",0,59.56268577710819
254,2026-09-21T07:59:26.844+00:00,2026-09-21T08:04:26.950+00:00,2026-09-21T08:04:26.950+00:00,False,1,0.0,,0.0,300106.194982,300106.194982,300106.194982,300106.194982,300106.194982,300106.194982,nan,300106.194982,nan,nan,0.0,49,64,,True,False,"HTTPConnectionPool(host='gpu06', port=9004): Read timed out.",0,59.56268577710819
255,2026-09-21T07:59:27.284+00:00,2026-09-21T08:04:27.289+00:00,2026-09-21T08:04:27.517+00:00,False,3,2.0,,2.0,300004.89441,300233.476042,300233.476155,100077.825385,0.037219999999999996,300004.89441,173141.95837691234,270027.2594215,114.290816,161.57912643445266,0.006661482344894204,49,64,,True,False,Request timeout: 300.0s exceeded,6,59.56268577710819
256,2026-09-21T07:59:27.568+00:00,2026-09-21T08:04:27.517+00:00,2026-09-21T08:04:27.661+00:00,False,3,2.0,,2.0,299949.32511000003,300093.13157400006,300093.131713,100031.04390433335,0.03523,299949.32511000003,173134.32512125006,269968.76973630005,71.903232,101.63692657479957,0.00666459771841469,49,64,,True,False,Request timeout: 300.0s exceeded,8,59.56268577710819
257,2026-09-21T07:59:27.881+00:00,2026-09-21T08:04:27.986+00:00,2026-09-21T08:04:27.986+00:00,False,1,0.0,,0.0,300105.488503,300105.488503,300105.488503,300105.488503,300105.488503,300105.488503,nan,300105.488503,nan,nan,0.0,49,64,,True,False,"HTTPConnectionPool(host='gpu06', port=9004): Read timed out.",0,59.56268577710819
258,2026-09-21T07:59:28.122+00:00,2026-09-21T08:04:28.211+00:00,2026-09-21T08:04:28.211+00:00,False,1,0.0,,0.0,300089.07252600003,300089.07252600003,300089.07252600003,300089.07252600003,300089.07252600003,300089.07252600003,nan,300089.07252600003,nan,nan,0.0,49,64,,True,False,"HTTPConnectionPool(host='gpu06', port=9004): Read timed out.",0,59.56268577710819
259,2026-09-21T07:59:28.524+00:00,2026-09-21T08:04:28.544+00:00,2026-09-21T08:04:28.544+00:00,False,1,0.0,,0.0,300019.394277,300019.394277,300019.394277,300019.394277,300019.394277,300019.394277,nan,300019.394277,nan,nan,0.0,49,64,,True,False,"HTTPConnectionPool(host='gpu06', port=9004): Read timed out.",0,59.56268577710819
260,2026-09-21T07:59:28.838+00:00,2026-09-21T08:04:28.944+00:00,2026-09-21T08:04:28.944+00:00,False,1,0.0,,0.0,300106.763379,300106.763379,300106.763379,300106.763379,300106.763379,300106.763379,nan,300106.763379,nan,nan,0.0,49,64,,True,False,TTFT timeout: 300.0s exceeded (TTFT: 300.098s),0,59.56268577710819
261,2026-09-21T07:59:29.242+00:00,2026-09-21T08:04:29.267+00:00,2026-09-21T08:04:29.267+00:00,False,1,0.0,,0.0,300024.88578899996,300024.88578899996,300024.88578899996,300024.88578899996,300024.88578899996,300024.88578899996,nan,300024.88578899996,nan,nan,0.0,49,64,,True,False,TTFT timeout: 300.0s exceeded (TTFT: 300.019s),0,59.56268577710819
262,2026-09-21T07:59:29.480+00:00,2026-09-21T08:04:29.575+00:00,2026-09-21T08:04:29.575+00:00,False,1,0.0,,0.0,300094.579935,300094.579935,300094.579935,300094.579935,300094.579935,300094.579935,nan,300094.579935,nan,nan,0.0,49,64,,True,False,"HTTPConnectionPool(host='gpu06', port=9004): Read timed out.",0,59.56268577710819
263,2026-09-21T07:59:29.861+00:00,2026-09-21T08:04:29.896+00:00,2026-09-21T08:04:29.896+00:00,False,1,0.0,,0.0,300034.718529,300034.718529,300034.718529,300034.718529,300034.718529,300034.718529,nan,300034.718529,nan,nan,0.0,49,64,,True,False,TTFT timeout: 300.0s exceeded (TTFT: 300.005s),0,59.56268577710819
264,2026-09-21T07:59:30.286+00:00,2026-09-21T08:04:30.401+00:00,2026-09-21T08:04:30.401+00:00,False,1,0.0,,0.0,300115.158831,300115.158831,300115.158831,300115.158831,300115.158831,300115.158831,nan,300115.158831,nan,nan,0.0,49,64,,True,False,"HTTPConnectionPool(host='gpu06', port=9004): Read timed out.",0,59.56268577710819
265,2026-09-21T07:59:30.549+00:00,2026-09-21T08:04:30.664+00:00,2026-09-21T08:04:30.664+00:00,False,1,0.0,,0.0,300115.616604,300115.616604,300115.616604,300115.616604,300115.616604,300115.616604,nan,300115.616604,nan,nan,0.0,49,64,,True,False,"HTTPConnectionPool(host='gpu06', port=9004): Read timed out.",0,59.56268577710819
266,2026-09-21T07:59:30.838+00:00,2026-09-21T08:04:30.917+00:00,2026-09-21T08:04:30.917+00:00,False,1,0.0,,0.0,300079.640534,300079.640534,300079.640534,300079.640534,300079.640534,300079.640534,nan,300079.640534,nan,nan,0.0,49,64,,True,False,"HTTPConnectionPool(host='gpu06', port=9004): Read timed out.",0,59.56268577710819
267,2026-09-21T07:59:31.148+00:00,2026-09-21T08:04:31.257+00:00,2026-09-21T08:04:31.257+00:00,False,1,0.0,,0.0,300109.24676300003,300109.24676300003,300109.24676300003,300109.24676300003,300109.24676300003,300109.24676300003,nan,300109.24676300003,nan,nan,0.0,49,64,,True,False,"HTTPConnectionPool(host='gpu06', port=9004): Read timed out.",0,59.56268577710819
268,2026-09-21T07:59:31.542+00:00,2026-09-21T08:04:31.690+00:00,2026-09-21T08:04:32.857+00:00,False,20,19.0,,19.0,300148.49254799995,301315.46880399995,301315.46877299994,15065.773438649998,0.030449999999999998,300148.49254799995,67101.5177177799,15182.4975377,61.41980294736842,34.36111087031228,0.06305683566600806,49,64,,True,False,Request timeout: 300.0s exceeded,65,59.56268577710819
269,2026-09-21T07:59:31.962+00:00,2026-09-21T08:04:31.879+00:00,2026-09-21T08:04:32.958+00:00,False,21,20.0,,20.0,299916.232865,300995.212193,300995.21222800005,14333.105344190477,0.040670000000000005,299916.232865,65435.3167184109,75.52672100000001,53.948966399999996,15.593499025489141,0.06644623964043612,49,64,,True,False,Request timeout: 300.0s exceeded,60,59.56268577710819
272,2026-09-21T07:59:32.924+00:00,2026-09-21T08:04:33.050+00:00,2026-09-21T08:04:33.050+00:00,False,1,0.0,,0.0,300125.97221499996,300125.97221499996,300125.97221499996,300125.97221499996,300125.97221499996,300125.97221499996,nan,300125.97221499996,nan,nan,0.0,49,64,,True,False,"HTTPConnectionPool(host='gpu06', port=9004): Read timed out.",0,59.56268577710819
273,2026-09-21T07:59:33.286+00:00,2026-09-21T08:04:33.305+00:00,2026-09-21T08:04:33.305+00:00,False,1,0.0,,0.0,300019.280508,300019.280508,300019.280508,300019.280508,300019.280508,300019.280508,nan,300019.280508,nan,nan,0.0,49,64,,True,False,"HTTPConnectionPool(host='gpu06', port=9004): Read timed out.",0,59.56268577710819
270,2026-09-21T07:59:32.259+00:00,2026-09-21T08:04:33.347+00:00,2026-09-21T08:04:33.347+00:00,False,1,0.0,,0.0,301087.36319999996,301087.36319999996,301087.36319999996,301087.36319999996,301087.36319999996,301087.36319999996,nan,301087.36319999996,nan,nan,0.0,49,64,,True,False,"HTTPConnectionPool(host='gpu06', port=9004): Read timed out.",0,59.56268577710819
274,2026-09-21T07:59:33.564+00:00,2026-09-21T08:04:33.686+00:00,2026-09-21T08:04:33.686+00:00,False,1,0.0,,0.0,300121.766432,300121.766432,300121.766432,300121.766432,300121.766432,300121.766432,nan,300121.766432,nan,nan,0.0,49,64,,True,False,"HTTPConnectionPool(host='gpu06', port=9004): Read timed out.",0,59.56268577710819
271,2026-09-21T07:59:32.637+00:00,2026-09-21T08:04:34.061+00:00,2026-09-21T08:04:34.983+00:00,False,15,14.0,,14.0,301424.125721,302345.494553,302345.49435,20156.36629,0.02409,301424.125721,77810.39659997604,90581.7559928,65.81205942857143,49.45324404413735,0.04630464237840942,49,64,,True,False,Request timeout: 300.0s exceeded,59,59.56268577710819
275,2026-09-21T07:59:34.768+00:00,2026-09-21T08:04:34.284+00:00,2026-09-21T08:04:34.709+00:00,True,8,8.0,,8.0,299515.03899900004,299941.005591,299941.00544700003,37492.625680875004,46.881981,299515.03899900004,105873.04461137534,194720.69846105002,60.85237028571429,19.84489010660492,0.026671911645548097,49,64,,True,True,,56,59.56268577710819
277,2026-09-21T07:59:35.287+00:00,2026-09-21T08:04:35.490+00:00,2026-09-21T08:04:35.490+00:00,False,1,0.0,,0.0,300202.565458,300202.565458,300202.565458,300202.565458,300202.565458,300202.565458,nan,300202.565458,nan,nan,0.0,49,64,,True,False,"HTTPConnectionPool(host='gpu06', port=9004): Read timed out.",0,59.56268577710819
276,2026-09-21T07:59:35.250+00:00,2026-09-21T08:04:35.526+00:00,2026-09-21T08:04:35.526+00:00,False,1,0.0,,0.0,300275.39078200003,300275.39078200003,300275.39078200003,300275.39078200003,300275.39078200003,300275.39078200003,nan,300275.39078200003,nan,nan,0.0,49,64,,True,False,"HTTPConnectionPool(host='gpu06', port=9004): Read timed out.",0,59.56268577710819
278,2026-09-21T07:59:35.406+00:00,2026-09-21T08:04:35.528+00:00,2026-09-21T08:04:35.528+00:00,False,1,0.0,,0.0,300121.82977899996,300121.82977899996,300121.82977899996,300121.82977899996,300121.82977899996,300121.82977899996,nan,300121.82977899996,nan,nan,0.0,49,64,,True,False,"HTTPConnectionPool(host='gpu06', port=9004): Read timed out.",0,59.56268577710819
279,2026-09-21T07:59:35.420+00:00,2026-09-21T08:04:35.672+00:00,2026-09-21T08:04:35.672+00:00,False,1,0.0,,0.0,300252.42648100003,300252.42648100003,300252.42648100003,300252.42648100003,300252.42648100003,300252.42648100003,nan,300252.42648100003,nan,nan,0.0,49,64,,True,False,"HTTPConnectionPool(host='gpu06', port=9004): Read timed out.",0,59.56268577710819
280,2026-09-21T07:59:35.689+00:00,2026-09-21T08:04:36.008+00:00,2026-09-21T08:04:36.008+00:00,False,1,0.0,,0.0,300318.930306,300318.930306,300318.930306,300318.930306,300318.930306,300318.930306,nan,300318.930306,nan,nan,0.0,49,64,,True,False,"HTTPConnectionPool(host='gpu06', port=9004): Read timed out.",0,59.56268577710819
281,2026-09-21T07:59:35.804+00:00,2026-09-21T08:04:36.024+00:00,2026-09-21T08:04:36.024+00:00,False,1,0.0,,0.0,300219.705475,300219.705475,300219.705475,300219.705475,300219.705475,300219.705475,nan,300219.705475,nan,nan,0.0,49,64,,True,False,"HTTPConnectionPool(host='gpu06', port=9004): Read timed out.",0,59.56268577710819
282,2026-09-21T07:59:36.167+00:00,2026-09-21T08:04:36.301+00:00,2026-09-21T08:04:36.301+00:00,False,1,0.0,,0.0,300133.88496600004,300133.88496600004,300133.88496600004,300133.88496600004,300133.88496600004,300133.88496600004,nan,300133.88496600004,nan,nan,0.0,49,64,,True,False,"HTTPConnectionPool(host='gpu06', port=9004): Read timed out.",0,59.56268577710819
283,2026-09-21T07:59:36.501+00:00,2026-09-21T08:04:36.609+00:00,2026-09-21T08:04:36.609+00:00,False,1,0.0,,0.0,300107.960258,300107.960258,300107.960258,300107.960258,300107.960258,300107.960258,nan,300107.960258,nan,nan,0.0,49,64,,True,False,"HTTPConnectionPool(host='gpu06', port=9004): Read timed out.",0,59.56268577710819
284,2026-09-21T07:59:36.927+00:00,2026-09-21T08:04:37.031+00:00,2026-09-21T08:04:37.031+00:00,False,1,0.0,,0.0,300103.998564,300103.998564,300103.998564,300103.998564,300103.998564,300103.998564,nan,300103.998564,nan,nan,0.0,49,64,,True,False,"HTTPConnectionPool(host='gpu06', port=9004): Read timed out.",0,59.56268577710819
285,2026-09-21T07:59:37.362+00:00,2026-09-21T08:04:37.461+00:00,2026-09-21T08:04:37.461+00:00,False,1,0.0,,0.0,300098.50995,300098.50995,300098.50995,300098.50995,300098.50995,300098.50995,nan,300098.50995,nan,nan,0.0,49,64,,True,False,"HTTPConnectionPool(host='gpu06', port=9004): Read timed out.",0,59.56268577710819
286,2026-09-21T07:59:37.705+00:00,2026-09-21T08:04:37.830+00:00,2026-09-21T08:04:37.830+00:00,False,1,0.0,,0.0,300124.688167,300124.688167,300124.688167,300124.688167,300124.688167,300124.688167,nan,300124.688167,nan,nan,0.0,49,64,,True,False,"HTTPConnectionPool(host='gpu06', port=9004): Read timed out.",0,59.56268577710819
287,2026-09-21T07:59:38.045+00:00,2026-09-21T08:04:38.080+00:00,2026-09-21T08:04:38.080+00:00,False,1,0.0,,0.0,300034.78680199996,300034.78680199996,300034.78680199996,300034.78680199996,300034.78680199996,300034.78680199996,nan,300034.78680199996,nan,nan,0.0,49,64,,True,False,TTFT timeout: 300.0s exceeded (TTFT: 300.028s),0,59.56268577710819
288,2026-09-21T07:59:38.330+00:00,2026-09-21T08:04:38.252+00:00,2026-09-21T08:04:38.351+00:00,False,4,3.0,,3.0,299922.693457,300021.569105,300021.56924000004,75005.39231000001,0.02588,299922.693457,149944.86925677862,254942.12010835,32.95854933333333,28.65568286822768,0.009999281081521426,49,64,,True,False,Request timeout: 300.0s exceeded,18,59.56268577710819
289,2026-09-21T07:59:38.763+00:00,2026-09-21T08:04:38.884+00:00,2026-09-21T08:04:38.884+00:00,False,1,0.0,,0.0,300121.05020999996,300121.05020999996,300121.05020999996,300121.05020999996,300121.05020999996,300121.05020999996,nan,300121.05020999996,nan,nan,0.0,49,64,,True,False,"HTTPConnectionPool(host='gpu06', port=9004): Read timed out.",0,59.56268577710819
290,2026-09-21T07:59:39.033+00:00,2026-09-21T08:04:39.104+00:00,2026-09-21T08:04:39.104+00:00,False,1,0.0,,0.0,300071.33437199995,300071.33437199995,300071.33437199995,300071.33437199995,300071.33437199995,300071.33437199995,nan,300071.33437199995,nan,nan,0.0,49,64,,True,False,"HTTPConnectionPool(host='gpu06', port=9004): Read timed out.",0,59.56268577710819
291,2026-09-21T07:59:39.298+00:00,2026-09-21T08:04:39.408+00:00,2026-09-21T08:04:39.408+00:00,False,1,0.0,,0.0,300110.26307,300110.26307,300110.26307,300110.26307,300110.26307,300110.26307,nan,300110.26307,nan,nan,0.0,49,64,,True,False,"HTTPConnectionPool(host='gpu06', port=9004): Read timed out.",0,59.56268577710819
292,2026-09-21T07:59:39.656+00:00,2026-09-21T08:04:39.730+00:00,2026-09-21T08:04:39.730+00:00,False,1,0.0,,0.0,300074.441919,300074.441919,300074.441919,300074.441919,300074.441919,300074.441919,nan,300074.441919,nan,nan,0.0,49,64,,True,False,"HTTPConnectionPool(host='gpu06', port=9004): Read timed out.",0,59.56268577710819
293,2026-09-21T07:59:40.012+00:00,2026-09-21T08:04:40.044+00:00,2026-09-21T08:04:40.044+00:00,False,1,0.0,,0.0,300032.206059,300032.206059,300032.206059,300032.206059,300032.206059,300032.206059,nan,300032.206059,nan,nan,0.0,49,64,,True,False,TTFT timeout: 300.0s exceeded (TTFT: 300.025s),0,59.56268577710819
294,2026-09-21T07:59:40.253+00:00,2026-09-21T08:04:40.357+00:00,2026-09-21T08:04:40.357+00:00,False,1,0.0,,0.0,300104.551229,300104.551229,300104.551229,300104.551229,300104.551229,300104.551229,nan,300104.551229,nan,nan,0.0,49,64,,True,False,"HTTPConnectionPool(host='gpu06', port=9004): Read timed out.",0,59.56268577710819
295,2026-09-21T07:59:40.653+00:00,2026-09-21T08:04:40.624+00:00,2026-09-21T08:04:40.697+00:00,False,3,2.0,,2.0,299970.552327,300044.203783,300044.203762,100014.73458733334,0.019940000000000003,299970.552327,173166.82170848825,269980.86024380004,36.825728,52.051204965449166,0.006665684505095301,49,64,,True,False,Request timeout: 300.0s exceeded,8,59.56268577710819
296,2026-09-21T07:59:41.042+00:00,2026-09-21T08:04:41.074+00:00,2026-09-21T08:04:41.074+00:00,False,1,0.0,,0.0,300031.975515,300031.975515,300031.975515,300031.975515,300031.975515,300031.975515,nan,300031.975515,nan,nan,0.0,49,64,,True,False,"HTTPConnectionPool(host='gpu06', port=9004): Read timed out.",0,59.56268577710819
297,2026-09-21T07:59:41.359+00:00,2026-09-21T08:04:41.461+00:00,2026-09-21T08:04:41.461+00:00,False,1,0.0,,0.0,300102.800483,300102.800483,300102.800483,300102.800483,300102.800483,300102.800483,nan,300102.800483,nan,nan,0.0,49,64,,True,False,"HTTPConnectionPool(host='gpu06', port=9004): Read timed out.",0,59.56268577710819
298,2026-09-21T07:59:41.653+00:00,2026-09-21T08:04:41.770+00:00,2026-09-21T08:04:41.770+00:00,False,1,0.0,,0.0,300116.220629,300116.220629,300116.220629,300116.220629,300116.220629,300116.220629,nan,300116.220629,nan,nan,0.0,49,64,,True,False,"HTTPConnectionPool(host='gpu06', port=9004): Read timed out.",0,59.56268577710819
299,2026-09-21T07:59:42.021+00:00,2026-09-21T08:04:42.102+00:00,2026-09-21T08:04:42.102+00:00,False,1,0.0,,0.0,300081.003706,300081.003706,300081.003706,300081.003706,300081.003706,300081.003706,nan,300081.003706,nan,nan,0.0,49,64,,True,False,"HTTPConnectionPool(host='gpu06', port=9004): Read timed out.",0,59.56268577710819
300,2026-09-21T07:59:42.262+00:00,2026-09-21T08:04:42.366+00:00,2026-09-21T08:04:42.366+00:00,False,1,0.0,,0.0,300104.214729,300104.214729,300104.214729,300104.214729,300104.214729,300104.214729,nan,300104.214729,nan,nan,0.0,49,64,,True,False,"HTTPConnectionPool(host='gpu06', port=9004): Read timed out.",0,59.56268577710819
301,2026-09-21T07:59:42.615+00:00,2026-09-21T08:04:42.600+00:00,2026-09-21T08:04:42.769+00:00,False,3,2.0,,2.0,299984.92073400004,300153.899166,300153.899013,100051.29967100002,0.03454,299984.92073400004,173147.61550798742,270003.3230345,84.489216,119.43691992075428,0.006663248438741423,49,64,,True,False,Request timeout: 300.0s exceeded,6,59.56268577710819
302,2026-09-21T07:59:42.962+00:00,2026-09-21T08:04:43.069+00:00,2026-09-21T08:04:43.069+00:00,False,1,0.0,,0.0,300106.58440399996,300106.58440399996,300106.58440399996,300106.58440399996,300106.58440399996,300106.58440399996,nan,300106.58440399996,nan,nan,0.0,49,64,,True,False,"HTTPConnectionPool(host='gpu06', port=9004): Read timed out.",0,59.56268577710819
303,2026-09-21T07:59:43.317+00:00,2026-09-21T08:04:43.415+00:00,2026-09-21T08:04:43.415+00:00,False,1,0.0,,0.0,300098.645472,300098.645472,300098.645472,300098.645472,300098.645472,300098.645472,nan,300098.645472,nan,nan,0.0,49,64,,True,False,"HTTPConnectionPool(host='gpu06', port=9004): Read timed out.",0,59.56268577710819
304,2026-09-21T07:59:43.626+00:00,2026-09-21T08:04:43.652+00:00,2026-09-21T08:04:43.652+00:00,False,1,0.0,,0.0,300026.61402,300026.61402,300026.61402,300026.61402,300026.61402,300026.61402,nan,300026.61402,nan,nan,0.0,49,64,,True,False,"HTTPConnectionPool(host='gpu06', port=9004): Read timed out.",0,59.56268577710819
305,2026-09-21T07:59:44.011+00:00,2026-09-21T08:04:44.115+00:00,2026-09-21T08:04:44.115+00:00,False,1,0.0,,0.0,300104.549718,300104.549718,300104.549718,300104.549718,300104.549718,300104.549718,nan,300104.549718,nan,nan,0.0,49,64,,True,False,"HTTPConnectionPool(host='gpu06', port=9004): Read timed out.",0,59.56268577710819
306,2026-09-21T07:59:44.410+00:00,2026-09-21T08:04:44.408+00:00,2026-09-21T08:04:44.636+00:00,False,3,2.0,,2.0,299997.979215,300225.439567,300225.439721,100075.14657366667,0.0361,299997.979215,173138.28919352693,270020.92373409995,113.730176,160.78770989753167,0.006661660660350765,49,64,,True,False,Request timeout: 300.0s exceeded,11,59.56268577710819
307,2026-09-21T07:59:44.780+00:00,2026-09-21T08:04:44.749+00:00,2026-09-21T08:04:44.921+00:00,False,3,2.0,,2.0,299969.893481,300141.416041,300141.41599099996,100047.13866366666,0.03443,299969.893481,173138.20568956525,269990.0529409,85.76128,121.23589008176086,0.006663525568649931,49,64,,True,False,Request timeout: 300.0s exceeded,9,59.56268577710819
308,2026-09-21T07:59:45.136+00:00,2026-09-21T08:04:45.239+00:00,2026-09-21T08:04:45.239+00:00,False,1,0.0,,0.0,300103.6527,300103.6527,300103.6527,300103.6527,300103.6527,300103.6527,nan,300103.6527,nan,nan,0.0,49,64,,True,False,"HTTPConnectionPool(host='gpu06', port=9004): Read timed out.",0,59.56268577710819
309,2026-09-21T07:59:45.488+00:00,2026-09-21T08:04:45.882+00:00,2026-09-21T08:04:47.073+00:00,False,20,19.0,,19.0,300394.11026,301585.239348,301585.239227,15079.26196135,0.03177,300394.11026,67156.15443100476,15181.68010355,62.69100463157894,32.62182381381858,0.06300043079388197,49,64,,True,False,Request timeout: 300.0s exceeded,51,59.56268577710819
310,2026-09-21T07:59:45.888+00:00,2026-09-21T08:04:46.342+00:00,2026-09-21T08:04:47.128+00:00,False,16,15.0,,15.0,300454.072827,301239.715323,301239.715169,18827.4821980625,0.04332,300454.072827,75100.4258044246,75169.9951155,52.376166399999995,16.22940597826387,0.04979423109571215,49,64,,True,False,Request timeout: 300.0s exceeded,81,59.56268577710819
311,2026-09-21T07:59:46.155+00:00,2026-09-21T08:04:47.352+00:00,2026-09-21T08:04:47.352+00:00,False,1,0.0,,0.0,301197.070031,301197.070031,301197.070031,301197.070031,301197.070031,301197.070031,nan,301197.070031,nan,nan,0.0,49,64,,True,False,"HTTPConnectionPool(host='gpu06', port=9004): Read timed out.",0,59.56268577710819
314,2026-09-21T07:59:47.242+00:00,2026-09-21T08:04:47.362+00:00,2026-09-21T08:04:47.362+00:00,False,1,0.0,,0.0,300120.318616,300120.318616,300120.318616,300120.318616,300120.318616,300120.318616,nan,300120.318616,nan,nan,0.0,49,64,,True,False,"HTTPConnectionPool(host='gpu06', port=9004): Read timed out.",0,59.56268577710819
315,2026-09-21T07:59:47.531+00:00,2026-09-21T08:04:47.550+00:00,2026-09-21T08:04:47.550+00:00,False,1,0.0,,0.0,300019.081348,300019.081348,300019.081348,300019.081348,300019.081348,300019.081348,nan,300019.081348,nan,nan,0.0,49,64,,True,False,"HTTPConnectionPool(host='gpu06', port=9004): Read timed out.",0,59.56268577710819
312,2026-09-21T07:59:46.575+00:00,2026-09-21T08:04:47.613+00:00,2026-09-21T08:04:47.613+00:00,False,1,0.0,,0.0,301037.711798,301037.711798,301037.711798,301037.711798,301037.711798,301037.711798,nan,301037.711798,nan,nan,0.0,49,64,,True,False,"HTTPConnectionPool(host='gpu06', port=9004): Read timed out.",0,59.56268577710819
316,2026-09-21T07:59:47.792+00:00,2026-09-21T08:04:47.802+00:00,2026-09-21T08:04:47.802+00:00,False,1,0.0,,0.0,300010.11137,300010.11137,300010.11137,300010.11137,300010.11137,300010.11137,nan,300010.11137,nan,nan,0.0,49,64,,True,False,"HTTPConnectionPool(host='gpu06', port=9004): Read timed out.",0,59.56268577710819
313,2026-09-21T07:59:46.907+00:00,2026-09-21T08:04:48.084+00:00,2026-09-21T08:04:48.084+00:00,False,1,0.0,,0.0,301177.22487,301177.22487,301177.22487,301177.22487,301177.22487,301177.22487,nan,301177.22487,nan,nan,0.0,49,64,,True,False,"HTTPConnectionPool(host='gpu06', port=9004): Read timed out.",0,59.56268577710819
317,2026-09-21T07:59:48.077+00:00,2026-09-21T08:04:48.184+00:00,2026-09-21T08:04:48.184+00:00,False,1,0.0,,0.0,300106.81502100005,300106.81502100005,300106.81502100005,300106.81502100005,300106.81502100005,300106.81502100005,nan,300106.81502100005,nan,nan,0.0,49,64,,True,False,"HTTPConnectionPool(host='gpu06', port=9004): Read timed out.",0,59.56268577710819
318,2026-09-21T07:59:48.352+00:00,2026-09-21T08:04:48.456+00:00,2026-09-21T08:04:48.456+00:00,False,1,0.0,,0.0,300104.096711,300104.096711,300104.096711,300104.096711,300104.096711,300104.096711,nan,300104.096711,nan,nan,0.0,49,64,,True,False,"HTTPConnectionPool(host='gpu06', port=9004): Read timed out.",0,59.56268577710819
319,2026-09-21T07:59:48.767+00:00,2026-09-21T08:04:48.757+00:00,2026-09-21T08:04:49.022+00:00,False,3,2.0,,2.0,299990.844356,300255.10266000003,300255.10281,100085.03427,0.049659999999999996,299990.844356,173123.56028171597,270018.18079980003,132.129152,186.78860324089447,0.006661002535116749,49,64,,True,False,Request timeout: 300.0s exceeded,11,59.56268577710819
320,2026-09-21T07:59:49.152+00:00,2026-09-21T08:04:49.136+00:00,2026-09-21T08:04:49.282+00:00,False,3,2.0,,2.0,299984.076309,300130.638357,300130.63832,100043.54610666668,0.03537,299984.076309,173153.5938931553,270000.32134220004,73.281024,103.58505666865675,0.006663764855692727,49,64,,True,False,Request timeout: 300.0s exceeded,6,59.56268577710819
321,2026-09-21T07:59:49.466+00:00,2026-09-21T08:04:49.575+00:00,2026-09-21T08:04:49.575+00:00,False,1,0.0,,0.0,300108.794554,300108.794554,300108.794554,300108.794554,300108.794554,300108.794554,nan,300108.794554,nan,nan,0.0,49,64,,True,False,"HTTPConnectionPool(host='gpu06', port=9004): Read timed out.",0,59.56268577710819
322,2026-09-21T07:59:49.756+00:00,2026-09-21T08:04:49.857+00:00,2026-09-21T08:04:49.857+00:00,False,1,0.0,,0.0,300101.440612,300101.440612,300101.440612,300101.440612,300101.440612,300101.440612,nan,300101.440612,nan,nan,0.0,49,64,,True,False,"HTTPConnectionPool(host='gpu06', port=9004): Read timed out.",0,59.56268577710819
323,2026-09-21T07:59:49.996+00:00,2026-09-21T08:04:50.068+00:00,2026-09-21T08:04:50.068+00:00,False,1,0.0,,0.0,300072.85827799997,300072.85827799997,300072.85827799997,300072.85827799997,300072.85827799997,300072.85827799997,nan,300072.85827799997,nan,nan,0.0,49,64,,True,False,"HTTPConnectionPool(host='gpu06', port=9004): Read timed out.",0,59.56268577710819
324,2026-09-21T07:59:50.242+00:00,2026-09-21T08:04:50.346+00:00,2026-09-21T08:04:50.346+00:00,False,1,0.0,,0.0,300104.606879,300104.606879,300104.606879,300104.606879,300104.606879,300104.606879,nan,300104.606879,nan,nan,0.0,49,64,,True,False,"HTTPConnectionPool(host='gpu06', port=9004): Read timed out.",0,59.56268577710819
325,2026-09-21T07:59:50.581+00:00,2026-09-21T08:04:50.661+00:00,2026-09-21T08:04:50.661+00:00,False,1,0.0,,0.0,300080.28715,300080.28715,300080.28715,300080.28715,300080.28715,300080.28715,nan,300080.28715,nan,nan,0.0,49,64,,True,False,"HTTPConnectionPool(host='gpu06', port=9004): Read timed out.",0,59.56268577710819
326,2026-09-21T07:59:50.954+00:00,2026-09-21T08:04:51.060+00:00,2026-09-21T08:04:51.060+00:00,False,1,0.0,,0.0,300106.56575199997,300106.56575199997,300106.56575199997,300106.56575199997,300106.56575199997,300106.56575199997,nan,300106.56575199997,nan,nan,0.0,49,64,,True,False,"HTTPConnectionPool(host='gpu06', port=9004): Read timed out.",0,59.56268577710819
327,2026-09-21T07:59:51.354+00:00,2026-09-21T08:04:51.340+00:00,2026-09-21T08:04:51.464+00:00,False,3,2.0,,2.0,299986.00531,300110.221118,300110.221273,100036.74042433333,0.03308,299986.00531,173161.15398533316,269999.82306729996,62.107904,87.78713717868239,0.006664218208061705,49,64,,True,False,Request timeout: 300.0s exceeded,9,59.56268577710819
328,2026-09-21T07:59:51.635+00:00,2026-09-21T08:04:51.566+00:00,2026-09-21T08:04:51.657+00:00,False,4,3.0,,3.0,299931.391122,300022.028178,300022.028016,75005.507004,0.03623,299931.391122,149950.59093076029,254948.55554625002,30.212352,26.13836193992271,0.009999265781311665,49,64,,True,False,Request timeout: 300.0s exceeded,18,59.56268577710819
329,2026-09-21T07:59:52.007+00:00,2026-09-21T08:04:52.107+00:00,2026-09-21T08:04:52.107+00:00,False,1,0.0,,0.0,300099.13945599995,300099.13945599995,300099.13945599995,300099.13945599995,300099.13945599995,300099.13945599995,nan,300099.13945599995,nan,nan,0.0,49,64,,True,False,"HTTPConnectionPool(host='gpu06', port=9004): Read timed out.",0,59.56268577710819
330,2026-09-21T07:59:52.360+00:00,2026-09-21T08:04:52.468+00:00,2026-09-21T08:04:52.468+00:00,False,1,0.0,,0.0,300108.022123,300108.022123,300108.022123,300108.022123,300108.022123,300108.022123,nan,300108.022123,nan,nan,0.0,49,64,,True,False,"HTTPConnectionPool(host='gpu06', port=9004): Read timed out.",0,59.56268577710819
331,2026-09-21T07:59:52.631+00:00,2026-09-21T08:04:52.721+00:00,2026-09-21T08:04:52.721+00:00,False,1,0.0,,0.0,300090.271254,300090.271254,300090.271254,300090.271254,300090.271254,300090.271254,nan,300090.271254,nan,nan,0.0,49,64,,True,False,TTFT timeout: 300.0s exceeded (TTFT: 300.086s),0,59.56268577710819
333,2026-09-21T07:59:54.282+00:00,2026-09-21T08:04:53.198+00:00,2026-09-21T08:04:54.562+00:00,False,25,24.0,,24.0,298916.06712,300279.82699200005,300279.82697600004,12011.19307904,0.03334,298916.06712,59771.85118613579,94.0025162,56.823328,17.401812499671877,0.07992544900673397,49,64,,True,False,Request timeout: 300.0s exceeded,61,59.56268577710819
332,2026-09-21T07:59:54.242+00:00,2026-09-21T08:04:53.291+00:00,2026-09-21T08:04:54.635+00:00,False,25,24.0,,24.0,299048.302487,300393.036183,300393.036365,12015.7214546,0.039119999999999995,299048.302487,59798.45624331858,73.84806780000001,56.03057066666666,15.24196520625268,0.07989532748481944,49,64,,True,False,Request timeout: 300.0s exceeded,48,59.56268577710819
334,2026-09-21T07:59:54.340+00:00,2026-09-21T08:04:53.292+00:00,2026-09-21T08:04:54.564+00:00,False,24,23.0,,23.0,298952.309868,300223.745388,300223.74545,12509.322727083332,0.02594,298952.309868,61012.10266598934,75.97958150000001,55.279805217391306,15.538345829517255,0.07660952990335759,49,64,,True,False,Request timeout: 300.0s exceeded,162,59.56268577710819
336,2026-09-21T07:59:54.392+00:00,2026-09-21T08:04:54.729+00:00,2026-09-21T08:04:54.729+00:00,False,1,0.0,,0.0,300337.46150599996,300337.46150599996,300337.46150599996,300337.46150599996,300337.46150599996,300337.46150599996,nan,300337.46150599996,nan,nan,0.0,49,64,,True,False,"HTTPConnectionPool(host='gpu06', port=9004): Read timed out.",0,59.56268577710819
335,2026-09-21T07:59:54.350+00:00,2026-09-21T08:04:54.967+00:00,2026-09-21T08:04:54.967+00:00,False,1,0.0,,0.0,300616.985416,300616.985416,300616.985416,300616.985416,300616.985416,300616.985416,nan,300616.985416,nan,nan,0.0,49,64,,True,False,"HTTPConnectionPool(host='gpu06', port=9004): Read timed out.",0,59.56268577710819
337,2026-09-21T07:59:54.747+00:00,2026-09-21T08:04:55.164+00:00,2026-09-21T08:04:55.164+00:00,False,1,0.0,,0.0,300417.069349,300417.069349,300417.069349,300417.069349,300417.069349,300417.069349,nan,300417.069349,nan,nan,0.0,49,64,,True,False,"HTTPConnectionPool(host='gpu06', port=9004): Read timed out.",0,59.56268577710819
338,2026-09-21T07:59:55.002+00:00,2026-09-21T08:04:55.412+00:00,2026-09-21T08:04:55.412+00:00,False,1,0.0,,0.0,300410.22499,300410.22499,300410.22499,300410.22499,300410.22499,300410.22499,nan,300410.22499,nan,nan,0.0,49,64,,True,False,"HTTPConnectionPool(host='gpu06', port=9004): Read timed out.",0,59.56268577710819
339,2026-09-21T07:59:55.308+00:00,2026-09-21T08:04:55.633+00:00,2026-09-21T08:04:55.633+00:00,False,1,0.0,,0.0,300325.80179,300325.80179,300325.80179,300325.80179,300325.80179,300325.80179,nan,300325.80179,nan,nan,0.0,49,64,,True,False,"HTTPConnectionPool(host='gpu06', port=9004): Read timed out.",0,59.56268577710819
340,2026-09-21T07:59:55.594+00:00,2026-09-21T08:04:55.735+00:00,2026-09-21T08:04:55.735+00:00,False,1,0.0,,0.0,300141.004279,300141.004279,300141.004279,300141.004279,300141.004279,300141.004279,nan,300141.004279,nan,nan,0.0,49,64,,True,False,"HTTPConnectionPool(host='gpu06', port=9004): Read timed out.",0,59.56268577710819
341,2026-09-21T07:59:55.848+00:00,2026-09-21T08:04:55.953+00:00,2026-09-21T08:04:55.953+00:00,False,1,0.0,,0.0,300104.798423,300104.798423,300104.798423,300104.798423,300104.798423,300104.798423,nan,300104.798423,nan,nan,0.0,49,64,,True,False,"HTTPConnectionPool(host='gpu06', port=9004): Read timed out.",0,59.56268577710819
342,2026-09-21T07:59:56.135+00:00,2026-09-21T08:04:56.239+00:00,2026-09-21T08:04:56.239+00:00,False,1,0.0,,0.0,300104.502811,300104.502811,300104.502811,300104.502811,300104.502811,300104.502811,nan,300104.502811,nan,nan,0.0,49,64,,True,False,"HTTPConnectionPool(host='gpu06', port=9004): Read timed out.",0,59.56268577710819
343,2026-09-21T07:59:56.392+00:00,2026-09-21T08:04:56.515+00:00,2026-09-21T08:04:56.515+00:00,False,1,0.0,,0.0,300123.622531,300123.622531,300123.622531,300123.622531,300123.622531,300123.622531,nan,300123.622531,nan,nan,0.0,49,64,,True,False,"HTTPConnectionPool(host='gpu06', port=9004): Read timed out.",0,59.56268577710819
344,2026-09-21T07:59:56.641+00:00,2026-09-21T08:04:56.747+00:00,2026-09-21T08:04:56.747+00:00,False,1,0.0,,0.0,300106.429465,300106.429465,300106.429465,300106.429465,300106.429465,300106.429465,nan,300106.429465,nan,nan,0.0,49,64,,True,False,"HTTPConnectionPool(host='gpu06', port=9004): Read timed out.",0,59.56268577710819
345,2026-09-21T07:59:56.979+00:00,2026-09-21T08:04:57.083+00:00,2026-09-21T08:04:57.083+00:00,False,1,0.0,,0.0,300103.642134,300103.642134,300103.642134,300103.642134,300103.642134,300103.642134,nan,300103.642134,nan,nan,0.0,49,64,,True,False,"HTTPConnectionPool(host='gpu06', port=9004): Read timed out.",0,59.56268577710819
346,2026-09-21T07:59:57.278+00:00,2026-09-21T08:04:57.358+00:00,2026-09-21T08:04:57.358+00:00,False,1,0.0,,0.0,300080.885371,300080.885371,300080.885371,300080.885371,300080.885371,300080.885371,nan,300080.885371,nan,nan,0.0,49,64,,True,False,TTFT timeout: 300.0s exceeded (TTFT: 300.078s),0,59.56268577710819
347,2026-09-21T07:59:57.598+00:00,2026-09-21T08:04:57.685+00:00,2026-09-21T08:04:57.685+00:00,False,1,0.0,,0.0,300086.383073,300086.383073,300086.383073,300086.383073,300086.383073,300086.383073,nan,300086.383073,nan,nan,0.0,49,64,,True,False,TTFT timeout: 300.0s exceeded (TTFT: 300.084s),0,59.56268577710819
348,2026-09-21T07:59:57.862+00:00,2026-09-21T08:04:57.967+00:00,2026-09-21T08:04:57.967+00:00,False,1,0.0,,0.0,300104.652983,300104.652983,300104.652983,300104.652983,300104.652983,300104.652983,nan,300104.652983,nan,nan,0.0,49,64,,True,False,"HTTPConnectionPool(host='gpu06', port=9004): Read timed out.",0,59.56268577710819
349,2026-09-21T07:59:58.182+00:00,2026-09-21T08:04:58.243+00:00,2026-09-21T08:04:58.243+00:00,False,1,0.0,,0.0,300060.40737699997,300060.40737699997,300060.40737699997,300060.40737699997,300060.40737699997,300060.40737699997,nan,300060.40737699997,nan,nan,0.0,49,64,,True,False,"HTTPConnectionPool(host='gpu06', port=9004): Read timed out.",0,59.56268577710819
350,2026-09-21T07:59:58.467+00:00,2026-09-21T08:04:58.545+00:00,2026-09-21T08:04:58.545+00:00,False,1,0.0,,0.0,300078.144604,300078.144604,300078.144604,300078.144604,300078.144604,300078.144604,nan,300078.144604,nan,nan,0.0,49,64,,True,False,"HTTPConnectionPool(host='gpu06', port=9004): Read timed out.",0,59.56268577710819
351,2026-09-21T07:59:58.741+00:00,2026-09-21T08:04:58.844+00:00,2026-09-21T08:04:58.844+00:00,False,1,0.0,,0.0,300103.59863200004,300103.59863200004,300103.59863200004,300103.59863200004,300103.59863200004,300103.59863200004,nan,300103.59863200004,nan,nan,0.0,49,64,,True,False,"HTTPConnectionPool(host='gpu06', port=9004): Read timed out.",0,59.56268577710819
352,2026-09-21T07:59:59.161+00:00,2026-09-21T08:04:59.215+00:00,2026-09-21T08:04:59.215+00:00,False,1,0.0,,0.0,300053.891302,300053.891302,300053.891302,300053.891302,300053.891302,300053.891302,nan,300053.891302,nan,nan,0.0,49,64,,True,False,TTFT timeout: 300.0s exceeded (TTFT: 300.040s),0,59.56268577710819
353,2026-09-21T07:59:59.497+00:00,2026-09-21T08:04:59.432+00:00,2026-09-21T08:04:59.534+00:00,False,4,3.0,,3.0,299935.01962,300036.37206799997,300036.372223,75009.09305575,0.05865,299935.01962,149950.61967833308,254953.2204799,33.78414933333334,29.76041521515648,0.00999878774470744,49,64,,True,False,Request timeout: 300.0s exceeded,25,59.56268577710819
354,2026-09-21T07:59:59.766+00:00,2026-09-21T08:04:59.879+00:00,2026-09-21T08:04:59.879+00:00,False,1,0.0,,0.0,300112.986108,300112.986108,300112.986108,300112.986108,300112.986108,300112.986108,nan,300112.986108,nan,nan,0.0,49,64,,True,False,"HTTPConnectionPool(host='gpu06', port=9004): Read timed out.",0,59.56268577710819
355,2026-09-21T08:00:00.009+00:00,2026-09-21T08:05:00.124+00:00,2026-09-21T08:05:00.124+00:00,False,1,0.0,,0.0,300115.61863200006,300115.61863200006,300115.61863200006,300115.61863200006,300115.61863200006,300115.61863200006,nan,300115.61863200006,nan,nan,0.0,49,64,,True,False,"HTTPConnectionPool(host='gpu06', port=9004): Read timed out.",0,59.56268577710819
356,2026-09-21T08:00:00.277+00:00,2026-09-21T08:05:00.387+00:00,2026-09-21T08:05:00.387+00:00,False,1,0.0,,0.0,300110.08896200004,300110.08896200004,300110.08896200004,300110.08896200004,300110.08896200004,300110.08896200004,nan,300110.08896200004,nan,nan,0.0,49,64,,True,False,"HTTPConnectionPool(host='gpu06', port=9004): Read timed out.",0,59.56268577710819
357,2026-09-21T08:00:00.572+00:00,2026-09-21T08:05:00.685+00:00,2026-09-21T08:05:00.685+00:00,False,1,0.0,,0.0,300112.95941799995,300112.95941799995,300112.95941799995,300112.95941799995,300112.95941799995,300112.95941799995,nan,300112.95941799995,nan,nan,0.0,49,64,,True,False,"HTTPConnectionPool(host='gpu06', port=9004): Read timed out.",0,59.56268577710819
358,2026-09-21T08:00:00.945+00:00,2026-09-21T08:05:00.977+00:00,2026-09-21T08:05:00.977+00:00,False,1,0.0,,0.0,300031.682327,300031.682327,300031.682327,300031.682327,300031.682327,300031.682327,nan,300031.682327,nan,nan,0.0,49,64,,True,False,TTFT timeout: 300.0s exceeded (TTFT: 300.026s),0,59.56268577710819
359,2026-09-21T08:00:01.312+00:00,2026-09-21T08:05:01.384+00:00,2026-09-21T08:05:02.968+00:00,False,28,27.0,,27.0,300071.32514,301655.69198799995,301655.69220299996,10773.41757867857,0.02584,300071.32514,56697.063842767646,108.86050835,58.680253629629625,19.51458154980196,0.0895060186733492,49,64,,True,False,Request timeout: 300.0s exceeded,159,59.56268577710819
361,2026-09-21T08:00:02.099+00:00,2026-09-21T08:05:03.263+00:00,2026-09-21T08:05:03.263+00:00,False,1,0.0,,0.0,301164.236016,301164.236016,301164.236016,301164.236016,301164.236016,301164.236016,nan,301164.236016,nan,nan,0.0,49,64,,True,False,"HTTPConnectionPool(host='gpu06', port=9004): Read timed out.",0,59.56268577710819
360,2026-09-21T08:00:01.738+00:00,2026-09-21T08:05:03.600+00:00,2026-09-21T08:05:04.267+00:00,True,14,14.0,,14.0,301861.419248,302528.929008,302528.92886700004,21609.209204785715,22.546179,301861.419248,80662.13632318082,105701.95143655,51.34690461538462,16.533513384644483,0.04627656616478415,49,64,,True,True,,28,59.56268577710819
0,2026-09-21T07:58:02.302+00:00,2026-09-21T07:58:02.577+00:00,2026-09-21T07:58:04.302+00:00,True,34,34.0,,34.0,274.853749,1999.7277330000002,1999.727825,58.81552426470588,0.01641,274.853749,58.06074455676126,196.41059705,52.268908606060606,44.426115658603464,17.0023145845925,50,64,,False,True,,40,59.56268577710819
1,2026-09-21T07:58:02.635+00:00,2026-09-21T07:58:03.493+00:00,2026-09-21T07:58:07.799+00:00,True,71,71.0,,71.0,857.8486770000001,5164.013157,5164.01317,72.73257985915492,38.830013,857.8486770000001,95.20673979808049,79.5755255,61.516635428571426,11.603067032353593,13.748996728204888,50,64,,False,True,,142,59.56268577710819
2,2026-09-21T07:58:03.117+00:00,2026-09-21T07:58:03.574+00:00,2026-09-21T07:58:03.674+00:00,True,3,3.0,,3.0,457.003681,557.7097289999999,557.709838,185.90327933333333,45.244053,457.003681,234.83541679105954,416.84952329999993,50.353024,7.225386795791628,5.379142310067179,50,64,,False,True,,29,59.56268577710819
4,2026-09-21T07:58:03.708+00:00,2026-09-21T07:58:06.413+00:00,2026-09-21T07:58:07.983+00:00,True,27,27.0,,27.0,2705.608272,4275.789648,4275.789767,158.36258396296296,42.460294000000005,2705.608272,509.17987015746246,79.9128807,60.39159138461538,10.678663192636153,6.314623080821866,50,64,,False,True,,36,59.56268577710819
3,2026-09-21T07:58:03.406+00:00,2026-09-21T07:58:07.915+00:00,2026-09-21T07:58:12.215+00:00,True,69,69.0,,69.0,4509.16183,8809.13111,8809.131176,127.66856776811593,41.411864,4509.16183,535.3321552192051,79.84906059999999,63.23484235294118,10.703581352957777,7.832781592008794,50,64,,False,True,,209,59.56268577710819
6,2026-09-21T07:58:04.344+00:00,2026-09-21T07:58:11.701+00:00,2026-09-21T07:58:14.399+00:00,True,42,42.0,,42.0,7356.409360000001,10054.812176,10054.81213,239.40028880952383,0.016579999999999998,7356.409360000001,1126.620781437288,85.64504000000001,65.81470282926828,61.85091360728049,4.177104381944648,50,64,,False,True,,252,59.56268577710819
7,2026-09-21T07:58:04.661+00:00,2026-09-21T07:58:13.280+00:00,2026-09-21T07:58:13.685+00:00,True,7,7.0,,7.0,8619.509453,9024.764621,9024.764575000001,1289.2520821428573,46.438235,8619.509453,3232.3535773939643,6055.5316115000005,67.542528,10.385160218223385,0.775643498082098,50,64,,False,True,,20,59.56268577710819
8,2026-09-21T07:58:04.930+00:00,2026-09-21T07:58:14.453+00:00,2026-09-21T07:58:16.259+00:00,True,31,31.0,,31.0,9523.555507,11329.235122999999,11329.235244,365.4592014193548,42.400854,9523.555507,1699.6966752262808,75.725828,60.18932053333333,9.549764585345184,2.73628357637891,50,64,,False,True,,102,59.56268577710819
5,2026-09-21T07:58:03.954+00:00,2026-09-21T07:58:15.394+00:00,2026-09-21T07:58:18.028+00:00,True,44,44.0,,44.0,11439.854879,14073.508127000001,14073.508073,319.8524562045455,41.641535000000005,11439.854879,1715.4191604805985,77.52464099999999,61.24774995348837,10.195311260941356,3.1264415100301877,50,64,,False,True,,176,59.56268577710819
9,2026-09-21T07:58:05.297+00:00,2026-09-21T07:58:17.181+00:00,2026-09-21T07:58:18.798+00:00,True,27,27.0,,27.0,11883.446625,13501.053281,13501.053323,500.039011962963,44.425875,11883.446625,2275.0190091524973,80.6495447,62.215640615384615,10.213766377573776,1.9998439705439155,50,64,,False,True,,81,59.56268577710819
10,2026-09-21T07:58:05.538+00:00,2026-09-21T07:58:18.412+00:00,2026-09-21T07:58:24.643+00:00,True,97,97.0,,97.0,12874.879367000001,19105.657479,19105.657464,196.9655408659794,0.0,12874.879367000001,1302.3323990860215,84.8737092,64.90393866666666,66.40578801895789,5.0770301993855815,50,64,,False,True,,776,59.56268577710819
11,2026-09-21T07:58:05.767+00:00,2026-09-21T07:58:19.700+00:00,2026-09-21T07:58:23.308+00:00,True,52,52.0,,52.0,13932.803315,17541.752307,17541.752368999998,337.34139171153845,0.01841,13932.803315,1923.3346691330087,96.82271840000001,70.7637057254902,63.11845557145832,2.96435607400804,50,64,,False,True,,309,59.56268577710819
12,2026-09-21T07:58:06.020+00:00,2026-09-21T07:58:21.053+00:00,2026-09-21T07:58:27.036+00:00,True,95,95.0,,95.0,15033.663458,21016.319714,21016.319869000003,221.22441967368422,0.0,15033.663458,1537.6730318731654,85.2421336,63.64527931914893,74.39530978094372,4.520296669103099,50,64,,False,True,,380,59.56268577710819
13,2026-09-21T07:58:06.421+00:00,2026-09-21T07:58:23.296+00:00,2026-09-21T07:58:24.576+00:00,True,27,27.0,,27.0,16875.135864,18155.575928,18155.575797,672.4287332222223,0.0,16875.135864,3239.050646198655,304.0398157,49.24769476923077,78.1634076559411,1.4871464340803369,50,64,,False,True,,96,59.56268577710819
14,2026-09-21T07:58:06.774+00:00,2026-09-21T07:58:24.780+00:00,2026-09-21T07:58:26.239+00:00,True,25,25.0,,25.0,18005.290329,19464.716889,19464.716771,778.58867084,36.802564,18005.290329,3588.9171334929924,78.813326,60.80944,12.527912376916518,1.284375218122393,50,64,,False,True,,25,59.56268577710819
15,2026-09-21T07:58:07.166+00:00,2026-09-21T07:58:26.976+00:00,2026-09-21T07:58:27.735+00:00,True,14,14.0,,14.0,19810.248687,20568.718831,20568.718635999998,1469.1941882857143,41.758244,19810.248687,5278.9257435984355,6980.07794465,58.34385723076923,9.027114427221637,0.6806452125204804,50,64,,False,True,,30,59.56268577710819
16,2026-09-21T07:58:07.514+00:00,2026-09-21T07:58:29.109+00:00,2026-09-21T07:58:29.109+00:00,True,1,1.0,,1.0,21595.337213,21595.337213,21595.337213,21595.337213,21595.337213,21595.337213,nan,21595.337213,nan,nan,0.04630629242492301,50,64,,False,True,,3,59.56268577710819
17,2026-09-21T07:58:07.846+00:00,2026-09-21T07:58:30.912+00:00,2026-09-21T07:58:31.952+00:00,True,20,20.0,,20.0,23066.590995000002,24105.992723000003,24105.992763000002,1205.2996381500002,0.0,23066.590995000002,5145.661595337597,1228.0021698500002,54.70535410526316,22.7244512861021,0.8296692125405649,50,64,,False,True,,117,59.56268577710819
18,2026-09-21T07:58:08.245+00:00,2026-09-21T07:58:32.629+00:00,2026-09-21T07:58:32.710+00:00,True,2,2.0,,2.0,24384.462412,24465.752908000002,24465.75289,12232.876445,81.29047800000001,24384.462412,17184.937678873983,23169.303815300005,81.290496,nan,0.08174692221901843,50,64,,False,True,,6,59.56268577710819
19,2026-09-21T07:58:08.634+00:00,2026-09-21T07:58:34.507+00:00,2026-09-21T07:58:37.251+00:00,True,44,44.0,,44.0,25873.000726,28617.166869999997,28617.166801,650.3901545681817,0.0,25873.000726,3891.7707431753793,80.9594215,63.81781730232559,84.21197868944085,1.5375386459421376,50,64,,False,True,,303,59.56268577710819
20,2026-09-21T07:58:09.000+00:00,2026-09-21T07:58:36.370+00:00,2026-09-21T07:58:37.597+00:00,True,20,20.0,,20.0,27369.636831,28596.770783,28596.770639,1429.83853195,46.806964,27369.636831,6105.602529869997,1445.0657486,64.58599747368422,9.86418081786692,0.6993796660387073,50,64,,False,True,,78,59.56268577710819
21,2026-09-21T07:58:09.250+00:00,2026-09-21T07:58:37.525+00:00,2026-09-21T07:58:43.543+00:00,True,93,93.0,,93.0,28274.698675,34292.829874999996,34292.82991,368.7401065591398,0.0,28274.698675,2926.657298845387,78.46987,65.41446956521739,93.91336387288072,2.7119371699271295,50,64,,False,True,,372,59.56268577710819
22,2026-09-21T07:58:09.535+00:00,2026-09-21T07:58:39.116+00:00,2026-09-21T07:58:44.451+00:00,True,85,85.0,,85.0,29581.542662,34915.964678000004,34915.964745,410.7760558235294,0.0,29581.542662,3203.194492704025,80.25375480000001,63.505024,99.05761684056046,2.434416484948421,50,64,,False,True,,255,59.56268577710819
23,2026-09-21T07:58:09.870+00:00,2026-09-21T07:58:41.119+00:00,2026-09-21T07:58:46.489+00:00,True,79,79.0,,79.0,31248.750684,36619.370076,36619.370122,463.5363306582278,0.0,31248.750684,3509.8904234502425,79.0006211,68.85409476923077,115.545087046674,2.157328207340625,50,64,,False,True,,869,59.56268577710819
24,2026-09-21T07:58:10.137+00:00,2026-09-21T07:58:42.567+00:00,2026-09-21T07:58:48.752+00:00,True,97,97.0,,97.0,32430.084807,38614.986439,38614.986519,398.0926445257732,0.0,32430.084807,3287.813840696938,80.2194762,64.42605866666666,102.42215053325673,2.5119780930968516,50,64,,False,True,,97,59.56268577710819
25,2026-09-21T07:58:10.454+00:00,2026-09-21T07:58:43.961+00:00,2026-09-21T07:58:47.899+00:00,True,63,63.0,,63.0,33507.226059,37445.779147,37445.779187,594.3774474126984,0.0,33507.226059,4214.440635168146,80.44889400000001,63.52504980645161,89.2724313456932,1.6824326115016168,50,64,,False,True,,142,59.56268577710819
26,2026-09-21T07:58:10.738+00:00,2026-09-21T07:58:45.502+00:00,2026-09-21T07:58:47.276+00:00,True,28,28.0,,28.0,34763.40246,36538.305499999995,36538.305583999994,1304.9394851428572,0.0,34763.40246,6558.617342235597,503.1256557,65.73714962962963,136.84763191265492,0.7663190620594051,50,64,,False,True,,112,59.56268577710819
27,2026-09-21T07:58:10.984+00:00,2026-09-21T07:58:46.797+00:00,2026-09-21T07:58:48.604+00:00,True,29,29.0,,29.0,35813.182668,37620.01326,37620.013166000004,1297.2418333103449,43.955934,35813.182668,6638.365128745893,77.2675,64.529664,9.760463930608278,0.7708662886313932,50,64,,False,True,,116,59.56268577710819
28,2026-09-21T07:58:11.294+00:00,2026-09-21T07:58:48.216+00:00,2026-09-21T07:58:48.549+00:00,True,6,6.0,,6.0,36922.135853,37254.590509,37254.590518,6209.098419666667,50.394515,36922.135853,15046.257797878623,27711.140979249998,66.4909312,11.90118618532536,0.16105397799367877,50,64,,False,True,,26,59.56268577710819
29,2026-09-21T07:58:11.692+00:00,2026-09-21T07:58:50.225+00:00,2026-09-21T07:58:53.899+00:00,True,57,57.0,,57.0,38532.938291,42207.498546999996,42207.498602,740.482431614035,0.0,38532.938291,5097.301978372697,104.11263279999999,65.61714742857143,150.43942263397756,1.3504709343655577,50,64,,False,True,,172,59.56268577710819
30,2026-09-21T07:58:12.047+00:00,2026-09-21T07:58:52.102+00:00,2026-09-21T07:58:53.647+00:00,True,19,19.0,,19.0,40054.587959,41599.362615,41599.362758999996,2189.440145210526,0.0,40054.587959,9172.593201301725,4962.920636899999,85.82081422222222,246.51851657039396,0.45673776725485055,50,64,,False,True,,209,59.56268577710819
31,2026-09-21T07:58:12.303+00:00,2026-09-21T07:58:53.625+00:00,2026-09-21T07:58:58.930+00:00,True,91,91.0,,91.0,41321.35759000001,46626.46043800001,46626.46044100001,512.3786861648352,0.0,41321.35759000001,4325.513732960019,77.5118675,58.945587200000006,18.148559000381464,1.951681494695576,50,64,,False,True,,234,59.56268577710819
32,2026-09-21T07:58:12.535+00:00,2026-09-21T07:58:54.667+00:00,2026-09-21T07:58:56.329+00:00,True,28,28.0,,28.0,42131.829614,43793.39147,43793.391457000005,1564.0496948928571,38.618794,42131.829614,7950.543153000419,75.635482,61.539328,9.619842597626095,0.6393658737113561,50,64,,False,True,,272,59.56268577710819
33,2026-09-21T07:58:13.131+00:00,2026-09-21T07:58:56.541+00:00,2026-09-21T07:58:59.120+00:00,True,42,42.0,,42.0,43409.630876999996,45988.637340999994,45988.637284,1094.9675543809524,41.144064,43409.630876999996,6688.553899853764,78.67262545,62.90259668292683,10.805940438923615,0.9132690688044365,50,64,,False,True,,175,59.56268577710819
34,2026-09-21T07:58:13.142+00:00,2026-09-21T07:58:57.157+00:00,2026-09-21T07:58:59.368+00:00,True,36,36.0,,36.0,44015.50002000001,46226.71614800001,46226.716139000004,1284.0754483055557,45.839405,44015.50002000001,7325.394513649498,82.712064,63.17760365714285,10.595807048880081,0.7787704383919889,50,64,,False,True,,180,59.56268577710819
35,2026-09-21T07:58:13.468+00:00,2026-09-21T07:58:59.786+00:00,2026-09-21T07:59:03.969+00:00,True,68,68.0,,68.0,46318.580729999994,50500.94181799999,50500.942004,742.6609118235293,0.0,46318.580729999994,5610.414384301251,85.35635549999999,62.42329982089552,108.38334772901543,1.3465095412490473,50,64,,False,True,,204,59.56268577710819
36,2026-09-21T07:58:13.842+00:00,2026-09-21T07:59:01.636+00:00,2026-09-21T07:59:03.004+00:00,True,23,23.0,,23.0,47793.262322999995,49161.759987,49161.759894999996,2137.467821521739,31.978983,47793.262322999995,9952.627524705202,92.75847389999998,62.20443927272727,17.06001029591497,0.46784329946856995,50,64,,False,True,,23,59.56268577710819
37,2026-09-21T07:58:14.172+00:00,2026-09-21T07:59:03.288+00:00,2026-09-21T07:59:07.966+00:00,True,76,76.0,,76.0,49115.728538999996,53793.36975499999,53793.369614999996,707.8074949342105,0.01498,49115.728538999996,5627.9533570885515,81.53278825000001,62.368549546666664,114.38713368847571,1.4128135185830395,50,64,,False,True,,836,59.56268577710819
38,2026-09-21T07:58:14.496+00:00,2026-09-21T07:59:05.557+00:00,2026-09-21T07:59:05.908+00:00,True,15,15.0,,15.0,51060.720241999996,51412.455537999995,51412.455568,3427.4970378666662,0.01669,51060.720241999996,13177.426318792346,15430.2426908,25.12394971428571,51.1046924902126,0.29175809330704294,50,64,,False,True,,61,59.56268577710819
39,2026-09-21T07:58:14.855+00:00,2026-09-21T07:59:06.932+00:00,2026-09-21T07:59:07.330+00:00,True,7,7.0,,7.0,52077.385987,52475.163651,52475.163438,7496.451919714286,52.903096,52077.385987,19658.346530667157,36477.3280303,66.29627733333334,10.650991642509062,0.1333964396291426,50,64,,False,True,,7,59.56268577710819
40,2026-09-21T07:58:15.214+00:00,2026-09-21T07:59:08.820+00:00,2026-09-21T07:59:11.041+00:00,True,37,37.0,,37.0,53606.739626,55827.216810000005,55827.216746000006,1508.843695837838,0.0,53606.739626,8804.449988712036,306.40104360000004,61.67992177777778,175.2775369321694,0.6627591722138727,50,64,,False,True,,182,59.56268577710819
41,2026-09-21T07:58:15.602+00:00,2026-09-21T07:59:11.042+00:00,2026-09-21T07:59:11.609+00:00,True,10,10.0,,10.0,55439.809216,56006.674112,56006.674225,5600.6674225,41.840523999999995,55439.809216,17511.693671526744,30526.5697909,62.98498844444445,12.956961632071069,0.17855014886265846,50,64,,False,True,,20,59.56268577710819
42,2026-09-21T07:58:15.833+00:00,2026-09-21T07:59:12.308+00:00,2026-09-21T07:59:17.453+00:00,True,81,81.0,,81.0,56474.641936,61619.362576,61619.362578,760.7328713333334,45.483534,56474.641936,6267.821873392823,79.084226,64.309008,9.49609430737315,1.314521874517873,50,64,,False,True,,560,59.56268577710819
43,2026-09-21T07:58:16.144+00:00,2026-09-21T07:59:14.105+00:00,2026-09-21T07:59:15.774+00:00,True,27,27.0,,27.0,57961.219992,59630.213016,59630.213038,2208.5264088148147,43.455964,57961.219992,11142.292768265526,84.032396,64.19203938461538,10.261965113744244,0.45279060117989767,50,64,,False,True,,112,59.56268577710819
44,2026-09-21T07:58:16.412+00:00,2026-09-21T07:59:15.514+00:00,2026-09-21T07:59:17.843+00:00,True,38,38.0,,38.0,59101.393637999994,61430.600677999995,61430.60058199999,1616.5947521578946,46.269273999999996,59101.393637999994,9577.304290427217,78.7960055,62.95154162162162,9.213292307735552,0.6185842166705177,50,64,,False,True,,166,59.56268577710819
45,2026-09-21T07:58:16.718+00:00,2026-09-21T07:59:17.211+00:00,2026-09-21T07:59:18.068+00:00,True,15,15.0,,15.0,60492.240945,61349.157936999996,61349.157699999996,4089.9438466666666,44.449304,60492.240945,15603.229248476011,18201.5918744,61.208356571428574,11.186358208180406,0.24450213343439262,50,64,,False,True,,60,59.56268577710819
46,2026-09-21T07:58:17.029+00:00,2026-09-21T07:59:19.347+00:00,2026-09-21T07:59:20.014+00:00,True,23,23.0,,23.0,62317.476281,62985.014969,62985.014859,2738.478906913044,0.015710000000000002,62317.476281,12988.15624845118,441.9161433,30.342667636363636,103.16187304854718,0.3651662226534383,50,64,,False,True,,113,59.56268577710819
47,2026-09-21T07:58:17.358+00:00,2026-09-21T07:59:21.300+00:00,2026-09-21T07:59:25.410+00:00,True,79,79.0,,79.0,63942.096618,68052.37809,68052.378,861.422506329114,0.0,63942.096618,7188.166023041247,77.979578,52.69591630769231,26.120471788266084,1.1608705267510513,50,64,,False,True,,367,59.56268577710819
48,2026-09-21T07:58:17.616+00:00,2026-09-21T07:59:21.731+00:00,2026-09-21T07:59:24.627+00:00,True,46,46.0,,46.0,64114.660199,67010.951015,67010.950794,1456.759799869565,42.819624000000005,64114.660199,9443.707463174165,83.58742699999999,64.36201813333334,10.949267934619044,0.6864549644983127,50,64,,False,True,,502,59.56268577710819
49,2026-09-21T07:58:18.017+00:00,2026-09-21T07:59:24.276+00:00,2026-09-21T07:59:29.466+00:00,True,81,81.0,,81.0,66259.247451,71448.603739,71448.603868,882.0815292345679,41.979913999999994,66259.247451,7354.93685489838,78.802697,64.8669536,9.205412737957364,1.1336820562077186,50,64,,False,True,,243,59.56268577710819
50,2026-09-21T07:58:18.352+00:00,2026-09-21T07:59:25.879+00:00,2026-09-21T07:59:30.227+00:00,True,69,69.0,,69.0,67527.566827,71875.730923,71875.73090000001,1041.6772594202898,38.508793,67527.566827,8121.672024824573,78.827519,63.94358964705882,10.101118136434085,0.9599902375103393,50,64,,False,True,,414,59.56268577710819
51,2026-09-21T07:58:18.686+00:00,2026-09-21T07:59:27.724+00:00,2026-09-21T07:59:32.816+00:00,True,79,79.0,,79.0,69037.845565,74130.363965,74130.363963,938.3590375063291,0.0,69037.845565,7761.410086739112,80.35644099999999,65.28869743589743,147.89616888719667,1.0656901676254977,50,64,,False,True,,235,59.56268577710819
52,2026-09-21T07:58:19.002+00:00,2026-09-21T07:59:29.220+00:00,2026-09-21T07:59:32.941+00:00,True,60,60.0,,60.0,70217.717724,73938.970588,73938.970781,1232.3161796833333,0.0,70217.717724,9058.515100269238,81.713302,63.07208244067796,171.13483017687156,0.8114800560901746,50,64,,False,True,,75,59.56268577710819
53,2026-09-21T07:58:19.320+00:00,2026-09-21T07:59:30.883+00:00,2026-09-21T07:59:34.894+00:00,True,55,55.0,,55.0,71562.734237,75574.346141,75574.34612,1374.0790203636363,0.0,71562.734237,9642.718039961233,451.256472,74.28910933333333,251.44027388244615,0.7277601832953449,50,64,,False,True,,220,59.56268577710819
54,2026-09-21T07:58:19.581+00:00,2026-09-21T07:59:32.816+00:00,2026-09-21T07:59:37.308+00:00,True,78,78.0,,78.0,73234.59179,77726.075182,77726.075125,996.4881426282052,0.0,73234.59179,8286.790917253273,175.94517945000004,58.33095314285714,142.5920830882909,1.0035242332429444,50,64,,False,True,,312,59.56268577710819
55,2026-09-21T07:58:19.832+00:00,2026-09-21T07:59:33.383+00:00,2026-09-21T07:59:36.609+00:00,True,52,52.0,,52.0,73551.136814,76777.705262,76777.70505799999,1476.4943280384614,0.01514,73551.136814,10192.791607284522,281.7138346,63.266048,196.52102467876318,0.6772799450381156,50,64,,False,True,,453,59.56268577710819
56,2026-09-21T07:58:20.237+00:00,2026-09-21T07:59:35.881+00:00,2026-09-21T07:59:40.708+00:00,True,78,78.0,,78.0,75644.43059199999,80471.84895999999,80471.84894699999,1031.6903711153846,4.613841000000001,75644.43059199999,8557.965733161844,79.807976,62.69374503896104,18.270592046252684,0.9692830599526964,50,64,,False,True,,312,59.56268577710819
57,2026-09-21T07:58:20.507+00:00,2026-09-21T07:59:37.310+00:00,2026-09-21T07:59:37.707+00:00,True,7,7.0,,7.0,76802.28608,77199.631104,77199.630995,11028.51871357143,52.883915,76802.28608,29003.506927968298,53784.72229610001,66.22417066666667,10.94428894792667,0.09067400841034982,50,64,,False,True,,28,59.56268577710819
58,2026-09-21T07:58:20.823+00:00,2026-09-21T07:59:39.048+00:00,2026-09-21T07:59:39.048+00:00,True,1,1.0,,1.0,78225.24514,78225.24514,78225.24514,78225.24514,78225.24514,78225.24514,nan,78225.24514,nan,nan,0.012783596883720804,50,64,,False,True,,1,59.56268577710819
59,2026-09-21T07:58:21.097+00:00,2026-09-21T07:59:40.347+00:00,2026-09-21T07:59:44.996+00:00,True,73,73.0,,73.0,79249.799985,83899.604017,83899.60409400001,1149.3096451232877,40.818704,79249.799985,9267.935956968955,82.01591699999999,64.58061155555555,11.504026180511799,0.8700875392118479,50,64,,False,True,,221,59.56268577710819
60,2026-09-21T07:58:21.402+00:00,2026-09-21T07:59:41.836+00:00,2026-09-21T07:59:44.559+00:00,True,43,43.0,,43.0,80433.42361499999,83157.05599899999,83157.056124,1933.8850261395346,39.241313999999996,80433.42361499999,12256.09959761457,79.370642,64.8483900952381,13.044568637011528,0.5170938230487272,50,64,,False,True,,129,59.56268577710819
61,2026-09-21T07:58:21.733+00:00,2026-09-21T07:59:43.473+00:00,2026-09-21T07:59:46.985+00:00,True,41,41.0,,41.0,81739.940084,85251.640564,85251.640653,2079.3083086097563,0.0,81739.940084,12754.715168218841,80.543087,87.792512,270.2657557765312,0.48092916134816827,50,64,,False,True,,170,59.56268577710819
62,2026-09-21T07:58:22.029+00:00,2026-09-21T07:59:45.000+00:00,2026-09-21T07:59:49.521+00:00,True,72,72.0,,72.0,82971.425468,87492.9479,87492.948006,1215.1798334166667,0.0,82971.425468,9772.941459599188,76.2096365,63.68341453521126,207.41933202789812,0.8229234667266251,50,64,,False,True,,648,59.56268577710819
63,2026-09-21T07:58:22.308+00:00,2026-09-21T07:59:46.971+00:00,2026-09-21T07:59:49.908+00:00,True,53,53.0,,53.0,84663.59548199999,87600.09417,87600.09437099998,1652.8319692641508,0.0,84663.59548199999,11621.701940205694,78.563235,56.471128615384615,21.566332671281756,0.6050221806513841,50,64,,False,True,,112,59.56268577710819
64,2026-09-21T07:58:22.647+00:00,2026-09-21T07:59:48.106+00:00,2026-09-21T07:59:51.555+00:00,True,56,56.0,,56.0,85459.781986,88908.417634,88908.41745000001,1587.6503116071428,42.476253,85459.781986,11411.6691396318,78.535862,62.70246632727273,10.084871255382877,0.6298616204207947,50,64,,False,True,,173,59.56268577710819
65,2026-09-21T07:58:23.323+00:00,2026-09-21T07:59:49.726+00:00,2026-09-21T07:59:55.830+00:00,True,97,97.0,,97.0,86403.357179,92507.591675,92507.591556,953.686510886598,0.01533,86403.357179,8767.78749888417,111.6408462,63.585776,152.46535627821225,1.0485625908496552,50,64,,False,True,,250,59.56268577710819
66,2026-09-21T07:58:23.327+00:00,2026-09-21T07:59:50.421+00:00,2026-09-21T07:59:54.255+00:00,True,48,48.0,,48.0,87094.42620999999,90927.96476999999,90927.96478699999,1894.3325997291665,0.016460000000000002,87094.42620999999,12561.033735629795,80.332322,81.56465021276597,215.47571329872062,0.5278904033694672,50,64,,False,True,,98,59.56268577710819
67,2026-09-21T07:58:23.642+00:00,2026-09-21T07:59:54.279+00:00,2026-09-21T07:59:56.739+00:00,True,58,58.0,,58.0,90637.35013600001,93097.02117600001,93097.02131200001,1605.1210571034485,0.01726,90637.35013600001,11895.666234522978,131.74158484999998,43.15212350877193,39.752344575190804,0.623005970194803,50,64,,False,True,,58,59.56268577710819
68,2026-09-21T07:58:24.029+00:00,2026-09-21T07:59:55.273+00:00,2026-09-21T07:59:59.605+00:00,True,70,70.0,,70.0,91244.597764,95576.00870800001,95576.00882500001,1365.3715546428573,24.846331999999997,91244.597764,10898.32069416291,81.77914200000001,62.774071652173916,13.517451464077613,0.7324013729623424,50,64,,False,True,,70,59.56268577710819
69,2026-09-21T07:58:24.257+00:00,2026-09-21T07:59:56.601+00:00,2026-09-21T07:59:56.673+00:00,True,2,2.0,,2.0,92343.26365600001,92415.43031200001,92415.43043300002,46207.71521650001,72.166777,92343.26365600001,65245.51831066179,87729.70881205,72.166656,nan,0.021641407644241665,50,64,,False,True,,8,59.56268577710819
70,2026-09-21T07:58:24.657+00:00,2026-09-21T07:59:58.518+00:00,2026-09-21T07:59:58.705+00:00,True,4,4.0,,4.0,93861.601264,94048.541936,94048.541831,23512.13545775,54.125195,93861.601264,46899.64521174831,79794.08674495,62.313557333333335,13.735516673684954,0.042531228211086985,50,64,,False,True,,14,59.56268577710819
71,2026-09-21T07:58:25.048+00:00,2026-09-21T08:00:00.573+00:00,2026-09-21T08:00:02.872+00:00,True,13,13.0,,13.0,95525.120804,97824.49002000001,97824.490036,7524.960772,0.0,95525.120804,26445.729707848484,39343.8766952,191.61410133333334,535.6042562402226,0.13289105823441735,50,64,,False,True,,57,59.56268577710819
72,2026-09-21T07:58:25.446+00:00,2026-09-21T08:00:02.880+00:00,2026-09-21T08:00:06.045+00:00,True,54,54.0,,54.0,97433.884346,100599.06681,100599.066795,1862.945681388889,0.0,97433.884346,13250.959043457187,78.7854515,59.7204238490566,19.254137537665677,0.5367843033970585,50,64,,False,True,,431,59.56268577710819
73,2026-09-21T07:58:25.782+00:00,2026-09-21T08:00:04.201+00:00,2026-09-21T08:00:05.425+00:00,True,20,20.0,,20.0,98419.274487,99643.532023,99643.531915,4982.17659575,47.630974,98419.274487,21992.812305692696,4992.722797050001,64.43460715789473,8.388740168252475,0.20071548643401704,50,64,,False,True,,80,59.56268577710819
74,2026-09-21T07:58:26.062+00:00,2026-09-21T08:00:05.580+00:00,2026-09-21T08:00:10.713+00:00,True,84,84.0,,84.0,99518.249079,104651.680631,104651.680751,1245.8533422738096,44.611074,99518.249079,10851.586603594844,75.92286800000001,61.84857291566265,8.96584984910033,0.8026626948895598,50,64,,False,True,,84,59.56268577710819
75,2026-09-21T07:58:26.372+00:00,2026-09-21T08:00:06.936+00:00,2026-09-21T08:00:08.840+00:00,True,33,33.0,,33.0,100563.525507,102467.489411,102467.489594,3105.0754422424243,42.349514000000006,100563.525507,17495.507791014687,77.5581264,59.498872,9.35179196651886,0.32205336726496797,50,64,,False,True,,72,59.56268577710819
76,2026-09-21T07:58:26.682+00:00,2026-09-21T08:00:08.841+00:00,2026-09-21T08:00:11.434+00:00,True,42,42.0,,42.0,102159.299102,104751.938846,104751.939029,2494.093786404762,44.584694000000006,102159.299102,15753.767250146379,78.1010454,63.23511570731708,9.092252422918861,0.4009472326974861,50,64,,True,True,,126,59.56268577710819
77,2026-09-21T07:58:26.994+00:00,2026-09-21T08:00:10.579+00:00,2026-09-21T08:00:15.786+00:00,True,83,83.0,,83.0,103584.34424199999,108791.33534599999,108791.33533999999,1310.7389799999999,45.418514,103584.34424199999,11362.89228041315,77.65293700000001,63.49989151219513,8.85307066910993,0.7629284054288586,50,64,,True,True,,747,59.56268577710819
78,2026-09-21T07:58:27.315+00:00,2026-09-21T08:00:11.838+00:00,2026-09-21T08:00:15.964+00:00,True,67,67.0,,67.0,104522.70620999999,108648.85558599999,108648.85555299999,1621.6247097462685,43.426064,104522.70620999999,12761.846740849127,76.8465337,62.51741478787879,9.548932282133457,0.6166654921364245,50,64,,True,True,,270,59.56268577710819
79,2026-09-21T07:58:27.623+00:00,2026-09-21T08:00:13.724+00:00,2026-09-21T08:00:19.358+00:00,True,90,90.0,,90.0,106101.104534,111735.139734,111735.139707,1241.5015523,41.864813000000005,106101.104534,11177.369713858101,76.7197061,63.30376629213483,9.624501430149085,0.805476237952149,50,64,,True,True,,456,59.56268577710819
80,2026-09-21T07:58:27.904+00:00,2026-09-21T08:00:15.525+00:00,2026-09-21T08:00:20.145+00:00,True,73,73.0,,73.0,107621.01787299999,112241.114129,112241.114106,1537.5495083013698,44.431345,107621.01787299999,12588.58058688464,77.21902279999999,64.16800355555556,9.438662417744274,0.6503855611777006,50,64,,True,True,,519,59.56268577710819
81,2026-09-21T07:58:28.295+00:00,2026-09-21T08:00:17.233+00:00,2026-09-21T08:00:22.272+00:00,True,80,80.0,,80.0,108938.345648,113977.58788800001,113977.588053,1424.7198506625,44.731643,108938.345648,12172.548797935722,77.40724284999999,63.7878764556962,8.866481453528571,0.7018923762328778,50,64,,True,True,,407,59.56268577710819
82,2026-09-21T07:58:28.661+00:00,2026-09-21T08:00:18.986+00:00,2026-09-21T08:00:21.591+00:00,True,42,42.0,,42.0,110325.222501,112930.061669,112930.061494,2688.810987952381,44.175683,110325.222501,17013.750601207677,77.56089790000001,63.53266263414634,9.311648223860676,0.37191160067815016,50,64,,True,True,,169,59.56268577710819
83,2026-09-21T07:58:29.024+00:00,2026-09-21T08:00:20.926+00:00,2026-09-21T08:00:24.385+00:00,True,57,57.0,,57.0,111902.246457,115361.483321,115361.483285,2023.8856716666667,45.445024,111902.246457,14813.635646422947,76.199382,61.77208685714286,9.40629358485006,0.4940990559335493,50,64,,True,True,,0,59.56268577710819
84,2026-09-21T07:58:29.370+00:00,2026-09-21T08:00:22.567+00:00,2026-09-21T08:00:27.808+00:00,True,84,84.0,,84.0,113196.931203,118438.774659,118438.774642,1409.985412404762,45.027934,113196.931203,12343.910803466933,77.581715,63.154740433734936,9.740019839649749,0.709227195585622,50,64,,True,True,,379,59.56268577710819
85,2026-09-21T07:58:29.751+00:00,2026-09-21T08:00:24.560+00:00,2026-09-21T08:00:26.838+00:00,True,37,37.0,,37.0,114809.553292,117086.880396,117086.88045099999,3164.510282459459,46.580084,114809.553292,18864.176596209796,76.46175600000001,63.25908622222222,8.879960705608012,0.3160046614519249,50,64,,True,True,,185,59.56268577710819
86,2026-09-21T07:58:30.056+00:00,2026-09-21T08:00:26.257+00:00,2026-09-21T08:00:28.748+00:00,True,40,40.0,,40.0,116201.404736,118692.59808,118692.59796099999,2967.314949025,43.174043,116201.404736,18362.958482001737,80.36154755,63.87675241025641,10.578755629506716,0.3370050082907411,50,64,,True,True,,81,59.56268577710819
87,2026-09-21T07:58:30.421+00:00,2026-09-21T08:00:28.070+00:00,2026-09-21T08:00:29.719+00:00,True,28,28.0,,28.0,117648.74023299999,119298.44160899999,119298.44147599999,4260.658624142857,43.311843,117648.74023299999,22221.977559775958,77.40070080000001,61.10005096296296,10.374331006701766,0.2347054967555222,50,64,,True,True,,71,59.56268577710819
88,2026-09-21T07:58:30.824+00:00,2026-09-21T08:00:30.456+00:00,2026-09-21T08:00:31.108+00:00,True,11,11.0,,11.0,119632.457469,120284.356093,120284.356077,10934.941461545455,55.715554,119632.457469,36050.88833052429,59854.892382499995,65.1898624,7.523169223628906,0.09144996371344544,50,64,,True,True,,119,59.56268577710819
89,2026-09-21T07:58:31.172+00:00,2026-09-21T08:00:32.135+00:00,2026-09-21T08:00:35.822+00:00,True,59,59.0,,59.0,120963.96313799999,124650.07513799999,124650.07512099999,2112.7131376440675,44.649603000000006,120963.96313799999,15739.895375935941,76.1894459,63.5536551724138,9.348226363666198,0.47332502555398503,50,64,,True,True,,120,59.56268577710819
90,2026-09-21T07:58:31.579+00:00,2026-09-21T08:00:33.902+00:00,2026-09-21T08:00:37.058+00:00,True,52,52.0,,52.0,122322.85874600001,125479.01746600002,125479.01731100002,2413.0580252115387,43.901913,122322.85874600001,16954.548977003236,76.1334905,61.88546509803922,9.315850540138724,0.414411915634341,50,64,,True,True,,104,59.56268577710819
91,2026-09-21T07:58:31.868+00:00,2026-09-21T08:00:35.282+00:00,2026-09-21T08:00:36.188+00:00,True,16,16.0,,16.0,123414.190299,124320.852443,124320.85255499999,7770.053284687499,45.342773,123414.190299,30838.437690637307,30911.43915675,60.44414293333333,8.7306787403353,0.12869924622931506,50,64,,True,True,,54,59.56268577710819
92,2026-09-21T07:58:32.212+00:00,2026-09-21T08:00:37.114+00:00,2026-09-21T08:00:41.230+00:00,True,65,65.0,,65.0,124902.662309,129018.311077,129018.311004,1984.897092369231,43.382692999999996,124902.662309,15484.294916147279,76.4897852,64.307012,9.131012052581914,0.5038044557970307,50,64,,True,True,,130,59.56268577710819
93,2026-09-21T07:58:32.570+00:00,2026-09-21T08:00:38.982+00:00,2026-09-21T08:00:39.631+00:00,True,11,11.0,,11.0,126412.32020999999,127061.76840199999,127061.768388,11551.069853454544,51.787983,126412.32020999999,38095.1683872958,63245.703498,64.9448192,10.686177609075013,0.086572067572663,50,64,,True,True,,22,59.56268577710819
95,2026-09-21T07:58:33.450+00:00,2026-09-21T08:00:41.231+00:00,2026-09-21T08:00:42.856+00:00,True,26,26.0,,26.0,127780.692186,129405.986522,129405.986387,4977.1533225769235,43.811862999999995,127780.692186,25047.108282203073,85.27297675,65.01177344,11.74175750637941,0.20091806182073194,50,64,,True,True,,39,59.56268577710819
94,2026-09-21T07:58:33.431+00:00,2026-09-21T08:00:41.233+00:00,2026-09-21T08:00:44.549+00:00,True,52,52.0,,52.0,127802.103059,131117.702163,131117.702215,2521.4942733653847,41.994784,127802.103059,17713.950265046748,80.99797949999999,65.0117471372549,10.168269950461427,0.3965902326091391,50,64,,True,True,,105,59.56268577710819
96,2026-09-21T07:58:33.475+00:00,2026-09-21T08:00:42.989+00:00,2026-09-21T08:00:45.878+00:00,True,46,46.0,,46.0,129513.877044,132403.159604,132403.159469,2878.329553673913,46.579072999999994,129513.877044,19086.315104274163,76.58932349999999,64.20627911111112,9.725261935494231,0.3474237332219246,50,64,,True,True,,92,59.56268577710819
97,2026-09-21T07:58:33.664+00:00,2026-09-21T08:00:45.058+00:00,2026-09-21T08:00:47.960+00:00,True,46,46.0,,46.0,131393.911969,134296.194721,134296.194675,2919.482492934783,46.336014000000006,131393.911969,19363.468605518872,78.108631,64.49517226666667,9.935173452498054,0.3425264587396901,50,64,,True,True,,92,59.56268577710819
98,2026-09-21T07:58:33.973+00:00,2026-09-21T08:00:46.745+00:00,2026-09-21T08:00:52.021+00:00,True,84,84.0,,84.0,132772.262881,138047.443681,138047.443743,1643.4219493214287,43.456934000000004,132772.262881,14479.710027440891,78.3923705,63.556395180722895,9.462900782232914,0.6084864577000584,50,64,,True,True,,588,59.56268577710819
99,2026-09-21T07:58:34.224+00:00,2026-09-21T08:00:48.036+00:00,2026-09-21T08:00:50.104+00:00,True,34,34.0,,34.0,133811.950901,135879.811637,135879.811675,3996.465049264706,45.056163,133811.950901,22937.81515497516,77.60948685,62.66244654545455,8.200341774719748,0.2502211299117066,50,64,,True,True,,139,59.56268577710819
100,2026-09-21T07:58:34.589+00:00,2026-09-21T08:00:50.039+00:00,2026-09-21T08:00:50.317+00:00,True,5,5.0,,5.0,135449.773173,135727.639925,135727.639924,27145.5279848,65.181085,135449.773173,60543.91374318712,108374.9186936,69.466688,4.402168766683985,0.0368384803770469,50,64,,True,True,,10,59.56268577710819
101,2026-09-21T07:58:34.907+00:00,2026-09-21T08:00:51.733+00:00,2026-09-21T08:00:53.169+00:00,True,25,25.0,,25.0,136825.30291600002,138261.73888400002,138261.738882,5530.46955528,42.082353000000005,136825.30291600002,27353.09212667089,77.28553980000001,59.851498666666664,10.257565141856004,0.1808164731746554,50,64,,True,True,,25,59.56268577710819
102,2026-09-21T07:58:35.307+00:00,2026-09-21T08:00:53.900+00:00,2026-09-21T08:01:00.087+00:00,True,99,99.0,,99.0,138593.613775,144779.659215,144779.65919500001,1462.420799949495,41.968393,138593.613775,13922.841005434586,76.5322529,63.12291265306123,8.902404405108019,0.6837977139660448,50,64,,True,True,,102,59.56268577710819
103,2026-09-21T07:58:35.607+00:00,2026-09-21T08:00:55.554+00:00,2026-09-21T08:00:59.927+00:00,True,70,70.0,,70.0,139946.643557,144320.230757,144320.230772,2061.7175824571427,43.403053,139946.643557,16719.24992331477,76.33026195000001,63.38532173913044,9.575589715550228,0.485032483892455,50,64,,True,True,,484,59.56268577710819
104,2026-09-21T07:58:35.947+00:00,2026-09-21T08:00:57.288+00:00,2026-09-21T08:01:02.015+00:00,True,74,74.0,,74.0,141341.38397,146067.715362,146067.715291,1973.888044472973,40.200793,141341.38397,16423.079322991915,77.51537965,64.74426564383562,10.869367753469458,0.5066143453849854,50,64,,True,True,,147,59.56268577710819
105,2026-09-21T07:58:36.202+00:00,2026-09-21T08:00:58.564+00:00,2026-09-21T08:00:59.056+00:00,True,9,9.0,,9.0,142361.97336899998,142854.12492099998,142854.12496599997,15872.680551777776,45.091933,142361.97336899998,47433.48600461144,85446.80185539999,61.518944,11.397566239858552,0.0630013309379558,50,64,,True,True,,45,59.56268577710819
106,2026-09-21T07:58:36.493+00:00,2026-09-21T08:00:59.791+00:00,2026-09-21T08:01:00.037+00:00,True,5,5.0,,5.0,143298.30563,143544.307038,143544.306968,28708.861393599997,52.453184,143298.30563,64057.4475382391,114654.35362899998,61.500352,11.936664283670543,0.03483245071277098,50,64,,True,True,,10,59.56268577710819
107,2026-09-21T07:58:36.722+00:00,2026-09-21T08:01:01.128+00:00,2026-09-21T08:01:05.827+00:00,True,75,75.0,,75.0,144406.238265,149105.226297,149105.226325,1988.0696843333333,41.277153,144406.238265,16667.26693536865,77.8256193,63.499838270270274,10.330450660461619,0.5030004773314174,50,64,,True,True,,159,59.56268577710819
108,2026-09-21T07:58:37.047+00:00,2026-09-21T08:01:02.934+00:00,2026-09-21T08:01:08.548+00:00,True,90,90.0,,90.0,145886.781456,151500.995344,151500.995172,1683.3443908,44.152633,145886.781456,15371.170316949194,76.62231895,63.08105492134831,9.07138927758074,0.5940555030390718,50,64,,True,True,,360,59.56268577710819
109,2026-09-21T07:58:37.417+00:00,2026-09-21T08:01:04.757+00:00,2026-09-21T08:01:09.972+00:00,True,84,84.0,,84.0,147339.81978299998,152554.927879,152554.92792999998,1816.1300944047616,41.051913,147339.81978299998,16069.23974230505,76.45969944999999,62.8326276626506,9.934157266475962,0.5506213477851413,50,64,,True,True,,740,59.56268577710819
110,2026-09-21T07:58:37.677+00:00,2026-09-21T08:01:06.144+00:00,2026-09-21T08:01:08.333+00:00,True,36,36.0,,36.0,148467.478079,150656.062527,150656.062531,4184.8906258611105,45.079913,148467.478079,24734.15980651653,77.47802025000001,62.53098422857143,9.983869400329358,0.23895487108956018,50,64,,True,True,,76,59.56268577710819
111,2026-09-21T07:58:37.988+00:00,2026-09-21T08:01:08.185+00:00,2026-09-21T08:01:10.228+00:00,True,33,33.0,,33.0,150197.416078,152240.069774,152240.06983000002,4613.33544939394,43.701553,150197.416078,26134.904488113294,77.4940916,63.832928,11.026665523434268,0.21676290643447824,50,64,,True,True,,131,59.56268577710819
112,2026-09-21T07:58:38.274+00:00,2026-09-21T08:01:09.655+00:00,2026-09-21T08:01:14.429+00:00,True,75,75.0,,75.0,151380.596598,156154.944374,156154.944352,2082.0659246933333,41.887643,151380.596598,17472.47870131259,77.4182423,64.51821318918918,10.280625068542893,0.4802921886377847,50,64,,True,True,,153,59.56268577710819
113,2026-09-21T07:58:38.509+00:00,2026-09-21T08:01:11.092+00:00,2026-09-21T08:01:14.505+00:00,True,54,54.0,,54.0,152583.716001,155996.115617,155996.115684,2888.816957111111,49.992064,152583.716001,20755.255108649133,81.46639565,64.38489841509434,11.354160689053407,0.34616246556151575,50,64,,True,True,,10,59.56268577710819
114,2026-09-21T07:58:38.732+00:00,2026-09-21T08:01:12.412+00:00,2026-09-21T08:01:14.236+00:00,True,29,29.0,,29.0,153679.930914,155504.801826,155504.80176,5362.234543448276,53.442206,153679.930914,28525.546441678536,95.5887556,65.17396114285714,11.408555304803345,0.18648941807243455,50,64,,True,True,,87,59.56268577710819
115,2026-09-21T07:58:38.954+00:00,2026-09-21T08:01:13.258+00:00,2026-09-21T08:01:17.040+00:00,True,60,60.0,,60.0,154303.644264,158085.482088,158085.482155,2634.758035916667,44.635583,154303.644264,19912.24190695146,78.27047555,64.09894616949153,9.502647225330476,0.37954149367492424,50,64,,True,True,,360,59.56268577710819
116,2026-09-21T07:58:39.346+00:00,2026-09-21T08:01:15.690+00:00,2026-09-21T08:01:17.316+00:00,True,26,26.0,,26.0,156343.64469400002,157969.320214,157969.32015500002,6075.743082884616,44.856764000000005,156343.64469400002,30648.759828120932,77.55658600000001,65.0270208,9.197478797756409,0.164588921220766,50,64,,True,True,,52,59.56268577710819
117,2026-09-21T07:58:39.585+00:00,2026-09-21T08:01:16.905+00:00,2026-09-21T08:01:18.636+00:00,True,28,28.0,,28.0,157319.49299,159051.217534,159051.217489,5680.400624607143,39.999203,157319.49299,29718.470465034083,79.73292450000001,64.13794607407408,10.440992092039728,0.17604392116026718,50,64,,True,True,,56,59.56268577710819
118,2026-09-21T07:58:39.985+00:00,2026-09-21T08:01:18.793+00:00,2026-09-21T08:01:20.442+00:00,True,28,28.0,,28.0,158808.24853799999,160456.69013799998,160456.690091,5730.596074678571,46.429184,158808.24853799999,30000.40132181049,77.7139365,61.05339259259259,9.151330990133516,0.1745019168469619,50,64,,True,True,,106,59.56268577710819
119,2026-09-21T07:58:40.225+00:00,2026-09-21T08:01:20.091+00:00,2026-09-21T08:01:22.273+00:00,True,36,36.0,,36.0,159865.63560100002,162047.495185,162047.49519500002,4501.319310972222,44.896713000000005,159865.63560100002,26633.88435123974,76.3253285,62.33884525714286,9.244913712552536,0.22215709017224203,50,64,,True,True,,252,59.56268577710819
120,2026-09-21T07:58:40.572+00:00,2026-09-21T08:01:22.209+00:00,2026-09-21T08:01:25.842+00:00,True,58,58.0,,58.0,161636.587975,165270.24275900002,165270.242923,2849.486946948276,48.282002999999996,161636.587975,21215.555106238906,78.5277305,63.74832954385965,9.024583836096147,0.3509403691297085,50,64,,True,True,,174,59.56268577710819
121,2026-09-21T07:58:40.925+00:00,2026-09-21T08:01:23.769+00:00,2026-09-21T08:01:24.220+00:00,True,8,8.0,,8.0,162843.894033,163295.36923299998,163295.36926799998,20411.921158499998,50.426043,162843.894033,57551.20855415296,105875.13098634999,64.49645714285714,9.155708684639464,0.048990978970047235,50,64,,True,True,,32,59.56268577710819
122,2026-09-21T07:58:41.233+00:00,2026-09-21T08:01:25.399+00:00,2026-09-21T08:01:28.877+00:00,True,57,57.0,,57.0,164165.72258899998,167643.860957,167643.86074699997,2941.1203639824557,41.895393,164165.72258899998,21736.056766127826,77.73021659999999,62.109613714285715,9.948239210574757,0.34000648562144653,50,64,,True,True,,170,59.56268577710819
123,2026-09-21T07:58:41.564+00:00,2026-09-21T08:01:27.018+00:00,2026-09-21T08:01:33.169+00:00,True,100,100.0,,100.0,165453.91852200002,171604.97285800002,171604.972994,1716.0497299400001,40.794142,165453.91852200002,16539.18116767312,75.81437294999999,62.13186197979798,9.143316616423334,0.5827336955016342,50,64,,True,True,,300,59.56268577710819
124,2026-09-21T07:58:41.929+00:00,2026-09-21T08:01:28.693+00:00,2026-09-21T08:01:34.584+00:00,True,95,95.0,,95.0,166763.864845,172654.427917,172654.427892,1817.4150304421053,45.713263,166763.864845,17103.18438173811,76.24276099999999,62.665564595744684,8.73900983721065,0.5502320510752801,50,64,,True,True,,95,59.56268577710819
125,2026-09-21T07:58:42.153+00:00,2026-09-21T08:01:29.823+00:00,2026-09-21T08:01:34.587+00:00,True,77,77.0,,77.0,167669.657672,172434.396744,172434.396529,2239.40774712987,44.115232000000006,167669.657672,19100.588190268572,77.15650219999999,62.693935157894735,8.763316665709496,0.44654663717886833,50,64,,True,True,,335,59.56268577710819
126,2026-09-21T07:58:42.482+00:00,2026-09-21T08:01:31.340+00:00,2026-09-21T08:01:34.534+00:00,True,52,52.0,,52.0,168858.11509,172052.42293,172052.423003,3308.700442365385,41.034151,168858.11509,23407.72350830083,76.5058785,62.633487058823526,9.314056546287155,0.30223346532676465,50,64,,True,True,,0,59.56268577710819
127,2026-09-21T07:58:42.826+00:00,2026-09-21T08:01:33.622+00:00,2026-09-21T08:01:37.270+00:00,True,58,58.0,,58.0,170795.383178,174444.01217,174444.012146,3007.655381827586,46.553712,170795.383178,22418.129333335262,76.4545215,64.01103494736842,9.262544084361227,0.33248490033282174,50,64,,True,True,,464,59.56268577710819
128,2026-09-21T07:58:43.579+00:00,2026-09-21T08:01:34.013+00:00,2026-09-21T08:01:38.004+00:00,True,63,63.0,,63.0,170433.956321,174424.834785,174424.834897,2768.648172968254,43.802762,170433.956321,21464.552702528217,76.51277,64.36900748387097,9.961347755655398,0.36118709860126985,50,64,,True,True,,263,59.56268577710819
130,2026-09-21T07:58:43.698+00:00,2026-09-21T08:01:36.323+00:00,2026-09-21T08:01:41.161+00:00,True,77,77.0,,77.0,172625.05351300002,177462.95712900002,177462.957105,2304.713728636364,44.591682,172625.05351300002,19665.19811804637,76.3063896,63.65662652631578,8.596319939200397,0.4338933670761935,50,64,,True,True,,231,59.56268577710819
129,2026-09-21T07:58:43.650+00:00,2026-09-21T08:01:37.794+00:00,2026-09-21T08:01:43.555+00:00,True,93,93.0,,93.0,174144.57888800002,179905.39988,179905.39991,1934.466665698925,43.217842,174144.57888800002,18051.460906690976,76.89386840000002,62.61761947826087,9.419291049511113,0.5169383468313491,50,64,,True,True,,664,59.56268577710819
131,2026-09-21T07:58:44.038+00:00,2026-09-21T08:01:39.399+00:00,2026-09-21T08:01:41.698+00:00,True,37,37.0,,37.0,175361.424674,177659.80445,177659.80446800002,4801.616336972973,46.988811999999996,175361.424674,28818.74624185801,77.310784,63.843882666666666,9.375754151701425,0.20826320345530472,50,64,,True,True,,407,59.56268577710819
132,2026-09-21T07:58:44.378+00:00,2026-09-21T08:01:40.980+00:00,2026-09-21T08:01:41.166+00:00,True,4,4.0,,4.0,176602.08141400001,176788.52263000002,176788.52258500003,44197.13064625001,54.997612999999994,176602.08141400001,88269.96768770338,150123.10103215,62.147072,11.611973470106793,0.022625903200580413,50,64,,True,True,,4,59.56268577710819
133,2026-09-21T07:58:44.648+00:00,2026-09-21T08:01:42.449+00:00,2026-09-21T08:01:47.376+00:00,True,80,80.0,,80.0,177800.52862599998,182728.14693,182728.14700199998,2284.1018375249996,41.436552000000006,177800.52862599998,19871.73230905809,78.319126,62.374915240506326,10.258778593281388,0.4378088507111421,50,64,,True,True,,319,59.56268577710819
134,2026-09-21T07:58:44.899+00:00,2026-09-21T08:01:43.679+00:00,2026-09-21T08:01:49.505+00:00,True,94,94.0,,94.0,178779.91644600002,184606.052254,184606.05234100003,1963.8941738404258,45.398413,178779.91644600002,18433.280936253268,75.5455375,62.64662159139785,8.674955187028583,0.5091924064909048,50,64,,True,True,,933,59.56268577710819
135,2026-09-21T07:58:45.200+00:00,2026-09-21T08:01:45.069+00:00,2026-09-21T08:01:47.435+00:00,True,39,39.0,,39.0,179868.77847,182235.03126999998,182235.03117799998,4672.693107128205,42.205521,179868.77847,28792.086116975395,80.0172131,62.26981052631579,10.439587138753339,0.21400934676614114,50,64,,True,True,,159,59.56268577710819
136,2026-09-21T07:58:45.526+00:00,2026-09-21T08:01:46.916+00:00,2026-09-21T08:01:48.777+00:00,True,30,30.0,,30.0,181389.981257,183251.295049,183251.295097,6108.376503233334,47.478623,181389.981257,33105.41110845385,76.1744845,64.18323420689656,8.933773790489827,0.16370962067132036,50,64,,True,True,,160,59.56268577710819
137,2026-09-21T07:58:45.923+00:00,2026-09-21T08:01:48.965+00:00,2026-09-21T08:01:53.919+00:00,True,79,79.0,,79.0,183042.753356,187996.102732,187996.102844,2379.6975043544303,43.585692,183042.753356,20586.77601688862,79.974147,63.50447917948718,9.389654014508585,0.4202214772112556,50,64,,True,True,,158,59.56268577710819
138,2026-09-21T07:58:46.244+00:00,2026-09-21T08:01:50.913+00:00,2026-09-21T08:01:55.535+00:00,True,73,73.0,,73.0,184668.903557,189290.97587700002,189290.976047,2593.0270691369865,43.905561999999996,184668.903557,21606.348350268483,76.29431000000001,64.19544888888889,8.203594201174575,0.38564965742178275,50,64,,True,True,,146,59.56268577710819
139,2026-09-21T07:58:46.617+00:00,2026-09-21T08:01:52.120+00:00,2026-09-21T08:01:55.012+00:00,True,47,47.0,,47.0,185503.391815,188395.032903,188395.032711,4008.4049512978727,45.426763,185503.391815,27049.282596385267,74.910036,62.86176278260869,8.335285457433068,0.24947579177524892,50,64,,True,True,,282,59.56268577710819
140,2026-09-21T07:58:46.893+00:00,2026-09-21T08:01:53.461+00:00,2026-09-21T08:01:54.234+00:00,True,13,13.0,,13.0,186567.74279800002,187340.52027,187340.52030000003,14410.809253846155,47.596021,186567.74279800002,51726.72200632141,74674.4741722,64.39812266666667,10.952889911434113,0.06939235559538355,50,64,,True,True,,39,59.56268577710819
141,2026-09-21T07:58:47.138+00:00,2026-09-21T08:01:54.944+00:00,2026-09-21T08:01:56.341+00:00,True,23,23.0,,23.0,187806.24729300002,189203.03167700002,189203.03179,8226.218773478262,40.714352,187806.24729300002,39147.072176284215,78.89916990000002,63.490199272727274,9.87335281924793,0.12156253415254306,50,64,,True,True,,161,59.56268577710819
142,2026-09-21T07:58:47.472+00:00,2026-09-21T08:01:56.402+00:00,2026-09-21T08:01:57.903+00:00,True,25,25.0,,25.0,188929.64525799998,190430.86714599998,190430.867029,7617.234681159999,42.671723,188929.64525799998,37773.42020773334,80.1308808,62.550912,10.268514140129982,0.13128123804022246,50,64,,True,True,,75,59.56268577710819
143,2026-09-21T07:58:47.790+00:00,2026-09-21T08:01:58.427+00:00,2026-09-21T08:01:59.668+00:00,True,20,20.0,,20.0,190637.412354,191878.877954,191878.877981,9593.94389905,49.371214,190637.412354,42613.21197299918,9610.613908000001,65.3402947368421,10.388218824555358,0.10423242106301399,50,64,,True,True,,60,59.56268577710819
144,2026-09-21T07:58:48.058+00:00,2026-09-21T08:01:59.724+00:00,2026-09-21T08:02:04.687+00:00,True,81,81.0,,81.0,191666.396516,196629.472868,196629.473084,2427.5243590617283,45.263242,191666.396516,21289.374935369728,77.287255,62.0384544,8.853004400179604,0.4119423137261644,50,64,,True,True,,401,59.56268577710819
145,2026-09-21T07:58:48.326+00:00,2026-09-21T08:02:01.343+00:00,2026-09-21T08:02:01.703+00:00,True,7,7.0,,7.0,193017.59544499998,193376.748597,193376.74841499998,27625.249773571428,50.668572999999995,193017.59544499998,72931.16948559464,135133.2400277,59.85885866666666,6.644289976667625,0.036198767694600675,50,64,,True,True,,28,59.56268577710819
146,2026-09-21T07:58:48.609+00:00,2026-09-21T08:02:03.109+00:00,2026-09-21T08:02:08.664+00:00,True,89,89.0,,89.0,194499.662292,200055.22990799998,200055.229862,2247.811571483146,44.563182999999995,194499.662292,20610.23263580792,75.4544,63.13145018181818,8.134296027013669,0.44487714738039447,50,64,,True,True,,741,59.56268577710819
147,2026-09-21T07:58:48.879+00:00,2026-09-21T08:02:04.421+00:00,2026-09-21T08:02:08.867+00:00,True,71,71.0,,71.0,195542.148955,199987.440475,199987.440475,2816.7245137323944,49.504703,195542.148955,23199.04850755662,75.575374,63.504164571428575,8.366159581808507,0.35502229455692025,50,64,,True,True,,142,59.56268577710819
148,2026-09-21T07:58:49.180+00:00,2026-09-21T08:02:05.962+00:00,2026-09-21T08:02:08.099+00:00,True,35,35.0,,35.0,196781.539537,198919.092177,198919.091982,5683.402628057143,48.644583,196781.539537,33251.52548132064,78.33221200000001,62.869195294117645,9.201114990487408,0.17595093370352144,50,64,,True,True,,75,59.56268577710819
149,2026-09-21T07:58:49.502+00:00,2026-09-21T08:02:07.830+00:00,2026-09-21T08:02:11.866+00:00,True,65,65.0,,65.0,198328.452364,202364.468236,202364.46810199998,3113.2995092615383,42.73634199999999,198328.452364,24591.79653644626,76.6158508,63.062748,8.81996845388817,0.3212026328861062,50,64,,True,True,,144,59.56268577710819
150,2026-09-21T07:58:49.875+00:00,2026-09-21T08:02:09.693+00:00,2026-09-21T08:02:15.731+00:00,True,97,97.0,,97.0,199818.497216,205856.15020799998,205856.150183,2122.228352402062,41.825102,199818.497216,20282.11100957773,77.3917702,62.892218666666665,9.624440033272428,0.4712028273237881,50,64,,True,True,,108,59.56268577710819
151,2026-09-21T07:58:50.144+00:00,2026-09-21T08:02:11.366+00:00,2026-09-21T08:02:14.386+00:00,True,49,49.0,,49.0,201222.184908,204242.265548,204242.26546199998,4168.209499224489,43.684071,201222.184908,28737.039477672715,76.121656,62.918346666666665,9.056086565649766,0.23991116563718426,50,64,,True,True,,148,59.56268577710819
152,2026-09-21T07:58:50.414+00:00,2026-09-21T08:02:12.824+00:00,2026-09-21T08:02:13.464+00:00,True,11,11.0,,11.0,202410.09769999998,203049.82070799998,203049.820484,18459.074589454543,44.756113,202410.09769999998,61009.65340374944,101245.710217,63.9723008,11.97533565480143,0.054173896640956794,50,64,,True,True,,24,59.56268577710819
153,2026-09-21T07:58:50.809+00:00,2026-09-21T08:02:15.119+00:00,2026-09-21T08:02:18.909+00:00,True,60,60.0,,60.0,204310.021343,208099.939039,208099.938957,3468.33231595,47.119173,204310.021343,26368.018876235776,76.8801665,64.23589315254237,8.531204692900094,0.2883230061338721,50,64,,True,True,,60,59.56268577710819
154,2026-09-21T07:58:51.135+00:00,2026-09-21T08:02:16.783+00:00,2026-09-21T08:02:17.600+00:00,True,14,14.0,,14.0,205647.734199,206464.520375,206464.520373,14747.465740928572,52.749153,205647.734199,54944.87735784425,72025.46904275,62.82970584615385,7.43637167426743,0.06780826058914094,50,64,,True,True,,34,59.56268577710819
155,2026-09-21T07:58:51.539+00:00,2026-09-21T08:02:19.032+00:00,2026-09-21T08:02:19.808+00:00,True,13,13.0,,13.0,207493.221509,208269.310597,208269.310571,16020.71619776923,52.319802,207493.221509,57530.32878727001,83050.0106126,64.67409066666666,10.075972350556215,0.062419181984785695,50,64,,True,True,,39,59.56268577710819
156,2026-09-21T07:58:51.824+00:00,2026-09-21T08:02:20.446+00:00,2026-09-21T08:02:26.230+00:00,True,94,94.0,,94.0,208622.80811500002,214406.73464300003,214406.73450900003,2280.9227075425533,42.461091999999994,208622.80811500002,21511.387275982863,77.49861615,62.1927583655914,9.989786207654927,0.4384190643848739,50,64,,True,True,,188,59.56268577710819
157,2026-09-21T07:58:52.195+00:00,2026-09-21T08:02:22.660+00:00,2026-09-21T08:02:27.327+00:00,True,77,77.0,,77.0,210465.36572799998,215132.68144,215132.68146799997,2793.930928155844,44.717942,210465.36572799998,23977.75778662745,76.88611219999999,61.412048842105264,9.699499208733137,0.35791865505787934,50,64,,True,True,,281,59.56268577710819
158,2026-09-21T07:58:52.552+00:00,2026-09-21T08:02:24.488+00:00,2026-09-21T08:02:27.443+00:00,True,49,49.0,,49.0,211936.42900799998,214891.14004799997,214891.13996399997,4385.5334686530605,44.94423200000001,211936.42900799998,30267.84047930298,79.42154800000002,61.55648,9.777994717392287,0.22802243028286287,50,64,,True,True,,212,59.56268577710819
159,2026-09-21T07:58:52.859+00:00,2026-09-21T08:02:25.890+00:00,2026-09-21T08:02:28.029+00:00,True,37,37.0,,37.0,213030.618463,215169.81513499998,215169.815124,5815.400408756756,43.294711,213030.618463,35012.249859116375,76.0721072,59.422129777777776,7.855060688367639,0.17195720494896452,50,64,,True,True,,136,59.56268577710819
161,2026-09-21T07:58:53.677+00:00,2026-09-21T08:02:26.382+00:00,2026-09-21T08:02:32.086+00:00,True,93,93.0,,93.0,212704.522585,218408.520793,218408.520911,2348.4787194731184,42.012602,212704.522585,22050.00439684862,78.3041632,61.99998052173913,9.391683649915986,0.42580756310392376,50,64,,True,True,,99,59.56268577710819
160,2026-09-21T07:58:53.637+00:00,2026-09-21T08:02:26.436+00:00,2026-09-21T08:02:26.436+00:00,True,1,1.0,,1.0,212798.78784200002,212798.78784200002,212798.78784200002,212798.78784200002,212798.78784200002,212798.78784200002,nan,212798.78784200002,nan,nan,0.004699274888457002,50,64,,True,True,,1,59.56268577710819
162,2026-09-21T07:58:53.792+00:00,2026-09-21T08:02:30.954+00:00,2026-09-21T08:02:33.886+00:00,True,47,47.0,,47.0,217161.26902,220093.767196,220093.767162,4682.846109829788,42.360473,217161.26902,31666.92944211737,79.9375353,63.74996034782609,10.398471840151618,0.21354534750702464,50,64,,True,True,,135,59.56268577710819
163,2026-09-21T07:58:53.993+00:00,2026-09-21T08:02:31.953+00:00,2026-09-21T08:02:37.107+00:00,True,81,81.0,,81.0,217959.26966299998,223113.248287,223113.248244,2754.484546222222,43.695762,217959.26966299998,24210.540357886348,77.19418300000001,64.4247328,9.98244088977921,0.36304433117215107,50,64,,True,True,,245,59.56268577710819
164,2026-09-21T07:58:54.314+00:00,2026-09-21T08:02:33.558+00:00,2026-09-21T08:02:35.192+00:00,True,26,26.0,,26.0,219243.379665,220877.716689,220877.71681299998,8495.2968005,45.140381999999995,219243.379665,42984.344485508955,78.683146,65.37348096,9.49321757930712,0.11771219111526987,50,64,,True,True,,130,59.56268577710819
165,2026-09-21T07:58:54.596+00:00,2026-09-21T08:02:35.137+00:00,2026-09-21T08:02:37.048+00:00,True,31,31.0,,31.0,220541.359922,222451.68363400002,222451.683659,7175.860763193548,51.928180999999995,220541.359922,39598.962368660315,91.657018,63.67745706666667,11.518954209977316,0.13935610418217528,50,64,,True,True,,93,59.56268577710819
166,2026-09-21T07:58:54.874+00:00,2026-09-21T08:02:36.605+00:00,2026-09-21T08:02:37.041+00:00,True,8,8.0,,8.0,221731.121734,222167.34573399997,222167.345759,27770.918219875,55.932601999999996,221731.121734,78371.75741848744,144149.9474823,62.31771428571428,5.572818167507403,0.03600889218696597,50,64,,True,True,,24,59.56268577710819
167,2026-09-21T07:58:55.257+00:00,2026-09-21T08:02:38.314+00:00,2026-09-21T08:02:39.673+00:00,True,23,23.0,,23.0,223057.273634,224415.56893,224415.56880200002,9757.198643565218,45.841372,223057.273634,46497.78370346447,75.60940209999998,61.74069527272727,8.906201739783855,0.10248843299804297,50,64,,True,True,,92,59.56268577710819
168,2026-09-21T07:58:55.581+00:00,2026-09-21T08:02:39.862+00:00,2026-09-21T08:02:45.389+00:00,True,88,88.0,,88.0,224280.916375,229808.488343,229808.488349,2611.460094875,40.857791,224280.916375,23901.655273030345,79.28085700000001,63.535309977011494,10.17724385144455,0.3829275438627657,50,64,,True,True,,89,59.56268577710819
169,2026-09-21T07:58:55.897+00:00,2026-09-21T08:02:41.410+00:00,2026-09-21T08:02:47.200+00:00,True,92,92.0,,92.0,225512.69082699998,231302.738059,231302.737959,2514.1601952065216,41.596771000000004,225512.69082699998,23504.6920701531,77.07149945,63.626892659340655,10.53963076543299,0.3977471290311009,50,64,,True,True,,544,59.56268577710819
170,2026-09-21T07:58:56.252+00:00,2026-09-21T08:02:43.376+00:00,2026-09-21T08:02:47.832+00:00,True,71,71.0,,71.0,227123.926739,231580.454611,231580.45449499998,3261.6965421830982,42.732301,227123.926739,26947.096991981118,75.9888025,63.66468388571428,9.237262354163697,0.3065889136424017,50,64,,True,True,,773,59.56268577710819
171,2026-09-21T07:58:56.615+00:00,2026-09-21T08:02:45.392+00:00,2026-09-21T08:02:51.013+00:00,True,90,90.0,,90.0,228776.427642,234397.483386,234397.48350899998,2604.4164834333333,44.416631,228776.427642,24108.497151426982,75.8350295,63.15792970786517,9.118516738110783,0.38396316675375824,50,64,,True,True,,266,59.56268577710819
172,2026-09-21T07:58:56.913+00:00,2026-09-21T08:02:47.130+00:00,2026-09-21T08:02:48.016+00:00,True,15,15.0,,15.0,230217.881612,231103.257868,231103.258023,15406.8838682,50.364532,230217.881612,59425.67302253714,69117.20677969999,63.241161142857145,7.072698328302571,0.06490605168607186,50,64,,True,True,,57,59.56268577710819
173,2026-09-21T07:58:57.258+00:00,2026-09-21T08:02:48.492+00:00,2026-09-21T08:02:54.458+00:00,True,97,97.0,,97.0,231233.580613,237199.831877,237199.831953,2445.3590922989692,40.693360999999996,231233.580613,23471.904497288982,76.0423062,62.14845066666666,9.19920867324297,0.4089378952439535,50,64,,True,True,,291,59.56268577710819
174,2026-09-21T07:58:57.611+00:00,2026-09-21T08:02:50.414+00:00,2026-09-21T08:02:53.854+00:00,True,56,56.0,,56.0,232803.369664,236242.84,236242.83996399998,4218.622142214285,46.095580999999996,232803.369664,31101.303417044906,78.93837775000001,62.53582429090909,8.966755811184063,0.23704422110739948,50,64,,True,True,,314,59.56268577710819
175,2026-09-21T07:58:57.831+00:00,2026-09-21T08:02:51.721+00:00,2026-09-21T08:02:52.098+00:00,True,7,7.0,,7.0,233889.523977,234267.279881,234267.2799,33466.754271428574,56.318182,233889.523977,88378.13445902451,163744.0083015,62.95931733333334,6.0588388555287604,0.029880399872981696,50,64,,True,True,,67,59.56268577710819
176,2026-09-21T07:58:58.203+00:00,2026-09-21T08:02:53.752+00:00,2026-09-21T08:02:57.786+00:00,True,66,66.0,,66.0,235548.55445,239583.284434,239583.284381,3630.0497633484847,43.474923000000004,235548.55445,28986.383523554887,75.14886225000001,62.07276898461539,9.039650669473408,0.27547831709512094,50,64,,True,True,,504,59.56268577710819
177,2026-09-21T07:58:58.542+00:00,2026-09-21T08:02:55.468+00:00,2026-09-21T08:03:00.036+00:00,True,74,74.0,,74.0,236926.304725,241493.899733,241493.89986499998,3263.4310792567567,40.633500999999995,236926.304725,27534.85131182743,75.42632214999999,62.56979463013699,8.911540309174844,0.3064259597522576,50,64,,True,True,,629,59.56268577710819
178,2026-09-21T07:58:58.914+00:00,2026-09-21T08:02:57.655+00:00,2026-09-21T08:03:00.231+00:00,True,42,42.0,,42.0,238740.934053,241316.796069,241316.796043,5745.63800102381,46.899641,238740.934053,36828.8327356393,77.87949745,62.825902829268294,9.05222079408346,0.17404507553627097,50,64,,True,True,,126,59.56268577710819
179,2026-09-21T07:58:59.233+00:00,2026-09-21T08:02:59.273+00:00,2026-09-21T08:03:00.480+00:00,True,21,21.0,,21.0,240040.76466699998,241246.972923,241246.97290799997,11487.951090857143,45.976551,240040.76466699998,52368.029143023974,78.985863,60.310412799999995,8.894842476080534,0.08704772435301261,50,64,,True,True,,81,59.56268577710819
180,2026-09-21T07:58:59.584+00:00,2026-09-21T08:03:00.952+00:00,2026-09-21T08:03:05.852+00:00,True,78,78.0,,78.0,241367.712868,246267.73642,246267.73657,3157.278673974359,45.156731,241367.712868,27322.30807471727,78.62184915,63.63666950649351,9.70838151321758,0.3167284563292288,50,64,,True,True,,312,59.56268577710819
181,2026-09-21T07:58:59.816+00:00,2026-09-21T08:03:02.213+00:00,2026-09-21T08:03:03.764+00:00,True,25,25.0,,25.0,242397.64185800002,243948.82035400002,243948.820432,9757.95281728,44.716552,242397.64185800002,48466.60288096261,79.272375,64.63243733333334,10.044528229359967,0.10248051195214593,50,64,,True,True,,78,59.56268577710819
182,2026-09-21T07:59:00.084+00:00,2026-09-21T08:03:03.576+00:00,2026-09-21T08:03:05.853+00:00,True,36,36.0,,36.0,243491.83764800002,245768.866512,245768.86661800003,6826.912961611111,46.307792,243491.83764800002,40571.131168849824,81.2264905,65.05796754285714,10.105598021423258,0.1464790903376781,50,64,,True,True,,73,59.56268577710819
183,2026-09-21T07:59:00.367+00:00,2026-09-21T08:03:05.063+00:00,2026-09-21T08:03:11.365+00:00,True,99,99.0,,99.0,244696.817771,250998.03428300002,250998.034272,2535.3336795151517,42.473892,244696.817771,24586.495002410575,77.7608109,64.29812767346938,9.173845357134477,0.39442539971598983,50,64,,True,True,,681,59.56268577710819
184,2026-09-21T07:59:00.683+00:00,2026-09-21T08:03:06.604+00:00,2026-09-21T08:03:08.080+00:00,True,24,24.0,,24.0,245921.767972,247397.46794,247397.467954,10308.227831416667,48.313982,245921.767972,50185.474326122014,77.65788535,64.16086817391304,6.697010401695967,0.09700988534701006,50,64,,True,True,,96,59.56268577710819
185,2026-09-21T07:59:00.967+00:00,2026-09-21T08:03:08.522+00:00,2026-09-21T08:03:08.770+00:00,True,5,5.0,,5.0,247554.83862999998,247802.66915799998,247802.669179,49560.53383579999,53.187082000000004,247554.83862999998,110682.18133758065,198057.94989659998,61.957632,7.045234764956713,0.02017734521177405,50,64,,True,True,,15,59.56268577710819
186,2026-09-21T07:59:01.279+00:00,2026-09-21T08:03:08.714+00:00,2026-09-21T08:03:11.110+00:00,True,39,39.0,,39.0,247434.411104,249830.607968,249830.607899,6405.913023051282,47.761131,247434.411104,39611.1190518489,76.33795500000001,63.057812210526315,8.767119542780836,0.15610577229590453,50,64,,True,True,,200,59.56268577710819
187,2026-09-21T07:59:01.588+00:00,2026-09-21T08:03:10.300+00:00,2026-09-21T08:03:12.369+00:00,True,34,34.0,,34.0,248712.280918,250781.50895000002,250781.509062,7375.9267371176475,45.105761,248712.280918,42643.05189414433,81.22289634999998,62.703879757575756,10.427924937865729,0.1355761839952036,50,64,,True,True,,193,59.56268577710819
188,2026-09-21T07:59:01.847+00:00,2026-09-21T08:03:11.511+00:00,2026-09-21T08:03:12.295+00:00,True,14,14.0,,14.0,249664.566294,250448.460054,250448.46003299998,17889.175716642858,43.321631000000004,249664.566294,66709.54710129331,87432.33096714999,60.29952,10.592003489127322,0.0558997248255446,50,64,,True,True,,42,59.56268577710819
189,2026-09-21T07:59:02.195+00:00,2026-09-21T08:03:14.099+00:00,2026-09-21T08:03:17.466+00:00,True,55,55.0,,55.0,251904.352808,255270.967336,255270.967336,4641.2903152,44.827762,251904.352808,33958.3706736697,77.852878,62.344713481481485,9.224621982533364,0.21545732589169192,50,64,,True,True,,385,59.56268577710819
190,2026-09-21T07:59:02.478+00:00,2026-09-21T08:03:16.034+00:00,2026-09-21T08:03:17.610+00:00,True,27,27.0,,27.0,253555.715747,255131.98710700002,255131.986962,9449.332850444445,44.731151,253555.715747,48785.15352490643,73.533968,60.62582153846154,8.556998717591664,0.10582757695794706,50,64,,True,True,,135,59.56268577710819
191,2026-09-21T07:59:02.847+00:00,2026-09-21T08:03:18.049+00:00,2026-09-21T08:03:20.605+00:00,True,42,42.0,,42.0,255202.183808,257758.669184,257758.669098,6137.111169,40.733072,255202.183808,39368.9316755069,76.9315861,62.353301853658536,9.504565519407695,0.1629431131568206,50,64,,True,True,,462,59.56268577710819
192,2026-09-21T07:59:03.146+00:00,2026-09-21T08:03:19.683+00:00,2026-09-21T08:03:22.256+00:00,True,41,41.0,,41.0,256536.747575,259110.425143,259110.425036,6319.766464292683,46.336382,256536.747575,40054.26206375406,78.780603,64.3419392,11.659529509794657,0.15823369506407386,50,64,,True,True,,250,59.56268577710819
193,2026-09-21T07:59:03.547+00:00,2026-09-21T08:03:22.057+00:00,2026-09-21T08:03:26.460+00:00,True,70,70.0,,70.0,258510.663727,262912.782127,262912.78217200004,3755.8968881714286,43.252802,258510.663727,30890.310131394748,77.67761800000001,63.798817391304354,9.4952413347129,0.2662479908115936,50,64,,True,True,,142,59.56268577710819
194,2026-09-21T07:59:03.921+00:00,2026-09-21T08:03:23.487+00:00,2026-09-21T08:03:29.586+00:00,True,98,98.0,,98.0,259565.271909,265664.23536500003,265664.235192,2710.8595427755104,39.611982000000005,259565.271909,26213.702723189257,79.71056549999999,62.87591191752578,10.695936835368746,0.36888668836193306,50,64,,True,True,,150,59.56268577710819
195,2026-09-21T07:59:04.269+00:00,2026-09-21T08:03:25.249+00:00,2026-09-21T08:03:30.339+00:00,True,82,82.0,,82.0,260980.178194,266070.582802,266070.582713,3244.763203817073,44.475361,260980.178194,28813.50094918265,78.68867850000001,62.84450133333333,9.692215728270847,0.30818889911261405,50,64,,True,True,,462,59.56268577710819
196,2026-09-21T07:59:04.643+00:00,2026-09-21T08:03:27.422+00:00,2026-09-21T08:03:30.263+00:00,True,46,46.0,,46.0,262779.233142,265619.665782,265619.665751,5774.340559804347,42.820052000000004,262779.233142,38735.37877079703,76.90325475,63.12072533333333,9.922255394142459,0.17317994834672082,50,64,,True,True,,141,59.56268577710819
197,2026-09-21T07:59:05.570+00:00,2026-09-21T08:03:30.024+00:00,2026-09-21T08:03:30.855+00:00,True,14,14.0,,14.0,264454.430697,265285.812201,265285.812357,18948.98659692857,52.066572,264454.430697,70661.3281577206,92609.39678125002,63.952423384615386,9.48562207206814,0.05277327077481465,50,64,,True,True,,56,59.56268577710819
199,2026-09-21T07:59:05.595+00:00,2026-09-21T08:03:30.854+00:00,2026-09-21T08:03:36.644+00:00,True,92,92.0,,92.0,265258.949634,271048.69069,271048.690796,2946.1814216956523,43.515031,265258.949634,27648.525428141715,77.02905894999999,63.62352808791209,8.883468375671354,0.3394224106591275,50,64,,True,True,,96,59.56268577710819
198,2026-09-21T07:59:05.575+00:00,2026-09-21T08:03:32.589+00:00,2026-09-21T08:03:35.497+00:00,True,47,47.0,,47.0,267014.046643,269922.21662699996,269922.216484,5743.025882638298,44.631101,267014.046643,38938.78094108606,77.160338,63.22108660869565,9.1011969838291,0.17412423692766404,50,64,,True,True,,193,59.56268577710819
200,2026-09-21T07:59:05.847+00:00,2026-09-21T08:03:33.253+00:00,2026-09-21T08:03:37.482+00:00,True,67,67.0,,67.0,267405.786679,271634.941239,271634.94122800004,4054.252854149254,44.671271,267405.786679,32660.9892605781,75.8011487,64.0780993939394,9.17840692094394,0.2466545713684513,50,64,,True,True,,668,59.56268577710819
201,2026-09-21T07:59:06.136+00:00,2026-09-21T08:03:35.496+00:00,2026-09-21T08:03:40.982+00:00,True,86,86.0,,86.0,269360.04202600004,274845.999658,274845.99960100005,3195.883716290698,42.871831,269360.04202600004,29038.882552401465,77.281396,64.54067802352941,10.372689120368127,0.31290249851557833,50,64,,True,True,,430,59.56268577710819
202,2026-09-21T07:59:06.428+00:00,2026-09-21T08:03:37.088+00:00,2026-09-21T08:03:37.287+00:00,True,4,4.0,,4.0,270660.275929,270859.601625,270859.601523,67714.90038075,50.534351,270660.275929,135296.9175024328,230072.5504828,66.44189866666666,13.81579728273129,0.014767798431373035,50,64,,True,True,,28,59.56268577710819
203,2026-09-21T07:59:06.773+00:00,2026-09-21T08:03:38.877+00:00,2026-09-21T08:03:42.638+00:00,True,59,59.0,,59.0,272103.43037099997,275864.788195,275864.788279,4675.674377610169,43.160900999999996,272103.43037099997,35416.4082845173,79.994452,64.85099696551724,11.675269539437686,0.2138728918106605,50,64,,True,True,,262,59.56268577710819
204,2026-09-21T07:59:07.000+00:00,2026-09-21T08:03:39.853+00:00,2026-09-21T08:03:45.908+00:00,True,95,95.0,,95.0,272852.370217,278907.643945,278907.64386400004,2935.8699354105265,42.326141,272852.370217,27987.455341211706,79.06023030000001,64.41780561702127,10.510976542025967,0.3406145441418371,50,64,,True,True,,338,59.56268577710819
205,2026-09-21T07:59:07.335+00:00,2026-09-21T08:03:41.663+00:00,2026-09-21T08:03:44.484+00:00,True,45,45.0,,45.0,274328.2155,277148.286924,277148.286939,6158.850820866666,41.285081,274328.2155,40884.88274231898,78.12509119999999,64.09253236363637,10.128404514482874,0.16236795290868952,50,64,,True,True,,495,59.56268577710819
206,2026-09-21T07:59:07.604+00:00,2026-09-21T08:03:43.100+00:00,2026-09-21T08:03:48.480+00:00,True,86,86.0,,86.0,275496.263053,280876.013453,280876.01323599997,3266.0001539069763,42.741731,275496.263053,29700.70281569326,77.760447,63.29118117647059,9.888662026596391,0.30618492103595274,50,64,,True,True,,428,59.56268577710819
207,2026-09-21T07:59:07.909+00:00,2026-09-21T08:03:44.895+00:00,2026-09-21T08:03:45.836+00:00,True,16,16.0,,16.0,276985.58727899997,277927.50036699994,277927.50033799995,17370.468771124997,50.244261,276985.58727899997,69230.6988417163,69305.78742375,62.794205866666665,9.21943121135341,0.05756897024897569,50,64,,True,True,,32,59.56268577710819
208,2026-09-21T07:59:08.293+00:00,2026-09-21T08:03:46.561+00:00,2026-09-21T08:03:50.591+00:00,True,65,65.0,,65.0,278268.36748400005,282298.51506800007,282298.51502800005,4343.054077353847,39.5448,278268.36748400005,34507.13392957791,78.552443,62.971056,9.985721099158617,0.23025271664763378,50,64,,True,True,,65,59.56268577710819
209,2026-09-21T07:59:08.627+00:00,2026-09-21T08:03:48.554+00:00,2026-09-21T08:03:49.808+00:00,True,21,21.0,,21.0,279927.46310000005,281181.098172,281181.098187,13389.57610414286,43.812061,279927.46310000005,61071.502814767024,75.394211,62.6817536,9.337682891473499,0.07468496330843044,50,64,,True,True,,92,59.56268577710819
210,2026-09-21T07:59:08.909+00:00,2026-09-21T08:03:49.940+00:00,2026-09-21T08:03:55.579+00:00,True,89,89.0,,89.0,281031.08389,286670.503026,286670.502989,3221.0168875168542,44.684311,281031.08389,29782.44396030668,78.6404814,64.08430836363637,9.724077774253864,0.3104609614890445,50,64,,True,True,,445,59.56268577710819
211,2026-09-21T07:59:09.241+00:00,2026-09-21T08:03:51.627+00:00,2026-09-21T08:03:55.268+00:00,True,58,58.0,,58.0,282386.66963200003,286026.89184000005,286026.89194800006,4931.498137034483,44.076531,282386.66963200003,37070.80188146123,78.09580785000001,63.86354750877192,9.904089479836617,0.20277813609373654,50,64,,True,True,,287,59.56268577710819
212,2026-09-21T07:59:09.628+00:00,2026-09-21T08:03:53.490+00:00,2026-09-21T08:03:55.951+00:00,True,40,40.0,,40.0,283862.91542000003,286323.26742000005,286323.26741100004,7158.081685275001,42.562221,283862.91542000003,44872.69416867217,76.67870099999999,63.08594871794872,10.219181600535332,0.13970223363414283,50,64,,True,True,,162,59.56268577710819
213,2026-09-21T07:59:09.863+00:00,2026-09-21T08:03:54.706+00:00,2026-09-21T08:03:55.136+00:00,True,8,8.0,,8.0,284842.951321,285272.069273,285272.06919,35659.00864875,46.136441,284842.951321,100685.51799528797,185173.5240755,61.302564571428576,10.778669155827709,0.0280434043907192,50,64,,True,True,,28,59.56268577710819
215,2026-09-21T07:59:10.498+00:00,2026-09-21T08:03:56.024+00:00,2026-09-21T08:03:58.756+00:00,True,45,45.0,,45.0,285526.550773,288258.451189,288258.45128,6405.743361777778,43.572281000000004,285526.550773,42554.5304886788,76.387984,62.08864581818182,9.287814405897231,0.15610990697544277,50,64,,True,True,,92,59.56268577710819
216,2026-09-21T07:59:10.885+00:00,2026-09-21T08:03:57.937+00:00,2026-09-21T08:03:59.795+00:00,True,30,30.0,,30.0,287052.770313,288909.917705,288909.917792,9630.330593066667,50.822300999999996,287052.770313,52396.734561639605,80.3865285,64.03956524137931,8.72929061754872,0.10383859522133948,50,64,,True,True,,85,59.56268577710819
217,2026-09-21T07:59:11.144+00:00,2026-09-21T08:04:00.205+00:00,2026-09-21T08:04:06.250+00:00,True,97,97.0,,97.0,289060.939253,295106.197493,295106.19756,3042.3319336082477,41.327421,289060.939253,29343.299747229696,78.5682072,62.97144,10.649215543461262,0.3286952318319267,50,64,,True,True,,869,59.56268577710819
214,2026-09-21T07:59:10.125+00:00,2026-09-21T08:04:00.667+00:00,2026-09-21T08:04:01.050+00:00,True,7,7.0,,7.0,290542.317189,290925.46112500003,290925.461117,41560.78015957143,47.414851000000006,290542.317189,109790.5386646179,203403.3708849,63.85732266666666,13.189450571426645,0.02406114601634113,50,64,,True,True,,28,59.56268577710819
218,2026-09-21T07:59:11.414+00:00,2026-09-21T08:04:02.649+00:00,2026-09-21T08:04:02.720+00:00,True,2,2.0,,2.0,291235.378166,291305.894134,291305.894278,145652.947139,70.51611199999999,291235.378166,205884.6484016291,276677.13506329997,70.515968,nan,0.006865635197480778,50,64,,True,True,,11,59.56268577710819
219,2026-09-21T07:59:11.706+00:00,2026-09-21T08:04:04.353+00:00,2026-09-21T08:04:09.663+00:00,True,86,86.0,,86.0,292647.256602,297956.47132199997,297956.471203,3464.6101302674415,41.51268099999999,292647.256602,31550.231373167924,76.59747674999998,62.461349647058825,9.798967563749645,0.28863276443846814,50,64,,True,True,,688,59.56268577710819
220,2026-09-21T07:59:11.995+00:00,2026-09-21T08:04:05.955+00:00,2026-09-21T08:04:07.902+00:00,True,32,32.0,,32.0,293959.965449,295907.24045700004,295907.240339,9247.10126059375,43.080851,293959.965449,51954.167833739615,78.33250505,62.815322838709676,9.70203548304915,0.10814199730489561,50,64,,True,True,,32,59.56268577710819
221,2026-09-21T07:59:12.227+00:00,2026-09-21T08:04:07.078+00:00,2026-09-21T08:04:08.293+00:00,True,20,20.0,,20.0,294850.74920099997,296065.88289699994,296065.883047,14803.294152349998,55.830511,294850.74920099997,65916.33145586686,14813.09992795,63.95440505263158,5.94908049548034,0.06755253190371116,50,64,,True,True,,131,59.56268577710819
222,2026-09-21T07:59:12.561+00:00,2026-09-21T08:04:09.055+00:00,2026-09-21T08:04:12.589+00:00,False,59,58.0,,58.0,296494.361084,300028.02508399996,300028.024928,5085.220761491525,0.03411,296494.361084,38592.348307492124,77.23651690000001,60.92524137931035,12.892897034142749,0.19331527441065388,50,64,,True,False,Request timeout: 300.0s exceeded,232,59.56268577710819
223,2026-09-21T07:59:12.911+00:00,2026-09-21T08:04:10.836+00:00,2026-09-21T08:04:12.972+00:00,False,37,36.0,,36.0,297924.22369,300060.58209000004,300060.581985,8109.745459054055,0.02693,297924.22369,48968.68654928581,77.6940438,59.343288888888885,13.677332684860355,0.11997577205659815,50,64,,True,False,Request timeout: 300.0s exceeded,141,59.56268577710819
224,2026-09-21T07:59:13.264+00:00,2026-09-21T08:04:12.973+00:00,2026-09-21T08:04:13.330+00:00,False,8,7.0,,7.0,299709.016474,300066.050458,300066.050301,37508.256287625,0.02572,299709.016474,105945.10833260148,194836.27629795,51.00485485714286,23.83579178703687,0.023328197206300697,50,64,,True,False,Request timeout: 300.0s exceeded,14,59.56268577710819
225,2026-09-21T07:59:13.506+00:00,2026-09-21T08:04:13.611+00:00,2026-09-21T08:04:13.611+00:00,False,1,0.0,,0.0,300105.186716,300105.186716,300105.186716,300105.186716,300105.186716,300105.186716,nan,300105.186716,nan,nan,0.0,50,64,,True,False,"HTTPConnectionPool(host='gpu06', port=9004): Read timed out.",0,59.56268577710819
226,2026-09-21T07:59:13.865+00:00,2026-09-21T08:04:13.913+00:00,2026-09-21T08:04:13.913+00:00,False,1,0.0,,0.0,300047.73749,300047.73749,300047.73749,300047.73749,300047.73749,300047.73749,nan,300047.73749,nan,nan,0.0,50,64,,True,False,"HTTPConnectionPool(host='gpu06', port=9004): Read timed out.",0,59.56268577710819
227,2026-09-21T07:59:14.224+00:00,2026-09-21T08:04:14.278+00:00,2026-09-21T08:04:14.278+00:00,False,1,0.0,,0.0,300053.602037,300053.602037,300053.602037,300053.602037,300053.602037,300053.602037,nan,300053.602037,nan,nan,0.0,50,64,,True,False,"HTTPConnectionPool(host='gpu06', port=9004): Read timed out.",0,59.56268577710819
228,2026-09-21T07:59:14.552+00:00,2026-09-21T08:04:14.656+00:00,2026-09-21T08:04:14.656+00:00,False,1,0.0,,0.0,300103.976736,300103.976736,300103.976736,300103.976736,300103.976736,300103.976736,nan,300103.976736,nan,nan,0.0,50,64,,True,False,"HTTPConnectionPool(host='gpu06', port=9004): Read timed out.",0,59.56268577710819
229,2026-09-21T07:59:14.772+00:00,2026-09-21T08:04:14.878+00:00,2026-09-21T08:04:14.878+00:00,False,1,0.0,,0.0,300105.343131,300105.343131,300105.343131,300105.343131,300105.343131,300105.343131,nan,300105.343131,nan,nan,0.0,50,64,,True,False,"HTTPConnectionPool(host='gpu06', port=9004): Read timed out.",0,59.56268577710819
230,2026-09-21T07:59:15.038+00:00,2026-09-21T08:04:15.061+00:00,2026-09-21T08:04:15.061+00:00,False,1,0.0,,0.0,300022.62007099995,300022.62007099995,300022.62007099995,300022.62007099995,300022.62007099995,300022.62007099995,nan,300022.62007099995,nan,nan,0.0,50,64,,True,False,"HTTPConnectionPool(host='gpu06', port=9004): Read timed out.",0,59.56268577710819
231,2026-09-21T07:59:15.421+00:00,2026-09-21T08:04:15.487+00:00,2026-09-21T08:04:15.487+00:00,False,1,0.0,,0.0,300065.722556,300065.722556,300065.722556,300065.722556,300065.722556,300065.722556,nan,300065.722556,nan,nan,0.0,50,64,,True,False,TTFT timeout: 300.0s exceeded (TTFT: 300.061s),0,59.56268577710819
232,2026-09-21T07:59:15.817+00:00,2026-09-21T08:04:15.804+00:00,2026-09-21T08:04:15.856+00:00,False,3,2.0,,2.0,299986.549199,300038.905807,300038.90568,100012.96856,0.03681,299986.549199,173182.20289210253,269993.1262462,26.178304,36.96957898796252,0.006665802205286337,50,64,,True,False,Request timeout: 300.0s exceeded,4,59.56268577710819
233,2026-09-21T07:59:16.048+00:00,2026-09-21T08:04:16.160+00:00,2026-09-21T08:04:16.160+00:00,False,1,0.0,,0.0,300112.446315,300112.446315,300112.446315,300112.446315,300112.446315,300112.446315,nan,300112.446315,nan,nan,0.0,50,64,,True,False,"HTTPConnectionPool(host='gpu06', port=9004): Read timed out.",0,59.56268577710819
234,2026-09-21T07:59:16.342+00:00,2026-09-21T08:04:16.400+00:00,2026-09-21T08:04:16.400+00:00,False,1,0.0,,0.0,300058.541595,300058.541595,300058.541595,300058.541595,300058.541595,300058.541595,nan,300058.541595,nan,nan,0.0,50,64,,True,False,"HTTPConnectionPool(host='gpu06', port=9004): Read timed out.",0,59.56268577710819
235,2026-09-21T07:59:16.651+00:00,2026-09-21T08:04:16.739+00:00,2026-09-21T08:04:16.739+00:00,False,1,0.0,,0.0,300088.405024,300088.405024,300088.405024,300088.405024,300088.405024,300088.405024,nan,300088.405024,nan,nan,0.0,50,64,,True,False,"HTTPConnectionPool(host='gpu06', port=9004): Read timed out.",0,59.56268577710819
236,2026-09-21T07:59:16.962+00:00,2026-09-21T08:04:17.040+00:00,2026-09-21T08:04:17.040+00:00,False,1,0.0,,0.0,300078.339974,300078.339974,300078.339974,300078.339974,300078.339974,300078.339974,nan,300078.339974,nan,nan,0.0,50,64,,True,False,"HTTPConnectionPool(host='gpu06', port=9004): Read timed out.",0,59.56268577710819
237,2026-09-21T07:59:17.188+00:00,2026-09-21T08:04:17.293+00:00,2026-09-21T08:04:17.293+00:00,False,1,0.0,,0.0,300104.833789,300104.833789,300104.833789,300104.833789,300104.833789,300104.833789,nan,300104.833789,nan,nan,0.0,50,64,,True,False,"HTTPConnectionPool(host='gpu06', port=9004): Read timed out.",0,59.56268577710819
238,2026-09-21T07:59:17.443+00:00,2026-09-21T08:04:17.549+00:00,2026-09-21T08:04:17.549+00:00,False,1,0.0,,0.0,300105.812252,300105.812252,300105.812252,300105.812252,300105.812252,300105.812252,nan,300105.812252,nan,nan,0.0,50,64,,True,False,TTFT timeout: 300.0s exceeded (TTFT: 300.090s),0,59.56268577710819
239,2026-09-21T07:59:17.831+00:00,2026-09-21T08:04:17.805+00:00,2026-09-21T08:04:17.918+00:00,False,3,2.0,,2.0,299973.693074,300086.53685000003,300086.536806,100028.845602,0.0273,299973.693074,173157.3264499602,269987.6054098,56.421888,79.75386108639526,0.006664744180108658,50,64,,True,False,Request timeout: 300.0s exceeded,10,59.56268577710819
240,2026-09-21T07:59:18.237+00:00,2026-09-21T08:04:18.345+00:00,2026-09-21T08:04:18.345+00:00,False,1,0.0,,0.0,300108.16243900004,300108.16243900004,300108.16243900004,300108.16243900004,300108.16243900004,300108.16243900004,nan,300108.16243900004,nan,nan,0.0,50,64,,True,False,"HTTPConnectionPool(host='gpu06', port=9004): Read timed out.",0,59.56268577710819
242,2026-09-21T07:59:19.410+00:00,2026-09-21T08:04:18.996+00:00,2026-09-21T08:04:19.858+00:00,True,14,14.0,,14.0,299586.27560000005,300448.568848,300448.56905800005,21460.612075571433,41.95889,299586.27560000005,80050.0756886405,104932.04867245002,66.33024984615385,23.266607097740323,0.04659699346773304,50,64,,True,True,,94,59.56268577710819
244,2026-09-21T07:59:19.728+00:00,2026-09-21T08:04:19.161+00:00,2026-09-21T08:04:19.861+00:00,False,13,12.0,,12.0,299432.585305,300132.675417,300132.67552,23087.12888615385,0.026949999999999998,299432.585305,83031.48020775612,119839.87504720001,58.34084266666667,27.373289774589395,0.039982317764393274,50,64,,True,False,Request timeout: 300.0s exceeded,31,59.56268577710819
241,2026-09-21T07:59:19.324+00:00,2026-09-21T08:04:20.392+00:00,2026-09-21T08:04:20.392+00:00,False,1,0.0,,0.0,301068.035846,301068.035846,301068.035846,301068.035846,301068.035846,301068.035846,nan,301068.035846,nan,nan,0.0,50,64,,True,False,"HTTPConnectionPool(host='gpu06', port=9004): Read timed out.",0,59.56268577710819
243,2026-09-21T07:59:19.641+00:00,2026-09-21T08:04:20.401+00:00,2026-09-21T08:04:20.401+00:00,False,1,0.0,,0.0,300760.566998,300760.566998,300760.566998,300760.566998,300760.566998,300760.566998,nan,300760.566998,nan,nan,0.0,50,64,,True,False,"HTTPConnectionPool(host='gpu06', port=9004): Read timed out.",0,59.56268577710819
245,2026-09-21T07:59:19.911+00:00,2026-09-21T08:04:20.788+00:00,2026-09-21T08:04:21.359+00:00,False,8,7.0,,7.0,300877.742763,301448.165547,301448.165515,37681.020689375,0.03718,300877.742763,106347.54742019814,195632.03612035004,81.48896914285714,54.59589328598503,0.02322123933744291,50,64,,True,False,Request timeout: 300.0s exceeded,47,59.56268577710819
247,2026-09-21T07:59:20.360+00:00,2026-09-21T08:04:21.525+00:00,2026-09-21T08:04:21.525+00:00,False,1,0.0,,0.0,301164.716679,301164.716679,301164.716679,301164.716679,301164.716679,301164.716679,nan,301164.716679,nan,nan,0.0,50,64,,True,False,"HTTPConnectionPool(host='gpu06', port=9004): Read timed out.",0,59.56268577710819
246,2026-09-21T07:59:20.279+00:00,2026-09-21T08:04:21.534+00:00,2026-09-21T08:04:21.534+00:00,False,1,0.0,,0.0,301254.671486,301254.671486,301254.671486,301254.671486,301254.671486,301254.671486,nan,301254.671486,nan,nan,0.0,50,64,,True,False,"HTTPConnectionPool(host='gpu06', port=9004): Read timed out.",0,59.56268577710819
250,2026-09-21T07:59:21.337+00:00,2026-09-21T08:04:21.896+00:00,2026-09-21T08:04:21.896+00:00,False,1,0.0,,0.0,300559.45217,300559.45217,300559.45217,300559.45217,300559.45217,300559.45217,nan,300559.45217,nan,nan,0.0,50,64,,True,False,"HTTPConnectionPool(host='gpu06', port=9004): Read timed out.",0,59.56268577710819
248,2026-09-21T07:59:20.705+00:00,2026-09-21T08:04:21.897+00:00,2026-09-21T08:04:21.897+00:00,False,1,0.0,,0.0,301191.973686,301191.973686,301191.973686,301191.973686,301191.973686,301191.973686,nan,301191.973686,nan,nan,0.0,50,64,,True,False,"HTTPConnectionPool(host='gpu06', port=9004): Read timed out.",0,59.56268577710819
251,2026-09-21T07:59:21.710+00:00,2026-09-21T08:04:21.898+00:00,2026-09-21T08:04:21.898+00:00,False,1,0.0,,0.0,300188.19732700003,300188.19732700003,300188.19732700003,300188.19732700003,300188.19732700003,300188.19732700003,nan,300188.19732700003,nan,nan,0.0,50,64,,True,False,"HTTPConnectionPool(host='gpu06', port=9004): Read timed out.",0,59.56268577710819
253,2026-09-21T07:59:22.485+00:00,2026-09-21T08:04:23.276+00:00,2026-09-21T08:04:23.276+00:00,False,1,0.0,,0.0,300790.534458,300790.534458,300790.534458,300790.534458,300790.534458,300790.534458,nan,300790.534458,nan,nan,0.0,50,64,,True,False,"HTTPConnectionPool(host='gpu06', port=9004): Read timed out.",0,59.56268577710819
254,2026-09-21T07:59:22.773+00:00,2026-09-21T08:04:23.307+00:00,2026-09-21T08:04:23.307+00:00,False,1,0.0,,0.0,300534.157164,300534.157164,300534.157164,300534.157164,300534.157164,300534.157164,nan,300534.157164,nan,nan,0.0,50,64,,True,False,"HTTPConnectionPool(host='gpu06', port=9004): Read timed out.",0,59.56268577710819
255,2026-09-21T07:59:23.015+00:00,2026-09-21T08:04:23.313+00:00,2026-09-21T08:04:23.313+00:00,False,1,0.0,,0.0,300297.242653,300297.242653,300297.242653,300297.242653,300297.242653,300297.242653,nan,300297.242653,nan,nan,0.0,50,64,,True,False,"HTTPConnectionPool(host='gpu06', port=9004): Read timed out.",0,59.56268577710819
249,2026-09-21T07:59:20.981+00:00,2026-09-21T08:04:23.315+00:00,2026-09-21T08:04:23.315+00:00,False,1,0.0,,0.0,302334.540162,302334.540162,302334.540162,302334.540162,302334.540162,302334.540162,nan,302334.540162,nan,nan,0.0,50,64,,True,False,"HTTPConnectionPool(host='gpu06', port=9004): Read timed out.",0,59.56268577710819
252,2026-09-21T07:59:22.124+00:00,2026-09-21T08:04:23.322+00:00,2026-09-21T08:04:23.322+00:00,False,1,0.0,,0.0,301198.455611,301198.455611,301198.455611,301198.455611,301198.455611,301198.455611,nan,301198.455611,nan,nan,0.0,50,64,,True,False,"HTTPConnectionPool(host='gpu06', port=9004): Read timed out.",0,59.56268577710819
256,2026-09-21T07:59:23.265+00:00,2026-09-21T08:04:23.374+00:00,2026-09-21T08:04:23.374+00:00,False,1,0.0,,0.0,300108.82662199996,300108.82662199996,300108.82662199996,300108.82662199996,300108.82662199996,300108.82662199996,nan,300108.82662199996,nan,nan,0.0,50,64,,True,False,"HTTPConnectionPool(host='gpu06', port=9004): Read timed out.",0,59.56268577710819
257,2026-09-21T07:59:23.503+00:00,2026-09-21T08:04:23.577+00:00,2026-09-21T08:04:23.577+00:00,False,1,0.0,,0.0,300073.403276,300073.403276,300073.403276,300073.403276,300073.403276,300073.403276,nan,300073.403276,nan,nan,0.0,50,64,,True,False,"HTTPConnectionPool(host='gpu06', port=9004): Read timed out.",0,59.56268577710819
258,2026-09-21T07:59:23.860+00:00,2026-09-21T08:04:23.880+00:00,2026-09-21T08:04:23.880+00:00,False,1,0.0,,0.0,300019.7881,300019.7881,300019.7881,300019.7881,300019.7881,300019.7881,nan,300019.7881,nan,nan,0.0,50,64,,True,False,"HTTPConnectionPool(host='gpu06', port=9004): Read timed out.",0,59.56268577710819
259,2026-09-21T07:59:24.171+00:00,2026-09-21T08:04:24.278+00:00,2026-09-21T08:04:24.278+00:00,False,1,0.0,,0.0,300107.453001,300107.453001,300107.453001,300107.453001,300107.453001,300107.453001,nan,300107.453001,nan,nan,0.0,50,64,,True,False,"HTTPConnectionPool(host='gpu06', port=9004): Read timed out.",0,59.56268577710819
260,2026-09-21T07:59:24.429+00:00,2026-09-21T08:04:24.530+00:00,2026-09-21T08:04:24.530+00:00,False,1,0.0,,0.0,300101.328953,300101.328953,300101.328953,300101.328953,300101.328953,300101.328953,nan,300101.328953,nan,nan,0.0,50,64,,True,False,"HTTPConnectionPool(host='gpu06', port=9004): Read timed out.",0,59.56268577710819
261,2026-09-21T07:59:24.669+00:00,2026-09-21T08:04:24.748+00:00,2026-09-21T08:04:24.748+00:00,False,1,0.0,,0.0,300079.098297,300079.098297,300079.098297,300079.098297,300079.098297,300079.098297,nan,300079.098297,nan,nan,0.0,50,64,,True,False,"HTTPConnectionPool(host='gpu06', port=9004): Read timed out.",0,59.56268577710819
262,2026-09-21T07:59:24.968+00:00,2026-09-21T08:04:25.071+00:00,2026-09-21T08:04:25.071+00:00,False,1,0.0,,0.0,300102.736938,300102.736938,300102.736938,300102.736938,300102.736938,300102.736938,nan,300102.736938,nan,nan,0.0,50,64,,True,False,"HTTPConnectionPool(host='gpu06', port=9004): Read timed out.",0,59.56268577710819
263,2026-09-21T07:59:25.303+00:00,2026-09-21T08:04:25.325+00:00,2026-09-21T08:04:25.325+00:00,False,1,0.0,,0.0,300021.666183,300021.666183,300021.666183,300021.666183,300021.666183,300021.666183,nan,300021.666183,nan,nan,0.0,50,64,,True,False,TTFT timeout: 300.0s exceeded (TTFT: 300.017s),0,59.56268577710819
264,2026-09-21T07:59:25.701+00:00,2026-09-21T08:04:25.640+00:00,2026-09-21T08:04:25.716+00:00,False,3,2.0,,2.0,299938.982865,300014.30702500005,300014.307106,100004.76903533335,0.03868,299938.982865,173148.1123497696,269952.61313460005,37.66208,53.207556483713404,0.0066663487479393475,50,64,,True,False,Request timeout: 300.0s exceeded,8,59.56268577710819
265,2026-09-21T07:59:25.979+00:00,2026-09-21T08:04:26.085+00:00,2026-09-21T08:04:26.085+00:00,False,1,0.0,,0.0,300106.20817,300106.20817,300106.20817,300106.20817,300106.20817,300106.20817,nan,300106.20817,nan,nan,0.0,50,64,,True,False,"HTTPConnectionPool(host='gpu06', port=9004): Read timed out.",0,59.56268577710819
266,2026-09-21T07:59:26.360+00:00,2026-09-21T08:04:26.474+00:00,2026-09-21T08:04:26.474+00:00,False,1,0.0,,0.0,300114.533575,300114.533575,300114.533575,300114.533575,300114.533575,300114.533575,nan,300114.533575,nan,nan,0.0,50,64,,True,False,"HTTPConnectionPool(host='gpu06', port=9004): Read timed out.",0,59.56268577710819
267,2026-09-21T07:59:26.579+00:00,2026-09-21T08:04:26.688+00:00,2026-09-21T08:04:26.688+00:00,False,1,0.0,,0.0,300108.50024900003,300108.50024900003,300108.50024900003,300108.50024900003,300108.50024900003,300108.50024900003,nan,300108.50024900003,nan,nan,0.0,50,64,,True,False,"HTTPConnectionPool(host='gpu06', port=9004): Read timed out.",0,59.56268577710819
268,2026-09-21T07:59:26.841+00:00,2026-09-21T08:04:26.948+00:00,2026-09-21T08:04:26.948+00:00,False,1,0.0,,0.0,300106.127252,300106.127252,300106.127252,300106.127252,300106.127252,300106.127252,nan,300106.127252,nan,nan,0.0,50,64,,True,False,"HTTPConnectionPool(host='gpu06', port=9004): Read timed out.",0,59.56268577710819
269,2026-09-21T07:59:27.212+00:00,2026-09-21T08:04:27.289+00:00,2026-09-21T08:04:27.289+00:00,False,1,0.0,,0.0,300077.056437,300077.056437,300077.056437,300077.056437,300077.056437,300077.056437,nan,300077.056437,nan,nan,0.0,50,64,,True,False,TTFT timeout: 300.0s exceeded (TTFT: 300.064s),0,59.56268577710819
270,2026-09-21T07:59:27.515+00:00,2026-09-21T08:04:27.517+00:00,2026-09-21T08:04:27.658+00:00,False,3,2.0,,2.0,300002.577495,300143.08258299995,300143.08243799995,100047.694146,0.04475,300002.577495,173166.02282335382,270016.3657648,70.252544,99.28874374841828,0.006663488569478961,50,64,,True,False,Request timeout: 300.0s exceeded,10,59.56268577710819
271,2026-09-21T07:59:27.773+00:00,2026-09-21T08:04:27.765+00:00,2026-09-21T08:04:27.834+00:00,False,3,2.0,,2.0,299992.413307,300061.45138700004,300061.451388,100020.483796,0.041049999999999996,299992.413307,173180.77443237195,270000.0716794,34.51904,48.75936834058456,0.006665301359955525,50,64,,True,False,Request timeout: 300.0s exceeded,6,59.56268577710819
272,2026-09-21T07:59:28.105+00:00,2026-09-21T08:04:28.218+00:00,2026-09-21T08:04:28.218+00:00,False,1,0.0,,0.0,300112.899128,300112.899128,300112.899128,300112.899128,300112.899128,300112.899128,nan,300112.899128,nan,nan,0.0,50,64,,True,False,"HTTPConnectionPool(host='gpu06', port=9004): Read timed out.",0,59.56268577710819
273,2026-09-21T07:59:28.396+00:00,2026-09-21T08:04:28.496+00:00,2026-09-21T08:04:28.496+00:00,False,1,0.0,,0.0,300100.860477,300100.860477,300100.860477,300100.860477,300100.860477,300100.860477,nan,300100.860477,nan,nan,0.0,50,64,,True,False,"HTTPConnectionPool(host='gpu06', port=9004): Read timed out.",0,59.56268577710819
274,2026-09-21T07:59:28.617+00:00,2026-09-21T08:04:28.730+00:00,2026-09-21T08:04:28.730+00:00,False,1,0.0,,0.0,300113.168633,300113.168633,300113.168633,300113.168633,300113.168633,300113.168633,nan,300113.168633,nan,nan,0.0,50,64,,True,False,"HTTPConnectionPool(host='gpu06', port=9004): Read timed out.",0,59.56268577710819
275,2026-09-21T07:59:28.896+00:00,2026-09-21T08:04:29.003+00:00,2026-09-21T08:04:29.003+00:00,False,1,0.0,,0.0,300106.14837400004,300106.14837400004,300106.14837400004,300106.14837400004,300106.14837400004,300106.14837400004,nan,300106.14837400004,nan,nan,0.0,50,64,,True,False,"HTTPConnectionPool(host='gpu06', port=9004): Read timed out.",0,59.56268577710819
276,2026-09-21T07:59:29.267+00:00,2026-09-21T08:04:29.266+00:00,2026-09-21T08:04:29.453+00:00,False,3,2.0,,2.0,299998.436597,300186.345461,300186.345641,100062.11521366666,0.056280000000000004,299998.436597,173149.95891742082,270017.37821369997,93.954432,132.79198347162787,0.006662528227020369,50,64,,True,False,Request timeout: 300.0s exceeded,4,59.56268577710819
277,2026-09-21T07:59:29.526+00:00,2026-09-21T08:04:29.608+00:00,2026-09-21T08:04:29.608+00:00,False,1,0.0,,0.0,300081.717732,300081.717732,300081.717732,300081.717732,300081.717732,300081.717732,nan,300081.717732,nan,nan,0.0,50,64,,True,False,TTFT timeout: 300.0s exceeded (TTFT: 300.055s),0,59.56268577710819
278,2026-09-21T07:59:29.929+00:00,2026-09-21T08:04:30.033+00:00,2026-09-21T08:04:30.033+00:00,False,1,0.0,,0.0,300104.257746,300104.257746,300104.257746,300104.257746,300104.257746,300104.257746,nan,300104.257746,nan,nan,0.0,50,64,,True,False,"HTTPConnectionPool(host='gpu06', port=9004): Read timed out.",0,59.56268577710819
279,2026-09-21T07:59:30.155+00:00,2026-09-21T08:04:30.257+00:00,2026-09-21T08:04:30.257+00:00,False,1,0.0,,0.0,300102.01408999995,300102.01408999995,300102.01408999995,300102.01408999995,300102.01408999995,300102.01408999995,nan,300102.01408999995,nan,nan,0.0,50,64,,True,False,"HTTPConnectionPool(host='gpu06', port=9004): Read timed out.",0,59.56268577710819
280,2026-09-21T07:59:30.401+00:00,2026-09-21T08:04:30.506+00:00,2026-09-21T08:04:30.506+00:00,False,1,0.0,,0.0,300105.39950400003,300105.39950400003,300105.39950400003,300105.39950400003,300105.39950400003,300105.39950400003,nan,300105.39950400003,nan,nan,0.0,50,64,,True,False,"HTTPConnectionPool(host='gpu06', port=9004): Read timed out.",0,59.56268577710819
281,2026-09-21T07:59:30.712+00:00,2026-09-21T08:04:30.817+00:00,2026-09-21T08:04:30.817+00:00,False,1,0.0,,0.0,300104.628133,300104.628133,300104.628133,300104.628133,300104.628133,300104.628133,nan,300104.628133,nan,nan,0.0,50,64,,True,False,"HTTPConnectionPool(host='gpu06', port=9004): Read timed out.",0,59.56268577710819
282,2026-09-21T07:59:31.053+00:00,2026-09-21T08:04:31.160+00:00,2026-09-21T08:04:31.160+00:00,False,1,0.0,,0.0,300106.70474,300106.70474,300106.70474,300106.70474,300106.70474,300106.70474,nan,300106.70474,nan,nan,0.0,50,64,,True,False,"HTTPConnectionPool(host='gpu06', port=9004): Read timed out.",0,59.56268577710819
283,2026-09-21T07:59:31.372+00:00,2026-09-21T08:04:31.475+00:00,2026-09-21T08:04:31.475+00:00,False,1,0.0,,0.0,300103.531059,300103.531059,300103.531059,300103.531059,300103.531059,300103.531059,nan,300103.531059,nan,nan,0.0,50,64,,True,False,"HTTPConnectionPool(host='gpu06', port=9004): Read timed out.",0,59.56268577710819
284,2026-09-21T07:59:31.763+00:00,2026-09-21T08:04:31.874+00:00,2026-09-21T08:04:32.861+00:00,True,18,18.0,,18.0,300111.060452,301098.572516,301098.572643,16727.698480166666,42.077180999999996,300111.060452,70723.16447797844,45085.84340764999,58.08894494117647,11.3496741079761,0.0597810871356539,50,64,,True,True,,105,59.56268577710819
285,2026-09-21T07:59:32.037+00:00,2026-09-21T08:04:32.071+00:00,2026-09-21T08:04:32.960+00:00,False,18,17.0,,17.0,300034.037662,300923.96226999996,300923.962071,16717.997892833333,0.03191,300034.037662,70706.36400340374,45073.282586149995,52.34850635294118,16.396869897978398,0.05649267632847058,50,64,,True,False,Request timeout: 300.0s exceeded,38,59.56268577710819
288,2026-09-21T07:59:33.093+00:00,2026-09-21T08:04:33.174+00:00,2026-09-21T08:04:33.174+00:00,False,1,0.0,,0.0,300080.88851200003,300080.88851200003,300080.88851200003,300080.88851200003,300080.88851200003,300080.88851200003,nan,300080.88851200003,nan,nan,0.0,50,64,,True,False,"HTTPConnectionPool(host='gpu06', port=9004): Read timed out.",0,59.56268577710819
286,2026-09-21T07:59:32.435+00:00,2026-09-21T08:04:33.474+00:00,2026-09-21T08:04:33.474+00:00,False,1,0.0,,0.0,301038.525567,301038.525567,301038.525567,301038.525567,301038.525567,301038.525567,nan,301038.525567,nan,nan,0.0,50,64,,True,False,"HTTPConnectionPool(host='gpu06', port=9004): Read timed out.",0,59.56268577710819
289,2026-09-21T07:59:33.376+00:00,2026-09-21T08:04:33.474+00:00,2026-09-21T08:04:33.474+00:00,False,1,0.0,,0.0,300098.330074,300098.330074,300098.330074,300098.330074,300098.330074,300098.330074,nan,300098.330074,nan,nan,0.0,50,64,,True,False,"HTTPConnectionPool(host='gpu06', port=9004): Read timed out.",0,59.56268577710819
291,2026-09-21T07:59:35.009+00:00,2026-09-21T08:04:34.280+00:00,2026-09-21T08:04:35.318+00:00,False,20,19.0,,19.0,299271.53892699996,300309.61252699996,300309.61256899993,15015.480628449997,0.0368,299271.53892699996,66906.93613448844,15062.234591699998,54.63545263157894,18.85308212627632,0.06326803807617636,50,64,,True,False,Request timeout: 300.0s exceeded,42,59.56268577710819
292,2026-09-21T07:59:35.076+00:00,2026-09-21T08:04:34.285+00:00,2026-09-21T08:04:35.391+00:00,False,21,20.0,,20.0,299209.376782,300314.935054,300314.935245,14300.711202142857,0.03475,299209.376782,65280.77881200285,100.90575199999999,55.2779136,18.54926465963738,0.06659675449175971,50,64,,True,False,Request timeout: 300.0s exceeded,72,59.56268577710819
287,2026-09-21T07:59:32.725+00:00,2026-09-21T08:04:34.927+00:00,2026-09-21T08:04:35.265+00:00,False,8,7.0,,7.0,302201.20238200005,302539.69966200006,302539.69967900007,37817.46245987501,0.03821,302201.20238200005,106827.16511952896,196454.7237155,48.35675428571428,22.722272659072917,0.023137459341106177,50,64,,True,False,Request timeout: 300.0s exceeded,14,59.56268577710819
290,2026-09-21T07:59:35.003+00:00,2026-09-21T08:04:35.217+00:00,2026-09-21T08:04:35.391+00:00,False,5,4.0,,4.0,300214.171317,300387.791029,300387.791111,60077.5582222,0.03875,300214.171317,134240.45030557792,240185.671308,43.404928,30.589678485705207,0.013316120426525031,50,64,,True,False,Request timeout: 300.0s exceeded,24,59.56268577710819
294,2026-09-21T07:59:35.373+00:00,2026-09-21T08:04:35.762+00:00,2026-09-21T08:04:35.762+00:00,False,1,0.0,,0.0,300388.780736,300388.780736,300388.780736,300388.780736,300388.780736,300388.780736,nan,300388.780736,nan,nan,0.0,50,64,,True,False,"HTTPConnectionPool(host='gpu06', port=9004): Read timed out.",0,59.56268577710819
293,2026-09-21T07:59:35.298+00:00,2026-09-21T08:04:35.905+00:00,2026-09-21T08:04:35.905+00:00,False,1,0.0,,0.0,300607.385846,300607.385846,300607.385846,300607.385846,300607.385846,300607.385846,nan,300607.385846,nan,nan,0.0,50,64,,True,False,"HTTPConnectionPool(host='gpu06', port=9004): Read timed out.",0,59.56268577710819
295,2026-09-21T07:59:35.470+00:00,2026-09-21T08:04:36.040+00:00,2026-09-21T08:04:36.040+00:00,False,1,0.0,,0.0,300570.249473,300570.249473,300570.249473,300570.249473,300570.249473,300570.249473,nan,300570.249473,nan,nan,0.0,50,64,,True,False,"HTTPConnectionPool(host='gpu06', port=9004): Read timed out.",0,59.56268577710819
296,2026-09-21T07:59:35.845+00:00,2026-09-21T08:04:36.125+00:00,2026-09-21T08:04:36.125+00:00,False,1,0.0,,0.0,300279.811605,300279.811605,300279.811605,300279.811605,300279.811605,300279.811605,nan,300279.811605,nan,nan,0.0,50,64,,True,False,"HTTPConnectionPool(host='gpu06', port=9004): Read timed out.",0,59.56268577710819
297,2026-09-21T07:59:36.161+00:00,2026-09-21T08:04:36.304+00:00,2026-09-21T08:04:36.304+00:00,False,1,0.0,,0.0,300143.060946,300143.060946,300143.060946,300143.060946,300143.060946,300143.060946,nan,300143.060946,nan,nan,0.0,50,64,,True,False,"HTTPConnectionPool(host='gpu06', port=9004): Read timed out.",0,59.56268577710819
298,2026-09-21T07:59:36.423+00:00,2026-09-21T08:04:36.527+00:00,2026-09-21T08:04:36.527+00:00,False,1,0.0,,0.0,300104.42215899995,300104.42215899995,300104.42215899995,300104.42215899995,300104.42215899995,300104.42215899995,nan,300104.42215899995,nan,nan,0.0,50,64,,True,False,"HTTPConnectionPool(host='gpu06', port=9004): Read timed out.",0,59.56268577710819
299,2026-09-21T07:59:36.744+00:00,2026-09-21T08:04:36.851+00:00,2026-09-21T08:04:36.851+00:00,False,1,0.0,,0.0,300106.639291,300106.639291,300106.639291,300106.639291,300106.639291,300106.639291,nan,300106.639291,nan,nan,0.0,50,64,,True,False,"HTTPConnectionPool(host='gpu06', port=9004): Read timed out.",0,59.56268577710819
300,2026-09-21T07:59:37.007+00:00,2026-09-21T08:04:37.112+00:00,2026-09-21T08:04:37.112+00:00,False,1,0.0,,0.0,300104.839212,300104.839212,300104.839212,300104.839212,300104.839212,300104.839212,nan,300104.839212,nan,nan,0.0,50,64,,True,False,"HTTPConnectionPool(host='gpu06', port=9004): Read timed out.",0,59.56268577710819
301,2026-09-21T07:59:37.308+00:00,2026-09-21T08:04:37.423+00:00,2026-09-21T08:04:37.423+00:00,False,1,0.0,,0.0,300114.851227,300114.851227,300114.851227,300114.851227,300114.851227,300114.851227,nan,300114.851227,nan,nan,0.0,50,64,,True,False,"HTTPConnectionPool(host='gpu06', port=9004): Read timed out.",0,59.56268577710819
302,2026-09-21T07:59:37.709+00:00,2026-09-21T08:04:37.737+00:00,2026-09-21T08:04:37.737+00:00,False,1,0.0,,0.0,300027.664492,300027.664492,300027.664492,300027.664492,300027.664492,300027.664492,nan,300027.664492,nan,nan,0.0,50,64,,True,False,"HTTPConnectionPool(host='gpu06', port=9004): Read timed out.",0,59.56268577710819
303,2026-09-21T07:59:38.090+00:00,2026-09-21T08:04:38.079+00:00,2026-09-21T08:04:38.254+00:00,False,3,2.0,,2.0,299988.750458,300163.84729,300163.84724699997,100054.615749,0.02124,299988.750458,173148.06186434833,270007.3829671,87.548416,123.78210806170837,0.006663027603280025,50,64,,True,False,Request timeout: 300.0s exceeded,2,59.56268577710819
304,2026-09-21T07:59:38.327+00:00,2026-09-21T08:04:38.254+00:00,2026-09-21T08:04:38.352+00:00,False,4,3.0,,3.0,299926.74420599994,300024.28071799997,300024.28072999994,75006.07018249999,0.03505,299926.74420599994,149947.11780907115,254945.63905649993,32.51217066666667,28.40328263784884,0.009999190708233952,50,64,,True,False,Request timeout: 300.0s exceeded,18,59.56268577710819
305,2026-09-21T07:59:38.553+00:00,2026-09-21T08:04:38.660+00:00,2026-09-21T08:04:38.660+00:00,False,1,0.0,,0.0,300107.047092,300107.047092,300107.047092,300107.047092,300107.047092,300107.047092,nan,300107.047092,nan,nan,0.0,50,64,,True,False,"HTTPConnectionPool(host='gpu06', port=9004): Read timed out.",0,59.56268577710819
306,2026-09-21T07:59:38.781+00:00,2026-09-21T08:04:38.907+00:00,2026-09-21T08:04:38.907+00:00,False,1,0.0,,0.0,300125.736076,300125.736076,300125.736076,300125.736076,300125.736076,300125.736076,nan,300125.736076,nan,nan,0.0,50,64,,True,False,"HTTPConnectionPool(host='gpu06', port=9004): Read timed out.",0,59.56268577710819
307,2026-09-21T07:59:39.181+00:00,2026-09-21T08:04:39.294+00:00,2026-09-21T08:04:39.294+00:00,False,1,0.0,,0.0,300112.645988,300112.645988,300112.645988,300112.645988,300112.645988,300112.645988,nan,300112.645988,nan,nan,0.0,50,64,,True,False,"HTTPConnectionPool(host='gpu06', port=9004): Read timed out.",0,59.56268577710819
308,2026-09-21T07:59:39.583+00:00,2026-09-21T08:04:39.688+00:00,2026-09-21T08:04:39.688+00:00,False,1,0.0,,0.0,300105.369228,300105.369228,300105.369228,300105.369228,300105.369228,300105.369228,nan,300105.369228,nan,nan,0.0,50,64,,True,False,"HTTPConnectionPool(host='gpu06', port=9004): Read timed out.",0,59.56268577710819
309,2026-09-21T07:59:39.866+00:00,2026-09-21T08:04:39.975+00:00,2026-09-21T08:04:39.975+00:00,False,1,0.0,,0.0,300109.57537599996,300109.57537599996,300109.57537599996,300109.57537599996,300109.57537599996,300109.57537599996,nan,300109.57537599996,nan,nan,0.0,50,64,,True,False,"HTTPConnectionPool(host='gpu06', port=9004): Read timed out.",0,59.56268577710819
310,2026-09-21T07:59:40.107+00:00,2026-09-21T08:04:40.156+00:00,2026-09-21T08:04:40.156+00:00,False,1,0.0,,0.0,300049.212943,300049.212943,300049.212943,300049.212943,300049.212943,300049.212943,nan,300049.212943,nan,nan,0.0,50,64,,True,False,TTFT timeout: 300.0s exceeded (TTFT: 300.045s),0,59.56268577710819
311,2026-09-21T07:59:40.481+00:00,2026-09-21T08:04:40.462+00:00,2026-09-21T08:04:40.513+00:00,False,3,2.0,,2.0,299981.081582,300032.562158,300032.562259,100010.85408633333,0.05679,299981.081582,173179.2989163144,269988.1158125,25.740288,36.32189180381265,0.006665943141687338,50,64,,True,False,Request timeout: 300.0s exceeded,8,59.56268577710819
312,2026-09-21T07:59:40.877+00:00,2026-09-21T08:04:40.990+00:00,2026-09-21T08:04:40.990+00:00,False,1,0.0,,0.0,300113.03945499996,300113.03945499996,300113.03945499996,300113.03945499996,300113.03945499996,300113.03945499996,nan,300113.03945499996,nan,nan,0.0,50,64,,True,False,"HTTPConnectionPool(host='gpu06', port=9004): Read timed out.",0,59.56268577710819
313,2026-09-21T07:59:41.271+00:00,2026-09-21T08:04:41.372+00:00,2026-09-21T08:04:41.372+00:00,False,1,0.0,,0.0,300100.828387,300100.828387,300100.828387,300100.828387,300100.828387,300100.828387,nan,300100.828387,nan,nan,0.0,50,64,,True,False,"HTTPConnectionPool(host='gpu06', port=9004): Read timed out.",0,59.56268577710819
314,2026-09-21T07:59:41.581+00:00,2026-09-21T08:04:41.644+00:00,2026-09-21T08:04:41.644+00:00,False,1,0.0,,0.0,300063.353133,300063.353133,300063.353133,300063.353133,300063.353133,300063.353133,nan,300063.353133,nan,nan,0.0,50,64,,True,False,"HTTPConnectionPool(host='gpu06', port=9004): Read timed out.",0,59.56268577710819
315,2026-09-21T07:59:41.927+00:00,2026-09-21T08:04:42.004+00:00,2026-09-21T08:04:42.004+00:00,False,1,0.0,,0.0,300076.62821,300076.62821,300076.62821,300076.62821,300076.62821,300076.62821,nan,300076.62821,nan,nan,0.0,50,64,,True,False,TTFT timeout: 300.0s exceeded (TTFT: 300.068s),0,59.56268577710819
316,2026-09-21T07:59:42.223+00:00,2026-09-21T08:04:42.314+00:00,2026-09-21T08:04:42.314+00:00,False,1,0.0,,0.0,300091.299125,300091.299125,300091.299125,300091.299125,300091.299125,300091.299125,nan,300091.299125,nan,nan,0.0,50,64,,True,False,"HTTPConnectionPool(host='gpu06', port=9004): Read timed out.",0,59.56268577710819
317,2026-09-21T07:59:42.553+00:00,2026-09-21T08:04:42.601+00:00,2026-09-21T08:04:42.601+00:00,False,1,0.0,,0.0,300047.47491900006,300047.47491900006,300047.47491900006,300047.47491900006,300047.47491900006,300047.47491900006,nan,300047.47491900006,nan,nan,0.0,50,64,,True,False,TTFT timeout: 300.0s exceeded (TTFT: 300.035s),0,59.56268577710819
318,2026-09-21T07:59:42.958+00:00,2026-09-21T08:04:43.025+00:00,2026-09-21T08:04:43.025+00:00,False,1,0.0,,0.0,300066.720278,300066.720278,300066.720278,300066.720278,300066.720278,300066.720278,nan,300066.720278,nan,nan,0.0,50,64,,True,False,"HTTPConnectionPool(host='gpu06', port=9004): Read timed out.",0,59.56268577710819
319,2026-09-21T07:59:43.239+00:00,2026-09-21T08:04:43.347+00:00,2026-09-21T08:04:43.347+00:00,False,1,0.0,,0.0,300107.773253,300107.773253,300107.773253,300107.773253,300107.773253,300107.773253,nan,300107.773253,nan,nan,0.0,50,64,,True,False,"HTTPConnectionPool(host='gpu06', port=9004): Read timed out.",0,59.56268577710819
320,2026-09-21T07:59:43.600+00:00,2026-09-21T08:04:43.650+00:00,2026-09-21T08:04:43.650+00:00,False,1,0.0,,0.0,300050.47050199995,300050.47050199995,300050.47050199995,300050.47050199995,300050.47050199995,300050.47050199995,nan,300050.47050199995,nan,nan,0.0,50,64,,True,False,"HTTPConnectionPool(host='gpu06', port=9004): Read timed out.",0,59.56268577710819
321,2026-09-21T07:59:43.970+00:00,2026-09-21T08:04:44.090+00:00,2026-09-21T08:04:44.090+00:00,False,1,0.0,,0.0,300120.438704,300120.438704,300120.438704,300120.438704,300120.438704,300120.438704,nan,300120.438704,nan,nan,0.0,50,64,,True,False,"HTTPConnectionPool(host='gpu06', port=9004): Read timed out.",0,59.56268577710819
322,2026-09-21T07:59:44.243+00:00,2026-09-21T08:04:44.270+00:00,2026-09-21T08:04:44.270+00:00,False,1,0.0,,0.0,300026.19186799997,300026.19186799997,300026.19186799997,300026.19186799997,300026.19186799997,300026.19186799997,nan,300026.19186799997,nan,nan,0.0,50,64,,True,False,"HTTPConnectionPool(host='gpu06', port=9004): Read timed out.",0,59.56268577710819
323,2026-09-21T07:59:44.521+00:00,2026-09-21T08:04:44.626+00:00,2026-09-21T08:04:44.626+00:00,False,1,0.0,,0.0,300105.31481199997,300105.31481199997,300105.31481199997,300105.31481199997,300105.31481199997,300105.31481199997,nan,300105.31481199997,nan,nan,0.0,50,64,,True,False,"HTTPConnectionPool(host='gpu06', port=9004): Read timed out.",0,59.56268577710819
324,2026-09-21T07:59:44.925+00:00,2026-09-21T08:04:44.922+00:00,2026-09-21T08:04:44.952+00:00,False,3,2.0,,2.0,299997.472759,300026.970615,300026.97060700005,100008.99020233334,0.02962,299997.472759,173195.10698384797,270000.6723059,14.748928,20.81613752211606,0.006666067373544348,50,64,,True,False,Request timeout: 300.0s exceeded,6,59.56268577710819
325,2026-09-21T07:59:45.264+00:00,2026-09-21T08:04:45.605+00:00,2026-09-21T08:04:46.277+00:00,True,8,8.0,,8.0,300341.349237,301013.329525,301013.32962599996,37626.666203249995,46.342877,300341.349237,106152.7686906239,195280.58922404997,95.997184,40.024268425001154,0.026576896154811566,50,64,,True,True,,40,59.56268577710819
326,2026-09-21T07:59:45.528+00:00,2026-09-21T08:04:45.984+00:00,2026-09-21T08:04:47.074+00:00,False,19,18.0,,18.0,300455.873701,301545.483173,301545.483104,15870.814900210527,0.03592,300455.873701,68915.42440897753,30200.077194100002,60.53385955555555,32.11479198505335,0.05969248754979096,50,64,,True,False,Request timeout: 300.0s exceeded,60,59.56268577710819
327,2026-09-21T07:59:45.864+00:00,2026-09-21T08:04:46.274+00:00,2026-09-21T08:04:47.127+00:00,False,17,16.0,,16.0,300410.295843,301263.602979,301263.602941,17721.38840829412,0.05975,300410.295843,72847.26572207909,60139.84585340001,53.331696,16.196947196709516,0.053109635023236776,50,64,,True,False,Request timeout: 300.0s exceeded,16,59.56268577710819
328,2026-09-21T07:59:46.100+00:00,2026-09-21T08:04:47.231+00:00,2026-09-21T08:04:47.231+00:00,False,1,0.0,,0.0,301131.250774,301131.250774,301131.250774,301131.250774,301131.250774,301131.250774,nan,301131.250774,nan,nan,0.0,50,64,,True,False,"HTTPConnectionPool(host='gpu06', port=9004): Read timed out.",0,59.56268577710819
331,2026-09-21T07:59:47.046+00:00,2026-09-21T08:04:47.232+00:00,2026-09-21T08:04:47.232+00:00,False,1,0.0,,0.0,300185.495041,300185.495041,300185.495041,300185.495041,300185.495041,300185.495041,nan,300185.495041,nan,nan,0.0,50,64,,True,False,"HTTPConnectionPool(host='gpu06', port=9004): Read timed out.",0,59.56268577710819
332,2026-09-21T07:59:47.360+00:00,2026-09-21T08:04:47.471+00:00,2026-09-21T08:04:47.471+00:00,False,1,0.0,,0.0,300111.347718,300111.347718,300111.347718,300111.347718,300111.347718,300111.347718,nan,300111.347718,nan,nan,0.0,50,64,,True,False,"HTTPConnectionPool(host='gpu06', port=9004): Read timed out.",0,59.56268577710819
329,2026-09-21T07:59:46.416+00:00,2026-09-21T08:04:47.528+00:00,2026-09-21T08:04:47.528+00:00,False,1,0.0,,0.0,301112.676597,301112.676597,301112.676597,301112.676597,301112.676597,301112.676597,nan,301112.676597,nan,nan,0.0,50,64,,True,False,"HTTPConnectionPool(host='gpu06', port=9004): Read timed out.",0,59.56268577710819
333,2026-09-21T07:59:47.634+00:00,2026-09-21T08:04:47.654+00:00,2026-09-21T08:04:47.654+00:00,False,1,0.0,,0.0,300020.942643,300020.942643,300020.942643,300020.942643,300020.942643,300020.942643,nan,300020.942643,nan,nan,0.0,50,64,,True,False,"HTTPConnectionPool(host='gpu06', port=9004): Read timed out.",0,59.56268577710819
330,2026-09-21T07:59:46.668+00:00,2026-09-21T08:04:47.739+00:00,2026-09-21T08:04:47.739+00:00,False,1,0.0,,0.0,301070.72301300004,301070.72301300004,301070.72301300004,301070.72301300004,301070.72301300004,301070.72301300004,nan,301070.72301300004,nan,nan,0.0,50,64,,True,False,"HTTPConnectionPool(host='gpu06', port=9004): Read timed out.",0,59.56268577710819
334,2026-09-21T07:59:48.015+00:00,2026-09-21T08:04:48.119+00:00,2026-09-21T08:04:48.119+00:00,False,1,0.0,,0.0,300104.223061,300104.223061,300104.223061,300104.223061,300104.223061,300104.223061,nan,300104.223061,nan,nan,0.0,50,64,,True,False,"HTTPConnectionPool(host='gpu06', port=9004): Read timed out.",0,59.56268577710819
335,2026-09-21T07:59:48.246+00:00,2026-09-21T08:04:48.354+00:00,2026-09-21T08:04:48.354+00:00,False,1,0.0,,0.0,300108.233126,300108.233126,300108.233126,300108.233126,300108.233126,300108.233126,nan,300108.233126,nan,nan,0.0,50,64,,True,False,"HTTPConnectionPool(host='gpu06', port=9004): Read timed out.",0,59.56268577710819
336,2026-09-21T07:59:48.521+00:00,2026-09-21T08:04:48.626+00:00,2026-09-21T08:04:48.626+00:00,False,1,0.0,,0.0,300105.692675,300105.692675,300105.692675,300105.692675,300105.692675,300105.692675,nan,300105.692675,nan,nan,0.0,50,64,,True,False,"HTTPConnectionPool(host='gpu06', port=9004): Read timed out.",0,59.56268577710819
337,2026-09-21T07:59:48.918+00:00,2026-09-21T08:04:49.016+00:00,2026-09-21T08:04:49.016+00:00,False,1,0.0,,0.0,300098.259176,300098.259176,300098.259176,300098.259176,300098.259176,300098.259176,nan,300098.259176,nan,nan,0.0,50,64,,True,False,"HTTPConnectionPool(host='gpu06', port=9004): Read timed out.",0,59.56268577710819
338,2026-09-21T07:59:49.182+00:00,2026-09-21T08:04:49.136+00:00,2026-09-21T08:04:49.282+00:00,False,3,2.0,,2.0,299954.409356,300100.48142,300100.481517,100033.493839,0.03657,299954.409356,173136.6069749408,269973.5719795,73.036032,103.23677546622402,0.006664434493861865,50,64,,True,False,Request timeout: 300.0s exceeded,10,59.56268577710819
339,2026-09-21T07:59:49.473+00:00,2026-09-21T08:04:49.578+00:00,2026-09-21T08:04:49.578+00:00,False,1,0.0,,0.0,300104.91702399997,300104.91702399997,300104.91702399997,300104.91702399997,300104.91702399997,300104.91702399997,nan,300104.91702399997,nan,nan,0.0,50,64,,True,False,"HTTPConnectionPool(host='gpu06', port=9004): Read timed out.",0,59.56268577710819
340,2026-09-21T07:59:49.732+00:00,2026-09-21T08:04:49.828+00:00,2026-09-21T08:04:49.828+00:00,False,1,0.0,,0.0,300096.11544599995,300096.11544599995,300096.11544599995,300096.11544599995,300096.11544599995,300096.11544599995,nan,300096.11544599995,nan,nan,0.0,50,64,,True,False,"HTTPConnectionPool(host='gpu06', port=9004): Read timed out.",0,59.56268577710819
341,2026-09-21T07:59:50.102+00:00,2026-09-21T08:04:50.205+00:00,2026-09-21T08:04:50.205+00:00,False,1,0.0,,0.0,300102.61575,300102.61575,300102.61575,300102.61575,300102.61575,300102.61575,nan,300102.61575,nan,nan,0.0,50,64,,True,False,"HTTPConnectionPool(host='gpu06', port=9004): Read timed out.",0,59.56268577710819
342,2026-09-21T07:59:50.388+00:00,2026-09-21T08:04:50.493+00:00,2026-09-21T08:04:50.493+00:00,False,1,0.0,,0.0,300105.29795700003,300105.29795700003,300105.29795700003,300105.29795700003,300105.29795700003,300105.29795700003,nan,300105.29795700003,nan,nan,0.0,50,64,,True,False,"HTTPConnectionPool(host='gpu06', port=9004): Read timed out.",0,59.56268577710819
343,2026-09-21T07:59:50.707+00:00,2026-09-21T08:04:50.819+00:00,2026-09-21T08:04:50.819+00:00,False,1,0.0,,0.0,300112.048819,300112.048819,300112.048819,300112.048819,300112.048819,300112.048819,nan,300112.048819,nan,nan,0.0,50,64,,True,False,"HTTPConnectionPool(host='gpu06', port=9004): Read timed out.",0,59.56268577710819
344,2026-09-21T07:59:50.965+00:00,2026-09-21T08:04:51.073+00:00,2026-09-21T08:04:51.073+00:00,False,1,0.0,,0.0,300107.782941,300107.782941,300107.782941,300107.782941,300107.782941,300107.782941,nan,300107.782941,nan,nan,0.0,50,64,,True,False,TTFT timeout: 300.0s exceeded (TTFT: 300.092s),0,59.56268577710819
345,2026-09-21T07:59:51.246+00:00,2026-09-21T08:04:51.338+00:00,2026-09-21T08:04:51.338+00:00,False,1,0.0,,0.0,300091.899091,300091.899091,300091.899091,300091.899091,300091.899091,300091.899091,nan,300091.899091,nan,nan,0.0,50,64,,True,False,TTFT timeout: 300.0s exceeded (TTFT: 300.080s),0,59.56268577710819
346,2026-09-21T07:59:51.605+00:00,2026-09-21T08:04:51.567+00:00,2026-09-21T08:04:51.657+00:00,False,4,3.0,,3.0,299961.61604500003,300052.072877,300052.07291900006,75013.01822975001,0.024210000000000002,299961.61604500003,149965.73339154472,254974.2805468,30.15227733333333,26.104990650546295,0.009998264538668216,50,64,,True,False,Request timeout: 300.0s exceeded,16,59.56268577710819
347,2026-09-21T07:59:51.836+00:00,2026-09-21T08:04:51.954+00:00,2026-09-21T08:04:51.954+00:00,False,1,0.0,,0.0,300118.109581,300118.109581,300118.109581,300118.109581,300118.109581,300118.109581,nan,300118.109581,nan,nan,0.0,50,64,,True,False,"HTTPConnectionPool(host='gpu06', port=9004): Read timed out.",0,59.56268577710819
348,2026-09-21T07:59:52.209+00:00,2026-09-21T08:04:52.314+00:00,2026-09-21T08:04:52.314+00:00,False,1,0.0,,0.0,300105.14073600003,300105.14073600003,300105.14073600003,300105.14073600003,300105.14073600003,300105.14073600003,nan,300105.14073600003,nan,nan,0.0,50,64,,True,False,"HTTPConnectionPool(host='gpu06', port=9004): Read timed out.",0,59.56268577710819
349,2026-09-21T07:59:52.467+00:00,2026-09-21T08:04:52.588+00:00,2026-09-21T08:04:52.588+00:00,False,1,0.0,,0.0,300121.602056,300121.602056,300121.602056,300121.602056,300121.602056,300121.602056,nan,300121.602056,nan,nan,0.0,50,64,,True,False,"HTTPConnectionPool(host='gpu06', port=9004): Read timed out.",0,59.56268577710819
350,2026-09-21T07:59:54.111+00:00,2026-09-21T08:04:53.202+00:00,2026-09-21T08:04:54.400+00:00,False,22,21.0,,21.0,299090.887825,300289.44347299996,300289.443401,13649.520154590908,0.01927,299090.887825,63754.22556181423,89.0923726,57.07407847619048,17.37850146297124,0.06993252828712303,50,64,,True,False,Request timeout: 300.0s exceeded,21,59.56268577710819
355,2026-09-21T07:59:54.427+00:00,2026-09-21T08:04:53.293+00:00,2026-09-21T08:04:54.806+00:00,True,27,27.0,,27.0,298866.08852100006,300379.10893700004,300379.10879800003,11125.152177703705,41.795728000000004,298866.08852100006,57505.607155778554,76.2949087,58.19309292307692,10.187130671287907,0.08988641086109234,50,64,,True,True,,108,59.56268577710819
354,2026-09-21T07:59:54.350+00:00,2026-09-21T08:04:53.869+00:00,2026-09-21T08:04:55.075+00:00,False,22,21.0,,21.0,299519.006243,300725.28694699996,300725.286999,13669.331227227272,0.04911,299519.006243,63845.42204044631,77.38474055,57.441938285714286,16.417168977053485,0.06983117453538602,50,64,,True,False,Request timeout: 300.0s exceeded,106,59.56268577710819
353,2026-09-21T07:59:54.339+00:00,2026-09-21T08:04:54.708+00:00,2026-09-21T08:04:54.708+00:00,False,1,0.0,,0.0,300368.755282,300368.755282,300368.755282,300368.755282,300368.755282,300368.755282,nan,300368.755282,nan,nan,0.0,50,64,,True,False,"HTTPConnectionPool(host='gpu06', port=9004): Read timed out.",0,59.56268577710819
351,2026-09-21T07:59:54.183+00:00,2026-09-21T08:04:54.879+00:00,2026-09-21T08:04:55.012+00:00,False,4,3.0,,3.0,300695.763155,300829.353427,300829.353587,75207.33839675,0.03641,300695.763155,150325.61987080483,255602.27568065,44.530090666666666,38.95734786334436,0.009972431100304803,50,64,,True,False,Request timeout: 300.0s exceeded,9,59.56268577710819
352,2026-09-21T07:59:54.266+00:00,2026-09-21T08:04:54.879+00:00,2026-09-21T08:04:55.075+00:00,False,5,4.0,,4.0,300613.380648,300809.798952,300809.798926,60161.9597852,0.03188,300613.380648,134416.4336381055,240505.17722759998,49.104576,33.087054622151506,0.013297439159015817,50,64,,True,False,Request timeout: 300.0s exceeded,142,59.56268577710819
356,2026-09-21T07:59:54.835+00:00,2026-09-21T08:04:55.038+00:00,2026-09-21T08:04:55.038+00:00,False,1,0.0,,0.0,300202.856698,300202.856698,300202.856698,300202.856698,300202.856698,300202.856698,nan,300202.856698,nan,nan,0.0,50,64,,True,False,"HTTPConnectionPool(host='gpu06', port=9004): Read timed out.",0,59.56268577710819
357,2026-09-21T07:59:55.093+00:00,2026-09-21T08:04:55.354+00:00,2026-09-21T08:04:55.354+00:00,False,1,0.0,,0.0,300261.08144599997,300261.08144599997,300261.08144599997,300261.08144599997,300261.08144599997,300261.08144599997,nan,300261.08144599997,nan,nan,0.0,50,64,,True,False,"HTTPConnectionPool(host='gpu06', port=9004): Read timed out.",0,59.56268577710819
358,2026-09-21T07:59:55.410+00:00,2026-09-21T08:04:55.668+00:00,2026-09-21T08:04:55.668+00:00,False,1,0.0,,0.0,300258.16042900004,300258.16042900004,300258.16042900004,300258.16042900004,300258.16042900004,300258.16042900004,nan,300258.16042900004,nan,nan,0.0,50,64,,True,False,"HTTPConnectionPool(host='gpu06', port=9004): Read timed out.",0,59.56268577710819
359,2026-09-21T07:59:55.654+00:00,2026-09-21T08:04:55.765+00:00,2026-09-21T08:04:55.765+00:00,False,1,0.0,,0.0,300110.707072,300110.707072,300110.707072,300110.707072,300110.707072,300110.707072,nan,300110.707072,nan,nan,0.0,50,64,,True,False,"HTTPConnectionPool(host='gpu06', port=9004): Read timed out.",0,59.56268577710819
360,2026-09-21T07:59:56.042+00:00,2026-09-21T08:04:56.153+00:00,2026-09-21T08:04:56.153+00:00,False,1,0.0,,0.0,300111.050194,300111.050194,300111.050194,300111.050194,300111.050194,300111.050194,nan,300111.050194,nan,nan,0.0,50,64,,True,False,"HTTPConnectionPool(host='gpu06', port=9004): Read timed out.",0,59.56268577710819
361,2026-09-21T07:59:56.335+00:00,2026-09-21T08:04:56.432+00:00,2026-09-21T08:04:56.432+00:00,False,1,0.0,,0.0,300096.333301,300096.333301,300096.333301,300096.333301,300096.333301,300096.333301,nan,300096.333301,nan,nan,0.0,50,64,,True,False,"HTTPConnectionPool(host='gpu06', port=9004): Read timed out.",0,59.56268577710819
362,2026-09-21T07:59:56.729+00:00,2026-09-21T08:04:56.842+00:00,2026-09-21T08:04:56.842+00:00,False,1,0.0,,0.0,300113.508501,300113.508501,300113.508501,300113.508501,300113.508501,300113.508501,nan,300113.508501,nan,nan,0.0,50,64,,True,False,"HTTPConnectionPool(host='gpu06', port=9004): Read timed out.",0,59.56268577710819
363,2026-09-21T07:59:57.127+00:00,2026-09-21T08:04:57.190+00:00,2026-09-21T08:04:57.190+00:00,False,1,0.0,,0.0,300063.478895,300063.478895,300063.478895,300063.478895,300063.478895,300063.478895,nan,300063.478895,nan,nan,0.0,50,64,,True,False,TTFT timeout: 300.0s exceeded (TTFT: 300.058s),0,59.56268577710819
364,2026-09-21T07:59:57.532+00:00,2026-09-21T08:04:57.584+00:00,2026-09-21T08:04:57.584+00:00,False,1,0.0,,0.0,300051.65549599996,300051.65549599996,300051.65549599996,300051.65549599996,300051.65549599996,300051.65549599996,nan,300051.65549599996,nan,nan,0.0,50,64,,True,False,TTFT timeout: 300.0s exceeded (TTFT: 300.050s),0,59.56268577710819
365,2026-09-21T07:59:57.770+00:00,2026-09-21T08:04:57.874+00:00,2026-09-21T08:04:57.874+00:00,False,1,0.0,,0.0,300104.071337,300104.071337,300104.071337,300104.071337,300104.071337,300104.071337,nan,300104.071337,nan,nan,0.0,50,64,,True,False,"HTTPConnectionPool(host='gpu06', port=9004): Read timed out.",0,59.56268577710819
366,2026-09-21T07:59:57.990+00:00,2026-09-21T08:04:58.111+00:00,2026-09-21T08:04:58.111+00:00,False,1,0.0,,0.0,300120.873722,300120.873722,300120.873722,300120.873722,300120.873722,300120.873722,nan,300120.873722,nan,nan,0.0,50,64,,True,False,"HTTPConnectionPool(host='gpu06', port=9004): Read timed out.",0,59.56268577710819
367,2026-09-21T07:59:58.237+00:00,2026-09-21T08:04:58.347+00:00,2026-09-21T08:04:58.347+00:00,False,1,0.0,,0.0,300109.690067,300109.690067,300109.690067,300109.690067,300109.690067,300109.690067,nan,300109.690067,nan,nan,0.0,50,64,,True,False,"HTTPConnectionPool(host='gpu06', port=9004): Read timed out.",0,59.56268577710819
368,2026-09-21T07:59:58.620+00:00,2026-09-21T08:04:58.728+00:00,2026-09-21T08:04:58.728+00:00,False,1,0.0,,0.0,300107.85167,300107.85167,300107.85167,300107.85167,300107.85167,300107.85167,nan,300107.85167,nan,nan,0.0,50,64,,True,False,"HTTPConnectionPool(host='gpu06', port=9004): Read timed out.",0,59.56268577710819
369,2026-09-21T07:59:58.954+00:00,2026-09-21T08:04:59.000+00:00,2026-09-21T08:04:59.000+00:00,False,1,0.0,,0.0,300046.02385399997,300046.02385399997,300046.02385399997,300046.02385399997,300046.02385399997,300046.02385399997,nan,300046.02385399997,nan,nan,0.0,50,64,,True,False,"HTTPConnectionPool(host='gpu06', port=9004): Read timed out.",0,59.56268577710819
370,2026-09-21T07:59:59.180+00:00,2026-09-21T08:04:59.214+00:00,2026-09-21T08:04:59.214+00:00,False,1,0.0,,0.0,300034.60463099997,300034.60463099997,300034.60463099997,300034.60463099997,300034.60463099997,300034.60463099997,nan,300034.60463099997,nan,nan,0.0,50,64,,True,False,TTFT timeout: 300.0s exceeded (TTFT: 300.028s),0,59.56268577710819
371,2026-09-21T07:59:59.491+00:00,2026-09-21T08:04:59.432+00:00,2026-09-21T08:04:59.534+00:00,False,4,3.0,,3.0,299940.46053,300042.53336199996,300042.533373,75010.63334325,0.05767,299940.46053,149953.2201238888,254957.91911189994,34.02427733333334,29.990570379188814,0.009998582422247826,50,64,,True,False,Request timeout: 300.0s exceeded,12,59.56268577710819
372,2026-09-21T07:59:59.880+00:00,2026-09-21T08:04:59.989+00:00,2026-09-21T08:04:59.989+00:00,False,1,0.0,,0.0,300108.675732,300108.675732,300108.675732,300108.675732,300108.675732,300108.675732,nan,300108.675732,nan,nan,0.0,50,64,,True,False,"HTTPConnectionPool(host='gpu06', port=9004): Read timed out.",0,59.56268577710819
373,2026-09-21T08:00:00.261+00:00,2026-09-21T08:05:00.347+00:00,2026-09-21T08:05:00.347+00:00,False,1,0.0,,0.0,300086.12362699996,300086.12362699996,300086.12362699996,300086.12362699996,300086.12362699996,300086.12362699996,nan,300086.12362699996,nan,nan,0.0,50,64,,True,False,"HTTPConnectionPool(host='gpu06', port=9004): Read timed out.",0,59.56268577710819
374,2026-09-21T08:00:00.553+00:00,2026-09-21T08:05:00.669+00:00,2026-09-21T08:05:00.669+00:00,False,1,0.0,,0.0,300116.62063099997,300116.62063099997,300116.62063099997,300116.62063099997,300116.62063099997,300116.62063099997,nan,300116.62063099997,nan,nan,0.0,50,64,,True,False,"HTTPConnectionPool(host='gpu06', port=9004): Read timed out.",0,59.56268577710819
375,2026-09-21T08:00:00.936+00:00,2026-09-21T08:05:00.977+00:00,2026-09-21T08:05:00.977+00:00,False,1,0.0,,0.0,300041.052658,300041.052658,300041.052658,300041.052658,300041.052658,300041.052658,nan,300041.052658,nan,nan,0.0,50,64,,True,False,TTFT timeout: 300.0s exceeded (TTFT: 300.035s),0,59.56268577710819
376,2026-09-21T08:00:01.297+00:00,2026-09-21T08:05:01.387+00:00,2026-09-21T08:05:02.965+00:00,False,28,27.0,,27.0,300089.656961,301667.814785,301667.814875,10773.85053125,0.031149999999999997,300089.656961,56700.57149649803,106.13799284999999,58.450289777777776,18.91842379281388,0.08950242179213921,50,64,,True,False,Request timeout: 300.0s exceeded,81,59.56268577710819
377,2026-09-21T08:00:01.520+00:00,2026-09-21T08:05:01.490+00:00,2026-09-21T08:05:01.951+00:00,True,9,9.0,,9.0,299970.81415600004,300431.48078000004,300431.48069800006,33381.275633111116,48.658517,299970.81415600004,99971.07728216349,180012.22038800005,57.583328,8.763366011980295,0.029956913891425782,50,64,,True,True,,26,59.56268577710819
378,2026-09-21T08:00:01.821+00:00,2026-09-21T08:05:02.174+00:00,2026-09-21T08:05:03.070+00:00,False,18,17.0,,17.0,300353.014197,301249.080245,301249.080302,16736.060016777777,0.03098,300353.014197,70781.46208261963,45113.37033015,52.709767529411764,15.1794864373671,0.056431707562971584,50,64,,True,False,Request timeout: 300.0s exceeded,50,59.56268577710819
379,2026-09-21T08:00:02.086+00:00,2026-09-21T08:05:03.263+00:00,2026-09-21T08:05:03.263+00:00,False,1,0.0,,0.0,301176.991287,301176.991287,301176.991287,301176.991287,301176.991287,301176.991287,nan,301176.991287,nan,nan,0.0,50,64,,True,False,"HTTPConnectionPool(host='gpu06', port=9004): Read timed out.",0,59.56268577710819
0,2026-09-21T07:58:02.305+00:00,2026-09-21T07:58:02.577+00:00,2026-09-21T07:58:08.247+00:00,True,97,97.0,,97.0,272.300709,5942.452389,5942.452449,61.262396381443295,0.01731,272.300709,35.40022679779706,78.43871359999999,59.06408,28.154422786104693,16.32322712076844,51,64,,False,True,,582,59.56268577710819
3,2026-09-21T07:58:03.118+00:00,2026-09-21T07:58:03.488+00:00,2026-09-21T07:58:07.174+00:00,True,61,61.0,,61.0,370.58952500000004,4055.790165,4055.790353,66.48836644262295,41.303372,370.58952500000004,41.05651775786053,79.90212600000001,61.42001066666666,10.984935308852352,15.040225829829145,51,64,,False,True,,306,59.56268577710819
2,2026-09-21T07:58:02.821+00:00,2026-09-21T07:58:03.490+00:00,2026-09-21T07:58:05.723+00:00,True,38,38.0,,38.0,668.781375,2901.901119,2901.900986,76.36581542105263,40.897822999999995,668.781375,99.22184666270681,81.21287964999999,60.354587675675674,10.304529378815829,13.094863829507348,51,64,,False,True,,112,59.56268577710819
5,2026-09-21T07:58:03.595+00:00,2026-09-21T07:58:04.528+00:00,2026-09-21T07:58:07.177+00:00,True,43,43.0,,43.0,932.784983,3581.833303,3581.833111,83.29844444186047,37.014273,932.784983,133.23808807219243,77.40361229999999,63.072579047619044,12.870208423421545,12.00502546111929,51,64,,False,True,,174,59.56268577710819
4,2026-09-21T07:58:03.361+00:00,2026-09-21T07:58:04.531+00:00,2026-09-21T07:58:06.777+00:00,True,36,36.0,,36.0,1169.383548,3416.135292,3416.135315,94.89264763888889,44.581943,1169.383548,184.60626518303593,90.43729075000002,64.19290697142857,12.443146075048245,10.538224315736498,51,64,,False,True,,324,59.56268577710819
1,2026-09-21T07:58:02.567+00:00,2026-09-21T07:58:04.902+00:00,2026-09-21T07:58:06.236+00:00,True,22,22.0,,22.0,2334.659677,3668.464989,3668.464997,166.74840895454545,42.103002999999994,2334.659677,484.31470200717627,83.90296750000002,63.51453866666667,10.330113934443382,5.997058733276083,51,64,,False,True,,44,59.56268577710819
6,2026-09-21T07:58:03.893+00:00,2026-09-21T07:58:06.901+00:00,2026-09-21T07:58:08.434+00:00,True,26,26.0,,26.0,3008.401653,4540.948213,4540.948292,174.65185738461537,45.149744,3008.401653,578.0599401040342,79.78590799999999,61.3018624,10.183614722633086,5.725676396301153,51,64,,False,True,,78,59.56268577710819
7,2026-09-21T07:58:04.209+00:00,2026-09-21T07:58:10.643+00:00,2026-09-21T07:58:13.164+00:00,True,40,40.0,,40.0,6434.284369,8955.098961,8955.098981,223.877474525,0.01715,6434.284369,1008.9756772657965,97.96131825,64.63627158974359,61.80152093123982,4.466728974654823,51,64,,False,True,,159,59.56268577710819
8,2026-09-21T07:58:04.442+00:00,2026-09-21T07:58:12.005+00:00,2026-09-21T07:58:15.486+00:00,True,55,55.0,,55.0,7562.820036,11043.442116,11043.442267,200.7898594,0.018251,7562.820036,1012.4221992389733,84.27987429999999,64.45596444444445,52.619632487034046,4.980331261058063,51,64,,False,True,,275,59.56268577710819
9,2026-09-21T07:58:04.775+00:00,2026-09-21T07:58:13.822+00:00,2026-09-21T07:58:18.022+00:00,True,70,70.0,,70.0,9047.033281,13247.575488999999,13247.575487,189.2510783857143,37.836314,9047.033281,1074.1043106391276,79.01478850000001,60.87742330434783,10.774022463355458,5.283985742004177,51,64,,False,True,,85,59.56268577710819
10,2026-09-21T07:58:05.052+00:00,2026-09-21T07:58:16.058+00:00,2026-09-21T07:58:20.783+00:00,True,76,76.0,,76.0,11005.872775,15731.019911,15731.019936,206.98710442105263,41.405514000000004,11005.872775,1255.2820851904726,78.2285905,63.00196181333333,11.133531171942137,4.831218854847205,51,64,,False,True,,161,59.56268577710819
11,2026-09-21T07:58:05.266+00:00,2026-09-21T07:58:17.102+00:00,2026-09-21T07:58:22.668+00:00,True,88,88.0,,88.0,11835.589959,17401.147207,17401.147247,197.740309625,37.559724,11835.589959,1254.906712463214,80.5573365,63.97192239080459,11.041007873604402,5.057137840004022,51,64,,False,True,,440,59.56268577710819
12,2026-09-21T07:58:05.474+00:00,2026-09-21T07:58:18.085+00:00,2026-09-21T07:58:23.977+00:00,True,92,92.0,,92.0,12611.426167,18503.343735,18503.343769,201.12330183695653,0.0,12611.426167,1309.7101104909505,85.132819,64.7463469010989,65.65021462420984,4.97207430816828,51,64,,False,True,,368,59.56268577710819
13,2026-09-21T07:58:05.793+00:00,2026-09-21T07:58:19.938+00:00,2026-09-21T07:58:23.783+00:00,True,54,54.0,,54.0,14145.190288,17989.561999999998,17989.562078,333.1400384814815,0.01593,14145.190288,1916.6709925660984,208.70163835,72.53531532075472,79.66879250972056,3.0017406760653764,51,64,,False,True,,54,59.56268577710819
14,2026-09-21T07:58:06.068+00:00,2026-09-21T07:58:21.240+00:00,2026-09-21T07:58:25.570+00:00,True,68,68.0,,68.0,15172.353554,19502.396434,19502.396443999998,286.79994770588235,0.0,15172.353554,1833.4799927074466,82.64401034999999,64.62750567164179,72.15400221377196,3.486750986224979,51,64,,False,True,,416,59.56268577710819
15,2026-09-21T07:58:06.428+00:00,2026-09-21T07:58:23.262+00:00,2026-09-21T07:58:26.959+00:00,True,58,58.0,,58.0,16833.78551,20530.568870000003,20530.568814000002,353.9753243793104,0.0,16833.78551,2203.058237102116,160.30818065000003,64.85584842105264,73.04121870991034,2.8250556702669676,51,64,,False,True,,58,59.56268577710819
16,2026-09-21T07:58:06.747+00:00,2026-09-21T07:58:24.649+00:00,2026-09-21T07:58:30.014+00:00,True,88,88.0,,88.0,17901.576228,23267.43402,23267.434005000003,264.4026591477273,0.0,17901.576228,1902.2357934667828,80.818948,61.676526344827586,43.69299337145208,3.7821102199906442,51,64,,False,True,,264,59.56268577710819
17,2026-09-21T07:58:07.073+00:00,2026-09-21T07:58:26.405+00:00,2026-09-21T07:58:26.461+00:00,True,2,2.0,,2.0,19331.462607999998,19387.958735999997,19387.958784,9693.979392,56.496176,19331.462607999998,13629.459471210272,18367.714286399998,56.496128,nan,0.10315681125761605,51,64,,False,True,,2,59.56268577710819
18,2026-09-21T07:58:07.439+00:00,2026-09-21T07:58:28.500+00:00,2026-09-21T07:58:30.205+00:00,True,28,28.0,,28.0,21060.617675999998,22766.011852,22766.011873,813.0718526071428,44.176294999999996,21060.617675999998,3968.1607131237506,79.62287500000001,63.16274725925926,11.0143604304897,1.2299036028807213,51,64,,False,True,,112,59.56268577710819
19,2026-09-21T07:58:07.805+00:00,2026-09-21T07:58:30.401+00:00,2026-09-21T07:58:30.463+00:00,True,2,2.0,,2.0,22595.057166000002,22657.461518000004,22657.461492000002,11328.730746000001,62.404326,22595.057166000002,15932.99162128632,21468.424524000002,62.404352,nan,0.08827114186693505,51,64,,False,True,,2,59.56268577710819
20,2026-09-21T07:58:08.157+00:00,2026-09-21T07:58:32.287+00:00,2026-09-21T07:58:33.730+00:00,True,24,24.0,,24.0,24129.200005,25573.050245,25573.050175,1065.5437572916667,0.0157,24129.200005,4913.9823244597765,526.41124445,62.776097391304354,121.80168397200535,0.9384879695644615,51,64,,False,True,,120,59.56268577710819
21,2026-09-21T07:58:08.409+00:00,2026-09-21T07:58:33.732+00:00,2026-09-21T07:58:39.687+00:00,True,94,94.0,,94.0,25323.310318999997,31278.565102999997,31278.565117999995,332.7506927446808,0.0,25323.310318999997,2605.9089601762603,78.419393,64.03499767741935,56.855466493812735,3.0052529484795403,51,64,,False,True,,290,59.56268577710819
22,2026-09-21T07:58:08.727+00:00,2026-09-21T07:58:35.391+00:00,2026-09-21T07:58:36.765+00:00,True,27,27.0,,27.0,26664.387569,28037.786609,28037.786651,1038.4365426296297,0.0,26664.387569,5121.458185537349,81.5052017,52.82304,25.32452347092613,0.9629861435400584,51,64,,False,True,,81,59.56268577710819
23,2026-09-21T07:58:09.004+00:00,2026-09-21T07:58:36.451+00:00,2026-09-21T07:58:37.450+00:00,True,17,17.0,,17.0,27447.05513,28446.460954000002,28446.461134,1673.3212431764707,42.069764000000006,27447.05513,6641.74723100991,5549.0388884,62.462864,10.66809088539453,0.5976138834103207,51,64,,False,True,,17,59.56268577710819
24,2026-09-21T07:58:09.243+00:00,2026-09-21T07:58:37.522+00:00,2026-09-21T07:58:38.084+00:00,True,10,10.0,,10.0,28279.424356,28841.07786,28841.077944,2884.1077944,48.385835,28279.424356,8923.013222990869,15590.1430969,62.40594488888889,13.086658472329715,0.3467276794765395,51,64,,False,True,,45,59.56268577710819
25,2026-09-21T07:58:09.584+00:00,2026-09-21T07:58:39.543+00:00,2026-09-21T07:58:42.500+00:00,True,48,48.0,,48.0,29959.092241000002,32916.095249000005,32916.095128,685.7519818333334,0.0,29959.092241000002,4316.014154215179,76.7692515,62.91495761702128,87.72538878944599,1.458253162682115,51,64,,False,True,,279,59.56268577710819
26,2026-09-21T07:58:09.956+00:00,2026-09-21T07:58:41.510+00:00,2026-09-21T07:58:47.507+00:00,True,95,95.0,,95.0,31554.318486,37550.47695,37550.476819,395.26817704210526,0.0,31554.318486,3232.9580399729716,78.8102267,63.78891982978723,117.0730885478121,2.529927918798379,51,64,,False,True,,572,59.56268577710819
27,2026-09-21T07:58:10.175+00:00,2026-09-21T07:58:42.761+00:00,2026-09-21T07:58:47.504+00:00,True,75,75.0,,75.0,32586.542573,37328.802029,37328.802125,497.71736166666665,0.0,32586.542573,3757.1495772839817,115.41966029999999,64.08458724324323,116.41494983191569,2.009172433171951,51,64,,False,True,,300,59.56268577710819
28,2026-09-21T07:58:10.406+00:00,2026-09-21T07:58:43.725+00:00,2026-09-21T07:58:48.498+00:00,True,77,77.0,,77.0,33318.582919,38092.155271,38092.155255,494.70331500000003,0.0,33318.582919,3790.7251336592326,79.1726768,62.810162526315786,82.1294654211333,2.0214135811480585,51,64,,False,True,,154,59.56268577710819
29,2026-09-21T07:58:10.690+00:00,2026-09-21T07:58:45.244+00:00,2026-09-21T07:58:45.244+00:00,True,1,1.0,,1.0,34553.955648,34553.955648,34553.955648,34553.955648,34553.955648,34553.955648,nan,34553.955648,nan,nan,0.028940246673549237,51,64,,False,True,,6,59.56268577710819
30,2026-09-21T07:58:11.014+00:00,2026-09-21T07:58:46.993+00:00,2026-09-21T07:58:48.946+00:00,True,31,31.0,,31.0,35978.838605,37931.208780999994,37931.208638,1223.5873754193547,45.416585,35978.838605,6450.307915296072,79.20839849999999,65.07900586666666,9.15090736770059,0.8172689718110991,51,64,,False,True,,217,59.56268577710819
31,2026-09-21T07:58:11.261+00:00,2026-09-21T07:58:48.103+00:00,2026-09-21T07:58:50.641+00:00,True,41,41.0,,41.0,36841.525116,39380.336251999994,39380.336419,960.4960102195121,42.861714,36841.525116,5743.774053958668,78.034808,63.4702784,9.000550996054992,1.041128743483437,51,64,,False,True,,41,59.56268577710819
32,2026-09-21T07:58:11.582+00:00,2026-09-21T07:58:49.517+00:00,2026-09-21T07:58:51.902+00:00,True,39,39.0,,39.0,37934.797308,40319.57606,40319.576006,1033.8352822051281,40.476814,37934.797308,6064.387786769601,76.575892,62.75733557894736,9.948212015592505,0.9672720750328245,51,64,,False,True,,39,59.56268577710819
33,2026-09-21T07:58:11.901+00:00,2026-09-21T07:58:51.401+00:00,2026-09-21T07:58:57.226+00:00,True,93,93.0,,93.0,39500.245231,45324.879087,45324.879056,487.36429092473116,0.0,39500.245231,4091.07287236251,81.4949984,63.31123756521739,116.93411443834972,2.05185323983962,51,64,,False,True,,924,59.56268577710819
34,2026-09-21T07:58:12.255+00:00,2026-09-21T07:58:53.705+00:00,2026-09-21T07:58:55.959+00:00,True,47,47.0,,47.0,41450.021663,43703.845407,43703.845367,929.8690503617021,0.0,41450.021663,6039.026655412467,78.33784,48.996168347826085,28.637203027678435,1.075420241910156,51,64,,False,True,,99,59.56268577710819
35,2026-09-21T07:58:12.478+00:00,2026-09-21T07:58:54.274+00:00,2026-09-21T07:58:59.499+00:00,True,84,84.0,,84.0,41795.689489,47021.019409,47021.019342,559.7740397857142,38.958964,41795.689489,4553.425650837436,77.63311099999999,62.9557821686747,10.114862970277649,1.7864351104204705,51,64,,False,True,,252,59.56268577710819
36,2026-09-21T07:58:12.690+00:00,2026-09-21T07:58:55.574+00:00,2026-09-21T07:58:58.558+00:00,True,48,48.0,,48.0,42884.150431999995,45868.059808,45868.059782,955.5845787916666,34.876174,42884.150431999995,6180.639472255265,81.42068515,63.487433531914895,10.74709166587321,1.046479842420284,51,64,,False,True,,225,59.56268577710819
37,2026-09-21T07:58:13.131+00:00,2026-09-21T07:58:56.612+00:00,2026-09-21T07:59:02.386+00:00,True,92,92.0,,92.0,43481.66867499999,49255.492162999995,49255.49198499999,535.3857824456521,0.0,43481.66867499999,4527.609947313222,80.24360145,63.44860975824176,93.13999150735074,1.8678120136440146,51,64,,False,True,,460,59.56268577710819
38,2026-09-21T07:58:13.210+00:00,2026-09-21T07:58:57.854+00:00,2026-09-21T07:59:01.266+00:00,True,48,48.0,,48.0,44643.900564999996,48055.986837,48055.986768999996,1001.1663910208332,0.0,44643.900564999996,6434.560625377441,81.9103415,72.59758025531914,128.05255441226493,0.9988349664488235,51,64,,False,True,,288,59.56268577710819
39,2026-09-21T07:58:13.461+00:00,2026-09-21T07:58:59.783+00:00,2026-09-21T07:59:00.182+00:00,True,7,7.0,,7.0,46322.223638999996,46720.701719,46720.70162099999,6674.385945857142,55.831976000000004,46322.223638999996,17483.054206115117,32448.160481699993,66.41301333333334,6.834329798529148,0.14982651677839198,51,64,,False,True,,49,59.56268577710819
40,2026-09-21T07:58:13.667+00:00,2026-09-21T07:59:01.283+00:00,2026-09-21T07:59:02.251+00:00,True,27,27.0,,27.0,47615.615564,48584.291916,48584.291745,1799.4182127777779,0.0,47615.615564,9156.510822601434,84.20715799999999,37.25678276923077,31.289420042427864,0.5557351756135862,51,64,,False,True,,162,59.56268577710819
41,2026-09-21T07:58:13.872+00:00,2026-09-21T07:59:01.687+00:00,2026-09-21T07:59:01.771+00:00,True,2,2.0,,2.0,47814.434585,47899.232281000004,47899.232204,23949.616102,84.79761900000001,47814.434585,33749.94996223071,45427.95273670001,84.797696,nan,0.041754322663608366,51,64,,False,True,,4,59.56268577710819
42,2026-09-21T07:58:14.170+00:00,2026-09-21T07:59:03.189+00:00,2026-09-21T07:59:06.937+00:00,True,62,62.0,,62.0,49019.28113,52766.574570000004,52766.574739,851.0737861129032,0.01497,49019.28113,6218.6280642452275,80.728983,61.43104,111.02258314724824,1.174986257971909,51,64,,False,True,,186,59.56268577710819
43,2026-09-21T07:58:14.489+00:00,2026-09-21T07:59:05.765+00:00,2026-09-21T07:59:05.765+00:00,True,12,12.0,,12.0,51276.387504,51276.622768,51276.622854,4273.0519045,0.01685,51276.387504,14802.211887920523,23074.403031799997,0.021387636363636366,0.010274095962883811,0.23402477293198007,51,64,,False,True,,72,59.56268577710819
44,2026-09-21T07:58:14.726+00:00,2026-09-21T07:59:06.383+00:00,2026-09-21T07:59:08.229+00:00,True,30,30.0,,30.0,51657.148544,53503.096448000004,53503.09643500001,1783.4365478333334,39.367644,51657.148544,9419.645511037188,78.59080905,63.653376,10.010983056689117,0.5607152107384512,51,64,,False,True,,300,59.56268577710819
45,2026-09-21T07:58:15.036+00:00,2026-09-21T07:59:08.103+00:00,2026-09-21T07:59:13.130+00:00,True,81,81.0,,81.0,53066.992119999995,58093.975287999994,58093.975330999994,717.2095719876543,0.0,53066.992119999995,5890.496741931078,84.295089,62.8372896,116.93174549174522,1.3942926026054119,51,64,,False,True,,189,59.56268577710819
46,2026-09-21T07:58:15.363+00:00,2026-09-21T07:59:10.333+00:00,2026-09-21T07:59:15.511+00:00,True,94,94.0,,94.0,54969.617417999994,60148.04865,60148.048716,639.872858680851,0.0,54969.617417999994,5663.995172032135,79.0350715,55.68205625806451,25.14323821449392,1.5628104670025733,51,64,,False,True,,839,59.56268577710819
47,2026-09-21T07:58:15.645+00:00,2026-09-21T07:59:11.493+00:00,2026-09-21T07:59:15.446+00:00,True,62,62.0,,62.0,55847.805188,59800.81306,59800.813051,964.5292427580645,47.037824,55847.805188,7084.455025554596,79.8576,64.80340773770492,9.835146044493612,1.036775201330348,51,64,,False,True,,682,59.56268577710819
48,2026-09-21T07:58:15.990+00:00,2026-09-21T07:59:13.479+00:00,2026-09-21T07:59:17.713+00:00,True,67,67.0,,67.0,57489.916383,61723.743711,61723.743495,921.2499029104478,43.633773999999995,57489.916383,7015.682424827401,82.38441399999999,64.1488989090909,10.886911062512974,1.0854817930957694,51,64,,False,True,,423,59.56268577710819
49,2026-09-21T07:58:16.348+00:00,2026-09-21T07:59:15.023+00:00,2026-09-21T07:59:19.435+00:00,True,53,53.0,,53.0,58675.717711000005,63087.10561500001,63087.10569800001,1190.322749018868,38.911773000000004,58675.717711000005,8049.653263901762,78.976261,84.83438276923077,160.8585464404563,0.8401082833541561,51,64,,False,True,,80,59.56268577710819
50,2026-09-21T07:58:16.701+00:00,2026-09-21T07:59:17.021+00:00,2026-09-21T07:59:19.308+00:00,True,33,33.0,,33.0,60319.77192,62606.702352,62606.702571,1897.1728051818181,0.01566,60319.77192,10489.537755753923,485.4836905999999,71.466576,189.2501704546833,0.5271001148480998,51,64,,False,True,,132,59.56268577710819
51,2026-09-21T07:58:16.932+00:00,2026-09-21T07:59:18.213+00:00,2026-09-21T07:59:20.026+00:00,True,29,29.0,,29.0,61281.724990999995,63094.285887,63094.285899999995,2175.6650310344826,0.01668,61281.724990999995,11369.726920167239,766.5031913999999,64.73431771428572,218.08981310126302,0.45962957805621485,51,64,,False,True,,89,59.56268577710819
52,2026-09-21T07:58:17.209+00:00,2026-09-21T07:59:19.623+00:00,2026-09-21T07:59:19.660+00:00,True,4,4.0,,4.0,62414.332226000006,62451.502914000004,62451.50302900001,15612.875757250002,0.03059,62414.332226000006,31200.975874051575,53057.74839305,12.390229333333334,21.40508115203204,0.06404969958062137,51,64,,False,True,,25,59.56268577710819
53,2026-09-21T07:58:17.478+00:00,2026-09-21T07:59:21.299+00:00,2026-09-21T07:59:22.380+00:00,True,23,23.0,,23.0,63820.178225,64901.67556900001,64901.67564,2821.811984347826,0.0,63820.178225,13297.203778861787,75.86161899999999,49.15897018181818,27.460411776014187,0.35438222200515646,51,64,,False,True,,92,59.56268577710819
54,2026-09-21T07:58:17.753+00:00,2026-09-21T07:59:22.381+00:00,2026-09-21T07:59:27.611+00:00,True,82,82.0,,82.0,64628.412253,69858.139485,69858.139423,851.9285295487805,43.775054,64628.412253,7129.892245056083,82.64088495,64.56453372839506,10.755380825935806,1.173807384572661,51,64,,False,True,,82,59.56268577710819
55,2026-09-21T07:58:18.090+00:00,2026-09-21T07:59:24.559+00:00,2026-09-21T07:59:30.763+00:00,True,97,97.0,,97.0,66469.483009,72673.280769,72673.280855,749.2090809793815,40.277994,66469.483009,6742.4001360622615,80.522131,64.62289333333334,10.525270060224956,1.334740897529109,51,64,,False,True,,694,59.56268577710819
56,2026-09-21T07:58:18.436+00:00,2026-09-21T07:59:26.252+00:00,2026-09-21T07:59:32.836+00:00,True,91,91.0,,91.0,67815.62712199999,74400.34289799999,74400.34300099999,817.5861868241757,0.0,67815.62712199999,7102.665684260612,78.79041699999999,73.16350862222221,138.00479063015234,1.223112642434424,51,64,,False,True,,182,59.56268577710819
57,2026-09-21T07:58:18.655+00:00,2026-09-21T07:59:27.527+00:00,2026-09-21T07:59:28.964+00:00,True,23,23.0,,23.0,68871.844021,70308.211893,70308.21167799999,3056.8787686086957,50.295635000000004,68871.844021,14347.160254306436,77.30107400000001,65.28944872727273,7.441905067766774,0.3271310616603793,51,64,,False,True,,46,59.56268577710819
58,2026-09-21T07:58:18.971+00:00,2026-09-21T07:59:29.160+00:00,2026-09-21T07:59:32.825+00:00,True,54,54.0,,54.0,70189.189732,73853.381732,73853.381814,1367.6552187777777,0.0,70189.189732,9543.813022749953,81.02587950000002,69.13569811320755,180.9022727397981,0.7311784339944761,51,64,,False,True,,216,59.56268577710819
59,2026-09-21T07:58:19.326+00:00,2026-09-21T07:59:31.007+00:00,2026-09-21T07:59:36.243+00:00,True,84,84.0,,84.0,71680.541687,76916.832503,76916.832528,915.6765777142857,0.0,71680.541687,7816.629309787752,164.11998005,63.08784115662651,199.85119745163215,1.0920886529840361,51,64,,False,True,,252,59.56268577710819
60,2026-09-21T07:58:19.574+00:00,2026-09-21T07:59:32.813+00:00,2026-09-21T07:59:37.704+00:00,True,85,85.0,,85.0,73238.46499,78129.83727799999,78129.83725,919.1745558823528,0.0,73238.46499,7938.713033201804,199.1222434,58.230622476190476,138.98100774692742,1.0879326383025056,51,64,,False,True,,212,59.56268577710819
61,2026-09-21T07:58:19.892+00:00,2026-09-21T07:59:34.849+00:00,2026-09-21T07:59:38.776+00:00,True,77,77.0,,77.0,74956.643006,78883.485886,78883.485672,1024.4608528831168,0.01961,74956.643006,8536.379200117834,132.4604238,51.6689852631579,53.457122191961965,0.9761231915039613,51,64,,False,True,,10,59.56268577710819
62,2026-09-21T07:58:20.114+00:00,2026-09-21T07:59:35.152+00:00,2026-09-21T07:59:35.828+00:00,True,12,12.0,,12.0,75038.39625,75714.51017000001,75714.510039,6309.542503250001,0.02113,75038.39625,21644.105932975654,33911.13073165,61.46490181818182,78.73259400068751,0.15849009619235047,51,64,,False,True,,36,59.56268577710819
63,2026-09-21T07:58:20.450+00:00,2026-09-21T07:59:37.131+00:00,2026-09-21T07:59:40.891+00:00,True,61,61.0,,61.0,76681.62284,80441.517624,80441.51762099999,1318.7134036229509,18.380221000000002,76681.62284,9810.067664264217,79.22277700000001,62.66491306666667,17.49927882794639,0.7583148826844167,51,64,,False,True,,70,59.56268577710819
64,2026-09-21T07:58:20.670+00:00,2026-09-21T07:59:38.093+00:00,2026-09-21T07:59:41.834+00:00,True,61,61.0,,61.0,77422.491482,81164.010586,81164.010471,1330.557548704918,42.723074000000004,77422.491482,9904.954377746857,77.57403699999999,62.35865173333333,9.349131818433257,0.7515646351083827,51,64,,False,True,,244,59.56268577710819
65,2026-09-21T07:58:21.013+00:00,2026-09-21T07:59:39.912+00:00,2026-09-21T07:59:41.307+00:00,True,23,23.0,,23.0,78898.68552599999,80293.37147799999,80293.37146799998,3491.0161507826083,46.163974,78898.68552599999,16438.296894723364,84.219627,63.394816,9.177087003283651,0.2864495484076403,51,64,,False,True,,69,59.56268577710819
66,2026-09-21T07:58:21.363+00:00,2026-09-21T07:59:41.654+00:00,2026-09-21T07:59:43.987+00:00,True,37,37.0,,37.0,80291.086793,82624.19629699999,82624.196298,2233.0863864324324,41.541834,80291.086793,13189.124676903626,86.30546160000002,64.80859733333334,12.529639069082748,0.4478107099160181,51,64,,False,True,,370,59.56268577710819
67,2026-09-21T07:58:21.653+00:00,2026-09-21T07:59:43.041+00:00,2026-09-21T07:59:43.406+00:00,True,7,7.0,,7.0,81388.11608499999,81753.27550899998,81753.27539699999,11679.03934242857,45.857874,81388.11608499999,30738.815313489973,56994.010054299986,60.859904,11.46807630402407,0.08562348060573291,51,64,,False,True,,20,59.56268577710819
68,2026-09-21T07:58:21.881+00:00,2026-09-21T07:59:44.229+00:00,2026-09-21T07:59:47.616+00:00,True,54,54.0,,54.0,82347.312435,85734.224435,85734.224503,1587.6708241296296,0.0,82347.312435,11199.774924445146,78.093906,63.904,235.10300118248776,0.6298534844849559,51,64,,False,True,,162,59.56268577710819
69,2026-09-21T07:58:22.228+00:00,2026-09-21T07:59:47.022+00:00,2026-09-21T07:59:52.253+00:00,True,97,97.0,,97.0,84794.262635,90025.461611,90025.461565,928.0975419072165,0.0,84794.262635,8604.052591374424,76.29601500000001,54.491656,23.751488248294628,1.0774729533644267,51,64,,False,True,,193,59.56268577710819
70,2026-09-21T07:58:22.473+00:00,2026-09-21T07:59:47.422+00:00,2026-09-21T07:59:51.799+00:00,True,70,70.0,,70.0,84948.948704,89325.983968,89325.984019,1276.0854859857143,44.012553999999994,84948.948704,10145.763795895995,78.7037745,63.43529368115942,9.498013573520144,0.7836465593827289,51,64,,False,True,,280,59.56268577710819
71,2026-09-21T07:58:22.832+00:00,2026-09-21T07:59:49.151+00:00,2026-09-21T07:59:50.157+00:00,True,17,17.0,,17.0,86318.909779,87325.184851,87325.184878,5136.775581058823,45.541904,86318.909779,20920.158781639162,17325.1169534,62.892192,8.564246351251198,0.1946746523240291,51,64,,False,True,,17,59.56268577710819
72,2026-09-21T07:58:23.276+00:00,2026-09-21T07:59:49.594+00:00,2026-09-21T07:59:55.890+00:00,True,100,100.0,,100.0,86317.767262,92614.027102,92614.027206,926.1402720599999,0.01468,86317.767262,8626.622416196402,114.20464865,63.598584242424245,144.94961590379884,1.079750045744858,51,64,,False,True,,346,59.56268577710819
73,2026-09-21T07:58:23.404+00:00,2026-09-21T07:59:52.037+00:00,2026-09-21T07:59:55.720+00:00,True,58,58.0,,58.0,88633.053384,92315.848136,92315.848288,1591.652556689655,0.01564,88633.053384,11631.385466326205,168.03955125000002,64.61043424561403,205.24135121162524,0.6282778219678404,51,64,,False,True,,173,59.56268577710819
74,2026-09-21T07:58:23.712+00:00,2026-09-21T07:59:54.161+00:00,2026-09-21T07:59:57.551+00:00,True,64,64.0,,64.0,90448.239989,93838.405237,93838.40507699999,1466.2250793281248,0.0156,90448.239989,11299.40751901596,145.5340167,53.81214679365079,48.877948590103735,0.6820235258512805,51,64,,False,True,,71,59.56268577710819
75,2026-09-21T07:58:24.039+00:00,2026-09-21T07:59:55.276+00:00,2026-09-21T07:59:55.544+00:00,True,5,5.0,,5.0,91237.45270299999,91505.38972699999,91505.38980599999,18301.077961199997,0.0305,91237.45270299999,40772.71920567724,73019.08070899999,66.984256,70.88758224737967,0.05464159012837554,51,64,,False,True,,19,59.56268577710819
76,2026-09-21T07:58:24.296+00:00,2026-09-21T07:59:56.874+00:00,2026-09-21T08:00:00.789+00:00,True,64,64.0,,64.0,92577.709046,96493.05855,96493.058531,1507.704039546875,40.432924,92577.709046,11564.450206575704,80.16031299999999,62.14840482539683,10.976345525960113,0.6632601449443847,51,64,,False,True,,69,59.56268577710819
77,2026-09-21T07:58:24.517+00:00,2026-09-21T07:59:57.679+00:00,2026-09-21T07:59:57.958+00:00,True,6,6.0,,6.0,93161.770764,93440.272652,93440.272579,15573.378763166667,50.039935,93161.770764,38010.39431203332,69886.62651425,55.7003776,4.765781330048284,0.06421214140016292,51,64,,False,True,,11,59.56268577710819
78,2026-09-21T07:58:24.786+00:00,2026-09-21T07:59:59.340+00:00,2026-09-21T08:00:02.910+00:00,True,34,34.0,,34.0,94553.925552,98123.418288,98123.418196,2885.9828881176472,0.0,94553.925552,16200.51971883477,726.2697926999999,108.16644654545455,327.26430084438357,0.3465024006828554,51,64,,False,True,,166,59.56268577710819
79,2026-09-21T07:58:25.136+00:00,2026-09-21T08:00:02.877+00:00,2026-09-21T08:00:02.877+00:00,True,1,1.0,,1.0,97741.091698,97741.091698,97741.091698,97741.091698,97741.091698,97741.091698,nan,97741.091698,nan,nan,0.010231111425374658,51,64,,False,True,,4,59.56268577710819
80,2026-09-21T07:58:25.465+00:00,2026-09-21T08:00:02.901+00:00,2026-09-21T08:00:07.676+00:00,True,80,80.0,,80.0,97436.787866,102211.518618,102211.518496,1277.6439811999999,0.0,97436.787866,10887.018439871248,77.21265950000002,60.4396297721519,16.08836448988684,0.7826906505419201,51,64,,False,True,,241,59.56268577710819
81,2026-09-21T07:58:25.814+00:00,2026-09-21T08:00:04.493+00:00,2026-09-21T08:00:09.345+00:00,True,78,78.0,,78.0,98679.293329,103531.631761,103531.63177699999,1327.328612525641,41.828364,98679.293329,11166.098784481952,77.76662250000001,63.017382233766234,9.909182412754886,0.7533929357943562,51,64,,False,True,,312,59.56268577710819
82,2026-09-21T07:58:26.075+00:00,2026-09-21T08:00:05.574+00:00,2026-09-21T08:00:11.638+00:00,True,98,98.0,,98.0,99499.01601800001,105563.40872200001,105563.40881100002,1077.1776409285715,43.113764,99499.01601800001,10044.607879511896,77.8086245,62.519512412371135,9.95572062822686,0.9283519847116897,51,64,,False,True,,443,59.56268577710819
83,2026-09-21T07:58:26.288+00:00,2026-09-21T08:00:06.544+00:00,2026-09-21T08:00:11.488+00:00,True,81,81.0,,81.0,100255.8383,105200.46985200001,105200.469725,1298.7712311728396,44.140354,100255.8383,11132.673762888287,76.892807,61.807894399999995,9.155455142139822,0.7699585383406924,51,64,,False,True,,213,59.56268577710819
84,2026-09-21T07:58:26.570+00:00,2026-09-21T08:00:08.211+00:00,2026-09-21T08:00:11.968+00:00,True,60,60.0,,60.0,101640.28075800001,105397.43583,105397.435798,1756.6239299666668,43.483003,101640.28075800001,13113.486063259874,76.62399845,63.680594440677964,9.481916715059876,0.5692738113361367,51,64,,True,True,,61,59.56268577710819
85,2026-09-21T07:58:26.918+00:00,2026-09-21T08:00:10.054+00:00,2026-09-21T08:00:13.587+00:00,True,56,56.0,,56.0,103135.42252400001,106668.88530800001,106668.88524500001,1904.801522232143,46.105624000000006,103135.42252400001,13773.468125250118,77.73888625,64.24477789090909,8.606716800600617,0.5249890803518135,51,64,,True,True,,223,59.56268577710819
86,2026-09-21T07:58:27.242+00:00,2026-09-21T08:00:11.560+00:00,2026-09-21T08:00:15.051+00:00,True,56,56.0,,56.0,104318.804762,107809.431578,107809.431609,1925.1684215892858,43.503292,104318.804762,13931.708159861651,76.2135395,63.46594210909091,8.41537612391314,0.5194350733542646,51,64,,True,True,,65,59.56268577710819
87,2026-09-21T07:58:27.551+00:00,2026-09-21T08:00:13.408+00:00,2026-09-21T08:00:18.100+00:00,True,75,75.0,,75.0,105857.239033,110549.00684100001,110549.00676,1473.9867568,47.700994,105857.239033,12216.023170026598,76.30706169999999,63.402267675675674,8.822642013440626,0.6784321464585449,51,64,,True,True,,348,59.56268577710819
88,2026-09-21T07:58:27.895+00:00,2026-09-21T08:00:15.401+00:00,2026-09-21T08:00:21.153+00:00,True,91,91.0,,91.0,107506.812943,113258.235919,113258.23596199999,1244.5959995824176,41.537424,107506.812943,11263.081331990694,77.5171805,63.90469973333333,9.757444047741371,0.8034735775425759,51,64,,True,True,,187,59.56268577710819
89,2026-09-21T07:58:28.248+00:00,2026-09-21T08:00:17.102+00:00,2026-09-21T08:00:17.836+00:00,True,12,12.0,,12.0,108854.261274,109587.922458,109587.922518,9132.326876500001,52.063583,108854.261274,31404.265916413005,49027.06360255,66.69647127272728,8.338210645288509,0.10950111774040655,51,64,,True,True,,48,59.56268577710819
90,2026-09-21T07:58:28.486+00:00,2026-09-21T08:00:18.219+00:00,2026-09-21T08:00:22.079+00:00,True,62,62.0,,62.0,109733.785972,113593.069428,113593.069489,1832.146282080645,43.861933,109733.785972,13928.172891058728,76.36131405,63.26694190163934,9.288148593382704,0.5458079468421986,51,64,,True,True,,266,59.56268577710819
91,2026-09-21T07:58:28.834+00:00,2026-09-21T08:00:19.999+00:00,2026-09-21T08:00:20.927+00:00,True,15,15.0,,15.0,111164.74832799999,112092.13162399999,112092.13160699999,7472.8087737999995,51.474343999999995,111164.74832799999,28685.512635883493,33405.23837189999,66.241664,9.824918848727894,0.13381849183059302,51,64,,True,True,,37,59.56268577710819
92,2026-09-21T07:58:29.079+00:00,2026-09-21T08:00:21.225+00:00,2026-09-21T08:00:26.710+00:00,True,89,89.0,,89.0,112146.197694,117631.506622,117631.506802,1321.7023236179775,43.115142999999996,112146.197694,11880.8697309594,77.4964,62.333056,9.608550271909285,0.7566000177656043,51,64,,True,True,,606,59.56268577710819
93,2026-09-21T07:58:29.394+00:00,2026-09-21T08:00:22.791+00:00,2026-09-21T08:00:22.791+00:00,True,1,1.0,,1.0,113397.179817,113397.179817,113397.179817,113397.179817,113397.179817,113397.179817,nan,113397.179817,nan,nan,0.0088185614634667,51,64,,True,True,,1,59.56268577710819
94,2026-09-21T07:58:29.738+00:00,2026-09-21T08:00:24.504+00:00,2026-09-21T08:00:27.633+00:00,True,50,50.0,,50.0,114765.14934900001,117894.91754100002,117894.91757100001,2357.8983514200004,45.855904,114765.14934900001,16221.212977914889,80.53023395,63.87282024489796,9.781826760373013,0.4241064928232519,51,64,,True,True,,350,59.56268577710819
95,2026-09-21T07:58:30.092+00:00,2026-09-21T08:00:26.580+00:00,2026-09-21T08:00:31.809+00:00,True,84,84.0,,84.0,116488.327436,121717.545228,121717.545196,1449.0183951904762,44.297642999999994,116488.327436,12703.047952429406,77.827707,63.002624,9.591085503049804,0.6901223635643662,51,64,,True,True,,420,59.56268577710819
96,2026-09-21T07:58:30.458+00:00,2026-09-21T08:00:28.306+00:00,2026-09-21T08:00:33.309+00:00,True,80,80.0,,80.0,117848.25352599999,122851.46427799998,122851.46439799998,1535.6433049749999,44.173574,117848.25352599999,13168.757978778302,79.0790586,63.33178167088608,9.51181706146225,0.6511928894796759,51,64,,True,True,,320,59.56268577710819
97,2026-09-21T07:58:30.766+00:00,2026-09-21T08:00:29.930+00:00,2026-09-21T08:00:33.899+00:00,True,63,63.0,,63.0,119163.90102599999,123132.43862599999,123132.43864,1954.4831530158729,44.599254,119163.90102599999,15005.17860489537,77.48588590000001,64.00867096774193,8.885571493452655,0.5116442157972274,51,64,,True,True,,693,59.56268577710819
98,2026-09-21T07:58:31.104+00:00,2026-09-21T08:00:31.681+00:00,2026-09-21T08:00:33.310+00:00,True,26,26.0,,26.0,120576.77451,122206.185838,122206.185801,4700.237915423077,41.842273,120576.77451,23634.27031082756,78.70563525,65.17645311999999,8.47951813606375,0.2127551876503726,51,64,,True,True,,26,59.56268577710819
99,2026-09-21T07:58:31.404+00:00,2026-09-21T08:00:33.057+00:00,2026-09-21T08:00:37.061+00:00,True,65,65.0,,65.0,121652.83874199999,125656.34338199999,125656.343369,1933.1745133692307,41.915093,121652.83874199999,15081.421426414337,75.49904599999999,62.55476,9.30232122714301,0.5172838732255447,51,64,,True,True,,490,59.56268577710819
100,2026-09-21T07:58:31.772+00:00,2026-09-21T08:00:34.688+00:00,2026-09-21T08:00:36.122+00:00,True,25,25.0,,25.0,122915.323074,124349.273794,124349.273851,4973.97095404,46.716063000000005,122915.323074,24571.11618502423,71.1081118,59.747946666666664,7.712660994770582,0.2010466103840349,51,64,,True,True,,40,59.56268577710819
101,2026-09-21T07:58:31.979+00:00,2026-09-21T08:00:36.000+00:00,2026-09-21T08:00:41.667+00:00,True,90,90.0,,90.0,124021.228921,129687.648121,129687.648092,1440.973867688889,43.00516399999999,124021.228921,13066.277614268009,76.65035355,63.66763146067416,9.458617472202183,0.6939751109992296,51,64,,True,True,,178,59.56268577710819
102,2026-09-21T07:58:32.323+00:00,2026-09-21T08:00:38.010+00:00,2026-09-21T08:00:40.427+00:00,True,38,38.0,,38.0,125686.762164,128103.651764,128103.651704,3371.1487290526316,43.486892999999995,125686.762164,20378.491003519135,80.79468215,65.32134054054053,9.918272960212475,0.2966347912548645,51,64,,True,True,,365,59.56268577710819
103,2026-09-21T07:58:32.559+00:00,2026-09-21T08:00:38.911+00:00,2026-09-21T08:00:40.167+00:00,True,20,20.0,,20.0,126352.13796600001,127608.97611,127608.97623900001,6380.44881195,50.650143,126352.13796600001,28238.406893997068,6393.046081,66.149376,9.090564154522033,0.15672878671763524,51,64,,True,True,,20,59.56268577710819
104,2026-09-21T07:58:32.792+00:00,2026-09-21T08:00:40.162+00:00,2026-09-21T08:00:43.105+00:00,True,46,46.0,,46.0,127370.228815,130313.484623,130313.484614,2832.9018394347827,44.666472999999996,127370.228815,18770.07474482208,82.7482835,65.40568462222222,9.980555201999898,0.35299493473817456,51,64,,True,True,,148,59.56268577710819
105,2026-09-21T07:58:33.379+00:00,2026-09-21T08:00:40.559+00:00,2026-09-21T08:00:43.830+00:00,True,51,51.0,,51.0,127180.227823,130451.764719,130451.76477699999,2557.87774072549,41.813423,127180.227823,17799.634579877307,80.53002099999999,65.43073792,9.913944950524943,0.39094909992100674,51,64,,True,True,,357,59.56268577710819
106,2026-09-21T07:58:33.542+00:00,2026-09-21T08:00:44.081+00:00,2026-09-21T08:00:47.450+00:00,True,53,53.0,,53.0,130538.90357899999,133908.13570699998,133908.135729,2526.568598660377,49.247113,130538.90357899999,17921.99968384365,78.0196214,64.79292553846153,9.09593482086024,0.395793726200233,51,64,,True,True,,365,59.56268577710819
107,2026-09-21T07:58:33.778+00:00,2026-09-21T08:00:45.748+00:00,2026-09-21T08:00:50.247+00:00,True,71,71.0,,71.0,131970.185427,136468.82709099998,136468.82695299998,1922.0961542676055,42.565402999999996,131970.185427,15654.354636091699,76.0292955,64.26630948571429,8.155943844851672,0.5202653346808342,51,64,,True,True,,284,59.56268577710819
108,2026-09-21T07:58:34.082+00:00,2026-09-21T08:00:47.453+00:00,2026-09-21T08:00:52.272+00:00,True,77,77.0,,77.0,133371.152993,138190.740833,138190.741041,1794.6849485844155,41.439463,133371.152993,15191.829666569472,78.27923379999999,63.41562947368421,9.722850841571532,0.5572008626327039,51,64,,True,True,,847,59.56268577710819
109,2026-09-21T07:58:34.428+00:00,2026-09-21T08:00:49.286+00:00,2026-09-21T08:00:52.857+00:00,True,58,58.0,,58.0,134858.13439300001,138429.02207300003,138429.022258,2386.707280310345,42.63598399999999,134858.13439300001,17699.516815616433,75.72392485000002,62.647152280701754,8.945414850535851,0.4189872841073306,51,64,,True,True,,348,59.56268577710819
110,2026-09-21T07:58:34.762+00:00,2026-09-21T08:00:51.049+00:00,2026-09-21T08:00:55.201+00:00,True,66,66.0,,66.0,136286.12384000001,140438.804288,140438.804069,2127.8606677121215,45.313093,136286.12384000001,16767.80064173987,77.661511,63.88739150769231,9.139247517468368,0.46995558196759346,51,64,,True,True,,528,59.56268577710819
111,2026-09-21T07:58:35.118+00:00,2026-09-21T08:00:52.860+00:00,2026-09-21T08:00:56.843+00:00,True,64,64.0,,64.0,137741.631697,141724.868305,141724.868104,2214.451064125,44.656763,137741.631697,17209.80309542702,77.3165605,63.225977904761905,9.12383697121498,0.45157918130689917,51,64,,True,True,,634,59.56268577710819
112,2026-09-21T07:58:35.484+00:00,2026-09-21T08:00:54.785+00:00,2026-09-21T08:00:59.669+00:00,True,79,79.0,,79.0,139300.456373,144185.02674099998,144185.026766,1825.1269210886076,45.790502999999994,139300.456373,15665.48274677894,76.99510000000001,62.622697025641024,8.987049716105785,0.5479071009357162,51,64,,True,True,,395,59.56268577710819
113,2026-09-21T07:58:35.754+00:00,2026-09-21T08:00:56.235+00:00,2026-09-21T08:00:58.292+00:00,True,34,34.0,,34.0,140480.600714,142538.143882,142538.143796,4192.2983469411765,47.041304,140480.600714,24081.5328297377,76.16189235,62.34979296969697,8.539308284089469,0.23853264167763297,51,64,,True,True,,385,59.56268577710819
114,2026-09-21T07:58:36.047+00:00,2026-09-21T08:00:57.797+00:00,2026-09-21T08:00:58.743+00:00,True,16,16.0,,16.0,141750.584868,142696.339748,142696.339719,8918.5212324375,46.371784,141750.584868,35421.88505199014,35496.267834,63.05032533333333,10.366656647862914,0.11212621170420914,51,64,,True,True,,47,59.56268577710819
115,2026-09-21T07:58:36.327+00:00,2026-09-21T08:00:59.203+00:00,2026-09-21T08:01:01.725+00:00,True,40,40.0,,40.0,142875.748394,145398.522666,145398.52262099998,3634.963065525,41.317033,142875.748394,22580.414208577513,79.24850045,64.6865197948718,11.142990018284545,0.2751059588953692,51,64,,True,True,,125,59.56268577710819
116,2026-09-21T07:58:36.672+00:00,2026-09-21T08:01:00.812+00:00,2026-09-21T08:01:05.203+00:00,True,70,70.0,,70.0,144140.54361700002,148531.212161,148531.212353,2121.8744621857145,41.947953,144140.54361700002,17220.487714350973,76.86877055,63.63287744927536,10.489853944214499,0.4712814160846118,51,64,,True,True,,340,59.56268577710819
117,2026-09-21T07:58:36.972+00:00,2026-09-21T08:01:02.380+00:00,2026-09-21T08:01:07.761+00:00,True,87,87.0,,87.0,145408.442032,150788.83934399998,150788.83953199998,1733.205052091954,43.399883,145408.442032,15582.716664818074,77.5758897,62.562759441860464,9.328139206902247,0.5769657779613503,51,64,,True,True,,272,59.56268577710819
118,2026-09-21T07:58:37.187+00:00,2026-09-21T08:01:03.473+00:00,2026-09-21T08:01:08.118+00:00,True,76,76.0,,76.0,146285.723202,150930.331714,150930.331766,1985.925417973684,42.429823,146285.723202,16773.022482343793,77.272616,61.928113493333335,9.848233064036148,0.5035435829029612,51,64,,True,True,,424,59.56268577710819
119,2026-09-21T07:58:37.439+00:00,2026-09-21T08:01:04.754+00:00,2026-09-21T08:01:08.757+00:00,True,64,64.0,,64.0,147314.931141,151318.793413,151318.79359800002,2364.3561499687503,46.235363,147314.931141,18406.424590416187,77.91799535,63.553369396825396,9.41427289289455,0.4229481253218985,51,64,,True,True,,128,59.56268577710819
120,2026-09-21T07:58:37.678+00:00,2026-09-21T08:01:06.141+00:00,2026-09-21T08:01:10.102+00:00,True,64,64.0,,64.0,148462.725709,152424.197965,152424.198003,2381.628093796875,42.307643,148462.725709,18549.983397385462,78.09175149999999,62.880512,10.177887368493693,0.4198808381769923,51,64,,True,True,,449,59.56268577710819
121,2026-09-21T07:58:38.041+00:00,2026-09-21T08:01:08.482+00:00,2026-09-21T08:01:10.889+00:00,True,39,39.0,,39.0,150440.913865,152847.714761,152847.71485400002,3919.17217574359,43.750685,150440.913865,24079.685859719015,76.8643661,63.33686568421052,10.14664790819289,0.25515592471226844,51,64,,True,True,,194,59.56268577710819
122,2026-09-21T07:58:38.395+00:00,2026-09-21T08:01:10.176+00:00,2026-09-21T08:01:14.758+00:00,True,72,72.0,,72.0,151780.55425400002,156363.19079800003,156363.190803,2171.710983375,48.251764,151780.55425400002,17879.90659904103,80.14442655,64.54417667605634,11.010404688150112,0.4604664284001099,51,64,,True,True,,576,59.56268577710819
123,2026-09-21T07:58:38.734+00:00,2026-09-21T08:01:12.480+00:00,2026-09-21T08:01:18.095+00:00,True,89,89.0,,89.0,153746.02911899998,159361.12339099997,159361.12339599998,1790.5744201797752,42.726483,153746.02911899998,16290.2862600438,79.187568,63.80788945454545,10.570047971053565,0.5584799987989186,51,64,,True,True,,92,59.56268577710819
124,2026-09-21T07:58:38.999+00:00,2026-09-21T08:01:13.635+00:00,2026-09-21T08:01:15.875+00:00,True,36,36.0,,36.0,154636.813688,156876.50828,156876.508394,4357.680788722222,47.406182,154636.813688,25762.138581864303,78.73468175,63.99127405714285,8.959424993797516,0.22947986537121057,51,64,,True,True,,213,59.56268577710819
125,2026-09-21T07:58:39.321+00:00,2026-09-21T08:01:15.629+00:00,2026-09-21T08:01:17.585+00:00,True,32,32.0,,32.0,156307.535912,158263.684648,158263.684617,4945.74014428125,41.228463000000005,156307.535912,27620.376489097787,79.45668305,63.10157212903226,9.93115959993842,0.20219420564592794,51,64,,True,True,,187,59.56268577710819
126,2026-09-21T07:58:39.528+00:00,2026-09-21T08:01:16.535+00:00,2026-09-21T08:01:21.577+00:00,True,81,81.0,,81.0,157007.039498,162048.11393,162048.113923,2000.5939990493828,41.128074,157007.039498,17438.22830089084,76.26267600000001,63.0134304,10.601469982367053,0.499851544307326,51,64,,True,True,,409,59.56268577710819
127,2026-09-21T07:58:39.870+00:00,2026-09-21T08:01:18.096+00:00,2026-09-21T08:01:20.025+00:00,True,31,31.0,,31.0,158225.987348,160155.829524,160155.829492,5166.317080387096,47.462443,158225.987348,28406.674929022643,90.716652,64.32807253333333,11.741265075882081,0.1935614837882284,51,64,,True,True,,155,59.56268577710819
128,2026-09-21T07:58:40.195+00:00,2026-09-21T08:01:19.972+00:00,2026-09-21T08:01:24.573+00:00,True,74,74.0,,74.0,159776.89936399998,164378.51344399998,164378.51341199997,2221.331262324324,42.284073,159776.89936399998,18566.362282012153,78.7338922,63.03580931506849,10.210359261576734,0.45018049165659424,51,64,,True,True,,203,59.56268577710819
129,2026-09-21T07:58:40.419+00:00,2026-09-21T08:01:21.198+00:00,2026-09-21T08:01:22.954+00:00,True,29,29.0,,29.0,160779.06417199998,162534.89726,162534.89710099998,5604.651624172413,45.564592,160779.06417199998,29844.27979940902,77.8128026,62.70832457142858,10.403968472193489,0.1784232216519629,51,64,,True,True,,88,59.56268577710819
130,2026-09-21T07:58:40.750+00:00,2026-09-21T08:01:23.029+00:00,2026-09-21T08:01:28.954+00:00,True,95,95.0,,95.0,162279.04993200002,168204.01326000004,168204.01325200003,1770.5685605473686,44.813362999999995,162279.04993200002,16643.014975418697,77.8427727,63.03152476595744,9.443483096412297,0.5647903290699402,51,64,,True,True,,477,59.56268577710819
131,2026-09-21T07:58:41.084+00:00,2026-09-21T08:01:24.698+00:00,2026-09-21T08:01:25.267+00:00,True,10,10.0,,10.0,163614.372326,164183.02871,164183.02873700002,16418.302873700002,49.725381999999996,163614.372326,51719.42755038597,90021.701591,63.18404266666666,8.704437505239728,0.060907635086103896,51,64,,True,True,,75,59.56268577710819
132,2026-09-21T07:58:41.452+00:00,2026-09-21T08:01:26.455+00:00,2026-09-21T08:01:32.125+00:00,True,92,92.0,,92.0,165002.675996,170672.58038,170672.58039000002,1855.1367433695652,42.349162,165002.675996,17196.224612593633,77.00264195,62.30664158241758,9.09259193492742,0.5390438217736168,51,64,,True,True,,92,59.56268577710819
133,2026-09-21T07:58:41.795+00:00,2026-09-21T08:01:28.112+00:00,2026-09-21T08:01:31.774+00:00,True,59,59.0,,59.0,166317.439557,169978.847301,169978.847185,2880.997409915254,46.995892999999995,166317.439557,21644.46933773264,74.689553,63.12771972413793,8.218808604768766,0.34710201261408896,51,64,,True,True,,177,59.56268577710819
134,2026-09-21T07:58:42.129+00:00,2026-09-21T08:01:29.692+00:00,2026-09-21T08:01:30.795+00:00,True,18,18.0,,18.0,167562.101108,168665.935732,168665.935748,9370.329763777778,55.572803,167562.101108,39479.46195101512,25196.77585475,64.93144847058824,6.162323525876564,0.10671983007049457,51,64,,True,True,,36,59.56268577710819
135,2026-09-21T07:58:42.484+00:00,2026-09-21T08:01:31.466+00:00,2026-09-21T08:01:37.742+00:00,True,100,100.0,,100.0,168982.868907,175258.22865099998,175258.228606,1752.58228606,42.687392,168982.868907,16891.95104496543,77.67258705,63.38747216161616,9.95095185763216,0.5705866182131438,51,64,,True,True,,279,59.56268577710819
136,2026-09-21T07:58:42.775+00:00,2026-09-21T08:01:33.357+00:00,2026-09-21T08:01:38.325+00:00,True,78,78.0,,78.0,170582.532609,175550.55948899998,175550.559368,2250.648197025641,42.473993,170582.532609,19307.36510411997,76.8423095,64.5198296103896,9.120307649072746,0.4443164420953469,51,64,,True,True,,155,59.56268577710819
137,2026-09-21T07:58:43.486+00:00,2026-09-21T08:01:33.865+00:00,2026-09-21T08:01:37.796+00:00,True,62,62.0,,62.0,170379.07953299998,174310.52554899998,174310.52536499998,2811.4600865322577,42.441443,170379.07953299998,21629.981942519225,77.367903,64.44993468852459,10.17320152559547,0.3556870694109137,51,64,,True,True,,334,59.56268577710819
138,2026-09-21T07:58:43.562+00:00,2026-09-21T08:01:34.076+00:00,2026-09-21T08:01:37.269+00:00,True,51,51.0,,51.0,170513.316436,173706.710612,173706.71075,3406.01393627451,44.797432,170513.316436,23867.699114346913,78.72108399999999,63.86788352000001,10.585835696769957,0.29359832916251666,51,64,,True,True,,250,59.56268577710819
139,2026-09-21T07:58:43.763+00:00,2026-09-21T08:01:38.130+00:00,2026-09-21T08:01:42.955+00:00,True,79,79.0,,79.0,174367.555155,179192.094803,179192.09468500002,2268.254363101266,43.431042,174367.555155,19610.9257191965,76.5081891,61.85307241025641,9.072054338280555,0.4408676626435498,51,64,,True,True,,620,59.56268577710819
140,2026-09-21T07:58:44.037+00:00,2026-09-21T08:01:39.336+00:00,2026-09-21T08:01:40.703+00:00,True,23,23.0,,23.0,175299.275811,176666.393379,176666.393415,7681.147539782609,48.220942,175299.275811,36539.46935119732,77.4069471,62.141707636363634,8.806213598019195,0.1301888806359363,51,64,,True,True,,68,59.56268577710819
141,2026-09-21T07:58:44.321+00:00,2026-09-21T08:01:40.707+00:00,2026-09-21T08:01:43.610+00:00,True,48,48.0,,48.0,176386.666486,179289.771766,179289.771713,3735.2035773541666,44.651903,176386.666486,25450.308791958643,77.373312,61.76819744680851,9.989706702515585,0.26772302472807646,51,64,,True,True,,96,59.56268577710819
142,2026-09-21T07:58:44.623+00:00,2026-09-21T08:01:42.156+00:00,2026-09-21T08:01:42.680+00:00,True,10,10.0,,10.0,177532.161103,178056.076623,178056.07670099998,17805.6076701,48.445642,177532.161103,56122.19048933877,97672.73248045,58.21283555555555,6.208740935174681,0.05616208213535506,51,64,,True,True,,40,59.56268577710819
143,2026-09-21T07:58:44.956+00:00,2026-09-21T08:01:43.939+00:00,2026-09-21T08:01:46.705+00:00,True,46,46.0,,46.0,178983.665114,181749.07337,181749.073284,3951.066810521739,42.902393,178983.665114,26380.642516466207,77.4060325,61.453516799999996,9.40353702284495,0.25309620097129415,51,64,,True,True,,322,59.56268577710819
144,2026-09-21T07:58:45.315+00:00,2026-09-21T08:01:45.835+00:00,2026-09-21T08:01:45.965+00:00,True,3,3.0,,3.0,180519.26728200002,180649.70670600003,180649.70684700002,60216.56894900001,58.190383000000004,180519.26728200002,104185.19313733147,162474.56547200002,65.219712,9.941038874219938,0.016606724996694164,51,64,,True,True,,14,59.56268577710819
145,2026-09-21T07:58:45.528+00:00,2026-09-21T08:01:46.919+00:00,2026-09-21T08:01:51.055+00:00,True,66,66.0,,66.0,181391.737037,185527.555789,185527.55576000002,2811.0235721212125,45.494652,181391.737037,22319.948984712373,77.5678665,63.627980799999996,8.738939821269488,0.3557423031814294,51,64,,True,True,,293,59.56268577710819
146,2026-09-21T07:58:45.812+00:00,2026-09-21T08:01:48.459+00:00,2026-09-21T08:01:51.192+00:00,True,44,44.0,,44.0,182646.73727,185380.60043800002,185380.600268,4213.195460636364,47.029771999999994,182646.73727,27525.448327860893,79.14958835000002,63.57821320930233,8.993371099862367,0.23734953871139106,51,64,,True,True,,117,59.56268577710819
147,2026-09-21T07:58:46.190+00:00,2026-09-21T08:01:50.715+00:00,2026-09-21T08:01:51.270+00:00,True,9,9.0,,9.0,184525.071043,185080.371139,185080.371123,20564.485680333335,47.389413,184525.071043,61485.22039838567,110747.4082838,69.412512,11.16744134430474,0.048627522976171116,51,64,,True,True,,43,59.56268577710819
148,2026-09-21T07:58:46.541+00:00,2026-09-21T08:01:51.817+00:00,2026-09-21T08:01:54.178+00:00,True,39,39.0,,39.0,185275.955436,187636.844268,187636.844124,4811.201131384615,43.11284199999999,185275.955436,29657.949755277627,77.4334712,62.12865347368422,9.912148974168506,0.20784830480466118,51,64,,True,True,,156,59.56268577710819
149,2026-09-21T07:58:46.755+00:00,2026-09-21T08:01:53.020+00:00,2026-09-21T08:01:53.461+00:00,True,8,8.0,,8.0,186264.534818,186705.50505799998,186705.50501199998,23338.188126499997,51.107091999999994,186264.534818,65832.18590066319,121097.51175174997,62.99574857142858,8.095595573886639,0.04284822773444631,51,64,,True,True,,40,59.56268577710819
150,2026-09-21T07:58:47.097+00:00,2026-09-21T08:01:54.682+00:00,2026-09-21T08:01:54.682+00:00,True,1,1.0,,1.0,187584.533043,187584.533043,187584.533043,187584.533043,187584.533043,187584.533043,nan,187584.533043,nan,nan,0.005330929921449175,51,64,,True,True,,2,59.56268577710819
151,2026-09-21T07:58:47.396+00:00,2026-09-21T08:01:56.210+00:00,2026-09-21T08:01:58.421+00:00,True,36,36.0,,36.0,188814.242095,191024.605487,191024.605384,5306.239038444444,48.357701999999996,188814.242095,31458.51570186935,74.344043,63.153239771428574,7.60159748659423,0.1884573974552715,51,64,,True,True,,91,59.56268577710819
152,2026-09-21T07:58:47.705+00:00,2026-09-21T08:01:58.028+00:00,2026-09-21T08:01:59.390+00:00,True,22,22.0,,22.0,190322.873991,191685.119879,191685.119896,8712.959995272728,53.544993999999996,190322.873991,40563.14363812583,77.87583055,64.8688518095238,7.4423736431289145,0.11477155876203306,51,64,,True,True,,22,59.56268577710819
153,2026-09-21T07:58:47.934+00:00,2026-09-21T08:01:58.967+00:00,2026-09-21T08:02:03.353+00:00,True,72,72.0,,72.0,191032.833998,195418.375118,195418.37503499998,2714.144097708333,42.648862,191032.833998,22506.157633596187,74.9927655,61.76818478873239,8.789917067527057,0.36844027567276644,51,64,,True,True,,484,59.56268577710819
154,2026-09-21T07:58:48.254+00:00,2026-09-21T08:02:00.686+00:00,2026-09-21T08:02:06.332+00:00,True,92,92.0,,92.0,192431.965188,198078.211076,198078.211083,2153.0240335108697,45.848273,192431.965188,20055.95205302405,75.37324799999999,62.04665810989011,8.132722773556775,0.4644629992377143,51,64,,True,True,,327,59.56268577710819
155,2026-09-21T07:58:48.470+00:00,2026-09-21T08:02:02.124+00:00,2026-09-21T08:02:05.968+00:00,True,62,62.0,,62.0,193654.147202,197497.22253,197497.22256,3185.439073548387,43.408462,193654.147202,24586.101591572748,76.45227950000002,63.00123488524591,8.565807548394384,0.31392846545263264,51,64,,True,True,,372,59.56268577710819
156,2026-09-21T07:58:48.717+00:00,2026-09-21T08:02:03.543+00:00,2026-09-21T08:02:09.313+00:00,True,92,92.0,,92.0,194825.677294,200596.15972599998,200596.159616,2180.393039304348,45.811962,194825.677294,20305.37142949707,76.7647365,63.411894857142855,8.11639958721425,0.45863290765718256,51,64,,True,True,,371,59.56268577710819
157,2026-09-21T07:58:49.051+00:00,2026-09-21T08:02:05.350+00:00,2026-09-21T08:02:06.515+00:00,True,20,20.0,,20.0,196298.892307,197463.510547,197463.51076,9873.175538,50.746924,196298.892307,43880.06136073323,9887.9026631,61.295696842105265,8.538907835110903,0.10128453578383854,51,64,,True,True,,160,59.56268577710819
158,2026-09-21T07:58:49.340+00:00,2026-09-21T08:02:06.941+00:00,2026-09-21T08:02:10.803+00:00,True,62,62.0,,62.0,197601.245643,201463.570123,201463.570133,3249.4124215,43.715782,197601.245643,25087.34346778101,76.02631500000001,63.31679475409836,8.501080744249608,0.3077479465004368,51,64,,True,True,,428,59.56268577710819
159,2026-09-21T07:58:49.597+00:00,2026-09-21T08:02:08.351+00:00,2026-09-21T08:02:11.788+00:00,True,56,56.0,,56.0,198753.369222,202190.890886,202190.890888,3610.5516230000003,42.425052,198753.369222,26551.18550692304,76.301799,62.50039389090909,8.47212032956004,0.27696598869814626,51,64,,True,True,,203,59.56268577710819
160,2026-09-21T07:58:49.974+00:00,2026-09-21T08:02:10.178+00:00,2026-09-21T08:02:14.752+00:00,True,74,74.0,,74.0,200204.079972,204777.93418,204777.93414,2767.26938027027,41.710413,200204.079972,23265.969803019663,76.63914815,62.65553709589041,9.209025555587983,0.3613670598657076,51,64,,True,True,,368,59.56268577710819
161,2026-09-21T07:58:50.181+00:00,2026-09-21T08:02:11.663+00:00,2026-09-21T08:02:16.538+00:00,True,77,77.0,,77.0,201482.823131,206357.521371,206357.521245,2679.9678083766235,45.234432,201482.823131,22953.791168032112,77.71717199999999,64.14076631578948,9.683774334017645,0.3731388101990501,51,64,,True,True,,21,59.56268577710819
162,2026-09-21T07:58:50.495+00:00,2026-09-21T08:02:13.334+00:00,2026-09-21T08:02:14.704+00:00,True,23,23.0,,23.0,202838.572338,204209.013042,204209.012953,8878.652737086957,44.357182,202838.572338,42281.77882153167,79.03436589999998,62.292759272727274,12.270840508247549,0.11262970060616057,51,64,,True,True,,143,59.56268577710819
163,2026-09-21T07:58:50.791+00:00,2026-09-21T08:02:14.990+00:00,2026-09-21T08:02:15.271+00:00,True,5,5.0,,5.0,204199.032898,204479.748418,204479.74852300002,40895.9497046,59.037103,204199.032898,91289.19900838824,163374.6821552,70.17888,8.099021563370892,0.024452299255469243,51,64,,True,True,,8,59.56268577710819
164,2026-09-21T07:58:51.041+00:00,2026-09-21T08:02:16.274+00:00,2026-09-21T08:02:18.908+00:00,True,43,43.0,,43.0,205233.300701,207867.140061,207867.139883,4834.119532162791,45.413133,205233.300701,31288.222846068093,77.91065499999999,62.710460952380956,8.621353623918257,0.20686290284929768,51,64,,True,True,,50,59.56268577710819
165,2026-09-21T07:58:51.258+00:00,2026-09-21T08:02:17.652+00:00,2026-09-21T08:02:17.735+00:00,True,2,2.0,,2.0,206393.50599399998,206476.948682,206476.94870799998,103238.47435399999,83.44271400000001,206393.50599399998,145883.24477231372,196078.00282999995,83.442688,nan,0.009686311294149581,51,64,,True,True,,19,59.56268577710819
166,2026-09-21T07:58:51.510+00:00,2026-09-21T08:02:18.963+00:00,2026-09-21T08:02:24.811+00:00,True,94,94.0,,94.0,207452.311698,213300.327314,213300.327354,2269.1524186595743,41.952292,207452.311698,21390.588693053924,77.3862495,62.88188834408602,9.924536522552204,0.44069318216104914,51,64,,True,True,,251,59.56268577710819
167,2026-09-21T07:58:51.739+00:00,2026-09-21T08:02:20.232+00:00,2026-09-21T08:02:23.843+00:00,True,58,58.0,,58.0,208492.839153,212104.243953,212104.244008,3656.969724275862,40.834763,208492.839153,27368.133626752144,79.52562030000001,63.35797894736842,10.42612011408716,0.27345044549345354,51,64,,True,True,,119,59.56268577710819
168,2026-09-21T07:58:51.970+00:00,2026-09-21T08:02:21.353+00:00,2026-09-21T08:02:22.411+00:00,True,18,18.0,,18.0,209382.26859999998,210440.62047199998,210440.620427,11691.145579277776,42.203762000000005,209382.26859999998,49337.20143923783,31476.8393534,62.25599247058824,11.768431076828032,0.08553481718323948,51,64,,True,True,,162,59.56268577710819
169,2026-09-21T07:58:52.262+00:00,2026-09-21T08:02:23.065+00:00,2026-09-21T08:02:23.250+00:00,True,4,4.0,,4.0,210803.316982,210988.120054,210988.120102,52747.0300255,48.988343,210803.316982,105370.8583667007,179193.36603879996,61.601024,11.184302568862844,0.018958413388281036,51,64,,True,True,,14,59.56268577710819
170,2026-09-21T07:58:52.590+00:00,2026-09-21T08:02:24.664+00:00,2026-09-21T08:02:28.431+00:00,True,62,62.0,,62.0,212073.48117500002,215840.52475900002,215840.52472600003,3481.298785903226,46.511182,212073.48117500002,26925.51760949837,78.08319750000001,61.75481285245901,8.86645488094312,0.28724911630578653,51,64,,True,True,,400,59.56268577710819
171,2026-09-21T07:58:53.619+00:00,2026-09-21T08:02:28.690+00:00,2026-09-21T08:02:30.803+00:00,True,35,35.0,,35.0,215071.45021799998,217184.17802599998,217184.177963,6205.262227514285,42.801101,215071.45021799998,36343.208012363015,79.67125170000001,62.13905317647058,9.41881447444842,0.16115354404780818,51,64,,True,True,,157,59.56268577710819
174,2026-09-21T07:58:53.758+00:00,2026-09-21T08:02:28.865+00:00,2026-09-21T08:02:30.484+00:00,True,27,27.0,,27.0,215106.69636899998,216725.67083299998,216725.67088599998,8026.8766994814805,48.052741000000005,215106.69636899998,41385.32053752247,79.09585569999999,62.268248615384614,9.508213328607267,0.1245814577305201,51,64,,True,True,,27,59.56268577710819
173,2026-09-21T07:58:53.705+00:00,2026-09-21T08:02:29.565+00:00,2026-09-21T08:02:33.429+00:00,True,62,62.0,,62.0,215860.07141,219723.603442,219723.603425,3543.9290875,40.151900999999995,215860.07141,27406.214373911786,78.161863,63.33659068852459,9.576151083224218,0.28217268890898206,51,64,,True,True,,124,59.56268577710819
172,2026-09-21T07:58:53.665+00:00,2026-09-21T08:02:29.638+00:00,2026-09-21T08:02:33.552+00:00,True,63,63.0,,63.0,215973.673098,219887.27361,219887.273513,3490.274182746032,42.135841,215973.673098,27202.17405125949,77.82120800000001,63.12258890322581,9.32033447577878,0.2865104422174931,51,64,,True,True,,78,59.56268577710819
175,2026-09-21T07:58:53.992+00:00,2026-09-21T08:02:32.007+00:00,2026-09-21T08:02:38.008+00:00,True,94,94.0,,94.0,218015.556205,224016.275565,224016.275415,2383.151866117021,43.433971,218015.556205,22479.934639323095,78.36734180000002,64.5238640860215,9.767389905107033,0.4196123686233021,51,64,,True,True,,834,59.56268577710819
176,2026-09-21T07:58:54.352+00:00,2026-09-21T08:02:33.744+00:00,2026-09-21T08:02:37.642+00:00,True,61,61.0,,61.0,219392.360129,223290.00390500002,223290.003895,3660.4918671311475,46.725532,219392.360129,28081.997893712487,81.346211,64.96072960000001,10.663294361163576,0.27318733007838897,51,64,,True,True,,184,59.56268577710819
177,2026-09-21T07:58:54.699+00:00,2026-09-21T08:02:35.879+00:00,2026-09-21T08:02:36.724+00:00,True,14,14.0,,14.0,221180.42822799998,222025.77529999998,222025.77544699996,15858.983960499998,48.241891,221180.42822799998,59095.578528185746,77482.66103124998,65.02669784615385,14.806819548240115,0.06305574197898095,51,64,,True,True,,109,59.56268577710819
178,2026-09-21T07:58:54.997+00:00,2026-09-21T08:02:37.183+00:00,2026-09-21T08:02:40.161+00:00,True,49,49.0,,49.0,222186.29118200002,225164.11979000003,225164.11987700002,4595.186119938776,46.773702,222186.29118200002,31732.037297100775,76.48562460000001,62.038096,8.604193960266468,0.21761904181580968,51,64,,True,True,,196,59.56268577710819
179,2026-09-21T07:58:55.363+00:00,2026-09-21T08:02:38.743+00:00,2026-09-21T08:02:43.079+00:00,True,69,69.0,,69.0,223379.541249,227715.585281,227715.585211,3300.2258726231885,42.354290999999996,223379.541249,26884.0619366202,77.999517,63.76535341176471,9.766191523529184,0.30300956306901133,51,64,,True,True,,138,59.56268577710819
180,2026-09-21T07:58:55.597+00:00,2026-09-21T08:02:39.935+00:00,2026-09-21T08:02:45.833+00:00,True,94,94.0,,94.0,224337.487746,230235.811714,230235.811662,2449.3171453404257,44.408761,224337.487746,23132.105848996558,77.64159850000001,63.422838365591396,10.362020588151955,0.4082770586391974,51,64,,True,True,,188,59.56268577710819
181,2026-09-21T07:58:55.816+00:00,2026-09-21T08:02:41.051+00:00,2026-09-21T08:02:47.059+00:00,True,96,96.0,,96.0,225234.367633,231242.550417,231242.550604,2408.7765687916667,43.068131,225234.367633,22981.433963844585,78.207178,63.244029305263155,10.549354448332256,0.415148508900646,51,64,,True,True,,96,59.56268577710819
182,2026-09-21T07:58:56.130+00:00,2026-09-21T08:02:42.684+00:00,2026-09-21T08:02:43.582+00:00,True,15,15.0,,15.0,226554.07405700002,227451.95053700003,227451.950489,15163.463365933334,41.530741,226554.07405700002,58479.4522259806,68021.9776672,64.13403428571428,12.151655910825015,0.06594799457461642,51,64,,True,True,,39,59.56268577710819
183,2026-09-21T07:58:56.336+00:00,2026-09-21T08:02:43.761+00:00,2026-09-21T08:02:46.600+00:00,True,46,46.0,,46.0,227424.202483,230264.074483,230264.074525,5005.7407505434785,42.682881,227424.202483,33522.56615672656,77.75314099999999,63.108266666666665,10.707615322767149,0.199770633362071,51,64,,True,True,,185,59.56268577710819
184,2026-09-21T07:58:56.618+00:00,2026-09-21T08:02:45.460+00:00,2026-09-21T08:02:50.339+00:00,True,78,78.0,,78.0,228842.23969299998,233721.14631699998,233721.14635399997,2996.42495325641,45.524221,228842.23969299998,25904.108424905127,76.75833965000001,63.36242368831169,9.054833555416996,0.33373103473575844,51,64,,True,True,,234,59.56268577710819
185,2026-09-21T07:58:56.903+00:00,2026-09-21T08:02:47.056+00:00,2026-09-21T08:02:53.035+00:00,True,96,96.0,,96.0,230152.89083000002,236131.835086,236131.83505000002,2459.7066151041668,44.978381,230152.89083000002,23483.45934519584,76.8253355,62.93625532631579,8.9648218379547,0.4065525513111626,51,64,,True,True,,431,59.56268577710819
186,2026-09-21T07:58:57.275+00:00,2026-09-21T08:02:48.546+00:00,2026-09-21T08:02:53.911+00:00,True,87,87.0,,87.0,231271.146794,236635.384618,236635.384662,2719.9469501379313,42.652981,231271.146794,24788.18386430154,75.12607270000001,62.37485841860465,8.982869718249207,0.36765422948239085,51,64,,True,True,,348,59.56268577710819
187,2026-09-21T07:58:57.481+00:00,2026-09-21T08:02:49.826+00:00,2026-09-21T08:02:52.881+00:00,True,50,50.0,,50.0,232344.984227,235400.144035,235400.144065,4708.0028813,42.696251,232344.984227,32849.72643262453,75.67526815000001,62.350200163265306,9.33127066151236,0.21240428804735925,51,64,,True,True,,346,59.56268577710819
188,2026-09-21T07:58:57.722+00:00,2026-09-21T08:02:51.138+00:00,2026-09-21T08:02:51.909+00:00,True,14,14.0,,14.0,233416.367518,234187.563166,234187.56327500002,16727.68309107143,44.148252,233416.367518,62367.29435783473,81744.8540206,59.32274215384615,10.162446219497694,0.059781142135529756,51,64,,True,True,,56,59.56268577710819
189,2026-09-21T07:58:58.093+00:00,2026-09-21T08:02:53.312+00:00,2026-09-21T08:02:54.527+00:00,True,21,21.0,,21.0,235219.806746,236434.78632999997,236434.78615799997,11258.799340857142,41.737942000000004,235219.806746,51315.91449482918,74.240013,60.7489792,10.585453353523269,0.0888194175060585,51,64,,True,True,,31,59.56268577710819
190,2026-09-21T07:58:58.428+00:00,2026-09-21T08:02:55.031+00:00,2026-09-21T08:02:55.221+00:00,True,4,4.0,,4.0,236603.557931,236792.857387,236792.85734699998,59198.214336749996,53.056422,236603.557931,118270.22952563649,201124.65402365,63.099818666666664,12.814337166906345,0.016892401418437383,51,64,,True,True,,16,59.56268577710819
191,2026-09-21T07:58:58.783+00:00,2026-09-21T08:02:56.698+00:00,2026-09-21T08:02:59.728+00:00,True,49,49.0,,49.0,237915.691043,240945.127971,240945.128099,4917.24751222449,41.764421999999996,237915.691043,33978.94086072058,75.8900964,63.113269333333335,9.046404484158977,0.20336580537082952,51,64,,True,True,,226,59.56268577710819
192,2026-09-21T07:58:59.008+00:00,2026-09-21T08:02:58.130+00:00,2026-09-21T08:03:02.771+00:00,True,75,75.0,,75.0,239121.72342899998,243762.78915699996,243762.78923199998,3250.170523093333,46.14241199999999,239121.72342899998,27604.15800620693,78.2740133,62.717104432432436,9.683657792379949,0.3076761644358067,51,64,,True,True,,225,59.56268577710819
193,2026-09-21T07:58:59.297+00:00,2026-09-21T08:02:59.613+00:00,2026-09-21T08:03:03.690+00:00,True,66,66.0,,66.0,240315.530461,244392.666589,244392.666784,3702.9191936969696,45.648371,240315.530461,29573.077285791685,77.59206275000001,62.725171200000005,8.738058863286835,0.27005720311155457,51,64,,True,True,,133,59.56268577710819
194,2026-09-21T07:58:59.535+00:00,2026-09-21T08:03:00.687+00:00,2026-09-21T08:03:03.629+00:00,True,48,48.0,,48.0,241151.505604,244093.7561,244093.75608700002,5085.286585145834,45.278962,241151.505604,34798.18738572444,79.63768985,62.60107438297872,9.990027526042024,0.19664575107089352,51,64,,True,True,,672,59.56268577710819
195,2026-09-21T07:58:59.807+00:00,2026-09-21T08:03:02.156+00:00,2026-09-21T08:03:06.125+00:00,True,62,62.0,,62.0,242349.211977,246318.095689,246318.095686,3972.872511064516,44.646500999999994,242349.211977,30770.11895504333,78.127035,65.06366740983607,9.189065982429852,0.2517070450166231,51,64,,True,True,,279,59.56268577710819
196,2026-09-21T07:59:00.069+00:00,2026-09-21T08:03:03.509+00:00,2026-09-21T08:03:05.528+00:00,True,32,32.0,,32.0,243439.88510699998,245458.54699499998,245458.547198,7670.5795999375,44.143041,243439.88510699998,43022.98808408222,77.963977,65.11812541935484,9.706611196027666,0.13036824503264025,51,64,,True,True,,128,59.56268577710819
197,2026-09-21T07:59:00.368+00:00,2026-09-21T08:03:05.065+00:00,2026-09-21T08:03:09.979+00:00,True,77,77.0,,77.0,244696.774181,249611.099941,249611.099833,3241.7025952337663,42.518741999999996,244696.774181,27878.41808582771,77.4722902,64.66218105263158,9.453124123948218,0.30847987136068994,51,64,,True,True,,154,59.56268577710819
198,2026-09-21T07:59:00.715+00:00,2026-09-21T08:03:07.039+00:00,2026-09-21T08:03:12.298+00:00,True,84,84.0,,84.0,246324.18546399998,251583.12306399998,251583.122961,2995.0371781071426,43.468732,246324.18546399998,26869.260462462233,76.891531,63.360693975903615,9.467267612407925,0.3338856715703912,51,64,,True,True,,196,59.56268577710819
201,2026-09-21T07:59:01.526+00:00,2026-09-21T08:03:09.934+00:00,2026-09-21T08:03:11.223+00:00,True,22,22.0,,22.0,248407.969132,249696.81726,249696.817227,11349.8553285,42.619982,248407.969132,52947.67295648072,82.22629845,61.37372038095238,10.05850303343474,0.08810684990466745,51,64,,True,True,,22,59.56268577710819
202,2026-09-21T07:59:01.784+00:00,2026-09-21T08:03:11.360+00:00,2026-09-21T08:03:15.919+00:00,True,72,72.0,,72.0,249576.250725,254134.499173,254134.499265,3529.645823125,46.356402,249576.250725,29405.27849506922,80.14707444999999,64.20068236619719,9.137597228133396,0.2833145449921248,51,64,,True,True,,216,59.56268577710819
203,2026-09-21T07:59:02.066+00:00,2026-09-21T08:03:13.041+00:00,2026-09-21T08:03:17.865+00:00,True,77,77.0,,77.0,250974.914305,255798.90099300002,255798.900984,3322.0636491428572,45.209561,250974.914305,28594.013821350538,77.8584982,63.47350905263158,8.968283813547,0.3010177123556411,51,64,,True,True,,247,59.56268577710819
199,2026-09-21T07:59:01.025+00:00,2026-09-21T08:03:13.183+00:00,2026-09-21T08:03:15.720+00:00,True,40,40.0,,40.0,252158.292828,254695.620444,254695.620487,6367.390512175,44.942171,252158.292828,39859.441118567665,80.74967845,65.05968246153846,9.682900609683774,0.15705020734266928,51,64,,True,True,,44,59.56268577710819
200,2026-09-21T07:59:01.239+00:00,2026-09-21T08:03:14.960+00:00,2026-09-21T08:03:18.797+00:00,True,63,63.0,,63.0,253720.651897,257558.09855300002,257558.098413,4088.2237843333332,42.491091,253720.651897,31958.000893712935,78.80986090000002,61.89430090322581,9.354803736874047,0.24460500506077437,51,64,,True,True,,252,59.56268577710819
204,2026-09-21T07:59:02.298+00:00,2026-09-21T08:03:15.093+00:00,2026-09-21T08:03:20.865+00:00,True,94,94.0,,94.0,252794.53612200002,258566.78418600003,258566.784106,2750.7104692127664,40.646491999999995,252794.53612200002,26067.365591467213,78.0547355,62.06718348387097,9.693973720872503,0.36354244144669834,51,64,,True,True,,188,59.56268577710819
205,2026-09-21T07:59:02.647+00:00,2026-09-21T08:03:16.933+00:00,2026-09-21T08:03:23.036+00:00,True,97,97.0,,97.0,254285.46594,260388.496212,260388.496345,2684.4174880927835,44.272942,254285.46594,25812.324662821567,79.13750900000001,63.573232,10.900251700669251,0.3725202972139971,51,64,,True,True,,483,59.56268577710819
206,2026-09-21T07:59:03.011+00:00,2026-09-21T08:03:18.999+00:00,2026-09-21T08:03:23.355+00:00,True,69,69.0,,69.0,255988.108625,260344.018257,260344.01816799998,3773.1017125797102,42.148111,255988.108625,30809.63747272295,78.44229220000001,64.0574945882353,11.867669272657706,0.2650339364889355,51,64,,True,True,,276,59.56268577710819
207,2026-09-21T07:59:03.359+00:00,2026-09-21T08:03:20.932+00:00,2026-09-21T08:03:23.419+00:00,True,39,39.0,,39.0,257572.202267,260059.52565899998,260059.52563599998,6668.192965025641,44.626611,257572.202267,41234.08178619832,82.217472,65.45587873684211,12.667519287849018,0.14996566613421536,51,64,,True,True,,158,59.56268577710819
208,2026-09-21T07:59:03.686+00:00,2026-09-21T08:03:22.517+00:00,2026-09-21T08:03:25.754+00:00,True,52,52.0,,52.0,258831.431338,262068.561578,262068.561732,5039.780033307692,46.954702,258831.431338,35884.660347770936,75.3340315,63.47314196078432,8.772077143712858,0.19842135846776543,51,64,,True,True,,359,59.56268577710819
209,2026-09-21T07:59:04.059+00:00,2026-09-21T08:03:24.175+00:00,2026-09-21T08:03:27.726+00:00,True,58,58.0,,58.0,260116.257639,263667.38954299997,263667.389523,4545.989474534483,45.130712,260116.257639,34146.75876421127,77.245814,62.30055971929824,9.539121516608414,0.21997411246240264,51,64,,True,True,,58,59.56268577710819
210,2026-09-21T07:59:04.419+00:00,2026-09-21T08:03:26.129+00:00,2026-09-21T08:03:32.414+00:00,True,100,100.0,,100.0,261710.915299,267995.39939499996,267995.399529,2679.95399529,43.047392,261710.915299,26164.745451615578,77.4448,63.479637333333336,9.983894257508059,0.3731407338549474,51,64,,True,True,,265,59.56268577710819
211,2026-09-21T07:59:05.614+00:00,2026-09-21T08:03:29.653+00:00,2026-09-21T08:03:33.121+00:00,True,56,56.0,,56.0,264039.494739,267506.944339,267506.94445,4776.9097223214285,42.328300999999996,264039.494739,35275.33804288312,77.37287524999999,63.04453818181818,8.829779424802355,0.2093403598862601,51,64,,True,True,,785,59.56268577710819
212,2026-09-21T07:59:05.781+00:00,2026-09-21T08:03:30.088+00:00,2026-09-21T08:03:35.004+00:00,True,78,78.0,,78.0,264307.440427,269222.81757899997,269222.817562,3451.574584128205,41.141161,264307.440427,29919.697935727632,78.63000835000001,63.83606690909091,9.447003033546396,0.2897228425934288,51,64,,True,True,,157,59.56268577710819
213,2026-09-21T07:59:05.781+00:00,2026-09-21T08:03:30.992+00:00,2026-09-21T08:03:31.110+00:00,True,3,3.0,,3.0,265210.317669,265328.21130100003,265328.211231,88442.737077,56.659011,265210.317669,153085.2153752798,238695.4093572,58.946816,3.2351775727016903,0.011306750930441648,51,64,,True,True,,15,59.56268577710819
214,2026-09-21T07:59:05.807+00:00,2026-09-21T08:03:31.570+00:00,2026-09-21T08:03:34.543+00:00,True,48,48.0,,48.0,265763.350588,268736.14802799997,268736.1481,5598.669752083333,48.423671,265763.350588,38350.5069398147,77.94815634999999,63.25100936170213,8.56545936661537,0.17861385731776888,51,64,,True,True,,0,59.56268577710819
215,2026-09-21T07:59:05.880+00:00,2026-09-21T08:03:33.252+00:00,2026-09-21T08:03:33.399+00:00,True,3,3.0,,3.0,267372.050146,267519.746274,267519.746339,89173.24877966667,71.60304099999999,267372.050146,154324.6889235119,240642.4544466,73.848064,3.1750791531550835,0.01121412546843301,51,64,,True,True,,7,59.56268577710819
216,2026-09-21T07:59:06.155+00:00,2026-09-21T08:03:35.681+00:00,2026-09-21T08:03:39.641+00:00,True,63,63.0,,63.0,269525.882428,273485.89957999997,273485.899691,4341.04602684127,46.765111,269525.882428,33949.02369223283,77.7447951,63.87124438709678,9.6216107519906,0.2303592254545879,51,64,,True,True,,117,59.56268577710819
217,2026-09-21T07:59:06.373+00:00,2026-09-21T08:03:36.775+00:00,2026-09-21T08:03:40.239+00:00,True,55,55.0,,55.0,270402.318918,273865.928262,273865.92824,4979.380513454545,48.724411,270402.318918,36452.39348329156,76.58797,64.14091377777778,8.607549611680751,0.2008281948362084,51,64,,True,True,,301,59.56268577710819
218,2026-09-21T07:59:06.584+00:00,2026-09-21T08:03:37.794+00:00,2026-09-21T08:03:39.716+00:00,True,31,31.0,,31.0,271209.58254699997,273131.31873899995,273131.318857,8810.687705064514,44.801981,271209.58254699997,48699.174960821576,76.2235965,64.05787306666667,10.571950851911222,0.11349851837980954,51,64,,True,True,,172,59.56268577710819
219,2026-09-21T07:59:06.849+00:00,2026-09-21T08:03:39.013+00:00,2026-09-21T08:03:43.692+00:00,True,73,73.0,,73.0,272164.000095,276843.42639900005,276843.426454,3792.3757048493153,45.203411,272164.000095,31846.78177797693,77.474819,64.992032,10.550759097435783,0.26368695457044694,51,64,,True,True,,657,59.56268577710819
220,2026-09-21T07:59:07.205+00:00,2026-09-21T08:03:41.094+00:00,2026-09-21T08:03:46.837+00:00,True,91,91.0,,91.0,273888.52311199997,279631.217768,279631.21762199997,3072.870523318681,42.004470999999995,273888.52311199997,28704.631488692947,79.62337649999999,63.8077184,10.170714965300707,0.3254286153254156,51,64,,True,True,,637,59.56268577710819
221,2026-09-21T07:59:07.443+00:00,2026-09-21T08:03:42.238+00:00,2026-09-21T08:03:47.043+00:00,True,76,76.0,,76.0,274795.11877999996,279600.39698799996,279600.397082,3678.95259318421,46.789591,274795.11877999996,31513.81394657937,78.59266199999999,64.07037610666667,9.46832256543477,0.2718164953222932,51,64,,True,True,,228,59.56268577710819
222,2026-09-21T07:59:07.674+00:00,2026-09-21T08:03:43.377+00:00,2026-09-21T08:03:48.217+00:00,True,78,78.0,,78.0,275702.990621,280542.89974100003,280542.899522,3596.703840025641,44.751571000000006,275702.990621,31210.10090072106,79.04729035,62.855962597402595,9.688211120091617,0.27803234397309773,51,64,,True,True,,468,59.56268577710819
223,2026-09-21T07:59:07.890+00:00,2026-09-21T08:03:44.774+00:00,2026-09-21T08:03:45.378+00:00,True,11,11.0,,11.0,276883.588788,277487.450036,277487.449951,25226.131813727272,50.361650999999995,276883.588788,83465.33638020846,138479.20997999999,60.3861248,7.851279203512547,0.03964143242720674,51,64,,True,True,,68,59.56268577710819
224,2026-09-21T07:59:08.183+00:00,2026-09-21T08:03:46.128+00:00,2026-09-21T08:03:46.305+00:00,True,4,4.0,,4.0,277945.003576,278122.37266399997,278122.372729,69530.59318225,54.062141000000004,277945.003576,138942.9403416525,236263.05795624998,59.123029333333335,5.74408846883031,0.014382158334426428,51,64,,True,True,,33,59.56268577710819
225,2026-09-21T07:59:08.422+00:00,2026-09-21T08:03:47.505+00:00,2026-09-21T08:03:52.881+00:00,True,85,85.0,,85.0,279082.23045,284458.445234,284458.445273,3346.569944388235,43.953021,279082.23045,30263.777360953387,77.74009,64.00255695238096,9.269591635687151,0.2988134169476939,51,64,,True,True,,85,59.56268577710819
226,2026-09-21T07:59:08.679+00:00,2026-09-21T08:03:48.815+00:00,2026-09-21T08:03:54.216+00:00,True,85,85.0,,85.0,280136.057321,285537.00272899994,285537.002804,3359.2588565176466,41.999711000000005,280136.057321,30378.049137769744,78.88785299999999,64.29696914285714,9.731803620081399,0.29768471051954193,51,64,,True,True,,342,59.56268577710819
227,2026-09-21T07:59:09.047+00:00,2026-09-21T08:03:50.710+00:00,2026-09-21T08:03:56.760+00:00,True,96,96.0,,96.0,281663.641153,287713.730369,287713.730289,2997.01802384375,42.636241,281663.641153,28740.67674293083,77.00952124999999,63.685149642105266,9.594407959858382,0.3336649935923378,51,64,,True,True,,247,59.56268577710819
228,2026-09-21T07:59:09.273+00:00,2026-09-21T08:03:51.771+00:00,2026-09-21T08:03:53.936+00:00,True,35,35.0,,35.0,282498.91008099995,284663.1386889999,284663.138756,8133.232535885713,43.985150999999995,282498.91008099995,47740.27265872925,76.9287587,63.653782588235295,9.666566062888217,0.12295234346529912,51,64,,True,True,,185,59.56268577710819
229,2026-09-21T07:59:09.567+00:00,2026-09-21T08:03:53.216+00:00,2026-09-21T08:03:53.288+00:00,True,2,2.0,,2.0,283649.387451,283721.358267,283721.358233,141860.6791165,71.970782,283649.387451,200519.51431801298,269470.51661755,71.970816,nan,0.007049169693167307,51,64,,True,True,,8,59.56268577710819
232,2026-09-21T07:59:10.630+00:00,2026-09-21T08:03:56.592+00:00,2026-09-21T08:03:58.818+00:00,True,37,37.0,,37.0,285962.44485100004,288188.30801900005,288188.308137,7788.873192891893,46.091750999999995,285962.44485100004,47001.77243274481,76.986698,61.829532444444446,8.82205195982101,0.12838827589619153,51,64,,True,True,,74,59.56268577710819
233,2026-09-21T07:59:10.904+00:00,2026-09-21T08:03:58.220+00:00,2026-09-21T08:03:58.956+00:00,True,12,12.0,,12.0,287315.986417,288051.510513,288051.510452,24004.292537666668,56.120211000000005,287315.986417,82921.67887664355,129338.10933525,66.86582690909091,7.717192234439899,0.04165921566815887,51,64,,True,True,,48,59.56268577710819
230,2026-09-21T07:59:09.932+00:00,2026-09-21T08:03:58.757+00:00,2026-09-21T08:04:04.913+00:00,True,97,97.0,,97.0,288825.767749,294981.577029,294981.577228,3041.0471879175257,42.975651,288825.767749,29319.304387287848,77.63232400000001,64.12301333333333,9.507598142839646,0.32883409525762963,51,64,,True,True,,768,59.56268577710819
234,2026-09-21T07:59:11.263+00:00,2026-09-21T08:04:01.751+00:00,2026-09-21T08:04:03.806+00:00,True,33,33.0,,33.0,290487.714364,292542.98834800004,292542.988327,8864.93904021212,46.441141,290487.714364,50556.24068768256,78.910278,64.227312,9.291141047663345,0.11280393417169933,51,64,,True,True,,115,59.56268577710819
231,2026-09-21T07:59:10.281+00:00,2026-09-21T08:04:02.136+00:00,2026-09-21T08:04:05.638+00:00,True,57,57.0,,57.0,291855.45690399996,295357.51616799994,295357.51620699995,5181.710810649122,48.584540999999994,291855.45690399996,38648.917368188326,75.817524,62.53677257142857,8.604072797596414,0.19298645499029143,51,64,,True,True,,116,59.56268577710819
235,2026-09-21T07:59:11.565+00:00,2026-09-21T08:04:03.514+00:00,2026-09-21T08:04:04.474+00:00,True,17,17.0,,17.0,291948.486529,292908.304513,292908.304579,17229.90026935294,42.864791,291948.486529,70793.35996391565,58453.2691714,59.988624,10.168274541623799,0.058038641233695364,51,64,,True,True,,68,59.56268577710819
236,2026-09-21T07:59:11.822+00:00,2026-09-21T08:04:05.193+00:00,2026-09-21T08:04:08.296+00:00,True,50,50.0,,50.0,293371.139828,296473.540084,296473.539993,5929.47079986,46.919521,293371.139828,41479.991413060474,77.13042599999999,63.31429093877551,8.87625151490766,0.1686491144735327,51,64,,True,True,,100,59.56268577710819
237,2026-09-21T07:59:12.153+00:00,2026-09-21T08:04:06.751+00:00,2026-09-21T08:04:10.490+00:00,True,60,60.0,,60.0,294597.51303100004,298337.14439100004,298337.14432,4972.285738666667,45.516091,294597.51303100004,38024.19359338452,77.373836,63.38358237288135,8.72960254007734,0.20111474929640047,51,64,,True,True,,120,59.56268577710819
238,2026-09-21T07:59:12.506+00:00,2026-09-21T08:04:08.616+00:00,2026-09-21T08:04:12.544+00:00,False,65,64.0,,64.0,296109.959629,300037.671117,300037.67118199996,4615.964172030769,0.032490000000000005,296109.959629,36720.31029529584,77.8875832,61.370492,12.565417534346064,0.21330654834686785,51,64,,True,False,Request timeout: 300.0s exceeded,64,59.56268577710819
239,2026-09-21T07:59:12.821+00:00,2026-09-21T08:04:10.494+00:00,2026-09-21T08:04:12.894+00:00,False,41,40.0,,40.0,297672.801921,300072.729217,300072.729351,7318.847057341463,0.02785,297672.801921,46479.31310269287,76.90244100000001,59.9981824,13.660128306247014,0.13330101707134365,51,64,,True,False,Request timeout: 300.0s exceeded,275,59.56268577710819
240,2026-09-21T07:59:13.030+00:00,2026-09-21T08:04:11.479+00:00,2026-09-21T08:04:13.085+00:00,False,29,28.0,,28.0,298449.200103,300055.485927,300055.485957,10346.740895068964,0.06136,298449.200103,55409.97397550563,75.978978,57.36735085714286,13.909666207067621,0.09331607423705651,51,64,,True,False,Request timeout: 300.0s exceeded,84,59.56268577710819
241,2026-09-21T07:59:13.257+00:00,2026-09-21T08:04:12.971+00:00,2026-09-21T08:04:13.087+00:00,True,3,3.0,,3.0,299714.525365,299830.616245,299830.616417,99943.53880566667,53.985690999999996,299714.525365,173006.74934709707,269749.28336460004,58.04544,5.7415712987327785,0.010005649314840537,51,64,,True,True,,13,59.56268577710819
242,2026-09-21T07:59:13.498+00:00,2026-09-21T08:04:13.603+00:00,2026-09-21T08:04:13.603+00:00,False,1,0.0,,0.0,300104.695757,300104.695757,300104.695757,300104.695757,300104.695757,300104.695757,nan,300104.695757,nan,nan,0.0,51,64,,True,False,"HTTPConnectionPool(host='gpu06', port=9004): Read timed out.",0,59.56268577710819
243,2026-09-21T07:59:13.838+00:00,2026-09-21T08:04:13.913+00:00,2026-09-21T08:04:13.913+00:00,False,1,0.0,,0.0,300074.829583,300074.829583,300074.829583,300074.829583,300074.829583,300074.829583,nan,300074.829583,nan,nan,0.0,51,64,,True,False,"HTTPConnectionPool(host='gpu06', port=9004): Read timed out.",0,59.56268577710819
244,2026-09-21T07:59:14.110+00:00,2026-09-21T08:04:14.221+00:00,2026-09-21T08:04:14.221+00:00,False,1,0.0,,0.0,300111.190216,300111.190216,300111.190216,300111.190216,300111.190216,300111.190216,nan,300111.190216,nan,nan,0.0,51,64,,True,False,"HTTPConnectionPool(host='gpu06', port=9004): Read timed out.",0,59.56268577710819
245,2026-09-21T07:59:14.308+00:00,2026-09-21T08:04:14.412+00:00,2026-09-21T08:04:14.412+00:00,False,1,0.0,,0.0,300104.345522,300104.345522,300104.345522,300104.345522,300104.345522,300104.345522,nan,300104.345522,nan,nan,0.0,51,64,,True,False,"HTTPConnectionPool(host='gpu06', port=9004): Read timed out.",0,59.56268577710819
246,2026-09-21T07:59:14.625+00:00,2026-09-21T08:04:14.729+00:00,2026-09-21T08:04:14.729+00:00,False,1,0.0,,0.0,300104.514951,300104.514951,300104.514951,300104.514951,300104.514951,300104.514951,nan,300104.514951,nan,nan,0.0,51,64,,True,False,"HTTPConnectionPool(host='gpu06', port=9004): Read timed out.",0,59.56268577710819
247,2026-09-21T07:59:14.985+00:00,2026-09-21T08:04:15.061+00:00,2026-09-21T08:04:15.061+00:00,False,1,0.0,,0.0,300076.05571600003,300076.05571600003,300076.05571600003,300076.05571600003,300076.05571600003,300076.05571600003,nan,300076.05571600003,nan,nan,0.0,51,64,,True,False,"HTTPConnectionPool(host='gpu06', port=9004): Read timed out.",0,59.56268577710819
248,2026-09-21T07:59:15.337+00:00,2026-09-21T08:04:15.457+00:00,2026-09-21T08:04:15.457+00:00,False,1,0.0,,0.0,300120.482553,300120.482553,300120.482553,300120.482553,300120.482553,300120.482553,nan,300120.482553,nan,nan,0.0,51,64,,True,False,"HTTPConnectionPool(host='gpu06', port=9004): Read timed out.",0,59.56268577710819
249,2026-09-21T07:59:15.682+00:00,2026-09-21T08:04:15.646+00:00,2026-09-21T08:04:15.804+00:00,False,3,2.0,,2.0,299964.62107700005,300122.77378100005,300122.77367100003,100040.92455700002,0.02871,299964.62107700005,173139.0180496205,269983.97135770007,79.076352,111.78993909145649,0.00666393947651371,51,64,,True,False,Request timeout: 300.0s exceeded,11,59.56268577710819
250,2026-09-21T07:59:16.005+00:00,2026-09-21T08:04:16.096+00:00,2026-09-21T08:04:16.096+00:00,False,1,0.0,,0.0,300090.647648,300090.647648,300090.647648,300090.647648,300090.647648,300090.647648,nan,300090.647648,nan,nan,0.0,51,64,,True,False,"HTTPConnectionPool(host='gpu06', port=9004): Read timed out.",0,59.56268577710819
251,2026-09-21T07:59:16.316+00:00,2026-09-21T08:04:16.400+00:00,2026-09-21T08:04:16.400+00:00,False,1,0.0,,0.0,300084.27474699996,300084.27474699996,300084.27474699996,300084.27474699996,300084.27474699996,300084.27474699996,nan,300084.27474699996,nan,nan,0.0,51,64,,True,False,"HTTPConnectionPool(host='gpu06', port=9004): Read timed out.",0,59.56268577710819
252,2026-09-21T07:59:16.567+00:00,2026-09-21T08:04:16.668+00:00,2026-09-21T08:04:16.668+00:00,False,1,0.0,,0.0,300100.969601,300100.969601,300100.969601,300100.969601,300100.969601,300100.969601,nan,300100.969601,nan,nan,0.0,51,64,,True,False,"HTTPConnectionPool(host='gpu06', port=9004): Read timed out.",0,59.56268577710819
253,2026-09-21T07:59:16.891+00:00,2026-09-21T08:04:16.992+00:00,2026-09-21T08:04:16.992+00:00,False,1,0.0,,0.0,300100.780599,300100.780599,300100.780599,300100.780599,300100.780599,300100.780599,nan,300100.780599,nan,nan,0.0,51,64,,True,False,"HTTPConnectionPool(host='gpu06', port=9004): Read timed out.",0,59.56268577710819
254,2026-09-21T07:59:17.194+00:00,2026-09-21T08:04:17.295+00:00,2026-09-21T08:04:17.295+00:00,False,1,0.0,,0.0,300101.344189,300101.344189,300101.344189,300101.344189,300101.344189,300101.344189,nan,300101.344189,nan,nan,0.0,51,64,,True,False,"HTTPConnectionPool(host='gpu06', port=9004): Read timed out.",0,59.56268577710819
255,2026-09-21T07:59:17.473+00:00,2026-09-21T08:04:17.548+00:00,2026-09-21T08:04:17.548+00:00,False,1,0.0,,0.0,300075.180829,300075.180829,300075.180829,300075.180829,300075.180829,300075.180829,nan,300075.180829,nan,nan,0.0,51,64,,True,False,TTFT timeout: 300.0s exceeded (TTFT: 300.068s),0,59.56268577710819
256,2026-09-21T07:59:17.759+00:00,2026-09-21T08:04:17.804+00:00,2026-09-21T08:04:17.804+00:00,False,1,0.0,,0.0,300044.47546,300044.47546,300044.47546,300044.47546,300044.47546,300044.47546,nan,300044.47546,nan,nan,0.0,51,64,,True,False,TTFT timeout: 300.0s exceeded (TTFT: 300.033s),0,59.56268577710819
257,2026-09-21T07:59:17.997+00:00,2026-09-21T08:04:18.034+00:00,2026-09-21T08:04:18.034+00:00,False,1,0.0,,0.0,300036.49324299995,300036.49324299995,300036.49324299995,300036.49324299995,300036.49324299995,300036.49324299995,nan,300036.49324299995,nan,nan,0.0,51,64,,True,False,TTFT timeout: 300.0s exceeded (TTFT: 300.029s),0,59.56268577710819
259,2026-09-21T07:59:19.345+00:00,2026-09-21T08:04:18.631+00:00,2026-09-21T08:04:19.743+00:00,False,17,16.0,,16.0,299286.874588,300398.060508,300398.060701,17670.474158882353,0.02501,299286.874588,72570.89243100012,59963.916824,69.44912,33.21561816588033,0.05326266079395642,51,64,,True,False,Request timeout: 300.0s exceeded,79,59.56268577710819
258,2026-09-21T07:59:19.311+00:00,2026-09-21T08:04:18.822+00:00,2026-09-21T08:04:19.740+00:00,False,15,14.0,,14.0,299510.938054,300428.40339800005,300428.403493,20028.56023286667,0.04113,299510.938054,77316.47704075449,89936.7983203,65.53323885714286,31.55516941083645,0.04660012116581783,51,64,,True,False,Request timeout: 300.0s exceeded,44,59.56268577710819
260,2026-09-21T07:59:19.966+00:00,2026-09-21T08:04:20.788+00:00,2026-09-21T08:04:21.361+00:00,False,8,7.0,,7.0,300822.031858,301394.601714,301394.60164999997,37674.325206249996,0.02802,300822.031858,106327.7416104,195595.13243559998,81.79569371428572,53.23671622265515,0.02322536621489477,51,64,,True,False,Request timeout: 300.0s exceeded,67,59.56268577710819
261,2026-09-21T07:59:20.160+00:00,2026-09-21T08:04:21.210+00:00,2026-09-21T08:04:21.402+00:00,False,5,4.0,,4.0,301049.62958999997,301241.586326,301241.586304,60248.317260799995,0.04536,301049.62958999997,134612.03105231663,240860.69470239998,47.989184,43.17317205402299,0.013278379153372431,51,64,,True,False,Request timeout: 300.0s exceeded,20,59.56268577710819
262,2026-09-21T07:59:20.214+00:00,2026-09-21T08:04:21.359+00:00,2026-09-21T08:04:21.473+00:00,False,4,3.0,,3.0,301145.489108,301259.518164,301259.51798,75314.879495,0.06688,301145.489108,150553.74241184627,255983.89748645,38.00968533333334,34.7254193866313,0.0099581915893753,51,64,,True,False,Request timeout: 300.0s exceeded,12,59.56268577710819
264,2026-09-21T07:59:20.278+00:00,2026-09-21T08:04:21.523+00:00,2026-09-21T08:04:21.523+00:00,False,1,0.0,,0.0,301245.055346,301245.055346,301245.055346,301245.055346,301245.055346,301245.055346,nan,301245.055346,nan,nan,0.0,51,64,,True,False,"HTTPConnectionPool(host='gpu06', port=9004): Read timed out.",0,59.56268577710819
263,2026-09-21T07:59:20.258+00:00,2026-09-21T08:04:21.526+00:00,2026-09-21T08:04:21.526+00:00,False,1,0.0,,0.0,301268.672167,301268.672167,301268.672167,301268.672167,301268.672167,301268.672167,nan,301268.672167,nan,nan,0.0,51,64,,True,False,"HTTPConnectionPool(host='gpu06', port=9004): Read timed out.",0,59.56268577710819
265,2026-09-21T07:59:20.285+00:00,2026-09-21T08:04:21.536+00:00,2026-09-21T08:04:21.536+00:00,False,1,0.0,,0.0,301251.11717599997,301251.11717599997,301251.11717599997,301251.11717599997,301251.11717599997,301251.11717599997,nan,301251.11717599997,nan,nan,0.0,51,64,,True,False,"HTTPConnectionPool(host='gpu06', port=9004): Read timed out.",0,59.56268577710819
266,2026-09-21T07:59:20.542+00:00,2026-09-21T08:04:21.564+00:00,2026-09-21T08:04:21.564+00:00,False,1,0.0,,0.0,301022.884043,301022.884043,301022.884043,301022.884043,301022.884043,301022.884043,nan,301022.884043,nan,nan,0.0,51,64,,True,False,"HTTPConnectionPool(host='gpu06', port=9004): Read timed out.",0,59.56268577710819
270,2026-09-21T07:59:21.473+00:00,2026-09-21T08:04:21.899+00:00,2026-09-21T08:04:21.899+00:00,False,1,0.0,,0.0,300426.231798,300426.231798,300426.231798,300426.231798,300426.231798,300426.231798,nan,300426.231798,nan,nan,0.0,51,64,,True,False,"HTTPConnectionPool(host='gpu06', port=9004): Read timed out.",0,59.56268577710819
267,2026-09-21T07:59:20.747+00:00,2026-09-21T08:04:21.906+00:00,2026-09-21T08:04:21.906+00:00,False,1,0.0,,0.0,301158.88597299997,301158.88597299997,301158.88597299997,301158.88597299997,301158.88597299997,301158.88597299997,nan,301158.88597299997,nan,nan,0.0,51,64,,True,False,"HTTPConnectionPool(host='gpu06', port=9004): Read timed out.",0,59.56268577710819
271,2026-09-21T07:59:21.832+00:00,2026-09-21T08:04:21.938+00:00,2026-09-21T08:04:21.938+00:00,False,1,0.0,,0.0,300106.328958,300106.328958,300106.328958,300106.328958,300106.328958,300106.328958,nan,300106.328958,nan,nan,0.0,51,64,,True,False,"HTTPConnectionPool(host='gpu06', port=9004): Read timed out.",0,59.56268577710819
268,2026-09-21T07:59:21.003+00:00,2026-09-21T08:04:23.282+00:00,2026-09-21T08:04:23.282+00:00,False,1,0.0,,0.0,302278.858499,302278.858499,302278.858499,302278.858499,302278.858499,302278.858499,nan,302278.858499,nan,nan,0.0,51,64,,True,False,"HTTPConnectionPool(host='gpu06', port=9004): Read timed out.",0,59.56268577710819
274,2026-09-21T07:59:22.652+00:00,2026-09-21T08:04:23.286+00:00,2026-09-21T08:04:23.286+00:00,False,1,0.0,,0.0,300633.48404400004,300633.48404400004,300633.48404400004,300633.48404400004,300633.48404400004,300633.48404400004,nan,300633.48404400004,nan,nan,0.0,51,64,,True,False,"HTTPConnectionPool(host='gpu06', port=9004): Read timed out.",0,59.56268577710819
272,2026-09-21T07:59:22.051+00:00,2026-09-21T08:04:23.301+00:00,2026-09-21T08:04:23.301+00:00,False,1,0.0,,0.0,301250.65945700003,301250.65945700003,301250.65945700003,301250.65945700003,301250.65945700003,301250.65945700003,nan,301250.65945700003,nan,nan,0.0,51,64,,True,False,"HTTPConnectionPool(host='gpu06', port=9004): Read timed out.",0,59.56268577710819
269,2026-09-21T07:59:21.251+00:00,2026-09-21T08:04:23.313+00:00,2026-09-21T08:04:23.313+00:00,False,1,0.0,,0.0,302062.562188,302062.562188,302062.562188,302062.562188,302062.562188,302062.562188,nan,302062.562188,nan,nan,0.0,51,64,,True,False,"HTTPConnectionPool(host='gpu06', port=9004): Read timed out.",0,59.56268577710819
275,2026-09-21T07:59:22.959+00:00,2026-09-21T08:04:23.317+00:00,2026-09-21T08:04:23.317+00:00,False,1,0.0,,0.0,300357.437938,300357.437938,300357.437938,300357.437938,300357.437938,300357.437938,nan,300357.437938,nan,nan,0.0,51,64,,True,False,"HTTPConnectionPool(host='gpu06', port=9004): Read timed out.",0,59.56268577710819
273,2026-09-21T07:59:22.358+00:00,2026-09-21T08:04:23.318+00:00,2026-09-21T08:04:23.318+00:00,False,1,0.0,,0.0,300960.01301,300960.01301,300960.01301,300960.01301,300960.01301,300960.01301,nan,300960.01301,nan,nan,0.0,51,64,,True,False,"HTTPConnectionPool(host='gpu06', port=9004): Read timed out.",0,59.56268577710819
276,2026-09-21T07:59:23.173+00:00,2026-09-21T08:04:23.319+00:00,2026-09-21T08:04:23.319+00:00,False,1,0.0,,0.0,300146.053679,300146.053679,300146.053679,300146.053679,300146.053679,300146.053679,nan,300146.053679,nan,nan,0.0,51,64,,True,False,"HTTPConnectionPool(host='gpu06', port=9004): Read timed out.",0,59.56268577710819
277,2026-09-21T07:59:23.385+00:00,2026-09-21T08:04:23.490+00:00,2026-09-21T08:04:23.490+00:00,False,1,0.0,,0.0,300105.539574,300105.539574,300105.539574,300105.539574,300105.539574,300105.539574,nan,300105.539574,nan,nan,0.0,51,64,,True,False,"HTTPConnectionPool(host='gpu06', port=9004): Read timed out.",0,59.56268577710819
278,2026-09-21T07:59:23.731+00:00,2026-09-21T08:04:23.782+00:00,2026-09-21T08:04:23.782+00:00,False,1,0.0,,0.0,300051.04877,300051.04877,300051.04877,300051.04877,300051.04877,300051.04877,nan,300051.04877,nan,nan,0.0,51,64,,True,False,"HTTPConnectionPool(host='gpu06', port=9004): Read timed out.",0,59.56268577710819
279,2026-09-21T07:59:24.098+00:00,2026-09-21T08:04:24.115+00:00,2026-09-21T08:04:24.115+00:00,False,1,0.0,,0.0,300017.435394,300017.435394,300017.435394,300017.435394,300017.435394,300017.435394,nan,300017.435394,nan,nan,0.0,51,64,,True,False,"HTTPConnectionPool(host='gpu06', port=9004): Read timed out.",0,59.56268577710819
280,2026-09-21T07:59:24.341+00:00,2026-09-21T08:04:24.456+00:00,2026-09-21T08:04:24.456+00:00,False,1,0.0,,0.0,300114.9816,300114.9816,300114.9816,300114.9816,300114.9816,300114.9816,nan,300114.9816,nan,nan,0.0,51,64,,True,False,"HTTPConnectionPool(host='gpu06', port=9004): Read timed out.",0,59.56268577710819
281,2026-09-21T07:59:24.655+00:00,2026-09-21T08:04:24.668+00:00,2026-09-21T08:04:24.668+00:00,False,1,0.0,,0.0,300013.966516,300013.966516,300013.966516,300013.966516,300013.966516,300013.966516,nan,300013.966516,nan,nan,0.0,51,64,,True,False,"HTTPConnectionPool(host='gpu06', port=9004): Read timed out.",0,59.56268577710819
282,2026-09-21T07:59:24.958+00:00,2026-09-21T08:04:25.065+00:00,2026-09-21T08:04:25.065+00:00,False,1,0.0,,0.0,300107.456029,300107.456029,300107.456029,300107.456029,300107.456029,300107.456029,nan,300107.456029,nan,nan,0.0,51,64,,True,False,"HTTPConnectionPool(host='gpu06', port=9004): Read timed out.",0,59.56268577710819
283,2026-09-21T07:59:25.180+00:00,2026-09-21T08:04:25.285+00:00,2026-09-21T08:04:25.285+00:00,False,1,0.0,,0.0,300105.566083,300105.566083,300105.566083,300105.566083,300105.566083,300105.566083,nan,300105.566083,nan,nan,0.0,51,64,,True,False,"HTTPConnectionPool(host='gpu06', port=9004): Read timed out.",0,59.56268577710819
284,2026-09-21T07:59:25.395+00:00,2026-09-21T08:04:25.519+00:00,2026-09-21T08:04:25.519+00:00,False,1,0.0,,0.0,300124.64916900004,300124.64916900004,300124.64916900004,300124.64916900004,300124.64916900004,300124.64916900004,nan,300124.64916900004,nan,nan,0.0,51,64,,True,False,"HTTPConnectionPool(host='gpu06', port=9004): Read timed out.",0,59.56268577710819
285,2026-09-21T07:59:25.619+00:00,2026-09-21T08:04:25.529+00:00,2026-09-21T08:04:25.640+00:00,False,3,2.0,,2.0,299910.33310000005,300021.16753200005,300021.16759300005,100007.05586433335,0.0341,299910.33310000005,173121.3252446468,269930.37982930004,55.417216,78.32362731278761,0.006666196310254281,51,64,,True,False,Request timeout: 300.0s exceeded,17,59.56268577710819
286,2026-09-21T07:59:25.849+00:00,2026-09-21T08:04:25.953+00:00,2026-09-21T08:04:25.953+00:00,False,1,0.0,,0.0,300104.633298,300104.633298,300104.633298,300104.633298,300104.633298,300104.633298,nan,300104.633298,nan,nan,0.0,51,64,,True,False,"HTTPConnectionPool(host='gpu06', port=9004): Read timed out.",0,59.56268577710819
287,2026-09-21T07:59:26.227+00:00,2026-09-21T08:04:26.331+00:00,2026-09-21T08:04:26.331+00:00,False,1,0.0,,0.0,300103.816833,300103.816833,300103.816833,300103.816833,300103.816833,300103.816833,nan,300103.816833,nan,nan,0.0,51,64,,True,False,"HTTPConnectionPool(host='gpu06', port=9004): Read timed out.",0,59.56268577710819
288,2026-09-21T07:59:26.494+00:00,2026-09-21T08:04:26.599+00:00,2026-09-21T08:04:26.599+00:00,False,1,0.0,,0.0,300105.015516,300105.015516,300105.015516,300105.015516,300105.015516,300105.015516,nan,300105.015516,nan,nan,0.0,51,64,,True,False,"HTTPConnectionPool(host='gpu06', port=9004): Read timed out.",0,59.56268577710819
289,2026-09-21T07:59:26.806+00:00,2026-09-21T08:04:26.913+00:00,2026-09-21T08:04:26.913+00:00,False,1,0.0,,0.0,300106.622064,300106.622064,300106.622064,300106.622064,300106.622064,300106.622064,nan,300106.622064,nan,nan,0.0,51,64,,True,False,"HTTPConnectionPool(host='gpu06', port=9004): Read timed out.",0,59.56268577710819
290,2026-09-21T07:59:27.108+00:00,2026-09-21T08:04:27.213+00:00,2026-09-21T08:04:27.213+00:00,False,1,0.0,,0.0,300105.058195,300105.058195,300105.058195,300105.058195,300105.058195,300105.058195,nan,300105.058195,nan,nan,0.0,51,64,,True,False,"HTTPConnectionPool(host='gpu06', port=9004): Read timed out.",0,59.56268577710819
291,2026-09-21T07:59:27.362+00:00,2026-09-21T08:04:27.468+00:00,2026-09-21T08:04:27.468+00:00,False,1,0.0,,0.0,300106.244267,300106.244267,300106.244267,300106.244267,300106.244267,300106.244267,nan,300106.244267,nan,nan,0.0,51,64,,True,False,"HTTPConnectionPool(host='gpu06', port=9004): Read timed out.",0,59.56268577710819
292,2026-09-21T07:59:27.688+00:00,2026-09-21T08:04:27.659+00:00,2026-09-21T08:04:27.765+00:00,False,3,2.0,,2.0,299970.547103,300077.012383,300077.012545,100025.67084833334,0.04187,299970.547103,173157.35036271808,269984.13474989997,53.23264,75.2233091453938,0.006664955719591482,51,64,,True,False,Request timeout: 300.0s exceeded,4,59.56268577710819
293,2026-09-21T07:59:28.065+00:00,2026-09-21T08:04:28.134+00:00,2026-09-21T08:04:28.134+00:00,False,1,0.0,,0.0,300069.14172,300069.14172,300069.14172,300069.14172,300069.14172,300069.14172,nan,300069.14172,nan,nan,0.0,51,64,,True,False,"HTTPConnectionPool(host='gpu06', port=9004): Read timed out.",0,59.56268577710819
294,2026-09-21T07:59:28.408+00:00,2026-09-21T08:04:28.496+00:00,2026-09-21T08:04:28.496+00:00,False,1,0.0,,0.0,300088.315786,300088.315786,300088.315786,300088.315786,300088.315786,300088.315786,nan,300088.315786,nan,nan,0.0,51,64,,True,False,"HTTPConnectionPool(host='gpu06', port=9004): Read timed out.",0,59.56268577710819
295,2026-09-21T07:59:28.659+00:00,2026-09-21T08:04:28.761+00:00,2026-09-21T08:04:28.761+00:00,False,1,0.0,,0.0,300101.70175,300101.70175,300101.70175,300101.70175,300101.70175,300101.70175,nan,300101.70175,nan,nan,0.0,51,64,,True,False,"HTTPConnectionPool(host='gpu06', port=9004): Read timed out.",0,59.56268577710819
296,2026-09-21T07:59:28.876+00:00,2026-09-21T08:04:28.978+00:00,2026-09-21T08:04:28.978+00:00,False,1,0.0,,0.0,300101.97261500004,300101.97261500004,300101.97261500004,300101.97261500004,300101.97261500004,300101.97261500004,nan,300101.97261500004,nan,nan,0.0,51,64,,True,False,"HTTPConnectionPool(host='gpu06', port=9004): Read timed out.",0,59.56268577710819
297,2026-09-21T07:59:29.235+00:00,2026-09-21T08:04:29.266+00:00,2026-09-21T08:04:29.266+00:00,False,1,0.0,,0.0,300031.2547,300031.2547,300031.2547,300031.2547,300031.2547,300031.2547,nan,300031.2547,nan,nan,0.0,51,64,,True,False,TTFT timeout: 300.0s exceeded (TTFT: 300.026s),0,59.56268577710819
298,2026-09-21T07:59:29.525+00:00,2026-09-21T08:04:29.607+00:00,2026-09-21T08:04:29.607+00:00,False,1,0.0,,0.0,300081.843202,300081.843202,300081.843202,300081.843202,300081.843202,300081.843202,nan,300081.843202,nan,nan,0.0,51,64,,True,False,TTFT timeout: 300.0s exceeded (TTFT: 300.064s),0,59.56268577710819
299,2026-09-21T07:59:29.800+00:00,2026-09-21T08:04:29.750+00:00,2026-09-21T08:04:29.825+00:00,False,3,2.0,,2.0,299950.339451,300025.324667,300025.324652,100008.44155066666,0.03847,299950.339451,173154.76691330902,269962.80017899995,37.492608,52.96788688287091,0.0066661039437914535,51,64,,True,False,Request timeout: 300.0s exceeded,6,59.56268577710819
300,2026-09-21T07:59:30.150+00:00,2026-09-21T08:04:30.250+00:00,2026-09-21T08:04:30.250+00:00,False,1,0.0,,0.0,300100.77592000004,300100.77592000004,300100.77592000004,300100.77592000004,300100.77592000004,300100.77592000004,nan,300100.77592000004,nan,nan,0.0,51,64,,True,False,"HTTPConnectionPool(host='gpu06', port=9004): Read timed out.",0,59.56268577710819
301,2026-09-21T07:59:30.530+00:00,2026-09-21T08:04:30.636+00:00,2026-09-21T08:04:30.636+00:00,False,1,0.0,,0.0,300106.347775,300106.347775,300106.347775,300106.347775,300106.347775,300106.347775,nan,300106.347775,nan,nan,0.0,51,64,,True,False,"HTTPConnectionPool(host='gpu06', port=9004): Read timed out.",0,59.56268577710819
302,2026-09-21T07:59:30.859+00:00,2026-09-21T08:04:30.958+00:00,2026-09-21T08:04:30.958+00:00,False,1,0.0,,0.0,300099.39524299995,300099.39524299995,300099.39524299995,300099.39524299995,300099.39524299995,300099.39524299995,nan,300099.39524299995,nan,nan,0.0,51,64,,True,False,"HTTPConnectionPool(host='gpu06', port=9004): Read timed out.",0,59.56268577710819
303,2026-09-21T07:59:31.129+00:00,2026-09-21T08:04:31.237+00:00,2026-09-21T08:04:31.237+00:00,False,1,0.0,,0.0,300108.41459500004,300108.41459500004,300108.41459500004,300108.41459500004,300108.41459500004,300108.41459500004,nan,300108.41459500004,nan,nan,0.0,51,64,,True,False,TTFT timeout: 300.0s exceeded (TTFT: 300.085s),0,59.56268577710819
304,2026-09-21T07:59:31.431+00:00,2026-09-21T08:04:31.511+00:00,2026-09-21T08:04:31.511+00:00,False,1,0.0,,0.0,300080.110603,300080.110603,300080.110603,300080.110603,300080.110603,300080.110603,nan,300080.110603,nan,nan,0.0,51,64,,True,False,TTFT timeout: 300.0s exceeded (TTFT: 300.075s),0,59.56268577710819
305,2026-09-21T07:59:31.796+00:00,2026-09-21T08:04:31.873+00:00,2026-09-21T08:04:32.915+00:00,False,20,19.0,,19.0,300077.110379,301119.595371,301119.59555100003,15055.979777550001,0.030010000000000002,300077.110379,67087.01489413803,15079.6313959,54.867631157894735,16.582881162590326,0.06309785311909276,51,64,,True,False,Request timeout: 300.0s exceeded,80,59.56268577710819
306,2026-09-21T07:59:32.020+00:00,2026-09-21T08:04:32.073+00:00,2026-09-21T08:04:32.959+00:00,False,18,17.0,,17.0,300052.825954,300938.48381,300938.483703,16718.804650166665,0.038759999999999996,300052.825954,70710.85163265822,45070.52522095,52.09752094117648,16.53346653940277,0.05648995032065454,51,64,,True,False,Request timeout: 300.0s exceeded,51,59.56268577710819
309,2026-09-21T07:59:32.947+00:00,2026-09-21T08:04:33.030+00:00,2026-09-21T08:04:33.030+00:00,False,1,0.0,,0.0,300082.292232,300082.292232,300082.292232,300082.292232,300082.292232,300082.292232,nan,300082.292232,nan,nan,0.0,51,64,,True,False,"HTTPConnectionPool(host='gpu06', port=9004): Read timed out.",0,59.56268577710819
307,2026-09-21T07:59:32.228+00:00,2026-09-21T08:04:33.285+00:00,2026-09-21T08:04:33.285+00:00,False,1,0.0,,0.0,301057.70585100004,301057.70585100004,301057.70585100004,301057.70585100004,301057.70585100004,301057.70585100004,nan,301057.70585100004,nan,nan,0.0,51,64,,True,False,"HTTPConnectionPool(host='gpu06', port=9004): Read timed out.",0,59.56268577710819
310,2026-09-21T07:59:33.320+00:00,2026-09-21T08:04:33.346+00:00,2026-09-21T08:04:33.346+00:00,False,1,0.0,,0.0,300026.53277600004,300026.53277600004,300026.53277600004,300026.53277600004,300026.53277600004,300026.53277600004,nan,300026.53277600004,nan,nan,0.0,51,64,,True,False,"HTTPConnectionPool(host='gpu06', port=9004): Read timed out.",0,59.56268577710819
308,2026-09-21T07:59:32.604+00:00,2026-09-21T08:04:34.281+00:00,2026-09-21T08:04:35.318+00:00,False,20,19.0,,19.0,301677.376339,302714.018899,302714.0189,15135.700945,0.08715,301677.376339,67444.91469415459,15186.36339735,54.5601347368421,19.36734532538245,0.06276551072561762,51,64,,True,False,Request timeout: 300.0s exceeded,57,59.56268577710819
313,2026-09-21T07:59:34.965+00:00,2026-09-21T08:04:34.282+00:00,2026-09-21T08:04:35.158+00:00,False,17,16.0,,16.0,299317.508742,300193.537158,300193.53698,17658.443351764705,0.0241,299317.508742,72581.88256969745,59948.382078,54.751776,20.65836030417769,0.05329894890967878,51,64,,True,False,Request timeout: 300.0s exceeded,32,59.56268577710819
311,2026-09-21T07:59:34.877+00:00,2026-09-21T08:04:35.490+00:00,2026-09-21T08:04:35.490+00:00,False,1,0.0,,0.0,300613.453834,300613.453834,300613.453834,300613.453834,300613.453834,300613.453834,nan,300613.453834,nan,nan,0.0,51,64,,True,False,"HTTPConnectionPool(host='gpu06', port=9004): Read timed out.",0,59.56268577710819
316,2026-09-21T07:59:35.185+00:00,2026-09-21T08:04:35.528+00:00,2026-09-21T08:04:35.528+00:00,False,1,0.0,,0.0,300342.76497799996,300342.76497799996,300342.76497799996,300342.76497799996,300342.76497799996,300342.76497799996,nan,300342.76497799996,nan,nan,0.0,51,64,,True,False,"HTTPConnectionPool(host='gpu06', port=9004): Read timed out.",0,59.56268577710819
312,2026-09-21T07:59:34.951+00:00,2026-09-21T08:04:35.546+00:00,2026-09-21T08:04:35.546+00:00,False,1,0.0,,0.0,300595.46816900006,300595.46816900006,300595.46816900006,300595.46816900006,300595.46816900006,300595.46816900006,nan,300595.46816900006,nan,nan,0.0,51,64,,True,False,"HTTPConnectionPool(host='gpu06', port=9004): Read timed out.",0,59.56268577710819
314,2026-09-21T07:59:35.030+00:00,2026-09-21T08:04:35.672+00:00,2026-09-21T08:04:35.672+00:00,False,1,0.0,,0.0,300642.849545,300642.849545,300642.849545,300642.849545,300642.849545,300642.849545,nan,300642.849545,nan,nan,0.0,51,64,,True,False,"HTTPConnectionPool(host='gpu06', port=9004): Read timed out.",0,59.56268577710819
318,2026-09-21T07:59:35.661+00:00,2026-09-21T08:04:35.881+00:00,2026-09-21T08:04:35.881+00:00,False,1,0.0,,0.0,300219.654955,300219.654955,300219.654955,300219.654955,300219.654955,300219.654955,nan,300219.654955,nan,nan,0.0,51,64,,True,False,"HTTPConnectionPool(host='gpu06', port=9004): Read timed out.",0,59.56268577710819
317,2026-09-21T07:59:35.283+00:00,2026-09-21T08:04:35.913+00:00,2026-09-21T08:04:35.913+00:00,False,1,0.0,,0.0,300630.539918,300630.539918,300630.539918,300630.539918,300630.539918,300630.539918,nan,300630.539918,nan,nan,0.0,51,64,,True,False,"HTTPConnectionPool(host='gpu06', port=9004): Read timed out.",0,59.56268577710819
315,2026-09-21T07:59:35.108+00:00,2026-09-21T08:04:36.018+00:00,2026-09-21T08:04:36.018+00:00,False,1,0.0,,0.0,300910.468926,300910.468926,300910.468926,300910.468926,300910.468926,300910.468926,nan,300910.468926,nan,nan,0.0,51,64,,True,False,"HTTPConnectionPool(host='gpu06', port=9004): Read timed out.",0,59.56268577710819
319,2026-09-21T07:59:35.936+00:00,2026-09-21T08:04:36.184+00:00,2026-09-21T08:04:36.184+00:00,False,1,0.0,,0.0,300248.31249299995,300248.31249299995,300248.31249299995,300248.31249299995,300248.31249299995,300248.31249299995,nan,300248.31249299995,nan,nan,0.0,51,64,,True,False,"HTTPConnectionPool(host='gpu06', port=9004): Read timed out.",0,59.56268577710819
320,2026-09-21T07:59:36.204+00:00,2026-09-21T08:04:36.321+00:00,2026-09-21T08:04:36.321+00:00,False,1,0.0,,0.0,300116.991982,300116.991982,300116.991982,300116.991982,300116.991982,300116.991982,nan,300116.991982,nan,nan,0.0,51,64,,True,False,"HTTPConnectionPool(host='gpu06', port=9004): Read timed out.",0,59.56268577710819
321,2026-09-21T07:59:36.472+00:00,2026-09-21T08:04:36.576+00:00,2026-09-21T08:04:36.576+00:00,False,1,0.0,,0.0,300104.393092,300104.393092,300104.393092,300104.393092,300104.393092,300104.393092,nan,300104.393092,nan,nan,0.0,51,64,,True,False,"HTTPConnectionPool(host='gpu06', port=9004): Read timed out.",0,59.56268577710819
322,2026-09-21T07:59:36.714+00:00,2026-09-21T08:04:36.815+00:00,2026-09-21T08:04:36.815+00:00,False,1,0.0,,0.0,300101.32151599997,300101.32151599997,300101.32151599997,300101.32151599997,300101.32151599997,300101.32151599997,nan,300101.32151599997,nan,nan,0.0,51,64,,True,False,"HTTPConnectionPool(host='gpu06', port=9004): Read timed out.",0,59.56268577710819
323,2026-09-21T07:59:37.017+00:00,2026-09-21T08:04:37.118+00:00,2026-09-21T08:04:37.118+00:00,False,1,0.0,,0.0,300100.77983099996,300100.77983099996,300100.77983099996,300100.77983099996,300100.77983099996,300100.77983099996,nan,300100.77983099996,nan,nan,0.0,51,64,,True,False,"HTTPConnectionPool(host='gpu06', port=9004): Read timed out.",0,59.56268577710819
324,2026-09-21T07:59:37.237+00:00,2026-09-21T08:04:37.341+00:00,2026-09-21T08:04:37.341+00:00,False,1,0.0,,0.0,300103.534358,300103.534358,300103.534358,300103.534358,300103.534358,300103.534358,nan,300103.534358,nan,nan,0.0,51,64,,True,False,"HTTPConnectionPool(host='gpu06', port=9004): Read timed out.",0,59.56268577710819
325,2026-09-21T07:59:37.605+00:00,2026-09-21T08:04:37.656+00:00,2026-09-21T08:04:37.656+00:00,False,1,0.0,,0.0,300051.014356,300051.014356,300051.014356,300051.014356,300051.014356,300051.014356,nan,300051.014356,nan,nan,0.0,51,64,,True,False,TTFT timeout: 300.0s exceeded (TTFT: 300.046s),0,59.56268577710819
326,2026-09-21T07:59:37.966+00:00,2026-09-21T08:04:37.910+00:00,2026-09-21T08:04:38.079+00:00,False,3,2.0,,2.0,299943.79873900005,300113.02344300004,300113.023379,100037.67445966668,0.020149999999999998,299943.79873900005,173123.80266480814,269966.33931410004,84.612352,119.63133468760084,0.0066641559804879865,51,64,,True,False,Request timeout: 300.0s exceeded,4,59.56268577710819
327,2026-09-21T07:59:38.290+00:00,2026-09-21T08:04:38.253+00:00,2026-09-21T08:04:38.351+00:00,False,4,3.0,,3.0,299963.389489,300061.17841700005,300061.178343,75015.29458575,0.04319,299963.389489,149965.39839991115,254976.77364805003,32.59630933333333,28.43933863322066,0.009997961135215064,51,64,,True,False,Request timeout: 300.0s exceeded,6,59.56268577710819
328,2026-09-21T07:59:38.596+00:00,2026-09-21T08:04:38.715+00:00,2026-09-21T08:04:38.715+00:00,False,1,0.0,,0.0,300119.016784,300119.016784,300119.016784,300119.016784,300119.016784,300119.016784,nan,300119.016784,nan,nan,0.0,51,64,,True,False,"HTTPConnectionPool(host='gpu06', port=9004): Read timed out.",0,59.56268577710819
329,2026-09-21T07:59:38.852+00:00,2026-09-21T08:04:38.931+00:00,2026-09-21T08:04:38.931+00:00,False,1,0.0,,0.0,300079.18206900003,300079.18206900003,300079.18206900003,300079.18206900003,300079.18206900003,300079.18206900003,nan,300079.18206900003,nan,nan,0.0,51,64,,True,False,"HTTPConnectionPool(host='gpu06', port=9004): Read timed out.",0,59.56268577710819
330,2026-09-21T07:59:39.129+00:00,2026-09-21T08:04:39.142+00:00,2026-09-21T08:04:39.142+00:00,False,1,0.0,,0.0,300012.347141,300012.347141,300012.347141,300012.347141,300012.347141,300012.347141,nan,300012.347141,nan,nan,0.0,51,64,,True,False,"HTTPConnectionPool(host='gpu06', port=9004): Read timed out.",0,59.56268577710819
331,2026-09-21T07:59:39.472+00:00,2026-09-21T08:04:39.576+00:00,2026-09-21T08:04:39.576+00:00,False,1,0.0,,0.0,300104.154595,300104.154595,300104.154595,300104.154595,300104.154595,300104.154595,nan,300104.154595,nan,nan,0.0,51,64,,True,False,"HTTPConnectionPool(host='gpu06', port=9004): Read timed out.",0,59.56268577710819
332,2026-09-21T07:59:39.683+00:00,2026-09-21T08:04:39.760+00:00,2026-09-21T08:04:39.760+00:00,False,1,0.0,,0.0,300076.648755,300076.648755,300076.648755,300076.648755,300076.648755,300076.648755,nan,300076.648755,nan,nan,0.0,51,64,,True,False,"HTTPConnectionPool(host='gpu06', port=9004): Read timed out.",0,59.56268577710819
333,2026-09-21T07:59:39.924+00:00,2026-09-21T08:04:39.993+00:00,2026-09-21T08:04:39.993+00:00,False,1,0.0,,0.0,300069.55166,300069.55166,300069.55166,300069.55166,300069.55166,300069.55166,nan,300069.55166,nan,nan,0.0,51,64,,True,False,"HTTPConnectionPool(host='gpu06', port=9004): Read timed out.",0,59.56268577710819
334,2026-09-21T07:59:40.297+00:00,2026-09-21T08:04:40.402+00:00,2026-09-21T08:04:40.402+00:00,False,1,0.0,,0.0,300104.791832,300104.791832,300104.791832,300104.791832,300104.791832,300104.791832,nan,300104.791832,nan,nan,0.0,51,64,,True,False,"HTTPConnectionPool(host='gpu06', port=9004): Read timed out.",0,59.56268577710819
335,2026-09-21T07:59:40.629+00:00,2026-09-21T08:04:40.624+00:00,2026-09-21T08:04:40.698+00:00,False,3,2.0,,2.0,299994.595219,300068.254355,300068.254414,100022.75147133334,0.030359999999999998,299994.595219,173180.70063683423,270002.4985806,36.829568,52.04215399864998,0.006665150248229431,51,64,,True,False,Request timeout: 300.0s exceeded,7,59.56268577710819
336,2026-09-21T07:59:40.924+00:00,2026-09-21T08:04:41.028+00:00,2026-09-21T08:04:41.028+00:00,False,1,0.0,,0.0,300104.492648,300104.492648,300104.492648,300104.492648,300104.492648,300104.492648,nan,300104.492648,nan,nan,0.0,51,64,,True,False,"HTTPConnectionPool(host='gpu06', port=9004): Read timed out.",0,59.56268577710819
337,2026-09-21T07:59:41.135+00:00,2026-09-21T08:04:41.238+00:00,2026-09-21T08:04:41.238+00:00,False,1,0.0,,0.0,300102.298547,300102.298547,300102.298547,300102.298547,300102.298547,300102.298547,nan,300102.298547,nan,nan,0.0,51,64,,True,False,"HTTPConnectionPool(host='gpu06', port=9004): Read timed out.",0,59.56268577710819
338,2026-09-21T07:59:41.355+00:00,2026-09-21T08:04:41.460+00:00,2026-09-21T08:04:41.460+00:00,False,1,0.0,,0.0,300104.866284,300104.866284,300104.866284,300104.866284,300104.866284,300104.866284,nan,300104.866284,nan,nan,0.0,51,64,,True,False,"HTTPConnectionPool(host='gpu06', port=9004): Read timed out.",0,59.56268577710819
339,2026-09-21T07:59:41.663+00:00,2026-09-21T08:04:41.774+00:00,2026-09-21T08:04:41.774+00:00,False,1,0.0,,0.0,300111.018508,300111.018508,300111.018508,300111.018508,300111.018508,300111.018508,nan,300111.018508,nan,nan,0.0,51,64,,True,False,"HTTPConnectionPool(host='gpu06', port=9004): Read timed out.",0,59.56268577710819
340,2026-09-21T07:59:41.865+00:00,2026-09-21T08:04:41.964+00:00,2026-09-21T08:04:41.964+00:00,False,1,0.0,,0.0,300098.90591900004,300098.90591900004,300098.90591900004,300098.90591900004,300098.90591900004,300098.90591900004,nan,300098.90591900004,nan,nan,0.0,51,64,,True,False,"HTTPConnectionPool(host='gpu06', port=9004): Read timed out.",0,59.56268577710819
341,2026-09-21T07:59:42.216+00:00,2026-09-21T08:04:42.193+00:00,2026-09-21T08:04:42.456+00:00,False,3,2.0,,2.0,299977.336304,300239.997168,300239.997148,100079.99904933333,0.03539,299977.336304,173116.2219998891,270005.86521899997,131.330432,185.679316749986,0.006661337659422157,51,64,,True,False,Request timeout: 300.0s exceeded,6,59.56268577710819
342,2026-09-21T07:59:42.449+00:00,2026-09-21T08:04:42.456+00:00,2026-09-21T08:04:42.600+00:00,False,3,2.0,,2.0,300007.22209600004,300151.45505600004,300151.45512800006,100050.48504266668,0.03903,300007.22209600004,173167.62894642263,270020.9192866,72.11648,101.93307420846901,0.00666330269705624,51,64,,True,False,Request timeout: 300.0s exceeded,8,59.56268577710819
343,2026-09-21T07:59:42.742+00:00,2026-09-21T08:04:42.769+00:00,2026-09-21T08:04:42.769+00:00,False,1,0.0,,0.0,300027.28509200003,300027.28509200003,300027.28509200003,300027.28509200003,300027.28509200003,300027.28509200003,nan,300027.28509200003,nan,nan,0.0,51,64,,True,False,TTFT timeout: 300.0s exceeded (TTFT: 300.005s),0,59.56268577710819
344,2026-09-21T07:59:43.057+00:00,2026-09-21T08:04:43.164+00:00,2026-09-21T08:04:43.164+00:00,False,1,0.0,,0.0,300106.78046,300106.78046,300106.78046,300106.78046,300106.78046,300106.78046,nan,300106.78046,nan,nan,0.0,51,64,,True,False,"HTTPConnectionPool(host='gpu06', port=9004): Read timed out.",0,59.56268577710819
345,2026-09-21T07:59:43.340+00:00,2026-09-21T08:04:43.455+00:00,2026-09-21T08:04:43.455+00:00,False,1,0.0,,0.0,300115.19287699996,300115.19287699996,300115.19287699996,300115.19287699996,300115.19287699996,300115.19287699996,nan,300115.19287699996,nan,nan,0.0,51,64,,True,False,"HTTPConnectionPool(host='gpu06', port=9004): Read timed out.",0,59.56268577710819
346,2026-09-21T07:59:43.655+00:00,2026-09-21T08:04:43.760+00:00,2026-09-21T08:04:43.760+00:00,False,1,0.0,,0.0,300104.67648100003,300104.67648100003,300104.67648100003,300104.67648100003,300104.67648100003,300104.67648100003,nan,300104.67648100003,nan,nan,0.0,51,64,,True,False,"HTTPConnectionPool(host='gpu06', port=9004): Read timed out.",0,59.56268577710819
347,2026-09-21T07:59:43.971+00:00,2026-09-21T08:04:44.066+00:00,2026-09-21T08:04:44.066+00:00,False,1,0.0,,0.0,300094.907034,300094.907034,300094.907034,300094.907034,300094.907034,300094.907034,nan,300094.907034,nan,nan,0.0,51,64,,True,False,"HTTPConnectionPool(host='gpu06', port=9004): Read timed out.",0,59.56268577710819
348,2026-09-21T07:59:44.290+00:00,2026-09-21T08:04:44.365+00:00,2026-09-21T08:04:44.365+00:00,False,1,0.0,,0.0,300075.646678,300075.646678,300075.646678,300075.646678,300075.646678,300075.646678,nan,300075.646678,nan,nan,0.0,51,64,,True,False,"HTTPConnectionPool(host='gpu06', port=9004): Read timed out.",0,59.56268577710819
349,2026-09-21T07:59:44.508+00:00,2026-09-21T08:04:44.618+00:00,2026-09-21T08:04:44.618+00:00,False,1,0.0,,0.0,300110.08917299996,300110.08917299996,300110.08917299996,300110.08917299996,300110.08917299996,300110.08917299996,nan,300110.08917299996,nan,nan,0.0,51,64,,True,False,"HTTPConnectionPool(host='gpu06', port=9004): Read timed out.",0,59.56268577710819
350,2026-09-21T07:59:44.754+00:00,2026-09-21T08:04:44.749+00:00,2026-09-21T08:04:44.920+00:00,False,3,2.0,,2.0,299994.57947399997,300165.44513799995,300165.445134,100055.14837799998,0.05892,299994.57947399997,173152.6475943946,270012.2022006,85.432832,120.73700079178963,0.00666299213448939,51,64,,True,False,Request timeout: 300.0s exceeded,12,59.56268577710819
351,2026-09-21T07:59:45.124+00:00,2026-09-21T08:04:45.222+00:00,2026-09-21T08:04:45.222+00:00,False,1,0.0,,0.0,300098.610662,300098.610662,300098.610662,300098.610662,300098.610662,300098.610662,nan,300098.610662,nan,nan,0.0,51,64,,True,False,"HTTPConnectionPool(host='gpu06', port=9004): Read timed out.",0,59.56268577710819
352,2026-09-21T07:59:45.448+00:00,2026-09-21T08:04:45.881+00:00,2026-09-21T08:04:47.032+00:00,False,19,18.0,,18.0,300433.151713,301584.226785,301584.22668300004,15872.85403594737,0.02861,300433.151713,68909.42919155123,30200.908167400004,63.94861511111111,34.23010640342356,0.05968481903674702,51,64,,True,False,Request timeout: 300.0s exceeded,126,59.56268577710819
353,2026-09-21T07:59:45.709+00:00,2026-09-21T08:04:46.200+00:00,2026-09-21T08:04:47.027+00:00,True,15,15.0,,15.0,300490.743482,301318.212538,301318.212461,20087.880830733335,45.984716999999996,300490.743482,77571.11605709221,90203.2376711,59.10493257142858,9.474618481135227,0.04978125906713426,51,64,,True,True,,74,59.56268577710819
354,2026-09-21T07:59:45.963+00:00,2026-09-21T08:04:47.032+00:00,2026-09-21T08:04:47.188+00:00,False,5,4.0,,4.0,301068.98895800003,301225.09827,301225.098218,60245.019643600004,0.08108,301068.98895800003,134624.69346928943,240866.83052160003,39.027328,26.591757013096018,0.01327910596750687,51,64,,True,False,Request timeout: 300.0s exceeded,9,59.56268577710819
358,2026-09-21T07:59:47.156+00:00,2026-09-21T08:04:47.231+00:00,2026-09-21T08:04:47.231+00:00,False,1,0.0,,0.0,300074.167371,300074.167371,300074.167371,300074.167371,300074.167371,300074.167371,nan,300074.167371,nan,nan,0.0,51,64,,True,False,"HTTPConnectionPool(host='gpu06', port=9004): Read timed out.",0,59.56268577710819
355,2026-09-21T07:59:46.304+00:00,2026-09-21T08:04:47.452+00:00,2026-09-21T08:04:47.452+00:00,False,1,0.0,,0.0,301148.24487199995,301148.24487199995,301148.24487199995,301148.24487199995,301148.24487199995,301148.24487199995,nan,301148.24487199995,nan,nan,0.0,51,64,,True,False,"HTTPConnectionPool(host='gpu06', port=9004): Read timed out.",0,59.56268577710819
359,2026-09-21T07:59:47.431+00:00,2026-09-21T08:04:47.452+00:00,2026-09-21T08:04:47.452+00:00,False,1,0.0,,0.0,300021.90912300005,300021.90912300005,300021.90912300005,300021.90912300005,300021.90912300005,300021.90912300005,nan,300021.90912300005,nan,nan,0.0,51,64,,True,False,"HTTPConnectionPool(host='gpu06', port=9004): Read timed out.",0,59.56268577710819
360,2026-09-21T07:59:47.652+00:00,2026-09-21T08:04:47.686+00:00,2026-09-21T08:04:47.686+00:00,False,1,0.0,,0.0,300034.37909,300034.37909,300034.37909,300034.37909,300034.37909,300034.37909,nan,300034.37909,nan,nan,0.0,51,64,,True,False,"HTTPConnectionPool(host='gpu06', port=9004): Read timed out.",0,59.56268577710819
356,2026-09-21T07:59:46.550+00:00,2026-09-21T08:04:47.705+00:00,2026-09-21T08:04:47.705+00:00,False,1,0.0,,0.0,301155.626646,301155.626646,301155.626646,301155.626646,301155.626646,301155.626646,nan,301155.626646,nan,nan,0.0,51,64,,True,False,"HTTPConnectionPool(host='gpu06', port=9004): Read timed out.",0,59.56268577710819
357,2026-09-21T07:59:46.866+00:00,2026-09-21T08:04:47.945+00:00,2026-09-21T08:04:47.945+00:00,False,1,0.0,,0.0,301078.492233,301078.492233,301078.492233,301078.492233,301078.492233,301078.492233,nan,301078.492233,nan,nan,0.0,51,64,,True,False,"HTTPConnectionPool(host='gpu06', port=9004): Read timed out.",0,59.56268577710819
361,2026-09-21T07:59:47.918+00:00,2026-09-21T08:04:48.029+00:00,2026-09-21T08:04:48.029+00:00,False,1,0.0,,0.0,300111.305475,300111.305475,300111.305475,300111.305475,300111.305475,300111.305475,nan,300111.305475,nan,nan,0.0,51,64,,True,False,"HTTPConnectionPool(host='gpu06', port=9004): Read timed out.",0,59.56268577710819
362,2026-09-21T07:59:48.255+00:00,2026-09-21T08:04:48.359+00:00,2026-09-21T08:04:48.359+00:00,False,1,0.0,,0.0,300104.47062599997,300104.47062599997,300104.47062599997,300104.47062599997,300104.47062599997,300104.47062599997,nan,300104.47062599997,nan,nan,0.0,51,64,,True,False,"HTTPConnectionPool(host='gpu06', port=9004): Read timed out.",0,59.56268577710819
363,2026-09-21T07:59:48.615+00:00,2026-09-21T08:04:48.728+00:00,2026-09-21T08:04:48.728+00:00,False,1,0.0,,0.0,300113.558341,300113.558341,300113.558341,300113.558341,300113.558341,300113.558341,nan,300113.558341,nan,nan,0.0,51,64,,True,False,"HTTPConnectionPool(host='gpu06', port=9004): Read timed out.",0,59.56268577710819
364,2026-09-21T07:59:48.940+00:00,2026-09-21T08:04:49.023+00:00,2026-09-21T08:04:49.023+00:00,False,1,0.0,,0.0,300082.903904,300082.903904,300082.903904,300082.903904,300082.903904,300082.903904,nan,300082.903904,nan,nan,0.0,51,64,,True,False,TTFT timeout: 300.0s exceeded (TTFT: 300.081s),0,59.56268577710819
365,2026-09-21T07:59:49.256+00:00,2026-09-21T08:04:49.283+00:00,2026-09-21T08:04:49.283+00:00,False,1,0.0,,0.0,300027.029541,300027.029541,300027.029541,300027.029541,300027.029541,300027.029541,nan,300027.029541,nan,nan,0.0,51,64,,True,False,TTFT timeout: 300.0s exceeded (TTFT: 300.017s),0,59.56268577710819
366,2026-09-21T07:59:49.493+00:00,2026-09-21T08:04:49.595+00:00,2026-09-21T08:04:49.595+00:00,False,1,0.0,,0.0,300101.652351,300101.652351,300101.652351,300101.652351,300101.652351,300101.652351,nan,300101.652351,nan,nan,0.0,51,64,,True,False,"HTTPConnectionPool(host='gpu06', port=9004): Read timed out.",0,59.56268577710819
367,2026-09-21T07:59:49.726+00:00,2026-09-21T08:04:49.828+00:00,2026-09-21T08:04:49.828+00:00,False,1,0.0,,0.0,300101.67613599997,300101.67613599997,300101.67613599997,300101.67613599997,300101.67613599997,300101.67613599997,nan,300101.67613599997,nan,nan,0.0,51,64,,True,False,"HTTPConnectionPool(host='gpu06', port=9004): Read timed out.",0,59.56268577710819
368,2026-09-21T07:59:49.986+00:00,2026-09-21T08:04:50.092+00:00,2026-09-21T08:04:50.092+00:00,False,1,0.0,,0.0,300106.321227,300106.321227,300106.321227,300106.321227,300106.321227,300106.321227,nan,300106.321227,nan,nan,0.0,51,64,,True,False,"HTTPConnectionPool(host='gpu06', port=9004): Read timed out.",0,59.56268577710819
369,2026-09-21T07:59:50.237+00:00,2026-09-21T08:04:50.344+00:00,2026-09-21T08:04:50.344+00:00,False,1,0.0,,0.0,300106.788939,300106.788939,300106.788939,300106.788939,300106.788939,300106.788939,nan,300106.788939,nan,nan,0.0,51,64,,True,False,"HTTPConnectionPool(host='gpu06', port=9004): Read timed out.",0,59.56268577710819
370,2026-09-21T07:59:50.496+00:00,2026-09-21T08:04:50.602+00:00,2026-09-21T08:04:50.602+00:00,False,1,0.0,,0.0,300105.977432,300105.977432,300105.977432,300105.977432,300105.977432,300105.977432,nan,300105.977432,nan,nan,0.0,51,64,,True,False,"HTTPConnectionPool(host='gpu06', port=9004): Read timed out.",0,59.56268577710819
371,2026-09-21T07:59:50.855+00:00,2026-09-21T08:04:50.905+00:00,2026-09-21T08:04:50.905+00:00,False,1,0.0,,0.0,300049.474861,300049.474861,300049.474861,300049.474861,300049.474861,300049.474861,nan,300049.474861,nan,nan,0.0,51,64,,True,False,TTFT timeout: 300.0s exceeded (TTFT: 300.044s),0,59.56268577710819
372,2026-09-21T07:59:51.140+00:00,2026-09-21T08:04:51.246+00:00,2026-09-21T08:04:51.246+00:00,False,1,0.0,,0.0,300106.39411500003,300106.39411500003,300106.39411500003,300106.39411500003,300106.39411500003,300106.39411500003,nan,300106.39411500003,nan,nan,0.0,51,64,,True,False,"HTTPConnectionPool(host='gpu06', port=9004): Read timed out.",0,59.56268577710819
373,2026-09-21T07:59:51.478+00:00,2026-09-21T08:04:51.462+00:00,2026-09-21T08:04:51.567+00:00,False,3,2.0,,2.0,299984.822102,300089.189462,300089.189425,100029.72980833333,0.03437,299984.822102,173166.19739480095,269996.7731871,52.18368,73.74999276982201,0.006664685267688586,51,64,,True,False,Request timeout: 300.0s exceeded,4,59.56268577710819
374,2026-09-21T07:59:51.695+00:00,2026-09-21T08:04:51.783+00:00,2026-09-21T08:04:51.783+00:00,False,1,0.0,,0.0,300087.122613,300087.122613,300087.122613,300087.122613,300087.122613,300087.122613,nan,300087.122613,nan,nan,0.0,51,64,,True,False,"HTTPConnectionPool(host='gpu06', port=9004): Read timed out.",0,59.56268577710819
375,2026-09-21T07:59:51.993+00:00,2026-09-21T08:04:52.093+00:00,2026-09-21T08:04:52.093+00:00,False,1,0.0,,0.0,300100.522908,300100.522908,300100.522908,300100.522908,300100.522908,300100.522908,nan,300100.522908,nan,nan,0.0,51,64,,True,False,"HTTPConnectionPool(host='gpu06', port=9004): Read timed out.",0,59.56268577710819
376,2026-09-21T07:59:52.271+00:00,2026-09-21T08:04:52.356+00:00,2026-09-21T08:04:52.356+00:00,False,1,0.0,,0.0,300084.966027,300084.966027,300084.966027,300084.966027,300084.966027,300084.966027,nan,300084.966027,nan,nan,0.0,51,64,,True,False,"HTTPConnectionPool(host='gpu06', port=9004): Read timed out.",0,59.56268577710819
377,2026-09-21T07:59:52.558+00:00,2026-09-21T08:04:52.667+00:00,2026-09-21T08:04:52.667+00:00,False,1,0.0,,0.0,300109.080963,300109.080963,300109.080963,300109.080963,300109.080963,300109.080963,nan,300109.080963,nan,nan,0.0,51,64,,True,False,"HTTPConnectionPool(host='gpu06', port=9004): Read timed out.",0,59.56268577710819
380,2026-09-21T07:59:54.180+00:00,2026-09-21T08:04:53.199+00:00,2026-09-21T08:04:54.565+00:00,False,25,24.0,,24.0,299018.614329,300384.672057,300384.671875,12015.386875,0.03087,299018.614329,59792.34126449818,91.85841040000001,56.919072,16.61229613921447,0.07989755214755379,51,64,,True,False,Request timeout: 300.0s exceeded,216,59.56268577710819
379,2026-09-21T07:59:54.123+00:00,2026-09-21T08:04:53.199+00:00,2026-09-21T08:04:54.153+00:00,True,17,17.0,,17.0,299075.87347399996,300030.25017799996,300030.250325,17648.838254411763,40.580177000000006,299075.87347399996,72522.08834833346,59891.840002,59.648544,14.404721924394876,0.05666095332025472,51,64,,True,True,,17,59.56268577710819
378,2026-09-21T07:59:54.112+00:00,2026-09-21T08:04:53.201+00:00,2026-09-21T08:04:54.565+00:00,False,25,24.0,,24.0,299088.326884,300452.898788,300452.89872,12018.1159488,0.040049999999999995,299088.326884,59806.296152464194,90.1115882,56.85716266666667,16.59942908541296,0.07987940904152979,51,64,,True,False,Request timeout: 300.0s exceeded,96,59.56268577710819
382,2026-09-21T07:59:54.287+00:00,2026-09-21T08:04:53.202+00:00,2026-09-21T08:04:54.507+00:00,False,24,23.0,,23.0,298915.022259,300220.383667,300220.383889,12509.182662041667,0.02649,298915.022259,61004.19064712597,91.5996903,56.754843826086955,17.00666740511206,0.076610387739399,51,64,,True,False,Request timeout: 300.0s exceeded,159,59.56268577710819
384,2026-09-21T07:59:54.584+00:00,2026-09-21T08:04:55.038+00:00,2026-09-21T08:04:55.038+00:00,False,1,0.0,,0.0,300454.07187,300454.07187,300454.07187,300454.07187,300454.07187,300454.07187,nan,300454.07187,nan,nan,0.0,51,64,,True,False,"HTTPConnectionPool(host='gpu06', port=9004): Read timed out.",0,59.56268577710819
383,2026-09-21T07:59:54.385+00:00,2026-09-21T08:04:55.052+00:00,2026-09-21T08:04:55.052+00:00,False,1,0.0,,0.0,300666.13515600003,300666.13515600003,300666.13515600003,300666.13515600003,300666.13515600003,300666.13515600003,nan,300666.13515600003,nan,nan,0.0,51,64,,True,False,"HTTPConnectionPool(host='gpu06', port=9004): Read timed out.",0,59.56268577710819
381,2026-09-21T07:59:54.271+00:00,2026-09-21T08:04:55.158+00:00,2026-09-21T08:04:55.158+00:00,False,1,0.0,,0.0,300886.32932099997,300886.32932099997,300886.32932099997,300886.32932099997,300886.32932099997,300886.32932099997,nan,300886.32932099997,nan,nan,0.0,51,64,,True,False,"HTTPConnectionPool(host='gpu06', port=9004): Read timed out.",0,59.56268577710819
386,2026-09-21T07:59:55.144+00:00,2026-09-21T08:04:55.468+00:00,2026-09-21T08:04:55.468+00:00,False,1,0.0,,0.0,300324.325135,300324.325135,300324.325135,300324.325135,300324.325135,300324.325135,nan,300324.325135,nan,nan,0.0,51,64,,True,False,"HTTPConnectionPool(host='gpu06', port=9004): Read timed out.",0,59.56268577710819
385,2026-09-21T07:59:54.868+00:00,2026-09-21T08:04:55.486+00:00,2026-09-21T08:04:55.486+00:00,False,1,0.0,,0.0,300618.12342799996,300618.12342799996,300618.12342799996,300618.12342799996,300618.12342799996,300618.12342799996,nan,300618.12342799996,nan,nan,0.0,51,64,,True,False,"HTTPConnectionPool(host='gpu06', port=9004): Read timed out.",0,59.56268577710819
387,2026-09-21T07:59:55.484+00:00,2026-09-21T08:04:55.647+00:00,2026-09-21T08:04:55.647+00:00,False,1,0.0,,0.0,300162.971944,300162.971944,300162.971944,300162.971944,300162.971944,300162.971944,nan,300162.971944,nan,nan,0.0,51,64,,True,False,"HTTPConnectionPool(host='gpu06', port=9004): Read timed out.",0,59.56268577710819
388,2026-09-21T07:59:55.775+00:00,2026-09-21T08:04:55.882+00:00,2026-09-21T08:04:55.882+00:00,False,1,0.0,,0.0,300107.375194,300107.375194,300107.375194,300107.375194,300107.375194,300107.375194,nan,300107.375194,nan,nan,0.0,51,64,,True,False,"HTTPConnectionPool(host='gpu06', port=9004): Read timed out.",0,59.56268577710819
389,2026-09-21T07:59:56.042+00:00,2026-09-21T08:04:56.149+00:00,2026-09-21T08:04:56.149+00:00,False,1,0.0,,0.0,300106.772604,300106.772604,300106.772604,300106.772604,300106.772604,300106.772604,nan,300106.772604,nan,nan,0.0,51,64,,True,False,"HTTPConnectionPool(host='gpu06', port=9004): Read timed out.",0,59.56268577710819
390,2026-09-21T07:59:56.336+00:00,2026-09-21T08:04:56.445+00:00,2026-09-21T08:04:56.445+00:00,False,1,0.0,,0.0,300109.55356000003,300109.55356000003,300109.55356000003,300109.55356000003,300109.55356000003,300109.55356000003,nan,300109.55356000003,nan,nan,0.0,51,64,,True,False,"HTTPConnectionPool(host='gpu06', port=9004): Read timed out.",0,59.56268577710819
391,2026-09-21T07:59:56.544+00:00,2026-09-21T08:04:56.649+00:00,2026-09-21T08:04:56.649+00:00,False,1,0.0,,0.0,300104.98212,300104.98212,300104.98212,300104.98212,300104.98212,300104.98212,nan,300104.98212,nan,nan,0.0,51,64,,True,False,"HTTPConnectionPool(host='gpu06', port=9004): Read timed out.",0,59.56268577710819
392,2026-09-21T07:59:56.863+00:00,2026-09-21T08:04:56.917+00:00,2026-09-21T08:04:56.917+00:00,False,1,0.0,,0.0,300054.179555,300054.179555,300054.179555,300054.179555,300054.179555,300054.179555,nan,300054.179555,nan,nan,0.0,51,64,,True,False,TTFT timeout: 300.0s exceeded (TTFT: 300.043s),0,59.56268577710819
393,2026-09-21T07:59:57.155+00:00,2026-09-21T08:04:57.188+00:00,2026-09-21T08:04:57.188+00:00,False,1,0.0,,0.0,300032.897403,300032.897403,300032.897403,300032.897403,300032.897403,300032.897403,nan,300032.897403,nan,nan,0.0,51,64,,True,False,TTFT timeout: 300.0s exceeded (TTFT: 300.021s),0,59.56268577710819
394,2026-09-21T07:59:57.485+00:00,2026-09-21T08:04:57.446+00:00,2026-09-21T08:04:57.500+00:00,False,3,2.0,,2.0,299961.017098,300014.671882,300014.671945,100004.89064833333,0.031420000000000003,299961.017098,173167.08722096158,269970.2777309,26.827392,37.895130852847466,0.006666340640789155,51,64,,True,False,Request timeout: 300.0s exceeded,6,59.56268577710819
395,2026-09-21T07:59:57.767+00:00,2026-09-21T08:04:57.874+00:00,2026-09-21T08:04:57.874+00:00,False,1,0.0,,0.0,300106.467227,300106.467227,300106.467227,300106.467227,300106.467227,300106.467227,nan,300106.467227,nan,nan,0.0,51,64,,True,False,"HTTPConnectionPool(host='gpu06', port=9004): Read timed out.",0,59.56268577710819
396,2026-09-21T07:59:57.979+00:00,2026-09-21T08:04:58.083+00:00,2026-09-21T08:04:58.083+00:00,False,1,0.0,,0.0,300103.985735,300103.985735,300103.985735,300103.985735,300103.985735,300103.985735,nan,300103.985735,nan,nan,0.0,51,64,,True,False,"HTTPConnectionPool(host='gpu06', port=9004): Read timed out.",0,59.56268577710819
397,2026-09-21T07:59:58.309+00:00,2026-09-21T08:04:58.377+00:00,2026-09-21T08:04:58.377+00:00,False,1,0.0,,0.0,300068.78467799997,300068.78467799997,300068.78467799997,300068.78467799997,300068.78467799997,300068.78467799997,nan,300068.78467799997,nan,nan,0.0,51,64,,True,False,"HTTPConnectionPool(host='gpu06', port=9004): Read timed out.",0,59.56268577710819
398,2026-09-21T07:59:58.668+00:00,2026-09-21T08:04:58.776+00:00,2026-09-21T08:04:58.776+00:00,False,1,0.0,,0.0,300108.137263,300108.137263,300108.137263,300108.137263,300108.137263,300108.137263,nan,300108.137263,nan,nan,0.0,51,64,,True,False,"HTTPConnectionPool(host='gpu06', port=9004): Read timed out.",0,59.56268577710819
399,2026-09-21T07:59:58.900+00:00,2026-09-21T08:04:59.000+00:00,2026-09-21T08:04:59.000+00:00,False,1,0.0,,0.0,300099.50505800004,300099.50505800004,300099.50505800004,300099.50505800004,300099.50505800004,300099.50505800004,nan,300099.50505800004,nan,nan,0.0,51,64,,True,False,"HTTPConnectionPool(host='gpu06', port=9004): Read timed out.",0,59.56268577710819
400,2026-09-21T07:59:59.152+00:00,2026-09-21T08:04:59.214+00:00,2026-09-21T08:04:59.214+00:00,False,1,0.0,,0.0,300061.635113,300061.635113,300061.635113,300061.635113,300061.635113,300061.635113,nan,300061.635113,nan,nan,0.0,51,64,,True,False,TTFT timeout: 300.0s exceeded (TTFT: 300.057s),0,59.56268577710819
401,2026-09-21T07:59:59.423+00:00,2026-09-21T08:04:59.374+00:00,2026-09-21T08:04:59.489+00:00,False,4,3.0,,3.0,299951.298349,300065.573677,300065.573602,75016.3934005,0.02984,299951.298349,149956.605717613,254967.3574927,38.091776,32.98569438409469,0.009997814688429715,51,64,,True,False,Request timeout: 300.0s exceeded,12,59.56268577710819
402,2026-09-21T07:59:59.728+00:00,2026-09-21T08:04:59.824+00:00,2026-09-21T08:04:59.824+00:00,False,1,0.0,,0.0,300096.18935500004,300096.18935500004,300096.18935500004,300096.18935500004,300096.18935500004,300096.18935500004,nan,300096.18935500004,nan,nan,0.0,51,64,,True,False,"HTTPConnectionPool(host='gpu06', port=9004): Read timed out.",0,59.56268577710819
403,2026-09-21T08:00:00.076+00:00,2026-09-21T08:05:00.195+00:00,2026-09-21T08:05:00.195+00:00,False,1,0.0,,0.0,300118.723902,300118.723902,300118.723902,300118.723902,300118.723902,300118.723902,nan,300118.723902,nan,nan,0.0,51,64,,True,False,"HTTPConnectionPool(host='gpu06', port=9004): Read timed out.",0,59.56268577710819
404,2026-09-21T08:00:00.415+00:00,2026-09-21T08:05:00.537+00:00,2026-09-21T08:05:00.537+00:00,False,1,0.0,,0.0,300122.308881,300122.308881,300122.308881,300122.308881,300122.308881,300122.308881,nan,300122.308881,nan,nan,0.0,51,64,,True,False,"HTTPConnectionPool(host='gpu06', port=9004): Read timed out.",0,59.56268577710819
405,2026-09-21T08:00:00.643+00:00,2026-09-21T08:05:00.675+00:00,2026-09-21T08:05:00.675+00:00,False,1,0.0,,0.0,300032.597543,300032.597543,300032.597543,300032.597543,300032.597543,300032.597543,nan,300032.597543,nan,nan,0.0,51,64,,True,False,"HTTPConnectionPool(host='gpu06', port=9004): Read timed out.",0,59.56268577710819
406,2026-09-21T08:00:00.849+00:00,2026-09-21T08:05:00.946+00:00,2026-09-21T08:05:00.946+00:00,False,1,0.0,,0.0,300097.324138,300097.324138,300097.324138,300097.324138,300097.324138,300097.324138,nan,300097.324138,nan,nan,0.0,51,64,,True,False,"HTTPConnectionPool(host='gpu06', port=9004): Read timed out.",0,59.56268577710819
407,2026-09-21T08:00:01.116+00:00,2026-09-21T08:05:01.166+00:00,2026-09-21T08:05:02.911+00:00,False,28,27.0,,27.0,300049.824081,301794.503249,301794.503284,10778.375117285714,0.02705,300049.824081,56691.88640443587,179.66342395,64.61774696296297,36.303729702269095,0.08946485011929874,51,64,,True,False,Request timeout: 300.0s exceeded,112,59.56268577710819
408,2026-09-21T08:00:01.479+00:00,2026-09-21T08:05:01.488+00:00,2026-09-21T08:05:03.024+00:00,False,28,27.0,,27.0,300008.843969,301544.74643299996,301544.74635499995,10769.455226964285,0.03427,300008.843969,56685.59438183332,96.81520704999998,56.88527644444445,16.751961741745944,0.08953895008745946,51,64,,True,False,Request timeout: 300.0s exceeded,169,59.56268577710819
409,2026-09-21T08:00:01.829+00:00,2026-09-21T08:05:02.174+00:00,2026-09-21T08:05:03.070+00:00,False,18,17.0,,17.0,300344.634477,301240.333933,301240.333882,16735.574104555555,0.03247,300344.634477,70779.49214064013,45114.8061883,52.68820329411764,15.631929872550748,0.05643334601992917,51,64,,True,False,Request timeout: 300.0s exceeded,101,59.56268577710819
410,2026-09-21T08:00:02.185+00:00,2026-09-21T08:05:03.313+00:00,2026-09-21T08:05:03.313+00:00,False,1,0.0,,0.0,301128.107795,301128.107795,301128.107795,301128.107795,301128.107795,301128.107795,nan,301128.107795,nan,nan,0.0,51,64,,True,False,"HTTPConnectionPool(host='gpu06', port=9004): Read timed out.",0,59.56268577710819
0,2026-09-21T07:58:02.307+00:00,2026-09-21T07:58:02.576+00:00,2026-09-21T07:58:03.114+00:00,True,14,14.0,,14.0,268.64835800000003,806.80951,806.809304,57.629236,0.01872,268.64835800000003,82.01566704810324,238.26470405,41.39701169230769,57.366555370332414,17.352299181500722,52,64,,False,True,,132,59.56268577710819
3,2026-09-21T07:58:03.167+00:00,2026-09-21T07:58:04.643+00:00,2026-09-21T07:58:10.762+00:00,True,98,98.0,,98.0,1476.65606,7595.446716,7595.446793,77.5045591122449,37.766423,1476.65606,143.19740981031964,80.13860215000001,63.08031604123712,10.814077709864682,12.902466920551298,52,64,,False,True,,392,59.56268577710819
2,2026-09-21T07:58:02.834+00:00,2026-09-21T07:58:05.974+00:00,2026-09-21T07:58:11.697+00:00,True,92,92.0,,92.0,3139.815431,8863.680006999999,8863.679992,96.34434773913044,43.996155,3139.815431,320.9646293166769,76.73476,62.89961072527473,10.625102646286786,10.379436072527884,52,64,,False,True,,289,59.56268577710819
1,2026-09-21T07:58:02.535+00:00,2026-09-21T07:58:06.312+00:00,2026-09-21T07:58:08.299+00:00,True,33,33.0,,33.0,3777.609424,5764.226768,5764.226909,174.6735426969697,37.970634,3777.609424,646.9239884060055,89.79198360000001,62.081792,13.359635114938673,5.724965607390552,52,64,,False,True,,164,59.56268577710819
4,2026-09-21T07:58:03.372+00:00,2026-09-21T07:58:07.987+00:00,2026-09-21T07:58:08.988+00:00,True,17,17.0,,17.0,4614.9373909999995,5616.116271,5616.1162939999995,330.359782,47.883975,4614.9373909999995,1104.1487414601092,985.9384845999999,62.57368,9.506073788850019,3.0270028574342525,52,64,,False,True,,20,59.56268577710819
5,2026-09-21T07:58:03.693+00:00,2026-09-21T07:58:08.500+00:00,2026-09-21T07:58:11.404+00:00,True,47,47.0,,47.0,4806.980262,7710.82487,7710.824813,164.06010240425533,41.079105000000006,4806.980262,692.0445974051856,81.07039,63.12705669565217,10.802945066341676,6.095327126785074,52,64,,False,True,,121,59.56268577710819
7,2026-09-21T07:58:04.220+00:00,2026-09-21T07:58:10.890+00:00,2026-09-21T07:58:12.278+00:00,True,23,23.0,,23.0,6669.668305,8057.984721,8057.984729,350.3471621304348,50.778845000000004,6669.668305,1377.5949834621458,77.18196489999998,63.10529163636363,9.515162466483654,2.854311691614338,52,64,,False,True,,92,59.56268577710819
8,2026-09-21T07:58:04.469+00:00,2026-09-21T07:58:12.149+00:00,2026-09-21T07:58:13.467+00:00,True,21,21.0,,21.0,7680.290879,8998.095167,8998.095055,428.4807169047619,0.01668,7680.290879,1663.568452638145,395.011201,65.8902144,83.03831337076964,2.3338272834695397,52,64,,False,True,,124,59.56268577710819
9,2026-09-21T07:58:04.679+00:00,2026-09-21T07:58:13.394+00:00,2026-09-21T07:58:18.230+00:00,True,79,79.0,,79.0,8715.813554,13551.292850000002,13551.292846,171.53535248101267,41.036614,8715.813554,973.6832247052713,76.57975699999999,61.993324307692305,10.164979691067634,5.829702071562862,52,64,,False,True,,237,59.56268577710819
10,2026-09-21T07:58:04.941+00:00,2026-09-21T07:58:14.690+00:00,2026-09-21T07:58:18.295+00:00,True,60,60.0,,60.0,9748.75915,13353.645422,13353.645295,222.56075491666667,36.239304,9748.75915,1250.7203037826068,79.50595305,61.0997673220339,11.149576104902659,4.493155097644767,52,64,,False,True,,240,59.56268577710819
6,2026-09-21T07:58:03.956+00:00,2026-09-21T07:58:15.205+00:00,2026-09-21T07:58:20.147+00:00,True,80,80.0,,80.0,11249.0815,16190.92598,16190.926073,202.3865759125,33.326012999999996,11249.0815,1250.7392263210593,81.56856555,62.55499341772152,10.974807515333895,4.941039202996838,52,64,,False,True,,160,59.56268577710819
11,2026-09-21T07:58:05.244+00:00,2026-09-21T07:58:16.885+00:00,2026-09-21T07:58:22.059+00:00,True,83,83.0,,83.0,11640.473498,16815.027098,16815.027026,202.59068706024095,33.750653,11640.473498,1270.8313424097882,81.083312,63.10431219512195,11.340217588863615,4.936061031377828,52,64,,False,True,,435,59.56268577710819
12,2026-09-21T07:58:05.580+00:00,2026-09-21T07:58:18.724+00:00,2026-09-21T07:58:19.701+00:00,True,16,16.0,,16.0,13144.194325999999,14120.933398,14120.933378,882.558336125,49.767894999999996,13144.194325999999,3269.7802804553116,3344.35473575,65.11593813333333,8.651818185848715,1.133069574725573,52,64,,False,True,,108,59.56268577710819
13,2026-09-21T07:58:05.919+00:00,2026-09-21T07:58:20.544+00:00,2026-09-21T07:58:20.544+00:00,True,1,1.0,,1.0,14625.774502,14625.774502,14625.774502,14625.774502,14625.774502,14625.774502,nan,14625.774502,nan,nan,0.06837244754889767,52,64,,False,True,,4,59.56268577710819
14,2026-09-21T07:58:06.245+00:00,2026-09-21T07:58:22.131+00:00,2026-09-21T07:58:24.104+00:00,True,31,31.0,,31.0,15885.661235,17858.729779,17858.72972,576.0880554838709,0.0,15885.661235,2843.2828732905286,439.7304505,65.76895146666666,106.98473410944294,1.7358457395134987,52,64,,False,True,,146,59.56268577710819
15,2026-09-21T07:58:06.516+00:00,2026-09-21T07:58:23.373+00:00,2026-09-21T07:58:28.746+00:00,True,88,88.0,,88.0,16857.164126,22229.84611,22229.846214,252.61188879545455,0.0,16857.164126,1791.3579422637215,78.25362065,61.75496533333334,59.01876408865509,3.958641889131819,52,64,,False,True,,264,59.56268577710819
16,2026-09-21T07:58:06.810+00:00,2026-09-21T07:58:24.971+00:00,2026-09-21T07:58:29.500+00:00,True,75,75.0,,75.0,18160.919406,22690.113902,22690.113896000003,302.53485194666666,0.0,18160.919406,2090.53791408168,78.9438943,61.20533102702703,48.843428402131345,3.3054042973926716,52,64,,False,True,,663,59.56268577710819
17,2026-09-21T07:58:07.075+00:00,2026-09-21T07:58:26.464+00:00,2026-09-21T07:58:32.100+00:00,True,90,90.0,,90.0,19389.483473,25025.106641,25025.106538,278.05673931111113,0.0,19389.483473,2038.0783450210665,78.99110005,63.32160862921348,61.645150612986,3.5963882708315054,52,64,,False,True,,315,59.56268577710819
18,2026-09-21T07:58:07.333+00:00,2026-09-21T07:58:27.985+00:00,2026-09-21T07:58:32.159+00:00,True,66,66.0,,66.0,20652.061513999997,24825.783369999997,24825.783396999996,376.1482332878787,0.0,20652.061513999997,2534.7206001633776,81.60512875,64.21110547692308,52.3038409947355,2.6585263802694663,52,64,,False,True,,324,59.56268577710819
19,2026-09-21T07:58:07.605+00:00,2026-09-21T07:58:29.494+00:00,2026-09-21T07:58:30.266+00:00,True,13,13.0,,13.0,21889.916313,22661.199513000003,22661.199513000003,1743.1691933076925,46.556774,21889.916313,6053.353214978055,8802.66489,64.2736,10.94315772520661,0.573667779260419,52,64,,False,True,,104,59.56268577710819
20,2026-09-21T07:58:07.851+00:00,2026-09-21T07:58:30.918+00:00,2026-09-21T07:58:31.349+00:00,True,10,10.0,,10.0,23066.795675,23498.668187000003,23498.66818,2349.866818,0.0,23066.795675,7279.253818246273,12724.3777673,47.98583466666666,33.12761665079527,0.42555603238536843,52,64,,False,True,,30,59.56268577710819
21,2026-09-21T07:58:08.067+00:00,2026-09-21T07:58:31.761+00:00,2026-09-21T07:58:32.516+00:00,True,13,13.0,,13.0,23693.555210000002,24448.358154,24448.358158000003,1880.6429352307694,50.991434999999996,23693.555210000002,6553.969659865674,9521.2976228,62.90024533333334,8.61235245758097,0.5317330480072776,52,64,,False,True,,84,59.56268577710819
22,2026-09-21T07:58:08.389+00:00,2026-09-21T07:58:33.384+00:00,2026-09-21T07:58:36.370+00:00,True,49,49.0,,49.0,24994.261285,27980.782885,27980.782985,571.0363874489796,0.0,24994.261285,3562.6598339055613,96.85481,62.2192,82.68028023298434,1.7512018945784404,52,64,,False,True,,343,59.56268577710819
23,2026-09-21T07:58:08.703+00:00,2026-09-21T07:58:35.375+00:00,2026-09-21T07:58:38.903+00:00,True,62,62.0,,62.0,26672.810769,30200.803089,30200.803055,487.1097266935484,0.0,26672.810769,3380.1618001708966,76.01614049999999,57.835939672131154,19.72620897312549,2.052925540333799,52,64,,False,True,,62,59.56268577710819
24,2026-09-21T07:58:08.975+00:00,2026-09-21T07:58:36.257+00:00,2026-09-21T07:58:41.121+00:00,True,78,78.0,,78.0,27282.546413,32146.461677,32146.461638,412.13412356410254,0.0,27282.546413,3082.73977791896,80.07198249999999,63.1677307012987,68.53560295178177,2.426394568202418,52,64,,False,True,,312,59.56268577710819
25,2026-09-21T07:58:09.219+00:00,2026-09-21T07:58:37.448+00:00,2026-09-21T07:58:41.195+00:00,True,60,60.0,,60.0,28229.599750999998,31975.869190999998,31975.86927,532.9311544999999,0.0,28229.599750999998,3637.1073166721576,79.63228105,63.49609220338983,80.64287349880863,1.876414981610187,52,64,,False,True,,420,59.56268577710819
26,2026-09-21T07:58:09.483+00:00,2026-09-21T07:58:38.847+00:00,2026-09-21T07:58:41.684+00:00,True,46,46.0,,46.0,29364.154809,32200.876217,32200.876333,700.0190507173913,0.0,29364.154809,4321.105379846573,82.84657325,63.03825351111111,88.75960809576972,1.4285325557605462,52,64,,False,True,,92,59.56268577710819
27,2026-09-21T07:58:09.776+00:00,2026-09-21T07:58:40.568+00:00,2026-09-21T07:58:42.563+00:00,True,33,33.0,,33.0,30792.256377,32786.865273,32786.865224,993.5413704242425,42.100595,30792.256377,5349.400425799025,80.5387764,62.331528,8.880014012596442,1.006500613133501,52,64,,False,True,,264,59.56268577710819
28,2026-09-21T07:58:10.121+00:00,2026-09-21T07:58:42.435+00:00,2026-09-21T07:58:43.615+00:00,True,15,15.0,,15.0,32314.008205,33493.885837,33493.885888,2232.9257258666667,0.01663,32314.008205,8324.00817992835,10243.368072899999,84.27697371428572,204.2560769573133,0.4478429308859055,52,64,,False,True,,60,59.56268577710819
29,2026-09-21T07:58:10.403+00:00,2026-09-21T07:58:43.691+00:00,2026-09-21T07:58:46.499+00:00,True,37,37.0,,37.0,33287.936356,36096.184676,36096.184718,975.5725599459458,0.0,33287.936356,5460.839766847442,213.5066226,78.00689777777778,114.19684516558044,1.0250390818894757,52,64,,False,True,,111,59.56268577710819
30,2026-09-21T07:58:10.711+00:00,2026-09-21T07:58:45.292+00:00,2026-09-21T07:58:49.386+00:00,True,64,64.0,,64.0,34580.655331,38675.047651,38675.047796,604.2976218125,0.0,34580.655331,4315.37604719834,82.42638634999999,64.99035428571429,89.71795119445136,1.6548137335868334,52,64,,False,True,,128,59.56268577710819
31,2026-09-21T07:58:11.025+00:00,2026-09-21T07:58:46.986+00:00,2026-09-21T07:58:51.603+00:00,True,73,73.0,,73.0,35960.538413999995,40577.257774,40577.25771299999,555.8528453835615,39.727044,35960.538413999995,4201.368237373862,78.934339,64.12110222222222,9.40239293192029,1.7990372934164856,52,64,,False,True,,365,59.56268577710819
32,2026-09-21T07:58:11.268+00:00,2026-09-21T07:58:48.153+00:00,2026-09-21T07:58:50.031+00:00,True,30,30.0,,30.0,36885.149079999996,38762.644887999995,38762.64477499999,1292.0881591666666,42.198024,36885.149079999996,6722.464789939483,80.908836,64.74123475862069,11.072826203484487,0.7739409962008886,52,64,,False,True,,70,59.56268577710819
33,2026-09-21T07:58:11.463+00:00,2026-09-21T07:58:49.072+00:00,2026-09-21T07:58:54.480+00:00,True,86,86.0,,86.0,37609.295784999995,43017.653416999994,43017.653537,500.20527368604644,0.0,37609.295784999995,4050.275614669957,76.5538655,63.62773684705883,115.29842872654554,1.9991792477925812,52,64,,False,True,,300,59.56268577710819
34,2026-09-21T07:58:11.729+00:00,2026-09-21T07:58:50.403+00:00,2026-09-21T07:58:53.718+00:00,True,51,51.0,,51.0,38673.516494999996,41988.951503,41988.951499999996,823.3127745098038,0.0,38673.516494999996,5408.339703532873,84.322559,66.30870016,157.5473882443665,1.2146052276717647,52,64,,False,True,,408,59.56268577710819
35,2026-09-21T07:58:11.993+00:00,2026-09-21T07:58:51.903+00:00,2026-09-21T07:58:53.703+00:00,True,13,13.0,,13.0,39909.673394,41710.010802,41710.010801,3208.462369307692,0.06562,39909.673394,11031.268232383265,16637.984385199998,150.02811733333334,307.39586107124677,0.31167577639123145,52,64,,False,True,,31,59.56268577710819
36,2026-09-21T07:58:12.329+00:00,2026-09-21T07:58:53.647+00:00,2026-09-21T07:58:55.298+00:00,True,31,31.0,,31.0,41318.17067,42969.107758,42969.107901999996,1386.1002549032257,0.03173,41318.17067,7411.140860143517,124.314233,55.03123626666667,30.89260268522027,0.7214485386708643,52,64,,False,True,,178,59.56268577710819
37,2026-09-21T07:58:12.602+00:00,2026-09-21T07:58:54.902+00:00,2026-09-21T07:58:55.303+00:00,True,8,8.0,,8.0,42299.295392,42700.795296,42700.795473,5337.599434125,47.384065,42299.295392,14934.782821488312,27520.293551600003,57.35712914285714,9.015373937223965,0.18735014054291868,52,64,,False,True,,16,59.56268577710819
38,2026-09-21T07:58:13.128+00:00,2026-09-21T07:58:57.856+00:00,2026-09-21T07:58:59.919+00:00,True,33,33.0,,33.0,44728.295994,46790.878522,46790.878418,1417.9054066060605,45.020665,44728.295994,7774.982088395852,78.24857,64.455704,9.365274503254614,0.7052656637871023,52,64,,False,True,,132,59.56268577710819
39,2026-09-21T07:58:13.179+00:00,2026-09-21T07:58:58.274+00:00,2026-09-21T07:59:01.277+00:00,True,37,37.0,,37.0,45094.366682,48097.360858,48097.360794,1299.928670108108,0.0,45094.366682,7401.104025780289,247.24624600000004,83.4165048888889,143.32791064070327,0.7692729775597618,52,64,,False,True,,131,59.56268577710819
40,2026-09-21T07:58:13.453+00:00,2026-09-21T07:58:59.788+00:00,2026-09-21T07:59:05.865+00:00,True,98,98.0,,98.0,46334.814120999996,52412.341928999995,52412.341951999995,534.8198158367346,0.0,46334.814120999996,4675.946795512814,83.07365800000001,62.6549258556701,128.68650905943505,1.869788610719876,52,64,,False,True,,490,59.56268577710819
41,2026-09-21T07:58:13.722+00:00,2026-09-21T07:59:01.287+00:00,2026-09-21T07:59:02.845+00:00,True,33,33.0,,33.0,47565.059459,49122.53632299999,49122.53614,1488.561701212121,0.0,47565.059459,8271.588158139297,89.97608139999998,48.671152,28.228043849242955,0.6717894162266383,52,64,,False,True,,33,59.56268577710819
42,2026-09-21T07:58:14.082+00:00,2026-09-21T07:59:02.839+00:00,2026-09-21T07:59:07.330+00:00,True,74,74.0,,74.0,48757.493023,53248.860447,53248.860649,719.5791979594595,0.01508,48757.493023,5661.674997675758,90.09927884999999,61.52558115068493,100.7243668573311,1.3897011011842058,52,64,,False,True,,82,59.56268577710819
43,2026-09-21T07:58:14.360+00:00,2026-09-21T07:59:04.444+00:00,2026-09-21T07:59:09.091+00:00,True,74,74.0,,74.0,50084.32505,54730.810042,54730.809983,739.6055403108109,0.01524,50084.32505,5815.591910486623,90.55624085,63.65047934246575,97.52637659567904,1.352072076828627,52,64,,False,True,,298,59.56268577710819
44,2026-09-21T07:58:14.568+00:00,2026-09-21T07:59:05.664+00:00,2026-09-21T07:59:08.344+00:00,True,46,46.0,,46.0,51096.157495,53776.001079,53776.000903,1169.0434978913042,0.01988,51096.157495,7524.9690741059285,88.0185845,59.55207964444444,22.24027382614907,0.8554001613549395,52,64,,False,True,,368,59.56268577710819
45,2026-09-21T07:58:14.884+00:00,2026-09-21T07:59:07.071+00:00,2026-09-21T07:59:12.313+00:00,True,84,84.0,,84.0,52187.209688,57428.965592,57428.965794,683.6781642142857,0.0,52187.209688,5688.3259203192265,85.85849449999999,63.15368559036145,113.82143496560002,1.4626765280219747,52,64,,False,True,,502,59.56268577710819
46,2026-09-21T07:58:15.089+00:00,2026-09-21T07:59:08.295+00:00,2026-09-21T07:59:11.679+00:00,True,55,55.0,,55.0,53205.778483999995,56590.092851999994,56590.09284599999,1028.9107790181818,0.0,53205.778483999995,7167.206017746388,96.5561495,62.6724882962963,142.52856580292357,0.9719015684219046,52,64,,False,True,,495,59.56268577710819
47,2026-09-21T07:58:15.360+00:00,2026-09-21T07:59:10.336+00:00,2026-09-21T07:59:14.572+00:00,True,79,79.0,,79.0,54976.012578,59211.908642,59211.908814,749.5178330886076,0.0,54976.012578,6179.2301607597265,78.419559,54.306359794871796,26.345886895280824,1.3341910742590717,52,64,,False,True,,503,59.56268577710819
48,2026-09-21T07:58:15.587+00:00,2026-09-21T07:59:10.932+00:00,2026-09-21T07:59:12.253+00:00,True,22,22.0,,22.0,55344.590446,56666.053998,56666.053936000004,2575.7297243636363,46.055815,55344.590446,11786.093946993946,81.07790045,62.92683580952381,9.522065350547976,0.38823949168538324,52,64,,False,True,,83,59.56268577710819
49,2026-09-21T07:58:15.794+00:00,2026-09-21T07:59:12.184+00:00,2026-09-21T07:59:19.731+00:00,True,99,99.0,,99.0,56389.907699,63936.847859,63936.847692,645.8267443636364,0.0292,56389.907699,5661.55621693532,81.185647,77.00959346938775,147.30189287394967,1.548402889962996,52,64,,False,True,,396,59.56268577710819
50,2026-09-21T07:58:16.106+00:00,2026-09-21T07:59:13.973+00:00,2026-09-21T07:59:15.277+00:00,True,21,21.0,,21.0,57866.877184,59170.793728,59170.793729,2817.656844238095,47.093505,57866.877184,12613.366282986906,86.971988,65.1958272,11.891515003486873,0.3549048217357724,52,64,,False,True,,63,59.56268577710819
51,2026-09-21T07:58:16.456+00:00,2026-09-21T07:59:15.699+00:00,2026-09-21T07:59:18.018+00:00,True,38,38.0,,38.0,59242.846689000005,61562.22307300001,61562.223103000004,1620.0585027105265,42.656862999999994,59242.846689000005,9600.294942841729,75.3141035,62.685848216216215,10.079818784045584,0.6172616598809288,52,64,,False,True,,304,59.56268577710819
52,2026-09-21T07:58:16.753+00:00,2026-09-21T07:59:17.328+00:00,2026-09-21T07:59:18.067+00:00,True,13,13.0,,13.0,60574.471571,61313.823635,61313.823766,4716.447982000001,36.869983,60574.471571,16783.253987540294,24280.547282600004,61.612672,15.590556957705205,0.21202396505865867,52,64,,False,True,,39,59.56268577710819
53,2026-09-21T07:58:17.026+00:00,2026-09-21T07:59:19.303+00:00,2026-09-21T07:59:23.109+00:00,True,71,71.0,,71.0,62277.049897,66082.257449,66082.257442,930.7360203098591,0.0,62277.049897,7385.913015459638,162.209484,54.360107885714285,146.80742769934596,1.0744185011354273,52,64,,False,True,,568,59.56268577710819
54,2026-09-21T07:58:17.283+00:00,2026-09-21T07:59:19.895+00:00,2026-09-21T07:59:25.879+00:00,True,94,94.0,,94.0,62611.148572,68595.368476,68595.368568,729.7379634893617,0.0,62611.148572,6452.407316732099,83.71730215,64.34645058064515,124.96750610303373,1.370354910082428,52,64,,False,True,,100,59.56268577710819
55,2026-09-21T07:58:17.593+00:00,2026-09-21T07:59:21.737+00:00,2026-09-21T07:59:22.043+00:00,True,6,6.0,,6.0,64143.860802,64449.827394,64449.827469,10741.6379115,51.550394,64143.860802,26161.640872766075,48126.009918250005,61.193318399999995,9.672168653574069,0.09309567213144429,52,64,,False,True,,26,59.56268577710819
56,2026-09-21T07:58:17.895+00:00,2026-09-21T07:59:23.239+00:00,2026-09-21T07:59:27.722+00:00,True,71,71.0,,71.0,65344.289943,69826.427031,69826.426937,983.4708019295775,36.740063,65344.289943,7747.3484129653725,79.58852200000001,64.03052982857143,10.460817692558326,1.0168070030058818,52,64,,False,True,,71,59.56268577710819
57,2026-09-21T07:58:18.248+00:00,2026-09-21T07:59:25.493+00:00,2026-09-21T07:59:31.342+00:00,True,93,93.0,,93.0,67245.62455400001,73094.530538,73094.53069900001,785.9626956881722,41.636584,67245.62455400001,6966.460630023895,77.148559,63.57506504347826,9.658711372178074,1.2723250196080218,52,64,,False,True,,374,59.56268577710819
58,2026-09-21T07:58:18.504+00:00,2026-09-21T07:59:26.777+00:00,2026-09-21T07:59:27.846+00:00,True,18,18.0,,18.0,68273.36023100001,69342.84195900001,69342.84205500002,3852.380114166667,49.599914,68273.36023100001,16077.360278416902,10316.664224450004,62.91068988235294,10.357911838286915,0.2595797848989629,52,64,,False,True,,90,59.56268577710819
59,2026-09-21T07:58:18.760+00:00,2026-09-21T07:59:28.044+00:00,2026-09-21T07:59:33.132+00:00,True,81,81.0,,81.0,69284.370516,74372.31982799999,74372.319903,918.1767889259258,0.0,69284.370516,7692.582922499483,78.153357,63.5993664,146.94835314071182,1.0891148775152877,52,64,,False,True,,260,59.56268577710819
60,2026-09-21T07:58:19.028+00:00,2026-09-21T07:59:29.416+00:00,2026-09-21T07:59:33.063+00:00,True,59,59.0,,59.0,70387.393738,74035.14081,74035.14068899999,1254.8328930338982,0.0,70387.393738,9157.051454001623,76.5805931,62.89219089655172,171.64909949988228,0.7969188598075957,52,64,,False,True,,320,59.56268577710819
61,2026-09-21T07:58:19.280+00:00,2026-09-21T07:59:30.762+00:00,2026-09-21T07:59:32.823+00:00,True,16,16.0,,16.0,71482.771991,73542.97090300001,73542.970812,4596.43567575,0.0,71482.771991,17839.29315942705,18879.79170125,137.34659413333333,335.0467702252797,0.2175598810266083,52,64,,False,True,,64,59.56268577710819
62,2026-09-21T07:58:19.530+00:00,2026-09-21T07:59:32.839+00:00,2026-09-21T07:59:35.479+00:00,True,55,55.0,,55.0,73309.028577,75949.080545,75949.08072,1380.892376727273,0.0,73309.028577,9879.914137843254,171.29452190000003,48.88985125925926,174.87170503026596,0.7241693988304754,52,64,,False,True,,55,59.56268577710819
63,2026-09-21T07:58:19.763+00:00,2026-09-21T07:59:33.067+00:00,2026-09-21T07:59:37.916+00:00,True,76,76.0,,76.0,73304.390313,78153.58532099999,78153.58545,1028.3366506578948,0.01899,73304.390313,8402.547752198074,163.4021995,64.65593344,152.97422589068225,0.9724441903445046,52,64,,False,True,,154,59.56268577710819
64,2026-09-21T07:58:20.115+00:00,2026-09-21T07:59:35.119+00:00,2026-09-21T07:59:39.806+00:00,True,75,75.0,,75.0,75003.875417,79690.338905,79690.338929,1062.5378523866666,0.020730000000000002,75003.875417,8653.494987574339,118.68406190000002,63.33058767567567,43.17288508227544,0.9411429419243478,52,64,,False,True,,448,59.56268577710819
65,2026-09-21T07:58:20.358+00:00,2026-09-21T07:59:36.564+00:00,2026-09-21T07:59:42.063+00:00,True,88,88.0,,88.0,76205.31296899999,81705.206729,81705.20674299999,928.4682584431818,16.955002,76205.31296899999,8116.791179519034,78.2506615,63.21716965517241,16.45858933334946,1.0770427433330974,52,64,,False,True,,88,59.56268577710819
66,2026-09-21T07:58:20.675+00:00,2026-09-21T07:59:38.090+00:00,2026-09-21T07:59:43.691+00:00,True,89,89.0,,89.0,77415.02436,83015.820008,83015.820243,932.7620252022472,38.740714,77415.02436,8199.236864751243,77.742133,63.645405090909094,10.847668248903306,1.072084814574178,52,64,,False,True,,178,59.56268577710819
67,2026-09-21T07:58:20.900+00:00,2026-09-21T07:59:39.428+00:00,2026-09-21T07:59:40.155+00:00,True,13,13.0,,13.0,78528.686325,79255.026165,79255.026149,6096.540473,45.790203999999996,78528.686325,21763.153354084305,31456.303144200003,60.52832,9.823510339697368,0.164027451999517,52,64,,False,True,,52,59.56268577710819
68,2026-09-21T07:58:21.140+00:00,2026-09-21T07:59:40.581+00:00,2026-09-21T07:59:46.955+00:00,True,75,75.0,,75.0,79440.699621,85815.01462900001,85815.01468200001,1144.20019576,0.0,79440.699621,9165.09021182149,83.84486500000001,86.139392,193.4806088357779,0.8739729326417287,52,64,,False,True,,88,59.56268577710819
69,2026-09-21T07:58:21.481+00:00,2026-09-21T07:59:42.310+00:00,2026-09-21T07:59:42.468+00:00,True,3,3.0,,3.0,80829.073817,80987.592345,80987.592361,26995.86412033333,74.317117,80829.073817,46620.92742652017,72754.586578,79.259264,6.989337581668809,0.037042711273848776,52,64,,False,True,,3,59.56268577710819
70,2026-09-21T07:58:21.757+00:00,2026-09-21T07:59:43.547+00:00,2026-09-21T07:59:49.784+00:00,True,99,99.0,,99.0,81789.918108,88027.631004,88027.630987,889.1679897676768,0.0,81789.918108,8215.617808875742,78.234731,63.65013159183673,173.75364782686233,1.124646873610644,52,64,,False,True,,1188,59.56268577710819
71,2026-09-21T07:58:22.043+00:00,2026-09-21T07:59:45.128+00:00,2026-09-21T07:59:46.973+00:00,True,4,4.0,,4.0,83084.857787,84929.808059,84929.808079,21232.45201975,46.622434,83084.857787,41242.55572430886,70882.52621525,614.983424,970.8438209207394,0.04709771623669789,52,64,,False,True,,22,59.56268577710819
72,2026-09-21T07:58:22.237+00:00,2026-09-21T07:59:46.972+00:00,2026-09-21T07:59:51.242+00:00,True,81,81.0,,81.0,84735.298599,89004.798247,89004.798215,1098.8246693209876,0.0,84735.298599,9409.136249410378,77.47848699999999,53.368745600000004,25.05139570495458,0.9100632954103707,52,64,,False,True,,243,59.56268577710819
73,2026-09-21T07:58:22.448+00:00,2026-09-21T07:59:47.218+00:00,2026-09-21T07:59:54.177+00:00,True,90,90.0,,90.0,84770.094039,91728.751063,91728.751181,1019.2083464555556,0.0254,84770.094039,8928.4956219549,80.893412,78.1871575730337,146.27262192437223,0.98115366182395,52,64,,False,True,,990,59.56268577710819
74,2026-09-21T07:58:22.801+00:00,2026-09-21T07:59:48.759+00:00,2026-09-21T07:59:54.605+00:00,True,91,91.0,,91.0,85957.963029,91804.57192500001,91804.571953,1008.8414500329671,0.015380000000000001,85957.963029,9005.150084246738,96.45372350000001,64.96232106666668,142.6303339090263,0.9912360364181285,52,64,,False,True,,91,59.56268577710819
75,2026-09-21T07:58:23.278+00:00,2026-09-21T07:59:50.029+00:00,2026-09-21T07:59:52.668+00:00,True,42,42.0,,42.0,86751.13283,89390.21430200001,89390.214422,2128.338438619048,46.163014000000004,86751.13283,13376.060874800094,80.56583745,64.36784078048781,8.50839212786544,0.4698500873720391,52,64,,False,True,,84,59.56268577710819
76,2026-09-21T07:58:23.407+00:00,2026-09-21T07:59:51.982+00:00,2026-09-21T07:59:54.290+00:00,True,25,25.0,,25.0,88574.374488,90882.816088,90882.816061,3635.31264244,0.015560000000000001,88574.374488,17698.281432192663,1258.989307,96.18506666666667,312.4637252290684,0.2750795043123774,52,64,,False,True,,106,59.56268577710819
77,2026-09-21T07:58:23.598+00:00,2026-09-21T07:59:54.122+00:00,2026-09-21T07:59:54.122+00:00,True,8,8.0,,8.0,90523.717097,90523.866857,90523.867007,11315.483375875,0.015880000000000002,90523.717097,32004.959537154067,58840.43278005,0.021394285714285713,0.011633087261690047,0.08837448374402246,52,64,,False,True,,45,59.56268577710819
78,2026-09-21T07:58:23.897+00:00,2026-09-21T07:59:54.549+00:00,2026-09-21T07:59:59.346+00:00,True,79,79.0,,79.0,90651.903064,95448.834392,95448.834406,1208.2130937468355,0.01923,90651.903064,10192.28963455742,127.27385539999999,61.49911958974359,38.79665329447709,0.8276685671776138,52,64,,False,True,,547,59.56268577710819
79,2026-09-21T07:58:24.233+00:00,2026-09-21T07:59:56.465+00:00,2026-09-21T08:00:02.883+00:00,True,84,84.0,,84.0,92232.06102699999,98650.49968299999,98650.49971199999,1174.4107108571427,0.0,92232.06102699999,10056.948621256504,77.509509,77.33058621686747,203.9450197441938,0.8514908720170968,52,64,,False,True,,825,59.56268577710819
80,2026-09-21T07:58:24.581+00:00,2026-09-21T07:59:57.960+00:00,2026-09-21T08:00:00.428+00:00,True,41,41.0,,41.0,93378.385163,95846.267147,95846.26714,2337.7138326829267,43.233393,93378.385163,14573.621887237838,79.837387,61.6970496,10.456620478313232,0.4277683546832142,52,64,,False,True,,204,59.56268577710819
81,2026-09-21T07:58:24.927+00:00,2026-09-21T07:59:59.960+00:00,2026-09-21T08:00:03.998+00:00,True,64,64.0,,64.0,95032.699273,99071.10080900001,99071.10078800001,1547.9859498125002,0.0,95032.699273,11873.377838286093,80.8740675,64.10161168253968,235.72995965921788,0.6460006952318631,52,64,,False,True,,152,59.56268577710819
82,2026-09-21T07:58:25.244+00:00,2026-09-21T08:00:02.871+00:00,2026-09-21T08:00:02.969+00:00,True,25,25.0,,25.0,97626.340356,97724.986372,97724.986355,3908.9994542,0.0,97626.340356,19524.449287016123,41.571461799999994,4.1102506666666665,11.53563940354675,0.2558199384631785,52,64,,False,True,,300,59.56268577710819
83,2026-09-21T07:58:25.549+00:00,2026-09-21T08:00:03.109+00:00,2026-09-21T08:00:04.962+00:00,True,30,30.0,,30.0,97559.296785,99413.209873,99413.210078,3313.7736692666667,47.304494,97559.296785,17800.139772665694,80.994099,63.92803751724138,9.011029754845014,0.301770761031908,52,64,,False,True,,92,59.56268577710819
84,2026-09-21T07:58:25.880+00:00,2026-09-21T08:00:04.641+00:00,2026-09-21T08:00:05.986+00:00,True,21,21.0,,21.0,98760.47468500001,100105.974077,100105.97420400001,4766.951152571429,47.446224,98760.47468500001,21536.623881225245,82.778047,67.27496959999999,9.664580647047664,0.20977769002923957,52,64,,False,True,,24,59.56268577710819
85,2026-09-21T07:58:26.121+00:00,2026-09-21T08:00:05.650+00:00,2026-09-21T08:00:08.273+00:00,True,44,44.0,,44.0,99528.45691,102152.133582,102152.13345,2321.6393965909087,47.034184,99528.45691,14995.2832071463,75.22090050000001,61.01573655813953,8.296476698486991,0.43073011259897115,52,64,,False,True,,135,59.56268577710819
86,2026-09-21T07:58:26.457+00:00,2026-09-21T08:00:07.430+00:00,2026-09-21T08:00:09.023+00:00,True,27,27.0,,27.0,100972.068441,102565.86351299999,102565.863661,3798.735691148148,43.821774,100972.068441,19420.288556095096,78.16802170000001,61.29981046153846,9.165225722424697,0.2632454802720772,52,64,,True,True,,31,59.56268577710819
87,2026-09-21T07:58:26.677+00:00,2026-09-21T08:00:08.835+00:00,2026-09-21T08:00:10.059+00:00,True,21,21.0,,21.0,102157.44309199999,103381.07880399999,103381.07892899998,4922.908520428571,42.699303,102157.44309199999,22279.233131182584,79.264457,61.181785600000005,10.586160632575057,0.20313194873709786,52,64,,True,True,,41,59.56268577710819
88,2026-09-21T07:58:26.908+00:00,2026-09-21T08:00:09.981+00:00,2026-09-21T08:00:10.709+00:00,True,12,12.0,,12.0,103073.829508,103801.313924,103801.313792,8650.109482666667,54.324125,103073.829508,29735.76092490238,46425.67927844999,66.1349469090909,7.367458137054998,0.11560547305582293,52,64,,True,True,,156,59.56268577710819
89,2026-09-21T07:58:27.130+00:00,2026-09-21T08:00:11.227+00:00,2026-09-21T08:00:16.216+00:00,True,80,80.0,,80.0,104096.587746,109085.794274,109085.794204,1363.5724275500002,43.917292,104096.587746,11631.295651013574,77.4939085,63.15451301265823,9.969897145329794,0.73336771788137,52,64,,True,True,,240,59.56268577710819
90,2026-09-21T07:58:27.417+00:00,2026-09-21T08:00:12.652+00:00,2026-09-21T08:00:17.450+00:00,True,77,77.0,,77.0,105235.23829099999,110033.63521899999,110033.63519499998,1429.008249285714,41.290644,105235.23829099999,11985.47690200207,75.8950186,63.136801684210525,9.336666518346211,0.6997860231259911,52,64,,True,True,,385,59.56268577710819
91,2026-09-21T07:58:27.702+00:00,2026-09-21T08:00:14.117+00:00,2026-09-21T08:00:18.219+00:00,True,66,66.0,,66.0,106414.39704000001,110516.27224,110516.272364,1674.4889752121214,43.246634,106414.39704000001,13090.942350796086,75.07880875,63.105772307692305,9.425958259814552,0.5971971245706938,52,64,,True,True,,176,59.56268577710819
92,2026-09-21T07:58:27.902+00:00,2026-09-21T08:00:15.457+00:00,2026-09-21T08:00:21.531+00:00,True,96,96.0,,96.0,107554.890617,113628.711801,113628.71171999999,1183.63241375,44.619225,107554.890617,10970.753961386174,76.852759,63.93495983157895,9.695871347816801,0.8448568894112478,52,64,,True,True,,768,59.56268577710819
93,2026-09-21T07:58:28.114+00:00,2026-09-21T08:00:16.418+00:00,2026-09-21T08:00:22.683+00:00,True,100,100.0,,100.0,108303.52732899999,114569.22409699998,114569.22420199998,1145.6922420199999,43.535153,108303.52732899999,10824.027867469831,77.34057000000001,63.28986634343434,9.493611378755224,0.8728347493680767,52,64,,True,True,,492,59.56268577710819
94,2026-09-21T07:58:28.318+00:00,2026-09-21T08:00:17.301+00:00,2026-09-21T08:00:22.438+00:00,True,82,82.0,,82.0,108983.10233200001,114120.43839600001,114120.438313,1391.7126623536587,45.585403,108983.10233200001,12028.169864659603,77.470179,63.42390202469136,9.306564734459954,0.718539125440953,52,64,,True,True,,163,59.56268577710819
95,2026-09-21T07:58:28.605+00:00,2026-09-21T08:00:18.809+00:00,2026-09-21T08:00:24.929+00:00,True,99,99.0,,99.0,110203.94001399999,116324.16580599999,116324.16562799999,1174.991572,41.366343,110203.94001399999,11069.639732998376,77.887246,62.451283591836734,8.989032324818924,0.8510699330103735,52,64,,True,True,,103,59.56268577710819
96,2026-09-21T07:58:28.803+00:00,2026-09-21T08:00:19.876+00:00,2026-09-21T08:00:22.435+00:00,True,42,42.0,,42.0,111072.755162,113631.370458,113631.370412,2705.5088193333336,46.881334,111072.755162,17129.27121224878,77.91390445,62.405251121951224,9.065406403218578,0.36961624092638995,52,64,,True,True,,164,59.56268577710819
97,2026-09-21T07:58:29.163+00:00,2026-09-21T08:00:21.527+00:00,2026-09-21T08:00:25.983+00:00,True,73,73.0,,73.0,112364.224309,116820.604213,116820.604178,1600.2822490136987,43.006003,112364.224309,13143.997205969128,79.22663800000001,61.89416533333333,9.868384413824272,0.6248897657377159,52,64,,True,True,,73,59.56268577710819
98,2026-09-21T07:58:29.359+00:00,2026-09-21T08:00:22.495+00:00,2026-09-21T08:00:26.114+00:00,True,59,59.0,,59.0,113136.046969,116754.910841,116754.91078800001,1978.8967930169492,47.444224000000006,113136.046969,14720.938703554762,77.67365290000001,62.39420468965517,9.463528892289098,0.5053320633369144,52,64,,True,True,,117,59.56268577710819
99,2026-09-21T07:58:29.636+00:00,2026-09-21T08:00:23.886+00:00,2026-09-21T08:00:26.190+00:00,True,38,38.0,,38.0,114249.18059399999,116553.62603399999,116553.62585499999,3067.2006803947365,51.048504,114249.18059399999,18523.56314681507,78.7471955,62.282309189189185,9.218316311511163,0.3260301827839743,52,64,,True,True,,342,59.56268577710819
100,2026-09-21T07:58:29.953+00:00,2026-09-21T08:00:25.746+00:00,2026-09-21T08:00:27.999+00:00,True,36,36.0,,36.0,115793.164749,118045.751245,118045.751277,3279.0486465833333,50.478722999999995,115793.164749,19288.13605102841,76.195246,64.35961417142857,8.599057135691883,0.30496650341343673,52,64,,True,True,,320,59.56268577710819
101,2026-09-21T07:58:30.256+00:00,2026-09-21T08:00:27.235+00:00,2026-09-21T08:00:32.502+00:00,True,85,85.0,,85.0,116979.102638,122246.571438,122246.571449,1438.1949582235293,44.704363,116979.102638,12681.367073562924,77.53305340000001,62.7079619047619,9.56163307353384,0.6953160240008006,52,64,,True,True,,507,59.56268577710819
102,2026-09-21T07:58:30.539+00:00,2026-09-21T08:00:28.752+00:00,2026-09-21T08:00:30.209+00:00,True,25,25.0,,25.0,118213.265472,119670.060864,119670.06079999999,4786.802432,41.800993000000005,118213.265472,23630.515533954756,80.32079819999998,60.699808,10.880652316846001,0.20890772361527793,52,64,,True,True,,152,59.56268577710819
103,2026-09-21T07:58:30.828+00:00,2026-09-21T08:00:30.518+00:00,2026-09-21T08:00:32.575+00:00,True,33,33.0,,33.0,119690.602573,121747.412813,121747.41284599999,3689.3155407878785,50.692934,119690.602573,20824.272175883754,77.242457,64.27532,8.129595101788748,0.27105298780095566,52,64,,True,True,,34,59.56268577710819
104,2026-09-21T07:58:31.085+00:00,2026-09-21T08:00:31.610+00:00,2026-09-21T08:00:33.767+00:00,True,34,34.0,,34.0,120524.97018700001,122682.26503500002,122682.26498700002,3608.3019113823534,46.823203,120524.97018700001,20658.652568533627,79.00045414999998,65.37257115151515,9.255097620607994,0.2771386719205106,52,64,,True,True,,397,59.56268577710819
105,2026-09-21T07:58:31.292+00:00,2026-09-21T08:00:32.779+00:00,2026-09-21T08:00:34.372+00:00,True,25,25.0,,25.0,121486.79961300001,123080.61234900002,123080.61241100001,4923.224496440001,47.330194000000006,121486.79961300001,24284.079328896816,77.2980078,66.408864,7.73194313044661,0.2031189114424577,52,64,,True,True,,50,59.56268577710819
106,2026-09-21T07:58:31.641+00:00,2026-09-21T08:00:34.170+00:00,2026-09-21T08:00:38.982+00:00,True,79,79.0,,79.0,122529.42094,127341.668236,127341.668177,1611.9198503417722,42.457933,122529.42094,13778.698797753463,76.888327,61.69547815384615,9.422640473992226,0.6203782398514737,52,64,,True,True,,232,59.56268577710819
107,2026-09-21T07:58:31.894+00:00,2026-09-21T08:00:35.467+00:00,2026-09-21T08:00:39.194+00:00,True,61,61.0,,61.0,123573.827859,127300.180499,127300.18059599999,2086.8882064918034,41.510414,123573.827859,15814.058440292918,78.633356,62.10587733333334,9.695864946054412,0.479182352773484,52,64,,True,True,,394,59.56268577710819
108,2026-09-21T07:58:32.240+00:00,2026-09-21T08:00:37.231+00:00,2026-09-21T08:00:37.936+00:00,True,13,13.0,,13.0,124990.510664,125695.60276,125695.602857,9668.89252746154,47.304693,124990.510664,34649.8352377647,50042.602964599995,58.75767466666667,9.879362012244288,0.10342446127428874,52,64,,True,True,,75,59.56268577710819
109,2026-09-21T07:58:32.492+00:00,2026-09-21T08:00:38.659+00:00,2026-09-21T08:00:42.577+00:00,True,61,61.0,,61.0,126167.72466400001,130085.85100000001,130085.850957,2132.5549337213115,40.633863,126167.72466400001,16145.763133618057,76.44183500000001,65.3021056,8.872428119606331,0.4689210973451678,52,64,,True,True,,183,59.56268577710819
110,2026-09-21T07:58:32.706+00:00,2026-09-21T08:00:39.635+00:00,2026-09-21T08:00:43.308+00:00,True,57,57.0,,57.0,126928.414155,130602.14625100001,130602.146278,2291.2657241754387,44.020203,126928.414155,16803.392496287393,78.4836618,65.60235885714286,9.401554399819537,0.43643999456527727,52,64,,True,True,,57,59.56268577710819
111,2026-09-21T07:58:33.378+00:00,2026-09-21T08:00:41.082+00:00,2026-09-21T08:00:44.956+00:00,True,60,60.0,,60.0,127704.406293,131577.64840499999,131577.64862999998,2192.9608104999998,45.003713000000005,127704.406293,16478.095567125405,79.95588299999999,65.64817138983051,9.601248529580358,0.4560045017320737,52,64,,True,True,,120,59.56268577710819
112,2026-09-21T07:58:33.445+00:00,2026-09-21T08:00:42.088+00:00,2026-09-21T08:00:45.561+00:00,True,55,55.0,,55.0,128643.20955,132116.80315,132116.803198,2402.123694509091,42.772013,128643.20955,17337.57618261813,81.46129299999998,64.32580740740741,10.35620962414593,0.4162982958159778,52,64,,True,True,,200,59.56268577710819
113,2026-09-21T07:58:33.511+00:00,2026-09-21T08:00:42.790+00:00,2026-09-21T08:00:48.602+00:00,True,91,91.0,,91.0,129279.639786,135091.032042,135091.032088,1484.516836131868,42.679623,129279.639786,13545.423105430495,78.452416,64.57102506666666,9.622210888477644,0.6736198445186796,52,64,,True,True,,785,59.56268577710819
114,2026-09-21T07:58:33.689+00:00,2026-09-21T08:00:45.193+00:00,2026-09-21T08:00:47.066+00:00,True,30,30.0,,30.0,131503.975336,133376.111528,133376.111666,4445.870388866667,44.905464,131503.975336,23997.446802181756,79.31579855000001,64.5564204137931,9.738601036809479,0.2249278349496793,52,64,,True,True,,90,59.56268577710819
115,2026-09-21T07:58:33.892+00:00,2026-09-21T08:00:46.289+00:00,2026-09-21T08:00:52.271+00:00,True,95,95.0,,95.0,132396.235936,138378.96540800002,138378.965211,1456.620686431579,45.562473,132396.235936,13577.040319123933,78.2688513,63.64605821276596,9.17919504713704,0.6865205251383374,52,64,,True,True,,285,59.56268577710819
116,2026-09-21T07:58:34.232+00:00,2026-09-21T08:00:48.090+00:00,2026-09-21T08:00:48.090+00:00,True,1,1.0,,1.0,133857.278095,133857.278095,133857.278095,133857.278095,133857.278095,133857.278095,nan,133857.278095,nan,nan,0.0074706434661721485,52,64,,True,True,,4,59.56268577710819
117,2026-09-21T07:58:34.577+00:00,2026-09-21T08:00:49.915+00:00,2026-09-21T08:00:50.502+00:00,True,10,10.0,,10.0,135338.015985,135925.081841,135925.08193800002,13592.5081938,55.735394,135338.015985,42777.01145000019,74468.764986,65.22953955555555,6.149443237391965,0.0735699391499916,52,64,,True,True,,28,59.56268577710819
118,2026-09-21T07:58:34.778+00:00,2026-09-21T08:00:51.111+00:00,2026-09-21T08:00:55.874+00:00,True,76,76.0,,76.0,136333.030483,141096.025683,141096.02570700002,1856.526654039474,43.811103,136333.030483,15631.188951304388,78.05420099999999,63.506602666666666,8.968802581150028,0.53864026029159,52,64,,True,True,,304,59.56268577710819
119,2026-09-21T07:58:35.010+00:00,2026-09-21T08:00:52.265+00:00,2026-09-21T08:00:57.361+00:00,True,82,82.0,,82.0,137254.92717399998,142350.404422,142350.404475,1735.9805423780485,41.533013,137254.92717399998,15150.32674289472,75.95013304999999,62.90712651851852,8.937780333035635,0.576043323044659,52,64,,True,True,,164,59.56268577710819
120,2026-09-21T07:58:35.303+00:00,2026-09-21T08:00:53.851+00:00,2026-09-21T08:00:59.056+00:00,True,84,84.0,,84.0,138547.869261,143753.068365,143753.068379,1711.3460521309526,42.557953000000005,138547.869261,15109.972403987069,75.28712685,62.71324221686747,9.763320663758941,0.5843353533624589,52,64,,True,True,,828,59.56268577710819
121,2026-09-21T07:58:35.533+00:00,2026-09-21T08:00:55.024+00:00,2026-09-21T08:00:58.627+00:00,True,59,59.0,,59.0,139490.294776,143093.28972,143093.289514,2425.309991762712,42.891093,139490.294776,18152.004108988778,75.9514091,62.12060248275862,8.493490380500408,0.41231842608028063,52,64,,True,True,,71,59.56268577710819
122,2026-09-21T07:58:35.797+00:00,2026-09-21T08:00:56.537+00:00,2026-09-21T08:00:56.919+00:00,True,7,7.0,,7.0,140740.30641999998,141122.16497999997,141122.16501899998,20160.30928842857,49.948674,140740.30641999998,53170.78191624542,98540.65583979998,63.64309333333333,11.294977781186445,0.04960241363213248,52,64,,True,True,,32,59.56268577710819
123,2026-09-21T07:58:36.071+00:00,2026-09-21T08:00:57.934+00:00,2026-09-21T08:01:02.938+00:00,True,79,79.0,,79.0,141862.981886,146867.13548599998,146867.135368,1859.0776628860758,44.395574,141862.981886,15953.617447952785,77.9899059,64.15581538461538,9.993725362080983,0.5379011426796066,52,64,,True,True,,239,59.56268577710819
124,2026-09-21T07:58:36.299+00:00,2026-09-21T08:00:59.124+00:00,2026-09-21T08:01:05.127+00:00,True,95,95.0,,95.0,142824.88205000001,148828.23949,148828.23949600002,1566.6130473263158,41.351313000000005,142824.88205000001,14646.974871397973,76.342688,63.86550468085107,10.355420546088975,0.6383197189293043,52,64,,True,True,,569,59.56268577710819
125,2026-09-21T07:58:36.542+00:00,2026-09-21T08:01:00.160+00:00,2026-09-21T08:01:02.314+00:00,True,34,34.0,,34.0,143618.119592,145771.447976,145771.448002,4287.395529470588,43.870262000000004,143618.119592,24619.115685436827,76.66355399999999,65.25237527272728,10.239267649084356,0.2332418348866083,52,64,,True,True,,170,59.56268577710819
126,2026-09-21T07:58:36.779+00:00,2026-09-21T08:01:01.387+00:00,2026-09-21T08:01:03.473+00:00,True,33,33.0,,33.0,144608.332508,146694.577884,146694.577914,4445.290239818181,44.372932,144608.332508,25161.73258717971,77.8556924,65.195168,10.331303577179007,0.22495718980216864,52,64,,True,True,,247,59.56268577710819
127,2026-09-21T07:58:37.105+00:00,2026-09-21T08:01:03.065+00:00,2026-09-21T08:01:05.660+00:00,True,42,42.0,,42.0,145959.63657899998,148554.550371,148554.55036199998,3537.0131038571426,43.332463000000004,145959.63657899998,22512.296954113175,78.54023495,63.290580292682925,9.653427343432565,0.28272442611222104,52,64,,True,True,,84,59.56268577710819
128,2026-09-21T07:58:37.408+00:00,2026-09-21T08:01:04.638+00:00,2026-09-21T08:01:09.347+00:00,True,76,76.0,,76.0,147229.836185,151938.977945,151938.977746,1999.197075605263,39.866392999999995,147229.836185,16881.221683568587,79.026831,62.788556799999995,11.047495857823366,0.5002008110618662,52,64,,True,True,,206,59.56268577710819
129,2026-09-21T07:58:37.751+00:00,2026-09-21T08:01:06.688+00:00,2026-09-21T08:01:08.887+00:00,True,35,35.0,,35.0,148937.271042,151135.635202,151135.635435,4318.161012428572,42.640903,148937.271042,25164.06628575695,77.766308,64.6577694117647,9.61515963272543,0.23158006351857938,52,64,,True,True,,208,59.56268577710819
130,2026-09-21T07:58:37.999+00:00,2026-09-21T08:01:08.262+00:00,2026-09-21T08:01:10.618+00:00,True,38,38.0,,38.0,150262.740532,152618.179892,152618.179847,4016.267890710526,41.389353,150262.740532,24365.51045325206,79.6446305,63.66052324324324,10.595513655000207,0.24898737507478233,52,64,,True,True,,97,59.56268577710819
131,2026-09-21T07:58:38.205+00:00,2026-09-21T08:01:09.122+00:00,2026-09-21T08:01:10.028+00:00,True,16,16.0,,16.0,150916.988445,151823.269149,151823.268923,9488.9543076875,41.435783,150916.988445,37714.14360534761,37784.57423325,60.418713600000004,9.718637060911876,0.10538569014936394,52,64,,True,True,,16,59.56268577710819
132,2026-09-21T07:58:38.484+00:00,2026-09-21T08:01:10.947+00:00,2026-09-21T08:01:16.459+00:00,True,87,87.0,,87.0,152462.728053,157975.111541,157975.111551,1815.8058798965517,43.499843,152462.728053,16338.851707651127,78.82747499999999,64.09748241860466,10.749499357645613,0.5507196617957159,52,64,,True,True,,522,59.56268577710819
133,2026-09-21T07:58:38.756+00:00,2026-09-21T08:01:12.481+00:00,2026-09-21T08:01:16.904+00:00,True,70,70.0,,70.0,153724.94288699998,158147.808039,158147.80805599998,2259.2544007999995,45.033091999999996,153724.94288699998,18365.986499333518,77.85837654999999,64.09949495652174,10.367315375003903,0.4426239027147166,52,64,,True,True,,443,59.56268577710819
134,2026-09-21T07:58:38.979+00:00,2026-09-21T08:01:13.441+00:00,2026-09-21T08:01:16.204+00:00,True,44,44.0,,44.0,154461.749456,157224.67988799998,157224.680001,3573.2881818409087,44.281852,154461.749456,23276.30003045429,77.39369850000001,64.25419609302325,9.34737780676719,0.2798542826186301,52,64,,True,True,,176,59.56268577710819
135,2026-09-21T07:58:39.280+00:00,2026-09-21T08:01:15.207+00:00,2026-09-21T08:01:19.968+00:00,True,76,76.0,,76.0,155927.539095,160688.25691899998,160688.256749,2114.31916775,45.132973,155927.539095,17878.83706088841,77.936881,63.476237653333335,10.2134872729987,0.4729654889361966,52,64,,True,True,,83,59.56268577710819
136,2026-09-21T07:58:39.482+00:00,2026-09-21T08:01:16.276+00:00,2026-09-21T08:01:22.417+00:00,True,98,98.0,,98.0,156794.345864,162935.404168,162935.404359,1662.6061669285714,44.858013,156794.345864,15832.2287342769,77.57207565,63.30987942268042,10.202574305175093,0.6014653506426008,52,64,,True,True,,295,59.56268577710819
137,2026-09-21T07:58:39.681+00:00,2026-09-21T08:01:17.251+00:00,2026-09-21T08:01:23.104+00:00,True,94,94.0,,94.0,157570.562826,163423.605258,163423.60535600001,1738.5489931489362,42.895483,157570.562826,16245.674826947496,78.23389135,62.93594012903226,10.790855044078057,0.5751923037776604,52,64,,True,True,,382,59.56268577710819
138,2026-09-21T07:58:39.890+00:00,2026-09-21T08:01:18.418+00:00,2026-09-21T08:01:22.071+00:00,True,59,59.0,,59.0,158528.568611,162181.190179,162181.190359,2748.833734898305,43.275604,158528.568611,20630.46544357623,76.58337209999999,62.976233931034486,10.335844589301603,0.3637906463436449,52,64,,True,True,,117,59.56268577710819
139,2026-09-21T07:58:40.084+00:00,2026-09-21T08:01:19.373+00:00,2026-09-21T08:01:20.991+00:00,True,27,27.0,,27.0,159288.875013,160907.48902900002,160907.488802,5959.536622296297,45.362383,159288.875013,30643.178840586967,77.0681017,62.25438523076923,9.485748374482284,0.16779828063275443,52,64,,True,True,,52,59.56268577710819
140,2026-09-21T07:58:40.355+00:00,2026-09-21T08:01:20.811+00:00,2026-09-21T08:01:22.738+00:00,True,32,32.0,,32.0,160455.295381,162383.20987700002,162383.210027,5074.47531334375,42.931523,160455.295381,28353.764758621786,78.18052445,62.19079019354839,10.217393702370604,0.19706470899447645,52,64,,True,True,,45,59.56268577710819
141,2026-09-21T07:58:40.644+00:00,2026-09-21T08:01:22.416+00:00,2026-09-21T08:01:26.641+00:00,True,68,68.0,,68.0,161771.85018900002,165997.293773,165997.29377800002,2441.1366732058827,42.828592,161771.85018900002,19610.073047430014,78.11278435,63.066322149253736,10.101566300060043,0.4096452324878829,52,64,,True,True,,272,59.56268577710819
142,2026-09-21T07:58:40.953+00:00,2026-09-21T08:01:23.897+00:00,2026-09-21T08:01:27.992+00:00,True,67,67.0,,67.0,162943.520897,167038.775681,167038.775639,2493.116054313433,43.103123,162943.520897,19899.141306667512,78.37551,62.0493149090909,9.904319148821465,0.40110447246064784,52,64,,True,True,,287,59.56268577710819
143,2026-09-21T07:58:41.282+00:00,2026-09-21T08:01:25.545+00:00,2026-09-21T08:01:27.445+00:00,True,32,32.0,,32.0,164263.380252,166163.496732,166163.496695,5192.60927171875,48.561692,164263.380252,29027.103597044475,78.113094,61.29408,9.30253120569413,0.19258140704400206,52,64,,True,True,,70,59.56268577710819
144,2026-09-21T07:58:41.573+00:00,2026-09-21T08:01:27.129+00:00,2026-09-21T08:01:29.440+00:00,True,38,38.0,,38.0,165556.569717,167867.118965,167867.11895200002,4417.555761894737,41.728082,165556.569717,26846.693293785596,74.1625763,62.44727697297297,9.286424396529586,0.226369525099927,52,64,,True,True,,247,59.56268577710819
145,2026-09-21T07:58:41.853+00:00,2026-09-21T08:01:28.313+00:00,2026-09-21T08:01:28.694+00:00,True,7,7.0,,7.0,166459.642714,166840.645722,166840.64565299999,23834.37795042857,43.607322,166459.642714,62891.83120775367,116544.70386039998,63.50050133333333,12.293375665124282,0.04195620299662365,52,64,,True,True,,15,59.56268577710819
146,2026-09-21T07:58:42.145+00:00,2026-09-21T08:01:29.826+00:00,2026-09-21T08:01:32.543+00:00,True,45,45.0,,45.0,167681.363183,170397.874671,170397.87447,3786.619432666667,42.468572,167681.363183,24987.25993952964,78.5453482,61.73889745454545,9.198137897350982,0.2640878009005974,52,64,,True,True,,90,59.56268577710819
147,2026-09-21T07:58:42.363+00:00,2026-09-21T08:01:30.920+00:00,2026-09-21T08:01:36.701+00:00,True,93,93.0,,93.0,168556.88272,174337.500704,174337.500652,1874.5967812043011,42.922093000000004,168556.88272,17472.021308496955,76.123634,62.83280417391305,8.910093232118586,0.5334480511906651,52,64,,True,True,,93,59.56268577710819
148,2026-09-21T07:58:42.586+00:00,2026-09-21T08:01:32.126+00:00,2026-09-21T08:01:36.254+00:00,True,66,66.0,,66.0,169539.599412,173667.80139600002,173667.801215,2631.330321439394,44.687683,169539.599412,20861.066769123132,78.8026915,63.51079975384615,9.94949044637945,0.3800359045802957,52,64,,True,True,,349,59.56268577710819
150,2026-09-21T07:58:43.635+00:00,2026-09-21T08:01:34.343+00:00,2026-09-21T08:01:37.554+00:00,True,51,51.0,,51.0,170707.853312,173918.77503999998,173918.775286,3410.1720644313723,41.875161999999996,170707.853312,23894.89046113987,76.89838400000001,64.21843456,10.175653397081863,0.293240335830737,52,64,,True,True,,459,59.56268577710819
149,2026-09-21T07:58:43.549+00:00,2026-09-21T08:01:34.488+00:00,2026-09-21T08:01:37.873+00:00,True,54,54.0,,54.0,170938.452889,174323.506073,174323.50612200002,3228.2130763333334,43.133302,170938.452889,23253.087661337715,78.03857715,63.868928,9.896391587195001,0.3097688958675881,52,64,,True,True,,173,59.56268577710819
151,2026-09-21T07:58:43.650+00:00,2026-09-21T08:01:35.823+00:00,2026-09-21T08:01:36.326+00:00,True,9,9.0,,9.0,172172.78425099998,172676.49343499998,172676.49336899997,19186.277040999998,45.576643,172172.78425099998,57369.94137274186,103333.8750402,62.963648,12.381074927789705,0.05212058584793905,52,64,,True,True,,26,59.56268577710819
152,2026-09-21T07:58:43.768+00:00,2026-09-21T08:01:38.187+00:00,2026-09-21T08:01:38.490+00:00,True,6,6.0,,6.0,174419.345796,174722.330244,174722.330243,29120.388373833335,47.995182,174419.345796,71181.6618576102,130833.97717575001,60.596889600000004,11.073602382786047,0.03434020134473362,52,64,,True,True,,33,59.56268577710819
153,2026-09-21T07:58:44.030+00:00,2026-09-21T08:01:39.342+00:00,2026-09-21T08:01:45.298+00:00,True,97,97.0,,97.0,175312.728692,181268.828532,181268.828464,1868.7508089072167,43.401642,175312.728692,17794.013582974134,77.64092,62.04270666666667,9.266439300733204,0.5351168250247519,52,64,,True,True,,294,59.56268577710819
154,2026-09-21T07:58:44.268+00:00,2026-09-21T08:01:40.461+00:00,2026-09-21T08:01:44.167+00:00,True,61,61.0,,61.0,176193.390478,179899.17044599997,179899.170559,2949.1667304754096,44.430273,176193.390478,22551.346029155182,76.709664,61.76299946666667,9.552750883203988,0.3390788287059404,52,64,,True,True,,122,59.56268577710819
155,2026-09-21T07:58:44.529+00:00,2026-09-21T08:01:41.640+00:00,2026-09-21T08:01:47.048+00:00,True,89,89.0,,89.0,177111.064884,182518.73234,182518.732277,2050.7722727752807,43.484252,177111.064884,18767.223779877575,75.8150208,61.45076654545455,9.176001215852933,0.487621181995768,52,64,,True,True,,267,59.56268577710819
156,2026-09-21T07:58:44.725+00:00,2026-09-21T08:01:43.030+00:00,2026-09-21T08:01:45.552+00:00,True,41,41.0,,41.0,178304.777439,180827.204575,180827.204436,4410.419620390244,42.388183,178304.777439,27836.68089634588,76.37485400000001,63.0606784,9.142488736055583,0.22673579507222216,52,64,,True,True,,42,59.56268577710819
157,2026-09-21T07:58:44.957+00:00,2026-09-21T08:01:43.939+00:00,2026-09-21T08:01:44.478+00:00,True,10,10.0,,10.0,178982.406914,179521.600258,179521.60046299998,17952.1600463,47.955482,178982.406914,56580.26239636115,98475.74677399998,59.91037155555555,11.460965208474974,0.05570360327463922,52,64,,True,True,,68,59.56268577710819
158,2026-09-21T07:58:45.217+00:00,2026-09-21T08:01:45.196+00:00,2026-09-21T08:01:46.269+00:00,True,19,19.0,,19.0,179979.487845,181052.558437,181052.55824399999,9529.082012842106,43.579823,179979.487845,41276.45074947813,18065.3531973,59.61503288888889,9.751643201502938,0.10494190285972314,52,64,,True,True,,95,59.56268577710819
159,2026-09-21T07:58:45.487+00:00,2026-09-21T08:01:46.709+00:00,2026-09-21T08:01:49.878+00:00,True,51,51.0,,51.0,181221.389729,184390.93852899998,184390.93865099997,3615.5086009999995,44.236383000000004,181221.389729,25367.195161783777,77.8573795,63.390976,8.484461627506267,0.2765862596440931,52,64,,True,True,,153,59.56268577710819
160,2026-09-21T07:58:45.793+00:00,2026-09-21T08:01:48.224+00:00,2026-09-21T08:01:50.659+00:00,True,40,40.0,,40.0,182431.3874,184866.24282400002,184866.242711,4621.656067775,47.366403,182431.3874,28835.06476664071,77.5019655,62.43219035897436,8.133897535154018,0.21637265619165305,52,64,,True,True,,82,59.56268577710819
161,2026-09-21T07:58:46.080+00:00,2026-09-21T08:01:49.634+00:00,2026-09-21T08:01:53.078+00:00,True,55,55.0,,55.0,183554.624485,186998.05411700002,186998.054042,3399.9646189454547,44.366852,183554.624485,24741.903976829126,79.79034400000002,63.76721540740741,9.604763783821392,0.2941207076175663,52,64,,True,True,,495,59.56268577710819
162,2026-09-21T07:58:46.382+00:00,2026-09-21T08:01:51.268+00:00,2026-09-21T08:01:57.295+00:00,True,96,96.0,,96.0,184886.376613,190913.196453,190913.196418,1988.6791293541667,43.865021999999996,184886.376613,18863.414054563447,77.110124,63.440208842105264,8.944204924908004,0.5028463290311823,52,64,,True,True,,384,59.56268577710819
163,2026-09-21T07:58:46.592+00:00,2026-09-21T08:01:52.007+00:00,2026-09-21T08:01:53.016+00:00,True,18,18.0,,18.0,185414.727201,186424.129313,186424.129285,10356.896071388888,48.326201999999995,185414.727201,43688.67581248514,27874.29973055,59.376594823529416,8.048901816217635,0.09655402477314827,52,64,,True,True,,82,59.56268577710819
164,2026-09-21T07:58:46.798+00:00,2026-09-21T08:01:53.206+00:00,2026-09-21T08:01:59.462+00:00,True,99,99.0,,99.0,186407.34560499998,192663.75213299997,192663.75223299998,1946.0985074040402,43.118442,186407.34560499998,18728.22900563865,77.14226490000001,63.84088293877551,8.953502100258229,0.5138486036110111,52,64,,True,True,,971,59.56268577710819
165,2026-09-21T07:58:47.036+00:00,2026-09-21T08:01:54.438+00:00,2026-09-21T08:01:59.726+00:00,True,84,84.0,,84.0,187401.916956,192690.492444,192690.492442,2293.9344338333335,41.860271999999995,187401.916956,20440.275084873574,78.14231755,63.71777696385542,8.611461567411464,0.43593225039067357,52,64,,True,True,,295,59.56268577710819
166,2026-09-21T07:58:47.353+00:00,2026-09-21T08:01:55.989+00:00,2026-09-21T08:01:59.033+00:00,True,49,49.0,,49.0,188636.137247,191680.245535,191680.245582,3911.8417465714288,41.756593,188636.137247,26938.96135966713,79.1147324,63.41892266666667,9.38051717281815,0.25563406319329246,52,64,,True,True,,98,59.56268577710819
167,2026-09-21T07:58:47.647+00:00,2026-09-21T08:01:57.607+00:00,2026-09-21T08:02:02.526+00:00,True,80,80.0,,80.0,189960.05784599998,194878.89893399997,194878.89888999998,2435.986236125,45.392053,189960.05784599998,21231.220394352786,77.06030804999999,62.26381124050633,8.249336299794606,0.4105113505751783,52,64,,True,True,,83,59.56268577710819
168,2026-09-21T07:58:47.902+00:00,2026-09-21T08:01:58.769+00:00,2026-09-21T08:02:01.643+00:00,True,47,47.0,,47.0,190866.63095,193741.479462,193741.479615,4122.15914074468,48.381923,190866.63095,27831.644651806575,76.23338770000001,62.4967067826087,8.376543810484083,0.2425913135922887,52,64,,True,True,,188,59.56268577710819
169,2026-09-21T07:58:48.259+00:00,2026-09-21T08:02:00.745+00:00,2026-09-21T08:02:06.142+00:00,True,88,88.0,,88.0,192485.831099,197882.910651,197882.910492,2248.6694374090907,44.077022,192485.831099,20512.447274592967,75.5635665,62.03539714942529,8.474983518733389,0.4447074267833208,52,64,,True,True,,440,59.56268577710819
170,2026-09-21T07:58:48.456+00:00,2026-09-21T08:02:02.004+00:00,2026-09-21T08:02:06.765+00:00,True,77,77.0,,77.0,193548.023398,198308.58096599998,198308.581185,2575.436119285714,42.487432999999996,193548.023398,22049.7075014858,77.3863382,62.63891536842105,8.321671228830608,0.3882837526491184,52,64,,True,True,,158,59.56268577710819
171,2026-09-21T07:58:48.782+00:00,2026-09-21T08:02:03.932+00:00,2026-09-21T08:02:08.986+00:00,True,81,81.0,,81.0,195150.468868,200203.958532,200203.958501,2471.653808654321,45.146402,195150.468868,21676.36834051317,76.341104,63.1686208,8.501579754879975,0.4045874047343235,52,64,,True,True,,247,59.56268577710819
172,2026-09-21T07:58:49.111+00:00,2026-09-21T08:02:05.545+00:00,2026-09-21T08:02:07.493+00:00,True,33,33.0,,33.0,196433.658361,198382.470393,198382.470437,6011.590013242425,51.561923,196433.658361,34184.110192099455,76.0139402,60.900376,7.460923641314573,0.1663453425830734,52,64,,True,True,,72,59.56268577710819
173,2026-09-21T07:58:49.463+00:00,2026-09-21T08:02:07.494+00:00,2026-09-21T08:02:08.486+00:00,True,16,16.0,,16.0,198031.21969,199022.983658,199022.983653,12438.9364783125,53.803533,198031.21969,49491.27593073647,49565.181748,66.11759786666667,6.5749184212076495,0.08039272503066436,52,64,,True,True,,48,59.56268577710819
174,2026-09-21T07:58:49.736+00:00,2026-09-21T08:02:08.982+00:00,2026-09-21T08:02:14.577+00:00,True,90,90.0,,90.0,199246.73455199998,204841.887704,204841.887635,2276.020973722222,43.642132,199246.73455199998,20995.825061349784,76.21030749999998,62.86688934831461,8.971963271123236,0.4393632621178122,52,64,,True,True,,180,59.56268577710819
175,2026-09-21T07:58:50.015+00:00,2026-09-21T08:02:10.575+00:00,2026-09-21T08:02:12.450+00:00,True,31,31.0,,31.0,200559.971479,202435.150999,202435.151111,6530.166164870968,45.098802000000006,200559.971479,36010.40890166885,76.18384400000001,62.505984,8.872111675784815,0.15313546015609283,52,64,,True,True,,68,59.56268577710819
176,2026-09-21T07:58:50.265+00:00,2026-09-21T08:02:12.253+00:00,2026-09-21T08:02:12.633+00:00,True,7,7.0,,7.0,201988.572814,202368.53595000002,202368.53583500002,28909.79083357143,52.691583,201988.572814,76320.56947498562,141414.07017400002,63.32718933333334,8.74960059790678,0.03459035747399743,52,64,,True,True,,15,59.56268577710819
177,2026-09-21T07:58:50.613+00:00,2026-09-21T08:02:14.037+00:00,2026-09-21T08:02:15.790+00:00,True,29,29.0,,29.0,203424.018685,205176.606205,205176.6064,7075.055393103448,45.286622,203424.018685,37763.270256970514,77.81363040000001,62.592411428571424,10.598782411099547,0.14134164969579896,52,64,,True,True,,230,59.56268577710819
178,2026-09-21T07:58:50.875+00:00,2026-09-21T08:02:15.540+00:00,2026-09-21T08:02:20.997+00:00,True,87,87.0,,87.0,204665.12589899998,210121.77076299998,210121.77067399997,2415.1927663678157,43.627563,204665.12589899998,21935.604292337226,78.7021134,63.449358883720926,9.621270947327364,0.4140456254679522,52,64,,True,True,,347,59.56268577710819
179,2026-09-21T07:58:51.228+00:00,2026-09-21T08:02:17.289+00:00,2026-09-21T08:02:19.097+00:00,True,30,30.0,,30.0,206061.408267,207869.37780299998,207869.377594,6928.979253133333,49.868423,206061.408267,37610.11248277278,76.97067395,62.34377710344828,8.82395456206504,0.14432140182009548,52,64,,True,True,,270,59.56268577710819
180,2026-09-21T07:58:51.534+00:00,2026-09-21T08:02:19.037+00:00,2026-09-21T08:02:20.298+00:00,True,21,21.0,,21.0,207502.95139899998,208763.91293499997,208763.912877,9941.13870842857,49.449262000000004,207502.95139899998,45267.09895737577,85.048704,63.0480768,9.276637501985373,0.1005920980535486,52,64,,True,True,,105,59.56268577710819
181,2026-09-21T07:58:51.863+00:00,2026-09-21T08:02:20.709+00:00,2026-09-21T08:02:24.419+00:00,True,61,61.0,,61.0,208845.943405,212555.826541,212555.826546,3484.521746655738,43.101283,208845.943405,26732.06799888606,77.45232399999999,61.831385600000004,9.660231870738162,0.28698342921328335,52,64,,True,True,,183,59.56268577710819
182,2026-09-21T07:58:52.086+00:00,2026-09-21T08:02:21.993+00:00,2026-09-21T08:02:25.050+00:00,True,51,51.0,,51.0,209907.02244200002,212964.32113000003,212964.321128,4175.771002509804,41.646102,209907.02244200002,29384.30194995896,77.429949,61.14597376,10.379627369920781,0.2394767336114861,52,64,,True,True,,561,59.56268577710819
183,2026-09-21T07:58:52.350+00:00,2026-09-21T08:02:23.303+00:00,2026-09-21T08:02:27.974+00:00,True,77,77.0,,77.0,210952.544015,215623.379727,215623.379754,2800.303633168831,41.849843,210952.544015,24033.271501155858,77.21218579999999,61.458364631578945,9.390110318071853,0.3571041326663622,52,64,,True,True,,308,59.56268577710819
184,2026-09-21T07:58:52.672+00:00,2026-09-21T08:02:25.001+00:00,2026-09-21T08:02:29.361+00:00,True,72,72.0,,72.0,212329.217534,216689.054974,216689.05491,3009.570207083333,44.886492,212329.217534,25016.003251233193,79.1671805,61.406161126760566,9.49407678832294,0.3322733582858586,52,64,,True,True,,216,59.56268577710819
185,2026-09-21T07:58:53.637+00:00,2026-09-21T08:02:26.873+00:00,2026-09-21T08:02:31.778+00:00,True,80,80.0,,80.0,213235.288642,218140.618562,218140.618754,2726.757734425,44.599422,213235.288642,23833.489800988053,78.8140495,62.09278379746836,9.715806798287183,0.3667359179934771,52,64,,True,True,,230,59.56268577710819
186,2026-09-21T07:58:53.750+00:00,2026-09-21T08:02:27.568+00:00,2026-09-21T08:02:29.642+00:00,True,34,34.0,,34.0,213818.134865,215892.483409,215892.483539,6349.778927617647,45.408561,213818.134865,36658.72844860349,78.17640700000001,62.85904678787879,9.035245444786572,0.1574857978523889,52,64,,True,True,,196,59.56268577710819
187,2026-09-21T07:58:53.815+00:00,2026-09-21T08:02:29.225+00:00,2026-09-21T08:02:32.467+00:00,True,52,52.0,,52.0,215410.530816,218652.449536,218652.44965000002,4204.854800961539,43.282723,215410.530816,29863.252364056334,81.54937545000001,63.5670337254902,9.865891392925905,0.23782034050086626,52,64,,True,True,,52,59.56268577710819
188,2026-09-21T07:58:53.915+00:00,2026-09-21T08:02:31.075+00:00,2026-09-21T08:02:34.749+00:00,True,58,58.0,,58.0,217159.466232,220833.53778400001,220833.53787,3807.474790862069,46.328922,217159.466232,28505.9728628634,77.50168699999999,64.4573956491228,9.818056881180869,0.26264126627691176,52,64,,True,True,,287,59.56268577710819
189,2026-09-21T07:58:54.156+00:00,2026-09-21T08:02:32.806+00:00,2026-09-21T08:02:33.998+00:00,True,20,20.0,,20.0,218650.299416,219842.03548,219842.035328,10992.1017664,43.459492,218650.299416,48877.669198480995,11007.633934149999,62.7229507368421,11.10605769108101,0.0909744124063093,52,64,,True,True,,60,59.56268577710819
190,2026-09-21T07:58:54.367+00:00,2026-09-21T08:02:33.993+00:00,2026-09-21T08:02:35.304+00:00,True,21,21.0,,21.0,219625.997976,220936.76380000002,220936.76386200002,10520.798279142859,48.954052000000004,219625.997976,47912.0214860026,83.197514,65.5382912,10.97902706395223,0.09504982167209601,52,64,,True,True,,105,59.56268577710819
191,2026-09-21T07:58:54.670+00:00,2026-09-21T08:02:35.698+00:00,2026-09-21T08:02:39.670+00:00,True,64,64.0,,64.0,221027.93916299997,224999.70876299997,224999.70877299996,3515.6204495781244,43.128451,221027.93916299997,27620.613884754715,76.6799815,63.0439619047619,10.554709942574487,0.28444481262601734,52,64,,True,True,,131,59.56268577710819
192,2026-09-21T07:58:54.958+00:00,2026-09-21T08:02:36.990+00:00,2026-09-21T08:02:42.242+00:00,True,84,84.0,,84.0,222031.68651,227283.845486,227283.845574,2705.760066357143,45.214392999999994,222031.68651,24218.740644328194,76.9279535,63.27902380722892,9.534335627788208,0.3695819200013234,52,64,,True,True,,168,59.56268577710819
193,2026-09-21T07:58:55.164+00:00,2026-09-21T08:02:37.839+00:00,2026-09-21T08:02:39.671+00:00,True,31,31.0,,31.0,222674.936088,224506.646552,224506.64659199998,7242.149890064516,45.890371,222674.936088,39982.63393836254,75.2879175,61.05701546666667,8.876244785886225,0.13808054450102802,52,64,,True,True,,124,59.56268577710819
194,2026-09-21T07:58:55.466+00:00,2026-09-21T08:02:39.354+00:00,2026-09-21T08:02:44.245+00:00,True,77,77.0,,77.0,223887.91224,228779.442736,228779.442701,2971.1615935194804,42.575991,223887.91224,25507.062998432048,78.9262602,64.36224336842106,10.701843371367126,0.3365687016243594,52,64,,True,True,,157,59.56268577710819
195,2026-09-21T07:58:55.747+00:00,2026-09-21T08:02:40.695+00:00,2026-09-21T08:02:46.751+00:00,True,96,96.0,,96.0,224947.807447,231004.316631,231004.31657,2406.294964270833,42.135521,224947.807447,22952.135033954008,78.7055005,63.752728252631584,10.354416086860287,0.41557664982229653,52,64,,True,True,,849,59.56268577710819
196,2026-09-21T07:58:56.101+00:00,2026-09-21T08:02:42.515+00:00,2026-09-21T08:02:48.354+00:00,True,93,93.0,,93.0,226413.75831499998,232252.809835,232252.809839,2497.34204127957,43.725311000000005,226413.75831499998,23471.433608651012,77.691994,63.46795130434783,9.468656011774996,0.4004257260270403,52,64,,True,True,,190,59.56268577710819
197,2026-09-21T07:58:56.327+00:00,2026-09-21T08:02:43.701+00:00,2026-09-21T08:02:49.323+00:00,True,90,90.0,,90.0,227373.62576199998,232995.52605,232995.525829,2588.8391758777775,42.448061,227373.62576199998,23960.628317858675,78.68407855,63.16741896629213,10.262152098248992,0.3862735114522599,52,64,,True,True,,180,59.56268577710819
198,2026-09-21T07:58:56.570+00:00,2026-09-21T08:02:45.096+00:00,2026-09-21T08:02:45.333+00:00,True,5,5.0,,5.0,228526.250816,228762.97888,228762.97872400002,45752.595744800004,51.397981,228526.250816,102173.57988106474,182836.5476232,59.182016,12.486563833457893,0.021856683386793987,52,64,,True,True,,7,59.56268577710819
199,2026-09-21T07:58:56.861+00:00,2026-09-21T08:02:46.866+00:00,2026-09-21T08:02:51.617+00:00,True,77,77.0,,77.0,230004.72549799999,234756.19532199999,234756.195204,3048.7817558961037,45.111812,230004.72549799999,26204.348024541636,77.13904120000001,62.51933978947368,9.384081219223853,0.32799986340886145,52,64,,True,True,,269,59.56268577710819
200,2026-09-21T07:58:57.196+00:00,2026-09-21T08:02:48.297+00:00,2026-09-21T08:02:50.269+00:00,True,33,33.0,,33.0,231101.53951300003,233073.40997700003,233073.41010200002,7062.830609151516,46.938831,231101.53951300003,40218.888357936565,76.6061286,61.620952,8.660530074558926,0.1415862925043937,52,64,,True,True,,66,59.56268577710819
201,2026-09-21T07:58:57.519+00:00,2026-09-21T08:02:50.019+00:00,2026-09-21T08:02:55.725+00:00,True,92,92.0,,92.0,232499.926,238205.541104,238205.541034,2589.1906634130437,41.468941,232499.926,24233.25825035542,76.82462955,62.69906707692308,10.290271126828825,0.3862210743445007,52,64,,True,True,,185,59.56268577710819
202,2026-09-21T07:58:57.736+00:00,2026-09-21T08:02:51.137+00:00,2026-09-21T08:02:53.796+00:00,True,43,43.0,,43.0,233401.18318599998,236059.99944199997,236059.99946899997,5489.767429511628,42.379572,233401.18318599998,35583.69412146428,78.51242510000002,63.305148952380954,9.796656332538026,0.18215707913938683,52,64,,True,True,,215,59.56268577710819
203,2026-09-21T07:58:58.051+00:00,2026-09-21T08:02:53.102+00:00,2026-09-21T08:02:56.026+00:00,True,48,48.0,,48.0,235050.765022,237974.26479800002,237974.264776,4957.797182833334,46.070752,235050.765022,33917.67884083843,79.62886335,62.202122893617016,9.598275837576436,0.2017024825803912,52,64,,True,True,,288,59.56268577710819
204,2026-09-21T07:58:58.398+00:00,2026-09-21T08:02:54.841+00:00,2026-09-21T08:02:57.318+00:00,True,41,41.0,,41.0,236443.318327,238919.74866299998,238919.748714,5827.310944243902,45.098562,236443.318327,36916.57489375287,79.135503,61.9107584,9.664547508857236,0.17160573887021427,52,64,,True,True,,137,59.56268577710819
205,2026-09-21T07:58:58.713+00:00,2026-09-21T08:02:56.166+00:00,2026-09-21T08:03:00.817+00:00,True,75,75.0,,75.0,237452.957971,242104.678163,242104.678224,3228.06237632,44.794773,237452.957971,27411.448706420844,76.3366973,62.86108367567567,8.940637385448282,0.30978335721999267,52,64,,True,True,,897,59.56268577710819
206,2026-09-21T07:58:58.969+00:00,2026-09-21T08:02:57.859+00:00,2026-09-21T08:03:01.752+00:00,True,63,63.0,,63.0,238889.53174399998,242782.73161599998,242782.73153999998,3853.694151428571,43.606991,238889.53174399998,30089.34213510884,77.1575551,62.793546322580646,9.211184772032095,0.2594912726315505,52,64,,True,True,,378,59.56268577710819
207,2026-09-21T07:58:59.295+00:00,2026-09-21T08:02:59.500+00:00,2026-09-21T08:03:01.403+00:00,True,31,31.0,,31.0,240205.521167,242108.840975,242108.841114,7809.962616580645,48.572071,240205.521167,43130.790984241765,76.87045749999999,63.4439936,7.8184118398675135,0.1280415860699653,52,64,,True,True,,124,59.56268577710819
208,2026-09-21T07:58:59.629+00:00,2026-09-21T08:03:01.176+00:00,2026-09-21T08:03:04.381+00:00,True,52,52.0,,52.0,241546.926132,244751.47217999998,244751.472094,4706.759078730769,42.352182,241546.926132,33487.81962811513,78.93469149999999,62.83423623529412,9.560344959791003,0.21246041765075524,52,64,,True,True,,212,59.56268577710819
209,2026-09-21T07:58:59.849+00:00,2026-09-21T08:03:02.565+00:00,2026-09-21T08:03:03.458+00:00,True,15,15.0,,15.0,242715.486727,243608.396807,243608.39657900002,16240.559771933335,52.731652000000004,242715.486727,62652.40203817862,72869.52851219999,63.779291428571426,8.838164971596708,0.06157423223750299,52,64,,True,True,,103,59.56268577710819
210,2026-09-21T07:59:00.148+00:00,2026-09-21T08:03:03.901+00:00,2026-09-21T08:03:09.209+00:00,True,83,83.0,,83.0,243753.122483,249061.86769900002,249061.867719,3000.7453942048196,42.461421,243753.122483,26748.276517753213,77.348013,64.74079531707318,9.406296047382181,0.3332505323549103,52,64,,True,True,,343,59.56268577710819
211,2026-09-21T07:59:00.403+00:00,2026-09-21T08:03:05.195+00:00,2026-09-21T08:03:05.272+00:00,True,2,2.0,,2.0,244792.619412,244869.133972,244869.134154,122434.567077,76.514742,244792.619412,173040.41707771394,232556.81417849998,76.51456,nan,0.008167628020560131,52,64,,True,True,,6,59.56268577710819
212,2026-09-21T07:59:00.746+00:00,2026-09-21T08:03:07.356+00:00,2026-09-21T08:03:09.979+00:00,True,42,42.0,,42.0,246609.802093,249232.896877,249232.897054,5934.11659652381,45.375781,246609.802093,38042.84778920545,77.85752045,63.97792156097561,9.678188815941498,0.1685170799131208,52,64,,True,True,,167,59.56268577710819
214,2026-09-21T07:59:01.309+00:00,2026-09-21T08:03:08.905+00:00,2026-09-21T08:03:11.815+00:00,True,47,47.0,,47.0,247595.459618,250505.292834,250505.2928,5329.89984680851,44.008941,247595.459618,36106.28384677196,78.026852,63.257243826086956,9.613105649138376,0.18762078624480422,52,64,,True,True,,258,59.56268577710819
215,2026-09-21T07:59:01.555+00:00,2026-09-21T08:03:10.109+00:00,2026-09-21T08:03:14.214+00:00,True,66,66.0,,66.0,248553.974445,252658.960045,252658.959959,3828.1660599848483,40.877771,248553.974445,30587.10710642425,77.56858225,63.153624615384615,9.578829101031953,0.26122168787619887,52,64,,True,True,,75,59.56268577710819
216,2026-09-21T07:59:01.897+00:00,2026-09-21T08:03:11.866+00:00,2026-09-21T08:03:13.517+00:00,True,27,27.0,,27.0,249969.361941,251619.684629,251619.684569,9319.24757662963,42.941511,249969.361941,48094.4115710809,76.96277169999999,63.47394953846154,10.01507244489406,0.10730480025761928,52,64,,True,True,,108,59.56268577710819
213,2026-09-21T07:59:01.079+00:00,2026-09-21T08:03:13.248+00:00,2026-09-21T08:03:14.563+00:00,True,21,21.0,,21.0,252169.32943399998,253484.03176999997,253484.03168999997,12070.668175714285,47.114861,252169.32943399998,55013.5152683326,78.698843,65.7351168,9.593488742892813,0.08284545520821784,52,64,,True,True,,125,59.56268577710819
217,2026-09-21T07:59:02.237+00:00,2026-09-21T08:03:14.709+00:00,2026-09-21T08:03:18.452+00:00,True,62,62.0,,62.0,252471.672715,256215.197835,256215.19793599998,4132.503192516129,43.079311000000004,252471.672715,32056.141788847624,74.8062025,61.36926426229508,8.824306467160348,0.24198408417570674,52,64,,True,True,,368,59.56268577710819
218,2026-09-21T07:59:02.591+00:00,2026-09-21T08:03:16.448+00:00,2026-09-21T08:03:19.688+00:00,True,53,53.0,,53.0,253856.67146,257097.043428,257097.043443,4850.887612132075,44.290701999999996,253856.67146,34861.33724273919,76.6794006,62.31484553846153,9.580827413595571,0.2061478393268363,52,64,,True,True,,159,59.56268577710819
219,2026-09-21T07:59:02.935+00:00,2026-09-21T08:03:18.511+00:00,2026-09-21T08:03:24.475+00:00,True,94,94.0,,94.0,255575.613996,261539.800364,261539.800435,2782.3383025,46.155012,255575.613996,26353.99929384573,80.6045025,64.13103621505377,10.51501541306439,0.3594099248725234,52,64,,True,True,,188,59.56268577710819
220,2026-09-21T07:59:03.191+00:00,2026-09-21T08:03:19.948+00:00,2026-09-21T08:03:20.253+00:00,True,6,6.0,,6.0,256757.38447999998,257062.58204799998,257062.581911,42843.76365183333,55.035101000000004,256757.38447999998,104795.84414404037,192584.87101324997,61.0395136,5.88079870051516,0.02334061982960885,52,64,,True,True,,24,59.56268577710819
221,2026-09-21T07:59:03.531+00:00,2026-09-21T08:03:21.917+00:00,2026-09-21T08:03:22.252+00:00,True,6,6.0,,6.0,258386.201344,258721.34144,258721.341286,43120.22354766667,61.378012000000005,258386.201344,105458.36097414917,193807.617036,67.0280192,3.899843080632245,0.02319097437654349,52,64,,True,True,,13,59.56268577710819
222,2026-09-21T07:59:03.814+00:00,2026-09-21T08:03:23.157+00:00,2026-09-21T08:03:27.164+00:00,True,65,65.0,,65.0,259343.200028,263350.16758,263350.167728,4051.5410419692307,42.073241,259343.200028,32159.80082580619,80.0115146,62.608868,9.957381367610516,0.24681966446918788,52,64,,True,True,,368,59.56268577710819
223,2026-09-21T07:59:04.125+00:00,2026-09-21T08:03:24.605+00:00,2026-09-21T08:03:26.312+00:00,True,28,28.0,,28.0,260479.518097,262186.764177,262186.764407,9363.813014535714,41.154472,260479.518097,49214.05311571298,77.7734385,63.2313362962963,9.172105409335579,0.10679410186052506,52,64,,True,True,,112,59.56268577710819
224,2026-09-21T07:59:04.334+00:00,2026-09-21T08:03:25.694+00:00,2026-09-21T08:03:31.762+00:00,True,97,97.0,,97.0,261359.789793,267427.864033,267427.863835,2756.9882869587627,41.749752,261359.789793,26530.65015098352,77.660378,63.20910666666666,10.444687807578731,0.3627146346576302,52,64,,True,True,,97,59.56268577710819
225,2026-09-21T07:59:04.660+00:00,2026-09-21T08:03:27.494+00:00,2026-09-21T08:03:29.960+00:00,True,40,40.0,,40.0,262834.122462,265299.299038,265299.299169,6632.482479225,43.790172,262834.122462,41547.730605221994,77.47312105,63.20965579487179,10.284722731182491,0.1507731085044089,52,64,,True,True,,105,59.56268577710819
226,2026-09-21T07:59:05.608+00:00,2026-09-21T08:03:29.797+00:00,2026-09-21T08:03:30.989+00:00,True,20,20.0,,20.0,264189.62198500003,265381.23312100006,265381.23305700003,13269.061652850001,41.008701,264189.62198500003,59060.572448619525,13288.621630150003,62.716375578947364,10.504105891725018,0.07536327932759676,52,64,,True,True,,50,59.56268577710819
228,2026-09-21T07:59:05.705+00:00,2026-09-21T08:03:30.544+00:00,2026-09-21T08:03:32.335+00:00,True,29,29.0,,29.0,264839.33172200003,266630.48769000004,266630.48786500003,9194.154753965518,46.103561,264839.33172200003,49167.55139031692,78.3800034,63.969856,10.242870865268772,0.10876475624091822,52,64,,True,True,,116,59.56268577710819
229,2026-09-21T07:59:05.791+00:00,2026-09-21T08:03:31.908+00:00,2026-09-21T08:03:33.474+00:00,True,26,26.0,,26.0,266116.751027,267682.356403,267682.35651,10295.475250384616,46.220621,266116.751027,52177.50771254205,75.93114625000001,62.624215039999996,8.245507484467995,0.09713004752863348,52,64,,True,True,,104,59.56268577710819
227,2026-09-21T07:59:05.684+00:00,2026-09-21T08:03:32.218+00:00,2026-09-21T08:03:33.737+00:00,True,25,25.0,,25.0,266534.414114,268053.090082,268053.089966,10722.123598639999,45.035211000000004,266534.414114,53294.22798808623,79.60901719999998,63.278165333333334,9.417403882281464,0.09326510652181724,52,64,,True,True,,100,59.56268577710819
230,2026-09-21T07:59:06.024+00:00,2026-09-21T08:03:34.758+00:00,2026-09-21T08:03:37.486+00:00,True,44,44.0,,44.0,268734.22954100004,271462.66678900004,271462.66677,6169.606062954546,46.201001,268734.22954100004,40503.6448789112,77.74496464999999,63.45202902325582,9.937186640019545,0.1620849029461569,52,64,,True,True,,132,59.56268577710819
231,2026-09-21T07:59:06.214+00:00,2026-09-21T08:03:36.063+00:00,2026-09-21T08:03:42.028+00:00,True,94,94.0,,94.0,269849.02687,275813.859126,275813.859283,2934.1899923723404,46.006491000000004,269849.02687,27826.18841559643,76.6947845,64.13798124731183,10.017634889851985,0.3408095601064702,52,64,,True,True,,188,59.56268577710819
232,2026-09-21T07:59:06.528+00:00,2026-09-21T08:03:37.543+00:00,2026-09-21T08:03:38.224+00:00,True,12,12.0,,12.0,271014.97305800003,271696.05542600004,271696.055532,22641.337961,47.676970999999995,271014.97305800003,78217.41052410375,121999.09364120002,61.91657890909091,9.077989322331344,0.044167001177786165,52,64,,True,True,,12,59.56268577710819
233,2026-09-21T07:59:06.873+00:00,2026-09-21T08:03:39.218+00:00,2026-09-21T08:03:41.743+00:00,True,40,40.0,,40.0,272344.822027,274870.093835,274870.09387000004,6871.7523467500005,40.175481,272344.822027,43051.26080868583,78.7624125,64.75055917948718,11.29322182578854,0.14552328862670427,52,64,,True,True,,317,59.56268577710819
234,2026-09-21T07:59:07.139+00:00,2026-09-21T08:03:40.708+00:00,2026-09-21T08:03:45.990+00:00,True,83,83.0,,83.0,273569.259621,278850.666341,278850.66644199996,3359.646583638554,44.211872,273569.259621,30021.059220918516,78.79224380000001,64.40739902439024,9.590858834409635,0.2976503556154362,52,64,,True,True,,415,59.56268577710819
235,2026-09-21T07:59:07.483+00:00,2026-09-21T08:03:42.447+00:00,2026-09-21T08:03:47.506+00:00,True,81,81.0,,81.0,274963.753141,280023.12824499997,280023.128357,3457.075658728395,41.142841,274963.753141,30544.502617850005,79.382671,63.242188799999994,9.3099440427612,0.28926182100619513,52,64,,True,True,,81,59.56268577710819
236,2026-09-21T07:59:07.767+00:00,2026-09-21T08:03:43.883+00:00,2026-09-21T08:03:44.948+00:00,True,18,18.0,,18.0,276116.275453,277180.553725,277180.553594,15398.91964411111,44.507791,276116.275453,65066.47505302695,41484.448042799995,62.60460423529412,10.787758346356156,0.06493962061226848,52,64,,True,True,,36,59.56268577710819
237,2026-09-21T07:59:08.043+00:00,2026-09-21T08:03:45.457+00:00,2026-09-21T08:03:51.556+00:00,True,97,97.0,,97.0,277413.852676,283512.694532,283512.694584,2922.8112843711338,43.04631,277413.852676,28160.66046915802,79.7157632,63.52960266666666,10.054113854430023,0.3421363553407011,52,64,,True,True,,453,59.56268577710819
238,2026-09-21T07:59:08.302+00:00,2026-09-21T08:03:46.663+00:00,2026-09-21T08:03:46.762+00:00,True,3,3.0,,3.0,278360.948935,278460.00147899997,278460.001447,92820.00048233333,46.887611,278360.948935,160683.1748239335,250530.07053159998,49.526272,3.731894630641117,0.010773540128082792,52,64,,True,True,,10,59.56268577710819
239,2026-09-21T07:59:08.658+00:00,2026-09-21T08:03:48.618+00:00,2026-09-21T08:03:51.987+00:00,True,54,54.0,,54.0,279959.815819,283328.651147,283328.651159,5246.826873314815,45.752632,279959.815819,38089.05663750331,77.23665165,63.562930716981136,9.048785905607236,0.19059138488603844,52,64,,True,True,,320,59.56268577710819
240,2026-09-21T07:59:09.017+00:00,2026-09-21T08:03:50.531+00:00,2026-09-21T08:03:54.294+00:00,True,59,59.0,,59.0,281513.613402,285276.640346,285276.640371,4835.197294423729,41.862891000000005,281513.613402,36641.50536852741,77.63961599999999,64.87977489655172,9.618763113930607,0.20681679344106618,52,64,,True,True,,59,59.56268577710819
241,2026-09-21T07:59:09.298+00:00,2026-09-21T08:03:52.063+00:00,2026-09-21T08:03:56.661+00:00,True,73,73.0,,73.0,282765.249015,287363.28037500003,287363.280221,3936.4832906986303,44.099771000000004,282765.249015,33087.69595244505,76.073232,63.86154666666666,9.155016010875219,0.2540338483912673,52,64,,True,True,,73,59.56268577710819
242,2026-09-21T07:59:09.645+00:00,2026-09-21T08:03:53.491+00:00,2026-09-21T08:03:55.712+00:00,True,36,36.0,,36.0,283846.020409,286067.564601,286067.564565,7946.321237916666,44.121680999999995,283846.020409,47297.092255312535,77.72092425,63.4726912,9.712966337918052,0.1258443964110783,52,64,,True,True,,108,59.56268577710819
243,2026-09-21T07:59:09.863+00:00,2026-09-21T08:03:54.707+00:00,2026-09-21T08:03:55.827+00:00,True,19,19.0,,19.0,284843.502541,285963.918285,285963.918335,15050.73254394737,44.839981,284843.502541,65333.30171793786,28552.622095000002,62.245319111111115,9.114351390172112,0.06644194873936524,52,64,,True,True,,100,59.56268577710819
245,2026-09-21T07:59:10.411+00:00,2026-09-21T08:03:55.326+00:00,2026-09-21T08:03:57.509+00:00,True,36,36.0,,36.0,284914.837577,287098.74132100004,287098.741302,7974.965036166667,48.439541,284914.837577,47475.407419614865,75.483902,62.39724982857143,8.261757576891071,0.12539239926429716,52,64,,True,True,,144,59.56268577710819
246,2026-09-21T07:59:10.675+00:00,2026-09-21T08:03:57.002+00:00,2026-09-21T08:03:57.207+00:00,True,4,4.0,,4.0,286326.64446499996,286531.550449,286531.55036999995,71632.88759249999,61.005701,286326.64446499996,143129.17135122954,243388.74975154997,68.30199466666667,6.646873074532817,0.013960068249838212,52,64,,True,True,,8,59.56268577710819
247,2026-09-21T07:59:10.977+00:00,2026-09-21T08:03:58.890+00:00,2026-09-21T08:04:02.005+00:00,True,49,49.0,,49.0,287913.102213,291027.915653,291027.915518,5939.345214653062,47.621631,287913.102213,41121.17369143832,75.586856,64.89194666666667,8.175880297324062,0.16836872809969183,52,64,,True,True,,98,59.56268577710819
244,2026-09-21T07:59:10.105+00:00,2026-09-21T08:03:59.870+00:00,2026-09-21T08:04:05.788+00:00,True,94,94.0,,94.0,289764.52803399996,295683.01328199997,295683.013108,3145.563969234042,43.490591,289764.52803399996,29880.366565654396,78.0576555,63.639626322580646,9.291489195721695,0.3179080156030132,52,64,,True,True,,658,59.56268577710819
248,2026-09-21T07:59:11.312+00:00,2026-09-21T08:04:02.134+00:00,2026-09-21T08:04:03.676+00:00,True,25,25.0,,25.0,290821.487207,292363.26359100005,292363.26358900004,11694.53054356,46.494701,290821.487207,58151.450004130296,77.39879300000001,64.24068266666666,9.211968238774348,0.08551005927671408,52,64,,True,True,,50,59.56268577710819
249,2026-09-21T07:59:11.563+00:00,2026-09-21T08:04:03.370+00:00,2026-09-21T08:04:08.034+00:00,True,76,76.0,,76.0,291807.056337,296470.461905,296470.46190399997,3900.9271303157893,42.871261,291807.056337,33465.43386113754,76.73346925000001,62.17874090666667,9.255393926343336,0.256349315583261,52,64,,True,True,,227,59.56268577710819
250,2026-09-21T07:59:11.809+00:00,2026-09-21T08:04:05.118+00:00,2026-09-21T08:04:08.791+00:00,True,59,59.0,,59.0,293309.55580699997,296982.13129499997,296982.13122399995,5033.595444474576,43.475591,293309.55580699997,38177.40898860383,76.7912971,63.32026703448276,8.519814589457644,0.1986651511413452,52,64,,True,True,,236,59.56268577710819
251,2026-09-21T07:59:12.069+00:00,2026-09-21T08:04:06.315+00:00,2026-09-21T08:04:07.639+00:00,True,22,22.0,,22.0,294246.49540899997,295570.07633699995,295570.07637699996,13435.003471681817,48.037292,294246.49540899997,62720.126635323126,78.80801154999999,63.027663238095236,8.682521281668695,0.07443243332561268,52,64,,True,True,,22,59.56268577710819
252,2026-09-21T07:59:12.351+00:00,2026-09-21T08:04:07.772+00:00,2026-09-21T08:04:09.826+00:00,True,34,34.0,,34.0,295421.386686,297475.14898999996,297475.14892899996,8749.269086147058,48.746010999999996,295421.386686,50653.67735417638,77.72327265,62.235221333333335,8.961962321497824,0.11429526168971833,52,64,,True,True,,150,59.56268577710819
253,2026-09-21T07:59:12.634+00:00,2026-09-21T08:04:09.347+00:00,2026-09-21T08:04:12.649+00:00,False,55,54.0,,54.0,296712.83629400004,300014.604486,300014.604293,5454.810987145455,0.02605,296712.83629400004,40000.50817137522,77.559626,61.14385540740741,13.15342413898526,0.17999123773496123,52,64,,True,False,Request timeout: 300.0s exceeded,108,59.56268577710819
254,2026-09-21T07:59:12.989+00:00,2026-09-21T08:04:11.286+00:00,2026-09-21T08:04:13.026+00:00,False,31,30.0,,30.0,298296.487572,300037.10274,300037.102839,9678.616220612903,0.03521,298296.487572,53565.21164285712,74.635447,58.0205056,13.685494842996567,0.09998763394938119,52,64,,True,False,Request timeout: 300.0s exceeded,98,59.56268577710819
255,2026-09-21T07:59:13.255+00:00,2026-09-21T08:04:12.892+00:00,2026-09-21T08:04:12.971+00:00,True,2,2.0,,2.0,299637.20526300004,299715.494927,299715.49479500006,149857.74739750003,78.28953200000001,299637.20526300004,211820.14067827968,284659.25947645004,78.289664,nan,0.00667299500310162,52,64,,True,True,,11,59.56268577710819
256,2026-09-21T07:59:13.520+00:00,2026-09-21T08:04:13.609+00:00,2026-09-21T08:04:13.609+00:00,False,1,0.0,,0.0,300089.557635,300089.557635,300089.557635,300089.557635,300089.557635,300089.557635,nan,300089.557635,nan,nan,0.0,52,64,,True,False,"HTTPConnectionPool(host='gpu06', port=9004): Read timed out.",0,59.56268577710819
257,2026-09-21T07:59:13.855+00:00,2026-09-21T08:04:13.912+00:00,2026-09-21T08:04:13.912+00:00,False,1,0.0,,0.0,300057.497851,300057.497851,300057.497851,300057.497851,300057.497851,300057.497851,nan,300057.497851,nan,nan,0.0,52,64,,True,False,"HTTPConnectionPool(host='gpu06', port=9004): Read timed out.",0,59.56268577710819
258,2026-09-21T07:59:14.073+00:00,2026-09-21T08:04:14.170+00:00,2026-09-21T08:04:14.170+00:00,False,1,0.0,,0.0,300096.273978,300096.273978,300096.273978,300096.273978,300096.273978,300096.273978,nan,300096.273978,nan,nan,0.0,52,64,,True,False,"HTTPConnectionPool(host='gpu06', port=9004): Read timed out.",0,59.56268577710819
259,2026-09-21T07:59:14.309+00:00,2026-09-21T08:04:14.414+00:00,2026-09-21T08:04:14.414+00:00,False,1,0.0,,0.0,300104.85502200003,300104.85502200003,300104.85502200003,300104.85502200003,300104.85502200003,300104.85502200003,nan,300104.85502200003,nan,nan,0.0,52,64,,True,False,"HTTPConnectionPool(host='gpu06', port=9004): Read timed out.",0,59.56268577710819
260,2026-09-21T07:59:14.662+00:00,2026-09-21T08:04:14.767+00:00,2026-09-21T08:04:14.767+00:00,False,1,0.0,,0.0,300105.093008,300105.093008,300105.093008,300105.093008,300105.093008,300105.093008,nan,300105.093008,nan,nan,0.0,52,64,,True,False,"HTTPConnectionPool(host='gpu06', port=9004): Read timed out.",0,59.56268577710819
261,2026-09-21T07:59:15.001+00:00,2026-09-21T08:04:15.105+00:00,2026-09-21T08:04:15.105+00:00,False,1,0.0,,0.0,300104.402916,300104.402916,300104.402916,300104.402916,300104.402916,300104.402916,nan,300104.402916,nan,nan,0.0,52,64,,True,False,"HTTPConnectionPool(host='gpu06', port=9004): Read timed out.",0,59.56268577710819
262,2026-09-21T07:59:15.265+00:00,2026-09-21T08:04:15.371+00:00,2026-09-21T08:04:15.371+00:00,False,1,0.0,,0.0,300106.230278,300106.230278,300106.230278,300106.230278,300106.230278,300106.230278,nan,300106.230278,nan,nan,0.0,52,64,,True,False,"HTTPConnectionPool(host='gpu06', port=9004): Read timed out.",0,59.56268577710819
263,2026-09-21T07:59:15.486+00:00,2026-09-21T08:04:15.487+00:00,2026-09-21T08:04:15.647+00:00,False,3,2.0,,2.0,300001.234401,300161.040609,300161.040814,100053.68027133335,0.03648,300001.234401,173159.67971938787,270017.08795420005,79.903104,112.94864386108851,0.006663089906478796,52,64,,True,False,Request timeout: 300.0s exceeded,6,59.56268577710819
264,2026-09-21T07:59:15.812+00:00,2026-09-21T08:04:15.805+00:00,2026-09-21T08:04:15.855+00:00,False,3,2.0,,2.0,299992.765289,300043.376233,300043.37624,100014.45874666667,0.12018999999999999,299992.765289,173186.29550271344,269998.5378362,25.305472,35.617545567499846,0.006665702889727821,52,64,,True,False,Request timeout: 300.0s exceeded,14,59.56268577710819
265,2026-09-21T07:59:16.016+00:00,2026-09-21T08:04:16.101+00:00,2026-09-21T08:04:16.101+00:00,False,1,0.0,,0.0,300084.92781699996,300084.92781699996,300084.92781699996,300084.92781699996,300084.92781699996,300084.92781699996,nan,300084.92781699996,nan,nan,0.0,52,64,,True,False,"HTTPConnectionPool(host='gpu06', port=9004): Read timed out.",0,59.56268577710819
266,2026-09-21T07:59:16.245+00:00,2026-09-21T08:04:16.314+00:00,2026-09-21T08:04:16.314+00:00,False,1,0.0,,0.0,300069.725061,300069.725061,300069.725061,300069.725061,300069.725061,300069.725061,nan,300069.725061,nan,nan,0.0,52,64,,True,False,"HTTPConnectionPool(host='gpu06', port=9004): Read timed out.",0,59.56268577710819
267,2026-09-21T07:59:16.558+00:00,2026-09-21T08:04:16.659+00:00,2026-09-21T08:04:16.659+00:00,False,1,0.0,,0.0,300100.846912,300100.846912,300100.846912,300100.846912,300100.846912,300100.846912,nan,300100.846912,nan,nan,0.0,52,64,,True,False,"HTTPConnectionPool(host='gpu06', port=9004): Read timed out.",0,59.56268577710819
268,2026-09-21T07:59:16.764+00:00,2026-09-21T08:04:16.867+00:00,2026-09-21T08:04:16.867+00:00,False,1,0.0,,0.0,300102.704757,300102.704757,300102.704757,300102.704757,300102.704757,300102.704757,nan,300102.704757,nan,nan,0.0,52,64,,True,False,"HTTPConnectionPool(host='gpu06', port=9004): Read timed out.",0,59.56268577710819
269,2026-09-21T07:59:17.082+00:00,2026-09-21T08:04:17.191+00:00,2026-09-21T08:04:17.191+00:00,False,1,0.0,,0.0,300109.330757,300109.330757,300109.330757,300109.330757,300109.330757,300109.330757,nan,300109.330757,nan,nan,0.0,52,64,,True,False,"HTTPConnectionPool(host='gpu06', port=9004): Read timed out.",0,59.56268577710819
270,2026-09-21T07:59:17.331+00:00,2026-09-21T08:04:17.342+00:00,2026-09-21T08:04:17.342+00:00,False,1,0.0,,0.0,300010.73032800003,300010.73032800003,300010.73032800003,300010.73032800003,300010.73032800003,300010.73032800003,nan,300010.73032800003,nan,nan,0.0,52,64,,True,False,TTFT timeout: 300.0s exceeded (TTFT: 300.003s),0,59.56268577710819
271,2026-09-21T07:59:17.685+00:00,2026-09-21T08:04:17.800+00:00,2026-09-21T08:04:17.800+00:00,False,1,0.0,,0.0,300115.44528600003,300115.44528600003,300115.44528600003,300115.44528600003,300115.44528600003,300115.44528600003,nan,300115.44528600003,nan,nan,0.0,52,64,,True,False,"HTTPConnectionPool(host='gpu06', port=9004): Read timed out.",0,59.56268577710819
272,2026-09-21T07:59:18.009+00:00,2026-09-21T08:04:18.032+00:00,2026-09-21T08:04:18.032+00:00,False,1,0.0,,0.0,300022.962672,300022.962672,300022.962672,300022.962672,300022.962672,300022.962672,nan,300022.962672,nan,nan,0.0,52,64,,True,False,TTFT timeout: 300.0s exceeded (TTFT: 300.007s),0,59.56268577710819
273,2026-09-21T07:59:18.222+00:00,2026-09-21T08:04:18.338+00:00,2026-09-21T08:04:18.338+00:00,False,1,0.0,,0.0,300115.18257999996,300115.18257999996,300115.18257999996,300115.18257999996,300115.18257999996,300115.18257999996,nan,300115.18257999996,nan,nan,0.0,52,64,,True,False,"HTTPConnectionPool(host='gpu06', port=9004): Read timed out.",0,59.56268577710819
274,2026-09-21T07:59:19.328+00:00,2026-09-21T08:04:18.823+00:00,2026-09-21T08:04:19.742+00:00,False,15,14.0,,14.0,299495.703033,300413.887481,300413.887552,20027.592503466665,0.030629999999999998,299495.703033,77312.5297628607,89929.50241999999,65.58460342857143,30.615395756021492,0.046602372870946075,52,64,,True,False,Request timeout: 300.0s exceeded,42,59.56268577710819
275,2026-09-21T07:59:19.411+00:00,2026-09-21T08:04:20.086+00:00,2026-09-21T08:04:20.086+00:00,False,1,0.0,,0.0,300675.108992,300675.108992,300675.108992,300675.108992,300675.108992,300675.108992,nan,300675.108992,nan,nan,0.0,52,64,,True,False,"HTTPConnectionPool(host='gpu06', port=9004): Read timed out.",0,59.56268577710819
276,2026-09-21T07:59:19.624+00:00,2026-09-21T08:04:20.400+00:00,2026-09-21T08:04:20.400+00:00,False,1,0.0,,0.0,300776.59877,300776.59877,300776.59877,300776.59877,300776.59877,300776.59877,nan,300776.59877,nan,nan,0.0,52,64,,True,False,"HTTPConnectionPool(host='gpu06', port=9004): Read timed out.",0,59.56268577710819
277,2026-09-21T07:59:19.633+00:00,2026-09-21T08:04:20.401+00:00,2026-09-21T08:04:20.401+00:00,False,1,0.0,,0.0,300767.758399,300767.758399,300767.758399,300767.758399,300767.758399,300767.758399,nan,300767.758399,nan,nan,0.0,52,64,,True,False,"HTTPConnectionPool(host='gpu06', port=9004): Read timed out.",0,59.56268577710819
279,2026-09-21T07:59:19.977+00:00,2026-09-21T08:04:20.401+00:00,2026-09-21T08:04:20.401+00:00,False,1,0.0,,0.0,300424.168689,300424.168689,300424.168689,300424.168689,300424.168689,300424.168689,nan,300424.168689,nan,nan,0.0,52,64,,True,False,"HTTPConnectionPool(host='gpu06', port=9004): Read timed out.",0,59.56268577710819
278,2026-09-21T07:59:19.745+00:00,2026-09-21T08:04:21.210+00:00,2026-09-21T08:04:21.405+00:00,False,5,4.0,,4.0,301465.712026,301660.469914,301660.46972000005,60332.09394400001,0.03127,301465.712026,134797.79537549426,241193.15424920002,48.689472,42.192989895439645,0.01325994089030079,52,64,,True,False,Request timeout: 300.0s exceeded,12,59.56268577710819
280,2026-09-21T07:59:20.197+00:00,2026-09-21T08:04:21.213+00:00,2026-09-21T08:04:21.406+00:00,False,5,4.0,,4.0,301015.965546,301208.728426,301208.72865,60241.745729999995,0.031100000000000003,301015.965546,134596.88503424608,240832.13524519998,48.19072,39.51233796701784,0.013279827649425861,52,64,,True,False,Request timeout: 300.0s exceeded,10,59.56268577710819
281,2026-09-21T07:59:20.417+00:00,2026-09-21T08:04:21.896+00:00,2026-09-21T08:04:21.896+00:00,False,1,0.0,,0.0,301479.760541,301479.760541,301479.760541,301479.760541,301479.760541,301479.760541,nan,301479.760541,nan,nan,0.0,52,64,,True,False,"HTTPConnectionPool(host='gpu06', port=9004): Read timed out.",0,59.56268577710819
282,2026-09-21T07:59:20.722+00:00,2026-09-21T08:04:21.899+00:00,2026-09-21T08:04:21.899+00:00,False,1,0.0,,0.0,301176.902654,301176.902654,301176.902654,301176.902654,301176.902654,301176.902654,nan,301176.902654,nan,nan,0.0,52,64,,True,False,"HTTPConnectionPool(host='gpu06', port=9004): Read timed out.",0,59.56268577710819
285,2026-09-21T07:59:21.547+00:00,2026-09-21T08:04:21.899+00:00,2026-09-21T08:04:21.899+00:00,False,1,0.0,,0.0,300352.111562,300352.111562,300352.111562,300352.111562,300352.111562,300352.111562,nan,300352.111562,nan,nan,0.0,52,64,,True,False,"HTTPConnectionPool(host='gpu06', port=9004): Read timed out.",0,59.56268577710819
288,2026-09-21T07:59:22.304+00:00,2026-09-21T08:04:23.275+00:00,2026-09-21T08:04:23.275+00:00,False,1,0.0,,0.0,300971.175554,300971.175554,300971.175554,300971.175554,300971.175554,300971.175554,nan,300971.175554,nan,nan,0.0,52,64,,True,False,"HTTPConnectionPool(host='gpu06', port=9004): Read timed out.",0,59.56268577710819
289,2026-09-21T07:59:22.536+00:00,2026-09-21T08:04:23.286+00:00,2026-09-21T08:04:23.286+00:00,False,1,0.0,,0.0,300750.702574,300750.702574,300750.702574,300750.702574,300750.702574,300750.702574,nan,300750.702574,nan,nan,0.0,52,64,,True,False,"HTTPConnectionPool(host='gpu06', port=9004): Read timed out.",0,59.56268577710819
291,2026-09-21T07:59:23.046+00:00,2026-09-21T08:04:23.291+00:00,2026-09-21T08:04:23.291+00:00,False,1,0.0,,0.0,300245.35241000005,300245.35241000005,300245.35241000005,300245.35241000005,300245.35241000005,300245.35241000005,nan,300245.35241000005,nan,nan,0.0,52,64,,True,False,"HTTPConnectionPool(host='gpu06', port=9004): Read timed out.",0,59.56268577710819
283,2026-09-21T07:59:20.940+00:00,2026-09-21T08:04:23.294+00:00,2026-09-21T08:04:23.294+00:00,False,1,0.0,,0.0,302354.479615,302354.479615,302354.479615,302354.479615,302354.479615,302354.479615,nan,302354.479615,nan,nan,0.0,52,64,,True,False,"HTTPConnectionPool(host='gpu06', port=9004): Read timed out.",0,59.56268577710819
284,2026-09-21T07:59:21.234+00:00,2026-09-21T08:04:23.305+00:00,2026-09-21T08:04:23.305+00:00,False,1,0.0,,0.0,302071.119969,302071.119969,302071.119969,302071.119969,302071.119969,302071.119969,nan,302071.119969,nan,nan,0.0,52,64,,True,False,"HTTPConnectionPool(host='gpu06', port=9004): Read timed out.",0,59.56268577710819
286,2026-09-21T07:59:21.847+00:00,2026-09-21T08:04:23.315+00:00,2026-09-21T08:04:23.315+00:00,False,1,0.0,,0.0,301467.454985,301467.454985,301467.454985,301467.454985,301467.454985,301467.454985,nan,301467.454985,nan,nan,0.0,52,64,,True,False,"HTTPConnectionPool(host='gpu06', port=9004): Read timed out.",0,59.56268577710819
287,2026-09-21T07:59:22.052+00:00,2026-09-21T08:04:23.321+00:00,2026-09-21T08:04:23.321+00:00,False,1,0.0,,0.0,301269.184967,301269.184967,301269.184967,301269.184967,301269.184967,301269.184967,nan,301269.184967,nan,nan,0.0,52,64,,True,False,"HTTPConnectionPool(host='gpu06', port=9004): Read timed out.",0,59.56268577710819
290,2026-09-21T07:59:22.797+00:00,2026-09-21T08:04:23.321+00:00,2026-09-21T08:04:23.321+00:00,False,1,0.0,,0.0,300524.429872,300524.429872,300524.429872,300524.429872,300524.429872,300524.429872,nan,300524.429872,nan,nan,0.0,52,64,,True,False,"HTTPConnectionPool(host='gpu06', port=9004): Read timed out.",0,59.56268577710819
292,2026-09-21T07:59:23.264+00:00,2026-09-21T08:04:23.370+00:00,2026-09-21T08:04:23.370+00:00,False,1,0.0,,0.0,300105.729712,300105.729712,300105.729712,300105.729712,300105.729712,300105.729712,nan,300105.729712,nan,nan,0.0,52,64,,True,False,"HTTPConnectionPool(host='gpu06', port=9004): Read timed out.",0,59.56268577710819
293,2026-09-21T07:59:23.545+00:00,2026-09-21T08:04:23.633+00:00,2026-09-21T08:04:23.633+00:00,False,1,0.0,,0.0,300087.64586299995,300087.64586299995,300087.64586299995,300087.64586299995,300087.64586299995,300087.64586299995,nan,300087.64586299995,nan,nan,0.0,52,64,,True,False,"HTTPConnectionPool(host='gpu06', port=9004): Read timed out.",0,59.56268577710819
294,2026-09-21T07:59:23.892+00:00,2026-09-21T08:04:23.969+00:00,2026-09-21T08:04:23.969+00:00,False,1,0.0,,0.0,300076.36704000004,300076.36704000004,300076.36704000004,300076.36704000004,300076.36704000004,300076.36704000004,nan,300076.36704000004,nan,nan,0.0,52,64,,True,False,"HTTPConnectionPool(host='gpu06', port=9004): Read timed out.",0,59.56268577710819
295,2026-09-21T07:59:24.143+00:00,2026-09-21T08:04:24.165+00:00,2026-09-21T08:04:24.165+00:00,False,1,0.0,,0.0,300022.688981,300022.688981,300022.688981,300022.688981,300022.688981,300022.688981,nan,300022.688981,nan,nan,0.0,52,64,,True,False,"HTTPConnectionPool(host='gpu06', port=9004): Read timed out.",0,59.56268577710819
296,2026-09-21T07:59:24.457+00:00,2026-09-21T08:04:24.558+00:00,2026-09-21T08:04:24.558+00:00,False,1,0.0,,0.0,300101.34607200004,300101.34607200004,300101.34607200004,300101.34607200004,300101.34607200004,300101.34607200004,nan,300101.34607200004,nan,nan,0.0,52,64,,True,False,"HTTPConnectionPool(host='gpu06', port=9004): Read timed out.",0,59.56268577710819
297,2026-09-21T07:59:24.663+00:00,2026-09-21T08:04:24.669+00:00,2026-09-21T08:04:24.669+00:00,False,1,0.0,,0.0,300006.031446,300006.031446,300006.031446,300006.031446,300006.031446,300006.031446,nan,300006.031446,nan,nan,0.0,52,64,,True,False,"HTTPConnectionPool(host='gpu06', port=9004): Read timed out.",0,59.56268577710819
298,2026-09-21T07:59:24.937+00:00,2026-09-21T08:04:25.032+00:00,2026-09-21T08:04:25.032+00:00,False,1,0.0,,0.0,300094.70154000004,300094.70154000004,300094.70154000004,300094.70154000004,300094.70154000004,300094.70154000004,nan,300094.70154000004,nan,nan,0.0,52,64,,True,False,"HTTPConnectionPool(host='gpu06', port=9004): Read timed out.",0,59.56268577710819
299,2026-09-21T07:59:25.198+00:00,2026-09-21T08:04:25.303+00:00,2026-09-21T08:04:25.303+00:00,False,1,0.0,,0.0,300104.815083,300104.815083,300104.815083,300104.815083,300104.815083,300104.815083,nan,300104.815083,nan,nan,0.0,52,64,,True,False,"HTTPConnectionPool(host='gpu06', port=9004): Read timed out.",0,59.56268577710819
300,2026-09-21T07:59:25.519+00:00,2026-09-21T08:04:25.529+00:00,2026-09-21T08:04:25.529+00:00,False,1,0.0,,0.0,300009.942038,300009.942038,300009.942038,300009.942038,300009.942038,300009.942038,nan,300009.942038,nan,nan,0.0,52,64,,True,False,TTFT timeout: 300.0s exceeded (TTFT: 300.001s),0,59.56268577710819
301,2026-09-21T07:59:25.747+00:00,2026-09-21T08:04:25.717+00:00,2026-09-21T08:04:25.788+00:00,False,3,2.0,,2.0,299970.52338200004,300041.079542,300041.07945400005,100013.69315133335,0.032240000000000005,299970.52338200004,173167.6982268572,269980.52342700004,35.27808,49.84512231781513,0.006665753912940571,52,64,,True,False,Request timeout: 300.0s exceeded,12,59.56268577710819
302,2026-09-21T07:59:26.064+00:00,2026-09-21T08:04:26.190+00:00,2026-09-21T08:04:26.190+00:00,False,1,0.0,,0.0,300125.904574,300125.904574,300125.904574,300125.904574,300125.904574,300125.904574,nan,300125.904574,nan,nan,0.0,52,64,,True,False,"HTTPConnectionPool(host='gpu06', port=9004): Read timed out.",0,59.56268577710819
303,2026-09-21T07:59:26.356+00:00,2026-09-21T08:04:26.463+00:00,2026-09-21T08:04:26.463+00:00,False,1,0.0,,0.0,300106.598895,300106.598895,300106.598895,300106.598895,300106.598895,300106.598895,nan,300106.598895,nan,nan,0.0,52,64,,True,False,"HTTPConnectionPool(host='gpu06', port=9004): Read timed out.",0,59.56268577710819
304,2026-09-21T07:59:26.621+00:00,2026-09-21T08:04:26.735+00:00,2026-09-21T08:04:26.735+00:00,False,1,0.0,,0.0,300113.943717,300113.943717,300113.943717,300113.943717,300113.943717,300113.943717,nan,300113.943717,nan,nan,0.0,52,64,,True,False,"HTTPConnectionPool(host='gpu06', port=9004): Read timed out.",0,59.56268577710819
305,2026-09-21T07:59:26.872+00:00,2026-09-21T08:04:26.977+00:00,2026-09-21T08:04:26.977+00:00,False,1,0.0,,0.0,300104.85897,300104.85897,300104.85897,300104.85897,300104.85897,300104.85897,nan,300104.85897,nan,nan,0.0,52,64,,True,False,"HTTPConnectionPool(host='gpu06', port=9004): Read timed out.",0,59.56268577710819
306,2026-09-21T07:59:27.110+00:00,2026-09-21T08:04:27.215+00:00,2026-09-21T08:04:27.215+00:00,False,1,0.0,,0.0,300104.82435500005,300104.82435500005,300104.82435500005,300104.82435500005,300104.82435500005,300104.82435500005,nan,300104.82435500005,nan,nan,0.0,52,64,,True,False,"HTTPConnectionPool(host='gpu06', port=9004): Read timed out.",0,59.56268577710819
307,2026-09-21T07:59:27.329+00:00,2026-09-21T08:04:27.435+00:00,2026-09-21T08:04:27.435+00:00,False,1,0.0,,0.0,300106.09314899996,300106.09314899996,300106.09314899996,300106.09314899996,300106.09314899996,300106.09314899996,nan,300106.09314899996,nan,nan,0.0,52,64,,True,False,"HTTPConnectionPool(host='gpu06', port=9004): Read timed out.",0,59.56268577710819
308,2026-09-21T07:59:27.575+00:00,2026-09-21T08:04:27.515+00:00,2026-09-21T08:04:27.659+00:00,False,3,2.0,,2.0,299939.92714,300084.10659599997,300084.106723,100028.03557433333,0.033479999999999996,299939.92714,173128.79160940903,269960.3490363,72.089728,101.90284397935972,0.0066647981550471734,52,64,,True,False,Request timeout: 300.0s exceeded,10,59.56268577710819
309,2026-09-21T07:59:27.841+00:00,2026-09-21T08:04:27.904+00:00,2026-09-21T08:04:27.904+00:00,False,1,0.0,,0.0,300063.523614,300063.523614,300063.523614,300063.523614,300063.523614,300063.523614,nan,300063.523614,nan,nan,0.0,52,64,,True,False,TTFT timeout: 300.0s exceeded (TTFT: 300.050s),0,59.56268577710819
310,2026-09-21T07:59:28.072+00:00,2026-09-21T08:04:28.101+00:00,2026-09-21T08:04:28.101+00:00,False,1,0.0,,0.0,300028.645158,300028.645158,300028.645158,300028.645158,300028.645158,300028.645158,nan,300028.645158,nan,nan,0.0,52,64,,True,False,"HTTPConnectionPool(host='gpu06', port=9004): Read timed out.",0,59.56268577710819
311,2026-09-21T07:59:28.427+00:00,2026-09-21T08:04:28.546+00:00,2026-09-21T08:04:28.546+00:00,False,1,0.0,,0.0,300119.344856,300119.344856,300119.344856,300119.344856,300119.344856,300119.344856,nan,300119.344856,nan,nan,0.0,52,64,,True,False,"HTTPConnectionPool(host='gpu06', port=9004): Read timed out.",0,59.56268577710819
312,2026-09-21T07:59:28.635+00:00,2026-09-21T08:04:28.736+00:00,2026-09-21T08:04:28.736+00:00,False,1,0.0,,0.0,300100.87829100003,300100.87829100003,300100.87829100003,300100.87829100003,300100.87829100003,300100.87829100003,nan,300100.87829100003,nan,nan,0.0,52,64,,True,False,"HTTPConnectionPool(host='gpu06', port=9004): Read timed out.",0,59.56268577710819
313,2026-09-21T07:59:28.874+00:00,2026-09-21T08:04:28.976+00:00,2026-09-21T08:04:28.976+00:00,False,1,0.0,,0.0,300101.623965,300101.623965,300101.623965,300101.623965,300101.623965,300101.623965,nan,300101.623965,nan,nan,0.0,52,64,,True,False,"HTTPConnectionPool(host='gpu06', port=9004): Read timed out.",0,59.56268577710819
314,2026-09-21T07:59:29.090+00:00,2026-09-21T08:04:29.176+00:00,2026-09-21T08:04:29.176+00:00,False,1,0.0,,0.0,300086.54119099997,300086.54119099997,300086.54119099997,300086.54119099997,300086.54119099997,300086.54119099997,nan,300086.54119099997,nan,nan,0.0,52,64,,True,False,"HTTPConnectionPool(host='gpu06', port=9004): Read timed out.",0,59.56268577710819
315,2026-09-21T07:59:29.371+00:00,2026-09-21T08:04:29.454+00:00,2026-09-21T08:04:29.454+00:00,False,1,0.0,,0.0,300083.333042,300083.333042,300083.333042,300083.333042,300083.333042,300083.333042,nan,300083.333042,nan,nan,0.0,52,64,,True,False,TTFT timeout: 300.0s exceeded (TTFT: 300.078s),0,59.56268577710819
316,2026-09-21T07:59:29.708+00:00,2026-09-21T08:04:29.605+00:00,2026-09-21T08:04:29.750+00:00,False,4,3.0,,3.0,299897.62395599997,300042.57320399996,300042.573329,75010.64333225,0.02973,299897.62395599997,149924.6595063641,254928.19864139997,48.316416,50.886486831931954,0.009998581094557838,52,64,,True,False,Request timeout: 300.0s exceeded,3,59.56268577710819
317,2026-09-21T07:59:29.993+00:00,2026-09-21T08:04:30.101+00:00,2026-09-21T08:04:30.101+00:00,False,1,0.0,,0.0,300107.975131,300107.975131,300107.975131,300107.975131,300107.975131,300107.975131,nan,300107.975131,nan,nan,0.0,52,64,,True,False,"HTTPConnectionPool(host='gpu06', port=9004): Read timed out.",0,59.56268577710819
318,2026-09-21T07:59:30.246+00:00,2026-09-21T08:04:30.314+00:00,2026-09-21T08:04:30.314+00:00,False,1,0.0,,0.0,300067.15255299996,300067.15255299996,300067.15255299996,300067.15255299996,300067.15255299996,300067.15255299996,nan,300067.15255299996,nan,nan,0.0,52,64,,True,False,"HTTPConnectionPool(host='gpu06', port=9004): Read timed out.",0,59.56268577710819
319,2026-09-21T07:59:30.524+00:00,2026-09-21T08:04:30.631+00:00,2026-09-21T08:04:30.631+00:00,False,1,0.0,,0.0,300107.134175,300107.134175,300107.134175,300107.134175,300107.134175,300107.134175,nan,300107.134175,nan,nan,0.0,52,64,,True,False,"HTTPConnectionPool(host='gpu06', port=9004): Read timed out.",0,59.56268577710819
320,2026-09-21T07:59:30.867+00:00,2026-09-21T08:04:30.958+00:00,2026-09-21T08:04:30.958+00:00,False,1,0.0,,0.0,300090.909952,300090.909952,300090.909952,300090.909952,300090.909952,300090.909952,nan,300090.909952,nan,nan,0.0,52,64,,True,False,"HTTPConnectionPool(host='gpu06', port=9004): Read timed out.",0,59.56268577710819
321,2026-09-21T07:59:31.125+00:00,2026-09-21T08:04:31.237+00:00,2026-09-21T08:04:31.237+00:00,False,1,0.0,,0.0,300112.87809500005,300112.87809500005,300112.87809500005,300112.87809500005,300112.87809500005,300112.87809500005,nan,300112.87809500005,nan,nan,0.0,52,64,,True,False,TTFT timeout: 300.0s exceeded (TTFT: 300.081s),0,59.56268577710819
322,2026-09-21T07:59:31.386+00:00,2026-09-21T08:04:31.490+00:00,2026-09-21T08:04:31.490+00:00,False,1,0.0,,0.0,300103.711757,300103.711757,300103.711757,300103.711757,300103.711757,300103.711757,nan,300103.711757,nan,nan,0.0,52,64,,True,False,"HTTPConnectionPool(host='gpu06', port=9004): Read timed out.",0,59.56268577710819
323,2026-09-21T07:59:31.612+00:00,2026-09-21T08:04:31.693+00:00,2026-09-21T08:04:32.917+00:00,False,21,20.0,,20.0,300080.81608200003,301304.82606600004,301304.826278,14347.848870380954,0.02345,300080.81608200003,65469.65516155615,179.29886399999998,61.2004992,32.41211922640679,0.06637796102084025,52,64,,True,False,Request timeout: 300.0s exceeded,20,59.56268577710819
324,2026-09-21T07:59:31.922+00:00,2026-09-21T08:04:31.876+00:00,2026-09-21T08:04:32.960+00:00,False,21,20.0,,20.0,299954.619748,301037.697636,301037.697561,14335.128455285714,0.03073,299954.619748,65443.648921227454,81.362321,54.1538944,16.52092737162037,0.06643686208423975,52,64,,True,False,Request timeout: 300.0s exceeded,20,59.56268577710819
328,2026-09-21T07:59:33.102+00:00,2026-09-21T08:04:33.195+00:00,2026-09-21T08:04:33.195+00:00,False,1,0.0,,0.0,300092.364372,300092.364372,300092.364372,300092.364372,300092.364372,300092.364372,nan,300092.364372,nan,nan,0.0,52,64,,True,False,"HTTPConnectionPool(host='gpu06', port=9004): Read timed out.",0,59.56268577710819
325,2026-09-21T07:59:32.257+00:00,2026-09-21T08:04:33.431+00:00,2026-09-21T08:04:33.431+00:00,False,1,0.0,,0.0,301173.43790200003,301173.43790200003,301173.43790200003,301173.43790200003,301173.43790200003,301173.43790200003,nan,301173.43790200003,nan,nan,0.0,52,64,,True,False,"HTTPConnectionPool(host='gpu06', port=9004): Read timed out.",0,59.56268577710819
329,2026-09-21T07:59:33.427+00:00,2026-09-21T08:04:33.501+00:00,2026-09-21T08:04:33.501+00:00,False,1,0.0,,0.0,300074.67136000004,300074.67136000004,300074.67136000004,300074.67136000004,300074.67136000004,300074.67136000004,nan,300074.67136000004,nan,nan,0.0,52,64,,True,False,"HTTPConnectionPool(host='gpu06', port=9004): Read timed out.",0,59.56268577710819
326,2026-09-21T07:59:32.455+00:00,2026-09-21T08:04:33.542+00:00,2026-09-21T08:04:33.542+00:00,False,1,0.0,,0.0,301087.913786,301087.913786,301087.913786,301087.913786,301087.913786,301087.913786,nan,301087.913786,nan,nan,0.0,52,64,,True,False,"HTTPConnectionPool(host='gpu06', port=9004): Read timed out.",0,59.56268577710819
327,2026-09-21T07:59:32.789+00:00,2026-09-21T08:04:33.985+00:00,2026-09-21T08:04:34.928+00:00,False,15,14.0,,14.0,301195.902216,302139.198472,302139.19840600004,20142.613227066668,0.03749,301195.902216,77751.06548639707,90515.83745929999,67.378304,50.01892556627205,0.04633625848880848,52,64,,True,False,Request timeout: 300.0s exceeded,28,59.56268577710819
331,2026-09-21T07:59:35.008+00:00,2026-09-21T08:04:34.285+00:00,2026-09-21T08:04:35.098+00:00,False,16,15.0,,15.0,299277.694038,300090.776406,300090.77645400004,18755.673528375002,0.02595,299277.694038,74805.87493387496,74897.307936,54.205491200000004,21.178046919405638,0.049984875175590665,52,64,,True,False,Request timeout: 300.0s exceeded,20,59.56268577710819
330,2026-09-21T07:59:34.812+00:00,2026-09-21T08:04:35.307+00:00,2026-09-21T08:04:35.307+00:00,False,1,0.0,,0.0,300495.239176,300495.239176,300495.239176,300495.239176,300495.239176,300495.239176,nan,300495.239176,nan,nan,0.0,52,64,,True,False,"HTTPConnectionPool(host='gpu06', port=9004): Read timed out.",0,59.56268577710819
333,2026-09-21T07:59:35.154+00:00,2026-09-21T08:04:35.427+00:00,2026-09-21T08:04:35.427+00:00,False,1,0.0,,0.0,300273.68950800004,300273.68950800004,300273.68950800004,300273.68950800004,300273.68950800004,300273.68950800004,nan,300273.68950800004,nan,nan,0.0,52,64,,True,False,"HTTPConnectionPool(host='gpu06', port=9004): Read timed out.",0,59.56268577710819
332,2026-09-21T07:59:35.043+00:00,2026-09-21T08:04:35.527+00:00,2026-09-21T08:04:35.527+00:00,False,1,0.0,,0.0,300484.130251,300484.130251,300484.130251,300484.130251,300484.130251,300484.130251,nan,300484.130251,nan,nan,0.0,52,64,,True,False,"HTTPConnectionPool(host='gpu06', port=9004): Read timed out.",0,59.56268577710819
335,2026-09-21T07:59:35.339+00:00,2026-09-21T08:04:35.527+00:00,2026-09-21T08:04:35.527+00:00,False,1,0.0,,0.0,300188.568625,300188.568625,300188.568625,300188.568625,300188.568625,300188.568625,nan,300188.568625,nan,nan,0.0,52,64,,True,False,"HTTPConnectionPool(host='gpu06', port=9004): Read timed out.",0,59.56268577710819
336,2026-09-21T07:59:35.512+00:00,2026-09-21T08:04:35.940+00:00,2026-09-21T08:04:35.940+00:00,False,1,0.0,,0.0,300427.967026,300427.967026,300427.967026,300427.967026,300427.967026,300427.967026,nan,300427.967026,nan,nan,0.0,52,64,,True,False,"HTTPConnectionPool(host='gpu06', port=9004): Read timed out.",0,59.56268577710819
334,2026-09-21T07:59:35.179+00:00,2026-09-21T08:04:36.111+00:00,2026-09-21T08:04:36.111+00:00,False,1,0.0,,0.0,300932.67191399995,300932.67191399995,300932.67191399995,300932.67191399995,300932.67191399995,300932.67191399995,nan,300932.67191399995,nan,nan,0.0,52,64,,True,False,"HTTPConnectionPool(host='gpu06', port=9004): Read timed out.",0,59.56268577710819
337,2026-09-21T07:59:35.949+00:00,2026-09-21T08:04:36.164+00:00,2026-09-21T08:04:36.164+00:00,False,1,0.0,,0.0,300214.905663,300214.905663,300214.905663,300214.905663,300214.905663,300214.905663,nan,300214.905663,nan,nan,0.0,52,64,,True,False,"HTTPConnectionPool(host='gpu06', port=9004): Read timed out.",0,59.56268577710819
338,2026-09-21T07:59:36.172+00:00,2026-09-21T08:04:36.308+00:00,2026-09-21T08:04:36.308+00:00,False,1,0.0,,0.0,300136.695584,300136.695584,300136.695584,300136.695584,300136.695584,300136.695584,nan,300136.695584,nan,nan,0.0,52,64,,True,False,"HTTPConnectionPool(host='gpu06', port=9004): Read timed out.",0,59.56268577710819
339,2026-09-21T07:59:36.451+00:00,2026-09-21T08:04:36.556+00:00,2026-09-21T08:04:36.556+00:00,False,1,0.0,,0.0,300104.957385,300104.957385,300104.957385,300104.957385,300104.957385,300104.957385,nan,300104.957385,nan,nan,0.0,52,64,,True,False,"HTTPConnectionPool(host='gpu06', port=9004): Read timed out.",0,59.56268577710819
340,2026-09-21T07:59:36.787+00:00,2026-09-21T08:04:36.893+00:00,2026-09-21T08:04:36.893+00:00,False,1,0.0,,0.0,300105.853415,300105.853415,300105.853415,300105.853415,300105.853415,300105.853415,nan,300105.853415,nan,nan,0.0,52,64,,True,False,"HTTPConnectionPool(host='gpu06', port=9004): Read timed out.",0,59.56268577710819
341,2026-09-21T07:59:37.091+00:00,2026-09-21T08:04:37.188+00:00,2026-09-21T08:04:37.188+00:00,False,1,0.0,,0.0,300097.22759100003,300097.22759100003,300097.22759100003,300097.22759100003,300097.22759100003,300097.22759100003,nan,300097.22759100003,nan,nan,0.0,52,64,,True,False,"HTTPConnectionPool(host='gpu06', port=9004): Read timed out.",0,59.56268577710819
342,2026-09-21T07:59:37.311+00:00,2026-09-21T08:04:37.423+00:00,2026-09-21T08:04:37.423+00:00,False,1,0.0,,0.0,300112.19375599996,300112.19375599996,300112.19375599996,300112.19375599996,300112.19375599996,300112.19375599996,nan,300112.19375599996,nan,nan,0.0,52,64,,True,False,"HTTPConnectionPool(host='gpu06', port=9004): Read timed out.",0,59.56268577710819
343,2026-09-21T07:59:37.526+00:00,2026-09-21T08:04:37.634+00:00,2026-09-21T08:04:37.634+00:00,False,1,0.0,,0.0,300107.88068400003,300107.88068400003,300107.88068400003,300107.88068400003,300107.88068400003,300107.88068400003,nan,300107.88068400003,nan,nan,0.0,52,64,,True,False,"HTTPConnectionPool(host='gpu06', port=9004): Read timed out.",0,59.56268577710819
344,2026-09-21T07:59:37.753+00:00,2026-09-21T08:04:37.858+00:00,2026-09-21T08:04:37.858+00:00,False,1,0.0,,0.0,300104.749561,300104.749561,300104.749561,300104.749561,300104.749561,300104.749561,nan,300104.749561,nan,nan,0.0,52,64,,True,False,"HTTPConnectionPool(host='gpu06', port=9004): Read timed out.",0,59.56268577710819
345,2026-09-21T07:59:38.008+00:00,2026-09-21T08:04:38.057+00:00,2026-09-21T08:04:38.057+00:00,False,1,0.0,,0.0,300048.42745599995,300048.42745599995,300048.42745599995,300048.42745599995,300048.42745599995,300048.42745599995,nan,300048.42745599995,nan,nan,0.0,52,64,,True,False,"HTTPConnectionPool(host='gpu06', port=9004): Read timed out.",0,59.56268577710819
346,2026-09-21T07:59:38.355+00:00,2026-09-21T08:04:38.254+00:00,2026-09-21T08:04:38.399+00:00,False,5,4.0,,4.0,299899.35299299995,300043.93283299997,300043.93284499994,60008.78656899999,0.03535,299899.35299299995,134102.90508942673,239930.25001559994,36.14496,24.424458341436683,0.013331381048875735,52,64,,True,False,Request timeout: 300.0s exceeded,16,59.56268577710819
347,2026-09-21T07:59:38.595+00:00,2026-09-21T08:04:38.716+00:00,2026-09-21T08:04:38.716+00:00,False,1,0.0,,0.0,300120.635134,300120.635134,300120.635134,300120.635134,300120.635134,300120.635134,nan,300120.635134,nan,nan,0.0,52,64,,True,False,"HTTPConnectionPool(host='gpu06', port=9004): Read timed out.",0,59.56268577710819
348,2026-09-21T07:59:38.797+00:00,2026-09-21T08:04:38.912+00:00,2026-09-21T08:04:38.912+00:00,False,1,0.0,,0.0,300115.010665,300115.010665,300115.010665,300115.010665,300115.010665,300115.010665,nan,300115.010665,nan,nan,0.0,52,64,,True,False,"HTTPConnectionPool(host='gpu06', port=9004): Read timed out.",0,59.56268577710819
349,2026-09-21T07:59:39.059+00:00,2026-09-21T08:04:39.151+00:00,2026-09-21T08:04:39.151+00:00,False,1,0.0,,0.0,300091.572148,300091.572148,300091.572148,300091.572148,300091.572148,300091.572148,nan,300091.572148,nan,nan,0.0,52,64,,True,False,"HTTPConnectionPool(host='gpu06', port=9004): Read timed out.",0,59.56268577710819
350,2026-09-21T07:59:39.371+00:00,2026-09-21T08:04:39.486+00:00,2026-09-21T08:04:39.486+00:00,False,1,0.0,,0.0,300115.816799,300115.816799,300115.816799,300115.816799,300115.816799,300115.816799,nan,300115.816799,nan,nan,0.0,52,64,,True,False,"HTTPConnectionPool(host='gpu06', port=9004): Read timed out.",0,59.56268577710819
351,2026-09-21T07:59:39.656+00:00,2026-09-21T08:04:39.779+00:00,2026-09-21T08:04:39.779+00:00,False,1,0.0,,0.0,300123.530876,300123.530876,300123.530876,300123.530876,300123.530876,300123.530876,nan,300123.530876,nan,nan,0.0,52,64,,True,False,"HTTPConnectionPool(host='gpu06', port=9004): Read timed out.",0,59.56268577710819
352,2026-09-21T07:59:39.935+00:00,2026-09-21T08:04:40.043+00:00,2026-09-21T08:04:40.043+00:00,False,1,0.0,,0.0,300107.69333499996,300107.69333499996,300107.69333499996,300107.69333499996,300107.69333499996,300107.69333499996,nan,300107.69333499996,nan,nan,0.0,52,64,,True,False,TTFT timeout: 300.0s exceeded (TTFT: 300.097s),0,59.56268577710819
353,2026-09-21T07:59:40.178+00:00,2026-09-21T08:04:40.155+00:00,2026-09-21T08:04:40.461+00:00,False,3,2.0,,2.0,299977.084987,300283.265595,300283.265478,100094.42182599999,0.04281,299977.084987,173103.53173106507,270009.99025639996,153.090304,216.4419237264015,0.006660377813718908,52,64,,True,False,Request timeout: 300.0s exceeded,4,59.56268577710819
354,2026-09-21T07:59:40.508+00:00,2026-09-21T08:04:40.462+00:00,2026-09-21T08:04:40.513+00:00,False,3,2.0,,2.0,299954.483319,300005.305719,300005.305736,100001.76857866667,0.03703,299954.483319,173164.13237986315,269964.1135258,25.4112,35.8843680687399,0.006666548763885197,52,64,,True,False,Request timeout: 300.0s exceeded,9,59.56268577710819
355,2026-09-21T07:59:40.763+00:00,2026-09-21T08:04:40.865+00:00,2026-09-21T08:04:40.865+00:00,False,1,0.0,,0.0,300102.002733,300102.002733,300102.002733,300102.002733,300102.002733,300102.002733,nan,300102.002733,nan,nan,0.0,52,64,,True,False,"HTTPConnectionPool(host='gpu06', port=9004): Read timed out.",0,59.56268577710819
356,2026-09-21T07:59:40.987+00:00,2026-09-21T08:04:41.090+00:00,2026-09-21T08:04:41.090+00:00,False,1,0.0,,0.0,300103.427039,300103.427039,300103.427039,300103.427039,300103.427039,300103.427039,nan,300103.427039,nan,nan,0.0,52,64,,True,False,"HTTPConnectionPool(host='gpu06', port=9004): Read timed out.",0,59.56268577710819
357,2026-09-21T07:59:41.189+00:00,2026-09-21T08:04:41.251+00:00,2026-09-21T08:04:41.251+00:00,False,1,0.0,,0.0,300061.919441,300061.919441,300061.919441,300061.919441,300061.919441,300061.919441,nan,300061.919441,nan,nan,0.0,52,64,,True,False,"HTTPConnectionPool(host='gpu06', port=9004): Read timed out.",0,59.56268577710819
358,2026-09-21T07:59:41.443+00:00,2026-09-21T08:04:41.546+00:00,2026-09-21T08:04:41.546+00:00,False,1,0.0,,0.0,300102.236791,300102.236791,300102.236791,300102.236791,300102.236791,300102.236791,nan,300102.236791,nan,nan,0.0,52,64,,True,False,"HTTPConnectionPool(host='gpu06', port=9004): Read timed out.",0,59.56268577710819
359,2026-09-21T07:59:41.654+00:00,2026-09-21T08:04:41.718+00:00,2026-09-21T08:04:41.718+00:00,False,1,0.0,,0.0,300064.56527200004,300064.56527200004,300064.56527200004,300064.56527200004,300064.56527200004,300064.56527200004,nan,300064.56527200004,nan,nan,0.0,52,64,,True,False,"HTTPConnectionPool(host='gpu06', port=9004): Read timed out.",0,59.56268577710819
360,2026-09-21T07:59:41.980+00:00,2026-09-21T08:04:42.086+00:00,2026-09-21T08:04:42.086+00:00,False,1,0.0,,0.0,300105.85463099997,300105.85463099997,300105.85463099997,300105.85463099997,300105.85463099997,300105.85463099997,nan,300105.85463099997,nan,nan,0.0,52,64,,True,False,"HTTPConnectionPool(host='gpu06', port=9004): Read timed out.",0,59.56268577710819
361,2026-09-21T07:59:42.275+00:00,2026-09-21T08:04:42.314+00:00,2026-09-21T08:04:42.314+00:00,False,1,0.0,,0.0,300038.659861,300038.659861,300038.659861,300038.659861,300038.659861,300038.659861,nan,300038.659861,nan,nan,0.0,52,64,,True,False,"HTTPConnectionPool(host='gpu06', port=9004): Read timed out.",0,59.56268577710819
362,2026-09-21T07:59:42.541+00:00,2026-09-21T08:04:42.601+00:00,2026-09-21T08:04:42.601+00:00,False,1,0.0,,0.0,300060.10068000003,300060.10068000003,300060.10068000003,300060.10068000003,300060.10068000003,300060.10068000003,nan,300060.10068000003,nan,nan,0.0,52,64,,True,False,TTFT timeout: 300.0s exceeded (TTFT: 300.050s),0,59.56268577710819
363,2026-09-21T07:59:42.745+00:00,2026-09-21T08:04:42.770+00:00,2026-09-21T08:04:42.770+00:00,False,1,0.0,,0.0,300024.797171,300024.797171,300024.797171,300024.797171,300024.797171,300024.797171,nan,300024.797171,nan,nan,0.0,52,64,,True,False,TTFT timeout: 300.0s exceeded (TTFT: 300.007s),0,59.56268577710819
364,2026-09-21T07:59:43.089+00:00,2026-09-21T08:04:43.203+00:00,2026-09-21T08:04:43.203+00:00,False,1,0.0,,0.0,300114.536195,300114.536195,300114.536195,300114.536195,300114.536195,300114.536195,nan,300114.536195,nan,nan,0.0,52,64,,True,False,"HTTPConnectionPool(host='gpu06', port=9004): Read timed out.",0,59.56268577710819
365,2026-09-21T07:59:43.410+00:00,2026-09-21T08:04:43.515+00:00,2026-09-21T08:04:43.515+00:00,False,1,0.0,,0.0,300105.234948,300105.234948,300105.234948,300105.234948,300105.234948,300105.234948,nan,300105.234948,nan,nan,0.0,52,64,,True,False,"HTTPConnectionPool(host='gpu06', port=9004): Read timed out.",0,59.56268577710819
366,2026-09-21T07:59:43.648+00:00,2026-09-21T08:04:43.752+00:00,2026-09-21T08:04:43.752+00:00,False,1,0.0,,0.0,300104.477112,300104.477112,300104.477112,300104.477112,300104.477112,300104.477112,nan,300104.477112,nan,nan,0.0,52,64,,True,False,"HTTPConnectionPool(host='gpu06', port=9004): Read timed out.",0,59.56268577710819
367,2026-09-21T07:59:43.856+00:00,2026-09-21T08:04:43.968+00:00,2026-09-21T08:04:43.968+00:00,False,1,0.0,,0.0,300112.752371,300112.752371,300112.752371,300112.752371,300112.752371,300112.752371,nan,300112.752371,nan,nan,0.0,52,64,,True,False,"HTTPConnectionPool(host='gpu06', port=9004): Read timed out.",0,59.56268577710819
368,2026-09-21T07:59:44.180+00:00,2026-09-21T08:04:44.287+00:00,2026-09-21T08:04:44.287+00:00,False,1,0.0,,0.0,300107.750283,300107.750283,300107.750283,300107.750283,300107.750283,300107.750283,nan,300107.750283,nan,nan,0.0,52,64,,True,False,"HTTPConnectionPool(host='gpu06', port=9004): Read timed out.",0,59.56268577710819
369,2026-09-21T07:59:44.447+00:00,2026-09-21T08:04:44.551+00:00,2026-09-21T08:04:44.551+00:00,False,1,0.0,,0.0,300104.550333,300104.550333,300104.550333,300104.550333,300104.550333,300104.550333,nan,300104.550333,nan,nan,0.0,52,64,,True,False,"HTTPConnectionPool(host='gpu06', port=9004): Read timed out.",0,59.56268577710819
370,2026-09-21T07:59:44.643+00:00,2026-09-21T08:04:44.635+00:00,2026-09-21T08:04:44.749+00:00,False,3,2.0,,2.0,299992.11345,300106.516266,300106.516473,100035.505491,0.02944,299992.11345,173167.5115848746,270004.3394633,57.201408,80.8533725331606,0.006664300478658371,52,64,,True,False,Request timeout: 300.0s exceeded,3,59.56268577710819
371,2026-09-21T07:59:44.887+00:00,2026-09-21T08:04:44.922+00:00,2026-09-21T08:04:44.922+00:00,False,1,0.0,,0.0,300035.437762,300035.437762,300035.437762,300035.437762,300035.437762,300035.437762,nan,300035.437762,nan,nan,0.0,52,64,,True,False,TTFT timeout: 300.0s exceeded (TTFT: 300.027s),0,59.56268577710819
372,2026-09-21T07:59:45.118+00:00,2026-09-21T08:04:45.226+00:00,2026-09-21T08:04:45.226+00:00,False,1,0.0,,0.0,300108.565033,300108.565033,300108.565033,300108.565033,300108.565033,300108.565033,nan,300108.565033,nan,nan,0.0,52,64,,True,False,"HTTPConnectionPool(host='gpu06', port=9004): Read timed out.",0,59.56268577710819
373,2026-09-21T07:59:45.420+00:00,2026-09-21T08:04:45.768+00:00,2026-09-21T08:04:47.033+00:00,False,20,19.0,,19.0,300347.48544300004,301612.09958700003,301612.09952600003,15080.604976300003,0.02117,300347.48544300004,67144.86485243248,15180.53317165,66.55863915789473,34.4731001043465,0.06299482025428309,52,64,,True,False,Request timeout: 300.0s exceeded,20,59.56268577710819
374,2026-09-21T07:59:45.743+00:00,2026-09-21T08:04:46.205+00:00,2026-09-21T08:04:47.129+00:00,False,18,17.0,,17.0,300461.975988,301386.639284,301386.639242,16743.70218011111,0.03306,300461.975988,70806.74842120631,45132.82199395,54.3919585882353,16.57065733527122,0.056405950975088555,52,64,,True,False,Request timeout: 300.0s exceeded,53,59.56268577710819
379,2026-09-21T07:59:47.053+00:00,2026-09-21T08:04:47.209+00:00,2026-09-21T08:04:47.209+00:00,False,1,0.0,,0.0,300156.885111,300156.885111,300156.885111,300156.885111,300156.885111,300156.885111,nan,300156.885111,nan,nan,0.0,52,64,,True,False,"HTTPConnectionPool(host='gpu06', port=9004): Read timed out.",0,59.56268577710819
375,2026-09-21T07:59:46.041+00:00,2026-09-21T08:04:47.250+00:00,2026-09-21T08:04:47.250+00:00,False,1,0.0,,0.0,301208.34662699996,301208.34662699996,301208.34662699996,301208.34662699996,301208.34662699996,301208.34662699996,nan,301208.34662699996,nan,nan,0.0,52,64,,True,False,"HTTPConnectionPool(host='gpu06', port=9004): Read timed out.",0,59.56268577710819
376,2026-09-21T07:59:46.309+00:00,2026-09-21T08:04:47.388+00:00,2026-09-21T08:04:47.388+00:00,False,1,0.0,,0.0,301078.471326,301078.471326,301078.471326,301078.471326,301078.471326,301078.471326,nan,301078.471326,nan,nan,0.0,52,64,,True,False,"HTTPConnectionPool(host='gpu06', port=9004): Read timed out.",0,59.56268577710819
380,2026-09-21T07:59:47.382+00:00,2026-09-21T08:04:47.486+00:00,2026-09-21T08:04:47.486+00:00,False,1,0.0,,0.0,300104.221485,300104.221485,300104.221485,300104.221485,300104.221485,300104.221485,nan,300104.221485,nan,nan,0.0,52,64,,True,False,"HTTPConnectionPool(host='gpu06', port=9004): Read timed out.",0,59.56268577710819
377,2026-09-21T07:59:46.514+00:00,2026-09-21T08:04:47.550+00:00,2026-09-21T08:04:47.550+00:00,False,1,0.0,,0.0,301035.351878,301035.351878,301035.351878,301035.351878,301035.351878,301035.351878,nan,301035.351878,nan,nan,0.0,52,64,,True,False,"HTTPConnectionPool(host='gpu06', port=9004): Read timed out.",0,59.56268577710819
381,2026-09-21T07:59:47.694+00:00,2026-09-21T08:04:47.706+00:00,2026-09-21T08:04:47.706+00:00,False,1,0.0,,0.0,300011.795975,300011.795975,300011.795975,300011.795975,300011.795975,300011.795975,nan,300011.795975,nan,nan,0.0,52,64,,True,False,"HTTPConnectionPool(host='gpu06', port=9004): Read timed out.",0,59.56268577710819
378,2026-09-21T07:59:46.725+00:00,2026-09-21T08:04:47.802+00:00,2026-09-21T08:04:47.802+00:00,False,1,0.0,,0.0,301076.730284,301076.730284,301076.730284,301076.730284,301076.730284,301076.730284,nan,301076.730284,nan,nan,0.0,52,64,,True,False,"HTTPConnectionPool(host='gpu06', port=9004): Read timed out.",0,59.56268577710819
382,2026-09-21T07:59:48.002+00:00,2026-09-21T08:04:48.106+00:00,2026-09-21T08:04:48.106+00:00,False,1,0.0,,0.0,300104.11926300003,300104.11926300003,300104.11926300003,300104.11926300003,300104.11926300003,300104.11926300003,nan,300104.11926300003,nan,nan,0.0,52,64,,True,False,"HTTPConnectionPool(host='gpu06', port=9004): Read timed out.",0,59.56268577710819
383,2026-09-21T07:59:48.227+00:00,2026-09-21T08:04:48.341+00:00,2026-09-21T08:04:48.341+00:00,False,1,0.0,,0.0,300113.836589,300113.836589,300113.836589,300113.836589,300113.836589,300113.836589,nan,300113.836589,nan,nan,0.0,52,64,,True,False,"HTTPConnectionPool(host='gpu06', port=9004): Read timed out.",0,59.56268577710819
384,2026-09-21T07:59:48.551+00:00,2026-09-21T08:04:48.655+00:00,2026-09-21T08:04:48.655+00:00,False,1,0.0,,0.0,300104.245162,300104.245162,300104.245162,300104.245162,300104.245162,300104.245162,nan,300104.245162,nan,nan,0.0,52,64,,True,False,"HTTPConnectionPool(host='gpu06', port=9004): Read timed out.",0,59.56268577710819
385,2026-09-21T07:59:48.908+00:00,2026-09-21T08:04:48.963+00:00,2026-09-21T08:04:48.963+00:00,False,1,0.0,,0.0,300055.65363099996,300055.65363099996,300055.65363099996,300055.65363099996,300055.65363099996,300055.65363099996,nan,300055.65363099996,nan,nan,0.0,52,64,,True,False,"HTTPConnectionPool(host='gpu06', port=9004): Read timed out.",0,59.56268577710819
386,2026-09-21T07:59:49.198+00:00,2026-09-21T08:04:49.138+00:00,2026-09-21T08:04:49.284+00:00,False,3,2.0,,2.0,299940.022255,300086.428399,300086.428496,100028.80949866667,0.02983,299940.022255,173128.20421182513,269960.6576706,73.203072,103.48241870515398,0.006664746588741981,52,64,,True,False,Request timeout: 300.0s exceeded,6,59.56268577710819
387,2026-09-21T07:59:49.550+00:00,2026-09-21T08:04:49.651+00:00,2026-09-21T08:04:49.651+00:00,False,1,0.0,,0.0,300101.115793,300101.115793,300101.115793,300101.115793,300101.115793,300101.115793,nan,300101.115793,nan,nan,0.0,52,64,,True,False,"HTTPConnectionPool(host='gpu06', port=9004): Read timed out.",0,59.56268577710819
388,2026-09-21T07:59:49.902+00:00,2026-09-21T08:04:49.987+00:00,2026-09-21T08:04:49.987+00:00,False,1,0.0,,0.0,300084.51021100004,300084.51021100004,300084.51021100004,300084.51021100004,300084.51021100004,300084.51021100004,nan,300084.51021100004,nan,nan,0.0,52,64,,True,False,"HTTPConnectionPool(host='gpu06', port=9004): Read timed out.",0,59.56268577710819
389,2026-09-21T07:59:50.177+00:00,2026-09-21T08:04:50.283+00:00,2026-09-21T08:04:50.283+00:00,False,1,0.0,,0.0,300105.717539,300105.717539,300105.717539,300105.717539,300105.717539,300105.717539,nan,300105.717539,nan,nan,0.0,52,64,,True,False,"HTTPConnectionPool(host='gpu06', port=9004): Read timed out.",0,59.56268577710819
390,2026-09-21T07:59:50.431+00:00,2026-09-21T08:04:50.516+00:00,2026-09-21T08:04:50.516+00:00,False,1,0.0,,0.0,300084.627962,300084.627962,300084.627962,300084.627962,300084.627962,300084.627962,nan,300084.627962,nan,nan,0.0,52,64,,True,False,"HTTPConnectionPool(host='gpu06', port=9004): Read timed out.",0,59.56268577710819
391,2026-09-21T07:59:50.674+00:00,2026-09-21T08:04:50.782+00:00,2026-09-21T08:04:50.782+00:00,False,1,0.0,,0.0,300107.665044,300107.665044,300107.665044,300107.665044,300107.665044,300107.665044,nan,300107.665044,nan,nan,0.0,52,64,,True,False,"HTTPConnectionPool(host='gpu06', port=9004): Read timed out.",0,59.56268577710819
392,2026-09-21T07:59:50.933+00:00,2026-09-21T08:04:51.037+00:00,2026-09-21T08:04:51.037+00:00,False,1,0.0,,0.0,300104.447846,300104.447846,300104.447846,300104.447846,300104.447846,300104.447846,nan,300104.447846,nan,nan,0.0,52,64,,True,False,"HTTPConnectionPool(host='gpu06', port=9004): Read timed out.",0,59.56268577710819
393,2026-09-21T07:59:51.127+00:00,2026-09-21T08:04:51.219+00:00,2026-09-21T08:04:51.219+00:00,False,1,0.0,,0.0,300091.707338,300091.707338,300091.707338,300091.707338,300091.707338,300091.707338,nan,300091.707338,nan,nan,0.0,52,64,,True,False,"HTTPConnectionPool(host='gpu06', port=9004): Read timed out.",0,59.56268577710819
394,2026-09-21T07:59:51.470+00:00,2026-09-21T08:04:51.463+00:00,2026-09-21T08:04:51.566+00:00,False,3,2.0,,2.0,299992.833903,300095.863151,300095.863237,100031.95441233333,0.041530000000000004,299992.833903,173171.20905189327,270003.8492931,51.514624,72.7940296564918,0.0066645370549265285,52,64,,True,False,Request timeout: 300.0s exceeded,7,59.56268577710819
395,2026-09-21T07:59:51.748+00:00,2026-09-21T08:04:51.823+00:00,2026-09-21T08:04:51.823+00:00,False,1,0.0,,0.0,300074.712696,300074.712696,300074.712696,300074.712696,300074.712696,300074.712696,nan,300074.712696,nan,nan,0.0,52,64,,True,False,"HTTPConnectionPool(host='gpu06', port=9004): Read timed out.",0,59.56268577710819
396,2026-09-21T07:59:52.102+00:00,2026-09-21T08:04:52.189+00:00,2026-09-21T08:04:52.189+00:00,False,1,0.0,,0.0,300086.97761299997,300086.97761299997,300086.97761299997,300086.97761299997,300086.97761299997,300086.97761299997,nan,300086.97761299997,nan,nan,0.0,52,64,,True,False,"HTTPConnectionPool(host='gpu06', port=9004): Read timed out.",0,59.56268577710819
397,2026-09-21T07:59:52.359+00:00,2026-09-21T08:04:52.468+00:00,2026-09-21T08:04:52.468+00:00,False,1,0.0,,0.0,300109.185393,300109.185393,300109.185393,300109.185393,300109.185393,300109.185393,nan,300109.185393,nan,nan,0.0,52,64,,True,False,"HTTPConnectionPool(host='gpu06', port=9004): Read timed out.",0,59.56268577710819
398,2026-09-21T07:59:52.567+00:00,2026-09-21T08:04:52.672+00:00,2026-09-21T08:04:52.672+00:00,False,1,0.0,,0.0,300105.284082,300105.284082,300105.284082,300105.284082,300105.284082,300105.284082,nan,300105.284082,nan,nan,0.0,52,64,,True,False,"HTTPConnectionPool(host='gpu06', port=9004): Read timed out.",0,59.56268577710819
401,2026-09-21T07:59:54.378+00:00,2026-09-21T08:04:53.199+00:00,2026-09-21T08:04:54.880+00:00,False,30,29.0,,29.0,298820.942531,300501.571267,300501.571338,10016.7190446,0.07828,298820.942531,54546.41187162231,86.03325345000002,57.952715034482765,15.940098401843237,0.09650531901622932,52,64,,True,False,Request timeout: 300.0s exceeded,87,59.56268577710819
403,2026-09-21T07:59:54.552+00:00,2026-09-21T08:04:54.729+00:00,2026-09-21T08:04:54.729+00:00,False,1,0.0,,0.0,300177.45563200006,300177.45563200006,300177.45563200006,300177.45563200006,300177.45563200006,300177.45563200006,nan,300177.45563200006,nan,nan,0.0,52,64,,True,False,"HTTPConnectionPool(host='gpu06', port=9004): Read timed out.",0,59.56268577710819
399,2026-09-21T07:59:54.320+00:00,2026-09-21T08:04:54.750+00:00,2026-09-21T08:04:54.750+00:00,False,1,0.0,,0.0,300430.559191,300430.559191,300430.559191,300430.559191,300430.559191,300430.559191,nan,300430.559191,nan,nan,0.0,52,64,,True,False,"HTTPConnectionPool(host='gpu06', port=9004): Read timed out.",0,59.56268577710819
400,2026-09-21T07:59:54.352+00:00,2026-09-21T08:04:55.135+00:00,2026-09-21T08:04:55.135+00:00,False,1,0.0,,0.0,300782.90467400005,300782.90467400005,300782.90467400005,300782.90467400005,300782.90467400005,300782.90467400005,nan,300782.90467400005,nan,nan,0.0,52,64,,True,False,"HTTPConnectionPool(host='gpu06', port=9004): Read timed out.",0,59.56268577710819
402,2026-09-21T07:59:54.466+00:00,2026-09-21T08:04:55.163+00:00,2026-09-21T08:04:55.163+00:00,False,1,0.0,,0.0,300696.84081300005,300696.84081300005,300696.84081300005,300696.84081300005,300696.84081300005,300696.84081300005,nan,300696.84081300005,nan,nan,0.0,52,64,,True,False,"HTTPConnectionPool(host='gpu06', port=9004): Read timed out.",0,59.56268577710819
404,2026-09-21T07:59:54.614+00:00,2026-09-21T08:04:55.257+00:00,2026-09-21T08:04:55.257+00:00,False,1,0.0,,0.0,300643.18848400004,300643.18848400004,300643.18848400004,300643.18848400004,300643.18848400004,300643.18848400004,nan,300643.18848400004,nan,nan,0.0,52,64,,True,False,"HTTPConnectionPool(host='gpu06', port=9004): Read timed out.",0,59.56268577710819
406,2026-09-21T07:59:55.075+00:00,2026-09-21T08:04:55.382+00:00,2026-09-21T08:04:55.382+00:00,False,1,0.0,,0.0,300307.114286,300307.114286,300307.114286,300307.114286,300307.114286,300307.114286,nan,300307.114286,nan,nan,0.0,52,64,,True,False,"HTTPConnectionPool(host='gpu06', port=9004): Read timed out.",0,59.56268577710819
405,2026-09-21T07:59:55.028+00:00,2026-09-21T08:04:55.496+00:00,2026-09-21T08:04:55.496+00:00,False,1,0.0,,0.0,300467.667723,300467.667723,300467.667723,300467.667723,300467.667723,300467.667723,nan,300467.667723,nan,nan,0.0,52,64,,True,False,"HTTPConnectionPool(host='gpu06', port=9004): Read timed out.",0,59.56268577710819
407,2026-09-21T07:59:55.234+00:00,2026-09-21T08:04:55.508+00:00,2026-09-21T08:04:55.508+00:00,False,1,0.0,,0.0,300274.415035,300274.415035,300274.415035,300274.415035,300274.415035,300274.415035,nan,300274.415035,nan,nan,0.0,52,64,,True,False,"HTTPConnectionPool(host='gpu06', port=9004): Read timed out.",0,59.56268577710819
408,2026-09-21T07:59:55.361+00:00,2026-09-21T08:04:55.583+00:00,2026-09-21T08:04:55.583+00:00,False,1,0.0,,0.0,300222.339729,300222.339729,300222.339729,300222.339729,300222.339729,300222.339729,nan,300222.339729,nan,nan,0.0,52,64,,True,False,"HTTPConnectionPool(host='gpu06', port=9004): Read timed out.",0,59.56268577710819
409,2026-09-21T07:59:55.563+00:00,2026-09-21T08:04:55.697+00:00,2026-09-21T08:04:55.697+00:00,False,1,0.0,,0.0,300134.570584,300134.570584,300134.570584,300134.570584,300134.570584,300134.570584,nan,300134.570584,nan,nan,0.0,52,64,,True,False,"HTTPConnectionPool(host='gpu06', port=9004): Read timed out.",0,59.56268577710819
410,2026-09-21T07:59:55.871+00:00,2026-09-21T08:04:55.987+00:00,2026-09-21T08:04:55.987+00:00,False,1,0.0,,0.0,300115.894469,300115.894469,300115.894469,300115.894469,300115.894469,300115.894469,nan,300115.894469,nan,nan,0.0,52,64,,True,False,"HTTPConnectionPool(host='gpu06', port=9004): Read timed out.",0,59.56268577710819
411,2026-09-21T07:59:56.072+00:00,2026-09-21T08:04:56.182+00:00,2026-09-21T08:04:56.182+00:00,False,1,0.0,,0.0,300110.480469,300110.480469,300110.480469,300110.480469,300110.480469,300110.480469,nan,300110.480469,nan,nan,0.0,52,64,,True,False,"HTTPConnectionPool(host='gpu06', port=9004): Read timed out.",0,59.56268577710819
412,2026-09-21T07:59:56.349+00:00,2026-09-21T08:04:56.468+00:00,2026-09-21T08:04:56.468+00:00,False,1,0.0,,0.0,300118.69997799996,300118.69997799996,300118.69997799996,300118.69997799996,300118.69997799996,300118.69997799996,nan,300118.69997799996,nan,nan,0.0,52,64,,True,False,"HTTPConnectionPool(host='gpu06', port=9004): Read timed out.",0,59.56268577710819
413,2026-09-21T07:59:56.588+00:00,2026-09-21T08:04:56.705+00:00,2026-09-21T08:04:56.705+00:00,False,1,0.0,,0.0,300116.933322,300116.933322,300116.933322,300116.933322,300116.933322,300116.933322,nan,300116.933322,nan,nan,0.0,52,64,,True,False,"HTTPConnectionPool(host='gpu06', port=9004): Read timed out.",0,59.56268577710819
414,2026-09-21T07:59:56.949+00:00,2026-09-21T08:04:57.068+00:00,2026-09-21T08:04:57.068+00:00,False,1,0.0,,0.0,300119.023428,300119.023428,300119.023428,300119.023428,300119.023428,300119.023428,nan,300119.023428,nan,nan,0.0,52,64,,True,False,"HTTPConnectionPool(host='gpu06', port=9004): Read timed out.",0,59.56268577710819
415,2026-09-21T07:59:57.206+00:00,2026-09-21T08:04:57.189+00:00,2026-09-21T08:04:57.358+00:00,False,3,2.0,,2.0,299983.03586799995,300151.65692399995,300151.6568279999,100050.55227599999,0.03489,299983.03586799995,173146.63034210072,270001.5908882,84.310528,119.18349285037702,0.006663298215629744,52,64,,True,False,Request timeout: 300.0s exceeded,2,59.56268577710819
416,2026-09-21T07:59:57.433+00:00,2026-09-21T08:04:57.448+00:00,2026-09-21T08:04:57.448+00:00,False,1,0.0,,0.0,300014.671022,300014.671022,300014.671022,300014.671022,300014.671022,300014.671022,nan,300014.671022,nan,nan,0.0,52,64,,True,False,TTFT timeout: 300.0s exceeded (TTFT: 300.004s),0,59.56268577710819
417,2026-09-21T07:59:57.640+00:00,2026-09-21T08:04:57.726+00:00,2026-09-21T08:04:57.726+00:00,False,1,0.0,,0.0,300086.57361699996,300086.57361699996,300086.57361699996,300086.57361699996,300086.57361699996,300086.57361699996,nan,300086.57361699996,nan,nan,0.0,52,64,,True,False,"HTTPConnectionPool(host='gpu06', port=9004): Read timed out.",0,59.56268577710819
418,2026-09-21T07:59:57.876+00:00,2026-09-21T08:04:57.965+00:00,2026-09-21T08:04:57.965+00:00,False,1,0.0,,0.0,300088.968231,300088.968231,300088.968231,300088.968231,300088.968231,300088.968231,nan,300088.968231,nan,nan,0.0,52,64,,True,False,"HTTPConnectionPool(host='gpu06', port=9004): Read timed out.",0,59.56268577710819
419,2026-09-21T07:59:58.186+00:00,2026-09-21T08:04:58.230+00:00,2026-09-21T08:04:58.230+00:00,False,1,0.0,,0.0,300044.019258,300044.019258,300044.019258,300044.019258,300044.019258,300044.019258,nan,300044.019258,nan,nan,0.0,52,64,,True,False,"HTTPConnectionPool(host='gpu06', port=9004): Read timed out.",0,59.56268577710819
420,2026-09-21T07:59:58.447+00:00,2026-09-21T08:04:58.545+00:00,2026-09-21T08:04:58.545+00:00,False,1,0.0,,0.0,300097.995416,300097.995416,300097.995416,300097.995416,300097.995416,300097.995416,nan,300097.995416,nan,nan,0.0,52,64,,True,False,"HTTPConnectionPool(host='gpu06', port=9004): Read timed out.",0,59.56268577710819
421,2026-09-21T07:59:58.683+00:00,2026-09-21T08:04:58.790+00:00,2026-09-21T08:04:58.790+00:00,False,1,0.0,,0.0,300106.935,300106.935,300106.935,300106.935,300106.935,300106.935,nan,300106.935,nan,nan,0.0,52,64,,True,False,"HTTPConnectionPool(host='gpu06', port=9004): Read timed out.",0,59.56268577710819
422,2026-09-21T07:59:58.974+00:00,2026-09-21T08:04:59.068+00:00,2026-09-21T08:04:59.068+00:00,False,1,0.0,,0.0,300093.849918,300093.849918,300093.849918,300093.849918,300093.849918,300093.849918,nan,300093.849918,nan,nan,0.0,52,64,,True,False,TTFT timeout: 300.0s exceeded (TTFT: 300.076s),0,59.56268577710819
423,2026-09-21T07:59:59.182+00:00,2026-09-21T08:04:59.213+00:00,2026-09-21T08:04:59.213+00:00,False,1,0.0,,0.0,300030.534231,300030.534231,300030.534231,300030.534231,300030.534231,300030.534231,nan,300030.534231,nan,nan,0.0,52,64,,True,False,TTFT timeout: 300.0s exceeded (TTFT: 300.024s),0,59.56268577710819
424,2026-09-21T07:59:59.416+00:00,2026-09-21T08:04:59.373+00:00,2026-09-21T08:04:59.432+00:00,False,3,2.0,,2.0,299957.34272,300016.831232,300016.831107,100005.610369,0.04229,299957.34272,173163.28229398845,269967.55305770005,29.744256,42.0046318183507,0.006666292660272183,52,64,,True,False,Request timeout: 300.0s exceeded,6,59.56268577710819
425,2026-09-21T07:59:59.759+00:00,2026-09-21T08:04:59.863+00:00,2026-09-21T08:04:59.863+00:00,False,1,0.0,,0.0,300104.24279000005,300104.24279000005,300104.24279000005,300104.24279000005,300104.24279000005,300104.24279000005,nan,300104.24279000005,nan,nan,0.0,52,64,,True,False,"HTTPConnectionPool(host='gpu06', port=9004): Read timed out.",0,59.56268577710819
426,2026-09-21T08:00:00.072+00:00,2026-09-21T08:05:00.177+00:00,2026-09-21T08:05:00.177+00:00,False,1,0.0,,0.0,300105.289163,300105.289163,300105.289163,300105.289163,300105.289163,300105.289163,nan,300105.289163,nan,nan,0.0,52,64,,True,False,"HTTPConnectionPool(host='gpu06', port=9004): Read timed out.",0,59.56268577710819
427,2026-09-21T08:00:00.398+00:00,2026-09-21T08:05:00.503+00:00,2026-09-21T08:05:00.503+00:00,False,1,0.0,,0.0,300105.022395,300105.022395,300105.022395,300105.022395,300105.022395,300105.022395,nan,300105.022395,nan,nan,0.0,52,64,,True,False,"HTTPConnectionPool(host='gpu06', port=9004): Read timed out.",0,59.56268577710819
428,2026-09-21T08:00:00.628+00:00,2026-09-21T08:05:00.724+00:00,2026-09-21T08:05:00.724+00:00,False,1,0.0,,0.0,300096.35275099997,300096.35275099997,300096.35275099997,300096.35275099997,300096.35275099997,300096.35275099997,nan,300096.35275099997,nan,nan,0.0,52,64,,True,False,"HTTPConnectionPool(host='gpu06', port=9004): Read timed out.",0,59.56268577710819
429,2026-09-21T08:00:00.891+00:00,2026-09-21T08:05:00.978+00:00,2026-09-21T08:05:00.978+00:00,False,1,0.0,,0.0,300086.64633200003,300086.64633200003,300086.64633200003,300086.64633200003,300086.64633200003,300086.64633200003,nan,300086.64633200003,nan,nan,0.0,52,64,,True,False,TTFT timeout: 300.0s exceeded (TTFT: 300.081s),0,59.56268577710819
430,2026-09-21T08:00:01.095+00:00,2026-09-21T08:05:01.168+00:00,2026-09-21T08:05:02.905+00:00,False,28,27.0,,27.0,300073.38114300004,301810.629399,301810.629406,10778.951050214288,0.03228,300073.38114300004,56696.390342175975,182.25342245,64.342528,36.40199591692106,0.08946006989139348,52,64,,True,False,Request timeout: 300.0s exceeded,58,59.56268577710819
431,2026-09-21T08:00:01.443+00:00,2026-09-21T08:05:01.386+00:00,2026-09-21T08:05:03.024+00:00,False,29,28.0,,28.0,299942.88291900005,301580.9467910001,301580.94668900006,10399.342989275863,0.03465,299942.88291900005,55687.13454007382,105.84055939999999,58.50228114285714,18.8084007824465,0.0928440615958554,52,64,,True,False,Request timeout: 300.0s exceeded,140,59.56268577710819
433,2026-09-21T08:00:02.013+00:00,2026-09-21T08:05:03.186+00:00,2026-09-21T08:05:03.186+00:00,False,1,0.0,,0.0,301172.76238800003,301172.76238800003,301172.76238800003,301172.76238800003,301172.76238800003,301172.76238800003,nan,301172.76238800003,nan,nan,0.0,52,64,,True,False,"HTTPConnectionPool(host='gpu06', port=9004): Read timed out.",0,59.56268577710819
434,2026-09-21T08:00:02.206+00:00,2026-09-21T08:05:03.382+00:00,2026-09-21T08:05:03.382+00:00,False,1,0.0,,0.0,301175.995459,301175.995459,301175.995459,301175.995459,301175.995459,301175.995459,nan,301175.995459,nan,nan,0.0,52,64,,True,False,"HTTPConnectionPool(host='gpu06', port=9004): Read timed out.",0,59.56268577710819
432,2026-09-21T08:00:01.741+00:00,2026-09-21T08:05:03.600+00:00,2026-09-21T08:05:04.925+00:00,False,32,31.0,,31.0,301858.847647,303184.431263,303184.43132599996,9474.513478937499,0.033350000000000005,301858.847647,53354.05890382027,115.40426360000001,42.76076180645161,30.573542079578857,0.10224799430122708,52,64,,True,False,Request timeout: 300.0s exceeded,160,59.56268577710819
0,2026-09-21T07:58:02.308+00:00,2026-09-21T07:58:02.577+00:00,2026-09-21T07:58:04.530+00:00,True,38,38.0,,38.0,269.11262800000003,2222.657588,2222.657519,58.490987342105264,0.01724,269.11262800000003,56.526681625978846,195.8855936,52.79851243243244,44.92723155528814,17.09665051655271,53,64,,False,True,,87,59.56268577710819
3,2026-09-21T07:58:03.131+00:00,2026-09-21T07:58:03.489+00:00,2026-09-21T07:58:04.533+00:00,True,19,19.0,,19.0,357.892044,1402.4703479999998,1402.470465,73.814235,44.684543,357.892044,69.3847463774449,109.20869880000001,58.032128,9.307881785319946,13.547523501723262,53,64,,False,True,,95,59.56268577710819
2,2026-09-21T07:58:02.885+00:00,2026-09-21T07:58:03.491+00:00,2026-09-21T07:58:04.184+00:00,True,13,13.0,,13.0,605.4540999999999,1298.5612999999998,1298.5613469999998,99.88933438461538,41.422933,605.4540999999999,152.38009156646405,293.5155496,57.75893333333334,12.580376125544948,10.011079184324993,53,64,,False,True,,107,59.56268577710819
1,2026-09-21T07:58:02.574+00:00,2026-09-21T07:58:06.244+00:00,2026-09-21T07:58:10.168+00:00,True,64,64.0,,64.0,3669.973867,7594.321003,7594.32114,118.6612678125,42.311094,3669.973867,451.1131969762502,81.455436,62.29122438095238,11.837264733759023,8.427349854544989,53,64,,False,True,,215,59.56268577710819
5,2026-09-21T07:58:03.605+00:00,2026-09-21T07:58:08.252+00:00,2026-09-21T07:58:13.810+00:00,True,88,88.0,,88.0,4646.333162,10205.145322,10205.145479,115.96756226136364,0.018539999999999997,4646.333162,490.432916382901,78.647189,63.89439264367816,43.86869791417693,8.623101114522276,53,64,,False,True,,176,59.56268577710819
6,2026-09-21T07:58:03.862+00:00,2026-09-21T07:58:08.435+00:00,2026-09-21T07:58:11.291+00:00,True,46,46.0,,46.0,4572.827534,7429.183374,7429.183341,161.50398567391304,41.025904000000004,4572.827534,664.9458026263708,79.8799715,63.47457422222222,10.298394746933809,6.191797628927392,53,64,,False,True,,95,59.56268577710819
4,2026-09-21T07:58:03.370+00:00,2026-09-21T07:58:09.172+00:00,2026-09-21T07:58:14.573+00:00,True,85,85.0,,85.0,5801.600023,11202.426647,11202.426694,131.7932552235294,0.01693,5801.600023,623.5190274078216,78.0413468,64.29555504761905,39.23584471733625,7.587641738565896,53,64,,False,True,,541,59.56268577710819
7,2026-09-21T07:58:04.147+00:00,2026-09-21T07:58:10.316+00:00,2026-09-21T07:58:12.560+00:00,True,36,36.0,,36.0,6169.322719,8413.017823,8413.017932,233.69494255555554,44.262204,6169.322719,1017.6033561316356,81.10501125,64.1055744,11.86220372539138,4.279082816344581,53,64,,False,True,,37,59.56268577710819
8,2026-09-21T07:58:04.366+00:00,2026-09-21T07:58:11.765+00:00,2026-09-21T07:58:16.552+00:00,True,77,77.0,,77.0,7399.518726,12186.095878,12186.095973,158.26098666233767,0.0156,7399.518726,837.3588978238844,82.60775,62.981278315789474,46.6412833474073,6.3186766927552975,53,64,,False,True,,156,59.56268577710819
9,2026-09-21T07:58:04.665+00:00,2026-09-21T07:58:13.280+00:00,2026-09-21T07:58:16.182+00:00,True,48,48.0,,48.0,8614.897513,11516.877929,11516.877774,239.934953625,36.045513,8614.897513,1234.5935169546456,83.58723815000002,61.744264170212766,11.473859583812512,4.167796194065226,53,64,,False,True,,616,59.56268577710819
10,2026-09-21T07:58:04.976+00:00,2026-09-21T07:58:14.968+00:00,2026-09-21T07:58:18.609+00:00,True,60,60.0,,60.0,9991.165947000001,13632.537595000002,13632.537725000002,227.20896208333335,41.274205,9991.165947000001,1281.9277144311573,78.64722504999999,61.718163525423726,10.40574748326394,4.401234882492176,53,64,,False,True,,237,59.56268577710819
11,2026-09-21T07:58:05.190+00:00,2026-09-21T07:58:16.630+00:00,2026-09-21T07:58:22.003+00:00,True,86,86.0,,86.0,11439.900005000001,16812.837477,16812.837413,195.49810945348838,30.567433,11439.900005000001,1226.8313109912892,79.565173,63.211029082352944,11.295507339113941,5.115138959598473,53,64,,False,True,,258,59.56268577710819
12,2026-09-21T07:58:05.524+00:00,2026-09-21T07:58:18.413+00:00,2026-09-21T07:58:18.994+00:00,True,10,10.0,,10.0,12888.391528,13469.277288,13469.277288,1346.9277288,55.393676,12888.391528,4055.2591226150307,7120.801855000001,64.54286222222223,4.384971588194894,0.7424303313518659,53,64,,False,True,,34,59.56268577710819
13,2026-09-21T07:58:05.754+00:00,2026-09-21T07:58:19.625+00:00,2026-09-21T07:58:24.647+00:00,True,78,78.0,,78.0,13871.318618000001,18893.38633,18893.386499,242.22290383333336,0.0,13871.318618000001,1564.767953068237,96.16354045,65.2216585974026,69.75394521632924,4.128428786540353,53,64,,False,True,,234,59.56268577710819
14,2026-09-21T07:58:06.077+00:00,2026-09-21T07:58:21.369+00:00,2026-09-21T07:58:23.975+00:00,True,41,41.0,,41.0,15292.744798,17898.564702,17898.564718,436.55035897560975,0.0,15292.744798,2379.959035575469,396.372811,65.1454976,93.92090421104645,2.290686470263095,53,64,,False,True,,205,59.56268577710819
15,2026-09-21T07:58:06.318+00:00,2026-09-21T07:58:22.532+00:00,2026-09-21T07:58:25.319+00:00,True,44,44.0,,44.0,16214.141012,19001.305172,19001.305161,431.8478445681818,0.0,16214.141012,2436.2201323437243,363.1730035500001,64.8177711627907,89.82693706517904,2.315630405475391,53,64,,False,True,,134,59.56268577710819
16,2026-09-21T07:58:06.559+00:00,2026-09-21T07:58:23.784+00:00,2026-09-21T07:58:26.971+00:00,True,49,49.0,,49.0,17225.110986,20412.564426,20412.564567,416.5829503469388,0.0,17225.110986,2451.892016985733,78.669866,66.40528,56.978577889583924,2.4004823194868874,53,64,,False,True,,490,59.56268577710819
17,2026-09-21T07:58:06.879+00:00,2026-09-21T07:58:25.315+00:00,2026-09-21T07:58:31.396+00:00,True,98,98.0,,98.0,18436.486484999998,24517.188436999997,24517.188435999997,250.17539220408162,0.0,18436.486484999998,1856.9703529349736,77.93343599999999,62.68764898969072,59.270829955952024,3.997195691986597,53,64,,False,True,,391,59.56268577710819
18,2026-09-21T07:58:07.188+00:00,2026-09-21T07:58:27.149+00:00,2026-09-21T07:58:27.682+00:00,True,10,10.0,,10.0,19960.794452,20494.005075999998,20494.005167,2049.4005167,47.503295,19960.794452,6293.427741869887,11010.4050512,59.24562488888889,8.759997266085824,0.4879475711514653,53,64,,False,True,,20,59.56268577710819
19,2026-09-21T07:58:07.477+00:00,2026-09-21T07:58:28.630+00:00,2026-09-21T07:58:32.159+00:00,True,56,56.0,,56.0,21153.196866000002,24682.019138000003,24682.019362000003,440.75034575,0.0,21153.196866000002,2818.707251487717,79.79789575,64.16040494545454,57.015496855822526,2.268858138667569,53,64,,False,True,,497,59.56268577710819
20,2026-09-21T07:58:07.686+00:00,2026-09-21T07:58:29.876+00:00,2026-09-21T07:58:35.386+00:00,True,83,83.0,,83.0,22190.203074,27699.559362,27699.559196000002,333.7296288674699,0.0,22190.203074,2430.3959339012913,79.69758110000001,67.18727180487805,101.1351048698442,2.9964375575542417,53,64,,False,True,,166,59.56268577710819
21,2026-09-21T07:58:08.025+00:00,2026-09-21T07:58:31.654+00:00,2026-09-21T07:58:32.705+00:00,True,18,18.0,,18.0,23629.265984,24679.489088000002,24679.488953,1371.082719611111,48.912745,23629.265984,5554.915398706607,3609.1427854000003,61.77782964705882,7.8097680211733636,0.7293505929485472,53,64,,False,True,,54,59.56268577710819
22,2026-09-21T07:58:08.352+00:00,2026-09-21T07:58:33.363+00:00,2026-09-21T07:58:33.605+00:00,True,8,8.0,,8.0,25011.348437,25252.592085,25252.592012,3156.5740015,0.01873,25011.348437,8830.723077993625,16289.152252550002,34.463378285714285,35.35839086117134,0.3167991615701102,53,64,,False,True,,37,59.56268577710819
23,2026-09-21T07:58:08.594+00:00,2026-09-21T07:58:34.322+00:00,2026-09-21T07:58:39.739+00:00,True,86,86.0,,86.0,25728.515182,31145.153902,31145.153874,362.1529520232558,0.0,25728.515182,2768.145787909799,80.5860855,63.7251614117647,59.889120031755716,2.7612642490258326,53,64,,False,True,,294,59.56268577710819
24,2026-09-21T07:58:08.796+00:00,2026-09-21T07:58:35.415+00:00,2026-09-21T07:58:39.296+00:00,True,62,62.0,,62.0,26618.821824000002,30500.655808000003,30500.655687000002,491.946059467742,45.89821499999999,26618.821824000002,3372.526332907901,78.2893485,63.63662268852459,9.95083781797599,2.032743177402043,53,64,,False,True,,184,59.56268577710819
25,2026-09-21T07:58:09.076+00:00,2026-09-21T07:58:36.831+00:00,2026-09-21T07:58:37.453+00:00,True,11,11.0,,11.0,27755.001122,28376.657954000002,28376.658177,2579.696197909091,44.281874,27755.001122,8349.709408128836,13916.211785000001,62.165683200000004,9.978776565488676,0.3876425482462225,53,64,,False,True,,33,59.56268577710819
26,2026-09-21T07:58:09.423+00:00,2026-09-21T07:58:38.287+00:00,2026-09-21T07:58:41.809+00:00,True,57,57.0,,57.0,28864.035006000002,32385.975486000003,32385.975692000004,568.1750121403509,0.0,28864.035006000002,3815.637850008717,79.6309562,62.89179428571428,80.45863359698957,1.7600210938416938,53,64,,False,True,,57,59.56268577710819
27,2026-09-21T07:58:09.735+00:00,2026-09-21T07:58:40.557+00:00,2026-09-21T07:58:42.434+00:00,True,33,33.0,,33.0,30821.24244,32698.425416000002,32698.425375000003,990.8613750000001,0.0,30821.24244,5355.1076528532385,78.06295999999999,58.661968,18.136662916770224,1.009222908447831,53,64,,False,True,,99,59.56268577710819
28,2026-09-21T07:58:09.988+00:00,2026-09-21T07:58:41.630+00:00,2026-09-21T07:58:45.578+00:00,True,63,63.0,,63.0,31642.582356,35590.407508,35590.407306,564.9271000952381,0.01644,31642.582356,3979.5899476642408,77.12819990000001,63.67459922580645,90.90012726742707,1.7701398891214968,53,64,,False,True,,126,59.56268577710819
29,2026-09-21T07:58:10.284+00:00,2026-09-21T07:58:43.505+00:00,2026-09-21T07:58:48.749+00:00,True,90,90.0,,90.0,33221.665159000004,38465.860999000004,38465.860994,427.39845548888894,0.0,33221.665159000004,3496.4845294481015,78.19952255,58.92354876404494,76.36402253146608,2.339737046373139,53,64,,False,True,,90,59.56268577710819
30,2026-09-21T07:58:10.491+00:00,2026-09-21T07:58:44.090+00:00,2026-09-21T07:58:46.930+00:00,True,46,46.0,,46.0,33599.832839,36439.545095,36439.545204,792.164026173913,0.0,33599.832839,4945.798398516413,80.95885875,63.1047168,104.40431921571489,1.2623648259075502,53,64,,False,True,,414,59.56268577710819
31,2026-09-21T07:58:10.743+00:00,2026-09-21T07:58:45.568+00:00,2026-09-21T07:58:49.588+00:00,True,63,63.0,,63.0,34824.923545000005,38845.010329000004,38845.010373000005,616.5874662380953,0.0,34824.923545000005,4380.272850775919,78.844803,64.84010941935485,90.20733140554165,1.6218299201472197,53,64,,False,True,,197,59.56268577710819
32,2026-09-21T07:58:11.025+00:00,2026-09-21T07:58:47.061+00:00,2026-09-21T07:58:52.105+00:00,True,80,80.0,,80.0,36036.104971,41079.751435,41079.751525,513.4968940625,40.744014,36036.104971,4021.832548212098,79.61044095,63.84362612658228,9.664407325055617,1.9474314523685239,53,64,,False,True,,320,59.56268577710819
33,2026-09-21T07:58:11.365+00:00,2026-09-21T07:58:48.685+00:00,2026-09-21T07:58:53.666+00:00,True,76,76.0,,76.0,37320.011505,42301.542385,42301.542332000005,556.5992412105263,0.0,37320.011505,4275.017985735432,82.15695050000001,66.42041173333334,122.71042234199915,1.7966247969943852,53,64,,False,True,,304,59.56268577710819
34,2026-09-21T07:58:11.662+00:00,2026-09-21T07:58:49.922+00:00,2026-09-21T07:58:51.462+00:00,True,26,26.0,,26.0,38260.334013,39799.777469,39799.777482,1530.7606723846154,43.213184,38260.334013,7491.399747420145,86.2424195,61.57773824,10.673757391249381,0.6532699842417805,53,64,,False,True,,78,59.56268577710819
35,2026-09-21T07:58:11.967+00:00,2026-09-21T07:58:51.599+00:00,2026-09-21T07:58:56.402+00:00,True,77,77.0,,77.0,39632.241255,44435.520359,44435.520493,577.0846817272727,0.0,39632.241255,4510.945676153978,90.5857852,63.201040842105265,122.25037297360147,1.732847941869648,53,64,,False,True,,189,59.56268577710819
36,2026-09-21T07:58:12.194+00:00,2026-09-21T07:58:53.660+00:00,2026-09-21T07:58:54.731+00:00,True,30,30.0,,30.0,41466.298176,42537.263424,42537.263617,1417.9087872333332,0.0,41466.298176,7564.006280498913,86.69836070000001,36.929836137931034,33.840074183207484,0.7052639870357449,53,64,,False,True,,90,59.56268577710819
37,2026-09-21T07:58:12.534+00:00,2026-09-21T07:58:54.671+00:00,2026-09-21T07:58:56.462+00:00,True,30,30.0,,30.0,42136.975925,43928.346164999995,43928.346171,1464.2782057,47.175125,42136.975925,7681.85235710017,80.33579600000002,61.7713875862069,9.888310426578782,0.682930331301718,53,64,,False,True,,120,59.56268577710819
39,2026-09-21T07:58:13.187+00:00,2026-09-21T07:58:56.682+00:00,2026-09-21T07:58:59.007+00:00,True,38,38.0,,38.0,43494.586596,45819.250404,45819.250428,1205.7697481052633,40.276354,43494.586596,7045.569272221886,79.82020965000001,62.828751567567565,10.62338064817861,0.8293457371070962,53,64,,False,True,,75,59.56268577710819
38,2026-09-21T07:58:13.137+00:00,2026-09-21T07:58:57.360+00:00,2026-09-21T07:59:01.267+00:00,True,59,59.0,,59.0,44222.708922,48129.590458,48129.590466999995,815.7557706271186,0.0,44222.708922,5749.683682927525,80.29695800000002,67.36002648275863,115.83875005251174,1.2258570961971098,53,64,,False,True,,334,59.56268577710819
40,2026-09-21T07:58:13.425+00:00,2026-09-21T07:58:59.564+00:00,2026-09-21T07:59:03.887+00:00,True,70,70.0,,70.0,46138.731491,50461.845218999995,50461.845089999995,720.8835012857143,0.0,46138.731491,5508.172748919346,82.61555105000001,62.65382214492754,107.1992322429174,1.3871866891946998,53,64,,False,True,,412,59.56268577710819
41,2026-09-21T07:58:13.689+00:00,2026-09-21T07:59:01.277+00:00,2026-09-21T07:59:05.666+00:00,True,69,69.0,,69.0,47588.466192,51977.472016,51977.472077,753.2966967681159,0.0,47588.466192,5722.294485970785,82.58778860000001,64.54420329411765,112.33899040861577,1.3274981895764386,53,64,,False,True,,414,59.56268577710819
42,2026-09-21T07:58:13.945+00:00,2026-09-21T07:59:02.255+00:00,2026-09-21T07:59:08.029+00:00,True,94,94.0,,94.0,48309.840826,54083.074234,54083.074115,575.351852287234,0.01554,48309.840826,4977.2454295393745,81.96389884999999,62.07777858064516,93.48846993100756,1.7380668782490498,53,64,,False,True,,517,59.56268577710819
43,2026-09-21T07:58:14.290+00:00,2026-09-21T07:59:04.026+00:00,2026-09-21T07:59:08.296+00:00,True,69,69.0,,69.0,49736.089254,54006.449574,54006.449537,782.7021672028985,0.01589,49736.089254,5981.021837004357,77.5460084,62.799416470588234,113.46152027089292,1.2776251826266738,53,64,,False,True,,213,59.56268577710819
44,2026-09-21T07:58:14.635+00:00,2026-09-21T07:59:05.968+00:00,2026-09-21T07:59:07.960+00:00,True,33,33.0,,33.0,51333.18971,53325.130573999995,53325.130445999996,1615.9130438181817,40.648664,51333.18971,8925.131353014309,78.26313,62.248152,10.538477964703338,0.6188451794638451,53,64,,False,True,,99,59.56268577710819
45,2026-09-21T07:58:14.880+00:00,2026-09-21T07:59:07.009+00:00,2026-09-21T07:59:09.222+00:00,True,35,35.0,,35.0,52128.585833,54342.058856999996,54342.058782,1552.6302509142856,48.335315,52128.585833,8800.34106669446,86.75513600000001,65.10214776470588,10.53111342881063,0.6440683466208333,53,64,,False,True,,157,59.56268577710819
46,2026-09-21T07:58:15.094+00:00,2026-09-21T07:59:08.345+00:00,2026-09-21T07:59:10.928+00:00,True,42,42.0,,42.0,53251.372089000004,55834.13458500001,55834.13445800001,1329.3841537619048,0.0,53251.372089000004,8208.75449951773,123.85012825,62.99420721951219,164.57162824587527,0.7522280109143737,53,64,,False,True,,336,59.56268577710819
47,2026-09-21T07:58:15.311+00:00,2026-09-21T07:59:10.288+00:00,2026-09-21T07:59:14.575+00:00,True,84,84.0,,84.0,54976.17999800001,59263.843102000006,59263.843079000006,705.5219414166668,0.0,54976.17999800001,5992.822801360161,79.20223299999999,51.65859161445783,28.341446667324018,1.4173903615299834,53,64,,False,True,,87,59.56268577710819
48,2026-09-21T07:58:15.517+00:00,2026-09-21T07:59:10.471+00:00,2026-09-21T07:59:13.760+00:00,True,53,53.0,,53.0,54953.404546,58242.285186,58242.285076,1098.9110391698114,3.79722,54953.404546,7539.759027722474,80.2420194,63.24770461538461,15.747340509020052,0.9099917668192711,53,64,,False,True,,364,59.56268577710819
49,2026-09-21T07:58:15.768+00:00,2026-09-21T07:59:11.930+00:00,2026-09-21T07:59:14.887+00:00,True,46,46.0,,46.0,56162.00914,59118.89362,59118.89359,1285.1933389130436,41.861894,56162.00914,8270.954113524811,79.49896700000001,65.708544,9.923213768874385,0.7780930457811907,53,64,,False,True,,309,59.56268577710819
50,2026-09-21T07:58:16.066+00:00,2026-09-21T07:59:13.832+00:00,2026-09-21T07:59:19.722+00:00,True,93,93.0,,93.0,57766.575736,63656.015224,63656.015124,684.4732809032258,0.02017,57766.575736,5984.677070547046,83.916102,64.01564660869565,120.51354147839753,1.4609774060273968,53,64,,False,True,,646,59.56268577710819
51,2026-09-21T07:58:16.367+00:00,2026-09-21T07:59:15.144+00:00,2026-09-21T07:59:21.368+00:00,True,99,99.0,,99.0,58777.573329000006,65000.86856100001,65000.868676000006,656.5744310707071,0.0,58777.573329000006,5903.836574418645,89.10384730000001,63.50301257142858,184.380856433973,1.5230565712686368,53,64,,False,True,,200,59.56268577710819
52,2026-09-21T07:58:16.680+00:00,2026-09-21T07:59:16.665+00:00,2026-09-21T07:59:18.136+00:00,True,25,25.0,,25.0,59984.266541000005,61456.155437,61456.15556000001,2458.2462224,42.817953,59984.266541000005,11984.59235769505,82.581101,61.328704,10.947048148029074,0.4067940765612653,53,64,,False,True,,175,59.56268577710819
53,2026-09-21T07:58:16.889+00:00,2026-09-21T07:59:17.968+00:00,2026-09-21T07:59:21.300+00:00,True,43,43.0,,43.0,61079.669713,64411.107537,64411.107486,1497.9327322325582,0.0,61079.669713,9305.890528432998,1077.8729193000001,79.3199481904762,255.49298658090578,0.6675867198106986,53,64,,False,True,,86,59.56268577710819
54,2026-09-21T07:58:17.240+00:00,2026-09-21T07:59:19.810+00:00,2026-09-21T07:59:23.045+00:00,True,52,52.0,,52.0,62569.611439,65804.826799,65804.826924,1265.4774408461537,0.0,62569.611439,8669.656152196043,143.93811095,63.43559529411765,168.69190150240482,0.7902155894860621,53,64,,False,True,,60,59.56268577710819
55,2026-09-21T07:58:17.529+00:00,2026-09-21T07:59:21.319+00:00,2026-09-21T07:59:27.609+00:00,True,100,100.0,,100.0,63789.489192,70079.58916,70079.589365,700.79589365,0.03126,63789.489192,6372.60737384678,80.46645500000001,63.53636331313131,12.477071277507134,1.4269490046764994,53,64,,False,True,,403,59.56268577710819
56,2026-09-21T07:58:17.814+00:00,2026-09-21T07:59:22.973+00:00,2026-09-21T07:59:24.500+00:00,True,25,25.0,,25.0,65159.160048,66685.73336,66685.73338199999,2667.42933528,46.924844,65159.160048,13019.11483509634,79.77414300000001,63.607221333333335,10.771057445362858,0.37489278051481567,53,64,,False,True,,244,59.56268577710819
57,2026-09-21T07:58:18.088+00:00,2026-09-21T07:59:24.559+00:00,2026-09-21T07:59:26.776+00:00,True,35,35.0,,35.0,66470.975319,68688.700759,68688.70063400001,1962.5343038285716,42.409724000000004,66470.975319,11224.625664841249,82.7584613,65.22721882352941,11.335273579219185,0.5095452325237655,53,64,,False,True,,70,59.56268577710819
58,2026-09-21T07:58:18.367+00:00,2026-09-21T07:59:25.953+00:00,2026-09-21T07:59:27.980+00:00,True,33,33.0,,33.0,67586.041723,69613.028731,69613.028881,2109.4857236666667,46.770044,67586.041723,11754.197476670912,83.85321479999999,63.343344,10.356417503162424,0.47404919167530024,53,64,,False,True,,87,59.56268577710819
59,2026-09-21T07:58:18.649+00:00,2026-09-21T07:59:27.535+00:00,2026-09-21T07:59:32.812+00:00,True,69,69.0,,69.0,68885.968433,74162.886961,74162.886847,1074.8244470579712,0.0,68885.968433,8284.98524291728,79.59256099999999,77.60174305882353,155.14130589609132,0.9303844932072964,53,64,,False,True,,621,59.56268577710819
60,2026-09-21T07:58:18.962+00:00,2026-09-21T07:59:29.097+00:00,2026-09-21T07:59:30.881+00:00,True,29,29.0,,29.0,70135.269237,71919.655797,71919.655874,2479.988133586207,41.588474000000005,70135.269237,13011.962994521566,79.483197,63.728091428571425,10.97773788469342,0.40322773626524616,53,64,,False,True,,86,59.56268577710819
61,2026-09-21T07:58:19.175+00:00,2026-09-21T07:59:30.305+00:00,2026-09-21T07:59:34.902+00:00,True,58,58.0,,58.0,71129.88839200001,75727.44845600001,75727.448556,1305.6456647586208,0.0,71129.88839200001,9332.408080324138,265.8159435,80.65894849122807,246.0498692504847,0.7659045852271094,53,64,,False,True,,175,59.56268577710819
62,2026-09-21T07:58:19.373+00:00,2026-09-21T07:59:31.351+00:00,2026-09-21T07:59:37.000+00:00,True,90,90.0,,90.0,71977.196682,77626.72013799999,77626.720089,862.5191120999999,0.0,71977.196682,7583.082131161054,189.54039515,63.47779164044943,203.8841081353259,1.1593945981487244,53,64,,False,True,,270,59.56268577710819
63,2026-09-21T07:58:19.673+00:00,2026-09-21T07:59:32.818+00:00,2026-09-21T07:59:36.553+00:00,True,61,61.0,,61.0,73144.49695,76879.580982,76879.580829,1260.3209971967212,0.01491,73144.49695,9359.020013287936,203.313207,62.25140053333333,184.95708919757783,0.7934486533463558,53,64,,False,True,,125,59.56268577710819
64,2026-09-21T07:58:19.887+00:00,2026-09-21T07:59:34.770+00:00,2026-09-21T07:59:35.232+00:00,True,21,21.0,,21.0,74883.59909,75345.02014600001,75345.020351,3587.858111952381,0.01529,74883.59909,16336.051574331608,309.799647,23.0710528,70.6381096838048,0.2787178231462039,53,64,,False,True,,41,59.56268577710819
65,2026-09-21T07:58:20.208+00:00,2026-09-21T07:59:35.751+00:00,2026-09-21T07:59:37.571+00:00,True,29,29.0,,29.0,75542.752354,77362.68553799999,77362.685654,2667.6788156551725,4.504,75542.752354,14015.894483113803,144.9430428,64.99761371428572,28.167224421335796,0.37485772111356463,53,64,,False,True,,135,59.56268577710819
66,2026-09-21T07:58:20.545+00:00,2026-09-21T07:59:37.373+00:00,2026-09-21T07:59:42.241+00:00,True,79,79.0,,79.0,76827.738261,81696.31733300001,81696.31748900001,1034.1306011265824,40.268504,76827.738261,8636.779046943564,77.5138961,62.41768041025641,9.9934922162948,0.9669958521874416,53,64,,False,True,,0,59.56268577710819
67,2026-09-21T07:58:20.774+00:00,2026-09-21T07:59:38.908+00:00,2026-09-21T07:59:43.815+00:00,True,77,77.0,,77.0,78133.749062,83040.862022,83040.862144,1078.452755116883,43.500624,78133.749062,8896.81598448882,78.229997,64.56727578947368,11.254302751229652,0.9272543435254852,53,64,,False,True,,586,59.56268577710819
68,2026-09-21T07:58:21.053+00:00,2026-09-21T07:59:40.050+00:00,2026-09-21T07:59:40.526+00:00,True,9,9.0,,9.0,78997.310894,79473.63038199999,79473.630276,8830.403364,49.594414,78997.310894,26312.592104647614,47428.509899200006,59.539936,10.349355935861848,0.11324510981492063,53,64,,False,True,,39,59.56268577710819
69,2026-09-21T07:58:21.270+00:00,2026-09-21T07:59:41.232+00:00,2026-09-21T07:59:42.610+00:00,True,22,22.0,,22.0,79962.155395,81339.705731,81339.705846,3697.2593566363635,45.809544,79962.155395,17034.0074594751,81.0172195,65.59763504761905,12.12797793369984,0.27047061213568435,53,64,,False,True,,88,59.56268577710819
70,2026-09-21T07:58:21.508+00:00,2026-09-21T07:59:42.390+00:00,2026-09-21T07:59:46.967+00:00,True,67,67.0,,67.0,80881.920912,85458.723984,85458.723965,1275.503342761194,0.0,80881.920912,9875.03504650381,81.843271,69.3455010909091,210.39559031558392,0.7840042172001546,53,64,,False,True,,402,59.56268577710819
71,2026-09-21T07:58:21.742+00:00,2026-09-21T07:59:43.478+00:00,2026-09-21T07:59:46.997+00:00,True,44,44.0,,44.0,81735.725083,85255.50236299999,85255.502153,1937.6250489318181,0.0,81735.725083,12312.557879906793,81.96050985,81.85528558139535,264.43275139695584,0.5160957214545199,53,64,,False,True,,88,59.56268577710819
72,2026-09-21T07:58:22.031+00:00,2026-09-21T07:59:45.126+00:00,2026-09-21T07:59:47.286+00:00,True,35,35.0,,35.0,83095.223688,85255.709832,85255.709838,2435.877423942857,0.0,83095.223688,14037.967816591146,574.3071961,63.54371011764706,297.1250507320748,0.4105296884979199,53,64,,False,True,,108,59.56268577710819
73,2026-09-21T07:58:22.345+00:00,2026-09-21T07:59:46.987+00:00,2026-09-21T07:59:47.554+00:00,True,14,14.0,,14.0,84641.89107,85209.096958,85209.09675,6086.3640535714285,0.0,84641.89107,22609.855549851338,29672.4304304,43.63122215384615,30.950933233033762,0.16430170603616034,53,64,,False,True,,41,59.56268577710819
74,2026-09-21T07:58:22.546+00:00,2026-09-21T07:59:47.690+00:00,2026-09-21T07:59:49.588+00:00,True,31,31.0,,31.0,85144.66966099999,87042.85436499999,87042.854528,2807.8340170322576,43.454044,85144.66966099999,15281.073673430428,79.413837,63.272823466666665,10.813582095562381,0.35614640887127347,53,64,,False,True,,95,59.56268577710819
75,2026-09-21T07:58:22.847+00:00,2026-09-21T07:59:49.149+00:00,2026-09-21T07:59:54.155+00:00,True,64,64.0,,64.0,86301.760828,91307.509308,91307.509248,1426.679832,0.01755,86301.760828,10779.156517790245,79.1790735,79.45632507936507,173.13433570699704,0.7009281107878449,53,64,,False,True,,256,59.56268577710819
76,2026-09-21T07:58:23.258+00:00,2026-09-21T07:59:49.908+00:00,2026-09-21T07:59:54.160+00:00,True,67,67.0,,67.0,86650.269042,90902.03301,90902.033196,1356.746764119403,0.01516,86650.269042,10579.526197099158,80.64413970000001,64.42066618181818,172.25803062489453,0.7370572228305327,53,64,,False,True,,201,59.56268577710819
77,2026-09-21T07:58:23.425+00:00,2026-09-21T07:59:52.258+00:00,2026-09-21T07:59:54.139+00:00,True,9,9.0,,9.0,88832.783561,90713.71514500001,90713.715167,10079.301685222223,55.223095,88832.783561,29535.87239639093,53862.098342200006,235.116448,473.17993756963943,0.09921322245058624,53,64,,False,True,,41,59.56268577710819
78,2026-09-21T07:58:23.673+00:00,2026-09-21T07:59:54.254+00:00,2026-09-21T07:59:54.372+00:00,True,18,18.0,,18.0,90580.891591,90699.019719,90699.01969100001,5038.834427277779,0.01486,90580.891591,21348.501055212226,13687.25957365,6.948713411764706,28.564453995909844,0.19845859476504668,53,64,,False,True,,54,59.56268577710819
79,2026-09-21T07:58:24.020+00:00,2026-09-21T07:59:55.418+00:00,2026-09-21T08:00:02.878+00:00,True,97,97.0,,97.0,91397.864937,98858.253801,98858.25385400001,1019.1572562268042,0.0,91397.864937,9274.05142980578,79.68352100000001,77.712384,188.44234661786894,0.9812028462009794,53,64,,False,True,,678,59.56268577710819
80,2026-09-21T07:58:24.284+00:00,2026-09-21T07:59:56.735+00:00,2026-09-21T08:00:02.881+00:00,True,81,81.0,,81.0,92451.10841500001,98596.96287900001,98596.962916,1217.2464557530866,0.0,92451.10841500001,10265.875780238674,80.636087,76.8231808,207.26229421789964,0.821526319217405,53,64,,False,True,,328,59.56268577710819
81,2026-09-21T07:58:24.580+00:00,2026-09-21T07:59:57.964+00:00,2026-09-21T08:00:02.894+00:00,True,75,75.0,,75.0,93384.225303,98313.998359,98313.998337,1310.85331116,0.0,93384.225303,10777.577737382737,78.5402493,66.6185548108108,218.67409158165125,0.7628618635378106,53,64,,False,True,,206,59.56268577710819
82,2026-09-21T07:58:24.842+00:00,2026-09-21T07:59:59.473+00:00,2026-09-21T08:00:05.353+00:00,True,93,93.0,,93.0,94631.095198,100510.905246,100510.90533499999,1080.7624229569892,0.0,94631.095198,9808.145396961703,80.1142164,63.910978782608694,198.40934777929488,0.9252727330669535,53,64,,False,True,,279,59.56268577710819
84,2026-09-21T07:58:25.485+00:00,2026-09-21T08:00:02.874+00:00,2026-09-21T08:00:08.512+00:00,True,92,92.0,,92.0,97389.203851,103027.78842699999,103027.78842699999,1119.8672655108696,9.59522,97389.203851,10147.073347096788,77.79264345,61.96246786813187,11.978631030650783,0.8929629705211648,53,64,,False,True,,824,59.56268577710819
83,2026-09-21T07:58:25.177+00:00,2026-09-21T08:00:02.886+00:00,2026-09-21T08:00:03.601+00:00,True,39,39.0,,39.0,97708.993084,98424.105532,98424.10561700001,2523.6950158205127,0.0,97708.993084,15642.97293119313,73.80745799999998,18.81874863157895,28.719781161142112,0.3962443934765572,53,64,,False,True,,39,59.56268577710819
85,2026-09-21T07:58:25.733+00:00,2026-09-21T08:00:03.998+00:00,2026-09-21T08:00:09.786+00:00,True,94,94.0,,94.0,98265.620664,104053.532088,104053.532233,1106.9524705638298,41.949824,98265.620664,10128.910066853394,78.57944599999999,62.23560670967742,9.36932319623741,0.90338115500493,53,64,,False,True,,188,59.56268577710819
86,2026-09-21T07:58:26.071+00:00,2026-09-21T08:00:05.577+00:00,2026-09-21T08:00:07.317+00:00,True,29,29.0,,29.0,99505.654168,101245.99388,101245.99401099999,3491.241172793103,47.070494,99505.654168,18466.196853723624,79.087947,62.15498971428572,10.065319589204753,0.2864310861955855,53,64,,False,True,,58,59.56268577710819
87,2026-09-21T07:58:26.379+00:00,2026-09-21T08:00:06.932+00:00,2026-09-21T08:00:09.619+00:00,True,46,46.0,,46.0,100552.945105,103239.741393,103239.74147200001,2244.3422059130435,42.651343999999995,100552.945105,14816.922533079509,76.59820125,59.70658417777778,9.319074821991757,0.4455648510866858,53,64,,False,True,,460,59.56268577710819
88,2026-09-21T07:58:26.664+00:00,2026-09-21T08:00:08.764+00:00,2026-09-21T08:00:11.073+00:00,True,38,38.0,,38.0,102099.996216,104409.432632,104409.432439,2747.6166431315787,47.635605000000005,102099.996216,16552.683113424544,74.88965785,62.41720043243244,8.323019895252004,0.3639517909644645,53,64,,True,True,,94,59.56268577710819
89,2026-09-21T07:58:26.859+00:00,2026-09-21T08:00:09.851+00:00,2026-09-21T08:00:10.182+00:00,True,6,6.0,,6.0,102991.912002,103322.38163399999,103322.381551,17220.396925166668,58.804245,102991.912002,42019.28957709497,77262.17472800001,66.0939264,5.579607833325636,0.05807067070186076,53,64,,True,True,,18,59.56268577710819
90,2026-09-21T07:58:27.167+00:00,2026-09-21T08:00:11.358+00:00,2026-09-21T08:00:11.696+00:00,True,6,6.0,,6.0,104191.379493,104529.388069,104529.388122,17421.564687000002,49.422175,104191.379493,42508.355678767875,78163.637264,67.6017152,12.235287738387651,0.05740012556123826,53,64,,True,True,,42,59.56268577710819
91,2026-09-21T07:58:27.386+00:00,2026-09-21T08:00:12.391+00:00,2026-09-21T08:00:16.274+00:00,True,63,63.0,,63.0,105004.980511,108887.462943,108887.462913,1728.3724271904762,44.831314,105004.980511,13221.49764560589,75.4661461,62.62068438709678,9.082747585785787,0.5785790053073327,53,64,,True,True,,435,59.56268577710819
92,2026-09-21T07:58:27.599+00:00,2026-09-21T08:00:13.656+00:00,2026-09-21T08:00:19.942+00:00,True,100,100.0,,100.0,106057.12895999999,112343.60575999999,112343.60582199998,1123.43605822,44.193203999999994,106057.12895999999,10599.36701961495,77.84350495,63.49976565656566,9.37053307738782,0.8901263167004834,53,64,,True,True,,600,59.56268577710819
93,2026-09-21T07:58:27.918+00:00,2026-09-21T08:00:15.595+00:00,2026-09-21T08:00:17.100+00:00,True,25,25.0,,25.0,107677.274007,109182.183575,109182.183598,4367.28734392,47.998744,107677.274007,21522.915364805915,75.6892468,62.704565333333335,8.144183327648602,0.22897508715629294,53,64,,True,True,,56,59.56268577710819
94,2026-09-21T07:58:28.204+00:00,2026-09-21T08:00:16.900+00:00,2026-09-21T08:00:21.789+00:00,True,77,77.0,,77.0,108695.98053300001,113585.787125,113585.78705700001,1475.1400916493508,46.341843999999995,108695.98053300001,12379.727793684862,76.7775776,64.33956042105264,9.190553578481873,0.6779017159537952,53,64,,True,True,,385,59.56268577710819
95,2026-09-21T07:58:28.521+00:00,2026-09-21T08:00:18.396+00:00,2026-09-21T08:00:20.267+00:00,True,30,30.0,,30.0,109875.474462,111746.555934,111746.556021,3724.8852007,44.787214,109875.474462,20048.647520172377,77.20225390000002,64.52005075862068,8.937216110409397,0.2684646497536682,53,64,,True,True,,120,59.56268577710819
96,2026-09-21T07:58:28.741+00:00,2026-09-21T08:00:19.616+00:00,2026-09-21T08:00:24.136+00:00,True,73,73.0,,73.0,110874.48963,115394.346014,115394.346075,1580.7444667808218,42.627243,110874.48963,12969.53342749567,77.3744116,62.77578311111111,9.339721538378464,0.6326133170436568,53,64,,True,True,,252,59.56268577710819
97,2026-09-21T07:58:28.934+00:00,2026-09-21T08:00:20.520+00:00,2026-09-21T08:00:24.813+00:00,True,70,70.0,,70.0,111586.143747,115878.610435,115878.61046499999,1655.4087209285713,45.262254,111586.143747,13329.662642861284,76.15145605,62.20966214492754,8.976291813366,0.6040804229290032,53,64,,True,True,,847,59.56268577710819
98,2026-09-21T07:58:29.144+00:00,2026-09-21T08:00:21.459+00:00,2026-09-21T08:00:27.103+00:00,True,91,91.0,,91.0,112314.283295,117958.841887,117958.841953,1296.2510104725275,43.599743000000004,112314.283295,11767.164534387632,76.20141,62.71731768888889,8.566040781152758,0.7714555224878731,53,64,,True,True,,367,59.56268577710819
99,2026-09-21T07:58:29.347+00:00,2026-09-21T08:00:22.385+00:00,2026-09-21T08:00:22.791+00:00,True,8,8.0,,8.0,113037.929542,113443.757126,113443.75694199999,14180.469617749999,48.767464,113037.929542,39944.44702895518,73502.80788240001,57.97536914285714,10.365437002810372,0.07051952617467121,53,64,,True,True,,52,59.56268577710819
100,2026-09-21T07:58:29.588+00:00,2026-09-21T08:00:23.626+00:00,2026-09-21T08:00:28.814+00:00,True,83,83.0,,83.0,114037.73194900001,119226.20273300001,119226.20281500001,1436.4602748795182,42.564513,114037.73194900001,12510.32572111307,78.588752,63.274033951219515,9.668382845953719,0.6961556947835835,53,64,,True,True,,660,59.56268577710819
101,2026-09-21T07:58:29.833+00:00,2026-09-21T08:00:25.124+00:00,2026-09-21T08:00:28.812+00:00,True,59,59.0,,59.0,115290.21725399999,118978.17142999999,118978.171599,2016.5791796440676,43.427894,115290.21725399999,15001.23241481938,77.38240199999998,63.5854168275862,9.0795436878895,0.4958892819655768,53,64,,True,True,,229,59.56268577710819
102,2026-09-21T07:58:30.119+00:00,2026-09-21T08:00:26.709+00:00,2026-09-21T08:00:28.810+00:00,True,34,34.0,,34.0,116589.97771400001,118690.164082,118690.16403000001,3490.8871773529413,47.518753,116589.97771400001,19984.10387970684,77.90285949999999,63.64201115151515,9.46726373780174,0.28646013140996474,53,64,,True,True,,144,59.56268577710819
103,2026-09-21T07:58:30.432+00:00,2026-09-21T08:00:28.120+00:00,2026-09-21T08:00:28.464+00:00,True,7,7.0,,7.0,117687.928516,118031.833284,118031.833081,16861.69044014286,50.647904000000004,117687.928516,44460.19258254428,82403.3639797,57.317461333333334,8.345628677709419,0.05930603469622544,53,64,,True,True,,42,59.56268577710819
104,2026-09-21T07:58:30.699+00:00,2026-09-21T08:00:29.427+00:00,2026-09-21T08:00:32.457+00:00,True,49,49.0,,49.0,118727.996506,121757.93929,121757.93917,2484.8559014285715,44.560574,118727.996506,16952.12663411821,77.83078540000001,63.123808,8.243613047804066,0.40243782282889196,53,64,,True,True,,147,59.56268577710819
105,2026-09-21T07:58:30.946+00:00,2026-09-21T08:00:30.910+00:00,2026-09-21T08:00:32.784+00:00,True,30,30.0,,30.0,119963.34225,121837.36337,121837.363189,4061.2454396333333,45.340824,119963.34225,21890.413064917615,78.35442655000001,64.62141793103449,8.844661676491684,0.24622988523557376,53,64,,True,True,,66,59.56268577710819
106,2026-09-21T07:58:31.279+00:00,2026-09-21T08:00:32.718+00:00,2026-09-21T08:00:35.155+00:00,True,39,39.0,,39.0,121439.258969,123875.728217,123875.72823000001,3176.3007238461537,44.394793,121439.258969,19435.579307831802,78.0115059,64.11761178947368,8.94563483603435,0.31483165073049285,53,64,,True,True,,83,59.56268577710819
107,2026-09-21T07:58:31.524+00:00,2026-09-21T08:00:33.643+00:00,2026-09-21T08:00:33.766+00:00,True,3,3.0,,3.0,122119.361603,122242.413635,122242.413552,40747.471184,55.984412,122119.361603,70470.12447470363,109914.1321964,61.526016,7.836689093408772,0.02454140024556134,53,64,,True,True,,7,59.56268577710819
108,2026-09-21T07:58:31.795+00:00,2026-09-21T08:00:34.811+00:00,2026-09-21T08:00:36.801+00:00,True,34,34.0,,34.0,123016.077072,125005.5268,125005.526739,3676.633139382353,41.762583,123016.077072,21086.746165837096,76.63744215000001,60.28635539393939,9.378856938229314,0.27198797421491283,53,64,,True,True,,102,59.56268577710819
109,2026-09-21T07:58:32.114+00:00,2026-09-21T08:00:36.656+00:00,2026-09-21T08:00:40.227+00:00,True,57,57.0,,57.0,124541.791415,128113.495223,128113.49508,2247.6051768421053,43.647674,124541.791415,16487.517938374294,77.0592678,63.78042514285714,9.357684436667297,0.44491799947213434,53,64,,True,True,,70,59.56268577710819
110,2026-09-21T07:58:32.323+00:00,2026-09-21T08:00:38.009+00:00,2026-09-21T08:00:40.682+00:00,True,42,42.0,,42.0,125685.412104,128358.854408,128358.854563,3056.1632038809526,43.619813,125685.412104,19383.620600236103,76.050482,65.20590985365854,8.829953117008044,0.32720765695289916,53,64,,True,True,,54,59.56268577710819
111,2026-09-21T07:58:32.605+00:00,2026-09-21T08:00:39.138+00:00,2026-09-21T08:00:42.509+00:00,True,53,53.0,,53.0,126532.714669,129904.27255699999,129904.272699,2451.024013188679,45.403373,126532.714669,17371.701029575503,75.37852939999999,64.8376516923077,8.66903013689966,0.40799273924377216,53,64,,True,True,,159,59.56268577710819
112,2026-09-21T07:58:33.468+00:00,2026-09-21T08:00:42.928+00:00,2026-09-21T08:00:49.112+00:00,True,97,97.0,,97.0,129460.772631,135644.030999,135644.03114,1398.3920736082475,43.815623,129460.772631,13138.213471086872,77.629721,64.40894133333333,9.36904017302937,0.7151070289315944,53,64,,True,True,,388,59.56268577710819
114,2026-09-21T07:58:33.532+00:00,2026-09-21T08:00:43.563+00:00,2026-09-21T08:00:45.943+00:00,True,38,38.0,,38.0,130030.495971,132410.437091,132410.437187,3484.485189131579,45.275803999999994,130030.495971,21083.299382863945,77.61378785,64.32273297297297,9.452504196269846,0.28698644030518705,53,64,,True,True,,114,59.56268577710819
113,2026-09-21T07:58:33.517+00:00,2026-09-21T08:00:43.832+00:00,2026-09-21T08:00:45.371+00:00,True,25,25.0,,25.0,130314.368933,131853.449637,131853.449717,5274.1379886800005,42.525463,130314.368933,26050.04964777897,75.665423,64.12836266666666,9.133285328478232,0.18960444394004414,53,64,,True,True,,80,59.56268577710819
115,2026-09-21T07:58:33.560+00:00,2026-09-21T08:00:44.276+00:00,2026-09-21T08:00:44.610+00:00,True,6,6.0,,6.0,130715.527491,131049.590339,131049.590496,21841.598416,56.031815,130715.527491,53337.11504486162,98055.300797,66.8125696,8.483338269967831,0.04578419500953157,53,64,,True,True,,72,59.56268577710819
116,2026-09-21T07:58:33.859+00:00,2026-09-21T08:00:46.153+00:00,2026-09-21T08:00:49.282+00:00,True,50,50.0,,50.0,132293.859639,135422.593335,135422.593372,2708.45186744,45.190493000000004,132293.859639,18700.149660509815,78.51263805,63.85170808163265,9.970462266559176,0.3692146101227961,53,64,,True,True,,250,59.56268577710819
117,2026-09-21T07:58:34.180+00:00,2026-09-21T08:00:47.816+00:00,2026-09-21T08:00:53.317+00:00,True,88,88.0,,88.0,133635.46533,139136.511858,139136.511988,1581.0967271363636,44.466413,133635.46533,14238.850970469433,78.08448649999998,63.23041986206896,9.119171899619863,0.6324723742522097,53,64,,True,True,,180,59.56268577710819
118,2026-09-21T07:58:34.400+00:00,2026-09-21T08:00:48.850+00:00,2026-09-21T08:00:54.372+00:00,True,88,88.0,,88.0,134449.721064,139971.82666400002,139971.82674400002,1590.5889402727273,44.418003,134449.721064,14325.625062616102,77.38875184999999,63.472478160919536,9.055674597105337,0.6286979465606497,53,64,,True,True,,88,59.56268577710819
119,2026-09-21T07:58:34.613+00:00,2026-09-21T08:00:50.247+00:00,2026-09-21T08:00:55.683+00:00,True,87,87.0,,87.0,135634.560206,141070.58683,141070.58679,1621.5009975862067,43.809793,135634.560206,14534.777940443497,79.756377,63.20961190697675,10.155691666378154,0.6167125405442676,53,64,,True,True,,175,59.56268577710819
120,2026-09-21T07:58:34.812+00:00,2026-09-21T08:00:51.238+00:00,2026-09-21T08:00:52.575+00:00,True,22,22.0,,22.0,136426.42779800002,137763.400598,137763.40072700003,6261.972760318183,42.411933,136426.42779800002,29072.640740139297,79.316566,63.665371428571426,11.344140866222865,0.15969408351204264,53,64,,True,True,,44,59.56268577710819
121,2026-09-21T07:58:35.064+00:00,2026-09-21T08:00:52.471+00:00,2026-09-21T08:00:52.854+00:00,True,8,8.0,,8.0,137406.777974,137790.201974,137790.20194199999,17223.775242749998,43.595663,137406.777974,48561.26664853599,89335.0018055,54.774857142857144,5.216690963075457,0.05805928059753873,53,64,,True,True,,40,59.56268577710819
122,2026-09-21T07:58:35.335+00:00,2026-09-21T08:00:54.087+00:00,2026-09-21T08:00:59.530+00:00,True,87,87.0,,87.0,138752.389005,144195.154829,144195.154851,1657.415573,43.197023,138752.389005,14869.035390818297,76.45285799999999,63.287974697674414,9.539983356439071,0.6033489828640405,53,64,,True,True,,262,59.56268577710819
123,2026-09-21T07:58:35.656+00:00,2026-09-21T08:00:55.749+00:00,2026-09-21T08:00:56.543+00:00,True,14,14.0,,14.0,140093.495606,140887.85618200002,140887.85636600002,10063.418311857144,48.335954,140093.495606,37425.231507142824,49082.3433285,61.1046596923077,8.047391887933625,0.09936981354812223,53,64,,True,True,,8,59.56268577710819
124,2026-09-21T07:58:35.864+00:00,2026-09-21T08:00:56.919+00:00,2026-09-21T08:01:01.584+00:00,True,74,74.0,,74.0,141054.983822,145720.15323,145720.153278,1969.1912605135137,42.083963000000004,141054.983822,16389.883123908483,78.2690125,63.90643024657534,10.46188456438911,0.5078226886242755,53,64,,True,True,,222,59.56268577710819
125,2026-09-21T07:58:36.177+00:00,2026-09-21T08:00:58.497+00:00,2026-09-21T08:01:03.603+00:00,True,80,80.0,,80.0,142319.259737,147425.32796099997,147425.32809599998,1842.8166012,42.429154000000004,142319.259737,15904.553890468353,76.87244450000001,64.63377498734177,10.15733441635527,0.5426475973054188,53,64,,True,True,,640,59.56268577710819
126,2026-09-21T07:58:36.504+00:00,2026-09-21T08:00:59.933+00:00,2026-09-21T08:01:04.384+00:00,True,71,71.0,,71.0,143429.10489,147880.432378,147880.43227999998,2082.822989859155,40.911502999999996,143429.10489,17014.359332536158,76.89376049999998,63.590392685714285,10.227607502960472,0.480117611629073,53,64,,True,True,,915,59.56268577710819
127,2026-09-21T07:58:36.761+00:00,2026-09-21T08:01:01.280+00:00,2026-09-21T08:01:04.382+00:00,True,50,50.0,,50.0,144518.715972,147620.860996,147620.860833,2952.41721666,45.742334,144518.715972,20429.08163644277,77.72340405,63.30908212244898,9.30931064750794,0.33870551670440957,53,64,,True,True,,199,59.56268577710819
128,2026-09-21T07:58:37.034+00:00,2026-09-21T08:01:02.636+00:00,2026-09-21T08:01:08.549+00:00,True,95,95.0,,95.0,145601.90416499999,151514.93302899998,151514.93299499998,1594.8940315263155,41.836093,145601.90416499999,14931.989119053876,76.865206,62.904562382978725,9.228390604901255,0.627000904140696,53,64,,True,True,,745,59.56268577710819
129,2026-09-21T07:58:37.256+00:00,2026-09-21T08:01:03.734+00:00,2026-09-21T08:01:07.146+00:00,True,56,56.0,,56.0,146477.717014,149890.278934,149890.278998,2676.6121249642856,43.80753300000001,146477.717014,19565.618950212494,76.92658599999999,62.046580363636366,8.911614063694778,0.3736066167750481,53,64,,True,True,,334,59.56268577710819
130,2026-09-21T07:58:37.465+00:00,2026-09-21T08:01:04.953+00:00,2026-09-21T08:01:06.384+00:00,True,24,24.0,,24.0,147488.332002,148918.96726600002,148918.967219,6204.956967458334,46.359244,147488.332002,30093.23438406727,79.6574865,62.20153321739131,9.76953582483362,0.16116147217923588,53,64,,True,True,,74,59.56268577710819
131,2026-09-21T07:58:37.685+00:00,2026-09-21T08:01:06.220+00:00,2026-09-21T08:01:09.830+00:00,True,59,59.0,,59.0,148534.719694,152145.223374,152145.223252,2578.732597491525,41.044493,148534.719694,19329.471571854552,76.98362430000002,62.25006344827587,9.796554919052557,0.3877873960917427,53,64,,True,True,,122,59.56268577710819
132,2026-09-21T07:58:37.991+00:00,2026-09-21T08:01:08.188+00:00,2026-09-21T08:01:09.301+00:00,True,18,18.0,,18.0,150197.088458,151310.161354,151310.1614,8406.120077777778,44.038203,150197.088458,35386.36247735476,22598.4512093,65.47487623529412,11.633957853706061,0.1189609464356318,53,64,,True,True,,174,59.56268577710819
133,2026-09-21T07:58:38.305+00:00,2026-09-21T08:01:09.770+00:00,2026-09-21T08:01:10.894+00:00,True,18,18.0,,18.0,151465.404273,152589.000049,152589.000057,8477.166669833334,51.635163999999996,151465.404273,35685.1609475403,22785.765460199997,66.09386917647059,9.787034049213046,0.11796394231707245,53,64,,True,True,,18,59.56268577710819
134,2026-09-21T07:58:38.563+00:00,2026-09-21T08:01:11.427+00:00,2026-09-21T08:01:16.415+00:00,True,79,79.0,,79.0,152863.571149,157851.719885,157851.719789,1998.1230353037975,49.624332,152863.571149,17191.303416495397,78.4877959,63.95062482051282,10.195575449807338,0.500469681657913,53,64,,True,True,,393,59.56268577710819
135,2026-09-21T07:58:38.850+00:00,2026-09-21T08:01:12.868+00:00,2026-09-21T08:01:14.933+00:00,True,33,33.0,,33.0,154018.084106,156083.400714,156083.4005,4729.800015151515,43.182932,154018.084106,26799.874373302526,89.40789199999999,64.541144,11.73095893369195,0.2114254292835897,53,64,,True,True,,132,59.56268577710819
136,2026-09-21T07:58:39.190+00:00,2026-09-21T08:01:14.707+00:00,2026-09-21T08:01:16.838+00:00,True,35,35.0,,35.0,155517.17290799998,157648.01885999998,157648.01882599998,4504.229109314285,42.419813000000005,155517.17290799998,26276.608613415123,78.904511,62.67193976470588,10.487291120469099,0.22201357335852032,53,64,,True,True,,105,59.56268577710819
137,2026-09-21T07:58:39.496+00:00,2026-09-21T08:01:16.410+00:00,2026-09-21T08:01:19.633+00:00,True,52,52.0,,52.0,156913.902252,160137.249196,160137.249092,3079.5624825384616,43.228374,156913.902252,21751.28087827896,77.62087795,63.20288125490196,10.422808182313078,0.3247214515116005,53,64,,True,True,,55,59.56268577710819
138,2026-09-21T07:58:39.846+00:00,2026-09-21T08:01:18.095+00:00,2026-09-21T08:01:21.578+00:00,True,56,56.0,,56.0,158249.114661,161731.411237,161731.411131,2888.0609130535713,47.740623,158249.114661,21138.469147301494,75.94510849999999,63.314483200000005,10.25610988775817,0.3462530844916577,53,64,,True,True,,558,59.56268577710819
139,2026-09-21T07:58:40.129+00:00,2026-09-21T08:01:19.702+00:00,2026-09-21T08:01:23.102+00:00,True,55,55.0,,55.0,159572.695621,162972.322629,162972.322689,2963.1331397999998,41.276813000000004,159572.695621,21508.291340745684,76.38427669999999,62.956055703703704,10.353085908694108,0.3374806170321651,53,64,,True,True,,275,59.56268577710819
140,2026-09-21T07:58:40.461+00:00,2026-09-21T08:01:21.454+00:00,2026-09-21T08:01:26.586+00:00,True,82,82.0,,82.0,160992.814758,166124.666534,166124.666504,2025.910567121951,42.343652,160992.814758,17771.68827412827,76.438892,63.3561947654321,9.625593950530275,0.49360520451800227,53,64,,True,True,,326,59.56268577710819
141,2026-09-21T07:58:40.701+00:00,2026-09-21T08:01:22.593+00:00,2026-09-21T08:01:22.691+00:00,True,3,3.0,,3.0,161892.315363,161989.493987,161989.493958,53996.497986,44.246282,161892.315363,93440.51891149784,145708.377058,48.589312,6.141986069928846,0.01851971955811379,53,64,,True,True,,6,59.56268577710819
142,2026-09-21T07:58:41.052+00:00,2026-09-21T08:01:24.407+00:00,2026-09-21T08:01:25.198+00:00,True,14,14.0,,14.0,163355.13018500002,164146.047561,164146.047797,11724.717699785715,50.128414,163355.13018500002,43642.23564643092,57222.56606885,60.839798153846154,8.726183524838582,0.08528990011043254,53,64,,True,True,,40,59.56268577710819
143,2026-09-21T07:58:41.292+00:00,2026-09-21T08:01:25.601+00:00,2026-09-21T08:01:27.631+00:00,True,34,34.0,,34.0,164308.424433,166338.904049,166338.90404300002,4892.320707147059,43.594932,164308.424433,28168.11148712331,79.191105,61.52968533333333,9.094972921723883,0.20440197195229987,53,64,,True,True,,105,59.56268577710819
144,2026-09-21T07:58:41.569+00:00,2026-09-21T08:01:27.076+00:00,2026-09-21T08:01:30.275+00:00,True,52,52.0,,52.0,165507.54789500003,168706.48267900004,168706.48278800002,3244.35543823077,42.702842,165507.54789500003,22943.070749569673,77.4015085,62.7242114509804,8.94473402496678,0.3082276340200931,53,64,,True,True,,208,59.56268577710819
145,2026-09-21T07:58:41.816+00:00,2026-09-21T08:01:28.246+00:00,2026-09-21T08:01:32.182+00:00,True,64,64.0,,64.0,166430.574942,170365.71734200002,170365.71736500002,2661.9643338281253,43.407802000000004,166430.574942,20796.01574634681,74.5242575,62.462577777777774,8.478429539020729,0.3756624337249932,53,64,,True,True,,64,59.56268577710819
146,2026-09-21T07:58:42.107+00:00,2026-09-21T08:01:29.511+00:00,2026-09-21T08:01:29.569+00:00,True,2,2.0,,2.0,167404.158611,167462.19073899998,167462.190794,83731.095397,58.032182999999996,167404.158611,118331.5808025401,159036.8522896,58.032128,nan,0.011942994362931282,53,64,,True,True,,8,59.56268577710819
147,2026-09-21T07:58:42.328+00:00,2026-09-21T08:01:30.610+00:00,2026-09-21T08:01:32.476+00:00,True,32,32.0,,32.0,168282.299607,170148.220887,170148.22093799998,5317.1319043124995,47.963972999999996,168282.299607,29737.749468164715,75.3617875,60.191009032258066,7.974261062081173,0.18807131707390615,53,64,,True,True,,69,59.56268577710819
148,2026-09-21T07:58:42.669+00:00,2026-09-21T08:01:32.375+00:00,2026-09-21T08:01:33.689+00:00,True,22,22.0,,22.0,169705.61911700002,171020.49527700004,171020.49529800002,7773.65887718182,41.419911,169705.61911700002,36168.01176253704,79.99220704999999,62.61315047619048,10.18574708914707,0.1286395526124915,53,64,,True,True,,22,59.56268577710819
149,2026-09-21T07:58:43.480+00:00,2026-09-21T08:01:33.621+00:00,2026-09-21T08:01:37.668+00:00,True,64,64.0,,64.0,170141.16713999998,174187.79165199999,174187.791568,2721.68424325,42.177903,170141.16713999998,21259.619395483263,77.5659585,64.2321351111111,10.433791143785191,0.3674195498606585,53,64,,True,True,,133,59.56268577710819
150,2026-09-21T07:58:43.566+00:00,2026-09-21T08:01:34.713+00:00,2026-09-21T08:01:38.059+00:00,True,53,53.0,,53.0,171147.00417899998,174493.143059,174493.14294999998,3292.323451886792,44.890803,171147.00417899998,23500.012280189792,78.73251640000001,64.34882461538461,10.403621132699787,0.30373686364328667,53,64,,True,True,,249,59.56268577710819
151,2026-09-21T07:58:43.587+00:00,2026-09-21T08:01:37.005+00:00,2026-09-21T08:01:40.835+00:00,True,61,61.0,,61.0,173417.317471,177247.69596699998,177247.695919,2905.6999330983604,48.334002,173417.317471,22195.64002385578,76.644005,63.8396416,8.490740680684974,0.3441511590162334,53,64,,True,True,,61,59.56268577710819
152,2026-09-21T07:58:43.853+00:00,2026-09-21T08:01:38.671+00:00,2026-09-21T08:01:41.378+00:00,True,43,43.0,,43.0,174817.704674,177524.78077,177524.78080100002,4128.483274441861,49.604562,174817.704674,26649.622028621365,76.969966,64.45419276190476,7.9903968949245865,0.24221970484059085,53,64,,True,True,,214,59.56268577710819
153,2026-09-21T07:58:44.096+00:00,2026-09-21T08:01:39.544+00:00,2026-09-21T08:01:39.855+00:00,True,6,6.0,,6.0,175447.425876,175758.513236,175758.513004,29293.085500666664,55.488074999999995,175447.425876,71600.71164599089,131602.28988525,62.217472,4.70104849815613,0.03413774894615484,53,64,,True,True,,14,59.56268577710819
154,2026-09-21T07:58:44.377+00:00,2026-09-21T08:01:40.983+00:00,2026-09-21T08:01:44.112+00:00,True,52,52.0,,52.0,176606.287185,179734.83425699998,179734.83441399998,3456.439123346154,41.532782,176606.287185,24482.380390573326,75.34215495000001,61.344060235294116,9.328946781532206,0.2893150913953943,53,64,,True,True,,312,59.56268577710819
155,2026-09-21T07:58:44.639+00:00,2026-09-21T08:01:42.280+00:00,2026-09-21T08:01:46.088+00:00,True,63,63.0,,63.0,177641.441107,181448.89096299998,181448.891044,2880.1411276825397,42.851772,177641.441107,22372.983100185415,76.2778481,61.4104815483871,10.009364308453476,0.3472052083958264,53,64,,True,True,,252,59.56268577710819
156,2026-09-21T07:58:44.993+00:00,2026-09-21T08:01:44.243+00:00,2026-09-21T08:01:49.444+00:00,True,84,84.0,,84.0,179249.88543700002,184451.09273300003,184451.092658,2195.846341166667,43.706982,179249.88543700002,19550.93066040515,76.66266935,62.66514814457832,9.064416893741328,0.45540527169222683,53,64,,True,True,,999,59.56268577710819
157,2026-09-21T07:58:45.201+00:00,2026-09-21T08:01:45.074+00:00,2026-09-21T08:01:47.230+00:00,True,36,36.0,,36.0,179872.31484099998,182028.93820099998,182028.938157,5056.35939325,42.715311,179872.31484099998,29968.450874066133,77.00606075,61.617810285714285,9.189697420571713,0.19777075203420721,53,64,,True,True,,216,59.56268577710819
158,2026-09-21T07:58:45.515+00:00,2026-09-21T08:01:46.780+00:00,2026-09-21T08:01:51.342+00:00,True,72,72.0,,72.0,181264.94252,185827.36172000002,185827.361607,2580.935577875,45.435241999999995,181264.94252,21354.707012674622,77.69000255,64.25942535211267,8.624792736886866,0.38745639680601923,53,64,,True,True,,792,59.56268577710819
159,2026-09-21T07:58:45.811+00:00,2026-09-21T08:01:48.356+00:00,2026-09-21T08:01:49.439+00:00,True,19,19.0,,19.0,182545.113794,183627.95565000002,183627.955653,9664.629244894737,47.516953,182545.113794,41864.92094184855,18323.968523000003,60.15788088888889,8.7355223582628,0.10347008402257948,53,64,,True,True,,19,59.56268577710819
160,2026-09-21T07:58:46.054+00:00,2026-09-21T08:01:49.577+00:00,2026-09-21T08:01:49.989+00:00,True,8,8.0,,8.0,183522.959405,183935.365165,183935.365218,22991.92065225,52.070423000000005,183522.959405,64864.335271224576,119314.95698315,58.915108571428576,7.391208144679074,0.04349353911806773,53,64,,True,True,,20,59.56268577710819
161,2026-09-21T07:58:46.362+00:00,2026-09-21T08:01:51.132+00:00,2026-09-21T08:01:57.118+00:00,True,95,95.0,,95.0,184769.381847,190755.67176700002,190755.671701,2007.9544389578948,44.626692999999996,184769.381847,18950.40699170566,78.136661,63.68393531914894,9.253503846273107,0.49801926789384526,53,64,,True,True,,1140,59.56268577710819
162,2026-09-21T07:58:46.666+00:00,2026-09-21T08:01:52.465+00:00,2026-09-21T08:01:54.890+00:00,True,39,39.0,,39.0,185798.426749,188223.343229,188223.342989,4826.239563820513,39.834241999999996,185798.426749,29741.342689829817,79.9799161,63.81359157894737,11.01539104001904,0.20720065498226248,53,64,,True,True,,269,59.56268577710819
163,2026-09-21T07:58:46.994+00:00,2026-09-21T08:01:54.181+00:00,2026-09-21T08:01:57.844+00:00,True,59,59.0,,59.0,187187.173567,190850.53126299998,190850.531415,3234.7547697457626,45.038911999999996,187187.173567,24361.473115031447,78.2521861,63.1613395862069,9.301582744797283,0.30914244571158955,53,64,,True,True,,4,59.56268577710819
164,2026-09-21T07:58:47.208+00:00,2026-09-21T08:01:55.210+00:00,2026-09-21T08:01:56.969+00:00,True,29,29.0,,29.0,188002.123949,189761.588909,189761.589025,6543.503069827586,46.032173,188002.123949,34899.4505754281,78.09131880000001,62.838034285714286,9.780431497635714,0.15282334094444647,53,64,,True,True,,6,59.56268577710819
165,2026-09-21T07:58:47.524+00:00,2026-09-21T08:01:56.719+00:00,2026-09-21T08:01:58.027+00:00,True,22,22.0,,22.0,189194.125928,190502.94922399998,190502.949189,8659.224963136363,42.468513,189194.125928,40323.036490089704,79.51038045000001,62.324918857142855,9.33434487116058,0.11548377644343781,53,64,,True,True,,52,59.56268577710819
166,2026-09-21T07:58:47.767+00:00,2026-09-21T08:01:58.348+00:00,2026-09-21T08:02:01.646+00:00,True,53,53.0,,53.0,190580.487581,193879.159709,193879.15975,3658.097353773585,50.862453,190580.487581,26169.530973260633,75.9894122,63.436002461538465,8.414265439501765,0.2733661528116253,53,64,,True,True,,160,59.56268577710819
167,2026-09-21T07:58:48.033+00:00,2026-09-21T08:01:59.532+00:00,2026-09-21T08:02:02.995+00:00,True,57,57.0,,57.0,191499.44798899998,194961.88126899998,194961.88113599998,3420.383879578947,46.096243,191499.44798899998,25356.53348332443,75.8703668,61.829165714285715,8.604699355327126,0.2923648439838035,53,64,,True,True,,570,59.56268577710819
168,2026-09-21T07:58:48.325+00:00,2026-09-21T08:02:01.172+00:00,2026-09-21T08:02:05.133+00:00,True,65,65.0,,65.0,192847.19060600002,196807.94119800001,196807.94112000003,3027.814478769231,42.912322,192847.19060600002,23912.075420790366,75.44664,61.886728,8.310093083999146,0.3302712258678947,53,64,,True,True,,130,59.56268577710819
169,2026-09-21T07:58:48.564+00:00,2026-09-21T08:02:02.797+00:00,2026-09-21T08:02:05.543+00:00,True,44,44.0,,44.0,194232.931599,196978.93172700002,196978.931897,4476.79390675,47.277902999999995,194232.931599,29272.09014835902,80.67478799999999,63.86046809302326,8.803088090221566,0.2233741426772541,53,64,,True,True,,262,59.56268577710819
170,2026-09-21T07:58:48.884+00:00,2026-09-21T08:02:04.502+00:00,2026-09-21T08:02:07.421+00:00,True,48,48.0,,48.0,195617.995158,198537.04207,198537.04209600002,4136.188377,45.175292,195617.995158,28226.062514434416,78.1181855,62.10738110638298,8.992946916118642,0.24176848561628217,53,64,,True,True,,96,59.56268577710819
171,2026-09-21T07:58:49.181+00:00,2026-09-21T08:02:06.023+00:00,2026-09-21T08:02:09.914+00:00,True,63,63.0,,63.0,196841.20723,200732.520638,200732.520701,3186.2304873174603,49.081122,196841.20723,24791.754911644086,75.9013679,62.763119483870966,7.997594786134059,0.3138504901934345,53,64,,True,True,,168,59.56268577710819
172,2026-09-21T07:58:49.534+00:00,2026-09-21T08:02:08.034+00:00,2026-09-21T08:02:13.655+00:00,True,90,90.0,,90.0,198499.316652,204120.86878000002,204120.868796,2268.009653288889,43.723402,198499.316652,20917.009018702516,77.28141149999999,63.163507056179775,8.926645697905855,0.4409152309507429,53,64,,True,True,,255,59.56268577710819
173,2026-09-21T07:58:49.756+00:00,2026-09-21T08:02:09.054+00:00,2026-09-21T08:02:15.123+00:00,True,98,98.0,,98.0,199297.610104,205366.76594399998,205366.766063,2095.5792455408164,41.870802000000005,199297.610104,20125.78064520318,77.21156,62.568616907216494,9.53011150966674,0.4771950298264079,53,64,,True,True,,361,59.56268577710819
174,2026-09-21T07:58:49.994+00:00,2026-09-21T08:02:10.429+00:00,2026-09-21T08:02:14.578+00:00,True,67,67.0,,67.0,200435.05024399998,204583.923972,204583.924018,3053.4914032537313,44.141953,200435.05024399998,24479.360640180177,77.06195170000001,62.86172315151515,9.204339052317485,0.32749396286469623,53,64,,True,True,,326,59.56268577710819
175,2026-09-21T07:58:50.198+00:00,2026-09-21T08:02:11.859+00:00,2026-09-21T08:02:15.791+00:00,True,63,63.0,,63.0,201661.51371,205593.628654,205593.628653,3263.390931,40.915202,201661.51371,25398.974466326643,79.086825,63.421208774193545,10.663483497452441,0.3064297294252473,53,64,,True,True,,190,59.56268577710819
176,2026-09-21T07:58:50.516+00:00,2026-09-21T08:02:13.411+00:00,2026-09-21T08:02:18.359+00:00,True,79,79.0,,79.0,202895.13791100003,207843.38059900003,207843.38058800003,2630.928868202532,42.963661,202895.13791100003,22820.351296605404,78.41141409999999,63.439008820512825,10.22343800253882,0.38009389460623544,53,64,,True,True,,344,59.56268577710819
177,2026-09-21T07:58:50.743+00:00,2026-09-21T08:02:14.703+00:00,2026-09-21T08:02:16.398+00:00,True,27,27.0,,27.0,203959.747317,205655.281141,205655.281119,7616.862263666667,47.459373,203959.747317,39239.52266123377,76.689665,65.21283938461538,9.918890247212277,0.13128765694807729,53,64,,True,True,,135,59.56268577710819
178,2026-09-21T07:58:51.083+00:00,2026-09-21T08:02:16.593+00:00,2026-09-21T08:02:18.414+00:00,True,30,30.0,,30.0,205509.932914,207330.57291400002,207330.573033,6911.0191011,46.906023,205509.932914,37509.34737640677,77.65207945,62.78068965517242,8.019201830302316,0.14469646023909793,53,64,,True,True,,45,59.56268577710819
179,2026-09-21T07:58:51.432+00:00,2026-09-21T08:02:18.485+00:00,2026-09-21T08:02:18.723+00:00,True,5,5.0,,5.0,207053.84246,207291.18774000002,207291.18782300001,41458.2375646,45.598413,207053.84246,92570.75802189387,165658.4479988,59.33632,13.065837801124376,0.024120658743445336,53,64,,True,True,,22,59.56268577710819
180,2026-09-21T07:58:51.645+00:00,2026-09-21T08:02:19.567+00:00,2026-09-21T08:02:19.676+00:00,True,3,3.0,,3.0,207922.238987,208031.45498699998,208031.45497299999,69343.81832433333,51.984232000000006,207922.238987,120012.43273887655,187135.7382637,54.608,3.7107153683310172,0.014420896110097734,53,64,,True,True,,12,59.56268577710819
181,2026-09-21T07:58:51.891+00:00,2026-09-21T08:02:21.005+00:00,2026-09-21T08:02:26.109+00:00,True,83,83.0,,83.0,209114.13190900002,214218.71891700002,214218.71881500003,2580.9484194578317,41.595233,209114.13190900002,22946.426996043516,77.0863919,62.25106107317073,9.627825592663266,0.3874544690567341,53,64,,True,True,,125,59.56268577710819
182,2026-09-21T07:58:52.194+00:00,2026-09-21T08:02:22.656+00:00,2026-09-21T08:02:27.327+00:00,True,77,77.0,,77.0,210462.266438,215133.52583,215133.525738,2793.9418927012985,42.969782,210462.266438,23977.398752377572,76.839376,61.46393936842106,9.88775095343525,0.35791725024227944,53,64,,True,True,,267,59.56268577710819
183,2026-09-21T07:58:52.437+00:00,2026-09-21T08:02:23.639+00:00,2026-09-21T08:02:27.376+00:00,True,62,62.0,,62.0,211202.20500400002,214939.54209200002,214939.542114,3466.766808290323,41.993512,211202.20500400002,26814.92795872843,79.39656545,61.2678211147541,10.755363353312482,0.2884532059413354,53,64,,True,True,,62,59.56268577710819
184,2026-09-21T07:58:52.640+00:00,2026-09-21T08:02:24.809+00:00,2026-09-21T08:02:26.757+00:00,True,32,32.0,,32.0,212169.325096,214117.884456,214117.88457099997,6691.183892843749,43.487953000000005,212169.325096,37495.48204274122,81.76906299999999,62.8567535483871,10.848515094290766,0.1494503837514601,53,64,,True,True,,160,59.56268577710819
186,2026-09-21T07:58:53.644+00:00,2026-09-21T08:02:26.227+00:00,2026-09-21T08:02:27.440+00:00,True,21,21.0,,21.0,212582.377209,213795.598841,213795.598841,10180.742801952381,42.608432,212582.377209,46376.04170834084,77.509884,60.6610816,10.759341460993205,0.09822465997355596,53,64,,True,True,,48,59.56268577710819
185,2026-09-21T07:58:53.629+00:00,2026-09-21T08:02:27.325+00:00,2026-09-21T08:02:32.744+00:00,True,87,87.0,,87.0,213695.693369,219115.402041,219115.401969,2518.567838724138,44.432661,213695.693369,22903.828422568935,77.773639,63.01986827906977,8.905996704169466,0.39705104793920837,53,64,,True,True,,8,59.56268577710819
188,2026-09-21T07:58:53.833+00:00,2026-09-21T08:02:28.564+00:00,2026-09-21T08:02:32.972+00:00,True,71,71.0,,71.0,214730.988771,219139.054307,219139.054345,3086.4655541549296,44.630601000000006,214730.988771,25476.408338826255,77.7185575,62.972364799999994,9.888636910474839,0.32399519211456246,53,64,,True,True,,141,59.56268577710819
187,2026-09-21T07:58:53.700+00:00,2026-09-21T08:02:30.232+00:00,2026-09-21T08:02:30.808+00:00,True,10,10.0,,10.0,216531.385553,217108.106449,217108.106454,21710.8106454,55.154601,216531.385553,68452.9732063037,119128.323557,64.08009955555555,11.011372113417373,0.046060002841713604,53,64,,True,True,,35,59.56268577710819
189,2026-09-21T07:58:54.049+00:00,2026-09-21T08:02:32.274+00:00,2026-09-21T08:02:37.530+00:00,True,82,82.0,,82.0,218224.966169,223481.398553,223481.398663,2725.3829105243904,44.678591,218224.966169,24091.75168426469,78.61194400000001,64.89422696296296,9.905570392468467,0.36692091838933605,53,64,,True,True,,164,59.56268577710819
190,2026-09-21T07:58:54.310+00:00,2026-09-21T08:02:33.552+00:00,2026-09-21T08:02:36.007+00:00,True,39,39.0,,39.0,219241.677156,221697.118308,221697.118402,5684.541497487179,44.783422,219241.677156,35096.41917441909,77.8400061,64.61687242105263,9.125601408528453,0.1759156830618699,53,64,,True,True,,233,59.56268577710819
191,2026-09-21T07:58:54.531+00:00,2026-09-21T08:02:34.590+00:00,2026-09-21T08:02:37.950+00:00,True,53,53.0,,53.0,220059.48737000002,223418.959754,223418.959758,4215.452070905661,47.420842,220059.48737000002,30218.62302242023,79.2033854,64.60523815384616,10.953392423885115,0.23722248128966641,53,64,,True,True,,471,59.56268577710819
192,2026-09-21T07:58:54.837+00:00,2026-09-21T08:02:36.189+00:00,2026-09-21T08:02:42.242+00:00,True,97,97.0,,97.0,221352.433963,227404.867371,227404.867486,2344.3800771752576,43.330852,221352.433963,22468.535006289294,78.206909,63.04618133333334,9.238473264823641,0.42655199566045,53,64,,True,True,,175,59.56268577710819
193,2026-09-21T07:58:55.053+00:00,2026-09-21T08:02:37.256+00:00,2026-09-21T08:02:37.470+00:00,True,4,4.0,,4.0,222203.08898899998,222417.300317,222417.30016599997,55604.32504149999,69.854922,222203.08898899998,111065.8426464233,188883.71721844998,71.403776,2.2175316251508117,0.017984212533373102,53,64,,True,True,,15,59.56268577710819
194,2026-09-21T07:58:55.360+00:00,2026-09-21T08:02:38.741+00:00,2026-09-21T08:02:40.615+00:00,True,31,31.0,,31.0,223381.672139,225255.220939,225255.221015,7266.297452096775,51.034292,223381.672139,40109.316945364844,79.573683,62.45162666666666,8.629259359036865,0.13762167141242387,53,64,,True,True,,62,59.56268577710819
195,2026-09-21T07:58:55.566+00:00,2026-09-21T08:02:39.789+00:00,2026-09-21T08:02:42.115+00:00,True,37,37.0,,37.0,224223.38539399998,226549.11492999998,226549.115065,6122.94905581081,44.402131999999995,224223.38539399998,36851.47816682358,79.925223,64.60359822222222,10.464884376945996,0.16331999359799929,53,64,,True,True,,111,59.56268577710819
196,2026-09-21T07:58:55.814+00:00,2026-09-21T08:02:40.981+00:00,2026-09-21T08:02:45.329+00:00,True,70,70.0,,70.0,225167.07474,229515.040436,229515.04056300002,3278.786293757143,42.276720999999995,225167.07474,26905.083668585165,78.17773455000001,63.013995594202896,11.257168754497004,0.30499090546320606,53,64,,True,True,,755,59.56268577710819
197,2026-09-21T07:58:56.126+00:00,2026-09-21T08:02:42.683+00:00,2026-09-21T08:02:48.791+00:00,True,97,97.0,,97.0,226557.453447,232664.904839,232664.904641,2398.6072643402063,42.631601,226557.453447,22996.966723845027,78.253393,63.61928533333334,9.948368853273333,0.41690860109358685,53,64,,True,True,,197,59.56268577710819
198,2026-09-21T07:58:56.428+00:00,2026-09-21T08:02:44.369+00:00,2026-09-21T08:02:48.017+00:00,True,59,59.0,,59.0,227941.170135,231589.112023,231589.112093,3925.239188016949,44.242691,227941.170135,29667.225934397735,77.93597319999999,62.89554979310345,9.61151973683764,0.2547615450684076,53,64,,True,True,,293,59.56268577710819
199,2026-09-21T07:58:56.635+00:00,2026-09-21T08:02:45.606+00:00,2026-09-21T08:02:51.136+00:00,True,89,89.0,,89.0,228971.413748,234501.66629199998,234501.666171,2634.850181696629,42.946911,228971.413748,24264.261524114183,77.25600859999999,62.84377890909091,8.960528880138254,0.37952822002201797,53,64,,True,True,,92,59.56268577710819
200,2026-09-21T07:58:56.902+00:00,2026-09-21T08:02:47.059+00:00,2026-09-21T08:02:49.262+00:00,True,36,36.0,,36.0,230157.438301,232360.67926099998,232360.679227,6454.463311861111,43.210311999999995,230157.438301,38349.08217621001,75.99274975,62.949741714285715,7.692571476900482,0.15493154915235408,53,64,,True,True,,144,59.56268577710819
201,2026-09-21T07:58:57.216+00:00,2026-09-21T08:02:48.418+00:00,2026-09-21T08:02:48.790+00:00,True,7,7.0,,7.0,231201.362315,231574.191499,231574.191348,33082.027335428575,50.651041,231201.362315,87362.41547681639,161863.0175024,62.13819733333334,9.516177314863079,0.03022789350872128,53,64,,True,True,,62,59.56268577710819
202,2026-09-21T07:58:57.541+00:00,2026-09-21T08:02:50.151+00:00,2026-09-21T08:02:52.229+00:00,True,35,35.0,,35.0,232610.05007199998,234688.06018399997,234688.06029599998,6705.373151314286,41.693351,232610.05007199998,39307.94493811662,76.32784369999999,61.117944470588235,9.2425377089186,0.14913413137659975,53,64,,True,True,,52,59.56268577710819
203,2026-09-21T07:58:57.766+00:00,2026-09-21T08:02:51.327+00:00,2026-09-21T08:02:53.856+00:00,True,41,41.0,,41.0,233561.02103,236089.869926,236089.86986900002,5758.289509,47.262781000000004,233561.02103,36466.230847149505,78.385643,63.2212224,8.897242008827256,0.17366268198144647,53,64,,True,True,,123,59.56268577710819
204,2026-09-21T07:58:58.001+00:00,2026-09-21T08:02:52.737+00:00,2026-09-21T08:02:53.034+00:00,True,5,5.0,,5.0,234736.688435,235033.136691,235033.13689599998,47006.6273792,66.148623,234736.688435,104944.29460256979,187805.11678860002,74.112064,5.730197741688152,0.021273596014563433,53,64,,True,True,,21,59.56268577710819
205,2026-09-21T07:58:58.230+00:00,2026-09-21T08:02:53.906+00:00,2026-09-21T08:02:54.717+00:00,True,14,14.0,,14.0,235676.01908199998,236486.45338599998,236486.45335099997,16891.889525071427,44.028842,235676.01908199998,62970.40522798311,82540.83742215,62.3411003076923,11.902316123696313,0.05920000828609324,53,64,,True,True,,68,59.56268577710819
206,2026-09-21T07:58:58.447+00:00,2026-09-21T08:02:55.143+00:00,2026-09-21T08:02:59.506+00:00,True,70,70.0,,70.0,236696.084163,241059.699395,241059.699305,3443.7099900714284,44.597033,236696.084163,28283.035871827036,78.695743,63.24080046376812,9.098208677158986,0.2903844988427457,53,64,,True,True,,280,59.56268577710819
207,2026-09-21T07:58:58.747+00:00,2026-09-21T08:02:56.331+00:00,2026-09-21T08:03:02.215+00:00,True,95,95.0,,95.0,237584.593993,243468.20564099998,243468.20554899998,2562.823216305263,42.629722,237584.593993,24369.244810714794,75.46418930000002,62.591613276595744,8.74405855765335,0.39019468579022554,53,64,,True,True,,376,59.56268577710819
208,2026-09-21T07:58:58.940+00:00,2026-09-21T08:02:57.649+00:00,2026-09-21T08:03:00.109+00:00,True,40,40.0,,40.0,238709.261099,241169.540651,241169.540695,6029.238517375,43.205871,238709.261099,37733.274940492825,79.00761349999999,63.08409107692308,9.75582551022546,0.16585842429365735,53,64,,True,True,,200,59.56268577710819
209,2026-09-21T07:58:59.273+00:00,2026-09-21T08:02:59.431+00:00,2026-09-21T08:03:00.956+00:00,True,25,25.0,,25.0,240157.88085800002,241682.53161,241682.531721,9667.301268840001,48.515042,240157.88085800002,48018.87165231654,79.08557019999999,63.52711466666666,9.521053839359821,0.10344148513117273,53,64,,True,True,,201,59.56268577710819
210,2026-09-21T07:58:59.560+00:00,2026-09-21T08:03:00.890+00:00,2026-09-21T08:03:05.851+00:00,True,79,79.0,,79.0,241329.519949,246290.947661,246290.947763,3117.6069337088607,44.432572,241329.519949,27144.537376986027,77.26179,63.60804758974359,9.198347756120656,0.32075884538288935,53,64,,True,True,,539,59.56268577710819
211,2026-09-21T07:58:59.805+00:00,2026-09-21T08:03:02.163+00:00,2026-09-21T08:03:05.059+00:00,True,46,46.0,,46.0,242358.147807,245254.257119,245254.257179,5331.6142865,44.666961,242358.147807,35724.27159015632,79.55606800000001,64.35798471111111,9.57544021640087,0.1875604547719647,53,64,,True,True,,330,59.56268577710819
212,2026-09-21T07:59:00.018+00:00,2026-09-21T08:03:03.266+00:00,2026-09-21T08:03:08.518+00:00,True,82,82.0,,82.0,243247.78599399998,248500.05095399998,248500.051028,3030.4884271707315,46.421481,243247.78599399998,26855.06502818811,77.32822449999999,64.84277728395062,9.012131043320617,0.3299798116145219,53,64,,True,True,,489,59.56268577710819
213,2026-09-21T07:59:00.333+00:00,2026-09-21T08:03:04.615+00:00,2026-09-21T08:03:06.330+00:00,True,27,27.0,,27.0,244281.75670899998,245996.73373299997,245996.73361899998,9110.990134037036,41.567262,244281.75670899998,46999.35321747322,80.3083777,65.96065476923077,11.498838619290309,0.10975755486780271,53,64,,True,True,,91,59.56268577710819
214,2026-09-21T07:59:00.529+00:00,2026-09-21T08:03:05.921+00:00,2026-09-21T08:03:09.289+00:00,True,53,53.0,,53.0,245392.764834,248760.25181,248760.251802,4693.5896566415095,44.350941,245392.764834,33698.394255011925,76.334093,64.75936492307692,8.580311650539274,0.21305654586843217,53,64,,True,True,,137,59.56268577710819
215,2026-09-21T07:59:00.792+00:00,2026-09-21T08:03:07.556+00:00,2026-09-21T08:03:12.249+00:00,True,75,75.0,,75.0,246763.186264,251456.315224,251456.315312,3352.7508708266664,43.813591,246763.186264,28486.43665114379,77.478603,63.420661621621626,9.104796976516113,0.2982625428722647,53,64,,True,True,,866,59.56268577710819
217,2026-09-21T07:59:01.269+00:00,2026-09-21T08:03:08.650+00:00,2026-09-21T08:03:13.244+00:00,True,74,74.0,,74.0,247380.797093,251975.202469,251975.202554,3405.0703047837837,43.313542,247380.797093,28750.118839843984,77.05425765,62.93705994520548,9.63374628216303,0.29367969258444815,53,64,,True,True,,371,59.56268577710819
218,2026-09-21T07:59:01.584+00:00,2026-09-21T08:03:10.303+00:00,2026-09-21T08:03:14.287+00:00,True,64,64.0,,64.0,248719.20696900002,252702.37138500003,252702.371309,3948.474551703125,45.479981,248719.20696900002,31081.999226165797,79.055042,63.224832,9.599643856764176,0.25326236413703446,53,64,,True,True,,428,59.56268577710819
219,2026-09-21T07:59:01.925+00:00,2026-09-21T08:03:12.002+00:00,2026-09-21T08:03:16.330+00:00,True,69,69.0,,69.0,250076.669223,254404.960039,254404.960014,3687.028406,42.558111,250076.669223,30098.03209537411,78.03137699999999,63.65133552941176,10.053576374835275,0.2712211270936792,53,64,,True,True,,897,59.56268577710819
216,2026-09-21T07:59:01.063+00:00,2026-09-21T08:03:13.186+00:00,2026-09-21T08:03:16.568+00:00,True,54,54.0,,54.0,252123.178334,255505.33795,255505.338113,4731.580335425926,43.064121,252123.178334,34300.93591281293,76.50000299999999,63.81433237735849,8.757546461942944,0.21134587806759364,53,64,,True,True,,191,59.56268577710819
220,2026-09-21T07:59:02.185+00:00,2026-09-21T08:03:14.033+00:00,2026-09-21T08:03:15.337+00:00,True,21,21.0,,21.0,251847.545727,253151.890303,253151.890312,12054.851919619046,43.941311,251847.545727,54943.409251055964,77.59303299999999,65.2172288,9.173814293917602,0.08295415047015803,53,64,,True,True,,105,59.56268577710819
221,2026-09-21T07:59:02.477+00:00,2026-09-21T08:03:16.636+00:00,2026-09-21T08:03:19.105+00:00,True,41,41.0,,41.0,254158.824898,256628.309698,256628.309575,6259.227062804878,44.224892,254158.824898,39683.29906413231,76.09683199999999,61.73712,8.933525652739613,0.15976413532960868,53,64,,True,True,,163,59.56268577710819
222,2026-09-21T07:59:02.774+00:00,2026-09-21T08:03:17.671+00:00,2026-09-21T08:03:17.748+00:00,True,2,2.0,,2.0,254896.102573,254973.960621,254973.96067600002,127486.98033800001,77.858103,254896.102573,180183.70863478846,242155.1903495,77.858048,nan,0.00784393824031644,53,64,,True,True,,4,59.56268577710819
223,2026-09-21T07:59:03.027+00:00,2026-09-21T08:03:19.169+00:00,2026-09-21T08:03:23.489+00:00,True,68,68.0,,68.0,256142.59234,260462.786132,260462.78602200001,3830.3350885588234,44.465962,256142.59234,31054.034628852194,80.82749749999999,64.48050435820896,11.703767354356614,0.2610737641635234,53,64,,True,True,,136,59.56268577710819
224,2026-09-21T07:59:03.247+00:00,2026-09-21T08:03:20.376+00:00,2026-09-21T08:03:24.360+00:00,True,63,63.0,,63.0,257128.383889,261112.46760099998,261112.46745899998,4144.642340619048,43.767642,257128.383889,32387.037421691628,78.27038800000001,64.25941470967742,11.405488517990873,0.241275342302953,53,64,,True,True,,378,59.56268577710819
225,2026-09-21T07:59:03.441+00:00,2026-09-21T08:03:21.481+00:00,2026-09-21T08:03:22.518+00:00,True,17,17.0,,17.0,258039.88737799998,259076.635154,259076.635055,15239.802062058823,53.498742,258039.88737799998,62568.1504220006,51671.501829199995,64.796736,8.705976229422667,0.06561765012076401,53,64,,True,True,,43,59.56268577710819
226,2026-09-21T07:59:03.710+00:00,2026-09-21T08:03:22.649+00:00,2026-09-21T08:03:24.169+00:00,True,25,25.0,,25.0,258938.814031,260459.458383,260459.45830499998,10418.3783322,48.207692,258938.814031,51775.09162613743,79.4771872,63.36018133333334,9.614822854240819,0.09598422785337303,53,64,,True,True,,100,59.56268577710819
227,2026-09-21T07:59:04.000+00:00,2026-09-21T08:03:23.804+00:00,2026-09-21T08:03:24.528+00:00,True,13,13.0,,13.0,259804.062252,260528.893228,260528.893237,20040.684095153847,52.823702,259804.062252,72039.92989835438,103969.38025860001,60.40258133333334,7.976318341112308,0.049898496243267504,53,64,,True,True,,17,59.56268577710819
228,2026-09-21T07:59:04.263+00:00,2026-09-21T08:03:25.173+00:00,2026-09-21T08:03:30.727+00:00,True,89,89.0,,89.0,260910.49555199998,266464.25350399996,266464.25348899997,2993.980376280899,40.765601000000004,260910.49555199998,27649.769164305206,76.9726744,63.11088581818182,9.720225533754663,0.33400352516201204,53,64,,True,True,,178,59.56268577710819
229,2026-09-21T07:59:04.547+00:00,2026-09-21T08:03:26.871+00:00,2026-09-21T08:03:28.582+00:00,True,28,28.0,,28.0,262323.663232,264034.87475200003,264034.87492200005,9429.8169615,46.482612,262323.663232,49562.5360779169,77.50871264999999,63.37820444444445,9.453945642992606,0.10604659716372526,53,64,,True,True,,162,59.56268577710819
231,2026-09-21T07:59:05.745+00:00,2026-09-21T08:03:29.967+00:00,2026-09-21T08:03:36.266+00:00,True,100,100.0,,100.0,264221.478917,270521.082373,270521.082273,2705.21082273,44.715571000000004,264221.478917,26415.786127075276,76.366416,63.632358141414144,8.86074902847397,0.36965695657729913,53,64,,True,True,,300,59.56268577710819
230,2026-09-21T07:59:05.654+00:00,2026-09-21T08:03:31.308+00:00,2026-09-21T08:03:31.687+00:00,True,7,7.0,,7.0,265653.725078,266032.78991,266032.789736,38004.684248,41.636711000000005,265653.725078,100383.79241279764,185981.50875619997,63.177472,15.826749841459174,0.026312545917246247,53,64,,True,True,,29,59.56268577710819
232,2026-09-21T07:59:05.790+00:00,2026-09-21T08:03:31.686+00:00,2026-09-21T08:03:34.167+00:00,True,40,40.0,,40.0,265896.514372,268376.923716,268376.92371400003,6709.42309285,47.164281,265896.514372,42031.87512274345,76.60448155,63.600239589743595,8.501943037846042,0.14904411096957254,53,64,,True,True,,436,59.56268577710819
233,2026-09-21T07:59:05.876+00:00,2026-09-21T08:03:31.980+00:00,2026-09-21T08:03:32.468+00:00,True,9,9.0,,9.0,266104.432089,266592.650969,266592.6511,29621.40567777778,48.550301,266104.432089,88681.13530371914,159694.44283379999,61.02736,8.998967229884487,0.0337593702125215,53,64,,True,True,,35,59.56268577710819
234,2026-09-21T07:59:05.925+00:00,2026-09-21T08:03:33.798+00:00,2026-09-21T08:03:39.009+00:00,True,83,83.0,,83.0,267873.591432,273084.205448,273084.205401,3290.1711494096385,45.127821000000004,267873.591432,29395.97309443555,77.2648089,63.54407336585366,9.219861114246095,0.30393555666772043,53,64,,True,True,,740,59.56268577710819
235,2026-09-21T07:59:06.141+00:00,2026-09-21T08:03:35.497+00:00,2026-09-21T08:03:39.511+00:00,True,64,64.0,,64.0,269356.067745,273369.387937,273369.387819,4271.396684671875,43.359761,269356.067745,33661.54685300087,77.55621385,63.70349511111111,9.508157488201434,0.23411545997516472,53,64,,True,True,,256,59.56268577710819
236,2026-09-21T07:59:06.476+00:00,2026-09-21T08:03:37.426+00:00,2026-09-21T08:03:43.618+00:00,True,97,97.0,,97.0,270949.422801,277141.928913,277141.929021,2857.1332888762886,41.309331,270949.422801,27504.198146187202,77.97944199999999,64.505272,10.346347961149739,0.35000117225297267,53,64,,True,True,,197,59.56268577710819
237,2026-09-21T07:59:06.669+00:00,2026-09-21T08:03:38.361+00:00,2026-09-21T08:03:39.716+00:00,True,22,22.0,,22.0,271691.950251,273047.188139,273047.188059,12411.235820863636,44.777351,271691.950251,57911.16007388245,76.35481855,64.53513752380952,8.463857284546377,0.08057215366305283,53,64,,True,True,,26,59.56268577710819
238,2026-09-21T07:59:06.918+00:00,2026-09-21T08:03:39.579+00:00,2026-09-21T08:03:40.554+00:00,True,16,16.0,,16.0,272661.07275,273635.798126,273635.798131,17102.2373831875,48.497451,272661.07275,68149.02323804519,68222.10804825,64.98169173333334,8.316010935877845,0.058471881638207816,53,64,,True,True,,80,59.56268577710819
239,2026-09-21T07:59:07.149+00:00,2026-09-21T08:03:40.713+00:00,2026-09-21T08:03:44.703+00:00,True,63,63.0,,63.0,273564.53556,277554.910216,277554.91027399997,4405.633496412698,42.924621,273564.53556,34457.78441535177,77.59779789999999,64.3608815483871,9.488671728596758,0.22698211302034565,53,64,,True,True,,441,59.56268577710819
240,2026-09-21T07:59:07.348+00:00,2026-09-21T08:03:41.802+00:00,2026-09-21T08:03:47.446+00:00,True,90,90.0,,90.0,274454.511882,280098.796554,280098.79638,3112.208848666667,43.739971,274454.511882,28923.36227337529,76.743685,63.41892889887641,9.34700753478498,0.3213151970206662,53,64,,True,True,,180,59.56268577710819
241,2026-09-21T07:59:07.622+00:00,2026-09-21T08:03:43.100+00:00,2026-09-21T08:03:49.109+00:00,True,95,95.0,,95.0,275478.225901,281487.137517,281487.13745700003,2963.0224995473686,41.715571000000004,275478.225901,28256.912717031897,78.1511783,63.924591659574475,9.611186985391656,0.3374932184752584,53,64,,True,True,,252,59.56268577710819
242,2026-09-21T07:59:07.874+00:00,2026-09-21T08:03:44.705+00:00,2026-09-21T08:03:45.021+00:00,True,6,6.0,,6.0,276831.331939,277146.842723,277146.842655,46191.1404425,50.62944,276831.331939,112990.15700180014,207641.82298475,63.102156799999996,9.697887008499285,0.021649173200204274,53,64,,True,True,,28,59.56268577710819
243,2026-09-21T07:59:08.091+00:00,2026-09-21T08:03:45.835+00:00,2026-09-21T08:03:51.926+00:00,True,97,97.0,,97.0,277743.618619,283834.774843,283834.774947,2926.1317004845364,44.444101,277743.618619,28194.150985361997,77.35093699999999,63.449544,9.260778277505532,0.34174811755766876,53,64,,True,True,,97,59.56268577710819
244,2026-09-21T07:59:08.358+00:00,2026-09-21T08:03:47.117+00:00,2026-09-21T08:03:50.586+00:00,True,56,56.0,,56.0,278758.67223799997,282227.703406,282227.703351,5039.780416982142,42.396121,278758.67223799997,37242.2670717553,78.283447,63.07329396363636,9.246416859102922,0.1984213432068394,53,64,,True,True,,184,59.56268577710819
245,2026-09-21T07:59:08.608+00:00,2026-09-21T08:03:48.348+00:00,2026-09-21T08:03:54.709+00:00,True,100,100.0,,100.0,279740.743988,286101.0453,286101.045491,2861.0104549099997,43.525431,279740.743988,27967.651401725787,77.26585700000001,64.2454677979798,9.358331933498569,0.34952685997753674,53,64,,True,True,,117,59.56268577710819
246,2026-09-21T07:59:08.899+00:00,2026-09-21T08:03:49.880+00:00,2026-09-21T08:03:53.894+00:00,True,63,63.0,,63.0,280981.42673,284995.32881,284995.328994,4523.735380857143,43.706561,280981.42673,35392.17713265272,78.92322399999999,64.74035612903226,9.884705278784473,0.2210562547219877,53,64,,True,True,,126,59.56268577710819
247,2026-09-21T07:59:09.140+00:00,2026-09-21T08:03:51.113+00:00,2026-09-21T08:03:56.089+00:00,True,79,79.0,,79.0,281973.258691,286949.009347,286949.009305,3632.2659405696204,44.467391000000006,281973.258691,31717.294346157516,77.27258189999999,63.79167507692308,9.127438780677585,0.2753102378007075,53,64,,True,True,,244,59.56268577710819
248,2026-09-21T07:59:09.402+00:00,2026-09-21T08:03:52.454+00:00,2026-09-21T08:03:55.448+00:00,True,48,48.0,,48.0,283051.50038200006,286045.69891000004,286045.6990150001,5959.285396145835,45.205551,283051.50038200006,40845.77100014737,78.990011,63.70635165957447,10.154081116171561,0.16780535481885525,53,64,,True,True,,96,59.56268577710819
249,2026-09-21T07:59:09.676+00:00,2026-09-21T08:03:53.614+00:00,2026-09-21T08:03:57.208+00:00,True,58,58.0,,58.0,283938.131077,287532.142981,287532.143023,4957.450741775862,46.119981,283938.131077,37274.62506763965,75.58556550000002,63.052840421052636,9.409076405459135,0.20171657818386104,53,64,,True,True,,117,59.56268577710819
252,2026-09-21T07:59:10.423+00:00,2026-09-21T08:03:55.387+00:00,2026-09-21T08:03:56.924+00:00,True,26,26.0,,26.0,284963.766587,286500.618555,286500.61863,11019.254562692307,43.940521000000004,284963.766587,55873.93743810379,78.48611675000001,61.47407872,10.460158762426422,0.09075024036993043,53,64,,True,True,,58,59.56268577710819
253,2026-09-21T07:59:10.667+00:00,2026-09-21T08:03:56.875+00:00,2026-09-21T08:03:56.925+00:00,True,2,2.0,,2.0,286207.963154,286258.235154,286258.235155,143129.1175775,50.272000999999996,286207.963154,202344.04390297201,271900.07859635,50.272,nan,0.006986698562310526,53,64,,True,True,,2,59.56268577710819
254,2026-09-21T07:59:10.981+00:00,2026-09-21T08:03:58.757+00:00,2026-09-21T08:03:58.757+00:00,True,1,1.0,,1.0,287776.20098,287776.20098,287776.20098,287776.20098,287776.20098,287776.20098,nan,287776.20098,nan,nan,0.003474922514768685,53,64,,True,True,,5,59.56268577710819
250,2026-09-21T07:59:09.946+00:00,2026-09-21T08:03:58.812+00:00,2026-09-21T08:03:58.954+00:00,True,3,3.0,,3.0,288865.88917900005,289007.96841100004,289007.96829200006,96335.98943066668,63.974371,288865.88917900005,166735.78431981636,259987.11073530003,71.039616,9.991724288295389,0.010380336627029195,53,64,,True,True,,15,59.56268577710819
255,2026-09-21T07:59:11.199+00:00,2026-09-21T08:04:00.864+00:00,2026-09-21T08:04:06.877+00:00,True,97,97.0,,97.0,289665.266221,295678.323501,295678.323557,3048.2301397628867,43.714551,289665.266221,29404.693357137086,75.950872,62.63601333333334,8.982870734776624,0.3280592193958105,53,64,,True,True,,873,59.56268577710819
251,2026-09-21T07:59:10.214+00:00,2026-09-21T08:04:01.417+00:00,2026-09-21T08:04:04.611+00:00,True,51,51.0,,51.0,291203.103496,294397.150472,294397.150333,5772.493143784313,42.002691,291203.103496,40767.64653200228,76.7809115,63.880939520000005,9.253061461728747,0.17323537241523193,53,64,,True,True,,162,59.56268577710819
256,2026-09-21T07:59:11.394+00:00,2026-09-21T08:04:02.579+00:00,2026-09-21T08:04:04.859+00:00,True,37,37.0,,37.0,291185.300307,293464.939603,293464.939405,7931.4848487837835,44.302551,291185.300307,47860.15920410804,79.561504,63.32331377777778,9.938264788132255,0.12607979695991514,53,64,,True,True,,85,59.56268577710819
257,2026-09-21T07:59:11.612+00:00,2026-09-21T08:04:03.811+00:00,2026-09-21T08:04:06.754+00:00,True,49,49.0,,49.0,292199.164591,295142.015919,295142.015972,6023.306448408163,44.063391,292199.164591,41733.98032452725,78.05559599999998,61.309402666666664,9.288290514770486,0.16602177039221608,53,64,,True,True,,539,59.56268577710819
258,2026-09-21T07:59:11.895+00:00,2026-09-21T08:04:05.383+00:00,2026-09-21T08:04:06.752+00:00,True,23,23.0,,23.0,293487.819426,294857.229474,294857.229674,12819.879551043477,44.836951,293487.819426,61183.462418740106,80.95898600000001,62.24591127272728,10.680501440755219,0.07800385305468015,53,64,,True,True,,118,59.56268577710819
259,2026-09-21T07:59:12.153+00:00,2026-09-21T08:04:06.700+00:00,2026-09-21T08:04:11.066+00:00,True,70,70.0,,70.0,294547.47187999997,298912.82944799995,298912.82944199996,4270.183277742856,42.654970999999996,294547.47187999997,35197.596038235584,78.86449649999999,63.26605171014493,9.479090383734267,0.2341819858627964,53,64,,True,True,,495,59.56268577710819
260,2026-09-21T07:59:12.352+00:00,2026-09-21T08:04:07.767+00:00,2026-09-21T08:04:12.393+00:00,False,75,74.0,,74.0,295415.227065,300040.826809,300040.826741,4000.5443565466667,0.023710000000000002,295415.227065,34104.39638386941,78.1477813,62.50810464864865,11.830553377185085,0.24663310252476714,53,64,,True,False,Request timeout: 300.0s exceeded,222,59.56268577710819
261,2026-09-21T07:59:12.623+00:00,2026-09-21T08:04:09.296+00:00,2026-09-21T08:04:12.647+00:00,False,56,55.0,,55.0,296673.374324,300023.97938,300023.979344,5357.571059714285,0.02921,296673.374324,39636.50851605544,77.7598085,60.92009192727273,12.939226448228274,0.1833186804390022,53,64,,True,False,Request timeout: 300.0s exceeded,439,59.56268577710819
262,2026-09-21T07:59:12.827+00:00,2026-09-21T08:04:10.558+00:00,2026-09-21T08:04:11.890+00:00,True,22,22.0,,22.0,297730.572722,299063.066802,299063.06678,13593.775762727273,44.61645,297730.572722,63462.8440199668,79.1194095,63.45209904761904,9.431245645846442,0.07356307896944524,53,64,,True,True,,109,59.56268577710819
263,2026-09-21T07:59:13.112+00:00,2026-09-21T08:04:11.836+00:00,2026-09-21T08:04:13.148+00:00,False,24,23.0,,23.0,298723.828224,300035.623168,300035.623401,12501.484308375,0.02089,298723.828224,60965.10587739005,78.70914834999999,57.034562782608695,15.620777738647664,0.07665756404905802,53,64,,True,False,Request timeout: 300.0s exceeded,164,59.56268577710819
264,2026-09-21T07:59:13.387+00:00,2026-09-21T08:04:13.329+00:00,2026-09-21T08:04:13.386+00:00,True,2,2.0,,2.0,299942.43779,299998.654366,299998.654361,149999.3271805,56.216571,299942.43779,212051.58060836402,284948.12672905,56.216576,nan,0.006666696569778574,53,64,,True,True,,7,59.56268577710819
265,2026-09-21T07:59:13.724+00:00,2026-09-21T08:04:13.831+00:00,2026-09-21T08:04:13.831+00:00,False,1,0.0,,0.0,300106.882232,300106.882232,300106.882232,300106.882232,300106.882232,300106.882232,nan,300106.882232,nan,nan,0.0,53,64,,True,False,"HTTPConnectionPool(host='gpu06', port=9004): Read timed out.",0,59.56268577710819
266,2026-09-21T07:59:13.963+00:00,2026-09-21T08:04:14.059+00:00,2026-09-21T08:04:14.059+00:00,False,1,0.0,,0.0,300096.478375,300096.478375,300096.478375,300096.478375,300096.478375,300096.478375,nan,300096.478375,nan,nan,0.0,53,64,,True,False,"HTTPConnectionPool(host='gpu06', port=9004): Read timed out.",0,59.56268577710819
267,2026-09-21T07:59:14.276+00:00,2026-09-21T08:04:14.350+00:00,2026-09-21T08:04:14.350+00:00,False,1,0.0,,0.0,300074.790883,300074.790883,300074.790883,300074.790883,300074.790883,300074.790883,nan,300074.790883,nan,nan,0.0,53,64,,True,False,"HTTPConnectionPool(host='gpu06', port=9004): Read timed out.",0,59.56268577710819
268,2026-09-21T07:59:14.548+00:00,2026-09-21T08:04:14.642+00:00,2026-09-21T08:04:14.642+00:00,False,1,0.0,,0.0,300093.83015600004,300093.83015600004,300093.83015600004,300093.83015600004,300093.83015600004,300093.83015600004,nan,300093.83015600004,nan,nan,0.0,53,64,,True,False,"HTTPConnectionPool(host='gpu06', port=9004): Read timed out.",0,59.56268577710819
269,2026-09-21T07:59:14.788+00:00,2026-09-21T08:04:14.893+00:00,2026-09-21T08:04:14.893+00:00,False,1,0.0,,0.0,300104.79933,300104.79933,300104.79933,300104.79933,300104.79933,300104.79933,nan,300104.79933,nan,nan,0.0,53,64,,True,False,"HTTPConnectionPool(host='gpu06', port=9004): Read timed out.",0,59.56268577710819
270,2026-09-21T07:59:15.118+00:00,2026-09-21T08:04:15.181+00:00,2026-09-21T08:04:15.181+00:00,False,1,0.0,,0.0,300062.530317,300062.530317,300062.530317,300062.530317,300062.530317,300062.530317,nan,300062.530317,nan,nan,0.0,53,64,,True,False,TTFT timeout: 300.0s exceeded (TTFT: 300.058s),0,59.56268577710819
271,2026-09-21T07:59:15.429+00:00,2026-09-21T08:04:15.488+00:00,2026-09-21T08:04:15.488+00:00,False,1,0.0,,0.0,300058.736576,300058.736576,300058.736576,300058.736576,300058.736576,300058.736576,nan,300058.736576,nan,nan,0.0,53,64,,True,False,TTFT timeout: 300.0s exceeded (TTFT: 300.047s),0,59.56268577710819
272,2026-09-21T07:59:15.656+00:00,2026-09-21T08:04:15.646+00:00,2026-09-21T08:04:15.804+00:00,False,3,2.0,,2.0,299990.26205900003,300148.71863500006,300148.718523,100049.57284100002,0.02599,299990.26205900003,173153.7342269054,270007.0789005,79.228288,112.00879146866085,0.006663363445612864,53,64,,True,False,Request timeout: 300.0s exceeded,6,59.56268577710819
273,2026-09-21T07:59:15.860+00:00,2026-09-21T08:04:15.804+00:00,2026-09-21T08:04:15.916+00:00,False,4,3.0,,3.0,299944.264025,300056.25224899995,300056.25212699996,75014.06303174999,0.04104,299944.264025,149953.4696820333,254961.6166319,37.329408,32.536192460004166,0.009998125276558035,53,64,,True,False,Request timeout: 300.0s exceeded,3,59.56268577710819
274,2026-09-21T07:59:16.115+00:00,2026-09-21T08:04:16.229+00:00,2026-09-21T08:04:16.229+00:00,False,1,0.0,,0.0,300114.477532,300114.477532,300114.477532,300114.477532,300114.477532,300114.477532,nan,300114.477532,nan,nan,0.0,53,64,,True,False,"HTTPConnectionPool(host='gpu06', port=9004): Read timed out.",0,59.56268577710819
275,2026-09-21T07:59:16.389+00:00,2026-09-21T08:04:16.495+00:00,2026-09-21T08:04:16.495+00:00,False,1,0.0,,0.0,300105.787092,300105.787092,300105.787092,300105.787092,300105.787092,300105.787092,nan,300105.787092,nan,nan,0.0,53,64,,True,False,"HTTPConnectionPool(host='gpu06', port=9004): Read timed out.",0,59.56268577710819
276,2026-09-21T07:59:16.688+00:00,2026-09-21T08:04:16.700+00:00,2026-09-21T08:04:16.700+00:00,False,1,0.0,,0.0,300011.862751,300011.862751,300011.862751,300011.862751,300011.862751,300011.862751,nan,300011.862751,nan,nan,0.0,53,64,,True,False,"HTTPConnectionPool(host='gpu06', port=9004): Read timed out.",0,59.56268577710819
277,2026-09-21T07:59:17.015+00:00,2026-09-21T08:04:17.129+00:00,2026-09-21T08:04:17.129+00:00,False,1,0.0,,0.0,300114.14775,300114.14775,300114.14775,300114.14775,300114.14775,300114.14775,nan,300114.14775,nan,nan,0.0,53,64,,True,False,"HTTPConnectionPool(host='gpu06', port=9004): Read timed out.",0,59.56268577710819
278,2026-09-21T07:59:17.355+00:00,2026-09-21T08:04:17.343+00:00,2026-09-21T08:04:17.548+00:00,False,3,2.0,,2.0,299988.325006,300193.514894,300193.51488,100064.50496,0.02683,299988.325006,173139.13736228333,270010.0088098,102.594944,145.05314717515162,0.006662369107827699,53,64,,True,False,Request timeout: 300.0s exceeded,18,59.56268577710819
279,2026-09-21T07:59:17.683+00:00,2026-09-21T08:04:17.751+00:00,2026-09-21T08:04:17.751+00:00,False,1,0.0,,0.0,300067.215585,300067.215585,300067.215585,300067.215585,300067.215585,300067.215585,nan,300067.215585,nan,nan,0.0,53,64,,True,False,"HTTPConnectionPool(host='gpu06', port=9004): Read timed out.",0,59.56268577710819
280,2026-09-21T07:59:18.028+00:00,2026-09-21T08:04:18.034+00:00,2026-09-21T08:04:18.103+00:00,False,3,2.0,,2.0,300005.564,300074.575456,300074.575532,100024.85851066667,0.06731999999999999,300005.564,173188.37464453315,270011.90202120005,34.505728,48.70325234642959,0.0066650098461715915,53,64,,True,False,Request timeout: 300.0s exceeded,9,59.56268577710819
281,2026-09-21T07:59:18.233+00:00,2026-09-21T08:04:18.343+00:00,2026-09-21T08:04:18.343+00:00,False,1,0.0,,0.0,300109.054619,300109.054619,300109.054619,300109.054619,300109.054619,300109.054619,nan,300109.054619,nan,nan,0.0,53,64,,True,False,"HTTPConnectionPool(host='gpu06', port=9004): Read timed out.",0,59.56268577710819
283,2026-09-21T07:59:19.827+00:00,2026-09-21T08:04:20.401+00:00,2026-09-21T08:04:20.401+00:00,False,1,0.0,,0.0,300573.970702,300573.970702,300573.970702,300573.970702,300573.970702,300573.970702,nan,300573.970702,nan,nan,0.0,53,64,,True,False,"HTTPConnectionPool(host='gpu06', port=9004): Read timed out.",0,59.56268577710819
284,2026-09-21T07:59:19.963+00:00,2026-09-21T08:04:20.646+00:00,2026-09-21T08:04:21.357+00:00,False,10,9.0,,9.0,300683.275185,301394.10782499996,301394.10785,30139.410784999996,0.03246,300683.275185,95059.43449200543,165453.30172604998,78.98140444444445,46.74339015787693,0.029861234066412865,53,64,,True,False,Request timeout: 300.0s exceeded,27,59.56268577710819
282,2026-09-21T07:59:19.684+00:00,2026-09-21T08:04:21.214+00:00,2026-09-21T08:04:21.405+00:00,False,5,4.0,,4.0,301529.832262,301720.64903000003,301720.648956,60344.1297912,0.02937,301529.832262,134826.91105313285,241243.66897000003,47.704192,40.54260440272296,0.013257296154106712,53,64,,True,False,Request timeout: 300.0s exceeded,13,59.56268577710819
285,2026-09-21T07:59:20.259+00:00,2026-09-21T08:04:21.309+00:00,2026-09-21T08:04:21.402+00:00,False,4,3.0,,3.0,301050.08912300004,301143.19709100004,301143.19708500005,75285.79927125001,0.033530000000000004,301050.08912300004,150509.52825301694,255900.50554520002,31.035989333333333,27.584569572538726,0.00996203809011649,53,64,,True,False,Request timeout: 300.0s exceeded,9,59.56268577710819
286,2026-09-21T07:59:20.265+00:00,2026-09-21T08:04:21.361+00:00,2026-09-21T08:04:21.473+00:00,False,4,3.0,,3.0,301095.482544,301207.831216,301207.83115600003,75301.95778900001,0.0319,301095.482544,150529.0191293132,255941.33190705001,37.44955733333334,34.436222013230044,0.0099599004046102,53,64,,True,False,Request timeout: 300.0s exceeded,3,59.56268577710819
287,2026-09-21T07:59:20.279+00:00,2026-09-21T08:04:21.527+00:00,2026-09-21T08:04:21.527+00:00,False,1,0.0,,0.0,301247.821465,301247.821465,301247.821465,301247.821465,301247.821465,301247.821465,nan,301247.821465,nan,nan,0.0,53,64,,True,False,"HTTPConnectionPool(host='gpu06', port=9004): Read timed out.",0,59.56268577710819
288,2026-09-21T07:59:20.328+00:00,2026-09-21T08:04:21.551+00:00,2026-09-21T08:04:21.551+00:00,False,1,0.0,,0.0,301223.555442,301223.555442,301223.555442,301223.555442,301223.555442,301223.555442,nan,301223.555442,nan,nan,0.0,53,64,,True,False,"HTTPConnectionPool(host='gpu06', port=9004): Read timed out.",0,59.56268577710819
289,2026-09-21T07:59:20.666+00:00,2026-09-21T08:04:21.900+00:00,2026-09-21T08:04:21.900+00:00,False,1,0.0,,0.0,301233.86640899995,301233.86640899995,301233.86640899995,301233.86640899995,301233.86640899995,301233.86640899995,nan,301233.86640899995,nan,nan,0.0,53,64,,True,False,"HTTPConnectionPool(host='gpu06', port=9004): Read timed out.",0,59.56268577710819
292,2026-09-21T07:59:21.573+00:00,2026-09-21T08:04:21.900+00:00,2026-09-21T08:04:21.900+00:00,False,1,0.0,,0.0,300326.64342000004,300326.64342000004,300326.64342000004,300326.64342000004,300326.64342000004,300326.64342000004,nan,300326.64342000004,nan,nan,0.0,53,64,,True,False,"HTTPConnectionPool(host='gpu06', port=9004): Read timed out.",0,59.56268577710819
293,2026-09-21T07:59:21.803+00:00,2026-09-21T08:04:21.907+00:00,2026-09-21T08:04:21.907+00:00,False,1,0.0,,0.0,300104.61568,300104.61568,300104.61568,300104.61568,300104.61568,300104.61568,nan,300104.61568,nan,nan,0.0,53,64,,True,False,"HTTPConnectionPool(host='gpu06', port=9004): Read timed out.",0,59.56268577710819
290,2026-09-21T07:59:20.948+00:00,2026-09-21T08:04:23.284+00:00,2026-09-21T08:04:23.284+00:00,False,1,0.0,,0.0,302336.404284,302336.404284,302336.404284,302336.404284,302336.404284,302336.404284,nan,302336.404284,nan,nan,0.0,53,64,,True,False,"HTTPConnectionPool(host='gpu06', port=9004): Read timed out.",0,59.56268577710819
296,2026-09-21T07:59:22.675+00:00,2026-09-21T08:04:23.286+00:00,2026-09-21T08:04:23.286+00:00,False,1,0.0,,0.0,300610.625652,300610.625652,300610.625652,300610.625652,300610.625652,300610.625652,nan,300610.625652,nan,nan,0.0,53,64,,True,False,"HTTPConnectionPool(host='gpu06', port=9004): Read timed out.",0,59.56268577710819
297,2026-09-21T07:59:22.983+00:00,2026-09-21T08:04:23.306+00:00,2026-09-21T08:04:23.306+00:00,False,1,0.0,,0.0,300323.159846,300323.159846,300323.159846,300323.159846,300323.159846,300323.159846,nan,300323.159846,nan,nan,0.0,53,64,,True,False,"HTTPConnectionPool(host='gpu06', port=9004): Read timed out.",0,59.56268577710819
294,2026-09-21T07:59:22.033+00:00,2026-09-21T08:04:23.310+00:00,2026-09-21T08:04:23.310+00:00,False,1,0.0,,0.0,301276.781889,301276.781889,301276.781889,301276.781889,301276.781889,301276.781889,nan,301276.781889,nan,nan,0.0,53,64,,True,False,"HTTPConnectionPool(host='gpu06', port=9004): Read timed out.",0,59.56268577710819
291,2026-09-21T07:59:21.242+00:00,2026-09-21T08:04:23.311+00:00,2026-09-21T08:04:23.311+00:00,False,1,0.0,,0.0,302069.231179,302069.231179,302069.231179,302069.231179,302069.231179,302069.231179,nan,302069.231179,nan,nan,0.0,53,64,,True,False,"HTTPConnectionPool(host='gpu06', port=9004): Read timed out.",0,59.56268577710819
295,2026-09-21T07:59:22.329+00:00,2026-09-21T08:04:23.312+00:00,2026-09-21T08:04:23.312+00:00,False,1,0.0,,0.0,300983.051403,300983.051403,300983.051403,300983.051403,300983.051403,300983.051403,nan,300983.051403,nan,nan,0.0,53,64,,True,False,"HTTPConnectionPool(host='gpu06', port=9004): Read timed out.",0,59.56268577710819
298,2026-09-21T07:59:23.207+00:00,2026-09-21T08:04:23.315+00:00,2026-09-21T08:04:23.315+00:00,False,1,0.0,,0.0,300107.924136,300107.924136,300107.924136,300107.924136,300107.924136,300107.924136,nan,300107.924136,nan,nan,0.0,53,64,,True,False,"HTTPConnectionPool(host='gpu06', port=9004): Read timed out.",0,59.56268577710819
299,2026-09-21T07:59:23.414+00:00,2026-09-21T08:04:23.430+00:00,2026-09-21T08:04:23.430+00:00,False,1,0.0,,0.0,300016.34963,300016.34963,300016.34963,300016.34963,300016.34963,300016.34963,nan,300016.34963,nan,nan,0.0,53,64,,True,False,"HTTPConnectionPool(host='gpu06', port=9004): Read timed out.",0,59.56268577710819
300,2026-09-21T07:59:23.623+00:00,2026-09-21T08:04:23.654+00:00,2026-09-21T08:04:23.654+00:00,False,1,0.0,,0.0,300030.389736,300030.389736,300030.389736,300030.389736,300030.389736,300030.389736,nan,300030.389736,nan,nan,0.0,53,64,,True,False,"HTTPConnectionPool(host='gpu06', port=9004): Read timed out.",0,59.56268577710819
301,2026-09-21T07:59:23.976+00:00,2026-09-21T08:04:24.010+00:00,2026-09-21T08:04:24.010+00:00,False,1,0.0,,0.0,300034.134633,300034.134633,300034.134633,300034.134633,300034.134633,300034.134633,nan,300034.134633,nan,nan,0.0,53,64,,True,False,"HTTPConnectionPool(host='gpu06', port=9004): Read timed out.",0,59.56268577710819
302,2026-09-21T07:59:24.169+00:00,2026-09-21T08:04:24.276+00:00,2026-09-21T08:04:24.276+00:00,False,1,0.0,,0.0,300107.216251,300107.216251,300107.216251,300107.216251,300107.216251,300107.216251,nan,300107.216251,nan,nan,0.0,53,64,,True,False,"HTTPConnectionPool(host='gpu06', port=9004): Read timed out.",0,59.56268577710819
303,2026-09-21T07:59:24.431+00:00,2026-09-21T08:04:24.510+00:00,2026-09-21T08:04:24.510+00:00,False,1,0.0,,0.0,300078.60706300003,300078.60706300003,300078.60706300003,300078.60706300003,300078.60706300003,300078.60706300003,nan,300078.60706300003,nan,nan,0.0,53,64,,True,False,"HTTPConnectionPool(host='gpu06', port=9004): Read timed out.",0,59.56268577710819
304,2026-09-21T07:59:24.637+00:00,2026-09-21T08:04:24.738+00:00,2026-09-21T08:04:24.738+00:00,False,1,0.0,,0.0,300101.47787,300101.47787,300101.47787,300101.47787,300101.47787,300101.47787,nan,300101.47787,nan,nan,0.0,53,64,,True,False,"HTTPConnectionPool(host='gpu06', port=9004): Read timed out.",0,59.56268577710819
305,2026-09-21T07:59:24.931+00:00,2026-09-21T08:04:25.032+00:00,2026-09-21T08:04:25.032+00:00,False,1,0.0,,0.0,300100.07892,300100.07892,300100.07892,300100.07892,300100.07892,300100.07892,nan,300100.07892,nan,nan,0.0,53,64,,True,False,"HTTPConnectionPool(host='gpu06', port=9004): Read timed out.",0,59.56268577710819
306,2026-09-21T07:59:25.126+00:00,2026-09-21T08:04:25.199+00:00,2026-09-21T08:04:25.199+00:00,False,1,0.0,,0.0,300072.776186,300072.776186,300072.776186,300072.776186,300072.776186,300072.776186,nan,300072.776186,nan,nan,0.0,53,64,,True,False,"HTTPConnectionPool(host='gpu06', port=9004): Read timed out.",0,59.56268577710819
307,2026-09-21T07:59:25.394+00:00,2026-09-21T08:04:25.520+00:00,2026-09-21T08:04:25.520+00:00,False,1,0.0,,0.0,300125.344159,300125.344159,300125.344159,300125.344159,300125.344159,300125.344159,nan,300125.344159,nan,nan,0.0,53,64,,True,False,"HTTPConnectionPool(host='gpu06', port=9004): Read timed out.",0,59.56268577710819
308,2026-09-21T07:59:25.742+00:00,2026-09-21T08:04:25.717+00:00,2026-09-21T08:04:25.787+00:00,False,3,2.0,,2.0,299974.981453,300045.37582099997,300045.375755,100015.12525166666,0.03741,299974.981453,173170.3187767777,269984.5189969,35.197184,49.72347732403404,0.006665658467581759,53,64,,True,False,Request timeout: 300.0s exceeded,4,59.56268577710819
309,2026-09-21T07:59:25.978+00:00,2026-09-21T08:04:26.084+00:00,2026-09-21T08:04:26.084+00:00,False,1,0.0,,0.0,300105.67277,300105.67277,300105.67277,300105.67277,300105.67277,300105.67277,nan,300105.67277,nan,nan,0.0,53,64,,True,False,"HTTPConnectionPool(host='gpu06', port=9004): Read timed out.",0,59.56268577710819
310,2026-09-21T07:59:26.291+00:00,2026-09-21T08:04:26.359+00:00,2026-09-21T08:04:26.359+00:00,False,1,0.0,,0.0,300067.981278,300067.981278,300067.981278,300067.981278,300067.981278,300067.981278,nan,300067.981278,nan,nan,0.0,53,64,,True,False,"HTTPConnectionPool(host='gpu06', port=9004): Read timed out.",0,59.56268577710819
311,2026-09-21T07:59:26.576+00:00,2026-09-21T08:04:26.672+00:00,2026-09-21T08:04:26.672+00:00,False,1,0.0,,0.0,300096.28531999997,300096.28531999997,300096.28531999997,300096.28531999997,300096.28531999997,300096.28531999997,nan,300096.28531999997,nan,nan,0.0,53,64,,True,False,"HTTPConnectionPool(host='gpu06', port=9004): Read timed out.",0,59.56268577710819
312,2026-09-21T07:59:26.820+00:00,2026-09-21T08:04:26.931+00:00,2026-09-21T08:04:26.931+00:00,False,1,0.0,,0.0,300111.275174,300111.275174,300111.275174,300111.275174,300111.275174,300111.275174,nan,300111.275174,nan,nan,0.0,53,64,,True,False,"HTTPConnectionPool(host='gpu06', port=9004): Read timed out.",0,59.56268577710819
313,2026-09-21T07:59:27.076+00:00,2026-09-21T08:04:27.085+00:00,2026-09-21T08:04:27.289+00:00,False,3,2.0,,2.0,300008.389185,300212.763201,300212.763299,100070.92109966667,0.03177,300008.389185,173150.95666493708,270027.98450089997,102.187008,144.469359816604,0.006661941946355392,53,64,,True,False,Request timeout: 300.0s exceeded,18,59.56268577710819
314,2026-09-21T07:59:27.358+00:00,2026-09-21T08:04:27.463+00:00,2026-09-21T08:04:27.463+00:00,False,1,0.0,,0.0,300105.034508,300105.034508,300105.034508,300105.034508,300105.034508,300105.034508,nan,300105.034508,nan,nan,0.0,53,64,,True,False,"HTTPConnectionPool(host='gpu06', port=9004): Read timed out.",0,59.56268577710819
315,2026-09-21T07:59:27.688+00:00,2026-09-21T08:04:27.658+00:00,2026-09-21T08:04:27.765+00:00,False,3,2.0,,2.0,299969.939423,300076.340447,300076.340445,100025.44681499999,0.02822,299969.939423,173157.018109274,269983.5827609,53.200512,75.19706134167616,0.006664970643872683,53,64,,True,False,Request timeout: 300.0s exceeded,4,59.56268577710819
316,2026-09-21T07:59:27.927+00:00,2026-09-21T08:04:28.042+00:00,2026-09-21T08:04:28.042+00:00,False,1,0.0,,0.0,300114.65098000003,300114.65098000003,300114.65098000003,300114.65098000003,300114.65098000003,300114.65098000003,nan,300114.65098000003,nan,nan,0.0,53,64,,True,False,"HTTPConnectionPool(host='gpu06', port=9004): Read timed out.",0,59.56268577710819
317,2026-09-21T07:59:28.157+00:00,2026-09-21T08:04:28.277+00:00,2026-09-21T08:04:28.277+00:00,False,1,0.0,,0.0,300119.564534,300119.564534,300119.564534,300119.564534,300119.564534,300119.564534,nan,300119.564534,nan,nan,0.0,53,64,,True,False,"HTTPConnectionPool(host='gpu06', port=9004): Read timed out.",0,59.56268577710819
318,2026-09-21T07:59:28.503+00:00,2026-09-21T08:04:28.549+00:00,2026-09-21T08:04:28.549+00:00,False,1,0.0,,0.0,300045.55111,300045.55111,300045.55111,300045.55111,300045.55111,300045.55111,nan,300045.55111,nan,nan,0.0,53,64,,True,False,"HTTPConnectionPool(host='gpu06', port=9004): Read timed out.",0,59.56268577710819
319,2026-09-21T07:59:28.725+00:00,2026-09-21T08:04:28.827+00:00,2026-09-21T08:04:28.827+00:00,False,1,0.0,,0.0,300102.375495,300102.375495,300102.375495,300102.375495,300102.375495,300102.375495,nan,300102.375495,nan,nan,0.0,53,64,,True,False,"HTTPConnectionPool(host='gpu06', port=9004): Read timed out.",0,59.56268577710819
320,2026-09-21T07:59:29.047+00:00,2026-09-21T08:04:29.149+00:00,2026-09-21T08:04:29.149+00:00,False,1,0.0,,0.0,300102.386634,300102.386634,300102.386634,300102.386634,300102.386634,300102.386634,nan,300102.386634,nan,nan,0.0,53,64,,True,False,"HTTPConnectionPool(host='gpu06', port=9004): Read timed out.",0,59.56268577710819
321,2026-09-21T07:59:29.326+00:00,2026-09-21T08:04:29.431+00:00,2026-09-21T08:04:29.431+00:00,False,1,0.0,,0.0,300105.023796,300105.023796,300105.023796,300105.023796,300105.023796,300105.023796,nan,300105.023796,nan,nan,0.0,53,64,,True,False,"HTTPConnectionPool(host='gpu06', port=9004): Read timed out.",0,59.56268577710819
322,2026-09-21T07:59:29.582+00:00,2026-09-21T08:04:29.607+00:00,2026-09-21T08:04:29.607+00:00,False,1,0.0,,0.0,300025.11499699997,300025.11499699997,300025.11499699997,300025.11499699997,300025.11499699997,300025.11499699997,nan,300025.11499699997,nan,nan,0.0,53,64,,True,False,TTFT timeout: 300.0s exceeded (TTFT: 300.011s),0,59.56268577710819
323,2026-09-21T07:59:29.862+00:00,2026-09-21T08:04:29.752+00:00,2026-09-21T08:04:29.896+00:00,False,4,3.0,,3.0,299890.47553500003,300034.387471,300034.38738800003,75008.59684700001,0.03537,299890.47553500003,149921.25629033652,254917.7058249,47.97064533333334,41.51326621403261,0.009998853882340293,53,64,,True,False,Request timeout: 300.0s exceeded,4,59.56268577710819
324,2026-09-21T07:59:30.114+00:00,2026-09-21T08:04:30.222+00:00,2026-09-21T08:04:30.222+00:00,False,1,0.0,,0.0,300108.00150300004,300108.00150300004,300108.00150300004,300108.00150300004,300108.00150300004,300108.00150300004,nan,300108.00150300004,nan,nan,0.0,53,64,,True,False,"HTTPConnectionPool(host='gpu06', port=9004): Read timed out.",0,59.56268577710819
325,2026-09-21T07:59:30.416+00:00,2026-09-21T08:04:30.489+00:00,2026-09-21T08:04:30.489+00:00,False,1,0.0,,0.0,300073.028532,300073.028532,300073.028532,300073.028532,300073.028532,300073.028532,nan,300073.028532,nan,nan,0.0,53,64,,True,False,"HTTPConnectionPool(host='gpu06', port=9004): Read timed out.",0,59.56268577710819
326,2026-09-21T07:59:30.737+00:00,2026-09-21T08:04:30.842+00:00,2026-09-21T08:04:30.842+00:00,False,1,0.0,,0.0,300105.173511,300105.173511,300105.173511,300105.173511,300105.173511,300105.173511,nan,300105.173511,nan,nan,0.0,53,64,,True,False,"HTTPConnectionPool(host='gpu06', port=9004): Read timed out.",0,59.56268577710819
327,2026-09-21T07:59:31.032+00:00,2026-09-21T08:04:31.137+00:00,2026-09-21T08:04:31.137+00:00,False,1,0.0,,0.0,300104.81290200003,300104.81290200003,300104.81290200003,300104.81290200003,300104.81290200003,300104.81290200003,nan,300104.81290200003,nan,nan,0.0,53,64,,True,False,"HTTPConnectionPool(host='gpu06', port=9004): Read timed out.",0,59.56268577710819
328,2026-09-21T07:59:31.265+00:00,2026-09-21T08:04:31.375+00:00,2026-09-21T08:04:31.375+00:00,False,1,0.0,,0.0,300110.124366,300110.124366,300110.124366,300110.124366,300110.124366,300110.124366,nan,300110.124366,nan,nan,0.0,53,64,,True,False,"HTTPConnectionPool(host='gpu06', port=9004): Read timed out.",0,59.56268577710819
329,2026-09-21T07:59:31.552+00:00,2026-09-21T08:04:31.694+00:00,2026-09-21T08:04:32.857+00:00,False,20,19.0,,19.0,300142.17392699997,301305.624295,301305.62431199994,15065.281215599998,0.02334,300142.17392699997,67100.14596205592,15182.180115149999,61.23422989473684,33.60220321043936,0.06305889591160645,53,64,,True,False,Request timeout: 300.0s exceeded,112,59.56268577710819
330,2026-09-21T07:59:31.826+00:00,2026-09-21T08:04:31.876+00:00,2026-09-21T08:04:32.916+00:00,False,20,19.0,,19.0,300050.855197,301090.846749,301090.846679,15054.542333950001,0.03066,300050.855197,67081.17328517334,15078.521328800001,54.736397473684214,16.0638384829005,0.06310387780017461,53,64,,True,False,Request timeout: 300.0s exceeded,40,59.56268577710819
331,2026-09-21T07:59:32.089+00:00,2026-09-21T08:04:32.411+00:00,2026-09-21T08:04:33.014+00:00,False,13,12.0,,12.0,300321.828435,300924.331603,300924.331648,23148.025511384614,0.02947,300321.828435,83280.3649086289,120172.91929259998,50.20859733333334,17.50941188402521,0.03987713434828269,53,64,,True,False,Request timeout: 300.0s exceeded,24,59.56268577710819
334,2026-09-21T07:59:32.913+00:00,2026-09-21T08:04:33.105+00:00,2026-09-21T08:04:33.105+00:00,False,1,0.0,,0.0,300192.366257,300192.366257,300192.366257,300192.366257,300192.366257,300192.366257,nan,300192.366257,nan,nan,0.0,53,64,,True,False,"HTTPConnectionPool(host='gpu06', port=9004): Read timed out.",0,59.56268577710819
335,2026-09-21T07:59:33.166+00:00,2026-09-21T08:04:33.185+00:00,2026-09-21T08:04:33.185+00:00,False,1,0.0,,0.0,300019.396967,300019.396967,300019.396967,300019.396967,300019.396967,300019.396967,nan,300019.396967,nan,nan,0.0,53,64,,True,False,"HTTPConnectionPool(host='gpu06', port=9004): Read timed out.",0,59.56268577710819
332,2026-09-21T07:59:32.376+00:00,2026-09-21T08:04:33.430+00:00,2026-09-21T08:04:33.430+00:00,False,1,0.0,,0.0,301054.653251,301054.653251,301054.653251,301054.653251,301054.653251,301054.653251,nan,301054.653251,nan,nan,0.0,53,64,,True,False,"HTTPConnectionPool(host='gpu06', port=9004): Read timed out.",0,59.56268577710819
336,2026-09-21T07:59:33.370+00:00,2026-09-21T08:04:33.430+00:00,2026-09-21T08:04:33.430+00:00,False,1,0.0,,0.0,300059.894164,300059.894164,300059.894164,300059.894164,300059.894164,300059.894164,nan,300059.894164,nan,nan,0.0,53,64,,True,False,"HTTPConnectionPool(host='gpu06', port=9004): Read timed out.",0,59.56268577710819
333,2026-09-21T07:59:32.634+00:00,2026-09-21T08:04:34.286+00:00,2026-09-21T08:04:34.874+00:00,True,11,11.0,,11.0,301651.79825700005,302240.0519530001,302240.05194900004,27476.368359000004,45.425540999999996,301651.79825700005,90933.70403972003,150875.45573450002,58.8253696,16.014223460075893,0.03639491168996543,53,64,,True,True,,76,59.56268577710819
337,2026-09-21T07:59:34.775+00:00,2026-09-21T08:04:34.387+00:00,2026-09-21T08:04:35.264+00:00,False,18,17.0,,17.0,299611.99566,300489.727244,300489.727388,16693.873743777778,0.02499,299611.99566,70607.05656347366,45004.35918920001,51.63126964705882,15.268433647195579,0.05657431339140545,53,64,,True,False,Request timeout: 300.0s exceeded,93,59.56268577710819
339,2026-09-21T07:59:35.123+00:00,2026-09-21T08:04:34.710+00:00,2026-09-21T08:04:35.318+00:00,False,13,12.0,,12.0,299586.493526,300194.952278,300194.952239,23091.919403,0.09497,299586.493526,83076.28209163329,119876.5089896,50.704896,17.687393573160374,0.03997402324369272,53,64,,True,False,Request timeout: 300.0s exceeded,72,59.56268577710819
338,2026-09-21T07:59:35.114+00:00,2026-09-21T08:04:35.053+00:00,2026-09-21T08:04:35.564+00:00,False,11,10.0,,10.0,299939.29308499995,300449.78242899996,300449.78230499994,27313.616573181815,0.06393,299939.29308499995,90419.70961336771,150005.4394135,51.0489344,19.50149096052064,0.03328343232321403,53,64,,True,False,Request timeout: 300.0s exceeded,30,59.56268577710819
341,2026-09-21T07:59:35.138+00:00,2026-09-21T08:04:35.486+00:00,2026-09-21T08:04:35.486+00:00,False,1,0.0,,0.0,300348.23956099997,300348.23956099997,300348.23956099997,300348.23956099997,300348.23956099997,300348.23956099997,nan,300348.23956099997,nan,nan,0.0,53,64,,True,False,"HTTPConnectionPool(host='gpu06', port=9004): Read timed out.",0,59.56268577710819
340,2026-09-21T07:59:35.127+00:00,2026-09-21T08:04:35.630+00:00,2026-09-21T08:04:35.630+00:00,False,1,0.0,,0.0,300503.233185,300503.233185,300503.233185,300503.233185,300503.233185,300503.233185,nan,300503.233185,nan,nan,0.0,53,64,,True,False,"HTTPConnectionPool(host='gpu06', port=9004): Read timed out.",0,59.56268577710819
342,2026-09-21T07:59:35.248+00:00,2026-09-21T08:04:35.651+00:00,2026-09-21T08:04:35.651+00:00,False,1,0.0,,0.0,300403.778035,300403.778035,300403.778035,300403.778035,300403.778035,300403.778035,nan,300403.778035,nan,nan,0.0,53,64,,True,False,"HTTPConnectionPool(host='gpu06', port=9004): Read timed out.",0,59.56268577710819
344,2026-09-21T07:59:35.895+00:00,2026-09-21T08:04:36.023+00:00,2026-09-21T08:04:36.023+00:00,False,1,0.0,,0.0,300128.518147,300128.518147,300128.518147,300128.518147,300128.518147,300128.518147,nan,300128.518147,nan,nan,0.0,53,64,,True,False,"HTTPConnectionPool(host='gpu06', port=9004): Read timed out.",0,59.56268577710819
343,2026-09-21T07:59:35.639+00:00,2026-09-21T08:04:36.038+00:00,2026-09-21T08:04:36.038+00:00,False,1,0.0,,0.0,300399.139908,300399.139908,300399.139908,300399.139908,300399.139908,300399.139908,nan,300399.139908,nan,nan,0.0,53,64,,True,False,"HTTPConnectionPool(host='gpu06', port=9004): Read timed out.",0,59.56268577710819
345,2026-09-21T07:59:35.905+00:00,2026-09-21T08:04:36.162+00:00,2026-09-21T08:04:36.162+00:00,False,1,0.0,,0.0,300257.263717,300257.263717,300257.263717,300257.263717,300257.263717,300257.263717,nan,300257.263717,nan,nan,0.0,53,64,,True,False,"HTTPConnectionPool(host='gpu06', port=9004): Read timed out.",0,59.56268577710819
346,2026-09-21T07:59:36.178+00:00,2026-09-21T08:04:36.308+00:00,2026-09-21T08:04:36.308+00:00,False,1,0.0,,0.0,300129.988094,300129.988094,300129.988094,300129.988094,300129.988094,300129.988094,nan,300129.988094,nan,nan,0.0,53,64,,True,False,"HTTPConnectionPool(host='gpu06', port=9004): Read timed out.",0,59.56268577710819
347,2026-09-21T07:59:36.520+00:00,2026-09-21T08:04:36.624+00:00,2026-09-21T08:04:36.624+00:00,False,1,0.0,,0.0,300104.286445,300104.286445,300104.286445,300104.286445,300104.286445,300104.286445,nan,300104.286445,nan,nan,0.0,53,64,,True,False,"HTTPConnectionPool(host='gpu06', port=9004): Read timed out.",0,59.56268577710819
348,2026-09-21T07:59:36.753+00:00,2026-09-21T08:04:36.857+00:00,2026-09-21T08:04:36.857+00:00,False,1,0.0,,0.0,300104.02145,300104.02145,300104.02145,300104.02145,300104.02145,300104.02145,nan,300104.02145,nan,nan,0.0,53,64,,True,False,"HTTPConnectionPool(host='gpu06', port=9004): Read timed out.",0,59.56268577710819
349,2026-09-21T07:59:36.956+00:00,2026-09-21T08:04:37.058+00:00,2026-09-21T08:04:37.058+00:00,False,1,0.0,,0.0,300101.96015,300101.96015,300101.96015,300101.96015,300101.96015,300101.96015,nan,300101.96015,nan,nan,0.0,53,64,,True,False,"HTTPConnectionPool(host='gpu06', port=9004): Read timed out.",0,59.56268577710819
350,2026-09-21T07:59:37.152+00:00,2026-09-21T08:04:37.253+00:00,2026-09-21T08:04:37.253+00:00,False,1,0.0,,0.0,300101.07607099996,300101.07607099996,300101.07607099996,300101.07607099996,300101.07607099996,300101.07607099996,nan,300101.07607099996,nan,nan,0.0,53,64,,True,False,"HTTPConnectionPool(host='gpu06', port=9004): Read timed out.",0,59.56268577710819
351,2026-09-21T07:59:37.464+00:00,2026-09-21T08:04:37.556+00:00,2026-09-21T08:04:37.556+00:00,False,1,0.0,,0.0,300091.04577499995,300091.04577499995,300091.04577499995,300091.04577499995,300091.04577499995,300091.04577499995,nan,300091.04577499995,nan,nan,0.0,53,64,,True,False,"HTTPConnectionPool(host='gpu06', port=9004): Read timed out.",0,59.56268577710819
352,2026-09-21T07:59:37.735+00:00,2026-09-21T08:04:37.840+00:00,2026-09-21T08:04:37.840+00:00,False,1,0.0,,0.0,300105.03984399996,300105.03984399996,300105.03984399996,300105.03984399996,300105.03984399996,300105.03984399996,nan,300105.03984399996,nan,nan,0.0,53,64,,True,False,"HTTPConnectionPool(host='gpu06', port=9004): Read timed out.",0,59.56268577710819
353,2026-09-21T07:59:38.025+00:00,2026-09-21T08:04:38.080+00:00,2026-09-21T08:04:38.080+00:00,False,1,0.0,,0.0,300055.270083,300055.270083,300055.270083,300055.270083,300055.270083,300055.270083,nan,300055.270083,nan,nan,0.0,53,64,,True,False,TTFT timeout: 300.0s exceeded (TTFT: 300.039s),0,59.56268577710819
354,2026-09-21T07:59:38.285+00:00,2026-09-21T08:04:38.254+00:00,2026-09-21T08:04:38.300+00:00,False,3,2.0,,2.0,299968.37419999996,300014.34079199994,300014.340728,100004.78024266666,0.03521,299968.37419999996,173173.55371956519,269976.1299118,22.983296,32.45332757450379,0.006666347997633223,53,64,,True,False,Request timeout: 300.0s exceeded,2,59.56268577710819
355,2026-09-21T07:59:38.543+00:00,2026-09-21T08:04:38.657+00:00,2026-09-21T08:04:38.657+00:00,False,1,0.0,,0.0,300114.122183,300114.122183,300114.122183,300114.122183,300114.122183,300114.122183,nan,300114.122183,nan,nan,0.0,53,64,,True,False,"HTTPConnectionPool(host='gpu06', port=9004): Read timed out.",0,59.56268577710819
356,2026-09-21T07:59:38.897+00:00,2026-09-21T08:04:38.970+00:00,2026-09-21T08:04:38.970+00:00,False,1,0.0,,0.0,300073.346723,300073.346723,300073.346723,300073.346723,300073.346723,300073.346723,nan,300073.346723,nan,nan,0.0,53,64,,True,False,"HTTPConnectionPool(host='gpu06', port=9004): Read timed out.",0,59.56268577710819
357,2026-09-21T07:59:39.224+00:00,2026-09-21T08:04:39.336+00:00,2026-09-21T08:04:39.336+00:00,False,1,0.0,,0.0,300112.267131,300112.267131,300112.267131,300112.267131,300112.267131,300112.267131,nan,300112.267131,nan,nan,0.0,53,64,,True,False,"HTTPConnectionPool(host='gpu06', port=9004): Read timed out.",0,59.56268577710819
358,2026-09-21T07:59:39.484+00:00,2026-09-21T08:04:39.589+00:00,2026-09-21T08:04:39.589+00:00,False,1,0.0,,0.0,300105.159243,300105.159243,300105.159243,300105.159243,300105.159243,300105.159243,nan,300105.159243,nan,nan,0.0,53,64,,True,False,"HTTPConnectionPool(host='gpu06', port=9004): Read timed out.",0,59.56268577710819
359,2026-09-21T07:59:39.692+00:00,2026-09-21T08:04:39.780+00:00,2026-09-21T08:04:39.780+00:00,False,1,0.0,,0.0,300088.18943300005,300088.18943300005,300088.18943300005,300088.18943300005,300088.18943300005,300088.18943300005,nan,300088.18943300005,nan,nan,0.0,53,64,,True,False,"HTTPConnectionPool(host='gpu06', port=9004): Read timed out.",0,59.56268577710819
360,2026-09-21T07:59:40.033+00:00,2026-09-21T08:04:40.044+00:00,2026-09-21T08:04:40.156+00:00,False,3,2.0,,2.0,300010.831787,300123.58135500003,300123.58128,100041.19376,0.02896,300010.831787,173178.79568334777,270021.0206616,56.374784,79.68507373872143,0.006663921545152786,53,64,,True,False,Request timeout: 300.0s exceeded,8,59.56268577710819
361,2026-09-21T07:59:40.286+00:00,2026-09-21T08:04:40.392+00:00,2026-09-21T08:04:40.392+00:00,False,1,0.0,,0.0,300105.917914,300105.917914,300105.917914,300105.917914,300105.917914,300105.917914,nan,300105.917914,nan,nan,0.0,53,64,,True,False,"HTTPConnectionPool(host='gpu06', port=9004): Read timed out.",0,59.56268577710819
362,2026-09-21T07:59:40.596+00:00,2026-09-21T08:04:40.623+00:00,2026-09-21T08:04:40.623+00:00,False,1,0.0,,0.0,300026.958302,300026.958302,300026.958302,300026.958302,300026.958302,300026.958302,nan,300026.958302,nan,nan,0.0,53,64,,True,False,TTFT timeout: 300.0s exceeded (TTFT: 300.022s),0,59.56268577710819
363,2026-09-21T07:59:40.849+00:00,2026-09-21T08:04:40.947+00:00,2026-09-21T08:04:40.947+00:00,False,1,0.0,,0.0,300098.27824,300098.27824,300098.27824,300098.27824,300098.27824,300098.27824,nan,300098.27824,nan,nan,0.0,53,64,,True,False,"HTTPConnectionPool(host='gpu06', port=9004): Read timed out.",0,59.56268577710819
364,2026-09-21T07:59:41.116+00:00,2026-09-21T08:04:41.217+00:00,2026-09-21T08:04:41.217+00:00,False,1,0.0,,0.0,300101.08444,300101.08444,300101.08444,300101.08444,300101.08444,300101.08444,nan,300101.08444,nan,nan,0.0,53,64,,True,False,"HTTPConnectionPool(host='gpu06', port=9004): Read timed out.",0,59.56268577710819
365,2026-09-21T07:59:41.471+00:00,2026-09-21T08:04:41.534+00:00,2026-09-21T08:04:41.534+00:00,False,1,0.0,,0.0,300062.539719,300062.539719,300062.539719,300062.539719,300062.539719,300062.539719,nan,300062.539719,nan,nan,0.0,53,64,,True,False,"HTTPConnectionPool(host='gpu06', port=9004): Read timed out.",0,59.56268577710819
366,2026-09-21T07:59:41.783+00:00,2026-09-21T08:04:41.890+00:00,2026-09-21T08:04:41.890+00:00,False,1,0.0,,0.0,300106.8709,300106.8709,300106.8709,300106.8709,300106.8709,300106.8709,nan,300106.8709,nan,nan,0.0,53,64,,True,False,"HTTPConnectionPool(host='gpu06', port=9004): Read timed out.",0,59.56268577710819
367,2026-09-21T07:59:42.102+00:00,2026-09-21T08:04:42.193+00:00,2026-09-21T08:04:42.193+00:00,False,1,0.0,,0.0,300091.609554,300091.609554,300091.609554,300091.609554,300091.609554,300091.609554,nan,300091.609554,nan,nan,0.0,53,64,,True,False,TTFT timeout: 300.0s exceeded (TTFT: 300.079s),0,59.56268577710819
368,2026-09-21T07:59:42.301+00:00,2026-09-21T08:04:42.415+00:00,2026-09-21T08:04:42.415+00:00,False,1,0.0,,0.0,300114.523792,300114.523792,300114.523792,300114.523792,300114.523792,300114.523792,nan,300114.523792,nan,nan,0.0,53,64,,True,False,"HTTPConnectionPool(host='gpu06', port=9004): Read timed out.",0,59.56268577710819
369,2026-09-21T07:59:42.537+00:00,2026-09-21T08:04:42.599+00:00,2026-09-21T08:04:42.599+00:00,False,1,0.0,,0.0,300061.303281,300061.303281,300061.303281,300061.303281,300061.303281,300061.303281,nan,300061.303281,nan,nan,0.0,53,64,,True,False,TTFT timeout: 300.0s exceeded (TTFT: 300.048s),0,59.56268577710819
370,2026-09-21T07:59:42.789+00:00,2026-09-21T08:04:42.769+00:00,2026-09-21T08:04:42.840+00:00,False,3,2.0,,2.0,299980.948917,300051.548341,300051.548373,100017.18279099998,0.038450000000000005,299980.948917,173173.70489144113,269989.91012589994,35.299712,49.86702565746917,0.006665521344775922,53,64,,True,False,Request timeout: 300.0s exceeded,24,59.56268577710819
371,2026-09-21T07:59:43.101+00:00,2026-09-21T08:04:43.210+00:00,2026-09-21T08:04:43.210+00:00,False,1,0.0,,0.0,300109.01048299996,300109.01048299996,300109.01048299996,300109.01048299996,300109.01048299996,300109.01048299996,nan,300109.01048299996,nan,nan,0.0,53,64,,True,False,"HTTPConnectionPool(host='gpu06', port=9004): Read timed out.",0,59.56268577710819
372,2026-09-21T07:59:43.425+00:00,2026-09-21T08:04:43.529+00:00,2026-09-21T08:04:43.529+00:00,False,1,0.0,,0.0,300104.303916,300104.303916,300104.303916,300104.303916,300104.303916,300104.303916,nan,300104.303916,nan,nan,0.0,53,64,,True,False,"HTTPConnectionPool(host='gpu06', port=9004): Read timed out.",0,59.56268577710819
373,2026-09-21T07:59:43.705+00:00,2026-09-21T08:04:43.809+00:00,2026-09-21T08:04:43.809+00:00,False,1,0.0,,0.0,300104.280204,300104.280204,300104.280204,300104.280204,300104.280204,300104.280204,nan,300104.280204,nan,nan,0.0,53,64,,True,False,"HTTPConnectionPool(host='gpu06', port=9004): Read timed out.",0,59.56268577710819
374,2026-09-21T07:59:43.939+00:00,2026-09-21T08:04:44.038+00:00,2026-09-21T08:04:44.038+00:00,False,1,0.0,,0.0,300099.405609,300099.405609,300099.405609,300099.405609,300099.405609,300099.405609,nan,300099.405609,nan,nan,0.0,53,64,,True,False,"HTTPConnectionPool(host='gpu06', port=9004): Read timed out.",0,59.56268577710819
375,2026-09-21T07:59:44.134+00:00,2026-09-21T08:04:44.237+00:00,2026-09-21T08:04:44.237+00:00,False,1,0.0,,0.0,300102.80986000004,300102.80986000004,300102.80986000004,300102.80986000004,300102.80986000004,300102.80986000004,nan,300102.80986000004,nan,nan,0.0,53,64,,True,False,TTFT timeout: 300.0s exceeded (TTFT: 300.094s),0,59.56268577710819
376,2026-09-21T07:59:44.439+00:00,2026-09-21T08:04:44.531+00:00,2026-09-21T08:04:44.531+00:00,False,1,0.0,,0.0,300091.889265,300091.889265,300091.889265,300091.889265,300091.889265,300091.889265,nan,300091.889265,nan,nan,0.0,53,64,,True,False,"HTTPConnectionPool(host='gpu06', port=9004): Read timed out.",0,59.56268577710819
377,2026-09-21T07:59:44.694+00:00,2026-09-21T08:04:44.634+00:00,2026-09-21T08:04:44.749+00:00,False,3,2.0,,2.0,299940.16613599996,300054.759928,300054.759759,100018.25325299999,0.03965,299940.16613599996,173137.46479742887,269957.6049197,57.296896,80.97393141092577,0.006665450001459442,53,64,,True,False,Request timeout: 300.0s exceeded,4,59.56268577710819
378,2026-09-21T07:59:44.966+00:00,2026-09-21T08:04:44.920+00:00,2026-09-21T08:04:45.010+00:00,False,4,3.0,,3.0,299953.867435,300044.292779,300044.29288900003,75011.07322225001,0.03339,299953.867435,149961.86476731615,254969.69521915,30.14178133333333,29.6858511720803,0.009998523791984518,53,64,,True,False,Request timeout: 300.0s exceeded,8,59.56268577710819
379,2026-09-21T07:59:45.160+00:00,2026-09-21T08:04:45.263+00:00,2026-09-21T08:04:45.263+00:00,False,1,0.0,,0.0,300103.694527,300103.694527,300103.694527,300103.694527,300103.694527,300103.694527,nan,300103.694527,nan,nan,0.0,53,64,,True,False,"HTTPConnectionPool(host='gpu06', port=9004): Read timed out.",0,59.56268577710819
380,2026-09-21T07:59:45.445+00:00,2026-09-21T08:04:45.883+00:00,2026-09-21T08:04:47.025+00:00,False,19,18.0,,18.0,300438.046684,301580.062428,301580.062624,15872.63487494737,0.14577,300438.046684,68910.66722221184,30199.5561025,63.44531911111111,33.338679235641884,0.05968564319233593,53,64,,True,False,Request timeout: 300.0s exceeded,105,59.56268577710819
381,2026-09-21T07:59:45.728+00:00,2026-09-21T08:04:46.202+00:00,2026-09-21T08:04:47.129+00:00,False,18,17.0,,17.0,300474.601839,301401.539695,301401.539593,16744.52997738889,0.02915,300474.601839,70809.69270416218,45132.53914144999,54.52575623529412,16.00241890976789,0.05640316242977048,53,64,,True,False,Request timeout: 300.0s exceeded,68,59.56268577710819
387,2026-09-21T07:59:47.135+00:00,2026-09-21T08:04:47.300+00:00,2026-09-21T08:04:47.300+00:00,False,1,0.0,,0.0,300165.341928,300165.341928,300165.341928,300165.341928,300165.341928,300165.341928,nan,300165.341928,nan,nan,0.0,53,64,,True,False,"HTTPConnectionPool(host='gpu06', port=9004): Read timed out.",0,59.56268577710819
383,2026-09-21T07:59:46.202+00:00,2026-09-21T08:04:47.352+00:00,2026-09-21T08:04:47.352+00:00,False,1,0.0,,0.0,301149.539347,301149.539347,301149.539347,301149.539347,301149.539347,301149.539347,nan,301149.539347,nan,nan,0.0,53,64,,True,False,"HTTPConnectionPool(host='gpu06', port=9004): Read timed out.",0,59.56268577710819
388,2026-09-21T07:59:47.454+00:00,2026-09-21T08:04:47.472+00:00,2026-09-21T08:04:47.472+00:00,False,1,0.0,,0.0,300018.61577,300018.61577,300018.61577,300018.61577,300018.61577,300018.61577,nan,300018.61577,nan,nan,0.0,53,64,,True,False,"HTTPConnectionPool(host='gpu06', port=9004): Read timed out.",0,59.56268577710819
384,2026-09-21T07:59:46.425+00:00,2026-09-21T08:04:47.529+00:00,2026-09-21T08:04:47.529+00:00,False,1,0.0,,0.0,301103.902487,301103.902487,301103.902487,301103.902487,301103.902487,301103.902487,nan,301103.902487,nan,nan,0.0,53,64,,True,False,"HTTPConnectionPool(host='gpu06', port=9004): Read timed out.",0,59.56268577710819
385,2026-09-21T07:59:46.623+00:00,2026-09-21T08:04:47.675+00:00,2026-09-21T08:04:47.675+00:00,False,1,0.0,,0.0,301052.66770999995,301052.66770999995,301052.66770999995,301052.66770999995,301052.66770999995,301052.66770999995,nan,301052.66770999995,nan,nan,0.0,53,64,,True,False,"HTTPConnectionPool(host='gpu06', port=9004): Read timed out.",0,59.56268577710819
389,2026-09-21T07:59:47.722+00:00,2026-09-21T08:04:47.739+00:00,2026-09-21T08:04:47.739+00:00,False,1,0.0,,0.0,300016.435091,300016.435091,300016.435091,300016.435091,300016.435091,300016.435091,nan,300016.435091,nan,nan,0.0,53,64,,True,False,"HTTPConnectionPool(host='gpu06', port=9004): Read timed out.",0,59.56268577710819
386,2026-09-21T07:59:46.932+00:00,2026-09-21T08:04:48.084+00:00,2026-09-21T08:04:48.084+00:00,False,1,0.0,,0.0,301152.587568,301152.587568,301152.587568,301152.587568,301152.587568,301152.587568,nan,301152.587568,nan,nan,0.0,53,64,,True,False,"HTTPConnectionPool(host='gpu06', port=9004): Read timed out.",0,59.56268577710819
390,2026-09-21T07:59:48.065+00:00,2026-09-21T08:04:48.149+00:00,2026-09-21T08:04:48.149+00:00,False,1,0.0,,0.0,300083.872145,300083.872145,300083.872145,300083.872145,300083.872145,300083.872145,nan,300083.872145,nan,nan,0.0,53,64,,True,False,"HTTPConnectionPool(host='gpu06', port=9004): Read timed out.",0,59.56268577710819
391,2026-09-21T07:59:48.280+00:00,2026-09-21T08:04:48.384+00:00,2026-09-21T08:04:48.384+00:00,False,1,0.0,,0.0,300104.053731,300104.053731,300104.053731,300104.053731,300104.053731,300104.053731,nan,300104.053731,nan,nan,0.0,53,64,,True,False,"HTTPConnectionPool(host='gpu06', port=9004): Read timed out.",0,59.56268577710819
392,2026-09-21T07:59:48.527+00:00,2026-09-21T08:04:48.626+00:00,2026-09-21T08:04:48.626+00:00,False,1,0.0,,0.0,300099.738475,300099.738475,300099.738475,300099.738475,300099.738475,300099.738475,nan,300099.738475,nan,nan,0.0,53,64,,True,False,"HTTPConnectionPool(host='gpu06', port=9004): Read timed out.",0,59.56268577710819
393,2026-09-21T07:59:48.866+00:00,2026-09-21T08:04:48.985+00:00,2026-09-21T08:04:48.985+00:00,False,1,0.0,,0.0,300119.10288300004,300119.10288300004,300119.10288300004,300119.10288300004,300119.10288300004,300119.10288300004,nan,300119.10288300004,nan,nan,0.0,53,64,,True,False,"HTTPConnectionPool(host='gpu06', port=9004): Read timed out.",0,59.56268577710819
382,2026-09-21T07:59:45.946+00:00,2026-09-21T08:04:49.024+00:00,2026-09-21T08:04:49.024+00:00,False,1,0.0,,0.0,303078.795438,303078.795438,303078.795438,303078.795438,303078.795438,303078.795438,nan,303078.795438,nan,nan,0.0,53,64,,True,False,TTFT timeout: 300.0s exceeded (TTFT: 300.019s),0,59.56268577710819
394,2026-09-21T07:59:49.163+00:00,2026-09-21T08:04:49.138+00:00,2026-09-21T08:04:49.284+00:00,False,3,2.0,,2.0,299974.442168,300120.55544799997,300120.555389,100040.18512966666,0.03175,299974.442168,173148.1610810031,269991.60609829996,73.05664,103.27279831408478,0.006663988732842819,53,64,,True,False,Request timeout: 300.0s exceeded,11,59.56268577710819
395,2026-09-21T07:59:49.427+00:00,2026-09-21T08:04:49.407+00:00,2026-09-21T08:04:49.461+00:00,False,3,2.0,,2.0,299979.536619,300033.904875,300033.904835,100011.30161166667,0.046990000000000004,299979.536619,173177.57359249564,269987.01507970004,27.184128,38.37754738324418,0.006665913310141529,53,64,,True,False,Request timeout: 300.0s exceeded,4,59.56268577710819
396,2026-09-21T07:59:49.672+00:00,2026-09-21T08:04:49.778+00:00,2026-09-21T08:04:49.778+00:00,False,1,0.0,,0.0,300105.668104,300105.668104,300105.668104,300105.668104,300105.668104,300105.668104,nan,300105.668104,nan,nan,0.0,53,64,,True,False,"HTTPConnectionPool(host='gpu06', port=9004): Read timed out.",0,59.56268577710819
397,2026-09-21T07:59:49.976+00:00,2026-09-21T08:04:50.081+00:00,2026-09-21T08:04:50.081+00:00,False,1,0.0,,0.0,300104.667678,300104.667678,300104.667678,300104.667678,300104.667678,300104.667678,nan,300104.667678,nan,nan,0.0,53,64,,True,False,"HTTPConnectionPool(host='gpu06', port=9004): Read timed out.",0,59.56268577710819
398,2026-09-21T07:59:50.234+00:00,2026-09-21T08:04:50.339+00:00,2026-09-21T08:04:50.339+00:00,False,1,0.0,,0.0,300105.494321,300105.494321,300105.494321,300105.494321,300105.494321,300105.494321,nan,300105.494321,nan,nan,0.0,53,64,,True,False,"HTTPConnectionPool(host='gpu06', port=9004): Read timed out.",0,59.56268577710819
399,2026-09-21T07:59:50.502+00:00,2026-09-21T08:04:50.610+00:00,2026-09-21T08:04:50.610+00:00,False,1,0.0,,0.0,300108.04766000004,300108.04766000004,300108.04766000004,300108.04766000004,300108.04766000004,300108.04766000004,nan,300108.04766000004,nan,nan,0.0,53,64,,True,False,"HTTPConnectionPool(host='gpu06', port=9004): Read timed out.",0,59.56268577710819
400,2026-09-21T07:59:50.803+00:00,2026-09-21T08:04:50.904+00:00,2026-09-21T08:04:50.904+00:00,False,1,0.0,,0.0,300101.325186,300101.325186,300101.325186,300101.325186,300101.325186,300101.325186,nan,300101.325186,nan,nan,0.0,53,64,,True,False,TTFT timeout: 300.0s exceeded (TTFT: 300.095s),0,59.56268577710819
401,2026-09-21T07:59:51.067+00:00,2026-09-21T08:04:51.074+00:00,2026-09-21T08:04:51.074+00:00,False,1,0.0,,0.0,300006.90544199996,300006.90544199996,300006.90544199996,300006.90544199996,300006.90544199996,300006.90544199996,nan,300006.90544199996,nan,nan,0.0,53,64,,True,False,TTFT timeout: 300.0s exceeded (TTFT: 300.002s),0,59.56268577710819
402,2026-09-21T07:59:51.352+00:00,2026-09-21T08:04:51.338+00:00,2026-09-21T08:04:51.463+00:00,False,3,2.0,,2.0,299986.05438,300110.564076,300110.564153,100036.85471766666,0.024820000000000002,299986.05438,173161.09755596638,269999.89743729995,62.254848,88.0065326138947,0.006664210592378614,53,64,,True,False,Request timeout: 300.0s exceeded,8,59.56268577710819
403,2026-09-21T07:59:51.561+00:00,2026-09-21T08:04:51.566+00:00,2026-09-21T08:04:51.610+00:00,False,3,2.0,,2.0,300004.821009,300049.338897,300049.339126,100016.44637533334,0.037450000000000004,300004.821009,173195.0143198751,270008.7869748,22.258944,31.426042842795972,0.006665570427024183,53,64,,True,False,Request timeout: 300.0s exceeded,4,59.56268577710819
404,2026-09-21T07:59:51.858+00:00,2026-09-21T08:04:51.948+00:00,2026-09-21T08:04:51.948+00:00,False,1,0.0,,0.0,300089.943059,300089.943059,300089.943059,300089.943059,300089.943059,300089.943059,nan,300089.943059,nan,nan,0.0,53,64,,True,False,"HTTPConnectionPool(host='gpu06', port=9004): Read timed out.",0,59.56268577710819
405,2026-09-21T07:59:52.068+00:00,2026-09-21T08:04:52.093+00:00,2026-09-21T08:04:52.093+00:00,False,1,0.0,,0.0,300025.619371,300025.619371,300025.619371,300025.619371,300025.619371,300025.619371,nan,300025.619371,nan,nan,0.0,53,64,,True,False,"HTTPConnectionPool(host='gpu06', port=9004): Read timed out.",0,59.56268577710819
406,2026-09-21T07:59:52.338+00:00,2026-09-21T08:04:52.382+00:00,2026-09-21T08:04:52.382+00:00,False,1,0.0,,0.0,300043.39493999997,300043.39493999997,300043.39493999997,300043.39493999997,300043.39493999997,300043.39493999997,nan,300043.39493999997,nan,nan,0.0,53,64,,True,False,"HTTPConnectionPool(host='gpu06', port=9004): Read timed out.",0,59.56268577710819
407,2026-09-21T07:59:52.639+00:00,2026-09-21T08:04:52.721+00:00,2026-09-21T08:04:52.721+00:00,False,1,0.0,,0.0,300082.27532300004,300082.27532300004,300082.27532300004,300082.27532300004,300082.27532300004,300082.27532300004,nan,300082.27532300004,nan,nan,0.0,53,64,,True,False,TTFT timeout: 300.0s exceeded (TTFT: 300.078s),0,59.56268577710819
408,2026-09-21T07:59:54.175+00:00,2026-09-21T08:04:52.867+00:00,2026-09-21T08:04:54.327+00:00,False,22,21.0,,21.0,298691.30284899997,300151.82150499994,300151.82152,13643.264614545453,0.03413,298691.30284899997,63666.40129824463,320.42264869999997,69.54850742857143,62.64610018094248,0.06996459290069702,53,64,,True,False,Request timeout: 300.0s exceeded,63,59.56268577710819
412,2026-09-21T07:59:54.206+00:00,2026-09-21T08:04:52.867+00:00,2026-09-21T08:04:54.509+00:00,False,25,24.0,,24.0,298661.026176,300303.154816,300303.154866,12012.12619464,0.0258,298661.026176,59718.548761887745,286.12902080000003,68.42202666666667,59.00186039115905,0.0799192403246817,53,64,,True,False,Request timeout: 300.0s exceeded,240,59.56268577710819
410,2026-09-21T07:59:54.191+00:00,2026-09-21T08:04:53.799+00:00,2026-09-21T08:04:54.635+00:00,False,16,15.0,,15.0,299607.71318,300443.66044400004,300443.660479,18777.7287799375,0.03149,299607.71318,74887.99783441712,74956.91766125002,55.729817600000004,17.88994309888559,0.04992616578373722,53,64,,True,False,Request timeout: 300.0s exceeded,89,59.56268577710819
413,2026-09-21T07:59:54.357+00:00,2026-09-21T08:04:53.873+00:00,2026-09-21T08:04:54.687+00:00,False,16,15.0,,15.0,299516.16876200004,300330.12793,300330.127892,18770.63299325,0.02308,299516.16876200004,74865.47807279097,74933.34014750001,54.26394453333333,17.310201480515232,0.0499450391586959,53,64,,True,False,Request timeout: 300.0s exceeded,75,59.56268577710819
411,2026-09-21T07:59:54.196+00:00,2026-09-21T08:04:55.072+00:00,2026-09-21T08:04:55.072+00:00,False,1,0.0,,0.0,300876.059172,300876.059172,300876.059172,300876.059172,300876.059172,300876.059172,nan,300876.059172,nan,nan,0.0,53,64,,True,False,"HTTPConnectionPool(host='gpu06', port=9004): Read timed out.",0,59.56268577710819
409,2026-09-21T07:59:54.186+00:00,2026-09-21T08:04:55.136+00:00,2026-09-21T08:04:55.199+00:00,False,3,2.0,,2.0,300950.158759,301012.853927,301012.854045,100337.618015,0.06613,300950.158759,173735.5594182013,270861.40579870006,31.347584,44.23877246306222,0.0066442345365259016,53,64,,True,False,Request timeout: 300.0s exceeded,11,59.56268577710819
415,2026-09-21T07:59:54.906+00:00,2026-09-21T08:04:55.163+00:00,2026-09-21T08:04:55.163+00:00,False,1,0.0,,0.0,300257.68542500003,300257.68542500003,300257.68542500003,300257.68542500003,300257.68542500003,300257.68542500003,nan,300257.68542500003,nan,nan,0.0,53,64,,True,False,"HTTPConnectionPool(host='gpu06', port=9004): Read timed out.",0,59.56268577710819
414,2026-09-21T07:59:54.490+00:00,2026-09-21T08:04:55.257+00:00,2026-09-21T08:04:55.257+00:00,False,1,0.0,,0.0,300767.059445,300767.059445,300767.059445,300767.059445,300767.059445,300767.059445,nan,300767.059445,nan,nan,0.0,53,64,,True,False,"HTTPConnectionPool(host='gpu06', port=9004): Read timed out.",0,59.56268577710819
416,2026-09-21T07:59:54.984+00:00,2026-09-21T08:04:55.408+00:00,2026-09-21T08:04:55.408+00:00,False,1,0.0,,0.0,300424.299663,300424.299663,300424.299663,300424.299663,300424.299663,300424.299663,nan,300424.299663,nan,nan,0.0,53,64,,True,False,"HTTPConnectionPool(host='gpu06', port=9004): Read timed out.",0,59.56268577710819
417,2026-09-21T07:59:55.309+00:00,2026-09-21T08:04:55.506+00:00,2026-09-21T08:04:55.506+00:00,False,1,0.0,,0.0,300196.721278,300196.721278,300196.721278,300196.721278,300196.721278,300196.721278,nan,300196.721278,nan,nan,0.0,53,64,,True,False,"HTTPConnectionPool(host='gpu06', port=9004): Read timed out.",0,59.56268577710819
418,2026-09-21T07:59:55.544+00:00,2026-09-21T08:04:55.716+00:00,2026-09-21T08:04:55.716+00:00,False,1,0.0,,0.0,300171.967725,300171.967725,300171.967725,300171.967725,300171.967725,300171.967725,nan,300171.967725,nan,nan,0.0,53,64,,True,False,"HTTPConnectionPool(host='gpu06', port=9004): Read timed out.",0,59.56268577710819
419,2026-09-21T07:59:55.783+00:00,2026-09-21T08:04:55.890+00:00,2026-09-21T08:04:55.890+00:00,False,1,0.0,,0.0,300106.726562,300106.726562,300106.726562,300106.726562,300106.726562,300106.726562,nan,300106.726562,nan,nan,0.0,53,64,,True,False,"HTTPConnectionPool(host='gpu06', port=9004): Read timed out.",0,59.56268577710819
420,2026-09-21T07:59:56.087+00:00,2026-09-21T08:04:56.194+00:00,2026-09-21T08:04:56.194+00:00,False,1,0.0,,0.0,300107.10049800004,300107.10049800004,300107.10049800004,300107.10049800004,300107.10049800004,300107.10049800004,nan,300107.10049800004,nan,nan,0.0,53,64,,True,False,"HTTPConnectionPool(host='gpu06', port=9004): Read timed out.",0,59.56268577710819
421,2026-09-21T07:59:56.296+00:00,2026-09-21T08:04:56.400+00:00,2026-09-21T08:04:56.400+00:00,False,1,0.0,,0.0,300104.526676,300104.526676,300104.526676,300104.526676,300104.526676,300104.526676,nan,300104.526676,nan,nan,0.0,53,64,,True,False,"HTTPConnectionPool(host='gpu06', port=9004): Read timed out.",0,59.56268577710819
422,2026-09-21T07:59:56.592+00:00,2026-09-21T08:04:56.704+00:00,2026-09-21T08:04:56.704+00:00,False,1,0.0,,0.0,300112.16914099996,300112.16914099996,300112.16914099996,300112.16914099996,300112.16914099996,300112.16914099996,nan,300112.16914099996,nan,nan,0.0,53,64,,True,False,"HTTPConnectionPool(host='gpu06', port=9004): Read timed out.",0,59.56268577710819
423,2026-09-21T07:59:56.951+00:00,2026-09-21T08:04:56.918+00:00,2026-09-21T08:04:57.188+00:00,False,3,2.0,,2.0,299967.290277,300237.014693,300237.014721,100079.004907,0.03496,299967.290277,173108.3855551472,269997.53019769996,134.862208,190.67436430712178,0.006661403831386517,53,64,,True,False,Request timeout: 300.0s exceeded,11,59.56268577710819
424,2026-09-21T07:59:57.243+00:00,2026-09-21T08:04:57.350+00:00,2026-09-21T08:04:57.350+00:00,False,1,0.0,,0.0,300106.817635,300106.817635,300106.817635,300106.817635,300106.817635,300106.817635,nan,300106.817635,nan,nan,0.0,53,64,,True,False,"HTTPConnectionPool(host='gpu06', port=9004): Read timed out.",0,59.56268577710819
425,2026-09-21T07:59:57.443+00:00,2026-09-21T08:04:57.447+00:00,2026-09-21T08:04:57.500+00:00,False,3,2.0,,2.0,300003.577582,300057.12202999997,300057.122059,100019.04068633333,0.03748,300003.577582,173191.69137917098,270008.5705235,26.772224,37.80842259091125,0.006665397529874456,53,64,,True,False,Request timeout: 300.0s exceeded,4,59.56268577710819
426,2026-09-21T07:59:57.740+00:00,2026-09-21T08:04:57.841+00:00,2026-09-21T08:04:57.841+00:00,False,1,0.0,,0.0,300101.29914099997,300101.29914099997,300101.29914099997,300101.29914099997,300101.29914099997,300101.29914099997,nan,300101.29914099997,nan,nan,0.0,53,64,,True,False,"HTTPConnectionPool(host='gpu06', port=9004): Read timed out.",0,59.56268577710819
427,2026-09-21T07:59:58.086+00:00,2026-09-21T08:04:58.198+00:00,2026-09-21T08:04:58.198+00:00,False,1,0.0,,0.0,300111.389879,300111.389879,300111.389879,300111.389879,300111.389879,300111.389879,nan,300111.389879,nan,nan,0.0,53,64,,True,False,TTFT timeout: 300.0s exceeded (TTFT: 300.098s),0,59.56268577710819
428,2026-09-21T07:59:58.426+00:00,2026-09-21T08:04:58.545+00:00,2026-09-21T08:04:58.545+00:00,False,1,0.0,,0.0,300118.504098,300118.504098,300118.504098,300118.504098,300118.504098,300118.504098,nan,300118.504098,nan,nan,0.0,53,64,,True,False,"HTTPConnectionPool(host='gpu06', port=9004): Read timed out.",0,59.56268577710819
429,2026-09-21T07:59:58.659+00:00,2026-09-21T08:04:58.749+00:00,2026-09-21T08:04:58.749+00:00,False,1,0.0,,0.0,300090.286305,300090.286305,300090.286305,300090.286305,300090.286305,300090.286305,nan,300090.286305,nan,nan,0.0,53,64,,True,False,"HTTPConnectionPool(host='gpu06', port=9004): Read timed out.",0,59.56268577710819
430,2026-09-21T07:59:58.956+00:00,2026-09-21T08:04:59.021+00:00,2026-09-21T08:04:59.021+00:00,False,1,0.0,,0.0,300064.256022,300064.256022,300064.256022,300064.256022,300064.256022,300064.256022,nan,300064.256022,nan,nan,0.0,53,64,,True,False,"HTTPConnectionPool(host='gpu06', port=9004): Read timed out.",0,59.56268577710819
431,2026-09-21T07:59:59.206+00:00,2026-09-21T08:04:59.214+00:00,2026-09-21T08:04:59.214+00:00,False,1,0.0,,0.0,300008.034148,300008.034148,300008.034148,300008.034148,300008.034148,300008.034148,nan,300008.034148,nan,nan,0.0,53,64,,True,False,TTFT timeout: 300.0s exceeded (TTFT: 300.003s),0,59.56268577710819
432,2026-09-21T07:59:59.401+00:00,2026-09-21T08:04:59.373+00:00,2026-09-21T08:04:59.434+00:00,False,3,2.0,,2.0,299972.103571,300033.400211,300033.400368,100011.133456,0.02104,299972.103571,173171.2825933735,269981.0207896,30.64832,43.31358263684924,0.006665924522381474,53,64,,True,False,Request timeout: 300.0s exceeded,11,59.56268577710819
433,2026-09-21T07:59:59.595+00:00,2026-09-21T08:04:59.640+00:00,2026-09-21T08:04:59.640+00:00,False,1,0.0,,0.0,300045.032718,300045.032718,300045.032718,300045.032718,300045.032718,300045.032718,nan,300045.032718,nan,nan,0.0,53,64,,True,False,"HTTPConnectionPool(host='gpu06', port=9004): Read timed out.",0,59.56268577710819
434,2026-09-21T07:59:59.845+00:00,2026-09-21T08:04:59.951+00:00,2026-09-21T08:04:59.951+00:00,False,1,0.0,,0.0,300105.965187,300105.965187,300105.965187,300105.965187,300105.965187,300105.965187,nan,300105.965187,nan,nan,0.0,53,64,,True,False,"HTTPConnectionPool(host='gpu06', port=9004): Read timed out.",0,59.56268577710819
435,2026-09-21T08:00:00.184+00:00,2026-09-21T08:05:00.289+00:00,2026-09-21T08:05:00.289+00:00,False,1,0.0,,0.0,300104.78890600003,300104.78890600003,300104.78890600003,300104.78890600003,300104.78890600003,300104.78890600003,nan,300104.78890600003,nan,nan,0.0,53,64,,True,False,"HTTPConnectionPool(host='gpu06', port=9004): Read timed out.",0,59.56268577710819
436,2026-09-21T08:00:00.504+00:00,2026-09-21T08:05:00.606+00:00,2026-09-21T08:05:00.606+00:00,False,1,0.0,,0.0,300102.634159,300102.634159,300102.634159,300102.634159,300102.634159,300102.634159,nan,300102.634159,nan,nan,0.0,53,64,,True,False,"HTTPConnectionPool(host='gpu06', port=9004): Read timed out.",0,59.56268577710819
437,2026-09-21T08:00:00.772+00:00,2026-09-21T08:05:00.876+00:00,2026-09-21T08:05:00.876+00:00,False,1,0.0,,0.0,300103.687199,300103.687199,300103.687199,300103.687199,300103.687199,300103.687199,nan,300103.687199,nan,nan,0.0,53,64,,True,False,"HTTPConnectionPool(host='gpu06', port=9004): Read timed out.",0,59.56268577710819
438,2026-09-21T08:00:01.035+00:00,2026-09-21T08:05:01.167+00:00,2026-09-21T08:05:02.970+00:00,False,29,28.0,,28.0,300131.508658,301935.02533,301935.025307,10411.552596793103,0.0217,300131.508658,55721.07212830268,175.5713008,64.41130971428572,35.67145827602602,0.09273518356937024,53,64,,True,False,Request timeout: 300.0s exceeded,101,59.56268577710819
439,2026-09-21T08:00:01.345+00:00,2026-09-21T08:05:01.383+00:00,2026-09-21T08:05:02.967+00:00,False,28,27.0,,27.0,300038.004217,301622.558457,301622.558331,10772.234226107143,0.03082,300038.004217,56690.76538369535,109.15726885,58.68719407407407,19.248338681200224,0.08951585099643394,53,64,,True,False,Request timeout: 300.0s exceeded,54,59.56268577710819
440,2026-09-21T08:00:01.660+00:00,2026-09-21T08:05:02.174+00:00,2026-09-21T08:05:02.347+00:00,True,4,4.0,,4.0,300514.073622,300687.605014,300687.605141,75171.90128525,54.523257,300514.073622,150228.11492302353,255446.2582971,57.843797333333335,3.7891689362715586,0.01330284299485428,53,64,,True,True,,14,59.56268577710819
441,2026-09-21T08:00:01.964+00:00,2026-09-21T08:05:02.969+00:00,2026-09-21T08:05:03.069+00:00,False,4,3.0,,3.0,301005.215416,301105.232056,301105.23203,75276.3080075,0.04482,301005.215416,150485.94019199265,255862.82187714998,33.33888,29.438876326660026,0.009963294159704457,53,64,,True,False,Request timeout: 300.0s exceeded,16,59.56268577710819
442,2026-09-21T08:00:02.214+00:00,2026-09-21T08:05:03.386+00:00,2026-09-21T08:05:03.386+00:00,False,1,0.0,,0.0,301172.659119,301172.659119,301172.659119,301172.659119,301172.659119,301172.659119,nan,301172.659119,nan,nan,0.0,53,64,,True,False,"HTTPConnectionPool(host='gpu06', port=9004): Read timed out.",0,59.56268577710819
0,2026-09-21T07:58:02.309+00:00,2026-09-21T07:58:02.578+00:00,2026-09-21T07:58:03.164+00:00,True,16,16.0,,16.0,268.617048,854.975576,854.9756070000001,53.435975437500005,0.01789,268.617048,81.23427996760576,249.844884,39.09056853333333,59.519148839755466,18.71398487762181,54,64,,False,True,,20,59.56268577710819
2,2026-09-21T07:58:02.798+00:00,2026-09-21T07:58:04.432+00:00,2026-09-21T07:58:04.762+00:00,True,7,7.0,,7.0,1634.3238000000001,1964.8548720000001,1964.854822,280.693546,45.179983,1634.3238000000001,596.9563097808145,1164.9467445,55.088512,9.3843953441482,3.5626040883491776,54,64,,False,True,,21,59.56268577710819
1,2026-09-21T07:58:02.570+00:00,2026-09-21T07:58:05.905+00:00,2026-09-21T07:58:09.411+00:00,True,57,57.0,,57.0,3334.572125,6840.693341,6840.693392,120.01216477192983,36.576254,3334.572125,433.5292952890816,78.11535599999999,62.60930742857143,11.399934639956033,8.332488705255646,54,64,,False,True,,228,59.56268577710819
5,2026-09-21T07:58:03.711+00:00,2026-09-21T07:58:06.417+00:00,2026-09-21T07:58:07.917+00:00,True,26,26.0,,26.0,2705.649812,4205.425044,4205.42522,161.74712384615384,42.751664,2705.649812,518.9429537863356,77.0520855,59.99100928,9.674291041042386,6.182490408929043,54,64,,False,True,,199,59.56268577710819
3,2026-09-21T07:58:03.184+00:00,2026-09-21T07:58:09.171+00:00,2026-09-21T07:58:12.496+00:00,True,53,53.0,,53.0,5986.870054999999,9311.555623,9311.555631,175.68972888679244,45.479835,5986.870054999999,813.6370272275461,78.5635046,63.93626092307692,9.935757025650442,5.691852376319097,54,64,,False,True,,291,59.56268577710819
6,2026-09-21T07:58:04.086+00:00,2026-09-21T07:58:10.054+00:00,2026-09-21T07:58:10.115+00:00,True,2,2.0,,2.0,5967.900487,6029.527111,6029.527163,3014.7635815,61.626675999999996,5967.900487,4176.366263302613,5672.58679645,61.626624,nan,0.3317009714329486,54,64,,False,True,,8,59.56268577710819
7,2026-09-21T07:58:04.491+00:00,2026-09-21T07:58:12.280+00:00,2026-09-21T07:58:15.870+00:00,True,58,58.0,,58.0,7789.23578,11378.509635999999,11378.509523,196.18119867241379,0.016800000000000002,7789.23578,1015.8230977852038,82.84922215000002,62.969716771929825,52.12356181100706,5.097328372117925,54,64,,False,True,,261,59.56268577710819
8,2026-09-21T07:58:04.769+00:00,2026-09-21T07:58:13.691+00:00,2026-09-21T07:58:16.691+00:00,True,50,50.0,,50.0,8922.655459000001,11922.660067,11922.660130000002,238.45320260000003,36.879254,8922.655459000001,1253.2372066536475,81.42902495,61.224583836734695,10.321219088517337,4.193695007575695,54,64,,False,True,,187,59.56268577710819
4,2026-09-21T07:58:03.478+00:00,2026-09-21T07:58:14.517+00:00,2026-09-21T07:58:19.705+00:00,True,85,85.0,,85.0,11038.88108,16226.574904,16226.574729,190.90087916470588,38.470104,11038.88108,1190.6841524696047,79.92896480000002,61.75825980952381,10.756901530231243,5.238320502193394,54,64,,False,True,,935,59.56268577710819
9,2026-09-21T07:58:05.185+00:00,2026-09-21T07:58:16.630+00:00,2026-09-21T07:58:17.696+00:00,True,19,19.0,,19.0,11444.861306,12510.539642,12510.539767,658.4494614210527,46.118584999999996,11444.861306,2612.062059271453,1210.6801649000001,59.204352,8.549760398085441,1.5187194592480875,54,64,,False,True,,96,59.56268577710819
10,2026-09-21T07:58:05.450+00:00,2026-09-21T07:58:18.083+00:00,2026-09-21T07:58:23.787+00:00,True,84,84.0,,84.0,12633.432709,18337.873285,18337.873351000002,218.30801608333334,0.0,12633.432709,1372.4042201908962,93.66920185,68.72819971084337,64.16197018027216,4.580683850002948,54,64,,False,True,,252,59.56268577710819
11,2026-09-21T07:58:05.702+00:00,2026-09-21T07:58:19.460+00:00,2026-09-21T07:58:23.322+00:00,True,56,56.0,,56.0,13757.898294999999,17619.871542999997,17619.871686,314.64056582142854,0.02777,13757.898294999999,1830.1133578606755,91.12715225,70.21769541818182,61.65940828692743,3.178229754021539,54,64,,False,True,,336,59.56268577710819
12,2026-09-21T07:58:06.020+00:00,2026-09-21T07:58:21.051+00:00,2026-09-21T07:58:21.144+00:00,True,2,2.0,,2.0,15031.032048000001,15123.919088,15123.919227,7561.9596135,92.887179,15031.032048000001,10562.863535216931,14284.12480455,92.88704,nan,0.13224085558530196,54,64,,False,True,,12,59.56268577710819
13,2026-09-21T07:58:06.389+00:00,2026-09-21T07:58:22.663+00:00,2026-09-21T07:58:23.790+00:00,True,14,14.0,,14.0,16274.563880000002,17400.827944,17400.827977,1242.9162840714287,0.0,16274.563880000002,4329.25095886051,6007.32340235,86.63569723076924,163.3371331134337,0.8045594178078955,54,64,,False,True,,22,59.56268577710819
14,2026-09-21T07:58:06.752+00:00,2026-09-21T07:58:24.702+00:00,2026-09-21T07:58:24.849+00:00,True,3,3.0,,3.0,17949.992964,18096.174596,18096.174659,6032.058219666667,67.620327,17949.992964,10321.235698996283,16162.8498044,73.090816,7.736404381273771,0.16578089386157466,54,64,,False,True,,6,59.56268577710819
15,2026-09-21T07:58:07.082+00:00,2026-09-21T07:58:26.534+00:00,2026-09-21T07:58:30.916+00:00,True,67,67.0,,67.0,19451.829619,23833.958515,23833.958654000002,355.73072617910447,0.0,19451.829619,2369.3079767008753,81.8297567,66.39589236363636,69.36850598051828,2.811115071708851,54,64,,False,True,,67,59.56268577710819
16,2026-09-21T07:58:07.495+00:00,2026-09-21T07:58:28.944+00:00,2026-09-21T07:58:29.675+00:00,True,13,13.0,,13.0,21448.142667,22179.947851,22179.947823,1706.1498325384616,48.989875,21448.142667,5931.73729508261,8625.134565600001,60.98376533333334,9.294364403269185,0.5861149939274489,54,64,,False,True,,46,59.56268577710819
17,2026-09-21T07:58:07.853+00:00,2026-09-21T07:58:30.913+00:00,2026-09-21T07:58:36.517+00:00,True,90,90.0,,90.0,23059.620544,28663.476672,28663.476456,318.48307173333336,0.0,23059.620544,2425.968824804312,79.6514465,62.96467559550562,96.75350610766604,3.139884286539349,54,64,,False,True,,103,59.56268577710819
18,2026-09-21T07:58:08.198+00:00,2026-09-21T07:58:32.520+00:00,2026-09-21T07:58:33.869+00:00,True,22,22.0,,22.0,24322.235896000002,25670.513400000003,25670.513416,1166.841518909091,0.01595,24322.235896000002,5173.221927135218,559.52917585,64.20369066666666,122.96842797803222,0.8570144140553105,54,64,,False,True,,102,59.56268577710819
19,2026-09-21T07:58:08.469+00:00,2026-09-21T07:58:33.869+00:00,2026-09-21T07:58:35.367+00:00,True,22,22.0,,22.0,25400.603717,26898.627397,26898.627582,1222.6648900909092,0.0,25400.603717,5401.410133525321,539.4644595,71.33446095238095,116.26211016955877,0.8178855997110714,54,64,,False,True,,154,59.56268577710819
20,2026-09-21T07:58:08.737+00:00,2026-09-21T07:58:35.385+00:00,2026-09-21T07:58:40.991+00:00,True,92,92.0,,92.0,26647.836197,32254.356517,32254.356569,350.59083227173915,0.0,26647.836197,2772.5250101546712,78.8508125,61.610113406593406,63.50225393561453,2.8523278693069085,54,64,,False,True,,92,59.56268577710819
21,2026-09-21T07:58:09.083+00:00,2026-09-21T07:58:36.889+00:00,2026-09-21T07:58:41.878+00:00,True,80,80.0,,80.0,27805.649017,32794.346617,32794.346685,409.9293335625,0.0,27805.649017,3102.4134048056067,78.36465605,63.14807088607595,66.67626004721069,2.439444851099105,54,64,,False,True,,419,59.56268577710819
22,2026-09-21T07:58:09.479+00:00,2026-09-21T07:58:38.706+00:00,2026-09-21T07:58:43.572+00:00,True,66,66.0,,66.0,29227.145035,34093.435979,34093.43586,516.56721,0.0,29227.145035,3590.326078029354,80.614448,74.86601452307693,118.57960405246851,1.9358565103456569,54,64,,False,True,,429,59.56268577710819
23,2026-09-21T07:58:09.728+00:00,2026-09-21T07:58:40.544+00:00,2026-09-21T07:58:42.010+00:00,True,29,29.0,,29.0,30816.095940000003,32281.629636,32281.629652000003,1113.1596431724138,0.0,30816.095940000003,5712.739005387401,77.15957359999999,52.340489142857145,25.06735514498996,0.8983437430822769,54,64,,False,True,,152,59.56268577710819
24,2026-09-21T07:58:09.973+00:00,2026-09-21T07:58:41.635+00:00,2026-09-21T07:58:47.971+00:00,True,100,100.0,,100.0,31662.246777,37998.075257000004,37998.075195,379.98075195,0.0,31662.246777,3161.3507000454333,79.23782154999999,63.99826747474747,98.7095807592011,2.6317122465716998,54,64,,False,True,,303,59.56268577710819
25,2026-09-21T07:58:10.358+00:00,2026-09-21T07:58:43.565+00:00,2026-09-21T07:58:48.542+00:00,True,80,80.0,,80.0,33207.636407,38183.865783,38183.865924,477.29832404999996,0.0,33207.636407,3706.5567747443138,76.81041450000002,62.990245265822786,80.94096448403607,2.095125738568281,54,64,,False,True,,240,59.56268577710819
26,2026-09-21T07:58:10.761+00:00,2026-09-21T07:58:45.636+00:00,2026-09-21T07:58:49.722+00:00,True,64,64.0,,64.0,34874.568391,38961.186247,38961.186356,608.7685368125,0.0,34874.568391,4352.114197405513,82.155389,64.8669500952381,89.29027668378886,1.6426604568521828,54,64,,False,True,,229,59.56268577710819
27,2026-09-21T07:58:11.155+00:00,2026-09-21T07:58:47.576+00:00,2026-09-21T07:58:53.888+00:00,True,98,98.0,,98.0,36421.734061999996,42733.318318,42733.31821699999,436.05426752040813,0.0,36421.734061999996,3674.13831760068,78.36962,65.06787892783505,107.62651340225833,2.293292537470013,54,64,,False,True,,196,59.56268577710819
28,2026-09-21T07:58:11.508+00:00,2026-09-21T07:58:49.075+00:00,2026-09-21T07:58:53.676+00:00,True,59,59.0,,59.0,37567.047061,42168.653204999995,42168.653018,714.7229325084745,0.0,37567.047061,4882.363783598636,82.3187441,79.33803696551723,136.65237772002305,1.3991435703003263,54,64,,False,True,,295,59.56268577710819
29,2026-09-21T07:58:11.773+00:00,2026-09-21T07:58:50.586+00:00,2026-09-21T07:58:53.682+00:00,True,39,39.0,,39.0,38812.563339,41908.986763,41908.986621000004,1074.5894005384616,0.0,38812.563339,6204.24110241209,191.6859074,81.48482694736843,171.37431945036107,0.9305879958527595,54,64,,False,True,,39,59.56268577710819
30,2026-09-21T07:58:12.005+00:00,2026-09-21T07:58:51.902+00:00,2026-09-21T07:58:57.783+00:00,True,94,94.0,,94.0,39896.506671999996,45777.87089599999,45777.870843,486.99862598936164,0.0,39896.506671999996,4109.881528285839,79.07012749999998,63.24047552688172,107.60785173244166,2.0533938813701704,54,64,,False,True,,469,59.56268577710819
31,2026-09-21T07:58:12.383+00:00,2026-09-21T07:58:53.789+00:00,2026-09-21T07:58:55.433+00:00,True,29,29.0,,29.0,41406.627939000005,43050.596451000005,43050.59646000001,1484.5033262068966,0.06531,41406.627939000005,7678.133555900541,85.01568520000001,58.71316114285714,17.182002891332854,0.6736259747993891,54,64,,False,True,,29,59.56268577710819
32,2026-09-21T07:58:12.623+00:00,2026-09-21T07:58:55.016+00:00,2026-09-21T07:58:58.032+00:00,True,49,49.0,,49.0,42392.526631,45408.442919,45408.442754,926.7029133469388,41.484754,42392.526631,6047.10858765031,78.84711000000001,62.83158933333333,10.715123935609004,1.0790944778134466,54,64,,False,True,,384,59.56268577710819
33,2026-09-21T07:58:13.130+00:00,2026-09-21T07:58:56.541+00:00,2026-09-21T07:58:59.498+00:00,True,48,48.0,,48.0,43410.998648,46368.347768,46368.347905,966.0072480208333,36.525684,43410.998648,6256.764136503868,78.311849,62.92232170212766,10.27220192838892,1.0351889232750717,54,64,,False,True,,288,59.56268577710819
34,2026-09-21T07:58:13.248+00:00,2026-09-21T07:58:58.559+00:00,2026-09-21T07:59:03.887+00:00,True,86,86.0,,86.0,45310.483263999995,50639.01702399999,50639.01693799999,588.8257783488372,0.0,45310.483263999995,4880.120667511846,78.861923,62.68863247058824,95.60169687187131,1.6982952089935106,54,64,,False,True,,774,59.56268577710819
35,2026-09-21T07:58:13.545+00:00,2026-09-21T07:59:00.118+00:00,2026-09-21T07:59:05.682+00:00,True,88,88.0,,88.0,46573.298266000005,52136.74684200001,52136.74692400001,592.4630332272728,0.0,46573.298266000005,4959.833811957017,83.37956264999998,63.94768478160919,138.80678622530849,1.6878690238706933,54,64,,False,True,,968,59.56268577710819
36,2026-09-21T07:58:13.937+00:00,2026-09-21T07:59:02.117+00:00,2026-09-21T07:59:05.868+00:00,True,61,61.0,,61.0,48180.268433,51931.226512999994,51931.226692,851.331585114754,0.01517,48180.268433,6161.826199310247,127.368033,62.515968,110.77992264616279,1.17463045061587,54,64,,False,True,,305,59.56268577710819
37,2026-09-21T07:58:14.323+00:00,2026-09-21T07:59:04.276+00:00,2026-09-21T07:59:05.933+00:00,True,27,27.0,,27.0,49953.421767,51610.197447,51610.197399,1911.4887925555556,0.016030000000000003,49953.421767,9602.64411882432,630.6759222000001,63.722141538461536,165.22958141519902,0.5231524259857188,54,64,,False,True,,0,59.56268577710819
38,2026-09-21T07:58:14.702+00:00,2026-09-21T07:59:06.255+00:00,2026-09-21T07:59:06.807+00:00,True,10,10.0,,10.0,51552.306562,52104.154497999996,52104.15438,5210.415438,40.943374000000006,51552.306562,16282.88502339056,28388.924084199996,61.31643733333333,12.466616286622767,0.19192327553043484,54,64,,False,True,,48,59.56268577710819
39,2026-09-21T07:58:14.954+00:00,2026-09-21T07:59:07.472+00:00,2026-09-21T07:59:09.035+00:00,True,25,25.0,,25.0,52517.940343,54081.269623,54081.269695,2163.2507878,42.408555,52517.940343,10490.56501611002,82.53016079999999,65.13872,10.13540570094806,0.46226725397304386,54,64,,False,True,,50,59.56268577710819
40,2026-09-21T07:58:15.365+00:00,2026-09-21T07:59:10.321+00:00,2026-09-21T07:59:10.321+00:00,True,10,10.0,,10.0,54955.368135,54955.368135,54955.368135,5495.5368135,0.0,54955.368135,17378.413295963972,30225.452474249996,0.0,0.0,0.18196584500052135,54,64,,False,True,,35,59.56268577710819
41,2026-09-21T07:58:15.761+00:00,2026-09-21T07:59:11.819+00:00,2026-09-21T07:59:13.052+00:00,True,21,21.0,,21.0,56058.368740000005,57291.170020000005,57291.17017800001,2728.150960857143,46.832423999999996,56058.368740000005,12219.490650035263,75.338847,61.640064,8.272147859201796,0.36654863206090965,54,64,,False,True,,84,59.56268577710819
42,2026-09-21T07:58:16.093+00:00,2026-09-21T07:59:13.907+00:00,2026-09-21T07:59:18.068+00:00,True,67,67.0,,67.0,57814.501589,61974.843093,61974.843095,924.9976581343284,43.502584000000006,57814.501589,7055.471521579408,79.103887,63.03547733333333,10.011896200700452,1.0810838181463276,54,64,,False,True,,603,59.56268577710819
43,2026-09-21T07:58:16.436+00:00,2026-09-21T07:59:15.583+00:00,2026-09-21T07:59:19.416+00:00,True,52,52.0,,52.0,59146.297211000005,62979.537275,62979.537208,1211.1449463076924,0.01591,59146.297211000005,8193.258055764916,83.79624795,75.16156988235295,161.74783670973196,0.8256650056500434,54,64,,False,True,,60,59.56268577710819
44,2026-09-21T07:58:16.770+00:00,2026-09-21T07:59:17.326+00:00,2026-09-21T07:59:18.219+00:00,True,15,15.0,,15.0,60556.8159,61449.090332,61449.090158,4096.606010533334,45.843974,60556.8159,15619.25199441432,18229.4106799,63.733888,13.451190961574403,0.24410450860960356,54,64,,False,True,,45,59.56268577710819
45,2026-09-21T07:58:17.033+00:00,2026-09-21T07:59:19.377+00:00,2026-09-21T07:59:21.541+00:00,True,46,46.0,,46.0,62343.598332,64507.615996,64507.616073000005,1402.3394798478262,0.0,62343.598332,9186.522082472091,283.69947275,48.08928142222222,170.67489262092042,0.7130940942361345,54,64,,False,True,,163,59.56268577710819
46,2026-09-21T07:58:17.350+00:00,2026-09-21T07:59:21.319+00:00,2026-09-21T07:59:21.971+00:00,True,26,26.0,,26.0,63968.632600000004,64621.545752000005,64621.54579800001,2485.444069153846,0.0,63968.632600000004,12540.196515292788,76.00257425000001,26.11652608,31.255163513773038,0.4023425886434373,54,64,,False,True,,84,59.56268577710819
47,2026-09-21T07:58:17.594+00:00,2026-09-21T07:59:21.732+00:00,2026-09-21T07:59:25.733+00:00,True,63,63.0,,63.0,64137.977651,68138.952243,68138.952313,1081.5706716349207,37.839682999999994,64137.977651,8072.501492742076,80.2203509,64.53184825806451,10.005500948315873,0.9245812846567811,54,64,,False,True,,345,59.56268577710819
48,2026-09-21T07:58:17.918+00:00,2026-09-21T07:59:23.535+00:00,2026-09-21T07:59:29.845+00:00,True,99,99.0,,99.0,65617.354556,71927.409212,71927.408991,726.5394847575758,45.731533999999996,65617.354556,6588.328576335677,79.93595,64.38831281632653,10.044289008653648,1.376387681477666,54,64,,False,True,,789,59.56268577710819
49,2026-09-21T07:58:18.199+00:00,2026-09-21T07:59:25.097+00:00,2026-09-21T07:59:27.787+00:00,True,43,43.0,,43.0,66898.311955,69587.46165099999,69587.461491,1618.3130579302324,38.926223,66898.311955,10192.139101103914,86.20430199999998,64.02737371428572,11.426503351345518,0.6179274107691508,54,64,,False,True,,329,59.56268577710819
50,2026-09-21T07:58:18.605+00:00,2026-09-21T07:59:27.272+00:00,2026-09-21T07:59:27.727+00:00,True,8,8.0,,8.0,68667.314744,69121.578808,69121.578874,8640.19735925,51.314235000000004,68667.314744,24254.619756966364,44660.47027505,64.89486628571429,9.544458448203153,0.11573809710310168,54,64,,False,True,,80,59.56268577710819
51,2026-09-21T07:58:18.877+00:00,2026-09-21T07:59:28.553+00:00,2026-09-21T07:59:31.483+00:00,True,47,47.0,,47.0,69676.13087800001,72605.29388600001,72605.293986,1544.79348906383,41.727693,69676.13087800001,10154.024805928491,78.80234100000001,63.677456695652175,10.06485516545619,0.6473357173348305,54,64,,False,True,,77,59.56268577710819
52,2026-09-21T07:58:19.127+00:00,2026-09-21T07:59:29.990+00:00,2026-09-21T07:59:33.497+00:00,True,57,57.0,,57.0,70862.64390899999,74369.27379699999,74369.27387699999,1304.724103105263,0.0,70862.64390899999,9379.303106205432,78.727679,62.618390857142856,175.38536699551648,0.7664455640052161,54,64,,False,True,,228,59.56268577710819
54,2026-09-21T07:58:19.707+00:00,2026-09-21T07:59:32.830+00:00,2026-09-21T07:59:34.839+00:00,True,17,17.0,,17.0,73123.725559,75132.337911,75132.338025,4419.5492955882355,0.02595,73123.725559,17707.124630525428,15636.8244886,125.538272,305.05488357343177,0.22626741657018315,54,64,,False,True,,68,59.56268577710819
53,2026-09-21T07:58:19.465+00:00,2026-09-21T07:59:32.855+00:00,2026-09-21T07:59:33.572+00:00,True,29,29.0,,29.0,73390.715006,74106.93670199999,74106.936629,2555.4116078965517,0.0,73390.715006,13623.598198570462,73.79352300000001,25.579346285714287,31.23213676828758,0.3913263898171269,54,64,,False,True,,59,59.56268577710819
55,2026-09-21T07:58:20.010+00:00,2026-09-21T07:59:35.144+00:00,2026-09-21T07:59:39.680+00:00,True,84,84.0,,84.0,75134.73528000001,79670.137776,79670.137669,948.4540198690477,0.01558,75134.73528000001,8192.009939288302,157.2591537,54.643403566265064,40.787229391786234,1.0543473670922197,54,64,,False,True,,255,59.56268577710819
56,2026-09-21T07:58:20.278+00:00,2026-09-21T07:59:36.038+00:00,2026-09-21T07:59:40.886+00:00,True,79,79.0,,79.0,75759.750791,80608.481415,80608.481407,1020.3605241392405,14.359012,75759.750791,8516.661764419576,78.949012,62.16321312820513,17.511894654722063,0.9800457546555308,54,64,,False,True,,391,59.56268577710819
57,2026-09-21T07:58:20.640+00:00,2026-09-21T07:59:37.846+00:00,2026-09-21T07:59:39.424+00:00,True,27,27.0,,27.0,77206.00859299999,78784.71886499999,78784.71875199999,2917.95254637037,44.669514,77206.00859299999,14846.62107592277,80.009052,60.719625846153846,10.08130850800548,0.34270605250575714,54,64,,False,True,,111,59.56268577710819
58,2026-09-21T07:58:20.869+00:00,2026-09-21T07:59:39.365+00:00,2026-09-21T07:59:40.268+00:00,True,16,16.0,,16.0,78495.785462,79398.71487,79398.714872,4962.4196795,50.074295,78495.785462,19608.89962311346,19682.54482325,60.19529386666667,9.351279150264478,0.20151459663039759,54,64,,False,True,,57,59.56268577710819
59,2026-09-21T07:58:21.153+00:00,2026-09-21T07:59:40.643+00:00,2026-09-21T07:59:41.163+00:00,True,9,9.0,,9.0,79489.329845,80010.008245,80010.008211,8890.000912333333,49.798614,79489.329845,26474.749318551058,47722.2218934,65.0848,7.656735507317089,0.11248592766596083,54,64,,False,True,,17,59.56268577710819
60,2026-09-21T07:58:21.551+00:00,2026-09-21T07:59:42.535+00:00,2026-09-21T07:59:44.173+00:00,True,26,26.0,,26.0,80983.70144,82621.978304,82621.978354,3177.7683982307694,41.103413,80983.70144,15869.365940337035,103.02566175,65.53107456000001,15.3277588452621,0.3146862437054627,54,64,,False,True,,104,59.56268577710819
61,2026-09-21T07:58:21.924+00:00,2026-09-21T07:59:44.381+00:00,2026-09-21T07:59:47.838+00:00,True,55,55.0,,55.0,82456.582244,85913.47389200001,85913.47372800001,1562.0631586909092,0.0,82456.582244,11112.206770805988,81.54383130000001,64.016512,232.8875814211818,0.6401789790171832,54,64,,False,True,,251,59.56268577710819
62,2026-09-21T07:58:22.290+00:00,2026-09-21T07:59:46.968+00:00,2026-09-21T07:59:47.289+00:00,True,14,14.0,,14.0,84677.283303,84998.27811900001,84998.278271,6071.305590785714,0.0,84677.283303,22624.37547583012,29685.608047600002,24.691908923076923,30.334595088823505,0.16470921893734838,54,64,,False,True,,70,59.56268577710819
63,2026-09-21T07:58:22.676+00:00,2026-09-21T07:59:48.308+00:00,2026-09-21T07:59:51.240+00:00,True,48,48.0,,48.0,85631.811211,88563.47943499999,88563.479299,1845.0724853958332,38.707583,85631.811211,12350.888462765746,77.43222085000001,62.37591965957447,10.462815778546666,0.5419841260327737,54,64,,False,True,,144,59.56268577710819
65,2026-09-21T07:58:23.347+00:00,2026-09-21T07:59:51.042+00:00,2026-09-21T07:59:54.156+00:00,True,35,35.0,,35.0,87694.83436200001,90808.85189800001,90808.851976,2594.5386278857145,0.01696,87694.83436200001,14809.490897333344,486.2114241,91.58875105882353,236.93710655775618,0.3854249808081853,54,64,,False,True,,175,59.56268577710819
64,2026-09-21T07:58:23.303+00:00,2026-09-21T07:59:51.489+00:00,2026-09-21T07:59:51.791+00:00,True,6,6.0,,6.0,88186.110856,88488.260232,88488.260362,14748.043393666667,41.276112999999995,88186.110856,35977.16140920944,66160.899119,60.429875200000005,15.907513647531069,0.06780560476914226,54,64,,False,True,,13,59.56268577710819
66,2026-09-21T07:58:23.603+00:00,2026-09-21T07:59:54.119+00:00,2026-09-21T07:59:58.385+00:00,True,87,87.0,,87.0,90515.802786,94781.763746,94781.763831,1089.445561275862,0.01558,90515.802786,9699.076301865123,125.13687669999999,49.60419720930233,40.05640602045173,0.9178980909570972,54,64,,False,True,,174,59.56268577710819
67,2026-09-21T07:58:23.835+00:00,2026-09-21T07:59:54.157+00:00,2026-09-21T07:59:55.439+00:00,True,24,24.0,,24.0,90322.218895,91603.802255,91603.80245799999,3816.8251024166666,0.01803,90322.218895,18425.980842253553,513.9100205999999,55.72101565217391,125.54706604610651,0.261997858267832,54,64,,False,True,,168,59.56268577710819
68,2026-09-21T07:58:24.244+00:00,2026-09-21T07:59:56.526+00:00,2026-09-21T07:59:56.604+00:00,True,2,2.0,,2.0,92282.302012,92360.250428,92360.250229,46180.1251145,77.948217,92282.302012,65198.323823368075,87672.08432225,77.948416,nan,0.021654337128060433,54,64,,False,True,,2,59.56268577710819
69,2026-09-21T07:58:24.626+00:00,2026-09-21T07:59:58.137+00:00,2026-09-21T07:59:59.419+00:00,True,22,22.0,,22.0,93510.94439399999,94792.83751399998,94792.83747599999,4308.765339818181,39.334043,93510.94439399999,19923.589411679655,82.4000035,61.04252952380952,11.910247488358214,0.23208504542076624,54,64,,False,True,,107,59.56268577710819
70,2026-09-21T07:58:24.900+00:00,2026-09-21T07:59:59.719+00:00,2026-09-21T08:00:02.873+00:00,True,22,22.0,,22.0,94818.586494,97973.08556600001,97973.085641,4453.322074590909,42.805574,94818.586494,20187.10936574042,1798.0206225499999,150.21424152380953,398.40838405865753,0.22455146607768722,54,64,,False,True,,66,59.56268577710819
71,2026-09-21T07:58:25.208+00:00,2026-09-21T08:00:02.884+00:00,2026-09-21T08:00:07.046+00:00,True,91,91.0,,91.0,97676.802361,101838.13458499999,101838.134578,1119.100379978022,0.0,97676.802361,10234.5076930113,77.137037,46.23702471111111,30.030445278886283,0.8935748908877169,54,64,,False,True,,321,59.56268577710819
72,2026-09-21T07:58:25.587+00:00,2026-09-21T08:00:03.351+00:00,2026-09-21T08:00:06.181+00:00,True,44,44.0,,44.0,97764.135722,100593.686058,100593.68621100001,2286.220141159091,45.148474,97764.135722,14728.580803593206,78.36330900000002,65.80349618604652,9.587535350198461,0.43740319819506973,54,64,,False,True,,262,59.56268577710819
73,2026-09-21T07:58:26.005+00:00,2026-09-21T08:00:05.350+00:00,2026-09-21T08:00:09.569+00:00,True,69,69.0,,69.0,99345.31560500001,103564.17998900001,103564.17987600001,1500.930143130435,43.024024,99345.31560500001,11952.305276324581,78.339195,62.042123294117644,9.475703521969367,0.6662535251795436,54,64,,False,True,,137,59.56268577710819
74,2026-09-21T07:58:26.308+00:00,2026-09-21T08:00:06.601+00:00,2026-09-21T08:00:08.838+00:00,True,38,38.0,,38.0,100293.06586300001,102530.035847,102530.03596000001,2698.158841052632,44.712654,100293.06586300001,16259.878598061312,76.5587625,60.45864821621621,9.344435001373405,0.3706231026457977,54,64,,False,True,,118,59.56268577710819
75,2026-09-21T07:58:26.689+00:00,2026-09-21T08:00:08.890+00:00,2026-09-21T08:00:10.709+00:00,True,30,30.0,,30.0,102201.66771600001,104020.14605200001,104020.14603500001,3467.338201166667,47.287915,102201.66771600001,18647.93943073086,76.31325255,62.70614951724138,8.05707468509355,0.2884056708111417,54,64,,True,True,,164,59.56268577710819
76,2026-09-21T07:58:27.067+00:00,2026-09-21T08:00:10.909+00:00,2026-09-21T08:00:14.612+00:00,True,59,59.0,,59.0,103842.322504,107545.174344,107545.1745,1822.79956779661,47.755464,103842.322504,13510.810427470016,76.5809859,63.84227310344828,9.237302841235453,0.5486066702656439,54,64,,True,True,,184,59.56268577710819
77,2026-09-21T07:58:27.442+00:00,2026-09-21T08:00:12.778+00:00,2026-09-21T08:00:16.968+00:00,True,68,68.0,,68.0,105336.07748,109526.48976800001,109526.48975800001,1610.683672911765,44.207284,105336.07748,12766.294358666595,76.39375515,62.54346698507462,9.06852346116305,0.6208543717966147,54,64,,True,True,,136,59.56268577710819
78,2026-09-21T07:58:27.718+00:00,2026-09-21T08:00:14.249+00:00,2026-09-21T08:00:14.411+00:00,True,4,4.0,,4.0,106531.70521,106693.489018,106693.489014,26673.3722535,48.115524,106531.70521,53238.888803208174,90560.63198874998,53.927936,5.142044504551084,0.0374905726377096,54,64,,True,True,,24,59.56268577710819
79,2026-09-21T07:58:27.992+00:00,2026-09-21T08:00:15.853+00:00,2026-09-21T08:00:20.407+00:00,True,72,72.0,,72.0,107861.49062299999,112415.638463,112415.63846599999,1561.3283120277777,41.033173000000005,107861.49062299999,12704.043111547731,76.81801949999999,64.14292732394365,9.965143766118242,0.6404802835656871,54,64,,True,True,,185,59.56268577710819
80,2026-09-21T07:58:28.311+00:00,2026-09-21T08:00:17.301+00:00,2026-09-21T08:00:22.737+00:00,True,87,87.0,,87.0,108990.04076100001,114426.76012100001,114426.76002500001,1315.2501152298853,43.366883,108990.04076100001,11678.185701065153,78.52434459999999,63.217666976744184,10.265092338470566,0.7603116605591409,54,64,,True,True,,87,59.56268577710819
81,2026-09-21T07:58:28.591+00:00,2026-09-21T08:00:18.730+00:00,2026-09-21T08:00:24.810+00:00,True,98,98.0,,98.0,110139.00170800001,116219.574636,116219.57442,1185.9140246938778,43.010572999999994,110139.00170800001,11119.391164602923,78.50644385,62.68631884536082,9.663500767107331,0.8432314462252701,54,64,,True,True,,392,59.56268577710819
82,2026-09-21T07:58:28.861+00:00,2026-09-21T08:00:20.067+00:00,2026-09-21T08:00:26.044+00:00,True,97,97.0,,97.0,111205.58071,117182.347686,117182.347664,1208.0654398350514,43.332983,111205.58071,11284.898238052636,77.03564499999999,62.257989333333335,9.045595690254133,0.8277697273988714,54,64,,True,True,,97,59.56268577710819
83,2026-09-21T07:58:29.230+00:00,2026-09-21T08:00:21.716+00:00,2026-09-21T08:00:26.261+00:00,True,74,74.0,,74.0,112485.182825,117030.589289,117030.589282,1581.4944497567567,46.793203999999996,112485.182825,13068.901744852188,76.50284034999999,62.26584197260274,9.07093668112981,0.6323133161131186,54,64,,True,True,,444,59.56268577710819
84,2026-09-21T07:58:29.572+00:00,2026-09-21T08:00:23.491+00:00,2026-09-21T08:00:26.975+00:00,True,56,56.0,,56.0,113918.4339,117402.444908,117402.44487,2096.4722298214288,48.054313,113918.4339,15214.528787365458,76.9590885,63.345654690909086,9.055815645017223,0.4769917700085653,54,64,,True,True,,504,59.56268577710819
85,2026-09-21T07:58:29.809+00:00,2026-09-21T08:00:24.989+00:00,2026-09-21T08:00:28.686+00:00,True,59,59.0,,59.0,115180.241487,118876.847695,118876.847653,2014.8618246271187,44.378932999999996,115180.241487,14986.896192777785,80.25979099999999,63.734589793103446,10.367031605006355,0.4963119492483107,54,64,,True,True,,295,59.56268577710819
86,2026-09-21T07:58:30.160+00:00,2026-09-21T08:00:26.843+00:00,2026-09-21T08:00:33.053+00:00,True,99,99.0,,99.0,116682.410089,122892.201065,122892.20108,1241.3353644444444,45.289834,116682.410089,11720.658841836681,76.43907589999999,63.365214040816326,9.528912717522925,0.8055840740262845,54,64,,True,True,,193,59.56268577710819
87,2026-09-21T07:58:30.459+00:00,2026-09-21T08:00:28.304+00:00,2026-09-21T08:00:29.126+00:00,True,14,14.0,,14.0,117844.915366,118667.09623,118667.096207,8476.221157642858,44.609984,117844.915366,31478.4768281491,41295.575785,63.244681846153846,9.218943763699414,0.11797710102272382,54,64,,True,True,,56,59.56268577710819
88,2026-09-21T07:58:30.833+00:00,2026-09-21T08:00:30.518+00:00,2026-09-21T08:00:31.887+00:00,True,22,22.0,,22.0,119684.737882,121054.194266,121054.194334,5502.463378818182,49.119023999999996,119684.737882,25502.970275123316,77.39065350000001,65.21220876190476,9.575858033365,0.18173678436666155,54,64,,True,True,,23,59.56268577710819
89,2026-09-21T07:58:31.089+00:00,2026-09-21T08:00:31.605+00:00,2026-09-21T08:00:34.753+00:00,True,49,49.0,,49.0,120515.42249699999,123663.79881699999,123663.79886099999,2523.7509971632653,44.410843,120515.42249699999,17207.121195317064,79.53706559999999,65.59117333333333,9.250906918566812,0.3962356038610064,54,64,,True,True,,354,59.56268577710819
90,2026-09-21T07:58:31.332+00:00,2026-09-21T08:00:32.924+00:00,2026-09-21T08:00:38.142+00:00,True,85,85.0,,85.0,121592.58829,126810.393602,126810.393497,1491.8869823176472,40.795703,121592.58829,13181.8338985328,77.5370378,62.116729904761904,9.637552678940462,0.6702920603399138,54,64,,True,True,,298,59.56268577710819
91,2026-09-21T07:58:31.596+00:00,2026-09-21T08:00:34.050+00:00,2026-09-21T08:00:38.661+00:00,True,76,76.0,,76.0,122453.82147499999,127064.83869099998,127064.83858799998,1671.9057708947366,41.389443,122453.82147499999,14039.367652986537,77.06305025,61.48022954666666,9.63094410063328,0.5981198322284818,54,64,,True,True,,152,59.56268577710819
92,2026-09-21T07:58:31.857+00:00,2026-09-21T08:00:35.106+00:00,2026-09-21T08:00:35.212+00:00,True,3,3.0,,3.0,123248.487197,123354.69698899999,123354.697105,41118.23236833333,46.734913,123248.487197,71126.8873861616,110929.5859768,53.104896,9.00860827456761,0.024320111623050086,54,64,,True,True,,9,59.56268577710819
93,2026-09-21T07:58:32.166+00:00,2026-09-21T08:00:36.854+00:00,2026-09-21T08:00:38.137+00:00,True,22,22.0,,22.0,124687.806804,125970.886996,125970.88720000001,5725.949418181818,46.355103,124687.806804,26570.50534326995,80.10017554999999,61.09905676190476,10.50189768310803,0.1746435269658661,54,64,,True,True,,192,59.56268577710819
94,2026-09-21T07:58:32.581+00:00,2026-09-21T08:00:38.982+00:00,2026-09-21T08:00:41.087+00:00,True,33,33.0,,33.0,126400.641069,128505.71652500001,128505.716316,3894.112615636364,51.067404,126400.641069,21992.077679661234,78.33110340000002,65.783608,9.105831773107733,0.2567979144614944,54,64,,True,True,,66,59.56268577710819
96,2026-09-21T07:58:33.357+00:00,2026-09-21T08:00:40.489+00:00,2026-09-21T08:00:46.525+00:00,True,94,94.0,,94.0,127131.89101,133167.70720200002,133167.707379,1416.6777380744682,43.693222999999996,127131.89101,13105.96241316268,77.17157185,64.90124937634408,9.091764461565642,0.7058768373732894,54,64,,True,True,,188,59.56268577710819
95,2026-09-21T07:58:32.829+00:00,2026-09-21T08:00:40.895+00:00,2026-09-21T08:00:43.875+00:00,True,47,47.0,,47.0,128066.244286,131046.50899,131046.509087,2788.2235975957446,42.992063,128066.244286,18670.934162614052,78.7009,64.78836313043477,10.490436477281976,0.3586512938210854,54,64,,True,True,,47,59.56268577710819
97,2026-09-21T07:58:33.479+00:00,2026-09-21T08:00:43.229+00:00,2026-09-21T08:00:48.481+00:00,True,82,82.0,,82.0,129750.24915199999,135002.63392,135002.633912,1646.3735842926828,42.414883,129750.24915199999,14321.360407834598,80.8543455,64.84425639506173,9.686791703404129,0.6073955568051483,54,64,,True,True,,245,59.56268577710819
98,2026-09-21T07:58:33.764+00:00,2026-09-21T08:00:45.671+00:00,2026-09-21T08:00:49.846+00:00,True,66,66.0,,66.0,131907.06725300002,136082.66226100002,136082.66218400002,2061.858517939394,46.472523,131907.06725300002,16228.73260023018,77.0661135,64.2399232,8.911556945045776,0.4849993298442028,54,64,,True,True,,69,59.56268577710819
99,2026-09-21T07:58:34.111+00:00,2026-09-21T08:00:47.581+00:00,2026-09-21T08:00:49.712+00:00,True,35,35.0,,35.0,133469.523789,135601.054285,135601.054278,3874.315836514286,48.139803,133469.523789,22549.87169983186,75.89467970000001,62.6920734117647,8.102697856601973,0.2581100875988665,54,64,,True,True,,350,59.56268577710819
100,2026-09-21T07:58:34.402+00:00,2026-09-21T08:00:48.917+00:00,2026-09-21T08:00:49.647+00:00,True,13,13.0,,13.0,134514.69751899998,135244.435247,135244.43543299998,10403.418110230768,56.158854,134514.69751899998,37290.79864206776,53848.152088599985,60.811477333333336,3.6202313850219157,0.09612225431869197,54,64,,True,True,,40,59.56268577710819
101,2026-09-21T07:58:34.728+00:00,2026-09-21T08:00:50.811+00:00,2026-09-21T08:00:55.435+00:00,True,74,74.0,,74.0,136082.816055,140706.723127,140706.723069,1901.4422036351352,43.068683,136082.816055,15811.945644573007,76.47389,63.34119276712329,9.59038500378505,0.5259165898789967,54,64,,True,True,,148,59.56268577710819
102,2026-09-21T07:58:35.125+00:00,2026-09-21T08:00:52.857+00:00,2026-09-21T08:00:57.364+00:00,True,72,72.0,,72.0,137732.020436,142239.428052,142239.428253,1975.5476146249998,44.878313,137732.020436,16224.394761971962,75.79726045,63.484614309859154,8.553682459480243,0.5061887620475962,54,64,,True,True,,288,59.56268577710819
103,2026-09-21T07:58:35.479+00:00,2026-09-21T08:00:54.710+00:00,2026-09-21T08:00:55.929+00:00,True,21,21.0,,21.0,139231.349787,140449.772571,140449.77244700002,6688.084402238096,52.033674,139231.349787,30369.477981424046,71.674766,60.921139200000006,6.48271304787268,0.14951964403775808,54,64,,True,True,,81,59.56268577710819
104,2026-09-21T07:58:35.842+00:00,2026-09-21T08:00:56.733+00:00,2026-09-21T08:01:02.575+00:00,True,92,92.0,,92.0,140890.47759,146733.240086,146733.24006399998,1594.9265224347826,42.828103000000006,140890.47759,14682.157530992377,77.23056000000001,64.20618127472527,10.618594881821327,0.6269881312923985,54,64,,True,True,,275,59.56268577710819
105,2026-09-21T07:58:36.119+00:00,2026-09-21T08:00:58.121+00:00,2026-09-21T08:01:04.313+00:00,True,98,98.0,,98.0,142002.144055,148194.020663,148194.020885,1512.1838865816328,42.752053,142002.144055,14337.937839146893,76.20525465,63.83377946391752,9.793082773993822,0.6612952368898641,54,64,,True,True,,229,59.56268577710819
106,2026-09-21T07:58:36.429+00:00,2026-09-21T08:00:59.662+00:00,2026-09-21T08:01:03.199+00:00,True,56,56.0,,56.0,143232.503347,146769.23192299998,146769.23212899998,2620.879145160714,41.747972999999995,143232.503347,19131.658204248408,78.47384025000001,64.30415592727273,10.530938643672396,0.3815513596840206,54,64,,True,True,,451,59.56268577710819
107,2026-09-21T07:58:36.771+00:00,2026-09-21T08:01:01.392+00:00,2026-09-21T08:01:06.084+00:00,True,75,75.0,,75.0,144621.48466999998,149313.36050999997,149313.360539,1990.8448071866665,44.187103,144621.48466999998,16692.1319442886,78.35166100000001,63.403727567567564,9.299050552779253,0.5022993236762427,54,64,,True,True,,375,59.56268577710819
108,2026-09-21T07:58:37.110+00:00,2026-09-21T08:01:03.134+00:00,2026-09-21T08:01:07.218+00:00,True,66,66.0,,66.0,146023.686775,150107.984759,150107.984898,2274.3634075454547,43.441362999999996,146023.686775,17966.54107501585,76.16628399999999,62.835353600000005,9.060012772560004,0.4396834725745184,54,64,,True,True,,594,59.56268577710819
109,2026-09-21T07:58:37.527+00:00,2026-09-21T08:01:05.330+00:00,2026-09-21T08:01:09.411+00:00,True,66,66.0,,66.0,147803.281874,151884.274898,151884.275017,2301.27689419697,46.100504,147803.281874,18185.60059521553,77.33846925,62.78450806153846,9.60335984154797,0.4345413641031846,54,64,,True,True,,66,59.56268577710819
110,2026-09-21T07:58:37.929+00:00,2026-09-21T08:01:07.759+00:00,2026-09-21T08:01:11.297+00:00,True,56,56.0,,56.0,149830.009482,153368.075146,153368.07504599998,2738.7156258214286,43.846222999999995,149830.009482,20013.283819950917,78.60971825,64.32846661818182,10.812473101761036,0.3651346601741617,54,64,,True,True,,56,59.56268577710819
111,2026-09-21T07:58:38.240+00:00,2026-09-21T08:01:09.412+00:00,2026-09-21T08:01:09.650+00:00,True,5,5.0,,5.0,151171.85611300002,151410.21950500002,151410.21935000003,30282.043870000005,54.681295,151171.85611300002,67579.45975867377,120951.39561540002,59.590848,6.950110936751441,0.03302287003047958,54,64,,True,True,,17,59.56268577710819
112,2026-09-21T07:58:38.601+00:00,2026-09-21T08:01:11.655+00:00,2026-09-21T08:01:14.938+00:00,True,52,52.0,,52.0,153053.225632,156336.74,156336.74006699998,3006.4757705192305,48.990593000000004,153053.225632,21215.738533956086,83.46540605,64.38263466666666,11.816914982698771,0.33261535324326197,54,64,,True,True,,468,59.56268577710819
113,2026-09-21T07:58:38.998+00:00,2026-09-21T08:01:13.564+00:00,2026-09-21T08:01:16.981+00:00,True,54,54.0,,54.0,154565.905543,157983.114119,157983.114107,2925.613224203704,44.787552000000005,154565.905543,21024.983834574567,78.626811,64.47563350943396,9.90604197685011,0.3418086819033379,54,64,,True,True,,216,59.56268577710819
114,2026-09-21T07:58:39.371+00:00,2026-09-21T08:01:15.873+00:00,2026-09-21T08:01:20.871+00:00,True,80,80.0,,80.0,156502.83804499998,161500.33615699998,161500.33615699998,2018.7542019624998,44.537594,156502.83804499998,17490.479334882282,76.42781000000001,63.2594697721519,9.837639190426934,0.4953550060863605,54,64,,True,True,,127,59.56268577710819
115,2026-09-21T07:58:39.675+00:00,2026-09-21T08:01:17.180+00:00,2026-09-21T08:01:22.690+00:00,True,89,89.0,,89.0,157504.18892,163014.65701599998,163014.65710399998,1831.6253607191009,41.899412,157504.18892,16688.775890357407,76.3428948,62.61895563636363,9.81218549882636,0.5459631767422276,54,64,,True,True,,179,59.56268577710819
116,2026-09-21T07:58:39.993+00:00,2026-09-21T08:01:18.850+00:00,2026-09-21T08:01:23.624+00:00,True,77,77.0,,77.0,158857.097581,163631.241837,163631.24184200002,2125.081062883117,41.947963,158857.097581,18096.290473555302,77.72724600000001,62.817687578947364,10.130756280209415,0.47057028435134013,54,64,,True,True,,193,59.56268577710819
117,2026-09-21T07:58:40.277+00:00,2026-09-21T08:01:20.561+00:00,2026-09-21T08:01:22.015+00:00,True,24,24.0,,24.0,160284.13227,161737.81419,161737.814376,6739.075599,46.804793,160284.13227,32704.961487267174,77.13488435000001,63.203561739130436,9.672309206783725,0.14838830436898462,54,64,,True,True,,144,59.56268577710819
118,2026-09-21T07:58:40.568+00:00,2026-09-21T08:01:22.137+00:00,2026-09-21T08:01:24.164+00:00,True,32,32.0,,32.0,161568.75787200002,163595.976816,163595.97682200003,5112.374275687501,46.868042,161568.75787200002,28550.03238249365,77.74642444999999,65.39415948387096,9.30088639222172,0.19560383221398595,54,64,,True,True,,64,59.56268577710819
119,2026-09-21T07:58:40.915+00:00,2026-09-21T08:01:23.693+00:00,2026-09-21T08:01:29.568+00:00,True,95,95.0,,95.0,162778.5848,168653.471456,168653.471418,1775.2996991368423,42.765522,162778.5848,16694.320704055528,76.75515,62.49879421276596,9.233296548324077,0.563285173912264,54,64,,True,True,,665,59.56268577710819
120,2026-09-21T07:58:41.163+00:00,2026-09-21T08:01:25.058+00:00,2026-09-21T08:01:26.156+00:00,True,18,18.0,,18.0,163895.132288,164993.24582399998,164993.245837,9166.291435388888,47.748521999999994,163895.132288,38615.22947034194,24653.913321599997,64.59491388235294,11.055979458067577,0.10909537484462115,54,64,,True,True,,71,59.56268577710819
121,2026-09-21T07:58:41.496+00:00,2026-09-21T08:01:26.712+00:00,2026-09-21T08:01:27.749+00:00,True,18,18.0,,18.0,165215.815343,166252.632751,166252.63281799998,9236.257378777778,47.525503,165215.815343,38927.366737198885,24848.15427235,60.989259294117645,8.699831920494583,0.1082689621340251,54,64,,True,True,,82,59.56268577710819
122,2026-09-21T07:58:41.788+00:00,2026-09-21T08:01:28.116+00:00,2026-09-21T08:01:28.568+00:00,True,8,8.0,,8.0,166328.100328,166780.115688,166780.115773,20847.514471625,44.128322999999995,166328.100328,58783.03426459106,108139.2836021,64.57362285714285,9.588378697274937,0.0479673489072631,54,64,,True,True,,12,59.56268577710819
123,2026-09-21T07:58:42.124+00:00,2026-09-21T08:01:29.630+00:00,2026-09-21T08:01:34.765+00:00,True,83,83.0,,83.0,167506.604975,172641.393839,172641.393782,2080.016792554217,45.409031999999996,167506.604975,18379.367447096403,77.65855909999999,62.6193763902439,9.207215894265639,0.4807653492267516,54,64,,True,True,,501,59.56268577710819
124,2026-09-21T07:58:42.481+00:00,2026-09-21T08:01:31.343+00:00,2026-09-21T08:01:35.401+00:00,True,65,65.0,,65.0,168861.474551,172919.108343,172919.108349,2660.2939745999997,45.432153,168861.474551,20936.826247464574,75.558154,63.400528,9.07692779086526,0.37589830657157264,54,64,,True,True,,204,59.56268577710819
125,2026-09-21T07:58:42.802+00:00,2026-09-21T08:01:33.417+00:00,2026-09-21T08:01:33.746+00:00,True,6,6.0,,6.0,170614.39140999998,170943.68574599997,170943.68566699998,28490.61427783333,59.357313000000005,170614.39140999998,69626.14708068487,127979.26164849999,65.8588672,6.223515457770407,0.035099278302184365,54,64,,True,True,,11,59.56268577710819
126,2026-09-21T07:58:43.492+00:00,2026-09-21T08:01:33.935+00:00,2026-09-21T08:01:36.397+00:00,True,39,39.0,,39.0,170443.40919600002,172904.87326000002,172904.87311800002,4433.458285076924,46.873563000000004,170443.40919600002,27282.417811793868,78.2799291,64.77537010526316,9.84290610731707,0.2255575523389386,54,64,,True,True,,39,59.56268577710819
127,2026-09-21T07:58:43.563+00:00,2026-09-21T08:01:34.340+00:00,2026-09-21T08:01:39.608+00:00,True,83,83.0,,83.0,170777.4031,176045.395676,176045.39566799998,2121.0288634698795,45.087642,170777.4031,18738.20605898705,77.3833611,64.24381190243903,9.659221172906546,0.47146930302429524,54,64,,True,True,,192,59.56268577710819
128,2026-09-21T07:58:43.678+00:00,2026-09-21T08:01:36.454+00:00,2026-09-21T08:01:41.755+00:00,True,84,84.0,,84.0,172776.45665200002,178076.81377200002,178076.813809,2119.962069154762,43.333022,172776.45665200002,18844.491416313067,77.73539869999999,63.8597243373494,9.071182197158029,0.47170655303586617,54,64,,True,True,,253,59.56268577710819
129,2026-09-21T07:58:44.060+00:00,2026-09-21T08:01:39.470+00:00,2026-09-21T08:01:42.098+00:00,True,43,43.0,,43.0,175410.189586,178037.95893,178037.958918,4140.417649255814,46.841293,175410.189586,26740.263307096473,78.590715,62.56593676190476,8.724364161326589,0.24152152865842788,54,64,,True,True,,192,59.56268577710819
130,2026-09-21T07:58:44.360+00:00,2026-09-21T08:01:40.835+00:00,2026-09-21T08:01:40.835+00:00,True,1,1.0,,1.0,176475.07112900002,176475.07112900002,176475.07112900002,176475.07112900002,176475.07112900002,176475.07112900002,nan,176475.07112900002,nan,nan,0.005666522719625473,54,64,,True,True,,2,59.56268577710819
131,2026-09-21T07:58:44.740+00:00,2026-09-21T08:01:43.101+00:00,2026-09-21T08:01:46.464+00:00,True,55,55.0,,55.0,178361.05269100002,181723.363603,181723.363603,3304.0611564181822,43.555131,178361.05269100002,24041.805329192626,76.8002366,62.26501688888889,9.136082642620586,0.30265783611707275,54,64,,True,True,,165,59.56268577710819
132,2026-09-21T07:58:45.054+00:00,2026-09-21T08:01:44.426+00:00,2026-09-21T08:01:44.624+00:00,True,4,4.0,,4.0,179371.743201,179569.90460900002,179569.904572,44892.476143,48.811332,179371.743201,89652.84553895253,152477.34948210002,66.05380266666667,14.973686067710828,0.02227544759635363,54,64,,True,True,,9,59.56268577710819
133,2026-09-21T07:58:45.357+00:00,2026-09-21T08:01:46.012+00:00,2026-09-21T08:01:48.571+00:00,True,41,41.0,,41.0,180655.475875,183213.594019,183213.593903,4468.624241536585,48.65482299999999,180655.475875,28203.65888061984,77.798644,63.9529536,8.936305901034167,0.2237825212672163,54,64,,True,True,,84,59.56268577710819
134,2026-09-21T07:58:45.617+00:00,2026-09-21T08:01:47.372+00:00,2026-09-21T08:01:52.767+00:00,True,86,86.0,,86.0,181755.583962,187150.662874,187150.662684,2176.1704963255816,45.748123,181755.583962,19592.36613051236,76.6419515,63.471516611764706,8.391924415403986,0.45952281802977035,54,64,,True,True,,176,59.56268577710819
135,2026-09-21T07:58:45.891+00:00,2026-09-21T08:01:48.772+00:00,2026-09-21T08:01:48.839+00:00,True,2,2.0,,2.0,182881.83364899998,182948.13662499998,182948.13659199997,91474.06829599998,66.302943,182881.83364899998,129270.10146843009,173741.0571137,66.302976,nan,0.010932059964620043,54,64,,True,True,,4,59.56268577710819
136,2026-09-21T07:58:46.150+00:00,2026-09-21T08:01:50.380+00:00,2026-09-21T08:01:50.654+00:00,True,5,5.0,,5.0,184229.593489,184504.15809699998,184504.157943,36900.8315886,54.378413,184229.593489,82359.28212019324,147399.22297799998,68.641152,10.02551479404584,0.027099660254655798,54,64,,True,True,,20,59.56268577710819
137,2026-09-21T07:58:46.396+00:00,2026-09-21T08:01:51.268+00:00,2026-09-21T08:01:53.083+00:00,True,30,30.0,,30.0,184872.316872,186687.799752,186687.7997,6222.9266566666665,45.134933,184872.316872,33741.48425827684,76.2845045,62.602857931034485,9.110018632564206,0.16069609283441463,54,64,,True,True,,90,59.56268577710819
138,2026-09-21T07:58:46.745+00:00,2026-09-21T08:01:52.885+00:00,2026-09-21T08:01:58.621+00:00,True,91,91.0,,91.0,186140.570152,191876.104232,191876.104342,2108.528619142857,42.563511,186140.570152,19506.155190868307,76.71682399999999,63.72815644444445,8.87840378032047,0.47426437160705875,54,64,,True,True,,92,59.56268577710819
139,2026-09-21T07:58:47.021+00:00,2026-09-21T08:01:54.308+00:00,2026-09-21T08:01:55.534+00:00,True,20,20.0,,20.0,187286.862381,188513.30180500002,188513.30176700003,9425.66508835,47.826502,187286.862381,41864.182421585756,9437.300035350001,64.54944336842105,7.021327447452814,0.10609330911135487,54,64,,True,True,,151,59.56268577710819
140,2026-09-21T07:58:47.276+00:00,2026-09-21T08:01:55.662+00:00,2026-09-21T08:01:56.966+00:00,True,22,22.0,,22.0,188386.193519,189690.308719,189690.308868,8622.286766727273,41.621412,188386.193519,40150.83280000779,75.20900544999999,62.10072380952381,10.511982226018343,0.11597851333875976,54,64,,True,True,,66,59.56268577710819
141,2026-09-21T07:58:47.539+00:00,2026-09-21T08:01:56.779+00:00,2026-09-21T08:01:58.623+00:00,True,30,30.0,,30.0,189240.577351,191084.26477500002,191084.26470000003,6369.475490000001,44.432372,189240.577351,34538.83821916334,77.88095555000001,63.575428413793105,8.927408906612959,0.15699879859456103,54,64,,True,True,,120,59.56268577710819
142,2026-09-21T07:58:47.901+00:00,2026-09-21T08:01:58.769+00:00,2026-09-21T08:02:03.866+00:00,True,83,83.0,,83.0,190868.33831999998,195964.92328,195964.92325599998,2361.023171759036,45.807332,190868.33831999998,20943.701418939138,76.12737089999999,62.153475121951224,8.584719136078656,0.4235451866118272,54,64,,True,True,,1079,59.56268577710819
143,2026-09-21T07:58:48.240+00:00,2026-09-21T08:02:00.686+00:00,2026-09-21T08:02:04.123+00:00,True,57,57.0,,57.0,192445.849089,195883.074817,195883.074945,3436.5451744736843,44.677773,192445.849089,25481.9468623824,77.0237028,61.37903085714286,8.225283790965856,0.2909899186198254,54,64,,True,True,,95,59.56268577710819
144,2026-09-21T07:58:48.558+00:00,2026-09-21T08:02:02.796+00:00,2026-09-21T08:02:07.171+00:00,True,71,71.0,,71.0,194237.92663,198613.067494,198613.067446,2797.3671471267608,42.667813,194237.92663,23044.384763343005,76.75216400000001,62.50201234285714,8.437077242757216,0.3574789962002117,54,64,,True,True,,217,59.56268577710819
145,2026-09-21T07:58:48.919+00:00,2026-09-21T08:02:04.687+00:00,2026-09-21T08:02:05.792+00:00,True,18,18.0,,18.0,195768.25677500002,196873.745159,196873.745066,10937.430281444445,50.987203,195768.25677500002,46127.69396137706,29431.535833650003,65.02872847058823,8.53302634296108,0.09142915417930798,54,64,,True,True,,90,59.56268577710819
146,2026-09-21T07:58:49.297+00:00,2026-09-21T08:02:06.628+00:00,2026-09-21T08:02:06.628+00:00,True,1,1.0,,1.0,197330.76075,197330.76075,197330.76075,197330.76075,197330.76075,197330.76075,nan,197330.76075,nan,nan,0.005067633632988971,54,64,,True,True,,1,59.56268577710819
147,2026-09-21T07:58:49.701+00:00,2026-09-21T08:02:08.866+00:00,2026-09-21T08:02:15.050+00:00,True,100,100.0,,100.0,199164.876789,205348.941557,205348.941614,2053.4894161400002,42.704903,199164.876789,19910.243530077223,77.292891,62.46530068686869,9.787360575575178,0.4869759699844489,54,64,,True,True,,600,59.56268577710819
148,2026-09-21T07:58:50.067+00:00,2026-09-21T08:02:10.859+00:00,2026-09-21T08:02:16.196+00:00,True,85,85.0,,85.0,200792.039089,206128.326577,206128.32672,2425.039137882353,42.521873,200792.039089,21772.066205865696,77.94170600000001,63.527232,9.888482740423225,0.41236447901908296,54,64,,True,True,,171,59.56268577710819
149,2026-09-21T07:58:50.448+00:00,2026-09-21T08:02:13.126+00:00,2026-09-21T08:02:16.464+00:00,True,53,53.0,,53.0,202677.611543,206015.395095,206015.395133,3887.0829270377358,44.550573,202677.611543,27831.095931910037,78.566819,64.18814523076924,10.192555806262668,0.2572623272914147,54,64,,True,True,,371,59.56268577710819
150,2026-09-21T07:58:50.757+00:00,2026-09-21T08:02:14.703+00:00,2026-09-21T08:02:19.855+00:00,True,82,82.0,,82.0,203946.01109599997,209098.61243999997,209098.61239399997,2549.9830779756094,45.548103000000005,203946.01109599997,22515.046568059894,78.84022745000001,63.61236227160494,9.86855586617594,0.3921594650635455,54,64,,True,True,,488,59.56268577710819
151,2026-09-21T07:58:51.162+00:00,2026-09-21T08:02:16.981+00:00,2026-09-21T08:02:20.300+00:00,True,54,54.0,,54.0,205819.330117,209137.820485,209137.820466,3872.9226012222225,44.006302000000005,205819.330117,27999.944046801327,78.523961,62.61302581132075,8.871091689214513,0.25820293945290035,54,64,,True,True,,54,59.56268577710819
152,2026-09-21T07:58:51.414+00:00,2026-09-21T08:02:18.303+00:00,2026-09-21T08:02:20.121+00:00,True,30,30.0,,30.0,206889.190482,208707.163218,208707.16309000002,6956.9054363333335,48.768473,206889.190482,37761.1813054873,78.92431245,62.68871503448276,9.424235036705353,0.14374207160615865,54,64,,True,True,,92,59.56268577710819
153,2026-09-21T07:58:51.720+00:00,2026-09-21T08:02:20.060+00:00,2026-09-21T08:02:25.544+00:00,True,89,89.0,,89.0,208340.332225,213824.409793,213824.40964199998,2402.521456651685,42.641292,208340.332225,22077.42741132994,77.72195,62.31906327272727,9.846483960765205,0.41622937290536416,54,64,,True,True,,356,59.56268577710819
154,2026-09-21T07:58:52.131+00:00,2026-09-21T08:02:22.239+00:00,2026-09-21T08:02:26.166+00:00,True,65,65.0,,65.0,210107.331021,214035.26702099998,214035.26703299998,3292.8502620461536,44.287253,210107.331021,26052.996354080424,77.388934,61.374,9.824540651021133,0.30368827018410266,54,64,,True,True,,195,59.56268577710819
155,2026-09-21T07:58:52.519+00:00,2026-09-21T08:02:24.131+00:00,2026-09-21T08:02:28.492+00:00,True,72,72.0,,72.0,211611.483903,215972.23449499998,215972.234485,2999.614367847222,43.825372,211611.483903,24931.4158649822,76.31937305,61.419022422535214,9.066629862345216,0.3333761868434384,54,64,,True,True,,432,59.56268577710819
157,2026-09-21T07:58:53.761+00:00,2026-09-21T08:02:26.508+00:00,2026-09-21T08:02:31.780+00:00,True,86,86.0,,86.0,212746.501803,218019.194539,218019.194501,2535.1069128023255,43.868383,212746.501803,22934.358157810402,78.86501299999999,62.031679247058825,9.457370522527457,0.3944606812342665,54,64,,True,True,,516,59.56268577710819
156,2026-09-21T07:58:53.710+00:00,2026-09-21T08:02:29.417+00:00,2026-09-21T08:02:30.733+00:00,True,22,22.0,,22.0,215706.643264,217022.20448000001,217022.20456,9864.645661818182,43.743750999999996,215706.643264,45975.4555422351,81.2371575,62.645772190476194,8.788599430114674,0.1013721155985559,54,64,,True,True,,22,59.56268577710819
158,2026-09-21T07:58:53.878+00:00,2026-09-21T08:02:30.058+00:00,2026-09-21T08:02:32.086+00:00,True,33,33.0,,33.0,216179.98743900002,218207.48951900002,218207.48960000003,6612.34816969697,42.978201999999996,216179.98743900002,37621.07769044774,80.38246240000001,63.35944,11.408577912664432,0.15123220597396855,54,64,,True,True,,198,59.56268577710819
159,2026-09-21T07:58:53.888+00:00,2026-09-21T08:02:30.950+00:00,2026-09-21T08:02:33.120+00:00,True,35,35.0,,35.0,217061.40191,219231.656502,219231.65641499998,6263.761611857142,43.078432,217061.40191,36679.285628251106,78.885672,63.831017411764705,10.881788964981542,0.15964847667736665,54,64,,True,True,,210,59.56268577710819
160,2026-09-21T07:58:54.223+00:00,2026-09-21T08:02:33.049+00:00,2026-09-21T08:02:38.408+00:00,True,85,85.0,,85.0,218825.716648,224184.70212,224184.702125,2637.4670838235293,43.473962,218825.716648,23728.063925972063,77.111946,63.797446095238094,10.471500874726331,0.3791516512777121,54,64,,True,True,,765,59.56268577710819
161,2026-09-21T07:58:54.623+00:00,2026-09-21T08:02:35.421+00:00,2026-09-21T08:02:37.529+00:00,True,33,33.0,,33.0,220797.257399,222905.294519,222905.294563,6754.705895848485,48.308831,220797.257399,38424.403136336136,88.71755499999999,65.87616,11.594459652771583,0.14804493572577365,54,64,,True,True,,82,59.56268577710819
162,2026-09-21T07:58:54.854+00:00,2026-09-21T08:02:36.314+00:00,2026-09-21T08:02:37.046+00:00,True,13,13.0,,13.0,221459.77170699998,222191.121211,222191.121402,17091.62472323077,52.008693,221459.77170699998,61404.98643712243,88627.048324,60.945792,6.867222822417384,0.0585081884872203,54,64,,True,True,,2,59.56268577710819
163,2026-09-21T07:58:55.210+00:00,2026-09-21T08:02:38.140+00:00,2026-09-21T08:02:39.616+00:00,True,25,25.0,,25.0,222929.937703,224405.939751,224405.939776,8976.23759104,44.948951,222929.937703,44573.6884367449,76.7828592,61.50008533333334,9.217859119606324,0.11140525080459059,54,64,,True,True,,50,59.56268577710819
164,2026-09-21T07:58:55.532+00:00,2026-09-21T08:02:39.737+00:00,2026-09-21T08:02:41.649+00:00,True,31,31.0,,31.0,224204.208946,226116.778034,226116.777863,7294.0896084838705,46.810551,224204.208946,40256.81564833244,81.0970175,63.75230293333333,10.14424093046717,0.1370973010916452,54,64,,True,True,,187,59.56268577710819
165,2026-09-21T07:58:55.798+00:00,2026-09-21T08:02:40.834+00:00,2026-09-21T08:02:42.374+00:00,True,25,25.0,,25.0,225036.70178600002,226576.41609,226576.41596,9063.056638400001,44.363641,225036.70178600002,44994.51054007021,79.7319612,64.15476266666667,10.320573823597798,0.11033805032060166,54,64,,True,True,,123,59.56268577710819
166,2026-09-21T07:58:56.160+00:00,2026-09-21T08:02:42.954+00:00,2026-09-21T08:02:45.097+00:00,True,35,35.0,,35.0,226794.439774,228937.785438,228937.785449,6541.079584257142,44.175331,226794.439774,38324.602803354486,78.42638470000001,63.03957835294118,10.101954731927833,0.15287996227026734,54,64,,True,True,,262,59.56268577710819
167,2026-09-21T07:58:56.475+00:00,2026-09-21T08:02:44.662+00:00,2026-09-21T08:02:45.256+00:00,True,11,11.0,,11.0,228187.03959,228780.96215,228780.962212,20798.269292,49.264542,228187.03959,68783.0742327328,114131.23341649999,59.392256,9.181885157651765,0.048080923764923504,54,64,,True,True,,64,59.56268577710819
168,2026-09-21T07:58:56.704+00:00,2026-09-21T08:02:45.965+00:00,2026-09-21T08:02:46.158+00:00,True,4,4.0,,4.0,229261.80286199998,229454.33099,229454.33095899998,57363.582739749996,59.118192,229261.80286199998,114598.8136275282,194883.63980715,64.17604266666666,8.551335331197189,0.017432662886517174,54,64,,True,True,,16,59.56268577710819
169,2026-09-21T07:58:57.088+00:00,2026-09-21T08:02:47.581+00:00,2026-09-21T08:02:51.067+00:00,True,57,57.0,,57.0,230493.253409,233979.135265,233979.13516099998,4104.897108087719,44.783362000000004,230493.253409,30521.333525157563,76.57573819999999,62.247890285714284,8.767765566247968,0.24361146533618463,54,64,,True,True,,621,59.56268577710819
170,2026-09-21T07:58:57.367+00:00,2026-09-21T08:02:49.195+00:00,2026-09-21T08:02:54.457+00:00,True,85,85.0,,85.0,231828.526946,237090.356834,237090.356971,2789.2983173058824,41.795552,231828.526946,25138.54171736544,79.035863,62.640832,9.641263797190616,0.3585131050248204,54,64,,True,True,,322,59.56268577710819
171,2026-09-21T07:58:57.697+00:00,2026-09-21T08:02:51.010+00:00,2026-09-21T08:02:56.209+00:00,True,84,84.0,,84.0,233313.181446,238512.12007,238512.120009,2839.430000107143,44.015262,233313.181446,25449.722567883044,77.97489485000001,62.63781474698796,9.640651148563185,0.3521833606415773,54,64,,True,True,,168,59.56268577710819
172,2026-09-21T07:58:58.021+00:00,2026-09-21T08:02:52.883+00:00,2026-09-21T08:02:56.504+00:00,True,59,59.0,,59.0,234862.342399,238482.47270299998,238482.472785,4042.075809915254,44.149042,234862.342399,30568.348051085763,77.8097449,62.41603972413793,9.130819929657088,0.24739763610836552,54,64,,True,True,,239,59.56268577710819
173,2026-09-21T07:58:58.355+00:00,2026-09-21T08:02:54.527+00:00,2026-09-21T08:02:56.030+00:00,True,25,25.0,,25.0,236171.402051,237675.010371,237675.01057500002,9507.000423000001,43.812151,236171.402051,47221.75136597685,83.92388780000002,62.650346666666664,10.05935007281769,0.10518564808717637,54,64,,True,True,,54,59.56268577710819
174,2026-09-21T07:58:58.741+00:00,2026-09-21T08:02:56.331+00:00,2026-09-21T08:02:59.971+00:00,True,59,59.0,,59.0,237589.764674,241229.35149,241229.351292,4088.633072745763,46.599732,237589.764674,30923.384577942317,77.81354809999999,62.7514968275862,9.397922023658463,0.24458051906028444,54,64,,True,True,,295,59.56268577710819
175,2026-09-21T07:58:59.116+00:00,2026-09-21T08:02:58.591+00:00,2026-09-21T08:02:58.703+00:00,True,3,3.0,,3.0,239474.34326499997,239586.764129,239586.76411799996,79862.25470599999,50.215360999999994,239474.34326499997,138228.12357319097,215533.12948769997,56.210432,8.478583658807171,0.012521559823666715,54,64,,True,True,,3,59.56268577710819
176,2026-09-21T07:58:59.438+00:00,2026-09-21T08:03:00.167+00:00,2026-09-21T08:03:04.935+00:00,True,76,76.0,,76.0,240729.007736,245497.2686,245497.268583,3230.2272181973685,42.782641000000005,240729.007736,27606.219866688574,77.72415799999999,63.57681152000001,9.580516171274189,0.3095757457237958,54,64,,True,True,,380,59.56268577710819
177,2026-09-21T07:58:59.764+00:00,2026-09-21T08:03:01.819+00:00,2026-09-21T08:03:02.094+00:00,True,6,6.0,,6.0,242055.62828,242330.223352,242330.22313,40388.370521666664,44.491811,242055.62828,98796.3762219023,181557.6728455,54.9190144,9.364540461434123,0.024759602483775293,54,64,,True,True,,24,59.56268577710819
178,2026-09-21T07:59:00.121+00:00,2026-09-21T08:03:03.766+00:00,2026-09-21T08:03:05.658+00:00,True,30,30.0,,30.0,243645.655542,245537.056758,245537.05694799998,8184.568564933333,42.984311,243645.655542,44471.50082773632,81.131143,65.2207315862069,10.765369470922284,0.12218115015350957,54,64,,True,True,,139,59.56268577710819
179,2026-09-21T07:59:00.433+00:00,2026-09-21T08:03:05.453+00:00,2026-09-21T08:03:09.338+00:00,True,61,61.0,,61.0,245020.11087799998,248905.00354999996,248905.00349399998,4080.409893344262,46.749332,245020.11087799998,31363.32179179617,78.425483,64.7482112,9.560823555296835,0.24507341809119693,54,64,,True,True,,179,59.56268577710819
180,2026-09-21T07:59:00.694+00:00,2026-09-21T08:03:06.669+00:00,2026-09-21T08:03:11.868+00:00,True,83,83.0,,83.0,245974.954493,251173.172221,251173.172416,3026.182800192771,46.016312,245974.954493,26992.302099266923,77.371871,63.392899121951224,9.109073100142151,0.33044930422334556,54,64,,True,True,,494,59.56268577710819
181,2026-09-21T07:59:00.987+00:00,2026-09-21T08:03:08.516+00:00,2026-09-21T08:03:09.784+00:00,True,21,21.0,,21.0,247528.400688,248796.78673599998,248796.786723,11847.466034428571,48.841432,247528.400688,54001.28693717251,80.31939299999999,63.4193024,9.48760309955028,0.08440623480512732,54,64,,True,True,,141,59.56268577710819
182,2026-09-21T07:59:01.296+00:00,2026-09-21T08:03:08.773+00:00,2026-09-21T08:03:12.503+00:00,True,60,60.0,,60.0,247476.72697400002,251207.371454,251207.37147500002,4186.789524583333,45.310421000000005,247476.72697400002,31940.946253481714,76.83894345,63.23126237288135,9.201526460036842,0.23884649424384802,54,64,,True,True,,67,59.56268577710819
183,2026-09-21T07:59:01.601+00:00,2026-09-21T08:03:10.383+00:00,2026-09-21T08:03:12.250+00:00,True,31,31.0,,31.0,248782.01333000002,250648.666258,250648.666108,8085.440842193549,44.726191,248782.01333000002,44671.39438259806,77.1153885,62.22176426666667,10.071487840526467,0.12367909417914393,54,64,,True,True,,94,59.56268577710819
184,2026-09-21T07:59:01.861+00:00,2026-09-21T08:03:11.575+00:00,2026-09-21T08:03:16.751+00:00,True,83,83.0,,83.0,249713.55767699998,254889.84414099998,254889.84405599997,3070.961976578313,43.796411,249713.55767699998,27402.6965832731,77.468906,63.125444682926826,9.518738530992248,0.3256308633233973,54,64,,True,True,,290,59.56268577710819
185,2026-09-21T07:59:02.172+00:00,2026-09-21T08:03:13.971+00:00,2026-09-21T08:03:16.449+00:00,True,40,40.0,,40.0,251798.762706,254276.744402,254276.744313,6356.918607825,44.551852,251798.762706,39802.834844894765,77.28053195,63.537992205128205,8.92531885136622,0.15730891983091388,54,64,,True,True,,0,59.56268577710819
186,2026-09-21T07:59:02.501+00:00,2026-09-21T08:03:16.091+00:00,2026-09-21T08:03:17.810+00:00,True,29,29.0,,29.0,253589.652076,255309.060716,255309.060696,8803.760713655172,48.979782,253589.652076,47079.01378182011,77.8688846,61.40745142857143,8.019859344995224,0.11358782143755933,54,64,,True,True,,145,59.56268577710819
187,2026-09-21T07:59:02.798+00:00,2026-09-21T08:03:17.811+00:00,2026-09-21T08:03:23.691+00:00,True,93,93.0,,93.0,255013.754876,260893.164796,260893.164923,2805.3028486344083,42.103742,255013.754876,26437.069821720426,77.727011,63.90662956521739,10.597168159691794,0.35646775212650517,54,64,,True,True,,233,59.56268577710819
188,2026-09-21T07:59:03.165+00:00,2026-09-21T08:03:19.878+00:00,2026-09-21T08:03:21.801+00:00,True,31,31.0,,31.0,256713.30468,258635.839592,258635.83977700002,8343.091605709678,44.610432,256713.30468,46095.5623747094,88.959473,64.08449706666667,12.61982104269495,0.11985964531792165,54,64,,True,True,,176,59.56268577710819
189,2026-09-21T07:59:03.416+00:00,2026-09-21T08:03:21.285+00:00,2026-09-21T08:03:25.870+00:00,True,73,73.0,,73.0,257868.787074,262453.05997,262453.059984,3595.2473970410956,49.897062,257868.787074,30173.80798644518,78.3443384,63.670456888888886,9.205030632727558,0.2781449757466891,54,64,,True,True,,296,59.56268577710819
190,2026-09-21T07:59:03.696+00:00,2026-09-21T08:03:22.519+00:00,2026-09-21T08:03:28.658+00:00,True,98,98.0,,98.0,258823.32823800002,264961.575406,264961.575563,2703.6895465612247,43.349552,258823.32823800002,26138.713593889966,75.74498084999999,63.280898639175255,9.104366761015049,0.3698649506058938,54,64,,True,True,,294,59.56268577710819
191,2026-09-21T07:59:04.038+00:00,2026-09-21T08:03:24.041+00:00,2026-09-21T08:03:29.649+00:00,True,90,90.0,,90.0,260002.481076,265610.325172,265610.325083,2951.2258342555556,42.205231,260002.481076,27400.027871146936,76.09144545000001,63.0094842247191,9.81270185238319,0.3388422492300295,54,64,,True,True,,180,59.56268577710819
192,2026-09-21T07:59:04.415+00:00,2026-09-21T08:03:26.132+00:00,2026-09-21T08:03:27.798+00:00,True,28,28.0,,28.0,261717.34736,263383.030816,263383.030929,9406.536818892857,43.385341999999994,261717.34736,49448.272008289394,77.36567734999998,61.69197985185185,10.439890937545837,0.10630905078908011,54,64,,True,True,,84,59.56268577710819
193,2026-09-21T07:59:04.661+00:00,2026-09-21T08:03:27.563+00:00,2026-09-21T08:03:30.782+00:00,True,52,52.0,,52.0,262902.247174,266121.974278,266121.97431900003,5117.730275365385,42.145962,262902.247174,36449.228534740454,77.78077695,63.131904,9.947787692088294,0.19539912155348377,54,64,,True,True,,113,59.56268577710819
194,2026-09-21T07:59:05.559+00:00,2026-09-21T08:03:28.659+00:00,2026-09-21T08:03:30.732+00:00,True,34,34.0,,34.0,263099.1482,265172.787112,265172.787085,7799.199620147058,48.908951,263099.1482,45110.35601502393,76.9320623,62.83754278787879,9.130759668737344,0.12821828502952512,54,64,,True,True,,153,59.56268577710819
195,2026-09-21T07:59:05.610+00:00,2026-09-21T08:03:29.455+00:00,2026-09-21T08:03:31.433+00:00,True,32,32.0,,32.0,263844.689773,265822.912109,265822.912206,8306.9660064375,46.057401,263844.689773,46630.31250091464,78.25467915000002,63.81362374193549,9.484017037340633,0.12038089473219855,54,64,,True,True,,160,59.56268577710819
196,2026-09-21T07:59:05.754+00:00,2026-09-21T08:03:32.650+00:00,2026-09-21T08:03:36.118+00:00,True,56,56.0,,56.0,266895.893836,270364.12014,270364.120159,4827.930717125,42.751771,266895.893836,35657.03865546934,76.123638,63.05866007272727,9.333890002879723,0.20712807591111596,54,64,,True,True,,336,59.56268577710819
197,2026-09-21T07:59:06.145+00:00,2026-09-21T08:03:35.553+00:00,2026-09-21T08:03:41.097+00:00,True,87,87.0,,87.0,269407.43512599997,274951.614838,274951.614802,3160.3633885287354,44.226251,269407.43512599997,28876.5993056198,78.9353397,64.46720595348837,11.071663507649529,0.3164193090892008,54,64,,True,True,,174,59.56268577710819
198,2026-09-21T07:59:06.464+00:00,2026-09-21T08:03:37.240+00:00,2026-09-21T08:03:41.411+00:00,True,66,66.0,,66.0,270775.988838,274947.00835799996,274947.008316,4165.863762363636,45.758111,270775.988838,33322.3233618233,78.418627,64.16953107692308,11.332971530337106,0.24004625616461864,54,64,,True,True,,198,59.56268577710819
199,2026-09-21T07:59:06.752+00:00,2026-09-21T08:03:38.687+00:00,2026-09-21T08:03:45.081+00:00,True,100,100.0,,100.0,271934.82216900005,278328.61135300004,278328.61140200007,2783.2861140200007,44.080731,271934.82216900005,27187.025624383703,76.2114455,64.58372913131313,9.889275702384664,0.3592875325101647,54,64,,True,True,,1000,59.56268577710819
200,2026-09-21T07:59:07.084+00:00,2026-09-21T08:03:40.241+00:00,2026-09-21T08:03:42.974+00:00,True,43,43.0,,43.0,273157.42356699996,275890.07380699995,275890.07384399994,6416.048228930232,44.594661,273157.42356699996,41646.19630606258,79.97543889999999,65.06310095238095,12.276550924766573,0.15585917755809087,54,64,,True,True,,43,59.56268577710819
201,2026-09-21T07:59:07.404+00:00,2026-09-21T08:03:42.102+00:00,2026-09-21T08:03:44.420+00:00,True,37,37.0,,37.0,274697.34463999997,277015.83654399996,277015.83646099997,7486.914498945945,46.705551,274697.34463999997,45149.37854958997,79.0861112,64.40255288888889,9.586141445179589,0.13356637101187205,54,64,,True,True,,129,59.56268577710819
202,2026-09-21T07:59:07.629+00:00,2026-09-21T08:03:43.176+00:00,2026-09-21T08:03:46.251+00:00,True,49,49.0,,49.0,275546.63468099997,278621.85388099996,278621.85396599997,5686.160285020407,47.765741,275546.63468099997,39354.653298203244,77.482402,64.06706666666666,7.929053780327437,0.17586560177339147,54,64,,True,True,,277,59.56268577710819
203,2026-09-21T07:59:07.947+00:00,2026-09-21T08:03:45.155+00:00,2026-09-21T08:03:45.454+00:00,True,6,6.0,,6.0,277208.1649,277507.07203599997,277507.072146,46251.178690999994,52.824921,277208.1649,113145.35405886149,207924.78978775,59.7814272,9.367934278863576,0.02162107061264962,54,64,,True,True,,15,59.56268577710819
204,2026-09-21T07:59:08.323+00:00,2026-09-21T08:03:46.835+00:00,2026-09-21T08:03:52.059+00:00,True,83,83.0,,83.0,278511.731686,283735.77751,283735.777556,3418.503344048193,41.369941,278511.731686,30563.642705457005,77.0361769,63.70787590243903,9.395179358250129,0.29252567557179054,54,64,,True,True,,747,59.56268577710819
205,2026-09-21T07:59:08.620+00:00,2026-09-21T08:03:48.415+00:00,2026-09-21T08:03:49.416+00:00,True,16,16.0,,16.0,279795.14623799996,280795.782142,280795.78220799996,17549.736387999998,47.521481,279795.14623799996,69932.10973956788,70007.81744849999,66.70906026666667,8.177421044062447,0.056980912882475955,54,64,,True,True,,48,59.56268577710819
206,2026-09-21T07:59:08.916+00:00,2026-09-21T08:03:50.056+00:00,2026-09-21T08:03:52.396+00:00,True,37,37.0,,37.0,281140.81406199996,283480.74135799997,283480.74127099995,7661.641655972972,49.293441,281140.81406199996,46208.58034709065,77.4367218,64.99798044444445,8.865582930689309,0.130520330315045,54,64,,True,True,,282,59.56268577710819
207,2026-09-21T07:59:09.260+00:00,2026-09-21T08:03:51.768+00:00,2026-09-21T08:03:53.082+00:00,True,22,22.0,,22.0,282508.272473,283822.825817,283822.82581999997,12901.037537272727,49.989551,282508.272473,60217.62087841569,78.14051399999998,62.597778285714284,9.421875332566236,0.07751314552193524,54,64,,True,True,,53,59.56268577710819
208,2026-09-21T07:59:09.644+00:00,2026-09-21T08:03:53.486+00:00,2026-09-21T08:03:54.292+00:00,True,13,13.0,,13.0,283842.013099,284647.544235,284647.544016,21895.96492430769,47.387021,283842.013099,78704.99275114344,113583.18726279998,67.12759466666667,8.386250557120933,0.045670515215362015,54,64,,True,True,,60,59.56268577710819
210,2026-09-21T07:59:10.357+00:00,2026-09-21T08:03:55.214+00:00,2026-09-21T08:03:55.826+00:00,True,11,11.0,,11.0,284856.809301,285469.476949,285469.477104,25951.77064581818,48.484651,284856.809301,85869.08732462734,142465.638801,61.2667648,8.396387752741992,0.03853301627047569,54,64,,True,True,,23,59.56268577710819
211,2026-09-21T07:59:10.583+00:00,2026-09-21T08:03:56.229+00:00,2026-09-21T08:03:59.016+00:00,True,46,46.0,,46.0,285645.443447,288433.104247,288433.104037,6270.284870369565,44.844891000000004,285645.443447,42106.99021996577,78.791487,61.94801777777778,9.315938760443691,0.15948238715555982,54,64,,True,True,,138,59.56268577710819
212,2026-09-21T07:59:10.895+00:00,2026-09-21T08:03:58.116+00:00,2026-09-21T08:04:00.720+00:00,True,41,41.0,,41.0,287221.308736,289824.93779199995,289824.93791,7068.900924634146,46.415381000000004,287221.308736,44846.26761122564,77.539102,65.0907264,8.554105269147586,0.14146470732420088,54,64,,True,True,,201,59.56268577710819
209,2026-09-21T07:59:09.938+00:00,2026-09-21T08:03:58.682+00:00,2026-09-21T08:04:02.911+00:00,True,66,66.0,,66.0,288743.55420599994,292972.93455799995,292972.93449499994,4438.983855984848,44.987781000000005,288743.55420599994,35533.86655628064,77.124042,65.06739003076923,9.307916249297264,0.22527678230609371,54,64,,True,True,,330,59.56268577710819
213,2026-09-21T07:59:11.222+00:00,2026-09-21T08:04:01.167+00:00,2026-09-21T08:04:03.107+00:00,True,31,31.0,,31.0,289944.541375,291884.548287,291884.548256,9415.630588903225,48.820611,289944.541375,52063.963037989924,77.571922,64.66689706666666,8.242498437739352,0.1062063757123545,54,64,,True,True,,145,59.56268577710819
214,2026-09-21T07:59:11.479+00:00,2026-09-21T08:04:03.045+00:00,2026-09-21T08:04:08.928+00:00,True,95,95.0,,95.0,291566.64962800004,297449.02914800006,297449.02920100006,3131.042412642106,43.864211000000005,291566.64962800004,29907.68790243256,77.0910837,62.5785055319149,8.696257951952548,0.31938245107779917,54,64,,True,True,,380,59.56268577710819
215,2026-09-21T07:59:11.797+00:00,2026-09-21T08:04:04.967+00:00,2026-09-21T08:04:08.675+00:00,True,60,60.0,,60.0,293169.586385,296878.06228899996,296878.062383,4947.967706383333,44.205591,293169.586385,37839.91744230535,77.85436000000001,62.85552379661017,9.609988140423336,0.20210317844769612,54,64,,True,True,,480,59.56268577710819
216,2026-09-21T07:59:12.204+00:00,2026-09-21T08:04:06.946+00:00,2026-09-21T08:04:10.833+00:00,True,62,62.0,,62.0,294742.27095,298629.56541399995,298629.565572,4816.6058963225805,44.225781000000005,294742.27095,37424.2136776721,78.348928,63.726138754098365,8.992791283886165,0.2076150762703196,54,64,,True,True,,145,59.56268577710819
217,2026-09-21T07:59:12.551+00:00,2026-09-21T08:04:08.860+00:00,2026-09-21T08:04:12.593+00:00,False,62,61.0,,61.0,296309.82771100005,300042.62515100004,300042.62518900004,4839.397180467743,0.02526,296309.82771100005,37623.61655299057,78.388147,61.193400655737705,13.470830243998895,0.203304447057484,54,64,,True,False,Request timeout: 300.0s exceeded,122,59.56268577710819
218,2026-09-21T07:59:12.780+00:00,2026-09-21T08:04:10.232+00:00,2026-09-21T08:04:12.824+00:00,False,44,43.0,,43.0,297451.20088899997,300043.779193,300043.77920299995,6819.176800068181,0.037,297451.20088899997,44833.36829197691,76.818845,60.29251869767442,13.441337135249,0.14331241965973474,54,64,,True,False,Request timeout: 300.0s exceeded,198,59.56268577710819
219,2026-09-21T07:59:13.086+00:00,2026-09-21T08:04:11.663+00:00,2026-09-21T08:04:13.148+00:00,False,27,26.0,,26.0,298577.511582,300062.155166,300062.155243,11113.413157148148,0.03445,298577.511582,57450.281430792435,78.45486199999999,57.1016763076923,14.497357013378567,0.0866487144492324,54,64,,True,False,Request timeout: 300.0s exceeded,51,59.56268577710819
220,2026-09-21T07:59:13.394+00:00,2026-09-21T08:04:13.386+00:00,2026-09-21T08:04:13.460+00:00,False,3,2.0,,2.0,299992.24193099997,300066.009355,300066.00957299996,100022.003191,0.05217,299992.24193099997,173179.3106663436,270000.3892851,36.883712,52.08795189065387,0.006665200114798254,54,64,,True,False,Request timeout: 300.0s exceeded,6,59.56268577710819
221,2026-09-21T07:59:13.625+00:00,2026-09-21T08:04:13.691+00:00,2026-09-21T08:04:13.691+00:00,False,1,0.0,,0.0,300065.233537,300065.233537,300065.233537,300065.233537,300065.233537,300065.233537,nan,300065.233537,nan,nan,0.0,54,64,,True,False,"HTTPConnectionPool(host='gpu06', port=9004): Read timed out.",0,59.56268577710819
222,2026-09-21T07:59:13.923+00:00,2026-09-21T08:04:14.027+00:00,2026-09-21T08:04:14.027+00:00,False,1,0.0,,0.0,300103.794288,300103.794288,300103.794288,300103.794288,300103.794288,300103.794288,nan,300103.794288,nan,nan,0.0,54,64,,True,False,"HTTPConnectionPool(host='gpu06', port=9004): Read timed out.",0,59.56268577710819
223,2026-09-21T07:59:14.164+00:00,2026-09-21T08:04:14.274+00:00,2026-09-21T08:04:14.274+00:00,False,1,0.0,,0.0,300110.554412,300110.554412,300110.554412,300110.554412,300110.554412,300110.554412,nan,300110.554412,nan,nan,0.0,54,64,,True,False,"HTTPConnectionPool(host='gpu06', port=9004): Read timed out.",0,59.56268577710819
224,2026-09-21T07:59:14.460+00:00,2026-09-21T08:04:14.563+00:00,2026-09-21T08:04:14.563+00:00,False,1,0.0,,0.0,300103.366172,300103.366172,300103.366172,300103.366172,300103.366172,300103.366172,nan,300103.366172,nan,nan,0.0,54,64,,True,False,"HTTPConnectionPool(host='gpu06', port=9004): Read timed out.",0,59.56268577710819
225,2026-09-21T07:59:14.825+00:00,2026-09-21T08:04:14.929+00:00,2026-09-21T08:04:14.929+00:00,False,1,0.0,,0.0,300104.479918,300104.479918,300104.479918,300104.479918,300104.479918,300104.479918,nan,300104.479918,nan,nan,0.0,54,64,,True,False,"HTTPConnectionPool(host='gpu06', port=9004): Read timed out.",0,59.56268577710819
226,2026-09-21T07:59:15.052+00:00,2026-09-21T08:04:15.157+00:00,2026-09-21T08:04:15.157+00:00,False,1,0.0,,0.0,300104.921682,300104.921682,300104.921682,300104.921682,300104.921682,300104.921682,nan,300104.921682,nan,nan,0.0,54,64,,True,False,"HTTPConnectionPool(host='gpu06', port=9004): Read timed out.",0,59.56268577710819
227,2026-09-21T07:59:15.434+00:00,2026-09-21T08:04:15.488+00:00,2026-09-21T08:04:15.488+00:00,False,1,0.0,,0.0,300054.105325,300054.105325,300054.105325,300054.105325,300054.105325,300054.105325,nan,300054.105325,nan,nan,0.0,54,64,,True,False,TTFT timeout: 300.0s exceeded (TTFT: 300.036s),0,59.56268577710819
228,2026-09-21T07:59:15.784+00:00,2026-09-21T08:04:15.804+00:00,2026-09-21T08:04:15.856+00:00,False,3,2.0,,2.0,300019.913422,300071.84865400003,300071.848653,100023.949551,0.04754,300019.913422,173201.5873061447,270023.1108489,25.967616,36.65677757538259,0.006665070412206892,54,64,,True,False,Request timeout: 300.0s exceeded,6,59.56268577710819
229,2026-09-21T07:59:16.136+00:00,2026-09-21T08:04:16.239+00:00,2026-09-21T08:04:16.239+00:00,False,1,0.0,,0.0,300103.48038,300103.48038,300103.48038,300103.48038,300103.48038,300103.48038,nan,300103.48038,nan,nan,0.0,54,64,,True,False,"HTTPConnectionPool(host='gpu06', port=9004): Read timed out.",0,59.56268577710819
230,2026-09-21T07:59:16.479+00:00,2026-09-21T08:04:16.529+00:00,2026-09-21T08:04:16.529+00:00,False,1,0.0,,0.0,300049.51744599995,300049.51744599995,300049.51744599995,300049.51744599995,300049.51744599995,300049.51744599995,nan,300049.51744599995,nan,nan,0.0,54,64,,True,False,"HTTPConnectionPool(host='gpu06', port=9004): Read timed out.",0,59.56268577710819
231,2026-09-21T07:59:16.736+00:00,2026-09-21T08:04:16.839+00:00,2026-09-21T08:04:16.839+00:00,False,1,0.0,,0.0,300103.593109,300103.593109,300103.593109,300103.593109,300103.593109,300103.593109,nan,300103.593109,nan,nan,0.0,54,64,,True,False,"HTTPConnectionPool(host='gpu06', port=9004): Read timed out.",0,59.56268577710819
232,2026-09-21T07:59:17.104+00:00,2026-09-21T08:04:17.213+00:00,2026-09-21T08:04:17.213+00:00,False,1,0.0,,0.0,300108.95872500003,300108.95872500003,300108.95872500003,300108.95872500003,300108.95872500003,300108.95872500003,nan,300108.95872500003,nan,nan,0.0,54,64,,True,False,"HTTPConnectionPool(host='gpu06', port=9004): Read timed out.",0,59.56268577710819
233,2026-09-21T07:59:17.353+00:00,2026-09-21T08:04:17.459+00:00,2026-09-21T08:04:17.459+00:00,False,1,0.0,,0.0,300105.385908,300105.385908,300105.385908,300105.385908,300105.385908,300105.385908,nan,300105.385908,nan,nan,0.0,54,64,,True,False,"HTTPConnectionPool(host='gpu06', port=9004): Read timed out.",0,59.56268577710819
234,2026-09-21T07:59:17.586+00:00,2026-09-21T08:04:17.548+00:00,2026-09-21T08:04:17.805+00:00,False,3,2.0,,2.0,299962.297359,300219.356943,300219.35693500005,100073.11897833334,0.026350000000000002,299962.297359,173109.15411498916,269991.77094570006,128.529792,181.73128503218027,0.006661795629586012,54,64,,True,False,Request timeout: 300.0s exceeded,8,59.56268577710819
235,2026-09-21T07:59:17.916+00:00,2026-09-21T08:04:17.918+00:00,2026-09-21T08:04:18.033+00:00,False,3,2.0,,2.0,300001.640708,300116.979204,300116.97917999997,100038.99306,0.03306,300001.640708,173172.74226253806,270013.0071784,57.669248,81.50992966477368,0.006664068142044474,54,64,,True,False,Request timeout: 300.0s exceeded,5,59.56268577710819
236,2026-09-21T07:59:18.239+00:00,2026-09-21T08:04:18.344+00:00,2026-09-21T08:04:18.344+00:00,False,1,0.0,,0.0,300105.123389,300105.123389,300105.123389,300105.123389,300105.123389,300105.123389,nan,300105.123389,nan,nan,0.0,54,64,,True,False,"HTTPConnectionPool(host='gpu06', port=9004): Read timed out.",0,59.56268577710819
237,2026-09-21T07:59:19.310+00:00,2026-09-21T08:04:18.518+00:00,2026-09-21T08:04:19.358+00:00,False,11,10.0,,10.0,299207.422969,300047.37714500003,300047.37723600003,27277.03429418182,0.038329999999999996,299207.422969,90189.11503305583,149670.481206,83.9954176,40.539585631262234,0.033328070037310906,54,64,,True,False,Request timeout: 300.0s exceeded,10,59.56268577710819
239,2026-09-21T07:59:19.387+00:00,2026-09-21T08:04:18.823+00:00,2026-09-21T08:04:19.636+00:00,False,13,12.0,,12.0,299436.130088,300249.47255199996,300249.472515,23096.113270384612,0.04801,299436.130088,83029.84782455068,119846.243879,67.77853866666668,33.377397033777534,0.039966764630774594,54,64,,True,False,Request timeout: 300.0s exceeded,12,59.56268577710819
240,2026-09-21T07:59:19.447+00:00,2026-09-21T08:04:19.161+00:00,2026-09-21T08:04:19.161+00:00,True,1,1.0,,1.0,299714.01218,299714.01218,299714.01218,299714.01218,299714.01218,299714.01218,nan,299714.01218,nan,nan,0.0033365140078917216,54,64,,True,True,,3,59.56268577710819
238,2026-09-21T07:59:19.377+00:00,2026-09-21T08:04:19.274+00:00,2026-09-21T08:04:19.856+00:00,False,12,11.0,,11.0,299897.87310799997,300479.537876,300479.537821,25039.96148508333,0.05609,299897.87310799997,86557.79660595053,135001.93160319998,52.878615272727274,21.65139940104734,0.036608150018319754,54,64,,True,False,Request timeout: 300.0s exceeded,13,59.56268577710819
241,2026-09-21T07:59:19.740+00:00,2026-09-21T08:04:20.399+00:00,2026-09-21T08:04:20.399+00:00,False,1,0.0,,0.0,300659.78217,300659.78217,300659.78217,300659.78217,300659.78217,300659.78217,nan,300659.78217,nan,nan,0.0,54,64,,True,False,"HTTPConnectionPool(host='gpu06', port=9004): Read timed out.",0,59.56268577710819
242,2026-09-21T07:59:20.098+00:00,2026-09-21T08:04:20.789+00:00,2026-09-21T08:04:21.361+00:00,False,8,7.0,,7.0,300690.410306,301262.26617799996,301262.26623799995,37657.783279749994,0.030670000000000003,300690.410306,106281.24234109434,195509.07990779995,81.693696,53.04133813339801,0.023235568426163502,54,64,,True,False,Request timeout: 300.0s exceeded,50,59.56268577710819
246,2026-09-21T07:59:21.287+00:00,2026-09-21T08:04:21.525+00:00,2026-09-21T08:04:21.525+00:00,False,1,0.0,,0.0,300238.330478,300238.330478,300238.330478,300238.330478,300238.330478,300238.330478,nan,300238.330478,nan,nan,0.0,54,64,,True,False,"HTTPConnectionPool(host='gpu06', port=9004): Read timed out.",0,59.56268577710819
243,2026-09-21T07:59:20.313+00:00,2026-09-21T08:04:21.548+00:00,2026-09-21T08:04:21.548+00:00,False,1,0.0,,0.0,301235.248653,301235.248653,301235.248653,301235.248653,301235.248653,301235.248653,nan,301235.248653,nan,nan,0.0,54,64,,True,False,"HTTPConnectionPool(host='gpu06', port=9004): Read timed out.",0,59.56268577710819
244,2026-09-21T07:59:20.674+00:00,2026-09-21T08:04:21.896+00:00,2026-09-21T08:04:21.896+00:00,False,1,0.0,,0.0,301222.14991900005,301222.14991900005,301222.14991900005,301222.14991900005,301222.14991900005,301222.14991900005,nan,301222.14991900005,nan,nan,0.0,54,64,,True,False,"HTTPConnectionPool(host='gpu06', port=9004): Read timed out.",0,59.56268577710819
247,2026-09-21T07:59:21.594+00:00,2026-09-21T08:04:21.900+00:00,2026-09-21T08:04:21.900+00:00,False,1,0.0,,0.0,300305.428268,300305.428268,300305.428268,300305.428268,300305.428268,300305.428268,nan,300305.428268,nan,nan,0.0,54,64,,True,False,"HTTPConnectionPool(host='gpu06', port=9004): Read timed out.",0,59.56268577710819
245,2026-09-21T07:59:20.997+00:00,2026-09-21T08:04:23.297+00:00,2026-09-21T08:04:23.297+00:00,False,1,0.0,,0.0,302300.52181999997,302300.52181999997,302300.52181999997,302300.52181999997,302300.52181999997,302300.52181999997,nan,302300.52181999997,nan,nan,0.0,54,64,,True,False,"HTTPConnectionPool(host='gpu06', port=9004): Read timed out.",0,59.56268577710819
250,2026-09-21T07:59:22.684+00:00,2026-09-21T08:04:23.303+00:00,2026-09-21T08:04:23.303+00:00,False,1,0.0,,0.0,300619.42806199996,300619.42806199996,300619.42806199996,300619.42806199996,300619.42806199996,300619.42806199996,nan,300619.42806199996,nan,nan,0.0,54,64,,True,False,"HTTPConnectionPool(host='gpu06', port=9004): Read timed out.",0,59.56268577710819
251,2026-09-21T07:59:22.943+00:00,2026-09-21T08:04:23.310+00:00,2026-09-21T08:04:23.310+00:00,False,1,0.0,,0.0,300367.158659,300367.158659,300367.158659,300367.158659,300367.158659,300367.158659,nan,300367.158659,nan,nan,0.0,54,64,,True,False,"HTTPConnectionPool(host='gpu06', port=9004): Read timed out.",0,59.56268577710819
249,2026-09-21T07:59:22.278+00:00,2026-09-21T08:04:23.314+00:00,2026-09-21T08:04:23.314+00:00,False,1,0.0,,0.0,301035.559088,301035.559088,301035.559088,301035.559088,301035.559088,301035.559088,nan,301035.559088,nan,nan,0.0,54,64,,True,False,"HTTPConnectionPool(host='gpu06', port=9004): Read timed out.",0,59.56268577710819
248,2026-09-21T07:59:22.005+00:00,2026-09-21T08:04:23.315+00:00,2026-09-21T08:04:23.315+00:00,False,1,0.0,,0.0,301310.307572,301310.307572,301310.307572,301310.307572,301310.307572,301310.307572,nan,301310.307572,nan,nan,0.0,54,64,,True,False,"HTTPConnectionPool(host='gpu06', port=9004): Read timed out.",0,59.56268577710819
252,2026-09-21T07:59:23.332+00:00,2026-09-21T08:04:23.368+00:00,2026-09-21T08:04:23.368+00:00,False,1,0.0,,0.0,300036.26400599995,300036.26400599995,300036.26400599995,300036.26400599995,300036.26400599995,300036.26400599995,nan,300036.26400599995,nan,nan,0.0,54,64,,True,False,"HTTPConnectionPool(host='gpu06', port=9004): Read timed out.",0,59.56268577710819
253,2026-09-21T07:59:23.730+00:00,2026-09-21T08:04:23.783+00:00,2026-09-21T08:04:23.783+00:00,False,1,0.0,,0.0,300053.45162999997,300053.45162999997,300053.45162999997,300053.45162999997,300053.45162999997,300053.45162999997,nan,300053.45162999997,nan,nan,0.0,54,64,,True,False,"HTTPConnectionPool(host='gpu06', port=9004): Read timed out.",0,59.56268577710819
254,2026-09-21T07:59:24.017+00:00,2026-09-21T08:04:24.031+00:00,2026-09-21T08:04:24.031+00:00,False,1,0.0,,0.0,300014.60321,300014.60321,300014.60321,300014.60321,300014.60321,300014.60321,nan,300014.60321,nan,nan,0.0,54,64,,True,False,"HTTPConnectionPool(host='gpu06', port=9004): Read timed out.",0,59.56268577710819
255,2026-09-21T07:59:24.332+00:00,2026-09-21T08:04:24.439+00:00,2026-09-21T08:04:24.439+00:00,False,1,0.0,,0.0,300106.786691,300106.786691,300106.786691,300106.786691,300106.786691,300106.786691,nan,300106.786691,nan,nan,0.0,54,64,,True,False,"HTTPConnectionPool(host='gpu06', port=9004): Read timed out.",0,59.56268577710819
256,2026-09-21T07:59:24.675+00:00,2026-09-21T08:04:24.776+00:00,2026-09-21T08:04:24.776+00:00,False,1,0.0,,0.0,300100.755498,300100.755498,300100.755498,300100.755498,300100.755498,300100.755498,nan,300100.755498,nan,nan,0.0,54,64,,True,False,"HTTPConnectionPool(host='gpu06', port=9004): Read timed out.",0,59.56268577710819
257,2026-09-21T07:59:24.909+00:00,2026-09-21T08:04:25.011+00:00,2026-09-21T08:04:25.011+00:00,False,1,0.0,,0.0,300101.500542,300101.500542,300101.500542,300101.500542,300101.500542,300101.500542,nan,300101.500542,nan,nan,0.0,54,64,,True,False,"HTTPConnectionPool(host='gpu06', port=9004): Read timed out.",0,59.56268577710819
258,2026-09-21T07:59:25.291+00:00,2026-09-21T08:04:25.325+00:00,2026-09-21T08:04:25.325+00:00,False,1,0.0,,0.0,300034.263364,300034.263364,300034.263364,300034.263364,300034.263364,300034.263364,nan,300034.263364,nan,nan,0.0,54,64,,True,False,TTFT timeout: 300.0s exceeded (TTFT: 300.027s),0,59.56268577710819
259,2026-09-21T07:59:25.584+00:00,2026-09-21T08:04:25.528+00:00,2026-09-21T08:04:25.639+00:00,False,3,2.0,,2.0,299944.765273,300055.533401,300055.533236,100018.51107866666,0.01989,299944.765273,173141.22386744156,269961.36355300003,55.384064,78.29665543172602,0.0066654328194879885,54,64,,True,False,Request timeout: 300.0s exceeded,4,59.56268577710819
260,2026-09-21T07:59:25.963+00:00,2026-09-21T08:04:26.068+00:00,2026-09-21T08:04:26.068+00:00,False,1,0.0,,0.0,300104.918891,300104.918891,300104.918891,300104.918891,300104.918891,300104.918891,nan,300104.918891,nan,nan,0.0,54,64,,True,False,"HTTPConnectionPool(host='gpu06', port=9004): Read timed out.",0,59.56268577710819
261,2026-09-21T07:59:26.262+00:00,2026-09-21T08:04:26.346+00:00,2026-09-21T08:04:26.346+00:00,False,1,0.0,,0.0,300084.36519,300084.36519,300084.36519,300084.36519,300084.36519,300084.36519,nan,300084.36519,nan,nan,0.0,54,64,,True,False,"HTTPConnectionPool(host='gpu06', port=9004): Read timed out.",0,59.56268577710819
262,2026-09-21T07:59:26.516+00:00,2026-09-21T08:04:26.626+00:00,2026-09-21T08:04:26.626+00:00,False,1,0.0,,0.0,300110.137894,300110.137894,300110.137894,300110.137894,300110.137894,300110.137894,nan,300110.137894,nan,nan,0.0,54,64,,True,False,"HTTPConnectionPool(host='gpu06', port=9004): Read timed out.",0,59.56268577710819
263,2026-09-21T07:59:26.804+00:00,2026-09-21T08:04:26.912+00:00,2026-09-21T08:04:26.912+00:00,False,1,0.0,,0.0,300108.04935399996,300108.04935399996,300108.04935399996,300108.04935399996,300108.04935399996,300108.04935399996,nan,300108.04935399996,nan,nan,0.0,54,64,,True,False,"HTTPConnectionPool(host='gpu06', port=9004): Read timed out.",0,59.56268577710819
264,2026-09-21T07:59:27.047+00:00,2026-09-21T08:04:27.085+00:00,2026-09-21T08:04:27.085+00:00,False,1,0.0,,0.0,300037.54467699997,300037.54467699997,300037.54467699997,300037.54467699997,300037.54467699997,300037.54467699997,nan,300037.54467699997,nan,nan,0.0,54,64,,True,False,TTFT timeout: 300.0s exceeded (TTFT: 300.033s),0,59.56268577710819
265,2026-09-21T07:59:27.297+00:00,2026-09-21T08:04:27.289+00:00,2026-09-21T08:04:27.516+00:00,False,3,2.0,,2.0,299992.440449,300219.37676899997,300219.37675399997,100073.12558466666,0.03394,299992.440449,173135.24253943475,270015.8866406,113.46816,160.42005962614863,0.00666179518965185,54,64,,True,False,Request timeout: 300.0s exceeded,7,59.56268577710819
266,2026-09-21T07:59:27.543+00:00,2026-09-21T08:04:27.516+00:00,2026-09-21T08:04:27.660+00:00,False,3,2.0,,2.0,299973.168832,300117.02112,300117.021025,100039.00700833333,0.027219999999999998,299973.168832,173148.07815146993,269990.2344461,71.926144,101.6801901960997,0.006664067211303927,54,64,,True,False,Request timeout: 300.0s exceeded,4,59.56268577710819
267,2026-09-21T07:59:27.860+00:00,2026-09-21T08:04:27.964+00:00,2026-09-21T08:04:27.964+00:00,False,1,0.0,,0.0,300104.111583,300104.111583,300104.111583,300104.111583,300104.111583,300104.111583,nan,300104.111583,nan,nan,0.0,54,64,,True,False,TTFT timeout: 300.0s exceeded (TTFT: 300.099s),0,59.56268577710819
268,2026-09-21T07:59:28.261+00:00,2026-09-21T08:04:28.308+00:00,2026-09-21T08:04:28.308+00:00,False,1,0.0,,0.0,300047.36327499995,300047.36327499995,300047.36327499995,300047.36327499995,300047.36327499995,300047.36327499995,nan,300047.36327499995,nan,nan,0.0,54,64,,True,False,"HTTPConnectionPool(host='gpu06', port=9004): Read timed out.",0,59.56268577710819
269,2026-09-21T07:59:28.577+00:00,2026-09-21T08:04:28.681+00:00,2026-09-21T08:04:28.681+00:00,False,1,0.0,,0.0,300104.273355,300104.273355,300104.273355,300104.273355,300104.273355,300104.273355,nan,300104.273355,nan,nan,0.0,54,64,,True,False,"HTTPConnectionPool(host='gpu06', port=9004): Read timed out.",0,59.56268577710819
270,2026-09-21T07:59:28.961+00:00,2026-09-21T08:04:29.066+00:00,2026-09-21T08:04:29.066+00:00,False,1,0.0,,0.0,300104.68943,300104.68943,300104.68943,300104.68943,300104.68943,300104.68943,nan,300104.68943,nan,nan,0.0,54,64,,True,False,"HTTPConnectionPool(host='gpu06', port=9004): Read timed out.",0,59.56268577710819
271,2026-09-21T07:59:29.228+00:00,2026-09-21T08:04:29.265+00:00,2026-09-21T08:04:29.265+00:00,False,1,0.0,,0.0,300037.19362,300037.19362,300037.19362,300037.19362,300037.19362,300037.19362,nan,300037.19362,nan,nan,0.0,54,64,,True,False,TTFT timeout: 300.0s exceeded (TTFT: 300.028s),0,59.56268577710819
272,2026-09-21T07:59:29.604+00:00,2026-09-21T08:04:29.605+00:00,2026-09-21T08:04:29.649+00:00,False,3,2.0,,2.0,300000.428345,300044.242745,300044.24270600005,100014.74756866667,0.02773,300000.428345,173192.68132744663,270004.76417360007,21.9072,30.94199713837541,0.006665683639528285,54,64,,True,False,Request timeout: 300.0s exceeded,7,59.56268577710819
273,2026-09-21T07:59:29.947+00:00,2026-09-21T08:04:30.051+00:00,2026-09-21T08:04:30.051+00:00,False,1,0.0,,0.0,300103.641694,300103.641694,300103.641694,300103.641694,300103.641694,300103.641694,nan,300103.641694,nan,nan,0.0,54,64,,True,False,"HTTPConnectionPool(host='gpu06', port=9004): Read timed out.",0,59.56268577710819
274,2026-09-21T07:59:30.230+00:00,2026-09-21T08:04:30.334+00:00,2026-09-21T08:04:30.334+00:00,False,1,0.0,,0.0,300104.180865,300104.180865,300104.180865,300104.180865,300104.180865,300104.180865,nan,300104.180865,nan,nan,0.0,54,64,,True,False,"HTTPConnectionPool(host='gpu06', port=9004): Read timed out.",0,59.56268577710819
275,2026-09-21T07:59:30.459+00:00,2026-09-21T08:04:30.518+00:00,2026-09-21T08:04:30.518+00:00,False,1,0.0,,0.0,300059.23311900004,300059.23311900004,300059.23311900004,300059.23311900004,300059.23311900004,300059.23311900004,nan,300059.23311900004,nan,nan,0.0,54,64,,True,False,"HTTPConnectionPool(host='gpu06', port=9004): Read timed out.",0,59.56268577710819
276,2026-09-21T07:59:30.769+00:00,2026-09-21T08:04:30.857+00:00,2026-09-21T08:04:30.857+00:00,False,1,0.0,,0.0,300087.831829,300087.831829,300087.831829,300087.831829,300087.831829,300087.831829,nan,300087.831829,nan,nan,0.0,54,64,,True,False,"HTTPConnectionPool(host='gpu06', port=9004): Read timed out.",0,59.56268577710819
277,2026-09-21T07:59:31.030+00:00,2026-09-21T08:04:31.127+00:00,2026-09-21T08:04:31.127+00:00,False,1,0.0,,0.0,300097.300101,300097.300101,300097.300101,300097.300101,300097.300101,300097.300101,nan,300097.300101,nan,nan,0.0,54,64,,True,False,"HTTPConnectionPool(host='gpu06', port=9004): Read timed out.",0,59.56268577710819
278,2026-09-21T07:59:31.318+00:00,2026-09-21T08:04:31.426+00:00,2026-09-21T08:04:31.426+00:00,False,1,0.0,,0.0,300108.002922,300108.002922,300108.002922,300108.002922,300108.002922,300108.002922,nan,300108.002922,nan,nan,0.0,54,64,,True,False,"HTTPConnectionPool(host='gpu06', port=9004): Read timed out.",0,59.56268577710819
279,2026-09-21T07:59:31.669+00:00,2026-09-21T08:04:31.693+00:00,2026-09-21T08:04:32.291+00:00,True,9,9.0,,9.0,300023.703227,300622.295995,300622.29599,33402.477332222225,41.820091,300023.703227,99982.96895727805,180087.9955778,74.824096,45.969346132912385,0.02993789921739434,54,64,,True,True,,45,59.56268577710819
280,2026-09-21T07:59:31.953+00:00,2026-09-21T08:04:31.872+00:00,2026-09-21T08:04:32.126+00:00,True,5,5.0,,5.0,299919.219606,300173.63727,300173.637471,60034.7274942,53.456781,299919.219606,134099.5079524828,239949.5087052,63.604416,7.910410914857626,0.01665702573175206,54,64,,True,True,,13,59.56268577710819
283,2026-09-21T07:59:32.966+00:00,2026-09-21T08:04:33.102+00:00,2026-09-21T08:04:33.102+00:00,False,1,0.0,,0.0,300135.51595200005,300135.51595200005,300135.51595200005,300135.51595200005,300135.51595200005,300135.51595200005,nan,300135.51595200005,nan,nan,0.0,54,64,,True,False,"HTTPConnectionPool(host='gpu06', port=9004): Read timed out.",0,59.56268577710819
281,2026-09-21T07:59:32.229+00:00,2026-09-21T08:04:33.283+00:00,2026-09-21T08:04:33.283+00:00,False,1,0.0,,0.0,301054.59646100004,301054.59646100004,301054.59646100004,301054.59646100004,301054.59646100004,301054.59646100004,nan,301054.59646100004,nan,nan,0.0,54,64,,True,False,"HTTPConnectionPool(host='gpu06', port=9004): Read timed out.",0,59.56268577710819
284,2026-09-21T07:59:33.377+00:00,2026-09-21T08:04:33.430+00:00,2026-09-21T08:04:33.430+00:00,False,1,0.0,,0.0,300053.47869300004,300053.47869300004,300053.47869300004,300053.47869300004,300053.47869300004,300053.47869300004,nan,300053.47869300004,nan,nan,0.0,54,64,,True,False,"HTTPConnectionPool(host='gpu06', port=9004): Read timed out.",0,59.56268577710819
285,2026-09-21T07:59:34.833+00:00,2026-09-21T08:04:34.063+00:00,2026-09-21T08:04:34.979+00:00,False,15,14.0,,14.0,299229.568808,300146.17476,300146.174827,20009.744988466668,0.031100000000000003,299229.568808,77243.85224933371,89922.7992809,65.47185371428571,49.22562977039643,0.04664393944448749,54,64,,True,False,Request timeout: 300.0s exceeded,84,59.56268577710819
282,2026-09-21T07:59:32.634+00:00,2026-09-21T08:04:34.064+00:00,2026-09-21T08:04:35.049+00:00,False,16,15.0,,15.0,301429.259402,302415.09133799997,302415.091402,18900.943212625,0.03688,301429.259402,75340.8984512521,75523.71669425,65.72212906666667,47.76894868884094,0.049600699269452014,54,64,,True,False,Request timeout: 300.0s exceeded,15,59.56268577710819
287,2026-09-21T07:59:35.096+00:00,2026-09-21T08:04:34.390+00:00,2026-09-21T08:04:35.220+00:00,False,17,16.0,,16.0,299294.099362,300123.56521800003,300123.565289,17654.327369941177,0.03915,299294.099362,72576.90958103436,59913.299898,51.841616,15.553347440707487,0.05331137522766038,54,64,,True,False,Request timeout: 300.0s exceeded,65,59.56268577710819
289,2026-09-21T07:59:35.176+00:00,2026-09-21T08:04:35.490+00:00,2026-09-21T08:04:35.490+00:00,False,1,0.0,,0.0,300313.921258,300313.921258,300313.921258,300313.921258,300313.921258,300313.921258,nan,300313.921258,nan,nan,0.0,54,64,,True,False,"HTTPConnectionPool(host='gpu06', port=9004): Read timed out.",0,59.56268577710819
286,2026-09-21T07:59:34.972+00:00,2026-09-21T08:04:35.677+00:00,2026-09-21T08:04:35.677+00:00,False,1,0.0,,0.0,300704.18154,300704.18154,300704.18154,300704.18154,300704.18154,300704.18154,nan,300704.18154,nan,nan,0.0,54,64,,True,False,"HTTPConnectionPool(host='gpu06', port=9004): Read timed out.",0,59.56268577710819
288,2026-09-21T07:59:35.155+00:00,2026-09-21T08:04:35.714+00:00,2026-09-21T08:04:35.714+00:00,False,1,0.0,,0.0,300559.375054,300559.375054,300559.375054,300559.375054,300559.375054,300559.375054,nan,300559.375054,nan,nan,0.0,54,64,,True,False,"HTTPConnectionPool(host='gpu06', port=9004): Read timed out.",0,59.56268577710819
291,2026-09-21T07:59:35.824+00:00,2026-09-21T08:04:36.066+00:00,2026-09-21T08:04:36.066+00:00,False,1,0.0,,0.0,300242.10466,300242.10466,300242.10466,300242.10466,300242.10466,300242.10466,nan,300242.10466,nan,nan,0.0,54,64,,True,False,"HTTPConnectionPool(host='gpu06', port=9004): Read timed out.",0,59.56268577710819
290,2026-09-21T07:59:35.518+00:00,2026-09-21T08:04:36.114+00:00,2026-09-21T08:04:36.114+00:00,False,1,0.0,,0.0,300596.417624,300596.417624,300596.417624,300596.417624,300596.417624,300596.417624,nan,300596.417624,nan,nan,0.0,54,64,,True,False,"HTTPConnectionPool(host='gpu06', port=9004): Read timed out.",0,59.56268577710819
292,2026-09-21T07:59:35.950+00:00,2026-09-21T08:04:36.194+00:00,2026-09-21T08:04:36.194+00:00,False,1,0.0,,0.0,300243.717501,300243.717501,300243.717501,300243.717501,300243.717501,300243.717501,nan,300243.717501,nan,nan,0.0,54,64,,True,False,"HTTPConnectionPool(host='gpu06', port=9004): Read timed out.",0,59.56268577710819
293,2026-09-21T07:59:36.263+00:00,2026-09-21T08:04:36.368+00:00,2026-09-21T08:04:36.368+00:00,False,1,0.0,,0.0,300105.283523,300105.283523,300105.283523,300105.283523,300105.283523,300105.283523,nan,300105.283523,nan,nan,0.0,54,64,,True,False,"HTTPConnectionPool(host='gpu06', port=9004): Read timed out.",0,59.56268577710819
294,2026-09-21T07:59:36.680+00:00,2026-09-21T08:04:36.782+00:00,2026-09-21T08:04:36.782+00:00,False,1,0.0,,0.0,300102.247091,300102.247091,300102.247091,300102.247091,300102.247091,300102.247091,nan,300102.247091,nan,nan,0.0,54,64,,True,False,"HTTPConnectionPool(host='gpu06', port=9004): Read timed out.",0,59.56268577710819
295,2026-09-21T07:59:37.075+00:00,2026-09-21T08:04:37.176+00:00,2026-09-21T08:04:37.176+00:00,False,1,0.0,,0.0,300101.325592,300101.325592,300101.325592,300101.325592,300101.325592,300101.325592,nan,300101.325592,nan,nan,0.0,54,64,,True,False,"HTTPConnectionPool(host='gpu06', port=9004): Read timed out.",0,59.56268577710819
296,2026-09-21T07:59:37.447+00:00,2026-09-21T08:04:37.547+00:00,2026-09-21T08:04:37.547+00:00,False,1,0.0,,0.0,300100.087397,300100.087397,300100.087397,300100.087397,300100.087397,300100.087397,nan,300100.087397,nan,nan,0.0,54,64,,True,False,"HTTPConnectionPool(host='gpu06', port=9004): Read timed out.",0,59.56268577710819
297,2026-09-21T07:59:37.791+00:00,2026-09-21T08:04:37.880+00:00,2026-09-21T08:04:37.880+00:00,False,1,0.0,,0.0,300089.60796600004,300089.60796600004,300089.60796600004,300089.60796600004,300089.60796600004,300089.60796600004,nan,300089.60796600004,nan,nan,0.0,54,64,,True,False,"HTTPConnectionPool(host='gpu06', port=9004): Read timed out.",0,59.56268577710819
298,2026-09-21T07:59:38.063+00:00,2026-09-21T08:04:38.079+00:00,2026-09-21T08:04:38.079+00:00,False,1,0.0,,0.0,300016.30607,300016.30607,300016.30607,300016.30607,300016.30607,300016.30607,nan,300016.30607,nan,nan,0.0,54,64,,True,False,TTFT timeout: 300.0s exceeded (TTFT: 300.012s),0,59.56268577710819
299,2026-09-21T07:59:38.294+00:00,2026-09-21T08:04:38.252+00:00,2026-09-21T08:04:38.352+00:00,False,4,3.0,,3.0,299958.01408999995,300058.02048999997,300058.02060299995,75014.50515074999,0.04934,299958.01408999995,149962.34118209523,254972.46221839997,33.33546666666667,29.154105385248325,0.009998066357636259,54,64,,True,False,Request timeout: 300.0s exceeded,11,59.56268577710819
300,2026-09-21T07:59:38.612+00:00,2026-09-21T08:04:38.714+00:00,2026-09-21T08:04:38.714+00:00,False,1,0.0,,0.0,300101.990813,300101.990813,300101.990813,300101.990813,300101.990813,300101.990813,nan,300101.990813,nan,nan,0.0,54,64,,True,False,"HTTPConnectionPool(host='gpu06', port=9004): Read timed out.",0,59.56268577710819
301,2026-09-21T07:59:38.914+00:00,2026-09-21T08:04:38.932+00:00,2026-09-21T08:04:38.932+00:00,False,1,0.0,,0.0,300017.539683,300017.539683,300017.539683,300017.539683,300017.539683,300017.539683,nan,300017.539683,nan,nan,0.0,54,64,,True,False,"HTTPConnectionPool(host='gpu06', port=9004): Read timed out.",0,59.56268577710819
302,2026-09-21T07:59:39.290+00:00,2026-09-21T08:04:39.405+00:00,2026-09-21T08:04:39.405+00:00,False,1,0.0,,0.0,300115.650171,300115.650171,300115.650171,300115.650171,300115.650171,300115.650171,nan,300115.650171,nan,nan,0.0,54,64,,True,False,"HTTPConnectionPool(host='gpu06', port=9004): Read timed out.",0,59.56268577710819
303,2026-09-21T07:59:39.709+00:00,2026-09-21T08:04:39.815+00:00,2026-09-21T08:04:39.815+00:00,False,1,0.0,,0.0,300105.595509,300105.595509,300105.595509,300105.595509,300105.595509,300105.595509,nan,300105.595509,nan,nan,0.0,54,64,,True,False,"HTTPConnectionPool(host='gpu06', port=9004): Read timed out.",0,59.56268577710819
304,2026-09-21T07:59:40.005+00:00,2026-09-21T08:04:40.043+00:00,2026-09-21T08:04:40.043+00:00,False,1,0.0,,0.0,300038.038229,300038.038229,300038.038229,300038.038229,300038.038229,300038.038229,nan,300038.038229,nan,nan,0.0,54,64,,True,False,TTFT timeout: 300.0s exceeded (TTFT: 300.025s),0,59.56268577710819
305,2026-09-21T07:59:40.415+00:00,2026-09-21T08:04:40.462+00:00,2026-09-21T08:04:40.462+00:00,False,1,0.0,,0.0,300046.969037,300046.969037,300046.969037,300046.969037,300046.969037,300046.969037,nan,300046.969037,nan,nan,0.0,54,64,,True,False,TTFT timeout: 300.0s exceeded (TTFT: 300.039s),0,59.56268577710819
306,2026-09-21T07:59:40.673+00:00,2026-09-21T08:04:40.768+00:00,2026-09-21T08:04:40.768+00:00,False,1,0.0,,0.0,300094.760987,300094.760987,300094.760987,300094.760987,300094.760987,300094.760987,nan,300094.760987,nan,nan,0.0,54,64,,True,False,TTFT timeout: 300.0s exceeded (TTFT: 300.055s),0,59.56268577710819
307,2026-09-21T07:59:41.026+00:00,2026-09-21T08:04:41.064+00:00,2026-09-21T08:04:41.064+00:00,False,1,0.0,,0.0,300037.908008,300037.908008,300037.908008,300037.908008,300037.908008,300037.908008,nan,300037.908008,nan,nan,0.0,54,64,,True,False,"HTTPConnectionPool(host='gpu06', port=9004): Read timed out.",0,59.56268577710819
308,2026-09-21T07:59:41.283+00:00,2026-09-21T08:04:41.379+00:00,2026-09-21T08:04:41.379+00:00,False,1,0.0,,0.0,300096.14385500003,300096.14385500003,300096.14385500003,300096.14385500003,300096.14385500003,300096.14385500003,nan,300096.14385500003,nan,nan,0.0,54,64,,True,False,"HTTPConnectionPool(host='gpu06', port=9004): Read timed out.",0,59.56268577710819
309,2026-09-21T07:59:41.585+00:00,2026-09-21T08:04:41.684+00:00,2026-09-21T08:04:41.684+00:00,False,1,0.0,,0.0,300099.16832,300099.16832,300099.16832,300099.16832,300099.16832,300099.16832,nan,300099.16832,nan,nan,0.0,54,64,,True,False,"HTTPConnectionPool(host='gpu06', port=9004): Read timed out.",0,59.56268577710819
310,2026-09-21T07:59:41.875+00:00,2026-09-21T08:04:41.987+00:00,2026-09-21T08:04:41.987+00:00,False,1,0.0,,0.0,300111.705046,300111.705046,300111.705046,300111.705046,300111.705046,300111.705046,nan,300111.705046,nan,nan,0.0,54,64,,True,False,"HTTPConnectionPool(host='gpu06', port=9004): Read timed out.",0,59.56268577710819
311,2026-09-21T07:59:42.178+00:00,2026-09-21T08:04:42.193+00:00,2026-09-21T08:04:42.193+00:00,False,1,0.0,,0.0,300015.834257,300015.834257,300015.834257,300015.834257,300015.834257,300015.834257,nan,300015.834257,nan,nan,0.0,54,64,,True,False,TTFT timeout: 300.0s exceeded (TTFT: 300.009s),0,59.56268577710819
312,2026-09-21T07:59:42.404+00:00,2026-09-21T08:04:42.454+00:00,2026-09-21T08:04:42.454+00:00,False,1,0.0,,0.0,300050.326191,300050.326191,300050.326191,300050.326191,300050.326191,300050.326191,nan,300050.326191,nan,nan,0.0,54,64,,True,False,TTFT timeout: 300.0s exceeded (TTFT: 300.045s),0,59.56268577710819
313,2026-09-21T07:59:42.722+00:00,2026-09-21T08:04:42.770+00:00,2026-09-21T08:04:42.770+00:00,False,1,0.0,,0.0,300048.498853,300048.498853,300048.498853,300048.498853,300048.498853,300048.498853,nan,300048.498853,nan,nan,0.0,54,64,,True,False,TTFT timeout: 300.0s exceeded (TTFT: 300.038s),0,59.56268577710819
314,2026-09-21T07:59:43.047+00:00,2026-09-21T08:04:43.155+00:00,2026-09-21T08:04:43.155+00:00,False,1,0.0,,0.0,300108.519572,300108.519572,300108.519572,300108.519572,300108.519572,300108.519572,nan,300108.519572,nan,nan,0.0,54,64,,True,False,"HTTPConnectionPool(host='gpu06', port=9004): Read timed out.",0,59.56268577710819
315,2026-09-21T07:59:43.369+00:00,2026-09-21T08:04:43.473+00:00,2026-09-21T08:04:43.473+00:00,False,1,0.0,,0.0,300103.948643,300103.948643,300103.948643,300103.948643,300103.948643,300103.948643,nan,300103.948643,nan,nan,0.0,54,64,,True,False,"HTTPConnectionPool(host='gpu06', port=9004): Read timed out.",0,59.56268577710819
316,2026-09-21T07:59:43.627+00:00,2026-09-21T08:04:43.652+00:00,2026-09-21T08:04:43.652+00:00,False,1,0.0,,0.0,300025.1787,300025.1787,300025.1787,300025.1787,300025.1787,300025.1787,nan,300025.1787,nan,nan,0.0,54,64,,True,False,"HTTPConnectionPool(host='gpu06', port=9004): Read timed out.",0,59.56268577710819
317,2026-09-21T07:59:43.994+00:00,2026-09-21T08:04:44.103+00:00,2026-09-21T08:04:44.103+00:00,False,1,0.0,,0.0,300108.5195,300108.5195,300108.5195,300108.5195,300108.5195,300108.5195,nan,300108.5195,nan,nan,0.0,54,64,,True,False,"HTTPConnectionPool(host='gpu06', port=9004): Read timed out.",0,59.56268577710819
318,2026-09-21T07:59:44.239+00:00,2026-09-21T08:04:44.344+00:00,2026-09-21T08:04:44.344+00:00,False,1,0.0,,0.0,300105.390464,300105.390464,300105.390464,300105.390464,300105.390464,300105.390464,nan,300105.390464,nan,nan,0.0,54,64,,True,False,"HTTPConnectionPool(host='gpu06', port=9004): Read timed out.",0,59.56268577710819
319,2026-09-21T07:59:44.609+00:00,2026-09-21T08:04:44.634+00:00,2026-09-21T08:04:44.634+00:00,False,1,0.0,,0.0,300025.445853,300025.445853,300025.445853,300025.445853,300025.445853,300025.445853,nan,300025.445853,nan,nan,0.0,54,64,,True,False,TTFT timeout: 300.0s exceeded (TTFT: 300.010s),0,59.56268577710819
320,2026-09-21T07:59:44.982+00:00,2026-09-21T08:04:44.921+00:00,2026-09-21T08:04:45.010+00:00,True,3,3.0,,3.0,299939.24334399996,300027.80731199996,300027.807528,100009.26917599999,29.474888,299939.24334399996,173144.43724060597,269951.22793919995,44.281984,20.940497805936896,0.009999073175508327,54,64,,True,True,,18,59.56268577710819
321,2026-09-21T07:59:45.392+00:00,2026-09-21T08:04:45.709+00:00,2026-09-21T08:04:47.031+00:00,False,21,20.0,,20.0,300316.550339,301639.039939,301639.04003800004,14363.763811333334,0.041479999999999996,300316.550339,65520.02283657593,174.543209,66.12448,33.966704538300924,0.06630441472047044,54,64,,True,False,Request timeout: 300.0s exceeded,48,59.56268577710819
322,2026-09-21T07:59:45.645+00:00,2026-09-21T08:04:46.200+00:00,2026-09-21T08:04:47.071+00:00,True,16,16.0,,16.0,300555.49600700004,301426.76563900005,301426.76565300004,18839.172853312502,44.187197,300555.49600700004,75124.35353153458,75198.859553,58.08464213333333,10.543478432186369,0.05308088671582071,54,64,,True,True,,42,59.56268577710819
323,2026-09-21T07:59:46.013+00:00,2026-09-21T08:04:47.251+00:00,2026-09-21T08:04:47.251+00:00,False,1,0.0,,0.0,301238.23409,301238.23409,301238.23409,301238.23409,301238.23409,301238.23409,nan,301238.23409,nan,nan,0.0,54,64,,True,False,"HTTPConnectionPool(host='gpu06', port=9004): Read timed out.",0,59.56268577710819
326,2026-09-21T07:59:47.185+00:00,2026-09-21T08:04:47.352+00:00,2026-09-21T08:04:47.352+00:00,False,1,0.0,,0.0,300167.249011,300167.249011,300167.249011,300167.249011,300167.249011,300167.249011,nan,300167.249011,nan,nan,0.0,54,64,,True,False,"HTTPConnectionPool(host='gpu06', port=9004): Read timed out.",0,59.56268577710819
324,2026-09-21T07:59:46.432+00:00,2026-09-21T08:04:47.493+00:00,2026-09-21T08:04:47.493+00:00,False,1,0.0,,0.0,301061.338339,301061.338339,301061.338339,301061.338339,301061.338339,301061.338339,nan,301061.338339,nan,nan,0.0,54,64,,True,False,"HTTPConnectionPool(host='gpu06', port=9004): Read timed out.",0,59.56268577710819
327,2026-09-21T07:59:47.450+00:00,2026-09-21T08:04:47.507+00:00,2026-09-21T08:04:47.507+00:00,False,1,0.0,,0.0,300057.326098,300057.326098,300057.326098,300057.326098,300057.326098,300057.326098,nan,300057.326098,nan,nan,0.0,54,64,,True,False,"HTTPConnectionPool(host='gpu06', port=9004): Read timed out.",0,59.56268577710819
328,2026-09-21T07:59:47.711+00:00,2026-09-21T08:04:47.717+00:00,2026-09-21T08:04:47.717+00:00,False,1,0.0,,0.0,300006.250453,300006.250453,300006.250453,300006.250453,300006.250453,300006.250453,nan,300006.250453,nan,nan,0.0,54,64,,True,False,"HTTPConnectionPool(host='gpu06', port=9004): Read timed out.",0,59.56268577710819
325,2026-09-21T07:59:46.817+00:00,2026-09-21T08:04:47.945+00:00,2026-09-21T08:04:47.945+00:00,False,1,0.0,,0.0,301127.26875700004,301127.26875700004,301127.26875700004,301127.26875700004,301127.26875700004,301127.26875700004,nan,301127.26875700004,nan,nan,0.0,54,64,,True,False,"HTTPConnectionPool(host='gpu06', port=9004): Read timed out.",0,59.56268577710819
329,2026-09-21T07:59:48.075+00:00,2026-09-21T08:04:48.140+00:00,2026-09-21T08:04:48.140+00:00,False,1,0.0,,0.0,300065.613375,300065.613375,300065.613375,300065.613375,300065.613375,300065.613375,nan,300065.613375,nan,nan,0.0,54,64,,True,False,"HTTPConnectionPool(host='gpu06', port=9004): Read timed out.",0,59.56268577710819
330,2026-09-21T07:59:48.428+00:00,2026-09-21T08:04:48.541+00:00,2026-09-21T08:04:48.541+00:00,False,1,0.0,,0.0,300113.084599,300113.084599,300113.084599,300113.084599,300113.084599,300113.084599,nan,300113.084599,nan,nan,0.0,54,64,,True,False,"HTTPConnectionPool(host='gpu06', port=9004): Read timed out.",0,59.56268577710819
331,2026-09-21T07:59:48.762+00:00,2026-09-21T08:04:48.758+00:00,2026-09-21T08:04:49.024+00:00,False,3,2.0,,2.0,299995.288266,300261.828298,300261.82828,100087.27609333333,0.03052,299995.288266,173125.46823295866,270022.41038879997,133.270016,188.42918148291525,0.006660853333694704,54,64,,True,False,Request timeout: 300.0s exceeded,5,59.56268577710819
332,2026-09-21T07:59:49.134+00:00,2026-09-21T08:04:49.137+00:00,2026-09-21T08:04:49.137+00:00,False,1,0.0,,0.0,300002.94596,300002.94596,300002.94596,300002.94596,300002.94596,300002.94596,nan,300002.94596,nan,nan,0.0,54,64,,True,False,TTFT timeout: 300.0s exceeded (TTFT: 300.001s),0,59.56268577710819
333,2026-09-21T07:59:49.489+00:00,2026-09-21T08:04:49.590+00:00,2026-09-21T08:04:49.590+00:00,False,1,0.0,,0.0,300100.96234100003,300100.96234100003,300100.96234100003,300100.96234100003,300100.96234100003,300100.96234100003,nan,300100.96234100003,nan,nan,0.0,54,64,,True,False,"HTTPConnectionPool(host='gpu06', port=9004): Read timed out.",0,59.56268577710819
334,2026-09-21T07:59:49.795+00:00,2026-09-21T08:04:49.893+00:00,2026-09-21T08:04:49.893+00:00,False,1,0.0,,0.0,300097.707346,300097.707346,300097.707346,300097.707346,300097.707346,300097.707346,nan,300097.707346,nan,nan,0.0,54,64,,True,False,"HTTPConnectionPool(host='gpu06', port=9004): Read timed out.",0,59.56268577710819
335,2026-09-21T07:59:50.151+00:00,2026-09-21T08:04:50.205+00:00,2026-09-21T08:04:50.205+00:00,False,1,0.0,,0.0,300053.813326,300053.813326,300053.813326,300053.813326,300053.813326,300053.813326,nan,300053.813326,nan,nan,0.0,54,64,,True,False,"HTTPConnectionPool(host='gpu06', port=9004): Read timed out.",0,59.56268577710819
336,2026-09-21T07:59:50.533+00:00,2026-09-21T08:04:50.626+00:00,2026-09-21T08:04:50.626+00:00,False,1,0.0,,0.0,300092.707416,300092.707416,300092.707416,300092.707416,300092.707416,300092.707416,nan,300092.707416,nan,nan,0.0,54,64,,True,False,"HTTPConnectionPool(host='gpu06', port=9004): Read timed out.",0,59.56268577710819
337,2026-09-21T07:59:50.893+00:00,2026-09-21T08:04:50.987+00:00,2026-09-21T08:04:50.987+00:00,False,1,0.0,,0.0,300093.568293,300093.568293,300093.568293,300093.568293,300093.568293,300093.568293,nan,300093.568293,nan,nan,0.0,54,64,,True,False,"HTTPConnectionPool(host='gpu06', port=9004): Read timed out.",0,59.56268577710819
338,2026-09-21T07:59:51.288+00:00,2026-09-21T08:04:51.339+00:00,2026-09-21T08:04:51.339+00:00,False,1,0.0,,0.0,300051.087496,300051.087496,300051.087496,300051.087496,300051.087496,300051.087496,nan,300051.087496,nan,nan,0.0,54,64,,True,False,TTFT timeout: 300.0s exceeded (TTFT: 300.046s),0,59.56268577710819
339,2026-09-21T07:59:51.537+00:00,2026-09-21T08:04:51.566+00:00,2026-09-21T08:04:51.566+00:00,False,1,0.0,,0.0,300029.475531,300029.475531,300029.475531,300029.475531,300029.475531,300029.475531,nan,300029.475531,nan,nan,0.0,54,64,,True,False,TTFT timeout: 300.0s exceeded (TTFT: 300.014s),0,59.56268577710819
340,2026-09-21T07:59:51.898+00:00,2026-09-21T08:04:51.987+00:00,2026-09-21T08:04:51.987+00:00,False,1,0.0,,0.0,300089.74968300003,300089.74968300003,300089.74968300003,300089.74968300003,300089.74968300003,300089.74968300003,nan,300089.74968300003,nan,nan,0.0,54,64,,True,False,"HTTPConnectionPool(host='gpu06', port=9004): Read timed out.",0,59.56268577710819
341,2026-09-21T07:59:52.294+00:00,2026-09-21T08:04:52.360+00:00,2026-09-21T08:04:52.360+00:00,False,1,0.0,,0.0,300066.79565499997,300066.79565499997,300066.79565499997,300066.79565499997,300066.79565499997,300066.79565499997,nan,300066.79565499997,nan,nan,0.0,54,64,,True,False,"HTTPConnectionPool(host='gpu06', port=9004): Read timed out.",0,59.56268577710819
342,2026-09-21T07:59:52.663+00:00,2026-09-21T08:04:52.721+00:00,2026-09-21T08:04:52.721+00:00,False,1,0.0,,0.0,300058.249591,300058.249591,300058.249591,300058.249591,300058.249591,300058.249591,nan,300058.249591,nan,nan,0.0,54,64,,True,False,TTFT timeout: 300.0s exceeded (TTFT: 300.044s),0,59.56268577710819
345,2026-09-21T07:59:54.200+00:00,2026-09-21T08:04:53.199+00:00,2026-09-21T08:04:54.807+00:00,False,29,28.0,,28.0,298998.602357,300607.080053,300607.080238,10365.761387517241,0.029079999999999998,298998.602357,55511.9815597559,89.07072639999998,57.445632,16.511519938852086,0.0931448454077107,54,64,,True,False,Request timeout: 300.0s exceeded,87,59.56268577710819
346,2026-09-21T07:59:54.251+00:00,2026-09-21T08:04:53.291+00:00,2026-09-21T08:04:54.632+00:00,False,25,24.0,,24.0,299040.264176,300381.07492800005,300381.074734,12015.24298936,0.03082,299040.264176,59796.881153565155,76.0500712,55.867114666666666,14.734301852700195,0.07989850893819689,54,64,,True,False,Request timeout: 300.0s exceeded,120,59.56268577710819
343,2026-09-21T07:59:54.122+00:00,2026-09-21T08:04:53.871+00:00,2026-09-21T08:04:54.688+00:00,False,16,15.0,,15.0,299749.07056300004,300566.76963500003,300566.76975300006,18785.423109562504,0.038369999999999994,299749.07056300004,74923.64113271331,74993.92797700001,54.513271466666666,17.05534329016498,0.049905716517549784,54,64,,True,False,Request timeout: 300.0s exceeded,135,59.56268577710819
348,2026-09-21T07:59:54.419+00:00,2026-09-21T08:04:55.010+00:00,2026-09-21T08:04:55.010+00:00,False,1,0.0,,0.0,300591.332627,300591.332627,300591.332627,300591.332627,300591.332627,300591.332627,nan,300591.332627,nan,nan,0.0,54,64,,True,False,"HTTPConnectionPool(host='gpu06', port=9004): Read timed out.",0,59.56268577710819
349,2026-09-21T07:59:54.766+00:00,2026-09-21T08:04:55.017+00:00,2026-09-21T08:04:55.017+00:00,False,1,0.0,,0.0,300250.860856,300250.860856,300250.860856,300250.860856,300250.860856,300250.860856,nan,300250.860856,nan,nan,0.0,54,64,,True,False,"HTTPConnectionPool(host='gpu06', port=9004): Read timed out.",0,59.56268577710819
344,2026-09-21T07:59:54.184+00:00,2026-09-21T08:04:55.052+00:00,2026-09-21T08:04:55.052+00:00,False,1,0.0,,0.0,300867.746554,300867.746554,300867.746554,300867.746554,300867.746554,300867.746554,nan,300867.746554,nan,nan,0.0,54,64,,True,False,"HTTPConnectionPool(host='gpu06', port=9004): Read timed out.",0,59.56268577710819
347,2026-09-21T07:59:54.292+00:00,2026-09-21T08:04:55.163+00:00,2026-09-21T08:04:55.163+00:00,False,1,0.0,,0.0,300871.20964899997,300871.20964899997,300871.20964899997,300871.20964899997,300871.20964899997,300871.20964899997,nan,300871.20964899997,nan,nan,0.0,54,64,,True,False,"HTTPConnectionPool(host='gpu06', port=9004): Read timed out.",0,59.56268577710819
350,2026-09-21T07:59:55.265+00:00,2026-09-21T08:04:55.489+00:00,2026-09-21T08:04:55.489+00:00,False,1,0.0,,0.0,300223.664953,300223.664953,300223.664953,300223.664953,300223.664953,300223.664953,nan,300223.664953,nan,nan,0.0,54,64,,True,False,"HTTPConnectionPool(host='gpu06', port=9004): Read timed out.",0,59.56268577710819
351,2026-09-21T07:59:55.361+00:00,2026-09-21T08:04:55.555+00:00,2026-09-21T08:04:55.555+00:00,False,1,0.0,,0.0,300194.558161,300194.558161,300194.558161,300194.558161,300194.558161,300194.558161,nan,300194.558161,nan,nan,0.0,54,64,,True,False,"HTTPConnectionPool(host='gpu06', port=9004): Read timed out.",0,59.56268577710819
352,2026-09-21T07:59:55.651+00:00,2026-09-21T08:04:55.764+00:00,2026-09-21T08:04:55.764+00:00,False,1,0.0,,0.0,300113.46532200003,300113.46532200003,300113.46532200003,300113.46532200003,300113.46532200003,300113.46532200003,nan,300113.46532200003,nan,nan,0.0,54,64,,True,False,"HTTPConnectionPool(host='gpu06', port=9004): Read timed out.",0,59.56268577710819
353,2026-09-21T07:59:55.939+00:00,2026-09-21T08:04:56.030+00:00,2026-09-21T08:04:56.030+00:00,False,1,0.0,,0.0,300091.507811,300091.507811,300091.507811,300091.507811,300091.507811,300091.507811,nan,300091.507811,nan,nan,0.0,54,64,,True,False,"HTTPConnectionPool(host='gpu06', port=9004): Read timed out.",0,59.56268577710819
354,2026-09-21T07:59:56.173+00:00,2026-09-21T08:04:56.285+00:00,2026-09-21T08:04:56.285+00:00,False,1,0.0,,0.0,300111.85686400003,300111.85686400003,300111.85686400003,300111.85686400003,300111.85686400003,300111.85686400003,nan,300111.85686400003,nan,nan,0.0,54,64,,True,False,"HTTPConnectionPool(host='gpu06', port=9004): Read timed out.",0,59.56268577710819
355,2026-09-21T07:59:56.457+00:00,2026-09-21T08:04:56.569+00:00,2026-09-21T08:04:56.569+00:00,False,1,0.0,,0.0,300112.581542,300112.581542,300112.581542,300112.581542,300112.581542,300112.581542,nan,300112.581542,nan,nan,0.0,54,64,,True,False,"HTTPConnectionPool(host='gpu06', port=9004): Read timed out.",0,59.56268577710819
356,2026-09-21T07:59:56.705+00:00,2026-09-21T08:04:56.811+00:00,2026-09-21T08:04:56.811+00:00,False,1,0.0,,0.0,300106.58864499995,300106.58864499995,300106.58864499995,300106.58864499995,300106.58864499995,300106.58864499995,nan,300106.58864499995,nan,nan,0.0,54,64,,True,False,"HTTPConnectionPool(host='gpu06', port=9004): Read timed out.",0,59.56268577710819
357,2026-09-21T07:59:56.950+00:00,2026-09-21T08:04:57.066+00:00,2026-09-21T08:04:57.066+00:00,False,1,0.0,,0.0,300115.705158,300115.705158,300115.705158,300115.705158,300115.705158,300115.705158,nan,300115.705158,nan,nan,0.0,54,64,,True,False,"HTTPConnectionPool(host='gpu06', port=9004): Read timed out.",0,59.56268577710819
358,2026-09-21T07:59:57.227+00:00,2026-09-21T08:04:57.188+00:00,2026-09-21T08:04:57.358+00:00,False,3,2.0,,2.0,299960.910956,300130.279276,300130.27926599997,100043.42642199999,0.02427,299960.910956,173133.64096586694,269981.7542644,84.68416,119.72709391633626,0.006663772828334987,54,64,,True,False,Request timeout: 300.0s exceeded,4,59.56268577710819
359,2026-09-21T07:59:57.493+00:00,2026-09-21T08:04:57.447+00:00,2026-09-21T08:04:57.583+00:00,False,4,3.0,,3.0,299953.571687,300090.366567,300090.366779,75022.59169475,0.03964,299953.571687,149953.99066941818,254973.14674219998,45.59829333333334,42.46203164529579,0.00999698868817304,54,64,,True,False,Request timeout: 300.0s exceeded,6,59.56268577710819
360,2026-09-21T07:59:57.885+00:00,2026-09-21T08:04:57.999+00:00,2026-09-21T08:04:57.999+00:00,False,1,0.0,,0.0,300114.741959,300114.741959,300114.741959,300114.741959,300114.741959,300114.741959,nan,300114.741959,nan,nan,0.0,54,64,,True,False,"HTTPConnectionPool(host='gpu06', port=9004): Read timed out.",0,59.56268577710819
361,2026-09-21T07:59:58.171+00:00,2026-09-21T08:04:58.304+00:00,2026-09-21T08:04:58.304+00:00,False,1,0.0,,0.0,300133.272755,300133.272755,300133.272755,300133.272755,300133.272755,300133.272755,nan,300133.272755,nan,nan,0.0,54,64,,True,False,"HTTPConnectionPool(host='gpu06', port=9004): Read timed out.",0,59.56268577710819
362,2026-09-21T07:59:58.556+00:00,2026-09-21T08:04:58.604+00:00,2026-09-21T08:04:58.604+00:00,False,1,0.0,,0.0,300047.88123299996,300047.88123299996,300047.88123299996,300047.88123299996,300047.88123299996,300047.88123299996,nan,300047.88123299996,nan,nan,0.0,54,64,,True,False,"HTTPConnectionPool(host='gpu06', port=9004): Read timed out.",0,59.56268577710819
363,2026-09-21T07:59:58.973+00:00,2026-09-21T08:04:59.069+00:00,2026-09-21T08:04:59.069+00:00,False,1,0.0,,0.0,300096.15799800004,300096.15799800004,300096.15799800004,300096.15799800004,300096.15799800004,300096.15799800004,nan,300096.15799800004,nan,nan,0.0,54,64,,True,False,TTFT timeout: 300.0s exceeded (TTFT: 300.075s),0,59.56268577710819
364,2026-09-21T07:59:59.307+00:00,2026-09-21T08:04:59.213+00:00,2026-09-21T08:04:59.372+00:00,False,3,2.0,,2.0,299905.77482,300065.167844,300065.16779,100021.72259666666,0.02763,299905.77482,173104.6853699854,269931.133872,79.696512,112.66878796765762,0.006665218806868561,54,64,,True,False,Request timeout: 300.0s exceeded,13,59.56268577710819
365,2026-09-21T07:59:59.580+00:00,2026-09-21T08:04:59.660+00:00,2026-09-21T08:04:59.660+00:00,False,1,0.0,,0.0,300080.421499,300080.421499,300080.421499,300080.421499,300080.421499,300080.421499,nan,300080.421499,nan,nan,0.0,54,64,,True,False,"HTTPConnectionPool(host='gpu06', port=9004): Read timed out.",0,59.56268577710819
366,2026-09-21T07:59:59.861+00:00,2026-09-21T08:04:59.966+00:00,2026-09-21T08:04:59.966+00:00,False,1,0.0,,0.0,300105.315755,300105.315755,300105.315755,300105.315755,300105.315755,300105.315755,nan,300105.315755,nan,nan,0.0,54,64,,True,False,"HTTPConnectionPool(host='gpu06', port=9004): Read timed out.",0,59.56268577710819
367,2026-09-21T08:00:00.135+00:00,2026-09-21T08:05:00.246+00:00,2026-09-21T08:05:00.246+00:00,False,1,0.0,,0.0,300111.411144,300111.411144,300111.411144,300111.411144,300111.411144,300111.411144,nan,300111.411144,nan,nan,0.0,54,64,,True,False,"HTTPConnectionPool(host='gpu06', port=9004): Read timed out.",0,59.56268577710819
368,2026-09-21T08:00:00.526+00:00,2026-09-21T08:05:00.606+00:00,2026-09-21T08:05:00.606+00:00,False,1,0.0,,0.0,300079.944907,300079.944907,300079.944907,300079.944907,300079.944907,300079.944907,nan,300079.944907,nan,nan,0.0,54,64,,True,False,"HTTPConnectionPool(host='gpu06', port=9004): Read timed out.",0,59.56268577710819
369,2026-09-21T08:00:00.937+00:00,2026-09-21T08:05:00.977+00:00,2026-09-21T08:05:00.977+00:00,False,1,0.0,,0.0,300039.65836799995,300039.65836799995,300039.65836799995,300039.65836799995,300039.65836799995,300039.65836799995,nan,300039.65836799995,nan,nan,0.0,54,64,,True,False,TTFT timeout: 300.0s exceeded (TTFT: 300.033s),0,59.56268577710819
370,2026-09-21T08:00:01.266+00:00,2026-09-21T08:05:01.384+00:00,2026-09-21T08:05:01.821+00:00,True,8,8.0,,8.0,300118.21660399996,300554.69967599993,300554.69973799994,37569.33746724999,44.276216999999995,300118.21660399996,106085.76867341604,195112.24462749998,62.35472457142858,18.22396199699102,0.026617451028461893,54,64,,True,True,,24,59.56268577710819
371,2026-09-21T08:00:01.606+00:00,2026-09-21T08:05:01.819+00:00,2026-09-21T08:05:03.025+00:00,False,22,21.0,,21.0,300212.712348,301419.14511599997,301419.145064,13700.870230181818,0.02238,300212.712348,63993.31996578604,109.97912860000001,57.449179428571426,19.535408915410613,0.06967042518788324,54,64,,True,False,Request timeout: 300.0s exceeded,117,59.56268577710819
372,2026-09-21T08:00:02.013+00:00,2026-09-21T08:05:03.225+00:00,2026-09-21T08:05:03.225+00:00,False,1,0.0,,0.0,301212.340027,301212.340027,301212.340027,301212.340027,301212.340027,301212.340027,nan,301212.340027,nan,nan,0.0,54,64,,True,False,"HTTPConnectionPool(host='gpu06', port=9004): Read timed out.",0,59.56268577710819
0,2026-09-21T07:58:02.311+00:00,2026-09-21T07:58:02.575+00:00,2026-09-21T07:58:06.772+00:00,True,73,73.0,,73.0,264.594628,4460.9945,4460.994275,61.10951061643836,0.01715,264.594628,39.57666135364069,89.5698884,58.283331555555556,31.576694522777014,16.36406411171321,55,64,,False,True,,219,59.56268577710819
1,2026-09-21T07:58:02.680+00:00,2026-09-21T07:58:03.490+00:00,2026-09-21T07:58:06.899+00:00,True,56,56.0,,56.0,810.886184,4219.832616,4219.832604,75.35415364285714,41.337193,810.886184,100.6226638362905,76.79221775,61.98084421818182,10.564445518219458,13.27066855393015,55,64,,False,True,,63,59.56268577710819
2,2026-09-21T07:58:03.118+00:00,2026-09-21T07:58:03.570+00:00,2026-09-21T07:58:06.906+00:00,True,55,55.0,,55.0,452.05675099999996,3788.262831,3788.262925,68.87750772727273,40.815552000000004,452.05675099999996,53.74393992034584,80.8831611,61.78159407407407,11.013601264696742,14.5185280044261,55,64,,False,True,,164,59.56268577710819
4,2026-09-21T07:58:03.855+00:00,2026-09-21T07:58:04.020+00:00,2026-09-21T07:58:04.692+00:00,True,13,13.0,,13.0,165.223871,836.999103,836.999146,64.38454969230769,33.583413,165.223871,31.915116465069406,108.4999388,55.98126933333334,10.474839964893656,15.53167733801024,55,64,,False,True,,104,59.56268577710819
3,2026-09-21T07:58:03.434+00:00,2026-09-21T07:58:08.815+00:00,2026-09-21T07:58:14.809+00:00,True,95,95.0,,95.0,5381.021352,11374.734248,11374.734115,119.73404331578946,0.01794,5381.021352,547.4731389571317,78.16290899999998,63.76290314893617,46.22275013043137,8.351843474207204,55,64,,False,True,,381,59.56268577710819
5,2026-09-21T07:58:04.213+00:00,2026-09-21T07:58:10.757+00:00,2026-09-21T07:58:16.882+00:00,True,98,98.0,,98.0,6543.408321000001,12668.931521,12668.931447,129.27481068367348,0.01613,6543.408321000001,655.6798645236299,78.9139785,63.1497237113402,37.72381773752729,7.735458972017913,55,64,,False,True,,293,59.56268577710819
6,2026-09-21T07:58:04.613+00:00,2026-09-21T07:58:13.144+00:00,2026-09-21T07:58:17.697+00:00,True,75,75.0,,75.0,8531.689532,13084.126012,13084.126055,174.45501406666668,39.061464,8531.689532,978.1028805035562,77.320666,61.51941189189189,10.142845815889945,5.732136784009445,55,64,,False,True,,680,59.56268577710819
7,2026-09-21T07:58:04.908+00:00,2026-09-21T07:58:14.400+00:00,2026-09-21T07:58:20.014+00:00,True,92,92.0,,92.0,9491.685191999999,15105.78644,15105.786434999998,164.1933308152174,37.154104,9491.685191999999,983.1937147185791,78.19691355,61.69342030769231,9.881325562953366,6.090381349254664,55,64,,False,True,,780,59.56268577710819
8,2026-09-21T07:58:05.367+00:00,2026-09-21T07:58:17.765+00:00,2026-09-21T07:58:20.548+00:00,True,44,44.0,,44.0,12397.892601,15180.384761,15180.38486,345.0087468181818,40.613203999999996,12397.892601,1859.3309983338777,82.69910049999999,64.70912,11.315517199604814,2.898477258168094,55,64,,False,True,,330,59.56268577710819
9,2026-09-21T07:58:05.843+00:00,2026-09-21T07:58:20.260+00:00,2026-09-21T07:58:23.784+00:00,True,50,50.0,,50.0,14416.932308,17940.540372,17940.540384,358.81080768,0.0,14416.932308,2030.328565852148,273.66927109999995,71.91036865306123,82.33682075924756,2.786984057516771,55,64,,False,True,,200,59.56268577710819
10,2026-09-21T07:58:06.228+00:00,2026-09-21T07:58:22.058+00:00,2026-09-21T07:58:22.737+00:00,True,11,11.0,,11.0,15830.239437999999,16509.074893999998,16509.075108999998,1500.8250099090908,47.201635,15830.239437999999,4752.53636783135,7953.570277999999,67.88354559999999,8.753614183773557,0.6663002058339321,55,64,,False,True,,53,59.56268577710819
11,2026-09-21T07:58:06.585+00:00,2026-09-21T07:58:23.806+00:00,2026-09-21T07:58:29.493+00:00,True,93,93.0,,93.0,17220.057316,22907.654371999997,22907.654166,246.318862,0.0,17220.057316,1779.737467824411,78.86077200000001,61.82170713043478,42.892407436930014,4.0597783819225866,55,64,,False,True,,781,59.56268577710819
12,2026-09-21T07:58:07.023+00:00,2026-09-21T07:58:26.283+00:00,2026-09-21T07:58:29.497+00:00,True,53,53.0,,53.0,19260.78236,22474.330136,22474.330354,424.04396894339624,0.0,19260.78236,2637.7651804647558,79.1874724,61.7989956923077,55.94827632598421,2.358246038003293,55,64,,False,True,,159,59.56268577710819
13,2026-09-21T07:58:07.486+00:00,2026-09-21T07:58:28.752+00:00,2026-09-21T07:58:33.668+00:00,True,78,78.0,,78.0,21266.380629,26182.584405,26182.584479,335.67415998717945,0.0,21266.380629,2402.1651297611656,82.08389015,63.84680228571428,84.02544956424077,2.9790794825091673,55,64,,False,True,,604,59.56268577710819
14,2026-09-21T07:58:07.917+00:00,2026-09-21T07:58:30.999+00:00,2026-09-21T07:58:35.386+00:00,True,62,62.0,,62.0,23081.743477000004,27469.322613000004,27469.322682,443.05359164516136,0.015130000000000001,23081.743477000004,2923.8891729524935,145.97781965,71.92752681967214,98.71794147200666,2.257063301978119,55,64,,False,True,,146,59.56268577710819
15,2026-09-21T07:58:08.210+00:00,2026-09-21T07:58:32.573+00:00,2026-09-21T07:58:33.735+00:00,True,19,19.0,,19.0,24362.574098999998,25524.683538999998,25524.68353,1343.4043963157894,0.016030000000000003,24362.574098999998,5576.275009318779,3025.2076610999998,64.56163555555555,150.89953117002608,0.7443774952574546,55,64,,False,True,,87,59.56268577710819
16,2026-09-21T07:58:08.597+00:00,2026-09-21T07:58:34.325+00:00,2026-09-21T07:58:36.046+00:00,True,28,28.0,,28.0,25728.620271,27449.147887,27449.14779,980.3267067857142,0.0,25728.620271,4851.339483359699,402.22618195,63.72324503703704,106.69024446396719,1.0200680952016323,55,64,,False,True,,56,59.56268577710819
17,2026-09-21T07:58:08.966+00:00,2026-09-21T07:58:36.252+00:00,2026-09-21T07:58:39.808+00:00,True,57,57.0,,57.0,27286.185273,30842.224696999998,30842.224652,541.0916605614035,47.224175,27286.185273,3605.7445393499943,78.670594,63.500704,9.34104126411568,1.848115710198569,55,64,,False,True,,57,59.56268577710819
18,2026-09-21T07:58:09.337+00:00,2026-09-21T07:58:38.027+00:00,2026-09-21T07:58:42.697+00:00,True,75,75.0,,75.0,28690.100218,33359.975418,33359.975373,444.79967164,0.0,28690.100218,3306.2917951028135,76.919177,63.10642162162162,70.00965691828837,2.2482030954834675,55,64,,False,True,,825,59.56268577710819
19,2026-09-21T07:58:09.807+00:00,2026-09-21T07:58:40.862+00:00,2026-09-21T07:58:44.598+00:00,True,59,59.0,,59.0,31055.366245,34790.634597000004,34790.634423,589.671769881356,0.01604,31055.366245,4035.7758920591446,78.08053,64.40117848275862,94.86609955126367,1.6958586896568877,55,64,,False,True,,177,59.56268577710819
20,2026-09-21T07:58:10.082+00:00,2026-09-21T07:58:42.139+00:00,2026-09-21T07:58:43.506+00:00,True,20,20.0,,20.0,32057.863318,33424.187798,33424.18763,1671.2093815,0.01537,32057.863318,7154.0963743760385,2309.96830205,71.91181473684212,165.79173313167672,0.5983690649678776,55,64,,False,True,,40,59.56268577710819
21,2026-09-21T07:58:10.533+00:00,2026-09-21T07:58:44.330+00:00,2026-09-21T07:58:50.329+00:00,True,95,95.0,,95.0,33797.570519,39796.032983,39796.032782,418.905608231579,0.0,33797.570519,3461.750605988324,77.80995899999999,63.8134304680851,71.96537225289988,2.3871726119179253,55,64,,False,True,,475,59.56268577710819
22,2026-09-21T07:58:10.931+00:00,2026-09-21T07:58:46.649+00:00,2026-09-21T07:58:46.796+00:00,True,3,3.0,,3.0,35717.997579,35864.517131,35864.517144000005,11954.839048000002,68.406667,35717.997579,20579.49953424059,32154.009110900002,73.259776,6.8635291431600995,0.08364813581741792,55,64,,False,True,,7,59.56268577710819
23,2026-09-21T07:58:11.335+00:00,2026-09-21T07:58:48.607+00:00,2026-09-21T07:58:50.848+00:00,True,36,36.0,,36.0,37271.926100000004,39513.088084,39513.088103,1097.585780638889,47.782915,37271.926100000004,6201.321344606609,77.09521575,64.03319954285713,8.650625011717548,0.9110905207780368,55,64,,False,True,,108,59.56268577710819
24,2026-09-21T07:58:11.683+00:00,2026-09-21T07:58:50.160+00:00,2026-09-21T07:58:52.254+00:00,True,34,34.0,,34.0,38477.366115000004,40571.003235000004,40571.003313,1193.2648033235296,42.125915,38477.366115000004,6587.940721805667,81.23250135,63.443549090909094,9.99509685175643,0.8380369546954831,55,64,,False,True,,204,59.56268577710819
25,2026-09-21T07:58:11.989+00:00,2026-09-21T07:58:51.902+00:00,2026-09-21T07:58:55.643+00:00,True,60,60.0,,60.0,39913.539374,43654.232366,43654.232282,727.5705380333334,0.0,39913.539374,5146.39253420535,84.52299375000001,63.401576135593224,135.80874035035743,1.3744371793542491,55,64,,False,True,,334,59.56268577710819
26,2026-09-21T07:58:12.401+00:00,2026-09-21T07:58:53.720+00:00,2026-09-21T07:58:54.151+00:00,True,8,8.0,,8.0,41319.00729,41750.022714,41750.022665000004,5218.7528331250005,0.05105,41319.00729,14586.777789392387,26905.139987900002,61.573632,49.582269596443226,0.19161666221842238,55,64,,False,True,,40,59.56268577710819
27,2026-09-21T07:58:12.707+00:00,2026-09-21T07:58:55.642+00:00,2026-09-21T07:58:56.683+00:00,True,17,17.0,,17.0,42934.958997,43975.480213,43975.480225,2586.7929544117646,46.868355,42934.958997,10397.48739041334,8649.9775258,65.032576,8.144946332457003,0.3865790644618014,55,64,,False,True,,51,59.56268577710819
28,2026-09-21T07:58:13.165+00:00,2026-09-21T07:58:56.687+00:00,2026-09-21T07:58:57.564+00:00,True,15,15.0,,15.0,43521.544169,44399.148777,44399.14871,2959.9432473333336,41.388674,43521.544169,11221.033844730271,13111.813215999999,62.68604342857142,10.910938036119491,0.3378443148840371,55,64,,False,True,,30,59.56268577710819
29,2026-09-21T07:58:13.500+00:00,2026-09-21T07:58:59.855+00:00,2026-09-21T07:59:02.532+00:00,True,43,43.0,,43.0,46355.139743,49031.997855,49031.997831,1140.2790193255814,0.0,46355.139743,7060.693927682741,89.19778099999999,63.73471695238096,138.2218280309523,0.8769783382509083,55,64,,False,True,,127,59.56268577710819
30,2026-09-21T07:58:13.803+00:00,2026-09-21T07:59:01.285+00:00,2026-09-21T07:59:01.457+00:00,True,5,5.0,,5.0,47481.84277,47653.717074,47653.717088000005,9530.7434176,7.946531,47481.84277,21215.319610694172,37997.6235272,42.968576,23.9246715698499,0.10492360946860982,55,64,,False,True,,25,59.56268577710819
31,2026-09-21T07:58:14.084+00:00,2026-09-21T07:59:02.840+00:00,2026-09-21T07:59:04.328+00:00,True,26,26.0,,26.0,48755.753112000006,50243.84783200001,50243.84781600001,1932.4556852307694,39.285974,48755.753112000006,9550.120950926268,74.83600525,59.5237888,9.629019083538399,0.5174762905686685,55,64,,False,True,,65,59.56268577710819
32,2026-09-21T07:58:14.374+00:00,2026-09-21T07:59:04.523+00:00,2026-09-21T07:59:08.896+00:00,True,70,70.0,,70.0,50149.058576999996,54522.018832999995,54522.018790999995,778.8859827285713,0.01575,50149.058576999996,5987.562679235162,84.75049349999999,63.376235594202896,119.66803858090705,1.2838849605772815,55,64,,False,True,,143,59.56268577710819
33,2026-09-21T07:58:14.854+00:00,2026-09-21T07:59:06.938+00:00,2026-09-21T07:59:07.252+00:00,True,6,6.0,,6.0,52084.163418,52397.697369999994,52397.697361,8732.949560166666,54.306436000000005,52084.163418,21237.6724373024,39081.842428,62.706790399999996,9.503142296823551,0.11450884869294402,55,64,,False,True,,18,59.56268577710819
34,2026-09-21T07:58:15.214+00:00,2026-09-21T07:59:08.893+00:00,2026-09-21T07:59:11.990+00:00,True,51,51.0,,51.0,53678.884773000005,56775.531429,56775.53131200001,1113.2457120000001,0.0,53678.884773000005,7509.297724375788,102.5630555,61.932933119999994,147.65358994458887,0.8982742867634356,55,64,,False,True,,51,59.56268577710819
35,2026-09-21T07:58:15.641+00:00,2026-09-21T07:59:11.438+00:00,2026-09-21T07:59:13.484+00:00,True,33,33.0,,33.0,55797.083413,57843.080981,57843.081089,1752.820639060606,49.482184000000004,55797.083413,9701.899302069554,77.168937,63.937424,8.826809868428827,0.5705090296078743,55,64,,False,True,,132,59.56268577710819
36,2026-09-21T07:58:15.904+00:00,2026-09-21T07:59:12.932+00:00,2026-09-21T07:59:14.102+00:00,True,18,18.0,,18.0,57027.353224,58197.62676,58197.626746,3233.201485888889,50.010453999999996,57027.353224,13425.253211844172,8619.4102227,68.83961976470589,8.947714138488832,0.30929096257189026,55,64,,False,True,,57,59.56268577710819
37,2026-09-21T07:58:16.273+00:00,2026-09-21T07:59:14.654+00:00,2026-09-21T07:59:16.725+00:00,True,34,34.0,,34.0,58380.920066,60452.352002,60452.351928,1778.0103508235293,44.638534,58380.920066,10001.48461346641,78.6675,62.770664727272724,9.63748567442533,0.562426421371912,55,64,,False,True,,34,59.56268577710819
38,2026-09-21T07:58:16.724+00:00,2026-09-21T07:59:17.215+00:00,2026-09-21T07:59:20.013+00:00,True,44,44.0,,44.0,60491.629764,63288.92922,63288.929189999995,1438.3847543181819,0.01573,60491.629764,9111.514975229584,231.8557075,65.05347572093024,186.5671324950125,0.6952242760665244,55,64,,False,True,,396,59.56268577710819
39,2026-09-21T07:58:17.155+00:00,2026-09-21T07:59:19.383+00:00,2026-09-21T07:59:22.387+00:00,True,51,51.0,,51.0,62228.387690999996,65232.731242999995,65232.73132499999,1279.073163235294,0.0,62228.387690999996,8706.989332393328,194.71161700000002,60.08687104,173.07785649539673,0.781816107162809,55,64,,False,True,,153,59.56268577710819
40,2026-09-21T07:58:17.502+00:00,2026-09-21T07:59:21.308+00:00,2026-09-21T07:59:24.351+00:00,True,53,53.0,,53.0,63805.617674,66848.993802,66848.993912,1261.3017719245283,0.0,63805.617674,8756.356711812052,79.345731,58.526464,19.045163156534734,0.7928316790673121,55,64,,False,True,,53,59.56268577710819
41,2026-09-21T07:58:17.781+00:00,2026-09-21T07:59:22.532+00:00,2026-09-21T07:59:24.812+00:00,True,37,37.0,,37.0,64751.422603,67030.820747,67030.820603,1811.643800081081,41.075033000000005,64751.422603,10634.664423763626,78.278389,63.31661511111111,10.77606630467327,0.5519848867680164,55,64,,False,True,,168,59.56268577710819
42,2026-09-21T07:58:18.160+00:00,2026-09-21T07:59:24.770+00:00,2026-09-21T07:59:25.599+00:00,True,14,14.0,,14.0,66609.76782,67439.491468,67439.491493,4817.106535214285,43.353023,66609.76782,17785.15423910207,23364.81311705,63.824896,10.552054049891392,0.20759349893145312,55,64,,False,True,,144,59.56268577710819
43,2026-09-21T07:58:18.633+00:00,2026-09-21T07:59:27.413+00:00,2026-09-21T07:59:27.675+00:00,True,5,5.0,,5.0,68780.608143,69042.849935,69042.849866,13808.569973200001,58.488355000000006,68780.608143,30730.304111439236,55039.138975600006,65.560448,6.768722371662173,0.07241879506288082,55,64,,False,True,,24,59.56268577710819
44,2026-09-21T07:58:19.079+00:00,2026-09-21T07:59:29.597+00:00,2026-09-21T07:59:32.832+00:00,True,49,49.0,,49.0,70518.014019,73752.91449899999,73752.914444,1505.161519265306,0.0,70518.014019,10066.15084128105,80.878211,67.39376,191.11029047722724,0.6643805242525621,55,64,,False,True,,241,59.56268577710819
45,2026-09-21T07:58:19.448+00:00,2026-09-21T07:59:32.845+00:00,2026-09-21T07:59:37.316+00:00,True,91,91.0,,91.0,73396.70344699999,77867.40143099999,77867.40160999999,855.6857319780219,0.0,73396.70344699999,7690.142566312897,159.763989,49.67442204444444,141.35024442060657,1.168653355931456,55,64,,False,True,,273,59.56268577710819
46,2026-09-21T07:58:19.752+00:00,2026-09-21T07:59:32.945+00:00,2026-09-21T07:59:32.945+00:00,True,1,1.0,,1.0,73192.549814,73192.549814,73192.549814,73192.549814,73192.549814,73192.549814,nan,73192.549814,nan,nan,0.01366259274395061,55,64,,False,True,,3,59.56268577710819
47,2026-09-21T07:58:20.215+00:00,2026-09-21T07:59:35.764+00:00,2026-09-21T07:59:37.296+00:00,True,24,24.0,,24.0,75548.604594,77080.89054600001,77080.890598,3211.703774916667,19.438732,75548.604594,15407.718455507276,155.13299575,66.62112834782609,27.280267888900557,0.3113612184550123,55,64,,False,True,,96,59.56268577710819
48,2026-09-21T07:58:20.660+00:00,2026-09-21T07:59:37.959+00:00,2026-09-21T07:59:40.150+00:00,True,37,37.0,,37.0,77299.419801,79489.885849,79489.885793,2148.3752917027027,42.373293,77299.419801,12697.946902058682,79.37717500000002,60.84627911111111,9.742839882579176,0.4654680228159551,55,64,,False,True,,148,59.56268577710819
49,2026-09-21T07:58:20.991+00:00,2026-09-21T07:59:39.801+00:00,2026-09-21T07:59:46.984+00:00,True,98,98.0,,98.0,78810.793348,85993.199236,85993.19918000001,877.4816242857144,0.0,78810.793348,7955.476643612001,78.9780315,74.0454215257732,173.10029875344196,1.1396250037290565,55,64,,False,True,,857,59.56268577710819
50,2026-09-21T07:58:21.373+00:00,2026-09-21T07:59:41.770+00:00,2026-09-21T07:59:46.989+00:00,True,75,75.0,,75.0,80396.522852,85616.20310799999,85616.203161,1141.54937548,0.0,80396.522852,9277.381176896863,80.8761277,70.53621967567568,200.38905987778432,0.8760024069905523,55,64,,False,True,,522,59.56268577710819
51,2026-09-21T07:58:21.763+00:00,2026-09-21T07:59:43.621+00:00,2026-09-21T07:59:49.778+00:00,True,98,98.0,,98.0,81858.01811399999,88014.73235399999,88014.732205,898.1095122959183,0.0,81858.01811399999,8264.32578790432,78.90078765,63.471280824742266,174.75563408975862,1.1134499575120984,55,64,,False,True,,1165,59.56268577710819
52,2026-09-21T07:58:22.077+00:00,2026-09-21T07:59:46.959+00:00,2026-09-21T07:59:47.218+00:00,True,29,29.0,,29.0,84882.04866500001,85141.439641,85141.439538,2935.911708206897,0.0,84882.04866500001,15760.49318379282,65.6671336,9.26396342857143,20.395836542546764,0.34060969749018666,55,64,,False,True,,92,59.56268577710819
53,2026-09-21T07:58:22.507+00:00,2026-09-21T07:59:47.623+00:00,2026-09-21T07:59:54.390+00:00,True,82,82.0,,82.0,85115.868869,91882.521541,91882.521674,1120.5185569999999,39.636813000000004,85115.868869,9391.88786212047,79.9117955,83.53892187654321,176.4874353649198,0.892443944993497,55,64,,False,True,,82,59.56268577710819
54,2026-09-21T07:58:23.258+00:00,2026-09-21T07:59:50.364+00:00,2026-09-21T07:59:54.148+00:00,True,42,42.0,,42.0,87105.462542,90890.035982,90890.03597499999,2164.048475595238,0.01778,87105.462542,13428.055915992503,78.55598,92.30666926829268,212.1090872427848,0.46209685744120227,55,64,,False,True,,126,59.56268577710819
55,2026-09-21T07:58:23.365+00:00,2026-09-21T07:59:51.243+00:00,2026-09-21T07:59:55.891+00:00,True,74,74.0,,74.0,87878.31201800001,92526.199122,92526.199187,1250.3540430675678,0.015179999999999999,87878.31201800001,10209.697260807503,129.8651775,63.669686356164384,173.4006480231866,0.7997734771578332,55,64,,False,True,,148,59.56268577710819
56,2026-09-21T07:58:23.735+00:00,2026-09-21T07:59:54.285+00:00,2026-09-21T07:59:59.240+00:00,True,89,89.0,,89.0,90550.47960699999,95505.09311099998,95505.09316299998,1073.09093441573,0.016309999999999998,90550.47960699999,9592.450861259158,104.083515,56.30242618181818,41.15099303831238,0.9318874742790996,55,64,,False,True,,401,59.56268577710819
57,2026-09-21T07:58:24.126+00:00,2026-09-21T07:59:55.957+00:00,2026-09-21T07:59:57.554+00:00,True,25,25.0,,25.0,91830.941334,93428.394902,93428.395134,3737.13580536,46.014324,91830.941334,18352.87933281752,82.61907099999999,66.56056533333333,11.038065488568606,0.2675846034412053,55,64,,False,True,,50,59.56268577710819
58,2026-09-21T07:58:24.429+00:00,2026-09-21T07:59:57.234+00:00,2026-09-21T08:00:02.888+00:00,True,65,65.0,,65.0,92804.98116400001,98458.96977200001,98458.969861,1514.7533824769232,0.0,92804.98116400001,11502.348089568173,79.42133100000001,88.343572,230.03713589896114,0.660173472772664,55,64,,False,True,,188,59.56268577710819
59,2026-09-21T07:58:24.901+00:00,2026-09-21T07:59:59.780+00:00,2026-09-21T08:00:05.092+00:00,True,84,84.0,,84.0,94879.10771899999,100191.412615,100191.41271599999,1192.754913285714,0.0,94879.10771899999,10347.256200778695,77.12311214999998,64.00367344578314,208.73353585325333,0.8383952058125197,55,64,,False,True,,252,59.56268577710819
60,2026-09-21T07:58:25.301+00:00,2026-09-21T08:00:02.877+00:00,2026-09-21T08:00:03.795+00:00,True,33,33.0,,33.0,97575.31021099999,98493.92141099999,98493.92158099999,2984.664290333333,0.0,97575.31021099999,16980.712357745095,75.0291444,28.7066,31.47308435093572,0.33504605692666123,55,64,,False,True,,181,59.56268577710819
61,2026-09-21T07:58:25.742+00:00,2026-09-21T08:00:04.070+00:00,2026-09-21T08:00:05.723+00:00,True,26,26.0,,26.0,98327.952359,99980.657127,99980.657185,3845.4098917307692,48.060464,98327.952359,19270.73528116145,79.60402875,66.10819072,9.337642101675613,0.2600503011994971,55,64,,False,True,,26,59.56268577710819
62,2026-09-21T07:58:26.149+00:00,2026-09-21T08:00:05.853+00:00,2026-09-21T08:00:08.711+00:00,True,48,48.0,,48.0,99704.03055400001,102562.52092200001,102562.52079600001,2136.7191832500002,43.113673999999996,99704.03055400001,14382.261343294433,77.04903385,60.818944,8.710185258962381,0.4680072171442096,55,64,,False,True,,55,59.56268577710819
63,2026-09-21T07:58:26.607+00:00,2026-09-21T08:00:08.391+00:00,2026-09-21T08:00:11.018+00:00,True,43,43.0,,43.0,101784.3457,104410.940004,104410.939991,2428.161395139535,43.597974,101784.3457,15512.43281621738,77.119757,62.53795961904762,9.02728263935215,0.411834238810154,55,64,,True,True,,258,59.56268577710819
64,2026-09-21T07:58:27.060+00:00,2026-09-21T08:00:10.846+00:00,2026-09-21T08:00:12.651+00:00,True,29,29.0,,29.0,103785.609489,105590.75227299999,105590.752188,3641.060420275862,44.851444,103785.609489,19260.534312479478,77.6355122,64.46938514285713,9.211846693425725,0.27464526367822295,55,64,,True,True,,261,59.56268577710819
65,2026-09-21T07:58:27.457+00:00,2026-09-21T08:00:12.852+00:00,2026-09-21T08:00:13.987+00:00,True,19,19.0,,19.0,105394.913074,106530.744626,106530.744794,5606.881304947368,50.867385,105394.913074,24164.775996150114,10608.4406998,63.10175288888889,7.849809927594972,0.17835226879060828,55,64,,True,True,,20,59.56268577710819
66,2026-09-21T07:58:27.871+00:00,2026-09-21T08:00:15.224+00:00,2026-09-21T08:00:19.408+00:00,True,67,67.0,,67.0,107352.726569,111536.55735300001,111536.55750400001,1664.7247388656717,46.306114,107352.726569,13107.482338752461,78.3824053,63.391375515151516,10.153561884061588,0.6006999103258399,55,64,,True,True,,67,59.56268577710819
67,2026-09-21T07:58:28.278+00:00,2026-09-21T08:00:17.100+00:00,2026-09-21T08:00:19.804+00:00,True,43,43.0,,43.0,108822.06448999999,111525.768042,111525.76805199998,2593.622512837209,48.038144,108822.06448999999,16585.394672052465,76.37167799999999,64.3738940952381,8.923755332613872,0.38556111968497214,55,64,,True,True,,86,59.56268577710819
68,2026-09-21T07:58:28.632+00:00,2026-09-21T08:00:18.931+00:00,2026-09-21T08:00:21.789+00:00,True,46,46.0,,46.0,110299.509099,113157.458539,113157.458562,2459.9447513478262,41.769863,110299.509099,16253.41394159804,77.6332285,63.509987555555554,9.28648484485825,0.40651319492250687,55,64,,True,True,,339,59.56268577710819
69,2026-09-21T07:58:29.071+00:00,2026-09-21T08:00:21.225+00:00,2026-09-21T08:00:24.064+00:00,True,47,47.0,,47.0,112154.29581499999,114993.77178299999,114993.77166599999,2446.6759928936167,42.838583,112154.29581499999,16350.384398800596,77.3713627,61.72773843478261,9.861010905129325,0.4087177876788994,55,64,,True,True,,141,59.56268577710819
70,2026-09-21T07:58:29.391+00:00,2026-09-21T08:00:22.788+00:00,2026-09-21T08:00:24.562+00:00,True,29,29.0,,29.0,113397.86071699999,115171.956333,115171.95623899999,3971.4467668620687,45.803004,113397.86071699999,21045.690936463692,79.6217974,63.36055771428572,10.656546448822953,0.2517974073146024,55,64,,True,True,,99,59.56268577710819
71,2026-09-21T07:58:29.728+00:00,2026-09-21T08:00:24.502+00:00,2026-09-21T08:00:29.352+00:00,True,78,78.0,,78.0,114773.91037,119623.942754,119623.94281,1533.6402924358974,40.981633,114773.91037,12988.457923209768,76.6853965,62.98743355844156,9.683199362970814,0.6520433803156168,55,64,,True,True,,312,59.56268577710819
72,2026-09-21T07:58:30.005+00:00,2026-09-21T08:00:26.189+00:00,2026-09-21T08:00:29.175+00:00,True,48,48.0,,48.0,116183.532286,119169.37651,119169.376408,2482.6953418333333,41.947074,116183.532286,16760.48188583243,78.25921749999999,63.5286005106383,10.202164076049428,0.402788043419629,55,64,,True,True,,96,59.56268577710819
73,2026-09-21T07:58:30.453+00:00,2026-09-21T08:00:28.196+00:00,2026-09-21T08:00:30.847+00:00,True,44,44.0,,44.0,117742.924919,120394.199671,120394.19970699999,2736.231811522727,44.098433,117742.924919,17741.121195591026,77.74100965000001,61.65755237209302,9.752211683722438,0.3654661114924004,55,64,,True,True,,484,59.56268577710819
74,2026-09-21T07:58:30.811+00:00,2026-09-21T08:00:30.403+00:00,2026-09-21T08:00:31.734+00:00,True,22,22.0,,22.0,119592.492707,120923.50403499999,120923.503885,5496.522903863636,53.155834000000006,119592.492707,25483.69361998846,77.99046449999999,63.38149180952381,8.905747288828579,0.18193319963364887,55,64,,True,True,,42,59.56268577710819
75,2026-09-21T07:58:31.091+00:00,2026-09-21T08:00:31.679+00:00,2026-09-21T08:00:34.973+00:00,True,52,52.0,,52.0,120588.177182,123882.251294,123882.251147,2382.350983596154,45.892094,120588.177182,16713.61675868321,78.46695254999999,64.58968847058824,8.951615395755924,0.41975343083322314,55,64,,True,True,,104,59.56268577710819
76,2026-09-21T07:58:31.471+00:00,2026-09-21T08:00:33.310+00:00,2026-09-21T08:00:39.521+00:00,True,100,100.0,,100.0,121839.518853,128050.132101,128050.132054,1280.50132054,43.615453,121839.518853,12177.682257496852,76.89363395000001,62.73346715151515,9.565481111243457,0.7809441377313429,55,64,,True,True,,552,59.56268577710819
77,2026-09-21T07:58:31.918+00:00,2026-09-21T08:00:35.578+00:00,2026-09-21T08:00:37.773+00:00,True,37,37.0,,37.0,123659.971436,125854.682476,125854.682589,3401.477907810811,45.693834,123659.971436,20319.553835332474,79.18951,60.964195555555555,9.61912480160331,0.2939898561744475,55,64,,True,True,,74,59.56268577710819
78,2026-09-21T07:58:32.299+00:00,2026-09-21T08:00:37.824+00:00,2026-09-21T08:00:43.697+00:00,True,91,91.0,,91.0,125524.976742,131397.961318,131397.961369,1443.9336414175823,40.445083,125524.976742,13151.75589160808,77.5497455,65.25538417777777,9.703356131513964,0.6925526019370138,55,64,,True,True,,98,59.56268577710819
79,2026-09-21T07:58:32.712+00:00,2026-09-21T08:00:39.763+00:00,2026-09-21T08:00:42.647+00:00,True,45,45.0,,45.0,127051.105933,129935.516301,129935.516169,2887.4559148666667,44.069894,127051.105933,18929.89039889077,77.3842178,65.55478109090909,9.01115166364895,0.3463256335223695,55,64,,True,True,,315,59.56268577710819
80,2026-09-21T07:58:33.374+00:00,2026-09-21T08:00:40.489+00:00,2026-09-21T08:00:41.023+00:00,True,9,9.0,,9.0,127115.173589,127649.260757,127649.260909,14183.25121211111,54.365004,127115.173589,42349.4716341666,76298.5686158,66.760896,8.479735039034718,0.07050569620714753,55,64,,True,True,,66,59.56268577710819
81,2026-09-21T07:58:33.399+00:00,2026-09-21T08:00:41.871+00:00,2026-09-21T08:00:46.749+00:00,True,76,76.0,,76.0,128471.80209900001,133349.588467,133349.58832100002,1754.5998463289475,42.251313,128471.80209900001,14729.26928236903,78.16147575,65.03715157333333,9.736193528046664,0.5699305177743965,55,64,,True,True,,456,59.56268577710819
82,2026-09-21T07:58:33.820+00:00,2026-09-21T08:00:45.938+00:00,2026-09-21T08:00:50.817+00:00,True,77,77.0,,77.0,132117.659687,136996.82615100002,136996.82618,1779.1795607792208,41.454273,132117.659687,15048.891098146503,77.99750920000001,64.1995587368421,9.004506394493701,0.5620568166676315,55,64,,True,True,,77,59.56268577710819
83,2026-09-21T07:58:34.091+00:00,2026-09-21T08:00:47.507+00:00,2026-09-21T08:00:48.166+00:00,True,11,11.0,,11.0,133416.523636,134075.610996,134075.611025,12188.691911363636,48.450434,133416.523636,40206.72412385697,66746.73975600001,65.908736,9.095816248108601,0.08204325841430007,55,64,,True,True,,101,59.56268577710819
84,2026-09-21T07:58:34.409+00:00,2026-09-21T08:00:49.110+00:00,2026-09-21T08:00:55.265+00:00,True,98,98.0,,98.0,134701.57473199998,140856.21357999998,140856.21346899998,1437.3083007040814,40.457343,134701.57473199998,13600.50777523881,78.04201765,63.44988503092784,9.572969597882663,0.695744955151307,55,64,,True,True,,686,59.56268577710819
85,2026-09-21T07:58:34.716+00:00,2026-09-21T08:00:50.814+00:00,2026-09-21T08:00:52.322+00:00,True,25,25.0,,25.0,136098.297407,137605.466175,137605.466139,5504.21864556,45.951913,136098.297407,27207.101538214272,77.415846,62.79869866666667,10.099062936417859,0.18167882930032883,55,64,,True,True,,150,59.56268577710819
86,2026-09-21T07:58:35.000+00:00,2026-09-21T08:00:52.089+00:00,2026-09-21T08:00:58.170+00:00,True,98,98.0,,98.0,137088.841912,143170.70892,143170.708705,1460.9255990306124,42.881943,137088.841912,13841.733681839492,75.95455650000001,62.699659876288656,9.244127628265714,0.6844975535796208,55,64,,True,True,,882,59.56268577710819
87,2026-09-21T07:58:35.334+00:00,2026-09-21T08:00:54.026+00:00,2026-09-21T08:00:57.566+00:00,True,57,57.0,,57.0,138692.207681,142231.822657,142231.822665,2495.2951344736844,42.132603,138692.207681,18361.86187147657,76.2020918,63.20741028571428,9.116830697735193,0.4007541978665259,55,64,,True,True,,285,59.56268577710819
88,2026-09-21T07:58:35.635+00:00,2026-09-21T08:00:55.687+00:00,2026-09-21T08:00:58.750+00:00,True,50,50.0,,50.0,140051.833954,143114.294626,143114.294692,2862.28589384,42.788433,140051.833954,19797.4843368132,77.8965465,62.4991973877551,10.556306455165764,0.34937111020715855,55,64,,True,True,,100,59.56268577710819
89,2026-09-21T07:58:36.036+00:00,2026-09-21T08:00:57.562+00:00,2026-09-21T08:01:01.388+00:00,True,61,61.0,,61.0,141526.67486199999,145352.355502,145352.35532499998,2382.825497131147,42.881612999999994,141526.67486199999,18112.47307983433,76.733086,63.761344,10.523888042477669,0.41966984153318837,55,64,,True,True,,188,59.56268577710819
90,2026-09-21T07:58:36.371+00:00,2026-09-21T08:00:59.403+00:00,2026-09-21T08:01:00.159+00:00,True,13,13.0,,13.0,143031.250303,143787.471487,143787.471579,11060.574736846154,44.799313999999995,143031.250303,39652.25469054079,57260.1972808,63.018432,11.603301190673438,0.09041121500752829,55,64,,True,True,,38,59.56268577710819
91,2026-09-21T07:58:36.679+00:00,2026-09-21T08:01:00.810+00:00,2026-09-21T08:01:03.800+00:00,True,47,47.0,,47.0,144130.593246,147120.74979,147120.749818,3130.228719531915,46.008474,144130.593246,21014.128104382824,78.82421670000002,65.00340313043478,9.42329304531188,0.3194654735452868,55,64,,True,True,,101,59.56268577710819
92,2026-09-21T07:58:37.160+00:00,2026-09-21T08:01:03.324+00:00,2026-09-21T08:01:04.438+00:00,True,19,19.0,,19.0,146163.359634,147278.011794,147278.011806,7751.474305578947,46.912862999999994,146163.359634,33517.96913285476,14686.216296899998,61.92512,9.659078844269937,0.12900771655293386,55,64,,True,True,,57,59.56268577710819
93,2026-09-21T07:58:37.458+00:00,2026-09-21T08:01:04.831+00:00,2026-09-21T08:01:08.753+00:00,True,63,63.0,,63.0,147373.573895,151295.386375,151295.386206,2401.514066761905,45.115283000000005,147373.573895,18559.358068043708,78.78261200000001,63.25504,9.494522066448873,0.4164039731115694,55,64,,True,True,,316,59.56268577710819
94,2026-09-21T07:58:37.875+00:00,2026-09-21T08:01:07.145+00:00,2026-09-21T08:01:09.463+00:00,True,38,38.0,,38.0,149269.843532,151587.86542,151587.865426,3989.1543533157896,41.448553,149269.843532,24204.60556358978,78.26625485000001,62.649240216216214,11.069214986214934,0.250679695862954,55,64,,True,True,,114,59.56268577710819
95,2026-09-21T07:58:38.358+00:00,2026-09-21T08:01:10.032+00:00,2026-09-21T08:01:13.155+00:00,True,50,50.0,,50.0,151673.471547,154796.618299,154796.6182,3095.932364,39.368103000000005,151673.471547,21440.856361865684,79.5090435,63.73768881632653,9.770156771074966,0.32300447225159445,55,64,,True,True,,300,59.56268577710819
96,2026-09-21T07:58:38.651+00:00,2026-09-21T08:01:11.906+00:00,2026-09-21T08:01:16.760+00:00,True,77,77.0,,77.0,153254.36207600002,158108.395484,158108.395606,2053.3557870909094,44.581993000000004,153254.36207600002,17457.679788534948,77.00088980000001,63.86886063157895,10.083456019237532,0.48700766182774985,55,64,,True,True,,231,59.56268577710819
97,2026-09-21T07:58:39.079+00:00,2026-09-21T08:01:14.377+00:00,2026-09-21T08:01:16.205+00:00,True,30,30.0,,30.0,155298.087775,157126.21884699998,157126.21876,5237.540625333333,47.122133000000005,155298.087775,28341.91418632154,77.71577500000001,63.03900248275862,9.51793539036411,0.1909293065163885,55,64,,True,True,,112,59.56268577710819
98,2026-09-21T07:58:39.469+00:00,2026-09-21T08:01:16.203+00:00,2026-09-21T08:01:19.313+00:00,True,50,50.0,,50.0,156734.59047,159844.552198,159844.552231,3196.89104462,49.267374000000004,156734.59047,22156.64483928319,79.6751625,63.46860669387755,10.20516077507968,0.31280390424607546,55,64,,True,True,,275,59.56268577710819
99,2026-09-21T07:58:39.786+00:00,2026-09-21T08:01:17.721+00:00,2026-09-21T08:01:22.688+00:00,True,80,80.0,,80.0,157934.98227,162902.602622,162902.602523,2036.2825315375,40.943013,157934.98227,17650.64057814169,77.43766655000002,62.88127027848101,10.525682897924591,0.491090987573921,55,64,,True,True,,200,59.56268577710819
100,2026-09-21T07:58:40.053+00:00,2026-09-21T08:01:19.259+00:00,2026-09-21T08:01:19.830+00:00,True,10,10.0,,10.0,159205.930956,159777.220044,159777.220039,15977.7220039,52.490494,159205.930956,50325.26329017395,87595.81326,63.47656533333333,7.214002450115469,0.06258714475847162,55,64,,True,True,,1,59.56268577710819
101,2026-09-21T07:58:40.386+00:00,2026-09-21T08:01:21.122+00:00,2026-09-21T08:01:24.034+00:00,True,46,46.0,,46.0,160735.86668099998,163647.85720899998,163647.857283,3557.562114847826,45.952343,160735.86668099998,23689.671454776995,77.033233,64.71090062222223,9.718296049429165,0.2810913676752389,55,64,,True,True,,253,59.56268577710819
102,2026-09-21T07:58:40.756+00:00,2026-09-21T08:01:23.102+00:00,2026-09-21T08:01:23.763+00:00,True,11,11.0,,11.0,162345.614814,163006.884318,163006.88427,14818.807660909091,55.611023,162345.614814,48929.107033820466,81210.784989,66.1269504,6.988950871872532,0.06748181247695517,55,64,,True,True,,15,59.56268577710819
103,2026-09-21T07:58:41.053+00:00,2026-09-21T08:01:24.513+00:00,2026-09-21T08:01:29.693+00:00,True,84,84.0,,84.0,163459.531919,168639.658127,168639.658169,2007.614978202381,45.830532,163459.531919,17828.089575547576,75.22236665,62.41115913253012,8.69371276877962,0.4981034765662349,55,64,,True,True,,250,59.56268577710819
104,2026-09-21T07:58:41.338+00:00,2026-09-21T08:01:25.919+00:00,2026-09-21T08:01:28.186+00:00,True,38,38.0,,38.0,164580.844446,166848.253598,166848.253769,4390.743520236842,45.483722,164580.844446,26688.599040744004,77.28991065,61.28132843243244,9.682060758520908,0.2277518594324412,55,64,,True,True,,190,59.56268577710819
105,2026-09-21T07:58:41.766+00:00,2026-09-21T08:01:27.938+00:00,2026-09-21T08:01:29.380+00:00,True,24,24.0,,24.0,166171.95438100002,167614.26734100003,167614.26730900002,6983.927804541668,42.988912,166171.95438100002,33906.909202015304,76.90315229999999,62.70925913043478,10.401661873779345,0.14318590165820194,55,64,,True,True,,4,59.56268577710819
106,2026-09-21T07:58:42.071+00:00,2026-09-21T08:01:29.377+00:00,2026-09-21T08:01:32.242+00:00,True,47,47.0,,47.0,167305.699747,170170.642595,170170.642612,3620.6519704680854,48.238402,167305.699747,24394.96121888748,76.21409469999999,62.28136626086956,8.411861036058609,0.27619335088166946,55,64,,True,True,,180,59.56268577710819
107,2026-09-21T07:58:42.504+00:00,2026-09-21T08:01:31.589+00:00,2026-09-21T08:01:32.429+00:00,True,15,15.0,,15.0,169084.89619200001,169925.28761600002,169925.287707,11328.3525138,44.943932000000004,169084.89619200001,43642.034352854425,50779.150726399996,60.027958857142856,9.87339484277384,0.08827408922147743,55,64,,True,True,,30,59.56268577710819
109,2026-09-21T07:58:43.528+00:00,2026-09-21T08:01:34.413+00:00,2026-09-21T08:01:37.933+00:00,True,56,56.0,,56.0,170884.16196700002,174404.363695,174404.36348700002,3114.363633696429,42.345172,170884.16196700002,22826.806138553697,78.16826175,64.00366778181818,10.370041624908877,0.32109288330613867,55,64,,True,True,,168,59.56268577710819
108,2026-09-21T07:58:43.482+00:00,2026-09-21T08:01:34.715+00:00,2026-09-21T08:01:35.038+00:00,True,6,6.0,,6.0,171233.254688,171556.363296,171556.363266,28592.727210999998,49.342082999999995,171233.254688,69879.30263219573,128444.2546795,64.6217216,12.115211663478803,0.034973928595395304,55,64,,True,True,,6,59.56268577710819
110,2026-09-21T07:58:43.677+00:00,2026-09-21T08:01:36.589+00:00,2026-09-21T08:01:40.106+00:00,True,56,56.0,,56.0,172911.58011,176428.155342,176428.15540000002,3150.5027750000004,43.581182,172911.58011,23097.73992448924,76.81304975,63.937731490909094,10.040881111783591,0.31740965545689626,55,64,,True,True,,112,59.56268577710819
111,2026-09-21T07:58:44.096+00:00,2026-09-21T08:01:39.549+00:00,2026-09-21T08:01:39.989+00:00,True,8,8.0,,8.0,175452.93544600002,175892.40066200003,175892.40072,21986.55009,55.827633999999996,175452.93544600002,62009.78418704922,114069.65071330001,62.78074514285714,6.791778479540182,0.045482351539297215,55,64,,True,True,,12,59.56268577710819
112,2026-09-21T07:58:44.457+00:00,2026-09-21T08:01:41.376+00:00,2026-09-21T08:01:47.437+00:00,True,99,99.0,,99.0,176918.22379800002,182979.48664600003,182979.48668600002,1848.2776432929295,46.452092,176918.22379800002,17774.73647252321,75.39064789999999,61.84962089795918,8.644893933800278,0.5410442548214689,55,64,,True,True,,99,59.56268577710819
113,2026-09-21T07:58:44.918+00:00,2026-09-21T08:01:43.740+00:00,2026-09-21T08:01:48.220+00:00,True,72,72.0,,72.0,178822.464228,183302.879716,183302.879761,2545.873330013889,48.328892999999994,178822.464228,21066.994333795363,78.16492645,63.10444349295775,8.647611767487383,0.3927925197441146,55,64,,True,True,,217,59.56268577710819
114,2026-09-21T07:58:45.386+00:00,2026-09-21T08:01:46.154+00:00,2026-09-21T08:01:50.044+00:00,True,63,63.0,,63.0,180767.446649,184657.52639299998,184657.526299,2931.071846015873,47.196873,180767.446649,22766.6543350488,77.2094301,62.743221677419356,8.785487948826535,0.3411721213351432,55,64,,True,True,,293,59.56268577710819
115,2026-09-21T07:58:45.696+00:00,2026-09-21T08:01:47.697+00:00,2026-09-21T08:01:48.522+00:00,True,14,14.0,,14.0,182001.37073199998,182825.76778799997,182825.76789499997,13058.983421071427,45.319072999999996,182001.37073199998,48624.9646132968,63751.11854829999,63.41515815384615,8.32493517178372,0.07657563903264467,55,64,,True,True,,17,59.56268577710819
116,2026-09-21T07:58:45.999+00:00,2026-09-21T08:01:49.382+00:00,2026-09-21T08:01:52.520+00:00,True,50,50.0,,50.0,183383.302101,186521.854677,186521.85460000002,3730.437092,46.610082000000006,183383.302101,25925.258841762487,77.88794855,64.05209338775511,9.978261700991597,0.2680651020041862,55,64,,True,True,,100,59.56268577710819
117,2026-09-21T07:58:46.358+00:00,2026-09-21T08:01:51.132+00:00,2026-09-21T08:01:53.770+00:00,True,43,43.0,,43.0,184774.802448,187412.67560000002,187412.675632,4358.434317023256,47.610453,184774.802448,28168.316822665034,76.756475,62.80650361904762,9.359707054770018,0.22944019054386733,55,64,,True,True,,96,59.56268577710819
118,2026-09-21T07:58:46.815+00:00,2026-09-21T08:01:53.277+00:00,2026-09-21T08:01:56.340+00:00,True,49,49.0,,49.0,186461.791176,189524.485576,189524.485573,3867.846644346939,40.478451,186461.791176,26628.28541668597,78.83038199999999,63.806133333333335,10.001572569550955,0.25854179132094685,55,64,,True,True,,99,59.56268577710819
119,2026-09-21T07:58:47.274+00:00,2026-09-21T08:01:55.663+00:00,2026-09-21T08:02:00.749+00:00,True,81,81.0,,81.0,188388.665579,193474.28477899998,193474.284732,2388.5714164444444,43.181392,188388.665579,20925.01253736758,76.162374,63.57024,9.076889090378303,0.4186602891052107,55,64,,True,True,,81,59.56268577710819
120,2026-09-21T07:58:47.552+00:00,2026-09-21T08:01:57.037+00:00,2026-09-21T08:01:57.549+00:00,True,9,9.0,,9.0,189485.596483,189997.535043,189997.534961,21110.83721788889,50.283162,189485.596483,63140.53536393591,113723.60028379998,63.99232,9.607103107129253,0.04736903559282036,55,64,,True,True,,36,59.56268577710819
121,2026-09-21T07:58:47.970+00:00,2026-09-21T08:01:59.280+00:00,2026-09-21T08:02:00.803+00:00,True,25,25.0,,25.0,191309.565871,192832.368303,192832.368223,7713.29472892,43.280472,191309.565871,38249.22442122744,78.5924838,63.450101333333336,10.055234475061999,0.12964628407569612,55,64,,True,True,,50,59.56268577710819
122,2026-09-21T07:58:48.399+00:00,2026-09-21T08:02:01.706+00:00,2026-09-21T08:02:03.046+00:00,True,23,23.0,,23.0,193306.687878,194647.498886,194647.49896,8462.934737391304,46.175773,193306.687878,40294.52379117607,79.304265,60.94595490909091,9.83526881437717,0.11816231974021153,55,64,,True,True,,107,59.56268577710819
123,2026-09-21T07:58:48.664+00:00,2026-09-21T08:02:03.303+00:00,2026-09-21T08:02:09.058+00:00,True,92,92.0,,92.0,194638.368296,200393.358888,200393.359097,2178.1886858369567,44.213883,194638.368296,20285.861206330996,76.57937544999999,63.241654857142855,8.934146718460525,0.4590970504737079,55,64,,True,True,,560,59.56268577710819
124,2026-09-21T07:58:49.008+00:00,2026-09-21T08:02:05.130+00:00,2026-09-21T08:02:07.423+00:00,True,38,38.0,,38.0,196122.63123899998,198414.833223,198414.833223,5221.442979552631,50.885233,196122.63123899998,31805.24306569567,75.69021765,61.95140497297297,7.902240685070049,0.19151793937347164,55,64,,True,True,,196,59.56268577710819
125,2026-09-21T07:58:49.328+00:00,2026-09-21T08:02:06.764+00:00,2026-09-21T08:02:10.363+00:00,True,58,58.0,,58.0,197435.980264,201034.89175200003,201034.891739,3466.118823086207,45.258072,197435.980264,25916.325054662546,75.94223550000001,63.13879803508772,8.276403085796602,0.2885071317448205,55,64,,True,True,,115,59.56268577710819
126,2026-09-21T07:58:49.664+00:00,2026-09-21T08:02:08.603+00:00,2026-09-21T08:02:14.702+00:00,True,98,98.0,,98.0,198938.67196900002,205037.46032100002,205037.46035900002,2092.218983255102,45.593794,198938.67196900002,20089.49119732957,76.513939,62.87410672164948,8.716148432621592,0.47796144102923616,55,64,,True,True,,241,59.56268577710819
127,2026-09-21T07:58:49.950+00:00,2026-09-21T08:02:10.045+00:00,2026-09-21T08:02:11.029+00:00,True,17,17.0,,17.0,200095.01800799998,201078.94863199999,201078.94873099998,11828.173454764705,45.456472000000005,200095.01800799998,48515.25596856363,40080.0951408,61.495664,7.881258068932092,0.0845439073341892,55,64,,True,True,,187,59.56268577710819
128,2026-09-21T07:58:50.314+00:00,2026-09-21T08:02:12.444+00:00,2026-09-21T08:02:17.595+00:00,True,82,82.0,,82.0,202130.010889,207280.432649,207280.432678,2527.810154609756,42.848811999999995,202130.010889,22314.505939512634,77.22986300000001,63.58545382716049,9.99374183683265,0.39559932865855874,55,64,,True,True,,409,59.56268577710819
129,2026-09-21T07:58:50.681+00:00,2026-09-21T08:02:14.388+00:00,2026-09-21T08:02:14.889+00:00,True,9,9.0,,9.0,203707.14286700002,204208.035283,204208.03537400003,22689.781708222225,50.899723,203707.14286700002,67881.51107142758,122254.29210980002,62.611552,9.940688173295737,0.04407270256298889,55,64,,True,True,,51,59.56268577710819
130,2026-09-21T07:58:51.101+00:00,2026-09-21T08:02:16.661+00:00,2026-09-21T08:02:20.234+00:00,True,58,58.0,,58.0,205560.600286,209133.190878,209133.190799,3605.744668948276,45.332883,205560.600286,26983.200845369043,79.15197815,62.67702792982456,9.322214084419109,0.27733522238387737,55,64,,True,True,,232,59.56268577710819
131,2026-09-21T07:58:51.436+00:00,2026-09-21T08:02:18.488+00:00,2026-09-21T08:02:19.924+00:00,True,24,24.0,,24.0,207051.57443900002,208487.669927,208487.66978700002,8686.986241125001,45.336423,207051.57443900002,42251.481713702204,87.88369285,62.438934260869566,10.942093931274917,0.11511472121302604,55,64,,True,True,,84,59.56268577710819
132,2026-09-21T07:58:51.881+00:00,2026-09-21T08:02:20.876+00:00,2026-09-21T08:02:26.112+00:00,True,85,85.0,,85.0,208994.374463,214230.70214299997,214230.702126,2520.361201482353,45.490523,208994.374463,22661.863109485585,77.6440582,62.33723428571428,9.249066815979008,0.39676852640506266,55,64,,True,True,,85,59.56268577710819
133,2026-09-21T07:58:52.232+00:00,2026-09-21T08:02:22.949+00:00,2026-09-21T08:02:24.413+00:00,True,25,25.0,,25.0,210716.718539,212180.920523,212180.920548,8487.23682192,42.915043,210716.718539,42131.14328024126,76.32964399999999,61.008416,10.508200941383077,0.1178239774734602,55,64,,True,True,,60,59.56268577710819
134,2026-09-21T07:58:52.547+00:00,2026-09-21T08:02:24.417+00:00,2026-09-21T08:02:26.707+00:00,True,37,37.0,,37.0,211869.586175,214159.550463,214159.550559,5788.095961054054,44.527142,211869.586175,34820.68924052645,76.64038,63.61011911111111,9.545956232386983,0.17276838656043234,55,64,,True,True,,257,59.56268577710819
135,2026-09-21T07:58:53.781+00:00,2026-09-21T08:02:29.358+00:00,2026-09-21T08:02:31.631+00:00,True,37,37.0,,37.0,215577.63582499998,217850.10942499997,217850.10941399998,5887.840794972973,42.155943,215577.63582499998,35430.368877997666,80.44925020000001,63.124266666666664,10.202518172909992,0.16984154884135194,55,64,,True,True,,84,59.56268577710819
137,2026-09-21T07:58:53.852+00:00,2026-09-21T08:02:29.835+00:00,2026-09-21T08:02:32.345+00:00,True,41,41.0,,41.0,215982.547513,218493.006137,218493.006292,5329.0977144390245,42.334663,215982.547513,33721.006579279165,77.093603,62.7614656,9.579584883090169,0.18764902696378338,55,64,,True,True,,165,59.56268577710819
136,2026-09-21T07:58:53.847+00:00,2026-09-21T08:02:30.673+00:00,2026-09-21T08:02:32.406+00:00,True,28,28.0,,28.0,216826.332895,218558.939871,218558.939954,7805.676426928571,42.193713,216826.332895,40964.19957143043,79.7956638,64.17062874074074,10.746304528821176,0.1281118952010219,55,64,,True,True,,56,59.56268577710819
138,2026-09-21T07:58:54.046+00:00,2026-09-21T08:02:32.217+00:00,2026-09-21T08:02:37.106+00:00,True,77,77.0,,77.0,218171.370667,223060.201131,223060.20125800002,2896.8857306233767,43.987552,218171.370667,24855.606582920303,77.652592,64.32671663157895,10.345331089311342,0.34519829001130964,55,64,,True,True,,388,59.56268577710819
139,2026-09-21T07:58:54.484+00:00,2026-09-21T08:02:34.373+00:00,2026-09-21T08:02:39.485+00:00,True,81,81.0,,81.0,219888.777797,225000.671301,225000.67117599997,2777.7860639012342,46.30148200000001,219888.777797,24424.98885433304,77.99182300000001,63.898668799999996,10.63030677252817,0.3599989259216046,55,64,,True,True,,244,59.56268577710819
140,2026-09-21T07:58:54.811+00:00,2026-09-21T08:02:36.183+00:00,2026-09-21T08:02:41.651+00:00,True,88,88.0,,88.0,221371.243646,226839.68447799998,226839.684578,2577.7236883863634,41.999661,221371.243646,23591.555287938576,78.13908350000001,62.85564174712644,9.41997375333476,0.38793917476346457,55,64,,True,True,,352,59.56268577710819
141,2026-09-21T07:58:55.110+00:00,2026-09-21T08:02:37.528+00:00,2026-09-21T08:02:41.165+00:00,True,59,59.0,,59.0,222418.092783,226055.642095,226055.64199,3831.4515591525424,46.917451,222418.092783,28948.205678054164,76.3947352,62.71636744827586,8.988907280818756,0.26099768823821357,55,64,,True,True,,177,59.56268577710819
142,2026-09-21T07:58:55.481+00:00,2026-09-21T08:02:39.428+00:00,2026-09-21T08:02:40.501+00:00,True,18,18.0,,18.0,223946.53986000002,225019.87515600002,225019.87493800002,12501.104163222224,49.229521999999996,223946.53986000002,52769.82488094613,33664.70940405,63.137370352941176,9.740421455326773,0.07999293390204355,55,64,,True,True,,36,59.56268577710819
143,2026-09-21T07:58:55.859+00:00,2026-09-21T08:02:41.239+00:00,2026-09-21T08:02:46.671+00:00,True,87,87.0,,87.0,225380.75958399998,230812.00156799998,230812.00155599997,2653.011512137931,40.282250999999995,225380.75958399998,24156.585060716618,77.80782930000001,63.15397655813953,10.207543870329614,0.37693013971965733,55,64,,True,True,,870,59.56268577710819
144,2026-09-21T07:58:56.265+00:00,2026-09-21T08:02:43.512+00:00,2026-09-21T08:02:48.295+00:00,True,76,76.0,,76.0,227247.758512,232030.361008,232030.36103,3053.0310661842104,44.990370999999996,227247.758512,26059.792724826453,76.7281705,63.768033280000004,9.683659309469535,0.32754334247396033,55,64,,True,True,,452,59.56268577710819
145,2026-09-21T07:58:56.730+00:00,2026-09-21T08:02:46.162+00:00,2026-09-21T08:02:51.505+00:00,True,86,86.0,,86.0,229431.075057,234774.073841,234774.07372400002,2729.931089813954,42.577101,229431.075057,24733.41246179983,76.11205774999999,62.85880922352941,9.00203304651054,0.36630961244146243,55,64,,True,True,,344,59.56268577710819
146,2026-09-21T07:58:57.208+00:00,2026-09-21T08:02:48.356+00:00,2026-09-21T08:02:52.739+00:00,True,72,72.0,,72.0,231148.103544,235530.24652000002,235530.24659700002,3271.2534249583337,43.367801,231148.103544,27233.792923124307,77.19139349999999,61.7203236056338,9.064946026263566,0.3056932222668316,55,64,,True,True,,79,59.56268577710819
147,2026-09-21T07:58:57.623+00:00,2026-09-21T08:02:50.596+00:00,2026-09-21T08:02:53.239+00:00,True,43,43.0,,43.0,232972.969709,235616.219117,235616.219202,5479.446958186047,44.788841,232972.969709,35518.44854733903,76.7564159,62.93450971428572,9.202007627684356,0.18250016981491193,55,64,,True,True,,172,59.56268577710819
148,2026-09-21T07:58:58.064+00:00,2026-09-21T08:02:53.162+00:00,2026-09-21T08:02:59.056+00:00,True,95,95.0,,95.0,235098.30679300003,240992.295401,240992.29536000002,2536.7610037894738,41.123051,235098.30679300003,24114.145861288845,76.9461817,62.7020064680851,8.86790347217076,0.39420347377464665,55,64,,True,True,,529,59.56268577710819
149,2026-09-21T07:58:58.338+00:00,2026-09-21T08:02:54.415+00:00,2026-09-21T08:02:55.465+00:00,True,18,18.0,,18.0,236077.288349,237127.862941,237127.86280600002,13173.77015588889,42.694262,236077.288349,55629.38506913601,35475.4771554,61.7985054117647,8.58020090116507,0.0759084140376983,55,64,,True,True,,52,59.56268577710819
150,2026-09-21T07:58:58.717+00:00,2026-09-21T08:02:56.159+00:00,2026-09-21T08:02:59.060+00:00,True,47,47.0,,47.0,237442.23716999998,240342.77886599998,240342.77899199998,5113.676148765957,47.382853000000004,237442.23716999998,34625.313180458455,75.575253,63.05525426086956,7.6602871992391,0.19555403420796863,55,64,,True,True,,77,59.56268577710819
151,2026-09-21T07:58:59.106+00:00,2026-09-21T08:02:58.529+00:00,2026-09-21T08:02:59.373+00:00,True,15,15.0,,15.0,239422.628623,240267.159311,240267.159303,16017.8106202,48.651951000000004,239422.628623,61803.0819902377,71882.121454,60.32362057142858,8.870727677276449,0.06243050462249863,55,64,,True,True,,127,59.56268577710819
152,2026-09-21T07:58:59.503+00:00,2026-09-21T08:03:00.434+00:00,2026-09-21T08:03:05.579+00:00,True,82,82.0,,82.0,240931.556949,246076.087125,246076.08718899998,3000.92789254878,44.076750999999994,240931.556949,26599.427557652078,78.227576,63.512718222222226,9.984203248720931,0.3332302661263718,55,64,,True,True,,164,59.56268577710819
153,2026-09-21T07:58:59.765+00:00,2026-09-21T08:03:01.822+00:00,2026-09-21T08:03:02.492+00:00,True,12,12.0,,12.0,242057.55406999998,242726.81077399998,242726.81083399997,20227.234236166667,42.145312,242057.55406999998,69858.43455334242,108968.69229764999,60.84151854545455,12.320115692741886,0.04943829633708267,55,64,,True,True,,104,59.56268577710819
154,2026-09-21T07:59:00.039+00:00,2026-09-21T08:03:03.329+00:00,2026-09-21T08:03:07.823+00:00,True,70,70.0,,70.0,243289.457894,247783.806694,247783.806792,3539.7686684571427,42.842531,243289.457894,29070.8684674236,79.39087495,65.13548985507246,9.731625393416966,0.28250433688124876,55,64,,True,True,,161,59.56268577710819
155,2026-09-21T07:59:00.467+00:00,2026-09-21T08:03:05.533+00:00,2026-09-21T08:03:08.521+00:00,True,47,47.0,,47.0,245065.702787,248054.370435,248054.37058199997,5277.752565574468,42.466962,245065.702787,35737.0310549655,80.422971,64.97103582608695,10.11940988617017,0.1894745894522179,55,64,,True,True,,141,59.56268577710819
156,2026-09-21T07:59:00.768+00:00,2026-09-21T08:03:07.484+00:00,2026-09-21T08:03:10.752+00:00,True,52,52.0,,52.0,246715.586234,249983.78412199998,249983.78417899998,4807.380464980769,43.185961999999996,246715.586234,34204.410772408635,77.2184875,64.08231152941177,9.764029261147524,0.20801349248566603,55,64,,True,True,,134,59.56268577710819
158,2026-09-21T07:59:01.510+00:00,2026-09-21T08:03:09.856+00:00,2026-09-21T08:03:15.291+00:00,True,86,86.0,,86.0,248345.80884,253780.889544,253780.889541,2950.94057605814,42.217351,248345.80884,26772.923970394695,78.1295955,63.94212592941176,9.727813064853592,0.33887500416019106,55,64,,True,True,,373,59.56268577710819
159,2026-09-21T07:59:01.803+00:00,2026-09-21T08:03:11.438+00:00,2026-09-21T08:03:14.563+00:00,True,50,50.0,,50.0,249635.087347,252759.936755,252759.936735,5055.1987346999995,44.620451,249635.087347,35294.71494556973,78.67492955,63.77243689795918,8.955587628200666,0.19781615964109436,55,64,,True,True,,196,59.56268577710819
157,2026-09-21T07:59:01.240+00:00,2026-09-21T08:03:14.889+00:00,2026-09-21T08:03:17.991+00:00,True,51,51.0,,51.0,253648.662215,256751.161287,256751.161233,5034.336494764706,43.601531,253648.662215,35509.229389798515,75.576228,62.049981439999996,9.013026793801732,0.1986359077963098,55,64,,True,True,,426,59.56268577710819
160,2026-09-21T07:59:02.281+00:00,2026-09-21T08:03:15.018+00:00,2026-09-21T08:03:15.454+00:00,True,8,8.0,,8.0,252736.889382,253172.722726,253172.72277599998,31646.590346999998,47.448440999999995,252736.889382,89333.97168639324,164305.48358499998,62.26190628571428,9.445201688888416,0.03159898078221531,55,64,,True,True,,72,59.56268577710819
161,2026-09-21T07:59:02.619+00:00,2026-09-21T08:03:16.807+00:00,2026-09-21T08:03:19.227+00:00,True,40,40.0,,40.0,254187.803609,256608.080857,256608.080874,6415.20202185,47.925871,254187.803609,40180.80923683272,77.47467545,62.05839097435898,8.558313608594121,0.15587973639182004,55,64,,True,True,,120,59.56268577710819
162,2026-09-21T07:59:03.033+00:00,2026-09-21T08:03:19.166+00:00,2026-09-21T08:03:19.813+00:00,True,11,11.0,,11.0,256133.534279,256780.359495,256780.359342,23343.66903109091,48.756921999999996,256133.534279,77207.66446945845,128104.856851,64.6825216,10.697527850640334,0.04283816730233291,55,64,,True,True,,33,59.56268577710819
163,2026-09-21T07:59:03.401+00:00,2026-09-21T08:03:21.113+00:00,2026-09-21T08:03:23.358+00:00,True,36,36.0,,36.0,257712.190349,259957.112973,259957.11279800002,7221.030911055556,44.435612,257712.190349,42941.34263219406,78.150748,64.1406464,9.469377461545633,0.1384843814746438,55,64,,True,True,,253,59.56268577710819
164,2026-09-21T07:59:03.669+00:00,2026-09-21T08:03:22.516+00:00,2026-09-21T08:03:27.799+00:00,True,85,85.0,,85.0,258847.29397,264130.49269,264130.492636,3107.4175604235293,43.394782,258847.29397,28069.11059117164,77.249557,62.895222857142855,9.362419795425213,0.32181062903540375,55,64,,True,True,,425,59.56268577710819
165,2026-09-21T07:59:03.988+00:00,2026-09-21T08:03:23.614+00:00,2026-09-21T08:03:25.808+00:00,True,36,36.0,,36.0,259625.974976,261819.396288,261819.396393,7272.761010916666,49.485442000000006,259625.974976,43260.55165746075,76.65967549999999,62.669180342857146,7.8507820118610665,0.13749936219545852,55,64,,True,True,,146,59.56268577710819
166,2026-09-21T07:59:04.454+00:00,2026-09-21T08:03:26.458+00:00,2026-09-21T08:03:30.593+00:00,True,67,67.0,,67.0,262003.896168,266138.81124,266138.811423,3972.2210660149253,44.431752,262003.896168,32001.218030106273,77.610417,62.650228363636366,10.068768669589284,0.2517483251985386,55,64,,True,True,,341,59.56268577710819
167,2026-09-21T07:59:05.661+00:00,2026-09-21T08:03:30.399+00:00,2026-09-21T08:03:30.656+00:00,True,5,5.0,,5.0,264738.26453,264995.200722,264995.200899,52999.040179799995,44.286141,264738.26453,118365.82550457468,211806.76361839997,64.234048,15.044145924658224,0.018868266241717252,55,64,,True,True,,16,59.56268577710819
168,2026-09-21T07:59:05.702+00:00,2026-09-21T08:03:30.726+00:00,2026-09-21T08:03:31.573+00:00,True,14,14.0,,14.0,265023.85501,265871.091874,265871.091939,18990.792281357142,47.604601,265023.85501,70813.18739664425,92809.7615443,65.17206646153846,10.648273073506902,0.052657097472766215,55,64,,True,True,,28,59.56268577710819
169,2026-09-21T07:59:05.804+00:00,2026-09-21T08:03:32.878+00:00,2026-09-21T08:03:36.265+00:00,True,54,54.0,,54.0,267074.367016,270461.922088,270461.922047,5008.554111981481,44.905651,267074.367016,36335.52105512602,77.27554730000001,63.916133433962266,8.686671372912732,0.19965841987335303,55,64,,True,True,,54,59.56268577710819
170,2026-09-21T07:59:05.971+00:00,2026-09-21T08:03:34.115+00:00,2026-09-21T08:03:36.461+00:00,True,38,38.0,,38.0,268144.078584,270489.893368,270489.893533,7118.155092973684,46.745032,268144.078584,43488.42958143296,76.8630117,63.40039956756756,9.404480692545171,0.14048584043878198,55,64,,True,True,,415,59.56268577710819
171,2026-09-21T07:59:06.327+00:00,2026-09-21T08:03:36.590+00:00,2026-09-21T08:03:38.095+00:00,True,25,25.0,,25.0,270263.173059,271768.736195,271768.73605999997,10870.7494424,47.909491,270263.173059,54040.089093538256,83.21193299999999,62.73179733333333,9.7336379009602,0.09198997776573517,55,64,,True,True,,225,59.56268577710819
172,2026-09-21T07:59:06.623+00:00,2026-09-21T08:03:38.147+00:00,2026-09-21T08:03:38.283+00:00,True,3,3.0,,3.0,271524.06924,271659.822712,271659.82282299997,90553.27427433332,61.235971,271524.06924,156725.30592402592,244379.1140772,67.876736,9.391464170173254,0.01104322299135286,55,64,,True,True,,12,59.56268577710819
173,2026-09-21T07:59:07.034+00:00,2026-09-21T08:03:40.115+00:00,2026-09-21T08:03:40.771+00:00,True,11,11.0,,11.0,273080.98973000003,273737.24342600006,273737.243383,24885.203943909095,50.194721,273080.98973000003,82317.23133180516,136594.811936,65.6253696,17.798778028666245,0.04018452097466836,55,64,,True,True,,14,59.56268577710819
174,2026-09-21T07:59:07.488+00:00,2026-09-21T08:03:42.506+00:00,2026-09-21T08:03:45.027+00:00,True,40,40.0,,40.0,275017.71044199995,277539.12253799994,277539.12248499994,6938.478062124998,43.228701,275017.71044199995,43473.89672649999,78.04624355,64.65159220512821,9.19031300668025,0.14412382526187204,55,64,,True,True,,160,59.56268577710819
175,2026-09-21T07:59:07.844+00:00,2026-09-21T08:03:44.552+00:00,2026-09-21T08:03:49.038+00:00,True,71,71.0,,71.0,276708.03940899996,281193.805297,281193.80527199997,3960.4761305915486,44.19568099999999,276708.03940899996,32831.5989033417,80.0218865,64.08236982857143,9.985699839271843,0.25249489377978657,55,64,,True,True,,71,59.56268577710819
176,2026-09-21T07:59:08.205+00:00,2026-09-21T08:03:46.188+00:00,2026-09-21T08:03:50.273+00:00,True,66,66.0,,66.0,277983.469185,282068.512385,282068.51251,4273.765341060606,44.683841,277983.469185,34209.664906258746,76.05467625,62.84681846153846,8.843575123370517,0.2339857059618037,55,64,,True,True,,136,59.56268577710819
177,2026-09-21T07:59:08.671+00:00,2026-09-21T08:03:48.745+00:00,2026-09-21T08:03:50.270+00:00,True,25,25.0,,25.0,280074.48642000003,281599.25186,281599.251922,11263.970076880001,48.201141,280074.48642000003,56002.191651733505,78.886578,63.531893333333336,9.343203922875439,0.08877864495332184,55,64,,True,True,,25,59.56268577710819
178,2026-09-21T07:59:09.142+00:00,2026-09-21T08:03:51.112+00:00,2026-09-21T08:03:52.936+00:00,True,30,30.0,,30.0,281969.356991,283793.582527,283793.582539,9459.786084633333,42.288051,281969.356991,51468.84187051548,78.7499995,62.904328827586205,9.201464310823662,0.10571063564182538,55,64,,True,True,,210,59.56268577710819
179,2026-09-21T07:59:09.430+00:00,2026-09-21T08:03:52.743+00:00,2026-09-21T08:03:56.522+00:00,True,60,60.0,,60.0,283312.494005,287091.349941,287091.350084,4784.855834733333,43.195351,283312.494005,36567.218651335155,78.4513645,64.04840569491526,10.784970881943938,0.2089927126412223,55,64,,True,True,,574,59.56268577710819
180,2026-09-21T07:59:09.896+00:00,2026-09-21T08:03:54.905+00:00,2026-09-21T08:03:57.388+00:00,True,41,41.0,,41.0,285008.682572,287492.46062,287492.460854,7012.011240341464,40.978541,285008.682572,44501.181672900726,77.688202,62.0944512,9.881506690152777,0.14261243551076186,55,64,,True,True,,84,59.56268577710819
181,2026-09-21T07:59:10.348+00:00,2026-09-21T08:03:55.063+00:00,2026-09-21T08:04:00.718+00:00,True,90,90.0,,90.0,284714.525419,290369.315051,290369.315107,3226.325723411111,44.406121,284714.525419,30004.850181337213,78.0756315,63.53696215730337,9.402542724621812,0.3099501060716162,55,64,,True,True,,900,59.56268577710819
182,2026-09-21T07:59:10.828+00:00,2026-09-21T08:03:57.620+00:00,2026-09-21T08:04:00.068+00:00,True,39,39.0,,39.0,286792.048541,289240.047005,289240.047033,7416.411462384615,44.446441,286792.048541,45913.166298424694,75.6095989,64.42101221052631,7.874161756353022,0.1348361003389196,55,64,,True,True,,156,59.56268577710819
183,2026-09-21T07:59:11.201+00:00,2026-09-21T08:04:00.864+00:00,2026-09-21T08:04:05.641+00:00,True,77,77.0,,77.0,289663.68184100004,294440.41553700005,294440.415341,3823.9014979350654,43.207771,289663.68184100004,33003.07897520332,78.50615520000001,62.85175915789474,9.79905729942379,0.2615130122662254,55,64,,True,True,,431,59.56268577710819
184,2026-09-21T07:59:11.497+00:00,2026-09-21T08:04:03.161+00:00,2026-09-21T08:04:07.578+00:00,True,72,72.0,,72.0,291663.353248,296080.606624,296080.60668100003,4112.230648347223,42.103591,291663.353248,34365.52504635993,77.33922945,62.21483628169014,9.584337961775223,0.24317702135565591,55,64,,True,True,,157,59.56268577710819
185,2026-09-21T07:59:11.835+00:00,2026-09-21T08:04:05.193+00:00,2026-09-21T08:04:06.799+00:00,True,27,27.0,,27.0,293357.56498699996,294963.36185099994,294963.36189999996,10924.568959259257,41.342741000000004,293357.56498699996,56444.804420688684,77.8468053,61.76141784615385,9.10927868763971,0.09153679233436113,55,64,,True,True,,270,59.56268577710819
186,2026-09-21T07:59:12.231+00:00,2026-09-21T08:04:07.193+00:00,2026-09-21T08:04:12.261+00:00,False,82,81.0,,81.0,294962.686504,300030.526248,300030.52618,3658.908855853658,0.046740000000000004,294962.686504,32566.272475543796,77.93763299999999,62.5659227654321,11.824034977082986,0.26997252917207104,55,64,,True,False,Request timeout: 300.0s exceeded,802,59.56268577710819
187,2026-09-21T07:59:12.682+00:00,2026-09-21T08:04:09.545+00:00,2026-09-21T08:04:12.704+00:00,False,53,52.0,,52.0,296863.133763,300021.657411,300021.657419,5660.785989037736,0.02921,296863.133763,40768.94618690251,77.617786,60.740839384615384,13.255902882989943,0.1733208210658111,55,64,,True,False,Request timeout: 300.0s exceeded,312,59.56268577710819
188,2026-09-21T07:59:13.057+00:00,2026-09-21T08:04:11.605+00:00,2026-09-21T08:04:13.086+00:00,False,27,26.0,,26.0,298547.633263,300029.165423,300029.165634,11112.191319777778,0.03489,298547.633263,57444.554353360465,78.39872670000001,56.98200615384615,14.406487506194354,0.08665824191905998,55,64,,True,False,Request timeout: 300.0s exceeded,273,59.56268577710819
189,2026-09-21T07:59:13.344+00:00,2026-09-21T08:04:13.212+00:00,2026-09-21T08:04:13.386+00:00,False,5,4.0,,4.0,299867.791092,300042.16958800005,300042.169485,60008.433897,0.03125,299867.791092,134085.45963346004,239908.64721180004,43.594624,31.08038146434628,0.013331459392833216,55,64,,True,False,Request timeout: 300.0s exceeded,15,59.56268577710819
190,2026-09-21T07:59:13.779+00:00,2026-09-21T08:04:13.861+00:00,2026-09-21T08:04:13.861+00:00,False,1,0.0,,0.0,300081.919127,300081.919127,300081.919127,300081.919127,300081.919127,300081.919127,nan,300081.919127,nan,nan,0.0,55,64,,True,False,"HTTPConnectionPool(host='gpu06', port=9004): Read timed out.",0,59.56268577710819
191,2026-09-21T07:59:14.198+00:00,2026-09-21T08:04:14.275+00:00,2026-09-21T08:04:14.275+00:00,False,1,0.0,,0.0,300076.32679900003,300076.32679900003,300076.32679900003,300076.32679900003,300076.32679900003,300076.32679900003,nan,300076.32679900003,nan,nan,0.0,55,64,,True,False,"HTTPConnectionPool(host='gpu06', port=9004): Read timed out.",0,59.56268577710819
192,2026-09-21T07:59:14.506+00:00,2026-09-21T08:04:14.614+00:00,2026-09-21T08:04:14.614+00:00,False,1,0.0,,0.0,300108.218969,300108.218969,300108.218969,300108.218969,300108.218969,300108.218969,nan,300108.218969,nan,nan,0.0,55,64,,True,False,"HTTPConnectionPool(host='gpu06', port=9004): Read timed out.",0,59.56268577710819
193,2026-09-21T07:59:14.981+00:00,2026-09-21T08:04:15.060+00:00,2026-09-21T08:04:15.060+00:00,False,1,0.0,,0.0,300078.442496,300078.442496,300078.442496,300078.442496,300078.442496,300078.442496,nan,300078.442496,nan,nan,0.0,55,64,,True,False,"HTTPConnectionPool(host='gpu06', port=9004): Read timed out.",0,59.56268577710819
194,2026-09-21T07:59:15.391+00:00,2026-09-21T08:04:15.487+00:00,2026-09-21T08:04:15.487+00:00,False,1,0.0,,0.0,300096.036069,300096.036069,300096.036069,300096.036069,300096.036069,300096.036069,nan,300096.036069,nan,nan,0.0,55,64,,True,False,TTFT timeout: 300.0s exceeded (TTFT: 300.087s),0,59.56268577710819
195,2026-09-21T07:59:15.778+00:00,2026-09-21T08:04:15.804+00:00,2026-09-21T08:04:15.804+00:00,False,1,0.0,,0.0,300025.888942,300025.888942,300025.888942,300025.888942,300025.888942,300025.888942,nan,300025.888942,nan,nan,0.0,55,64,,True,False,TTFT timeout: 300.0s exceeded (TTFT: 300.006s),0,59.56268577710819
196,2026-09-21T07:59:16.181+00:00,2026-09-21T08:04:16.271+00:00,2026-09-21T08:04:16.271+00:00,False,1,0.0,,0.0,300089.85552700004,300089.85552700004,300089.85552700004,300089.85552700004,300089.85552700004,300089.85552700004,nan,300089.85552700004,nan,nan,0.0,55,64,,True,False,"HTTPConnectionPool(host='gpu06', port=9004): Read timed out.",0,59.56268577710819
197,2026-09-21T07:59:16.513+00:00,2026-09-21T08:04:16.529+00:00,2026-09-21T08:04:16.529+00:00,False,1,0.0,,0.0,300015.405023,300015.405023,300015.405023,300015.405023,300015.405023,300015.405023,nan,300015.405023,nan,nan,0.0,55,64,,True,False,"HTTPConnectionPool(host='gpu06', port=9004): Read timed out.",0,59.56268577710819
198,2026-09-21T07:59:16.975+00:00,2026-09-21T08:04:17.036+00:00,2026-09-21T08:04:17.036+00:00,False,1,0.0,,0.0,300061.800513,300061.800513,300061.800513,300061.800513,300061.800513,300061.800513,nan,300061.800513,nan,nan,0.0,55,64,,True,False,"HTTPConnectionPool(host='gpu06', port=9004): Read timed out.",0,59.56268577710819
199,2026-09-21T07:59:17.308+00:00,2026-09-21T08:04:17.342+00:00,2026-09-21T08:04:17.342+00:00,False,1,0.0,,0.0,300033.94632,300033.94632,300033.94632,300033.94632,300033.94632,300033.94632,nan,300033.94632,nan,nan,0.0,55,64,,True,False,TTFT timeout: 300.0s exceeded (TTFT: 300.011s),0,59.56268577710819
200,2026-09-21T07:59:17.688+00:00,2026-09-21T08:04:17.751+00:00,2026-09-21T08:04:17.751+00:00,False,1,0.0,,0.0,300062.46875400003,300062.46875400003,300062.46875400003,300062.46875400003,300062.46875400003,300062.46875400003,nan,300062.46875400003,nan,nan,0.0,55,64,,True,False,"HTTPConnectionPool(host='gpu06', port=9004): Read timed out.",0,59.56268577710819
201,2026-09-21T07:59:18.143+00:00,2026-09-21T08:04:18.248+00:00,2026-09-21T08:04:18.248+00:00,False,1,0.0,,0.0,300105.02790499997,300105.02790499997,300105.02790499997,300105.02790499997,300105.02790499997,300105.02790499997,nan,300105.02790499997,nan,nan,0.0,55,64,,True,False,"HTTPConnectionPool(host='gpu06', port=9004): Read timed out.",0,59.56268577710819
203,2026-09-21T07:59:19.589+00:00,2026-09-21T08:04:18.997+00:00,2026-09-21T08:04:19.858+00:00,False,15,14.0,,14.0,299407.48260399996,300268.57700399996,300268.576862,20017.90512413333,0.03027,299407.48260399996,77290.80296527159,89900.1536626,61.50674285714286,26.89469450243563,0.0466249253907561,55,64,,True,False,Request timeout: 300.0s exceeded,80,59.56268577710819
202,2026-09-21T07:59:19.306+00:00,2026-09-21T08:04:19.000+00:00,2026-09-21T08:04:19.786+00:00,False,14,13.0,,13.0,299694.546259,300480.139603,300480.139365,21462.867097500002,0.03542,299694.546259,80080.59061638932,104966.95064645002,60.43025723076923,28.402978524215726,0.04326409065562817,55,64,,True,False,Request timeout: 300.0s exceeded,26,59.56268577710819
204,2026-09-21T07:59:19.784+00:00,2026-09-21T08:04:20.401+00:00,2026-09-21T08:04:20.401+00:00,False,1,0.0,,0.0,300616.324806,300616.324806,300616.324806,300616.324806,300616.324806,300616.324806,nan,300616.324806,nan,nan,0.0,55,64,,True,False,TTFT timeout: 300.0s exceeded (TTFT: 300.326s),0,59.56268577710819
205,2026-09-21T07:59:19.978+00:00,2026-09-21T08:04:20.966+00:00,2026-09-21T08:04:21.357+00:00,False,6,5.0,,5.0,300988.20156099997,301378.491993,301378.492139,50229.74868983333,0.02861,300988.20156099997,122846.06443193907,225783.33474674996,78.05808640000001,62.66683469744535,0.01659043406493697,55,64,,True,False,Request timeout: 300.0s exceeded,27,59.56268577710819
206,2026-09-21T07:59:20.365+00:00,2026-09-21T08:04:21.526+00:00,2026-09-21T08:04:21.526+00:00,False,1,0.0,,0.0,301160.505588,301160.505588,301160.505588,301160.505588,301160.505588,301160.505588,nan,301160.505588,nan,nan,0.0,55,64,,True,False,"HTTPConnectionPool(host='gpu06', port=9004): Read timed out.",0,59.56268577710819
209,2026-09-21T07:59:21.516+00:00,2026-09-21T08:04:21.896+00:00,2026-09-21T08:04:21.896+00:00,False,1,0.0,,0.0,300380.368525,300380.368525,300380.368525,300380.368525,300380.368525,300380.368525,nan,300380.368525,nan,nan,0.0,55,64,,True,False,"HTTPConnectionPool(host='gpu06', port=9004): Read timed out.",0,59.56268577710819
207,2026-09-21T07:59:20.699+00:00,2026-09-21T08:04:21.897+00:00,2026-09-21T08:04:21.897+00:00,False,1,0.0,,0.0,301198.19768599997,301198.19768599997,301198.19768599997,301198.19768599997,301198.19768599997,301198.19768599997,nan,301198.19768599997,nan,nan,0.0,55,64,,True,False,"HTTPConnectionPool(host='gpu06', port=9004): Read timed out.",0,59.56268577710819
213,2026-09-21T07:59:22.959+00:00,2026-09-21T08:04:23.279+00:00,2026-09-21T08:04:23.279+00:00,False,1,0.0,,0.0,300319.953847,300319.953847,300319.953847,300319.953847,300319.953847,300319.953847,nan,300319.953847,nan,nan,0.0,55,64,,True,False,"HTTPConnectionPool(host='gpu06', port=9004): Read timed out.",0,59.56268577710819
210,2026-09-21T07:59:21.910+00:00,2026-09-21T08:04:23.295+00:00,2026-09-21T08:04:23.295+00:00,False,1,0.0,,0.0,301385.00397,301385.00397,301385.00397,301385.00397,301385.00397,301385.00397,nan,301385.00397,nan,nan,0.0,55,64,,True,False,"HTTPConnectionPool(host='gpu06', port=9004): Read timed out.",0,59.56268577710819
208,2026-09-21T07:59:21.171+00:00,2026-09-21T08:04:23.301+00:00,2026-09-21T08:04:23.301+00:00,False,1,0.0,,0.0,302130.047425,302130.047425,302130.047425,302130.047425,302130.047425,302130.047425,nan,302130.047425,nan,nan,0.0,55,64,,True,False,"HTTPConnectionPool(host='gpu06', port=9004): Read timed out.",0,59.56268577710819
212,2026-09-21T07:59:22.560+00:00,2026-09-21T08:04:23.304+00:00,2026-09-21T08:04:23.304+00:00,False,1,0.0,,0.0,300744.254723,300744.254723,300744.254723,300744.254723,300744.254723,300744.254723,nan,300744.254723,nan,nan,0.0,55,64,,True,False,"HTTPConnectionPool(host='gpu06', port=9004): Read timed out.",0,59.56268577710819
211,2026-09-21T07:59:22.204+00:00,2026-09-21T08:04:23.315+00:00,2026-09-21T08:04:23.315+00:00,False,1,0.0,,0.0,301111.364654,301111.364654,301111.364654,301111.364654,301111.364654,301111.364654,nan,301111.364654,nan,nan,0.0,55,64,,True,False,"HTTPConnectionPool(host='gpu06', port=9004): Read timed out.",0,59.56268577710819
214,2026-09-21T07:59:23.313+00:00,2026-09-21T08:04:23.368+00:00,2026-09-21T08:04:23.368+00:00,False,1,0.0,,0.0,300054.741927,300054.741927,300054.741927,300054.741927,300054.741927,300054.741927,nan,300054.741927,nan,nan,0.0,55,64,,True,False,"HTTPConnectionPool(host='gpu06', port=9004): Read timed out.",0,59.56268577710819
215,2026-09-21T07:59:23.663+00:00,2026-09-21T08:04:23.738+00:00,2026-09-21T08:04:23.738+00:00,False,1,0.0,,0.0,300074.534285,300074.534285,300074.534285,300074.534285,300074.534285,300074.534285,nan,300074.534285,nan,nan,0.0,55,64,,True,False,"HTTPConnectionPool(host='gpu06', port=9004): Read timed out.",0,59.56268577710819
216,2026-09-21T07:59:24.112+00:00,2026-09-21T08:04:24.124+00:00,2026-09-21T08:04:24.124+00:00,False,1,0.0,,0.0,300012.19736299996,300012.19736299996,300012.19736299996,300012.19736299996,300012.19736299996,300012.19736299996,nan,300012.19736299996,nan,nan,0.0,55,64,,True,False,"HTTPConnectionPool(host='gpu06', port=9004): Read timed out.",0,59.56268577710819
217,2026-09-21T07:59:24.477+00:00,2026-09-21T08:04:24.578+00:00,2026-09-21T08:04:24.578+00:00,False,1,0.0,,0.0,300101.34869,300101.34869,300101.34869,300101.34869,300101.34869,300101.34869,nan,300101.34869,nan,nan,0.0,55,64,,True,False,"HTTPConnectionPool(host='gpu06', port=9004): Read timed out.",0,59.56268577710819
218,2026-09-21T07:59:24.844+00:00,2026-09-21T08:04:24.946+00:00,2026-09-21T08:04:24.946+00:00,False,1,0.0,,0.0,300101.966876,300101.966876,300101.966876,300101.966876,300101.966876,300101.966876,nan,300101.966876,nan,nan,0.0,55,64,,True,False,"HTTPConnectionPool(host='gpu06', port=9004): Read timed out.",0,59.56268577710819
219,2026-09-21T07:59:25.234+00:00,2026-09-21T08:04:25.326+00:00,2026-09-21T08:04:25.326+00:00,False,1,0.0,,0.0,300091.247829,300091.247829,300091.247829,300091.247829,300091.247829,300091.247829,nan,300091.247829,nan,nan,0.0,55,64,,True,False,TTFT timeout: 300.0s exceeded (TTFT: 300.086s),0,59.56268577710819
220,2026-09-21T07:59:25.501+00:00,2026-09-21T08:04:25.531+00:00,2026-09-21T08:04:25.531+00:00,False,1,0.0,,0.0,300029.90008999995,300029.90008999995,300029.90008999995,300029.90008999995,300029.90008999995,300029.90008999995,nan,300029.90008999995,nan,nan,0.0,55,64,,True,False,TTFT timeout: 300.0s exceeded (TTFT: 300.022s),0,59.56268577710819
221,2026-09-21T07:59:25.781+00:00,2026-09-21T08:04:25.787+00:00,2026-09-21T08:04:25.787+00:00,False,1,0.0,,0.0,300006.564821,300006.564821,300006.564821,300006.564821,300006.564821,300006.564821,nan,300006.564821,nan,nan,0.0,55,64,,True,False,TTFT timeout: 300.0s exceeded (TTFT: 300.002s),0,59.56268577710819
222,2026-09-21T07:59:26.061+00:00,2026-09-21T08:04:26.152+00:00,2026-09-21T08:04:26.152+00:00,False,1,0.0,,0.0,300091.69579400006,300091.69579400006,300091.69579400006,300091.69579400006,300091.69579400006,300091.69579400006,nan,300091.69579400006,nan,nan,0.0,55,64,,True,False,"HTTPConnectionPool(host='gpu06', port=9004): Read timed out.",0,59.56268577710819
223,2026-09-21T07:59:26.542+00:00,2026-09-21T08:04:26.651+00:00,2026-09-21T08:04:26.651+00:00,False,1,0.0,,0.0,300109.556143,300109.556143,300109.556143,300109.556143,300109.556143,300109.556143,nan,300109.556143,nan,nan,0.0,55,64,,True,False,"HTTPConnectionPool(host='gpu06', port=9004): Read timed out.",0,59.56268577710819
224,2026-09-21T07:59:26.911+00:00,2026-09-21T08:04:27.018+00:00,2026-09-21T08:04:27.018+00:00,False,1,0.0,,0.0,300107.415778,300107.415778,300107.415778,300107.415778,300107.415778,300107.415778,nan,300107.415778,nan,nan,0.0,55,64,,True,False,"HTTPConnectionPool(host='gpu06', port=9004): Read timed out.",0,59.56268577710819
225,2026-09-21T07:59:27.329+00:00,2026-09-21T08:04:27.381+00:00,2026-09-21T08:04:27.381+00:00,False,1,0.0,,0.0,300052.15084799996,300052.15084799996,300052.15084799996,300052.15084799996,300052.15084799996,300052.15084799996,nan,300052.15084799996,nan,nan,0.0,55,64,,True,False,"HTTPConnectionPool(host='gpu06', port=9004): Read timed out.",0,59.56268577710819
226,2026-09-21T07:59:27.617+00:00,2026-09-21T08:04:27.660+00:00,2026-09-21T08:04:27.660+00:00,False,1,0.0,,0.0,300043.423759,300043.423759,300043.423759,300043.423759,300043.423759,300043.423759,nan,300043.423759,nan,nan,0.0,55,64,,True,False,TTFT timeout: 300.0s exceeded (TTFT: 300.038s),0,59.56268577710819
227,2026-09-21T07:59:27.882+00:00,2026-09-21T08:04:27.987+00:00,2026-09-21T08:04:27.987+00:00,False,1,0.0,,0.0,300105.566543,300105.566543,300105.566543,300105.566543,300105.566543,300105.566543,nan,300105.566543,nan,nan,0.0,55,64,,True,False,"HTTPConnectionPool(host='gpu06', port=9004): Read timed out.",0,59.56268577710819
228,2026-09-21T07:59:28.279+00:00,2026-09-21T08:04:28.390+00:00,2026-09-21T08:04:28.390+00:00,False,1,0.0,,0.0,300111.482496,300111.482496,300111.482496,300111.482496,300111.482496,300111.482496,nan,300111.482496,nan,nan,0.0,55,64,,True,False,"HTTPConnectionPool(host='gpu06', port=9004): Read timed out.",0,59.56268577710819
229,2026-09-21T07:59:28.686+00:00,2026-09-21T08:04:28.787+00:00,2026-09-21T08:04:28.787+00:00,False,1,0.0,,0.0,300100.767159,300100.767159,300100.767159,300100.767159,300100.767159,300100.767159,nan,300100.767159,nan,nan,0.0,55,64,,True,False,"HTTPConnectionPool(host='gpu06', port=9004): Read timed out.",0,59.56268577710819
230,2026-09-21T07:59:29.084+00:00,2026-09-21T08:04:29.204+00:00,2026-09-21T08:04:29.204+00:00,False,1,0.0,,0.0,300120.515002,300120.515002,300120.515002,300120.515002,300120.515002,300120.515002,nan,300120.515002,nan,nan,0.0,55,64,,True,False,"HTTPConnectionPool(host='gpu06', port=9004): Read timed out.",0,59.56268577710819
231,2026-09-21T07:59:29.379+00:00,2026-09-21T08:04:29.453+00:00,2026-09-21T08:04:29.453+00:00,False,1,0.0,,0.0,300074.254121,300074.254121,300074.254121,300074.254121,300074.254121,300074.254121,nan,300074.254121,nan,nan,0.0,55,64,,True,False,TTFT timeout: 300.0s exceeded (TTFT: 300.069s),0,59.56268577710819
232,2026-09-21T07:59:29.802+00:00,2026-09-21T08:04:29.749+00:00,2026-09-21T08:04:29.824+00:00,False,3,2.0,,2.0,299946.94453100004,300021.16789100005,300021.16786200006,100007.05595400001,0.0439,299946.94453100004,173153.02670515646,269959.66802100005,37.11168,52.42157052687193,0.0066661963022776275,55,64,,True,False,Request timeout: 300.0s exceeded,8,59.56268577710819
233,2026-09-21T07:59:30.271+00:00,2026-09-21T08:04:30.314+00:00,2026-09-21T08:04:30.314+00:00,False,1,0.0,,0.0,300042.914931,300042.914931,300042.914931,300042.914931,300042.914931,300042.914931,nan,300042.914931,nan,nan,0.0,55,64,,True,False,"HTTPConnectionPool(host='gpu06', port=9004): Read timed out.",0,59.56268577710819
234,2026-09-21T07:59:30.703+00:00,2026-09-21T08:04:30.807+00:00,2026-09-21T08:04:30.807+00:00,False,1,0.0,,0.0,300104.196843,300104.196843,300104.196843,300104.196843,300104.196843,300104.196843,nan,300104.196843,nan,nan,0.0,55,64,,True,False,"HTTPConnectionPool(host='gpu06', port=9004): Read timed out.",0,59.56268577710819
235,2026-09-21T07:59:31.129+00:00,2026-09-21T08:04:31.237+00:00,2026-09-21T08:04:31.237+00:00,False,1,0.0,,0.0,300107.853245,300107.853245,300107.853245,300107.853245,300107.853245,300107.853245,nan,300107.853245,nan,nan,0.0,55,64,,True,False,TTFT timeout: 300.0s exceeded (TTFT: 300.085s),0,59.56268577710819
236,2026-09-21T07:59:31.489+00:00,2026-09-21T08:04:31.512+00:00,2026-09-21T08:04:31.512+00:00,False,1,0.0,,0.0,300022.520548,300022.520548,300022.520548,300022.520548,300022.520548,300022.520548,nan,300022.520548,nan,nan,0.0,55,64,,True,False,TTFT timeout: 300.0s exceeded (TTFT: 300.015s),0,59.56268577710819
237,2026-09-21T07:59:31.858+00:00,2026-09-21T08:04:31.875+00:00,2026-09-21T08:04:32.957+00:00,False,21,20.0,,20.0,300016.579494,301098.802342,301098.802167,14338.038198428572,0.03547,300016.579494,65457.17900245208,80.05916099999999,54.1111424,16.629948062462677,0.06642337945032144,55,64,,True,False,Request timeout: 300.0s exceeded,80,59.56268577710819
240,2026-09-21T07:59:32.841+00:00,2026-09-21T08:04:32.687+00:00,2026-09-21T08:04:33.014+00:00,False,8,7.0,,7.0,299846.784094,300173.57475,300173.574841,37521.696855125,0.03151,299846.784094,105995.34362498394,194922.8942673,46.684379428571425,21.5360390369487,0.02331984088149651,55,64,,True,False,Request timeout: 300.0s exceeded,14,59.56268577710819
238,2026-09-21T07:59:32.134+00:00,2026-09-21T08:04:33.221+00:00,2026-09-21T08:04:33.221+00:00,False,1,0.0,,0.0,301087.87092799996,301087.87092799996,301087.87092799996,301087.87092799996,301087.87092799996,301087.87092799996,nan,301087.87092799996,nan,nan,0.0,55,64,,True,False,"HTTPConnectionPool(host='gpu06', port=9004): Read timed out.",0,59.56268577710819
241,2026-09-21T07:59:33.204+00:00,2026-09-21T08:04:33.264+00:00,2026-09-21T08:04:33.264+00:00,False,1,0.0,,0.0,300059.836004,300059.836004,300059.836004,300059.836004,300059.836004,300059.836004,nan,300059.836004,nan,nan,0.0,55,64,,True,False,"HTTPConnectionPool(host='gpu06', port=9004): Read timed out.",0,59.56268577710819
239,2026-09-21T07:59:32.439+00:00,2026-09-21T08:04:33.522+00:00,2026-09-21T08:04:33.522+00:00,False,1,0.0,,0.0,301082.29799800005,301082.29799800005,301082.29799800005,301082.29799800005,301082.29799800005,301082.29799800005,nan,301082.29799800005,nan,nan,0.0,55,64,,True,False,"HTTPConnectionPool(host='gpu06', port=9004): Read timed out.",0,59.56268577710819
242,2026-09-21T07:59:33.557+00:00,2026-09-21T08:04:33.639+00:00,2026-09-21T08:04:33.639+00:00,False,1,0.0,,0.0,300082.827472,300082.827472,300082.827472,300082.827472,300082.827472,300082.827472,nan,300082.827472,nan,nan,0.0,55,64,,True,False,"HTTPConnectionPool(host='gpu06', port=9004): Read timed out.",0,59.56268577710819
243,2026-09-21T07:59:35.053+00:00,2026-09-21T08:04:35.676+00:00,2026-09-21T08:04:35.676+00:00,False,1,0.0,,0.0,300622.945083,300622.945083,300622.945083,300622.945083,300622.945083,300622.945083,nan,300622.945083,nan,nan,0.0,55,64,,True,False,"HTTPConnectionPool(host='gpu06', port=9004): Read timed out.",0,59.56268577710819
245,2026-09-21T07:59:35.560+00:00,2026-09-21T08:04:35.813+00:00,2026-09-21T08:04:35.813+00:00,False,1,0.0,,0.0,300252.568809,300252.568809,300252.568809,300252.568809,300252.568809,300252.568809,nan,300252.568809,nan,nan,0.0,55,64,,True,False,"HTTPConnectionPool(host='gpu06', port=9004): Read timed out.",0,59.56268577710819
244,2026-09-21T07:59:35.231+00:00,2026-09-21T08:04:35.880+00:00,2026-09-21T08:04:35.880+00:00,False,1,0.0,,0.0,300648.611564,300648.611564,300648.611564,300648.611564,300648.611564,300648.611564,nan,300648.611564,nan,nan,0.0,55,64,,True,False,"HTTPConnectionPool(host='gpu06', port=9004): Read timed out.",0,59.56268577710819
248,2026-09-21T07:59:35.807+00:00,2026-09-21T08:04:36.006+00:00,2026-09-21T08:04:36.006+00:00,False,1,0.0,,0.0,300199.46251599997,300199.46251599997,300199.46251599997,300199.46251599997,300199.46251599997,300199.46251599997,nan,300199.46251599997,nan,nan,0.0,55,64,,True,False,"HTTPConnectionPool(host='gpu06', port=9004): Read timed out.",0,59.56268577710819
247,2026-09-21T07:59:35.701+00:00,2026-09-21T08:04:36.036+00:00,2026-09-21T08:04:36.036+00:00,False,1,0.0,,0.0,300334.752333,300334.752333,300334.752333,300334.752333,300334.752333,300334.752333,nan,300334.752333,nan,nan,0.0,55,64,,True,False,"HTTPConnectionPool(host='gpu06', port=9004): Read timed out.",0,59.56268577710819
246,2026-09-21T07:59:35.697+00:00,2026-09-21T08:04:36.130+00:00,2026-09-21T08:04:36.130+00:00,False,1,0.0,,0.0,300433.178157,300433.178157,300433.178157,300433.178157,300433.178157,300433.178157,nan,300433.178157,nan,nan,0.0,55,64,,True,False,"HTTPConnectionPool(host='gpu06', port=9004): Read timed out.",0,59.56268577710819
249,2026-09-21T07:59:35.989+00:00,2026-09-21T08:04:36.209+00:00,2026-09-21T08:04:36.209+00:00,False,1,0.0,,0.0,300219.825346,300219.825346,300219.825346,300219.825346,300219.825346,300219.825346,nan,300219.825346,nan,nan,0.0,55,64,,True,False,"HTTPConnectionPool(host='gpu06', port=9004): Read timed out.",0,59.56268577710819
250,2026-09-21T07:59:36.260+00:00,2026-09-21T08:04:36.366+00:00,2026-09-21T08:04:36.366+00:00,False,1,0.0,,0.0,300106.20453399996,300106.20453399996,300106.20453399996,300106.20453399996,300106.20453399996,300106.20453399996,nan,300106.20453399996,nan,nan,0.0,55,64,,True,False,"HTTPConnectionPool(host='gpu06', port=9004): Read timed out.",0,59.56268577710819
251,2026-09-21T07:59:36.692+00:00,2026-09-21T08:04:36.786+00:00,2026-09-21T08:04:36.786+00:00,False,1,0.0,,0.0,300093.75906,300093.75906,300093.75906,300093.75906,300093.75906,300093.75906,nan,300093.75906,nan,nan,0.0,55,64,,True,False,"HTTPConnectionPool(host='gpu06', port=9004): Read timed out.",0,59.56268577710819
252,2026-09-21T07:59:37.171+00:00,2026-09-21T08:04:37.272+00:00,2026-09-21T08:04:37.272+00:00,False,1,0.0,,0.0,300101.583238,300101.583238,300101.583238,300101.583238,300101.583238,300101.583238,nan,300101.583238,nan,nan,0.0,55,64,,True,False,"HTTPConnectionPool(host='gpu06', port=9004): Read timed out.",0,59.56268577710819
253,2026-09-21T07:59:37.533+00:00,2026-09-21T08:04:37.640+00:00,2026-09-21T08:04:37.640+00:00,False,1,0.0,,0.0,300106.825564,300106.825564,300106.825564,300106.825564,300106.825564,300106.825564,nan,300106.825564,nan,nan,0.0,55,64,,True,False,"HTTPConnectionPool(host='gpu06', port=9004): Read timed out.",0,59.56268577710819
254,2026-09-21T07:59:37.968+00:00,2026-09-21T08:04:37.912+00:00,2026-09-21T08:04:38.078+00:00,False,3,2.0,,2.0,299943.085688,300109.92191200005,300109.92181800003,100036.640606,0.05067,299943.085688,173124.07989391472,269965.4556652,83.418112,117.89934168090826,0.00666422485220749,55,64,,True,False,Request timeout: 300.0s exceeded,6,59.56268577710819
255,2026-09-21T07:59:38.334+00:00,2026-09-21T08:04:38.252+00:00,2026-09-21T08:04:38.352+00:00,False,4,3.0,,3.0,299917.814486,300018.35208599997,300018.352059,75004.58801475,0.03296,299917.814486,149942.1528696605,254938.1297465,33.51253333333333,29.14861325130356,0.009999388301219828,55,64,,True,False,Request timeout: 300.0s exceeded,27,59.56268577710819
256,2026-09-21T07:59:38.806+00:00,2026-09-21T08:04:38.915+00:00,2026-09-21T08:04:38.915+00:00,False,1,0.0,,0.0,300109.13966399996,300109.13966399996,300109.13966399996,300109.13966399996,300109.13966399996,300109.13966399996,nan,300109.13966399996,nan,nan,0.0,55,64,,True,False,"HTTPConnectionPool(host='gpu06', port=9004): Read timed out.",0,59.56268577710819
257,2026-09-21T07:59:39.241+00:00,2026-09-21T08:04:39.336+00:00,2026-09-21T08:04:39.336+00:00,False,1,0.0,,0.0,300094.47656,300094.47656,300094.47656,300094.47656,300094.47656,300094.47656,nan,300094.47656,nan,nan,0.0,55,64,,True,False,"HTTPConnectionPool(host='gpu06', port=9004): Read timed out.",0,59.56268577710819
258,2026-09-21T07:59:39.579+00:00,2026-09-21T08:04:39.684+00:00,2026-09-21T08:04:39.684+00:00,False,1,0.0,,0.0,300104.912369,300104.912369,300104.912369,300104.912369,300104.912369,300104.912369,nan,300104.912369,nan,nan,0.0,55,64,,True,False,"HTTPConnectionPool(host='gpu06', port=9004): Read timed out.",0,59.56268577710819
259,2026-09-21T07:59:39.843+00:00,2026-09-21T08:04:39.954+00:00,2026-09-21T08:04:39.954+00:00,False,1,0.0,,0.0,300111.060429,300111.060429,300111.060429,300111.060429,300111.060429,300111.060429,nan,300111.060429,nan,nan,0.0,55,64,,True,False,"HTTPConnectionPool(host='gpu06', port=9004): Read timed out.",0,59.56268577710819
260,2026-09-21T07:59:40.246+00:00,2026-09-21T08:04:40.350+00:00,2026-09-21T08:04:40.350+00:00,False,1,0.0,,0.0,300104.175429,300104.175429,300104.175429,300104.175429,300104.175429,300104.175429,nan,300104.175429,nan,nan,0.0,55,64,,True,False,"HTTPConnectionPool(host='gpu06', port=9004): Read timed out.",0,59.56268577710819
261,2026-09-21T07:59:40.593+00:00,2026-09-21T08:04:40.625+00:00,2026-09-21T08:04:40.625+00:00,False,1,0.0,,0.0,300031.680733,300031.680733,300031.680733,300031.680733,300031.680733,300031.680733,nan,300031.680733,nan,nan,0.0,55,64,,True,False,TTFT timeout: 300.0s exceeded (TTFT: 300.027s),0,59.56268577710819
262,2026-09-21T07:59:40.951+00:00,2026-09-21T08:04:41.054+00:00,2026-09-21T08:04:41.054+00:00,False,1,0.0,,0.0,300103.366684,300103.366684,300103.366684,300103.366684,300103.366684,300103.366684,nan,300103.366684,nan,nan,0.0,55,64,,True,False,"HTTPConnectionPool(host='gpu06', port=9004): Read timed out.",0,59.56268577710819
263,2026-09-21T07:59:41.214+00:00,2026-09-21T08:04:41.313+00:00,2026-09-21T08:04:41.313+00:00,False,1,0.0,,0.0,300099.541175,300099.541175,300099.541175,300099.541175,300099.541175,300099.541175,nan,300099.541175,nan,nan,0.0,55,64,,True,False,"HTTPConnectionPool(host='gpu06', port=9004): Read timed out.",0,59.56268577710819
264,2026-09-21T07:59:41.627+00:00,2026-09-21T08:04:41.731+00:00,2026-09-21T08:04:41.731+00:00,False,1,0.0,,0.0,300104.500814,300104.500814,300104.500814,300104.500814,300104.500814,300104.500814,nan,300104.500814,nan,nan,0.0,55,64,,True,False,"HTTPConnectionPool(host='gpu06', port=9004): Read timed out.",0,59.56268577710819
265,2026-09-21T07:59:42.044+00:00,2026-09-21T08:04:42.146+00:00,2026-09-21T08:04:42.146+00:00,False,1,0.0,,0.0,300102.27451099997,300102.27451099997,300102.27451099997,300102.27451099997,300102.27451099997,300102.27451099997,nan,300102.27451099997,nan,nan,0.0,55,64,,True,False,"HTTPConnectionPool(host='gpu06', port=9004): Read timed out.",0,59.56268577710819
266,2026-09-21T07:59:42.332+00:00,2026-09-21T08:04:42.437+00:00,2026-09-21T08:04:42.437+00:00,False,1,0.0,,0.0,300105.025739,300105.025739,300105.025739,300105.025739,300105.025739,300105.025739,nan,300105.025739,nan,nan,0.0,55,64,,True,False,"HTTPConnectionPool(host='gpu06', port=9004): Read timed out.",0,59.56268577710819
267,2026-09-21T07:59:42.617+00:00,2026-09-21T08:04:42.601+00:00,2026-09-21T08:04:42.769+00:00,False,3,2.0,,2.0,299983.346634,300151.933642,300151.93352300004,100050.64450766667,0.02539,299983.346634,173146.81959469503,270001.8681205,84.293504,119.17317474822596,0.006663292072559021,55,64,,True,False,Request timeout: 300.0s exceeded,5,59.56268577710819
268,2026-09-21T07:59:42.973+00:00,2026-09-21T08:04:43.082+00:00,2026-09-21T08:04:43.082+00:00,False,1,0.0,,0.0,300109.329692,300109.329692,300109.329692,300109.329692,300109.329692,300109.329692,nan,300109.329692,nan,nan,0.0,55,64,,True,False,"HTTPConnectionPool(host='gpu06', port=9004): Read timed out.",0,59.56268577710819
269,2026-09-21T07:59:43.297+00:00,2026-09-21T08:04:43.402+00:00,2026-09-21T08:04:43.402+00:00,False,1,0.0,,0.0,300104.801105,300104.801105,300104.801105,300104.801105,300104.801105,300104.801105,nan,300104.801105,nan,nan,0.0,55,64,,True,False,"HTTPConnectionPool(host='gpu06', port=9004): Read timed out.",0,59.56268577710819
270,2026-09-21T07:59:43.696+00:00,2026-09-21T08:04:43.801+00:00,2026-09-21T08:04:43.801+00:00,False,1,0.0,,0.0,300105.186755,300105.186755,300105.186755,300105.186755,300105.186755,300105.186755,nan,300105.186755,nan,nan,0.0,55,64,,True,False,"HTTPConnectionPool(host='gpu06', port=9004): Read timed out.",0,59.56268577710819
271,2026-09-21T07:59:44.007+00:00,2026-09-21T08:04:44.107+00:00,2026-09-21T08:04:44.107+00:00,False,1,0.0,,0.0,300100.08880900004,300100.08880900004,300100.08880900004,300100.08880900004,300100.08880900004,300100.08880900004,nan,300100.08880900004,nan,nan,0.0,55,64,,True,False,"HTTPConnectionPool(host='gpu06', port=9004): Read timed out.",0,59.56268577710819
272,2026-09-21T07:59:44.336+00:00,2026-09-21T08:04:44.408+00:00,2026-09-21T08:04:44.408+00:00,False,1,0.0,,0.0,300071.75857099995,300071.75857099995,300071.75857099995,300071.75857099995,300071.75857099995,300071.75857099995,nan,300071.75857099995,nan,nan,0.0,55,64,,True,False,TTFT timeout: 300.0s exceeded (TTFT: 300.063s),0,59.56268577710819
273,2026-09-21T07:59:44.802+00:00,2026-09-21T08:04:44.748+00:00,2026-09-21T08:04:44.922+00:00,False,3,2.0,,2.0,299945.283519,300119.74700699997,300119.74702899996,100039.91567633333,0.0359,299945.283519,173123.14886331934,269968.19792809995,87.231744,123.31326798151045,0.006664006683816618,55,64,,True,False,Request timeout: 300.0s exceeded,10,59.56268577710819
274,2026-09-21T07:59:45.187+00:00,2026-09-21T08:04:45.288+00:00,2026-09-21T08:04:45.288+00:00,False,1,0.0,,0.0,300101.156953,300101.156953,300101.156953,300101.156953,300101.156953,300101.156953,nan,300101.156953,nan,nan,0.0,55,64,,True,False,"HTTPConnectionPool(host='gpu06', port=9004): Read timed out.",0,59.56268577710819
275,2026-09-21T07:59:45.487+00:00,2026-09-21T08:04:45.883+00:00,2026-09-21T08:04:46.851+00:00,True,15,15.0,,15.0,300396.17592,301364.33976,301364.339521,20090.955968066668,39.604558,300396.17592,77544.10992089189,90237.2726713,69.15456,32.79692193804332,0.049773639482181845,55,64,,True,True,,67,59.56268577710819
276,2026-09-21T07:59:45.848+00:00,2026-09-21T08:04:46.275+00:00,2026-09-21T08:04:47.128+00:00,False,17,16.0,,16.0,300427.235664,301279.94350399997,301279.943322,17722.349607176468,0.03199,300427.235664,72851.38334011426,60146.5645608,53.29424,16.299628606810565,0.05310675451513278,55,64,,True,False,Request timeout: 300.0s exceeded,102,59.56268577710819
277,2026-09-21T07:59:46.176+00:00,2026-09-21T08:04:47.346+00:00,2026-09-21T08:04:47.346+00:00,False,1,0.0,,0.0,301169.451301,301169.451301,301169.451301,301169.451301,301169.451301,301169.451301,nan,301169.451301,nan,nan,0.0,55,64,,True,False,"HTTPConnectionPool(host='gpu06', port=9004): Read timed out.",0,59.56268577710819
280,2026-09-21T07:59:47.315+00:00,2026-09-21T08:04:47.352+00:00,2026-09-21T08:04:47.352+00:00,False,1,0.0,,0.0,300036.847019,300036.847019,300036.847019,300036.847019,300036.847019,300036.847019,nan,300036.847019,nan,nan,0.0,55,64,,True,False,"HTTPConnectionPool(host='gpu06', port=9004): Read timed out.",0,59.56268577710819
278,2026-09-21T07:59:46.496+00:00,2026-09-21T08:04:47.550+00:00,2026-09-21T08:04:47.550+00:00,False,1,0.0,,0.0,301053.530619,301053.530619,301053.530619,301053.530619,301053.530619,301053.530619,nan,301053.530619,nan,nan,0.0,55,64,,True,False,"HTTPConnectionPool(host='gpu06', port=9004): Read timed out.",0,59.56268577710819
281,2026-09-21T07:59:47.607+00:00,2026-09-21T08:04:47.633+00:00,2026-09-21T08:04:47.633+00:00,False,1,0.0,,0.0,300026.30013700004,300026.30013700004,300026.30013700004,300026.30013700004,300026.30013700004,300026.30013700004,nan,300026.30013700004,nan,nan,0.0,55,64,,True,False,"HTTPConnectionPool(host='gpu06', port=9004): Read timed out.",0,59.56268577710819
279,2026-09-21T07:59:46.921+00:00,2026-09-21T08:04:48.091+00:00,2026-09-21T08:04:48.091+00:00,False,1,0.0,,0.0,301170.447389,301170.447389,301170.447389,301170.447389,301170.447389,301170.447389,nan,301170.447389,nan,nan,0.0,55,64,,True,False,"HTTPConnectionPool(host='gpu06', port=9004): Read timed out.",0,59.56268577710819
282,2026-09-21T07:59:48.047+00:00,2026-09-21T08:04:48.149+00:00,2026-09-21T08:04:48.149+00:00,False,1,0.0,,0.0,300101.96339700004,300101.96339700004,300101.96339700004,300101.96339700004,300101.96339700004,300101.96339700004,nan,300101.96339700004,nan,nan,0.0,55,64,,True,False,"HTTPConnectionPool(host='gpu06', port=9004): Read timed out.",0,59.56268577710819
283,2026-09-21T07:59:48.401+00:00,2026-09-21T08:04:48.507+00:00,2026-09-21T08:04:48.507+00:00,False,1,0.0,,0.0,300105.838024,300105.838024,300105.838024,300105.838024,300105.838024,300105.838024,nan,300105.838024,nan,nan,0.0,55,64,,True,False,"HTTPConnectionPool(host='gpu06', port=9004): Read timed out.",0,59.56268577710819
284,2026-09-21T07:59:48.663+00:00,2026-09-21T08:04:48.756+00:00,2026-09-21T08:04:48.756+00:00,False,1,0.0,,0.0,300092.879775,300092.879775,300092.879775,300092.879775,300092.879775,300092.879775,nan,300092.879775,nan,nan,0.0,55,64,,True,False,TTFT timeout: 300.0s exceeded (TTFT: 300.088s),0,59.56268577710819
285,2026-09-21T07:59:48.962+00:00,2026-09-21T08:04:49.021+00:00,2026-09-21T08:04:49.021+00:00,False,1,0.0,,0.0,300058.704302,300058.704302,300058.704302,300058.704302,300058.704302,300058.704302,nan,300058.704302,nan,nan,0.0,55,64,,True,False,TTFT timeout: 300.0s exceeded (TTFT: 300.049s),0,59.56268577710819
286,2026-09-21T07:59:49.221+00:00,2026-09-21T08:04:49.284+00:00,2026-09-21T08:04:49.284+00:00,False,1,0.0,,0.0,300062.199894,300062.199894,300062.199894,300062.199894,300062.199894,300062.199894,nan,300062.199894,nan,nan,0.0,55,64,,True,False,TTFT timeout: 300.0s exceeded (TTFT: 300.058s),0,59.56268577710819
287,2026-09-21T07:59:49.568+00:00,2026-09-21T08:04:49.670+00:00,2026-09-21T08:04:49.670+00:00,False,1,0.0,,0.0,300101.950629,300101.950629,300101.950629,300101.950629,300101.950629,300101.950629,nan,300101.950629,nan,nan,0.0,55,64,,True,False,"HTTPConnectionPool(host='gpu06', port=9004): Read timed out.",0,59.56268577710819
288,2026-09-21T07:59:49.926+00:00,2026-09-21T08:04:50.031+00:00,2026-09-21T08:04:50.031+00:00,False,1,0.0,,0.0,300104.87194599997,300104.87194599997,300104.87194599997,300104.87194599997,300104.87194599997,300104.87194599997,nan,300104.87194599997,nan,nan,0.0,55,64,,True,False,"HTTPConnectionPool(host='gpu06', port=9004): Read timed out.",0,59.56268577710819
289,2026-09-21T07:59:50.320+00:00,2026-09-21T08:04:50.427+00:00,2026-09-21T08:04:50.427+00:00,False,1,0.0,,0.0,300106.777717,300106.777717,300106.777717,300106.777717,300106.777717,300106.777717,nan,300106.777717,nan,nan,0.0,55,64,,True,False,"HTTPConnectionPool(host='gpu06', port=9004): Read timed out.",0,59.56268577710819
290,2026-09-21T07:59:50.785+00:00,2026-09-21T08:04:50.894+00:00,2026-09-21T08:04:50.894+00:00,False,1,0.0,,0.0,300109.453528,300109.453528,300109.453528,300109.453528,300109.453528,300109.453528,nan,300109.453528,nan,nan,0.0,55,64,,True,False,"HTTPConnectionPool(host='gpu06', port=9004): Read timed out.",0,59.56268577710819
291,2026-09-21T07:59:51.247+00:00,2026-09-21T08:04:51.339+00:00,2026-09-21T08:04:51.339+00:00,False,1,0.0,,0.0,300091.24603,300091.24603,300091.24603,300091.24603,300091.24603,300091.24603,nan,300091.24603,nan,nan,0.0,55,64,,True,False,TTFT timeout: 300.0s exceeded (TTFT: 300.079s),0,59.56268577710819
292,2026-09-21T07:59:51.686+00:00,2026-09-21T08:04:51.789+00:00,2026-09-21T08:04:51.789+00:00,False,1,0.0,,0.0,300103.369274,300103.369274,300103.369274,300103.369274,300103.369274,300103.369274,nan,300103.369274,nan,nan,0.0,55,64,,True,False,"HTTPConnectionPool(host='gpu06', port=9004): Read timed out.",0,59.56268577710819
293,2026-09-21T07:59:52.062+00:00,2026-09-21T08:04:52.169+00:00,2026-09-21T08:04:52.169+00:00,False,1,0.0,,0.0,300107.491398,300107.491398,300107.491398,300107.491398,300107.491398,300107.491398,nan,300107.491398,nan,nan,0.0,55,64,,True,False,"HTTPConnectionPool(host='gpu06', port=9004): Read timed out.",0,59.56268577710819
294,2026-09-21T07:59:52.406+00:00,2026-09-21T08:04:52.504+00:00,2026-09-21T08:04:52.504+00:00,False,1,0.0,,0.0,300098.555347,300098.555347,300098.555347,300098.555347,300098.555347,300098.555347,nan,300098.555347,nan,nan,0.0,55,64,,True,False,"HTTPConnectionPool(host='gpu06', port=9004): Read timed out.",0,59.56268577710819
295,2026-09-21T07:59:54.173+00:00,2026-09-21T08:04:53.200+00:00,2026-09-21T08:04:54.633+00:00,False,26,25.0,,25.0,299027.15198900003,300459.50962100003,300459.509551,11556.134982730771,0.03154,299027.15198900003,58632.81535331132,87.68644424999998,57.29430528,16.91035802191776,0.08320588698136074,55,64,,True,False,Request timeout: 300.0s exceeded,67,59.56268577710819
296,2026-09-21T07:59:54.230+00:00,2026-09-21T08:04:53.297+00:00,2026-09-21T08:04:54.565+00:00,False,24,23.0,,23.0,299066.957628,300334.322492,300334.32243,12513.93010125,0.031239999999999997,299066.957628,61035.541010755005,76.02573550000001,55.102820173913045,14.873096343966015,0.07658132380328475,55,64,,True,False,Request timeout: 300.0s exceeded,116,59.56268577710819
298,2026-09-21T07:59:54.770+00:00,2026-09-21T08:04:54.968+00:00,2026-09-21T08:04:54.968+00:00,False,1,0.0,,0.0,300197.146099,300197.146099,300197.146099,300197.146099,300197.146099,300197.146099,nan,300197.146099,nan,nan,0.0,55,64,,True,False,"HTTPConnectionPool(host='gpu06', port=9004): Read timed out.",0,59.56268577710819
299,2026-09-21T07:59:54.895+00:00,2026-09-21T08:04:55.157+00:00,2026-09-21T08:04:55.157+00:00,False,1,0.0,,0.0,300262.57765600004,300262.57765600004,300262.57765600004,300262.57765600004,300262.57765600004,300262.57765600004,nan,300262.57765600004,nan,nan,0.0,55,64,,True,False,"HTTPConnectionPool(host='gpu06', port=9004): Read timed out.",0,59.56268577710819
297,2026-09-21T07:59:54.641+00:00,2026-09-21T08:04:55.163+00:00,2026-09-21T08:04:55.163+00:00,False,1,0.0,,0.0,300522.281598,300522.281598,300522.281598,300522.281598,300522.281598,300522.281598,nan,300522.281598,nan,nan,0.0,55,64,,True,False,"HTTPConnectionPool(host='gpu06', port=9004): Read timed out.",0,59.56268577710819
300,2026-09-21T07:59:55.004+00:00,2026-09-21T08:04:55.184+00:00,2026-09-21T08:04:55.184+00:00,False,1,0.0,,0.0,300179.485384,300179.485384,300179.485384,300179.485384,300179.485384,300179.485384,nan,300179.485384,nan,nan,0.0,55,64,,True,False,"HTTPConnectionPool(host='gpu06', port=9004): Read timed out.",0,59.56268577710819
301,2026-09-21T07:59:55.044+00:00,2026-09-21T08:04:55.507+00:00,2026-09-21T08:04:55.507+00:00,False,1,0.0,,0.0,300462.379021,300462.379021,300462.379021,300462.379021,300462.379021,300462.379021,nan,300462.379021,nan,nan,0.0,55,64,,True,False,"HTTPConnectionPool(host='gpu06', port=9004): Read timed out.",0,59.56268577710819
302,2026-09-21T07:59:55.479+00:00,2026-09-21T08:04:55.681+00:00,2026-09-21T08:04:55.681+00:00,False,1,0.0,,0.0,300202.04018199997,300202.04018199997,300202.04018199997,300202.04018199997,300202.04018199997,300202.04018199997,nan,300202.04018199997,nan,nan,0.0,55,64,,True,False,"HTTPConnectionPool(host='gpu06', port=9004): Read timed out.",0,59.56268577710819
303,2026-09-21T07:59:55.728+00:00,2026-09-21T08:04:55.842+00:00,2026-09-21T08:04:55.842+00:00,False,1,0.0,,0.0,300113.32344,300113.32344,300113.32344,300113.32344,300113.32344,300113.32344,nan,300113.32344,nan,nan,0.0,55,64,,True,False,"HTTPConnectionPool(host='gpu06', port=9004): Read timed out.",0,59.56268577710819
304,2026-09-21T07:59:56.071+00:00,2026-09-21T08:04:56.183+00:00,2026-09-21T08:04:56.183+00:00,False,1,0.0,,0.0,300112.512339,300112.512339,300112.512339,300112.512339,300112.512339,300112.512339,nan,300112.512339,nan,nan,0.0,55,64,,True,False,"HTTPConnectionPool(host='gpu06', port=9004): Read timed out.",0,59.56268577710819
305,2026-09-21T07:59:56.412+00:00,2026-09-21T08:04:56.520+00:00,2026-09-21T08:04:56.520+00:00,False,1,0.0,,0.0,300107.74443900003,300107.74443900003,300107.74443900003,300107.74443900003,300107.74443900003,300107.74443900003,nan,300107.74443900003,nan,nan,0.0,55,64,,True,False,"HTTPConnectionPool(host='gpu06', port=9004): Read timed out.",0,59.56268577710819
306,2026-09-21T07:59:56.841+00:00,2026-09-21T08:04:56.918+00:00,2026-09-21T08:04:56.918+00:00,False,1,0.0,,0.0,300076.487356,300076.487356,300076.487356,300076.487356,300076.487356,300076.487356,nan,300076.487356,nan,nan,0.0,55,64,,True,False,TTFT timeout: 300.0s exceeded (TTFT: 300.072s),0,59.56268577710819
307,2026-09-21T07:59:57.203+00:00,2026-09-21T08:04:57.190+00:00,2026-09-21T08:04:57.358+00:00,False,3,2.0,,2.0,299986.435589,300155.080453,300155.080488,100051.693496,0.026549,299986.435589,173148.58627099634,270004.6538651,84.322432,119.21263696347042,0.006663222214934894,55,64,,True,False,Request timeout: 300.0s exceeded,6,59.56268577710819
308,2026-09-21T07:59:57.601+00:00,2026-09-21T08:04:57.716+00:00,2026-09-21T08:04:57.716+00:00,False,1,0.0,,0.0,300114.90071200003,300114.90071200003,300114.90071200003,300114.90071200003,300114.90071200003,300114.90071200003,nan,300114.90071200003,nan,nan,0.0,55,64,,True,False,"HTTPConnectionPool(host='gpu06', port=9004): Read timed out.",0,59.56268577710819
309,2026-09-21T07:59:57.987+00:00,2026-09-21T08:04:58.110+00:00,2026-09-21T08:04:58.110+00:00,False,1,0.0,,0.0,300122.951664,300122.951664,300122.951664,300122.951664,300122.951664,300122.951664,nan,300122.951664,nan,nan,0.0,55,64,,True,False,"HTTPConnectionPool(host='gpu06', port=9004): Read timed out.",0,59.56268577710819
310,2026-09-21T07:59:58.353+00:00,2026-09-21T08:04:58.466+00:00,2026-09-21T08:04:58.466+00:00,False,1,0.0,,0.0,300112.88037,300112.88037,300112.88037,300112.88037,300112.88037,300112.88037,nan,300112.88037,nan,nan,0.0,55,64,,True,False,"HTTPConnectionPool(host='gpu06', port=9004): Read timed out.",0,59.56268577710819
311,2026-09-21T07:59:58.778+00:00,2026-09-21T08:04:58.887+00:00,2026-09-21T08:04:58.887+00:00,False,1,0.0,,0.0,300109.318156,300109.318156,300109.318156,300109.318156,300109.318156,300109.318156,nan,300109.318156,nan,nan,0.0,55,64,,True,False,"HTTPConnectionPool(host='gpu06', port=9004): Read timed out.",0,59.56268577710819
312,2026-09-21T07:59:59.121+00:00,2026-09-21T08:04:59.214+00:00,2026-09-21T08:04:59.214+00:00,False,1,0.0,,0.0,300092.688596,300092.688596,300092.688596,300092.688596,300092.688596,300092.688596,nan,300092.688596,nan,nan,0.0,55,64,,True,False,TTFT timeout: 300.0s exceeded (TTFT: 300.084s),0,59.56268577710819
313,2026-09-21T07:59:59.378+00:00,2026-09-21T08:04:59.374+00:00,2026-09-21T08:04:59.433+00:00,False,3,2.0,,2.0,299995.175403,300054.851819,300054.85179,100018.28392999999,0.03202,299995.175403,173185.07075037094,270001.6222994,29.838208,42.15234359651344,0.006665447960183114,55,64,,True,False,Request timeout: 300.0s exceeded,5,59.56268577710819
314,2026-09-21T07:59:59.710+00:00,2026-09-21T08:04:59.822+00:00,2026-09-21T08:04:59.822+00:00,False,1,0.0,,0.0,300111.857787,300111.857787,300111.857787,300111.857787,300111.857787,300111.857787,nan,300111.857787,nan,nan,0.0,55,64,,True,False,"HTTPConnectionPool(host='gpu06', port=9004): Read timed out.",0,59.56268577710819
315,2026-09-21T08:00:00.142+00:00,2026-09-21T08:05:00.247+00:00,2026-09-21T08:05:00.247+00:00,False,1,0.0,,0.0,300105.357703,300105.357703,300105.357703,300105.357703,300105.357703,300105.357703,nan,300105.357703,nan,nan,0.0,55,64,,True,False,"HTTPConnectionPool(host='gpu06', port=9004): Read timed out.",0,59.56268577710819
316,2026-09-21T08:00:00.563+00:00,2026-09-21T08:05:00.680+00:00,2026-09-21T08:05:00.680+00:00,False,1,0.0,,0.0,300116.940009,300116.940009,300116.940009,300116.940009,300116.940009,300116.940009,nan,300116.940009,nan,nan,0.0,55,64,,True,False,"HTTPConnectionPool(host='gpu06', port=9004): Read timed out.",0,59.56268577710819
317,2026-09-21T08:00:00.988+00:00,2026-09-21T08:05:01.097+00:00,2026-09-21T08:05:01.097+00:00,False,1,0.0,,0.0,300109.651417,300109.651417,300109.651417,300109.651417,300109.651417,300109.651417,nan,300109.651417,nan,nan,0.0,55,64,,True,False,"HTTPConnectionPool(host='gpu06', port=9004): Read timed out.",0,59.56268577710819
318,2026-09-21T08:00:01.393+00:00,2026-09-21T08:05:01.387+00:00,2026-09-21T08:05:03.022+00:00,False,29,28.0,,28.0,299994.672853,301629.567701,301629.567813,10401.01957975862,0.04564,299994.672853,55696.77256789352,105.4127054,58.389101714285715,18.38462757246607,0.09282909567989003,55,64,,True,False,Request timeout: 300.0s exceeded,112,59.56268577710819
320,2026-09-21T08:00:02.015+00:00,2026-09-21T08:05:03.225+00:00,2026-09-21T08:05:03.225+00:00,False,1,0.0,,0.0,301209.766866,301209.766866,301209.766866,301209.766866,301209.766866,301209.766866,nan,301209.766866,nan,nan,0.0,55,64,,True,False,"HTTPConnectionPool(host='gpu06', port=9004): Read timed out.",0,59.56268577710819
319,2026-09-21T08:00:01.711+00:00,2026-09-21T08:05:03.656+00:00,2026-09-21T08:05:04.593+00:00,True,21,21.0,,21.0,301944.778436,302882.089156,302882.089179,14422.956627571428,0.03578,301944.778436,65879.5299322715,80.75382499999999,46.865536,24.45737814125312,0.06933391161728256,55,64,,True,True,,45,59.56268577710819
0,2026-09-21T07:58:02.310+00:00,2026-09-21T07:58:02.578+00:00,2026-09-21T07:58:06.241+00:00,True,65,65.0,,65.0,267.125678,3930.425774,3930.425625,60.46808653846154,0.02268,267.125678,42.3675819464498,80.8674938,57.239064,33.690018191774136,16.53764852397897,56,64,,False,True,,382,59.56268577710819
2,2026-09-21T07:58:02.839+00:00,2026-09-21T07:58:03.491+00:00,2026-09-21T07:58:04.769+00:00,True,23,23.0,,23.0,652.752564,1930.9037320000002,1930.9037799999999,83.95233826086957,43.03564299999999,652.752564,124.35369231076459,81.1964661,58.09778036363637,9.672549234087185,11.911520817341295,56,64,,False,True,,46,59.56268577710819
5,2026-09-21T07:58:03.622+00:00,2026-09-21T07:58:03.797+00:00,2026-09-21T07:58:04.426+00:00,True,12,12.0,,12.0,175.244822,803.997974,803.997924,66.999827,38.427223,175.244822,35.04890918749727,117.48262464999999,57.15937745454546,8.547180406014096,14.92541074487832,56,64,,False,True,,24,59.56268577710819
3,2026-09-21T07:58:03.111+00:00,2026-09-21T07:58:04.357+00:00,2026-09-21T07:58:07.802+00:00,True,56,56.0,,56.0,1246.3957639999999,4690.833524,4690.833478,83.76488353571429,41.475514000000004,1246.3957639999999,158.56867488641151,78.8538085,62.626141090909094,11.084050225767955,11.938176810898055,56,64,,False,True,,111,59.56268577710819
1,2026-09-21T07:58:02.600+00:00,2026-09-21T07:58:06.306+00:00,2026-09-21T07:58:07.174+00:00,True,15,15.0,,15.0,3706.54758,4574.791548,4574.791458,304.9860972,44.886845,3706.54758,941.1709524004106,1190.2794669,62.017426285714286,17.85680628445387,3.2788379191960506,56,64,,False,True,,30,59.56268577710819
4,2026-09-21T07:58:03.382+00:00,2026-09-21T07:58:09.168+00:00,2026-09-21T07:58:09.924+00:00,True,13,13.0,,13.0,5785.800112,6542.051248,6542.051141,503.23470315384617,40.165563999999996,5785.800112,1587.2602214996505,2363.5170682,63.020928,12.737614484874658,1.987144323269294,56,64,,False,True,,40,59.56268577710819
7,2026-09-21T07:58:04.223+00:00,2026-09-21T07:58:10.944+00:00,2026-09-21T07:58:12.750+00:00,True,29,29.0,,29.0,6720.535619,8526.820419,8526.820457,294.0282916206897,46.592055,6720.535619,1236.0252856939971,79.01033600000001,64.51017142857143,9.112227073073594,3.4010332779356265,56,64,,False,True,,277,59.56268577710819
8,2026-09-21T07:58:04.552+00:00,2026-09-21T07:58:13.195+00:00,2026-09-21T07:58:13.817+00:00,True,16,16.0,,16.0,8642.998391000001,9265.143159000001,9265.143246000001,579.0714528750001,0.01604,8642.998391000001,2150.64479379953,2220.92463875,41.47631786666667,34.897737687098115,1.7269026204368871,56,64,,False,True,,33,59.56268577710819
9,2026-09-21T07:58:04.796+00:00,2026-09-21T07:58:13.819+00:00,2026-09-21T07:58:18.025+00:00,True,70,70.0,,70.0,9022.549570000001,13229.239106,13229.239177000001,188.9891311,37.552374,9022.549570000001,1071.1662051162186,80.0813555,60.96651501449275,10.648191512789532,5.291309608898983,56,64,,False,True,,316,59.56268577710819
6,2026-09-21T07:58:03.937+00:00,2026-09-21T07:58:15.278+00:00,2026-09-21T07:58:17.280+00:00,True,34,34.0,,34.0,11341.831320000001,13343.186584000001,13343.186507,392.44666197058825,40.296924,11341.831320000001,1934.730756688479,77.04818999999999,60.647129212121214,9.710138543060264,2.548116957366831,56,64,,False,True,,68,59.56268577710819
10,2026-09-21T07:58:05.004+00:00,2026-09-21T07:58:15.801+00:00,2026-09-21T07:58:19.885+00:00,True,66,66.0,,66.0,10797.673971999999,14881.153011999999,14881.152935999999,225.47201418181817,41.580664,10797.673971999999,1321.3969030307267,75.70142799999999,62.822754461538466,8.67856536133812,4.435140203637334,56,64,,False,True,,462,59.56268577710819
11,2026-09-21T07:58:05.288+00:00,2026-09-21T07:58:17.175+00:00,2026-09-21T07:58:19.937+00:00,True,45,45.0,,45.0,11887.000135,14648.920391,14648.920402,325.5315644888889,45.447044,11887.000135,1762.675432557707,78.0263122,62.770914909090905,9.18979497518972,3.071898733755635,56,64,,False,True,,315,59.56268577710819
12,2026-09-21T07:58:05.525+00:00,2026-09-21T07:58:18.288+00:00,2026-09-21T07:58:24.373+00:00,True,95,95.0,,95.0,12762.982635,18848.148715,18848.148777,198.40156607368422,0.0,12762.982635,1304.3539921444417,82.793417,64.73580936170212,63.73214848843518,5.040282811669231,56,64,,False,True,,288,59.56268577710819
13,2026-09-21T07:58:05.772+00:00,2026-09-21T07:58:19.818+00:00,2026-09-21T07:58:25.979+00:00,True,97,97.0,,97.0,14046.449917,20207.315965,20207.316076,208.3228461443299,0.0,14046.449917,1420.938554873922,85.8019472,64.175688,59.98989060567707,4.800241663366299,56,64,,False,True,,1261,59.56268577710819
14,2026-09-21T07:58:06.076+00:00,2026-09-21T07:58:21.300+00:00,2026-09-21T07:58:27.208+00:00,True,94,94.0,,94.0,15223.950061000001,21131.906285,21131.906244,224.80751323404257,0.0,15223.950061000001,1565.3841119466063,84.997144,63.52641101075268,73.45471336486888,4.448249899098017,56,64,,False,True,,375,59.56268577710819
15,2026-09-21T07:58:06.316+00:00,2026-09-21T07:58:22.533+00:00,2026-09-21T07:58:28.444+00:00,True,95,95.0,,95.0,16217.314112,22128.158528,22128.158695,232.9279862631579,0.0,16217.314112,1659.0822215207247,80.040998,62.881323574468084,74.8739374398181,4.2931724246186675,56,64,,False,True,,30,59.56268577710819
16,2026-09-21T07:58:06.530+00:00,2026-09-21T07:58:23.777+00:00,2026-09-21T07:58:24.177+00:00,True,11,11.0,,11.0,17247.327147,17647.134891,17647.134878,1604.284988909091,0.0,17247.327147,5188.28826626751,8660.6847325,39.9807744,30.012178972245557,0.623330646472815,56,64,,False,True,,66,59.56268577710819
17,2026-09-21T07:58:06.787+00:00,2026-09-21T07:58:24.781+00:00,2026-09-21T07:58:26.959+00:00,True,32,32.0,,32.0,17993.531978,20171.766858,20171.766914,630.3677160625,0.0,17993.531978,3169.1068207909047,234.59001175,70.26564129032259,67.27106454810546,1.5863756618478364,56,64,,False,True,,192,59.56268577710819
18,2026-09-21T07:58:07.085+00:00,2026-09-21T07:58:26.967+00:00,2026-09-21T07:58:26.967+00:00,True,4,4.0,,4.0,19882.466374000003,19882.466374000003,19882.466374000003,4970.616593500001,0.0,19882.466374000003,9941.233187000002,16900.096417900004,0.0,0.0,0.20118228416725698,56,64,,False,True,,18,59.56268577710819
19,2026-09-21T07:58:07.292+00:00,2026-09-21T07:58:27.866+00:00,2026-09-21T07:58:30.933+00:00,True,49,49.0,,49.0,20573.406445999997,23640.783853999998,23640.783695,482.4649733673469,0.0,20573.406445999997,2930.556003617971,78.69624599999999,63.903696,61.261245650758035,2.0726893110910636,56,64,,False,True,,529,59.56268577710819
20,2026-09-21T07:58:07.502+00:00,2026-09-21T07:58:29.047+00:00,2026-09-21T07:58:29.539+00:00,True,9,9.0,,9.0,21545.445337,22037.567705,22037.567498,2448.618610888889,47.343705,21545.445337,7161.317842678432,12959.3518854,61.515296,11.314090138768888,0.40839352692983594,56,64,,False,True,,27,59.56268577710819
21,2026-09-21T07:58:07.730+00:00,2026-09-21T07:58:30.022+00:00,2026-09-21T07:58:35.374+00:00,True,81,81.0,,81.0,22291.963254000002,27644.630134000003,27644.630340000003,341.2917325925926,0.0,22291.963254000002,2471.369658851893,80.73703900000001,66.908336,97.98987405680559,2.9300446273787717,56,64,,False,True,,403,59.56268577710819
22,2026-09-21T07:58:07.922+00:00,2026-09-21T07:58:31.120+00:00,2026-09-21T07:58:34.802+00:00,True,59,59.0,,59.0,23197.774677999998,26879.922518,26879.922640999997,455.5919091694915,0.01601,23197.774677999998,3012.9066307274265,88.5230543,63.4853075862069,81.31939102166291,2.194946803157299,56,64,,False,True,,234,59.56268577710819
23,2026-09-21T07:58:08.172+00:00,2026-09-21T07:58:32.356+00:00,2026-09-21T07:58:34.395+00:00,True,33,33.0,,33.0,24184.078971000003,26222.383995000004,26222.383812000004,794.6176912727274,0.017079999999999998,24184.078971000003,4200.177077207272,300.23221920000003,63.697032,108.48812864000837,1.2584668124108138,56,64,,False,True,,198,59.56268577710819
24,2026-09-21T07:58:08.434+00:00,2026-09-21T07:58:33.790+00:00,2026-09-21T07:58:39.873+00:00,True,96,96.0,,96.0,25356.227723,31438.427275000002,31438.427164,327.4836162916667,0.0,25356.227723,2582.0147257706276,76.6947255,64.02315317894737,57.78612361343657,3.0535878643121466,56,64,,False,True,,384,59.56268577710819
25,2026-09-21T07:58:08.688+00:00,2026-09-21T07:58:35.367+00:00,2026-09-21T07:58:37.253+00:00,True,38,38.0,,38.0,26678.27925,28564.347986,28564.348136,751.693372,0.0,26678.27925,4319.595870931635,76.2077205,50.974830702702704,26.09780064854164,1.330329682953891,56,64,,False,True,,152,59.56268577710819
26,2026-09-21T07:58:08.942+00:00,2026-09-21T07:58:36.043+00:00,2026-09-21T07:58:41.507+00:00,True,87,87.0,,87.0,27101.004653,32565.716077,32565.716061,374.3185754137931,0.0,27101.004653,2899.416499910519,78.3836867,63.543156093023256,63.914790496938636,2.6715211725820147,56,64,,False,True,,435,59.56268577710819
27,2026-09-21T07:58:09.121+00:00,2026-09-21T07:58:37.022+00:00,2026-09-21T07:58:38.462+00:00,True,24,24.0,,24.0,27901.143267,29341.537763,29341.537727,1222.5640719583332,42.749114999999996,27901.143267,5682.523339201628,76.42818600000001,62.62584765217392,10.772075554372842,0.8179530396073603,56,64,,False,True,,50,59.56268577710819
28,2026-09-21T07:58:09.418+00:00,2026-09-21T07:58:38.227+00:00,2026-09-21T07:58:43.539+00:00,True,84,84.0,,84.0,28808.670391,34120.630455,34120.630503,406.1979821785714,0.0,28808.670391,3137.8474226394324,78.3438745,63.999518843373494,99.10909040902672,2.4618536902705657,56,64,,False,True,,413,59.56268577710819
29,2026-09-21T07:58:09.681+00:00,2026-09-21T07:58:40.545+00:00,2026-09-21T07:58:43.498+00:00,True,51,51.0,,51.0,30864.422375,33817.080295,33817.080281999995,663.0800055294118,0.0,30864.422375,4314.578050485973,76.628103,59.0531584,92.10522042346204,1.5081136382888907,56,64,,False,True,,103,59.56268577710819
30,2026-09-21T07:58:09.983+00:00,2026-09-21T07:58:41.637+00:00,2026-09-21T07:58:45.130+00:00,True,56,56.0,,56.0,31654.062726,35147.35655,35147.356529,627.6313665892857,0.01696,31654.062726,4222.431888986068,91.8502345,63.51443316363636,91.20898029388647,1.5932919427478254,56,64,,False,True,,276,59.56268577710819
31,2026-09-21T07:58:10.298+00:00,2026-09-21T07:58:43.485+00:00,2026-09-21T07:58:46.576+00:00,True,57,57.0,,57.0,33186.677535999996,36278.308128,36278.308186999995,636.4615471403508,0.0,33186.677535999996,4389.446660417167,100.5394742,55.20768914285714,98.07709458357641,1.5711868315051543,56,64,,False,True,,285,59.56268577710819
32,2026-09-21T07:58:10.570+00:00,2026-09-21T07:58:44.593+00:00,2026-09-21T07:58:46.855+00:00,True,37,37.0,,37.0,34022.834171999995,36285.17529199999,36285.175406999995,980.6804164054053,0.0,34022.834171999995,5584.186434881102,213.85745820000002,62.84280888888889,117.31729168971339,1.0197001861572268,56,64,,False,True,,200,59.56268577710819
33,2026-09-21T07:58:10.820+00:00,2026-09-21T07:58:46.494+00:00,2026-09-21T07:58:47.825+00:00,True,30,30.0,,30.0,35673.501593999994,37005.492633999995,37005.492682,1233.5164227333332,0.0,35673.501593999994,6504.746371122962,79.81807595000001,45.930725517241385,31.066094743398185,0.810690464161975,56,64,,False,True,,270,59.56268577710819
34,2026-09-21T07:58:11.055+00:00,2026-09-21T07:58:47.065+00:00,2026-09-21T07:58:52.577+00:00,True,87,87.0,,87.0,36009.901579000005,41521.95815500001,41521.95822100001,477.2638875977012,42.555524,36009.901579000005,3853.8065035880036,79.19061900000001,64.09368111627907,9.421026817636161,2.0952769056611458,56,64,,False,True,,519,59.56268577710819
35,2026-09-21T07:58:11.273+00:00,2026-09-21T07:58:48.154+00:00,2026-09-21T07:58:54.271+00:00,True,97,97.0,,97.0,36880.721139,42997.931251,42997.931444,443.2776437525773,0.0,36880.721139,3739.8433996173026,84.49556299999999,63.72093866666666,111.43969677106108,2.2559224869160204,56,64,,False,True,,291,59.56268577710819
36,2026-09-21T07:58:11.544+00:00,2026-09-21T07:58:49.388+00:00,2026-09-21T07:58:51.704+00:00,True,38,38.0,,38.0,37844.060829,40160.410781,40160.41091,1056.8529186842106,45.524225,37844.060829,6128.968301910932,75.22704,62.60405275675676,9.18187369107605,0.9462054610750622,56,64,,False,True,,228,59.56268577710819
37,2026-09-21T07:58:11.832+00:00,2026-09-21T07:58:50.906+00:00,2026-09-21T07:58:53.744+00:00,True,33,33.0,,33.0,39073.510827,41912.080299,41912.080371,1270.0630415454546,0.0,39073.510827,6789.1748350373855,517.0640894000001,88.705296,197.77616323347164,0.7873624922594777,56,64,,False,True,,418,59.56268577710819
38,2026-09-21T07:58:12.132+00:00,2026-09-21T07:58:52.509+00:00,2026-09-21T07:58:58.214+00:00,True,92,92.0,,92.0,40377.662842,46082.488954,46082.488854999996,500.8966179891304,0.0,40377.662842,4204.520745740327,81.66271745,62.69039683516484,108.87231310407688,1.9964199436327175,56,64,,False,True,,308,59.56268577710819
39,2026-09-21T07:58:12.317+00:00,2026-09-21T07:58:53.731+00:00,2026-09-21T07:58:57.418+00:00,True,66,66.0,,66.0,41413.93737,45101.370074,45101.370143,683.3540930757575,0.0,41413.93737,5090.776802277423,78.8367605,56.72973390769231,24.16080605689464,1.4633701790369251,56,64,,False,True,,412,59.56268577710819
40,2026-09-21T07:58:12.517+00:00,2026-09-21T07:58:54.413+00:00,2026-09-21T07:58:59.644+00:00,True,84,84.0,,84.0,41896.09566,47127.356331999996,47127.356202999996,561.0399547976191,42.917035000000006,41896.09566,4564.373658397724,80.66166165,63.02723701204819,10.393756191824695,1.782404245386518,56,64,,False,True,,186,59.56268577710819
41,2026-09-21T07:58:13.130+00:00,2026-09-21T07:58:57.281+00:00,2026-09-21T07:59:03.396+00:00,True,98,98.0,,98.0,44150.622625,50265.859489,50265.85948000001,512.9169334693878,0.0,44150.622625,4454.425041127465,81.084228,63.043679010309276,90.35477131204397,1.9496334290562756,56,64,,False,True,,324,59.56268577710819
42,2026-09-21T07:58:13.151+00:00,2026-09-21T07:58:58.419+00:00,2026-09-21T07:58:59.709+00:00,True,21,21.0,,21.0,45267.61737,46557.758042,46557.757904,2217.0360906666665,48.575926,45267.61737,9864.130712212343,76.013738,64.5070336,8.329515133277189,0.4510526469306316,56,64,,False,True,,21,59.56268577710819
43,2026-09-21T07:58:13.319+00:00,2026-09-21T07:58:58.819+00:00,2026-09-21T07:59:04.203+00:00,True,87,87.0,,87.0,45500.553394,50884.476082,50884.476123,584.8790358965517,0.0,45500.553394,4872.387977158016,79.416571,62.60375218604651,95.6713734356247,1.7097552475493718,56,64,,False,True,,957,59.56268577710819
44,2026-09-21T07:58:13.598+00:00,2026-09-21T07:59:00.324+00:00,2026-09-21T07:59:03.293+00:00,True,49,49.0,,49.0,46725.821561,49695.454585,49695.45454,1014.1929497959183,0.0,46725.821561,6667.485799191868,87.695485,61.867354666666664,128.184211987045,0.9860056701199809,56,64,,False,True,,62,59.56268577710819
45,2026-09-21T07:58:13.853+00:00,2026-09-21T07:59:01.637+00:00,2026-09-21T07:59:03.184+00:00,True,26,26.0,,26.0,47783.905071,49331.264303,49331.264242,1897.356317,37.748163999999996,47783.905071,9359.065797999387,84.8870615,61.89436928,13.608314160611014,0.5270491313643233,56,64,,False,True,,130,59.56268577710819
46,2026-09-21T07:58:14.128+00:00,2026-09-21T07:59:03.055+00:00,2026-09-21T07:59:07.066+00:00,True,66,66.0,,66.0,48927.85442,52938.403412,52938.403537000006,802.0970232878789,0.01764,48927.85442,6016.285056715846,79.78659875,61.70075372307692,124.93286486598242,1.2467319704817394,56,64,,False,True,,137,59.56268577710819
47,2026-09-21T07:58:14.444+00:00,2026-09-21T07:59:05.626+00:00,2026-09-21T07:59:09.146+00:00,True,70,70.0,,70.0,51181.994984,54701.809384,54701.809478999996,781.4544211285714,0.01541,51181.994984,6111.389251455271,82.147142,51.01180289855073,29.010756624094928,1.2796651662581868,56,64,,False,True,,770,59.56268577710819
48,2026-09-21T07:58:14.643+00:00,2026-09-21T07:59:06.018+00:00,2026-09-21T07:59:08.475+00:00,True,40,40.0,,40.0,51375.332904,53832.197928,53832.197909,1345.8049477250001,45.080065000000005,51375.332904,8113.197809497705,77.98715304999999,62.99653907692308,9.180128952510207,0.7430497274790745,56,64,,False,True,,120,59.56268577710819
49,2026-09-21T07:58:14.972+00:00,2026-09-21T07:59:07.620+00:00,2026-09-21T07:59:11.182+00:00,True,58,58.0,,58.0,52648.105036,56210.112076,56210.111936,969.1398609655173,0.0,52648.105036,6906.1653131404255,94.9442631,62.491351578947366,137.04168332489922,1.0318428100904682,56,64,,False,True,,343,59.56268577710819
50,2026-09-21T07:58:15.280+00:00,2026-09-21T07:59:09.151+00:00,2026-09-21T07:59:10.351+00:00,True,16,16.0,,16.0,53870.623323,55070.778971,55070.779038,3441.923689875,0.0,53870.623323,13450.176674572367,14255.259585,80.01037653333333,269.67249670261833,0.2905352039495486,56,64,,False,True,,32,59.56268577710819
51,2026-09-21T07:58:15.465+00:00,2026-09-21T07:59:10.329+00:00,2026-09-21T07:59:12.308+00:00,True,36,36.0,,36.0,54864.215216,56843.236527999994,56843.23663399999,1578.9787953888888,0.0,54864.215216,9134.641251494255,90.92143325,56.54346605714285,23.471582929263192,0.633320729059244,56,64,,False,True,,36,59.56268577710819
52,2026-09-21T07:58:15.649+00:00,2026-09-21T07:59:11.493+00:00,2026-09-21T07:59:14.180+00:00,True,42,42.0,,42.0,55843.698258000004,58531.003730000004,58531.00358900001,1393.595323547619,46.845644,55843.698258000004,8606.761444661073,80.14382895,65.54403590243903,9.75462451730052,0.7175684222628997,56,64,,False,True,,188,59.56268577710819
53,2026-09-21T07:58:15.943+00:00,2026-09-21T07:59:13.187+00:00,2026-09-21T07:59:17.209+00:00,True,63,63.0,,63.0,57243.919111,61265.424647,61265.424855000005,972.4670611904762,39.491524,57243.919111,7203.891695469276,80.420148,64.86299251612903,10.658878334663111,1.0283124676437696,56,64,,False,True,,315,59.56268577710819
54,2026-09-21T07:58:16.134+00:00,2026-09-21T07:59:14.049+00:00,2026-09-21T07:59:14.103+00:00,True,2,2.0,,2.0,57915.231508000004,57969.23317200001,57969.233202,28984.616601,54.001694,57915.231508000004,40914.06796927264,55022.170017300006,54.001664,nan,0.03450106014108928,56,64,,False,True,,9,59.56268577710819
55,2026-09-21T07:58:16.341+00:00,2026-09-21T07:59:15.026+00:00,2026-09-21T07:59:19.733+00:00,True,75,75.0,,75.0,58684.712252,63391.884348,63391.884476,845.2251263466667,0.01593,58684.712252,6770.143463959266,92.71735789999998,63.61043372972973,126.2679746303094,1.1831167470630053,56,64,,False,True,,151,59.56268577710819
56,2026-09-21T07:58:16.634+00:00,2026-09-21T07:59:16.530+00:00,2026-09-21T07:59:19.386+00:00,True,41,41.0,,41.0,59896.438274,62752.361474,62752.361625,1530.5454054878048,0.020309999999999998,59896.438274,9344.802416908702,83.41613699999999,71.39808,180.55483969790254,0.6533618661823175,56,64,,False,True,,134,59.56268577710819
58,2026-09-21T07:58:17.229+00:00,2026-09-21T07:59:19.525+00:00,2026-09-21T07:59:24.157+00:00,True,74,74.0,,74.0,62295.551895000004,66927.785111,66927.78512300001,904.4295286891893,0.0,62295.551895000004,7235.758531259935,101.57065155000001,63.455249534246576,144.5515482890429,1.1056693401293751,56,64,,False,True,,74,59.56268577710819
57,2026-09-21T07:58:16.946+00:00,2026-09-21T07:59:19.583+00:00,2026-09-21T07:59:22.829+00:00,True,72,72.0,,72.0,62637.829189000004,65883.747397,65883.74751500001,915.0520488194445,0.0,62637.829189000004,7377.891548308101,102.68123795,45.71715785915493,141.63138135853862,1.0928340120992952,56,64,,False,True,,72,59.56268577710819
59,2026-09-21T07:58:17.531+00:00,2026-09-21T07:59:21.319+00:00,2026-09-21T07:59:26.569+00:00,True,83,83.0,,83.0,63788.337792000006,69038.292608,69038.29250400001,831.7866566746989,42.389204,63788.337792000006,6994.659445902039,78.623002,64.0238392195122,10.154753185325763,1.202231354000521,56,64,,False,True,,319,59.56268577710819
60,2026-09-21T07:58:17.797+00:00,2026-09-21T07:59:22.828+00:00,2026-09-21T07:59:25.163+00:00,True,37,37.0,,37.0,65031.132907,67365.954283,67365.954252,1820.7014662702702,37.614943,65031.132907,10680.395949540602,84.15477720000001,64.85614933333333,11.328806531376086,0.5492388609914944,56,64,,False,True,,126,59.56268577710819
61,2026-09-21T07:58:18.127+00:00,2026-09-21T07:59:24.707+00:00,2026-09-21T07:59:28.970+00:00,True,67,67.0,,67.0,66580.308258,70842.567458,70842.56753300001,1057.3517542238806,42.349494,66580.308258,8126.194975138025,79.15331,64.57968484848485,9.417675100822892,0.9457590599002764,56,64,,False,True,,67,59.56268577710819
62,2026-09-21T07:58:18.329+00:00,2026-09-21T07:59:25.729+00:00,2026-09-21T07:59:29.850+00:00,True,65,65.0,,65.0,67399.178627,71520.934275,71520.9341,1100.322063076923,41.594154,67399.178627,8351.857070175907,79.248267,64.402432,10.06992160290971,0.9088248169420323,56,64,,False,True,,193,59.56268577710819
63,2026-09-21T07:58:18.615+00:00,2026-09-21T07:59:27.323+00:00,2026-09-21T07:59:32.816+00:00,True,84,84.0,,84.0,68707.661857,74200.505377,74200.50532,883.3393490476191,0.0,68707.661857,7490.7607233260815,78.92957585,66.17883759036144,143.65032547609235,1.1320677611723864,56,64,,False,True,,336,59.56268577710819
64,2026-09-21T07:58:18.861+00:00,2026-09-21T07:59:28.561+00:00,2026-09-21T07:59:31.184+00:00,True,42,42.0,,42.0,69699.75284100001,72323.413641,72323.41367200001,1721.986039809524,44.328984,69699.75284100001,10745.036072724262,78.51077949999998,63.991726829268295,10.342111162135291,0.5807248010786686,56,64,,False,True,,252,59.56268577710819
65,2026-09-21T07:58:19.100+00:00,2026-09-21T07:59:29.660+00:00,2026-09-21T07:59:32.838+00:00,True,47,47.0,,47.0,70560.778443,73738.553547,73738.553612,1568.905396,0.0,70560.778443,10284.110729549744,78.332083,69.08206747826087,196.68213232803018,0.6373870619803086,56,64,,False,True,,297,59.56268577710819
66,2026-09-21T07:58:19.381+00:00,2026-09-21T07:59:31.410+00:00,2026-09-21T07:59:33.451+00:00,True,33,33.0,,33.0,72028.75046699999,74069.59321899999,74069.59323599999,2244.533128363636,0.0,72028.75046699999,12529.66179487727,583.8511532,63.776336,236.7927282562579,0.44552695061291353,56,64,,False,True,,66,59.56268577710819
67,2026-09-21T07:58:19.575+00:00,2026-09-21T07:59:32.822+00:00,2026-09-21T07:59:36.563+00:00,True,68,68.0,,68.0,73246.974431,76988.61871899999,76988.61862,1132.1855679411765,0.0,73246.974431,8878.120034926756,101.2683178,55.84543713432836,207.62782479530077,0.8832474348993393,56,64,,False,True,,140,59.56268577710819
68,2026-09-21T07:58:19.853+00:00,2026-09-21T07:59:33.572+00:00,2026-09-21T07:59:34.788+00:00,True,15,15.0,,15.0,73718.500729,74935.068025,74935.068046,4995.671203066667,0.015470000000000001,73718.500729,19014.17852146584,22966.964234600004,86.897664,325.065983644929,0.20017330197119013,56,64,,False,True,,40,59.56268577710819
69,2026-09-21T07:58:20.087+00:00,2026-09-21T07:59:34.842+00:00,2026-09-21T07:59:38.441+00:00,True,57,57.0,,57.0,74754.831446,78353.84559,78353.845582,1374.628869859649,0.02169,74754.831446,9893.18068563278,247.278724,64.26810971428571,59.18848686680387,0.7274690804362345,56,64,,False,True,,455,59.56268577710819
70,2026-09-21T07:58:20.394+00:00,2026-09-21T07:59:36.869+00:00,2026-09-21T07:59:42.866+00:00,True,95,95.0,,95.0,76474.761172,82471.866068,82471.86609899999,868.1249063052632,9.718110000000001,76474.761172,7839.6153685656545,79.45478800000001,63.798988255319145,15.954718380291917,1.151907972127977,56,64,,False,True,,619,59.56268577710819
71,2026-09-21T07:58:20.728+00:00,2026-09-21T07:59:38.673+00:00,2026-09-21T07:59:41.759+00:00,True,50,50.0,,50.0,77944.822087,81031.21082299999,81031.210878,1620.6242175599998,45.242774,77944.822087,11014.158896305287,80.998272,62.987525224489794,9.748935823585471,0.6170461911178544,56,64,,False,True,,400,59.56268577710819
72,2026-09-21T07:58:21.054+00:00,2026-09-21T07:59:40.048+00:00,2026-09-21T07:59:43.990+00:00,True,62,62.0,,62.0,78993.500063,82935.596959,82935.59705,1337.6709201612903,40.985104,78993.500063,10023.983900977939,79.73081100000002,64.62453927868853,11.673405182494015,0.7475680199257537,56,64,,False,True,,672,59.56268577710819
73,2026-09-21T07:58:21.373+00:00,2026-09-21T07:59:41.706+00:00,2026-09-21T07:59:43.359+00:00,True,26,26.0,,26.0,80333.208166,81985.851238,81985.85124199999,3153.301970846154,43.165474,80333.208166,15741.679285107344,99.99680349999998,66.10572288,13.277117247427446,0.3171278898419138,56,64,,False,True,,77,59.56268577710819
74,2026-09-21T07:58:21.577+00:00,2026-09-21T07:59:42.739+00:00,2026-09-21T07:59:44.558+00:00,True,29,29.0,,29.0,81162.853426,82981.788978,82981.78896600001,2861.440998827586,46.372584,81162.853426,15059.505971696695,95.9948442,64.961984,13.219396705514795,0.3494742684770081,56,64,,False,True,,253,59.56268577710819
75,2026-09-21T07:58:21.781+00:00,2026-09-21T07:59:43.621+00:00,2026-09-21T07:59:45.175+00:00,True,26,26.0,,26.0,81840.702932,83394.453716,83394.453688,3207.478988,44.021394,81840.702932,16038.096648122339,79.9118845,62.15003136,9.870454392229751,0.31177133300186916,56,64,,False,True,,78,59.56268577710819
76,2026-09-21T07:58:22.012+00:00,2026-09-21T07:59:44.751+00:00,2026-09-21T07:59:46.966+00:00,True,33,33.0,,33.0,82738.571737,84954.393561,84954.39356200001,2574.3755624848486,0.0,82738.571737,14394.008997575667,740.5044849999999,69.244432,304.78276523557986,0.38844371217016493,56,64,,False,True,,132,59.56268577710819
77,2026-09-21T07:58:22.253+00:00,2026-09-21T07:59:46.972+00:00,2026-09-21T07:59:49.018+00:00,True,44,44.0,,44.0,84718.892677,86764.641925,86764.641907,1971.9236797045453,0.0,84718.892677,12764.712096781112,75.6253325,47.57556390697675,28.35537180717273,0.5071190178832746,56,64,,False,True,,88,59.56268577710819
78,2026-09-21T07:58:22.474+00:00,2026-09-21T07:59:47.356+00:00,2026-09-21T07:59:50.977+00:00,True,58,58.0,,58.0,84881.572408,88502.415672,88502.415747,1525.903719775862,43.323853,84881.572408,11137.158797990176,77.33537415,63.52356603508772,8.731388206875472,0.6553493434004625,56,64,,False,True,,174,59.56268577710819
79,2026-09-21T07:58:22.669+00:00,2026-09-21T07:59:48.183+00:00,2026-09-21T07:59:54.108+00:00,True,87,87.0,,87.0,85513.20657099999,91438.19242699999,91438.192552,1051.0137074942527,0.01515,85513.20657099999,9161.708281413497,79.935877,68.89518437209303,143.86985379310207,0.951462377927656,56,64,,False,True,,185,59.56268577710819
80,2026-09-21T07:58:23.309+00:00,2026-09-21T07:59:50.905+00:00,2026-09-21T07:59:55.208+00:00,True,62,62.0,,62.0,87595.953024,91899.8112,91899.811163,1482.2550187580646,0.01517,87595.953024,11117.514234013137,145.67807729999998,70.55505206557376,200.4494344285498,0.6746477407344227,56,64,,False,True,,496,59.56268577710819
81,2026-09-21T07:58:23.344+00:00,2026-09-21T07:59:51.308+00:00,2026-09-21T07:59:52.458+00:00,True,19,19.0,,19.0,87964.796196,89114.707492,89114.707497,4690.247762999999,45.692474000000004,87964.796196,20165.854884657743,8869.5599769,63.883960888888886,10.529817539343297,0.21320835286033638,56,64,,False,True,,89,59.56268577710819
82,2026-09-21T07:58:23.422+00:00,2026-09-21T07:59:52.181+00:00,2026-09-21T07:59:54.528+00:00,True,35,35.0,,35.0,88759.04999500001,91105.702923,91105.702841,2603.020081171429,0.01531,88759.04999500001,14993.708509792395,621.6671107,69.01920376470588,269.85290028236847,0.3841691450378361,56,64,,False,True,,77,59.56268577710819
83,2026-09-21T07:58:23.670+00:00,2026-09-21T07:59:54.156+00:00,2026-09-21T07:59:59.119+00:00,True,96,96.0,,96.0,90486.492002,95449.646946,95449.647139,994.2671576979167,0.01647,90486.492002,9230.044467903688,150.58812575,52.243736252631585,50.67673816999103,1.005765899315598,56,64,,False,True,,240,59.56268577710819
84,2026-09-21T07:58:23.987+00:00,2026-09-21T07:59:55.233+00:00,2026-09-21T07:59:57.440+00:00,True,38,38.0,,38.0,91246.058334,93452.81647800001,93452.816428,2459.2846428421053,0.02414,91246.058334,14792.406553866671,81.55071349999999,59.642112,22.416728115641735,0.40662230879842653,56,64,,False,True,,57,59.56268577710819
85,2026-09-21T07:58:24.288+00:00,2026-09-21T07:59:56.806+00:00,2026-09-21T07:59:57.171+00:00,True,6,6.0,,6.0,92518.439171,92883.460355,92883.460454,15480.576742333335,67.374856,92518.439171,37740.69103234073,69408.579045,73.0042368,5.022386286650918,0.06459707656312585,56,64,,False,True,,44,59.56268577710819
86,2026-09-21T07:58:24.552+00:00,2026-09-21T07:59:57.787+00:00,2026-09-21T07:59:59.341+00:00,True,27,27.0,,27.0,93235.739911,94788.974343,94788.974407,3510.7027558148147,42.785964,93235.739911,17931.73236268889,77.6738397,59.73978584615385,10.179842001063127,0.28484325510579706,56,64,,False,True,,101,59.56268577710819
87,2026-09-21T07:58:24.748+00:00,2026-09-21T07:59:59.007+00:00,2026-09-21T08:00:05.087+00:00,True,97,97.0,,97.0,94258.533377,100339.397377,100339.397342,1034.4267767216495,0.0,94258.533377,9565.989237281738,76.837875,63.342333333333336,192.4872400897762,0.9667189811350665,56,64,,False,True,,291,59.56268577710819
88,2026-09-21T07:58:24.985+00:00,2026-09-21T08:00:00.161+00:00,2026-09-21T08:00:00.851+00:00,True,12,12.0,,12.0,95176.022235,95865.911003,95865.910925,7988.825910416666,36.135453999999996,95176.022235,27456.84969019099,42875.359294099995,62.71716072727273,14.63146292107425,0.12517483925672468,56,64,,False,True,,60,59.56268577710819
90,2026-09-21T07:58:25.455+00:00,2026-09-21T08:00:02.875+00:00,2026-09-21T08:00:05.287+00:00,True,43,43.0,,43.0,97420.312764,99832.100028,99832.100047,2321.67674527907,0.0,97420.312764,14847.715950192085,79.94410189999999,57.42350628571428,21.02738066665156,0.43072318410551064,56,64,,False,True,,43,59.56268577710819
89,2026-09-21T07:58:25.197+00:00,2026-09-21T08:00:02.890+00:00,2026-09-21T08:00:06.676+00:00,True,85,85.0,,85.0,97693.05274300001,101478.96967100001,101478.96972600001,1193.8702320705884,0.0,97693.05274300001,10591.454901916273,76.95606099999999,45.07043961904762,30.764723644740712,0.8376119729592676,56,64,,False,True,,589,59.56268577710819
91,2026-09-21T07:58:25.792+00:00,2026-09-21T08:00:04.268+00:00,2026-09-21T08:00:06.182+00:00,True,30,30.0,,30.0,98475.997082,100389.91785,100389.91777,3346.3305923333332,44.829534,98475.997082,17967.12771064943,79.77925995,65.99726786206897,8.874369913884589,0.29883478981251105,56,64,,False,True,,90,59.56268577710819
92,2026-09-21T07:58:26.014+00:00,2026-09-21T08:00:05.422+00:00,2026-09-21T08:00:09.200+00:00,True,62,62.0,,62.0,99407.824231,103185.50538300001,103185.505363,1664.2823445645163,41.539084,99407.824231,12616.945039863154,77.5836305,61.92919921311476,9.813379020270936,0.6008595855577852,56,64,,False,True,,329,59.56268577710819
93,2026-09-21T07:58:26.201+00:00,2026-09-21T08:00:06.049+00:00,2026-09-21T08:00:09.406+00:00,True,56,56.0,,56.0,99847.724296,103204.295176,103204.295291,1842.9338444821428,44.727064,99847.724296,13334.561619438471,79.591717,61.028561454545454,9.758134250855353,0.5426130754005936,56,64,,False,True,,184,59.56268577710819
94,2026-09-21T07:58:26.521+00:00,2026-09-21T08:00:07.872+00:00,2026-09-21T08:00:08.964+00:00,True,19,19.0,,19.0,101351.01481299999,102443.36194899998,102443.36196099999,5391.75589268421,46.374354,101351.01481299999,23237.596527026973,10204.074292599998,60.685952,8.292898237322596,0.18546833722090153,56,64,,True,True,,38,59.56268577710819
95,2026-09-21T07:58:26.776+00:00,2026-09-21T08:00:09.342+00:00,2026-09-21T08:00:15.594+00:00,True,100,100.0,,100.0,102565.917686,108818.070774,108818.070876,1088.18070876,44.82498399999999,102565.917686,10250.280547217528,76.573833,63.1530614949495,9.197633859797241,0.9189650146223056,56,64,,True,True,,100,59.56268577710819
96,2026-09-21T07:58:27.040+00:00,2026-09-21T08:00:10.771+00:00,2026-09-21T08:00:16.797+00:00,True,96,96.0,,96.0,103730.341265,109756.869009,109756.86903399999,1143.3007191041665,42.897582,103730.341265,10580.463063916104,77.10709625,63.437134147368425,9.210389645737655,0.8746605188977107,56,64,,True,True,,1056,59.56268577710819
97,2026-09-21T07:58:27.340+00:00,2026-09-21T08:00:12.101+00:00,2026-09-21T08:00:12.519+00:00,True,8,8.0,,8.0,104760.289252,105178.192612,105178.192827,13147.274103375,44.383204,104760.289252,37017.24968397142,68122.09144425,59.70048,11.523393442004949,0.07606139448993786,56,64,,True,True,,46,59.56268577710819
98,2026-09-21T07:58:27.601+00:00,2026-09-21T08:00:13.660+00:00,2026-09-21T08:00:19.802+00:00,True,98,98.0,,98.0,106059.38001000001,112201.18225000001,112201.18249100001,1144.9100254183675,39.983892999999995,106059.38001000001,10707.22434971393,78.45880229999999,63.31754886597938,10.534865620556948,0.8734310818725797,56,64,,True,True,,98,59.56268577710819
99,2026-09-21T07:58:27.853+00:00,2026-09-21T08:00:15.163+00:00,2026-09-21T08:00:18.531+00:00,True,54,54.0,,54.0,107309.260946,110678.039186,110678.039251,2049.593319462963,45.387113,107309.260946,14594.29420789482,78.1688853,63.56185358490566,9.608580872658878,0.48790166863410267,56,64,,True,True,,116,59.56268577710819
100,2026-09-21T07:58:28.045+00:00,2026-09-21T08:00:16.026+00:00,2026-09-21T08:00:17.306+00:00,True,21,21.0,,21.0,107980.56270200001,109260.420622,109260.42076000001,5202.877179047619,41.153964,107980.56270200001,23549.328591553105,80.788007,63.992896,10.927336023026289,0.19220134684134257,56,64,,True,True,,189,59.56268577710819
101,2026-09-21T07:58:28.303+00:00,2026-09-21T08:00:17.234+00:00,2026-09-21T08:00:17.510+00:00,True,5,5.0,,5.0,108931.154807,109207.434359,109207.434518,21841.4869036,62.379195,108931.154807,48684.60459118565,87159.6839166,69.069888,5.079287707400451,0.04578442877399161,56,64,,True,True,,10,59.56268577710819
102,2026-09-21T07:58:28.545+00:00,2026-09-21T08:00:18.523+00:00,2026-09-21T08:00:23.557+00:00,True,81,81.0,,81.0,109977.98793700001,115011.39209700002,115011.39190200002,1419.8937271851853,45.592633,109977.98793700001,12212.789588530026,79.317884,62.917552,9.934253144251066,0.7042780590959634,56,64,,True,True,,322,59.56268577710819
103,2026-09-21T07:58:28.837+00:00,2026-09-21T08:00:19.995+00:00,2026-09-21T08:00:20.986+00:00,True,16,16.0,,16.0,111158.151148,112149.496556,112149.496461,7009.3435288125,52.812074,111158.151148,27773.01661734412,27849.572951500002,66.08969386666666,8.632771453298032,0.14266671265894326,56,64,,True,True,,70,59.56268577710819
104,2026-09-21T07:58:29.137+00:00,2026-09-21T08:00:21.458+00:00,2026-09-21T08:00:22.022+00:00,True,10,10.0,,10.0,112320.893726,112884.97615799999,112884.97604699999,11288.4976047,47.983273000000004,112320.893726,35499.166331412714,61809.51308749999,62.675825777777774,8.306710601656738,0.08858574754893382,56,64,,True,True,,26,59.56268577710819
105,2026-09-21T07:58:29.455+00:00,2026-09-21T08:00:22.990+00:00,2026-09-21T08:00:26.039+00:00,True,50,50.0,,50.0,113535.016287,116584.36361500001,116584.36365300001,2331.6872730600003,44.889112999999995,113535.016287,16047.47774020733,77.49510495,62.23157812244898,9.284048247270697,0.4288739797484033,56,64,,True,True,,352,59.56268577710819
106,2026-09-21T07:58:29.704+00:00,2026-09-21T08:00:24.327+00:00,2026-09-21T08:00:27.996+00:00,True,59,59.0,,59.0,114623.25748,118292.40308,118292.403202,2004.9559864745763,45.360534,114623.25748,14914.44381175137,77.9384731,63.261131034482766,8.960652735002212,0.49876406653180316,56,64,,True,True,,59,59.56268577710819
107,2026-09-21T07:58:29.931+00:00,2026-09-21T08:00:25.690+00:00,2026-09-21T08:00:30.149+00:00,True,72,72.0,,72.0,115759.595567,120218.055471,120218.055339,1669.6952130416666,44.566983,115759.595567,13635.00186966653,77.222412,62.79520991549296,9.38902556357124,0.5989117002259984,56,64,,True,True,,288,59.56268577710819
108,2026-09-21T07:58:30.171+00:00,2026-09-21T08:00:26.902+00:00,2026-09-21T08:00:32.782+00:00,True,94,94.0,,94.0,116731.104232,122611.50435999999,122611.504129,1304.3777035,42.912754,116731.104232,12033.375952756774,77.3757825,63.23010890322581,9.280040216402291,0.7666491043451056,56,64,,True,True,,752,59.56268577710819
109,2026-09-21T07:58:30.430+00:00,2026-09-21T08:00:28.069+00:00,2026-09-21T08:00:33.430+00:00,True,86,86.0,,86.0,117638.719472,122999.83128,122999.83119,1430.230595232558,45.315042999999996,117638.719472,12678.511434803333,78.20120075,63.07190362352941,9.196580526900402,0.699187950951147,56,64,,True,True,,390,59.56268577710819
110,2026-09-21T07:58:30.636+00:00,2026-09-21T08:00:29.015+00:00,2026-09-21T08:00:32.780+00:00,True,61,61.0,,61.0,118378.795541,122144.055061,122144.054981,2002.3615570655738,42.153923000000006,118378.795541,15148.819581573189,75.919916,62.754325333333334,9.31826022603807,0.49941030670331005,56,64,,True,True,,366,59.56268577710819
111,2026-09-21T07:58:30.938+00:00,2026-09-21T08:00:30.790+00:00,2026-09-21T08:00:32.074+00:00,True,21,21.0,,21.0,119851.685862,121135.87607,121135.875928,5768.375044190476,51.436584,119851.685862,26139.771787912152,78.485647,64.2095104,8.840552228924059,0.17335904672753485,56,64,,True,True,,25,59.56268577710819
112,2026-09-21T07:58:31.214+00:00,2026-09-21T08:00:32.281+00:00,2026-09-21T08:00:36.730+00:00,True,72,72.0,,72.0,121067.18175399999,125515.64357799999,125515.643535,1743.272826875,41.082903,121067.18175399999,14260.523266966346,77.24587294999999,62.654391887323946,9.250789959537844,0.5736336758314639,56,64,,True,True,,644,59.56268577710819
113,2026-09-21T07:58:31.495+00:00,2026-09-21T08:00:33.497+00:00,2026-09-21T08:00:34.167+00:00,True,11,11.0,,11.0,122002.876475,122672.470587,122672.470565,11152.042778636363,53.192322,122002.876475,36765.06329039691,61039.820020499996,66.9594112,8.963975392014774,0.08966967036176823,56,64,,True,True,,17,59.56268577710819
114,2026-09-21T07:58:31.742+00:00,2026-09-21T08:00:34.513+00:00,2026-09-21T08:00:37.893+00:00,True,57,57.0,,57.0,122770.64130500001,126150.349465,126150.34946600001,2213.1640257192985,42.760572999999994,122770.64130500001,16253.377524866342,77.46158,60.351931428571426,9.352681782843723,0.4518417922878165,56,64,,True,True,,399,59.56268577710819
115,2026-09-21T07:58:32.045+00:00,2026-09-21T08:00:36.251+00:00,2026-09-21T08:00:40.754+00:00,True,72,72.0,,72.0,124205.13281299999,128708.709389,128708.70952699998,1787.6209656527776,43.836063,124205.13281299999,14630.242938998186,77.72197145,63.430656,9.49129111908944,0.559402703529505,56,64,,True,True,,163,59.56268577710819
116,2026-09-21T07:58:32.291+00:00,2026-09-21T08:00:37.699+00:00,2026-09-21T08:00:42.169+00:00,True,69,69.0,,69.0,125407.516844,129878.185132,129878.184956,1882.292535594203,47.748534,125407.516844,15089.379002635966,78.496332,65.74512188235295,9.40234402059687,0.5312670478870085,56,64,,True,True,,276,59.56268577710819
117,2026-09-21T07:58:32.593+00:00,2026-09-21T08:00:39.059+00:00,2026-09-21T08:00:42.794+00:00,True,58,58.0,,58.0,126466.191855,130200.888559,130200.888592,2244.8429067586208,45.267603,126466.191855,16597.224023454655,78.25133395,65.52099480701754,9.764265114395567,0.4454654698744052,56,64,,True,True,,212,59.56268577710819
118,2026-09-21T07:58:32.782+00:00,2026-09-21T08:00:40.092+00:00,2026-09-21T08:00:43.947+00:00,True,60,60.0,,60.0,127309.752141,131164.32878100002,131164.32885700001,2186.072147616667,41.302623,127309.752141,16427.187162097325,79.843547,65.33180745762712,10.234181761684805,0.45744144431356537,56,64,,True,True,,180,59.56268577710819
119,2026-09-21T07:58:33.370+00:00,2026-09-21T08:00:41.231+00:00,2026-09-21T08:00:46.530+00:00,True,83,83.0,,83.0,127860.43680400001,133159.429444,133159.429328,1604.3304738313254,43.505673,127860.43680400001,14027.416924484178,79.638744,64.62186146341463,10.480392922442762,0.6233129741285466,56,64,,True,True,,821,59.56268577710819
120,2026-09-21T07:58:33.525+00:00,2026-09-21T08:00:43.565+00:00,2026-09-21T08:00:49.465+00:00,True,93,93.0,,93.0,130040.103682,135940.017666,135940.01767,1461.7206201075269,43.253203,130040.103682,13477.883996767796,78.24512999999999,64.12949982608696,9.521269857863814,0.6841252605137793,56,64,,True,True,,1302,59.56268577710819
121,2026-09-21T07:58:33.640+00:00,2026-09-21T08:00:44.877+00:00,2026-09-21T08:00:45.615+00:00,True,13,13.0,,13.0,131237.263849,131975.37917700002,131975.37940200002,10151.952261692308,51.277194,131237.263849,36381.609608071965,52542.59705920001,61.50961066666667,10.17888417963117,0.09850322144227315,56,64,,True,True,,78,59.56268577710819
122,2026-09-21T07:58:33.956+00:00,2026-09-21T08:00:46.599+00:00,2026-09-21T08:00:49.410+00:00,True,45,45.0,,45.0,132642.15075200002,135453.32899200002,135453.32896100002,3010.0739769111115,45.657942999999996,132642.15075200002,19763.60226340794,76.4432,63.89041454545455,9.215624724042717,0.3322177486140465,56,64,,True,True,,67,59.56268577710819
123,2026-09-21T07:58:34.240+00:00,2026-09-21T08:00:48.166+00:00,2026-09-21T08:00:51.731+00:00,True,57,57.0,,57.0,133926.35093000002,137491.27253000002,137491.272295,2412.127584122807,47.49653300000001,133926.35093000002,17730.5487439818,77.18006100000001,63.65931428571428,8.7045663819036,0.4145717684557967,56,64,,True,True,,115,59.56268577710819
124,2026-09-21T07:58:34.424+00:00,2026-09-21T08:00:49.280+00:00,2026-09-21T08:00:51.239+00:00,True,32,32.0,,32.0,134856.472683,136815.208043,136815.207819,4275.47524434375,46.66214299999999,134856.472683,23828.313335773102,78.12512199999999,63.185011612903224,8.278788109751611,0.23389212688945107,56,64,,True,True,,160,59.56268577710819
125,2026-09-21T07:58:34.632+00:00,2026-09-21T08:00:50.316+00:00,2026-09-21T08:00:50.748+00:00,True,8,8.0,,8.0,135684.108099,136115.914563,136115.914441,17014.489305125,46.765314,135684.108099,47949.76807220983,88220.9790836,61.686637714285716,11.183794832961928,0.05877343605032514,56,64,,True,True,,24,59.56268577710819
126,2026-09-21T07:58:34.897+00:00,2026-09-21T08:00:51.652+00:00,2026-09-21T08:00:54.372+00:00,True,44,44.0,,44.0,136754.63244,139474.67135199998,139474.671492,3169.878897545454,42.976963000000005,136754.63244,20607.002423341408,76.8730035,63.25671888372093,9.592906153883993,0.31546946534080555,56,64,,True,True,,88,59.56268577710819
127,2026-09-21T07:58:35.216+00:00,2026-09-21T08:00:53.313+00:00,2026-09-21T08:00:58.365+00:00,True,81,81.0,,81.0,138097.07635,143148.886398,143148.886256,1767.2702006913578,42.212643,138097.07635,15337.105773810019,77.09928599999999,63.147625600000005,8.95566485113521,0.5658444297973364,56,64,,True,True,,405,59.56268577710819
128,2026-09-21T07:58:35.481+00:00,2026-09-21T08:00:54.708+00:00,2026-09-21T08:00:57.797+00:00,True,51,51.0,,51.0,139227.566747,142316.442267,142316.442247,2790.5184754313727,40.596773,139227.566747,19487.110551159814,76.1809755,61.7775104,9.452083746815257,0.3583563444083211,56,64,,True,True,,551,59.56268577710819
129,2026-09-21T07:58:35.813+00:00,2026-09-21T08:00:56.659+00:00,2026-09-21T08:01:02.018+00:00,True,84,84.0,,84.0,140846.826068,146205.22760399999,146205.227735,1740.5384254166665,43.843353,140846.826068,15360.608215293058,76.9916485,64.5590546506024,10.536717819394811,0.5745348601865031,56,64,,True,True,,336,59.56268577710819
130,2026-09-21T07:58:36.042+00:00,2026-09-21T08:00:57.693+00:00,2026-09-21T08:00:57.981+00:00,True,6,6.0,,6.0,141650.384422,141939.254566,141939.254693,23656.542448833334,50.139953,141650.384422,57804.94171557856,106255.83551275,57.774028799999996,9.23859508802952,0.04227160427427829,56,64,,True,True,,42,59.56268577710819
131,2026-09-21T07:58:36.263+00:00,2026-09-21T08:00:58.959+00:00,2026-09-21T08:01:01.579+00:00,True,42,42.0,,42.0,142696.45938299998,145316.39282299997,145316.39284699998,3459.9141154047616,40.413153,142696.45938299998,22008.684328208823,76.34846900000001,63.900815609756094,11.093568215596488,0.2890245152944124,56,64,,True,True,,2,59.56268577710819
132,2026-09-21T07:58:36.576+00:00,2026-09-21T08:01:00.362+00:00,2026-09-21T08:01:04.832+00:00,True,71,71.0,,71.0,143786.225204,148256.44241999998,148256.44236599997,2088.1189065633803,43.874953,143786.225204,17056.709655393763,78.548331,63.86024594285715,10.180652753547479,0.47889993069482967,56,64,,True,True,,426,59.56268577710819
133,2026-09-21T07:58:36.775+00:00,2026-09-21T08:01:01.391+00:00,2026-09-21T08:01:05.770+00:00,True,70,70.0,,70.0,144616.376189,148994.612861,148994.612774,2128.4944682,42.436653,144616.376189,17277.381918738734,77.322414,63.45270539130435,10.166077863521833,0.4698156440414686,56,64,,True,True,,277,59.56268577710819
134,2026-09-21T07:58:37.027+00:00,2026-09-21T08:01:02.633+00:00,2026-09-21T08:01:03.256+00:00,True,11,11.0,,11.0,145606.036135,146229.532327,146229.532241,13293.593840090909,49.599314,145606.036135,43883.07358174276,72842.17221500001,62.34961920000001,9.690538873535806,0.07522420283340363,56,64,,True,True,,48,59.56268577710819
135,2026-09-21T07:58:37.210+00:00,2026-09-21T08:01:03.607+00:00,2026-09-21T08:01:06.085+00:00,True,41,41.0,,41.0,146396.587549,148875.039517,148875.03971299998,3631.0985295853657,47.488013,146396.587549,22853.63076904991,75.725465,61.961299200000006,8.910944190962883,0.2753987514160708,56,64,,True,True,,8,59.56268577710819
136,2026-09-21T07:58:37.528+00:00,2026-09-21T08:01:05.331+00:00,2026-09-21T08:01:11.095+00:00,True,92,92.0,,92.0,147803.498694,153567.168454,153567.168622,1669.2083545869566,43.832713000000005,147803.498694,15402.979679813872,77.72947889999999,63.337030329670334,9.761289206959226,0.5990863862776631,56,64,,True,True,,254,59.56268577710819
137,2026-09-21T07:58:37.827+00:00,2026-09-21T08:01:07.001+00:00,2026-09-21T08:01:09.170+00:00,True,35,35.0,,35.0,149173.857917,151342.56498899998,151342.56497799998,4324.073285085714,45.969414,149173.857917,25204.204479348547,77.720625,63.785502117647056,10.329518982476591,0.23126342547811254,56,64,,True,True,,152,59.56268577710819
138,2026-09-21T07:58:38.014+00:00,2026-09-21T08:01:08.332+00:00,2026-09-21T08:01:10.817+00:00,True,40,40.0,,40.0,150318.22574599998,152802.59796999997,152802.59797099998,3820.0649492749994,43.577423,150318.22574599998,23757.328650243857,80.51741154999999,63.701851897435894,10.90312879252825,0.26177565389204493,56,64,,True,True,,86,59.56268577710819
139,2026-09-21T07:58:38.231+00:00,2026-09-21T08:01:09.239+00:00,2026-09-21T08:01:14.373+00:00,True,81,81.0,,81.0,151008.160491,156142.368491,156142.368483,1927.6835615185184,41.375723,151008.160491,16771.55676716986,78.010345,64.1776,10.28240508942218,0.5187573416671261,56,64,,True,True,,411,59.56268577710819
140,2026-09-21T07:58:38.475+00:00,2026-09-21T08:01:10.890+00:00,2026-09-21T08:01:11.353+00:00,True,8,8.0,,8.0,152415.633219,152878.29203500002,152878.291983,19109.786497875,51.833203000000005,152415.633219,53863.69707268434,99096.92869495001,66.09411657142857,11.013269777060382,0.05232920837556503,56,64,,True,True,,53,59.56268577710819
141,2026-09-21T07:58:38.711+00:00,2026-09-21T08:01:12.291+00:00,2026-09-21T08:01:18.563+00:00,True,99,99.0,,99.0,153580.51263800001,159852.29145400002,159852.291284,1614.6696089292932,41.206433,153580.51263800001,15428.99341465385,77.499973,63.99774302040816,9.895425286565214,0.6193217444648818,56,64,,True,True,,302,59.56268577710819
142,2026-09-21T07:58:38.965+00:00,2026-09-21T08:01:13.386+00:00,2026-09-21T08:01:16.703+00:00,True,53,53.0,,53.0,154421.135692,157738.304588,157738.304749,2976.194429226415,44.938793,154421.135692,21202.613925433277,79.1089566,63.79170953846154,9.544147890579369,0.3359995540615947,56,64,,True,True,,57,59.56268577710819
143,2026-09-21T07:58:39.271+00:00,2026-09-21T08:01:15.150+00:00,2026-09-21T08:01:18.304+00:00,True,51,51.0,,51.0,155878.725902,159032.570894,159032.570956,3118.285705019608,45.019273999999996,155878.725902,21818.55727013004,78.140256,63.07689984,10.037237818983547,0.3206890243508233,56,64,,True,True,,51,59.56268577710819
144,2026-09-21T07:58:39.589+00:00,2026-09-21T08:01:16.907+00:00,2026-09-21T08:01:18.034+00:00,True,19,19.0,,19.0,157318.719559,158445.331271,158445.331213,8339.227958578947,52.213754,157318.719559,36077.03147056235,15800.660149299998,62.589539555555554,8.722130215964164,0.11991517735226281,56,64,,True,True,,38,59.56268577710819
145,2026-09-21T07:58:39.797+00:00,2026-09-21T08:01:17.789+00:00,2026-09-21T08:01:20.691+00:00,True,47,47.0,,47.0,157991.939724,160894.26215599998,160894.26232,3423.2821770212763,43.549862000000005,157991.939724,23036.292444522347,77.38020499999999,63.093965913043476,11.279191624626462,0.2921173158706536,56,64,,True,True,,139,59.56268577710819
146,2026-09-21T07:58:40.122+00:00,2026-09-21T08:01:19.561+00:00,2026-09-21T08:01:25.719+00:00,True,98,98.0,,98.0,159439.104511,165596.997887,165596.997791,1689.7652835816327,39.514942000000005,159439.104511,16099.371824245603,76.838143,63.48343686597938,9.725717266277385,0.591798168145978,56,64,,True,True,,392,59.56268577710819
147,2026-09-21T07:58:40.420+00:00,2026-09-21T08:01:21.198+00:00,2026-09-21T08:01:21.379+00:00,True,4,4.0,,4.0,160777.97302200002,160958.59126200003,160958.59131600003,40239.64782900001,51.173204,160777.97302200002,80358.8838182933,136671.73092345,60.20608,9.267968678838745,0.024851112131622773,56,64,,True,True,,14,59.56268577710819
148,2026-09-21T07:58:40.736+00:00,2026-09-21T08:01:22.955+00:00,2026-09-21T08:01:27.755+00:00,True,77,77.0,,77.0,162219.45469800002,167018.65623400002,167018.656248,2169.073457766234,44.074582,162219.45469800002,18479.42880532251,79.19521560000001,63.14738863157894,9.768278593190562,0.46102634122573605,56,64,,True,True,,154,59.56268577710819
149,2026-09-21T07:58:40.997+00:00,2026-09-21T08:01:24.103+00:00,2026-09-21T08:01:24.861+00:00,True,14,14.0,,14.0,163105.297913,163863.960825,163863.96100399998,11704.568643142857,45.374311999999996,163105.297913,43576.12795112091,57132.990225,58.358685538461536,6.779794356492245,0.08543672403324504,56,64,,True,True,,42,59.56268577710819
150,2026-09-21T07:58:41.299+00:00,2026-09-21T08:01:25.670+00:00,2026-09-21T08:01:26.213+00:00,True,10,10.0,,10.0,164371.124017,164913.784113,164913.783976,16491.378397599998,45.450362,164371.124017,51959.64759286799,90438.81743124999,60.29556622222223,12.677232038995122,0.06063774507258857,56,64,,True,True,,10,59.56268577710819
151,2026-09-21T07:58:41.576+00:00,2026-09-21T08:01:27.133+00:00,2026-09-21T08:01:28.491+00:00,True,23,23.0,,23.0,165556.593507,166915.30096300002,166915.300911,7257.186996130436,45.68416199999999,165556.593507,34508.05964268439,78.2177329,61.75942981818182,9.639352104908275,0.1377944374620179,56,64,,True,True,,69,59.56268577710819
152,2026-09-21T07:58:41.887+00:00,2026-09-21T08:01:28.386+00:00,2026-09-21T08:01:29.827+00:00,True,24,24.0,,24.0,166498.24398300002,167939.297935,167939.29794100003,6997.470747541667,45.522563000000005,166498.24398300002,33973.52375259398,77.6385315,62.65451965217392,9.673296599314963,0.14290877891658849,56,64,,True,True,,129,59.56268577710819
153,2026-09-21T07:58:42.208+00:00,2026-09-21T08:01:30.082+00:00,2026-09-21T08:01:31.280+00:00,True,20,20.0,,20.0,167873.71538,169071.780276,169071.780195,8453.58900975,52.752523000000004,167873.71538,37523.60501238593,8467.674177249999,63.05604715789474,8.204320355426356,0.11829295206657874,56,64,,True,True,,80,59.56268577710819
154,2026-09-21T07:58:42.534+00:00,2026-09-21T08:01:31.774+00:00,2026-09-21T08:01:34.587+00:00,True,46,46.0,,46.0,169240.11489899998,172053.25870699997,172053.25877999997,3740.2882343478254,41.638742,169240.11489899998,24943.87781796592,75.068999,62.51430684444445,8.599177363702504,0.26735907442669377,56,64,,True,True,,292,59.56268577710819
156,2026-09-21T07:58:43.494+00:00,2026-09-21T08:01:34.412+00:00,2026-09-21T08:01:35.255+00:00,True,14,14.0,,14.0,170917.756811,171760.757899,171760.757897,12268.625564071428,50.076703,170917.756811,45662.36197169054,59869.5842796,64.84623753846154,9.475093600487478,0.08150872277957914,56,64,,True,True,,126,59.56268577710819
157,2026-09-21T07:58:43.635+00:00,2026-09-21T08:01:35.180+00:00,2026-09-21T08:01:40.763+00:00,True,89,89.0,,89.0,171544.367837,177127.436765,177127.43675,1990.195918539326,40.499992,171544.367837,18176.944163509506,76.507664,63.443965090909096,9.753254214962878,0.5024630945124489,56,64,,True,True,,618,59.56268577710819
155,2026-09-21T07:58:43.484+00:00,2026-09-21T08:01:36.126+00:00,2026-09-21T08:01:39.802+00:00,True,58,58.0,,58.0,172642.701815,176318.239991,176318.240024,3039.969655586207,44.284733,172642.701815,22660.631975494118,75.9313175,64.48312589473684,8.830102536413238,0.3289506519742969,56,64,,True,True,,232,59.56268577710819
158,2026-09-21T07:58:43.711+00:00,2026-09-21T08:01:37.668+00:00,2026-09-21T08:01:38.191+00:00,True,9,9.0,,9.0,173957.168194,174479.665218,174479.665102,19386.629455777776,51.068972,173957.168194,57963.95314651727,104405.70555439999,65.312128,12.179756603655427,0.051581942163604774,56,64,,True,True,,36,59.56268577710819
159,2026-09-21T07:58:43.887+00:00,2026-09-21T08:01:38.811+00:00,2026-09-21T08:01:42.328+00:00,True,57,57.0,,57.0,174924.204708,178441.2881,178441.288199,3130.54891577193,47.479712,174924.204708,23160.959943448073,78.51083899999999,62.80506057142858,9.111442910398319,0.3194327983558195,56,64,,True,True,,63,59.56268577710819
160,2026-09-21T07:58:44.184+00:00,2026-09-21T08:01:40.051+00:00,2026-09-21T08:01:44.114+00:00,True,67,67.0,,67.0,175867.311324,179930.462428,179930.462544,2685.5292917014926,43.001652,175867.311324,21478.092519476097,75.8763229,61.56289551515152,9.15011000341403,0.3723660746262482,56,64,,True,True,,603,59.56268577710819
161,2026-09-21T07:58:44.380+00:00,2026-09-21T08:01:40.982+00:00,2026-09-21T08:01:43.987+00:00,True,50,50.0,,50.0,176601.92272499998,179607.57162099998,179607.57151699997,3592.1514303399995,44.251052,176601.92272499998,24966.610363436568,75.29829915,61.3397733877551,9.284719457016012,0.2783847003149055,56,64,,True,True,,142,59.56268577710819
162,2026-09-21T07:58:44.705+00:00,2026-09-21T08:01:42.803+00:00,2026-09-21T08:01:48.458+00:00,True,91,91.0,,91.0,178097.60558899998,183752.702933,183752.70288499998,2019.260471263736,42.386761,178097.60558899998,18663.117398005852,78.56985,62.83441493333333,9.307014117360817,0.49523081047237966,56,64,,True,True,,834,59.56268577710819
163,2026-09-21T07:58:44.941+00:00,2026-09-21T08:01:43.864+00:00,2026-09-21T08:01:47.553+00:00,True,60,60.0,,60.0,178922.695193,182611.813145,182611.81300199998,3043.5302167,42.37489299999999,178922.695193,23090.750031878353,76.4050966,62.527422915254235,8.837331238594846,0.32856581930084644,56,64,,True,True,,0,59.56268577710819
164,2026-09-21T07:58:45.243+00:00,2026-09-21T08:01:45.370+00:00,2026-09-21T08:01:48.357+00:00,True,48,48.0,,48.0,180127.362494,183114.167998,183114.168023,3814.8785004791666,45.691963,180127.362494,25989.974091971748,76.23380185,63.54905327659574,8.314714390789803,0.26213154626311747,56,64,,True,True,,230,59.56268577710819
165,2026-09-21T07:58:45.576+00:00,2026-09-21T08:01:47.048+00:00,2026-09-21T08:01:51.688+00:00,True,73,73.0,,73.0,181471.476189,186111.34434900002,186111.344259,2549.47046930137,44.456493,181471.476189,21232.08918824985,76.28642400000001,64.44261333333334,8.971156380737423,0.3922383144098342,56,64,,True,True,,146,59.56268577710819
166,2026-09-21T07:58:45.788+00:00,2026-09-21T08:01:48.157+00:00,2026-09-21T08:01:50.273+00:00,True,35,35.0,,35.0,182368.403157,184484.785365,184484.785501,5270.993871457143,41.083942,182368.403157,30815.36617531401,78.4938773,62.246535529411766,9.3935186195365,0.18971754191411014,56,64,,True,True,,208,59.56268577710819
167,2026-09-21T07:58:46.087+00:00,2026-09-21T08:01:49.747+00:00,2026-09-21T08:01:50.512+00:00,True,13,13.0,,13.0,183660.068251,184425.28245899998,184425.282433,14186.560187153846,49.094182,183660.068251,50920.45294341121,73512.9390874,63.76785066666666,10.612135074855024,0.07048925085903046,56,64,,True,True,,65,59.56268577710819
168,2026-09-21T07:58:46.292+00:00,2026-09-21T08:01:50.985+00:00,2026-09-21T08:01:55.986+00:00,True,79,79.0,,79.0,184693.071149,189693.626925,189693.626797,2401.1851493291138,43.618500999999995,184693.071149,20772.382988798243,77.52775,64.10968943589744,8.986039016319921,0.41646101284802034,56,64,,True,True,,158,59.56268577710819
169,2026-09-21T07:58:46.626+00:00,2026-09-21T08:01:52.124+00:00,2026-09-21T08:01:52.635+00:00,True,10,10.0,,10.0,185497.976894,186009.132094,186009.132292,18600.9132292,46.987352,185497.976894,58641.65114751573,102056.09092700001,56.79502222222222,7.988266374056166,0.05376080135112122,56,64,,True,True,,20,59.56268577710819
170,2026-09-21T07:58:46.904+00:00,2026-09-21T08:01:53.593+00:00,2026-09-21T08:01:54.574+00:00,True,16,16.0,,16.0,186688.732234,187669.965386,187669.96545699998,11729.372841062499,47.716551,186688.732234,46655.82978120418,46727.8302415,65.41554346666666,7.80774451133728,0.08525605025338585,56,64,,True,True,,32,59.56268577710819
171,2026-09-21T07:58:47.207+00:00,2026-09-21T08:01:55.144+00:00,2026-09-21T08:01:59.388+00:00,True,68,68.0,,68.0,187937.391796,192181.72280400002,192181.72287700002,2826.201807014706,41.866082,187937.391796,22783.0759383002,76.88756584999999,63.348224,8.724436165830983,0.3538317744677053,56,64,,True,True,,204,59.56268577710819
172,2026-09-21T07:58:47.392+00:00,2026-09-21T08:01:56.211+00:00,2026-09-21T08:01:56.773+00:00,True,10,10.0,,10.0,188819.722455,189380.84706300002,189380.84700500002,18938.0847005,53.180363,188819.722455,59690.32329061059,103881.9684741,62.347178666666665,4.994455973493809,0.05280365018471677,56,64,,True,True,,10,59.56268577710819
173,2026-09-21T07:58:47.673+00:00,2026-09-21T08:01:57.904+00:00,2026-09-21T08:01:58.425+00:00,True,9,9.0,,9.0,190231.176298,190752.33495400002,190752.33494600002,21194.70388288889,57.304612999999996,190231.176298,63388.67741973402,114167.7325004,65.144832,6.185477963552649,0.04718159807674361,56,64,,True,True,,9,59.56268577710819
174,2026-09-21T07:58:47.926+00:00,2026-09-21T08:01:58.897+00:00,2026-09-21T08:02:00.059+00:00,True,19,19.0,,19.0,190970.414235,192132.758427,192132.75851800002,10112.25044831579,50.517973,190970.414235,43796.80406153363,19166.751088200002,64.57467733333334,8.507528431090472,0.09888995585944792,56,64,,True,True,,57,59.56268577710819
175,2026-09-21T07:58:48.144+00:00,2026-09-21T08:02:00.065+00:00,2026-09-21T08:02:02.407+00:00,True,40,40.0,,40.0,191921.188965,194263.002469,194263.00232200001,4856.57505805,45.821062,191921.188965,30335.911428410098,76.52714555,60.0465001025641,8.623489185501972,0.205906423207801,56,64,,True,True,,0,59.56268577710819
176,2026-09-21T07:58:48.405+00:00,2026-09-21T08:02:01.759+00:00,2026-09-21T08:02:02.920+00:00,True,20,20.0,,20.0,193353.73678,194515.59969200002,194515.599813,9725.77999065,44.721502,193353.73678,43221.53710189307,9741.3980648,61.15067957894737,9.044876890425959,0.10281951695220543,56,64,,True,True,,49,59.56268577710819
177,2026-09-21T07:58:48.628+00:00,2026-09-21T08:02:03.231+00:00,2026-09-21T08:02:07.421+00:00,True,68,68.0,,68.0,194603.568196,198793.611332,198793.611293,2923.4354601911764,45.726192000000005,194603.568196,23591.566749150683,78.35862449999999,62.53795725373134,8.663485441332236,0.3420633064834009,56,64,,True,True,,336,59.56268577710819
178,2026-09-21T07:58:48.881+00:00,2026-09-21T08:02:04.497+00:00,2026-09-21T08:02:08.866+00:00,True,70,70.0,,70.0,195616.029399,199984.48149499999,199984.48147499998,2856.9211639285713,43.716432999999995,195616.029399,23373.021682861276,74.59756549999999,63.31089994202898,7.866210168020699,0.3500271594911235,56,64,,True,True,,630,59.56268577710819
179,2026-09-21T07:58:49.211+00:00,2026-09-21T08:02:06.145+00:00,2026-09-21T08:02:08.910+00:00,True,45,45.0,,45.0,196933.59592300002,199698.92097900002,199698.920932,4437.7537984888895,48.698322,196933.59592300002,29347.759718784957,79.07003180000001,62.848296727272725,9.236298652116393,0.22533922456562558,56,64,,True,True,,225,59.56268577710819
180,2026-09-21T07:58:49.477+00:00,2026-09-21T08:02:07.624+00:00,2026-09-21T08:02:07.624+00:00,True,1,1.0,,1.0,198147.342536,198147.342536,198147.342536,198147.342536,198147.342536,198147.342536,nan,198147.342536,nan,nan,0.00504674949056315,56,64,,True,True,,2,59.56268577710819
181,2026-09-21T07:58:49.768+00:00,2026-09-21T08:02:09.131+00:00,2026-09-21T08:02:13.193+00:00,True,66,66.0,,66.0,199363.28726699998,203424.90211499998,203424.902147,3082.1954870757572,42.276042000000004,199363.28726699998,24532.234372151077,77.59650149999999,62.486382276923074,9.03437385573483,0.32444405436011436,56,64,,True,True,,265,59.56268577710819
182,2026-09-21T07:58:49.986+00:00,2026-09-21T08:02:10.303+00:00,2026-09-21T08:02:13.414+00:00,True,50,50.0,,50.0,200316.778578,203428.383058,203428.383156,4068.56766312,47.615323,200316.778578,28320.091337254595,78.7485605,63.502132244897965,8.970119058846743,0.24578674444727985,56,64,,True,True,,443,59.56268577710819
183,2026-09-21T07:58:50.217+00:00,2026-09-21T08:02:11.937+00:00,2026-09-21T08:02:16.784+00:00,True,77,77.0,,77.0,201720.258062,206567.576334,206567.576364,2682.695796935065,42.741033,201720.258062,22980.890464338452,76.57703599999999,63.78050357894737,9.735493866288863,0.3727593718556215,56,64,,True,True,,308,59.56268577710819
184,2026-09-21T07:58:50.484+00:00,2026-09-21T08:02:13.267+00:00,2026-09-21T08:02:13.602+00:00,True,6,6.0,,6.0,202783.046726,203118.027846,203118.027934,33853.004655666664,54.884963000000006,202783.046726,82758.48129213064,152105.2013205,66.996224,6.932417651713722,0.029539475464723786,56,64,,True,True,,12,59.56268577710819
185,2026-09-21T07:58:50.681+00:00,2026-09-21T08:02:14.382+00:00,2026-09-21T08:02:15.730+00:00,True,22,22.0,,22.0,203700.600477,205048.854685,205048.85474,9320.402488181819,45.491222,203700.600477,43415.427173058175,79.573421,64.20258133333334,10.744358640966174,0.10729150393839958,56,64,,True,True,,71,59.56268577710819
186,2026-09-21T07:58:50.866+00:00,2026-09-21T08:02:15.486+00:00,2026-09-21T08:02:21.481+00:00,True,95,95.0,,95.0,204620.33486700003,210615.63521900002,210615.63511100004,2217.0066853789476,43.748063,204620.33486700003,20987.061992504274,77.8828107,63.779790978723405,9.80030301486934,0.4510586305770612,56,64,,True,True,,222,59.56268577710819
187,2026-09-21T07:58:51.111+00:00,2026-09-21T08:02:16.660+00:00,2026-09-21T08:02:21.285+00:00,True,74,74.0,,74.0,205549.59782499998,210174.59878499998,210174.59879499997,2840.197281013513,41.827303,205549.59782499998,23887.292332982008,80.8772912,63.35617753424658,9.711606967363414,0.35208821821374797,56,64,,True,True,,444,59.56268577710819
188,2026-09-21T07:58:51.369+00:00,2026-09-21T08:02:18.244+00:00,2026-09-21T08:02:22.950+00:00,True,76,76.0,,76.0,206875.209173,211581.170645,211581.170508,2783.9627698421054,43.328982,206875.209173,23723.01840716805,79.0444755,62.74615296,9.604453055947337,0.3592002056152533,56,64,,True,True,,302,59.56268577710819
189,2026-09-21T07:58:51.666+00:00,2026-09-21T08:02:19.731+00:00,2026-09-21T08:02:22.820+00:00,True,50,50.0,,50.0,208064.777683,211153.62401899998,211153.624101,4223.07248202,47.603232000000006,208064.777683,29415.889348614877,75.9905581,63.03768032653061,8.41098338785471,0.23679442032925238,56,64,,True,True,,250,59.56268577710819
190,2026-09-21T07:58:51.941+00:00,2026-09-21T08:02:21.209+00:00,2026-09-21T08:02:25.759+00:00,True,74,74.0,,74.0,209267.62721500001,213818.013903,213818.013891,2889.4326201486488,39.503672,209267.62721500001,24319.623344620933,77.001199,62.33406421917808,9.93899264946642,0.34608870716370327,56,64,,True,True,,220,59.56268577710819
191,2026-09-21T07:58:52.211+00:00,2026-09-21T08:02:22.819+00:00,2026-09-21T08:02:27.051+00:00,True,69,69.0,,69.0,210607.54754499998,214840.01858499998,214840.018586,3113.6234577681157,43.729463,210607.54754499998,25346.678331619572,78.051738,62.242221176470586,10.485667687321378,0.32116921444363317,56,64,,True,True,,345,59.56268577710819
192,2026-09-21T07:58:52.525+00:00,2026-09-21T08:02:24.125+00:00,2026-09-21T08:02:29.640+00:00,True,90,90.0,,90.0,211599.822082,217115.618562,217115.618636,2412.3957626222223,42.383642,211599.822082,22298.049027508478,77.47878305,61.975241348314604,9.769488876133284,0.4145256826574152,56,64,,True,True,,225,59.56268577710819
193,2026-09-21T07:58:52.788+00:00,2026-09-21T08:02:25.542+00:00,2026-09-21T08:02:26.164+00:00,True,11,11.0,,11.0,212754.22878099998,213376.263981,213376.263965,19397.84217863636,49.096374000000004,212754.22878099998,64129.05915867293,106415.46210749999,62.20352,9.555927203418179,0.051552125783678966,56,64,,True,True,,15,59.56268577710819
196,2026-09-21T07:58:53.869+00:00,2026-09-21T08:02:28.922+00:00,2026-09-21T08:02:32.929+00:00,True,64,64.0,,64.0,215052.79509,219059.983314,219059.983431,3422.812241109375,43.179753,215052.79509,26873.650363077508,78.222643,63.606162285714284,9.768836947648808,0.2921574220530391,56,64,,True,True,,255,59.56268577710819
194,2026-09-21T07:58:53.706+00:00,2026-09-21T08:02:29.096+00:00,2026-09-21T08:02:31.827+00:00,True,44,44.0,,44.0,215389.847813,218120.404229,218120.404149,4957.281912477273,43.365131,215389.847813,32461.66961965534,77.98660565,63.501312,9.955532336653558,0.2017234479072638,56,64,,True,True,,264,59.56268577710819
195,2026-09-21T07:58:53.828+00:00,2026-09-21T08:02:29.638+00:00,2026-09-21T08:02:35.365+00:00,True,91,91.0,,91.0,215809.746371,221536.80275499998,221536.80268999998,2434.470359230769,43.010402,215809.746371,22616.339975611456,78.816368,63.633959822222224,9.924405574969303,0.4107669645329219,56,64,,True,True,,182,59.56268577710819
197,2026-09-21T07:58:53.895+00:00,2026-09-21T08:02:31.704+00:00,2026-09-21T08:02:37.048+00:00,True,84,84.0,,84.0,217809.609595,223153.492347,223153.492562,2656.5891971666665,40.501360999999996,217809.609595,23757.95412697876,76.69096650000002,64.38412954216868,10.453916369815335,0.37642252028653617,56,64,,True,True,,85,59.56268577710819
198,2026-09-21T07:58:54.081+00:00,2026-09-21T08:02:32.600+00:00,2026-09-21T08:02:38.007+00:00,True,85,85.0,,85.0,218519.102037,223925.790805,223925.790866,2634.4210690117648,41.180861,218519.102037,23694.745315729553,79.06672139999999,64.36534247619048,10.488908218914673,0.3795900404970326,56,64,,True,True,,746,59.56268577710819
199,2026-09-21T07:58:54.286+00:00,2026-09-21T08:02:33.484+00:00,2026-09-21T08:02:37.254+00:00,True,59,59.0,,59.0,219198.308396,222968.06916400002,222968.069098,3779.119815220339,40.717122,219198.308396,28528.729373943435,78.4826682,64.99587531034483,10.928520742088988,0.26461188017286746,56,64,,True,True,,118,59.56268577710819
200,2026-09-21T07:58:54.534+00:00,2026-09-21T08:02:34.596+00:00,2026-09-21T08:02:40.911+00:00,True,100,100.0,,100.0,220061.440581,226376.735045,226376.73498100002,2263.76734981,45.344822,220061.440581,21999.76724055701,77.548922,63.790853171717174,10.039723449245633,0.4417415066089792,56,64,,True,True,,500,59.56268577710819
201,2026-09-21T07:58:54.735+00:00,2026-09-21T08:02:35.953+00:00,2026-09-21T08:02:40.691+00:00,True,76,76.0,,76.0,221217.805796,225955.424228,225955.424162,2973.097686342105,44.284821,221217.805796,25368.17868712646,77.38157724999999,63.16824576,10.015657776504822,0.33634952672484775,56,64,,True,True,,380,59.56268577710819
202,2026-09-21T07:58:54.944+00:00,2026-09-21T08:02:36.914+00:00,2026-09-21T08:02:38.930+00:00,True,33,33.0,,33.0,221969.247588,223985.285988,223985.28612,6787.432912727273,44.484382,221969.247588,38628.92027830507,77.340485,63.0012,9.219737224400633,0.1473311063913724,56,64,,True,True,,165,59.56268577710819
203,2026-09-21T07:58:55.283+00:00,2026-09-21T08:02:38.469+00:00,2026-09-21T08:02:40.761+00:00,True,37,37.0,,37.0,223186.25102700002,225477.98657900002,225477.986658,6093.999639405406,47.729242,223186.25102700002,36681.1290388541,79.19275180000001,63.659320888888885,8.321887243036304,0.1640958417332524,56,64,,True,True,,111,59.56268577710819
204,2026-09-21T07:58:55.598+00:00,2026-09-21T08:02:39.940+00:00,2026-09-21T08:02:45.201+00:00,True,84,84.0,,84.0,224342.27315599998,229603.64326799999,229603.64328999998,2733.3767058333333,44.905511,224342.27315599998,24470.8345412269,77.639521,63.39000134939759,10.41111079354083,0.36584785330236586,56,64,,True,True,,672,59.56268577710819
205,2026-09-21T07:58:55.844+00:00,2026-09-21T08:02:41.170+00:00,2026-09-21T08:02:47.056+00:00,True,94,94.0,,94.0,225325.52287400002,231212.04447400002,231212.04456,2459.702601702128,43.961940999999996,225325.52287400002,23234.02720473887,78.13783434999999,63.2959311827957,10.879902279066979,0.4065532148805093,56,64,,True,True,,99,59.56268577710819
206,2026-09-21T07:58:56.163+00:00,2026-09-21T08:02:43.023+00:00,2026-09-21T08:02:46.544+00:00,True,57,57.0,,57.0,226860.56638600002,230381.55685000002,230381.55694900002,4041.7817008596494,44.078722,226860.56638600002,30040.09001916099,79.13651220000001,62.87482971428572,10.843108437137088,0.2474156385578744,56,64,,True,True,,114,59.56268577710819
207,2026-09-21T07:58:56.347+00:00,2026-09-21T08:02:43.920+00:00,2026-09-21T08:02:47.953+00:00,True,65,65.0,,65.0,227573.01012700002,231605.520079,231605.520179,3563.1618489076927,42.319391,227573.01012700002,28219.144507391346,76.50825300000001,63.007968,10.083483813362175,0.280649614818458,56,64,,True,True,,444,59.56268577710819
208,2026-09-21T07:58:56.610+00:00,2026-09-21T08:02:45.390+00:00,2026-09-21T08:02:46.749+00:00,True,22,22.0,,22.0,228779.514762,230138.46337,230138.46338,10460.839244545456,42.982631,228779.514762,48762.16091283744,76.36743200000001,64.71183847619048,10.557700782649562,0.09559462454839628,56,64,,True,True,,135,59.56268577710819
209,2026-09-21T07:58:56.802+00:00,2026-09-21T08:02:46.542+00:00,2026-09-21T08:02:49.956+00:00,True,55,55.0,,55.0,229740.390452,233154.28536399998,233154.28537199998,4239.168824945455,46.545842,229740.390452,30969.664414876745,76.766464,63.22027614814815,8.355227550234126,0.23589529960444053,56,64,,True,True,,331,59.56268577710819
210,2026-09-21T07:58:57.127+00:00,2026-09-21T08:02:48.015+00:00,2026-09-21T08:02:52.808+00:00,True,78,78.0,,78.0,230887.34835,235681.17081399998,235681.17058799998,3021.5534690769227,41.019982000000006,230887.34835,26135.796649241624,76.45999115,62.25743459740259,9.527799504058201,0.33095558601733926,56,64,,True,True,,259,59.56268577710819
211,2026-09-21T07:58:57.398+00:00,2026-09-21T08:02:49.401+00:00,2026-09-21T08:02:52.732+00:00,True,55,55.0,,55.0,232002.55525099998,235333.71736299997,235333.71736699998,4278.794861218182,43.262811,232002.55525099998,31274.901349585587,75.5768697,61.68818725925926,8.79882671430372,0.23371066677692867,56,64,,True,True,,285,59.56268577710819
212,2026-09-21T07:58:57.617+00:00,2026-09-21T08:02:50.414+00:00,2026-09-21T08:02:55.601+00:00,True,84,84.0,,84.0,232797.610094,237984.128366,237984.128301,2833.1443845357144,44.600632,232797.610094,25393.485534650332,77.04327715000001,62.48817195180723,9.856210424249412,0.3529647148183551,56,64,,True,True,,84,59.56268577710819
213,2026-09-21T07:58:57.888+00:00,2026-09-21T08:02:52.043+00:00,2026-09-21T08:02:52.666+00:00,True,11,11.0,,11.0,234154.990192,234777.429872,234777.429875,21343.40271590909,47.979110999999996,234154.990192,70581.61922049549,117116.229267,62.243968,9.293787721392393,0.0468528853305753,56,64,,True,True,,41,59.56268577710819
214,2026-09-21T07:58:58.092+00:00,2026-09-21T08:02:53.309+00:00,2026-09-21T08:02:57.725+00:00,True,72,72.0,,72.0,235216.82921599998,239633.26416,239633.26421999998,3328.239780833333,41.021262,235216.82921599998,27713.239987832883,76.22414345000001,62.203309070422534,9.345523550997143,0.30045912136775194,56,64,,True,True,,321,59.56268577710819
215,2026-09-21T07:58:58.304+00:00,2026-09-21T08:02:54.230+00:00,2026-09-21T08:02:54.408+00:00,True,4,4.0,,4.0,235925.906796,236104.271212,236104.271392,59026.067848,49.29698200000001,235925.906796,117933.22642773436,200548.09359089995,59.45480533333333,12.790466802140621,0.016941667253483807,56,64,,True,True,,8,59.56268577710819
216,2026-09-21T07:58:58.604+00:00,2026-09-21T08:02:55.783+00:00,2026-09-21T08:03:00.817+00:00,True,81,81.0,,81.0,237178.577623,242212.745175,242212.745195,2990.2808048765432,45.646381,237178.577623,26346.184824784803,76.072212,62.9270944,8.743604770683302,0.3344167539221649,56,64,,True,True,,550,59.56268577710819
217,2026-09-21T07:58:58.791+00:00,2026-09-21T08:02:56.693+00:00,2026-09-21T08:03:01.221+00:00,True,72,72.0,,72.0,237901.99859200002,242430.46016000002,242430.46024000001,3367.089725555556,42.132341000000004,237901.99859200002,28029.50420662,77.82427055,63.78114884507042,9.163735335144604,0.2969923826918499,56,64,,True,True,,424,59.56268577710819
218,2026-09-21T07:58:59.060+00:00,2026-09-21T08:02:58.385+00:00,2026-09-21T08:03:02.773+00:00,True,71,71.0,,71.0,239325.51328400002,243712.94445200003,243712.944557,3432.5766839014086,41.122921999999996,239325.51328400002,28395.276394570577,78.937333,62.67758811428571,10.478025479738154,0.2913263395165441,56,64,,True,True,,143,59.56268577710819
219,2026-09-21T07:58:59.350+00:00,2026-09-21T08:02:59.896+00:00,2026-09-21T08:03:00.104+00:00,True,4,4.0,,4.0,240545.606256,240754.390384,240754.390333,60188.59758325,56.427302000000005,240545.606256,120238.00618071044,204475.75021755,69.59470933333333,11.99507214552465,0.01661444260110918,56,64,,True,True,,28,59.56268577710819
220,2026-09-21T07:58:59.656+00:00,2026-09-21T08:03:01.456+00:00,2026-09-21T08:03:02.047+00:00,True,11,11.0,,11.0,241799.832429,242390.160493,242390.160549,22035.469140818182,44.632482,241799.832429,72887.59412395344,120936.7836055,59.0328064,9.79330288561261,0.045381380075936166,56,64,,True,True,,41,59.56268577710819
221,2026-09-21T07:58:59.878+00:00,2026-09-21T08:03:02.643+00:00,2026-09-21T08:03:04.253+00:00,True,26,26.0,,26.0,242765.566047,244375.818591,244375.818404,9399.069938615385,48.840822,242765.566047,47597.61356635503,81.16577775,64.41010176,9.273955366619795,0.10639350550274758,56,64,,True,True,,52,59.56268577710819
222,2026-09-21T07:59:00.133+00:00,2026-09-21T08:03:03.767+00:00,2026-09-21T08:03:08.153+00:00,True,68,68.0,,68.0,243634.03211,248020.619246,248020.619393,3647.362049897059,43.181912,243634.03211,29537.028079585914,79.67577299999999,65.47144979104478,9.579986093774567,0.27417075324916435,56,64,,True,True,,306,59.56268577710819
223,2026-09-21T07:59:00.381+00:00,2026-09-21T08:03:05.120+00:00,2026-09-21T08:03:05.720+00:00,True,10,10.0,,10.0,244738.796082,245338.54853,245338.548563,24533.8548563,48.562521999999994,244738.796082,77372.13027622891,134643.04300545,66.63916088888888,10.9416419169223,0.040760003105574746,56,64,,True,True,,62,59.56268577710819
224,2026-09-21T07:59:00.709+00:00,2026-09-21T08:03:06.733+00:00,2026-09-21T08:03:12.980+00:00,True,100,100.0,,100.0,246023.318354,252271.082322,252271.08235299998,2522.7108235299997,41.739192,246023.318354,24596.02271596205,77.52399704999999,63.10872694949495,9.334229885484547,0.3963989811260235,56,64,,True,True,,207,59.56268577710819
225,2026-09-21T07:59:00.990+00:00,2026-09-21T08:03:08.571+00:00,2026-09-21T08:03:12.560+00:00,True,64,64.0,,64.0,247581.432569,251570.335225,251570.335099,3930.786485921875,45.580360999999996,247581.432569,30939.766033173564,76.5241303,63.31591517460317,9.552350820528888,0.2544020142230186,56,64,,True,True,,320,59.56268577710819
226,2026-09-21T07:59:01.309+00:00,2026-09-21T08:03:08.831+00:00,2026-09-21T08:03:09.716+00:00,True,15,15.0,,15.0,247522.52197499998,248407.17272699997,248407.172596,16560.478173066665,46.605021,247522.52197499998,63893.72556332121,74311.9168676,63.18933942857142,9.213352811529727,0.0603847297778516,56,64,,True,True,,28,59.56268577710819
227,2026-09-21T07:59:01.622+00:00,2026-09-21T08:03:10.502+00:00,2026-09-21T08:03:15.158+00:00,True,74,74.0,,74.0,248879.74640200002,253535.96553800002,253535.96545500003,3426.161695337838,43.163720999999995,248879.74640200002,28924.269663665793,77.496824,63.78382378082192,9.479314065873659,0.29187180541811086,56,64,,True,True,,148,59.56268577710819
228,2026-09-21T07:59:01.862+00:00,2026-09-21T08:03:11.509+00:00,2026-09-21T08:03:17.108+00:00,True,90,90.0,,90.0,249647.144643,255245.856707,255245.85672900002,2836.065074766667,44.520051,249647.144643,26308.490391937426,77.182436,62.90687712359551,9.635621271326345,0.3526012181397019,56,64,,True,True,,362,59.56268577710819
229,2026-09-21T07:59:02.071+00:00,2026-09-21T08:03:13.039+00:00,2026-09-21T08:03:16.866+00:00,True,61,61.0,,61.0,250968.022124,254794.95716400002,254794.957288,4176.966512918033,45.455811000000004,250968.022124,32124.997350789723,78.608352,63.78225066666666,9.271934049043777,0.23940819190050552,56,64,,True,True,,126,59.56268577710819
230,2026-09-21T07:59:02.369+00:00,2026-09-21T08:03:15.527+00:00,2026-09-21T08:03:19.432+00:00,True,64,64.0,,64.0,253158.93388,257063.073144,257063.073067,4016.610516671875,43.681241,253158.93388,31637.12167998746,77.34717400000001,61.970464507936505,8.97523302117177,0.24896613588739322,56,64,,True,True,,704,59.56268577710819
231,2026-09-21T07:59:02.602+00:00,2026-09-21T08:03:16.568+00:00,2026-09-21T08:03:21.916+00:00,True,86,86.0,,86.0,253965.557523,259314.215187,259314.215161,3015.281571639535,44.013862,253965.557523,27379.026864924377,76.89748575,62.92538428235294,10.308288957877766,0.33164398618865754,56,64,,True,True,,516,59.56268577710819
232,2026-09-21T07:59:02.791+00:00,2026-09-21T08:03:17.744+00:00,2026-09-21T08:03:18.717+00:00,True,17,17.0,,17.0,254953.655794,255926.10661,255926.10661,15054.476859411765,49.047852,254953.655794,61820.60385392527,51053.42240119999,60.778176,7.8187974144011,0.06642542343640587,56,64,,True,True,,52,59.56268577710819
233,2026-09-21T07:59:03.008+00:00,2026-09-21T08:03:19.005+00:00,2026-09-21T08:03:19.047+00:00,True,2,2.0,,2.0,255997.25875600002,256039.03309200003,256039.03312700003,128019.51656350002,41.774371,255997.25875600002,180987.85869052098,243199.48453675,41.774336,nan,0.007811308986162901,56,64,,True,True,,5,59.56268577710819
234,2026-09-21T07:59:03.271+00:00,2026-09-21T08:03:20.608+00:00,2026-09-21T08:03:21.281+00:00,True,11,11.0,,11.0,257337.679375,258010.022927,258010.02290900002,23455.45662809091,51.931661,257337.679375,77569.95936086959,128721.6481945,67.2343552,16.410436459147203,0.042634002645363434,56,64,,True,True,,27,59.56268577710819
235,2026-09-21T07:59:03.556+00:00,2026-09-21T08:03:22.053+00:00,2026-09-21T08:03:26.017+00:00,True,63,63.0,,63.0,258496.23331600003,262460.50518800004,262460.505155,4166.0397643650795,44.824422,258496.23331600003,32559.4099463079,78.533036,63.93986890322581,9.668857436583522,0.24003611497613025,56,64,,True,True,,567,59.56268577710819
236,2026-09-21T07:59:03.819+00:00,2026-09-21T08:03:23.236+00:00,2026-09-21T08:03:25.751+00:00,True,41,41.0,,41.0,259416.77278099998,261932.18961299997,261932.18948899998,6388.589987536585,47.846841999999995,259416.77278099998,40504.27300569772,75.71705100000001,62.8854208,7.924099608895732,0.15652906219955917,56,64,,True,True,,82,59.56268577710819
237,2026-09-21T07:59:04.067+00:00,2026-09-21T08:03:24.227+00:00,2026-09-21T08:03:30.091+00:00,True,94,94.0,,94.0,260160.31073,266023.867082,266023.867085,2830.041139202128,43.958902,260160.31073,26826.98587978746,76.92334,63.04899303225806,9.58773979470969,0.3533517538523156,56,64,,True,True,,564,59.56268577710819
238,2026-09-21T07:59:04.303+00:00,2026-09-21T08:03:25.506+00:00,2026-09-21T08:03:29.456+00:00,True,64,64.0,,64.0,261202.934269,265153.477117,265153.477228,4143.0230816875,41.063342,261202.934269,32642.53009902073,76.57474149999999,62.70702933333334,10.6016557979724,0.24136964257783336,56,64,,True,True,,191,59.56268577710819
239,2026-09-21T07:59:04.642+00:00,2026-09-21T08:03:27.424+00:00,2026-09-21T08:03:31.688+00:00,True,68,68.0,,68.0,262781.563072,267046.452416,267046.452261,3927.1537097205883,42.807811,262781.563072,31859.227558268278,77.55621415,63.6550648358209,9.995572698929863,0.2546373463672562,56,64,,True,True,,410,59.56268577710819
240,2026-09-21T07:59:05.607+00:00,2026-09-21T08:03:29.160+00:00,2026-09-21T08:03:31.573+00:00,True,39,39.0,,39.0,263553.558343,265966.593351,265966.593249,6819.656237153847,45.327551,263553.558343,42192.17757900973,80.60186709999999,63.5009212631579,9.929433206784857,0.14663495707722637,56,64,,True,True,,78,59.56268577710819
242,2026-09-21T07:59:05.632+00:00,2026-09-21T08:03:29.276+00:00,2026-09-21T08:03:34.809+00:00,True,88,88.0,,88.0,263644.009424,269177.219792,269177.219783,3058.832042988636,44.247771,263644.009424,28097.767510362555,77.9268465,63.6001191724138,9.140935200794083,0.3269221669946655,56,64,,True,True,,349,59.56268577710819
243,2026-09-21T07:59:05.678+00:00,2026-09-21T08:03:29.962+00:00,2026-09-21T08:03:35.126+00:00,True,82,82.0,,82.0,264283.77255399997,269448.01959399995,269448.019506,3285.9514573902434,43.379331,264283.77255399997,29178.220917279654,76.53992699999999,63.7561362962963,8.71227216171657,0.3043258589302542,56,64,,True,True,,246,59.56268577710819
241,2026-09-21T07:59:05.622+00:00,2026-09-21T08:03:30.730+00:00,2026-09-21T08:03:31.106+00:00,True,7,7.0,,7.0,265108.478588,265483.625596,265483.625477,37926.232211,50.887510999999996,265108.478588,100177.95471144469,185598.63229520002,62.52450133333333,9.099089728573482,0.02636697455176485,56,64,,True,True,,47,59.56268577710819
244,2026-09-21T07:59:05.963+00:00,2026-09-21T08:03:34.412+00:00,2026-09-21T08:03:39.579+00:00,True,82,82.0,,82.0,268449.340571,273615.535259,273615.53506900003,3336.7748179146342,45.169180999999995,268449.340571,29638.228361911744,77.0351465,63.78018133333334,9.00587887011341,0.2996905856327936,56,64,,True,True,,164,59.56268577710819
245,2026-09-21T07:59:06.258+00:00,2026-09-21T08:03:36.267+00:00,2026-09-21T08:03:39.218+00:00,True,47,47.0,,47.0,270008.275189,272959.277557,272959.277741,5807.644207255319,42.608011,270008.275189,39375.39821998607,77.10153199999999,64.15222539130436,9.05963724379557,0.17218685666467354,56,64,,True,True,,98,59.56268577710819
246,2026-09-21T07:59:06.548+00:00,2026-09-21T08:03:37.616+00:00,2026-09-21T08:03:39.081+00:00,True,24,24.0,,24.0,271067.16967699997,272532.560525,272532.560428,11355.523351166665,50.290011,271067.16967699997,55318.34959876039,76.61885364999999,63.71264556521739,8.16560457563449,0.08806287202441791,56,64,,True,True,,48,59.56268577710819
247,2026-09-21T07:59:06.881+00:00,2026-09-21T08:03:39.278+00:00,2026-09-21T08:03:40.113+00:00,True,14,14.0,,14.0,272396.447508,273231.279124,273231.279266,19516.51994757143,49.575371,272396.447508,72783.8504625475,95387.3689591,64.21781661538462,9.273830936477237,0.051238643119064016,56,64,,True,True,,70,59.56268577710819
248,2026-09-21T07:59:07.146+00:00,2026-09-21T08:03:40.710+00:00,2026-09-21T08:03:41.277+00:00,True,10,10.0,,10.0,273563.62774,274130.22742,274130.227292,27413.0227292,48.120481,273563.62774,86488.50709900002,150493.4604799,62.95552,10.003812964457103,0.03647901252669526,56,64,,True,True,,13,59.56268577710819
249,2026-09-21T07:59:07.479+00:00,2026-09-21T08:03:42.448+00:00,2026-09-21T08:03:48.012+00:00,True,89,89.0,,89.0,274968.289662,280532.412542,280532.41240900004,3152.0495776292137,44.983540999999995,274968.289662,29139.879644978893,77.366423,63.228669090909094,9.274860782294406,0.31725389302983065,56,64,,True,True,,623,59.56268577710819
250,2026-09-21T07:59:07.669+00:00,2026-09-21T08:03:43.322+00:00,2026-09-21T08:03:45.990+00:00,True,43,43.0,,43.0,275652.79142100003,278320.755069,278320.75503700005,6472.575698534884,46.109581,275652.79142100003,42026.970639580904,81.0287901,63.522944,10.155193285067815,0.15449799994017563,56,64,,True,True,,130,59.56268577710819
251,2026-09-21T07:59:07.995+00:00,2026-09-21T08:03:45.268+00:00,2026-09-21T08:03:47.953+00:00,True,44,44.0,,44.0,277273.021767,279958.80071100005,279958.80069400003,6362.700015772728,47.134551,277273.021767,41791.06567776003,78.11770815000001,62.459975441860465,9.565403676508522,0.15716598259549255,56,64,,True,True,,47,59.56268577710819
252,2026-09-21T07:59:08.326+00:00,2026-09-21T08:03:46.833+00:00,2026-09-21T08:03:52.878+00:00,True,96,96.0,,96.0,278506.859776,284552.622592,284552.62271300005,2964.0898199270837,42.175851,278506.859776,28418.493662760113,78.97937625,63.63960858947369,9.30319367578485,0.3373716928894648,56,64,,True,True,,192,59.56268577710819
253,2026-09-21T07:59:08.519+00:00,2026-09-21T08:03:47.954+00:00,2026-09-21T08:03:50.916+00:00,True,47,47.0,,47.0,279434.64957999997,282397.07594799995,282397.075982,6008.448425148936,51.230851,279434.64957999997,40750.34000611636,78.4018443,64.40057321739131,9.173434872680392,0.16643231818963483,56,64,,True,True,,376,59.56268577710819
254,2026-09-21T07:59:08.856+00:00,2026-09-21T08:03:49.812+00:00,2026-09-21T08:03:53.487+00:00,True,58,58.0,,58.0,280955.751804,284630.527868,284630.527901,4907.422894844827,43.936581,280955.751804,36882.83348154793,77.60535435000001,64.46975550877193,9.549038786810268,0.20377294183601427,56,64,,True,True,,464,59.56268577710819
255,2026-09-21T07:59:09.155+00:00,2026-09-21T08:03:51.111+00:00,2026-09-21T08:03:54.712+00:00,True,57,57.0,,57.0,281955.27642,285556.45146,285556.451285,5009.762303245614,44.578019999999995,281955.27642,37337.37220703881,76.51581180000001,64.30669714285715,9.352374117442253,0.19961026868266854,56,64,,True,True,,118,59.56268577710819
256,2026-09-21T07:59:09.476+00:00,2026-09-21T08:03:52.932+00:00,2026-09-21T08:03:58.683+00:00,True,92,92.0,,92.0,283456.975344,289207.207664,289207.207804,3143.556606565217,43.41707100000001,283456.975344,29545.84622933455,77.76105745,63.18936615384615,9.82065627993539,0.31811102061773405,56,64,,True,True,,188,59.56268577710819
257,2026-09-21T07:59:09.672+00:00,2026-09-21T08:03:53.545+00:00,2026-09-21T08:03:58.685+00:00,True,83,83.0,,83.0,283872.782607,289012.886543,289012.88635399996,3482.0829681204814,43.495061,283872.782607,31152.206759855413,76.06443790000002,62.68419434146342,9.158106061340987,0.287184426247551,56,64,,True,True,,147,59.56268577710819
260,2026-09-21T07:59:10.435+00:00,2026-09-21T08:03:55.525+00:00,2026-09-21T08:03:56.350+00:00,True,14,14.0,,14.0,285089.27299900004,285915.09955900005,285915.09946600004,20422.50710471429,41.137211,285089.27299900004,76176.33642725718,99833.22683745,63.52512,13.290320848628848,0.048965584614432116,56,64,,True,True,,14,59.56268577710819
261,2026-09-21T07:59:10.679+00:00,2026-09-21T08:03:57.077+00:00,2026-09-21T08:03:59.596+00:00,True,41,41.0,,41.0,286398.002056,288916.738696,288916.738649,7046.749723146341,45.224041,286398.002056,44718.0202048978,77.551222,62.968416,8.781366773341672,0.14190939640620978,56,64,,True,True,,320,59.56268577710819
262,2026-09-21T07:59:10.871+00:00,2026-09-21T08:03:57.865+00:00,2026-09-21T08:04:02.722+00:00,True,76,76.0,,76.0,286994.213452,291851.168076,291851.167974,3840.146947026316,41.379360999999996,286994.213452,32913.06675576924,76.9259845,64.75939498666666,8.643505653389639,0.2604067014739824,56,64,,True,True,,153,59.56268577710819
258,2026-09-21T07:59:09.937+00:00,2026-09-21T08:03:58.610+00:00,2026-09-21T08:04:00.792+00:00,True,34,34.0,,34.0,288672.861495,290855.00805500004,290855.008051,8554.55906032353,44.754421,288672.861495,49495.64762158537,76.99977885,66.12565333333333,8.820462590763064,0.11689673224939168,56,64,,True,True,,85,59.56268577710819
263,2026-09-21T07:59:11.202+00:00,2026-09-21T08:04:00.924+00:00,2026-09-21T08:04:01.824+00:00,True,15,15.0,,15.0,289721.763622,290622.073894,290622.073911,19374.8049274,50.943842,289721.763622,74789.23397810904,86970.2536183,64.30787657142858,8.956298704655707,0.05161342288635317,56,64,,True,True,,19,59.56268577710819
259,2026-09-21T07:59:10.176+00:00,2026-09-21T08:04:01.240+00:00,2026-09-21T08:04:01.822+00:00,True,10,10.0,,10.0,291064.03109500004,291645.94853500003,291645.94863700005,29164.594863700004,51.325381,291064.03109500004,92022.08226161133,160118.67518365002,64.65749333333333,9.532195447872857,0.03428814989624281,56,64,,True,True,,41,59.56268577710819
264,2026-09-21T07:59:11.523+00:00,2026-09-21T08:04:03.231+00:00,2026-09-21T08:04:03.302+00:00,True,2,2.0,,2.0,291707.868398,291779.066606,291779.066429,145889.5332145,71.198031,291707.868398,206218.26725917158,277126.03487965005,71.198208,nan,0.0068545013295990605,56,64,,True,True,,8,59.56268577710819
265,2026-09-21T07:59:11.760+00:00,2026-09-21T08:04:04.606+00:00,2026-09-21T08:04:10.310+00:00,True,92,92.0,,92.0,292846.652631,298550.09019899997,298550.09015099995,3245.1096755543476,42.515941,292846.652631,30524.84127261461,77.69698695,62.67513810989011,9.675091497691133,0.30815599465629695,56,64,,True,True,,189,59.56268577710819
266,2026-09-21T07:59:12.028+00:00,2026-09-21T08:04:06.179+00:00,2026-09-21T08:04:10.699+00:00,True,72,72.0,,72.0,294151.16207,298670.969814,298670.969865,4148.207914791667,44.286571,294151.16207,34658.54569337079,77.29469155000001,63.659264,8.837000995325184,0.24106795529822883,56,64,,True,True,,78,59.56268577710819
267,2026-09-21T07:59:12.321+00:00,2026-09-21T08:04:07.572+00:00,2026-09-21T08:04:11.938+00:00,True,70,70.0,,70.0,295251.377453,299617.558573,299617.558815,4280.250840214286,44.468421,295251.377453,35281.72733836224,75.59042155000002,63.27798724637681,9.180612949499826,0.233631167456913,56,64,,True,True,,70,59.56268577710819
268,2026-09-21T07:59:12.554+00:00,2026-09-21T08:04:08.986+00:00,2026-09-21T08:04:12.591+00:00,False,60,59.0,,59.0,296431.78086299996,300037.468159,300037.46804899996,5000.624467483332,0.02748,296431.78086299996,38261.29088208556,79.16402955000001,61.113344,13.170312339137752,0.1966421072741952,56,64,,True,False,Request timeout: 300.0s exceeded,297,59.56268577710819
269,2026-09-21T07:59:12.889+00:00,2026-09-21T08:04:10.760+00:00,2026-09-21T08:04:12.972+00:00,False,38,37.0,,37.0,297870.97869,300082.884738,300082.884687,7896.918018078948,0.032189999999999996,297870.97869,48311.35757286993,78.7490725,59.78124454054054,13.715892532348828,0.12329926790827943,56,64,,True,False,Request timeout: 300.0s exceeded,259,59.56268577710819
270,2026-09-21T07:59:13.134+00:00,2026-09-21T08:04:12.059+00:00,2026-09-21T08:04:13.149+00:00,False,20,19.0,,19.0,298925.079416,300014.986616,300014.986639,15000.749331949999,0.037149999999999996,298925.079416,66828.85492990444,15022.4116252,57.36353684210526,16.929950660316134,0.0633301696502208,56,64,,True,False,Request timeout: 300.0s exceeded,19,59.56268577710819
271,2026-09-21T07:59:13.317+00:00,2026-09-21T08:04:13.086+00:00,2026-09-21T08:04:13.329+00:00,False,6,5.0,,5.0,299768.75038200006,300012.265774,300012.26584700006,50002.04430783334,0.02924,299768.75038200006,122360.19962696402,224844.56599425004,48.703078399999995,28.757550233288452,0.016665985262637604,56,64,,True,False,Request timeout: 300.0s exceeded,35,59.56268577710819
272,2026-09-21T07:59:13.630+00:00,2026-09-21T08:04:13.735+00:00,2026-09-21T08:04:13.735+00:00,False,1,0.0,,0.0,300105.214528,300105.214528,300105.214528,300105.214528,300105.214528,300105.214528,nan,300105.214528,nan,nan,0.0,56,64,,True,False,"HTTPConnectionPool(host='gpu06', port=9004): Read timed out.",0,59.56268577710819
273,2026-09-21T07:59:13.930+00:00,2026-09-21T08:04:14.036+00:00,2026-09-21T08:04:14.036+00:00,False,1,0.0,,0.0,300106.319128,300106.319128,300106.319128,300106.319128,300106.319128,300106.319128,nan,300106.319128,nan,nan,0.0,56,64,,True,False,"HTTPConnectionPool(host='gpu06', port=9004): Read timed out.",0,59.56268577710819
274,2026-09-21T07:59:14.245+00:00,2026-09-21T08:04:14.350+00:00,2026-09-21T08:04:14.350+00:00,False,1,0.0,,0.0,300105.288486,300105.288486,300105.288486,300105.288486,300105.288486,300105.288486,nan,300105.288486,nan,nan,0.0,56,64,,True,False,"HTTPConnectionPool(host='gpu06', port=9004): Read timed out.",0,59.56268577710819
275,2026-09-21T07:59:14.550+00:00,2026-09-21T08:04:14.635+00:00,2026-09-21T08:04:14.635+00:00,False,1,0.0,,0.0,300085.461765,300085.461765,300085.461765,300085.461765,300085.461765,300085.461765,nan,300085.461765,nan,nan,0.0,56,64,,True,False,"HTTPConnectionPool(host='gpu06', port=9004): Read timed out.",0,59.56268577710819
276,2026-09-21T07:59:14.867+00:00,2026-09-21T08:04:14.955+00:00,2026-09-21T08:04:14.955+00:00,False,1,0.0,,0.0,300087.946934,300087.946934,300087.946934,300087.946934,300087.946934,300087.946934,nan,300087.946934,nan,nan,0.0,56,64,,True,False,TTFT timeout: 300.0s exceeded (TTFT: 300.082s),0,59.56268577710819
277,2026-09-21T07:59:15.126+00:00,2026-09-21T08:04:15.181+00:00,2026-09-21T08:04:15.181+00:00,False,1,0.0,,0.0,300055.48097699997,300055.48097699997,300055.48097699997,300055.48097699997,300055.48097699997,300055.48097699997,nan,300055.48097699997,nan,nan,0.0,56,64,,True,False,TTFT timeout: 300.0s exceeded (TTFT: 300.050s),0,59.56268577710819
278,2026-09-21T07:59:15.446+00:00,2026-09-21T08:04:15.487+00:00,2026-09-21T08:04:15.487+00:00,False,1,0.0,,0.0,300040.840374,300040.840374,300040.840374,300040.840374,300040.840374,300040.840374,nan,300040.840374,nan,nan,0.0,56,64,,True,False,TTFT timeout: 300.0s exceeded (TTFT: 300.033s),0,59.56268577710819
279,2026-09-21T07:59:15.668+00:00,2026-09-21T08:04:15.647+00:00,2026-09-21T08:04:15.804+00:00,False,3,2.0,,2.0,299978.916088,300136.49484,300136.49501199997,100045.49833733334,0.039229999999999994,299978.916088,173147.43674595933,269996.7784486,78.789376,111.36961219330222,0.006663634827434702,56,64,,True,False,Request timeout: 300.0s exceeded,4,59.56268577710819
280,2026-09-21T07:59:15.929+00:00,2026-09-21T08:04:15.997+00:00,2026-09-21T08:04:15.997+00:00,False,1,0.0,,0.0,300068.358923,300068.358923,300068.358923,300068.358923,300068.358923,300068.358923,nan,300068.358923,nan,nan,0.0,56,64,,True,False,"HTTPConnectionPool(host='gpu06', port=9004): Read timed out.",0,59.56268577710819
281,2026-09-21T07:59:16.114+00:00,2026-09-21T08:04:16.227+00:00,2026-09-21T08:04:16.227+00:00,False,1,0.0,,0.0,300112.78475199995,300112.78475199995,300112.78475199995,300112.78475199995,300112.78475199995,300112.78475199995,nan,300112.78475199995,nan,nan,0.0,56,64,,True,False,"HTTPConnectionPool(host='gpu06', port=9004): Read timed out.",0,59.56268577710819
282,2026-09-21T07:59:16.441+00:00,2026-09-21T08:04:16.543+00:00,2026-09-21T08:04:16.543+00:00,False,1,0.0,,0.0,300101.939109,300101.939109,300101.939109,300101.939109,300101.939109,300101.939109,nan,300101.939109,nan,nan,0.0,56,64,,True,False,"HTTPConnectionPool(host='gpu06', port=9004): Read timed out.",0,59.56268577710819
283,2026-09-21T07:59:16.661+00:00,2026-09-21T08:04:16.740+00:00,2026-09-21T08:04:16.740+00:00,False,1,0.0,,0.0,300078.084114,300078.084114,300078.084114,300078.084114,300078.084114,300078.084114,nan,300078.084114,nan,nan,0.0,56,64,,True,False,"HTTPConnectionPool(host='gpu06', port=9004): Read timed out.",0,59.56268577710819
284,2026-09-21T07:59:16.917+00:00,2026-09-21T08:04:17.019+00:00,2026-09-21T08:04:17.019+00:00,False,1,0.0,,0.0,300102.50502700004,300102.50502700004,300102.50502700004,300102.50502700004,300102.50502700004,300102.50502700004,nan,300102.50502700004,nan,nan,0.0,56,64,,True,False,"HTTPConnectionPool(host='gpu06', port=9004): Read timed out.",0,59.56268577710819
285,2026-09-21T07:59:17.174+00:00,2026-09-21T08:04:17.279+00:00,2026-09-21T08:04:17.279+00:00,False,1,0.0,,0.0,300105.20767000003,300105.20767000003,300105.20767000003,300105.20767000003,300105.20767000003,300105.20767000003,nan,300105.20767000003,nan,nan,0.0,56,64,,True,False,"HTTPConnectionPool(host='gpu06', port=9004): Read timed out.",0,59.56268577710819
286,2026-09-21T07:59:17.410+00:00,2026-09-21T08:04:17.533+00:00,2026-09-21T08:04:17.533+00:00,False,1,0.0,,0.0,300123.08003500005,300123.08003500005,300123.08003500005,300123.08003500005,300123.08003500005,300123.08003500005,nan,300123.08003500005,nan,nan,0.0,56,64,,True,False,"HTTPConnectionPool(host='gpu06', port=9004): Read timed out.",0,59.56268577710819
287,2026-09-21T07:59:17.726+00:00,2026-09-21T08:04:17.804+00:00,2026-09-21T08:04:17.804+00:00,False,1,0.0,,0.0,300078.052853,300078.052853,300078.052853,300078.052853,300078.052853,300078.052853,nan,300078.052853,nan,nan,0.0,56,64,,True,False,TTFT timeout: 300.0s exceeded (TTFT: 300.072s),0,59.56268577710819
288,2026-09-21T07:59:18.000+00:00,2026-09-21T08:04:18.033+00:00,2026-09-21T08:04:18.033+00:00,False,1,0.0,,0.0,300032.893723,300032.893723,300032.893723,300032.893723,300032.893723,300032.893723,nan,300032.893723,nan,nan,0.0,56,64,,True,False,TTFT timeout: 300.0s exceeded (TTFT: 300.005s),0,59.56268577710819
289,2026-09-21T07:59:19.334+00:00,2026-09-21T08:04:18.632+00:00,2026-09-21T08:04:19.428+00:00,False,11,10.0,,10.0,299297.622648,300094.073976,300094.07392500003,27281.279447727273,0.03034,299297.622648,90217.62277541216,149717.58754049998,79.6451328,40.17679694705394,0.03332288394605136,56,64,,True,False,Request timeout: 300.0s exceeded,35,59.56268577710819
290,2026-09-21T07:59:19.571+00:00,2026-09-21T08:04:19.360+00:00,2026-09-21T08:04:20.401+00:00,False,16,15.0,,15.0,299789.889953,300830.135457,300830.135605,18801.8834753125,0.03385,299789.889953,74930.16421174277,75178.45480025001,69.34970026666666,68.41508192942956,0.0498620258811939,56,64,,True,False,Request timeout: 300.0s exceeded,123,59.56268577710819
292,2026-09-21T07:59:19.684+00:00,2026-09-21T08:04:20.040+00:00,2026-09-21T08:04:20.040+00:00,False,1,0.0,,0.0,300355.953777,300355.953777,300355.953777,300355.953777,300355.953777,300355.953777,nan,300355.953777,nan,nan,0.0,56,64,,True,False,"HTTPConnectionPool(host='gpu06', port=9004): Read timed out.",0,59.56268577710819
291,2026-09-21T07:59:19.656+00:00,2026-09-21T08:04:20.081+00:00,2026-09-21T08:04:20.081+00:00,False,1,0.0,,0.0,300425.63407,300425.63407,300425.63407,300425.63407,300425.63407,300425.63407,nan,300425.63407,nan,nan,0.0,56,64,,True,False,"HTTPConnectionPool(host='gpu06', port=9004): Read timed out.",0,59.56268577710819
293,2026-09-21T07:59:19.727+00:00,2026-09-21T08:04:20.400+00:00,2026-09-21T08:04:20.400+00:00,False,1,0.0,,0.0,300672.919811,300672.919811,300672.919811,300672.919811,300672.919811,300672.919811,nan,300672.919811,nan,nan,0.0,56,64,,True,False,"HTTPConnectionPool(host='gpu06', port=9004): Read timed out.",0,59.56268577710819
294,2026-09-21T07:59:19.734+00:00,2026-09-21T08:04:20.400+00:00,2026-09-21T08:04:20.400+00:00,False,1,0.0,,0.0,300666.51222000003,300666.51222000003,300666.51222000003,300666.51222000003,300666.51222000003,300666.51222000003,nan,300666.51222000003,nan,nan,0.0,56,64,,True,False,"HTTPConnectionPool(host='gpu06', port=9004): Read timed out.",0,59.56268577710819
295,2026-09-21T07:59:20.057+00:00,2026-09-21T08:04:20.647+00:00,2026-09-21T08:04:21.362+00:00,False,10,9.0,,9.0,300589.93782700005,301305.56457900006,301305.56437200005,30130.556437200004,0.031170000000000003,300589.93782700005,95029.74987209823,165401.78996815003,79.51408355555556,46.0077328737867,0.02987000924651117,56,64,,True,False,Request timeout: 300.0s exceeded,27,59.56268577710819
300,2026-09-21T07:59:21.307+00:00,2026-09-21T08:04:21.524+00:00,2026-09-21T08:04:21.524+00:00,False,1,0.0,,0.0,300217.639396,300217.639396,300217.639396,300217.639396,300217.639396,300217.639396,nan,300217.639396,nan,nan,0.0,56,64,,True,False,"HTTPConnectionPool(host='gpu06', port=9004): Read timed out.",0,59.56268577710819
296,2026-09-21T07:59:20.302+00:00,2026-09-21T08:04:21.545+00:00,2026-09-21T08:04:21.545+00:00,False,1,0.0,,0.0,301243.007194,301243.007194,301243.007194,301243.007194,301243.007194,301243.007194,nan,301243.007194,nan,nan,0.0,56,64,,True,False,"HTTPConnectionPool(host='gpu06', port=9004): Read timed out.",0,59.56268577710819
301,2026-09-21T07:59:21.565+00:00,2026-09-21T08:04:21.897+00:00,2026-09-21T08:04:21.897+00:00,False,1,0.0,,0.0,300332.33816000004,300332.33816000004,300332.33816000004,300332.33816000004,300332.33816000004,300332.33816000004,nan,300332.33816000004,nan,nan,0.0,56,64,,True,False,"HTTPConnectionPool(host='gpu06', port=9004): Read timed out.",0,59.56268577710819
297,2026-09-21T07:59:20.519+00:00,2026-09-21T08:04:21.898+00:00,2026-09-21T08:04:21.898+00:00,False,1,0.0,,0.0,301378.85761199996,301378.85761199996,301378.85761199996,301378.85761199996,301378.85761199996,301378.85761199996,nan,301378.85761199996,nan,nan,0.0,56,64,,True,False,"HTTPConnectionPool(host='gpu06', port=9004): Read timed out.",0,59.56268577710819
298,2026-09-21T07:59:20.799+00:00,2026-09-21T08:04:21.939+00:00,2026-09-21T08:04:21.939+00:00,False,1,0.0,,0.0,301139.65091900004,301139.65091900004,301139.65091900004,301139.65091900004,301139.65091900004,301139.65091900004,nan,301139.65091900004,nan,nan,0.0,56,64,,True,False,"HTTPConnectionPool(host='gpu06', port=9004): Read timed out.",0,59.56268577710819
299,2026-09-21T07:59:21.026+00:00,2026-09-21T08:04:23.272+00:00,2026-09-21T08:04:23.272+00:00,False,1,0.0,,0.0,302245.90734700003,302245.90734700003,302245.90734700003,302245.90734700003,302245.90734700003,302245.90734700003,nan,302245.90734700003,nan,nan,0.0,56,64,,True,False,"HTTPConnectionPool(host='gpu06', port=9004): Read timed out.",0,59.56268577710819
302,2026-09-21T07:59:21.846+00:00,2026-09-21T08:04:23.282+00:00,2026-09-21T08:04:23.282+00:00,False,1,0.0,,0.0,301436.075005,301436.075005,301436.075005,301436.075005,301436.075005,301436.075005,nan,301436.075005,nan,nan,0.0,56,64,,True,False,"HTTPConnectionPool(host='gpu06', port=9004): Read timed out.",0,59.56268577710819
303,2026-09-21T07:59:22.131+00:00,2026-09-21T08:04:23.289+00:00,2026-09-21T08:04:23.289+00:00,False,1,0.0,,0.0,301158.142239,301158.142239,301158.142239,301158.142239,301158.142239,301158.142239,nan,301158.142239,nan,nan,0.0,56,64,,True,False,"HTTPConnectionPool(host='gpu06', port=9004): Read timed out.",0,59.56268577710819
304,2026-09-21T07:59:22.418+00:00,2026-09-21T08:04:23.296+00:00,2026-09-21T08:04:23.296+00:00,False,1,0.0,,0.0,300877.760795,300877.760795,300877.760795,300877.760795,300877.760795,300877.760795,nan,300877.760795,nan,nan,0.0,56,64,,True,False,"HTTPConnectionPool(host='gpu06', port=9004): Read timed out.",0,59.56268577710819
305,2026-09-21T07:59:22.638+00:00,2026-09-21T08:04:23.301+00:00,2026-09-21T08:04:23.301+00:00,False,1,0.0,,0.0,300662.802906,300662.802906,300662.802906,300662.802906,300662.802906,300662.802906,nan,300662.802906,nan,nan,0.0,56,64,,True,False,"HTTPConnectionPool(host='gpu06', port=9004): Read timed out.",0,59.56268577710819
306,2026-09-21T07:59:22.952+00:00,2026-09-21T08:04:23.321+00:00,2026-09-21T08:04:23.321+00:00,False,1,0.0,,0.0,300369.43878799997,300369.43878799997,300369.43878799997,300369.43878799997,300369.43878799997,300369.43878799997,nan,300369.43878799997,nan,nan,0.0,56,64,,True,False,"HTTPConnectionPool(host='gpu06', port=9004): Read timed out.",0,59.56268577710819
307,2026-09-21T07:59:23.258+00:00,2026-09-21T08:04:23.364+00:00,2026-09-21T08:04:23.364+00:00,False,1,0.0,,0.0,300105.878562,300105.878562,300105.878562,300105.878562,300105.878562,300105.878562,nan,300105.878562,nan,nan,0.0,56,64,,True,False,"HTTPConnectionPool(host='gpu06', port=9004): Read timed out.",0,59.56268577710819
308,2026-09-21T07:59:23.504+00:00,2026-09-21T08:04:23.597+00:00,2026-09-21T08:04:23.597+00:00,False,1,0.0,,0.0,300093.397856,300093.397856,300093.397856,300093.397856,300093.397856,300093.397856,nan,300093.397856,nan,nan,0.0,56,64,,True,False,"HTTPConnectionPool(host='gpu06', port=9004): Read timed out.",0,59.56268577710819
309,2026-09-21T07:59:23.731+00:00,2026-09-21T08:04:23.757+00:00,2026-09-21T08:04:23.757+00:00,False,1,0.0,,0.0,300025.673939,300025.673939,300025.673939,300025.673939,300025.673939,300025.673939,nan,300025.673939,nan,nan,0.0,56,64,,True,False,"HTTPConnectionPool(host='gpu06', port=9004): Read timed out.",0,59.56268577710819
310,2026-09-21T07:59:24.013+00:00,2026-09-21T08:04:24.078+00:00,2026-09-21T08:04:24.078+00:00,False,1,0.0,,0.0,300065.42226099997,300065.42226099997,300065.42226099997,300065.42226099997,300065.42226099997,300065.42226099997,nan,300065.42226099997,nan,nan,0.0,56,64,,True,False,"HTTPConnectionPool(host='gpu06', port=9004): Read timed out.",0,59.56268577710819
311,2026-09-21T07:59:24.287+00:00,2026-09-21T08:04:24.395+00:00,2026-09-21T08:04:24.395+00:00,False,1,0.0,,0.0,300108.207024,300108.207024,300108.207024,300108.207024,300108.207024,300108.207024,nan,300108.207024,nan,nan,0.0,56,64,,True,False,"HTTPConnectionPool(host='gpu06', port=9004): Read timed out.",0,59.56268577710819
312,2026-09-21T07:59:24.543+00:00,2026-09-21T08:04:24.628+00:00,2026-09-21T08:04:24.628+00:00,False,1,0.0,,0.0,300084.659355,300084.659355,300084.659355,300084.659355,300084.659355,300084.659355,nan,300084.659355,nan,nan,0.0,56,64,,True,False,"HTTPConnectionPool(host='gpu06', port=9004): Read timed out.",0,59.56268577710819
313,2026-09-21T07:59:24.823+00:00,2026-09-21T08:04:24.922+00:00,2026-09-21T08:04:24.922+00:00,False,1,0.0,,0.0,300099.133168,300099.133168,300099.133168,300099.133168,300099.133168,300099.133168,nan,300099.133168,nan,nan,0.0,56,64,,True,False,"HTTPConnectionPool(host='gpu06', port=9004): Read timed out.",0,59.56268577710819
314,2026-09-21T07:59:25.033+00:00,2026-09-21T08:04:25.135+00:00,2026-09-21T08:04:25.135+00:00,False,1,0.0,,0.0,300101.532853,300101.532853,300101.532853,300101.532853,300101.532853,300101.532853,nan,300101.532853,nan,nan,0.0,56,64,,True,False,TTFT timeout: 300.0s exceeded (TTFT: 300.098s),0,59.56268577710819
315,2026-09-21T07:59:25.280+00:00,2026-09-21T08:04:25.326+00:00,2026-09-21T08:04:25.326+00:00,False,1,0.0,,0.0,300046.556346,300046.556346,300046.556346,300046.556346,300046.556346,300046.556346,nan,300046.556346,nan,nan,0.0,56,64,,True,False,TTFT timeout: 300.0s exceeded (TTFT: 300.028s),0,59.56268577710819
316,2026-09-21T07:59:25.495+00:00,2026-09-21T08:04:25.530+00:00,2026-09-21T08:04:25.530+00:00,False,1,0.0,,0.0,300035.197481,300035.197481,300035.197481,300035.197481,300035.197481,300035.197481,nan,300035.197481,nan,nan,0.0,56,64,,True,False,TTFT timeout: 300.0s exceeded (TTFT: 300.022s),0,59.56268577710819
317,2026-09-21T07:59:25.684+00:00,2026-09-21T08:04:25.639+00:00,2026-09-21T08:04:25.717+00:00,False,3,2.0,,2.0,299955.588897,300033.075745,300033.075758,100011.02525266667,0.01961,299955.588897,173157.0757945699,269967.7767324,38.743424,54.76396073450174,0.0066659317311395785,56,64,,True,False,Request timeout: 300.0s exceeded,5,59.56268577710819
318,2026-09-21T07:59:25.925+00:00,2026-09-21T08:04:26.023+00:00,2026-09-21T08:04:26.023+00:00,False,1,0.0,,0.0,300098.627964,300098.627964,300098.627964,300098.627964,300098.627964,300098.627964,nan,300098.627964,nan,nan,0.0,56,64,,True,False,"HTTPConnectionPool(host='gpu06', port=9004): Read timed out.",0,59.56268577710819
319,2026-09-21T07:59:26.263+00:00,2026-09-21T08:04:26.359+00:00,2026-09-21T08:04:26.359+00:00,False,1,0.0,,0.0,300096.800651,300096.800651,300096.800651,300096.800651,300096.800651,300096.800651,nan,300096.800651,nan,nan,0.0,56,64,,True,False,"HTTPConnectionPool(host='gpu06', port=9004): Read timed out.",0,59.56268577710819
320,2026-09-21T07:59:26.575+00:00,2026-09-21T08:04:26.685+00:00,2026-09-21T08:04:26.685+00:00,False,1,0.0,,0.0,300110.26547000004,300110.26547000004,300110.26547000004,300110.26547000004,300110.26547000004,300110.26547000004,nan,300110.26547000004,nan,nan,0.0,56,64,,True,False,"HTTPConnectionPool(host='gpu06', port=9004): Read timed out.",0,59.56268577710819
321,2026-09-21T07:59:26.886+00:00,2026-09-21T08:04:27.006+00:00,2026-09-21T08:04:27.006+00:00,False,1,0.0,,0.0,300119.983149,300119.983149,300119.983149,300119.983149,300119.983149,300119.983149,nan,300119.983149,nan,nan,0.0,56,64,,True,False,"HTTPConnectionPool(host='gpu06', port=9004): Read timed out.",0,59.56268577710819
322,2026-09-21T07:59:27.172+00:00,2026-09-21T08:04:27.280+00:00,2026-09-21T08:04:27.280+00:00,False,1,0.0,,0.0,300108.07613999996,300108.07613999996,300108.07613999996,300108.07613999996,300108.07613999996,300108.07613999996,nan,300108.07613999996,nan,nan,0.0,56,64,,True,False,"HTTPConnectionPool(host='gpu06', port=9004): Read timed out.",0,59.56268577710819
323,2026-09-21T07:59:27.501+00:00,2026-09-21T08:04:27.515+00:00,2026-09-21T08:04:27.515+00:00,False,1,0.0,,0.0,300014.251026,300014.251026,300014.251026,300014.251026,300014.251026,300014.251026,nan,300014.251026,nan,nan,0.0,56,64,,True,False,TTFT timeout: 300.0s exceeded (TTFT: 300.009s),0,59.56268577710819
324,2026-09-21T07:59:27.696+00:00,2026-09-21T08:04:27.659+00:00,2026-09-21T08:04:27.765+00:00,False,3,2.0,,2.0,299963.03979199997,300069.21707199997,300069.21706399997,100023.07235466666,0.036950000000000004,299963.03979199997,173153.0991597113,269977.34984499996,53.08864,75.0261790885075,0.006665128864318365,56,64,,True,False,Request timeout: 300.0s exceeded,6,59.56268577710819
325,2026-09-21T07:59:28.022+00:00,2026-09-21T08:04:28.101+00:00,2026-09-21T08:04:28.101+00:00,False,1,0.0,,0.0,300078.477452,300078.477452,300078.477452,300078.477452,300078.477452,300078.477452,nan,300078.477452,nan,nan,0.0,56,64,,True,False,"HTTPConnectionPool(host='gpu06', port=9004): Read timed out.",0,59.56268577710819
326,2026-09-21T07:59:28.329+00:00,2026-09-21T08:04:28.429+00:00,2026-09-21T08:04:28.429+00:00,False,1,0.0,,0.0,300100.27074199996,300100.27074199996,300100.27074199996,300100.27074199996,300100.27074199996,300100.27074199996,nan,300100.27074199996,nan,nan,0.0,56,64,,True,False,"HTTPConnectionPool(host='gpu06', port=9004): Read timed out.",0,59.56268577710819
327,2026-09-21T07:59:28.533+00:00,2026-09-21T08:04:28.598+00:00,2026-09-21T08:04:28.598+00:00,False,1,0.0,,0.0,300064.296258,300064.296258,300064.296258,300064.296258,300064.296258,300064.296258,nan,300064.296258,nan,nan,0.0,56,64,,True,False,"HTTPConnectionPool(host='gpu06', port=9004): Read timed out.",0,59.56268577710819
328,2026-09-21T07:59:28.816+00:00,2026-09-21T08:04:28.917+00:00,2026-09-21T08:04:28.917+00:00,False,1,0.0,,0.0,300101.305199,300101.305199,300101.305199,300101.305199,300101.305199,300101.305199,nan,300101.305199,nan,nan,0.0,56,64,,True,False,"HTTPConnectionPool(host='gpu06', port=9004): Read timed out.",0,59.56268577710819
329,2026-09-21T07:59:29.154+00:00,2026-09-21T08:04:29.209+00:00,2026-09-21T08:04:29.209+00:00,False,1,0.0,,0.0,300054.746726,300054.746726,300054.746726,300054.746726,300054.746726,300054.746726,nan,300054.746726,nan,nan,0.0,56,64,,True,False,"HTTPConnectionPool(host='gpu06', port=9004): Read timed out.",0,59.56268577710819
330,2026-09-21T07:59:29.352+00:00,2026-09-21T08:04:29.454+00:00,2026-09-21T08:04:29.454+00:00,False,1,0.0,,0.0,300101.824313,300101.824313,300101.824313,300101.824313,300101.824313,300101.824313,nan,300101.824313,nan,nan,0.0,56,64,,True,False,TTFT timeout: 300.0s exceeded (TTFT: 300.096s),0,59.56268577710819
331,2026-09-21T07:59:29.551+00:00,2026-09-21T08:04:29.605+00:00,2026-09-21T08:04:29.605+00:00,False,1,0.0,,0.0,300054.7658,300054.7658,300054.7658,300054.7658,300054.7658,300054.7658,nan,300054.7658,nan,nan,0.0,56,64,,True,False,TTFT timeout: 300.0s exceeded (TTFT: 300.037s),0,59.56268577710819
332,2026-09-21T07:59:29.794+00:00,2026-09-21T08:04:29.751+00:00,2026-09-21T08:04:29.825+00:00,False,3,2.0,,2.0,299957.322401,300030.970017,300030.969982,100010.32332733333,0.020730000000000002,299957.322401,173159.18451929977,269968.95284600003,36.823808,52.04740355939351,0.006665978515106886,56,64,,True,False,Request timeout: 300.0s exceeded,6,59.56268577710819
333,2026-09-21T07:59:30.105+00:00,2026-09-21T08:04:30.215+00:00,2026-09-21T08:04:30.215+00:00,False,1,0.0,,0.0,300110.287243,300110.287243,300110.287243,300110.287243,300110.287243,300110.287243,nan,300110.287243,nan,nan,0.0,56,64,,True,False,"HTTPConnectionPool(host='gpu06', port=9004): Read timed out.",0,59.56268577710819
334,2026-09-21T07:59:30.377+00:00,2026-09-21T08:04:30.471+00:00,2026-09-21T08:04:30.471+00:00,False,1,0.0,,0.0,300094.118705,300094.118705,300094.118705,300094.118705,300094.118705,300094.118705,nan,300094.118705,nan,nan,0.0,56,64,,True,False,"HTTPConnectionPool(host='gpu06', port=9004): Read timed out.",0,59.56268577710819
335,2026-09-21T07:59:30.707+00:00,2026-09-21T08:04:30.813+00:00,2026-09-21T08:04:30.813+00:00,False,1,0.0,,0.0,300105.915563,300105.915563,300105.915563,300105.915563,300105.915563,300105.915563,nan,300105.915563,nan,nan,0.0,56,64,,True,False,"HTTPConnectionPool(host='gpu06', port=9004): Read timed out.",0,59.56268577710819
336,2026-09-21T07:59:31.040+00:00,2026-09-21T08:04:31.125+00:00,2026-09-21T08:04:31.125+00:00,False,1,0.0,,0.0,300084.69997,300084.69997,300084.69997,300084.69997,300084.69997,300084.69997,nan,300084.69997,nan,nan,0.0,56,64,,True,False,"HTTPConnectionPool(host='gpu06', port=9004): Read timed out.",0,59.56268577710819
337,2026-09-21T07:59:31.261+00:00,2026-09-21T08:04:31.373+00:00,2026-09-21T08:04:31.373+00:00,False,1,0.0,,0.0,300112.00106599997,300112.00106599997,300112.00106599997,300112.00106599997,300112.00106599997,300112.00106599997,nan,300112.00106599997,nan,nan,0.0,56,64,,True,False,"HTTPConnectionPool(host='gpu06', port=9004): Read timed out.",0,59.56268577710819
338,2026-09-21T07:59:31.516+00:00,2026-09-21T08:04:31.691+00:00,2026-09-21T08:04:32.861+00:00,False,20,19.0,,19.0,300175.72897000005,301345.28519400005,301345.28503500007,15067.264251750003,0.02488,300175.72897000005,67107.57743519795,15182.664743300003,61.555590736842106,34.01023651373344,0.06305059655328,56,64,,True,False,Request timeout: 300.0s exceeded,38,59.56268577710819
339,2026-09-21T07:59:31.701+00:00,2026-09-21T08:04:31.693+00:00,2026-09-21T08:04:32.465+00:00,True,12,12.0,,12.0,299991.477944,300763.976376,300763.9763,25063.664691666665,42.842771,299991.477944,86579.8156449239,135098.27845649997,70.22713018181818,39.51221296087045,0.039898395228683256,56,64,,True,True,,36,59.56268577710819
340,2026-09-21T07:59:31.906+00:00,2026-09-21T08:04:31.877+00:00,2026-09-21T08:04:32.959+00:00,False,21,20.0,,20.0,299971.21217,301052.56589800003,301052.565893,14335.83647109524,0.03533,299971.21217,65447.28846571217,78.020912,54.0676864,16.39496500912283,0.06643358092744582,56,64,,True,False,Request timeout: 300.0s exceeded,120,59.56268577710819
344,2026-09-21T07:59:32.977+00:00,2026-09-21T08:04:33.102+00:00,2026-09-21T08:04:33.102+00:00,False,1,0.0,,0.0,300124.995042,300124.995042,300124.995042,300124.995042,300124.995042,300124.995042,nan,300124.995042,nan,nan,0.0,56,64,,True,False,"HTTPConnectionPool(host='gpu06', port=9004): Read timed out.",0,59.56268577710819
341,2026-09-21T07:59:32.194+00:00,2026-09-21T08:04:33.283+00:00,2026-09-21T08:04:33.283+00:00,False,1,0.0,,0.0,301089.79498400004,301089.79498400004,301089.79498400004,301089.79498400004,301089.79498400004,301089.79498400004,nan,301089.79498400004,nan,nan,0.0,56,64,,True,False,"HTTPConnectionPool(host='gpu06', port=9004): Read timed out.",0,59.56268577710819
345,2026-09-21T07:59:33.265+00:00,2026-09-21T08:04:33.305+00:00,2026-09-21T08:04:33.305+00:00,False,1,0.0,,0.0,300040.02298,300040.02298,300040.02298,300040.02298,300040.02298,300040.02298,nan,300040.02298,nan,nan,0.0,56,64,,True,False,"HTTPConnectionPool(host='gpu06', port=9004): Read timed out.",0,59.56268577710819
342,2026-09-21T07:59:32.496+00:00,2026-09-21T08:04:33.522+00:00,2026-09-21T08:04:33.522+00:00,False,1,0.0,,0.0,301025.193433,301025.193433,301025.193433,301025.193433,301025.193433,301025.193433,nan,301025.193433,nan,nan,0.0,56,64,,True,False,"HTTPConnectionPool(host='gpu06', port=9004): Read timed out.",0,59.56268577710819
347,2026-09-21T07:59:34.746+00:00,2026-09-21T08:04:33.916+00:00,2026-09-21T08:04:34.873+00:00,False,15,14.0,,14.0,299169.501413,300127.062757,300127.062623,20008.470841533333,0.026629999999999997,299169.501413,77227.58773477816,89906.5022874,68.39723885714285,49.46923999278618,0.04664690971681951,56,64,,True,False,Request timeout: 300.0s exceeded,70,59.56268577710819
343,2026-09-21T07:59:32.752+00:00,2026-09-21T08:04:33.916+00:00,2026-09-21T08:04:34.926+00:00,False,16,15.0,,15.0,301164.03624800005,302174.18588000006,302174.185989,18885.8866243125,0.02607,301164.03624800005,75274.18732091857,75456.83720825001,67.3433088,47.66980048674016,0.0496402429490017,56,64,,True,False,Request timeout: 300.0s exceeded,135,59.56268577710819
348,2026-09-21T07:59:34.904+00:00,2026-09-21T08:04:34.280+00:00,2026-09-21T08:04:35.096+00:00,True,15,15.0,,15.0,299375.799536,300192.712688,300192.712754,20012.847516933332,45.004221,299375.799536,77283.43452961475,89889.52802890001,58.35093942857142,16.427675498406266,0.049967901837743765,56,64,,True,True,,30,59.56268577710819
352,2026-09-21T07:59:35.006+00:00,2026-09-21T08:04:34.280+00:00,2026-09-21T08:04:35.220+00:00,False,18,17.0,,17.0,299274.747027,300214.466963,300214.466977,16678.581498722222,0.03666,299274.747027,70526.70812403916,44981.650756099996,55.277643294117645,20.616771336769304,0.05662618518012714,56,64,,True,False,Request timeout: 300.0s exceeded,117,59.56268577710819
350,2026-09-21T07:59:34.914+00:00,2026-09-21T08:04:34.284+00:00,2026-09-21T08:04:35.053+00:00,False,15,14.0,,14.0,299370.178046,300139.192062,300139.19222200004,20009.279481466667,0.025070000000000002,299370.178046,77282.86761527114,89881.6170272,54.92957257142857,21.503709476861143,0.04664502460947522,56,64,,True,False,Request timeout: 300.0s exceeded,126,59.56268577710819
346,2026-09-21T07:59:33.590+00:00,2026-09-21T08:04:34.454+00:00,2026-09-21T08:04:35.319+00:00,False,18,17.0,,17.0,300864.22325599997,301728.70709599997,301728.70702399994,16762.705945777776,0.0235,300864.22325599997,70902.3929670968,45188.52896159999,50.851990588235296,14.532102961365016,0.05634200392669687,56,64,,True,False,Request timeout: 300.0s exceeded,34,59.56268577710819
351,2026-09-21T07:59:34.970+00:00,2026-09-21T08:04:35.526+00:00,2026-09-21T08:04:35.526+00:00,False,1,0.0,,0.0,300555.864566,300555.864566,300555.864566,300555.864566,300555.864566,300555.864566,nan,300555.864566,nan,nan,0.0,56,64,,True,False,"HTTPConnectionPool(host='gpu06', port=9004): Read timed out.",0,59.56268577710819
349,2026-09-21T07:59:34.909+00:00,2026-09-21T08:04:35.567+00:00,2026-09-21T08:04:35.567+00:00,False,1,0.0,,0.0,300658.534273,300658.534273,300658.534273,300658.534273,300658.534273,300658.534273,nan,300658.534273,nan,nan,0.0,56,64,,True,False,"HTTPConnectionPool(host='gpu06', port=9004): Read timed out.",0,59.56268577710819
354,2026-09-21T07:59:35.517+00:00,2026-09-21T08:04:35.609+00:00,2026-09-21T08:04:35.609+00:00,False,1,0.0,,0.0,300092.86770999996,300092.86770999996,300092.86770999996,300092.86770999996,300092.86770999996,300092.86770999996,nan,300092.86770999996,nan,nan,0.0,56,64,,True,False,"HTTPConnectionPool(host='gpu06', port=9004): Read timed out.",0,59.56268577710819
353,2026-09-21T07:59:35.450+00:00,2026-09-21T08:04:36.001+00:00,2026-09-21T08:04:36.001+00:00,False,1,0.0,,0.0,300550.82812699996,300550.82812699996,300550.82812699996,300550.82812699996,300550.82812699996,300550.82812699996,nan,300550.82812699996,nan,nan,0.0,56,64,,True,False,"HTTPConnectionPool(host='gpu06', port=9004): Read timed out.",0,59.56268577710819
355,2026-09-21T07:59:35.774+00:00,2026-09-21T08:04:36.006+00:00,2026-09-21T08:04:36.006+00:00,False,1,0.0,,0.0,300231.956018,300231.956018,300231.956018,300231.956018,300231.956018,300231.956018,nan,300231.956018,nan,nan,0.0,56,64,,True,False,"HTTPConnectionPool(host='gpu06', port=9004): Read timed out.",0,59.56268577710819
356,2026-09-21T07:59:36.057+00:00,2026-09-21T08:04:36.255+00:00,2026-09-21T08:04:36.255+00:00,False,1,0.0,,0.0,300198.648399,300198.648399,300198.648399,300198.648399,300198.648399,300198.648399,nan,300198.648399,nan,nan,0.0,56,64,,True,False,"HTTPConnectionPool(host='gpu06', port=9004): Read timed out.",0,59.56268577710819
357,2026-09-21T07:59:36.319+00:00,2026-09-21T08:04:36.428+00:00,2026-09-21T08:04:36.428+00:00,False,1,0.0,,0.0,300108.682855,300108.682855,300108.682855,300108.682855,300108.682855,300108.682855,nan,300108.682855,nan,nan,0.0,56,64,,True,False,"HTTPConnectionPool(host='gpu06', port=9004): Read timed out.",0,59.56268577710819
358,2026-09-21T07:59:36.565+00:00,2026-09-21T08:04:36.676+00:00,2026-09-21T08:04:36.676+00:00,False,1,0.0,,0.0,300111.641308,300111.641308,300111.641308,300111.641308,300111.641308,300111.641308,nan,300111.641308,nan,nan,0.0,56,64,,True,False,"HTTPConnectionPool(host='gpu06', port=9004): Read timed out.",0,59.56268577710819
359,2026-09-21T07:59:36.755+00:00,2026-09-21T08:04:36.848+00:00,2026-09-21T08:04:36.848+00:00,False,1,0.0,,0.0,300093.24704000005,300093.24704000005,300093.24704000005,300093.24704000005,300093.24704000005,300093.24704000005,nan,300093.24704000005,nan,nan,0.0,56,64,,True,False,"HTTPConnectionPool(host='gpu06', port=9004): Read timed out.",0,59.56268577710819
360,2026-09-21T07:59:37.066+00:00,2026-09-21T08:04:37.168+00:00,2026-09-21T08:04:37.168+00:00,False,1,0.0,,0.0,300102.237844,300102.237844,300102.237844,300102.237844,300102.237844,300102.237844,nan,300102.237844,nan,nan,0.0,56,64,,True,False,"HTTPConnectionPool(host='gpu06', port=9004): Read timed out.",0,59.56268577710819
361,2026-09-21T07:59:37.262+00:00,2026-09-21T08:04:37.354+00:00,2026-09-21T08:04:37.354+00:00,False,1,0.0,,0.0,300092.715315,300092.715315,300092.715315,300092.715315,300092.715315,300092.715315,nan,300092.715315,nan,nan,0.0,56,64,,True,False,"HTTPConnectionPool(host='gpu06', port=9004): Read timed out.",0,59.56268577710819
362,2026-09-21T07:59:37.522+00:00,2026-09-21T08:04:37.626+00:00,2026-09-21T08:04:37.626+00:00,False,1,0.0,,0.0,300104.232006,300104.232006,300104.232006,300104.232006,300104.232006,300104.232006,nan,300104.232006,nan,nan,0.0,56,64,,True,False,"HTTPConnectionPool(host='gpu06', port=9004): Read timed out.",0,59.56268577710819
363,2026-09-21T07:59:37.799+00:00,2026-09-21T08:04:37.907+00:00,2026-09-21T08:04:37.907+00:00,False,1,0.0,,0.0,300107.94210399996,300107.94210399996,300107.94210399996,300107.94210399996,300107.94210399996,300107.94210399996,nan,300107.94210399996,nan,nan,0.0,56,64,,True,False,"HTTPConnectionPool(host='gpu06', port=9004): Read timed out.",0,59.56268577710819
364,2026-09-21T07:59:37.999+00:00,2026-09-21T08:04:38.081+00:00,2026-09-21T08:04:38.081+00:00,False,1,0.0,,0.0,300082.700336,300082.700336,300082.700336,300082.700336,300082.700336,300082.700336,nan,300082.700336,nan,nan,0.0,56,64,,True,False,TTFT timeout: 300.0s exceeded (TTFT: 300.077s),0,59.56268577710819
365,2026-09-21T07:59:38.262+00:00,2026-09-21T08:04:38.253+00:00,2026-09-21T08:04:38.298+00:00,False,3,2.0,,2.0,299991.074352,300036.207408,300036.2074,100012.06913333334,0.029,299991.074352,173186.90020935657,269996.4773216,22.566528,31.872979583339866,0.006665862154697643,56,64,,True,False,Request timeout: 300.0s exceeded,9,59.56268577710819
366,2026-09-21T07:59:38.452+00:00,2026-09-21T08:04:38.508+00:00,2026-09-21T08:04:38.508+00:00,False,1,0.0,,0.0,300055.64720999997,300055.64720999997,300055.64720999997,300055.64720999997,300055.64720999997,300055.64720999997,nan,300055.64720999997,nan,nan,0.0,56,64,,True,False,TTFT timeout: 300.0s exceeded (TTFT: 300.051s),0,59.56268577710819
367,2026-09-21T07:59:38.769+00:00,2026-09-21T08:04:38.874+00:00,2026-09-21T08:04:38.874+00:00,False,1,0.0,,0.0,300105.065459,300105.065459,300105.065459,300105.065459,300105.065459,300105.065459,nan,300105.065459,nan,nan,0.0,56,64,,True,False,"HTTPConnectionPool(host='gpu06', port=9004): Read timed out.",0,59.56268577710819
368,2026-09-21T07:59:38.977+00:00,2026-09-21T08:04:39.088+00:00,2026-09-21T08:04:39.088+00:00,False,1,0.0,,0.0,300110.637228,300110.637228,300110.637228,300110.637228,300110.637228,300110.637228,nan,300110.637228,nan,nan,0.0,56,64,,True,False,"HTTPConnectionPool(host='gpu06', port=9004): Read timed out.",0,59.56268577710819
369,2026-09-21T07:59:39.201+00:00,2026-09-21T08:04:39.294+00:00,2026-09-21T08:04:39.294+00:00,False,1,0.0,,0.0,300093.518666,300093.518666,300093.518666,300093.518666,300093.518666,300093.518666,nan,300093.518666,nan,nan,0.0,56,64,,True,False,"HTTPConnectionPool(host='gpu06', port=9004): Read timed out.",0,59.56268577710819
370,2026-09-21T07:59:39.507+00:00,2026-09-21T08:04:39.592+00:00,2026-09-21T08:04:39.592+00:00,False,1,0.0,,0.0,300085.384631,300085.384631,300085.384631,300085.384631,300085.384631,300085.384631,nan,300085.384631,nan,nan,0.0,56,64,,True,False,"HTTPConnectionPool(host='gpu06', port=9004): Read timed out.",0,59.56268577710819
371,2026-09-21T07:59:39.733+00:00,2026-09-21T08:04:39.846+00:00,2026-09-21T08:04:39.846+00:00,False,1,0.0,,0.0,300112.459745,300112.459745,300112.459745,300112.459745,300112.459745,300112.459745,nan,300112.459745,nan,nan,0.0,56,64,,True,False,"HTTPConnectionPool(host='gpu06', port=9004): Read timed out.",0,59.56268577710819
372,2026-09-21T07:59:39.918+00:00,2026-09-21T08:04:39.953+00:00,2026-09-21T08:04:39.953+00:00,False,1,0.0,,0.0,300034.709913,300034.709913,300034.709913,300034.709913,300034.709913,300034.709913,nan,300034.709913,nan,nan,0.0,56,64,,True,False,"HTTPConnectionPool(host='gpu06', port=9004): Read timed out.",0,59.56268577710819
373,2026-09-21T07:59:40.244+00:00,2026-09-21T08:04:40.349+00:00,2026-09-21T08:04:40.349+00:00,False,1,0.0,,0.0,300105.385009,300105.385009,300105.385009,300105.385009,300105.385009,300105.385009,nan,300105.385009,nan,nan,0.0,56,64,,True,False,"HTTPConnectionPool(host='gpu06', port=9004): Read timed out.",0,59.56268577710819
374,2026-09-21T07:59:40.437+00:00,2026-09-21T08:04:40.463+00:00,2026-09-21T08:04:40.463+00:00,False,1,0.0,,0.0,300025.309505,300025.309505,300025.309505,300025.309505,300025.309505,300025.309505,nan,300025.309505,nan,nan,0.0,56,64,,True,False,TTFT timeout: 300.0s exceeded (TTFT: 300.020s),0,59.56268577710819
375,2026-09-21T07:59:40.767+00:00,2026-09-21T08:04:40.866+00:00,2026-09-21T08:04:40.866+00:00,False,1,0.0,,0.0,300098.934662,300098.934662,300098.934662,300098.934662,300098.934662,300098.934662,nan,300098.934662,nan,nan,0.0,56,64,,True,False,"HTTPConnectionPool(host='gpu06', port=9004): Read timed out.",0,59.56268577710819
376,2026-09-21T07:59:41.066+00:00,2026-09-21T08:04:41.169+00:00,2026-09-21T08:04:41.169+00:00,False,1,0.0,,0.0,300103.027687,300103.027687,300103.027687,300103.027687,300103.027687,300103.027687,nan,300103.027687,nan,nan,0.0,56,64,,True,False,"HTTPConnectionPool(host='gpu06', port=9004): Read timed out.",0,59.56268577710819
377,2026-09-21T07:59:41.390+00:00,2026-09-21T08:04:41.480+00:00,2026-09-21T08:04:41.480+00:00,False,1,0.0,,0.0,300090.70092000003,300090.70092000003,300090.70092000003,300090.70092000003,300090.70092000003,300090.70092000003,nan,300090.70092000003,nan,nan,0.0,56,64,,True,False,"HTTPConnectionPool(host='gpu06', port=9004): Read timed out.",0,59.56268577710819
378,2026-09-21T07:59:41.588+00:00,2026-09-21T08:04:41.665+00:00,2026-09-21T08:04:41.665+00:00,False,1,0.0,,0.0,300077.218491,300077.218491,300077.218491,300077.218491,300077.218491,300077.218491,nan,300077.218491,nan,nan,0.0,56,64,,True,False,"HTTPConnectionPool(host='gpu06', port=9004): Read timed out.",0,59.56268577710819
379,2026-09-21T07:59:41.918+00:00,2026-09-21T08:04:42.004+00:00,2026-09-21T08:04:42.004+00:00,False,1,0.0,,0.0,300086.391911,300086.391911,300086.391911,300086.391911,300086.391911,300086.391911,nan,300086.391911,nan,nan,0.0,56,64,,True,False,TTFT timeout: 300.0s exceeded (TTFT: 300.080s),0,59.56268577710819
380,2026-09-21T07:59:42.164+00:00,2026-09-21T08:04:42.194+00:00,2026-09-21T08:04:42.194+00:00,False,1,0.0,,0.0,300029.55976800004,300029.55976800004,300029.55976800004,300029.55976800004,300029.55976800004,300029.55976800004,nan,300029.55976800004,nan,nan,0.0,56,64,,True,False,TTFT timeout: 300.0s exceeded (TTFT: 300.011s),0,59.56268577710819
381,2026-09-21T07:59:42.486+00:00,2026-09-21T08:04:42.455+00:00,2026-09-21T08:04:42.601+00:00,False,3,2.0,,2.0,299968.846574,300114.666478,300114.666405,100038.222135,0.03009,299968.846574,173145.01509686993,269986.5408907,72.909952,103.0675223870792,0.006664119496294629,56,64,,True,False,Request timeout: 300.0s exceeded,6,59.56268577710819
382,2026-09-21T07:59:42.809+00:00,2026-09-21T08:04:42.910+00:00,2026-09-21T08:04:42.910+00:00,False,1,0.0,,0.0,300100.909468,300100.909468,300100.909468,300100.909468,300100.909468,300100.909468,nan,300100.909468,nan,nan,0.0,56,64,,True,False,TTFT timeout: 300.0s exceeded (TTFT: 300.093s),0,59.56268577710819
383,2026-09-21T07:59:43.027+00:00,2026-09-21T08:04:43.102+00:00,2026-09-21T08:04:43.102+00:00,False,1,0.0,,0.0,300075.66809600004,300075.66809600004,300075.66809600004,300075.66809600004,300075.66809600004,300075.66809600004,nan,300075.66809600004,nan,nan,0.0,56,64,,True,False,"HTTPConnectionPool(host='gpu06', port=9004): Read timed out.",0,59.56268577710819
384,2026-09-21T07:59:43.285+00:00,2026-09-21T08:04:43.384+00:00,2026-09-21T08:04:43.384+00:00,False,1,0.0,,0.0,300099.15087699995,300099.15087699995,300099.15087699995,300099.15087699995,300099.15087699995,300099.15087699995,nan,300099.15087699995,nan,nan,0.0,56,64,,True,False,"HTTPConnectionPool(host='gpu06', port=9004): Read timed out.",0,59.56268577710819
385,2026-09-21T07:59:43.572+00:00,2026-09-21T08:04:43.650+00:00,2026-09-21T08:04:43.650+00:00,False,1,0.0,,0.0,300078.032935,300078.032935,300078.032935,300078.032935,300078.032935,300078.032935,nan,300078.032935,nan,nan,0.0,56,64,,True,False,"HTTPConnectionPool(host='gpu06', port=9004): Read timed out.",0,59.56268577710819
386,2026-09-21T07:59:43.892+00:00,2026-09-21T08:04:43.998+00:00,2026-09-21T08:04:43.998+00:00,False,1,0.0,,0.0,300105.478715,300105.478715,300105.478715,300105.478715,300105.478715,300105.478715,nan,300105.478715,nan,nan,0.0,56,64,,True,False,"HTTPConnectionPool(host='gpu06', port=9004): Read timed out.",0,59.56268577710819
387,2026-09-21T07:59:44.183+00:00,2026-09-21T08:04:44.270+00:00,2026-09-21T08:04:44.270+00:00,False,1,0.0,,0.0,300087.383604,300087.383604,300087.383604,300087.383604,300087.383604,300087.383604,nan,300087.383604,nan,nan,0.0,56,64,,True,False,"HTTPConnectionPool(host='gpu06', port=9004): Read timed out.",0,59.56268577710819
388,2026-09-21T07:59:44.444+00:00,2026-09-21T08:04:44.516+00:00,2026-09-21T08:04:44.516+00:00,False,1,0.0,,0.0,300072.151106,300072.151106,300072.151106,300072.151106,300072.151106,300072.151106,nan,300072.151106,nan,nan,0.0,56,64,,True,False,"HTTPConnectionPool(host='gpu06', port=9004): Read timed out.",0,59.56268577710819
389,2026-09-21T07:59:44.676+00:00,2026-09-21T08:04:44.636+00:00,2026-09-21T08:04:44.750+00:00,False,3,2.0,,2.0,299960.249227,300073.71098699997,300073.71100999997,100024.57033666667,0.03215,299960.249227,173149.3863250781,269975.5672676,56.73088,80.18396302869266,0.006665029047101849,56,64,,True,False,Request timeout: 300.0s exceeded,16,59.56268577710819
390,2026-09-21T07:59:44.976+00:00,2026-09-21T08:04:44.920+00:00,2026-09-21T08:04:45.010+00:00,False,4,3.0,,3.0,299944.04819400003,300033.32205,300033.321858,75008.3304645,0.026420000000000003,299944.04819400003,149957.14703650732,254961.17122980003,29.757952,29.10885686499805,0.00999888938835952,56,64,,True,False,Request timeout: 300.0s exceeded,17,59.56268577710819
391,2026-09-21T07:59:45.293+00:00,2026-09-21T08:04:45.605+00:00,2026-09-21T08:04:47.025+00:00,False,22,21.0,,21.0,300312.534184,301732.24234399997,301732.24216699996,13715.101916681817,0.04614,300312.534184,64012.442321536844,167.7544802,67.60515047619047,33.53852172694019,0.06959813057054157,56,64,,True,False,Request timeout: 300.0s exceeded,84,59.56268577710819
392,2026-09-21T07:59:45.497+00:00,2026-09-21T08:04:45.882+00:00,2026-09-21T08:04:47.031+00:00,False,19,18.0,,18.0,300384.803329,301534.574593,301534.574619,15870.240769421054,0.02564,300384.803329,68898.35360733377,30195.325797999998,63.876181333333335,33.53828745614105,0.059694647037726006,56,64,,True,False,Request timeout: 300.0s exceeded,27,59.56268577710819
393,2026-09-21T07:59:45.730+00:00,2026-09-21T08:04:46.205+00:00,2026-09-21T08:04:47.128+00:00,False,18,17.0,,17.0,300474.415369,301398.145033,301398.145013,16744.341389611112,0.03215,300474.415369,70809.69318475387,45134.488338949996,54.33703905882353,15.775430538355492,0.05640379770133846,56,64,,True,False,Request timeout: 300.0s exceeded,97,59.56268577710819
398,2026-09-21T07:59:47.172+00:00,2026-09-21T08:04:47.250+00:00,2026-09-21T08:04:47.250+00:00,False,1,0.0,,0.0,300077.345668,300077.345668,300077.345668,300077.345668,300077.345668,300077.345668,nan,300077.345668,nan,nan,0.0,56,64,,True,False,"HTTPConnectionPool(host='gpu06', port=9004): Read timed out.",0,59.56268577710819
395,2026-09-21T07:59:46.253+00:00,2026-09-21T08:04:47.394+00:00,2026-09-21T08:04:47.394+00:00,False,1,0.0,,0.0,301140.947851,301140.947851,301140.947851,301140.947851,301140.947851,301140.947851,nan,301140.947851,nan,nan,0.0,56,64,,True,False,"HTTPConnectionPool(host='gpu06', port=9004): Read timed out.",0,59.56268577710819
399,2026-09-21T07:59:47.440+00:00,2026-09-21T08:04:47.525+00:00,2026-09-21T08:04:47.525+00:00,False,1,0.0,,0.0,300085.85129799997,300085.85129799997,300085.85129799997,300085.85129799997,300085.85129799997,300085.85129799997,nan,300085.85129799997,nan,nan,0.0,56,64,,True,False,"HTTPConnectionPool(host='gpu06', port=9004): Read timed out.",0,59.56268577710819
396,2026-09-21T07:59:46.521+00:00,2026-09-21T08:04:47.549+00:00,2026-09-21T08:04:47.549+00:00,False,1,0.0,,0.0,301028.46587699995,301028.46587699995,301028.46587699995,301028.46587699995,301028.46587699995,301028.46587699995,nan,301028.46587699995,nan,nan,0.0,56,64,,True,False,"HTTPConnectionPool(host='gpu06', port=9004): Read timed out.",0,59.56268577710819
400,2026-09-21T07:59:47.649+00:00,2026-09-21T08:04:47.655+00:00,2026-09-21T08:04:47.655+00:00,False,1,0.0,,0.0,300005.447982,300005.447982,300005.447982,300005.447982,300005.447982,300005.447982,nan,300005.447982,nan,nan,0.0,56,64,,True,False,"HTTPConnectionPool(host='gpu06', port=9004): Read timed out.",0,59.56268577710819
397,2026-09-21T07:59:46.852+00:00,2026-09-21T08:04:48.026+00:00,2026-09-21T08:04:48.026+00:00,False,1,0.0,,0.0,301173.914039,301173.914039,301173.914039,301173.914039,301173.914039,301173.914039,nan,301173.914039,nan,nan,0.0,56,64,,True,False,"HTTPConnectionPool(host='gpu06', port=9004): Read timed out.",0,59.56268577710819
401,2026-09-21T07:59:47.969+00:00,2026-09-21T08:04:48.086+00:00,2026-09-21T08:04:48.086+00:00,False,1,0.0,,0.0,300116.916377,300116.916377,300116.916377,300116.916377,300116.916377,300116.916377,nan,300116.916377,nan,nan,0.0,56,64,,True,False,"HTTPConnectionPool(host='gpu06', port=9004): Read timed out.",0,59.56268577710819
402,2026-09-21T07:59:48.307+00:00,2026-09-21T08:04:48.405+00:00,2026-09-21T08:04:48.405+00:00,False,1,0.0,,0.0,300098.31991799996,300098.31991799996,300098.31991799996,300098.31991799996,300098.31991799996,300098.31991799996,nan,300098.31991799996,nan,nan,0.0,56,64,,True,False,"HTTPConnectionPool(host='gpu06', port=9004): Read timed out.",0,59.56268577710819
403,2026-09-21T07:59:48.580+00:00,2026-09-21T08:04:48.615+00:00,2026-09-21T08:04:48.615+00:00,False,1,0.0,,0.0,300035.076981,300035.076981,300035.076981,300035.076981,300035.076981,300035.076981,nan,300035.076981,nan,nan,0.0,56,64,,True,False,"HTTPConnectionPool(host='gpu06', port=9004): Read timed out.",0,59.56268577710819
404,2026-09-21T07:59:48.876+00:00,2026-09-21T08:04:48.963+00:00,2026-09-21T08:04:48.963+00:00,False,1,0.0,,0.0,300086.756864,300086.756864,300086.756864,300086.756864,300086.756864,300086.756864,nan,300086.756864,nan,nan,0.0,56,64,,True,False,"HTTPConnectionPool(host='gpu06', port=9004): Read timed out.",0,59.56268577710819
394,2026-09-21T07:59:45.926+00:00,2026-09-21T08:04:49.022+00:00,2026-09-21T08:04:49.022+00:00,False,1,0.0,,0.0,303096.66196,303096.66196,303096.66196,303096.66196,303096.66196,303096.66196,nan,303096.66196,nan,nan,0.0,56,64,,True,False,TTFT timeout: 300.0s exceeded (TTFT: 300.016s),0,59.56268577710819
405,2026-09-21T07:59:49.076+00:00,2026-09-21T08:04:49.137+00:00,2026-09-21T08:04:49.137+00:00,False,1,0.0,,0.0,300060.785646,300060.785646,300060.785646,300060.785646,300060.785646,300060.785646,nan,300060.785646,nan,nan,0.0,56,64,,True,False,TTFT timeout: 300.0s exceeded (TTFT: 300.055s),0,59.56268577710819
406,2026-09-21T07:59:49.406+00:00,2026-09-21T08:04:49.282+00:00,2026-09-21T08:04:49.461+00:00,False,5,4.0,,4.0,299876.824117,300055.57509299996,300055.575036,60011.115007199995,0.07075,299876.824117,134089.01048815832,239916.0448728,44.687744,31.232223651221076,0.013330863786684284,56,64,,True,False,Request timeout: 300.0s exceeded,18,59.56268577710819
407,2026-09-21T07:59:49.686+00:00,2026-09-21T08:04:49.789+00:00,2026-09-21T08:04:49.789+00:00,False,1,0.0,,0.0,300103.308802,300103.308802,300103.308802,300103.308802,300103.308802,300103.308802,nan,300103.308802,nan,nan,0.0,56,64,,True,False,"HTTPConnectionPool(host='gpu06', port=9004): Read timed out.",0,59.56268577710819
408,2026-09-21T07:59:50.025+00:00,2026-09-21T08:04:50.138+00:00,2026-09-21T08:04:50.138+00:00,False,1,0.0,,0.0,300113.45432099997,300113.45432099997,300113.45432099997,300113.45432099997,300113.45432099997,300113.45432099997,nan,300113.45432099997,nan,nan,0.0,56,64,,True,False,"HTTPConnectionPool(host='gpu06', port=9004): Read timed out.",0,59.56268577710819
409,2026-09-21T07:59:50.311+00:00,2026-09-21T08:04:50.424+00:00,2026-09-21T08:04:50.424+00:00,False,1,0.0,,0.0,300113.353158,300113.353158,300113.353158,300113.353158,300113.353158,300113.353158,nan,300113.353158,nan,nan,0.0,56,64,,True,False,"HTTPConnectionPool(host='gpu06', port=9004): Read timed out.",0,59.56268577710819
410,2026-09-21T07:59:50.605+00:00,2026-09-21T08:04:50.717+00:00,2026-09-21T08:04:50.717+00:00,False,1,0.0,,0.0,300112.55549400003,300112.55549400003,300112.55549400003,300112.55549400003,300112.55549400003,300112.55549400003,nan,300112.55549400003,nan,nan,0.0,56,64,,True,False,"HTTPConnectionPool(host='gpu06', port=9004): Read timed out.",0,59.56268577710819
411,2026-09-21T07:59:50.919+00:00,2026-09-21T08:04:51.027+00:00,2026-09-21T08:04:51.027+00:00,False,1,0.0,,0.0,300107.919017,300107.919017,300107.919017,300107.919017,300107.919017,300107.919017,nan,300107.919017,nan,nan,0.0,56,64,,True,False,"HTTPConnectionPool(host='gpu06', port=9004): Read timed out.",0,59.56268577710819
412,2026-09-21T07:59:51.220+00:00,2026-09-21T08:04:51.326+00:00,2026-09-21T08:04:51.326+00:00,False,1,0.0,,0.0,300106.392473,300106.392473,300106.392473,300106.392473,300106.392473,300106.392473,nan,300106.392473,nan,nan,0.0,56,64,,True,False,"HTTPConnectionPool(host='gpu06', port=9004): Read timed out.",0,59.56268577710819
413,2026-09-21T07:59:51.523+00:00,2026-09-21T08:04:51.565+00:00,2026-09-21T08:04:51.565+00:00,False,1,0.0,,0.0,300041.909842,300041.909842,300041.909842,300041.909842,300041.909842,300041.909842,nan,300041.909842,nan,nan,0.0,56,64,,True,False,TTFT timeout: 300.0s exceeded (TTFT: 300.016s),0,59.56268577710819
414,2026-09-21T07:59:51.712+00:00,2026-09-21T08:04:51.769+00:00,2026-09-21T08:04:51.769+00:00,False,1,0.0,,0.0,300057.035293,300057.035293,300057.035293,300057.035293,300057.035293,300057.035293,nan,300057.035293,nan,nan,0.0,56,64,,True,False,"HTTPConnectionPool(host='gpu06', port=9004): Read timed out.",0,59.56268577710819
415,2026-09-21T07:59:52.029+00:00,2026-09-21T08:04:52.094+00:00,2026-09-21T08:04:52.094+00:00,False,1,0.0,,0.0,300065.110225,300065.110225,300065.110225,300065.110225,300065.110225,300065.110225,nan,300065.110225,nan,nan,0.0,56,64,,True,False,"HTTPConnectionPool(host='gpu06', port=9004): Read timed out.",0,59.56268577710819
416,2026-09-21T07:59:52.344+00:00,2026-09-21T08:04:52.356+00:00,2026-09-21T08:04:52.356+00:00,False,1,0.0,,0.0,300012.011251,300012.011251,300012.011251,300012.011251,300012.011251,300012.011251,nan,300012.011251,nan,nan,0.0,56,64,,True,False,"HTTPConnectionPool(host='gpu06', port=9004): Read timed out.",0,59.56268577710819
417,2026-09-21T07:59:52.569+00:00,2026-09-21T08:04:52.674+00:00,2026-09-21T08:04:52.674+00:00,False,1,0.0,,0.0,300104.905102,300104.905102,300104.905102,300104.905102,300104.905102,300104.905102,nan,300104.905102,nan,nan,0.0,56,64,,True,False,"HTTPConnectionPool(host='gpu06', port=9004): Read timed out.",0,59.56268577710819
419,2026-09-21T07:59:54.261+00:00,2026-09-21T08:04:53.198+00:00,2026-09-21T08:04:54.566+00:00,False,25,24.0,,24.0,298937.370641,300304.901137,300304.900977,12012.19603908,0.02525,298937.370641,59776.0803012687,92.12784619999998,56.980437333333334,16.787951460942217,0.07991877558152514,56,64,,True,False,Request timeout: 300.0s exceeded,48,59.56268577710819
418,2026-09-21T07:59:54.220+00:00,2026-09-21T08:04:53.296+00:00,2026-09-21T08:04:54.566+00:00,False,24,23.0,,23.0,299076.391239,300345.814343,300345.814261,12514.408927541668,0.02554,299076.391239,61037.44844227201,75.42622765,55.19230886956522,15.172166108895206,0.07657839364371367,56,64,,True,False,Request timeout: 300.0s exceeded,69,59.56268577710819
421,2026-09-21T07:59:54.619+00:00,2026-09-21T08:04:54.810+00:00,2026-09-21T08:04:54.810+00:00,False,1,0.0,,0.0,300190.937731,300190.937731,300190.937731,300190.937731,300190.937731,300190.937731,nan,300190.937731,nan,nan,0.0,56,64,,True,False,"HTTPConnectionPool(host='gpu06', port=9004): Read timed out.",0,59.56268577710819
420,2026-09-21T07:59:54.379+00:00,2026-09-21T08:04:55.184+00:00,2026-09-21T08:04:55.184+00:00,False,1,0.0,,0.0,300804.889799,300804.889799,300804.889799,300804.889799,300804.889799,300804.889799,nan,300804.889799,nan,nan,0.0,56,64,,True,False,"HTTPConnectionPool(host='gpu06', port=9004): Read timed out.",0,59.56268577710819
422,2026-09-21T07:59:54.749+00:00,2026-09-21T08:04:55.319+00:00,2026-09-21T08:04:55.319+00:00,False,1,0.0,,0.0,300570.569338,300570.569338,300570.569338,300570.569338,300570.569338,300570.569338,nan,300570.569338,nan,nan,0.0,56,64,,True,False,"HTTPConnectionPool(host='gpu06', port=9004): Read timed out.",0,59.56268577710819
424,2026-09-21T07:59:55.027+00:00,2026-09-21T08:04:55.412+00:00,2026-09-21T08:04:55.412+00:00,False,1,0.0,,0.0,300385.600829,300385.600829,300385.600829,300385.600829,300385.600829,300385.600829,nan,300385.600829,nan,nan,0.0,56,64,,True,False,"HTTPConnectionPool(host='gpu06', port=9004): Read timed out.",0,59.56268577710819
426,2026-09-21T07:59:55.246+00:00,2026-09-21T08:04:55.437+00:00,2026-09-21T08:04:55.437+00:00,False,1,0.0,,0.0,300191.281408,300191.281408,300191.281408,300191.281408,300191.281408,300191.281408,nan,300191.281408,nan,nan,0.0,56,64,,True,False,"HTTPConnectionPool(host='gpu06', port=9004): Read timed out.",0,59.56268577710819
423,2026-09-21T07:59:54.847+00:00,2026-09-21T08:04:55.505+00:00,2026-09-21T08:04:55.505+00:00,False,1,0.0,,0.0,300657.635359,300657.635359,300657.635359,300657.635359,300657.635359,300657.635359,nan,300657.635359,nan,nan,0.0,56,64,,True,False,"HTTPConnectionPool(host='gpu06', port=9004): Read timed out.",0,59.56268577710819
425,2026-09-21T07:59:55.145+00:00,2026-09-21T08:04:55.536+00:00,2026-09-21T08:04:55.536+00:00,False,1,0.0,,0.0,300391.242861,300391.242861,300391.242861,300391.242861,300391.242861,300391.242861,nan,300391.242861,nan,nan,0.0,56,64,,True,False,"HTTPConnectionPool(host='gpu06', port=9004): Read timed out.",0,59.56268577710819
427,2026-09-21T07:59:55.332+00:00,2026-09-21T08:04:55.556+00:00,2026-09-21T08:04:55.556+00:00,False,1,0.0,,0.0,300224.525653,300224.525653,300224.525653,300224.525653,300224.525653,300224.525653,nan,300224.525653,nan,nan,0.0,56,64,,True,False,"HTTPConnectionPool(host='gpu06', port=9004): Read timed out.",0,59.56268577710819
428,2026-09-21T07:59:55.403+00:00,2026-09-21T08:04:55.645+00:00,2026-09-21T08:04:55.645+00:00,False,1,0.0,,0.0,300242.47869099997,300242.47869099997,300242.47869099997,300242.47869099997,300242.47869099997,300242.47869099997,nan,300242.47869099997,nan,nan,0.0,56,64,,True,False,"HTTPConnectionPool(host='gpu06', port=9004): Read timed out.",0,59.56268577710819
429,2026-09-21T07:59:55.534+00:00,2026-09-21T08:04:55.717+00:00,2026-09-21T08:04:55.717+00:00,False,1,0.0,,0.0,300183.110736,300183.110736,300183.110736,300183.110736,300183.110736,300183.110736,nan,300183.110736,nan,nan,0.0,56,64,,True,False,"HTTPConnectionPool(host='gpu06', port=9004): Read timed out.",0,59.56268577710819
430,2026-09-21T07:59:55.819+00:00,2026-09-21T08:04:55.933+00:00,2026-09-21T08:04:55.933+00:00,False,1,0.0,,0.0,300114.480967,300114.480967,300114.480967,300114.480967,300114.480967,300114.480967,nan,300114.480967,nan,nan,0.0,56,64,,True,False,"HTTPConnectionPool(host='gpu06', port=9004): Read timed out.",0,59.56268577710819
431,2026-09-21T07:59:56.121+00:00,2026-09-21T08:04:56.229+00:00,2026-09-21T08:04:56.229+00:00,False,1,0.0,,0.0,300108.281183,300108.281183,300108.281183,300108.281183,300108.281183,300108.281183,nan,300108.281183,nan,nan,0.0,56,64,,True,False,"HTTPConnectionPool(host='gpu06', port=9004): Read timed out.",0,59.56268577710819
432,2026-09-21T07:59:56.444+00:00,2026-09-21T08:04:56.549+00:00,2026-09-21T08:04:56.549+00:00,False,1,0.0,,0.0,300105.210264,300105.210264,300105.210264,300105.210264,300105.210264,300105.210264,nan,300105.210264,nan,nan,0.0,56,64,,True,False,"HTTPConnectionPool(host='gpu06', port=9004): Read timed out.",0,59.56268577710819
433,2026-09-21T07:59:56.637+00:00,2026-09-21T08:04:56.742+00:00,2026-09-21T08:04:56.742+00:00,False,1,0.0,,0.0,300104.960515,300104.960515,300104.960515,300104.960515,300104.960515,300104.960515,nan,300104.960515,nan,nan,0.0,56,64,,True,False,"HTTPConnectionPool(host='gpu06', port=9004): Read timed out.",0,59.56268577710819
434,2026-09-21T07:59:56.856+00:00,2026-09-21T08:04:56.917+00:00,2026-09-21T08:04:56.917+00:00,False,1,0.0,,0.0,300060.475055,300060.475055,300060.475055,300060.475055,300060.475055,300060.475055,nan,300060.475055,nan,nan,0.0,56,64,,True,False,TTFT timeout: 300.0s exceeded (TTFT: 300.055s),0,59.56268577710819
435,2026-09-21T07:59:57.178+00:00,2026-09-21T08:04:57.189+00:00,2026-09-21T08:04:57.189+00:00,False,1,0.0,,0.0,300011.163941,300011.163941,300011.163941,300011.163941,300011.163941,300011.163941,nan,300011.163941,nan,nan,0.0,56,64,,True,False,TTFT timeout: 300.0s exceeded (TTFT: 300.009s),0,59.56268577710819
436,2026-09-21T07:59:57.408+00:00,2026-09-21T08:04:57.357+00:00,2026-09-21T08:04:57.446+00:00,False,3,2.0,,2.0,299949.16740100004,300037.86858500005,300037.86862500006,100012.62287500002,0.0409,299949.16740100004,173150.1323738982,269963.1166933,44.350592,62.663282518160884,0.006665825248766572,56,64,,True,False,Request timeout: 300.0s exceeded,10,59.56268577710819
437,2026-09-21T07:59:57.689+00:00,2026-09-21T08:04:57.790+00:00,2026-09-21T08:04:57.790+00:00,False,1,0.0,,0.0,300101.444079,300101.444079,300101.444079,300101.444079,300101.444079,300101.444079,nan,300101.444079,nan,nan,0.0,56,64,,True,False,"HTTPConnectionPool(host='gpu06', port=9004): Read timed out.",0,59.56268577710819
438,2026-09-21T07:59:57.989+00:00,2026-09-21T08:04:58.111+00:00,2026-09-21T08:04:58.111+00:00,False,1,0.0,,0.0,300122.161782,300122.161782,300122.161782,300122.161782,300122.161782,300122.161782,nan,300122.161782,nan,nan,0.0,56,64,,True,False,"HTTPConnectionPool(host='gpu06', port=9004): Read timed out.",0,59.56268577710819
439,2026-09-21T07:59:58.235+00:00,2026-09-21T08:04:58.263+00:00,2026-09-21T08:04:58.263+00:00,False,1,0.0,,0.0,300028.674522,300028.674522,300028.674522,300028.674522,300028.674522,300028.674522,nan,300028.674522,nan,nan,0.0,56,64,,True,False,"HTTPConnectionPool(host='gpu06', port=9004): Read timed out.",0,59.56268577710819
440,2026-09-21T07:59:58.466+00:00,2026-09-21T08:04:58.546+00:00,2026-09-21T08:04:58.546+00:00,False,1,0.0,,0.0,300080.59458499996,300080.59458499996,300080.59458499996,300080.59458499996,300080.59458499996,300080.59458499996,nan,300080.59458499996,nan,nan,0.0,56,64,,True,False,"HTTPConnectionPool(host='gpu06', port=9004): Read timed out.",0,59.56268577710819
441,2026-09-21T07:59:58.673+00:00,2026-09-21T08:04:58.780+00:00,2026-09-21T08:04:58.780+00:00,False,1,0.0,,0.0,300107.46644199995,300107.46644199995,300107.46644199995,300107.46644199995,300107.46644199995,300107.46644199995,nan,300107.46644199995,nan,nan,0.0,56,64,,True,False,"HTTPConnectionPool(host='gpu06', port=9004): Read timed out.",0,59.56268577710819
442,2026-09-21T07:59:59.013+00:00,2026-09-21T08:04:59.069+00:00,2026-09-21T08:04:59.069+00:00,False,1,0.0,,0.0,300056.402524,300056.402524,300056.402524,300056.402524,300056.402524,300056.402524,nan,300056.402524,nan,nan,0.0,56,64,,True,False,TTFT timeout: 300.0s exceeded (TTFT: 300.037s),0,59.56268577710819
443,2026-09-21T07:59:59.313+00:00,2026-09-21T08:04:59.374+00:00,2026-09-21T08:04:59.374+00:00,False,1,0.0,,0.0,300061.343239,300061.343239,300061.343239,300061.343239,300061.343239,300061.343239,nan,300061.343239,nan,nan,0.0,56,64,,True,False,TTFT timeout: 300.0s exceeded (TTFT: 300.056s),0,59.56268577710819
444,2026-09-21T07:59:59.556+00:00,2026-09-21T08:04:59.634+00:00,2026-09-21T08:04:59.634+00:00,False,1,0.0,,0.0,300078.335002,300078.335002,300078.335002,300078.335002,300078.335002,300078.335002,nan,300078.335002,nan,nan,0.0,56,64,,True,False,"HTTPConnectionPool(host='gpu06', port=9004): Read timed out.",0,59.56268577710819
445,2026-09-21T07:59:59.812+00:00,2026-09-21T08:04:59.917+00:00,2026-09-21T08:04:59.917+00:00,False,1,0.0,,0.0,300104.85725199996,300104.85725199996,300104.85725199996,300104.85725199996,300104.85725199996,300104.85725199996,nan,300104.85725199996,nan,nan,0.0,56,64,,True,False,"HTTPConnectionPool(host='gpu06', port=9004): Read timed out.",0,59.56268577710819
446,2026-09-21T08:00:00.025+00:00,2026-09-21T08:05:00.137+00:00,2026-09-21T08:05:00.137+00:00,False,1,0.0,,0.0,300111.60889,300111.60889,300111.60889,300111.60889,300111.60889,300111.60889,nan,300111.60889,nan,nan,0.0,56,64,,True,False,"HTTPConnectionPool(host='gpu06', port=9004): Read timed out.",0,59.56268577710819
447,2026-09-21T08:00:00.342+00:00,2026-09-21T08:05:00.446+00:00,2026-09-21T08:05:00.446+00:00,False,1,0.0,,0.0,300104.591553,300104.591553,300104.591553,300104.591553,300104.591553,300104.591553,nan,300104.591553,nan,nan,0.0,56,64,,True,False,"HTTPConnectionPool(host='gpu06', port=9004): Read timed out.",0,59.56268577710819
448,2026-09-21T08:00:00.628+00:00,2026-09-21T08:05:00.654+00:00,2026-09-21T08:05:00.654+00:00,False,1,0.0,,0.0,300026.251505,300026.251505,300026.251505,300026.251505,300026.251505,300026.251505,nan,300026.251505,nan,nan,0.0,56,64,,True,False,"HTTPConnectionPool(host='gpu06', port=9004): Read timed out.",0,59.56268577710819
449,2026-09-21T08:00:00.811+00:00,2026-09-21T08:05:00.916+00:00,2026-09-21T08:05:00.916+00:00,False,1,0.0,,0.0,300105.011893,300105.011893,300105.011893,300105.011893,300105.011893,300105.011893,nan,300105.011893,nan,nan,0.0,56,64,,True,False,"HTTPConnectionPool(host='gpu06', port=9004): Read timed out.",0,59.56268577710819
450,2026-09-21T08:00:01.026+00:00,2026-09-21T08:05:01.169+00:00,2026-09-21T08:05:02.911+00:00,False,28,27.0,,27.0,300143.069019,301885.05071499996,301885.050582,10781.608949357142,0.02171,300143.069019,56709.52658467401,179.47504944999997,64.51784059259259,35.7563125994118,0.08943801601322034,56,64,,True,False,Request timeout: 300.0s exceeded,117,59.56268577710819
451,2026-09-21T08:00:01.277+00:00,2026-09-21T08:05:01.385+00:00,2026-09-21T08:05:02.970+00:00,False,28,27.0,,27.0,300107.309303,301692.210423,301692.210296,10774.721796285714,0.0339,300107.309303,56703.860283126436,105.97340735000002,58.700041481481485,18.93349028142292,0.08949518438723869,56,64,,True,False,Request timeout: 300.0s exceeded,216,59.56268577710819
452,2026-09-21T08:00:01.537+00:00,2026-09-21T08:05:01.490+00:00,2026-09-21T08:05:03.022+00:00,False,28,27.0,,27.0,299953.70548400003,301485.78894000006,301485.78887000005,10767.3496025,0.033460000000000004,299953.70548400003,56675.200812285555,95.67843304999998,56.7438317037037,16.374378160574945,0.08955646000738489,56,64,,True,False,Request timeout: 300.0s exceeded,81,59.56268577710819
453,2026-09-21T08:00:01.858+00:00,2026-09-21T08:05:02.230+00:00,2026-09-21T08:05:03.069+00:00,False,17,16.0,,16.0,300372.966371,301211.26755499997,301211.267399,17718.309847,0.0356,300372.966371,72838.43938438423,60131.516727,52.393824,15.807436215034695,0.053118862816373444,56,64,,True,False,Request timeout: 300.0s exceeded,34,59.56268577710819
454,2026-09-21T08:00:02.141+00:00,2026-09-21T08:05:03.314+00:00,2026-09-21T08:05:03.314+00:00,False,1,0.0,,0.0,301172.992539,301172.992539,301172.992539,301172.992539,301172.992539,301172.992539,nan,301172.992539,nan,nan,0.0,56,64,,True,False,"HTTPConnectionPool(host='gpu06', port=9004): Read timed out.",0,59.56268577710819
0,2026-09-21T07:58:02.312+00:00,2026-09-21T07:58:02.578+00:00,2026-09-21T07:58:03.670+00:00,True,23,23.0,,23.0,266.161008,1358.101872,1358.101751,59.047902217391304,0.01746,266.161008,71.45546653358592,229.0840387,49.633675636363634,56.687860387797855,16.935401146402366,57,64,,False,True,,23,59.56268577710819
2,2026-09-21T07:58:03.115+00:00,2026-09-21T07:58:03.491+00:00,2026-09-21T07:58:05.725+00:00,True,38,38.0,,38.0,375.567585,2609.963745,2609.963786,68.68325752631578,41.606943,375.567585,51.99240755394429,76.89229915000001,60.3890854054054,9.56766353229684,14.559589217588922,57,64,,False,True,,152,59.56268577710819
1,2026-09-21T07:58:02.666+00:00,2026-09-21T07:58:05.034+00:00,2026-09-21T07:58:08.565+00:00,True,57,57.0,,57.0,2367.806459,5899.087867,5899.087958,103.49277119298246,43.239283,2367.806459,305.49408397736113,81.5324314,63.05859657142857,11.770116557249171,9.662510761852328,57,64,,False,True,,121,59.56268577710819
4,2026-09-21T07:58:03.836+00:00,2026-09-21T07:58:06.477+00:00,2026-09-21T07:58:12.619+00:00,True,99,99.0,,99.0,2641.495668,8783.462516,8783.462419,88.72184261616161,41.385214,2641.495668,259.3846592561148,78.4381871,62.67313110204082,10.318970196251623,11.271181475376151,57,64,,False,True,,99,59.56268577710819
3,2026-09-21T07:58:03.426+00:00,2026-09-21T07:58:07.534+00:00,2026-09-21T07:58:12.694+00:00,True,82,82.0,,82.0,4107.742829,9267.624045,9267.624195,113.01980725609756,44.656074999999994,4107.742829,446.7101525372289,80.11501245000001,63.7022372345679,10.443147842801817,8.848006738495185,57,64,,False,True,,738,59.56268577710819
5,2026-09-21T07:58:04.248+00:00,2026-09-21T07:58:11.011+00:00,2026-09-21T07:58:11.347+00:00,True,6,6.0,,6.0,6763.342925,7099.958093,7099.95817,1183.3263616666666,56.042595,6763.342925,2733.650873264638,5091.548113,67.32303359999999,9.133342441253191,0.8450754105035532,57,64,,False,True,,18,59.56268577710819
6,2026-09-21T07:58:04.634+00:00,2026-09-21T07:58:13.225+00:00,2026-09-21T07:58:14.147+00:00,True,15,15.0,,15.0,8590.888899,9513.214915,9513.214995,634.214333,42.420074,8590.888899,2201.180375166582,2638.071959,65.88042971428571,12.442510121556287,1.576754034679558,57,64,,False,True,,75,59.56268577710819
7,2026-09-21T07:58:04.997+00:00,2026-09-21T07:58:15.145+00:00,2026-09-21T07:58:18.863+00:00,True,61,61.0,,61.0,10148.578184,13865.913736,13865.9139,227.31006393442624,38.941084000000004,10148.578184,1291.501921214611,80.351619,61.95559253333333,10.532931118716713,4.399277332991479,57,64,,False,True,,793,59.56268577710819
8,2026-09-21T07:58:05.287+00:00,2026-09-21T07:58:17.176+00:00,2026-09-21T07:58:17.888+00:00,True,13,13.0,,13.0,11889.222155,12601.398282999999,12601.398208999999,969.3383237692308,47.885684999999995,11889.222155,3281.027839607594,4798.838040799999,59.34801066666667,8.907327333132562,1.0316315465988992,57,64,,False,True,,78,59.56268577710819
9,2026-09-21T07:58:05.654+00:00,2026-09-21T07:58:19.122+00:00,2026-09-21T07:58:19.268+00:00,True,3,3.0,,3.0,13468.056203,13614.217611,13614.217538,4538.072512666667,72.283847,13468.056203,7733.5927722590495,12128.638331499998,73.080704,1.1268453664988822,0.22035787040571933,57,64,,False,True,,14,59.56268577710819
10,2026-09-21T07:58:05.987+00:00,2026-09-21T07:58:20.918+00:00,2026-09-21T07:58:22.385+00:00,True,24,24.0,,24.0,14930.823567,16398.095759,16398.095759,683.2539899583334,26.906463,14930.823567,3034.7425220278565,87.11179335000001,63.79444313043478,12.057002734014993,1.4635845742532476,57,64,,False,True,,24,59.56268577710819
11,2026-09-21T07:58:06.415+00:00,2026-09-21T07:58:23.321+00:00,2026-09-21T07:58:26.405+00:00,True,57,57.0,,57.0,16905.740028,19989.558524,19989.558518,350.6940090877193,0.0,16905.740028,2232.6397425204323,76.693118,55.06818742857143,56.960018575392084,2.8514886875347583,57,64,,False,True,,76,59.56268577710819
12,2026-09-21T07:58:06.880+00:00,2026-09-21T07:58:25.319+00:00,2026-09-21T07:58:31.121+00:00,True,94,94.0,,94.0,18439.225424,24240.754,24240.754066,257.8803624042553,0.0,18439.225424,1896.3623556889472,78.43733,62.38202769892473,59.88723713254381,3.877767168463489,57,64,,False,True,,752,59.56268577710819
13,2026-09-21T07:58:07.190+00:00,2026-09-21T07:58:27.149+00:00,2026-09-21T07:58:31.839+00:00,True,75,75.0,,75.0,19959.132012,24649.021036,24649.020869,328.65361158666667,0.0,19959.132012,2297.8774889378874,78.8447003,63.376878702702705,48.91133318910234,3.0427171890706,57,64,,False,True,,150,59.56268577710819
14,2026-09-21T07:58:07.651+00:00,2026-09-21T07:58:29.668+00:00,2026-09-21T07:58:33.395+00:00,True,53,53.0,,53.0,22016.685026,25743.876834,25743.876883,485.7335260943396,0.0,22016.685026,3015.879056285256,229.87742020000002,71.67676553846154,96.04622966064625,2.058741981316613,57,64,,False,True,,159,59.56268577710819
15,2026-09-21T07:58:07.919+00:00,2026-09-21T07:58:30.997+00:00,2026-09-21T07:58:33.361+00:00,True,30,30.0,,30.0,23077.908427000002,25441.455307000004,25441.455272000003,848.0485090666667,48.866975,23077.908427000002,4199.580901724916,352.072135,81.50161655172414,94.68196567694642,1.179177827604294,57,64,,False,True,,193,59.56268577710819
16,2026-09-21T07:58:08.222+00:00,2026-09-21T07:58:32.628+00:00,2026-09-21T07:58:38.158+00:00,True,87,87.0,,87.0,24405.512813999998,29936.018541999998,29936.018697999996,344.0921689425287,0.0,24405.512813999998,2611.3301845963347,76.768408,64.30820613953489,94.17977511382256,2.9061980930409863,57,64,,False,True,,260,59.56268577710819
17,2026-09-21T07:58:08.611+00:00,2026-09-21T07:58:34.395+00:00,2026-09-21T07:58:36.106+00:00,True,28,28.0,,28.0,25783.887456999997,27494.341216999997,27494.341114999996,981.9407541071428,0.0,25783.887456999997,4861.8139613146495,397.53217864999993,63.35013925925926,104.87151768009262,1.0183913765748767,57,64,,False,True,,56,59.56268577710819
18,2026-09-21T07:58:09.062+00:00,2026-09-21T07:58:36.765+00:00,2026-09-21T07:58:37.072+00:00,True,6,6.0,,6.0,27703.029196,28009.896908,28009.896878,4668.316146333334,49.211885,27703.029196,11284.660408239482,20794.097338749998,61.3735424,7.0055389814458096,0.21420999940511457,57,64,,False,True,,36,59.56268577710819
19,2026-09-21T07:58:09.425+00:00,2026-09-21T07:58:38.291+00:00,2026-09-21T07:58:39.240+00:00,True,16,16.0,,16.0,28866.693807,29815.196335,29815.196345,1863.4497715625,50.709175,28866.693807,7200.869666729211,7272.53057775,63.233501866666664,8.416343616941486,0.5366390957223928,57,64,,False,True,,64,59.56268577710819
20,2026-09-21T07:58:09.717+00:00,2026-09-21T07:58:40.546+00:00,2026-09-21T07:58:45.566+00:00,True,86,86.0,,86.0,30828.714501,35849.080837,35849.080812,416.8497768837209,0.0,30828.714501,3319.0117070007204,76.1220605,59.063133364705884,83.36775189911764,2.398945746782969,57,64,,False,True,,86,59.56268577710819
21,2026-09-21T07:58:10.106+00:00,2026-09-21T07:58:42.376+00:00,2026-09-21T07:58:43.521+00:00,True,10,10.0,,10.0,32270.200021,33415.878357,33415.87843,3341.5878430000002,0.02203,32270.200021,10166.999846302955,18092.0618686,127.2975928888889,240.1599787137194,0.29925892993637815,57,64,,False,True,,25,59.56268577710819
22,2026-09-21T07:58:10.481+00:00,2026-09-21T07:58:44.087+00:00,2026-09-21T07:58:49.146+00:00,True,80,80.0,,80.0,33606.76485,38665.105202,38665.105145,483.31381431249997,0.0,33606.76485,3751.0406824980423,81.43823849999998,64.02962470886077,80.30729287882681,2.06904907104357,57,64,,False,True,,630,59.56268577710819
23,2026-09-21T07:58:10.898+00:00,2026-09-21T07:58:46.526+00:00,2026-09-21T07:58:52.396+00:00,True,92,92.0,,92.0,35627.943709,41497.583901,41497.583868,451.0606942173913,42.090224,35627.943709,3707.7567888881917,77.84755,64.50154057142858,9.340562251725899,2.21699654176211,57,64,,False,True,,368,59.56268577710819
24,2026-09-21T07:58:11.204+00:00,2026-09-21T07:58:47.825+00:00,2026-09-21T07:58:48.677+00:00,True,14,14.0,,14.0,36620.579523,37472.438723,37472.438561,2676.6027543571427,41.621434,36620.579523,9769.754320721438,12868.22868975,65.52763076923077,11.032889862937076,0.37360792297211814,57,64,,False,True,,38,59.56268577710819
25,2026-09-21T07:58:11.538+00:00,2026-09-21T07:58:49.269+00:00,2026-09-21T07:58:54.216+00:00,True,79,79.0,,79.0,37730.171568000005,42677.391536,42677.39157100001,540.2201464683545,0.0,37730.171568000005,4239.629884658704,80.9940012,63.42589702564102,123.97945813526567,1.8510972005718882,57,64,,False,True,,996,59.56268577710819
26,2026-09-21T07:58:11.862+00:00,2026-09-21T07:58:51.154+00:00,2026-09-21T07:58:56.608+00:00,True,87,87.0,,87.0,39292.696949,44746.491253,44746.491065999995,514.3274835172414,0.0,39292.696949,4207.4631713171175,80.39925799999999,63.4162128372093,118.25411648514736,1.944286525352245,57,64,,False,True,,783,59.56268577710819
27,2026-09-21T07:58:12.141+00:00,2026-09-21T07:58:53.747+00:00,2026-09-21T07:58:56.331+00:00,True,60,60.0,,60.0,41606.47077,44189.978738,44189.978548,736.4996424666666,0.0,41606.47077,5365.811677828147,79.23905795,43.788270644067794,31.766626465154175,1.3577739051592843,57,64,,False,True,,137,59.56268577710819
28,2026-09-21T07:58:12.404+00:00,2026-09-21T07:58:53.856+00:00,2026-09-21T07:58:56.012+00:00,True,37,37.0,,37.0,41452.708954,43608.600154,43608.600168000004,1178.6108153513514,0.05095,41452.708954,6804.955587664761,80.7525862,59.885866666666665,15.602716526204246,0.848456494116704,57,64,,False,True,,111,59.56268577710819
29,2026-09-21T07:58:12.762+00:00,2026-09-21T07:58:56.018+00:00,2026-09-21T07:58:56.405+00:00,True,7,7.0,,7.0,43256.363751000004,43642.727399,43642.727352,6234.675336,49.295405,43256.363751000004,16325.032412528946,30302.105660100005,64.39394133333333,9.497453012655944,0.1603932755165158,57,64,,False,True,,21,59.56268577710819
30,2026-09-21T07:58:13.248+00:00,2026-09-21T07:58:58.491+00:00,2026-09-21T07:58:58.559+00:00,True,2,2.0,,2.0,45243.183097,45310.611449,45310.611314,22655.305657,67.428217,45243.183097,31944.082620869267,42984.395353,67.428352,nan,0.04413977070804105,57,64,,False,True,,10,59.56268577710819
31,2026-09-21T07:58:13.692+00:00,2026-09-21T07:59:01.274+00:00,2026-09-21T07:59:04.142+00:00,True,56,56.0,,56.0,47581.56276,50449.638024,50449.638078,900.88639425,0.0,47581.56276,6351.427252663533,80.22126825000001,52.14682298181818,23.279643296354166,1.1100178751205225,57,64,,False,True,,168,59.56268577710819
32,2026-09-21T07:58:14.032+00:00,2026-09-21T07:59:02.648+00:00,2026-09-21T07:59:05.658+00:00,True,36,36.0,,36.0,48616.710258,51626.056562,51626.05668,1434.05713,39.701724,48616.710258,8089.818941524873,302.02311875,85.98132297142857,150.72556387072615,0.6973222902811882,57,64,,False,True,,81,59.56268577710819
33,2026-09-21T07:58:14.319+00:00,2026-09-21T07:59:04.272+00:00,2026-09-21T07:59:06.566+00:00,True,38,38.0,,38.0,49952.401676,52246.462732,52246.462525,1374.9069085526316,0.015710000000000002,49952.401676,8094.559715289435,319.81836284999997,62.001650162162164,145.25283321625457,0.7273219661763953,57,64,,False,True,,218,59.56268577710819
34,2026-09-21T07:58:14.646+00:00,2026-09-21T07:59:06.014+00:00,2026-09-21T07:59:12.182+00:00,True,99,99.0,,99.0,51367.89105300001,57536.107885000005,57536.10782800001,581.1728063434344,0.0,51367.89105300001,5157.406711996097,82.93463299999999,62.94098808163265,105.35494834449699,1.720658620111665,57,64,,False,True,,594,59.56268577710819
35,2026-09-21T07:58:15.038+00:00,2026-09-21T07:59:08.173+00:00,2026-09-21T07:59:13.125+00:00,True,80,80.0,,80.0,53134.072476,58086.191516,58086.19152,726.077394,0.0,53134.072476,5934.6966359491835,88.09097655,62.68505113924051,116.81113381220874,1.3772636475566449,57,64,,False,True,,546,59.56268577710819
36,2026-09-21T07:58:15.451+00:00,2026-09-21T07:59:10.341+00:00,2026-09-21T07:59:13.834+00:00,True,59,59.0,,59.0,54889.995969999996,58383.156674,58383.156729999995,989.5450293220339,0.0,54889.995969999996,7138.2569254741475,83.94099190000001,60.22690868965517,20.525898248790483,1.0105654329286156,57,64,,False,True,,413,59.56268577710819
37,2026-09-21T07:58:15.783+00:00,2026-09-21T07:59:12.056+00:00,2026-09-21T07:59:14.961+00:00,True,45,45.0,,45.0,56273.429709,59178.701004999995,59178.700824,1315.0822405333333,44.837384,56273.429709,8378.912231064842,83.567701,66.0288930909091,11.435523147084012,0.7604087152267496,57,64,,False,True,,45,59.56268577710819
38,2026-09-21T07:58:16.103+00:00,2026-09-21T07:59:13.976+00:00,2026-09-21T07:59:16.965+00:00,True,48,48.0,,48.0,57873.374764,60862.59486,60862.594757,1267.9707241041667,41.364513,57873.374764,8344.128494436036,81.8504695,63.600427574468085,10.364744113392536,0.788661740604597,57,64,,False,True,,48,59.56268577710819
39,2026-09-21T07:58:16.409+00:00,2026-09-21T07:59:15.444+00:00,2026-09-21T07:59:21.320+00:00,True,79,79.0,,79.0,59035.243962,64910.822074,64910.822038,821.6559751645569,0.0,59035.243962,6635.89892250508,150.68248430000003,75.32792451282052,179.24054014184358,1.2170543751539298,57,64,,False,True,,90,59.56268577710819
40,2026-09-21T07:58:16.687+00:00,2026-09-21T07:59:16.785+00:00,2026-09-21T07:59:19.352+00:00,True,37,37.0,,37.0,60098.30004,62665.232520000005,62665.232496000004,1693.6549323243244,0.01573,60098.30004,9870.07241255676,292.9605516,71.30368,185.50626914420548,0.5904390443008604,57,64,,False,True,,74,59.56268577710819
41,2026-09-21T07:58:17.149+00:00,2026-09-21T07:59:19.478+00:00,2026-09-21T07:59:21.304+00:00,True,25,25.0,,25.0,62328.745679,64154.592719,64154.59289,2566.1837156,0.0,62328.745679,12452.841130040817,993.7354351999999,76.07696,244.86745253662687,0.38968371460950774,57,64,,False,True,,75,59.56268577710819
42,2026-09-21T07:58:17.459+00:00,2026-09-21T07:59:21.313+00:00,2026-09-21T07:59:22.330+00:00,True,22,22.0,,22.0,63853.951259,64870.810395,64870.810378,2948.673199,0.0,63853.951259,13603.414969420146,79.75452150000001,48.42186361904762,29.466729739582842,0.3391355814123709,57,64,,False,True,,157,59.56268577710819
43,2026-09-21T07:58:17.842+00:00,2026-09-21T07:59:22.967+00:00,2026-09-21T07:59:24.815+00:00,True,30,30.0,,30.0,65125.101114,66972.940602,66972.940577,2232.4313525666666,44.351524,65125.101114,11878.53399670908,84.8616705,63.71860303448276,11.152973014838519,0.44794210512990545,57,64,,False,True,,71,59.56268577710819
44,2026-09-21T07:58:18.186+00:00,2026-09-21T07:59:24.962+00:00,2026-09-21T07:59:25.350+00:00,True,7,7.0,,7.0,66776.51500500001,67164.575421,67164.575209,9594.93931557143,58.401985,66776.51500500001,25214.70504235298,46764.1131063,64.676736,3.7644420733349584,0.10422160724046424,57,64,,False,True,,21,59.56268577710819
45,2026-09-21T07:58:18.585+00:00,2026-09-21T07:59:27.143+00:00,2026-09-21T07:59:29.979+00:00,True,45,45.0,,45.0,68558.690514,71394.481618,71394.481744,1586.5440387555557,46.662014000000006,68558.690514,10210.522963676087,78.20374299999999,64.44979781818182,9.599737219188624,0.6303008156957411,57,64,,False,True,,288,59.56268577710819
46,2026-09-21T07:58:18.977+00:00,2026-09-21T07:59:29.164+00:00,2026-09-21T07:59:30.882+00:00,True,28,28.0,,28.0,70187.500342,71905.38399,71905.383863,2568.049423678571,40.923064,70187.500342,13252.17230141171,80.65626185,63.6253202962963,12.377936113245967,0.389400604604156,57,64,,False,True,,56,59.56268577710819
47,2026-09-21T07:58:19.372+00:00,2026-09-21T07:59:31.287+00:00,2026-09-21T07:59:36.743+00:00,True,87,87.0,,87.0,71914.687147,77370.83972300001,77370.839707,889.3199966321839,0.0,71914.687147,7705.722065336675,129.3977497,63.44363460465116,195.84413735856177,1.12445464352557,57,64,,False,True,,521,59.56268577710819
48,2026-09-21T07:58:19.856+00:00,2026-09-21T07:59:33.569+00:00,2026-09-21T07:59:39.496+00:00,True,94,94.0,,94.0,73712.87270800001,79640.333572,79640.33366900001,847.2375922234044,0.01511,73712.87270800001,7597.450841689514,158.5604797,63.73613832258064,131.297971882797,1.1803064575943536,57,64,,False,True,,94,59.56268577710819
49,2026-09-21T07:58:20.254+00:00,2026-09-21T07:59:35.959+00:00,2026-09-21T07:59:37.126+00:00,True,20,20.0,,20.0,75705.022127,76871.925679,76871.925789,3843.5962894500003,28.518823,75705.022127,16914.429293369034,3858.7930630500005,61.41597642105263,13.027788447280557,0.2601730062482828,57,64,,False,True,,122,59.56268577710819
50,2026-09-21T07:58:20.680+00:00,2026-09-21T07:59:38.233+00:00,2026-09-21T07:59:44.379+00:00,True,97,97.0,,97.0,77553.406753,83699.32931300001,83699.329423,862.8796847731959,41.501273,77553.406753,7867.861898689718,79.42816700000002,64.02002666666667,10.34768231231917,1.1589101226517733,57,64,,False,True,,196,59.56268577710819
51,2026-09-21T07:58:21.157+00:00,2026-09-21T07:59:40.710+00:00,2026-09-21T07:59:40.890+00:00,True,4,4.0,,4.0,79552.65437100001,79732.65795500002,79732.65808700002,19933.164521750004,50.329603999999996,79552.65437100001,39746.32756325551,67630.52894640001,60.00119466666666,10.903789762496585,0.05016764902353491,57,64,,False,True,,11,59.56268577710819
52,2026-09-21T07:58:21.480+00:00,2026-09-21T07:59:42.242+00:00,2026-09-21T07:59:47.044+00:00,True,75,75.0,,75.0,80762.104202,85563.760778,85563.760755,1140.8501434,0.0,80762.104202,9320.192121685339,80.757351,64.88725102702702,198.24556020462614,0.8765393119476331,57,64,,False,True,,342,59.56268577710819
53,2026-09-21T07:58:21.787+00:00,2026-09-21T07:59:43.688+00:00,2026-09-21T07:59:47.011+00:00,True,36,36.0,,36.0,81900.22233799999,85223.21932999999,85223.21943,2367.3116508333333,0.0,81900.22233799999,13637.28640985255,500.6556035,94.94277120000001,293.72497823385453,0.4224200902409163,57,64,,False,True,,216,59.56268577710819
54,2026-09-21T07:58:22.181+00:00,2026-09-21T07:59:47.012+00:00,2026-09-21T07:59:51.663+00:00,True,92,92.0,,92.0,84830.62562899999,89481.827677,89481.827698,972.6285619347825,0.0,84830.62562899999,8838.91386361196,76.9809785,51.112110417582414,26.25690923628604,1.028141717579683,57,64,,False,True,,368,59.56268577710819
55,2026-09-21T07:58:22.611+00:00,2026-09-21T07:59:47.917+00:00,2026-09-21T07:59:52.518+00:00,True,74,74.0,,74.0,85306.517684,89906.991028,89906.991188,1214.9593403783786,43.386933,85306.517684,9909.35970672412,77.19045985000001,63.02018279452055,9.407343484427345,0.8230728128467113,57,64,,False,True,,291,59.56268577710819
56,2026-09-21T07:58:23.272+00:00,2026-09-21T07:59:50.780+00:00,2026-09-21T07:59:57.013+00:00,True,98,98.0,,98.0,87507.76335600001,93740.70953200001,93740.709545,956.5378525000001,0.01523,87507.76335600001,8834.462483414616,141.37641415,64.25717707216495,154.34447658873796,1.045436934382772,57,64,,False,True,,587,59.56268577710819
57,2026-09-21T07:58:23.405+00:00,2026-09-21T07:59:52.116+00:00,2026-09-21T07:59:54.894+00:00,True,44,44.0,,44.0,88710.79010099999,91488.90696499999,91488.90710499999,2079.293343295454,0.015349999999999999,88710.79010099999,13365.798324720763,265.13032085,64.60736893023255,227.03039099087312,0.4809326229772605,57,64,,False,True,,104,59.56268577710819
58,2026-09-21T07:58:23.684+00:00,2026-09-21T07:59:54.135+00:00,2026-09-21T07:59:56.736+00:00,True,54,54.0,,54.0,90451.34697,93052.499994,93052.50001799999,1723.1944447777778,0.01644,90451.34697,12302.293366922147,184.3939172,49.078358943396225,50.78096631951255,0.5803175627036555,57,64,,False,True,,165,59.56268577710819
59,2026-09-21T07:58:24.122+00:00,2026-09-21T07:59:55.830+00:00,2026-09-21T08:00:02.899+00:00,True,95,95.0,,95.0,91708.464633,98777.137145,98777.137294,1039.759339936842,0.0,91708.464633,9403.33658612802,79.46938700000001,75.19864374468085,193.10346199649348,0.9617610182460001,57,64,,False,True,,569,59.56268577710819
60,2026-09-21T07:58:24.506+00:00,2026-09-21T07:59:57.611+00:00,2026-09-21T08:00:02.878+00:00,True,72,72.0,,72.0,93104.956549,98372.666245,98372.66639299999,1366.287033236111,0.0,93104.956549,10965.970224527031,79.86062050000001,74.19309430985916,220.688761126818,0.7319106287175534,57,64,,False,True,,288,59.56268577710819
61,2026-09-21T07:58:24.882+00:00,2026-09-21T07:59:59.663+00:00,2026-09-21T08:00:02.907+00:00,True,49,49.0,,49.0,94781.578131,98025.285779,98025.285766,2000.5160360408163,0.0,94781.578131,13533.302901119576,78.309283,67.57724266666668,274.7609384634458,0.4998710242015667,57,64,,False,True,,539,59.56268577710819
62,2026-09-21T07:58:25.181+00:00,2026-09-21T08:00:02.904+00:00,2026-09-21T08:00:06.992+00:00,True,90,90.0,,90.0,97723.482495,101811.070335,101811.070475,1131.2341163888889,0.0,97723.482495,10296.162567379379,77.58037595,45.92795325842697,30.367537492512106,0.8839903136649409,57,64,,False,True,,179,59.56268577710819
63,2026-09-21T07:58:25.578+00:00,2026-09-21T08:00:03.350+00:00,2026-09-21T08:00:06.543+00:00,True,50,50.0,,50.0,97771.766383,100964.70743899999,100964.707404,2019.2941480799998,47.448114000000004,97771.766383,13817.803234442523,78.28509795,65.16206236734695,8.788750821375999,0.49522255120888237,57,64,,False,True,,298,59.56268577710819
64,2026-09-21T07:58:25.979+00:00,2026-09-21T08:00:05.091+00:00,2026-09-21T08:00:06.184+00:00,True,17,17.0,,17.0,99112.481875,100205.780051,100205.779842,5894.457637764705,53.987545,99112.481875,24021.736241603,19887.5962686,68.331136,7.948319854269244,0.16965089230728814,57,64,,False,True,,74,59.56268577710819
65,2026-09-21T07:58:26.344+00:00,2026-09-21T08:00:06.674+00:00,2026-09-21T08:00:12.649+00:00,True,97,97.0,,97.0,100330.12268700001,106305.01369500002,106305.01345200001,1095.927973731959,43.457983,100330.12268700001,10180.665303155985,76.58520659999999,62.238448,9.216193799379882,0.9124687221084694,57,64,,False,True,,97,59.56268577710819
66,2026-09-21T07:58:26.809+00:00,2026-09-21T08:00:09.344+00:00,2026-09-21T08:00:13.206+00:00,True,62,62.0,,62.0,102534.972653,106397.065709,106397.06562200001,1716.0817035806451,41.037922,102534.972653,13013.917325305756,76.73330554999998,63.313000918032785,9.672231044334108,0.5827228372027885,57,64,,True,True,,129,59.56268577710819
67,2026-09-21T07:58:27.176+00:00,2026-09-21T08:00:11.355+00:00,2026-09-21T08:00:15.222+00:00,True,62,62.0,,62.0,104179.429051,108046.317243,108046.317231,1742.682535983871,45.861824,104179.429051,13222.753418994867,76.80267455,63.39160970491803,9.618731015144938,0.5738279802777525,57,64,,True,True,,186,59.56268577710819
68,2026-09-21T07:58:27.532+00:00,2026-09-21T08:00:13.338+00:00,2026-09-21T08:00:13.338+00:00,True,1,1.0,,1.0,105806.113119,105806.113119,105806.113119,105806.113119,105806.113119,105806.113119,nan,105806.113119,nan,nan,0.00945124974844602,57,64,,True,True,,7,59.56268577710819
69,2026-09-21T07:58:27.873+00:00,2026-09-21T08:00:15.332+00:00,2026-09-21T08:00:18.403+00:00,True,49,49.0,,49.0,107459.528959,110529.954815,110529.954649,2255.7133601836736,43.994173,107459.528959,15342.226056228927,77.158184,63.96720533333333,9.611691750103846,0.4433187372781791,57,64,,True,True,,53,59.56268577710819
70,2026-09-21T07:58:28.313+00:00,2026-09-21T08:00:17.231+00:00,2026-09-21T08:00:22.208+00:00,True,79,79.0,,79.0,108917.729466,113894.68921000001,113894.689216,1441.7049267848101,44.064383,108917.729466,12247.026465781299,77.24176800000001,63.80717620512821,9.147127944899964,0.693623210598864,57,64,,True,True,,158,59.56268577710819
71,2026-09-21T07:58:28.698+00:00,2026-09-21T08:00:19.355+00:00,2026-09-21T08:00:24.198+00:00,True,78,78.0,,78.0,110656.40508400001,115499.53929200002,115499.53950500001,1480.7633269871797,45.930303,110656.40508400001,12522.252248437719,76.930055,62.89784685714286,9.30429424035773,0.6753273690798401,57,64,,True,True,,161,59.56268577710819
72,2026-09-21T07:58:29.001+00:00,2026-09-21T08:00:20.736+00:00,2026-09-21T08:00:26.445+00:00,True,93,93.0,,93.0,111734.29633499999,117443.37102299999,117443.37111,1262.8319474193547,48.459364,111734.29633499999,11579.87542294554,78.5274356,62.05515965217391,8.98633375122661,0.7918710029345716,57,64,,True,True,,742,59.56268577710819
73,2026-09-21T07:58:29.368+00:00,2026-09-21T08:00:22.571+00:00,2026-09-21T08:00:25.447+00:00,True,47,47.0,,47.0,113202.520334,116078.361358,116078.361267,2469.7523673829787,41.768713000000005,113202.520334,16503.168512263557,79.01359569999998,62.51828313043478,10.185347795451333,0.40489889286984504,57,64,,True,True,,204,59.56268577710819
74,2026-09-21T07:58:29.838+00:00,2026-09-21T08:00:25.196+00:00,2026-09-21T08:00:25.196+00:00,True,1,1.0,,1.0,115357.79186,115357.79186,115357.79186,115357.79186,115357.79186,115357.79186,nan,115357.79186,nan,nan,0.008668681879882163,57,64,,True,True,,5,59.56268577710819
75,2026-09-21T07:58:30.227+00:00,2026-09-21T08:00:27.104+00:00,2026-09-21T08:00:27.235+00:00,True,3,3.0,,3.0,116877.5633,117008.126116,117008.126001,39002.708667,61.720805999999996,116877.5633,67441.60252218683,105196.6911595,65.281408,5.035414869060146,0.025639244893349095,57,64,,True,True,,7,59.56268577710819
76,2026-09-21T07:58:30.591+00:00,2026-09-21T08:00:28.940+00:00,2026-09-21T08:00:34.977+00:00,True,96,96.0,,96.0,118349.808961,124386.385473,124386.385399,1295.6915145729167,41.056483,118349.808961,12072.54549135476,80.08928925000001,63.54291065263158,9.899620854876837,0.7717886457986858,57,64,,True,True,,100,59.56268577710819
77,2026-09-21T07:58:31.068+00:00,2026-09-21T08:00:31.479+00:00,2026-09-21T08:00:32.503+00:00,True,17,17.0,,17.0,120411.866869,121435.64568500001,121435.645676,7143.273275058824,46.152964,120411.866869,29188.650129234353,24144.4611778,63.986176,10.177384991333678,0.13999184427361164,57,64,,True,True,,177,59.56268577710819
78,2026-09-21T07:58:31.501+00:00,2026-09-21T08:00:33.571+00:00,2026-09-21T08:00:39.065+00:00,True,89,89.0,,89.0,122069.65223,127563.86407000001,127563.86402800001,1433.301843011236,41.447153,122069.65223,12932.742817555027,77.4876536,62.434225454545455,9.67046877055524,0.6976897466132079,57,64,,True,True,,712,59.56268577710819
79,2026-09-21T07:58:31.843+00:00,2026-09-21T08:00:35.035+00:00,2026-09-21T08:00:40.683+00:00,True,91,91.0,,91.0,123191.946543,128839.448623,128839.448653,1415.818117065934,42.401002999999996,123191.946543,12907.450173365725,76.563741,62.75002311111111,9.149004239695994,0.7063054132300514,57,64,,True,True,,543,59.56268577710819
80,2026-09-21T07:58:32.182+00:00,2026-09-21T08:00:36.987+00:00,2026-09-21T08:00:38.459+00:00,True,25,25.0,,25.0,124805.35334199999,126277.01798199999,126277.01808099999,5051.080723239999,42.229303,124805.35334199999,24948.80902378014,76.43645099999999,61.31936,10.771032959845588,0.19797743405346804,57,64,,True,True,,75,59.56268577710819
81,2026-09-21T07:58:32.457+00:00,2026-09-21T08:00:38.531+00:00,2026-09-21T08:00:43.158+00:00,True,72,72.0,,72.0,126074.523579,130701.303483,130701.303713,1815.2958849027777,42.519603000000004,126074.523579,14850.348061514362,79.18120049999999,65.16591414084506,9.25871026306502,0.550874383661865,57,64,,True,True,,227,59.56268577710819
82,2026-09-21T07:58:32.758+00:00,2026-09-21T08:00:39.966+00:00,2026-09-21T08:00:40.357+00:00,True,7,7.0,,7.0,127207.94864399999,127598.77795599999,127598.77802299999,18228.39686042857,57.264604,127207.94864399999,48055.46581300178,89068.2116106,65.13821866666666,7.424132877670622,0.05485945956640601,57,64,,True,True,,26,59.56268577710819
83,2026-09-21T07:58:33.356+00:00,2026-09-21T08:00:41.306+00:00,2026-09-21T08:00:47.509+00:00,True,97,97.0,,97.0,127949.747413,134152.076757,134152.07686200002,1383.0111016701032,41.077023000000004,127949.747413,12984.77257236275,79.13091200000001,64.60759733333333,10.172994116232791,0.7230599953790025,57,64,,True,True,,679,59.56268577710819
84,2026-09-21T07:58:33.570+00:00,2026-09-21T08:00:44.347+00:00,2026-09-21T08:00:47.584+00:00,True,51,51.0,,51.0,130777.361375,134014.182111,134014.182245,2627.729063627451,42.174993,130777.361375,18303.43122367565,79.911951,64.73641472,10.001232229288888,0.38055673807536433,57,64,,True,True,,102,59.56268577710819
85,2026-09-21T07:58:33.918+00:00,2026-09-21T08:00:46.464+00:00,2026-09-21T08:00:49.165+00:00,True,43,43.0,,43.0,132546.090306,135246.788162,135246.788287,3145.274146209302,42.381502999999995,132546.090306,20203.28592352007,80.70313600000001,64.3023299047619,10.497921103501206,0.31793730989377844,57,64,,True,True,,129,59.56268577710819
86,2026-09-21T07:58:34.405+00:00,2026-09-21T08:00:48.974+00:00,2026-09-21T08:00:51.051+00:00,True,34,34.0,,34.0,134569.16591299998,136646.68936899997,136646.689417,4019.0202769705875,44.637413,134569.16591299998,23067.626299536776,77.75738199999999,62.95525624242424,8.389219588419529,0.24881685869598044,57,64,,True,True,,237,59.56268577710819
87,2026-09-21T07:58:34.723+00:00,2026-09-21T08:00:50.810+00:00,2026-09-21T08:00:54.575+00:00,True,60,60.0,,60.0,136087.021106,139852.658226,139852.658146,2330.8776357666666,43.244173,136087.021106,17560.522087804566,78.67193354999999,63.8243579661017,10.17442532178721,0.42902295001815993,57,64,,True,True,,296,59.56268577710819
88,2026-09-21T07:58:35.197+00:00,2026-09-21T08:00:53.313+00:00,2026-09-21T08:00:54.440+00:00,True,18,18.0,,18.0,138115.508752,139242.55694399998,139242.557106,7735.697617,52.233624000000006,138115.508752,32538.512102269076,20785.5856019,66.29695247058824,7.609966873776243,0.12927082348278887,57,64,,True,True,,134,59.56268577710819
89,2026-09-21T07:58:35.659+00:00,2026-09-21T08:00:55.803+00:00,2026-09-21T08:01:00.307+00:00,True,72,72.0,,72.0,140144.202479,144648.024047,144648.024134,2009.0003351944445,42.208113,140144.202479,16508.679884564328,75.88343749999999,63.434106591549295,10.045082974670455,0.4977599968915253,57,64,,True,True,,144,59.56268577710819
90,2026-09-21T07:58:36.075+00:00,2026-09-21T08:00:57.931+00:00,2026-09-21T08:00:58.628+00:00,True,12,12.0,,12.0,141856.657415,142553.136135,142553.136047,11879.428003916666,48.112244,141856.657415,40932.21288402094,63877.69443,63.316247272727274,9.656354379038387,0.08417913716493627,57,64,,True,True,,55,59.56268577710819
91,2026-09-21T07:58:36.401+00:00,2026-09-21T08:00:59.605+00:00,2026-09-21T08:01:01.794+00:00,True,35,35.0,,35.0,143204.294465,145393.101377,145393.10140800002,4154.088611657143,44.356524,143204.294465,24195.06470733721,80.6082983,64.37667388235295,11.38309546474584,0.2407266897020515,57,64,,True,True,,206,59.56268577710819
92,2026-09-21T07:58:36.733+00:00,2026-09-21T08:01:01.128+00:00,2026-09-21T08:01:06.385+00:00,True,84,84.0,,84.0,144394.399854,149651.52523,149651.52513499997,1781.5657754166666,43.505453,144394.399854,15747.81288247892,77.829942,63.33885995180723,9.892210172955155,0.5613040018863829,57,64,,True,True,,84,59.56268577710819
93,2026-09-21T07:58:37.044+00:00,2026-09-21T08:01:02.706+00:00,2026-09-21T08:01:06.265+00:00,True,58,58.0,,58.0,145661.94944,149221.526016,149221.525854,2572.7849285172415,43.488053,145661.94944,19118.153291025345,75.97343715,62.44871185964912,9.303297246196225,0.3886838685310125,57,64,,True,True,,202,59.56268577710819
94,2026-09-21T07:58:37.326+00:00,2026-09-21T08:01:04.265+00:00,2026-09-21T08:01:09.772+00:00,True,89,89.0,,89.0,146938.617536,152445.43609600002,152445.436234,1712.870070044944,40.447863,146938.617536,15568.83214365314,76.6334876,62.57748363636363,9.778387092199887,0.5838154442613402,57,64,,True,True,,178,59.56268577710819
95,2026-09-21T07:58:37.719+00:00,2026-09-21T08:01:06.518+00:00,2026-09-21T08:01:08.485+00:00,True,32,32.0,,32.0,148799.096113,150765.82353700002,150765.823689,4711.43199028125,45.034082999999995,148799.096113,26292.999264279904,81.31654045,63.44282012903226,10.4332786892462,0.21224969458775753,57,64,,True,True,,261,59.56268577710819
96,2026-09-21T07:58:38.089+00:00,2026-09-21T08:01:08.675+00:00,2026-09-21T08:01:08.760+00:00,True,2,2.0,,2.0,150585.727524,150670.107428,150670.10734,75335.05367,84.379816,150585.727524,106420.52354204125,143060.6601386,84.379904,nan,0.013274033145265596,57,64,,True,True,,24,59.56268577710819
97,2026-09-21T07:58:38.485+00:00,2026-09-21T08:01:11.017+00:00,2026-09-21T08:01:16.649+00:00,True,89,89.0,,89.0,152532.014618,158163.53333799998,158163.53342499997,1777.1183530898875,44.716032,152532.014618,16161.581064137989,79.6262586,63.994530909090905,10.321010240964453,0.5627087238232372,57,64,,True,True,,783,59.56268577710819
98,2026-09-21T07:58:38.919+00:00,2026-09-21T08:01:13.258+00:00,2026-09-21T08:01:13.559+00:00,True,6,6.0,,6.0,154338.73975799998,154639.25124599997,154639.25102999998,25773.208505,49.379133,154338.73975799998,62983.99063893814,115772.36568724997,60.1022976,9.90432385678966,0.03879998093404634,57,64,,True,True,,28,59.56268577710819
99,2026-09-21T07:58:39.369+00:00,2026-09-21T08:01:15.880+00:00,2026-09-21T08:01:17.790+00:00,True,31,31.0,,31.0,156511.47592599998,158421.377238,158421.37711799997,5110.367003806451,45.402834000000006,156511.47592599998,28098.857970275458,77.4312605,63.66337706666667,8.843553741127714,0.19568066217116648,57,64,,True,True,,36,59.56268577710819
100,2026-09-21T07:58:39.689+00:00,2026-09-21T08:01:17.249+00:00,2026-09-21T08:01:17.249+00:00,True,1,1.0,,1.0,157560.019234,157560.019234,157560.019234,157560.019234,157560.019234,157560.019234,nan,157560.019234,nan,nan,0.00634678775022775,57,64,,True,True,,4,59.56268577710819
101,2026-09-21T07:58:40.127+00:00,2026-09-21T08:01:19.633+00:00,2026-09-21T08:01:22.809+00:00,True,52,52.0,,52.0,159506.426657,162682.338081,162682.338176,3128.5065033846154,43.719593,159506.426657,22110.928102359143,77.1354799,62.27277301960784,10.054019176051284,0.31964133668959843,57,64,,True,True,,156,59.56268577710819
102,2026-09-21T07:58:40.499+00:00,2026-09-21T08:01:21.633+00:00,2026-09-21T08:01:25.475+00:00,True,61,61.0,,61.0,161134.506647,164976.202391,164976.202339,2704.527907196721,42.845822999999996,161134.506647,20622.963756719655,78.527164,64.0282624,9.725419866960749,0.3697502980183023,57,64,,True,True,,305,59.56268577710819
103,2026-09-21T07:58:40.778+00:00,2026-09-21T08:01:23.164+00:00,2026-09-21T08:01:28.626+00:00,True,88,88.0,,88.0,162385.742236,167848.36265199998,167848.362781,1907.367758875,44.645943,162385.742236,17303.687585811436,78.06774035000001,62.7887404137931,9.54597048261193,0.5242827431236275,57,64,,True,True,,183,59.56268577710819
104,2026-09-21T07:58:41.185+00:00,2026-09-21T08:01:25.197+00:00,2026-09-21T08:01:29.693+00:00,True,73,73.0,,73.0,164012.552023,168508.722775,168508.72274599998,2308.3386677534245,40.851972,164012.552023,19188.911198482,78.20464499999999,62.446816,10.442836008396197,0.43321199518836007,57,64,,True,True,,292,59.56268577710819
105,2026-09-21T07:58:41.528+00:00,2026-09-21T08:01:26.774+00:00,2026-09-21T08:01:29.382+00:00,True,43,43.0,,43.0,165245.587363,167854.124707,167854.124624,3903.5842935813953,46.086352,165245.587363,25190.24622721597,76.69428810000001,62.108032,9.601719403975956,0.2561748189093311,57,64,,True,True,,200,59.56268577710819
106,2026-09-21T07:58:41.959+00:00,2026-09-21T08:01:28.831+00:00,2026-09-21T08:01:29.956+00:00,True,19,19.0,,19.0,166872.480639,167997.525119,167997.52518,8841.975009473683,47.664513,166872.480639,38268.8344476721,16756.044752399997,62.50247111111111,8.493294585136322,0.1130969041748768,57,64,,True,True,,64,59.56268577710819
107,2026-09-21T07:58:42.350+00:00,2026-09-21T08:01:30.740+00:00,2026-09-21T08:01:36.591+00:00,True,94,94.0,,94.0,168389.517202,174240.628114,174240.628038,1853.6237025319147,43.609693,168389.517202,17361.56573189871,77.5208675,62.91517109677419,9.115537998772256,0.5394838219849555,57,64,,True,True,,1095,59.56268577710819
108,2026-09-21T07:58:42.702+00:00,2026-09-21T08:01:32.674+00:00,2026-09-21T08:01:38.004+00:00,True,84,84.0,,84.0,169971.766799,175301.807375,175301.807608,2086.926281047619,46.416012,169971.766799,18538.435762878824,77.01015450000001,64.2173563373494,9.241913338697048,0.4791736106879371,57,64,,True,True,,752,59.56268577710819
109,2026-09-21T07:58:43.479+00:00,2026-09-21T08:01:34.272+00:00,2026-09-21T08:01:37.615+00:00,True,53,53.0,,53.0,170792.381695,174135.954431,174135.954316,3285.584043698113,47.247483,170792.381695,23451.307497810863,77.048046,64.2994756923077,9.385521864982246,0.3043598903694575,57,64,,True,True,,111,59.56268577710819
110,2026-09-21T07:58:43.585+00:00,2026-09-21T08:01:36.127+00:00,2026-09-21T08:01:38.259+00:00,True,34,34.0,,34.0,172542.220355,174674.775363,174674.77543,5137.4933949999995,41.407682,172542.220355,29579.665407437435,78.31524135000001,64.62287903030303,9.476106130480337,0.19464745226861163,57,64,,True,True,,102,59.56268577710819
111,2026-09-21T07:58:44.021+00:00,2026-09-21T08:01:39.266+00:00,2026-09-21T08:01:41.379+00:00,True,34,34.0,,34.0,175245.206239,177357.750495,177357.750503,5216.404426558824,49.461763,175245.206239,30043.327401479553,77.0736737,64.01649260606061,8.681907091722886,0.19170292758623209,57,64,,True,True,,204,59.56268577710819
112,2026-09-21T07:58:44.425+00:00,2026-09-21T08:01:41.236+00:00,2026-09-21T08:01:45.253+00:00,True,66,66.0,,66.0,176810.527863,180827.334263,180827.334212,2739.808094121212,43.608053,176810.527863,21756.266601413347,75.682974,61.797021538461536,8.902352680787807,0.36498906688525246,57,64,,True,True,,264,59.56268577710819
113,2026-09-21T07:58:44.734+00:00,2026-09-21T08:01:43.026+00:00,2026-09-21T08:01:43.103+00:00,True,2,2.0,,2.0,178291.144838,178368.393862,178368.393772,89184.196886,77.24893399999999,178291.144838,126016.25429539189,169380.45004280002,77.249024,nan,0.011212748832325974,57,64,,True,True,,10,59.56268577710819
114,2026-09-21T07:58:45.168+00:00,2026-09-21T08:01:44.996+00:00,2026-09-21T08:01:46.387+00:00,True,24,24.0,,24.0,179828.607079,181219.728743,181219.728735,7550.8220306250005,45.356252999999995,179828.607079,36695.01571243653,79.45211149999999,60.48355060869565,9.42264780212276,0.13243591173252459,57,64,,True,True,,136,59.56268577710819
115,2026-09-21T07:58:45.471+00:00,2026-09-21T08:01:46.594+00:00,2026-09-21T08:01:52.889+00:00,True,100,100.0,,100.0,181123.05679499998,187418.27497099998,187418.27505499998,1874.1827505499998,42.299723,181123.05679499998,18105.949352091822,77.18933345,63.588062383838384,9.522713834113791,0.5335658970048327,57,64,,True,True,,204,59.56268577710819
116,2026-09-21T07:58:45.741+00:00,2026-09-21T08:01:47.956+00:00,2026-09-21T08:01:52.463+00:00,True,72,72.0,,72.0,182214.39516999997,186722.114082,186722.11407499996,2593.3626954861106,45.282243,182214.39516999997,21466.691986147183,76.4268325,63.48899876056338,8.920380065118753,0.3855997472713962,57,64,,True,True,,422,59.56268577710819
117,2026-09-21T07:58:46.090+00:00,2026-09-21T08:01:49.809+00:00,2026-09-21T08:01:54.368+00:00,True,72,72.0,,72.0,183718.422794,188277.560586,188277.56064100002,2614.966120013889,44.883452,183718.422794,21643.858076371314,77.421626,64.21320833802817,9.160465039905686,0.38241413249622164,57,64,,True,True,,288,59.56268577710819
118,2026-09-21T07:58:46.365+00:00,2026-09-21T08:01:51.192+00:00,2026-09-21T08:01:55.209+00:00,True,64,64.0,,64.0,184827.579411,188844.482835,188844.482637,2950.695041203125,44.132402,184827.579411,23095.479176455246,77.2303895,63.760371809523804,9.181756070560468,0.3389032024616733,57,64,,True,True,,64,59.56268577710819
119,2026-09-21T07:58:46.787+00:00,2026-09-21T08:01:53.205+00:00,2026-09-21T08:01:55.462+00:00,True,36,36.0,,36.0,186417.11304499998,188674.65928499997,188674.65918699998,5240.962755194444,43.374601000000006,186417.11304499998,31058.769919089107,77.745444,64.50132114285714,9.110350415516864,0.19080463765735856,57,64,,True,True,,342,59.56268577710819
120,2026-09-21T07:58:47.228+00:00,2026-09-21T08:01:55.269+00:00,2026-09-21T08:01:56.590+00:00,True,22,22.0,,22.0,188040.388581,189361.737445,189361.73754200002,8607.351706454545,46.112961999999996,188040.388581,40076.931645773475,77.31766395,62.92137447619048,9.079959512971099,0.11617975361252632,57,64,,True,True,,88,59.56268577710819
121,2026-09-21T07:58:47.618+00:00,2026-09-21T08:01:57.488+00:00,2026-09-21T08:02:01.823+00:00,True,70,70.0,,70.0,189870.102361,194205.110361,194205.110385,2774.358719785714,41.495552,189870.102361,22686.310269633374,78.23840599999998,62.826202898550726,8.575455240351468,0.36044365603912193,57,64,,True,True,,207,59.56268577710819
122,2026-09-21T07:58:47.899+00:00,2026-09-21T08:01:58.764+00:00,2026-09-21T08:02:03.049+00:00,True,70,70.0,,70.0,190864.667891,195149.196531,195149.196643,2787.8456663285715,43.916433,190864.667891,22805.270867245083,75.821126,62.09461797101449,8.153394172024417,0.35869991393421036,57,64,,True,True,,428,59.56268577710819
123,2026-09-21T07:58:48.177+00:00,2026-09-21T08:02:00.294+00:00,2026-09-21T08:02:01.953+00:00,True,28,28.0,,28.0,192117.261154,193775.98832200002,193775.988224,6920.571008,46.701813,192117.261154,36295.14055150454,76.18724634999998,61.43433955555555,8.078178686326408,0.1444967472103512,57,64,,True,True,,168,59.56268577710819
124,2026-09-21T07:58:48.444+00:00,2026-09-21T08:02:01.951+00:00,2026-09-21T08:02:07.910+00:00,True,96,96.0,,96.0,193506.98053600002,199465.98418400003,199465.984208,2077.7706688333337,43.460682,193506.98053600002,19743.3232412918,76.326294,62.72635418947368,8.294221855589763,0.4812850691947732,57,64,,True,True,,192,59.56268577710819
125,2026-09-21T07:58:48.893+00:00,2026-09-21T08:02:04.498+00:00,2026-09-21T08:02:10.693+00:00,True,99,99.0,,99.0,195605.423027,201800.211635,201800.21160200002,2038.385975777778,44.399933,195605.423027,19652.733361485523,76.646504,63.21212865306123,8.260270734645674,0.4905842228702081,57,64,,True,True,,201,59.56268577710819
126,2026-09-21T07:58:49.163+00:00,2026-09-21T08:02:05.788+00:00,2026-09-21T08:02:09.916+00:00,True,67,67.0,,67.0,196624.29922999998,200752.928478,200752.92866199996,2996.312368089552,43.402352,196624.29922999998,24013.840484127122,76.672631,62.55498860606061,8.288672547415777,0.33374357479095185,57,64,,True,True,,268,59.56268577710819
127,2026-09-21T07:58:49.451+00:00,2026-09-21T08:02:07.492+00:00,2026-09-21T08:02:10.236+00:00,True,44,44.0,,44.0,198041.166671,200784.695887,200784.69601900002,4563.288545886364,48.729042,198041.166671,29846.211725514157,77.4055135,63.80300502325582,8.450667776707201,0.21914020790091912,57,64,,True,True,,87,59.56268577710819
128,2026-09-21T07:58:49.804+00:00,2026-09-21T08:02:09.250+00:00,2026-09-21T08:02:12.126+00:00,True,47,47.0,,47.0,199446.09177,202322.242298,202322.242255,4304.728558617021,46.538393,199446.09177,29083.083453421765,77.864664,62.525011478260865,8.387710958296543,0.23230268440171695,57,64,,True,True,,141,59.56268577710819
129,2026-09-21T07:58:50.260+00:00,2026-09-21T08:02:12.186+00:00,2026-09-21T08:02:16.538+00:00,True,69,69.0,,69.0,201925.16129,206277.482058,206277.482036,2989.52872515942,45.195031,201925.16129,24301.229285956197,77.194345,64.00471717647059,9.2831471390906,0.3345008835263897,57,64,,True,True,,383,59.56268577710819
130,2026-09-21T07:58:50.727+00:00,2026-09-21T08:02:14.522+00:00,2026-09-21T08:02:19.157+00:00,True,74,74.0,,74.0,203795.062419,208429.93704299998,208429.93701,2816.6207704054054,47.460053,203795.062419,23683.315910187375,76.92000815,63.49143320547945,9.414248741616642,0.3550353708773298,57,64,,True,True,,445,59.56268577710819
131,2026-09-21T07:58:51.186+00:00,2026-09-21T08:02:17.164+00:00,2026-09-21T08:02:20.879+00:00,True,60,60.0,,60.0,205978.565814,209693.855926,209693.855745,3494.89759575,43.926552,205978.565814,26583.590868267853,78.93278394999999,62.97101884745763,10.107649582083846,0.28613141636907913,57,64,,True,True,,420,59.56268577710819
132,2026-09-21T07:58:51.471+00:00,2026-09-21T08:02:18.797+00:00,2026-09-21T08:02:20.119+00:00,True,22,22.0,,22.0,207325.898643,208647.577747,208647.577784,9483.980808363636,44.270421999999996,207325.898643,44188.61297316762,87.285213,62.937100190476194,10.096949933572017,0.1054409556897735,57,64,,True,True,,122,59.56268577710819
133,2026-09-21T07:58:51.816+00:00,2026-09-21T08:02:20.449+00:00,2026-09-21T08:02:20.590+00:00,True,3,3.0,,3.0,208632.643796,208774.451924,208774.451744,69591.48391466666,66.631524,208632.643796,120413.17670468503,187776.8970588,70.904064,6.042063396465814,0.014369574305442735,57,64,,True,True,,15,59.56268577710819
134,2026-09-21T07:58:52.126+00:00,2026-09-21T08:02:22.117+00:00,2026-09-21T08:02:25.350+00:00,True,54,54.0,,54.0,209991.424535,213223.722775,213223.72295999998,3948.5874622222223,45.086203000000005,209991.424535,28567.915641536183,75.38154045,60.986759245283025,9.43693319893818,0.253255122353259,57,64,,True,True,,144,59.56268577710819
135,2026-09-21T07:58:52.557+00:00,2026-09-21T08:02:24.549+00:00,2026-09-21T08:02:26.002+00:00,True,24,24.0,,24.0,211992.36906099998,213445.12195699997,213445.12200999996,8893.546750416666,47.576392,211992.36906099998,43259.86922116045,80.24608300000001,63.16316939130435,10.501940541584535,0.11244107984269122,57,64,,True,True,,48,59.56268577710819
136,2026-09-21T07:58:53.634+00:00,2026-09-21T08:02:26.874+00:00,2026-09-21T08:02:32.273+00:00,True,88,88.0,,88.0,213239.64228200002,218639.01713000002,218639.01720200002,2484.534286386364,41.533612999999995,213239.64228200002,22724.808512370262,78.07179099999999,62.06177986206897,9.768599456051136,0.402489917651232,57,64,,True,True,,436,59.56268577710819
139,2026-09-21T07:58:53.854+00:00,2026-09-21T08:02:28.862+00:00,2026-09-21T08:02:31.448+00:00,True,42,42.0,,42.0,215008.656709,217594.783045,217594.78306000002,5180.828168095238,44.161623,215008.656709,33166.82457724112,80.726133,63.076252097560975,9.940266524641057,0.19301933351643882,57,64,,True,True,,336,59.56268577710819
138,2026-09-21T07:58:53.736+00:00,2026-09-21T08:02:29.225+00:00,2026-09-21T08:02:33.431+00:00,True,67,67.0,,67.0,215488.976564,219695.295156,219695.294981,3279.0342534477613,40.734351000000004,215488.976564,26318.38406990465,78.638401,63.73209987878788,9.399553012235344,0.3049678417210756,57,64,,True,True,,268,59.56268577710819
137,2026-09-21T07:58:53.690+00:00,2026-09-21T08:02:29.642+00:00,2026-09-21T08:02:34.593+00:00,True,79,79.0,,79.0,215951.551105,220903.30278499998,220903.302848,2796.244339848101,41.114002,215951.551105,24289.307182352724,77.12854689999999,63.483995897435896,9.812319169744418,0.35762253893002616,57,64,,True,True,,158,59.56268577710819
140,2026-09-21T07:58:54.293+00:00,2026-09-21T08:02:33.481+00:00,2026-09-21T08:02:38.597+00:00,True,81,81.0,,81.0,219187.564096,224303.22976,224303.229895,2769.1756777160494,45.658722000000004,219187.564096,24347.070948595203,78.647152,63.9458208,10.536818413504955,0.36111829547291135,57,64,,True,True,,570,59.56268577710819
141,2026-09-21T07:58:54.621+00:00,2026-09-21T08:02:35.365+00:00,2026-09-21T08:02:37.954+00:00,True,41,41.0,,41.0,220743.470138,223332.04076200002,223332.040769,5447.122945585366,48.408521,220743.470138,34464.23326640083,77.58438199999999,64.7142656,11.258481969217362,0.18358315206411777,57,64,,True,True,,369,59.56268577710819
142,2026-09-21T07:58:55.057+00:00,2026-09-21T08:02:37.251+00:00,2026-09-21T08:02:40.911+00:00,True,59,59.0,,59.0,222194.463328,225854.37168,225854.371646,3828.0401973898306,43.841150999999996,222194.463328,28919.041531712006,76.6758381,63.101868137931035,9.359599713942035,0.2612302766651499,57,64,,True,True,,158,59.56268577710819
143,2026-09-21T07:58:55.442+00:00,2026-09-21T08:02:39.240+00:00,2026-09-21T08:02:40.909+00:00,True,27,27.0,,27.0,223797.227248,225466.36465600002,225466.364666,8350.606098740742,48.430672,223797.227248,43057.44258357825,80.185834,64.19759261538462,9.228504334988942,0.11975178666314425,57,64,,True,True,,86,59.56268577710819
144,2026-09-21T07:58:55.874+00:00,2026-09-21T08:02:41.239+00:00,2026-09-21T08:02:43.638+00:00,True,39,39.0,,39.0,225364.70020199998,227763.92273,227763.92282699997,5840.100585307692,46.056241,225364.70020199998,36077.12473510709,79.670785,63.13743494736842,10.330912665379216,0.1712299276046105,57,64,,True,True,,39,59.56268577710819
145,2026-09-21T07:58:56.212+00:00,2026-09-21T08:02:43.212+00:00,2026-09-21T08:02:45.334+00:00,True,35,35.0,,35.0,226999.69431700002,229122.35210900003,229122.35213100002,6546.352918028572,41.382061,226999.69431700002,38359.39995889758,79.577266,62.431111529411766,9.932478609280492,0.15275681171145408,57,64,,True,True,,167,59.56268577710819
146,2026-09-21T07:58:56.653+00:00,2026-09-21T08:02:45.759+00:00,2026-09-21T08:02:46.287+00:00,True,9,9.0,,9.0,229106.807641,229634.670425,229634.670239,25514.963359888887,54.971692000000004,229106.807641,76346.94191863,137494.0179734,65.982848,7.393194874697909,0.03919268803505632,57,64,,True,True,,27,59.56268577710819
147,2026-09-21T07:58:57.013+00:00,2026-09-21T08:02:47.275+00:00,2026-09-21T08:02:49.400+00:00,True,35,35.0,,35.0,230261.812656,232386.39992,232386.399771,6639.611422028572,45.069372,230261.812656,38910.78861445846,78.74534799999999,62.487860705882355,8.28671332775827,0.15061122342808744,57,64,,True,True,,70,59.56268577710819
148,2026-09-21T07:58:57.381+00:00,2026-09-21T08:02:49.321+00:00,2026-09-21T08:02:55.465+00:00,True,99,99.0,,99.0,231939.3389,238083.478932,238083.478885,2404.8836251010102,43.806911,231939.3389,23304.48125410509,77.53337499999999,62.69530644897959,9.01368377722074,0.4158205367465913,57,64,,True,True,,867,59.56268577710819
149,2026-09-21T07:58:57.655+00:00,2026-09-21T08:02:50.720+00:00,2026-09-21T08:02:54.719+00:00,True,65,65.0,,65.0,233064.754331,237064.44943500002,237064.449461,3647.145376323077,40.400071000000004,233064.754331,28900.37479068739,77.6843148,62.495236,9.147992782730643,0.27418704135063554,57,64,,True,True,,325,59.56268577710819
150,2026-09-21T07:58:57.995+00:00,2026-09-21T08:02:52.735+00:00,2026-09-21T08:02:53.799+00:00,True,17,17.0,,17.0,234739.926595,235803.974211,235803.974163,13870.822009588235,49.803382,234739.926595,56916.66607925418,47008.9181214,66.502976,8.54733118581467,0.07209378067898131,57,64,,True,True,,51,59.56268577710819
151,2026-09-21T07:58:58.280+00:00,2026-09-21T08:02:54.108+00:00,2026-09-21T08:02:56.559+00:00,True,41,41.0,,41.0,235827.388314,238278.95209,238278.95224,5811.681761951219,45.328963,235827.388314,36820.47974059818,75.090732,61.289094399999996,9.115996255412595,0.1720672331331806,57,64,,True,True,,62,59.56268577710819
152,2026-09-21T07:58:58.716+00:00,2026-09-21T08:02:56.164+00:00,2026-09-21T08:02:59.377+00:00,True,52,52.0,,52.0,237448.41393,240660.96945,240660.96959300002,4628.095569096154,40.395351999999995,237448.41393,32919.436330630444,76.29917405,62.99128470588236,8.978644062940024,0.2160715969807625,57,64,,True,True,,468,59.56268577710819
153,2026-09-21T07:58:59.025+00:00,2026-09-21T08:02:58.125+00:00,2026-09-21T08:02:58.993+00:00,True,15,15.0,,15.0,239099.114847,239967.57974299998,239967.579787,15997.838652466666,51.534841,239099.114847,61719.109607826715,71783.0382515,62.03320685714286,8.320150577036737,0.06250844391590177,57,64,,True,True,,79,59.56268577710819
154,2026-09-21T07:58:59.339+00:00,2026-09-21T08:02:59.841+00:00,2026-09-21T08:03:02.774+00:00,True,47,47.0,,47.0,240502.224365,243434.365677,243434.36558800002,5179.4545869787235,43.443062,240502.224365,35071.55840679638,77.40054,63.74220243478261,9.46757054108217,0.1930705217781855,57,64,,True,True,,47,59.56268577710819
155,2026-09-21T07:58:59.774+00:00,2026-09-21T08:03:01.939+00:00,2026-09-21T08:03:05.533+00:00,True,57,57.0,,57.0,242164.869863,245759.343591,245759.343479,4311.56742945614,44.597772,242164.869863,32067.020223991425,78.21616900000001,64.18703085714286,9.615366631582019,0.2319342132312214,57,64,,True,True,,59,59.56268577710819
156,2026-09-21T07:59:00.204+00:00,2026-09-21T08:03:04.182+00:00,2026-09-21T08:03:07.413+00:00,True,51,51.0,,51.0,243978.316377,247208.692057,247208.69224,4847.229259607843,46.197241000000005,243978.316377,34154.75217328026,77.196558,64.6075136,9.517393156067895,0.20630342556175454,57,64,,True,True,,456,59.56268577710819
157,2026-09-21T07:59:00.490+00:00,2026-09-21T08:03:05.793+00:00,2026-09-21T08:03:11.221+00:00,True,86,86.0,,86.0,245303.766944,250731.721888,250731.721774,2915.4851369069765,44.621382,245303.766944,26444.901031973015,77.8896905,63.85829345882353,9.201177395084855,0.3429960890166724,57,64,,True,True,,236,59.56268577710819
158,2026-09-21T07:59:00.897+00:00,2026-09-21T08:03:07.962+00:00,2026-09-21T08:03:08.074+00:00,True,3,3.0,,3.0,247065.684848,247177.847664,247177.847612,82392.61587066666,53.085491999999995,247065.684848,142611.06108498576,222365.0240904,56.081408,4.236938578035797,0.012137009964088834,57,64,,True,True,,10,59.56268577710819
159,2026-09-21T07:59:01.302+00:00,2026-09-21T08:03:08.831+00:00,2026-09-21T08:03:13.971+00:00,True,82,82.0,,82.0,247529.587466,252668.978186,252668.978196,3081.3290023902437,44.458881,247529.587466,27328.06511135559,78.949163,63.44926814814815,10.031182335867621,0.324535289566242,57,64,,True,True,,892,59.56268577710819
160,2026-09-21T07:59:01.609+00:00,2026-09-21T08:03:10.446+00:00,2026-09-21T08:03:11.433+00:00,True,17,17.0,,17.0,248836.82880199997,249824.33088199998,249824.33099699998,14695.548882176468,48.415211000000006,248836.82880199997,60336.82735137263,49826.348338,61.71888,8.600824114784412,0.06804781559899241,57,64,,True,True,,34,59.56268577710819
161,2026-09-21T07:59:01.999+00:00,2026-09-21T08:03:12.428+00:00,2026-09-21T08:03:14.286+00:00,True,30,30.0,,30.0,250429.07532,252287.33068,252287.330855,8409.577695166667,47.029271,250429.07532,45710.18677943634,79.96450505,64.07777103448277,10.62134245401021,0.11891203541271697,57,64,,True,True,,33,59.56268577710819
162,2026-09-21T07:59:02.461+00:00,2026-09-21T08:03:15.919+00:00,2026-09-21T08:03:21.341+00:00,True,88,88.0,,88.0,253458.177705,258880.12356100001,258880.123465,2941.8195848295454,40.904562,253458.177705,27012.09120250124,78.6114603,62.321216735632184,10.814516993034983,0.3399256721200712,57,64,,True,True,,484,59.56268577710819
163,2026-09-21T07:59:02.730+00:00,2026-09-21T08:03:17.539+00:00,2026-09-21T08:03:22.185+00:00,True,74,74.0,,74.0,254808.516234,259454.38042600002,259454.380387,3506.1402755,45.194682,254808.516234,29613.492042561415,78.76209784999999,63.64197523287671,10.759406439461667,0.2852139165216593,57,64,,True,True,,872,59.56268577710819
164,2026-09-21T07:59:03.118+00:00,2026-09-21T08:03:19.612+00:00,2026-09-21T08:03:20.787+00:00,True,20,20.0,,20.0,256493.369545,257668.77383299998,257668.773679,12883.43868395,46.616631999999996,256493.369545,57339.82872874936,12896.8678341,61.863383578947364,9.791282450239944,0.07761902888924514,57,64,,True,True,,61,59.56268577710819
165,2026-09-21T07:59:03.575+00:00,2026-09-21T08:03:22.056+00:00,2026-09-21T08:03:27.045+00:00,True,80,80.0,,80.0,258481.55125400002,263469.82235800003,263469.822369,3293.3727796125004,41.596932,258481.55125400002,28892.05799739142,79.52519000000001,63.14267220253164,9.634635752719705,0.303640087824923,57,64,,True,True,,718,59.56268577710819
166,2026-09-21T07:59:03.988+00:00,2026-09-21T08:03:23.614+00:00,2026-09-21T08:03:29.455+00:00,True,94,94.0,,94.0,259626.507266,265467.088386,265467.088381,2824.1179615,43.483621,259626.507266,26771.953791671203,78.744713,62.80194752688172,9.730623500406589,0.35409285788120054,57,64,,True,True,,193,59.56268577710819
167,2026-09-21T07:59:04.339+00:00,2026-09-21T08:03:25.749+00:00,2026-09-21T08:03:29.042+00:00,True,53,53.0,,53.0,261409.898345,264703.504489,264703.50464,4994.405747924528,41.512242,261409.898345,35898.71244995173,78.279392,63.3385796923077,10.872994597431273,0.20022402084292187,57,64,,True,True,,681,59.56268577710819
169,2026-09-21T07:59:05.659+00:00,2026-09-21T08:03:28.655+00:00,2026-09-21T08:03:32.649+00:00,True,64,64.0,,64.0,262996.337859,266989.765571,266989.765535,4171.715086484375,41.821771,262996.337859,32866.62021602911,79.98346435,63.387741460317464,9.845574147916775,0.23970956288577516,57,64,,True,True,,256,59.56268577710819
168,2026-09-21T07:59:05.558+00:00,2026-09-21T08:03:28.661+00:00,2026-09-21T08:03:32.160+00:00,True,56,56.0,,56.0,263103.04835,266602.391454,266602.391266,4760.756986892857,42.172041,263103.04835,35150.123036253215,77.54796775,63.62442007272727,10.294498449069868,0.2100506289331704,57,64,,True,True,,58,59.56268577710819
170,2026-09-21T07:59:05.669+00:00,2026-09-21T08:03:31.828+00:00,2026-09-21T08:03:33.118+00:00,True,22,22.0,,22.0,266158.784927,267448.946591,267448.946754,12156.770307,44.983881000000004,266158.784927,56732.145904894176,78.71893095,61.436269714285714,8.113069671806013,0.08225869004316476,57,64,,True,True,,66,59.56268577710819
171,2026-09-21T07:59:05.979+00:00,2026-09-21T08:03:34.355+00:00,2026-09-21T08:03:38.804+00:00,True,71,71.0,,71.0,268376.097178,272824.70159400004,272824.701521,3842.60142987324,47.370601,268376.097178,31842.841941956813,76.6007315,63.551491657142854,8.632666662565853,0.26024036527915856,57,64,,True,True,,109,59.56268577710819
172,2026-09-21T07:59:06.348+00:00,2026-09-21T08:03:36.712+00:00,2026-09-21T08:03:42.309+00:00,True,88,88.0,,88.0,270364.07808899996,275961.10746499995,275961.10746499995,3135.9216757386357,45.080000999999996,270364.07808899996,28814.05109178098,76.17944849999999,64.33367098850574,9.41793980739113,0.3188855154567787,57,64,,True,True,,352,59.56268577710819
173,2026-09-21T07:59:06.708+00:00,2026-09-21T08:03:38.507+00:00,2026-09-21T08:03:38.936+00:00,True,8,8.0,,8.0,271798.75922,272227.44018000003,272227.440299,34028.430037375,50.811451,271798.75922,96073.72155874051,176694.8240252,61.240137142857144,8.750912302091697,0.02938719180810834,57,64,,True,True,,24,59.56268577710819
174,2026-09-21T07:59:07.009+00:00,2026-09-21T08:03:39.916+00:00,2026-09-21T08:03:42.373+00:00,True,39,39.0,,39.0,272906.705377,275363.220705,275363.220888,7060.595407384615,41.209801,272906.705377,43689.69684037767,82.710458,64.64514021052632,11.427078918433455,0.14163111507829573,57,64,,True,True,,78,59.56268577710819
175,2026-09-21T07:59:07.461+00:00,2026-09-21T08:03:42.367+00:00,2026-09-21T08:03:48.218+00:00,True,93,93.0,,93.0,274905.911852,280756.82334,280756.823385,3018.890574032258,43.4373,274905.911852,28499.822090098012,77.4211054,63.596864,9.777914525359792,0.33124751481952713,57,64,,True,True,,227,59.56268577710819
176,2026-09-21T07:59:07.778+00:00,2026-09-21T08:03:44.059+00:00,2026-09-21T08:03:49.749+00:00,True,91,91.0,,91.0,276281.005665,281971.321697,281971.321604,3098.585951692308,41.6336,276281.005665,28955.492693443422,78.0633615,63.225733688888894,9.859163812625459,0.32272785562847606,57,64,,True,True,,337,59.56268577710819
177,2026-09-21T07:59:08.221+00:00,2026-09-21T08:03:46.250+00:00,2026-09-21T08:03:50.586+00:00,True,70,70.0,,70.0,278029.163774,282364.422654,282364.422745,4033.7774677857146,43.406981,278029.163774,33223.332932044905,77.75696194999999,62.82983884057971,9.911744321920407,0.24790658590078707,57,64,,True,True,,210,59.56268577710819
178,2026-09-21T07:59:08.549+00:00,2026-09-21T08:03:48.139+00:00,2026-09-21T08:03:53.544+00:00,True,85,85.0,,85.0,279590.27148,284995.384312,284995.384333,3352.886874505882,44.855211000000004,279590.27148,30318.844812915846,76.762504,64.34658133333333,9.211677992188248,0.29825044431928716,57,64,,True,True,,254,59.56268577710819
179,2026-09-21T07:59:09.007+00:00,2026-09-21T08:03:50.477+00:00,2026-09-21T08:03:54.708+00:00,True,67,67.0,,67.0,281470.030112,285701.00688,285701.00680000003,4264.1941313432835,44.855160000000005,281470.030112,34379.206674923415,76.29508800000002,64.1057086060606,9.348728135280501,0.23451089910978615,57,64,,True,True,,335,59.56268577710819
180,2026-09-21T07:59:09.313+00:00,2026-09-21T08:03:52.057+00:00,2026-09-21T08:03:56.462+00:00,True,70,70.0,,70.0,282744.439183,287148.655503,287148.655494,4102.123649914286,44.451011,282744.439183,33786.796543166085,77.00538755,63.829222028985505,9.478256892117853,0.24377617188344683,57,64,,True,True,,396,59.56268577710819
181,2026-09-21T07:59:09.777+00:00,2026-09-21T08:03:54.214+00:00,2026-09-21T08:03:55.064+00:00,True,15,15.0,,15.0,284436.89375,285287.093046,285287.09308799997,19019.139539199998,44.686381000000004,284436.89375,73425.61095532586,85389.0668434,60.72852114285714,11.411730733974235,0.052578614194724135,57,64,,True,True,,50,59.56268577710819
183,2026-09-21T07:59:10.444+00:00,2026-09-21T08:03:55.581+00:00,2026-09-21T08:04:01.112+00:00,True,88,88.0,,88.0,285136.06507,290667.27300600003,290667.27294500003,3303.0371925568184,41.601461,285136.06507,30388.83075825243,78.4437515,63.57710271264367,9.390553724418776,0.3027516620289876,57,64,,True,True,,176,59.56268577710819
184,2026-09-21T07:59:10.850+00:00,2026-09-21T08:03:57.691+00:00,2026-09-21T08:03:59.230+00:00,True,25,25.0,,25.0,286840.91748,288379.558632,288379.558783,11535.18235132,47.736331,286840.91748,57355.36210859444,79.51839,64.110048,8.63863399154489,0.0866913040528729,57,64,,True,True,,53,59.56268577710819
182,2026-09-21T07:59:10.144+00:00,2026-09-21T08:04:00.669+00:00,2026-09-21T08:04:02.781+00:00,True,34,34.0,,34.0,290524.201547,292636.22177099995,292636.221731,8606.947697970587,47.179481,290524.201547,49813.514450882525,79.66997585,64.00061284848485,9.880798692886712,0.11618520699261357,57,64,,True,True,,80,59.56268577710819
185,2026-09-21T07:59:11.240+00:00,2026-09-21T08:04:01.602+00:00,2026-09-21T08:04:01.602+00:00,True,1,1.0,,1.0,290362.031572,290362.031572,290362.031572,290362.031572,290362.031572,290362.031572,nan,290362.031572,nan,nan,0.0034439764544491884,57,64,,True,True,,4,59.56268577710819
186,2026-09-21T07:59:11.640+00:00,2026-09-21T08:04:03.988+00:00,2026-09-21T08:04:07.371+00:00,True,56,56.0,,56.0,292348.125232,295730.850608,295730.850722,5280.908048607143,43.614911,292348.125232,39058.4436988577,77.7101945,61.504097745454544,9.007571987167333,0.18936137330572134,57,64,,True,True,,113,59.56268577710819
187,2026-09-21T07:59:11.973+00:00,2026-09-21T08:04:05.782+00:00,2026-09-21T08:04:09.057+00:00,True,53,53.0,,53.0,293808.614547,297083.316627,297083.316826,5605.345600490566,47.763551,293808.614547,40349.0675830634,75.0762774,62.97504,8.525844179220913,0.1784011320519342,57,64,,True,True,,261,59.56268577710819
188,2026-09-21T07:59:12.315+00:00,2026-09-21T08:04:07.521+00:00,2026-09-21T08:04:11.724+00:00,True,67,67.0,,67.0,295206.056433,299409.595633,299409.595691,4468.799935686568,45.857461,295206.056433,36057.38006253467,76.811415,63.689987878787875,9.168635154200144,0.22377372327814418,57,64,,True,True,,402,59.56268577710819
189,2026-09-21T07:59:12.779+00:00,2026-09-21T08:04:10.158+00:00,2026-09-21T08:04:12.823+00:00,False,45,44.0,,44.0,297379.052408,300044.198264,300044.198363,6667.648852511111,0.03071,297379.052408,44321.624433396304,79.401068,60.571496727272724,13.958584084666715,0.1466450618094795,57,64,,True,False,Request timeout: 300.0s exceeded,173,59.56268577710819
190,2026-09-21T07:59:13.208+00:00,2026-09-21T08:04:12.449+00:00,2026-09-21T08:04:13.257+00:00,False,16,15.0,,15.0,299241.50261799997,300049.90888999996,300049.908795,18753.1192996875,0.03865,299241.50261799997,74796.90417300008,74870.8470535,53.89375146666667,17.700590361909747,0.04999168323526832,57,64,,True,False,Request timeout: 300.0s exceeded,60,59.56268577710819
191,2026-09-21T07:59:13.592+00:00,2026-09-21T08:04:13.690+00:00,2026-09-21T08:04:13.690+00:00,False,1,0.0,,0.0,300098.244129,300098.244129,300098.244129,300098.244129,300098.244129,300098.244129,nan,300098.244129,nan,nan,0.0,57,64,,True,False,"HTTPConnectionPool(host='gpu06', port=9004): Read timed out.",0,59.56268577710819
192,2026-09-21T07:59:13.863+00:00,2026-09-21T08:04:13.929+00:00,2026-09-21T08:04:13.929+00:00,False,1,0.0,,0.0,300066.016562,300066.016562,300066.016562,300066.016562,300066.016562,300066.016562,nan,300066.016562,nan,nan,0.0,57,64,,True,False,"HTTPConnectionPool(host='gpu06', port=9004): Read timed out.",0,59.56268577710819
193,2026-09-21T07:59:14.211+00:00,2026-09-21T08:04:14.275+00:00,2026-09-21T08:04:14.275+00:00,False,1,0.0,,0.0,300063.769898,300063.769898,300063.769898,300063.769898,300063.769898,300063.769898,nan,300063.769898,nan,nan,0.0,57,64,,True,False,"HTTPConnectionPool(host='gpu06', port=9004): Read timed out.",0,59.56268577710819
194,2026-09-21T07:59:14.666+00:00,2026-09-21T08:04:14.751+00:00,2026-09-21T08:04:14.751+00:00,False,1,0.0,,0.0,300085.44092799997,300085.44092799997,300085.44092799997,300085.44092799997,300085.44092799997,300085.44092799997,nan,300085.44092799997,nan,nan,0.0,57,64,,True,False,"HTTPConnectionPool(host='gpu06', port=9004): Read timed out.",0,59.56268577710819
195,2026-09-21T07:59:14.969+00:00,2026-09-21T08:04:15.061+00:00,2026-09-21T08:04:15.061+00:00,False,1,0.0,,0.0,300091.49274699995,300091.49274699995,300091.49274699995,300091.49274699995,300091.49274699995,300091.49274699995,nan,300091.49274699995,nan,nan,0.0,57,64,,True,False,"HTTPConnectionPool(host='gpu06', port=9004): Read timed out.",0,59.56268577710819
196,2026-09-21T07:59:15.334+00:00,2026-09-21T08:04:15.458+00:00,2026-09-21T08:04:15.458+00:00,False,1,0.0,,0.0,300124.52081300004,300124.52081300004,300124.52081300004,300124.52081300004,300124.52081300004,300124.52081300004,nan,300124.52081300004,nan,nan,0.0,57,64,,True,False,"HTTPConnectionPool(host='gpu06', port=9004): Read timed out.",0,59.56268577710819
197,2026-09-21T07:59:15.781+00:00,2026-09-21T08:04:15.804+00:00,2026-09-21T08:04:15.804+00:00,False,1,0.0,,0.0,300023.512142,300023.512142,300023.512142,300023.512142,300023.512142,300023.512142,nan,300023.512142,nan,nan,0.0,57,64,,True,False,TTFT timeout: 300.0s exceeded (TTFT: 300.011s),0,59.56268577710819
198,2026-09-21T07:59:16.081+00:00,2026-09-21T08:04:16.189+00:00,2026-09-21T08:04:16.189+00:00,False,1,0.0,,0.0,300107.997134,300107.997134,300107.997134,300107.997134,300107.997134,300107.997134,nan,300107.997134,nan,nan,0.0,57,64,,True,False,"HTTPConnectionPool(host='gpu06', port=9004): Read timed out.",0,59.56268577710819
199,2026-09-21T07:59:16.553+00:00,2026-09-21T08:04:16.654+00:00,2026-09-21T08:04:16.654+00:00,False,1,0.0,,0.0,300101.54726200004,300101.54726200004,300101.54726200004,300101.54726200004,300101.54726200004,300101.54726200004,nan,300101.54726200004,nan,nan,0.0,57,64,,True,False,"HTTPConnectionPool(host='gpu06', port=9004): Read timed out.",0,59.56268577710819
200,2026-09-21T07:59:16.938+00:00,2026-09-21T08:04:17.016+00:00,2026-09-21T08:04:17.016+00:00,False,1,0.0,,0.0,300078.038465,300078.038465,300078.038465,300078.038465,300078.038465,300078.038465,nan,300078.038465,nan,nan,0.0,57,64,,True,False,"HTTPConnectionPool(host='gpu06', port=9004): Read timed out.",0,59.56268577710819
201,2026-09-21T07:59:17.381+00:00,2026-09-21T08:04:17.401+00:00,2026-09-21T08:04:17.401+00:00,False,1,0.0,,0.0,300019.94925400004,300019.94925400004,300019.94925400004,300019.94925400004,300019.94925400004,300019.94925400004,nan,300019.94925400004,nan,nan,0.0,57,64,,True,False,"HTTPConnectionPool(host='gpu06', port=9004): Read timed out.",0,59.56268577710819
202,2026-09-21T07:59:17.671+00:00,2026-09-21T08:04:17.751+00:00,2026-09-21T08:04:17.751+00:00,False,1,0.0,,0.0,300079.96387599997,300079.96387599997,300079.96387599997,300079.96387599997,300079.96387599997,300079.96387599997,nan,300079.96387599997,nan,nan,0.0,57,64,,True,False,"HTTPConnectionPool(host='gpu06', port=9004): Read timed out.",0,59.56268577710819
203,2026-09-21T07:59:18.052+00:00,2026-09-21T08:04:18.102+00:00,2026-09-21T08:04:18.102+00:00,False,1,0.0,,0.0,300050.66177999997,300050.66177999997,300050.66177999997,300050.66177999997,300050.66177999997,300050.66177999997,nan,300050.66177999997,nan,nan,0.0,57,64,,True,False,TTFT timeout: 300.0s exceeded (TTFT: 300.044s),0,59.56268577710819
205,2026-09-21T07:59:19.382+00:00,2026-09-21T08:04:19.158+00:00,2026-09-21T08:04:19.857+00:00,False,13,12.0,,12.0,299775.68435500003,300475.00749100005,300475.00753000006,23113.46211769231,0.0246,299775.68435500003,83126.65646346578,119978.77440520002,58.276928,27.29716735241777,0.03993676579027768,57,64,,True,False,Request timeout: 300.0s exceeded,12,59.56268577710819
206,2026-09-21T07:59:19.505+00:00,2026-09-21T08:04:19.355+00:00,2026-09-21T08:04:19.427+00:00,True,2,2.0,,2.0,299849.76712800004,299921.672152,299921.67203,149960.836015,71.904902,299849.76712800004,211974.9592296112,284860.8740167001,71.905024,nan,0.006668407740092893,57,64,,True,True,,3,59.56268577710819
204,2026-09-21T07:59:19.341+00:00,2026-09-21T08:04:20.098+00:00,2026-09-21T08:04:20.098+00:00,False,1,0.0,,0.0,300757.64235900005,300757.64235900005,300757.64235900005,300757.64235900005,300757.64235900005,300757.64235900005,nan,300757.64235900005,nan,nan,0.0,57,64,,True,False,"HTTPConnectionPool(host='gpu06', port=9004): Read timed out.",0,59.56268577710819
207,2026-09-21T07:59:20.004+00:00,2026-09-21T08:04:20.402+00:00,2026-09-21T08:04:20.402+00:00,False,1,0.0,,0.0,300397.399437,300397.399437,300397.399437,300397.399437,300397.399437,300397.399437,nan,300397.399437,nan,nan,0.0,57,64,,True,False,"HTTPConnectionPool(host='gpu06', port=9004): Read timed out.",0,59.56268577710819
208,2026-09-21T07:59:20.122+00:00,2026-09-21T08:04:20.862+00:00,2026-09-21T08:04:21.359+00:00,False,7,6.0,,6.0,300739.978156,301237.69156400004,301237.69165600004,43033.95595085715,0.02927,300739.978156,113637.68620446514,210568.6388014,82.95223466666667,56.85278239560309,0.01991782624826435,57,64,,True,False,Request timeout: 300.0s exceeded,15,59.56268577710819
211,2026-09-21T07:59:21.295+00:00,2026-09-21T08:04:21.526+00:00,2026-09-21T08:04:21.526+00:00,False,1,0.0,,0.0,300230.906406,300230.906406,300230.906406,300230.906406,300230.906406,300230.906406,nan,300230.906406,nan,nan,0.0,57,64,,True,False,"HTTPConnectionPool(host='gpu06', port=9004): Read timed out.",0,59.56268577710819
212,2026-09-21T07:59:21.719+00:00,2026-09-21T08:04:21.899+00:00,2026-09-21T08:04:21.899+00:00,False,1,0.0,,0.0,300179.572987,300179.572987,300179.572987,300179.572987,300179.572987,300179.572987,nan,300179.572987,nan,nan,0.0,57,64,,True,False,"HTTPConnectionPool(host='gpu06', port=9004): Read timed out.",0,59.56268577710819
209,2026-09-21T07:59:20.409+00:00,2026-09-21T08:04:21.900+00:00,2026-09-21T08:04:21.900+00:00,False,1,0.0,,0.0,301491.054882,301491.054882,301491.054882,301491.054882,301491.054882,301491.054882,nan,301491.054882,nan,nan,0.0,57,64,,True,False,"HTTPConnectionPool(host='gpu06', port=9004): Read timed out.",0,59.56268577710819
213,2026-09-21T07:59:22.058+00:00,2026-09-21T08:04:23.280+00:00,2026-09-21T08:04:23.280+00:00,False,1,0.0,,0.0,301222.433976,301222.433976,301222.433976,301222.433976,301222.433976,301222.433976,nan,301222.433976,nan,nan,0.0,57,64,,True,False,"HTTPConnectionPool(host='gpu06', port=9004): Read timed out.",0,59.56268577710819
214,2026-09-21T07:59:22.326+00:00,2026-09-21T08:04:23.282+00:00,2026-09-21T08:04:23.282+00:00,False,1,0.0,,0.0,300956.330092,300956.330092,300956.330092,300956.330092,300956.330092,300956.330092,nan,300956.330092,nan,nan,0.0,57,64,,True,False,"HTTPConnectionPool(host='gpu06', port=9004): Read timed out.",0,59.56268577710819
216,2026-09-21T07:59:23.170+00:00,2026-09-21T08:04:23.293+00:00,2026-09-21T08:04:23.293+00:00,False,1,0.0,,0.0,300122.499269,300122.499269,300122.499269,300122.499269,300122.499269,300122.499269,nan,300122.499269,nan,nan,0.0,57,64,,True,False,"HTTPConnectionPool(host='gpu06', port=9004): Read timed out.",0,59.56268577710819
210,2026-09-21T07:59:20.885+00:00,2026-09-21T08:04:23.298+00:00,2026-09-21T08:04:23.298+00:00,False,1,0.0,,0.0,302413.40426,302413.40426,302413.40426,302413.40426,302413.40426,302413.40426,nan,302413.40426,nan,nan,0.0,57,64,,True,False,"HTTPConnectionPool(host='gpu06', port=9004): Read timed out.",0,59.56268577710819
215,2026-09-21T07:59:22.763+00:00,2026-09-21T08:04:23.315+00:00,2026-09-21T08:04:23.315+00:00,False,1,0.0,,0.0,300551.939475,300551.939475,300551.939475,300551.939475,300551.939475,300551.939475,nan,300551.939475,nan,nan,0.0,57,64,,True,False,"HTTPConnectionPool(host='gpu06', port=9004): Read timed out.",0,59.56268577710819
217,2026-09-21T07:59:23.623+00:00,2026-09-21T08:04:23.737+00:00,2026-09-21T08:04:23.737+00:00,False,1,0.0,,0.0,300114.893338,300114.893338,300114.893338,300114.893338,300114.893338,300114.893338,nan,300114.893338,nan,nan,0.0,57,64,,True,False,"HTTPConnectionPool(host='gpu06', port=9004): Read timed out.",0,59.56268577710819
218,2026-09-21T07:59:24.075+00:00,2026-09-21T08:04:24.124+00:00,2026-09-21T08:04:24.124+00:00,False,1,0.0,,0.0,300048.785587,300048.785587,300048.785587,300048.785587,300048.785587,300048.785587,nan,300048.785587,nan,nan,0.0,57,64,,True,False,"HTTPConnectionPool(host='gpu06', port=9004): Read timed out.",0,59.56268577710819
219,2026-09-21T07:59:24.481+00:00,2026-09-21T08:04:24.584+00:00,2026-09-21T08:04:24.584+00:00,False,1,0.0,,0.0,300102.78646100004,300102.78646100004,300102.78646100004,300102.78646100004,300102.78646100004,300102.78646100004,nan,300102.78646100004,nan,nan,0.0,57,64,,True,False,"HTTPConnectionPool(host='gpu06', port=9004): Read timed out.",0,59.56268577710819
220,2026-09-21T07:59:24.864+00:00,2026-09-21T08:04:24.940+00:00,2026-09-21T08:04:24.940+00:00,False,1,0.0,,0.0,300075.633524,300075.633524,300075.633524,300075.633524,300075.633524,300075.633524,nan,300075.633524,nan,nan,0.0,57,64,,True,False,"HTTPConnectionPool(host='gpu06', port=9004): Read timed out.",0,59.56268577710819
221,2026-09-21T07:59:25.340+00:00,2026-09-21T08:04:25.326+00:00,2026-09-21T08:04:25.532+00:00,False,3,2.0,,2.0,299985.76704,300191.323776,300191.323914,100063.774638,0.04137,299985.76704,173137.55467660373,270007.7418864,102.778368,145.29227371798615,0.006662417736937599,57,64,,True,False,Request timeout: 300.0s exceeded,2,59.56268577710819
222,2026-09-21T07:59:25.745+00:00,2026-09-21T08:04:25.717+00:00,2026-09-21T08:04:25.788+00:00,False,3,2.0,,2.0,299972.188593,300042.823857,300042.823905,100014.274635,0.052469999999999996,299972.188593,173168.6367661868,269982.0280179,35.317632,49.87245623754868,0.006665715161223777,57,64,,True,False,Request timeout: 300.0s exceeded,4,59.56268577710819
223,2026-09-21T07:59:26.180+00:00,2026-09-21T08:04:26.285+00:00,2026-09-21T08:04:26.285+00:00,False,1,0.0,,0.0,300105.581896,300105.581896,300105.581896,300105.581896,300105.581896,300105.581896,nan,300105.581896,nan,nan,0.0,57,64,,True,False,"HTTPConnectionPool(host='gpu06', port=9004): Read timed out.",0,59.56268577710819
224,2026-09-21T07:59:26.532+00:00,2026-09-21T08:04:26.593+00:00,2026-09-21T08:04:26.593+00:00,False,1,0.0,,0.0,300060.680802,300060.680802,300060.680802,300060.680802,300060.680802,300060.680802,nan,300060.680802,nan,nan,0.0,57,64,,True,False,"HTTPConnectionPool(host='gpu06', port=9004): Read timed out.",0,59.56268577710819
225,2026-09-21T07:59:26.983+00:00,2026-09-21T08:04:27.085+00:00,2026-09-21T08:04:27.085+00:00,False,1,0.0,,0.0,300101.760893,300101.760893,300101.760893,300101.760893,300101.760893,300101.760893,nan,300101.760893,nan,nan,0.0,57,64,,True,False,TTFT timeout: 300.0s exceeded (TTFT: 300.097s),0,59.56268577710819
226,2026-09-21T07:59:27.388+00:00,2026-09-21T08:04:27.492+00:00,2026-09-21T08:04:27.492+00:00,False,1,0.0,,0.0,300104.570635,300104.570635,300104.570635,300104.570635,300104.570635,300104.570635,nan,300104.570635,nan,nan,0.0,57,64,,True,False,"HTTPConnectionPool(host='gpu06', port=9004): Read timed out.",0,59.56268577710819
227,2026-09-21T07:59:27.758+00:00,2026-09-21T08:04:27.764+00:00,2026-09-21T08:04:27.764+00:00,False,1,0.0,,0.0,300006.05960900005,300006.05960900005,300006.05960900005,300006.05960900005,300006.05960900005,300006.05960900005,nan,300006.05960900005,nan,nan,0.0,57,64,,True,False,TTFT timeout: 300.0s exceeded (TTFT: 300.000s),0,59.56268577710819
228,2026-09-21T07:59:28.076+00:00,2026-09-21T08:04:28.140+00:00,2026-09-21T08:04:28.140+00:00,False,1,0.0,,0.0,300063.989608,300063.989608,300063.989608,300063.989608,300063.989608,300063.989608,nan,300063.989608,nan,nan,0.0,57,64,,True,False,"HTTPConnectionPool(host='gpu06', port=9004): Read timed out.",0,59.56268577710819
229,2026-09-21T07:59:28.428+00:00,2026-09-21T08:04:28.544+00:00,2026-09-21T08:04:28.544+00:00,False,1,0.0,,0.0,300115.957676,300115.957676,300115.957676,300115.957676,300115.957676,300115.957676,nan,300115.957676,nan,nan,0.0,57,64,,True,False,"HTTPConnectionPool(host='gpu06', port=9004): Read timed out.",0,59.56268577710819
230,2026-09-21T07:59:28.839+00:00,2026-09-21T08:04:28.944+00:00,2026-09-21T08:04:28.944+00:00,False,1,0.0,,0.0,300105.597758,300105.597758,300105.597758,300105.597758,300105.597758,300105.597758,nan,300105.597758,nan,nan,0.0,57,64,,True,False,TTFT timeout: 300.0s exceeded (TTFT: 300.097s),0,59.56268577710819
231,2026-09-21T07:59:29.224+00:00,2026-09-21T08:04:29.267+00:00,2026-09-21T08:04:29.267+00:00,False,1,0.0,,0.0,300042.80563099997,300042.80563099997,300042.80563099997,300042.80563099997,300042.80563099997,300042.80563099997,nan,300042.80563099997,nan,nan,0.0,57,64,,True,False,TTFT timeout: 300.0s exceeded (TTFT: 300.033s),0,59.56268577710819
232,2026-09-21T07:59:29.554+00:00,2026-09-21T08:04:29.606+00:00,2026-09-21T08:04:29.606+00:00,False,1,0.0,,0.0,300051.97708,300051.97708,300051.97708,300051.97708,300051.97708,300051.97708,nan,300051.97708,nan,nan,0.0,57,64,,True,False,TTFT timeout: 300.0s exceeded (TTFT: 300.038s),0,59.56268577710819
233,2026-09-21T07:59:29.994+00:00,2026-09-21T08:04:30.104+00:00,2026-09-21T08:04:30.104+00:00,False,1,0.0,,0.0,300110.09409100004,300110.09409100004,300110.09409100004,300110.09409100004,300110.09409100004,300110.09409100004,nan,300110.09409100004,nan,nan,0.0,57,64,,True,False,"HTTPConnectionPool(host='gpu06', port=9004): Read timed out.",0,59.56268577710819
234,2026-09-21T07:59:30.404+00:00,2026-09-21T08:04:30.489+00:00,2026-09-21T08:04:30.489+00:00,False,1,0.0,,0.0,300085.880063,300085.880063,300085.880063,300085.880063,300085.880063,300085.880063,nan,300085.880063,nan,nan,0.0,57,64,,True,False,"HTTPConnectionPool(host='gpu06', port=9004): Read timed out.",0,59.56268577710819
235,2026-09-21T07:59:30.682+00:00,2026-09-21T08:04:30.796+00:00,2026-09-21T08:04:30.796+00:00,False,1,0.0,,0.0,300114.33411500003,300114.33411500003,300114.33411500003,300114.33411500003,300114.33411500003,300114.33411500003,nan,300114.33411500003,nan,nan,0.0,57,64,,True,False,"HTTPConnectionPool(host='gpu06', port=9004): Read timed out.",0,59.56268577710819
236,2026-09-21T07:59:31.068+00:00,2026-09-21T08:04:31.180+00:00,2026-09-21T08:04:31.180+00:00,False,1,0.0,,0.0,300112.601119,300112.601119,300112.601119,300112.601119,300112.601119,300112.601119,nan,300112.601119,nan,nan,0.0,57,64,,True,False,"HTTPConnectionPool(host='gpu06', port=9004): Read timed out.",0,59.56268577710819
237,2026-09-21T07:59:31.551+00:00,2026-09-21T08:04:31.693+00:00,2026-09-21T08:04:32.858+00:00,False,20,19.0,,19.0,300141.89508700004,301307.06705500005,301307.067052,15065.353352600003,0.03832,300141.89508700004,67100.06376740453,15183.281634650002,61.324840421052635,34.46948243753129,0.06305859396431539,57,64,,True,False,Request timeout: 300.0s exceeded,59,59.56268577710819
238,2026-09-21T07:59:32.014+00:00,2026-09-21T08:04:32.069+00:00,2026-09-21T08:04:32.564+00:00,True,10,10.0,,10.0,300055.229014,300550.203222,300550.20320499997,30055.0203205,45.458061,300055.229014,94868.40349128007,165061.9565086,54.99713422222222,8.751456493823897,0.033272311556593916,57,64,,True,True,,30,59.56268577710819
240,2026-09-21T07:59:32.950+00:00,2026-09-21T08:04:33.050+00:00,2026-09-21T08:04:33.050+00:00,False,1,0.0,,0.0,300100.359683,300100.359683,300100.359683,300100.359683,300100.359683,300100.359683,nan,300100.359683,nan,nan,0.0,57,64,,True,False,"HTTPConnectionPool(host='gpu06', port=9004): Read timed out.",0,59.56268577710819
241,2026-09-21T07:59:33.332+00:00,2026-09-21T08:04:33.347+00:00,2026-09-21T08:04:33.347+00:00,False,1,0.0,,0.0,300014.689395,300014.689395,300014.689395,300014.689395,300014.689395,300014.689395,nan,300014.689395,nan,nan,0.0,57,64,,True,False,"HTTPConnectionPool(host='gpu06', port=9004): Read timed out.",0,59.56268577710819
239,2026-09-21T07:59:32.478+00:00,2026-09-21T08:04:33.619+00:00,2026-09-21T08:04:33.619+00:00,False,1,0.0,,0.0,301141.333976,301141.333976,301141.333976,301141.333976,301141.333976,301141.333976,nan,301141.333976,nan,nan,0.0,57,64,,True,False,"HTTPConnectionPool(host='gpu06', port=9004): Read timed out.",0,59.56268577710819
243,2026-09-21T07:59:35.079+00:00,2026-09-21T08:04:35.547+00:00,2026-09-21T08:04:35.547+00:00,False,1,0.0,,0.0,300467.881288,300467.881288,300467.881288,300467.881288,300467.881288,300467.881288,nan,300467.881288,nan,nan,0.0,57,64,,True,False,"HTTPConnectionPool(host='gpu06', port=9004): Read timed out.",0,59.56268577710819
244,2026-09-21T07:59:35.236+00:00,2026-09-21T08:04:35.763+00:00,2026-09-21T08:04:35.763+00:00,False,1,0.0,,0.0,300526.193958,300526.193958,300526.193958,300526.193958,300526.193958,300526.193958,nan,300526.193958,nan,nan,0.0,57,64,,True,False,"HTTPConnectionPool(host='gpu06', port=9004): Read timed out.",0,59.56268577710819
242,2026-09-21T07:59:35.077+00:00,2026-09-21T08:04:35.878+00:00,2026-09-21T08:04:35.878+00:00,False,1,0.0,,0.0,300800.991158,300800.991158,300800.991158,300800.991158,300800.991158,300800.991158,nan,300800.991158,nan,nan,0.0,57,64,,True,False,"HTTPConnectionPool(host='gpu06', port=9004): Read timed out.",0,59.56268577710819
246,2026-09-21T07:59:35.466+00:00,2026-09-21T08:04:35.893+00:00,2026-09-21T08:04:35.893+00:00,False,1,0.0,,0.0,300427.693143,300427.693143,300427.693143,300427.693143,300427.693143,300427.693143,nan,300427.693143,nan,nan,0.0,57,64,,True,False,"HTTPConnectionPool(host='gpu06', port=9004): Read timed out.",0,59.56268577710819
245,2026-09-21T07:59:35.294+00:00,2026-09-21T08:04:36.017+00:00,2026-09-21T08:04:36.017+00:00,False,1,0.0,,0.0,300723.53283,300723.53283,300723.53283,300723.53283,300723.53283,300723.53283,nan,300723.53283,nan,nan,0.0,57,64,,True,False,"HTTPConnectionPool(host='gpu06', port=9004): Read timed out.",0,59.56268577710819
247,2026-09-21T07:59:35.752+00:00,2026-09-21T08:04:36.041+00:00,2026-09-21T08:04:36.041+00:00,False,1,0.0,,0.0,300288.72630800004,300288.72630800004,300288.72630800004,300288.72630800004,300288.72630800004,300288.72630800004,nan,300288.72630800004,nan,nan,0.0,57,64,,True,False,"HTTPConnectionPool(host='gpu06', port=9004): Read timed out.",0,59.56268577710819
248,2026-09-21T07:59:36.128+00:00,2026-09-21T08:04:36.274+00:00,2026-09-21T08:04:36.274+00:00,False,1,0.0,,0.0,300146.34123,300146.34123,300146.34123,300146.34123,300146.34123,300146.34123,nan,300146.34123,nan,nan,0.0,57,64,,True,False,"HTTPConnectionPool(host='gpu06', port=9004): Read timed out.",0,59.56268577710819
249,2026-09-21T07:59:36.470+00:00,2026-09-21T08:04:36.574+00:00,2026-09-21T08:04:36.574+00:00,False,1,0.0,,0.0,300104.68901200005,300104.68901200005,300104.68901200005,300104.68901200005,300104.68901200005,300104.68901200005,nan,300104.68901200005,nan,nan,0.0,57,64,,True,False,"HTTPConnectionPool(host='gpu06', port=9004): Read timed out.",0,59.56268577710819
250,2026-09-21T07:59:36.874+00:00,2026-09-21T08:04:36.914+00:00,2026-09-21T08:04:36.914+00:00,False,1,0.0,,0.0,300039.50898600003,300039.50898600003,300039.50898600003,300039.50898600003,300039.50898600003,300039.50898600003,nan,300039.50898600003,nan,nan,0.0,57,64,,True,False,"HTTPConnectionPool(host='gpu06', port=9004): Read timed out.",0,59.56268577710819
251,2026-09-21T07:59:37.306+00:00,2026-09-21T08:04:37.412+00:00,2026-09-21T08:04:37.412+00:00,False,1,0.0,,0.0,300105.685698,300105.685698,300105.685698,300105.685698,300105.685698,300105.685698,nan,300105.685698,nan,nan,0.0,57,64,,True,False,"HTTPConnectionPool(host='gpu06', port=9004): Read timed out.",0,59.56268577710819
252,2026-09-21T07:59:37.787+00:00,2026-09-21T08:04:37.893+00:00,2026-09-21T08:04:37.893+00:00,False,1,0.0,,0.0,300106.132046,300106.132046,300106.132046,300106.132046,300106.132046,300106.132046,nan,300106.132046,nan,nan,0.0,57,64,,True,False,"HTTPConnectionPool(host='gpu06', port=9004): Read timed out.",0,59.56268577710819
253,2026-09-21T07:59:38.162+00:00,2026-09-21T08:04:38.078+00:00,2026-09-21T08:04:38.253+00:00,False,3,2.0,,2.0,299915.99125099997,300091.144147,300091.14405999996,100030.38135333333,0.04623,299915.99125099997,173106.03815191737,269941.9027838,87.576448,123.786271506436,0.006664641856343145,57,64,,True,False,Request timeout: 300.0s exceeded,6,59.56268577710819
254,2026-09-21T07:59:38.472+00:00,2026-09-21T08:04:38.596+00:00,2026-09-21T08:04:38.596+00:00,False,1,0.0,,0.0,300123.874013,300123.874013,300123.874013,300123.874013,300123.874013,300123.874013,nan,300123.874013,nan,nan,0.0,57,64,,True,False,"HTTPConnectionPool(host='gpu06', port=9004): Read timed out.",0,59.56268577710819
255,2026-09-21T07:59:38.868+00:00,2026-09-21T08:04:38.931+00:00,2026-09-21T08:04:38.931+00:00,False,1,0.0,,0.0,300063.30937699997,300063.30937699997,300063.30937699997,300063.30937699997,300063.30937699997,300063.30937699997,nan,300063.30937699997,nan,nan,0.0,57,64,,True,False,"HTTPConnectionPool(host='gpu06', port=9004): Read timed out.",0,59.56268577710819
256,2026-09-21T07:59:39.158+00:00,2026-09-21T08:04:39.268+00:00,2026-09-21T08:04:39.268+00:00,False,1,0.0,,0.0,300110.468361,300110.468361,300110.468361,300110.468361,300110.468361,300110.468361,nan,300110.468361,nan,nan,0.0,57,64,,True,False,"HTTPConnectionPool(host='gpu06', port=9004): Read timed out.",0,59.56268577710819
257,2026-09-21T07:59:39.453+00:00,2026-09-21T08:04:39.554+00:00,2026-09-21T08:04:39.554+00:00,False,1,0.0,,0.0,300101.126578,300101.126578,300101.126578,300101.126578,300101.126578,300101.126578,nan,300101.126578,nan,nan,0.0,57,64,,True,False,TTFT timeout: 300.0s exceeded (TTFT: 300.094s),0,59.56268577710819
258,2026-09-21T07:59:39.870+00:00,2026-09-21T08:04:39.952+00:00,2026-09-21T08:04:39.952+00:00,False,1,0.0,,0.0,300082.01660699997,300082.01660699997,300082.01660699997,300082.01660699997,300082.01660699997,300082.01660699997,nan,300082.01660699997,nan,nan,0.0,57,64,,True,False,"HTTPConnectionPool(host='gpu06', port=9004): Read timed out.",0,59.56268577710819
259,2026-09-21T07:59:40.296+00:00,2026-09-21T08:04:40.403+00:00,2026-09-21T08:04:40.403+00:00,False,1,0.0,,0.0,300106.64714200003,300106.64714200003,300106.64714200003,300106.64714200003,300106.64714200003,300106.64714200003,nan,300106.64714200003,nan,nan,0.0,57,64,,True,False,"HTTPConnectionPool(host='gpu06', port=9004): Read timed out.",0,59.56268577710819
260,2026-09-21T07:59:40.629+00:00,2026-09-21T08:04:40.624+00:00,2026-09-21T08:04:40.698+00:00,False,3,2.0,,2.0,299995.018469,300069.511397,300069.511474,100023.17049133334,0.03796,299995.018469,173180.70438757865,270002.9621266,37.246464,52.62087281579005,0.0066651223267862976,57,64,,True,False,Request timeout: 300.0s exceeded,5,59.56268577710819
261,2026-09-21T07:59:40.981+00:00,2026-09-21T08:04:41.073+00:00,2026-09-21T08:04:41.073+00:00,False,1,0.0,,0.0,300092.252061,300092.252061,300092.252061,300092.252061,300092.252061,300092.252061,nan,300092.252061,nan,nan,0.0,57,64,,True,False,"HTTPConnectionPool(host='gpu06', port=9004): Read timed out.",0,59.56268577710819
262,2026-09-21T07:59:41.457+00:00,2026-09-21T08:04:41.560+00:00,2026-09-21T08:04:41.560+00:00,False,1,0.0,,0.0,300102.964209,300102.964209,300102.964209,300102.964209,300102.964209,300102.964209,nan,300102.964209,nan,nan,0.0,57,64,,True,False,"HTTPConnectionPool(host='gpu06', port=9004): Read timed out.",0,59.56268577710819
263,2026-09-21T07:59:41.915+00:00,2026-09-21T08:04:42.004+00:00,2026-09-21T08:04:42.004+00:00,False,1,0.0,,0.0,300089.163981,300089.163981,300089.163981,300089.163981,300089.163981,300089.163981,nan,300089.163981,nan,nan,0.0,57,64,,True,False,TTFT timeout: 300.0s exceeded (TTFT: 300.081s),0,59.56268577710819
264,2026-09-21T07:59:42.366+00:00,2026-09-21T08:04:42.456+00:00,2026-09-21T08:04:42.456+00:00,False,1,0.0,,0.0,300089.901764,300089.901764,300089.901764,300089.901764,300089.901764,300089.901764,nan,300089.901764,nan,nan,0.0,57,64,,True,False,TTFT timeout: 300.0s exceeded (TTFT: 300.085s),0,59.56268577710819
265,2026-09-21T07:59:42.721+00:00,2026-09-21T08:04:42.769+00:00,2026-09-21T08:04:42.769+00:00,False,1,0.0,,0.0,300048.27716299996,300048.27716299996,300048.27716299996,300048.27716299996,300048.27716299996,300048.27716299996,nan,300048.27716299996,nan,nan,0.0,57,64,,True,False,TTFT timeout: 300.0s exceeded (TTFT: 300.030s),0,59.56268577710819
266,2026-09-21T07:59:43.207+00:00,2026-09-21T08:04:43.323+00:00,2026-09-21T08:04:43.323+00:00,False,1,0.0,,0.0,300116.219358,300116.219358,300116.219358,300116.219358,300116.219358,300116.219358,nan,300116.219358,nan,nan,0.0,57,64,,True,False,"HTTPConnectionPool(host='gpu06', port=9004): Read timed out.",0,59.56268577710819
267,2026-09-21T07:59:43.607+00:00,2026-09-21T08:04:43.690+00:00,2026-09-21T08:04:43.690+00:00,False,1,0.0,,0.0,300082.33995999995,300082.33995999995,300082.33995999995,300082.33995999995,300082.33995999995,300082.33995999995,nan,300082.33995999995,nan,nan,0.0,57,64,,True,False,"HTTPConnectionPool(host='gpu06', port=9004): Read timed out.",0,59.56268577710819
268,2026-09-21T07:59:43.934+00:00,2026-09-21T08:04:44.042+00:00,2026-09-21T08:04:44.042+00:00,False,1,0.0,,0.0,300108.15048,300108.15048,300108.15048,300108.15048,300108.15048,300108.15048,nan,300108.15048,nan,nan,0.0,57,64,,True,False,"HTTPConnectionPool(host='gpu06', port=9004): Read timed out.",0,59.56268577710819
269,2026-09-21T07:59:44.247+00:00,2026-09-21T08:04:44.352+00:00,2026-09-21T08:04:44.352+00:00,False,1,0.0,,0.0,300105.182903,300105.182903,300105.182903,300105.182903,300105.182903,300105.182903,nan,300105.182903,nan,nan,0.0,57,64,,True,False,"HTTPConnectionPool(host='gpu06', port=9004): Read timed out.",0,59.56268577710819
270,2026-09-21T07:59:44.654+00:00,2026-09-21T08:04:44.637+00:00,2026-09-21T08:04:44.747+00:00,False,3,2.0,,2.0,299983.366399,300093.448959,300093.448992,100031.149664,0.04954,299983.366399,173163.7079674133,269996.0330644,55.04128,77.76988916401329,0.006664590669799154,57,64,,True,False,Request timeout: 300.0s exceeded,4,59.56268577710819
271,2026-09-21T07:59:45.108+00:00,2026-09-21T08:04:45.210+00:00,2026-09-21T08:04:45.210+00:00,False,1,0.0,,0.0,300102.163864,300102.163864,300102.163864,300102.163864,300102.163864,300102.163864,nan,300102.163864,nan,nan,0.0,57,64,,True,False,"HTTPConnectionPool(host='gpu06', port=9004): Read timed out.",0,59.56268577710819
272,2026-09-21T07:59:45.442+00:00,2026-09-21T08:04:45.882+00:00,2026-09-21T08:04:47.031+00:00,False,19,18.0,,18.0,300440.515994,301588.779162,301588.779174,15873.093640736843,0.026879999999999998,300440.515994,68911.15403918363,30196.7297225,63.792398222222225,33.21039459292266,0.059683918115306295,57,64,,True,False,Request timeout: 300.0s exceeded,94,59.56268577710819
273,2026-09-21T07:59:45.905+00:00,2026-09-21T08:04:46.415+00:00,2026-09-21T08:04:47.127+00:00,False,15,14.0,,14.0,300510.25503,301222.224822,301222.224897,20081.4816598,0.06117,300510.25503,77578.28492158155,90198.1317409,50.85498514285714,15.388833764037006,0.046477314242908074,57,64,,True,False,Request timeout: 300.0s exceeded,154,59.56268577710819
276,2026-09-21T07:59:47.063+00:00,2026-09-21T08:04:47.250+00:00,2026-09-21T08:04:47.250+00:00,False,1,0.0,,0.0,300187.291508,300187.291508,300187.291508,300187.291508,300187.291508,300187.291508,nan,300187.291508,nan,nan,0.0,57,64,,True,False,"HTTPConnectionPool(host='gpu06', port=9004): Read timed out.",0,59.56268577710819
274,2026-09-21T07:59:46.201+00:00,2026-09-21T08:04:47.332+00:00,2026-09-21T08:04:47.332+00:00,False,1,0.0,,0.0,301130.939628,301130.939628,301130.939628,301130.939628,301130.939628,301130.939628,nan,301130.939628,nan,nan,0.0,57,64,,True,False,"HTTPConnectionPool(host='gpu06', port=9004): Read timed out.",0,59.56268577710819
277,2026-09-21T07:59:47.532+00:00,2026-09-21T08:04:47.547+00:00,2026-09-21T08:04:47.547+00:00,False,1,0.0,,0.0,300014.96549800003,300014.96549800003,300014.96549800003,300014.96549800003,300014.96549800003,300014.96549800003,nan,300014.96549800003,nan,nan,0.0,57,64,,True,False,"HTTPConnectionPool(host='gpu06', port=9004): Read timed out.",0,59.56268577710819
275,2026-09-21T07:59:46.581+00:00,2026-09-21T08:04:47.613+00:00,2026-09-21T08:04:47.613+00:00,False,1,0.0,,0.0,301032.16737800004,301032.16737800004,301032.16737800004,301032.16737800004,301032.16737800004,301032.16737800004,nan,301032.16737800004,nan,nan,0.0,57,64,,True,False,"HTTPConnectionPool(host='gpu06', port=9004): Read timed out.",0,59.56268577710819
278,2026-09-21T07:59:47.796+00:00,2026-09-21T08:04:47.822+00:00,2026-09-21T08:04:47.822+00:00,False,1,0.0,,0.0,300026.19348799996,300026.19348799996,300026.19348799996,300026.19348799996,300026.19348799996,300026.19348799996,nan,300026.19348799996,nan,nan,0.0,57,64,,True,False,"HTTPConnectionPool(host='gpu06', port=9004): Read timed out.",0,59.56268577710819
279,2026-09-21T07:59:48.121+00:00,2026-09-21T08:04:48.234+00:00,2026-09-21T08:04:48.234+00:00,False,1,0.0,,0.0,300112.84362400003,300112.84362400003,300112.84362400003,300112.84362400003,300112.84362400003,300112.84362400003,nan,300112.84362400003,nan,nan,0.0,57,64,,True,False,"HTTPConnectionPool(host='gpu06', port=9004): Read timed out.",0,59.56268577710819
280,2026-09-21T07:59:48.398+00:00,2026-09-21T08:04:48.503+00:00,2026-09-21T08:04:48.503+00:00,False,1,0.0,,0.0,300104.84892400005,300104.84892400005,300104.84892400005,300104.84892400005,300104.84892400005,300104.84892400005,nan,300104.84892400005,nan,nan,0.0,57,64,,True,False,"HTTPConnectionPool(host='gpu06', port=9004): Read timed out.",0,59.56268577710819
281,2026-09-21T07:59:48.703+00:00,2026-09-21T08:04:48.756+00:00,2026-09-21T08:04:48.756+00:00,False,1,0.0,,0.0,300053.484971,300053.484971,300053.484971,300053.484971,300053.484971,300053.484971,nan,300053.484971,nan,nan,0.0,57,64,,True,False,TTFT timeout: 300.0s exceeded (TTFT: 300.047s),0,59.56268577710819
282,2026-09-21T07:59:49.131+00:00,2026-09-21T08:04:49.136+00:00,2026-09-21T08:04:49.136+00:00,False,1,0.0,,0.0,300004.757471,300004.757471,300004.757471,300004.757471,300004.757471,300004.757471,nan,300004.757471,nan,nan,0.0,57,64,,True,False,TTFT timeout: 300.0s exceeded (TTFT: 300.002s),0,59.56268577710819
283,2026-09-21T07:59:49.575+00:00,2026-09-21T08:04:49.677+00:00,2026-09-21T08:04:49.677+00:00,False,1,0.0,,0.0,300101.834369,300101.834369,300101.834369,300101.834369,300101.834369,300101.834369,nan,300101.834369,nan,nan,0.0,57,64,,True,False,"HTTPConnectionPool(host='gpu06', port=9004): Read timed out.",0,59.56268577710819
284,2026-09-21T07:59:49.880+00:00,2026-09-21T08:04:49.985+00:00,2026-09-21T08:04:49.985+00:00,False,1,0.0,,0.0,300104.808553,300104.808553,300104.808553,300104.808553,300104.808553,300104.808553,nan,300104.808553,nan,nan,0.0,57,64,,True,False,"HTTPConnectionPool(host='gpu06', port=9004): Read timed out.",0,59.56268577710819
285,2026-09-21T07:59:50.367+00:00,2026-09-21T08:04:50.474+00:00,2026-09-21T08:04:50.474+00:00,False,1,0.0,,0.0,300107.38191000005,300107.38191000005,300107.38191000005,300107.38191000005,300107.38191000005,300107.38191000005,nan,300107.38191000005,nan,nan,0.0,57,64,,True,False,"HTTPConnectionPool(host='gpu06', port=9004): Read timed out.",0,59.56268577710819
286,2026-09-21T07:59:50.787+00:00,2026-09-21T08:04:50.898+00:00,2026-09-21T08:04:50.898+00:00,False,1,0.0,,0.0,300111.699457,300111.699457,300111.699457,300111.699457,300111.699457,300111.699457,nan,300111.699457,nan,nan,0.0,57,64,,True,False,"HTTPConnectionPool(host='gpu06', port=9004): Read timed out.",0,59.56268577710819
287,2026-09-21T07:59:51.056+00:00,2026-09-21T08:04:51.073+00:00,2026-09-21T08:04:51.073+00:00,False,1,0.0,,0.0,300017.357273,300017.357273,300017.357273,300017.357273,300017.357273,300017.357273,nan,300017.357273,nan,nan,0.0,57,64,,True,False,TTFT timeout: 300.0s exceeded (TTFT: 300.011s),0,59.56268577710819
288,2026-09-21T07:59:51.339+00:00,2026-09-21T08:04:51.337+00:00,2026-09-21T08:04:51.464+00:00,False,3,2.0,,2.0,299998.55813200003,300124.69086800003,300124.690934,100041.56364466668,0.024480000000000002,299998.55813200003,173167.84836565188,270011.313151,63.066368,89.15491928137564,0.006663896909700223,57,64,,True,False,Request timeout: 300.0s exceeded,4,59.56268577710819
289,2026-09-21T07:59:51.749+00:00,2026-09-21T08:04:51.866+00:00,2026-09-21T08:04:51.866+00:00,False,1,0.0,,0.0,300117.606903,300117.606903,300117.606903,300117.606903,300117.606903,300117.606903,nan,300117.606903,nan,nan,0.0,57,64,,True,False,"HTTPConnectionPool(host='gpu06', port=9004): Read timed out.",0,59.56268577710819
290,2026-09-21T07:59:52.056+00:00,2026-09-21T08:04:52.114+00:00,2026-09-21T08:04:52.114+00:00,False,1,0.0,,0.0,300058.63419099996,300058.63419099996,300058.63419099996,300058.63419099996,300058.63419099996,300058.63419099996,nan,300058.63419099996,nan,nan,0.0,57,64,,True,False,"HTTPConnectionPool(host='gpu06', port=9004): Read timed out.",0,59.56268577710819
291,2026-09-21T07:59:52.470+00:00,2026-09-21T08:04:52.588+00:00,2026-09-21T08:04:52.588+00:00,False,1,0.0,,0.0,300118.621026,300118.621026,300118.621026,300118.621026,300118.621026,300118.621026,nan,300118.621026,nan,nan,0.0,57,64,,True,False,"HTTPConnectionPool(host='gpu06', port=9004): Read timed out.",0,59.56268577710819
294,2026-09-21T07:59:54.843+00:00,2026-09-21T08:04:55.010+00:00,2026-09-21T08:04:55.010+00:00,False,1,0.0,,0.0,300167.04285900004,300167.04285900004,300167.04285900004,300167.04285900004,300167.04285900004,300167.04285900004,nan,300167.04285900004,nan,nan,0.0,57,64,,True,False,"HTTPConnectionPool(host='gpu06', port=9004): Read timed out.",0,59.56268577710819
292,2026-09-21T07:59:54.305+00:00,2026-09-21T08:04:55.052+00:00,2026-09-21T08:04:55.052+00:00,False,1,0.0,,0.0,300747.127224,300747.127224,300747.127224,300747.127224,300747.127224,300747.127224,nan,300747.127224,nan,nan,0.0,57,64,,True,False,"HTTPConnectionPool(host='gpu06', port=9004): Read timed out.",0,59.56268577710819
295,2026-09-21T07:59:54.915+00:00,2026-09-21T08:04:55.158+00:00,2026-09-21T08:04:55.158+00:00,False,1,0.0,,0.0,300242.067474,300242.067474,300242.067474,300242.067474,300242.067474,300242.067474,nan,300242.067474,nan,nan,0.0,57,64,,True,False,"HTTPConnectionPool(host='gpu06', port=9004): Read timed out.",0,59.56268577710819
296,2026-09-21T07:59:55.007+00:00,2026-09-21T08:04:55.370+00:00,2026-09-21T08:04:55.370+00:00,False,1,0.0,,0.0,300362.62324299995,300362.62324299995,300362.62324299995,300362.62324299995,300362.62324299995,300362.62324299995,nan,300362.62324299995,nan,nan,0.0,57,64,,True,False,"HTTPConnectionPool(host='gpu06', port=9004): Read timed out.",0,59.56268577710819
293,2026-09-21T07:59:54.388+00:00,2026-09-21T08:04:55.381+00:00,2026-09-21T08:04:55.381+00:00,False,1,0.0,,0.0,300993.66358600004,300993.66358600004,300993.66358600004,300993.66358600004,300993.66358600004,300993.66358600004,nan,300993.66358600004,nan,nan,0.0,57,64,,True,False,"HTTPConnectionPool(host='gpu06', port=9004): Read timed out.",0,59.56268577710819
297,2026-09-21T07:59:55.045+00:00,2026-09-21T08:04:55.485+00:00,2026-09-21T08:04:55.485+00:00,False,1,0.0,,0.0,300440.568552,300440.568552,300440.568552,300440.568552,300440.568552,300440.568552,nan,300440.568552,nan,nan,0.0,57,64,,True,False,"HTTPConnectionPool(host='gpu06', port=9004): Read timed out.",0,59.56268577710819
298,2026-09-21T07:59:55.350+00:00,2026-09-21T08:04:55.553+00:00,2026-09-21T08:04:55.553+00:00,False,1,0.0,,0.0,300203.42949199997,300203.42949199997,300203.42949199997,300203.42949199997,300203.42949199997,300203.42949199997,nan,300203.42949199997,nan,nan,0.0,57,64,,True,False,"HTTPConnectionPool(host='gpu06', port=9004): Read timed out.",0,59.56268577710819
299,2026-09-21T07:59:55.635+00:00,2026-09-21T08:04:55.765+00:00,2026-09-21T08:04:55.765+00:00,False,1,0.0,,0.0,300129.893314,300129.893314,300129.893314,300129.893314,300129.893314,300129.893314,nan,300129.893314,nan,nan,0.0,57,64,,True,False,"HTTPConnectionPool(host='gpu06', port=9004): Read timed out.",0,59.56268577710819
300,2026-09-21T07:59:56.007+00:00,2026-09-21T08:04:56.113+00:00,2026-09-21T08:04:56.113+00:00,False,1,0.0,,0.0,300106.33223,300106.33223,300106.33223,300106.33223,300106.33223,300106.33223,nan,300106.33223,nan,nan,0.0,57,64,,True,False,"HTTPConnectionPool(host='gpu06', port=9004): Read timed out.",0,59.56268577710819
301,2026-09-21T07:59:56.468+00:00,2026-09-21T08:04:56.568+00:00,2026-09-21T08:04:56.568+00:00,False,1,0.0,,0.0,300100.246941,300100.246941,300100.246941,300100.246941,300100.246941,300100.246941,nan,300100.246941,nan,nan,0.0,57,64,,True,False,"HTTPConnectionPool(host='gpu06', port=9004): Read timed out.",0,59.56268577710819
302,2026-09-21T07:59:56.921+00:00,2026-09-21T08:04:56.918+00:00,2026-09-21T08:04:57.190+00:00,False,3,2.0,,2.0,299997.09149900003,300268.61047500005,300268.61047300004,100089.53682433335,0.023719999999999998,299997.09149900003,173125.07396735484,270024.53187450004,135.759488,191.95923955393448,0.006660702884780949,57,64,,True,False,Request timeout: 300.0s exceeded,3,59.56268577710819
303,2026-09-21T07:59:57.269+00:00,2026-09-21T08:04:57.350+00:00,2026-09-21T08:04:57.350+00:00,False,1,0.0,,0.0,300080.41820300004,300080.41820300004,300080.41820300004,300080.41820300004,300080.41820300004,300080.41820300004,nan,300080.41820300004,nan,nan,0.0,57,64,,True,False,"HTTPConnectionPool(host='gpu06', port=9004): Read timed out.",0,59.56268577710819
304,2026-09-21T07:59:57.747+00:00,2026-09-21T08:04:57.852+00:00,2026-09-21T08:04:57.852+00:00,False,1,0.0,,0.0,300105.32055,300105.32055,300105.32055,300105.32055,300105.32055,300105.32055,nan,300105.32055,nan,nan,0.0,57,64,,True,False,"HTTPConnectionPool(host='gpu06', port=9004): Read timed out.",0,59.56268577710819
305,2026-09-21T07:59:58.209+00:00,2026-09-21T08:04:58.243+00:00,2026-09-21T08:04:58.243+00:00,False,1,0.0,,0.0,300033.30346499995,300033.30346499995,300033.30346499995,300033.30346499995,300033.30346499995,300033.30346499995,nan,300033.30346499995,nan,nan,0.0,57,64,,True,False,"HTTPConnectionPool(host='gpu06', port=9004): Read timed out.",0,59.56268577710819
306,2026-09-21T07:59:58.660+00:00,2026-09-21T08:04:58.755+00:00,2026-09-21T08:04:58.755+00:00,False,1,0.0,,0.0,300094.673305,300094.673305,300094.673305,300094.673305,300094.673305,300094.673305,nan,300094.673305,nan,nan,0.0,57,64,,True,False,"HTTPConnectionPool(host='gpu06', port=9004): Read timed out.",0,59.56268577710819
307,2026-09-21T07:59:58.956+00:00,2026-09-21T08:04:59.021+00:00,2026-09-21T08:04:59.021+00:00,False,1,0.0,,0.0,300064.966082,300064.966082,300064.966082,300064.966082,300064.966082,300064.966082,nan,300064.966082,nan,nan,0.0,57,64,,True,False,"HTTPConnectionPool(host='gpu06', port=9004): Read timed out.",0,59.56268577710819
308,2026-09-21T07:59:59.350+00:00,2026-09-21T08:04:59.372+00:00,2026-09-21T08:04:59.372+00:00,False,1,0.0,,0.0,300022.01259600004,300022.01259600004,300022.01259600004,300022.01259600004,300022.01259600004,300022.01259600004,nan,300022.01259600004,nan,nan,0.0,57,64,,True,False,TTFT timeout: 300.0s exceeded (TTFT: 300.011s),0,59.56268577710819
309,2026-09-21T07:59:59.618+00:00,2026-09-21T08:04:59.661+00:00,2026-09-21T08:04:59.661+00:00,False,1,0.0,,0.0,300042.661125,300042.661125,300042.661125,300042.661125,300042.661125,300042.661125,nan,300042.661125,nan,nan,0.0,57,64,,True,False,"HTTPConnectionPool(host='gpu06', port=9004): Read timed out.",0,59.56268577710819
310,2026-09-21T08:00:00.069+00:00,2026-09-21T08:05:00.137+00:00,2026-09-21T08:05:00.137+00:00,False,1,0.0,,0.0,300068.011866,300068.011866,300068.011866,300068.011866,300068.011866,300068.011866,nan,300068.011866,nan,nan,0.0,57,64,,True,False,"HTTPConnectionPool(host='gpu06', port=9004): Read timed out.",0,59.56268577710819
311,2026-09-21T08:00:00.554+00:00,2026-09-21T08:05:00.673+00:00,2026-09-21T08:05:00.673+00:00,False,1,0.0,,0.0,300118.981171,300118.981171,300118.981171,300118.981171,300118.981171,300118.981171,nan,300118.981171,nan,nan,0.0,57,64,,True,False,"HTTPConnectionPool(host='gpu06', port=9004): Read timed out.",0,59.56268577710819
312,2026-09-21T08:00:00.885+00:00,2026-09-21T08:05:00.978+00:00,2026-09-21T08:05:00.978+00:00,False,1,0.0,,0.0,300092.675573,300092.675573,300092.675573,300092.675573,300092.675573,300092.675573,nan,300092.675573,nan,nan,0.0,57,64,,True,False,TTFT timeout: 300.0s exceeded (TTFT: 300.086s),0,59.56268577710819
313,2026-09-21T08:00:01.243+00:00,2026-09-21T08:05:01.168+00:00,2026-09-21T08:05:02.967+00:00,False,29,28.0,,28.0,299924.81951,301724.06431,301724.06434,10404.278080689655,0.02444,299924.81951,55682.71916297567,174.14697679999998,64.25874285714286,35.521751816674524,0.0928000226433116,57,64,,True,False,Request timeout: 300.0s exceeded,57,59.56268577710819
315,2026-09-21T08:00:02.051+00:00,2026-09-21T08:05:03.225+00:00,2026-09-21T08:05:03.225+00:00,False,1,0.0,,0.0,301173.20718300005,301173.20718300005,301173.20718300005,301173.20718300005,301173.20718300005,301173.20718300005,nan,301173.20718300005,nan,nan,0.0,57,64,,True,False,"HTTPConnectionPool(host='gpu06', port=9004): Read timed out.",0,59.56268577710819
314,2026-09-21T08:00:01.729+00:00,2026-09-21T08:05:03.793+00:00,2026-09-21T08:05:04.909+00:00,False,29,28.0,,28.0,302063.763597,303179.949197,303179.94899899996,10454.480999965517,0.04079,302063.763597,56084.43464858678,87.766637,39.863771428571425,22.704597596893066,0.09235439241335246,57,64,,True,False,Request timeout: 300.0s exceeded,65,59.56268577710819
0,2026-09-21T07:58:02.314+00:00,2026-09-21T07:58:02.578+00:00,2026-09-21T07:58:03.852+00:00,True,26,26.0,,26.0,263.773368,1538.173112,1538.173194,59.16050746153846,0.01678,263.773368,65.65912576216233,215.47397924999999,50.97598976,51.7352951329308,16.90316895878752,58,64,,False,True,,58,59.56268577710819
2,2026-09-21T07:58:03.117+00:00,2026-09-21T07:58:03.492+00:00,2026-09-21T07:58:03.492+00:00,True,1,1.0,,1.0,374.625255,374.625255,374.625255,374.625255,374.625255,374.625255,nan,374.625255,nan,nan,2.6693341857051256,58,64,,False,True,,3,59.56268577710819
1,2026-09-21T07:58:02.643+00:00,2026-09-21T07:58:05.907+00:00,2026-09-21T07:58:07.476+00:00,True,26,26.0,,26.0,3263.65379,4833.10019,4833.100296,185.8884729230769,40.522114,3263.65379,627.874946270971,95.46920725,62.777856,13.116100299216786,5.37956983672627,58,64,,False,True,,260,59.56268577710819
5,2026-09-21T07:58:04.065+00:00,2026-09-21T07:58:10.055+00:00,2026-09-21T07:58:10.812+00:00,True,13,13.0,,13.0,5989.9194179999995,6746.878393999999,6746.878237,518.9906336153846,39.099975,5989.9194179999995,1643.868643171852,2445.0096899999994,63.07991466666667,14.561700289838667,1.9268170020021265,58,64,,False,True,,13,59.56268577710819
6,2026-09-21T07:58:04.468+00:00,2026-09-21T07:58:12.142+00:00,2026-09-21T07:58:15.280+00:00,True,50,50.0,,50.0,7674.388648,10812.336552,10812.336514,216.24673028,0.01627,7674.388648,1077.6344428885113,81.40282105,64.03975314285714,54.85616409266829,4.62434736095514,58,64,,False,True,,344,59.56268577710819
7,2026-09-21T07:58:04.877+00:00,2026-09-21T07:58:14.280+00:00,2026-09-21T07:58:20.197+00:00,True,97,97.0,,97.0,9402.641932,15319.836684000002,15319.836516000001,157.93645892783505,37.824544,9402.641932,948.4835216480761,76.73897400000001,61.63744533333334,9.613463857216335,6.331660186776439,58,64,,False,True,,479,59.56268577710819
4,2026-09-21T07:58:03.656+00:00,2026-09-21T07:58:15.572+00:00,2026-09-21T07:58:15.572+00:00,True,1,1.0,,1.0,11916.357559,11916.357559,11916.357559,11916.357559,11916.357559,11916.357559,nan,11916.357559,nan,nan,0.08391826068065032,58,64,,False,True,,8,59.56268577710819
3,2026-09-21T07:58:03.382+00:00,2026-09-21T07:58:15.635+00:00,2026-09-21T07:58:19.524+00:00,True,63,63.0,,63.0,12253.316164000002,16141.959492000002,16141.959577000001,256.2215805873016,43.027884,12253.316164000002,1535.8942606713429,76.15229099999999,62.72005367741936,8.568579302187112,3.9028718930451394,58,64,,False,True,,193,59.56268577710819
8,2026-09-21T07:58:05.177+00:00,2026-09-21T07:58:16.551+00:00,2026-09-21T07:58:20.368+00:00,True,62,62.0,,62.0,11374.494898,15190.756274000001,15190.756094,245.01219506451613,43.221355,11374.494898,1436.6529846726837,78.58147645,62.56166190163934,10.258658120366519,4.081429448388765,58,64,,False,True,,124,59.56268577710819
9,2026-09-21T07:58:05.596+00:00,2026-09-21T07:58:18.855+00:00,2026-09-21T07:58:25.250+00:00,True,100,100.0,,100.0,13258.783999,19653.972479,19653.972463,196.53972463,0.0,13258.783999,1320.6336166175645,88.40666565,64.59786343434344,56.924545662489145,5.088029918981958,58,64,,False,True,,399,59.56268577710819
10,2026-09-21T07:58:05.941+00:00,2026-09-21T07:58:20.608+00:00,2026-09-21T07:58:24.439+00:00,True,60,60.0,,60.0,14666.978608,18498.212656,18498.212646,308.3035441,0.0,14666.978608,1886.6119693952319,110.99930665,64.93617030508474,75.7714510860571,3.243556613591998,58,64,,False,True,,64,59.56268577710819
11,2026-09-21T07:58:06.210+00:00,2026-09-21T07:58:21.937+00:00,2026-09-21T07:58:23.786+00:00,True,28,28.0,,28.0,15727.813388,17576.779276,17576.77937,627.7421203571429,0.0,15727.813388,2961.583694400325,471.91297449999996,68.48021807407407,117.56481352825288,1.593010844610893,58,64,,False,True,,107,59.56268577710819
12,2026-09-21T07:58:06.465+00:00,2026-09-21T07:58:23.273+00:00,2026-09-21T07:58:28.750+00:00,True,90,90.0,,90.0,16808.038849,22284.382145,22284.382147,247.6042460777778,0.0,16808.038849,1766.212788171219,77.479432,61.53194714606742,59.04017150423873,4.038702954131197,58,64,,False,True,,90,59.56268577710819
13,2026-09-21T07:58:06.699+00:00,2026-09-21T07:58:24.508+00:00,2026-09-21T07:58:24.574+00:00,True,2,2.0,,2.0,17809.032009,17874.682440999997,17874.682256,8937.341128,65.65024700000001,17809.032009,12546.46556509191,16921.8629209,65.650432,nan,0.11189009967598117,58,64,,False,True,,2,59.56268577710819
14,2026-09-21T07:58:07.103+00:00,2026-09-21T07:58:26.960+00:00,2026-09-21T07:58:32.237+00:00,True,89,89.0,,89.0,19857.641681,25133.954257,25133.954149,282.4039792022472,0.0,19857.641681,2099.1007979477463,78.36933599999999,59.95809745454545,48.34785755677906,3.5410265766363764,58,64,,False,True,,314,59.56268577710819
15,2026-09-21T07:58:07.435+00:00,2026-09-21T07:58:28.502+00:00,2026-09-21T07:58:34.667+00:00,True,98,98.0,,98.0,21066.780537,27232.675961,27232.675998,277.88444895918366,0.0,21066.780537,2123.0290635948204,78.74015865,63.565932206185565,77.04419150223234,3.5986180770610314,58,64,,False,True,,196,59.56268577710819
16,2026-09-21T07:58:07.781+00:00,2026-09-21T07:58:30.263+00:00,2026-09-21T07:58:35.844+00:00,True,88,88.0,,88.0,22482.820563999998,28062.88226,28062.882383999997,318.8963907272727,0.0,22482.820563999998,2392.1227901862662,80.50704435,64.13864018390805,105.09737250694025,3.1358147457801437,58,64,,False,True,,204,59.56268577710819
17,2026-09-21T07:58:08.122+00:00,2026-09-21T07:58:32.097+00:00,2026-09-21T07:58:35.977+00:00,True,62,62.0,,62.0,23974.94872,27854.997872,27854.997893,449.27415956451614,0.0,23974.94872,3038.610488183797,77.857367,63.60736314754099,107.38874656806604,2.2258124120096507,58,64,,False,True,,460,59.56268577710819
18,2026-09-21T07:58:08.407+00:00,2026-09-21T07:58:33.591+00:00,2026-09-21T07:58:35.784+00:00,True,36,36.0,,36.0,25183.766805,27376.901141,27376.901023,760.4694728611111,0.0,25183.766805,4187.823531519307,203.56266799999997,62.66098102857143,91.5665460310341,1.3149771705200755,58,64,,False,True,,385,59.56268577710819
19,2026-09-21T07:58:08.717+00:00,2026-09-21T07:58:35.387+00:00,2026-09-21T07:58:36.182+00:00,True,19,19.0,,19.0,26670.361688999998,27464.767321,27464.767241999998,1445.514065368421,0.0,26670.361688999998,6108.5466273018465,2738.9242700999994,44.133646222222225,30.301324146640745,0.6917954111146719,58,64,,False,True,,56,59.56268577710819
20,2026-09-21T07:58:09.027+00:00,2026-09-21T07:58:36.575+00:00,2026-09-21T07:58:38.348+00:00,True,29,29.0,,29.0,27548.162980999998,29321.213093,29321.213064999996,1011.0763125862068,45.597444,27548.162980999998,5103.814209831416,75.8567174,63.32321828571428,8.966613469678956,0.9890450271623761,58,64,,False,True,,206,59.56268577710819
21,2026-09-21T07:58:09.284+00:00,2026-09-21T07:58:37.722+00:00,2026-09-21T07:58:43.479+00:00,True,86,86.0,,86.0,28437.889283,34194.453507,34194.453441,397.6099237325582,0.0,28437.889283,3060.6005080737696,80.2579205,67.7242849882353,92.0056235650753,2.5150277656110167,58,64,,False,True,,351,59.56268577710819
22,2026-09-21T07:58:09.691+00:00,2026-09-21T07:58:40.554+00:00,2026-09-21T07:58:41.377+00:00,True,20,20.0,,20.0,30862.718475,31685.828363,31685.828410000002,1584.2914205000002,0.0,30862.718475,6891.493494502435,1614.37154835,43.32157305263158,31.18506931608556,0.6311970061465804,58,64,,False,True,,60,59.56268577710819
23,2026-09-21T07:58:10.119+00:00,2026-09-21T07:58:42.433+00:00,2026-09-21T07:58:42.636+00:00,True,4,4.0,,4.0,32313.944035,32517.002467000002,32517.002556,8129.250639,62.578455999999996,32313.944035,16123.12947908612,27477.78416545,67.686144,5.150471653655032,0.12301256870338569,58,64,,False,True,,17,59.56268577710819
24,2026-09-21T07:58:10.463+00:00,2026-09-21T07:58:43.956+00:00,2026-09-21T07:58:46.577+00:00,True,43,43.0,,43.0,33493.236918,36114.730678,36114.73058,839.8774553488373,0.0,33493.236918,5099.26626394283,78.466327,62.4165180952381,107.87235305881653,1.1906498869779554,58,64,,False,True,,258,59.56268577710819
25,2026-09-21T07:58:10.835+00:00,2026-09-21T07:58:46.502+00:00,2026-09-21T07:58:47.385+00:00,True,21,21.0,,21.0,35667.282103,36550.327991,36550.327995,1740.4918092857142,0.0,35667.282103,7773.667244121484,81.974728,44.152294399999995,32.11313667713646,0.5745502476796092,58,64,,False,True,,188,59.56268577710819
26,2026-09-21T07:58:11.130+00:00,2026-09-21T07:58:47.501+00:00,2026-09-21T07:58:51.091+00:00,True,57,57.0,,57.0,36371.202016,39961.237216,39961.237199,701.0743368245614,39.415983999999995,36371.202016,4809.001242567659,78.49045819999999,64.10777142857143,9.456045918388046,1.4263822636897208,58,64,,False,True,,57,59.56268577710819
27,2026-09-21T07:58:11.419+00:00,2026-09-21T07:58:48.873+00:00,2026-09-21T07:58:50.281+00:00,True,23,23.0,,23.0,37454.629429,38862.100277,38862.100295000004,1689.6565345652175,47.935455000000005,37454.629429,7796.495399239376,77.555226,63.975947636363635,9.214380059440044,0.5918362578466259,58,64,,False,True,,115,59.56268577710819
28,2026-09-21T07:58:11.782+00:00,2026-09-21T07:58:50.638+00:00,2026-09-21T07:58:50.782+00:00,True,3,3.0,,3.0,38856.275994999996,39000.005402999996,39000.00545999999,13000.00182,66.851287,38856.275994999996,22392.19084400217,34978.3362133,71.864704,7.089984332475778,0.07692306626627367,58,64,,False,True,,9,59.56268577710819
29,2026-09-21T07:58:12.171+00:00,2026-09-21T07:58:53.614+00:00,2026-09-21T07:58:58.818+00:00,True,98,98.0,,98.0,41443.458973,46646.830749,46646.830733,475.9880687040816,0.0,41443.458973,4181.091844222621,79.22730849999999,53.643008,27.43033360021828,2.1008929958676963,58,64,,False,True,,392,59.56268577710819
30,2026-09-21T07:58:12.537+00:00,2026-09-21T07:58:54.727+00:00,2026-09-21T07:59:01.272+00:00,True,92,92.0,,92.0,42189.71408,48734.433952,48734.43375,529.7221059782609,0.0,42189.71408,4391.989090174822,79.672681,71.91999859340659,89.67470431255752,1.887782262755192,58,64,,False,True,,270,59.56268577710819
31,2026-09-21T07:58:13.129+00:00,2026-09-21T07:58:56.958+00:00,2026-09-21T07:58:57.780+00:00,True,15,15.0,,15.0,43828.974691,44650.125667,44650.125646,2976.675043066667,36.240544,43828.974691,11301.454412258487,13205.465885600002,58.65364114285714,12.198287924498805,0.33594530308536613,58,64,,False,True,,73,59.56268577710819
32,2026-09-21T07:58:13.267+00:00,2026-09-21T07:58:58.550+00:00,2026-09-21T07:59:02.384+00:00,True,61,61.0,,61.0,45282.442041,49116.148025,49116.147939,805.1827530983606,0.0,45282.442041,5790.753666581328,81.121158,63.89509973333333,114.43633271046625,1.2419540711733166,58,64,,False,True,,105,59.56268577710819
33,2026-09-21T07:58:13.662+00:00,2026-09-21T07:59:01.274+00:00,2026-09-21T07:59:03.338+00:00,True,46,46.0,,46.0,47612.180813,49675.549261,49675.549107,1079.9032414565218,0.0,47612.180813,7013.327293283215,83.819719,45.85263217777778,28.04274384274004,0.9260088853434046,58,64,,False,True,,138,59.56268577710819
34,2026-09-21T07:58:13.936+00:00,2026-09-21T07:59:02.079+00:00,2026-09-21T07:59:07.403+00:00,True,87,87.0,,87.0,48143.197379,53467.37478699999,53467.374612,614.5675242758621,0.01517,48143.197379,5155.663783715928,83.5734877,61.90903962790698,91.84268046384796,1.6271604945368123,58,64,,False,True,,174,59.56268577710819
35,2026-09-21T07:58:14.318+00:00,2026-09-21T07:59:04.277+00:00,2026-09-21T07:59:07.960+00:00,True,60,60.0,,60.0,49958.114147,53641.145443,53641.145319,894.01908865,0.01551,49958.114147,6442.4909963278615,86.4438291,62.424259254237285,113.62767245410186,1.1185443469650929,58,64,,False,True,,270,59.56268577710819
36,2026-09-21T07:58:14.700+00:00,2026-09-21T07:59:06.191+00:00,2026-09-21T07:59:10.327+00:00,True,54,54.0,,54.0,51491.140467,55627.103858999995,55627.103916,1030.131554,0.0,51491.140467,6997.776660543124,83.05192985,78.03704513207548,138.22182304929592,0.9707498009760804,58,64,,False,True,,15,59.56268577710819
37,2026-09-21T07:58:15.069+00:00,2026-09-21T07:59:08.231+00:00,2026-09-21T07:59:13.482+00:00,True,84,84.0,,84.0,53162.11221,58412.924882,58412.924888,695.3919629523809,0.0,53162.11221,5794.664217070661,87.4509645,63.26280327710843,113.8352526160614,1.438037902907421,58,64,,False,True,,173,59.56268577710819
38,2026-09-21T07:58:15.314+00:00,2026-09-21T07:59:10.286+00:00,2026-09-21T07:59:13.614+00:00,True,70,70.0,,70.0,54971.758518,58299.723190000004,58299.723185,832.8531883571429,0.0,54971.758518,6564.680500350061,78.64752109999999,48.231372057971015,29.06341351203732,1.2006918072641366,58,64,,False,True,,73,59.56268577710819
39,2026-09-21T07:58:15.581+00:00,2026-09-21T07:59:10.932+00:00,2026-09-21T07:59:14.888+00:00,True,62,62.0,,62.0,55351.290597,59306.776805,59306.776899,956.5609177258065,43.196894,55351.290597,7021.393628754775,81.54605395,64.8440361967213,10.616295819124419,1.045411727631992,58,64,,False,True,,124,59.56268577710819
40,2026-09-21T07:58:15.899+00:00,2026-09-21T07:59:12.926+00:00,2026-09-21T07:59:13.338+00:00,True,7,7.0,,7.0,57027.387453,57439.333693,57439.333459,8205.619065571429,50.493184,57027.387453,21528.378333306046,39942.3353202,68.65770666666667,10.283542903487897,0.12186770893641258,58,64,,False,True,,15,59.56268577710819
41,2026-09-21T07:58:16.146+00:00,2026-09-21T07:59:14.178+00:00,2026-09-21T07:59:15.644+00:00,True,24,24.0,,24.0,58031.913097000004,59497.964169000006,59497.964176,2479.0818406666667,42.122414,58031.913097000004,11832.708217015677,84.38180885,63.74135095652174,10.79350809237514,0.4033751462794525,58,64,,False,True,,180,59.56268577710819
42,2026-09-21T07:58:16.460+00:00,2026-09-21T07:59:15.776+00:00,2026-09-21T07:59:19.967+00:00,True,63,63.0,,63.0,59315.786196,63506.537684,63506.537834,1008.040283079365,0.02071,59315.786196,7466.059163132146,85.59692390000001,67.59276593548387,150.29132838360434,0.992023849788183,58,64,,False,True,,207,59.56268577710819
43,2026-09-21T07:58:16.717+00:00,2026-09-21T07:59:17.084+00:00,2026-09-21T07:59:19.478+00:00,True,21,21.0,,21.0,60367.634824,62761.58324,62761.583244,2988.6468211428573,0.02868,60367.634824,13149.80034712753,1261.594521,119.6974208,269.4346483996697,0.3345995896836461,58,64,,False,True,,147,59.56268577710819
44,2026-09-21T07:58:16.991+00:00,2026-09-21T07:59:19.521+00:00,2026-09-21T07:59:24.426+00:00,True,95,95.0,,95.0,62529.76156,67434.88668,67434.886701,709.8409126421053,0.0,62529.76156,6411.179435453961,94.37819759999998,52.18218212765957,120.20795402024919,1.408766362295606,58,64,,False,True,,475,59.56268577710819
45,2026-09-21T07:58:17.258+00:00,2026-09-21T07:59:19.867+00:00,2026-09-21T07:59:23.411+00:00,True,57,57.0,,57.0,62608.393622,66152.68751,66152.687464,1160.5734642807017,0.0,62608.393622,8285.537367912415,180.19683,63.290962285714286,144.41293218611972,0.8616429981228436,58,64,,False,True,,402,59.56268577710819
46,2026-09-21T07:58:17.504+00:00,2026-09-21T07:59:21.302+00:00,2026-09-21T07:59:23.539+00:00,True,40,40.0,,40.0,63798.905363,66035.27707499999,66035.27694899999,1650.881923725,0.0,63798.905363,10078.448945432101,82.00432344999999,57.34286441025641,21.807941505037196,0.6057368390318063,58,64,,False,True,,274,59.56268577710819
47,2026-09-21T07:58:17.789+00:00,2026-09-21T07:59:22.763+00:00,2026-09-21T07:59:23.460+00:00,True,12,12.0,,12.0,64973.680832000005,65670.60499200001,65670.604883,5472.550406916667,46.250164,64973.680832000005,18737.998993632522,29281.62770725,63.35674181818182,10.044544666051415,0.1827301576018957,58,64,,False,True,,54,59.56268577710819
48,2026-09-21T07:58:18.193+00:00,2026-09-21T07:59:25.029+00:00,2026-09-21T07:59:25.341+00:00,True,6,6.0,,6.0,66836.327259,67148.539227,67148.539247,11191.423207833333,51.058505,66836.327259,27260.325300304034,50145.244813499994,62.4423936,8.08013934411015,0.08935414037402377,58,64,,False,True,,18,59.56268577710819
49,2026-09-21T07:58:18.437+00:00,2026-09-21T07:59:26.328+00:00,2026-09-21T07:59:27.473+00:00,True,19,19.0,,19.0,67890.804369,69035.871377,69035.871389,3633.4669152105266,45.027834000000006,67890.804369,15560.628027805284,6865.131982200001,63.614833777777775,10.837539062458585,0.2752192392306073,58,64,,False,True,,73,59.56268577710819
50,2026-09-21T07:58:18.738+00:00,2026-09-21T07:59:27.917+00:00,2026-09-21T07:59:32.816+00:00,True,63,63.0,,63.0,69179.37762700001,74078.462427,74078.46244700001,1175.8486102698414,0.0,69179.37762700001,8707.339395117217,77.741926,79.01749677419356,163.60357172147602,0.8504496170136201,58,64,,False,True,,130,59.56268577710819
51,2026-09-21T07:58:19.054+00:00,2026-09-21T07:59:29.413+00:00,2026-09-21T07:59:35.175+00:00,True,92,92.0,,92.0,70359.17764499999,76120.99754899999,76120.997532,827.4021470869563,0.0,70359.17764499999,7331.55353125763,82.86705549999999,63.31670224175824,200.1832939600598,1.208602132949959,58,64,,False,True,,184,59.56268577710819
52,2026-09-21T07:58:19.403+00:00,2026-09-21T07:59:31.481+00:00,2026-09-21T07:59:37.373+00:00,True,93,93.0,,93.0,72077.813151,77969.432735,77969.43275899999,838.3809974086021,0.0,72077.813151,7469.949859599438,189.38037519999997,64.03934330434782,193.1101619794527,1.1927751265817903,58,64,,False,True,,399,59.56268577710819
53,2026-09-21T07:58:19.722+00:00,2026-09-21T07:59:32.888+00:00,2026-09-21T07:59:35.755+00:00,True,46,46.0,,46.0,73166.385792,76033.063552,76033.063524,1652.8926853043479,0.01975,73166.385792,10780.398377574114,233.04342074999997,63.703950222222225,209.7822733574533,0.6049999546386816,58,64,,False,True,,92,59.56268577710819
54,2026-09-21T07:58:20.081+00:00,2026-09-21T07:59:35.041+00:00,2026-09-21T07:59:39.673+00:00,True,77,77.0,,77.0,74960.105804,79592.79649200001,79592.79654200001,1033.6726823636363,0.02177,74960.105804,8535.722735828724,157.8289862,60.956456421052636,54.626527249994666,0.9674242317612171,58,64,,False,True,,677,59.56268577710819
55,2026-09-21T07:58:20.337+00:00,2026-09-21T07:59:36.305+00:00,2026-09-21T07:59:38.830+00:00,True,41,41.0,,41.0,75968.385868,78492.90222,78492.90207,1914.461026097561,12.438721,75968.385868,11854.430915100218,79.324297,63.1129088,21.431896482317264,0.5223402223692168,58,64,,False,True,,82,59.56268577710819
56,2026-09-21T07:58:20.669+00:00,2026-09-21T07:59:38.035+00:00,2026-09-21T07:59:40.949+00:00,True,49,49.0,,49.0,77366.22043700001,80279.83144500002,80279.83152300002,1638.3639086326532,44.295524,77366.22043700001,11043.64882768765,74.7634884,60.70022933333333,8.34061514892614,0.6103650084712755,58,64,,False,True,,242,59.56268577710819
57,2026-09-21T07:58:20.966+00:00,2026-09-21T07:59:39.806+00:00,2026-09-21T07:59:41.570+00:00,True,29,29.0,,29.0,78839.793681,80604.206609,80604.206546,2779.455398137931,50.558595000000004,78839.793681,14628.482472370612,74.66052199999999,63.014747428571425,7.527131116425657,0.35978271134998,58,64,,False,True,,174,59.56268577710819
58,2026-09-21T07:58:21.338+00:00,2026-09-21T07:59:41.574+00:00,2026-09-21T07:59:45.173+00:00,True,57,57.0,,57.0,80235.332068,83834.6465,83834.646534,1470.7832725263158,43.321244,80235.332068,10618.923004925668,78.1322828,64.273472,12.20076184222711,0.6799098270188328,58,64,,False,True,,145,59.56268577710819
59,2026-09-21T07:58:21.698+00:00,2026-09-21T07:59:43.174+00:00,2026-09-21T07:59:46.979+00:00,True,54,54.0,,54.0,81476.32207099999,85280.988695,85280.98872599998,1579.2775689999999,0.0,81476.32207099999,11080.210167363906,81.5032325,71.78616271698112,235.51136154499292,0.6332009141348758,58,64,,False,True,,161,59.56268577710819
60,2026-09-21T07:58:21.988+00:00,2026-09-21T07:59:44.624+00:00,2026-09-21T07:59:46.961+00:00,True,30,30.0,,30.0,82635.752979,84973.361683,84973.361675,2832.4453891666667,0.0,82635.752979,15075.66838836008,983.6883862499999,80.60719668965517,317.5717712833504,0.3530518200741243,58,64,,False,True,,60,59.56268577710819
61,2026-09-21T07:58:22.281+00:00,2026-09-21T07:59:46.952+00:00,2026-09-21T07:59:48.432+00:00,True,32,32.0,,32.0,84671.382163,86151.169683,86151.169733,2692.22405415625,0.0,84671.382163,14959.51718266454,81.0460565,47.73508129032258,29.687679719450355,0.3714401106537092,58,64,,False,True,,288,59.56268577710819
62,2026-09-21T07:58:22.554+00:00,2026-09-21T07:59:47.763+00:00,2026-09-21T07:59:51.854+00:00,True,66,66.0,,66.0,85209.724906,89300.01457,89300.014526,1353.0305231212121,41.820903,85209.724906,10480.850843804488,78.2660095,62.92753329230769,9.899195693276729,0.7390816263334905,58,64,,False,True,,70,59.56268577710819
63,2026-09-21T07:58:22.856+00:00,2026-09-21T07:59:49.385+00:00,2026-09-21T07:59:55.395+00:00,True,95,95.0,,95.0,86529.461948,92539.44671599999,92539.446646,974.0994383789473,0.01485,86529.461948,8872.406387340818,121.43257299999999,63.936008170212766,148.56021997078224,1.026589237036951,58,64,,False,True,,284,59.56268577710819
64,2026-09-21T07:58:23.281+00:00,2026-09-21T07:59:49.588+00:00,2026-09-21T07:59:51.923+00:00,True,38,38.0,,38.0,86307.071002,88642.094618,88642.094597,2332.6866999210524,42.864373,86307.071002,13990.621684831442,80.28220515,63.10874637837838,10.123574856484616,0.428690230795647,58,64,,False,True,,155,59.56268577710819
65,2026-09-21T07:58:23.415+00:00,2026-09-21T07:59:52.184+00:00,2026-09-21T07:59:57.363+00:00,True,81,81.0,,81.0,88768.958696,93948.142056,93948.142221,1159.8536076666667,0.016190000000000003,88768.958696,9857.219937076994,149.756654,64.739792,154.49204233189707,0.8621777741141283,58,64,,False,True,,480,59.56268577710819
66,2026-09-21T07:58:23.650+00:00,2026-09-21T07:59:54.316+00:00,2026-09-21T07:59:55.824+00:00,True,44,44.0,,44.0,90666.025628,92173.78038,92173.780381,2094.858645022727,0.0157,90666.025628,13663.27183548804,229.33561995,35.064064,62.650073707112675,0.4773591776164926,58,64,,False,True,,48,59.56268577710819
67,2026-09-21T07:58:23.974+00:00,2026-09-21T07:59:54.953+00:00,2026-09-21T07:59:55.823+00:00,True,15,15.0,,15.0,90979.16025100001,91848.95609100001,91848.95600800001,6123.263733866667,0.02984,90979.16025100001,23474.72117198802,27418.920252500004,62.128274285714284,47.409698273551406,0.1633116002444126,58,64,,False,True,,30,59.56268577710819
68,2026-09-21T07:58:24.351+00:00,2026-09-21T07:59:57.015+00:00,2026-09-21T07:59:59.601+00:00,True,43,43.0,,43.0,92664.203844,95250.987844,95250.987791,2215.1392509534885,45.947483999999996,92664.203844,14121.76987302825,77.51028500000001,61.59009523809524,10.300363272049976,0.45143888765147994,58,64,,False,True,,43,59.56268577710819
69,2026-09-21T07:58:24.713+00:00,2026-09-21T07:59:58.835+00:00,2026-09-21T08:00:02.891+00:00,True,62,62.0,,62.0,94122.332946,98178.69621,98178.696283,1583.5273594032258,0.0,94122.332946,11947.495467325887,77.261349,66.49775842622951,241.06976815740362,0.6315015618804376,58,64,,False,True,,254,59.56268577710819
70,2026-09-21T07:58:24.960+00:00,2026-09-21T08:00:00.018+00:00,2026-09-21T08:00:03.166+00:00,True,50,50.0,,50.0,95058.03574400001,98205.49276800001,98205.49262100001,1964.1098524200002,0.0,95058.03574400001,13436.804372898941,78.5921735,64.23381681632652,269.71895532895553,0.5091364911545189,58,64,,False,True,,200,59.56268577710819
71,2026-09-21T07:58:25.358+00:00,2026-09-21T08:00:02.912+00:00,2026-09-21T08:00:03.355+00:00,True,20,20.0,,20.0,97553.925288,97996.511144,97996.511116,4899.8255558,0.0,97553.925288,21808.53291624731,4949.0077731,23.293992421052632,30.92292742589716,0.20408889833446414,58,64,,False,True,,21,59.56268577710819
72,2026-09-21T07:58:25.661+00:00,2026-09-21T08:00:03.867+00:00,2026-09-21T08:00:05.293+00:00,True,23,23.0,,23.0,98205.71765,99631.483794,99631.48392500001,4331.803648913044,45.502984,98205.71765,20463.79642801382,77.64804199999999,64.807552,9.40990159201472,0.23085072232342987,58,64,,False,True,,60,59.56268577710819
73,2026-09-21T07:58:26.003+00:00,2026-09-21T08:00:05.354+00:00,2026-09-21T08:00:10.057+00:00,True,77,77.0,,77.0,99350.44057600001,104053.59347200001,104053.593519,1351.3453703766236,42.06748399999999,99350.44057600001,11314.985287912412,78.25414160000001,61.8835907368421,9.6941485914849,0.740003275530509,58,64,,False,True,,193,59.56268577710819
74,2026-09-21T07:58:26.423+00:00,2026-09-21T08:00:07.161+00:00,2026-09-21T08:00:11.633+00:00,True,73,73.0,,73.0,100737.56555,105209.800046,105209.800203,1441.2301397671233,42.337043,100737.56555,11783.174400787097,77.5574396,62.114368,9.898862193684884,0.6938517131301725,58,64,,False,True,,79,59.56268577710819
75,2026-09-21T07:58:26.704+00:00,2026-09-21T08:00:08.964+00:00,2026-09-21T08:00:14.975+00:00,True,96,96.0,,96.0,102259.745302,108270.57717399999,108270.577078,1127.8185112291667,41.851593,102259.745302,10430.388104707588,76.44043599999999,63.27191444210526,9.428568083463794,0.8866674816531167,58,64,,True,True,,1056,59.56268577710819
76,2026-09-21T07:58:26.953+00:00,2026-09-21T08:00:10.181+00:00,2026-09-21T08:00:14.356+00:00,True,66,66.0,,66.0,103227.357891,107402.055363,107402.05531800001,1627.3038684545456,42.806044,103227.357891,12698.506836017033,77.06538925,64.22611495384615,8.987454628121087,0.6145133794407531,58,64,,True,True,,66,59.56268577710819
77,2026-09-21T07:58:27.250+00:00,2026-09-21T08:00:11.638+00:00,2026-09-21T08:00:11.767+00:00,True,3,3.0,,3.0,104388.068548,104517.036484,104517.03653099999,34839.012177,52.769394999999996,104388.068548,60231.25076572935,93956.881552,64.483968,16.56707064856935,0.028703454488582397,58,64,,True,True,,17,59.56268577710819
78,2026-09-21T07:58:27.509+00:00,2026-09-21T08:00:13.157+00:00,2026-09-21T08:00:14.414+00:00,True,21,21.0,,21.0,105648.25660600001,106904.70819,106904.70799600001,5090.700380761905,43.269864,105648.25660600001,23040.63241357166,78.392507,62.8225792,9.235684472441955,0.19643662431290715,58,64,,True,True,,42,59.56268577710819
79,2026-09-21T07:58:27.742+00:00,2026-09-21T08:00:14.410+00:00,2026-09-21T08:00:18.262+00:00,True,62,62.0,,62.0,106667.217021,110519.792765,110519.792912,1782.5773050322582,43.312464,106667.217021,13538.732741225609,77.00740894999998,63.15697940983607,9.923939921322106,0.5609854891044863,58,64,,True,True,,434,59.56268577710819
80,2026-09-21T07:58:28.110+00:00,2026-09-21T08:00:16.415+00:00,2026-09-21T08:00:17.511+00:00,True,18,18.0,,18.0,108305.05998899999,109401.56405299998,109401.56408799998,6077.864671555555,51.365194,108305.05998899999,25512.546190948065,16310.562213799998,64.50023905882352,9.289945606565363,0.16453146859289722,58,64,,True,True,,90,59.56268577710819
81,2026-09-21T07:58:28.419+00:00,2026-09-21T08:00:17.962+00:00,2026-09-21T08:00:18.658+00:00,True,12,12.0,,12.0,109543.00939,110238.48715,110238.487263,9186.54060525,45.441343,109543.00939,31604.09349708548,49337.861197800004,63.2252509090909,12.020858050402238,0.10885490458220608,58,64,,True,True,,12,59.56268577710819
82,2026-09-21T07:58:28.744+00:00,2026-09-21T08:00:19.613+00:00,2026-09-21T08:00:22.994+00:00,True,55,55.0,,55.0,110869.348749,114249.74247699999,114249.74252,2077.2680458181817,44.278133000000004,110869.348749,14941.181618763743,76.629102,62.59988385185185,8.982140717202187,0.48140152273054126,58,64,,True,True,,218,59.56268577710819
83,2026-09-21T07:58:28.981+00:00,2026-09-21T08:00:20.665+00:00,2026-09-21T08:00:26.581+00:00,True,96,96.0,,96.0,111684.339903,117600.787391,117600.787482,1225.0082029375,43.710612999999995,111684.339903,11392.38315043384,78.42319425,62.27839461052631,9.838198852950976,0.8163210649331663,58,64,,True,True,,96,59.56268577710819
84,2026-09-21T07:58:29.406+00:00,2026-09-21T08:00:22.865+00:00,2026-09-21T08:00:25.747+00:00,True,47,47.0,,47.0,113458.57430200001,116340.60822200001,116340.60831600001,2475.3320918297873,47.401953,113458.57430200001,16540.49746894448,75.294229,62.652911304347825,8.932847161792882,0.4039861980978736,58,64,,True,True,,188,59.56268577710819
85,2026-09-21T07:58:29.765+00:00,2026-09-21T08:00:24.699+00:00,2026-09-21T08:00:25.984+00:00,True,22,22.0,,22.0,114933.89407,116218.34719,116218.347285,5282.652149318182,44.712333,114933.89407,24490.949717555326,79.8819445,61.164434285714286,8.696373054678146,0.18929885454345016,58,64,,True,True,,65,59.56268577710819
86,2026-09-21T07:58:30.057+00:00,2026-09-21T08:00:26.337+00:00,2026-09-21T08:00:27.293+00:00,True,16,16.0,,16.0,116280.074082,117236.720738,117236.72074300001,7327.295046437501,50.728894,116280.074082,29054.075702950897,29127.893430000004,63.77644373333334,8.973870178673632,0.13647601109345864,58,64,,True,True,,32,59.56268577710819
87,2026-09-21T07:58:30.403+00:00,2026-09-21T08:00:27.997+00:00,2026-09-21T08:00:30.593+00:00,True,43,43.0,,43.0,117594.248299,120190.196075,120190.196143,2795.120840534884,46.897554,117594.248299,17923.531415888083,76.25630189999998,61.80828038095238,9.280803665002916,0.3577662854727979,58,64,,True,True,,493,59.56268577710819
88,2026-09-21T07:58:30.692+00:00,2026-09-21T08:00:29.350+00:00,2026-09-21T08:00:33.502+00:00,True,66,66.0,,66.0,118657.78375,122809.497798,122809.497719,1860.749965439394,40.293262000000006,118657.78375,14597.903978625554,76.3267135,63.87252381538462,8.821774770902406,0.5374177175494878,58,64,,True,True,,198,59.56268577710819
89,2026-09-21T07:58:30.964+00:00,2026-09-21T08:00:31.035+00:00,2026-09-21T08:00:36.194+00:00,True,82,82.0,,82.0,120070.253427,125230.010739,125230.01077000001,1527.195253292683,43.390443,120070.253427,13252.50991847808,76.626529,63.70070755555555,9.212785009805103,0.654795120723111,58,64,,True,True,,410,59.56268577710819
90,2026-09-21T07:58:31.247+00:00,2026-09-21T08:00:32.399+00:00,2026-09-21T08:00:32.501+00:00,True,3,3.0,,3.0,121151.39962899999,121253.857997,121253.858096,40417.95269866666,39.822462,121151.39962899999,69917.21690724071,109042.5232666,51.229184,16.131719145528415,0.024741480803639457,58,64,,True,True,,12,59.56268577710819
91,2026-09-21T07:58:31.630+00:00,2026-09-21T08:00:34.168+00:00,2026-09-21T08:00:34.168+00:00,True,1,1.0,,1.0,122538.021131,122538.021131,122538.021131,122538.021131,122538.021131,122538.021131,nan,122538.021131,nan,nan,0.008160732405911338,58,64,,True,True,,8,59.56268577710819
92,2026-09-21T07:58:32.021+00:00,2026-09-21T08:00:36.196+00:00,2026-09-21T08:00:39.312+00:00,True,51,51.0,,51.0,124174.342191,127291.124527,127291.124532,2495.9044025882354,40.910483,124174.342191,17379.160603093922,79.368616,62.33564672,11.154139507937266,0.40065637089396816,58,64,,True,True,,100,59.56268577710819
93,2026-09-21T07:58:32.340+00:00,2026-09-21T08:00:38.138+00:00,2026-09-21T08:00:43.563+00:00,True,84,84.0,,84.0,125797.77004199999,131222.331194,131222.331335,1562.1706111309522,44.451074,125797.77004199999,13718.534511644899,78.30376300000002,65.35615845783133,9.810857035088619,0.6401349468164365,58,64,,True,True,,374,59.56268577710819
94,2026-09-21T07:58:32.735+00:00,2026-09-21T08:00:39.819+00:00,2026-09-21T08:00:43.161+00:00,True,52,52.0,,52.0,127083.782545,130425.56430499999,130425.564264,2508.183928153846,43.831333,127083.782545,17614.265723639397,77.98095905,65.5251325490196,9.750488933885359,0.3986948438911721,58,64,,True,True,,171,59.56268577710819
96,2026-09-21T07:58:33.452+00:00,2026-09-21T08:00:40.965+00:00,2026-09-21T08:00:44.274+00:00,True,52,52.0,,52.0,127513.576937,130822.567657,130822.567722,2515.8186100384614,45.463413,127513.576937,17673.957038049353,79.53456399999999,64.88217098039216,10.468295604283918,0.3974849365159789,58,64,,True,True,,239,59.56268577710819
95,2026-09-21T07:58:33.417+00:00,2026-09-21T08:00:43.233+00:00,2026-09-21T08:00:47.131+00:00,True,61,61.0,,61.0,129816.287338,133714.71729,133714.717298,2192.0445458688523,40.362523,129816.287338,16612.956247339403,78.471986,64.97383253333334,9.897088394902013,0.4561951087830027,58,64,,True,True,,277,59.56268577710819
97,2026-09-21T07:58:33.598+00:00,2026-09-21T08:00:44.678+00:00,2026-09-21T08:00:46.870+00:00,True,35,35.0,,35.0,131079.742117,133272.106405,133272.10637,3807.7744677142855,47.410174,131079.742117,22145.623173888493,78.0550763,64.4813025882353,9.90832427360891,0.262620595893027,58,64,,True,True,,109,59.56268577710819
98,2026-09-21T07:58:34.016+00:00,2026-09-21T08:00:46.999+00:00,2026-09-21T08:00:49.648+00:00,True,43,43.0,,43.0,132983.735206,135632.397478,135632.397463,3154.2418014651166,45.476273,132983.735206,20270.21434686098,78.46238699999999,63.063387428571424,8.945376844461368,0.31703339909607314,58,64,,True,True,,344,59.56268577710819
99,2026-09-21T07:58:34.346+00:00,2026-09-21T08:00:48.598+00:00,2026-09-21T08:00:51.580+00:00,True,48,48.0,,48.0,134251.896151,137233.827159,137233.827332,2859.0380694166665,47.291184,134251.896151,19368.436272401912,77.48643500000001,63.44534059574468,8.259321136653176,0.34976799083499205,58,64,,True,True,,192,59.56268577710819
100,2026-09-21T07:58:34.674+00:00,2026-09-21T08:00:50.572+00:00,2026-09-21T08:00:52.266+00:00,True,28,28.0,,28.0,135897.833014,137591.430966,137591.430749,4913.979669607143,43.472224000000004,135897.833014,25670.424229085776,78.8307805,62.725850074074074,10.01139260141518,0.20350104511173397,58,64,,True,True,,31,59.56268577710819
101,2026-09-21T07:58:34.935+00:00,2026-09-21T08:00:51.858+00:00,2026-09-21T08:00:52.151+00:00,True,6,6.0,,6.0,136923.632162,137216.47389,137216.473734,22869.412289,50.927274,136923.632162,55874.92889038863,102711.138653,58.5683456,8.768153214848198,0.043726528090278126,58,64,,True,True,,18,59.56268577710819
102,2026-09-21T07:58:35.215+00:00,2026-09-21T08:00:53.313+00:00,2026-09-21T08:00:56.293+00:00,True,48,48.0,,48.0,138098.77001100002,141078.92770700002,141078.92760300002,2939.1443250625002,44.707123,138098.77001100002,19923.690265525085,77.81172849999999,63.40761055319149,8.691180426229655,0.3402350781945896,58,64,,True,True,,144,59.56268577710819
103,2026-09-21T07:58:35.505+00:00,2026-09-21T08:00:54.779+00:00,2026-09-21T08:01:00.156+00:00,True,87,87.0,,87.0,139274.120189,144650.78322900002,144650.783449,1662.6526833218393,42.111883,139274.120189,14925.05334216184,77.34818,62.51933767441861,9.700389048947908,0.6014485235262659,58,64,,True,True,,348,59.56268577710819
104,2026-09-21T07:58:35.833+00:00,2026-09-21T08:00:56.737+00:00,2026-09-21T08:01:02.991+00:00,True,99,99.0,,99.0,140904.060271,147157.725807,147157.725906,1486.4416758181817,43.250983,140904.060271,14154.981406385083,77.743637,63.81291363265306,10.637167593581855,0.6727475533961449,58,64,,True,True,,399,59.56268577710819
105,2026-09-21T07:58:36.090+00:00,2026-09-21T08:00:58.053+00:00,2026-09-21T08:01:01.579+00:00,True,56,56.0,,56.0,141962.89082300002,145488.912199,145488.91226500002,2598.016290446429,42.116363,141962.89082300002,18962.025384773922,78.02744575000001,64.10947956363636,10.979791279603079,0.3849090570104964,58,64,,True,True,,140,59.56268577710819
106,2026-09-21T07:58:36.337+00:00,2026-09-21T08:00:59.344+00:00,2026-09-21T08:01:03.978+00:00,True,73,73.0,,73.0,143007.23167500002,147641.750203,147641.75032700002,2022.4897305068496,43.50798399999999,143007.23167500002,16730.199348065307,76.2391656,64.3683128888889,9.45906388358521,0.49444008825165414,58,64,,True,True,,216,59.56268577710819
107,2026-09-21T07:58:36.706+00:00,2026-09-21T08:01:01.073+00:00,2026-09-21T08:01:02.936+00:00,True,30,30.0,,30.0,144367.29973300002,146230.32872500003,146230.328692,4874.344289733334,44.446154,144367.29973300002,26346.01529271867,79.9221135,64.24237903448277,10.660948898519877,0.20515579949504073,58,64,,True,True,,30,59.56268577710819
108,2026-09-21T07:58:36.965+00:00,2026-09-21T08:01:02.312+00:00,2026-09-21T08:01:06.879+00:00,True,74,74.0,,74.0,145347.176258,149914.001474,149914.00148799998,2025.864884972973,40.940943,145347.176258,16888.99620991006,77.07591365,62.559249534246575,9.321061020522851,0.49361633518156756,58,64,,True,True,,220,59.56268577710819
109,2026-09-21T07:58:37.345+00:00,2026-09-21T08:01:04.385+00:00,2026-09-21T08:01:05.713+00:00,True,22,22.0,,22.0,147039.786602,148368.69361000002,148368.693691,6744.031531409091,41.319063,147039.786602,31335.498009636074,79.40138349999998,63.281286095238094,10.852128354780005,0.14827925935527148,58,64,,True,True,,22,59.56268577710819
110,2026-09-21T07:58:37.666+00:00,2026-09-21T08:01:05.958+00:00,2026-09-21T08:01:10.690+00:00,True,76,76.0,,76.0,148292.736726,153024.555222,153024.555338,2013.4809912894736,41.641603,148292.736726,17003.1095637543,78.12667775,63.09091328,10.296731202386653,0.49665231759532436,58,64,,True,True,,564,59.56268577710819
111,2026-09-21T07:58:37.934+00:00,2026-09-21T08:01:07.885+00:00,2026-09-21T08:01:11.713+00:00,True,61,61.0,,61.0,149950.941423,153778.643183,153778.643216,2520.9613641967217,44.282292999999996,149950.941423,19191.085046999673,78.319696,63.79502933333334,9.84029155595852,0.3966740682411188,58,64,,True,True,,302,59.56268577710819
112,2026-09-21T07:58:38.340+00:00,2026-09-21T08:01:09.969+00:00,2026-09-21T08:01:15.798+00:00,True,92,92.0,,92.0,151628.842944,157458.332608,157458.332587,1711.503615076087,40.043053,151628.842944,15801.724419489174,79.97454245,64.06032597802198,10.575219401734534,0.5842815586586857,58,64,,True,True,,415,59.56268577710819
113,2026-09-21T07:58:38.576+00:00,2026-09-21T08:01:11.426+00:00,2026-09-21T08:01:11.588+00:00,True,4,4.0,,4.0,152850.051518,153012.446142,153012.44614,38253.111535,52.121345999999996,152850.051518,76397.96003734574,129931.24188559997,54.13154133333334,3.340223355188891,0.026141664294993913,58,64,,True,True,,12,59.56268577710819
114,2026-09-21T07:58:38.913+00:00,2026-09-21T08:01:13.261+00:00,2026-09-21T08:01:14.880+00:00,True,26,26.0,,26.0,154348.598479,155967.065039,155967.06483000002,5998.733262692308,49.068234,154348.598479,30257.55573577691,79.31995074999999,64.7386624,9.503301520712615,0.16670186102109844,58,64,,True,True,,34,59.56268577710819
115,2026-09-21T07:58:39.226+00:00,2026-09-21T08:01:15.003+00:00,2026-09-21T08:01:15.873+00:00,True,15,15.0,,15.0,155776.98009599998,156647.42796799997,156647.42784999998,10443.161856666666,45.112783,155776.98009599998,40205.391284082136,46788.3869973,62.174848,11.20432870785018,0.0957564397614253,58,64,,True,True,,32,59.56268577710819
116,2026-09-21T07:58:39.557+00:00,2026-09-21T08:01:16.708+00:00,2026-09-21T08:01:16.982+00:00,True,5,5.0,,5.0,157150.32397799997,157424.22836199997,157424.22841899996,31484.845683799995,54.065934,157150.32397799997,70249.13856566437,125736.13573159998,68.476096,10.539366088747462,0.03176131178805849,58,64,,True,True,,15,59.56268577710819
117,2026-09-21T07:58:39.872+00:00,2026-09-21T08:01:18.097+00:00,2026-09-21T08:01:23.165+00:00,True,81,81.0,,81.0,158225.402239,163293.24403099998,163293.24417,2015.9659774074073,43.451843999999994,158225.402239,17573.56466054862,77.20331399999999,63.3480224,10.472045561011903,0.4960401177688819,58,64,,True,True,,162,59.56268577710819
118,2026-09-21T07:58:40.222+00:00,2026-09-21T08:01:20.090+00:00,2026-09-21T08:01:25.669+00:00,True,89,89.0,,89.0,159867.877891,165446.84825900002,165446.84822900002,1858.9533508876407,41.926193,159867.877891,16939.24393585057,77.925162,63.39739054545455,9.93645073532979,0.5379371135597233,58,64,,True,True,,1157,59.56268577710819
119,2026-09-21T07:58:40.516+00:00,2026-09-21T08:01:21.706+00:00,2026-09-21T08:01:26.887+00:00,True,83,83.0,,83.0,161189.75253,166370.817234,166370.817364,2004.4676790843373,42.683592,161189.75253,17685.941436331344,79.7997982,63.183715902439026,10.095013301559083,0.49888557007723766,58,64,,True,True,,287,59.56268577710819
120,2026-09-21T07:58:40.759+00:00,2026-09-21T08:01:23.160+00:00,2026-09-21T08:01:28.628+00:00,True,88,88.0,,88.0,162400.890517,167869.255061,167869.255023,1907.605170715909,40.134043,162400.890517,17305.2953085388,77.58965810000001,62.85476487356321,9.451649608313463,0.5242174927625832,58,64,,True,True,,176,59.56268577710819
121,2026-09-21T07:58:41.124+00:00,2026-09-21T08:01:24.929+00:00,2026-09-21T08:01:26.157+00:00,True,20,20.0,,20.0,163804.133755,165032.593787,165032.59375099998,8251.62968755,50.877623,163804.133755,36613.26190037073,8267.74067555,64.65579115789474,11.006166571138367,0.12118818192855335,58,64,,True,True,,160,59.56268577710819
122,2026-09-21T07:58:41.411+00:00,2026-09-21T08:01:26.210+00:00,2026-09-21T08:01:27.440+00:00,True,21,21.0,,21.0,164799.866934,166029.12875799998,166029.12862099998,7906.14898195238,50.498093,164799.866934,35948.86817552973,82.91700399999999,61.4630912,9.713174958218833,0.12648382941651817,58,64,,True,True,,49,59.56268577710819
123,2026-09-21T07:58:41.796+00:00,2026-09-21T08:01:28.188+00:00,2026-09-21T08:01:32.854+00:00,True,76,76.0,,76.0,166391.69429100002,171057.682899,171057.682965,2250.7589863815792,42.175402000000005,166391.69429100002,19079.301918588208,75.237916,62.21318144,8.6443597708807,0.44429457193614474,58,64,,True,True,,84,59.56268577710819
124,2026-09-21T07:58:42.062+00:00,2026-09-21T08:01:29.323+00:00,2026-09-21T08:01:34.146+00:00,True,78,78.0,,78.0,167260.59182499998,172084.00609699998,172084.006176,2206.2052073846153,46.220002,167260.59182499998,18931.44130369467,74.24066935,62.64174379220779,7.329746180208221,0.45326699307565577,58,64,,True,True,,619,59.56268577710819
125,2026-09-21T07:58:42.328+00:00,2026-09-21T08:01:30.615+00:00,2026-09-21T08:01:31.590+00:00,True,17,17.0,,17.0,168287.022127,169261.561135,169261.56127,9956.562427647059,50.782233,168287.022127,40800.82637877187,33719.6765326,60.908688,8.399042611725632,0.10043627085798354,58,64,,True,True,,33,59.56268577710819
126,2026-09-21T07:58:42.735+00:00,2026-09-21T08:01:33.030+00:00,2026-09-21T08:01:39.004+00:00,True,94,94.0,,94.0,170294.398295,176269.220183,176269.220279,1875.2044710531914,43.455012,170294.398295,17557.90223208092,77.37593515,64.24539664516129,9.582639131123402,0.5332751793104358,58,64,,True,True,,470,59.56268577710819
128,2026-09-21T07:58:43.556+00:00,2026-09-21T08:01:33.941+00:00,2026-09-21T08:01:38.738+00:00,True,76,76.0,,76.0,170385.009019,175181.976955,175181.976998,2305.026013131579,44.887423000000005,170385.009019,19537.166801754,78.002774,63.95957248,10.001055010493738,0.43383458344874465,58,64,,True,True,,226,59.56268577710819
127,2026-09-21T07:58:43.490+00:00,2026-09-21T08:01:34.978+00:00,2026-09-21T08:01:39.269+00:00,True,68,68.0,,68.0,171487.733661,175778.629277,175778.629324,2584.979843,41.826091999999996,171487.733661,20788.17830319771,76.95892065,64.04321814925373,9.95807516465645,0.3868502119950116,58,64,,True,True,,142,59.56268577710819
129,2026-09-21T07:58:43.561+00:00,2026-09-21T08:01:36.127+00:00,2026-09-21T08:01:38.734+00:00,True,42,42.0,,42.0,172565.747217,175172.984849,175172.985018,4170.785357571429,44.974302,172565.747217,26617.662284357066,77.384202,63.59116175609756,9.715921084847656,0.23976299790863423,58,64,,True,True,,81,59.56268577710819
130,2026-09-21T07:58:43.816+00:00,2026-09-21T08:01:38.434+00:00,2026-09-21T08:01:39.079+00:00,True,11,11.0,,11.0,174618.057176,175263.39452,175263.39467,15933.035879090909,42.513452,174618.057176,52629.86904003323,87347.90810549998,64.5337344,13.20484483022604,0.06276267802598533,58,64,,True,True,,22,59.56268577710819
131,2026-09-21T07:58:44.141+00:00,2026-09-21T08:01:39.917+00:00,2026-09-21T08:01:45.134+00:00,True,85,85.0,,85.0,175775.856882,180992.49125,180992.491354,2129.3234276941175,43.710352,175775.856882,19058.83484378624,75.88325999999999,62.1027900952381,9.386330255569344,0.4696327422920093,58,64,,True,True,,170,59.56268577710819
132,2026-09-21T07:58:44.530+00:00,2026-09-21T08:01:41.636+00:00,2026-09-21T08:01:42.853+00:00,True,22,22.0,,22.0,177106.257074,178323.398834,178323.39883,8105.609037727272,46.576832,177106.257074,37746.82453533407,68.6448019,57.959131428571425,6.806206260383508,0.12337135868792881,58,64,,True,True,,55,59.56268577710819
133,2026-09-21T07:58:44.958+00:00,2026-09-21T08:01:43.939+00:00,2026-09-21T08:01:46.329+00:00,True,40,40.0,,40.0,178981.279194,181371.89193,181371.891924,4534.2972981,42.044131,178981.279194,28289.734821147045,76.4925321,61.29776246153846,10.249738285737553,0.22054133953367974,58,64,,True,True,,360,59.56268577710819
134,2026-09-21T07:58:45.225+00:00,2026-09-21T08:01:45.367+00:00,2026-09-21T08:01:49.990+00:00,True,75,75.0,,75.0,180142.081366,184765.14927,184765.149204,2463.53532272,44.125853,180142.081366,20793.80384171165,76.595412,62.4738905945946,8.881944908861987,0.4059207068882964,58,64,,True,True,,155,59.56268577710819
135,2026-09-21T07:58:45.520+00:00,2026-09-21T08:01:46.842+00:00,2026-09-21T08:01:47.301+00:00,True,8,8.0,,8.0,181321.85372400002,181780.867356,181780.86743800002,22722.608429750002,54.390322999999995,181321.85372400002,64083.77308140996,117886.1366625,65.573376,9.489140181969422,0.044009031953471674,58,64,,True,True,,16,59.56268577710819
136,2026-09-21T07:58:45.943+00:00,2026-09-21T08:01:49.136+00:00,2026-09-21T08:01:51.544+00:00,True,38,38.0,,38.0,183192.723983,185601.619215,185601.619154,4884.253135631579,48.344303,183192.723983,29707.223809827985,77.3849255,65.10527654054054,8.753210211343196,0.20473959311734768,58,64,,True,True,,190,59.56268577710819
137,2026-09-21T07:58:46.257+00:00,2026-09-21T08:01:50.914+00:00,2026-09-21T08:01:56.337+00:00,True,86,86.0,,86.0,184657.30805700002,190080.540825,190080.54081,2210.238846627907,39.644381,184657.30805700002,19905.231734145225,77.21961675,63.80273844705883,9.285465642428209,0.45243979013705016,58,64,,True,True,,257,59.56268577710819
138,2026-09-21T07:58:46.637+00:00,2026-09-21T08:01:52.184+00:00,2026-09-21T08:01:54.816+00:00,True,43,43.0,,43.0,185546.45545699997,188178.923425,188178.92341799996,4376.2540329767435,43.435213000000005,185546.45545699997,28286.012524731843,77.77870290000001,62.677808761904764,9.669708617139861,0.22850593051212745,58,64,,True,True,,43,59.56268577710819
139,2026-09-21T07:58:46.891+00:00,2026-09-21T08:01:53.464+00:00,2026-09-21T08:01:58.821+00:00,True,85,85.0,,85.0,186572.84390799998,191930.55219599998,191930.55224899997,2258.0064970470585,40.084692000000004,186572.84390799998,20229.75016596513,76.62688200000001,63.782241523809525,9.270168377704442,0.4428685221162589,58,64,,True,True,,397,59.56268577710819
140,2026-09-21T07:58:47.140+00:00,2026-09-21T08:01:54.944+00:00,2026-09-21T08:01:55.909+00:00,True,16,16.0,,16.0,187804.079822,188769.32603,188769.325904,11798.082869,45.617093000000004,187804.079822,46934.933040947864,47005.44646100001,64.3497472,7.232856175917102,0.08475953342894922,58,64,,True,True,,32,59.56268577710819
141,2026-09-21T07:58:47.406+00:00,2026-09-21T08:01:56.273+00:00,2026-09-21T08:02:01.338+00:00,True,81,81.0,,81.0,188867.09991699998,193932.285965,193932.285931,2394.2257522345676,44.487342,188867.09991699998,20978.200238386027,78.24085400000001,63.3148256,8.972583072978853,0.41767155786849497,58,64,,True,True,,81,59.56268577710819
142,2026-09-21T07:58:47.678+00:00,2026-09-21T08:01:57.965+00:00,2026-09-21T08:01:59.387+00:00,True,23,23.0,,23.0,190287.561111,191709.276567,191709.27648899998,8335.185934304347,53.166553,190287.561111,39664.22516191087,77.8423741,64.62342981818182,8.001403583554811,0.1199733284266074,58,64,,True,True,,46,59.56268577710819
143,2026-09-21T07:58:48.091+00:00,2026-09-21T08:01:59.873+00:00,2026-09-21T08:02:00.243+00:00,True,7,7.0,,7.0,191782.259071,192152.049023,192152.04923,27450.29274714286,51.578512,191782.259071,72463.58628828048,134269.5013159,61.63165866666667,8.303178631733816,0.03642948402367607,58,64,,True,True,,29,59.56268577710819
144,2026-09-21T07:58:48.503+00:00,2026-09-21T08:02:02.468+00:00,2026-09-21T08:02:05.849+00:00,True,54,54.0,,54.0,193964.906308,197345.60314,197345.60323100002,3654.5482079814815,46.375642,193964.906308,26386.60142312994,75.846004,63.78673267924528,8.127703869566938,0.27363163476052504,58,64,,True,True,,370,59.56268577710819
145,2026-09-21T07:58:48.835+00:00,2026-09-21T08:02:04.121+00:00,2026-09-21T08:02:09.554+00:00,True,87,87.0,,87.0,195285.454413,200718.412365,200718.412286,2307.1081871954025,46.165493000000005,195285.454413,20930.027338560812,79.3511907,63.17392967441861,9.064171073145582,0.433443045781935,58,64,,True,True,,87,59.56268577710819
146,2026-09-21T07:58:49.228+00:00,2026-09-21T08:02:06.279+00:00,2026-09-21T08:02:09.687+00:00,True,55,55.0,,55.0,197050.697659,200459.410875,200459.410653,3644.7165573272728,41.543091999999994,197050.697659,26561.800438981714,78.399182,63.12431881481481,8.913366826950478,0.2743697577475982,58,64,,True,True,,184,59.56268577710819
147,2026-09-21T07:58:49.474+00:00,2026-09-21T08:02:07.563+00:00,2026-09-21T08:02:13.412+00:00,True,93,93.0,,93.0,198089.59384299998,203938.50545899998,203938.505629,2192.887157301075,43.897752,198089.59384299998,20534.343261344555,75.71645799999999,63.57512626086956,8.378243581598188,0.45601981730074426,58,64,,True,True,,205,59.56268577710819
148,2026-09-21T07:58:49.750+00:00,2026-09-21T08:02:09.055+00:00,2026-09-21T08:02:14.995+00:00,True,96,96.0,,96.0,199305.06974399998,205245.35927999998,205245.35921599998,2137.972491833333,42.368562,199305.06974399998,20335.108547798627,76.30347650000002,62.529363536842105,8.89102260082331,0.4677328653703435,58,64,,True,True,,103,59.56268577710819
149,2026-09-21T07:58:49.987+00:00,2026-09-21T08:02:10.360+00:00,2026-09-21T08:02:11.936+00:00,True,26,26.0,,26.0,200373.506731,201949.025451,201949.025456,7767.270209846154,42.564002,200373.506731,39284.11935963635,77.877374,63.0207488,9.142034958396517,0.1287453600825052,58,64,,True,True,,79,59.56268577710819
150,2026-09-21T07:58:50.258+00:00,2026-09-21T08:02:12.054+00:00,2026-09-21T08:02:16.140+00:00,True,65,65.0,,65.0,201796.798044,205882.372188,205882.372186,3167.421110553846,44.280942,201796.798044,25021.89605312056,78.103836,63.837096,9.523491859146036,0.31571425619987376,58,64,,True,True,,390,59.56268577710819
151,2026-09-21T07:58:50.649+00:00,2026-09-21T08:02:14.096+00:00,2026-09-21T08:02:20.296+00:00,True,99,99.0,,99.0,203447.487384,209647.742616,209647.74254900002,2117.653965141414,42.772351,203447.487384,20440.885274654076,77.2264419,63.26791053061225,9.346035899443052,0.47222068201007406,58,64,,True,True,,99,59.56268577710819
152,2026-09-21T07:58:50.884+00:00,2026-09-21T08:02:15.616+00:00,2026-09-21T08:02:21.140+00:00,True,88,88.0,,88.0,204731.80054199998,210255.75702199998,210255.75709099998,2389.2699669431818,43.854411999999996,204731.80054199998,21817.717031209206,80.33147435,63.49375264367816,9.89913255987426,0.4185378856988547,58,64,,True,True,,176,59.56268577710819
153,2026-09-21T07:58:51.312+00:00,2026-09-21T08:02:17.802+00:00,2026-09-21T08:02:21.994+00:00,True,67,67.0,,67.0,206489.887595,210682.186091,210682.186072,3144.510239880597,41.638892999999996,206489.887595,25218.996382654244,77.082422,63.51967418181818,9.367049820697288,0.31801454713907645,58,64,,True,True,,403,59.56268577710819
154,2026-09-21T07:58:51.655+00:00,2026-09-21T08:02:19.623+00:00,2026-09-21T08:02:21.485+00:00,True,30,30.0,,30.0,207968.66545899998,209829.768819,209829.76883,6994.325627666666,44.339542,207968.66545899998,37957.993941278,76.04548150000001,64.17597793103448,9.055356459949445,0.14297304033098432,58,64,,True,True,,58,59.56268577710819
155,2026-09-21T07:58:52.030+00:00,2026-09-21T08:02:21.689+00:00,2026-09-21T08:02:23.846+00:00,True,36,36.0,,36.0,209659.609842,211816.540658,211816.540729,5883.792798027778,41.886082,209659.609842,34932.99869573317,78.75503475,61.626594742857144,10.345647936324951,0.1699583983770454,58,64,,True,True,,180,59.56268577710819
156,2026-09-21T07:58:52.450+00:00,2026-09-21T08:02:23.718+00:00,2026-09-21T08:02:26.375+00:00,True,44,44.0,,44.0,211268.383519,213925.71420699998,213925.714152,4861.948048909091,45.062042999999996,211268.383519,31840.5923132162,77.414797,61.798388093023256,10.14874679497842,0.20567887391706674,58,64,,True,True,,44,59.56268577710819
157,2026-09-21T07:58:52.863+00:00,2026-09-21T08:02:25.893+00:00,2026-09-21T08:02:29.771+00:00,True,64,64.0,,64.0,213029.339872,216907.426528,216907.426534,3389.17853959375,43.353474,213029.339872,26620.974429016096,76.77863335,61.556931047619045,9.190941724880032,0.29505674851450236,58,64,,True,True,,173,59.56268577710819
158,2026-09-21T07:58:53.716+00:00,2026-09-21T08:02:26.567+00:00,2026-09-21T08:02:31.121+00:00,True,75,75.0,,75.0,212851.254581,217404.913717,217404.913584,2898.73218112,41.136682,212851.254581,24570.842002622456,75.83101500000001,61.535934270270275,9.294346409854183,0.3449784032831424,58,64,,True,True,,300,59.56268577710819
159,2026-09-21T07:58:53.751+00:00,2026-09-21T08:02:27.565+00:00,2026-09-21T08:02:28.865+00:00,True,22,22.0,,22.0,213813.368594,215113.920018,215113.91989,9777.905449545455,49.875561999999995,213813.368594,45571.960202717455,75.846013,61.9310201904762,7.505571349709385,0.10227139181954897,58,64,,True,True,,175,59.56268577710819
160,2026-09-21T07:58:53.982+00:00,2026-09-21T08:02:31.520+00:00,2026-09-21T08:02:35.747+00:00,True,67,67.0,,67.0,217537.59425999998,221764.669844,221764.66980699997,3309.9204448805967,45.985241,217537.59425999998,26568.62414831054,77.1188006,64.04659975757576,9.487784242204755,0.3021220650121187,58,64,,True,True,,236,59.56268577710819
161,2026-09-21T07:58:54.259+00:00,2026-09-21T08:02:33.242+00:00,2026-09-21T08:02:36.848+00:00,True,57,57.0,,57.0,218982.32667100002,222588.349071,222588.349137,3905.058756789474,46.216762,218982.32667100002,28996.390760256832,78.4260258,64.39325714285714,11.20306580288367,0.2560780932061204,58,64,,True,True,,513,59.56268577710819
162,2026-09-21T07:58:54.574+00:00,2026-09-21T08:02:34.944+00:00,2026-09-21T08:02:39.738+00:00,True,77,77.0,,77.0,220369.95273699999,225163.611617,225163.611495,2924.2027466883114,45.482132,220369.95273699999,25106.300518482592,74.7430268,63.07445894736842,9.222791323668357,0.3419735517965304,58,64,,True,True,,616,59.56268577710819
163,2026-09-21T07:58:54.866+00:00,2026-09-21T08:02:36.442+00:00,2026-09-21T08:02:36.668+00:00,True,5,5.0,,5.0,221576.02628999998,221801.901746,221801.90183699998,44360.380367399994,44.056441,221576.02628999998,99066.55807850063,177274.1573384,56.468864,9.458355345887995,0.022542638095708622,58,64,,True,True,,27,59.56268577710819
164,2026-09-21T07:58:55.202+00:00,2026-09-21T08:02:38.074+00:00,2026-09-21T08:02:38.548+00:00,True,9,9.0,,9.0,222871.779072,223345.767424,223345.767238,24816.19635977778,41.236571000000005,222871.779072,74270.84482068561,133755.4012964,59.248544,14.876172332035107,0.04029626396686705,58,64,,True,True,,26,59.56268577710819
165,2026-09-21T07:58:55.620+00:00,2026-09-21T08:02:39.938+00:00,2026-09-21T08:02:43.584+00:00,True,58,58.0,,58.0,224318.344744,227963.68516,227963.684992,3930.4083619310345,42.684691,224318.344744,29446.046071497847,78.36126800000001,63.953340631578946,10.623688767244422,0.25442648884751873,58,64,,True,True,,232,59.56268577710819
166,2026-09-21T07:58:55.932+00:00,2026-09-21T08:02:41.849+00:00,2026-09-21T08:02:47.645+00:00,True,92,92.0,,92.0,225917.47581799998,231713.15069799998,231713.15057099998,2518.6212018586953,42.871351000000004,225917.47581799998,23546.88722765245,76.63317605,63.68873494505495,10.21042872088375,0.3970426353569672,58,64,,True,True,,276,59.56268577710819
167,2026-09-21T07:58:56.210+00:00,2026-09-21T08:02:43.130+00:00,2026-09-21T08:02:47.340+00:00,True,67,67.0,,67.0,226920.251395,231130.425091,231130.425042,3449.707836447761,46.249741,226920.251395,27714.929589230855,78.2915136,63.790510545454545,10.105001192101343,0.28987962088340796,58,64,,True,True,,68,59.56268577710819
168,2026-09-21T07:58:56.520+00:00,2026-09-21T08:02:44.958+00:00,2026-09-21T08:02:48.419+00:00,True,55,55.0,,55.0,228437.812116,231899.02274,231899.022787,4216.345868854545,44.240811,228437.812116,30793.907082694484,77.211545,64.09649303703704,9.86267841659005,0.23717219395816416,58,64,,True,True,,110,59.56268577710819
169,2026-09-21T07:58:56.911+00:00,2026-09-21T08:02:47.129+00:00,2026-09-21T08:02:52.525+00:00,True,88,88.0,,88.0,230218.02971200002,235614.39272,235614.392713,2677.4362808295455,45.131741999999996,230218.02971200002,24534.714030483094,77.47035435,62.02716101149426,9.244913774828143,0.37349161476980586,58,64,,True,True,,628,59.56268577710819
170,2026-09-21T07:58:57.313+00:00,2026-09-21T08:02:48.900+00:00,2026-09-21T08:02:54.460+00:00,True,90,90.0,,90.0,231586.404512,237146.923424,237146.92348700002,2634.965816522222,45.486290999999994,231586.404512,24404.766501164493,77.26256305,62.47774058426967,9.392522146015512,0.379511564816243,58,64,,True,True,,270,59.56268577710819
171,2026-09-21T07:58:57.733+00:00,2026-09-21T08:02:51.134+00:00,2026-09-21T08:02:51.198+00:00,True,2,2.0,,2.0,233401.503677,233465.179837,233465.179929,116732.5899645,63.676252,233401.503677,164994.76007955387,221734.61230575,63.67616,nan,0.008566587965693016,58,64,,True,True,,10,59.56268577710819
172,2026-09-21T07:58:58.084+00:00,2026-09-21T08:02:53.242+00:00,2026-09-21T08:02:54.847+00:00,True,27,27.0,,27.0,235158.846354,236763.473042,236763.47311000002,8769.017522592592,46.67816199999999,235158.846354,45244.46463558459,77.7304527,61.71641107692308,9.117523067990275,0.11403786087903184,58,64,,True,True,,189,59.56268577710819
173,2026-09-21T07:58:58.377+00:00,2026-09-21T08:02:54.605+00:00,2026-09-21T08:02:54.897+00:00,True,6,6.0,,6.0,236227.769712,236520.091504,236520.091332,39420.015222,53.781381,236227.769712,96415.7152528124,177186.7995645,58.4643584,4.052136312299082,0.02536782377279999,58,64,,True,True,,12,59.56268577710819
174,2026-09-21T07:58:58.675+00:00,2026-09-21T08:02:56.086+00:00,2026-09-21T08:02:56.207+00:00,True,3,3.0,,3.0,237411.08757300003,237532.269013,237532.26908800003,79177.42302933334,42.588773,237411.08757300003,137034.37441116618,213677.83808990006,60.59072,25.458740432091453,0.012629862933847576,58,64,,True,True,,8,59.56268577710819
175,2026-09-21T07:58:59.031+00:00,2026-09-21T08:02:58.197+00:00,2026-09-21T08:02:59.975+00:00,True,30,30.0,,30.0,239165.56622,240943.286796,240943.286822,8031.442894066667,46.100680999999994,239165.56622,43654.267415941256,76.40750005,61.30070951724138,8.562777605529673,0.12451062820189786,58,64,,True,True,,270,59.56268577710819
176,2026-09-21T07:58:59.430+00:00,2026-09-21T08:03:00.106+00:00,2026-09-21T08:03:03.576+00:00,True,56,56.0,,56.0,240676.788034,244145.95053,244145.950456,4359.749115285715,41.718171999999996,240676.788034,32153.361083838754,75.92860974999999,63.075681745454546,9.197091730132014,0.22937099664538108,58,64,,True,True,,130,59.56268577710819
177,2026-09-21T07:58:59.849+00:00,2026-09-21T08:03:02.446+00:00,2026-09-21T08:03:04.181+00:00,True,28,28.0,,28.0,242597.634983,244332.518823,244332.518854,8726.161387642856,46.597832000000004,242597.634983,45834.501431734665,78.782675,64.25495703703703,8.982704148099492,0.11459792636232688,58,64,,True,True,,56,59.56268577710819
178,2026-09-21T07:59:00.217+00:00,2026-09-21T08:03:04.307+00:00,2026-09-21T08:03:09.285+00:00,True,78,78.0,,78.0,244089.46405,249067.688434,249067.688415,3193.1754925,40.882911,244089.46405,27630.370597690504,78.542074,64.65226472727272,9.414499710430697,0.3131678801470431,58,64,,True,True,,312,59.56268577710819
179,2026-09-21T07:59:00.489+00:00,2026-09-21T08:03:05.786+00:00,2026-09-21T08:03:07.354+00:00,True,25,25.0,,25.0,245297.265323,246865.785771,246865.785798,9874.63143192,45.962012,245297.265323,49046.38280733039,77.497015,65.35501866666667,8.742407350151174,0.10126960251669197,58,64,,True,True,,29,59.56268577710819
180,2026-09-21T07:59:00.791+00:00,2026-09-21T08:03:07.562+00:00,2026-09-21T08:03:08.575+00:00,True,17,17.0,,17.0,246771.03580500002,247783.40623700002,247783.40638000003,14575.494492941178,45.888341999999994,246771.03580500002,59835.42217477324,49415.03052340001,63.273152,9.853254454232943,0.06860830698137967,58,64,,True,True,,49,59.56268577710819
182,2026-09-21T07:59:01.345+00:00,2026-09-21T08:03:09.214+00:00,2026-09-21T08:03:11.153+00:00,True,32,32.0,,32.0,247869.71351499998,249808.36669899998,249808.366743,7806.51146071875,42.120951,247869.71351499998,43806.53483007461,76.5398915,62.53719948387097,10.116605845166939,0.12809819151717028,58,64,,True,True,,160,59.56268577710819
183,2026-09-21T07:59:01.684+00:00,2026-09-21T08:03:10.876+00:00,2026-09-21T08:03:14.568+00:00,True,59,59.0,,59.0,249192.336718,252884.06766200002,252884.067797,4286.170640627119,44.384512,249192.336718,32433.79352003526,75.16665400000001,63.65053351724138,8.794963226773811,0.23330849011357357,58,64,,True,True,,59,59.56268577710819
184,2026-09-21T07:59:02.052+00:00,2026-09-21T08:03:12.979+00:00,2026-09-21T08:03:15.780+00:00,True,44,44.0,,44.0,250926.871044,253728.081412,253728.081342,5766.547303227273,46.084022,250926.871044,37818.82939154755,80.69944365,65.1444271627907,9.410690725240748,0.1734139940488236,58,64,,True,True,,528,59.56268577710819
181,2026-09-21T07:59:01.031+00:00,2026-09-21T08:03:13.188+00:00,2026-09-21T08:03:15.400+00:00,True,35,35.0,,35.0,252157.643227,254369.396699,254369.396615,7267.697046142857,46.015401,252157.643227,42611.42632291845,78.63793100000001,65.05157270588235,9.54720137184365,0.13759516849983391,58,64,,True,True,,105,59.56268577710819
185,2026-09-21T07:59:02.366+00:00,2026-09-21T08:03:15.523+00:00,2026-09-21T08:03:21.116+00:00,True,90,90.0,,90.0,253157.40615,258750.900422,258750.900426,2875.010004733333,41.092022,253157.40615,26678.511066089737,77.73453799999999,62.84825024719101,10.864956899292498,0.3478248765635903,58,64,,True,True,,456,59.56268577710819
186,2026-09-21T07:59:02.618+00:00,2026-09-21T08:03:16.751+00:00,2026-09-21T08:03:22.254+00:00,True,88,88.0,,88.0,254132.797777,259635.900241,259635.900261,2950.4079575113637,41.267701,254132.797777,27083.906580952047,78.64816935,63.25405131034483,11.023935668226141,0.3389361791582612,58,64,,True,True,,262,59.56268577710819
187,2026-09-21T07:59:02.937+00:00,2026-09-21T08:03:18.587+00:00,2026-09-21T08:03:18.717+00:00,True,3,3.0,,3.0,255650.551959,255780.233623,255780.233675,85260.07789166667,61.596044,255650.551959,147562.47914086006,230092.3053303,64.840832,4.588659147852235,0.01172881875001242,58,64,,True,True,,12,59.56268577710819
188,2026-09-21T07:59:03.366+00:00,2026-09-21T08:03:21.013+00:00,2026-09-21T08:03:24.471+00:00,True,55,55.0,,55.0,257646.86368,261105.387328,261105.387231,4747.370676927273,45.610772,257646.86368,34732.46145812711,78.57699099999999,64.04673422222223,10.325305822484687,0.21064291534861793,58,64,,True,True,,653,59.56268577710819
189,2026-09-21T07:59:03.663+00:00,2026-09-21T08:03:22.444+00:00,2026-09-21T08:03:28.208+00:00,True,92,92.0,,92.0,258780.79550900002,264544.989813,264544.989801,2875.4890195760872,42.788372,258780.79550900002,26973.16077863358,76.8125605,63.342794549450545,9.767530031396728,0.34776693395339825,58,64,,True,True,,277,59.56268577710819
190,2026-09-21T07:59:03.932+00:00,2026-09-21T08:03:23.546+00:00,2026-09-21T08:03:28.472+00:00,True,79,79.0,,79.0,259614.27868000002,264539.59349600004,264539.593352,3348.602447493671,43.099061999999996,259614.27868000002,29201.78579409643,78.21554309999999,63.14506174358974,10.27159418222452,0.29863204579693475,58,64,,True,True,,632,59.56268577710819
191,2026-09-21T07:59:04.309+00:00,2026-09-21T08:03:25.626+00:00,2026-09-21T08:03:26.755+00:00,True,19,19.0,,19.0,261317.537744,262445.815248,262445.815293,13812.937647,45.917162,261317.537744,59935.975360687604,26200.4052191,62.68208355555555,10.821682250188854,0.07239589620450154,58,64,,True,True,,43,59.56268577710819
192,2026-09-21T07:59:04.719+00:00,2026-09-21T08:03:27.946+00:00,2026-09-21T08:03:32.337+00:00,True,70,70.0,,70.0,263226.820402,267617.405746,267617.405647,3823.1057949571427,44.962762000000005,263226.820402,31454.018539204204,76.96167355,63.631671652173914,9.212697105488624,0.26156744104469093,58,64,,True,True,,346,59.56268577710819
193,2026-09-21T07:59:05.592+00:00,2026-09-21T08:03:28.160+00:00,2026-09-21T08:03:33.620+00:00,True,87,87.0,,87.0,262568.187378,268028.123378,268028.123363,3080.7830271609196,43.317072,262568.187378,28143.459611669834,78.24259330000001,63.48762790697675,9.856904048580283,0.32459280355928893,58,64,,True,True,,517,59.56268577710819
194,2026-09-21T07:59:05.597+00:00,2026-09-21T08:03:31.308+00:00,2026-09-21T08:03:34.356+00:00,True,49,49.0,,49.0,265710.648054,268758.65726999997,268758.65730799997,5484.8705573061225,42.874491,265710.648054,37949.593678996775,78.67592599999999,63.500192,9.348220515579746,0.18231970831277702,58,64,,True,True,,98,59.56268577710819
195,2026-09-21T07:59:05.808+00:00,2026-09-21T08:03:32.655+00:00,2026-09-21T08:03:36.842+00:00,True,67,67.0,,67.0,266847.323871,271033.811167,271033.811068,4045.280762208955,45.233011,266847.323871,32592.841069101458,76.122179,63.4316256969697,8.875271785131112,0.247201630348316,58,64,,True,True,,335,59.56268577710819
196,2026-09-21T07:59:06.053+00:00,2026-09-21T08:03:35.004+00:00,2026-09-21T08:03:37.093+00:00,True,34,34.0,,34.0,268951.509114,271040.49497,271040.49496800004,7971.779263764706,44.16893099999999,268951.509114,46113.948024193625,77.50000264999998,63.302601696969695,9.97332204228536,0.1254425099974942,58,64,,True,True,,388,59.56268577710819
197,2026-09-21T07:59:06.340+00:00,2026-09-21T08:03:36.642+00:00,2026-09-21T08:03:37.290+00:00,True,11,11.0,,11.0,270302.32221899997,270950.05572299997,270950.055642,24631.823240181817,50.970801,270302.32221899997,81479.68715730478,135190.903795,64.7733504,8.926694257577514,0.04059788794155339,58,64,,True,True,,11,59.56268577710819
198,2026-09-21T07:59:06.649+00:00,2026-09-21T08:03:38.359+00:00,2026-09-21T08:03:44.052+00:00,True,89,89.0,,89.0,271709.790953,277402.71690500004,277402.71688200004,3116.884459348315,40.517451,271709.790953,28794.324772803822,79.184686,64.69234036363636,10.543555858238324,0.3208331951214419,58,64,,True,True,,496,59.56268577710819
199,2026-09-21T07:59:07.023+00:00,2026-09-21T08:03:39.996+00:00,2026-09-21T08:03:45.832+00:00,True,92,92.0,,92.0,272972.039168,278808.160768,278808.16075,3030.5234864130434,42.176401,272972.039168,28452.618117598344,78.56383550000001,64.1332043956044,10.902338062421478,0.3299759940547595,58,64,,True,True,,373,59.56268577710819
200,2026-09-21T07:59:07.425+00:00,2026-09-21T08:03:42.174+00:00,2026-09-21T08:03:42.445+00:00,True,5,5.0,,5.0,274748.62525,275019.434082,275019.433906,55003.886781199995,63.959452,274748.62525,122841.04327780093,219813.39614620002,67.702208,4.017144976117574,0.018180533374631252,58,64,,True,True,,35,59.56268577710819
201,2026-09-21T07:59:07.661+00:00,2026-09-21T08:03:43.316+00:00,2026-09-21T08:03:46.186+00:00,True,46,46.0,,46.0,275654.845822,278525.265534,278525.265332,6054.897072434783,43.926391,275654.845822,40633.68600028409,82.0577995,63.78710471111111,10.001601933287551,0.1651555736310202,58,64,,True,True,,317,59.56268577710819
202,2026-09-21T07:59:08.055+00:00,2026-09-21T08:03:45.588+00:00,2026-09-21T08:03:45.776+00:00,True,4,4.0,,4.0,277532.835728,277720.73076799995,277720.730842,69430.1827105,48.998491,277532.835728,138735.10235147117,235913.5413356,62.63168,11.89245290381156,0.014402957924453565,58,64,,True,True,,21,59.56268577710819
203,2026-09-21T07:59:08.332+00:00,2026-09-21T08:03:46.973+00:00,2026-09-21T08:03:50.052+00:00,True,50,50.0,,50.0,278641.052508,281720.671324,281720.671393,5634.4134278599995,42.710981,278641.052508,39396.90834495875,76.87090555,62.849363591836735,9.138820916939203,0.17748076406681648,58,64,,True,True,,50,59.56268577710819
204,2026-09-21T07:59:08.695+00:00,2026-09-21T08:03:48.891+00:00,2026-09-21T08:03:51.876+00:00,True,48,48.0,,48.0,280195.89501,283180.662754,283180.66287299996,5899.5971431875,44.387871,280195.89501,40433.62872941306,80.4207185,63.50569668085107,9.68433228120625,0.16950309930483412,58,64,,True,True,,192,59.56268577710819
205,2026-09-21T07:59:09.007+00:00,2026-09-21T08:03:50.477+00:00,2026-09-21T08:03:50.978+00:00,True,9,9.0,,9.0,281469.131682,281970.545826,281970.545662,31330.06062911111,51.976181,281469.131682,93802.15213556935,168912.7872936,62.676768,10.257496497799895,0.031918227393700094,58,64,,True,True,,49,59.56268577710819
206,2026-09-21T07:59:09.247+00:00,2026-09-21T08:03:51.695+00:00,2026-09-21T08:03:55.893+00:00,True,67,67.0,,67.0,282448.436462,286645.728238,286645.72825,4278.2944514925375,42.276790999999996,282448.436462,34498.80061434774,78.7071847,63.595329939393935,10.177956824604303,0.23373800269707964,58,64,,True,True,,267,59.56268577710819
207,2026-09-21T07:59:09.572+00:00,2026-09-21T08:03:53.287+00:00,2026-09-21T08:03:57.271+00:00,True,64,64.0,,64.0,283715.439231,287698.909823,287698.90985500003,4495.2954664843755,41.302521,283715.439231,35456.52755212721,78.05672114999999,63.22969193650793,9.898643784474002,0.22245478802604604,58,64,,True,True,,316,59.56268577710819
208,2026-09-21T07:59:09.832+00:00,2026-09-21T08:03:54.356+00:00,2026-09-21T08:03:58.115+00:00,True,62,62.0,,62.0,284523.549047,288282.892919,288282.892776,4649.724077032258,42.076901,284523.549047,36126.70139507778,77.84030645000001,61.628588065573766,10.030965118703358,0.21506652501028006,58,64,,True,True,,124,59.56268577710819
210,2026-09-21T07:59:10.494+00:00,2026-09-21T08:03:55.956+00:00,2026-09-21T08:03:58.536+00:00,True,43,43.0,,43.0,285461.434721,288042.239329,288042.239285,6698.65672755814,44.850941,285461.434721,43523.09098372192,77.3008729,61.44772876190476,9.41602028453721,0.149283660966424,58,64,,True,True,,49,59.56268577710819
211,2026-09-21T07:59:10.876+00:00,2026-09-21T08:03:57.868+00:00,2026-09-21T08:04:01.056+00:00,True,50,50.0,,50.0,286992.82175199996,290180.153336,290180.15340899996,5803.603068179999,44.342331,286992.82175199996,40577.71596091568,77.46824500000001,65.04758334693878,9.083962240016609,0.17230675297805406,58,64,,True,True,,100,59.56268577710819
209,2026-09-21T07:59:10.174+00:00,2026-09-21T08:04:00.394+00:00,2026-09-21T08:04:03.045+00:00,True,42,42.0,,42.0,290219.832228,292871.022244,292871.022214,6973.119576523809,44.308411,290219.832228,44771.91548906026,74.9933565,64.66317112195122,9.061631956086122,0.143407837614636,58,64,,True,True,,252,59.56268577710819
212,2026-09-21T07:59:11.196+00:00,2026-09-21T08:04:00.867+00:00,2026-09-21T08:04:06.103+00:00,True,85,85.0,,85.0,289670.96052200004,294906.92493800004,294906.92483200005,3469.4932333176475,45.489331,289670.96052200004,31412.46729516144,75.27390119999998,62.33290971428572,8.760122926183211,0.28822653119410485,58,64,,True,True,,85,59.56268577710819
213,2026-09-21T07:59:11.523+00:00,2026-09-21T08:04:03.234+00:00,2026-09-21T08:04:09.178+00:00,True,96,96.0,,96.0,291711.241528,297654.800184,297654.800072,3100.570834083333,45.027291,291711.241528,29766.269860674405,76.58801375,62.56377532631579,8.956912219759905,0.32252125596716763,58,64,,True,True,,192,59.56268577710819
214,2026-09-21T07:59:11.923+00:00,2026-09-21T08:04:05.456+00:00,2026-09-21T08:04:10.762+00:00,True,85,85.0,,85.0,293533.260134,298838.55754199997,298838.55759499996,3515.7477364117644,42.240871,293533.260134,31831.30320821397,77.535049,63.15830247619048,9.615706599152285,0.28443451440516926,58,64,,True,True,,396,59.56268577710819
215,2026-09-21T07:59:12.250+00:00,2026-09-21T08:04:07.251+00:00,2026-09-21T08:04:11.884+00:00,True,74,74.0,,74.0,295001.20143300004,299633.84552900004,299633.84556000005,4049.1060210810815,44.854110999999996,295001.20143300004,34285.81724465601,78.76140950000001,63.46087802739726,9.611454810132406,0.24696809490714866,58,64,,True,True,,591,59.56268577710819
216,2026-09-21T07:59:12.495+00:00,2026-09-21T08:04:08.424+00:00,2026-09-21T08:04:10.090+00:00,True,28,28.0,,28.0,295928.162266,297594.831066,297594.830921,10628.386818607143,40.081581,295928.162266,55913.50117431057,79.1585715,61.72847407407407,9.690570184848957,0.09408765568844916,58,64,,True,True,,168,59.56268577710819
217,2026-09-21T07:59:12.916+00:00,2026-09-21T08:04:10.890+00:00,2026-09-21T08:04:12.972+00:00,False,36,35.0,,35.0,297973.86996100005,300055.84832900006,300055.84839500004,8334.884677638891,0.03152,297973.86996100005,49652.39923445825,77.47975425,59.48509622857143,13.403057166433351,0.1166449519144976,58,64,,True,False,Request timeout: 300.0s exceeded,70,59.56268577710819
218,2026-09-21T07:59:13.216+00:00,2026-09-21T08:04:12.648+00:00,2026-09-21T08:04:13.258+00:00,False,12,11.0,,11.0,299431.94464099995,300041.110465,300041.1104739999,25003.42587283333,0.02677,299431.94464099995,86422.5726138759,134788.90920004997,55.37871127272727,20.21746644858247,0.036661642742730614,58,64,,True,False,Request timeout: 300.0s exceeded,29,59.56268577710819
219,2026-09-21T07:59:13.562+00:00,2026-09-21T08:04:13.669+00:00,2026-09-21T08:04:13.669+00:00,False,1,0.0,,0.0,300107.583422,300107.583422,300107.583422,300107.583422,300107.583422,300107.583422,nan,300107.583422,nan,nan,0.0,58,64,,True,False,"HTTPConnectionPool(host='gpu06', port=9004): Read timed out.",0,59.56268577710819
220,2026-09-21T07:59:13.829+00:00,2026-09-21T08:04:13.892+00:00,2026-09-21T08:04:13.892+00:00,False,1,0.0,,0.0,300063.168804,300063.168804,300063.168804,300063.168804,300063.168804,300063.168804,nan,300063.168804,nan,nan,0.0,58,64,,True,False,"HTTPConnectionPool(host='gpu06', port=9004): Read timed out.",0,59.56268577710819
221,2026-09-21T07:59:14.234+00:00,2026-09-21T08:04:14.338+00:00,2026-09-21T08:04:14.338+00:00,False,1,0.0,,0.0,300104.542117,300104.542117,300104.542117,300104.542117,300104.542117,300104.542117,nan,300104.542117,nan,nan,0.0,58,64,,True,False,"HTTPConnectionPool(host='gpu06', port=9004): Read timed out.",0,59.56268577710819
222,2026-09-21T07:59:14.603+00:00,2026-09-21T08:04:14.709+00:00,2026-09-21T08:04:14.709+00:00,False,1,0.0,,0.0,300105.511712,300105.511712,300105.511712,300105.511712,300105.511712,300105.511712,nan,300105.511712,nan,nan,0.0,58,64,,True,False,"HTTPConnectionPool(host='gpu06', port=9004): Read timed out.",0,59.56268577710819
223,2026-09-21T07:59:14.929+00:00,2026-09-21T08:04:14.949+00:00,2026-09-21T08:04:14.949+00:00,False,1,0.0,,0.0,300019.759319,300019.759319,300019.759319,300019.759319,300019.759319,300019.759319,nan,300019.759319,nan,nan,0.0,58,64,,True,False,"HTTPConnectionPool(host='gpu06', port=9004): Read timed out.",0,59.56268577710819
224,2026-09-21T07:59:15.197+00:00,2026-09-21T08:04:15.316+00:00,2026-09-21T08:04:15.316+00:00,False,1,0.0,,0.0,300118.95793300006,300118.95793300006,300118.95793300006,300118.95793300006,300118.95793300006,300118.95793300006,nan,300118.95793300006,nan,nan,0.0,58,64,,True,False,"HTTPConnectionPool(host='gpu06', port=9004): Read timed out.",0,59.56268577710819
225,2026-09-21T07:59:15.589+00:00,2026-09-21T08:04:15.647+00:00,2026-09-21T08:04:15.647+00:00,False,1,0.0,,0.0,300058.25747500005,300058.25747500005,300058.25747500005,300058.25747500005,300058.25747500005,300058.25747500005,nan,300058.25747500005,nan,nan,0.0,58,64,,True,False,TTFT timeout: 300.0s exceeded (TTFT: 300.051s),0,59.56268577710819
226,2026-09-21T07:59:15.906+00:00,2026-09-21T08:04:15.917+00:00,2026-09-21T08:04:15.972+00:00,False,3,2.0,,2.0,300010.301453,300065.278989,300065.278944,100021.75964799999,0.05914,300010.301453,173195.15984100403,270014.7631428,27.488768,38.79135758530305,0.006665216338053285,58,64,,True,False,Request timeout: 300.0s exceeded,4,59.56268577710819
227,2026-09-21T07:59:16.316+00:00,2026-09-21T08:04:16.361+00:00,2026-09-21T08:04:16.361+00:00,False,1,0.0,,0.0,300045.65432599996,300045.65432599996,300045.65432599996,300045.65432599996,300045.65432599996,300045.65432599996,nan,300045.65432599996,nan,nan,0.0,58,64,,True,False,"HTTPConnectionPool(host='gpu06', port=9004): Read timed out.",0,59.56268577710819
228,2026-09-21T07:59:16.744+00:00,2026-09-21T08:04:16.847+00:00,2026-09-21T08:04:16.847+00:00,False,1,0.0,,0.0,300102.62216900004,300102.62216900004,300102.62216900004,300102.62216900004,300102.62216900004,300102.62216900004,nan,300102.62216900004,nan,nan,0.0,58,64,,True,False,"HTTPConnectionPool(host='gpu06', port=9004): Read timed out.",0,59.56268577710819
229,2026-09-21T07:59:17.141+00:00,2026-09-21T08:04:17.251+00:00,2026-09-21T08:04:17.251+00:00,False,1,0.0,,0.0,300110.309782,300110.309782,300110.309782,300110.309782,300110.309782,300110.309782,nan,300110.309782,nan,nan,0.0,58,64,,True,False,"HTTPConnectionPool(host='gpu06', port=9004): Read timed out.",0,59.56268577710819
230,2026-09-21T07:59:17.401+00:00,2026-09-21T08:04:17.531+00:00,2026-09-21T08:04:17.531+00:00,False,1,0.0,,0.0,300129.92713599995,300129.92713599995,300129.92713599995,300129.92713599995,300129.92713599995,300129.92713599995,nan,300129.92713599995,nan,nan,0.0,58,64,,True,False,"HTTPConnectionPool(host='gpu06', port=9004): Read timed out.",0,59.56268577710819
231,2026-09-21T07:59:17.719+00:00,2026-09-21T08:04:17.805+00:00,2026-09-21T08:04:17.805+00:00,False,1,0.0,,0.0,300085.89324299997,300085.89324299997,300085.89324299997,300085.89324299997,300085.89324299997,300085.89324299997,nan,300085.89324299997,nan,nan,0.0,58,64,,True,False,TTFT timeout: 300.0s exceeded (TTFT: 300.074s),0,59.56268577710819
232,2026-09-21T07:59:18.039+00:00,2026-09-21T08:04:18.033+00:00,2026-09-21T08:04:18.102+00:00,False,3,2.0,,2.0,299993.376029,300062.99702099996,300062.99692099995,100020.99897366666,0.032409999999999994,299993.376029,173181.1620771211,270000.99727429997,34.810496,49.1834966447945,0.006665267026777146,58,64,,True,False,Request timeout: 300.0s exceeded,4,59.56268577710819
235,2026-09-21T07:59:19.366+00:00,2026-09-21T08:04:18.631+00:00,2026-09-21T08:04:19.788+00:00,False,18,17.0,,17.0,299265.577556,300422.397012,300422.39693,16690.133162777776,0.030760000000000003,299265.577556,70521.54133614316,45004.88206195,68.04820329411764,33.21488444964673,0.056586992744488876,58,64,,True,False,Request timeout: 300.0s exceeded,58,59.56268577710819
233,2026-09-21T07:59:19.301+00:00,2026-09-21T08:04:18.631+00:00,2026-09-21T08:04:19.739+00:00,False,17,16.0,,16.0,299330.05469099997,300437.71165099996,300437.71154399996,17672.806561411762,0.02302,299330.05469099997,72581.41909005803,59975.48762859999,69.22856,34.245256520617964,0.0532556312989969,58,64,,True,False,Request timeout: 300.0s exceeded,38,59.56268577710819
234,2026-09-21T07:59:19.332+00:00,2026-09-21T08:04:18.633+00:00,2026-09-21T08:04:18.686+00:00,True,2,2.0,,2.0,299300.827039,299354.198431,299354.19831,149677.099155,53.371271,299300.827039,211599.90522637422,284338.4542506,53.371392,nan,0.006681048772599701,58,64,,True,True,,6,59.56268577710819
236,2026-09-21T07:59:19.506+00:00,2026-09-21T08:04:19.536+00:00,2026-09-21T08:04:20.093+00:00,False,12,11.0,,11.0,300030.714422,300587.060022,300587.060024,25048.921668666666,0.03618,300030.714422,86596.8087372257,135055.07526345,50.57687272727273,20.25962510295476,0.03659505502064829,58,64,,True,False,Request timeout: 300.0s exceeded,18,59.56268577710819
237,2026-09-21T07:59:20.032+00:00,2026-09-21T08:04:21.041+00:00,2026-09-21T08:04:21.361+00:00,False,5,4.0,,4.0,301009.638647,301328.861687,301328.86173400003,60265.772346800004,0.03086,301009.638647,134579.92762167964,240842.13692040005,79.80576,73.53719078096854,0.013274533271077527,58,64,,True,False,Request timeout: 300.0s exceeded,4,59.56268577710819
238,2026-09-21T07:59:20.245+00:00,2026-09-21T08:04:21.526+00:00,2026-09-21T08:04:21.526+00:00,False,1,0.0,,0.0,301281.07711799996,301281.07711799996,301281.07711799996,301281.07711799996,301281.07711799996,301281.07711799996,nan,301281.07711799996,nan,nan,0.0,58,64,,True,False,"HTTPConnectionPool(host='gpu06', port=9004): Read timed out.",0,59.56268577710819
242,2026-09-21T07:59:21.662+00:00,2026-09-21T08:04:21.899+00:00,2026-09-21T08:04:21.899+00:00,False,1,0.0,,0.0,300236.25352200004,300236.25352200004,300236.25352200004,300236.25352200004,300236.25352200004,300236.25352200004,nan,300236.25352200004,nan,nan,0.0,58,64,,True,False,"HTTPConnectionPool(host='gpu06', port=9004): Read timed out.",0,59.56268577710819
239,2026-09-21T07:59:20.592+00:00,2026-09-21T08:04:21.900+00:00,2026-09-21T08:04:21.900+00:00,False,1,0.0,,0.0,301307.969506,301307.969506,301307.969506,301307.969506,301307.969506,301307.969506,nan,301307.969506,nan,nan,0.0,58,64,,True,False,"HTTPConnectionPool(host='gpu06', port=9004): Read timed out.",0,59.56268577710819
240,2026-09-21T07:59:20.884+00:00,2026-09-21T08:04:21.939+00:00,2026-09-21T08:04:21.939+00:00,False,1,0.0,,0.0,301054.282541,301054.282541,301054.282541,301054.282541,301054.282541,301054.282541,nan,301054.282541,nan,nan,0.0,58,64,,True,False,"HTTPConnectionPool(host='gpu06', port=9004): Read timed out.",0,59.56268577710819
246,2026-09-21T07:59:22.930+00:00,2026-09-21T08:04:23.287+00:00,2026-09-21T08:04:23.287+00:00,False,1,0.0,,0.0,300357.455749,300357.455749,300357.455749,300357.455749,300357.455749,300357.455749,nan,300357.455749,nan,nan,0.0,58,64,,True,False,"HTTPConnectionPool(host='gpu06', port=9004): Read timed out.",0,59.56268577710819
241,2026-09-21T07:59:21.244+00:00,2026-09-21T08:04:23.298+00:00,2026-09-21T08:04:23.298+00:00,False,1,0.0,,0.0,302053.92579799995,302053.92579799995,302053.92579799995,302053.92579799995,302053.92579799995,302053.92579799995,nan,302053.92579799995,nan,nan,0.0,58,64,,True,False,"HTTPConnectionPool(host='gpu06', port=9004): Read timed out.",0,59.56268577710819
245,2026-09-21T07:59:22.655+00:00,2026-09-21T08:04:23.299+00:00,2026-09-21T08:04:23.299+00:00,False,1,0.0,,0.0,300644.91358399997,300644.91358399997,300644.91358399997,300644.91358399997,300644.91358399997,300644.91358399997,nan,300644.91358399997,nan,nan,0.0,58,64,,True,False,"HTTPConnectionPool(host='gpu06', port=9004): Read timed out.",0,59.56268577710819
244,2026-09-21T07:59:22.366+00:00,2026-09-21T08:04:23.315+00:00,2026-09-21T08:04:23.315+00:00,False,1,0.0,,0.0,300949.02786000003,300949.02786000003,300949.02786000003,300949.02786000003,300949.02786000003,300949.02786000003,nan,300949.02786000003,nan,nan,0.0,58,64,,True,False,"HTTPConnectionPool(host='gpu06', port=9004): Read timed out.",0,59.56268577710819
243,2026-09-21T07:59:22.050+00:00,2026-09-21T08:04:23.320+00:00,2026-09-21T08:04:23.320+00:00,False,1,0.0,,0.0,301269.856537,301269.856537,301269.856537,301269.856537,301269.856537,301269.856537,nan,301269.856537,nan,nan,0.0,58,64,,True,False,"HTTPConnectionPool(host='gpu06', port=9004): Read timed out.",0,59.56268577710819
247,2026-09-21T07:59:23.282+00:00,2026-09-21T08:04:23.392+00:00,2026-09-21T08:04:23.392+00:00,False,1,0.0,,0.0,300110.442011,300110.442011,300110.442011,300110.442011,300110.442011,300110.442011,nan,300110.442011,nan,nan,0.0,58,64,,True,False,"HTTPConnectionPool(host='gpu06', port=9004): Read timed out.",0,59.56268577710819
248,2026-09-21T07:59:23.627+00:00,2026-09-21T08:04:23.653+00:00,2026-09-21T08:04:23.653+00:00,False,1,0.0,,0.0,300026.634806,300026.634806,300026.634806,300026.634806,300026.634806,300026.634806,nan,300026.634806,nan,nan,0.0,58,64,,True,False,"HTTPConnectionPool(host='gpu06', port=9004): Read timed out.",0,59.56268577710819
249,2026-09-21T07:59:24.031+00:00,2026-09-21T08:04:24.052+00:00,2026-09-21T08:04:24.052+00:00,False,1,0.0,,0.0,300021.68397799996,300021.68397799996,300021.68397799996,300021.68397799996,300021.68397799996,300021.68397799996,nan,300021.68397799996,nan,nan,0.0,58,64,,True,False,"HTTPConnectionPool(host='gpu06', port=9004): Read timed out.",0,59.56268577710819
250,2026-09-21T07:59:24.458+00:00,2026-09-21T08:04:24.510+00:00,2026-09-21T08:04:24.510+00:00,False,1,0.0,,0.0,300051.273721,300051.273721,300051.273721,300051.273721,300051.273721,300051.273721,nan,300051.273721,nan,nan,0.0,58,64,,True,False,"HTTPConnectionPool(host='gpu06', port=9004): Read timed out.",0,59.56268577710819
251,2026-09-21T07:59:24.848+00:00,2026-09-21T08:04:24.939+00:00,2026-09-21T08:04:24.939+00:00,False,1,0.0,,0.0,300091.625796,300091.625796,300091.625796,300091.625796,300091.625796,300091.625796,nan,300091.625796,nan,nan,0.0,58,64,,True,False,"HTTPConnectionPool(host='gpu06', port=9004): Read timed out.",0,59.56268577710819
252,2026-09-21T07:59:25.275+00:00,2026-09-21T08:04:25.326+00:00,2026-09-21T08:04:25.326+00:00,False,1,0.0,,0.0,300051.361166,300051.361166,300051.361166,300051.361166,300051.361166,300051.361166,nan,300051.361166,nan,nan,0.0,58,64,,True,False,TTFT timeout: 300.0s exceeded (TTFT: 300.039s),0,59.56268577710819
253,2026-09-21T07:59:25.694+00:00,2026-09-21T08:04:25.639+00:00,2026-09-21T08:04:25.717+00:00,False,3,2.0,,2.0,299945.63151599996,300023.334428,300023.334307,100007.77810233332,0.0347,299945.63151599996,173151.2645852882,269958.83517349995,38.851456,54.89501873375398,0.006666148164152088,58,64,,True,False,Request timeout: 300.0s exceeded,7,59.56268577710819
254,2026-09-21T07:59:25.971+00:00,2026-09-21T08:04:26.071+00:00,2026-09-21T08:04:26.071+00:00,False,1,0.0,,0.0,300100.111901,300100.111901,300100.111901,300100.111901,300100.111901,300100.111901,nan,300100.111901,nan,nan,0.0,58,64,,True,False,"HTTPConnectionPool(host='gpu06', port=9004): Read timed out.",0,59.56268577710819
255,2026-09-21T07:59:26.276+00:00,2026-09-21T08:04:26.347+00:00,2026-09-21T08:04:26.347+00:00,False,1,0.0,,0.0,300070.705939,300070.705939,300070.705939,300070.705939,300070.705939,300070.705939,nan,300070.705939,nan,nan,0.0,58,64,,True,False,"HTTPConnectionPool(host='gpu06', port=9004): Read timed out.",0,59.56268577710819
256,2026-09-21T07:59:26.581+00:00,2026-09-21T08:04:26.688+00:00,2026-09-21T08:04:26.688+00:00,False,1,0.0,,0.0,300106.68242900004,300106.68242900004,300106.68242900004,300106.68242900004,300106.68242900004,300106.68242900004,nan,300106.68242900004,nan,nan,0.0,58,64,,True,False,"HTTPConnectionPool(host='gpu06', port=9004): Read timed out.",0,59.56268577710819
257,2026-09-21T07:59:26.840+00:00,2026-09-21T08:04:26.948+00:00,2026-09-21T08:04:26.948+00:00,False,1,0.0,,0.0,300107.185782,300107.185782,300107.185782,300107.185782,300107.185782,300107.185782,nan,300107.185782,nan,nan,0.0,58,64,,True,False,"HTTPConnectionPool(host='gpu06', port=9004): Read timed out.",0,59.56268577710819
258,2026-09-21T07:59:27.188+00:00,2026-09-21T08:04:27.253+00:00,2026-09-21T08:04:27.253+00:00,False,1,0.0,,0.0,300064.500518,300064.500518,300064.500518,300064.500518,300064.500518,300064.500518,nan,300064.500518,nan,nan,0.0,58,64,,True,False,"HTTPConnectionPool(host='gpu06', port=9004): Read timed out.",0,59.56268577710819
259,2026-09-21T07:59:27.534+00:00,2026-09-21T08:04:27.517+00:00,2026-09-21T08:04:27.658+00:00,False,3,2.0,,2.0,299983.12900300004,300123.95127500006,300123.95145600004,100041.31715200002,0.03126,299983.12900300004,173154.70264487536,269998.895222,70.411136,99.53221475531643,0.006663913331486907,58,64,,True,False,Request timeout: 300.0s exceeded,11,59.56268577710819
260,2026-09-21T07:59:27.830+00:00,2026-09-21T08:04:27.904+00:00,2026-09-21T08:04:27.904+00:00,False,1,0.0,,0.0,300074.19091500004,300074.19091500004,300074.19091500004,300074.19091500004,300074.19091500004,300074.19091500004,nan,300074.19091500004,nan,nan,0.0,58,64,,True,False,TTFT timeout: 300.0s exceeded (TTFT: 300.069s),0,59.56268577710819
261,2026-09-21T07:59:28.226+00:00,2026-09-21T08:04:28.325+00:00,2026-09-21T08:04:28.325+00:00,False,1,0.0,,0.0,300099.25573900004,300099.25573900004,300099.25573900004,300099.25573900004,300099.25573900004,300099.25573900004,nan,300099.25573900004,nan,nan,0.0,58,64,,True,False,"HTTPConnectionPool(host='gpu06', port=9004): Read timed out.",0,59.56268577710819
262,2026-09-21T07:59:28.470+00:00,2026-09-21T08:04:28.548+00:00,2026-09-21T08:04:28.548+00:00,False,1,0.0,,0.0,300078.22754299996,300078.22754299996,300078.22754299996,300078.22754299996,300078.22754299996,300078.22754299996,nan,300078.22754299996,nan,nan,0.0,58,64,,True,False,"HTTPConnectionPool(host='gpu06', port=9004): Read timed out.",0,59.56268577710819
263,2026-09-21T07:59:28.837+00:00,2026-09-21T08:04:28.944+00:00,2026-09-21T08:04:28.944+00:00,False,1,0.0,,0.0,300107.209049,300107.209049,300107.209049,300107.209049,300107.209049,300107.209049,nan,300107.209049,nan,nan,0.0,58,64,,True,False,TTFT timeout: 300.0s exceeded (TTFT: 300.097s),0,59.56268577710819
264,2026-09-21T07:59:29.245+00:00,2026-09-21T08:04:29.266+00:00,2026-09-21T08:04:29.266+00:00,False,1,0.0,,0.0,300020.331489,300020.331489,300020.331489,300020.331489,300020.331489,300020.331489,nan,300020.331489,nan,nan,0.0,58,64,,True,False,TTFT timeout: 300.0s exceeded (TTFT: 300.015s),0,59.56268577710819
265,2026-09-21T07:59:29.542+00:00,2026-09-21T08:04:29.607+00:00,2026-09-21T08:04:29.607+00:00,False,1,0.0,,0.0,300064.345041,300064.345041,300064.345041,300064.345041,300064.345041,300064.345041,nan,300064.345041,nan,nan,0.0,58,64,,True,False,TTFT timeout: 300.0s exceeded (TTFT: 300.041s),0,59.56268577710819
266,2026-09-21T07:59:29.838+00:00,2026-09-21T08:04:29.752+00:00,2026-09-21T08:04:29.897+00:00,False,4,3.0,,3.0,299913.482917,300058.311333,300058.31133,75014.5778325,0.03068,299913.482917,149932.60727079766,254937.33202509998,48.27613866666666,41.781831137802726,0.009998056666627864,58,64,,True,False,Request timeout: 300.0s exceeded,29,59.56268577710819
267,2026-09-21T07:59:30.251+00:00,2026-09-21T08:04:30.320+00:00,2026-09-21T08:04:30.320+00:00,False,1,0.0,,0.0,300068.141403,300068.141403,300068.141403,300068.141403,300068.141403,300068.141403,nan,300068.141403,nan,nan,0.0,58,64,,True,False,"HTTPConnectionPool(host='gpu06', port=9004): Read timed out.",0,59.56268577710819
268,2026-09-21T07:59:30.653+00:00,2026-09-21T08:04:30.760+00:00,2026-09-21T08:04:30.760+00:00,False,1,0.0,,0.0,300106.672487,300106.672487,300106.672487,300106.672487,300106.672487,300106.672487,nan,300106.672487,nan,nan,0.0,58,64,,True,False,"HTTPConnectionPool(host='gpu06', port=9004): Read timed out.",0,59.56268577710819
269,2026-09-21T07:59:30.995+00:00,2026-09-21T08:04:31.099+00:00,2026-09-21T08:04:31.099+00:00,False,1,0.0,,0.0,300103.960334,300103.960334,300103.960334,300103.960334,300103.960334,300103.960334,nan,300103.960334,nan,nan,0.0,58,64,,True,False,"HTTPConnectionPool(host='gpu06', port=9004): Read timed out.",0,59.56268577710819
270,2026-09-21T07:59:31.312+00:00,2026-09-21T08:04:31.416+00:00,2026-09-21T08:04:31.416+00:00,False,1,0.0,,0.0,300104.628563,300104.628563,300104.628563,300104.628563,300104.628563,300104.628563,nan,300104.628563,nan,nan,0.0,58,64,,True,False,"HTTPConnectionPool(host='gpu06', port=9004): Read timed out.",0,59.56268577710819
271,2026-09-21T07:59:31.635+00:00,2026-09-21T08:04:31.693+00:00,2026-09-21T08:04:32.915+00:00,False,21,20.0,,20.0,300058.301809,301279.871601,301279.87175500003,14346.660559761905,0.04107,300058.301809,65464.76878880468,180.38376399999999,61.078489600000005,32.45144520305595,0.06638345898688844,58,64,,True,False,Request timeout: 300.0s exceeded,101,59.56268577710819
272,2026-09-21T07:59:31.995+00:00,2026-09-21T08:04:31.876+00:00,2026-09-21T08:04:32.959+00:00,False,21,20.0,,20.0,299880.891502,300964.716654,300964.716685,14331.653175476189,0.033460000000000004,299880.891502,65427.551793879684,78.527681,54.1912576,15.878667359502561,0.06645297236949117,58,64,,True,False,Request timeout: 300.0s exceeded,160,59.56268577710819
275,2026-09-21T07:59:32.946+00:00,2026-09-21T08:04:33.110+00:00,2026-09-21T08:04:33.110+00:00,False,1,0.0,,0.0,300163.969524,300163.969524,300163.969524,300163.969524,300163.969524,300163.969524,nan,300163.969524,nan,nan,0.0,58,64,,True,False,"HTTPConnectionPool(host='gpu06', port=9004): Read timed out.",0,59.56268577710819
276,2026-09-21T07:59:33.219+00:00,2026-09-21T08:04:33.264+00:00,2026-09-21T08:04:33.264+00:00,False,1,0.0,,0.0,300044.963993,300044.963993,300044.963993,300044.963993,300044.963993,300044.963993,nan,300044.963993,nan,nan,0.0,58,64,,True,False,"HTTPConnectionPool(host='gpu06', port=9004): Read timed out.",0,59.56268577710819
273,2026-09-21T07:59:32.364+00:00,2026-09-21T08:04:33.474+00:00,2026-09-21T08:04:33.474+00:00,False,1,0.0,,0.0,301109.774133,301109.774133,301109.774133,301109.774133,301109.774133,301109.774133,nan,301109.774133,nan,nan,0.0,58,64,,True,False,"HTTPConnectionPool(host='gpu06', port=9004): Read timed out.",0,59.56268577710819
277,2026-09-21T07:59:33.576+00:00,2026-09-21T08:04:33.619+00:00,2026-09-21T08:04:33.619+00:00,False,1,0.0,,0.0,300043.43471,300043.43471,300043.43471,300043.43471,300043.43471,300043.43471,nan,300043.43471,nan,nan,0.0,58,64,,True,False,"HTTPConnectionPool(host='gpu06', port=9004): Read timed out.",0,59.56268577710819
274,2026-09-21T07:59:32.636+00:00,2026-09-21T08:04:34.064+00:00,2026-09-21T08:04:35.050+00:00,False,16,15.0,,15.0,301427.880141,302414.217165,302414.217272,18900.8885795,0.0256,301427.880141,75340.54499817084,75521.83434899998,65.7558016,47.397339069531036,0.04960084264760563,58,64,,True,False,Request timeout: 300.0s exceeded,60,59.56268577710819
278,2026-09-21T07:59:34.841+00:00,2026-09-21T08:04:34.281+00:00,2026-09-21T08:04:35.159+00:00,False,17,16.0,,16.0,299440.441012,300318.128052,300318.12801000004,17665.772235882356,0.0314,299440.441012,72611.6730728888,59975.03073200001,54.85544,21.37203720938474,0.053276837145274175,58,64,,True,False,Request timeout: 300.0s exceeded,107,59.56268577710819
279,2026-09-21T07:59:34.876+00:00,2026-09-21T08:04:35.589+00:00,2026-09-21T08:04:35.589+00:00,False,1,0.0,,0.0,300712.669136,300712.669136,300712.669136,300712.669136,300712.669136,300712.669136,nan,300712.669136,nan,nan,0.0,58,64,,True,False,"HTTPConnectionPool(host='gpu06', port=9004): Read timed out.",0,59.56268577710819
280,2026-09-21T07:59:35.221+00:00,2026-09-21T08:04:35.610+00:00,2026-09-21T08:04:35.610+00:00,False,1,0.0,,0.0,300388.560756,300388.560756,300388.560756,300388.560756,300388.560756,300388.560756,nan,300388.560756,nan,nan,0.0,58,64,,True,False,"HTTPConnectionPool(host='gpu06', port=9004): Read timed out.",0,59.56268577710819
281,2026-09-21T07:59:35.396+00:00,2026-09-21T08:04:35.813+00:00,2026-09-21T08:04:35.813+00:00,False,1,0.0,,0.0,300417.200434,300417.200434,300417.200434,300417.200434,300417.200434,300417.200434,nan,300417.200434,nan,nan,0.0,58,64,,True,False,"HTTPConnectionPool(host='gpu06', port=9004): Read timed out.",0,59.56268577710819
282,2026-09-21T07:59:35.671+00:00,2026-09-21T08:04:36.055+00:00,2026-09-21T08:04:36.055+00:00,False,1,0.0,,0.0,300383.763245,300383.763245,300383.763245,300383.763245,300383.763245,300383.763245,nan,300383.763245,nan,nan,0.0,58,64,,True,False,"HTTPConnectionPool(host='gpu06', port=9004): Read timed out.",0,59.56268577710819
284,2026-09-21T07:59:35.774+00:00,2026-09-21T08:04:36.059+00:00,2026-09-21T08:04:36.059+00:00,False,1,0.0,,0.0,300285.428695,300285.428695,300285.428695,300285.428695,300285.428695,300285.428695,nan,300285.428695,nan,nan,0.0,58,64,,True,False,"HTTPConnectionPool(host='gpu06', port=9004): Read timed out.",0,59.56268577710819
283,2026-09-21T07:59:35.683+00:00,2026-09-21T08:04:36.202+00:00,2026-09-21T08:04:36.202+00:00,False,1,0.0,,0.0,300519.544064,300519.544064,300519.544064,300519.544064,300519.544064,300519.544064,nan,300519.544064,nan,nan,0.0,58,64,,True,False,"HTTPConnectionPool(host='gpu06', port=9004): Read timed out.",0,59.56268577710819
285,2026-09-21T07:59:36.030+00:00,2026-09-21T08:04:36.248+00:00,2026-09-21T08:04:36.248+00:00,False,1,0.0,,0.0,300218.598651,300218.598651,300218.598651,300218.598651,300218.598651,300218.598651,nan,300218.598651,nan,nan,0.0,58,64,,True,False,"HTTPConnectionPool(host='gpu06', port=9004): Read timed out.",0,59.56268577710819
286,2026-09-21T07:59:36.416+00:00,2026-09-21T08:04:36.523+00:00,2026-09-21T08:04:36.523+00:00,False,1,0.0,,0.0,300107.08604,300107.08604,300107.08604,300107.08604,300107.08604,300107.08604,nan,300107.08604,nan,nan,0.0,58,64,,True,False,"HTTPConnectionPool(host='gpu06', port=9004): Read timed out.",0,59.56268577710819
287,2026-09-21T07:59:36.751+00:00,2026-09-21T08:04:36.855+00:00,2026-09-21T08:04:36.855+00:00,False,1,0.0,,0.0,300103.990291,300103.990291,300103.990291,300103.990291,300103.990291,300103.990291,nan,300103.990291,nan,nan,0.0,58,64,,True,False,"HTTPConnectionPool(host='gpu06', port=9004): Read timed out.",0,59.56268577710819
288,2026-09-21T07:59:37.031+00:00,2026-09-21T08:04:37.132+00:00,2026-09-21T08:04:37.132+00:00,False,1,0.0,,0.0,300101.160989,300101.160989,300101.160989,300101.160989,300101.160989,300101.160989,nan,300101.160989,nan,nan,0.0,58,64,,True,False,"HTTPConnectionPool(host='gpu06', port=9004): Read timed out.",0,59.56268577710819
289,2026-09-21T07:59:37.431+00:00,2026-09-21T08:04:37.548+00:00,2026-09-21T08:04:37.548+00:00,False,1,0.0,,0.0,300117.678209,300117.678209,300117.678209,300117.678209,300117.678209,300117.678209,nan,300117.678209,nan,nan,0.0,58,64,,True,False,"HTTPConnectionPool(host='gpu06', port=9004): Read timed out.",0,59.56268577710819
290,2026-09-21T07:59:37.855+00:00,2026-09-21T08:04:37.911+00:00,2026-09-21T08:04:37.911+00:00,False,1,0.0,,0.0,300056.012098,300056.012098,300056.012098,300056.012098,300056.012098,300056.012098,nan,300056.012098,nan,nan,0.0,58,64,,True,False,TTFT timeout: 300.0s exceeded (TTFT: 300.048s),0,59.56268577710819
291,2026-09-21T07:59:38.215+00:00,2026-09-21T08:04:38.253+00:00,2026-09-21T08:04:38.253+00:00,False,1,0.0,,0.0,300038.335096,300038.335096,300038.335096,300038.335096,300038.335096,300038.335096,nan,300038.335096,nan,nan,0.0,58,64,,True,False,TTFT timeout: 300.0s exceeded (TTFT: 300.017s),0,59.56268577710819
292,2026-09-21T07:59:38.472+00:00,2026-09-21T08:04:38.592+00:00,2026-09-21T08:04:38.592+00:00,False,1,0.0,,0.0,300119.285483,300119.285483,300119.285483,300119.285483,300119.285483,300119.285483,nan,300119.285483,nan,nan,0.0,58,64,,True,False,"HTTPConnectionPool(host='gpu06', port=9004): Read timed out.",0,59.56268577710819
293,2026-09-21T07:59:38.881+00:00,2026-09-21T08:04:38.928+00:00,2026-09-21T08:04:38.928+00:00,False,1,0.0,,0.0,300047.829766,300047.829766,300047.829766,300047.829766,300047.829766,300047.829766,nan,300047.829766,nan,nan,0.0,58,64,,True,False,"HTTPConnectionPool(host='gpu06', port=9004): Read timed out.",0,59.56268577710819
294,2026-09-21T07:59:39.262+00:00,2026-09-21T08:04:39.354+00:00,2026-09-21T08:04:39.354+00:00,False,1,0.0,,0.0,300091.742057,300091.742057,300091.742057,300091.742057,300091.742057,300091.742057,nan,300091.742057,nan,nan,0.0,58,64,,True,False,"HTTPConnectionPool(host='gpu06', port=9004): Read timed out.",0,59.56268577710819
295,2026-09-21T07:59:39.622+00:00,2026-09-21T08:04:39.720+00:00,2026-09-21T08:04:39.720+00:00,False,1,0.0,,0.0,300098.042303,300098.042303,300098.042303,300098.042303,300098.042303,300098.042303,nan,300098.042303,nan,nan,0.0,58,64,,True,False,TTFT timeout: 300.0s exceeded (TTFT: 300.083s),0,59.56268577710819
296,2026-09-21T07:59:39.890+00:00,2026-09-21T08:04:39.953+00:00,2026-09-21T08:04:39.953+00:00,False,1,0.0,,0.0,300062.147885,300062.147885,300062.147885,300062.147885,300062.147885,300062.147885,nan,300062.147885,nan,nan,0.0,58,64,,True,False,"HTTPConnectionPool(host='gpu06', port=9004): Read timed out.",0,59.56268577710819
297,2026-09-21T07:59:40.166+00:00,2026-09-21T08:04:40.157+00:00,2026-09-21T08:04:40.462+00:00,False,3,2.0,,2.0,299990.660598,300296.419062,300296.418979,100098.80632633333,0.04621,299990.660598,173111.49127381417,270022.16575529997,152.879232,216.1387163386287,0.006660086078439299,58,64,,True,False,Request timeout: 300.0s exceeded,6,59.56268577710819
298,2026-09-21T07:59:40.536+00:00,2026-09-21T08:04:40.513+00:00,2026-09-21T08:04:40.625+00:00,False,3,2.0,,2.0,299977.742354,300089.34325,300089.343068,100029.78102266666,0.02786,299977.742354,173160.02292962628,269991.125404,55.800448,78.87428813285018,0.006664681852210359,58,64,,True,False,Request timeout: 300.0s exceeded,12,59.56268577710819
299,2026-09-21T07:59:40.866+00:00,2026-09-21T08:04:40.950+00:00,2026-09-21T08:04:40.950+00:00,False,1,0.0,,0.0,300084.37716900004,300084.37716900004,300084.37716900004,300084.37716900004,300084.37716900004,300084.37716900004,nan,300084.37716900004,nan,nan,0.0,58,64,,True,False,"HTTPConnectionPool(host='gpu06', port=9004): Read timed out.",0,59.56268577710819
300,2026-09-21T07:59:41.149+00:00,2026-09-21T08:04:41.238+00:00,2026-09-21T08:04:41.238+00:00,False,1,0.0,,0.0,300089.191696,300089.191696,300089.191696,300089.191696,300089.191696,300089.191696,nan,300089.191696,nan,nan,0.0,58,64,,True,False,"HTTPConnectionPool(host='gpu06', port=9004): Read timed out.",0,59.56268577710819
301,2026-09-21T07:59:41.466+00:00,2026-09-21T08:04:41.534+00:00,2026-09-21T08:04:41.534+00:00,False,1,0.0,,0.0,300067.9537,300067.9537,300067.9537,300067.9537,300067.9537,300067.9537,nan,300067.9537,nan,nan,0.0,58,64,,True,False,"HTTPConnectionPool(host='gpu06', port=9004): Read timed out.",0,59.56268577710819
302,2026-09-21T07:59:41.764+00:00,2026-09-21T08:04:41.884+00:00,2026-09-21T08:04:41.884+00:00,False,1,0.0,,0.0,300120.315573,300120.315573,300120.315573,300120.315573,300120.315573,300120.315573,nan,300120.315573,nan,nan,0.0,58,64,,True,False,"HTTPConnectionPool(host='gpu06', port=9004): Read timed out.",0,59.56268577710819
303,2026-09-21T07:59:42.052+00:00,2026-09-21T08:04:42.166+00:00,2026-09-21T08:04:42.166+00:00,False,1,0.0,,0.0,300114.505259,300114.505259,300114.505259,300114.505259,300114.505259,300114.505259,nan,300114.505259,nan,nan,0.0,58,64,,True,False,"HTTPConnectionPool(host='gpu06', port=9004): Read timed out.",0,59.56268577710819
304,2026-09-21T07:59:42.439+00:00,2026-09-21T08:04:42.456+00:00,2026-09-21T08:04:42.456+00:00,False,1,0.0,,0.0,300017.310897,300017.310897,300017.310897,300017.310897,300017.310897,300017.310897,nan,300017.310897,nan,nan,0.0,58,64,,True,False,TTFT timeout: 300.0s exceeded (TTFT: 300.009s),0,59.56268577710819
305,2026-09-21T07:59:42.860+00:00,2026-09-21T08:04:42.973+00:00,2026-09-21T08:04:42.973+00:00,False,1,0.0,,0.0,300113.353369,300113.353369,300113.353369,300113.353369,300113.353369,300113.353369,nan,300113.353369,nan,nan,0.0,58,64,,True,False,"HTTPConnectionPool(host='gpu06', port=9004): Read timed out.",0,59.56268577710819
306,2026-09-21T07:59:43.180+00:00,2026-09-21T08:04:43.210+00:00,2026-09-21T08:04:43.210+00:00,False,1,0.0,,0.0,300029.610796,300029.610796,300029.610796,300029.610796,300029.610796,300029.610796,nan,300029.610796,nan,nan,0.0,58,64,,True,False,"HTTPConnectionPool(host='gpu06', port=9004): Read timed out.",0,59.56268577710819
307,2026-09-21T07:59:43.525+00:00,2026-09-21T08:04:43.629+00:00,2026-09-21T08:04:43.629+00:00,False,1,0.0,,0.0,300104.435091,300104.435091,300104.435091,300104.435091,300104.435091,300104.435091,nan,300104.435091,nan,nan,0.0,58,64,,True,False,"HTTPConnectionPool(host='gpu06', port=9004): Read timed out.",0,59.56268577710819
308,2026-09-21T07:59:43.762+00:00,2026-09-21T08:04:43.866+00:00,2026-09-21T08:04:43.866+00:00,False,1,0.0,,0.0,300104.029685,300104.029685,300104.029685,300104.029685,300104.029685,300104.029685,nan,300104.029685,nan,nan,0.0,58,64,,True,False,"HTTPConnectionPool(host='gpu06', port=9004): Read timed out.",0,59.56268577710819
309,2026-09-21T07:59:44.021+00:00,2026-09-21T08:04:44.125+00:00,2026-09-21T08:04:44.125+00:00,False,1,0.0,,0.0,300104.390786,300104.390786,300104.390786,300104.390786,300104.390786,300104.390786,nan,300104.390786,nan,nan,0.0,58,64,,True,False,"HTTPConnectionPool(host='gpu06', port=9004): Read timed out.",0,59.56268577710819
310,2026-09-21T07:59:44.290+00:00,2026-09-21T08:04:44.403+00:00,2026-09-21T08:04:44.403+00:00,False,1,0.0,,0.0,300112.62921499996,300112.62921499996,300112.62921499996,300112.62921499996,300112.62921499996,300112.62921499996,nan,300112.62921499996,nan,nan,0.0,58,64,,True,False,"HTTPConnectionPool(host='gpu06', port=9004): Read timed out.",0,59.56268577710819
311,2026-09-21T07:59:44.639+00:00,2026-09-21T08:04:44.637+00:00,2026-09-21T08:04:44.750+00:00,False,3,2.0,,2.0,299997.887581,300110.879325,300110.879424,100036.959808,0.0248,299997.887581,173171.252423336,270009.3955272,56.495872,79.86211064931354,0.006664203592013517,58,64,,True,False,Request timeout: 300.0s exceeded,6,59.56268577710819
312,2026-09-21T07:59:44.974+00:00,2026-09-21T08:04:44.921+00:00,2026-09-21T08:04:45.011+00:00,False,4,3.0,,3.0,299946.592564,300036.27525199996,300036.275178,75009.0687945,0.0289,299946.592564,149958.3511234846,254963.4781183,29.89422933333333,29.571490726679663,0.009998790971126091,58,64,,True,False,Request timeout: 300.0s exceeded,145,59.56268577710819
313,2026-09-21T07:59:45.278+00:00,2026-09-21T08:04:45.605+00:00,2026-09-21T08:04:47.030+00:00,False,22,21.0,,21.0,300326.73633600003,301752.5076,301752.507569,13716.023071318183,0.03116,300326.73633600003,64015.40900430881,170.02341370000002,67.89386971428571,34.19504233531397,0.06959345646213282,58,64,,True,False,Request timeout: 300.0s exceeded,189,59.56268577710819
314,2026-09-21T07:59:45.566+00:00,2026-09-21T08:04:45.986+00:00,2026-09-21T08:04:47.072+00:00,False,19,18.0,,18.0,300420.209597,301506.493885,301506.49384999997,15868.762834210525,0.03139,300420.209597,68907.28454741009,30193.970425699998,60.34912711111111,31.342345285527628,0.059700206679016085,58,64,,True,False,Request timeout: 300.0s exceeded,60,59.56268577710819
315,2026-09-21T07:59:45.950+00:00,2026-09-21T08:04:46.965+00:00,2026-09-21T08:04:47.188+00:00,False,6,5.0,,5.0,301014.677423,301237.840559,301237.840379,50206.30672983333,0.06232,301014.677423,122870.50846076955,225776.77876375002,44.6326272,25.861757213705708,0.016598180330603944,58,64,,True,False,Request timeout: 300.0s exceeded,20,59.56268577710819
318,2026-09-21T07:59:47.064+00:00,2026-09-21T08:04:47.210+00:00,2026-09-21T08:04:47.210+00:00,False,1,0.0,,0.0,300145.75335,300145.75335,300145.75335,300145.75335,300145.75335,300145.75335,nan,300145.75335,nan,nan,0.0,58,64,,True,False,"HTTPConnectionPool(host='gpu06', port=9004): Read timed out.",0,59.56268577710819
316,2026-09-21T07:59:46.295+00:00,2026-09-21T08:04:47.453+00:00,2026-09-21T08:04:47.453+00:00,False,1,0.0,,0.0,301158.294203,301158.294203,301158.294203,301158.294203,301158.294203,301158.294203,nan,301158.294203,nan,nan,0.0,58,64,,True,False,"HTTPConnectionPool(host='gpu06', port=9004): Read timed out.",0,59.56268577710819
319,2026-09-21T07:59:47.456+00:00,2026-09-21T08:04:47.526+00:00,2026-09-21T08:04:47.526+00:00,False,1,0.0,,0.0,300069.488887,300069.488887,300069.488887,300069.488887,300069.488887,300069.488887,nan,300069.488887,nan,nan,0.0,58,64,,True,False,"HTTPConnectionPool(host='gpu06', port=9004): Read timed out.",0,59.56268577710819
317,2026-09-21T07:59:46.641+00:00,2026-09-21T08:04:47.676+00:00,2026-09-21T08:04:47.676+00:00,False,1,0.0,,0.0,301034.724399,301034.724399,301034.724399,301034.724399,301034.724399,301034.724399,nan,301034.724399,nan,nan,0.0,58,64,,True,False,"HTTPConnectionPool(host='gpu06', port=9004): Read timed out.",0,59.56268577710819
320,2026-09-21T07:59:47.734+00:00,2026-09-21T08:04:47.759+00:00,2026-09-21T08:04:47.759+00:00,False,1,0.0,,0.0,300025.45941799995,300025.45941799995,300025.45941799995,300025.45941799995,300025.45941799995,300025.45941799995,nan,300025.45941799995,nan,nan,0.0,58,64,,True,False,"HTTPConnectionPool(host='gpu06', port=9004): Read timed out.",0,59.56268577710819
321,2026-09-21T07:59:48.158+00:00,2026-09-21T08:04:48.267+00:00,2026-09-21T08:04:48.267+00:00,False,1,0.0,,0.0,300108.854819,300108.854819,300108.854819,300108.854819,300108.854819,300108.854819,nan,300108.854819,nan,nan,0.0,58,64,,True,False,"HTTPConnectionPool(host='gpu06', port=9004): Read timed out.",0,59.56268577710819
322,2026-09-21T07:59:48.400+00:00,2026-09-21T08:04:48.486+00:00,2026-09-21T08:04:48.486+00:00,False,1,0.0,,0.0,300086.491935,300086.491935,300086.491935,300086.491935,300086.491935,300086.491935,nan,300086.491935,nan,nan,0.0,58,64,,True,False,"HTTPConnectionPool(host='gpu06', port=9004): Read timed out.",0,59.56268577710819
323,2026-09-21T07:59:48.751+00:00,2026-09-21T08:04:48.756+00:00,2026-09-21T08:04:49.025+00:00,False,3,2.0,,2.0,300005.898437,300274.426565,300274.426361,100091.47545366666,0.04108,300005.898437,173131.02091581217,270032.15727769997,134.264064,189.81977202194247,0.006660573871971287,58,64,,True,False,Request timeout: 300.0s exceeded,6,59.56268577710819
324,2026-09-21T07:59:49.140+00:00,2026-09-21T08:04:49.137+00:00,2026-09-21T08:04:49.284+00:00,False,3,2.0,,2.0,299997.25654000003,300144.018524,300144.018531,100048.00617700002,0.03126,299997.25654000003,173161.14581720677,270012.2039591,73.380992,103.73222538881156,0.006663467790680216,58,64,,True,False,Request timeout: 300.0s exceeded,4,59.56268577710819
325,2026-09-21T07:59:49.563+00:00,2026-09-21T08:04:49.664+00:00,2026-09-21T08:04:49.664+00:00,False,1,0.0,,0.0,300101.463661,300101.463661,300101.463661,300101.463661,300101.463661,300101.463661,nan,300101.463661,nan,nan,0.0,58,64,,True,False,"HTTPConnectionPool(host='gpu06', port=9004): Read timed out.",0,59.56268577710819
326,2026-09-21T07:59:49.938+00:00,2026-09-21T08:04:50.045+00:00,2026-09-21T08:04:50.045+00:00,False,1,0.0,,0.0,300107.237715,300107.237715,300107.237715,300107.237715,300107.237715,300107.237715,nan,300107.237715,nan,nan,0.0,58,64,,True,False,"HTTPConnectionPool(host='gpu06', port=9004): Read timed out.",0,59.56268577710819
327,2026-09-21T07:59:50.285+00:00,2026-09-21T08:04:50.387+00:00,2026-09-21T08:04:50.387+00:00,False,1,0.0,,0.0,300101.97897299996,300101.97897299996,300101.97897299996,300101.97897299996,300101.97897299996,300101.97897299996,nan,300101.97897299996,nan,nan,0.0,58,64,,True,False,"HTTPConnectionPool(host='gpu06', port=9004): Read timed out.",0,59.56268577710819
328,2026-09-21T07:59:50.630+00:00,2026-09-21T08:04:50.722+00:00,2026-09-21T08:04:50.722+00:00,False,1,0.0,,0.0,300092.46817199996,300092.46817199996,300092.46817199996,300092.46817199996,300092.46817199996,300092.46817199996,nan,300092.46817199996,nan,nan,0.0,58,64,,True,False,"HTTPConnectionPool(host='gpu06', port=9004): Read timed out.",0,59.56268577710819
329,2026-09-21T07:59:51.053+00:00,2026-09-21T08:04:51.074+00:00,2026-09-21T08:04:51.074+00:00,False,1,0.0,,0.0,300020.606884,300020.606884,300020.606884,300020.606884,300020.606884,300020.606884,nan,300020.606884,nan,nan,0.0,58,64,,True,False,TTFT timeout: 300.0s exceeded (TTFT: 300.010s),0,59.56268577710819
330,2026-09-21T07:59:51.300+00:00,2026-09-21T08:04:51.339+00:00,2026-09-21T08:04:51.339+00:00,False,1,0.0,,0.0,300038.63927499996,300038.63927499996,300038.63927499996,300038.63927499996,300038.63927499996,300038.63927499996,nan,300038.63927499996,nan,nan,0.0,58,64,,True,False,TTFT timeout: 300.0s exceeded (TTFT: 300.024s),0,59.56268577710819
331,2026-09-21T07:59:51.636+00:00,2026-09-21T08:04:51.566+00:00,2026-09-21T08:04:51.657+00:00,False,4,3.0,,3.0,299929.795042,300021.10461000004,300021.104626,75005.2761565,0.026920000000000003,299929.795042,149949.68079926865,254947.24390375,30.43652266666667,26.339885370771174,0.009999296562485913,58,64,,True,False,Request timeout: 300.0s exceeded,0,59.56268577710819
332,2026-09-21T07:59:52.045+00:00,2026-09-21T08:04:52.114+00:00,2026-09-21T08:04:52.114+00:00,False,1,0.0,,0.0,300069.42213200004,300069.42213200004,300069.42213200004,300069.42213200004,300069.42213200004,300069.42213200004,nan,300069.42213200004,nan,nan,0.0,58,64,,True,False,"HTTPConnectionPool(host='gpu06', port=9004): Read timed out.",0,59.56268577710819
333,2026-09-21T07:59:52.414+00:00,2026-09-21T08:04:52.504+00:00,2026-09-21T08:04:52.504+00:00,False,1,0.0,,0.0,300090.829566,300090.829566,300090.829566,300090.829566,300090.829566,300090.829566,nan,300090.829566,nan,nan,0.0,58,64,,True,False,"HTTPConnectionPool(host='gpu06', port=9004): Read timed out.",0,59.56268577710819
334,2026-09-21T07:59:52.769+00:00,2026-09-21T08:04:52.865+00:00,2026-09-21T08:04:52.865+00:00,False,1,0.0,,0.0,300096.806643,300096.806643,300096.806643,300096.806643,300096.806643,300096.806643,nan,300096.806643,nan,nan,0.0,58,64,,True,False,TTFT timeout: 300.0s exceeded (TTFT: 300.092s),0,59.56268577710819
336,2026-09-21T07:59:54.222+00:00,2026-09-21T08:04:52.866+00:00,2026-09-21T08:04:53.629+00:00,True,9,9.0,,9.0,298643.382445,299406.242989,299406.242898,33267.360322,49.231847,298643.382445,99516.05071644664,179320.289287,95.357568,98.2300651753306,0.030059493449943377,58,64,,True,True,,18,59.56268577710819
335,2026-09-21T07:59:54.202+00:00,2026-09-21T08:04:53.203+00:00,2026-09-21T08:04:54.807+00:00,False,29,28.0,,28.0,299000.781616,300604.789552,300604.789588,10365.682399586207,0.05241,299000.781616,55512.4156230902,86.001587,57.28599771428571,15.581527375338327,0.09314555513812407,58,64,,True,False,Request timeout: 300.0s exceeded,168,59.56268577710819
337,2026-09-21T07:59:54.430+00:00,2026-09-21T08:04:53.869+00:00,2026-09-21T08:04:54.632+00:00,False,15,14.0,,14.0,299439.180996,300202.0185,300202.018669,20013.467911266667,0.02081,299439.180996,77300.79716692182,89882.80890730002,54.48839314285714,17.938285777844808,0.04663526271393142,58,64,,True,False,Request timeout: 300.0s exceeded,70,59.56268577710819
338,2026-09-21T07:59:54.918+00:00,2026-09-21T08:04:55.333+00:00,2026-09-21T08:04:55.333+00:00,False,1,0.0,,0.0,300415.442263,300415.442263,300415.442263,300415.442263,300415.442263,300415.442263,nan,300415.442263,nan,nan,0.0,58,64,,True,False,"HTTPConnectionPool(host='gpu06', port=9004): Read timed out.",0,59.56268577710819
339,2026-09-21T07:59:55.063+00:00,2026-09-21T08:04:55.345+00:00,2026-09-21T08:04:55.345+00:00,False,1,0.0,,0.0,300282.14286,300282.14286,300282.14286,300282.14286,300282.14286,300282.14286,nan,300282.14286,nan,nan,0.0,58,64,,True,False,"HTTPConnectionPool(host='gpu06', port=9004): Read timed out.",0,59.56268577710819
341,2026-09-21T07:59:55.134+00:00,2026-09-21T08:04:55.453+00:00,2026-09-21T08:04:55.453+00:00,False,1,0.0,,0.0,300318.732597,300318.732597,300318.732597,300318.732597,300318.732597,300318.732597,nan,300318.732597,nan,nan,0.0,58,64,,True,False,"HTTPConnectionPool(host='gpu06', port=9004): Read timed out.",0,59.56268577710819
340,2026-09-21T07:59:55.091+00:00,2026-09-21T08:04:55.463+00:00,2026-09-21T08:04:55.463+00:00,False,1,0.0,,0.0,300372.372129,300372.372129,300372.372129,300372.372129,300372.372129,300372.372129,nan,300372.372129,nan,nan,0.0,58,64,,True,False,"HTTPConnectionPool(host='gpu06', port=9004): Read timed out.",0,59.56268577710819
342,2026-09-21T07:59:55.250+00:00,2026-09-21T08:04:55.491+00:00,2026-09-21T08:04:55.491+00:00,False,1,0.0,,0.0,300241.04085399996,300241.04085399996,300241.04085399996,300241.04085399996,300241.04085399996,300241.04085399996,nan,300241.04085399996,nan,nan,0.0,58,64,,True,False,"HTTPConnectionPool(host='gpu06', port=9004): Read timed out.",0,59.56268577710819
343,2026-09-21T07:59:55.345+00:00,2026-09-21T08:04:55.551+00:00,2026-09-21T08:04:55.551+00:00,False,1,0.0,,0.0,300205.749312,300205.749312,300205.749312,300205.749312,300205.749312,300205.749312,nan,300205.749312,nan,nan,0.0,58,64,,True,False,"HTTPConnectionPool(host='gpu06', port=9004): Read timed out.",0,59.56268577710819
344,2026-09-21T07:59:55.733+00:00,2026-09-21T08:04:55.841+00:00,2026-09-21T08:04:55.841+00:00,False,1,0.0,,0.0,300108.03038999997,300108.03038999997,300108.03038999997,300108.03038999997,300108.03038999997,300108.03038999997,nan,300108.03038999997,nan,nan,0.0,58,64,,True,False,"HTTPConnectionPool(host='gpu06', port=9004): Read timed out.",0,59.56268577710819
345,2026-09-21T07:59:56.095+00:00,2026-09-21T08:04:56.200+00:00,2026-09-21T08:04:56.200+00:00,False,1,0.0,,0.0,300104.68531599996,300104.68531599996,300104.68531599996,300104.68531599996,300104.68531599996,300104.68531599996,nan,300104.68531599996,nan,nan,0.0,58,64,,True,False,"HTTPConnectionPool(host='gpu06', port=9004): Read timed out.",0,59.56268577710819
346,2026-09-21T07:59:56.522+00:00,2026-09-21T08:04:56.627+00:00,2026-09-21T08:04:56.627+00:00,False,1,0.0,,0.0,300105.329943,300105.329943,300105.329943,300105.329943,300105.329943,300105.329943,nan,300105.329943,nan,nan,0.0,58,64,,True,False,"HTTPConnectionPool(host='gpu06', port=9004): Read timed out.",0,59.56268577710819
347,2026-09-21T07:59:56.868+00:00,2026-09-21T08:04:56.918+00:00,2026-09-21T08:04:56.918+00:00,False,1,0.0,,0.0,300049.871964,300049.871964,300049.871964,300049.871964,300049.871964,300049.871964,nan,300049.871964,nan,nan,0.0,58,64,,True,False,TTFT timeout: 300.0s exceeded (TTFT: 300.036s),0,59.56268577710819
348,2026-09-21T07:59:57.218+00:00,2026-09-21T08:04:57.188+00:00,2026-09-21T08:04:57.357+00:00,False,3,2.0,,2.0,299969.66975700005,300138.82790100004,300138.82789700007,100046.27596566669,0.027710000000000002,299969.66975700005,173138.75847919175,269989.61582430004,84.579072,119.57377053875801,0.006663583029183064,58,64,,True,False,Request timeout: 300.0s exceeded,6,59.56268577710819
349,2026-09-21T07:59:57.525+00:00,2026-09-21T08:04:57.500+00:00,2026-09-21T08:04:57.583+00:00,False,3,2.0,,2.0,299975.387431,300058.035239,300058.035136,100019.34504533334,0.05101,299975.387431,173167.01726469572,269986.1083574,41.323904,58.36877979128226,0.006665377244128706,58,64,,True,False,Request timeout: 300.0s exceeded,3,59.56268577710819
350,2026-09-21T07:59:57.819+00:00,2026-09-21T08:04:57.922+00:00,2026-09-21T08:04:57.922+00:00,False,1,0.0,,0.0,300103.10723900003,300103.10723900003,300103.10723900003,300103.10723900003,300103.10723900003,300103.10723900003,nan,300103.10723900003,nan,nan,0.0,58,64,,True,False,"HTTPConnectionPool(host='gpu06', port=9004): Read timed out.",0,59.56268577710819
351,2026-09-21T07:59:58.087+00:00,2026-09-21T08:04:58.194+00:00,2026-09-21T08:04:58.194+00:00,False,1,0.0,,0.0,300107.600599,300107.600599,300107.600599,300107.600599,300107.600599,300107.600599,nan,300107.600599,nan,nan,0.0,58,64,,True,False,"HTTPConnectionPool(host='gpu06', port=9004): Read timed out.",0,59.56268577710819
352,2026-09-21T07:59:58.337+00:00,2026-09-21T08:04:58.398+00:00,2026-09-21T08:04:58.398+00:00,False,1,0.0,,0.0,300061.474205,300061.474205,300061.474205,300061.474205,300061.474205,300061.474205,nan,300061.474205,nan,nan,0.0,58,64,,True,False,"HTTPConnectionPool(host='gpu06', port=9004): Read timed out.",0,59.56268577710819
353,2026-09-21T07:59:58.733+00:00,2026-09-21T08:04:58.839+00:00,2026-09-21T08:04:58.839+00:00,False,1,0.0,,0.0,300105.49724299996,300105.49724299996,300105.49724299996,300105.49724299996,300105.49724299996,300105.49724299996,nan,300105.49724299996,nan,nan,0.0,58,64,,True,False,"HTTPConnectionPool(host='gpu06', port=9004): Read timed out.",0,59.56268577710819
354,2026-09-21T07:59:59.036+00:00,2026-09-21T08:04:59.068+00:00,2026-09-21T08:04:59.068+00:00,False,1,0.0,,0.0,300031.80239200004,300031.80239200004,300031.80239200004,300031.80239200004,300031.80239200004,300031.80239200004,nan,300031.80239200004,nan,nan,0.0,58,64,,True,False,TTFT timeout: 300.0s exceeded (TTFT: 300.023s),0,59.56268577710819
355,2026-09-21T07:59:59.334+00:00,2026-09-21T08:04:59.371+00:00,2026-09-21T08:04:59.371+00:00,False,1,0.0,,0.0,300036.606657,300036.606657,300036.606657,300036.606657,300036.606657,300036.606657,nan,300036.606657,nan,nan,0.0,58,64,,True,False,TTFT timeout: 300.0s exceeded (TTFT: 300.018s),0,59.56268577710819
356,2026-09-21T07:59:59.637+00:00,2026-09-21T08:04:59.742+00:00,2026-09-21T08:04:59.742+00:00,False,1,0.0,,0.0,300104.86972799996,300104.86972799996,300104.86972799996,300104.86972799996,300104.86972799996,300104.86972799996,nan,300104.86972799996,nan,nan,0.0,58,64,,True,False,"HTTPConnectionPool(host='gpu06', port=9004): Read timed out.",0,59.56268577710819
357,2026-09-21T07:59:59.995+00:00,2026-09-21T08:05:00.099+00:00,2026-09-21T08:05:00.099+00:00,False,1,0.0,,0.0,300104.62928500003,300104.62928500003,300104.62928500003,300104.62928500003,300104.62928500003,300104.62928500003,nan,300104.62928500003,nan,nan,0.0,58,64,,True,False,"HTTPConnectionPool(host='gpu06', port=9004): Read timed out.",0,59.56268577710819
358,2026-09-21T08:00:00.332+00:00,2026-09-21T08:05:00.439+00:00,2026-09-21T08:05:00.439+00:00,False,1,0.0,,0.0,300107.459044,300107.459044,300107.459044,300107.459044,300107.459044,300107.459044,nan,300107.459044,nan,nan,0.0,58,64,,True,False,"HTTPConnectionPool(host='gpu06', port=9004): Read timed out.",0,59.56268577710819
359,2026-09-21T08:00:00.685+00:00,2026-09-21T08:05:00.799+00:00,2026-09-21T08:05:00.799+00:00,False,1,0.0,,0.0,300114.726951,300114.726951,300114.726951,300114.726951,300114.726951,300114.726951,nan,300114.726951,nan,nan,0.0,58,64,,True,False,"HTTPConnectionPool(host='gpu06', port=9004): Read timed out.",0,59.56268577710819
360,2026-09-21T08:00:00.992+00:00,2026-09-21T08:05:01.097+00:00,2026-09-21T08:05:01.097+00:00,False,1,0.0,,0.0,300105.726986,300105.726986,300105.726986,300105.726986,300105.726986,300105.726986,nan,300105.726986,nan,nan,0.0,58,64,,True,False,"HTTPConnectionPool(host='gpu06', port=9004): Read timed out.",0,59.56268577710819
361,2026-09-21T08:00:01.363+00:00,2026-09-21T08:05:01.385+00:00,2026-09-21T08:05:03.023+00:00,False,29,28.0,,28.0,300022.270106,301660.300186,301660.300226,10402.079318137932,0.038369999999999994,300022.270106,55701.876811353824,110.21160940000001,58.50107428571428,19.467552050679323,0.09281963845668637,58,64,,True,False,Request timeout: 300.0s exceeded,126,59.56268577710819
363,2026-09-21T08:00:02.135+00:00,2026-09-21T08:05:03.273+00:00,2026-09-21T08:05:03.273+00:00,False,1,0.0,,0.0,301137.470673,301137.470673,301137.470673,301137.470673,301137.470673,301137.470673,nan,301137.470673,nan,nan,0.0,58,64,,True,False,"HTTPConnectionPool(host='gpu06', port=9004): Read timed out.",0,59.56268577710819
362,2026-09-21T08:00:01.710+00:00,2026-09-21T08:05:03.600+00:00,2026-09-21T08:05:04.925+00:00,False,32,31.0,,31.0,301890.04529000004,303215.70109800005,303215.701009,9475.49065653125,0.060399999999999995,301890.04529000004,53359.57042260943,91.99936305,42.76309058064516,24.381509614159018,0.10223744973543017,58,64,,True,False,Request timeout: 300.0s exceeded,217,59.56268577710819
0,2026-09-21T07:58:02.317+00:00,2026-09-21T07:58:02.577+00:00,2026-09-21T07:58:03.745+00:00,True,24,24.0,,24.0,260.383438,1427.897294,1427.897386,59.49572441666667,0.017329999999999998,260.383438,67.35347192909715,215.03981919999998,50.761472,53.18440749577178,16.807931565419718,59,64,,False,True,,74,59.56268577710819
3,2026-09-21T07:58:03.162+00:00,2026-09-21T07:58:03.491+00:00,2026-09-21T07:58:08.982+00:00,True,90,90.0,,90.0,329.046202,5819.969977999999,5819.969768,64.66633075555555,39.436674,329.046202,30.264987486957505,78.5833744,61.69577276404494,11.098341019525508,15.463997295554435,59,64,,False,True,,270,59.56268577710819
2,2026-09-21T07:58:03.117+00:00,2026-09-21T07:58:03.491+00:00,2026-09-21T07:58:08.615+00:00,True,84,84.0,,84.0,374.098865,5497.332401,5497.332553,65.4444351547619,42.858782,374.098865,35.6210988618867,76.11369045,61.725705253012045,10.418230855432604,15.280138414900993,59,64,,False,True,,462,59.56268577710819
1,2026-09-21T07:58:02.642+00:00,2026-09-21T07:58:03.575+00:00,2026-09-21T07:58:03.575+00:00,True,1,1.0,,1.0,932.771013,932.771013,932.771013,932.771013,932.771013,932.771013,nan,932.771013,nan,nan,1.0720744813711314,59,64,,False,True,,4,59.56268577710819
5,2026-09-21T07:58:03.735+00:00,2026-09-21T07:58:05.286+00:00,2026-09-21T07:58:10.937+00:00,True,91,91.0,,91.0,1550.973734,7202.4980860000005,7202.498272,79.14833265934065,39.036473,1550.973734,156.41833807793,79.2858485,62.79471502222222,11.44750286881018,12.634505266566203,59,64,,False,True,,543,59.56268577710819
4,2026-09-21T07:58:03.482+00:00,2026-09-21T07:58:08.065+00:00,2026-09-21T07:58:12.220+00:00,True,67,67.0,,67.0,4582.990640999999,8738.332720999999,8738.332612,130.42287480597014,40.536224000000004,4582.990640999999,552.3137410536992,80.87333500000001,62.95972848484848,10.803840719800196,7.667366549111287,59,64,,False,True,,202,59.56268577710819
6,2026-09-21T07:58:04.008+00:00,2026-09-21T07:58:09.677+00:00,2026-09-21T07:58:09.805+00:00,True,3,3.0,,3.0,5669.3245130000005,5796.9325770000005,5796.9327060000005,1932.3109020000002,53.653235,5669.3245130000005,3236.364640547885,5109.7875575,63.804032,14.355376401519814,0.5175150754560863,59,64,,False,True,,10,59.56268577710819
7,2026-09-21T07:58:04.212+00:00,2026-09-21T07:58:10.810+00:00,2026-09-21T07:58:15.523+00:00,True,75,75.0,,75.0,6597.866996000001,11311.177972000001,11311.178096000001,150.81570794666666,0.01715,6597.866996000001,755.7637662987104,78.88966599999999,63.693391567567566,43.96200198455539,6.63060913599424,59,64,,False,True,,75,59.56268577710819
8,2026-09-21T07:58:04.417+00:00,2026-09-21T07:58:11.945+00:00,2026-09-21T07:58:13.158+00:00,True,15,15.0,,15.0,7527.628269999999,8741.339886,8741.340036,582.7560023999999,0.052520000000000004,7527.628269999999,1923.374738204101,2542.7051324,86.69368685714285,93.99064256875428,1.7159840705912575,59,64,,False,True,,45,59.56268577710819
9,2026-09-21T07:58:04.738+00:00,2026-09-21T07:58:13.474+00:00,2026-09-21T07:58:17.955+00:00,True,74,74.0,,74.0,8735.895118,13217.058126,13217.058003,178.60889193243244,40.766544,8735.895118,1008.4417415058673,79.80205885,61.38579463013699,10.163454319529672,5.5988253433213355,59,64,,False,True,,370,59.56268577710819
10,2026-09-21T07:58:04.938+00:00,2026-09-21T07:58:14.681+00:00,2026-09-21T07:58:17.343+00:00,True,45,45.0,,45.0,9743.346210000002,12405.004066000001,12405.004256000002,275.6667612444445,41.545504,9743.346210000002,1443.4717012540923,81.984886,60.492224,10.462179476610842,3.6275683394040406,59,64,,False,True,,399,59.56268577710819
11,2026-09-21T07:58:05.166+00:00,2026-09-21T07:58:16.443+00:00,2026-09-21T07:58:21.050+00:00,True,74,74.0,,74.0,11277.032826999999,15883.734139,15883.734196,214.6450567027027,37.145534,11277.032826999999,1303.6419692839977,78.692212,63.10549742465753,11.426992468505931,4.658854105238685,59,64,,False,True,,296,59.56268577710819
12,2026-09-21T07:58:05.483+00:00,2026-09-21T07:58:18.157+00:00,2026-09-21T07:58:21.941+00:00,True,60,60.0,,60.0,12673.500534,16457.33567,16457.335687000003,274.2889281166667,30.827963,12673.500534,1627.9057031566606,80.24808100000001,64.13279891525424,11.979108031246327,3.645790619035238,59,64,,False,True,,420,59.56268577710819
13,2026-09-21T07:58:05.748+00:00,2026-09-21T07:58:19.629+00:00,2026-09-21T07:58:20.195+00:00,True,10,10.0,,10.0,13881.044299000001,14446.514507000002,14446.514468000001,1444.6514468,49.112156000000006,13881.044299000001,4369.7123680174145,7668.901366600001,62.83002311111111,9.580613603661465,0.6922084905085264,59,64,,False,True,,20,59.56268577710819
14,2026-09-21T07:58:06.005+00:00,2026-09-21T07:58:20.992+00:00,2026-09-21T07:58:24.513+00:00,True,55,55.0,,55.0,14986.714753,18508.009857,18508.010058,336.5092737818182,0.0,14986.714753,2013.581205578264,179.2529506,65.20916859259259,80.13878992518275,2.9716863360756314,59,64,,False,True,,660,59.56268577710819
15,2026-09-21T07:58:06.346+00:00,2026-09-21T07:58:22.532+00:00,2026-09-21T07:58:23.308+00:00,True,7,7.0,,7.0,16186.19909,16961.969202,16961.9694,2423.1384857142857,0.02466,16186.19909,6071.187221766228,11478.5397953,129.29501866666666,180.96535850177443,0.41268793243502794,59,64,,False,True,,60,59.56268577710819
16,2026-09-21T07:58:06.673+00:00,2026-09-21T07:58:24.371+00:00,2026-09-21T07:58:27.743+00:00,True,56,56.0,,56.0,17697.726628,21069.439140000002,21069.439328,376.239988,0.0,17697.726628,2357.384145742729,76.8440855,61.303863854545455,54.47382981099704,2.6578780587322264,59,64,,False,True,,392,59.56268577710819
17,2026-09-21T07:58:06.904+00:00,2026-09-21T07:58:25.565+00:00,2026-09-21T07:58:27.679+00:00,True,36,36.0,,36.0,18661.189278,20775.260062,20775.260017,577.0905560277778,0.0,18661.189278,3100.8601970803,162.635929,60.4020224,68.215806156929,1.7328302939440718,59,64,,False,True,,143,59.56268577710819
18,2026-09-21T07:58:07.157+00:00,2026-09-21T07:58:26.963+00:00,2026-09-21T07:58:31.767+00:00,True,79,79.0,,79.0,19806.636296999997,24610.269449,24610.269394999996,311.52239740506326,0.0,19806.636296999997,2222.03903002018,80.5717451,61.58504041025641,49.62954500315763,3.2100420584062332,59,64,,False,True,,237,59.56268577710819
19,2026-09-21T07:58:07.371+00:00,2026-09-21T07:58:28.172+00:00,2026-09-21T07:58:32.578+00:00,True,70,70.0,,70.0,20800.49303,25206.813414,25206.813348,360.09733354285714,0.0,20800.49303,2479.0285580489426,79.7366995,63.85971571014493,51.479358915964035,2.7770269430852226,59,64,,False,True,,350,59.56268577710819
20,2026-09-21T07:58:07.671+00:00,2026-09-21T07:58:29.801+00:00,2026-09-21T07:58:35.540+00:00,True,90,90.0,,90.0,22130.301877,27869.254837,27869.254873,309.6583874777778,0.0,22130.301877,2327.96171527051,84.28240654999999,64.48261752808989,97.5108507516024,3.2293651382638866,59,64,,False,True,,183,59.56268577710819
21,2026-09-21T07:58:08.000+00:00,2026-09-21T07:58:31.514+00:00,2026-09-21T07:58:32.576+00:00,True,18,18.0,,18.0,23513.761281,24575.771393,24575.771280999998,1365.3206267222222,51.020355,23513.761281,5527.527239080264,3590.4025941,62.47118305882353,7.779360549343825,0.7324286880828896,59,64,,False,True,,144,59.56268577710819
22,2026-09-21T07:58:08.260+00:00,2026-09-21T07:58:32.701+00:00,2026-09-21T07:58:37.071+00:00,True,69,69.0,,69.0,24440.988997,28811.069509,28811.069511,417.55173204347824,0.0,24440.988997,2936.182623663761,107.45568700000001,64.26588988235294,96.72029816890817,2.3949128295444146,59,64,,False,True,,897,59.56268577710819
23,2026-09-21T07:58:08.604+00:00,2026-09-21T07:58:34.401+00:00,2026-09-21T07:58:38.848+00:00,True,71,71.0,,71.0,25796.892179000002,30244.116755000003,30244.116751,425.9734753661972,0.0,25796.892179000002,3054.673497597361,79.577458,63.531779657142856,65.17732820774633,2.34756400972636,59,64,,False,True,,852,59.56268577710819
24,2026-09-21T07:58:08.893+00:00,2026-09-21T07:58:35.972+00:00,2026-09-21T07:58:36.696+00:00,True,12,12.0,,12.0,27079.155401,27803.327177,27803.327266,2316.9439388333335,49.163934999999995,27079.155401,7798.079585691305,12229.174484349998,65.83379781818182,9.569952880417727,0.4316030208761083,59,64,,False,True,,73,59.56268577710819
25,2026-09-21T07:58:09.134+00:00,2026-09-21T07:58:37.194+00:00,2026-09-21T07:58:38.033+00:00,True,14,14.0,,14.0,28059.900993,28898.284097,28898.28405,2064.1631464285715,44.094855,28059.900993,7482.095933294774,9873.24476825,64.491008,11.310919226446629,0.4844578298492599,59,64,,False,True,,42,59.56268577710819
26,2026-09-21T07:58:09.453+00:00,2026-09-21T07:58:38.410+00:00,2026-09-21T07:58:41.633+00:00,True,52,52.0,,52.0,28956.761096000002,32179.969800000003,32179.969681000002,618.8455707884616,0.0,28956.761096000002,4007.6496329459947,78.75451545000001,63.200170666666665,82.55249911563405,1.615912019905003,59,64,,False,True,,122,59.56268577710819
27,2026-09-21T07:58:09.644+00:00,2026-09-21T07:58:39.871+00:00,2026-09-21T07:58:43.513+00:00,True,57,57.0,,57.0,30227.494629,33869.584869,33869.584837,594.203242754386,0.0,30227.494629,3996.863285648711,191.5996656,65.03732571428571,119.2717926204449,1.6829258528105167,59,64,,False,True,,170,59.56268577710819
28,2026-09-21T07:58:09.967+00:00,2026-09-21T07:58:41.507+00:00,2026-09-21T07:58:41.687+00:00,True,4,4.0,,4.0,31540.204405,31719.850357,31719.850493,7929.96262325,48.919325,31540.204405,15740.16675267185,26820.949132449998,59.881984,16.210408274642315,0.12610399970305258,59,64,,False,True,,12,59.56268577710819
29,2026-09-21T07:58:10.305+00:00,2026-09-21T07:58:43.581+00:00,2026-09-21T07:58:44.734+00:00,True,26,26.0,,26.0,33276.084095,34429.437567,34429.437655,1324.2091405769231,0.016550000000000002,33276.084095,6517.0015355962205,95.79102025,46.13413888,31.304796334352506,0.7551677238236542,59,64,,False,True,,104,59.56268577710819
30,2026-09-21T07:58:10.518+00:00,2026-09-21T07:58:44.202+00:00,2026-09-21T07:58:45.690+00:00,True,25,25.0,,25.0,33684.265278,35171.628606,35171.628491999996,1406.8651396799999,40.989844,33684.265278,6724.4661774812885,77.961878,61.973472,10.472727755587588,0.7108001815911135,59,64,,False,True,,175,59.56268577710819
31,2026-09-21T07:58:10.849+00:00,2026-09-21T07:58:46.489+00:00,2026-09-21T07:58:46.989+00:00,True,13,13.0,,13.0,35640.45745,36140.324586,36140.324792,2780.024984,0.0,35640.45745,9873.38206855,14308.4262454,41.655594666666666,33.10860565248457,0.35970899954329477,59,64,,False,True,,48,59.56268577710819
32,2026-09-21T07:58:11.166+00:00,2026-09-21T07:58:47.642+00:00,2026-09-21T07:58:52.393+00:00,True,75,75.0,,75.0,36476.962108,41227.413052,41227.413101,549.6988413466667,37.828644,36476.962108,4204.595790556158,79.07559499999999,64.19528302702703,9.963225922139289,1.8191779315719554,59,64,,False,True,,520,59.56268577710819
33,2026-09-21T07:58:11.435+00:00,2026-09-21T07:58:48.947+00:00,2026-09-21T07:58:53.985+00:00,True,80,80.0,,80.0,37511.689395,42549.915315,42549.915408,531.8739426,0.0,37511.689395,4188.941306970313,80.79139155000001,63.77501164556962,134.64814278189823,1.8801447525278112,59,64,,False,True,,120,59.56268577710819
34,2026-09-21T07:58:11.628+00:00,2026-09-21T07:58:49.788+00:00,2026-09-21T07:58:51.268+00:00,True,25,25.0,,25.0,38160.284622,39640.251598,39640.251675,1585.610067,38.956214,38160.284622,7619.730187413104,75.734868,61.665290666666664,10.02647881254304,0.6306720818407051,59,64,,False,True,,50,59.56268577710819
35,2026-09-21T07:58:11.939+00:00,2026-09-21T07:58:51.529+00:00,2026-09-21T07:58:53.678+00:00,True,26,26.0,,26.0,39589.92068,41739.178920000006,41739.178884,1605.3530340000002,0.0,39589.92068,7750.208710987833,848.6249409999999,85.9703296,214.36946196359042,0.6229159430719342,59,64,,False,True,,136,59.56268577710819
36,2026-09-21T07:58:12.162+00:00,2026-09-21T07:58:53.752+00:00,2026-09-21T07:58:58.275+00:00,True,91,91.0,,91.0,41589.762498000004,46112.684994,46112.684958000005,506.73280173626375,0.0,41589.762498000004,4354.608841583187,80.71249800000001,50.2546944,27.39680209350147,1.973426618116914,59,64,,False,True,,182,59.56268577710819
37,2026-09-21T07:58:12.407+00:00,2026-09-21T07:58:53.912+00:00,2026-09-21T07:58:56.613+00:00,True,44,44.0,,44.0,41505.35502,44206.650124,44206.65024,1004.6965963636364,44.914615,41505.35502,6247.704536183083,78.361593,62.82081637209302,9.750347210255137,0.995325361152217,59,64,,False,True,,297,59.56268577710819
38,2026-09-21T07:58:12.710+00:00,2026-09-21T07:58:55.643+00:00,2026-09-21T07:59:01.767+00:00,True,97,97.0,,97.0,42932.975617,49057.150977,49057.150752999994,505.74382219587625,0.0,42932.975617,4353.645387440011,78.34534,63.79349333333334,90.91213950093243,1.9772856366134586,59,64,,False,True,,107,59.56268577710819
39,2026-09-21T07:58:13.139+00:00,2026-09-21T07:58:56.608+00:00,2026-09-21T07:58:57.726+00:00,True,19,19.0,,19.0,43469.514404,44587.430052,44587.42994,2346.7068389473684,33.126904,43469.514404,9958.351016575021,4421.546409500001,62.10642488888889,13.512417822708052,0.42612906771799336,59,64,,False,True,,57,59.56268577710819
40,2026-09-21T07:58:13.174+00:00,2026-09-21T07:58:57.861+00:00,2026-09-21T07:58:57.990+00:00,True,3,3.0,,3.0,44687.438689999995,44816.087393999995,44816.08730299999,14938.695767666664,56.986946,44687.438689999995,25763.168146234795,40225.8609877,64.324352,10.376390377260872,0.0669402478986071,59,64,,False,True,,7,59.56268577710819
41,2026-09-21T07:58:13.401+00:00,2026-09-21T07:58:59.500+00:00,2026-09-21T07:59:01.266+00:00,True,18,18.0,,18.0,46098.614806000005,47865.07240600001,47865.072229000005,2659.1706793888893,0.0,46098.614806000005,10842.962855391146,7688.57817365,103.90927058823529,209.59741984975958,0.3760570933084738,59,64,,False,True,,48,59.56268577710819
42,2026-09-21T07:58:13.693+00:00,2026-09-21T07:59:01.281+00:00,2026-09-21T07:59:05.853+00:00,True,82,82.0,,82.0,47587.902031000005,52160.14599900001,52160.146046,636.0993420243904,0.0,47587.902031000005,5250.0825930591245,84.69782495,56.44745639506173,108.70080959310299,1.5720814892192225,59,64,,False,True,,813,59.56268577710819
43,2026-09-21T07:58:13.970+00:00,2026-09-21T07:59:02.385+00:00,2026-09-21T07:59:02.707+00:00,True,6,6.0,,6.0,48414.727247,48736.358735,48736.35871,8122.726451666667,59.874686000000004,48414.727247,19738.969223476266,36328.9484995,64.3262976,5.837663314680353,0.12311137220210712,59,64,,False,True,,29,59.56268577710819
44,2026-09-21T07:58:14.286+00:00,2026-09-21T07:59:03.968+00:00,2026-09-21T07:59:04.388+00:00,True,8,8.0,,8.0,49681.762989,50102.122669000004,50102.122713000004,6262.7653391250005,50.493425,49681.762989,17543.926087796768,32320.318731150004,60.051382857142855,8.353484122415896,0.1596738735572553,59,64,,False,True,,30,59.56268577710819
45,2026-09-21T07:58:14.611+00:00,2026-09-21T07:59:05.878+00:00,2026-09-21T07:59:10.595+00:00,True,75,75.0,,75.0,51266.741313,55984.086337,55984.086303,746.45448404,0.0,51266.741313,5913.634961805722,88.1454923,63.74790572972973,121.06225225852144,1.3396664107105798,59,64,,False,True,,225,59.56268577710819
46,2026-09-21T07:58:14.885+00:00,2026-09-21T07:59:07.126+00:00,2026-09-21T07:59:11.605+00:00,True,72,72.0,,72.0,52240.851644,56720.164796000005,56720.164869,787.780067625,0.0,52240.851644,6150.416118772473,90.59516544999998,63.088917633802815,122.75109929516375,1.2693898238652077,59,64,,False,True,,285,59.56268577710819
47,2026-09-21T07:58:15.159+00:00,2026-09-21T07:59:08.592+00:00,2026-09-21T07:59:12.185+00:00,True,58,58.0,,58.0,53433.130628,57026.43034,57026.430305,983.2143156034483,0.0,53433.130628,7009.164034410413,91.84472009999999,63.0403458245614,137.64066841660883,1.0170722532375853,59,64,,False,True,,116,59.56268577710819
48,2026-09-21T07:58:15.470+00:00,2026-09-21T07:59:10.326+00:00,2026-09-21T07:59:13.193+00:00,True,49,49.0,,49.0,54855.984766,57723.356798,57723.356732,1178.0276884081634,0.0,54855.984766,7828.056250725654,79.13970739999999,59.73691733333334,18.255753739998255,0.848876481169885,59,64,,False,True,,196,59.56268577710819
49,2026-09-21T07:58:15.658+00:00,2026-09-21T07:59:11.564+00:00,2026-09-21T07:59:14.112+00:00,True,40,40.0,,40.0,55906.000945,58453.442609,58453.442682,1461.3360670499999,43.628184000000005,55906.000945,8829.191031323347,79.254189,65.31901702564103,8.495207045757395,0.6843052900675735,59,64,,False,True,,274,59.56268577710819
50,2026-09-21T07:58:15.851+00:00,2026-09-21T07:59:12.485+00:00,2026-09-21T07:59:13.907+00:00,True,22,22.0,,22.0,56634.439759,58056.193871,58056.194064,2638.917912,52.733915,56634.439759,12060.071805671003,76.365162,67.70257676190477,8.597348439419365,0.3789432019757215,59,64,,False,True,,44,59.56268577710819
51,2026-09-21T07:58:16.157+00:00,2026-09-21T07:59:14.173+00:00,2026-09-21T07:59:19.406+00:00,True,77,77.0,,77.0,58016.324606,63248.999934,63248.999956,821.4155838441559,0.01586,58016.324606,6605.043147546155,82.39554100000001,68.85099115789473,132.70201131116127,1.2174105532158468,59,64,,False,True,,308,59.56268577710819
52,2026-09-21T07:58:16.399+00:00,2026-09-21T07:59:15.275+00:00,2026-09-21T07:59:19.377+00:00,True,61,61.0,,61.0,58875.944578,62978.338434000005,62978.338518000004,1032.4317789836066,0.01506,58875.944578,7530.924373879481,82.178927,68.37323093333333,145.71914827486856,0.9685870017661189,59,64,,False,True,,85,59.56268577710819
53,2026-09-21T07:58:16.604+00:00,2026-09-21T07:59:16.452+00:00,2026-09-21T07:59:17.844+00:00,True,23,23.0,,23.0,59848.33908,61239.685512,61239.685552999996,2662.595024043478,40.203173,59848.33908,12466.058719197514,80.726875,63.243019636363634,10.775250521436377,0.37557345057712815,59,64,,False,True,,45,59.56268577710819
54,2026-09-21T07:58:16.919+00:00,2026-09-21T07:59:18.127+00:00,2026-09-21T07:59:21.305+00:00,True,36,36.0,,36.0,61208.336004,64386.57958799999,64386.579723999996,1788.5161034444443,0.0,61208.336004,10189.720167345144,1148.240001,90.80695954285714,269.6037297204536,0.5591227275988035,59,64,,False,True,,144,59.56268577710819
55,2026-09-21T07:58:17.208+00:00,2026-09-21T07:59:19.427+00:00,2026-09-21T07:59:21.319+00:00,True,15,15.0,,15.0,62219.021439000004,64111.297407000005,64111.297525,4274.086501666667,0.0,62219.021439000004,16032.966427636595,19531.503188,135.16256914285714,320.9375895539769,0.23396812428821978,59,64,,False,True,,75,59.56268577710819
56,2026-09-21T07:58:17.522+00:00,2026-09-21T07:59:21.311+00:00,2026-09-21T07:59:25.807+00:00,True,73,73.0,,73.0,63789.483013,68285.708549,68285.70870799999,935.4206672328767,0.0,63789.483013,7458.699556103302,80.609915,62.44757688888889,14.66748990748973,1.0690377467141188,59,64,,False,True,,292,59.56268577710819
57,2026-09-21T07:58:17.851+00:00,2026-09-21T07:59:23.050+00:00,2026-09-21T07:59:24.432+00:00,True,23,23.0,,23.0,65199.001130000004,66581.22986600001,66581.229892,2894.8360822608697,43.737384,65199.001130000004,13581.834019791691,79.7213299,62.82857890909091,9.49278064607838,0.3454427027901004,59,64,,False,True,,133,59.56268577710819
58,2026-09-21T07:58:18.181+00:00,2026-09-21T07:59:24.895+00:00,2026-09-21T07:59:29.417+00:00,True,71,71.0,,71.0,66714.502279,71236.276359,71236.276176,1003.3278334647887,40.637053,66714.502279,7909.894775375448,79.257077,64.59677257142857,10.005314179279885,0.9966832017186121,59,64,,False,True,,392,59.56268577710819
59,2026-09-21T07:58:18.396+00:00,2026-09-21T07:59:26.027+00:00,2026-09-21T07:59:29.716+00:00,True,59,59.0,,59.0,67631.42540600001,71319.58028600001,71319.580411,1208.806447644068,42.332434,67631.42540600001,8796.587942864422,78.488926,63.588877241379315,9.354496386417239,0.8272622996854858,59,64,,False,True,,238,59.56268577710819
60,2026-09-21T07:58:18.617+00:00,2026-09-21T07:59:27.413+00:00,2026-09-21T07:59:31.293+00:00,True,62,62.0,,62.0,68795.523405,72675.316557,72675.316646,1172.1825265483872,39.568874,68795.523405,8728.968646030662,79.9931105,63.60316642622951,10.35987681663814,0.8531094591293973,59,64,,False,True,,248,59.56268577710819
61,2026-09-21T07:58:18.953+00:00,2026-09-21T07:59:28.965+00:00,2026-09-21T07:59:32.814+00:00,True,61,61.0,,61.0,70012.022237,73861.019613,73861.019575,1210.8363864754099,0.0,70012.022237,8957.482948081812,81.28906699999999,64.14995626666666,169.42002984121083,0.8258754119509016,59,64,,False,True,,210,59.56268577710819
62,2026-09-21T07:58:19.239+00:00,2026-09-21T07:59:30.617+00:00,2026-09-21T07:59:35.408+00:00,True,75,75.0,,75.0,71378.30184199999,76169.12091399998,76169.12078299999,1015.5882771066665,0.0,71378.30184199999,8237.540416332824,170.5546071,64.74079827027028,222.30631419111046,0.9846509858592171,59,64,,False,True,,222,59.56268577710819
63,2026-09-21T07:58:19.491+00:00,2026-09-21T07:59:32.822+00:00,2026-09-21T07:59:36.743+00:00,True,77,77.0,,77.0,73331.14126,77252.018316,77252.018295,1003.27296487013,0.0,73331.14126,8352.209148541673,194.3725894,51.59048757894737,144.2463214168123,0.996737712211361,59,64,,False,True,,263,59.56268577710819
64,2026-09-21T07:58:19.769+00:00,2026-09-21T07:59:33.068+00:00,2026-09-21T07:59:38.829+00:00,True,92,92.0,,92.0,73299.46657199999,79060.62318,79060.62325899999,859.3546006413043,0.0171,73299.46657199999,7636.541215050679,190.6398368,63.30941327472527,132.911535038197,1.1636639871980328,59,64,,False,True,,184,59.56268577710819
65,2026-09-21T07:58:20.035+00:00,2026-09-21T07:59:34.782+00:00,2026-09-21T07:59:38.441+00:00,True,61,61.0,,61.0,74746.80194599999,78405.94024999999,78405.94025799999,1285.3432829180326,0.02053,74746.80194599999,9562.729194107525,189.40990700000003,60.9856384,60.83752638218313,0.7780022764282839,59,64,,False,True,,544,59.56268577710819
66,2026-09-21T07:58:20.338+00:00,2026-09-21T07:59:36.368+00:00,2026-09-21T07:59:42.607+00:00,True,99,99.0,,99.0,76029.264934,82268.707366,82268.70733300001,830.9970437676768,13.569561,76029.264934,7634.844928788286,79.8773789,63.66777991836735,15.287344186685218,1.2033737148629942,59,64,,False,True,,288,59.56268577710819
67,2026-09-21T07:58:20.619+00:00,2026-09-21T07:59:37.776+00:00,2026-09-21T07:59:39.501+00:00,True,29,29.0,,29.0,77156.845619,78882.209587,78882.20954,2720.0761910344827,38.574783000000004,77156.845619,14316.227903016235,81.351515,61.620141714285715,10.810518619530457,0.3676367605805413,59,64,,False,True,,45,59.56268577710819
68,2026-09-21T07:58:20.853+00:00,2026-09-21T07:59:39.170+00:00,2026-09-21T07:59:44.512+00:00,True,84,84.0,,84.0,78317.685137,83659.411601,83659.41161699999,995.945376392857,39.937473,78317.685137,8538.14566775772,81.1131725,64.3581501686747,11.542698191753706,1.0040711307010426,59,64,,False,True,,249,59.56268577710819
69,2026-09-21T07:58:21.186+00:00,2026-09-21T07:59:40.815+00:00,2026-09-21T07:59:42.316+00:00,True,24,24.0,,24.0,79629.33829700001,81129.84389700001,81129.843739,3380.410155791667,44.491974,79629.33829700001,16240.956585587577,77.72061550000001,65.23937391304348,9.924297687546524,0.2958220902097343,59,64,,False,True,,144,59.56268577710819
70,2026-09-21T07:58:21.482+00:00,2026-09-21T07:59:42.314+00:00,2026-09-21T07:59:43.218+00:00,True,14,14.0,,14.0,80832.347368,81736.677352,81736.677307,5838.334093357143,47.402254,80832.347368,21584.76801933897,28365.082584300006,69.56384492307693,17.019439075343005,0.171281736101271,59,64,,False,True,,14,59.56268577710819
71,2026-09-21T07:58:21.747+00:00,2026-09-21T07:59:43.550+00:00,2026-09-21T07:59:46.966+00:00,True,41,41.0,,41.0,81803.482929,85218.942257,85218.94243000001,2078.51079097561,0.0,81803.482929,12764.975186562371,83.477777,85.3864832,268.45706796501196,0.48111369273223054,59,64,,False,True,,123,59.56268577710819
72,2026-09-21T07:58:21.981+00:00,2026-09-21T07:59:44.627+00:00,2026-09-21T07:59:48.644+00:00,True,63,63.0,,63.0,82646.08927,86663.378486,86663.37849399999,1375.6091824444443,0.0,82646.08927,10406.519604945803,77.219562,64.79498735483871,218.37271305087077,0.7269506578280618,59,64,,False,True,,132,59.56268577710819
73,2026-09-21T07:58:22.184+00:00,2026-09-21T07:59:46.978+00:00,2026-09-21T07:59:49.265+00:00,True,53,53.0,,53.0,84794.015315,87080.578131,87080.578146,1643.0297763396227,0.0,84794.015315,11641.352447634574,74.860299,43.972361846153845,30.33089709089398,0.6086316964991809,59,64,,False,True,,266,59.56268577710819
74,2026-09-21T07:58:22.415+00:00,2026-09-21T07:59:47.002+00:00,2026-09-21T07:59:50.100+00:00,True,50,50.0,,50.0,84587.058904,87685.51266400001,87685.512717,1753.7102543400001,40.495104,84587.058904,11953.477745468412,76.092422,63.23375020408163,9.576773695680087,0.5702196232984779,59,64,,False,True,,250,59.56268577710819
75,2026-09-21T07:58:22.751+00:00,2026-09-21T07:59:48.570+00:00,2026-09-21T07:59:51.041+00:00,True,41,41.0,,41.0,85819.329337,88290.407481,88290.407614,2153.4245759512196,38.807064,85819.329337,13393.083435178078,76.502206,61.7769536,10.310697079095434,0.4643766086233451,59,64,,False,True,,46,59.56268577710819
76,2026-09-21T07:58:23.262+00:00,2026-09-21T07:59:51.046+00:00,2026-09-21T07:59:56.317+00:00,True,84,84.0,,84.0,87784.022762,93055.122154,93055.122335,1107.7990754166665,0.01548,87784.022762,9573.031650421068,90.34965585,63.507221590361446,193.82470070879248,0.9026907714009081,59,64,,False,True,,416,59.56268577710819
77,2026-09-21T07:58:23.399+00:00,2026-09-21T07:59:51.991+00:00,2026-09-21T07:59:54.182+00:00,True,17,17.0,,17.0,88591.60263,90783.330246,90783.33041299999,5340.195906647058,0.01801,88591.60263,21456.060128453995,18871.268171599997,136.982976,349.1650189090599,0.18725904804256768,59,64,,False,True,,52,59.56268577710819
78,2026-09-21T07:58:23.632+00:00,2026-09-21T07:59:54.191+00:00,2026-09-21T07:59:56.602+00:00,True,58,58.0,,58.0,90559.06245,92969.806002,92969.80585199999,1602.9276871034483,0.015099999999999999,90559.06245,11885.558691852002,172.60928305000002,42.293746526315786,54.92422312952675,0.6238584600117622,59,64,,False,True,,6,59.56268577710819
79,2026-09-21T07:58:23.863+00:00,2026-09-21T07:59:54.247+00:00,2026-09-21T07:59:55.276+00:00,True,18,18.0,,18.0,90384.58647,91413.51600599999,91413.516051,5078.5286694999995,0.01809,90384.58647,21289.668939558695,13711.5441551,60.525266823529414,61.47908147164991,0.19690742448653387,59,64,,False,True,,54,59.56268577710819
80,2026-09-21T07:58:24.087+00:00,2026-09-21T07:59:55.592+00:00,2026-09-21T08:00:00.207+00:00,True,75,75.0,,75.0,91504.55723600001,96119.33278800001,96119.332882,1281.5911050933335,39.216494,91504.55723600001,10558.840202439646,80.07388999999999,62.361831783783785,10.32112642778243,0.7802800729528508,59,64,,False,True,,304,59.56268577710819
81,2026-09-21T07:58:24.419+00:00,2026-09-21T07:59:57.168+00:00,2026-09-21T07:59:58.643+00:00,True,25,25.0,,25.0,92749.19495,94224.734406,94224.73448,3768.9893792000003,45.505554,92749.19495,18537.545735366482,82.62027099999999,61.48081066666666,10.60688189263868,0.2653231145473843,59,64,,False,True,,50,59.56268577710819
82,2026-09-21T07:58:24.757+00:00,2026-09-21T07:59:59.234+00:00,2026-09-21T08:00:03.226+00:00,True,64,64.0,,64.0,94476.439336,98468.25757599999,98468.257627,1538.566525421875,0.0,94476.439336,11804.007393161442,76.60025750000001,63.36219428571428,238.56589906435323,0.6499556463726738,59,64,,False,True,,280,59.56268577710819
83,2026-09-21T07:58:25.072+00:00,2026-09-21T08:00:00.741+00:00,2026-09-21T08:00:03.552+00:00,True,45,45.0,,45.0,95668.751097,98479.475705,98479.475644,2188.432792088889,0.0,95668.751097,14254.659216645594,79.554851,63.88010472727272,282.01275097738846,0.45694800543820585,59,64,,False,True,,88,59.56268577710819
84,2026-09-21T07:58:25.377+00:00,2026-09-21T08:00:02.883+00:00,2026-09-21T08:00:06.806+00:00,True,72,72.0,,72.0,97505.849853,101428.61951700001,101428.61953800001,1408.7308269166667,0.0,97505.849853,11484.688000121841,76.57186455000002,55.25027695774648,23.98930598912592,0.7098588183775132,59,64,,False,True,,643,59.56268577710819
85,2026-09-21T07:58:25.690+00:00,2026-09-21T08:00:03.926+00:00,2026-09-21T08:00:05.849+00:00,True,30,30.0,,30.0,98236.21611200001,100158.61432000001,100158.61435100001,3338.620478366667,46.252614,98236.21611200001,17923.29614987924,78.197949,66.28959337931035,8.0431459078661,0.29952491059982145,59,64,,False,True,,90,59.56268577710819
86,2026-09-21T07:58:26.027+00:00,2026-09-21T08:00:05.425+00:00,2026-09-21T08:00:08.709+00:00,True,54,54.0,,54.0,99397.43854999999,102681.228118,102681.22812799999,1901.5042245925924,46.186594,99397.43854999999,13517.849444242738,76.17873684999999,61.95829373584906,8.750191187293243,0.5258994364378256,59,64,,False,True,,162,59.56268577710819
87,2026-09-21T07:58:26.340+00:00,2026-09-21T08:00:06.673+00:00,2026-09-21T08:00:08.450+00:00,True,31,31.0,,31.0,100332.87134700001,102109.984947,102109.98504300001,3293.870485258065,47.070454,100332.87134700001,18009.678314676017,78.2697015,59.23712,8.534054639403436,0.30359420791307035,59,64,,False,True,,132,59.56268577710819
88,2026-09-21T07:58:26.572+00:00,2026-09-21T08:00:08.210+00:00,2026-09-21T08:00:09.195+00:00,True,17,17.0,,17.0,101638.19804799999,102622.92304,102622.92290499998,6036.642523823529,47.488425,101638.19804799999,24635.9582779667,20389.4767592,61.545312,8.314930035383117,0.1656549969189028,59,64,,True,True,,68,59.56268577710819
89,2026-09-21T07:58:26.878+00:00,2026-09-21T08:00:09.909+00:00,2026-09-21T08:00:15.463+00:00,True,88,88.0,,88.0,103031.03795499999,108584.96896299999,108584.968933,1233.9201015113636,42.039964,103031.03795499999,10976.344482179598,77.07363964999999,63.838287448275864,9.561923556362197,0.8104252443078539,59,64,,True,True,,528,59.56268577710819
90,2026-09-21T07:58:27.192+00:00,2026-09-21T08:00:11.361+00:00,2026-09-21T08:00:16.274+00:00,True,79,79.0,,79.0,104168.516581,109082.28451700001,109082.28432400001,1380.788409164557,45.971284,104168.516581,11712.78951647227,77.36812090000001,62.99702482051283,9.072926192746461,0.7242239227918644,59,64,,True,True,,315,59.56268577710819
91,2026-09-21T07:58:27.477+00:00,2026-09-21T08:00:12.965+00:00,2026-09-21T08:00:17.029+00:00,True,66,66.0,,66.0,105487.944162,109552.025058,109552.025259,1659.879170590909,46.067034,105487.944162,12976.975264189401,77.74003700000002,62.52432147692308,9.111158389516767,0.6024534915265848,59,64,,True,True,,279,59.56268577710819
92,2026-09-21T07:58:27.775+00:00,2026-09-21T08:00:14.553+00:00,2026-09-21T08:00:17.514+00:00,True,48,48.0,,48.0,106777.412791,109738.571447,109738.571423,2286.2202379791665,43.547593,106777.412791,15402.901234586863,77.50387015,63.00337565957447,9.691272157579917,0.4374031789103649,59,64,,True,True,,255,59.56268577710819
93,2026-09-21T07:58:28.035+00:00,2026-09-21T08:00:15.921+00:00,2026-09-21T08:00:17.965+00:00,True,33,33.0,,33.0,107886.067544,109930.37653600001,109930.37668,3331.223535757576,45.954883,107886.067544,18769.435531931424,77.74020300000001,63.884656,10.18221704852815,0.30019000243479704,59,64,,True,True,,165,59.56268577710819
94,2026-09-21T07:58:28.268+00:00,2026-09-21T08:00:17.104+00:00,2026-09-21T08:00:17.159+00:00,True,2,2.0,,2.0,108836.325042,108891.53732999999,108891.53719599999,54445.768597999995,55.212154000000005,108836.325042,76919.86258812413,103397.2693976,55.212288,nan,0.01836690021134446,59,64,,True,True,,15,59.56268577710819
95,2026-09-21T07:58:28.475+00:00,2026-09-21T08:00:18.093+00:00,2026-09-21T08:00:19.878+00:00,True,29,29.0,,29.0,109618.771523,111403.262019,111403.262056,3841.491795034483,46.637014,109618.771523,20343.86249921624,78.25769559999999,63.731803428571425,9.957223750857448,0.260315537215185,59,64,,True,True,,59,59.56268577710819
96,2026-09-21T07:58:28.736+00:00,2026-09-21T08:00:19.546+00:00,2026-09-21T08:00:20.522+00:00,True,16,16.0,,16.0,110809.923525,111786.051013,111786.05098700001,6986.628186687501,52.242413,110809.923525,27686.2130582125,27763.202844000003,65.07516586666667,7.578218059036287,0.14313055926932514,59,64,,True,True,,88,59.56268577710819
97,2026-09-21T07:58:28.971+00:00,2026-09-21T08:00:20.662+00:00,2026-09-21T08:00:26.395+00:00,True,93,93.0,,93.0,111691.191494,117424.860358,117424.860439,1262.6329079462366,42.893803,111691.191494,11575.378253460698,77.63748000000001,62.32248765217391,9.385809817343086,0.7919958321982712,59,64,,True,True,,498,59.56268577710819
98,2026-09-21T07:58:29.297+00:00,2026-09-21T08:00:21.912+00:00,2026-09-21T08:00:24.562+00:00,True,44,44.0,,44.0,112614.523562,115264.550826,115264.550799,2619.6488817954546,44.663623,112614.523562,16967.990036132273,77.12038999999999,61.62854102325582,9.647933819294618,0.3817305466831785,59,64,,True,True,,264,59.56268577710819
99,2026-09-21T07:58:29.527+00:00,2026-09-21T08:00:23.494+00:00,2026-09-21T08:00:27.033+00:00,True,57,57.0,,57.0,113967.11202599999,117506.10415399999,117506.10424899998,2061.510600859649,44.525613,113967.11202599999,15086.944885201176,77.367196,63.196288,9.084569838468294,0.4850811828915501,59,64,,True,True,,114,59.56268577710819
100,2026-09-21T07:58:29.764+00:00,2026-09-21T08:00:24.627+00:00,2026-09-21T08:00:29.174+00:00,True,73,73.0,,73.0,114862.645375,119409.41811099999,119409.417963,1635.745451547945,45.020124,114862.645375,13436.268092725964,79.08973600000002,63.149621333333336,9.642547511618444,0.6113420629195349,59,64,,True,True,,77,59.56268577710819
101,2026-09-21T07:58:30.062+00:00,2026-09-21T08:00:26.334+00:00,2026-09-21T08:00:32.002+00:00,True,91,91.0,,91.0,116271.706202,121939.538778,121939.538723,1339.9949310219781,45.270303999999996,116271.706202,12181.98845658549,76.828226,62.97591751111111,9.248013844578544,0.7462714793900629,59,64,,True,True,,819,59.56268577710819
102,2026-09-21T07:58:30.308+00:00,2026-09-21T08:00:27.493+00:00,2026-09-21T08:00:30.591+00:00,True,51,51.0,,51.0,117184.212042,120282.657866,120282.657933,2358.483488882353,42.978173000000005,117184.212042,16400.39781819637,78.266731,61.96891648,10.626537295387738,0.4240012725426817,59,64,,True,True,,460,59.56268577710819
103,2026-09-21T07:58:30.589+00:00,2026-09-21T08:00:28.937+00:00,2026-09-21T08:00:29.928+00:00,True,17,17.0,,17.0,118347.51814,119339.3671,119339.367104,7019.962770823529,48.692794,118347.51814,28688.456152866078,23731.8065448,61.99056,10.462464330056191,0.14245089791497645,59,64,,True,True,,130,59.56268577710819
104,2026-09-21T07:58:30.784+00:00,2026-09-21T08:00:30.043+00:00,2026-09-21T08:00:35.343+00:00,True,84,84.0,,84.0,119259.016043,124558.63767499999,124558.637686,1482.8409248333332,46.342974000000005,119259.016043,13005.261440256849,76.39407999999999,63.850863036144574,8.437914253214014,0.6743811715344373,59,64,,True,True,,420,59.56268577710819
105,2026-09-21T07:58:31.001+00:00,2026-09-21T08:00:31.108+00:00,2026-09-21T08:00:34.974+00:00,True,61,61.0,,61.0,120107.110729,123973.05837700001,123973.058306,2032.3452181311477,45.455413,120107.110729,15369.892540098164,77.894125,64.4324608,8.938297214717377,0.4920423904885851,59,64,,True,True,,349,59.56268577710819
106,2026-09-21T07:58:31.276+00:00,2026-09-21T08:00:32.651+00:00,2026-09-21T08:00:35.469+00:00,True,45,45.0,,45.0,121375.507395,124193.03161899999,124193.03154499999,2759.8451454444444,45.804634,121375.507395,18084.04875897547,76.1324518,64.03464145454545,8.865187495712926,0.36233917002727845,59,64,,True,True,,136,59.56268577710819
107,2026-09-21T07:58:31.523+00:00,2026-09-21T08:00:33.643+00:00,2026-09-21T08:00:38.399+00:00,True,78,78.0,,78.0,122119.927293,126876.419069,126876.418886,1626.620754948718,41.780404000000004,122119.927293,13820.368165613925,78.0187115,61.77262046753247,10.08073908473223,0.6147714490395633,59,64,,True,True,,199,59.56268577710819
108,2026-09-21T07:58:31.821+00:00,2026-09-21T08:00:34.870+00:00,2026-09-21T08:00:36.540+00:00,True,29,29.0,,29.0,123049.483373,124719.009901,124719.009937,4300.6555150689655,41.552533000000004,123049.483373,22838.645235074084,78.6277594,59.62594742857142,9.898170366032208,0.23252269259529681,59,64,,True,True,,261,59.56268577710819
109,2026-09-21T07:58:32.106+00:00,2026-09-21T08:00:36.489+00:00,2026-09-21T08:00:42.708+00:00,True,98,98.0,,98.0,124383.081563,130601.396827,130601.396835,1332.667314642857,42.140682999999996,124383.081563,12558.116472536833,77.49871365,64.10634292783506,9.50111630466874,0.7503748227885713,59,64,,True,True,,526,59.56268577710819
110,2026-09-21T07:58:32.431+00:00,2026-09-21T08:00:38.393+00:00,2026-09-21T08:00:43.697+00:00,True,82,82.0,,82.0,125961.644542,131266.155006,131266.15503599998,1600.8067687317073,42.376862,125961.644542,13902.907739561622,77.4266765,65.48778350617283,9.223550057250481,0.6246850149320813,59,64,,True,True,,250,59.56268577710819
111,2026-09-21T07:58:32.744+00:00,2026-09-21T08:00:39.889+00:00,2026-09-21T08:00:45.250+00:00,True,83,83.0,,83.0,127144.96325,132506.578098,132506.578139,1596.4647968554216,45.899034,127144.96325,13948.799181455675,79.898389,65.38554692682928,9.76323466467089,0.6263839968655319,59,64,,True,True,,336,59.56268577710819
112,2026-09-21T07:58:33.368+00:00,2026-09-21T08:00:40.750+00:00,2026-09-21T08:00:43.228+00:00,True,39,39.0,,39.0,127381.42967900001,129860.36113500001,129860.36120300001,3329.7528513589746,39.268873,127381.42967900001,20386.910168716277,82.37008610000001,65.23503831578948,11.155373330460796,0.3003225900431345,59,64,,True,True,,162,59.56268577710819
113,2026-09-21T07:58:33.398+00:00,2026-09-21T08:00:41.878+00:00,2026-09-21T08:00:44.148+00:00,True,36,36.0,,36.0,128479.24101000001,130749.51173000001,130749.51169900001,3631.9308805277783,43.573243000000005,128479.24101000001,21402.39934229263,86.50197374999999,64.86487771428571,12.095324970799986,0.27533563623809637,59,64,,True,True,,81,59.56268577710819
114,2026-09-21T07:58:33.446+00:00,2026-09-21T08:00:42.452+00:00,2026-09-21T08:00:42.643+00:00,True,4,4.0,,4.0,129005.932978,129197.02085,129197.020953,32299.25523825,60.787724000000004,129005.932978,64471.1186195411,109665.45369369998,63.69595733333333,4.943965310359422,0.03096046622192682,59,64,,True,True,,14,59.56268577710819
115,2026-09-21T07:58:33.745+00:00,2026-09-21T08:00:45.559+00:00,2026-09-21T08:00:47.584+00:00,True,32,32.0,,32.0,131814.463767,133839.184151,133839.184167,4182.47450521875,48.073854,131814.463767,23290.181206940233,78.315982,65.31356077419355,9.373588584945363,0.23909290992013948,59,64,,True,True,,64,59.56268577710819
116,2026-09-21T07:58:33.991+00:00,2026-09-21T08:00:46.869+00:00,2026-09-21T08:00:46.919+00:00,True,2,2.0,,2.0,132878.4691,132928.35044399998,132928.35038299998,66464.17519149999,49.881283,132878.4691,93923.99518083352,126237.03970914999,49.881344,nan,0.015045699381055355,59,64,,True,True,,13,59.56268577710819
117,2026-09-21T07:58:34.186+00:00,2026-09-21T08:00:47.887+00:00,2026-09-21T08:00:52.151+00:00,True,68,68.0,,68.0,133701.492424,137964.986056,137964.98592099998,2028.8968517794117,42.614494,133701.492424,16205.973496411189,79.0905305,63.63423331343284,9.536038640023465,0.4928786784525082,59,64,,True,True,,333,59.56268577710819
118,2026-09-21T07:58:34.499+00:00,2026-09-21T08:00:49.783+00:00,2026-09-21T08:00:55.553+00:00,True,92,92.0,,92.0,135284.167253,141054.549333,141054.549412,1533.2016240434782,40.899383,135284.167253,14097.741620189445,78.5148845,63.41079208791209,9.580200641263659,0.6522299382404705,59,64,,True,True,,592,59.56268577710819
119,2026-09-21T07:58:34.820+00:00,2026-09-21T08:00:51.360+00:00,2026-09-21T08:00:56.407+00:00,True,81,81.0,,81.0,136540.083197,141586.776829,141586.776822,1747.984899037037,43.308792999999994,136540.083197,15164.113891418963,79.39105599999999,63.083670399999995,9.327601947481046,0.5720873220938346,59,64,,True,True,,83,59.56268577710819
120,2026-09-21T07:58:35.011+00:00,2026-09-21T08:00:52.265+00:00,2026-09-21T08:00:55.140+00:00,True,46,46.0,,46.0,137254.21834400002,140128.98800800001,140128.98806800004,3046.2823493043484,46.851973,137254.21834400002,20227.613540892442,78.80159099999999,63.88377031111111,9.639872237653643,0.3282689802724747,59,64,,True,True,,184,59.56268577710819
121,2026-09-21T07:58:35.276+00:00,2026-09-21T08:00:53.651+00:00,2026-09-21T08:00:54.646+00:00,True,16,16.0,,16.0,138375.302289,139370.05275300003,139370.052563,8710.6282851875,54.416163999999995,138375.302289,34577.247277641516,34651.64979675,66.3166976,8.0593273037889,0.11480228129321411,59,64,,True,True,,16,59.56268577710819
122,2026-09-21T07:58:35.546+00:00,2026-09-21T08:00:55.206+00:00,2026-09-21T08:00:56.799+00:00,True,27,27.0,,27.0,139659.938427,141252.684155,141252.68402599997,5231.580889851852,42.664633,139659.938427,26865.779547200014,78.1227377,61.25945107692308,8.361562022464105,0.19114681014041648,59,64,,True,True,,135,59.56268577710819
123,2026-09-21T07:58:35.756+00:00,2026-09-21T08:00:56.290+00:00,2026-09-21T08:00:59.058+00:00,True,45,45.0,,45.0,140533.833246,143301.362462,143301.36257199998,3184.474723822222,40.820113,140533.833246,20940.173099292497,78.17914180000001,62.898391272727274,10.322551583917171,0.3140235321344757,59,64,,True,True,,45,59.56268577710819
124,2026-09-21T07:58:36.081+00:00,2026-09-21T08:00:57.929+00:00,2026-09-21T08:01:02.066+00:00,True,65,65.0,,65.0,141848.756515,145985.654819,145985.65480199998,2245.9331507999996,41.967533,141848.756515,17586.158566196755,78.15812380000001,64.639036,10.668954152051896,0.44524922726544686,59,64,,True,True,,585,59.56268577710819
125,2026-09-21T07:58:36.307+00:00,2026-09-21T08:00:59.124+00:00,2026-09-21T08:01:00.695+00:00,True,25,25.0,,25.0,142816.432579,144387.850691,144387.850766,5775.51403064,44.407474,142816.432579,28550.193624354604,81.1795156,65.47575466666666,11.604527433692624,0.17314476169814128,59,64,,True,True,,28,59.56268577710819
126,2026-09-21T07:58:36.651+00:00,2026-09-21T08:01:00.809+00:00,2026-09-21T08:01:04.499+00:00,True,59,59.0,,59.0,144158.48376899998,147848.496697,147848.496773,2505.9067249661016,43.549482000000005,144158.48376899998,18759.555601084452,75.82456800000001,63.62091255172414,9.42752465049402,0.39905715186887775,59,64,,True,True,,531,59.56268577710819
127,2026-09-21T07:58:36.940+00:00,2026-09-21T08:01:02.182+00:00,2026-09-21T08:01:02.308+00:00,True,3,3.0,,3.0,145241.409961,145368.093353,145368.09326,48456.03108666666,55.643084,145241.409961,83818.5971736231,130724.37298639999,63.341696,10.887407962743014,0.020637265928191307,59,64,,True,True,,15,59.56268577710819
128,2026-09-21T07:58:37.211+00:00,2026-09-21T08:01:03.602+00:00,2026-09-21T08:01:07.076+00:00,True,57,57.0,,57.0,146390.645908,149865.33902800002,149865.338806,2629.2164702807017,42.491392999999995,146390.645908,19381.698400319594,77.22563799999999,62.048091428571425,9.195897476721662,0.3803414476602254,59,64,,True,True,,171,59.56268577710819
129,2026-09-21T07:58:37.458+00:00,2026-09-21T08:01:04.833+00:00,2026-09-21T08:01:06.632+00:00,True,30,30.0,,30.0,147374.716655,149174.172399,149174.172418,4972.472413933333,43.729793,147374.716655,26895.49188008933,77.54389605,62.050198068965514,9.841910618255763,0.2011071991722416,59,64,,True,True,,141,59.56268577710819
130,2026-09-21T07:58:37.715+00:00,2026-09-21T08:01:06.451+00:00,2026-09-21T08:01:12.544+00:00,True,97,97.0,,97.0,148736.010228,154828.90418,154828.90429,1596.174271030928,42.020803,148736.010228,15095.412799617849,79.27304680000002,63.46764533333334,9.884579210503723,0.6264980076796923,59,64,,True,True,,97,59.56268577710819
131,2026-09-21T07:58:38.020+00:00,2026-09-21T08:01:08.408+00:00,2026-09-21T08:01:13.393+00:00,True,79,79.0,,79.0,150387.969771,155372.999915,155372.999831,1966.7468333037975,42.534084,150387.969771,16912.78143015575,78.23327509999999,63.91064287179487,10.818461328590955,0.508453850046138,59,64,,True,True,,322,59.56268577710819
132,2026-09-21T07:58:38.236+00:00,2026-09-21T08:01:09.298+00:00,2026-09-21T08:01:15.007+00:00,True,90,90.0,,90.0,151061.596845,156771.09930899998,156771.099349,1741.9011038777776,43.709182,151061.596845,15916.53213382857,78.06484204999998,64.1517130786517,11.182989230925477,0.574085404750576,59,64,,True,True,,990,59.56268577710819
133,2026-09-21T07:58:38.484+00:00,2026-09-21T08:01:11.019+00:00,2026-09-21T08:01:15.449+00:00,True,70,70.0,,70.0,152534.41800799998,156964.280408,156964.28033599997,2242.346861942857,44.067451999999996,152534.41800799998,18223.679296002392,79.07239255,64.20090434782608,10.067452007058828,0.4459613347574861,59,64,,True,True,,4,59.56268577710819
134,2026-09-21T07:58:38.719+00:00,2026-09-21T08:01:12.357+00:00,2026-09-21T08:01:18.164+00:00,True,92,92.0,,92.0,153638.281292,159445.519948,159445.520094,1733.1034792826088,43.745574,153638.281292,16011.247995254254,77.85804255000001,63.8158094065934,10.104366464536257,0.5769995922745523,59,64,,True,True,,736,59.56268577710819
135,2026-09-21T07:58:39.022+00:00,2026-09-21T08:01:13.828+00:00,2026-09-21T08:01:20.091+00:00,True,99,99.0,,99.0,154805.709699,161068.780163,161068.780116,1626.957374909091,41.300833,154805.709699,15552.139592020249,77.60037390000001,63.908882285714284,10.411965232275968,0.6146442525970147,59,64,,True,True,,1089,59.56268577710819
136,2026-09-21T07:58:39.247+00:00,2026-09-21T08:01:15.078+00:00,2026-09-21T08:01:20.488+00:00,True,87,87.0,,87.0,155830.94236000002,161241.02671200002,161241.026531,1853.34513254023,43.502364,155830.94236000002,16700.089409346238,76.131762,62.90795758139535,10.379646234745788,0.5395649095896338,59,64,,True,True,,94,59.56268577710819
137,2026-09-21T07:58:39.548+00:00,2026-09-21T08:01:16.595+00:00,2026-09-21T08:01:20.562+00:00,True,64,64.0,,64.0,157046.626491,161013.36441100002,161013.364546,2515.83382103125,42.194523999999994,157046.626491,19622.96046968356,76.70044949999999,62.96409396825397,10.319383799820304,0.39748253341650985,59,64,,True,True,,352,59.56268577710819
138,2026-09-21T07:58:39.874+00:00,2026-09-21T08:01:18.170+00:00,2026-09-21T08:01:22.016+00:00,True,62,62.0,,62.0,158296.20534400002,162141.54448,162141.544618,2615.1862035161294,44.387623,158296.20534400002,20095.634886553555,75.885964,63.03834649180328,10.272519565371686,0.38238195028201194,59,64,,True,True,,249,59.56268577710819
139,2026-09-21T07:58:40.125+00:00,2026-09-21T08:01:19.633+00:00,2026-09-21T08:01:25.394+00:00,True,92,92.0,,92.0,159508.425817,165269.267033,165269.26700400002,1796.405076130435,41.520933,159508.425817,16623.305492193453,76.52795355,63.30594742857143,9.385179338442613,0.556667320256403,59,64,,True,True,,548,59.56268577710819
140,2026-09-21T07:58:40.359+00:00,2026-09-21T08:01:20.866+00:00,2026-09-21T08:01:24.169+00:00,True,52,52.0,,52.0,160507.102864,163809.44449599998,163809.444443,3150.181623903846,41.663182,160507.102864,22249.353182323488,76.57220090000001,64.75179670588236,10.166609483429054,0.3174420141646337,59,64,,True,True,,104,59.56268577710819
141,2026-09-21T07:58:40.557+00:00,2026-09-21T08:01:21.914+00:00,2026-09-21T08:01:22.811+00:00,True,16,16.0,,16.0,161357.472941,162253.98622100003,162253.986081,10140.8741300625,41.607212,161357.472941,40324.42790617063,40397.90535575001,59.767552,11.597569642779769,0.09861082844650118,59,64,,True,True,,83,59.56268577710819
142,2026-09-21T07:58:40.781+00:00,2026-09-21T08:01:23.236+00:00,2026-09-21T08:01:23.236+00:00,True,1,1.0,,1.0,162454.53838999997,162454.53838999997,162454.53838999997,162454.53838999997,162454.53838999997,162454.53838999997,nan,162454.53838999997,nan,nan,0.0061555682587292725,59,64,,True,True,,9,59.56268577710819
143,2026-09-21T07:58:41.126+00:00,2026-09-21T08:01:24.929+00:00,2026-09-21T08:01:28.317+00:00,True,55,55.0,,55.0,163802.68841499998,167190.89961499997,167190.89959,3039.8345379999996,42.384852,163802.68841499998,22078.691927621527,78.422544,62.74465185185185,10.422748796251485,0.32896527338899206,59,64,,True,True,,165,59.56268577710819
144,2026-09-21T07:58:41.406+00:00,2026-09-21T08:01:26.050+00:00,2026-09-21T08:01:27.017+00:00,True,17,17.0,,17.0,164644.766686,165611.65539,165611.65526899998,9741.862074647059,44.885173,164644.766686,39917.565967343784,32990.6387948,60.430544,9.801415361039894,0.10264978005301972,59,64,,True,True,,40,59.56268577710819
145,2026-09-21T07:58:41.638+00:00,2026-09-21T08:01:27.262+00:00,2026-09-21T08:01:32.477+00:00,True,85,85.0,,85.0,165624.42897799998,170839.19301,170839.19288,2009.8728574117645,43.178623,165624.42897799998,17957.760229764488,75.1239344,62.0805241904762,8.95414776335715,0.49754390958182865,59,64,,True,True,,827,59.56268577710819
146,2026-09-21T07:58:41.957+00:00,2026-09-21T08:01:28.828+00:00,2026-09-21T08:01:30.216+00:00,True,23,23.0,,23.0,166870.75314,168258.65509199997,168258.65517399998,7315.593703217391,41.739302,166870.75314,34781.804008666084,78.0776769,63.08645236363637,9.074049506755962,0.13669430548713304,59,64,,True,True,,46,59.56268577710819
147,2026-09-21T07:58:42.186+00:00,2026-09-21T08:01:29.893+00:00,2026-09-21T08:01:30.613+00:00,True,12,12.0,,12.0,167706.249233,168426.54670500002,168426.546662,14035.545555166667,52.038472,167706.249233,48393.72194708206,75510.95752360001,65.48158836363636,9.127779510519382,0.07124767582522525,59,64,,True,True,,49,59.56268577710819
148,2026-09-21T07:58:42.506+00:00,2026-09-21T08:01:31.647+00:00,2026-09-21T08:01:32.243+00:00,True,11,11.0,,11.0,169140.08824399998,169736.456372,169736.45627599998,15430.586934181816,50.803003,169140.08824399998,50979.674790784484,84608.302809,59.636812799999994,7.785574074640309,0.06480634882521666,59,64,,True,True,,27,59.56268577710819
149,2026-09-21T07:58:42.765+00:00,2026-09-21T08:01:33.229+00:00,2026-09-21T08:01:35.109+00:00,True,30,30.0,,30.0,170463.959403,172344.48317899997,172344.48311499998,5744.816103833333,47.631133,170463.959403,31110.480550406708,76.733674,64.84564744827587,8.377551580323333,0.17406997570581634,59,64,,True,True,,444,59.56268577710819
150,2026-09-21T07:58:43.546+00:00,2026-09-21T08:01:35.461+00:00,2026-09-21T08:01:38.614+00:00,True,51,51.0,,51.0,171914.137762,175067.274658,175067.274682,3432.6916604313724,44.923542000000005,171914.137762,24063.965980101813,77.0793245,63.062737920000004,10.400629295312275,0.29131658158059676,59,64,,True,True,,306,59.56268577710819
151,2026-09-21T07:58:43.707+00:00,2026-09-21T08:01:37.612+00:00,2026-09-21T08:01:42.329+00:00,True,76,76.0,,76.0,173904.919833,178621.636121,178621.63628799998,2350.2846879999997,44.358462,173904.919833,19941.050494980052,77.60008725,62.889550506666666,9.031227242286334,0.42548037096982405,59,64,,True,True,,156,59.56268577710819
152,2026-09-21T07:58:43.721+00:00,2026-09-21T08:01:38.005+00:00,2026-09-21T08:01:40.906+00:00,True,47,47.0,,47.0,174284.128352,177185.703264,177185.703398,3769.90858293617,41.902392,174284.128352,25412.753965461503,78.3841587,63.07771547826087,9.925143157295034,0.26525842172475833,59,64,,True,True,,166,59.56268577710819
153,2026-09-21T07:58:43.777+00:00,2026-09-21T08:01:38.187+00:00,2026-09-21T08:01:40.980+00:00,True,45,45.0,,45.0,174410.479845,177203.07171699998,177203.071516,3937.846033688889,46.426632,174410.479845,25990.11967687177,78.2498142,63.467997090909094,9.410992016011217,0.2539459365121317,59,64,,True,True,,90,59.56268577710819
154,2026-09-21T07:58:43.981+00:00,2026-09-21T08:01:39.147+00:00,2026-09-21T08:01:40.575+00:00,True,24,24.0,,24.0,175166.03824599998,176593.83165399998,176593.83181299997,7358.076325541666,45.545952,175166.03824599998,35742.94753032854,78.66595215000001,62.07797426086956,9.911755664450228,0.13590508669081466,59,64,,True,True,,113,59.56268577710819
155,2026-09-21T07:58:44.283+00:00,2026-09-21T08:01:40.515+00:00,2026-09-21T08:01:44.056+00:00,True,58,58.0,,58.0,176232.640029,179773.685789,179773.685751,3099.546306051724,46.218462,176232.640029,23132.323909875508,75.18812000000001,62.1236098245614,9.267190482267091,0.32262786261207593,59,64,,True,True,,127,59.56268577710819
156,2026-09-21T07:58:44.495+00:00,2026-09-21T08:01:41.510+00:00,2026-09-21T08:01:44.939+00:00,True,57,57.0,,57.0,177014.488031,180443.500511,180443.500346,3165.6754446666664,47.116492,177014.488031,23438.033042831208,78.054368,61.23236571428571,9.167266603146095,0.31588835196934806,59,64,,True,True,,228,59.56268577710819
157,2026-09-21T07:58:44.768+00:00,2026-09-21T08:01:43.155+00:00,2026-09-21T08:01:48.159+00:00,True,80,80.0,,80.0,178387.153152,183391.396352,183391.39645300002,2292.3924556625,43.859151,178387.153152,19937.209770194244,75.5185365,63.34485063291139,8.764121613841716,0.4362254805369856,59,64,,True,True,,80,59.56268577710819
158,2026-09-21T07:58:45.070+00:00,2026-09-21T08:01:44.620+00:00,2026-09-21T08:01:46.990+00:00,True,39,39.0,,39.0,179549.13524,181919.763336,181919.763388,4664.609317641026,47.554393,179549.13524,28740.883334265596,80.0274683,62.38494989473684,9.019669273329992,0.21438022612182187,59,64,,True,True,,81,59.56268577710819
159,2026-09-21T07:58:45.334+00:00,2026-09-21T08:01:45.907+00:00,2026-09-21T08:01:51.274+00:00,True,85,85.0,,85.0,180573.76931200002,185940.180832,185940.18090200002,2187.5315400235295,43.386623,180573.76931200002,19579.047902036426,76.920876,63.88585142857143,9.062013252003682,0.4571362661887421,59,64,,True,True,,765,59.56268577710819
160,2026-09-21T07:58:45.638+00:00,2026-09-21T08:01:47.435+00:00,2026-09-21T08:01:53.144+00:00,True,91,91.0,,91.0,181797.133232,187505.336752,187505.33671099998,2060.4982056153844,45.896643,181797.133232,19050.87102448381,75.757028,63.424483555555554,8.56556719185602,0.48531951984043653,59,64,,True,True,,302,59.56268577710819
161,2026-09-21T07:58:45.820+00:00,2026-09-21T08:01:48.454+00:00,2026-09-21T08:01:52.009+00:00,True,56,56.0,,56.0,182633.87195899998,186189.083991,186189.08382099998,3324.8050682321427,44.560743,182633.87195899998,24396.84152433706,80.52681675000001,64.64021876363637,9.242747540800526,0.30076951236683097,59,64,,True,True,,169,59.56268577710819
162,2026-09-21T07:58:46.018+00:00,2026-09-21T08:01:49.377+00:00,2026-09-21T08:01:54.310+00:00,True,78,78.0,,78.0,183358.982558,188292.075166,188292.07532499998,2414.0009657051282,46.052963000000005,183358.982558,20754.064451661063,77.31060314999999,64.06613776623377,9.21242891352902,0.414250041756853,59,64,,True,True,,156,59.56268577710819
163,2026-09-21T07:58:46.267+00:00,2026-09-21T08:01:50.908+00:00,2026-09-21T08:01:50.908+00:00,True,1,1.0,,1.0,184640.584115,184640.584115,184640.584115,184640.584115,184640.584115,184640.584115,nan,184640.584115,nan,nan,0.005415927407254996,59,64,,True,True,,3,59.56268577710819
164,2026-09-21T07:58:46.501+00:00,2026-09-21T08:01:51.688+00:00,2026-09-21T08:01:57.253+00:00,True,89,89.0,,89.0,185187.209063,190752.084839,190752.08494499998,2143.2818533146065,44.120632,185187.209063,19623.103778305802,76.9866904,63.237224727272725,8.93202503225484,0.46657419275452977,59,64,,True,True,,193,59.56268577710819
165,2026-09-21T07:58:46.731+00:00,2026-09-21T08:01:52.885+00:00,2026-09-21T08:01:55.007+00:00,True,34,34.0,,34.0,186153.415574,188275.79023,188275.79015900003,5537.523239970588,48.724762999999996,186153.415574,31914.01870221741,78.14608534999999,64.31438351515152,8.651943380305246,0.1805861494909419,59,64,,True,True,,227,59.56268577710819
166,2026-09-21T07:58:46.942+00:00,2026-09-21T08:01:53.913+00:00,2026-09-21T08:01:56.341+00:00,True,39,39.0,,39.0,186970.684178,189398.773266,189398.77343,4856.378805897436,44.240212,186970.684178,29929.04015463569,76.29966700000001,63.897081263157894,9.290068618282206,0.20591474447000074,59,64,,True,True,,78,59.56268577710819
167,2026-09-21T07:58:47.132+00:00,2026-09-21T08:01:54.816+00:00,2026-09-21T08:01:54.945+00:00,True,3,3.0,,3.0,187684.68306600003,187812.86021800002,187812.86008300004,62604.28669433334,56.976853000000006,187684.68306600003,108322.80100673903,168923.33477580003,64.088576,10.057434307257491,0.015973347067489468,59,64,,True,True,,10,59.56268577710819
168,2026-09-21T07:58:47.443+00:00,2026-09-21T08:01:56.277+00:00,2026-09-21T08:02:00.438+00:00,True,66,66.0,,66.0,188834.098283,192995.310699,192995.310929,2924.1713777121213,41.111862,188834.098283,23235.992304879146,78.05862925,64.01865255384615,9.091675018846855,0.3419772209021967,59,64,,True,True,,70,59.56268577710819
169,2026-09-21T07:58:47.765+00:00,2026-09-21T08:01:58.353+00:00,2026-09-21T08:02:02.796+00:00,True,72,72.0,,72.0,190587.162262,195030.551702,195030.551842,2708.757664472222,44.137072999999994,190587.162262,22453.5388123564,77.08767599999999,62.58294985915493,9.08030994054187,0.3691729289163553,59,64,,True,True,,154,59.56268577710819
170,2026-09-21T07:58:47.984+00:00,2026-09-21T08:01:59.331+00:00,2026-09-21T08:02:05.350+00:00,True,97,97.0,,97.0,191347.55051300002,197366.32734500003,197366.327278,2034.7044049278352,43.631413,191347.55051300002,19422.036667100867,77.8727182,62.695592,9.455712910868698,0.4914718802586937,59,64,,True,True,,297,59.56268577710819
171,2026-09-21T07:58:48.192+00:00,2026-09-21T08:02:00.367+00:00,2026-09-21T08:02:02.355+00:00,True,34,34.0,,34.0,192175.61364599998,194163.39758199998,194163.397634,5710.688165705882,46.066752,192175.61364599998,32947.51652930932,74.8748025,60.23587684848485,8.479316574891149,0.17511024437878905,59,64,,True,True,,170,59.56268577710819
172,2026-09-21T07:58:48.486+00:00,2026-09-21T08:02:02.260+00:00,2026-09-21T08:02:05.069+00:00,True,46,46.0,,46.0,193774.591979,196583.444971,196583.445051,4273.553153282608,46.263183,193774.591979,28561.303091213955,76.74646225000001,62.41895537777778,8.945858644228663,0.2339973236646958,59,64,,True,True,,460,59.56268577710819
173,2026-09-21T07:58:48.773+00:00,2026-09-21T08:02:03.936+00:00,2026-09-21T08:02:09.555+00:00,True,90,90.0,,90.0,195162.30462,200781.92062000002,200781.920753,2230.910230588889,45.674973,195162.30462,20565.259145082207,76.0687375,63.14175280898876,8.33518047500126,0.4482475300668831,59,64,,True,True,,97,59.56268577710819
174,2026-09-21T07:58:48.997+00:00,2026-09-21T08:02:05.136+00:00,2026-09-21T08:02:10.690+00:00,True,89,89.0,,89.0,196139.57101100002,201693.48128300003,201693.48122200003,2266.218890134832,42.603582,196139.57101100002,20784.06466346246,76.70293960000001,63.11261672727273,8.30818187586228,0.4412636414120017,59,64,,True,True,,962,59.56268577710819
175,2026-09-21T07:58:49.221+00:00,2026-09-21T08:02:06.204+00:00,2026-09-21T08:02:08.413+00:00,True,36,36.0,,36.0,196983.25473500002,199191.986127,199191.986234,5533.110728722223,41.858832,196983.25473500002,32820.025710828144,75.6854065,63.1066112,8.318312479531258,0.18073016239241305,59,64,,True,True,,36,59.56268577710819
176,2026-09-21T07:58:49.480+00:00,2026-09-21T08:02:07.686+00:00,2026-09-21T08:02:08.292+00:00,True,10,10.0,,10.0,198205.91004800002,198812.05532800002,198812.05526100003,19881.205526100002,57.276583,198205.91004800002,62656.91471652823,109047.72338570001,67.34947555555556,6.949270111851588,0.0502987607240517,59,64,,True,True,,44,59.56268577710819
177,2026-09-21T07:58:49.675+00:00,2026-09-21T08:02:08.735+00:00,2026-09-21T08:02:14.255+00:00,True,89,89.0,,89.0,199060.205555,204579.814643,204579.81456499998,2298.6496018539324,41.192481,199060.205555,21093.693266838236,77.0910084,62.72283054545455,9.875147567534952,0.43503803224823806,59,64,,True,True,,979,59.56268577710819
178,2026-09-21T07:58:49.865+00:00,2026-09-21T08:02:09.630+00:00,2026-09-21T08:02:11.790+00:00,True,36,36.0,,36.0,199764.67817300002,201925.223709,201925.22363000002,5609.033989722223,44.914673,199764.67817300002,33283.82583205959,76.00528650000001,61.72987245714286,8.740753975110264,0.17828381882533204,59,64,,True,True,,162,59.56268577710819
179,2026-09-21T07:58:50.164+00:00,2026-09-21T08:02:11.483+00:00,2026-09-21T08:02:14.253+00:00,True,45,45.0,,45.0,201319.011623,204088.295207,204088.295274,4535.295450533334,42.803281000000005,201319.011623,30001.485831910286,80.12499220000001,62.938263272727276,10.42770799216177,0.22049280167859697,59,64,,True,True,,46,59.56268577710819
180,2026-09-21T07:58:50.484+00:00,2026-09-21T08:02:13.263+00:00,2026-09-21T08:02:15.342+00:00,True,34,34.0,,34.0,202778.707206,204857.426694,204857.426728,6025.21843317647,44.629734,202778.707206,34765.460303156,80.431486,62.991499636363635,11.590505592643849,0.16596908664085946,59,64,,True,True,,102,59.56268577710819
181,2026-09-21T07:58:50.789+00:00,2026-09-21T08:02:14.993+00:00,2026-09-21T08:02:19.984+00:00,True,79,79.0,,79.0,204203.287698,209194.968722,209194.968717,2648.0375786962027,45.513265,204203.287698,22967.466731948138,80.1311099,63.995910564102566,9.653134588121118,0.37763814532740225,59,64,,True,True,,453,59.56268577710819
182,2026-09-21T07:58:51.021+00:00,2026-09-21T08:02:16.274+00:00,2026-09-21T08:02:16.663+00:00,True,7,7.0,,7.0,205253.013553,205641.86065699998,205641.860664,29377.408666285715,52.009723,205253.013553,77553.85252124502,143699.3802973,64.80785066666667,9.508075716510858,0.03403976202916992,59,64,,True,True,,40,59.56268577710819
183,2026-09-21T07:58:51.217+00:00,2026-09-21T08:02:17.289+00:00,2026-09-21T08:02:21.292+00:00,True,64,64.0,,64.0,206071.339218,210074.359506,210074.359424,3282.411866,44.909602,206071.339218,25750.976941609308,79.71783205,63.540004571428575,10.331841644545284,0.30465402893765375,59,64,,True,True,,288,59.56268577710819
184,2026-09-21T07:58:51.460+00:00,2026-09-21T08:02:18.664+00:00,2026-09-21T08:02:19.033+00:00,True,7,7.0,,7.0,207204.056297,207572.493545,207572.493737,29653.213391,47.809433,207204.056297,78292.56317411228,145065.8240801,61.406208,10.684795913046239,0.033723158017959914,59,64,,True,True,,14,59.56268577710819
185,2026-09-21T07:58:51.681+00:00,2026-09-21T08:02:19.806+00:00,2026-09-21T08:02:22.237+00:00,True,39,39.0,,39.0,208125.384146,210556.077522,210556.077368,5398.873778666667,44.277923,208125.384146,33316.49220792493,80.3708918,63.96561515789474,9.717467701008648,0.18522381523717868,59,64,,True,True,,233,59.56268577710819
186,2026-09-21T07:58:51.958+00:00,2026-09-21T08:02:21.290+00:00,2026-09-21T08:02:26.762+00:00,True,89,89.0,,89.0,209332.251347,214804.37473900002,214804.374592,2413.532298786517,44.403013,209332.251347,22182.58470900237,76.94264199999999,62.183220363636366,9.117672235609195,0.414330481435214,59,64,,True,True,,320,59.56268577710819
187,2026-09-21T07:58:52.146+00:00,2026-09-21T08:02:22.358+00:00,2026-09-21T08:02:28.371+00:00,True,99,99.0,,99.0,210211.44116699998,216225.095439,216225.09558,2184.091874545454,41.671382,210211.44116699998,21120.879684398842,78.6495989,61.36381910204082,9.740457766820919,0.45785619749179035,59,64,,True,True,,527,59.56268577710819
188,2026-09-21T07:58:52.388+00:00,2026-09-21T08:02:23.495+00:00,2026-09-21T08:02:24.010+00:00,True,9,9.0,,9.0,211106.891963,211622.391995,211622.391871,23513.59909677778,46.149153,211106.891963,70347.4854731299,126695.2807634,64.437504,10.20984160449884,0.04252858081394639,59,64,,True,True,,38,59.56268577710819
189,2026-09-21T07:58:52.727+00:00,2026-09-21T08:02:25.171+00:00,2026-09-21T08:02:29.568+00:00,True,72,72.0,,72.0,212444.364967,216840.785319,216840.785391,3011.677574875,45.709284,212444.364967,25029.512713426608,79.8948299,61.92141340845071,9.308644085288963,0.3320408561243632,59,64,,True,True,,648,59.56268577710819
190,2026-09-21T07:58:53.826+00:00,2026-09-21T08:02:29.644+00:00,2026-09-21T08:02:31.183+00:00,True,26,26.0,,26.0,215818.021421,217357.319213,217357.31910400002,8359.896888615385,46.154633000000004,215818.021421,42313.3219449158,77.26309525,61.57191168,9.07946625589573,0.11961870018520616,59,64,,True,True,,26,59.56268577710819
192,2026-09-21T07:58:53.936+00:00,2026-09-21T08:02:31.518+00:00,2026-09-21T08:02:32.598+00:00,True,18,18.0,,18.0,217582.755685,218662.284645,218662.284642,12147.904702333333,41.245891,217582.755685,51269.78077445154,32705.7997058,63.50170352941176,10.073630677307351,0.08231872281597691,59,64,,True,True,,121,59.56268577710819
194,2026-09-21T07:58:53.955+00:00,2026-09-21T08:02:31.581+00:00,2026-09-21T08:02:34.445+00:00,True,46,46.0,,46.0,217625.672535,220489.604951,220489.605024,4793.252283130435,41.785951999999995,217625.672535,32077.772958656216,78.37825974999998,63.64294257777778,10.656504600346322,0.20862661534643642,59,64,,True,True,,138,59.56268577710819
191,2026-09-21T07:58:53.906+00:00,2026-09-21T08:02:31.587+00:00,2026-09-21T08:02:37.046+00:00,True,86,86.0,,86.0,217680.98149,223140.14437,223140.144301,2594.6528407093024,42.290040999999995,217680.98149,23466.220468091255,78.56360475000001,64.22544564705882,10.147455415994866,0.3854080145139596,59,64,,True,True,,344,59.56268577710819
193,2026-09-21T07:58:53.940+00:00,2026-09-21T08:02:31.778+00:00,2026-09-21T08:02:37.475+00:00,True,89,89.0,,89.0,217838.016702,223534.11398199998,223534.11398199998,2511.619258224719,44.616271999999995,217838.016702,23083.924658534328,77.9677598,64.72837818181819,10.2823118889695,0.39814951916988695,59,64,,True,True,,356,59.56268577710819
195,2026-09-21T07:58:54.067+00:00,2026-09-21T08:02:32.403+00:00,2026-09-21T08:02:38.410+00:00,True,95,95.0,,95.0,218336.303391,224342.745631,224342.745761,2361.502586957895,40.457012000000006,218336.303391,22394.278721191247,76.943791,63.89832170212766,10.586080330389889,0.42345920182441044,59,64,,True,True,,380,59.56268577710819
196,2026-09-21T07:58:54.256+00:00,2026-09-21T08:02:33.243+00:00,2026-09-21T08:02:35.252+00:00,True,32,32.0,,32.0,218986.89813100002,220995.77774700001,220995.77775100002,6906.1180547187505,45.285272,218986.89813100002,38700.325688605095,79.0369771,64.80256825806451,9.412191306931803,0.1447991465096414,59,64,,True,True,,163,59.56268577710819
197,2026-09-21T07:58:54.552+00:00,2026-09-21T08:02:34.747+00:00,2026-09-21T08:02:36.443+00:00,True,27,27.0,,27.0,220195.36717399998,221891.02592599997,221891.02589299998,8218.186144185185,51.556720999999996,220195.36717399998,42364.06869143473,98.234726,65.21764430769231,12.101485334846828,0.1216813518587472,59,64,,True,True,,40,59.56268577710819
198,2026-09-21T07:58:54.739+00:00,2026-09-21T08:02:35.949+00:00,2026-09-21T08:02:39.126+00:00,True,51,51.0,,51.0,221209.763075,224387.20870699998,224387.208647,4399.7491891568625,45.383860999999996,221209.763075,30966.66567962543,77.416353,63.54891264,10.499850690347744,0.22728568305600125,59,64,,True,True,,548,59.56268577710819
199,2026-09-21T07:58:55.079+00:00,2026-09-21T08:02:37.398+00:00,2026-09-21T08:02:39.622+00:00,True,37,37.0,,37.0,222319.103761,224542.761745,224542.76178,6068.723291351352,43.430701,222319.103761,36538.88196927075,77.21042000000001,61.76827733333334,9.071159406670063,0.16477930400632873,59,64,,True,True,,231,59.56268577710819
200,2026-09-21T07:58:55.311+00:00,2026-09-21T08:02:38.546+00:00,2026-09-21T08:02:40.910+00:00,True,38,38.0,,38.0,223234.266197,225598.21397299998,225598.21417999998,5936.79511,45.238872,223234.266197,36203.0164630938,77.22709800000001,63.89048043243243,8.456519872621717,0.16844104982386035,59,64,,True,True,,78,59.56268577710819
201,2026-09-21T07:58:55.650+00:00,2026-09-21T08:02:40.232+00:00,2026-09-21T08:02:41.306+00:00,True,17,17.0,,17.0,224582.333451,225656.044811,225656.044769,13273.884986411766,47.712551,224582.333451,54452.94153042396,44986.7099166,67.10696,9.288001923579245,0.07533589456572495,59,64,,True,True,,19,59.56268577710819
202,2026-09-21T07:58:55.892+00:00,2026-09-21T08:02:41.306+00:00,2026-09-21T08:02:44.541+00:00,True,52,52.0,,52.0,225414.694774,228649.06175,228649.061647,4397.097339365385,44.551661,225414.694774,31250.600862631105,79.046168,63.41896031372549,10.206309054066535,0.2274227569621768,59,64,,True,True,,511,59.56268577710819
203,2026-09-21T07:58:56.094+00:00,2026-09-21T08:02:42.513+00:00,2026-09-21T08:02:47.396+00:00,True,78,78.0,,78.0,226419.202776,231301.745112,231301.745186,2965.4069895641023,43.445651,226419.202776,25629.748573609315,77.04621214999999,63.40964072727272,10.095426062364695,0.33722183964600505,59,64,,True,True,,163,59.56268577710819
204,2026-09-21T07:58:56.341+00:00,2026-09-21T08:02:43.848+00:00,2026-09-21T08:02:46.215+00:00,True,39,39.0,,39.0,227507.163806,229874.633374,229874.633329,5894.221367410256,48.461341,227507.163806,36420.32692809054,74.57208100000001,62.301830736842106,9.019086057257914,0.1696576930980811,59,64,,True,True,,81,59.56268577710819
205,2026-09-21T07:58:56.654+00:00,2026-09-21T08:02:45.832+00:00,2026-09-21T08:02:46.483+00:00,True,11,11.0,,11.0,229177.993853,229829.441661,229829.44157599998,20893.585597818183,50.932241000000005,229177.993853,69080.12383726232,114627.95381749999,65.14478079999999,9.99604309403379,0.04786157909318283,59,64,,True,True,,56,59.56268577710819
206,2026-09-21T07:58:56.973+00:00,2026-09-21T08:02:47.198+00:00,2026-09-21T08:02:53.374+00:00,True,99,99.0,,99.0,230225.417177,236401.133017,236401.132924,2387.8902315555556,42.180731,230225.417177,23132.193309020517,76.8421409,63.01750857142857,9.114113473407201,0.41877971876251857,59,64,,True,True,,494,59.56268577710819
207,2026-09-21T07:58:57.285+00:00,2026-09-21T08:02:48.660+00:00,2026-09-21T08:02:54.158+00:00,True,89,89.0,,89.0,231374.179186,236872.46603399998,236872.465999,2661.488382011236,40.417871,231374.179186,24518.993123304608,78.7649566,62.480532363636364,10.215534597653411,0.3757296130282411,59,64,,True,True,,178,59.56268577710819
208,2026-09-21T07:58:57.513+00:00,2026-09-21T08:02:49.895+00:00,2026-09-21T08:02:54.101+00:00,True,68,68.0,,68.0,232381.983856,236588.23972800002,236588.239683,3479.2388188676473,43.209992,232381.983856,28172.84319134379,76.78767835000001,62.7799383880597,9.343364770771897,0.28741918904413005,59,64,,True,True,,137,59.56268577710819
209,2026-09-21T07:58:57.743+00:00,2026-09-21T08:02:51.201+00:00,2026-09-21T08:02:55.091+00:00,True,63,63.0,,63.0,233457.78929800002,237348.05515400003,237348.055254,3767.429448476191,40.388161999999994,233457.78929800002,29405.013080168985,77.071102,62.74622348387097,9.761654669728804,0.2654329733568843,59,64,,True,True,,110,59.56268577710819
210,2026-09-21T07:58:58.040+00:00,2026-09-21T08:02:53.028+00:00,2026-09-21T08:02:58.388+00:00,True,86,86.0,,86.0,234987.474842,240348.087962,240348.08779,2794.7452068604653,40.745872000000006,234987.474842,25332.552341589748,76.9723745,63.066036705882354,9.730252534625343,0.3578143713529227,59,64,,True,True,,129,59.56268577710819
211,2026-09-21T07:58:58.283+00:00,2026-09-21T08:02:54.226+00:00,2026-09-21T08:02:59.675+00:00,True,88,88.0,,88.0,235942.871498,241392.286922,241392.28682799998,2743.0941685,44.08741199999999,235942.871498,25144.919053614478,76.1542,62.63695889655172,8.921701862087675,0.36455183022660137,59,64,,True,True,,616,59.56268577710819
212,2026-09-21T07:58:58.506+00:00,2026-09-21T08:02:55.270+00:00,2026-09-21T08:03:01.030+00:00,True,92,92.0,,92.0,236764.305241,242524.47189699998,242524.472033,2636.1355655760867,43.918661,236764.305241,24677.787732850997,77.98192595,63.29853468131868,9.667892401586238,0.37934316186892825,59,64,,True,True,,736,59.56268577710819
213,2026-09-21T07:58:58.800+00:00,2026-09-21T08:02:56.815+00:00,2026-09-21T08:03:01.701+00:00,True,78,78.0,,78.0,238015.04414500002,242901.13208100002,242901.132046,3114.1170775128207,41.229701999999996,238015.04414500002,26942.71344680798,77.534998,63.45568748051948,9.234194047254478,0.32111830575573197,59,64,,True,True,,351,59.56268577710819
214,2026-09-21T07:58:59.127+00:00,2026-09-21T08:02:58.641+00:00,2026-09-21T08:03:02.565+00:00,True,64,64.0,,64.0,239514.238335,243437.936767,243437.936812,3803.7177626875,44.244951,239514.238335,29931.496565583304,79.057342,62.28092749206349,10.721467243913633,0.26290068364018326,59,64,,True,True,,132,59.56268577710819
215,2026-09-21T07:58:59.383+00:00,2026-09-21T08:03:00.030+00:00,2026-09-21T08:03:03.327+00:00,True,53,53.0,,53.0,240646.49396700002,243943.961103,243943.96124200002,4602.716249849057,41.926351000000004,240646.49396700002,33046.62935299686,79.661497,63.41282953846154,10.550581284651079,0.2172630130311851,59,64,,True,True,,371,59.56268577710819
216,2026-09-21T07:58:59.619+00:00,2026-09-21T08:03:01.100+00:00,2026-09-21T08:03:06.254+00:00,True,82,82.0,,82.0,241481.12855000002,246635.37418200003,246635.37413100002,3007.7484650121955,44.508391,241481.12855000002,26660.104210534086,79.562973,63.63266212345679,9.631732265031978,0.33247461063508926,59,64,,True,True,,328,59.56268577710819
217,2026-09-21T07:58:59.829+00:00,2026-09-21T08:03:02.370+00:00,2026-09-21T08:03:07.043+00:00,True,73,73.0,,73.0,242541.48382300002,247214.65835100002,247214.65833600002,3386.5021689863015,45.254761,242541.48382300002,28379.73838359665,77.99238239999998,64.90520177777778,9.146838484346427,0.2952899334001191,59,64,,True,True,,219,59.56268577710819
218,2026-09-21T07:59:00.160+00:00,2026-09-21T08:03:03.972+00:00,2026-09-21T08:03:05.526+00:00,True,25,25.0,,25.0,243811.955484,245365.642268,245365.642348,9814.62569392,47.983171,243811.955484,48749.44482704069,81.951733,64.73694933333334,10.678243744124098,0.10188875577247207,59,64,,True,True,,125,59.56268577710819
219,2026-09-21T07:59:00.381+00:00,2026-09-21T08:03:05.065+00:00,2026-09-21T08:03:08.833+00:00,True,59,59.0,,59.0,244684.64192,248452.424576,248452.424442,4211.058041389831,47.108712,244684.64192,31846.77084393216,77.17189,64.96176993103448,8.367969278797629,0.2374700110119162,59,64,,True,True,,641,59.56268577710819
220,2026-09-21T07:59:00.618+00:00,2026-09-21T08:03:06.331+00:00,2026-09-21T08:03:10.608+00:00,True,68,68.0,,68.0,245712.584369,249989.77348899998,249989.77335,3676.320196323529,45.820132,245712.584369,29789.287533111776,78.28061514999999,63.83864358208955,9.495855016215128,0.27201112689912543,59,64,,True,True,,138,59.56268577710819
221,2026-09-21T07:59:00.867+00:00,2026-09-21T08:03:07.824+00:00,2026-09-21T08:03:11.639+00:00,True,61,61.0,,61.0,246956.580166,250772.166982,250772.16693099999,4111.019130016393,42.63468099999999,246956.580166,31611.409163676904,79.417563,63.5931136,9.568669740787714,0.24324868558630144,59,64,,True,True,,156,59.56268577710819
223,2026-09-21T07:59:01.498+00:00,2026-09-21T08:03:09.856+00:00,2026-09-21T08:03:12.982+00:00,True,51,51.0,,51.0,248358.072212,251484.157588,251484.157512,4931.061912,43.685471,248358.072212,34768.332821885284,75.91267749999999,62.52170752000001,9.928525712292979,0.20279607466786034,59,64,,True,True,,102,59.56268577710819
224,2026-09-21T07:59:01.799+00:00,2026-09-21T08:03:11.435+00:00,2026-09-21T08:03:17.058+00:00,True,90,90.0,,90.0,249636.07867699998,255258.56290099997,255258.563003,2836.206255588889,45.095062,249636.07867699998,26307.295690172836,77.462176,63.17398004494382,9.379886222533765,0.3525836664484623,59,64,,True,True,,180,59.56268577710819
225,2026-09-21T07:59:01.994+00:00,2026-09-21T08:03:12.366+00:00,2026-09-21T08:03:17.241+00:00,True,78,78.0,,78.0,250371.96361,255247.592922,255247.592759,3272.405035371795,43.310131,250371.96361,28341.874367616154,76.61467799999998,63.3198611948052,9.253232356344174,0.3055856437550644,59,64,,True,True,,702,59.56268577710819
222,2026-09-21T07:59:01.167+00:00,2026-09-21T08:03:14.288+00:00,2026-09-21T08:03:18.870+00:00,True,74,74.0,,74.0,253121.21464199998,257702.99435399997,257702.994533,3482.472899094594,45.899662,253121.21464199998,29417.44875593314,77.53391265,62.76410564383562,9.194480218024045,0.2871522707196336,59,64,,True,True,,814,59.56268577710819
226,2026-09-21T07:59:02.321+00:00,2026-09-21T08:03:15.225+00:00,2026-09-21T08:03:17.108+00:00,True,32,32.0,,32.0,252904.573345,254787.29104100002,254787.291051,7962.10284534375,48.048171,252904.573345,44696.89920020904,74.5405005,60.73282890322581,7.735118323170583,0.12559496146474042,59,64,,True,True,,150,59.56268577710819
227,2026-09-21T07:59:02.611+00:00,2026-09-21T08:03:16.641+00:00,2026-09-21T08:03:17.669+00:00,True,18,18.0,,18.0,254030.555054,255057.970606,255057.97063,14169.887257222223,47.147482000000004,254030.555054,59861.331692283806,38170.502112149996,60.436208941176474,8.793724243184288,0.07057219171482174,59,64,,True,True,,75,59.56268577710819
228,2026-09-21T07:59:02.932+00:00,2026-09-21T08:03:18.451+00:00,2026-09-21T08:03:20.258+00:00,True,29,29.0,,29.0,255519.606394,257326.484346,257326.484378,8873.327047517241,48.656442000000006,255519.606394,47436.81745596081,82.2234508,64.53135542857143,9.450944804895189,0.1126972999833423,59,64,,True,True,,40,59.56268577710819
229,2026-09-21T07:59:03.135+00:00,2026-09-21T08:03:19.612+00:00,2026-09-21T08:03:23.614+00:00,True,63,63.0,,63.0,256477.813794,260479.261986,260479.26212499998,4134.591462301587,44.133292000000004,256477.813794,32305.03795843607,76.85469400000001,64.53948696774194,11.248359825271265,0.2418618646247012,59,64,,True,True,,210,59.56268577710819
230,2026-09-21T07:59:03.400+00:00,2026-09-21T08:03:21.117+00:00,2026-09-21T08:03:22.903+00:00,True,29,29.0,,29.0,257716.47406900002,259502.818517,259502.818582,8948.373054551725,48.867430999999996,257716.47406900002,47844.90177453797,78.55719439999999,63.798016,9.776013382597618,0.11175215809110842,59,64,,True,True,,129,59.56268577710819
231,2026-09-21T07:59:03.725+00:00,2026-09-21T08:03:22.717+00:00,2026-09-21T08:03:24.659+00:00,True,32,32.0,,32.0,258992.846982,260934.15591,260934.15574,8154.192366875,40.703302,258992.846982,45772.8305971224,80.50016345,62.62286864516129,10.939035120596214,0.12263630220582263,59,64,,True,True,,256,59.56268577710819
232,2026-09-21T07:59:03.997+00:00,2026-09-21T08:03:23.809+00:00,2026-09-21T08:03:26.310+00:00,True,41,41.0,,41.0,259812.227032,262313.151704,262313.15172,6397.881749268293,43.532651,259812.227032,40566.08920978111,75.75125299999999,62.5231168,8.158814310055835,0.1563017322374492,59,64,,True,True,,41,59.56268577710819
233,2026-09-21T07:59:04.211+00:00,2026-09-21T08:03:24.979+00:00,2026-09-21T08:03:30.087+00:00,True,82,82.0,,82.0,260768.07084099998,265875.988409,265875.98854,3242.3901041463414,45.043290999999996,260768.07084099998,28790.053806021508,77.22397604999999,63.06071071604938,9.903018387685359,0.308414462286299,59,64,,True,True,,410,59.56268577710819
234,2026-09-21T07:59:04.497+00:00,2026-09-21T08:03:26.634+00:00,2026-09-21T08:03:30.995+00:00,True,70,70.0,,70.0,262136.83368900002,266497.854361,266497.854402,3807.1122057428574,42.726972,262136.83368900002,31323.79179426865,78.37518955,63.20319814492754,10.40424938431448,0.2626662798762255,59,64,,True,True,,72,59.56268577710819
235,2026-09-21T07:59:05.602+00:00,2026-09-21T08:03:28.471+00:00,2026-09-21T08:03:30.399+00:00,True,32,32.0,,32.0,262868.476498,264797.11470599996,264797.11467599997,8274.909833624999,43.975822,262868.476498,46458.023586552765,78.49844745,62.214135741935486,9.909326726120973,0.12084723821681023,59,64,,True,True,,168,59.56268577710819
237,2026-09-21T07:59:05.669+00:00,2026-09-21T08:03:30.545+00:00,2026-09-21T08:03:32.280+00:00,True,28,28.0,,28.0,264875.848615,266611.333799,266611.33384700003,9521.833351678571,47.039241000000004,264875.848615,50044.68397657561,78.9049796,64.27722903703703,10.010309695915927,0.10502179183841216,59,64,,True,True,,252,59.56268577710819
238,2026-09-21T07:59:05.801+00:00,2026-09-21T08:03:31.974+00:00,2026-09-21T08:03:32.469+00:00,True,9,9.0,,9.0,266173.427057,266668.351857,266668.351778,29629.816864222223,50.273041,266173.427057,88703.85421362825,159734.9614826,61.8656,8.907434902572184,0.03374978671944626,59,64,,True,True,,45,59.56268577710819
239,2026-09-21T07:59:05.834+00:00,2026-09-21T08:03:32.591+00:00,2026-09-21T08:03:35.127+00:00,True,41,41.0,,41.0,266757.153486,269292.508878,269292.50881900004,6568.109971195123,47.285561,266757.153486,41650.5703191882,78.45989200000001,63.3838848,9.46280075407383,0.15225080033167426,59,64,,True,True,,165,59.56268577710819
236,2026-09-21T07:59:05.653+00:00,2026-09-21T08:03:33.543+00:00,2026-09-21T08:03:37.854+00:00,True,69,69.0,,69.0,267889.93882499996,272200.30759299995,272200.30761499994,3944.9319944202894,42.448841,267889.93882499996,32242.529106702492,76.765705,63.387776,9.151634651129074,0.2534897943729379,59,64,,True,True,,391,59.56268577710819
240,2026-09-21T07:59:06.013+00:00,2026-09-21T08:03:34.871+00:00,2026-09-21T08:03:38.510+00:00,True,58,58.0,,58.0,268857.950795,272497.192523,272497.192572,4698.2274581379315,44.457001,268857.950795,35294.3962415537,78.475463,63.84634610526316,9.334641467818862,0.21284622958126267,59,64,,True,True,,345,59.56268577710819
241,2026-09-21T07:59:06.305+00:00,2026-09-21T08:03:36.456+00:00,2026-09-21T08:03:37.794+00:00,True,22,22.0,,22.0,270151.135629,271488.491149,271488.49110700004,12340.385959409092,47.721441,270151.135629,57582.83906902553,81.02698149999999,63.683596190476194,9.936767294294658,0.08103474260323551,59,64,,True,True,,44,59.56268577710819
242,2026-09-21T07:59:06.647+00:00,2026-09-21T08:03:38.282+00:00,2026-09-21T08:03:42.712+00:00,True,69,69.0,,69.0,271634.522291,276064.888243,276064.888354,4000.940410927536,44.104040999999995,271634.522291,32693.112107539426,77.84736559999999,65.15244047058823,11.069099532812185,0.24994123823260084,59,64,,True,True,,138,59.56268577710819
243,2026-09-21T07:59:06.895+00:00,2026-09-21T08:03:39.407+00:00,2026-09-21T08:03:43.174+00:00,True,59,59.0,,59.0,272511.56541900005,276279.01885900006,276279.01896700007,4682.695236728814,45.799912,272511.56541900005,35469.52887506703,76.823715,64.95609379310345,10.429249704749848,0.2135522279022963,59,64,,True,True,,236,59.56268577710819
244,2026-09-21T07:59:07.134+00:00,2026-09-21T08:03:40.608+00:00,2026-09-21T08:03:43.828+00:00,True,50,50.0,,50.0,273474.04797899997,276694.363883,276694.36381699995,5533.8872763399995,42.813041,273474.04797899997,38665.777913213315,79.2447645,65.72073273469388,10.762485067405317,0.18070480113264056,59,64,,True,True,,200,59.56268577710819
245,2026-09-21T07:59:07.333+00:00,2026-09-21T08:03:41.665+00:00,2026-09-21T08:03:46.968+00:00,True,84,84.0,,84.0,274331.75439099997,279634.65103099996,279634.65112199995,3328.983941928571,42.459368000000005,274331.75439099997,29925.078931838016,77.09840700000001,63.89032096385542,9.8560227570676,0.30039195675605973,59,64,,True,True,,202,59.56268577710819
246,2026-09-21T07:59:07.564+00:00,2026-09-21T08:03:42.850+00:00,2026-09-21T08:03:46.132+00:00,True,52,52.0,,52.0,275286.21977200004,278567.586812,278567.586781,5357.0689765576935,45.147201,275286.21977200004,38166.40893152534,79.97841695000001,64.34053019607843,10.161626263311307,0.1866692410093419,59,64,,True,True,,209,59.56268577710819
247,2026-09-21T07:59:07.847+00:00,2026-09-21T08:03:44.557+00:00,2026-09-21T08:03:45.986+00:00,True,23,23.0,,23.0,276709.693078,278138.804118,278138.80417799996,12092.991485999999,50.559341,276709.693078,57684.41514360757,79.1357191,64.95959272727272,8.791703664607935,0.08269252495326859,59,64,,True,True,,253,59.56268577710819
248,2026-09-21T07:59:08.163+00:00,2026-09-21T08:03:46.061+00:00,2026-09-21T08:03:49.038+00:00,True,48,48.0,,48.0,277897.777067,280875.064747,280875.064859,5851.563851229166,45.93233,277897.777067,40101.94679914931,75.4908195,63.34654638297872,8.992040588018549,0.17089448664030146,59,64,,True,True,,192,59.56268577710819
249,2026-09-21T07:59:08.383+00:00,2026-09-21T08:03:47.232+00:00,2026-09-21T08:03:51.557+00:00,True,69,69.0,,69.0,278849.288508,283173.412924,283173.413019,4103.962507521739,45.328581,278849.288508,33561.85537235717,77.19671199999999,63.59006494117647,9.181234025027553,0.24366694347296894,59,64,,True,True,,138,59.56268577710819
250,2026-09-21T07:59:08.598+00:00,2026-09-21T08:03:48.271+00:00,2026-09-21T08:03:52.555+00:00,True,68,68.0,,68.0,279673.229297,283957.677041,283957.677047,4175.848191867647,42.416171000000006,279673.229297,33907.607304395766,78.21564185,63.94698125373134,9.38055880851792,0.2394723069599616,59,64,,True,True,,272,59.56268577710819
251,2026-09-21T07:59:08.920+00:00,2026-09-21T08:03:50.057+00:00,2026-09-21T08:03:53.143+00:00,True,49,49.0,,49.0,281137.103792,284222.37432,284222.374396,5800.45662032653,49.912281,281137.103792,40153.261975179936,77.8743254,64.27646933333334,8.730252116748074,0.17240022048662476,59,64,,True,True,,196,59.56268577710819
252,2026-09-21T07:59:09.128+00:00,2026-09-21T08:03:51.041+00:00,2026-09-21T08:03:53.139+00:00,True,34,34.0,,34.0,281913.145701,284010.885733,284010.885904,8353.261350117647,45.791451,281913.145701,48336.80457427913,76.09525365,63.56787975757576,8.680458226367659,0.11971372122674045,59,64,,True,True,,68,59.56268577710819
253,2026-09-21T07:59:09.321+00:00,2026-09-21T08:03:52.114+00:00,2026-09-21T08:03:55.714+00:00,True,57,57.0,,57.0,282792.99023299996,286393.14869699994,286393.14872799994,5024.441205754385,42.133921,282792.99023299996,37448.33260249139,77.5328638,64.288544,9.711505131724051,0.19902710752450722,59,64,,True,True,,228,59.56268577710819
254,2026-09-21T07:59:09.579+00:00,2026-09-21T08:03:53.286+00:00,2026-09-21T08:03:58.537+00:00,True,85,85.0,,85.0,283707.552361,288958.89444099995,288958.89441099996,3399.516404835294,40.786671000000005,283707.552361,30765.625300424133,76.078688,62.51597714285714,9.664870368440997,0.2941594864710262,59,64,,True,True,,1220,59.56268577710819
255,2026-09-21T07:59:09.847+00:00,2026-09-21T08:03:54.636+00:00,2026-09-21T08:03:59.155+00:00,True,73,73.0,,73.0,284788.925152,289307.75779199996,289307.757636,3963.1199676164383,43.263281,284788.925152,33324.678165571226,77.511078,62.761564444444446,9.524815874959398,0.25232645179353924,59,64,,True,True,,146,59.56268577710819
257,2026-09-21T07:59:10.336+00:00,2026-09-21T08:03:55.136+00:00,2026-09-21T08:03:57.213+00:00,True,34,34.0,,34.0,284799.746821,286876.505605,286876.505835,8437.544289264706,44.994101,284799.746821,48831.9618274195,77.86002035,62.93208436363637,9.8498434868599,0.11851789650148126,59,64,,True,True,,127,59.56268577710819
258,2026-09-21T07:59:10.653+00:00,2026-09-21T08:03:56.658+00:00,2026-09-21T08:04:01.246+00:00,True,73,73.0,,73.0,286004.75964,290592.343128,290592.343026,3980.7170277534246,43.933111,286004.75964,33466.86899303783,77.2658316,63.71643733333334,9.269817833548503,0.2512110237118154,59,64,,True,True,,84,59.56268577710819
259,2026-09-21T07:59:10.975+00:00,2026-09-21T08:03:58.535+00:00,2026-09-21T08:04:02.010+00:00,True,54,54.0,,54.0,287560.115666,291035.26241799997,291035.262539,5389.5418988703705,45.188731,287560.115666,39123.053268151605,78.87755835,65.56880664150944,8.204834455689943,0.1855445266369214,59,64,,True,True,,108,59.56268577710819
256,2026-09-21T07:59:10.066+00:00,2026-09-21T08:03:59.863+00:00,2026-09-21T08:04:05.639+00:00,True,92,92.0,,92.0,289796.966348,295573.650124,295573.650119,3212.757066510869,44.365771,289796.966348,30206.805675137774,77.95657745,63.48004149450549,9.917533094444604,0.31125913951194184,59,64,,True,True,,997,59.56268577710819
260,2026-09-21T07:59:11.219+00:00,2026-09-21T08:04:01.109+00:00,2026-09-21T08:04:02.910+00:00,True,29,29.0,,29.0,289890.131374,291691.415982,291691.415752,10058.324681103448,43.247801,289890.131374,53819.3007803077,78.4438276,64.33159314285714,9.888776481454284,0.0994201351533415,59,64,,True,True,,87,59.56268577710819
261,2026-09-21T07:59:11.495+00:00,2026-09-21T08:04:03.109+00:00,2026-09-21T08:04:06.756+00:00,True,60,60.0,,60.0,291613.683458,295261.360898,295261.36102400004,4921.022683733334,45.826481,291613.683458,37639.184237967966,77.45274345000001,61.82504135593221,9.444333518313753,0.2032097929018467,59,64,,True,True,,261,59.56268577710819
262,2026-09-21T07:59:11.779+00:00,2026-09-21T08:04:04.724+00:00,2026-09-21T08:04:07.635+00:00,True,48,48.0,,48.0,292944.710532,295855.635844,295855.635783,6163.6590788124995,46.580511,292944.710532,42273.98830901413,78.03207200000001,61.93458110638298,8.937909320661232,0.162241289955719,59,64,,True,True,,185,59.56268577710819
263,2026-09-21T07:59:11.974+00:00,2026-09-21T08:04:05.787+00:00,2026-09-21T08:04:10.832+00:00,True,81,81.0,,81.0,293812.707537,298857.750481,298857.750343,3689.60185608642,42.619971,293812.707537,32638.850726154247,78.214152,63.0630368,9.401288174558884,0.27103195372926964,59,64,,True,True,,94,59.56268577710819
264,2026-09-21T07:59:12.200+00:00,2026-09-21T08:04:06.943+00:00,2026-09-21T08:04:10.890+00:00,True,63,63.0,,63.0,294743.550371,298689.712291,298689.71243400004,4741.106546571429,43.017300999999996,294743.550371,37126.17913900171,78.026362,63.64777290322581,9.1471295086637,0.21092122496211696,59,64,,True,True,,252,59.56268577710819
265,2026-09-21T07:59:12.476+00:00,2026-09-21T08:04:08.424+00:00,2026-09-21T08:04:12.495+00:00,False,67,66.0,,66.0,295947.454948,300019.145956,300019.14584400004,4477.897699164179,0.038369999999999994,295947.454948,36148.20118275941,77.216433,61.692288,12.011668588811412,0.21998596052826366,59,64,,True,False,Request timeout: 300.0s exceeded,198,59.56268577710819
266,2026-09-21T07:59:12.664+00:00,2026-09-21T08:04:09.424+00:00,2026-09-21T08:04:11.136+00:00,True,28,28.0,,28.0,296759.592102,298471.87344600004,298471.873328,10659.709761714286,41.649851000000005,296759.592102,56070.30775263046,79.67344565000002,63.417827555555554,11.697860713340832,0.09381118454052859,59,64,,True,True,,100,59.56268577710819
267,2026-09-21T07:59:12.952+00:00,2026-09-21T08:04:11.139+00:00,2026-09-21T08:04:12.971+00:00,False,32,31.0,,31.0,298186.662893,300018.175469,300018.175612,9375.567987875,0.02876,298186.662893,52702.01059858581,79.66610905,59.08105083870967,14.402806703068036,0.1033270732732762,59,64,,True,False,Request timeout: 300.0s exceeded,188,59.56268577710819
268,2026-09-21T07:59:13.200+00:00,2026-09-21T08:04:12.389+00:00,2026-09-21T08:04:12.767+00:00,True,8,8.0,,8.0,299188.709097,299566.40637700004,299566.406135,37445.800766875,46.328691,299188.709097,105760.10617343005,194495.8598304,53.95675428571428,7.470691951878749,0.02670526410739165,59,64,,True,True,,74,59.56268577710819
269,2026-09-21T07:59:13.487+00:00,2026-09-21T08:04:13.513+00:00,2026-09-21T08:04:13.513+00:00,False,1,0.0,,0.0,300026.446736,300026.446736,300026.446736,300026.446736,300026.446736,300026.446736,nan,300026.446736,nan,nan,0.0,59,64,,True,False,"HTTPConnectionPool(host='gpu06', port=9004): Read timed out.",0,59.56268577710819
270,2026-09-21T07:59:13.803+00:00,2026-09-21T08:04:13.907+00:00,2026-09-21T08:04:13.907+00:00,False,1,0.0,,0.0,300103.668856,300103.668856,300103.668856,300103.668856,300103.668856,300103.668856,nan,300103.668856,nan,nan,0.0,59,64,,True,False,"HTTPConnectionPool(host='gpu06', port=9004): Read timed out.",0,59.56268577710819
271,2026-09-21T07:59:14.117+00:00,2026-09-21T08:04:14.226+00:00,2026-09-21T08:04:14.226+00:00,False,1,0.0,,0.0,300108.936305,300108.936305,300108.936305,300108.936305,300108.936305,300108.936305,nan,300108.936305,nan,nan,0.0,59,64,,True,False,"HTTPConnectionPool(host='gpu06', port=9004): Read timed out.",0,59.56268577710819
272,2026-09-21T07:59:14.325+00:00,2026-09-21T08:04:14.433+00:00,2026-09-21T08:04:14.433+00:00,False,1,0.0,,0.0,300107.882511,300107.882511,300107.882511,300107.882511,300107.882511,300107.882511,nan,300107.882511,nan,nan,0.0,59,64,,True,False,"HTTPConnectionPool(host='gpu06', port=9004): Read timed out.",0,59.56268577710819
273,2026-09-21T07:59:14.536+00:00,2026-09-21T08:04:14.635+00:00,2026-09-21T08:04:14.635+00:00,False,1,0.0,,0.0,300098.968826,300098.968826,300098.968826,300098.968826,300098.968826,300098.968826,nan,300098.968826,nan,nan,0.0,59,64,,True,False,"HTTPConnectionPool(host='gpu06', port=9004): Read timed out.",0,59.56268577710819
274,2026-09-21T07:59:14.776+00:00,2026-09-21T08:04:14.885+00:00,2026-09-21T08:04:14.885+00:00,False,1,0.0,,0.0,300108.83469,300108.83469,300108.83469,300108.83469,300108.83469,300108.83469,nan,300108.83469,nan,nan,0.0,59,64,,True,False,"HTTPConnectionPool(host='gpu06', port=9004): Read timed out.",0,59.56268577710819
275,2026-09-21T07:59:15.041+00:00,2026-09-21T08:04:15.127+00:00,2026-09-21T08:04:15.127+00:00,False,1,0.0,,0.0,300086.351073,300086.351073,300086.351073,300086.351073,300086.351073,300086.351073,nan,300086.351073,nan,nan,0.0,59,64,,True,False,"HTTPConnectionPool(host='gpu06', port=9004): Read timed out.",0,59.56268577710819
276,2026-09-21T07:59:15.390+00:00,2026-09-21T08:04:15.488+00:00,2026-09-21T08:04:15.488+00:00,False,1,0.0,,0.0,300098.663129,300098.663129,300098.663129,300098.663129,300098.663129,300098.663129,nan,300098.663129,nan,nan,0.0,59,64,,True,False,TTFT timeout: 300.0s exceeded (TTFT: 300.088s),0,59.56268577710819
277,2026-09-21T07:59:15.608+00:00,2026-09-21T08:04:15.647+00:00,2026-09-21T08:04:15.647+00:00,False,1,0.0,,0.0,300038.804533,300038.804533,300038.804533,300038.804533,300038.804533,300038.804533,nan,300038.804533,nan,nan,0.0,59,64,,True,False,TTFT timeout: 300.0s exceeded (TTFT: 300.034s),0,59.56268577710819
278,2026-09-21T07:59:15.930+00:00,2026-09-21T08:04:15.976+00:00,2026-09-21T08:04:15.976+00:00,False,1,0.0,,0.0,300046.30096200004,300046.30096200004,300046.30096200004,300046.30096200004,300046.30096200004,300046.30096200004,nan,300046.30096200004,nan,nan,0.0,59,64,,True,False,"HTTPConnectionPool(host='gpu06', port=9004): Read timed out.",0,59.56268577710819
279,2026-09-21T07:59:16.123+00:00,2026-09-21T08:04:16.229+00:00,2026-09-21T08:04:16.229+00:00,False,1,0.0,,0.0,300105.73327100003,300105.73327100003,300105.73327100003,300105.73327100003,300105.73327100003,300105.73327100003,nan,300105.73327100003,nan,nan,0.0,59,64,,True,False,"HTTPConnectionPool(host='gpu06', port=9004): Read timed out.",0,59.56268577710819
280,2026-09-21T07:59:16.398+00:00,2026-09-21T08:04:16.501+00:00,2026-09-21T08:04:16.501+00:00,False,1,0.0,,0.0,300103.187252,300103.187252,300103.187252,300103.187252,300103.187252,300103.187252,nan,300103.187252,nan,nan,0.0,59,64,,True,False,"HTTPConnectionPool(host='gpu06', port=9004): Read timed out.",0,59.56268577710819
281,2026-09-21T07:59:16.700+00:00,2026-09-21T08:04:16.805+00:00,2026-09-21T08:04:16.805+00:00,False,1,0.0,,0.0,300105.036892,300105.036892,300105.036892,300105.036892,300105.036892,300105.036892,nan,300105.036892,nan,nan,0.0,59,64,,True,False,"HTTPConnectionPool(host='gpu06', port=9004): Read timed out.",0,59.56268577710819
282,2026-09-21T07:59:16.970+00:00,2026-09-21T08:04:17.016+00:00,2026-09-21T08:04:17.016+00:00,False,1,0.0,,0.0,300045.680202,300045.680202,300045.680202,300045.680202,300045.680202,300045.680202,nan,300045.680202,nan,nan,0.0,59,64,,True,False,"HTTPConnectionPool(host='gpu06', port=9004): Read timed out.",0,59.56268577710819
283,2026-09-21T07:59:17.169+00:00,2026-09-21T08:04:17.274+00:00,2026-09-21T08:04:17.274+00:00,False,1,0.0,,0.0,300104.974461,300104.974461,300104.974461,300104.974461,300104.974461,300104.974461,nan,300104.974461,nan,nan,0.0,59,64,,True,False,"HTTPConnectionPool(host='gpu06', port=9004): Read timed out.",0,59.56268577710819
284,2026-09-21T07:59:17.403+00:00,2026-09-21T08:04:17.532+00:00,2026-09-21T08:04:17.532+00:00,False,1,0.0,,0.0,300128.97767500003,300128.97767500003,300128.97767500003,300128.97767500003,300128.97767500003,300128.97767500003,nan,300128.97767500003,nan,nan,0.0,59,64,,True,False,"HTTPConnectionPool(host='gpu06', port=9004): Read timed out.",0,59.56268577710819
285,2026-09-21T07:59:17.665+00:00,2026-09-21T08:04:17.762+00:00,2026-09-21T08:04:17.762+00:00,False,1,0.0,,0.0,300096.42262699996,300096.42262699996,300096.42262699996,300096.42262699996,300096.42262699996,300096.42262699996,nan,300096.42262699996,nan,nan,0.0,59,64,,True,False,"HTTPConnectionPool(host='gpu06', port=9004): Read timed out.",0,59.56268577710819
286,2026-09-21T07:59:17.867+00:00,2026-09-21T08:04:17.917+00:00,2026-09-21T08:04:17.917+00:00,False,1,0.0,,0.0,300049.29887199996,300049.29887199996,300049.29887199996,300049.29887199996,300049.29887199996,300049.29887199996,nan,300049.29887199996,nan,nan,0.0,59,64,,True,False,TTFT timeout: 300.0s exceeded (TTFT: 300.041s),0,59.56268577710819
287,2026-09-21T07:59:18.109+00:00,2026-09-21T08:04:18.216+00:00,2026-09-21T08:04:18.216+00:00,False,1,0.0,,0.0,300106.99541699997,300106.99541699997,300106.99541699997,300106.99541699997,300106.99541699997,300106.99541699997,nan,300106.99541699997,nan,nan,0.0,59,64,,True,False,"HTTPConnectionPool(host='gpu06', port=9004): Read timed out.",0,59.56268577710819
288,2026-09-21T07:59:19.332+00:00,2026-09-21T08:04:18.686+00:00,2026-09-21T08:04:19.739+00:00,False,16,15.0,,15.0,299353.38836000004,300406.99962400005,300406.99967200006,18775.437479500004,0.02536,299353.38836000004,74820.79459207143,74940.84260975,70.24075093333333,35.11464694239955,0.049932258631704744,59,64,,True,False,Request timeout: 300.0s exceeded,105,59.56268577710819
289,2026-09-21T07:59:19.542+00:00,2026-09-21T08:04:20.401+00:00,2026-09-21T08:04:20.401+00:00,False,1,0.0,,0.0,300858.697707,300858.697707,300858.697707,300858.697707,300858.697707,300858.697707,nan,300858.697707,nan,nan,0.0,59,64,,True,False,"HTTPConnectionPool(host='gpu06', port=9004): Read timed out.",0,59.56268577710819
290,2026-09-21T07:59:19.547+00:00,2026-09-21T08:04:20.401+00:00,2026-09-21T08:04:20.401+00:00,False,1,0.0,,0.0,300854.287647,300854.287647,300854.287647,300854.287647,300854.287647,300854.287647,nan,300854.287647,nan,nan,0.0,59,64,,True,False,"HTTPConnectionPool(host='gpu06', port=9004): Read timed out.",0,59.56268577710819
292,2026-09-21T07:59:20.129+00:00,2026-09-21T08:04:20.965+00:00,2026-09-21T08:04:21.362+00:00,False,6,5.0,,5.0,300835.877847,301232.71010300005,301232.710265,50205.45171083334,0.02478,300835.877847,122783.34446452779,225669.37882875,79.3664512,62.815741406186426,0.016598463023123743,59,64,,True,False,Request timeout: 300.0s exceeded,15,59.56268577710819
291,2026-09-21T07:59:19.990+00:00,2026-09-21T08:04:20.967+00:00,2026-09-21T08:04:21.359+00:00,True,5,5.0,,5.0,300977.09145,301369.03769,301369.037848,60273.8075696,44.591691,300977.09145,134557.23413841487,240815.4419408,97.98656,53.06410636524965,0.0165909545264673,59,64,,True,True,,24,59.56268577710819
294,2026-09-21T07:59:20.211+00:00,2026-09-21T08:04:21.210+00:00,2026-09-21T08:04:21.405+00:00,False,5,4.0,,4.0,300999.325655,301193.821399,301193.821399,60238.7642798,0.03971,300999.325655,134589.25024320127,240819.8795264,48.623936,41.761203301084066,0.013280484909752137,59,64,,True,False,Request timeout: 300.0s exceeded,11,59.56268577710819
293,2026-09-21T07:59:20.161+00:00,2026-09-21T08:04:21.312+00:00,2026-09-21T08:04:21.403+00:00,False,4,3.0,,3.0,301151.792242,301242.554994,301242.554884,75310.638721,0.03485,301151.792242,150560.77053034873,255985.83107035,30.254250666666668,26.170806122664644,0.009958752341812241,59,64,,True,False,Request timeout: 300.0s exceeded,6,59.56268577710819
299,2026-09-21T07:59:21.395+00:00,2026-09-21T08:04:21.525+00:00,2026-09-21T08:04:21.525+00:00,False,1,0.0,,0.0,300130.49436799996,300130.49436799996,300130.49436799996,300130.49436799996,300130.49436799996,300130.49436799996,nan,300130.49436799996,nan,nan,0.0,59,64,,True,False,"HTTPConnectionPool(host='gpu06', port=9004): Read timed out.",0,59.56268577710819
295,2026-09-21T07:59:20.316+00:00,2026-09-21T08:04:21.549+00:00,2026-09-21T08:04:21.549+00:00,False,1,0.0,,0.0,301233.398103,301233.398103,301233.398103,301233.398103,301233.398103,301233.398103,nan,301233.398103,nan,nan,0.0,59,64,,True,False,"HTTPConnectionPool(host='gpu06', port=9004): Read timed out.",0,59.56268577710819
300,2026-09-21T07:59:21.718+00:00,2026-09-21T08:04:21.897+00:00,2026-09-21T08:04:21.897+00:00,False,1,0.0,,0.0,300178.561497,300178.561497,300178.561497,300178.561497,300178.561497,300178.561497,nan,300178.561497,nan,nan,0.0,59,64,,True,False,"HTTPConnectionPool(host='gpu06', port=9004): Read timed out.",0,59.56268577710819
296,2026-09-21T07:59:20.613+00:00,2026-09-21T08:04:21.898+00:00,2026-09-21T08:04:21.898+00:00,False,1,0.0,,0.0,301284.922304,301284.922304,301284.922304,301284.922304,301284.922304,301284.922304,nan,301284.922304,nan,nan,0.0,59,64,,True,False,"HTTPConnectionPool(host='gpu06', port=9004): Read timed out.",0,59.56268577710819
297,2026-09-21T07:59:20.856+00:00,2026-09-21T08:04:23.303+00:00,2026-09-21T08:04:23.303+00:00,False,1,0.0,,0.0,302447.045163,302447.045163,302447.045163,302447.045163,302447.045163,302447.045163,nan,302447.045163,nan,nan,0.0,59,64,,True,False,"HTTPConnectionPool(host='gpu06', port=9004): Read timed out.",0,59.56268577710819
298,2026-09-21T07:59:21.147+00:00,2026-09-21T08:04:23.306+00:00,2026-09-21T08:04:23.306+00:00,False,1,0.0,,0.0,302158.392177,302158.392177,302158.392177,302158.392177,302158.392177,302158.392177,nan,302158.392177,nan,nan,0.0,59,64,,True,False,"HTTPConnectionPool(host='gpu06', port=9004): Read timed out.",0,59.56268577710819
305,2026-09-21T07:59:22.993+00:00,2026-09-21T08:04:23.309+00:00,2026-09-21T08:04:23.309+00:00,False,1,0.0,,0.0,300315.682935,300315.682935,300315.682935,300315.682935,300315.682935,300315.682935,nan,300315.682935,nan,nan,0.0,59,64,,True,False,"HTTPConnectionPool(host='gpu06', port=9004): Read timed out.",0,59.56268577710819
302,2026-09-21T07:59:22.228+00:00,2026-09-21T08:04:23.311+00:00,2026-09-21T08:04:23.311+00:00,False,1,0.0,,0.0,301083.41112199996,301083.41112199996,301083.41112199996,301083.41112199996,301083.41112199996,301083.41112199996,nan,301083.41112199996,nan,nan,0.0,59,64,,True,False,"HTTPConnectionPool(host='gpu06', port=9004): Read timed out.",0,59.56268577710819
304,2026-09-21T07:59:22.737+00:00,2026-09-21T08:04:23.320+00:00,2026-09-21T08:04:23.320+00:00,False,1,0.0,,0.0,300583.208707,300583.208707,300583.208707,300583.208707,300583.208707,300583.208707,nan,300583.208707,nan,nan,0.0,59,64,,True,False,"HTTPConnectionPool(host='gpu06', port=9004): Read timed out.",0,59.56268577710819
303,2026-09-21T07:59:22.478+00:00,2026-09-21T08:04:23.321+00:00,2026-09-21T08:04:23.321+00:00,False,1,0.0,,0.0,300843.12887,300843.12887,300843.12887,300843.12887,300843.12887,300843.12887,nan,300843.12887,nan,nan,0.0,59,64,,True,False,"HTTPConnectionPool(host='gpu06', port=9004): Read timed out.",0,59.56268577710819
301,2026-09-21T07:59:21.989+00:00,2026-09-21T08:04:23.322+00:00,2026-09-21T08:04:23.322+00:00,False,1,0.0,,0.0,301333.59261299996,301333.59261299996,301333.59261299996,301333.59261299996,301333.59261299996,301333.59261299996,nan,301333.59261299996,nan,nan,0.0,59,64,,True,False,"HTTPConnectionPool(host='gpu06', port=9004): Read timed out.",0,59.56268577710819
306,2026-09-21T07:59:23.245+00:00,2026-09-21T08:04:23.350+00:00,2026-09-21T08:04:23.350+00:00,False,1,0.0,,0.0,300104.909273,300104.909273,300104.909273,300104.909273,300104.909273,300104.909273,nan,300104.909273,nan,nan,0.0,59,64,,True,False,"HTTPConnectionPool(host='gpu06', port=9004): Read timed out.",0,59.56268577710819
307,2026-09-21T07:59:23.472+00:00,2026-09-21T08:04:23.577+00:00,2026-09-21T08:04:23.577+00:00,False,1,0.0,,0.0,300105.099469,300105.099469,300105.099469,300105.099469,300105.099469,300105.099469,nan,300105.099469,nan,nan,0.0,59,64,,True,False,"HTTPConnectionPool(host='gpu06', port=9004): Read timed out.",0,59.56268577710819
308,2026-09-21T07:59:23.720+00:00,2026-09-21T08:04:23.782+00:00,2026-09-21T08:04:23.782+00:00,False,1,0.0,,0.0,300062.675301,300062.675301,300062.675301,300062.675301,300062.675301,300062.675301,nan,300062.675301,nan,nan,0.0,59,64,,True,False,"HTTPConnectionPool(host='gpu06', port=9004): Read timed out.",0,59.56268577710819
309,2026-09-21T07:59:24.013+00:00,2026-09-21T08:04:24.124+00:00,2026-09-21T08:04:24.124+00:00,False,1,0.0,,0.0,300110.310912,300110.310912,300110.310912,300110.310912,300110.310912,300110.310912,nan,300110.310912,nan,nan,0.0,59,64,,True,False,"HTTPConnectionPool(host='gpu06', port=9004): Read timed out.",0,59.56268577710819
310,2026-09-21T07:59:24.338+00:00,2026-09-21T08:04:24.450+00:00,2026-09-21T08:04:24.450+00:00,False,1,0.0,,0.0,300112.1015,300112.1015,300112.1015,300112.1015,300112.1015,300112.1015,nan,300112.1015,nan,nan,0.0,59,64,,True,False,"HTTPConnectionPool(host='gpu06', port=9004): Read timed out.",0,59.56268577710819
311,2026-09-21T07:59:24.614+00:00,2026-09-21T08:04:24.628+00:00,2026-09-21T08:04:24.628+00:00,False,1,0.0,,0.0,300013.82874900004,300013.82874900004,300013.82874900004,300013.82874900004,300013.82874900004,300013.82874900004,nan,300013.82874900004,nan,nan,0.0,59,64,,True,False,"HTTPConnectionPool(host='gpu06', port=9004): Read timed out.",0,59.56268577710819
312,2026-09-21T07:59:24.805+00:00,2026-09-21T08:04:24.918+00:00,2026-09-21T08:04:24.918+00:00,False,1,0.0,,0.0,300113.27935799997,300113.27935799997,300113.27935799997,300113.27935799997,300113.27935799997,300113.27935799997,nan,300113.27935799997,nan,nan,0.0,59,64,,True,False,"HTTPConnectionPool(host='gpu06', port=9004): Read timed out.",0,59.56268577710819
313,2026-09-21T07:59:25.033+00:00,2026-09-21T08:04:25.135+00:00,2026-09-21T08:04:25.135+00:00,False,1,0.0,,0.0,300101.797483,300101.797483,300101.797483,300101.797483,300101.797483,300101.797483,nan,300101.797483,nan,nan,0.0,59,64,,True,False,TTFT timeout: 300.0s exceeded (TTFT: 300.096s),0,59.56268577710819
314,2026-09-21T07:59:25.255+00:00,2026-09-21T08:04:25.327+00:00,2026-09-21T08:04:25.327+00:00,False,1,0.0,,0.0,300072.127238,300072.127238,300072.127238,300072.127238,300072.127238,300072.127238,nan,300072.127238,nan,nan,0.0,59,64,,True,False,TTFT timeout: 300.0s exceeded (TTFT: 300.068s),0,59.56268577710819
315,2026-09-21T07:59:25.541+00:00,2026-09-21T08:04:25.529+00:00,2026-09-21T08:04:25.640+00:00,False,3,2.0,,2.0,299987.832006,300099.351494,300099.351479,100033.11715966665,0.0293,299987.832006,173165.8716313362,270000.1978227,55.759744,78.81455175197556,0.006664459586611225,59,64,,True,False,Request timeout: 300.0s exceeded,14,59.56268577710819
316,2026-09-21T07:59:25.809+00:00,2026-09-21T08:04:25.917+00:00,2026-09-21T08:04:25.917+00:00,False,1,0.0,,0.0,300107.70721100003,300107.70721100003,300107.70721100003,300107.70721100003,300107.70721100003,300107.70721100003,nan,300107.70721100003,nan,nan,0.0,59,64,,True,False,TTFT timeout: 300.0s exceeded (TTFT: 300.099s),0,59.56268577710819
317,2026-09-21T07:59:26.121+00:00,2026-09-21T08:04:26.238+00:00,2026-09-21T08:04:26.238+00:00,False,1,0.0,,0.0,300116.734,300116.734,300116.734,300116.734,300116.734,300116.734,nan,300116.734,nan,nan,0.0,59,64,,True,False,"HTTPConnectionPool(host='gpu06', port=9004): Read timed out.",0,59.56268577710819
318,2026-09-21T07:59:26.419+00:00,2026-09-21T08:04:26.523+00:00,2026-09-21T08:04:26.523+00:00,False,1,0.0,,0.0,300104.19934,300104.19934,300104.19934,300104.19934,300104.19934,300104.19934,nan,300104.19934,nan,nan,0.0,59,64,,True,False,"HTTPConnectionPool(host='gpu06', port=9004): Read timed out.",0,59.56268577710819
319,2026-09-21T07:59:26.750+00:00,2026-09-21T08:04:26.835+00:00,2026-09-21T08:04:26.835+00:00,False,1,0.0,,0.0,300085.762958,300085.762958,300085.762958,300085.762958,300085.762958,300085.762958,nan,300085.762958,nan,nan,0.0,59,64,,True,False,"HTTPConnectionPool(host='gpu06', port=9004): Read timed out.",0,59.56268577710819
320,2026-09-21T07:59:27.028+00:00,2026-09-21T08:04:27.085+00:00,2026-09-21T08:04:27.085+00:00,False,1,0.0,,0.0,300056.619809,300056.619809,300056.619809,300056.619809,300056.619809,300056.619809,nan,300056.619809,nan,nan,0.0,59,64,,True,False,TTFT timeout: 300.0s exceeded (TTFT: 300.049s),0,59.56268577710819
321,2026-09-21T07:59:27.267+00:00,2026-09-21T08:04:27.288+00:00,2026-09-21T08:04:27.288+00:00,False,1,0.0,,0.0,300020.199782,300020.199782,300020.199782,300020.199782,300020.199782,300020.199782,nan,300020.199782,nan,nan,0.0,59,64,,True,False,TTFT timeout: 300.0s exceeded (TTFT: 300.007s),0,59.56268577710819
322,2026-09-21T07:59:27.457+00:00,2026-09-21T08:04:27.516+00:00,2026-09-21T08:04:27.516+00:00,False,1,0.0,,0.0,300058.91608999996,300058.91608999996,300058.91608999996,300058.91608999996,300058.91608999996,300058.91608999996,nan,300058.91608999996,nan,nan,0.0,59,64,,True,False,TTFT timeout: 300.0s exceeded (TTFT: 300.039s),0,59.56268577710819
323,2026-09-21T07:59:27.752+00:00,2026-09-21T08:04:27.764+00:00,2026-09-21T08:04:27.764+00:00,False,1,0.0,,0.0,300012.228949,300012.228949,300012.228949,300012.228949,300012.228949,300012.228949,nan,300012.228949,nan,nan,0.0,59,64,,True,False,TTFT timeout: 300.0s exceeded (TTFT: 300.005s),0,59.56268577710819
324,2026-09-21T07:59:28.070+00:00,2026-09-21T08:04:28.120+00:00,2026-09-21T08:04:28.120+00:00,False,1,0.0,,0.0,300050.132278,300050.132278,300050.132278,300050.132278,300050.132278,300050.132278,nan,300050.132278,nan,nan,0.0,59,64,,True,False,"HTTPConnectionPool(host='gpu06', port=9004): Read timed out.",0,59.56268577710819
325,2026-09-21T07:59:28.394+00:00,2026-09-21T08:04:28.496+00:00,2026-09-21T08:04:28.496+00:00,False,1,0.0,,0.0,300102.81213800004,300102.81213800004,300102.81213800004,300102.81213800004,300102.81213800004,300102.81213800004,nan,300102.81213800004,nan,nan,0.0,59,64,,True,False,"HTTPConnectionPool(host='gpu06', port=9004): Read timed out.",0,59.56268577710819
326,2026-09-21T07:59:28.614+00:00,2026-09-21T08:04:28.717+00:00,2026-09-21T08:04:28.717+00:00,False,1,0.0,,0.0,300103.394263,300103.394263,300103.394263,300103.394263,300103.394263,300103.394263,nan,300103.394263,nan,nan,0.0,59,64,,True,False,"HTTPConnectionPool(host='gpu06', port=9004): Read timed out.",0,59.56268577710819
327,2026-09-21T07:59:28.867+00:00,2026-09-21T08:04:28.968+00:00,2026-09-21T08:04:28.968+00:00,False,1,0.0,,0.0,300100.900196,300100.900196,300100.900196,300100.900196,300100.900196,300100.900196,nan,300100.900196,nan,nan,0.0,59,64,,True,False,"HTTPConnectionPool(host='gpu06', port=9004): Read timed out.",0,59.56268577710819
328,2026-09-21T07:59:29.101+00:00,2026-09-21T08:04:29.208+00:00,2026-09-21T08:04:29.208+00:00,False,1,0.0,,0.0,300107.28838,300107.28838,300107.28838,300107.28838,300107.28838,300107.28838,nan,300107.28838,nan,nan,0.0,59,64,,True,False,"HTTPConnectionPool(host='gpu06', port=9004): Read timed out.",0,59.56268577710819
329,2026-09-21T07:59:29.324+00:00,2026-09-21T08:04:29.447+00:00,2026-09-21T08:04:29.447+00:00,False,1,0.0,,0.0,300122.772216,300122.772216,300122.772216,300122.772216,300122.772216,300122.772216,nan,300122.772216,nan,nan,0.0,59,64,,True,False,"HTTPConnectionPool(host='gpu06', port=9004): Read timed out.",0,59.56268577710819
330,2026-09-21T07:59:29.533+00:00,2026-09-21T08:04:29.606+00:00,2026-09-21T08:04:29.606+00:00,False,1,0.0,,0.0,300072.146301,300072.146301,300072.146301,300072.146301,300072.146301,300072.146301,nan,300072.146301,nan,nan,0.0,59,64,,True,False,TTFT timeout: 300.0s exceeded (TTFT: 300.045s),0,59.56268577710819
331,2026-09-21T07:59:29.819+00:00,2026-09-21T08:04:29.752+00:00,2026-09-21T08:04:29.825+00:00,False,3,2.0,,2.0,299933.45289899997,300006.451555,300006.45165999996,100002.15055333333,0.02844,299933.45289899997,173145.5906841271,269947.4046412,36.499328,51.577658382515665,0.006666523301860865,59,64,,True,False,Request timeout: 300.0s exceeded,2,59.56268577710819
332,2026-09-21T07:59:30.100+00:00,2026-09-21T08:04:30.215+00:00,2026-09-21T08:04:30.215+00:00,False,1,0.0,,0.0,300115.240884,300115.240884,300115.240884,300115.240884,300115.240884,300115.240884,nan,300115.240884,nan,nan,0.0,59,64,,True,False,"HTTPConnectionPool(host='gpu06', port=9004): Read timed out.",0,59.56268577710819
333,2026-09-21T07:59:30.320+00:00,2026-09-21T08:04:30.417+00:00,2026-09-21T08:04:30.417+00:00,False,1,0.0,,0.0,300096.790229,300096.790229,300096.790229,300096.790229,300096.790229,300096.790229,nan,300096.790229,nan,nan,0.0,59,64,,True,False,"HTTPConnectionPool(host='gpu06', port=9004): Read timed out.",0,59.56268577710819
334,2026-09-21T07:59:30.528+00:00,2026-09-21T08:04:30.636+00:00,2026-09-21T08:04:30.636+00:00,False,1,0.0,,0.0,300108.38422500005,300108.38422500005,300108.38422500005,300108.38422500005,300108.38422500005,300108.38422500005,nan,300108.38422500005,nan,nan,0.0,59,64,,True,False,"HTTPConnectionPool(host='gpu06', port=9004): Read timed out.",0,59.56268577710819
335,2026-09-21T07:59:30.819+00:00,2026-09-21T08:04:30.925+00:00,2026-09-21T08:04:30.925+00:00,False,1,0.0,,0.0,300105.688675,300105.688675,300105.688675,300105.688675,300105.688675,300105.688675,nan,300105.688675,nan,nan,0.0,59,64,,True,False,"HTTPConnectionPool(host='gpu06', port=9004): Read timed out.",0,59.56268577710819
336,2026-09-21T07:59:31.126+00:00,2026-09-21T08:04:31.237+00:00,2026-09-21T08:04:31.237+00:00,False,1,0.0,,0.0,300110.526955,300110.526955,300110.526955,300110.526955,300110.526955,300110.526955,nan,300110.526955,nan,nan,0.0,59,64,,True,False,TTFT timeout: 300.0s exceeded (TTFT: 300.078s),0,59.56268577710819
337,2026-09-21T07:59:31.319+00:00,2026-09-21T08:04:31.426+00:00,2026-09-21T08:04:31.426+00:00,False,1,0.0,,0.0,300107.614692,300107.614692,300107.614692,300107.614692,300107.614692,300107.614692,nan,300107.614692,nan,nan,0.0,59,64,,True,False,"HTTPConnectionPool(host='gpu06', port=9004): Read timed out.",0,59.56268577710819
338,2026-09-21T07:59:31.527+00:00,2026-09-21T08:04:31.691+00:00,2026-09-21T08:04:31.942+00:00,True,3,3.0,,3.0,300163.669459,300414.073043,300414.073015,100138.02433833333,69.30359200000001,300163.669459,173227.29910167554,270165.4125095,125.201792,79.05204912078624,0.009986216589695491,59,64,,True,True,,12,59.56268577710819
339,2026-09-21T07:59:31.763+00:00,2026-09-21T08:04:31.878+00:00,2026-09-21T08:04:32.915+00:00,False,20,19.0,,19.0,300114.702912,301151.762752,301151.762964,15057.5881482,0.03133,300114.702912,67095.48468862267,15079.47281655,54.582096842105265,16.59042587808526,0.06309111335219576,59,64,,True,False,Request timeout: 300.0s exceeded,96,59.56268577710819
340,2026-09-21T07:59:32.019+00:00,2026-09-21T08:04:32.070+00:00,2026-09-21T08:04:32.959+00:00,False,18,17.0,,17.0,300051.258634,300939.852298,300939.852243,16718.88068016667,0.02034,300051.258634,70710.44153670763,45073.65733845,52.270215529411765,16.669789000322343,0.05648969343935901,59,64,,True,False,Request timeout: 300.0s exceeded,72,59.56268577710819
343,2026-09-21T07:59:32.951+00:00,2026-09-21T08:04:33.102+00:00,2026-09-21T08:04:33.102+00:00,False,1,0.0,,0.0,300151.20311400003,300151.20311400003,300151.20311400003,300151.20311400003,300151.20311400003,300151.20311400003,nan,300151.20311400003,nan,nan,0.0,59,64,,True,False,"HTTPConnectionPool(host='gpu06', port=9004): Read timed out.",0,59.56268577710819
344,2026-09-21T07:59:33.235+00:00,2026-09-21T08:04:33.262+00:00,2026-09-21T08:04:33.262+00:00,False,1,0.0,,0.0,300026.847612,300026.847612,300026.847612,300026.847612,300026.847612,300026.847612,nan,300026.847612,nan,nan,0.0,59,64,,True,False,"HTTPConnectionPool(host='gpu06', port=9004): Read timed out.",0,59.56268577710819
341,2026-09-21T07:59:32.306+00:00,2026-09-21T08:04:33.431+00:00,2026-09-21T08:04:33.431+00:00,False,1,0.0,,0.0,301124.751957,301124.751957,301124.751957,301124.751957,301124.751957,301124.751957,nan,301124.751957,nan,nan,0.0,59,64,,True,False,"HTTPConnectionPool(host='gpu06', port=9004): Read timed out.",0,59.56268577710819
345,2026-09-21T07:59:33.524+00:00,2026-09-21T08:04:33.619+00:00,2026-09-21T08:04:33.619+00:00,False,1,0.0,,0.0,300094.91702399997,300094.91702399997,300094.91702399997,300094.91702399997,300094.91702399997,300094.91702399997,nan,300094.91702399997,nan,nan,0.0,59,64,,True,False,"HTTPConnectionPool(host='gpu06', port=9004): Read timed out.",0,59.56268577710819
342,2026-09-21T07:59:32.646+00:00,2026-09-21T08:04:33.916+00:00,2026-09-21T08:04:35.053+00:00,False,18,17.0,,17.0,301269.75066799996,302407.31098799995,302407.31097199995,16800.406165111108,0.033100000000000004,301269.75066799996,70994.2024195548,45379.36830444999,66.91531294117648,44.77449843405721,0.05621557211847497,59,64,,True,False,Request timeout: 300.0s exceeded,136,59.56268577710819
348,2026-09-21T07:59:35.163+00:00,2026-09-21T08:04:35.366+00:00,2026-09-21T08:04:35.366+00:00,False,1,0.0,,0.0,300202.528436,300202.528436,300202.528436,300202.528436,300202.528436,300202.528436,nan,300202.528436,nan,nan,0.0,59,64,,True,False,"HTTPConnectionPool(host='gpu06', port=9004): Read timed out.",0,59.56268577710819
347,2026-09-21T07:59:35.158+00:00,2026-09-21T08:04:35.547+00:00,2026-09-21T08:04:35.547+00:00,False,1,0.0,,0.0,300388.789101,300388.789101,300388.789101,300388.789101,300388.789101,300388.789101,nan,300388.789101,nan,nan,0.0,59,64,,True,False,"HTTPConnectionPool(host='gpu06', port=9004): Read timed out.",0,59.56268577710819
346,2026-09-21T07:59:35.124+00:00,2026-09-21T08:04:35.589+00:00,2026-09-21T08:04:35.589+00:00,False,1,0.0,,0.0,300464.409255,300464.409255,300464.409255,300464.409255,300464.409255,300464.409255,nan,300464.409255,nan,nan,0.0,59,64,,True,False,"HTTPConnectionPool(host='gpu06', port=9004): Read timed out.",0,59.56268577710819
349,2026-09-21T07:59:35.285+00:00,2026-09-21T08:04:35.761+00:00,2026-09-21T08:04:35.761+00:00,False,1,0.0,,0.0,300476.651373,300476.651373,300476.651373,300476.651373,300476.651373,300476.651373,nan,300476.651373,nan,nan,0.0,59,64,,True,False,"HTTPConnectionPool(host='gpu06', port=9004): Read timed out.",0,59.56268577710819
350,2026-09-21T07:59:35.592+00:00,2026-09-21T08:04:36.110+00:00,2026-09-21T08:04:36.110+00:00,False,1,0.0,,0.0,300517.615877,300517.615877,300517.615877,300517.615877,300517.615877,300517.615877,nan,300517.615877,nan,nan,0.0,59,64,,True,False,"HTTPConnectionPool(host='gpu06', port=9004): Read timed out.",0,59.56268577710819
352,2026-09-21T07:59:35.700+00:00,2026-09-21T08:04:36.119+00:00,2026-09-21T08:04:36.119+00:00,False,1,0.0,,0.0,300419.424978,300419.424978,300419.424978,300419.424978,300419.424978,300419.424978,nan,300419.424978,nan,nan,0.0,59,64,,True,False,"HTTPConnectionPool(host='gpu06', port=9004): Read timed out.",0,59.56268577710819
353,2026-09-21T07:59:35.862+00:00,2026-09-21T08:04:36.133+00:00,2026-09-21T08:04:36.133+00:00,False,1,0.0,,0.0,300271.529483,300271.529483,300271.529483,300271.529483,300271.529483,300271.529483,nan,300271.529483,nan,nan,0.0,59,64,,True,False,"HTTPConnectionPool(host='gpu06', port=9004): Read timed out.",0,59.56268577710819
351,2026-09-21T07:59:35.663+00:00,2026-09-21T08:04:36.202+00:00,2026-09-21T08:04:36.202+00:00,False,1,0.0,,0.0,300539.260166,300539.260166,300539.260166,300539.260166,300539.260166,300539.260166,nan,300539.260166,nan,nan,0.0,59,64,,True,False,"HTTPConnectionPool(host='gpu06', port=9004): Read timed out.",0,59.56268577710819
354,2026-09-21T07:59:36.059+00:00,2026-09-21T08:04:36.222+00:00,2026-09-21T08:04:36.222+00:00,False,1,0.0,,0.0,300163.6058,300163.6058,300163.6058,300163.6058,300163.6058,300163.6058,nan,300163.6058,nan,nan,0.0,59,64,,True,False,"HTTPConnectionPool(host='gpu06', port=9004): Read timed out.",0,59.56268577710819
355,2026-09-21T07:59:36.339+00:00,2026-09-21T08:04:36.432+00:00,2026-09-21T08:04:36.432+00:00,False,1,0.0,,0.0,300093.74117299996,300093.74117299996,300093.74117299996,300093.74117299996,300093.74117299996,300093.74117299996,nan,300093.74117299996,nan,nan,0.0,59,64,,True,False,"HTTPConnectionPool(host='gpu06', port=9004): Read timed out.",0,59.56268577710819
356,2026-09-21T07:59:36.621+00:00,2026-09-21T08:04:36.725+00:00,2026-09-21T08:04:36.725+00:00,False,1,0.0,,0.0,300103.9682,300103.9682,300103.9682,300103.9682,300103.9682,300103.9682,nan,300103.9682,nan,nan,0.0,59,64,,True,False,"HTTPConnectionPool(host='gpu06', port=9004): Read timed out.",0,59.56268577710819
357,2026-09-21T07:59:36.882+00:00,2026-09-21T08:04:36.983+00:00,2026-09-21T08:04:36.983+00:00,False,1,0.0,,0.0,300101.313541,300101.313541,300101.313541,300101.313541,300101.313541,300101.313541,nan,300101.313541,nan,nan,0.0,59,64,,True,False,"HTTPConnectionPool(host='gpu06', port=9004): Read timed out.",0,59.56268577710819
358,2026-09-21T07:59:37.194+00:00,2026-09-21T08:04:37.296+00:00,2026-09-21T08:04:37.296+00:00,False,1,0.0,,0.0,300101.786694,300101.786694,300101.786694,300101.786694,300101.786694,300101.786694,nan,300101.786694,nan,nan,0.0,59,64,,True,False,"HTTPConnectionPool(host='gpu06', port=9004): Read timed out.",0,59.56268577710819
359,2026-09-21T07:59:37.424+00:00,2026-09-21T08:04:37.513+00:00,2026-09-21T08:04:37.513+00:00,False,1,0.0,,0.0,300089.584621,300089.584621,300089.584621,300089.584621,300089.584621,300089.584621,nan,300089.584621,nan,nan,0.0,59,64,,True,False,"HTTPConnectionPool(host='gpu06', port=9004): Read timed out.",0,59.56268577710819
360,2026-09-21T07:59:37.710+00:00,2026-09-21T08:04:37.736+00:00,2026-09-21T08:04:37.736+00:00,False,1,0.0,,0.0,300025.916592,300025.916592,300025.916592,300025.916592,300025.916592,300025.916592,nan,300025.916592,nan,nan,0.0,59,64,,True,False,"HTTPConnectionPool(host='gpu06', port=9004): Read timed out.",0,59.56268577710819
361,2026-09-21T07:59:37.910+00:00,2026-09-21T08:04:37.911+00:00,2026-09-21T08:04:38.081+00:00,False,3,2.0,,2.0,300000.613653,300170.762261,300170.762213,100056.92073766666,0.03175,300000.613653,173156.33827468674,270017.5639687,85.074304,120.26834173092767,0.006662874108508242,59,64,,True,False,Request timeout: 300.0s exceeded,2,59.56268577710819
362,2026-09-21T07:59:38.232+00:00,2026-09-21T08:04:38.254+00:00,2026-09-21T08:04:38.298+00:00,False,3,2.0,,2.0,300021.774384,300066.144816,300066.144732,100022.04824399999,0.02963,300021.774384,173204.84500418682,270024.0310174,22.185216,31.332636865428356,0.006665197105879426,59,64,,True,False,Request timeout: 300.0s exceeded,8,59.56268577710819
363,2026-09-21T07:59:38.515+00:00,2026-09-21T08:04:38.619+00:00,2026-09-21T08:04:38.619+00:00,False,1,0.0,,0.0,300104.299447,300104.299447,300104.299447,300104.299447,300104.299447,300104.299447,nan,300104.299447,nan,nan,0.0,59,64,,True,False,"HTTPConnectionPool(host='gpu06', port=9004): Read timed out.",0,59.56268577710819
364,2026-09-21T07:59:38.714+00:00,2026-09-21T08:04:38.827+00:00,2026-09-21T08:04:38.827+00:00,False,1,0.0,,0.0,300112.562407,300112.562407,300112.562407,300112.562407,300112.562407,300112.562407,nan,300112.562407,nan,nan,0.0,59,64,,True,False,"HTTPConnectionPool(host='gpu06', port=9004): Read timed out.",0,59.56268577710819
365,2026-09-21T07:59:39.012+00:00,2026-09-21T08:04:39.100+00:00,2026-09-21T08:04:39.100+00:00,False,1,0.0,,0.0,300087.483585,300087.483585,300087.483585,300087.483585,300087.483585,300087.483585,nan,300087.483585,nan,nan,0.0,59,64,,True,False,"HTTPConnectionPool(host='gpu06', port=9004): Read timed out.",0,59.56268577710819
366,2026-09-21T07:59:39.315+00:00,2026-09-21T08:04:39.399+00:00,2026-09-21T08:04:39.399+00:00,False,1,0.0,,0.0,300083.265969,300083.265969,300083.265969,300083.265969,300083.265969,300083.265969,nan,300083.265969,nan,nan,0.0,59,64,,True,False,"HTTPConnectionPool(host='gpu06', port=9004): Read timed out.",0,59.56268577710819
367,2026-09-21T07:59:39.546+00:00,2026-09-21T08:04:39.636+00:00,2026-09-21T08:04:39.636+00:00,False,1,0.0,,0.0,300089.61760500004,300089.61760500004,300089.61760500004,300089.61760500004,300089.61760500004,300089.61760500004,nan,300089.61760500004,nan,nan,0.0,59,64,,True,False,"HTTPConnectionPool(host='gpu06', port=9004): Read timed out.",0,59.56268577710819
368,2026-09-21T07:59:39.842+00:00,2026-09-21T08:04:39.961+00:00,2026-09-21T08:04:39.961+00:00,False,1,0.0,,0.0,300119.113709,300119.113709,300119.113709,300119.113709,300119.113709,300119.113709,nan,300119.113709,nan,nan,0.0,59,64,,True,False,"HTTPConnectionPool(host='gpu06', port=9004): Read timed out.",0,59.56268577710819
369,2026-09-21T07:59:40.129+00:00,2026-09-21T08:04:40.156+00:00,2026-09-21T08:04:40.156+00:00,False,1,0.0,,0.0,300026.60683099995,300026.60683099995,300026.60683099995,300026.60683099995,300026.60683099995,300026.60683099995,nan,300026.60683099995,nan,nan,0.0,59,64,,True,False,TTFT timeout: 300.0s exceeded (TTFT: 300.020s),0,59.56268577710819
370,2026-09-21T07:59:40.462+00:00,2026-09-21T08:04:40.460+00:00,2026-09-21T08:04:40.514+00:00,False,3,2.0,,2.0,299997.539724,300051.49479599996,300051.49484999996,100017.16494999999,0.036539999999999996,299997.539724,173188.08690808047,270003.17761019996,26.977536,38.10058779918903,0.006665522534256218,59,64,,True,False,Request timeout: 300.0s exceeded,8,59.56268577710819
371,2026-09-21T07:59:40.672+00:00,2026-09-21T08:04:40.768+00:00,2026-09-21T08:04:40.768+00:00,False,1,0.0,,0.0,300096.454277,300096.454277,300096.454277,300096.454277,300096.454277,300096.454277,nan,300096.454277,nan,nan,0.0,59,64,,True,False,TTFT timeout: 300.0s exceeded (TTFT: 300.053s),0,59.56268577710819
372,2026-09-21T07:59:40.882+00:00,2026-09-21T08:04:40.991+00:00,2026-09-21T08:04:40.991+00:00,False,1,0.0,,0.0,300109.124794,300109.124794,300109.124794,300109.124794,300109.124794,300109.124794,nan,300109.124794,nan,nan,0.0,59,64,,True,False,"HTTPConnectionPool(host='gpu06', port=9004): Read timed out.",0,59.56268577710819
373,2026-09-21T07:59:41.146+00:00,2026-09-21T08:04:41.219+00:00,2026-09-21T08:04:41.219+00:00,False,1,0.0,,0.0,300073.636587,300073.636587,300073.636587,300073.636587,300073.636587,300073.636587,nan,300073.636587,nan,nan,0.0,59,64,,True,False,"HTTPConnectionPool(host='gpu06', port=9004): Read timed out.",0,59.56268577710819
374,2026-09-21T07:59:41.434+00:00,2026-09-21T08:04:41.533+00:00,2026-09-21T08:04:41.533+00:00,False,1,0.0,,0.0,300099.398263,300099.398263,300099.398263,300099.398263,300099.398263,300099.398263,nan,300099.398263,nan,nan,0.0,59,64,,True,False,"HTTPConnectionPool(host='gpu06', port=9004): Read timed out.",0,59.56268577710819
375,2026-09-21T07:59:41.718+00:00,2026-09-21T08:04:41.811+00:00,2026-09-21T08:04:41.811+00:00,False,1,0.0,,0.0,300093.851051,300093.851051,300093.851051,300093.851051,300093.851051,300093.851051,nan,300093.851051,nan,nan,0.0,59,64,,True,False,"HTTPConnectionPool(host='gpu06', port=9004): Read timed out.",0,59.56268577710819
376,2026-09-21T07:59:41.922+00:00,2026-09-21T08:04:42.004+00:00,2026-09-21T08:04:42.004+00:00,False,1,0.0,,0.0,300081.817791,300081.817791,300081.817791,300081.817791,300081.817791,300081.817791,nan,300081.817791,nan,nan,0.0,59,64,,True,False,TTFT timeout: 300.0s exceeded (TTFT: 300.072s),0,59.56268577710819
377,2026-09-21T07:59:42.143+00:00,2026-09-21T08:04:42.193+00:00,2026-09-21T08:04:42.193+00:00,False,1,0.0,,0.0,300050.57365,300050.57365,300050.57365,300050.57365,300050.57365,300050.57365,nan,300050.57365,nan,nan,0.0,59,64,,True,False,TTFT timeout: 300.0s exceeded (TTFT: 300.046s),0,59.56268577710819
378,2026-09-21T07:59:42.346+00:00,2026-09-21T08:04:42.414+00:00,2026-09-21T08:04:42.414+00:00,False,1,0.0,,0.0,300067.33505800006,300067.33505800006,300067.33505800006,300067.33505800006,300067.33505800006,300067.33505800006,nan,300067.33505800006,nan,nan,0.0,59,64,,True,False,"HTTPConnectionPool(host='gpu06', port=9004): Read timed out.",0,59.56268577710819
379,2026-09-21T07:59:42.591+00:00,2026-09-21T08:04:42.601+00:00,2026-09-21T08:04:42.769+00:00,False,3,2.0,,2.0,300010.199626,300177.796938,300177.79692500003,100059.26564166667,0.03146,300010.199626,173162.60860199426,270025.9362473,83.798656,118.46466506718554,0.006662717963824247,59,64,,True,False,Request timeout: 300.0s exceeded,6,59.56268577710819
380,2026-09-21T07:59:42.891+00:00,2026-09-21T08:04:42.968+00:00,2026-09-21T08:04:42.968+00:00,False,1,0.0,,0.0,300077.030956,300077.030956,300077.030956,300077.030956,300077.030956,300077.030956,nan,300077.030956,nan,nan,0.0,59,64,,True,False,"HTTPConnectionPool(host='gpu06', port=9004): Read timed out.",0,59.56268577710819
381,2026-09-21T07:59:43.145+00:00,2026-09-21T08:04:43.228+00:00,2026-09-21T08:04:43.228+00:00,False,1,0.0,,0.0,300082.816998,300082.816998,300082.816998,300082.816998,300082.816998,300082.816998,nan,300082.816998,nan,nan,0.0,59,64,,True,False,"HTTPConnectionPool(host='gpu06', port=9004): Read timed out.",0,59.56268577710819
382,2026-09-21T07:59:43.388+00:00,2026-09-21T08:04:43.505+00:00,2026-09-21T08:04:43.505+00:00,False,1,0.0,,0.0,300116.87504,300116.87504,300116.87504,300116.87504,300116.87504,300116.87504,nan,300116.87504,nan,nan,0.0,59,64,,True,False,"HTTPConnectionPool(host='gpu06', port=9004): Read timed out.",0,59.56268577710819
383,2026-09-21T07:59:43.625+00:00,2026-09-21T08:04:43.722+00:00,2026-09-21T08:04:43.722+00:00,False,1,0.0,,0.0,300096.676646,300096.676646,300096.676646,300096.676646,300096.676646,300096.676646,nan,300096.676646,nan,nan,0.0,59,64,,True,False,"HTTPConnectionPool(host='gpu06', port=9004): Read timed out.",0,59.56268577710819
384,2026-09-21T07:59:43.873+00:00,2026-09-21T08:04:43.980+00:00,2026-09-21T08:04:43.980+00:00,False,1,0.0,,0.0,300106.985958,300106.985958,300106.985958,300106.985958,300106.985958,300106.985958,nan,300106.985958,nan,nan,0.0,59,64,,True,False,"HTTPConnectionPool(host='gpu06', port=9004): Read timed out.",0,59.56268577710819
385,2026-09-21T07:59:44.114+00:00,2026-09-21T08:04:44.234+00:00,2026-09-21T08:04:44.234+00:00,False,1,0.0,,0.0,300120.260382,300120.260382,300120.260382,300120.260382,300120.260382,300120.260382,nan,300120.260382,nan,nan,0.0,59,64,,True,False,"HTTPConnectionPool(host='gpu06', port=9004): Read timed out.",0,59.56268577710819
386,2026-09-21T07:59:44.336+00:00,2026-09-21T08:04:44.408+00:00,2026-09-21T08:04:44.408+00:00,False,1,0.0,,0.0,300072.029211,300072.029211,300072.029211,300072.029211,300072.029211,300072.029211,nan,300072.029211,nan,nan,0.0,59,64,,True,False,TTFT timeout: 300.0s exceeded (TTFT: 300.065s),0,59.56268577710819
387,2026-09-21T07:59:44.662+00:00,2026-09-21T08:04:44.635+00:00,2026-09-21T08:04:44.750+00:00,False,3,2.0,,2.0,299973.72642900003,300088.211421,300088.211192,100029.40373066667,0.032990000000000005,299973.72642900003,173156.8722499512,269987.79896340007,57.242496,80.90641119860383,0.00666470698908648,59,64,,True,False,Request timeout: 300.0s exceeded,2,59.56268577710819
388,2026-09-21T07:59:44.853+00:00,2026-09-21T08:04:44.751+00:00,2026-09-21T08:04:44.920+00:00,False,3,2.0,,2.0,299897.296435,300067.08894700004,300067.08872500004,100022.36290833334,0.02237,299897.296435,173096.7908217098,269924.54378350003,84.896256,120.02957722676511,0.00666517613450522,59,64,,True,False,Request timeout: 300.0s exceeded,9,59.56268577710819
389,2026-09-21T07:59:45.156+00:00,2026-09-21T08:04:45.257+00:00,2026-09-21T08:04:45.257+00:00,False,1,0.0,,0.0,300101.23499699996,300101.23499699996,300101.23499699996,300101.23499699996,300101.23499699996,300101.23499699996,nan,300101.23499699996,nan,nan,0.0,59,64,,True,False,"HTTPConnectionPool(host='gpu06', port=9004): Read timed out.",0,59.56268577710819
390,2026-09-21T07:59:45.452+00:00,2026-09-21T08:04:45.882+00:00,2026-09-21T08:04:47.029+00:00,False,19,18.0,,18.0,300430.074083,301576.933603,301576.93358300003,15872.470188578947,0.02653,300430.074083,68908.77617790595,30195.718589300002,63.714417777777776,32.738685154642525,0.059686262423821336,59,64,,True,False,Request timeout: 300.0s exceeded,162,59.56268577710819
391,2026-09-21T07:59:45.688+00:00,2026-09-21T08:04:46.198+00:00,2026-09-21T08:04:46.516+00:00,True,6,6.0,,6.0,300510.477114,300828.281402,300828.28125400003,50138.04687566667,43.189697,300510.477114,122656.94056210968,225403.11032925002,63.5608576,13.712588793452415,0.019944933275678745,59,64,,True,True,,17,59.56268577710819
392,2026-09-21T07:59:45.991+00:00,2026-09-21T08:04:46.744+00:00,2026-09-21T08:04:47.189+00:00,False,10,9.0,,9.0,300752.25954299996,301197.51599099993,301197.51591599995,30119.751591599997,0.0286,300752.25954299996,95090.57217291265,165441.63266234996,49.472938666666664,19.224259468577717,0.029880724515234477,59,64,,True,False,Request timeout: 300.0s exceeded,95,59.56268577710819
397,2026-09-21T07:59:47.191+00:00,2026-09-21T08:04:47.330+00:00,2026-09-21T08:04:47.330+00:00,False,1,0.0,,0.0,300139.183432,300139.183432,300139.183432,300139.183432,300139.183432,300139.183432,nan,300139.183432,nan,nan,0.0,59,64,,True,False,"HTTPConnectionPool(host='gpu06', port=9004): Read timed out.",0,59.56268577710819
393,2026-09-21T07:59:46.204+00:00,2026-09-21T08:04:47.395+00:00,2026-09-21T08:04:47.395+00:00,False,1,0.0,,0.0,301191.422685,301191.422685,301191.422685,301191.422685,301191.422685,301191.422685,nan,301191.422685,nan,nan,0.0,59,64,,True,False,"HTTPConnectionPool(host='gpu06', port=9004): Read timed out.",0,59.56268577710819
398,2026-09-21T07:59:47.420+00:00,2026-09-21T08:04:47.454+00:00,2026-09-21T08:04:47.454+00:00,False,1,0.0,,0.0,300033.086924,300033.086924,300033.086924,300033.086924,300033.086924,300033.086924,nan,300033.086924,nan,nan,0.0,59,64,,True,False,"HTTPConnectionPool(host='gpu06', port=9004): Read timed out.",0,59.56268577710819
394,2026-09-21T07:59:46.494+00:00,2026-09-21T08:04:47.550+00:00,2026-09-21T08:04:47.550+00:00,False,1,0.0,,0.0,301056.42905000004,301056.42905000004,301056.42905000004,301056.42905000004,301056.42905000004,301056.42905000004,nan,301056.42905000004,nan,nan,0.0,59,64,,True,False,"HTTPConnectionPool(host='gpu06', port=9004): Read timed out.",0,59.56268577710819
399,2026-09-21T07:59:47.613+00:00,2026-09-21T08:04:47.733+00:00,2026-09-21T08:04:47.733+00:00,False,1,0.0,,0.0,300120.06447000004,300120.06447000004,300120.06447000004,300120.06447000004,300120.06447000004,300120.06447000004,nan,300120.06447000004,nan,nan,0.0,59,64,,True,False,"HTTPConnectionPool(host='gpu06', port=9004): Read timed out.",0,59.56268577710819
395,2026-09-21T07:59:46.706+00:00,2026-09-21T08:04:47.739+00:00,2026-09-21T08:04:47.739+00:00,False,1,0.0,,0.0,301032.88814999996,301032.88814999996,301032.88814999996,301032.88814999996,301032.88814999996,301032.88814999996,nan,301032.88814999996,nan,nan,0.0,59,64,,True,False,"HTTPConnectionPool(host='gpu06', port=9004): Read timed out.",0,59.56268577710819
400,2026-09-21T07:59:47.821+00:00,2026-09-21T08:04:47.827+00:00,2026-09-21T08:04:47.827+00:00,False,1,0.0,,0.0,300005.82300599996,300005.82300599996,300005.82300599996,300005.82300599996,300005.82300599996,300005.82300599996,nan,300005.82300599996,nan,nan,0.0,59,64,,True,False,"HTTPConnectionPool(host='gpu06', port=9004): Read timed out.",0,59.56268577710819
396,2026-09-21T07:59:46.945+00:00,2026-09-21T08:04:48.090+00:00,2026-09-21T08:04:48.090+00:00,False,1,0.0,,0.0,301144.897017,301144.897017,301144.897017,301144.897017,301144.897017,301144.897017,nan,301144.897017,nan,nan,0.0,59,64,,True,False,"HTTPConnectionPool(host='gpu06', port=9004): Read timed out.",0,59.56268577710819
401,2026-09-21T07:59:48.060+00:00,2026-09-21T08:04:48.168+00:00,2026-09-21T08:04:48.168+00:00,False,1,0.0,,0.0,300107.82710399997,300107.82710399997,300107.82710399997,300107.82710399997,300107.82710399997,300107.82710399997,nan,300107.82710399997,nan,nan,0.0,59,64,,True,False,"HTTPConnectionPool(host='gpu06', port=9004): Read timed out.",0,59.56268577710819
402,2026-09-21T07:59:48.387+00:00,2026-09-21T08:04:48.495+00:00,2026-09-21T08:04:48.495+00:00,False,1,0.0,,0.0,300108.143275,300108.143275,300108.143275,300108.143275,300108.143275,300108.143275,nan,300108.143275,nan,nan,0.0,59,64,,True,False,"HTTPConnectionPool(host='gpu06', port=9004): Read timed out.",0,59.56268577710819
403,2026-09-21T07:59:48.574+00:00,2026-09-21T08:04:48.615+00:00,2026-09-21T08:04:48.615+00:00,False,1,0.0,,0.0,300041.329092,300041.329092,300041.329092,300041.329092,300041.329092,300041.329092,nan,300041.329092,nan,nan,0.0,59,64,,True,False,"HTTPConnectionPool(host='gpu06', port=9004): Read timed out.",0,59.56268577710819
404,2026-09-21T07:59:48.800+00:00,2026-09-21T08:04:48.848+00:00,2026-09-21T08:04:48.848+00:00,False,1,0.0,,0.0,300048.736918,300048.736918,300048.736918,300048.736918,300048.736918,300048.736918,nan,300048.736918,nan,nan,0.0,59,64,,True,False,"HTTPConnectionPool(host='gpu06', port=9004): Read timed out.",0,59.56268577710819
405,2026-09-21T07:59:49.090+00:00,2026-09-21T08:04:49.136+00:00,2026-09-21T08:04:49.136+00:00,False,1,0.0,,0.0,300046.202964,300046.202964,300046.202964,300046.202964,300046.202964,300046.202964,nan,300046.202964,nan,nan,0.0,59,64,,True,False,TTFT timeout: 300.0s exceeded (TTFT: 300.044s),0,59.56268577710819
406,2026-09-21T07:59:49.415+00:00,2026-09-21T08:04:49.355+00:00,2026-09-21T08:04:49.461+00:00,False,4,3.0,,3.0,299939.579623,300046.203367,300046.203346,75011.5508365,0.03534,299939.579623,149952.0212938705,254956.74151645,35.541248,30.75694958784203,0.009998460124924712,59,64,,True,False,Request timeout: 300.0s exceeded,5,59.56268577710819
407,2026-09-21T07:59:49.675+00:00,2026-09-21T08:04:49.782+00:00,2026-09-21T08:04:49.782+00:00,False,1,0.0,,0.0,300107.301064,300107.301064,300107.301064,300107.301064,300107.301064,300107.301064,nan,300107.301064,nan,nan,0.0,59,64,,True,False,"HTTPConnectionPool(host='gpu06', port=9004): Read timed out.",0,59.56268577710819
408,2026-09-21T07:59:50.022+00:00,2026-09-21T08:04:50.135+00:00,2026-09-21T08:04:50.135+00:00,False,1,0.0,,0.0,300113.48531099997,300113.48531099997,300113.48531099997,300113.48531099997,300113.48531099997,300113.48531099997,nan,300113.48531099997,nan,nan,0.0,59,64,,True,False,"HTTPConnectionPool(host='gpu06', port=9004): Read timed out.",0,59.56268577710819
409,2026-09-21T07:59:50.334+00:00,2026-09-21T08:04:50.438+00:00,2026-09-21T08:04:50.438+00:00,False,1,0.0,,0.0,300104.44719599996,300104.44719599996,300104.44719599996,300104.44719599996,300104.44719599996,300104.44719599996,nan,300104.44719599996,nan,nan,0.0,59,64,,True,False,"HTTPConnectionPool(host='gpu06', port=9004): Read timed out.",0,59.56268577710819
410,2026-09-21T07:59:50.526+00:00,2026-09-21T08:04:50.643+00:00,2026-09-21T08:04:50.643+00:00,False,1,0.0,,0.0,300117.066156,300117.066156,300117.066156,300117.066156,300117.066156,300117.066156,nan,300117.066156,nan,nan,0.0,59,64,,True,False,"HTTPConnectionPool(host='gpu06', port=9004): Read timed out.",0,59.56268577710819
411,2026-09-21T07:59:50.863+00:00,2026-09-21T08:04:50.904+00:00,2026-09-21T08:04:50.904+00:00,False,1,0.0,,0.0,300041.27982999996,300041.27982999996,300041.27982999996,300041.27982999996,300041.27982999996,300041.27982999996,nan,300041.27982999996,nan,nan,0.0,59,64,,True,False,TTFT timeout: 300.0s exceeded (TTFT: 300.037s),0,59.56268577710819
412,2026-09-21T07:59:51.207+00:00,2026-09-21T08:04:51.313+00:00,2026-09-21T08:04:51.313+00:00,False,1,0.0,,0.0,300106.608245,300106.608245,300106.608245,300106.608245,300106.608245,300106.608245,nan,300106.608245,nan,nan,0.0,59,64,,True,False,"HTTPConnectionPool(host='gpu06', port=9004): Read timed out.",0,59.56268577710819
413,2026-09-21T07:59:51.498+00:00,2026-09-21T08:04:51.464+00:00,2026-09-21T08:04:51.567+00:00,False,3,2.0,,2.0,299966.14388,300069.26656799996,300069.266753,100023.08891766667,0.023600000000000003,299966.14388,173155.77257747308,269979.83941929997,51.561344,72.8854444211636,0.006665127764914809,59,64,,True,False,Request timeout: 300.0s exceeded,13,59.56268577710819
414,2026-09-21T07:59:51.733+00:00,2026-09-21T08:04:51.860+00:00,2026-09-21T08:04:51.860+00:00,False,1,0.0,,0.0,300126.93146600004,300126.93146600004,300126.93146600004,300126.93146600004,300126.93146600004,300126.93146600004,nan,300126.93146600004,nan,nan,0.0,59,64,,True,False,"HTTPConnectionPool(host='gpu06', port=9004): Read timed out.",0,59.56268577710819
415,2026-09-21T07:59:52.016+00:00,2026-09-21T08:04:52.094+00:00,2026-09-21T08:04:52.094+00:00,False,1,0.0,,0.0,300077.701176,300077.701176,300077.701176,300077.701176,300077.701176,300077.701176,nan,300077.701176,nan,nan,0.0,59,64,,True,False,"HTTPConnectionPool(host='gpu06', port=9004): Read timed out.",0,59.56268577710819
416,2026-09-21T07:59:52.213+00:00,2026-09-21T08:04:52.318+00:00,2026-09-21T08:04:52.318+00:00,False,1,0.0,,0.0,300105.466856,300105.466856,300105.466856,300105.466856,300105.466856,300105.466856,nan,300105.466856,nan,nan,0.0,59,64,,True,False,"HTTPConnectionPool(host='gpu06', port=9004): Read timed out.",0,59.56268577710819
417,2026-09-21T07:59:52.524+00:00,2026-09-21T08:04:52.608+00:00,2026-09-21T08:04:52.608+00:00,False,1,0.0,,0.0,300084.21651999996,300084.21651999996,300084.21651999996,300084.21651999996,300084.21651999996,300084.21651999996,nan,300084.21651999996,nan,nan,0.0,59,64,,True,False,"HTTPConnectionPool(host='gpu06', port=9004): Read timed out.",0,59.56268577710819
418,2026-09-21T07:59:54.185+00:00,2026-09-21T08:04:53.200+00:00,2026-09-21T08:04:54.563+00:00,False,25,24.0,,24.0,299015.65727799997,300378.00531,300378.005404,12015.12021616,0.03889,299015.65727799997,59791.780870270355,89.84503639999998,56.764501333333335,16.998864799875452,0.07989932543573292,59,64,,True,False,Request timeout: 300.0s exceeded,102,59.56268577710819
421,2026-09-21T07:59:54.370+00:00,2026-09-21T08:04:53.292+00:00,2026-09-21T08:04:54.566+00:00,False,24,23.0,,23.0,298922.489976,300196.7054,300196.70542799996,12508.1960595,0.03149,298922.489976,61005.99094644239,73.7914915,55.40067060869565,15.170650599464008,0.07661643044800717,59,64,,True,False,Request timeout: 300.0s exceeded,111,59.56268577710819
420,2026-09-21T07:59:54.282+00:00,2026-09-21T08:04:53.686+00:00,2026-09-21T08:04:53.738+00:00,True,2,2.0,,2.0,299404.78450999997,299456.82367799996,299456.823667,149728.4118335,52.039156999999996,299404.78450999997,211674.35620591603,284437.14724235,52.039168,nan,0.006678759146094999,59,64,,True,True,,2,59.56268577710819
425,2026-09-21T07:59:54.955+00:00,2026-09-21T08:04:55.143+00:00,2026-09-21T08:04:55.143+00:00,False,1,0.0,,0.0,300187.35759100004,300187.35759100004,300187.35759100004,300187.35759100004,300187.35759100004,300187.35759100004,nan,300187.35759100004,nan,nan,0.0,59,64,,True,False,"HTTPConnectionPool(host='gpu06', port=9004): Read timed out.",0,59.56268577710819
419,2026-09-21T07:59:54.220+00:00,2026-09-21T08:04:55.157+00:00,2026-09-21T08:04:55.157+00:00,False,1,0.0,,0.0,300937.103495,300937.103495,300937.103495,300937.103495,300937.103495,300937.103495,nan,300937.103495,nan,nan,0.0,59,64,,True,False,"HTTPConnectionPool(host='gpu06', port=9004): Read timed out.",0,59.56268577710819
422,2026-09-21T07:59:54.537+00:00,2026-09-21T08:04:55.184+00:00,2026-09-21T08:04:55.184+00:00,False,1,0.0,,0.0,300646.393825,300646.393825,300646.393825,300646.393825,300646.393825,300646.393825,nan,300646.393825,nan,nan,0.0,59,64,,True,False,"HTTPConnectionPool(host='gpu06', port=9004): Read timed out.",0,59.56268577710819
424,2026-09-21T07:59:54.892+00:00,2026-09-21T08:04:55.381+00:00,2026-09-21T08:04:55.381+00:00,False,1,0.0,,0.0,300489.585582,300489.585582,300489.585582,300489.585582,300489.585582,300489.585582,nan,300489.585582,nan,nan,0.0,59,64,,True,False,"HTTPConnectionPool(host='gpu06', port=9004): Read timed out.",0,59.56268577710819
423,2026-09-21T07:59:54.703+00:00,2026-09-21T08:04:55.431+00:00,2026-09-21T08:04:55.431+00:00,False,1,0.0,,0.0,300728.12768599996,300728.12768599996,300728.12768599996,300728.12768599996,300728.12768599996,300728.12768599996,nan,300728.12768599996,nan,nan,0.0,59,64,,True,False,"HTTPConnectionPool(host='gpu06', port=9004): Read timed out.",0,59.56268577710819
426,2026-09-21T07:59:55.263+00:00,2026-09-21T08:04:55.553+00:00,2026-09-21T08:04:55.553+00:00,False,1,0.0,,0.0,300290.07747899997,300290.07747899997,300290.07747899997,300290.07747899997,300290.07747899997,300290.07747899997,nan,300290.07747899997,nan,nan,0.0,59,64,,True,False,"HTTPConnectionPool(host='gpu06', port=9004): Read timed out.",0,59.56268577710819
427,2026-09-21T07:59:55.404+00:00,2026-09-21T08:04:55.583+00:00,2026-09-21T08:04:55.583+00:00,False,1,0.0,,0.0,300179.603695,300179.603695,300179.603695,300179.603695,300179.603695,300179.603695,nan,300179.603695,nan,nan,0.0,59,64,,True,False,"HTTPConnectionPool(host='gpu06', port=9004): Read timed out.",0,59.56268577710819
428,2026-09-21T07:59:55.607+00:00,2026-09-21T08:04:55.750+00:00,2026-09-21T08:04:55.750+00:00,False,1,0.0,,0.0,300143.02361699997,300143.02361699997,300143.02361699997,300143.02361699997,300143.02361699997,300143.02361699997,nan,300143.02361699997,nan,nan,0.0,59,64,,True,False,"HTTPConnectionPool(host='gpu06', port=9004): Read timed out.",0,59.56268577710819
429,2026-09-21T07:59:55.855+00:00,2026-09-21T08:04:55.959+00:00,2026-09-21T08:04:55.959+00:00,False,1,0.0,,0.0,300104.206472,300104.206472,300104.206472,300104.206472,300104.206472,300104.206472,nan,300104.206472,nan,nan,0.0,59,64,,True,False,"HTTPConnectionPool(host='gpu06', port=9004): Read timed out.",0,59.56268577710819
430,2026-09-21T07:59:56.187+00:00,2026-09-21T08:04:56.292+00:00,2026-09-21T08:04:56.292+00:00,False,1,0.0,,0.0,300105.721773,300105.721773,300105.721773,300105.721773,300105.721773,300105.721773,nan,300105.721773,nan,nan,0.0,59,64,,True,False,"HTTPConnectionPool(host='gpu06', port=9004): Read timed out.",0,59.56268577710819
431,2026-09-21T07:59:56.402+00:00,2026-09-21T08:04:56.520+00:00,2026-09-21T08:04:56.520+00:00,False,1,0.0,,0.0,300117.79360000003,300117.79360000003,300117.79360000003,300117.79360000003,300117.79360000003,300117.79360000003,nan,300117.79360000003,nan,nan,0.0,59,64,,True,False,"HTTPConnectionPool(host='gpu06', port=9004): Read timed out.",0,59.56268577710819
432,2026-09-21T07:59:56.593+00:00,2026-09-21T08:04:56.708+00:00,2026-09-21T08:04:56.708+00:00,False,1,0.0,,0.0,300114.446251,300114.446251,300114.446251,300114.446251,300114.446251,300114.446251,nan,300114.446251,nan,nan,0.0,59,64,,True,False,"HTTPConnectionPool(host='gpu06', port=9004): Read timed out.",0,59.56268577710819
433,2026-09-21T07:59:56.879+00:00,2026-09-21T08:04:56.917+00:00,2026-09-21T08:04:56.917+00:00,False,1,0.0,,0.0,300038.577703,300038.577703,300038.577703,300038.577703,300038.577703,300038.577703,nan,300038.577703,nan,nan,0.0,59,64,,True,False,TTFT timeout: 300.0s exceeded (TTFT: 300.031s),0,59.56268577710819
434,2026-09-21T07:59:57.138+00:00,2026-09-21T08:04:57.189+00:00,2026-09-21T08:04:57.189+00:00,False,1,0.0,,0.0,300051.123094,300051.123094,300051.123094,300051.123094,300051.123094,300051.123094,nan,300051.123094,nan,nan,0.0,59,64,,True,False,TTFT timeout: 300.0s exceeded (TTFT: 300.049s),0,59.56268577710819
435,2026-09-21T07:59:57.437+00:00,2026-09-21T08:04:57.448+00:00,2026-09-21T08:04:57.448+00:00,False,1,0.0,,0.0,300010.72492199996,300010.72492199996,300010.72492199996,300010.72492199996,300010.72492199996,300010.72492199996,nan,300010.72492199996,nan,nan,0.0,59,64,,True,False,TTFT timeout: 300.0s exceeded (TTFT: 300.003s),0,59.56268577710819
436,2026-09-21T07:59:57.756+00:00,2026-09-21T08:04:57.857+00:00,2026-09-21T08:04:57.857+00:00,False,1,0.0,,0.0,300101.360869,300101.360869,300101.360869,300101.360869,300101.360869,300101.360869,nan,300101.360869,nan,nan,0.0,59,64,,True,False,"HTTPConnectionPool(host='gpu06', port=9004): Read timed out.",0,59.56268577710819
437,2026-09-21T07:59:58.058+00:00,2026-09-21T08:04:58.166+00:00,2026-09-21T08:04:58.166+00:00,False,1,0.0,,0.0,300108.084593,300108.084593,300108.084593,300108.084593,300108.084593,300108.084593,nan,300108.084593,nan,nan,0.0,59,64,,True,False,"HTTPConnectionPool(host='gpu06', port=9004): Read timed out.",0,59.56268577710819
438,2026-09-21T07:59:58.322+00:00,2026-09-21T08:04:58.398+00:00,2026-09-21T08:04:58.398+00:00,False,1,0.0,,0.0,300076.588426,300076.588426,300076.588426,300076.588426,300076.588426,300076.588426,nan,300076.588426,nan,nan,0.0,59,64,,True,False,"HTTPConnectionPool(host='gpu06', port=9004): Read timed out.",0,59.56268577710819
439,2026-09-21T07:59:58.567+00:00,2026-09-21T08:04:58.604+00:00,2026-09-21T08:04:58.604+00:00,False,1,0.0,,0.0,300036.502922,300036.502922,300036.502922,300036.502922,300036.502922,300036.502922,nan,300036.502922,nan,nan,0.0,59,64,,True,False,"HTTPConnectionPool(host='gpu06', port=9004): Read timed out.",0,59.56268577710819
440,2026-09-21T07:59:58.816+00:00,2026-09-21T08:04:58.920+00:00,2026-09-21T08:04:58.920+00:00,False,1,0.0,,0.0,300103.64857099997,300103.64857099997,300103.64857099997,300103.64857099997,300103.64857099997,300103.64857099997,nan,300103.64857099997,nan,nan,0.0,59,64,,True,False,"HTTPConnectionPool(host='gpu06', port=9004): Read timed out.",0,59.56268577710819
441,2026-09-21T07:59:59.141+00:00,2026-09-21T08:04:59.213+00:00,2026-09-21T08:04:59.213+00:00,False,1,0.0,,0.0,300072.215984,300072.215984,300072.215984,300072.215984,300072.215984,300072.215984,nan,300072.215984,nan,nan,0.0,59,64,,True,False,TTFT timeout: 300.0s exceeded (TTFT: 300.068s),0,59.56268577710819
442,2026-09-21T07:59:59.354+00:00,2026-09-21T08:04:59.374+00:00,2026-09-21T08:04:59.374+00:00,False,1,0.0,,0.0,300020.268065,300020.268065,300020.268065,300020.268065,300020.268065,300020.268065,nan,300020.268065,nan,nan,0.0,59,64,,True,False,TTFT timeout: 300.0s exceeded (TTFT: 300.012s),0,59.56268577710819
443,2026-09-21T07:59:59.607+00:00,2026-09-21T08:04:59.633+00:00,2026-09-21T08:04:59.633+00:00,False,1,0.0,,0.0,300026.516167,300026.516167,300026.516167,300026.516167,300026.516167,300026.516167,nan,300026.516167,nan,nan,0.0,59,64,,True,False,"HTTPConnectionPool(host='gpu06', port=9004): Read timed out.",0,59.56268577710819
444,2026-09-21T07:59:59.793+00:00,2026-09-21T08:04:59.898+00:00,2026-09-21T08:04:59.898+00:00,False,1,0.0,,0.0,300105.375745,300105.375745,300105.375745,300105.375745,300105.375745,300105.375745,nan,300105.375745,nan,nan,0.0,59,64,,True,False,"HTTPConnectionPool(host='gpu06', port=9004): Read timed out.",0,59.56268577710819
445,2026-09-21T08:00:00.066+00:00,2026-09-21T08:05:00.172+00:00,2026-09-21T08:05:00.172+00:00,False,1,0.0,,0.0,300105.395904,300105.395904,300105.395904,300105.395904,300105.395904,300105.395904,nan,300105.395904,nan,nan,0.0,59,64,,True,False,"HTTPConnectionPool(host='gpu06', port=9004): Read timed out.",0,59.56268577710819
446,2026-09-21T08:00:00.305+00:00,2026-09-21T08:05:00.412+00:00,2026-09-21T08:05:00.412+00:00,False,1,0.0,,0.0,300107.011529,300107.011529,300107.011529,300107.011529,300107.011529,300107.011529,nan,300107.011529,nan,nan,0.0,59,64,,True,False,"HTTPConnectionPool(host='gpu06', port=9004): Read timed out.",0,59.56268577710819
447,2026-09-21T08:00:00.565+00:00,2026-09-21T08:05:00.654+00:00,2026-09-21T08:05:00.654+00:00,False,1,0.0,,0.0,300089.822621,300089.822621,300089.822621,300089.822621,300089.822621,300089.822621,nan,300089.822621,nan,nan,0.0,59,64,,True,False,"HTTPConnectionPool(host='gpu06', port=9004): Read timed out.",0,59.56268577710819
448,2026-09-21T08:00:00.856+00:00,2026-09-21T08:05:00.974+00:00,2026-09-21T08:05:00.974+00:00,False,1,0.0,,0.0,300117.482125,300117.482125,300117.482125,300117.482125,300117.482125,300117.482125,nan,300117.482125,nan,nan,0.0,59,64,,True,False,"HTTPConnectionPool(host='gpu06', port=9004): Read timed out.",0,59.56268577710819
449,2026-09-21T08:00:01.056+00:00,2026-09-21T08:05:01.167+00:00,2026-09-21T08:05:02.909+00:00,False,28,27.0,,27.0,300110.891887,301852.841839,301852.84191,10780.458639642857,0.04547,300110.891887,56703.44637410207,181.77000295,64.51666488888888,36.52834775694817,0.08944755939850008,59,64,,True,False,Request timeout: 300.0s exceeded,84,59.56268577710819
450,2026-09-21T08:00:01.384+00:00,2026-09-21T08:05:01.386+00:00,2026-09-21T08:05:03.023+00:00,False,29,28.0,,28.0,300001.656774,301639.19943,301639.19934399996,10401.35170151724,0.0314,300001.656774,55698.051976913346,107.09959339999997,58.483666285714285,18.654088223117377,0.09282613152703925,59,64,,True,False,Request timeout: 300.0s exceeded,160,59.56268577710819
451,2026-09-21T08:00:01.633+00:00,2026-09-21T08:05:02.063+00:00,2026-09-21T08:05:03.023+00:00,False,18,17.0,,17.0,300429.895691,301389.757707,301389.757842,16743.875435666665,0.0363,300429.895691,70798.70008161732,45160.5894277,56.462471529411765,20.92695525869207,0.05640536735334839,59,64,,True,False,Request timeout: 300.0s exceeded,85,59.56268577710819
452,2026-09-21T08:00:01.915+00:00,2026-09-21T08:05:02.782+00:00,2026-09-21T08:05:03.068+00:00,False,7,6.0,,6.0,300867.18638200004,301153.24436600006,301153.244324,43021.89204628572,0.020739999999999998,300867.18638200004,113699.0898117499,210627.78409120004,47.676330666666665,24.621965898298036,0.019923411459941073,59,64,,True,False,Request timeout: 300.0s exceeded,26,59.56268577710819
453,2026-09-21T08:00:02.133+00:00,2026-09-21T08:05:03.263+00:00,2026-09-21T08:05:03.263+00:00,False,1,0.0,,0.0,301129.358913,301129.358913,301129.358913,301129.358913,301129.358913,301129.358913,nan,301129.358913,nan,nan,0.0,59,64,,True,False,"HTTPConnectionPool(host='gpu06', port=9004): Read timed out.",0,59.56268577710819
0,2026-09-21T07:58:02.322+00:00,2026-09-21T07:58:02.577+00:00,2026-09-21T07:58:03.124+00:00,True,11,11.0,,11.0,254.645247,801.137919,801.137784,72.83070763636364,0.03961,254.645247,85.62708837701685,244.11355650000002,54.649267200000004,64.08135333296414,13.730469796923943,60,64,,False,True,,44,59.56268577710819
1,2026-09-21T07:58:02.621+00:00,2026-09-21T07:58:04.141+00:00,2026-09-21T07:58:05.158+00:00,True,18,18.0,,18.0,1519.6369320000001,2536.613828,2536.6139310000003,140.92299616666668,42.767493,1519.6369320000001,344.1947021300155,291.27338305,59.82217035294118,9.09303167026521,7.096074223561317,60,64,,False,True,,70,59.56268577710819
4,2026-09-21T07:58:03.806+00:00,2026-09-21T07:58:04.294+00:00,2026-09-21T07:58:08.059+00:00,True,61,61.0,,61.0,487.54783199999997,4252.430008,4252.429878,69.71196521311475,37.991763,487.54783199999997,55.53297594670845,77.347158,62.74803626666667,11.303303519858149,14.344739333802575,60,64,,False,True,,248,59.56268577710819
3,2026-09-21T07:58:03.393+00:00,2026-09-21T07:58:07.023+00:00,2026-09-21T07:58:09.485+00:00,True,41,41.0,,41.0,3629.913048,6092.339416,6092.339414,148.59364424390245,42.555444,3629.913048,557.3765780528752,81.016758,61.5606592,10.34229650038286,6.729762936766752,60,64,,False,True,,82,59.56268577710819
2,2026-09-21T07:58:03.117+00:00,2026-09-21T07:58:07.300+00:00,2026-09-21T07:58:09.799+00:00,True,41,41.0,,41.0,4182.919836,6681.9956760000005,6681.995586,162.975502097561,47.495295,4182.919836,643.5693547693681,77.458748,62.476896,9.21161200639712,6.135891429451442,60,64,,False,True,,41,59.56268577710819
5,2026-09-21T07:58:04.246+00:00,2026-09-21T07:58:11.018+00:00,2026-09-21T07:58:13.322+00:00,True,37,37.0,,37.0,6771.462315999999,9075.633068,9075.633044999999,245.28737959459457,0.01594,6771.462315999999,1104.6720188695167,147.61061320000002,64.00474311111111,66.92598802085608,4.076850586925911,60,64,,False,True,,203,59.56268577710819
6,2026-09-21T07:58:04.666+00:00,2026-09-21T07:58:13.279+00:00,2026-09-21T07:58:18.609+00:00,True,87,87.0,,87.0,8612.748063,13942.481694999999,13942.481756,160.25841098850574,37.225243,8612.748063,916.7972510732684,77.7663,61.973646883720924,10.373558230797315,6.239922124566936,60,64,,False,True,,463,59.56268577710819
7,2026-09-21T07:58:04.913+00:00,2026-09-21T07:58:14.454+00:00,2026-09-21T07:58:15.325+00:00,True,16,16.0,,16.0,9541.173878,10412.46655,10412.466548,650.77915925,39.399754,9541.173878,2370.7933532125867,2448.1837429999996,58.086178133333334,10.433664453645186,1.5366195822256927,60,64,,False,True,,34,59.56268577710819
8,2026-09-21T07:58:05.343+00:00,2026-09-21T07:58:17.411+00:00,2026-09-21T07:58:23.324+00:00,True,86,86.0,,86.0,12067.457676000002,17980.045964,17980.046010000002,209.0703024418605,26.000743,12067.457676000002,1294.7209359197077,81.31431375,69.55986221176471,49.99710605264188,4.783080097358531,60,64,,False,True,,97,59.56268577710819
9,2026-09-21T07:58:05.666+00:00,2026-09-21T07:58:19.266+00:00,2026-09-21T07:58:25.115+00:00,True,92,92.0,,92.0,13600.334087,19449.184775,19449.184964,211.40418439130434,0.0,13600.334087,1412.649873225767,90.48564044999999,64.27308448351648,63.62891823813944,4.730275385025745,60,64,,False,True,,448,59.56268577710819
10,2026-09-21T07:58:06.007+00:00,2026-09-21T07:58:21.049+00:00,2026-09-21T07:58:21.500+00:00,True,8,8.0,,8.0,15042.036949,15493.269717,15493.269645999999,1936.6587057499999,23.709302,15042.036949,5295.414531538783,9810.615589849998,64.461824,22.796665587865025,0.5163532389307078,60,64,,False,True,,16,59.56268577710819
11,2026-09-21T07:58:06.356+00:00,2026-09-21T07:58:22.600+00:00,2026-09-21T07:58:24.645+00:00,True,32,32.0,,32.0,16243.932667,18288.449531,18288.449649,571.51405153125,0.0,16243.932667,2861.7639259611287,436.09817324999995,65.95215690322581,105.26046731406858,1.7497382676294193,60,64,,False,True,,152,59.56268577710819
12,2026-09-21T07:58:06.668+00:00,2026-09-21T07:58:24.377+00:00,2026-09-21T07:58:28.235+00:00,True,64,64.0,,64.0,17709.258138999998,21566.967450999997,21566.967309999996,336.98386421874994,0.0,17709.258138999998,2206.6129853955745,74.55486649999999,61.233481142857144,52.29412431351556,2.967501116946903,60,64,,False,True,,128,59.56268577710819
13,2026-09-21T07:58:06.950+00:00,2026-09-21T07:58:25.973+00:00,2026-09-21T07:58:30.922+00:00,True,76,76.0,,76.0,19022.937285,23971.376068999998,23971.376109,315.41284353947367,0.0,19022.937285,2175.5178799411065,78.7636755,65.97918378666667,66.58631256658498,3.1704479451341925,60,64,,False,True,,230,59.56268577710819
14,2026-09-21T07:58:07.271+00:00,2026-09-21T07:58:27.741+00:00,2026-09-21T07:58:33.386+00:00,True,82,82.0,,82.0,20469.914344999997,26115.189480999998,26115.189360999997,318.4779190365853,0.0,20469.914344999997,2254.149217716406,81.20977445,69.69475476543211,77.665639628936,3.1399350963797823,60,64,,False,True,,656,59.56268577710819
15,2026-09-21T07:58:07.690+00:00,2026-09-21T07:58:29.879+00:00,2026-09-21T07:58:32.515+00:00,True,42,42.0,,42.0,22189.393094,24825.222342,24825.222467,591.0767254047619,0.0,22189.393094,3414.6085297807035,79.19163350000001,64.28851824390243,66.44539381559474,1.6918277476590102,60,64,,False,True,,168,59.56268577710819
16,2026-09-21T07:58:08.032+00:00,2026-09-21T07:58:31.648+00:00,2026-09-21T07:58:35.385+00:00,True,55,55.0,,55.0,23615.994842,27353.611994,27353.61219,497.33840345454547,0.0,23615.994842,3176.826111940999,235.99531229999997,69.21513244444445,107.29902910445269,2.0107033766533,60,64,,False,True,,113,59.56268577710819
17,2026-09-21T07:58:08.414+00:00,2026-09-21T07:58:33.734+00:00,2026-09-21T07:58:34.058+00:00,True,6,6.0,,6.0,25319.829659000003,25643.575963000003,25643.576142,4273.929357000001,57.453016000000005,25319.829659000003,10310.34522152128,19008.70256125,64.7492608,6.883103159434064,0.233976728076347,60,64,,False,True,,54,59.56268577710819
18,2026-09-21T07:58:08.814+00:00,2026-09-21T07:58:35.612+00:00,2026-09-21T07:58:39.614+00:00,True,64,64.0,,64.0,26798.387593,30800.527497,30800.527528,481.258242625,42.777665,26798.387593,3341.86887039383,77.17071449999999,63.526030222222225,8.711830472596905,2.07788649094512,60,64,,False,True,,76,59.56268577710819
19,2026-09-21T07:58:09.154+00:00,2026-09-21T07:58:37.194+00:00,2026-09-21T07:58:42.499+00:00,True,85,85.0,,85.0,28040.132601,33345.113337,33345.113312,392.29545072941175,0.0,28040.132601,3035.2497908946157,76.46148799999999,63.154532571428575,66.52608798697122,2.5490991480806673,60,64,,False,True,,85,59.56268577710819
20,2026-09-21T07:58:09.494+00:00,2026-09-21T07:58:38.909+00:00,2026-09-21T07:58:40.557+00:00,True,19,19.0,,19.0,29414.991874000003,31063.722754000002,31063.722675000005,1634.9327723684212,0.0,29414.991874000003,6728.56048356254,3513.0579718000004,91.59616,136.72754564015966,0.6116459430978348,60,64,,False,True,,162,59.56268577710819
21,2026-09-21T07:58:09.806+00:00,2026-09-21T07:58:40.862+00:00,2026-09-21T07:58:41.333+00:00,True,8,8.0,,8.0,31056.053795000003,31526.904355000002,31526.904494000002,3940.8630617500003,52.094885000000005,31056.053795000003,10956.195118530033,20214.007854400003,67.26436571428572,9.529785143289603,0.25375152314094046,60,64,,False,True,,18,59.56268577710819
22,2026-09-21T07:58:10.161+00:00,2026-09-21T07:58:42.696+00:00,2026-09-21T07:58:48.545+00:00,True,92,92.0,,92.0,32535.039938,38383.608002,38383.608065,417.21313114130436,0.0,32535.039938,3386.7445084780707,80.085803,64.26997872527473,99.04687908645676,2.3968564913232306,60,64,,False,True,,1186,59.56268577710819
23,2026-09-21T07:58:10.559+00:00,2026-09-21T07:58:44.523+00:00,2026-09-21T07:58:46.653+00:00,True,35,35.0,,35.0,33963.899897,36094.628345000005,36094.628268,1031.2750933714287,0.0,33963.899897,5731.638715221611,276.1137334,62.66848376470588,123.17339759874316,0.9696733725988999,60,64,,False,True,,258,59.56268577710819
24,2026-09-21T07:58:10.987+00:00,2026-09-21T07:58:46.852+00:00,2026-09-21T07:58:48.542+00:00,True,27,27.0,,27.0,35865.457984,37555.576896,37555.576839,1390.9472903333333,44.902105000000006,35865.457984,6889.808107498255,78.07346600000001,65.00457353846154,10.460808938072601,0.718934502717644,60,64,,False,True,,80,59.56268577710819
25,2026-09-21T07:58:11.230+00:00,2026-09-21T07:58:48.032+00:00,2026-09-21T07:58:50.454+00:00,True,39,39.0,,39.0,36802.100641000005,39224.182177,39224.18219300001,1005.7482613589744,39.648384,36802.100641000005,5882.856502264612,80.99940500000001,63.73898778947368,11.251692989585424,0.9942845927038485,60,64,,False,True,,203,59.56268577710819
26,2026-09-21T07:58:11.564+00:00,2026-09-21T07:58:49.446+00:00,2026-09-21T07:58:53.673+00:00,True,67,67.0,,67.0,37881.812533,42108.60062899999,42108.600551999996,628.4865754029851,0.0,37881.812533,4622.017523325279,81.610569,64.04224387878787,131.45993453651073,1.591123879663135,60,64,,False,True,,303,59.56268577710819
27,2026-09-21T07:58:11.905+00:00,2026-09-21T07:58:51.402+00:00,2026-09-21T07:58:53.652+00:00,True,26,26.0,,26.0,39497.127531000006,41747.300459000006,41747.30050500001,1605.6654040384617,0.0,39497.127531000006,7731.025295244532,823.9569759999999,90.00691712000001,206.69872686528365,0.6227947607183506,60,64,,False,True,,52,59.56268577710819
28,2026-09-21T07:58:12.341+00:00,2026-09-21T07:58:53.622+00:00,2026-09-21T07:58:54.777+00:00,True,21,21.0,,21.0,41280.664986,42435.379866,42435.379886,2020.7323755238097,0.04818,41280.664986,8995.61745357282,131.937924,57.735744,26.401168723291754,0.49487008402688015,60,64,,False,True,,25,59.56268577710819
29,2026-09-21T07:58:12.757+00:00,2026-09-21T07:58:55.902+00:00,2026-09-21T07:58:56.759+00:00,True,14,14.0,,14.0,43144.465569,44001.193633,44001.193688,3142.9424062857142,48.319644999999994,43144.465569,11513.23493115947,15152.260652349998,65.90215876923077,10.683474032917866,0.3181731867723762,60,64,,False,True,,28,59.56268577710819
30,2026-09-21T07:58:13.174+00:00,2026-09-21T07:58:58.175+00:00,2026-09-21T07:59:03.731+00:00,True,89,89.0,,89.0,45001.194662,50557.047462,50557.047499,568.0567134719101,0.0,45001.194662,4764.354435338182,84.29022659999998,63.13469090909091,94.65136623061343,1.76038761098331,60,64,,False,True,,178,59.56268577710819
31,2026-09-21T07:58:13.445+00:00,2026-09-21T07:58:59.709+00:00,2026-09-21T07:59:03.338+00:00,True,59,59.0,,59.0,46263.802044,49893.041595999995,49893.041570999994,845.6447723898305,0.0,46263.802044,6016.007742700123,88.228682,62.57309572413793,117.09711752315033,1.1825296296373746,60,64,,False,True,,402,59.56268577710819
32,2026-09-21T07:58:13.788+00:00,2026-09-21T07:59:01.274+00:00,2026-09-21T07:59:06.799+00:00,True,92,92.0,,92.0,47485.7035,53011.229004,53011.229094,576.2090118913044,0.01516,47485.7035,4945.36668119365,83.85628394999999,60.720060483516484,98.50537947879035,1.7354813636382223,60,64,,False,True,,828,59.56268577710819
33,2026-09-21T07:58:14.189+00:00,2026-09-21T07:59:03.397+00:00,2026-09-21T07:59:07.832+00:00,True,72,72.0,,72.0,49208.335920000005,53643.375920000006,53643.376090000005,745.046890138889,0.015609999999999999,49208.335920000005,5792.941697013235,86.93595595,62.46535211267605,110.82735474056022,1.3421974058339614,60,64,,False,True,,297,59.56268577710819
34,2026-09-21T07:58:14.554+00:00,2026-09-21T07:59:05.604+00:00,2026-09-21T07:59:08.296+00:00,True,45,45.0,,45.0,51049.301971,53741.359571,53741.35965,1194.2524366666667,15.191521,51049.301971,7600.876597949501,78.040862,61.183127272727276,16.07538863398772,0.8373439071735537,60,64,,False,True,,91,59.56268577710819
35,2026-09-21T07:58:14.932+00:00,2026-09-21T07:59:07.325+00:00,2026-09-21T07:59:07.903+00:00,True,10,10.0,,10.0,52393.144639,52970.778175,52970.778349,5297.0778349,50.935746,52393.144639,16547.8733235143,28850.43792505,64.181504,9.090471046593791,0.18878333195262711,60,64,,False,True,,34,59.56268577710819
36,2026-09-21T07:58:15.260+00:00,2026-09-21T07:59:09.096+00:00,2026-09-21T07:59:12.673+00:00,True,59,59.0,,59.0,53835.718599,57413.070023,57413.070017,973.1028816440678,0.0,53835.718599,7002.07842427284,87.4497253,61.678472827586205,135.82186315444824,1.0276405699323214,60,64,,False,True,,118,59.56268577710819
37,2026-09-21T07:58:15.627+00:00,2026-09-21T07:59:11.437+00:00,2026-09-21T07:59:11.566+00:00,True,3,3.0,,3.0,55810.343514,55938.590298,55938.590468,18646.196822666665,55.499055999999996,55810.343514,32185.096300179754,50236.583952400004,64.123392,12.196720819913523,0.053630239589846446,60,64,,False,True,,15,59.56268577710819
38,2026-09-21T07:58:16.035+00:00,2026-09-21T07:59:13.689+00:00,2026-09-21T07:59:16.384+00:00,True,43,43.0,,43.0,57653.762906,60348.826458,60348.826473,1403.461080767442,41.231684,57653.762906,8782.336508007056,78.900503,64.1681798095238,10.079385590861127,0.7125242117164616,60,64,,False,True,,129,59.56268577710819
39,2026-09-21T07:58:16.398+00:00,2026-09-21T07:59:15.327+00:00,2026-09-21T07:59:21.310+00:00,True,84,84.0,,84.0,58929.589342,64912.332638,64912.332718,772.7658656904762,0.0,58929.589342,6424.752753905821,126.72052674999999,72.08124453012047,193.25424933829984,1.294053018683633,60,64,,False,True,,336,59.56268577710819
40,2026-09-21T07:58:16.784+00:00,2026-09-21T07:59:17.458+00:00,2026-09-21T07:59:23.406+00:00,True,94,94.0,,94.0,60673.825869,66621.549645,66621.549613,708.7398895,0.0,60673.825869,6253.826921145436,127.28308710000002,63.95401909677419,174.0340016236251,1.4109548712224345,60,64,,False,True,,188,59.56268577710819
41,2026-09-21T07:58:17.054+00:00,2026-09-21T07:59:19.470+00:00,2026-09-21T07:59:19.973+00:00,True,19,19.0,,19.0,62416.422949,62918.710821,62918.710793,3311.5110943684213,0.01531,62416.422949,14312.972946964604,6389.663769400001,27.904881777777778,44.48477921165326,0.3019769437751812,60,64,,False,True,,19,59.56268577710819
42,2026-09-21T07:58:17.460+00:00,2026-09-21T07:59:21.312+00:00,2026-09-21T07:59:22.975+00:00,True,33,33.0,,33.0,63851.904249,65515.536632999996,65515.536565,1985.319289848485,0.0,63851.904249,11106.172722484493,81.8177814,51.988512,27.482462034468924,0.5036973166358526,60,64,,False,True,,43,59.56268577710819
43,2026-09-21T07:58:17.782+00:00,2026-09-21T07:59:22.527+00:00,2026-09-21T07:59:25.162+00:00,True,42,42.0,,42.0,64744.850902000006,67380.00200600001,67380.00209400001,1604.2857641428573,48.708754,64744.850902000006,9980.434399381043,77.92902055,64.27197814634147,9.481920411715935,0.623330346536054,60,64,,False,True,,45,59.56268577710819
44,2026-09-21T07:58:18.142+00:00,2026-09-21T07:59:24.772+00:00,2026-09-21T07:59:30.811+00:00,True,95,95.0,,95.0,66630.737442,72669.336354,72669.336193,764.9403809789474,39.720583,66630.737442,6829.586211626668,79.810365,64.2404139574468,10.323212209870116,1.3072914212016309,60,64,,False,True,,266,59.56268577710819
45,2026-09-21T07:58:18.561+00:00,2026-09-21T07:59:27.016+00:00,2026-09-21T07:59:31.349+00:00,True,69,69.0,,69.0,68455.114456,72788.16482399999,72788.164937,1054.900941115942,45.105504,68455.114456,8233.362343988774,79.64782100000001,63.72132894117647,10.128943976758528,0.9479563081009161,60,64,,False,True,,347,59.56268577710819
46,2026-09-21T07:58:18.999+00:00,2026-09-21T07:59:29.162+00:00,2026-09-21T07:59:29.909+00:00,True,13,13.0,,13.0,70163.058079,70910.018975,70910.01907499999,5454.616851923077,46.823794,70163.058079,19442.469186325816,28112.659997799998,62.24674133333333,9.848233524731606,0.18333093387809238,60,64,,False,True,,39,59.56268577710819
47,2026-09-21T07:58:19.333+00:00,2026-09-21T07:59:31.009+00:00,2026-09-21T07:59:32.821+00:00,True,27,27.0,,27.0,71675.634126,73487.768526,73487.768376,2721.7691991111114,0.0,71675.634126,13782.93331980099,957.9992824,69.69747692307693,260.34128482961603,0.3674080808488203,60,64,,False,True,,27,59.56268577710819
48,2026-09-21T07:58:19.634+00:00,2026-09-21T07:59:32.847+00:00,2026-09-21T07:59:37.053+00:00,True,71,71.0,,71.0,73212.71243700001,77419.60600500001,77419.60608700001,1090.416987140845,0.0,73212.71243700001,8682.874965295548,183.2622415,60.09847954285714,148.80198815395295,0.9170803581125767,60,64,,False,True,,568,59.56268577710819
49,2026-09-21T07:58:19.917+00:00,2026-09-21T07:59:34.786+00:00,2026-09-21T07:59:39.112+00:00,True,79,79.0,,79.0,74869.690269,79195.060381,79195.060269,1002.4691173291139,0.01558,74869.690269,8417.38376682682,175.1109592,55.45346297435898,46.07783863874606,0.9975369627845274,60,64,,False,True,,1027,59.56268577710819
50,2026-09-21T07:58:20.353+00:00,2026-09-21T07:59:36.498+00:00,2026-09-21T07:59:41.377+00:00,True,78,78.0,,78.0,76145.150914,81023.787714,81023.787713,1038.7665091410256,17.269301,76145.150914,8614.582757596716,80.4765045,63.35891948051948,16.804967828811744,0.9626802473778014,60,64,,False,True,,312,59.56268577710819
51,2026-09-21T07:58:20.647+00:00,2026-09-21T07:59:37.919+00:00,2026-09-21T07:59:39.498+00:00,True,27,27.0,,27.0,77271.65643799999,78850.94347799999,78850.94337699999,2920.405310259259,38.572002999999995,77271.65643799999,14859.251516628538,79.47236799999999,60.741809230769235,11.212189638420485,0.3424182236644157,60,64,,False,True,,108,59.56268577710819
52,2026-09-21T07:58:21.079+00:00,2026-09-21T07:59:40.343+00:00,2026-09-21T07:59:42.314+00:00,True,32,32.0,,32.0,79264.01679600001,81234.67279600001,81234.67278000001,2538.5835243750003,42.378023,79264.01679600001,14000.796762777345,79.245651,63.56954838709678,9.965520459969076,0.3939204639915245,60,64,,False,True,,32,59.56268577710819
53,2026-09-21T07:58:21.475+00:00,2026-09-21T07:59:42.170+00:00,2026-09-21T07:59:46.967+00:00,True,63,63.0,,63.0,80694.97943600001,85491.575404,85491.57528800001,1357.0091315555558,0.0,80694.97943600001,10159.12203113243,82.0992489,77.36445109677419,215.89327064828748,0.7369147158920215,60,64,,False,True,,71,59.56268577710819
54,2026-09-21T07:58:21.896+00:00,2026-09-21T07:59:44.308+00:00,2026-09-21T07:59:46.971+00:00,True,39,39.0,,39.0,82411.98968000001,85075.33944000001,85075.33944400001,2181.4189601025646,0.0,82411.98968000001,13188.120110981978,243.42700060000004,70.08815157894736,278.49518910207564,0.45841721298690824,60,64,,False,True,,230,59.56268577710819
55,2026-09-21T07:58:22.299+00:00,2026-09-21T07:59:47.002+00:00,2026-09-21T07:59:47.275+00:00,True,12,12.0,,12.0,84702.021296,84975.80152000001,84975.80174000001,7081.3168116666675,0.0,84702.021296,24444.1988574319,38155.519112500006,24.889111272727273,29.63654447811965,0.14121667328051818,60,64,,False,True,,92,59.56268577710819
56,2026-09-21T07:58:22.618+00:00,2026-09-21T07:59:47.912+00:00,2026-09-21T07:59:48.035+00:00,True,3,3.0,,3.0,85294.66028200001,85417.85849000001,85417.85862300001,28472.619541000004,61.291526,85294.66028200001,49209.33077754201,76771.38493530001,61.599104,0.4349894643689661,0.035121461167879946,60,64,,False,True,,10,59.56268577710819
57,2026-09-21T07:58:23.334+00:00,2026-09-21T07:59:51.240+00:00,2026-09-21T07:59:56.734+00:00,True,87,87.0,,87.0,87905.719441,93399.776657,93399.776594,1073.5606505057472,0.01568,87905.719441,9418.803189487508,126.896049,63.884386232558136,149.32131081976618,0.9314797434633871,60,64,,False,True,,351,59.56268577710819
58,2026-09-21T07:58:23.357+00:00,2026-09-21T07:59:51.745+00:00,2026-09-21T07:59:54.511+00:00,True,40,40.0,,40.0,88387.92413300001,91153.874341,91153.87411700001,2278.8468529250003,0.01738,88387.92413300001,13966.009940002788,288.36887185,70.9218002051282,231.26267802259446,0.43881842970670576,60,64,,False,True,,200,59.56268577710819
59,2026-09-21T07:58:23.510+00:00,2026-09-21T07:59:52.590+00:00,2026-09-21T07:59:54.689+00:00,True,33,33.0,,33.0,89079.716072,91178.61808799999,91178.618156,2762.988428969697,0.0152,89079.716072,15497.309259237863,736.2283984000001,65.590688,249.06274158627127,0.36192695932450336,60,64,,False,True,,66,59.56268577710819
60,2026-09-21T07:58:23.904+00:00,2026-09-21T07:59:54.542+00:00,2026-09-21T08:00:00.491+00:00,True,96,96.0,,96.0,90638.312942,96586.86923000001,96586.869246,1006.1132213125001,0.01795,90638.312942,9244.548833102255,79.200722,62.61638197894737,61.968876286494044,0.9939239232550078,60,64,,False,True,,288,59.56268577710819
61,2026-09-21T07:58:24.168+00:00,2026-09-21T07:59:56.151+00:00,2026-09-21T07:59:57.091+00:00,True,15,15.0,,15.0,91982.536546,92922.440802,92922.440868,6194.8293912,45.584354,91982.536546,23732.45602671232,27650.0218317,67.13601828571429,9.214311764666792,0.16142494612213362,60,64,,False,True,,75,59.56268577710819
62,2026-09-21T07:58:24.475+00:00,2026-09-21T07:59:57.495+00:00,2026-09-21T08:00:00.982+00:00,True,58,58.0,,58.0,93020.217773,96506.896045,96506.8959,1663.911998275862,40.096703,93020.217773,12206.125062798668,76.22234815,61.169794245614035,10.056872448252262,0.6009933214819726,60,64,,False,True,,60,59.56268577710819
63,2026-09-21T07:58:24.856+00:00,2026-09-21T07:59:59.543+00:00,2026-09-21T08:00:03.928+00:00,True,70,70.0,,70.0,94686.872123,99071.967291,99071.967129,1415.3138161285713,0.0,94686.872123,11311.854834856635,75.4072475,63.55210388405797,224.97110096910203,0.7065570808177443,60,64,,False,True,,226,59.56268577710819
64,2026-09-21T07:58:25.272+00:00,2026-09-21T08:00:02.884+00:00,2026-09-21T08:00:04.896+00:00,True,53,53.0,,53.0,97612.07744400001,99624.05978000001,99624.05976100001,1879.6992407735852,0.0,97612.07744400001,13402.773158416965,76.8498144,38.691968,32.185885638034605,0.5320000019778355,60,64,,False,True,,161,59.56268577710819
65,2026-09-21T07:58:25.602+00:00,2026-09-21T08:00:03.477+00:00,2026-09-21T08:00:03.790+00:00,True,6,6.0,,6.0,97875.570382,98187.984846,98187.98471,16364.664118333334,49.808733999999994,97875.570382,39932.02692704732,73426.17160575,62.482892799999995,10.777370624295482,0.0611072730478227,60,64,,False,True,,30,59.56268577710819
66,2026-09-21T07:58:25.989+00:00,2026-09-21T08:00:05.237+00:00,2026-09-21T08:00:05.504+00:00,True,5,5.0,,5.0,99248.443436,99515.56382,99515.56379,19903.112758,48.766675000000006,99248.443436,44355.38958102249,79414.19457420001,66.780096,12.4369556502426,0.05024339719406918,60,64,,False,True,,5,59.56268577710819
67,2026-09-21T07:58:26.239+00:00,2026-09-21T08:00:06.181+00:00,2026-09-21T08:00:09.979+00:00,True,64,64.0,,64.0,99941.587463,103739.617799,103739.617987,1620.931531046875,42.809184,99941.587463,12485.16546743574,73.59752549999999,60.286195809523804,8.442935179544303,0.6169292056194267,60,64,,False,True,,316,59.56268577710819
68,2026-09-21T07:58:26.582+00:00,2026-09-21T08:00:08.275+00:00,2026-09-21T08:00:13.589+00:00,True,85,85.0,,85.0,101693.70087199999,107007.733,107007.73301999999,1258.9145061176469,43.401604,101693.70087199999,11023.372609676902,77.17067899999999,63.26228723809524,9.237557693672777,0.7943351159490503,60,64,,True,True,,87,59.56268577710819
69,2026-09-21T07:58:26.823+00:00,2026-09-21T08:00:09.523+00:00,2026-09-21T08:00:12.102+00:00,True,41,41.0,,41.0,102699.599327,105278.690015,105278.689956,2567.7729257560977,41.487373,102699.599327,16028.915625118409,76.579466,64.4772672,9.0861625503027,0.3894425357511417,60,64,,True,True,,299,59.56268577710819
70,2026-09-21T07:58:27.146+00:00,2026-09-21T08:00:11.286+00:00,2026-09-21T08:00:11.430+00:00,True,3,3.0,,3.0,104139.86727799999,104284.350094,104284.350029,34761.45000966667,69.978206,104139.86727799999,60083.47187135714,93733.33100469998,72.241408,3.2007838988647763,0.02876749960368795,60,64,,True,True,,13,59.56268577710819
71,2026-09-21T07:58:27.412+00:00,2026-09-21T08:00:12.646+00:00,2026-09-21T08:00:12.646+00:00,True,1,1.0,,1.0,105234.347241,105234.347241,105234.347241,105234.347241,105234.347241,105234.347241,nan,105234.347241,nan,nan,0.009502600873361938,60,64,,True,True,,2,59.56268577710819
72,2026-09-21T07:58:27.690+00:00,2026-09-21T08:00:13.987+00:00,2026-09-21T08:00:18.655+00:00,True,75,75.0,,75.0,106297.22476000001,110965.17560800002,110965.17579900002,1479.53567732,43.869903,106297.22476000001,12266.866113713437,78.2241713,63.080416864864866,9.65369610900705,0.675887724135615,60,64,,True,True,,525,59.56268577710819
73,2026-09-21T07:58:27.954+00:00,2026-09-21T08:00:15.731+00:00,2026-09-21T08:00:21.653+00:00,True,94,94.0,,94.0,107777.29108499999,113699.12020499998,113699.12023199999,1209.5651088510638,45.547313,107777.29108499999,11109.814739989171,76.17284615,63.675581935483876,8.974589454790417,0.8267434244919187,60,64,,True,True,,188,59.56268577710819
74,2026-09-21T07:58:28.394+00:00,2026-09-21T08:00:17.709+00:00,2026-09-21T08:00:23.496+00:00,True,93,93.0,,93.0,109315.207374,115101.91457400001,115101.914464,1237.654994236559,41.629033,109315.207374,11328.940497829246,77.393298,62.89899130434783,9.408872306203367,0.8079796095851168,60,64,,True,True,,100,59.56268577710819
75,2026-09-21T07:58:28.803+00:00,2026-09-21T08:00:19.876+00:00,2026-09-21T08:00:20.406+00:00,True,9,9.0,,9.0,111072.864222,111602.67209400001,111602.672101,12400.296900111112,51.079154,111072.864222,37002.213777665726,66674.5221636,66.225984,9.342342479680045,0.08064323040956882,60,64,,True,True,,38,59.56268577710819
76,2026-09-21T07:58:29.072+00:00,2026-09-21T08:00:21.227+00:00,2026-09-21T08:00:24.564+00:00,True,55,55.0,,55.0,112155.98494400001,115492.63518400001,115492.63525200001,2099.866095490909,45.278734,112155.98494400001,15114.780945001707,78.139748,61.78981925925926,9.216571304085605,0.476220842241372,60,64,,True,True,,275,59.56268577710819
77,2026-09-21T07:58:29.421+00:00,2026-09-21T08:00:22.934+00:00,2026-09-21T08:00:22.934+00:00,True,1,1.0,,1.0,113513.153895,113513.153895,113513.153895,113513.153895,113513.153895,113513.153895,nan,113513.153895,nan,nan,0.008809551718781445,60,64,,True,True,,5,59.56268577710819
78,2026-09-21T07:58:29.690+00:00,2026-09-21T08:00:24.256+00:00,2026-09-21T08:00:24.379+00:00,True,3,3.0,,3.0,114565.306195,114688.783187,114688.783025,38229.59434166666,50.490864,114565.306195,66108.66663776962,103116.0741721,61.738496,15.906531091564622,0.026157745479856574,60,64,,True,True,,11,59.56268577710819
79,2026-09-21T07:58:29.993+00:00,2026-09-21T08:00:26.192+00:00,2026-09-21T08:00:28.814+00:00,True,42,42.0,,42.0,116199.347478,118821.03835799999,118821.038343,2829.0723414999998,46.451783999999996,116199.347478,17920.08466930544,79.526603,63.94368,10.167409708136443,0.3534727568484695,60,64,,True,True,,45,59.56268577710819
80,2026-09-21T07:58:30.326+00:00,2026-09-21T08:00:27.681+00:00,2026-09-21T08:00:30.520+00:00,True,47,47.0,,47.0,117354.66581399999,120193.362262,120193.36234499999,2557.3055818085104,42.538844,117354.66581399999,17108.938464936662,75.8322947,61.710792347826086,9.496361518356315,0.3910365690373851,60,64,,True,True,,94,59.56268577710819
81,2026-09-21T07:58:30.745+00:00,2026-09-21T08:00:29.796+00:00,2026-09-21T08:00:31.344+00:00,True,26,26.0,,26.0,119051.025479,120599.077447,120599.077573,4638.4260605,47.084633000000004,119051.025479,23335.684571986905,75.63959525,61.92207872,8.512622711760908,0.21559037225161437,60,64,,True,True,,80,59.56268577710819
82,2026-09-21T07:58:31.040+00:00,2026-09-21T08:00:31.350+00:00,2026-09-21T08:00:34.301+00:00,True,46,46.0,,46.0,120310.254823,123261.360359,123261.360302,2679.594789173913,46.722763,120310.254823,17729.112456037677,77.32194774999999,65.58012302222222,9.33086251511403,0.37319075390718165,60,64,,True,True,,184,59.56268577710819
83,2026-09-21T07:58:31.329+00:00,2026-09-21T08:00:32.921+00:00,2026-09-21T08:00:36.933+00:00,True,65,65.0,,65.0,121591.64908,125603.263032,125603.263257,1932.3578962615386,41.396052000000005,121591.64908,15073.815980447715,77.8167992,62.681468,9.157568691796207,0.517502479083206,60,64,,True,True,,75,59.56268577710819
84,2026-09-21T07:58:31.580+00:00,2026-09-21T08:00:33.978+00:00,2026-09-21T08:00:39.248+00:00,True,86,86.0,,86.0,122398.714812,127667.966396,127667.96622300001,1484.511235151163,41.689383,122398.714812,13191.911681933483,77.10294825000001,61.991195105882355,9.679675142298022,0.6736223849077813,60,64,,True,True,,473,59.56268577710819
85,2026-09-21T07:58:31.846+00:00,2026-09-21T08:00:35.108+00:00,2026-09-21T08:00:38.325+00:00,True,54,54.0,,54.0,123261.813158,126478.466982,126478.466877,2342.1938310555556,42.475853,123261.813158,16765.551678297692,76.49687664999999,60.69158158490566,9.406600393942913,0.4269501464441777,60,64,,True,True,,108,59.56268577710819
86,2026-09-21T07:58:32.254+00:00,2026-09-21T08:00:37.303+00:00,2026-09-21T08:00:38.582+00:00,True,22,22.0,,22.0,125048.65740800001,126327.83334400001,126327.83333400001,5742.174242454546,44.211353,125048.65740800001,26647.47838317811,74.91549155,60.913139809523805,9.950742089435098,0.17415006192730606,60,64,,True,True,,22,59.56268577710819
87,2026-09-21T07:58:32.532+00:00,2026-09-21T08:00:38.798+00:00,2026-09-21T08:00:43.829+00:00,True,78,78.0,,78.0,126266.400551,131296.752935,131296.752805,1683.291702628205,43.796033,126266.400551,14289.460888439471,78.87047199999999,65.32925174025974,9.946208138093533,0.5940740974654173,60,64,,True,True,,468,59.56268577710819
88,2026-09-21T07:58:32.823+00:00,2026-09-21T08:00:40.428+00:00,2026-09-21T08:00:40.754+00:00,True,6,6.0,,6.0,127605.31567200001,127931.55132000001,127931.551166,21321.925194333337,54.414144,127605.31567200001,52068.01533591592,95722.12772025,65.24712960000001,6.989173373997014,0.04690008006697249,60,64,,True,True,,36,59.56268577710819
89,2026-09-21T07:58:33.390+00:00,2026-09-21T08:00:41.947+00:00,2026-09-21T08:00:44.753+00:00,True,44,44.0,,44.0,128556.794156,131362.35089200002,131362.350834,2985.5079735,42.445624,128556.794156,19370.832904425333,81.113927,65.24550548837209,11.095776668900942,0.334951374585057,60,64,,True,True,,92,59.56268577710819
90,2026-09-21T07:58:33.510+00:00,2026-09-21T08:00:43.945+00:00,2026-09-21T08:00:44.805+00:00,True,14,14.0,,14.0,130435.657742,131295.527182,131295.527156,9378.251939714286,49.019633,130435.657742,34842.719315149705,45703.3528276,66.14380307692308,9.161397266652891,0.10662967962795411,60,64,,True,True,,42,59.56268577710819
91,2026-09-21T07:58:33.770+00:00,2026-09-21T08:00:45.752+00:00,2026-09-21T08:00:51.431+00:00,True,90,90.0,,90.0,131981.33319900002,137661.183695,137661.183603,1529.5687067000001,42.680233,131981.33319900002,13905.329953187265,77.76377049999999,63.818544898876404,9.135531873349859,0.6537790652694271,60,64,,True,True,,802,59.56268577710819
92,2026-09-21T07:58:34.016+00:00,2026-09-21T08:00:47.072+00:00,2026-09-21T08:00:48.369+00:00,True,21,21.0,,21.0,133055.244982,134352.537526,134352.537608,6397.739886095238,44.904073,133055.244982,29020.881844179177,83.20991599999999,64.8646272,9.955932540282046,0.15630519815032198,60,64,,True,True,,25,59.56268577710819
93,2026-09-21T07:58:34.291+00:00,2026-09-21T08:00:48.370+00:00,2026-09-21T08:00:53.378+00:00,True,81,81.0,,81.0,134079.36143000002,139087.36219800002,139087.362262,1717.127929160494,43.587803,134079.36143000002,14890.754127601855,78.872406,62.6000096,9.285255224191348,0.5823677918680431,60,64,,True,True,,809,59.56268577710819
94,2026-09-21T07:58:34.574+00:00,2026-09-21T08:00:49.914+00:00,2026-09-21T08:00:53.725+00:00,True,61,61.0,,61.0,135340.38427500002,139151.68846700003,139151.688438,2281.1752202950825,41.453223,135340.38427500002,17320.430206205365,77.503626,63.52173653333333,9.93098854559199,0.4383705341417126,60,64,,True,True,,184,59.56268577710819
95,2026-09-21T07:58:34.933+00:00,2026-09-21T08:00:51.860+00:00,2026-09-21T08:00:54.445+00:00,True,42,42.0,,42.0,136927.509972,139511.8653,139511.865294,3321.7110784285715,47.167834,136927.509972,21118.649391853927,78.374987,63.033056780487804,9.564484271195775,0.30104966276298506,60,64,,True,True,,129,59.56268577710819
96,2026-09-21T07:58:35.264+00:00,2026-09-21T08:00:53.575+00:00,2026-09-21T08:00:53.652+00:00,True,2,2.0,,2.0,138311.484466,138388.201522,138388.201691,69194.1008455,76.717225,138311.484466,97746.7413118551,131399.74610395,76.717056,nan,0.01445209908073019,60,64,,True,True,,4,59.56268577710819
97,2026-09-21T07:58:35.616+00:00,2026-09-21T08:00:55.549+00:00,2026-09-21T08:00:56.657+00:00,True,19,19.0,,19.0,139932.997546,141040.293034,141040.292999,7423.173315736842,51.638594,139932.997546,32088.719254790998,14062.608687999998,61.516416,7.202156710230623,0.1347132765487076,60,64,,True,True,,19,59.56268577710819
98,2026-09-21T07:58:35.904+00:00,2026-09-21T08:00:57.050+00:00,2026-09-21T08:00:58.819+00:00,True,29,29.0,,29.0,141145.964378,142914.40905000002,142914.408999,4928.083068931034,44.853584000000005,141145.964378,26198.42092659584,77.0272452,63.158738285714286,9.388064488872377,0.20291865734723827,60,64,,True,True,,145,59.56268577710819
99,2026-09-21T07:58:36.240+00:00,2026-09-21T08:00:58.814+00:00,2026-09-21T08:01:01.533+00:00,True,43,43.0,,43.0,142573.750474,145293.22849,145293.228527,3378.9122913255815,41.735003,142573.750474,21732.42146320593,77.7758669,64.74947657142857,10.659025627083604,0.29595322815033687,60,64,,True,True,,47,59.56268577710819
100,2026-09-21T07:58:36.505+00:00,2026-09-21T08:00:59.928+00:00,2026-09-21T08:01:04.955+00:00,True,80,80.0,,80.0,143422.74539899998,148449.85682299998,148449.856813,1855.6232101624996,45.011224,143422.74539899998,16028.03899841966,77.299269,63.63432182278481,10.06511518019427,0.5389025069615645,60,64,,True,True,,400,59.56268577710819
101,2026-09-21T07:58:36.750+00:00,2026-09-21T08:01:01.205+00:00,2026-09-21T08:01:01.729+00:00,True,9,9.0,,9.0,144454.799248,144978.943888,144978.943717,16108.771524111111,45.145974,144454.799248,48129.76172149782,86702.8664152,65.51808,12.073468086340064,0.0620779801441562,60,64,,True,True,,33,59.56268577710819
102,2026-09-21T07:58:37.015+00:00,2026-09-21T08:01:02.576+00:00,2026-09-21T08:01:08.680+00:00,True,98,98.0,,98.0,145560.934663,151664.96256699998,151664.962736,1547.6016605714285,44.907652999999996,145560.934663,14697.52097821782,76.79812899999999,62.92812272164948,9.160011094442982,0.6461611063050058,60,64,,True,True,,196,59.56268577710819
103,2026-09-21T07:58:37.296+00:00,2026-09-21T08:01:04.147+00:00,2026-09-21T08:01:05.197+00:00,True,18,18.0,,18.0,146851.190561,147901.05219299998,147901.052179,8216.725121055555,43.308684,146851.190561,34598.60318298674,22095.027284400003,61.756566588235295,11.46594317063755,0.1217029881336566,60,64,,True,True,,54,59.56268577710819
104,2026-09-21T07:58:37.588+00:00,2026-09-21T08:01:05.717+00:00,2026-09-21T08:01:09.968+00:00,True,69,69.0,,69.0,148129.645546,152380.011498,152380.011472,2208.405963362319,41.054963,148129.645546,17825.19184452445,77.416634,62.50538164705882,10.175861447210616,0.45281529592813835,60,64,,True,True,,276,59.56268577710819
105,2026-09-21T07:58:37.834+00:00,2026-09-21T08:01:07.004+00:00,2026-09-21T08:01:08.262+00:00,True,21,21.0,,21.0,149170.798957,150428.072813,150428.07269,7163.241556666666,42.890453,149170.798957,32538.02068478618,76.513806,62.863692799999995,10.57536515597423,0.13960160232927732,60,64,,True,True,,148,59.56268577710819
106,2026-09-21T07:58:38.164+00:00,2026-09-21T08:01:09.010+00:00,2026-09-21T08:01:12.664+00:00,True,59,59.0,,59.0,150845.975651,154500.808035,154500.808012,2618.657762915254,46.202324,150845.975651,19630.271825653035,78.87969989999999,63.01435144827587,9.584644330058328,0.3818750254473386,60,64,,True,True,,179,59.56268577710819
107,2026-09-21T07:58:38.427+00:00,2026-09-21T08:01:10.366+00:00,2026-09-21T08:01:10.620+00:00,True,5,5.0,,5.0,151938.677875,152192.426867,152192.42678399998,30438.4853568,44.262123,151938.677875,67920.6733997114,121565.838533,63.437248,13.201400542556586,0.03285314586887736,60,64,,True,True,,25,59.56268577710819
108,2026-09-21T07:58:38.760+00:00,2026-09-21T08:01:12.542+00:00,2026-09-21T08:01:15.206+00:00,True,42,42.0,,42.0,153781.965921,156445.818209,156445.81831899998,3724.9004361666666,43.313682,153781.965921,23719.049420864147,78.2423029,64.97200702439024,10.607941002733105,0.26846355166803576,60,64,,True,True,,88,59.56268577710819
109,2026-09-21T07:58:39.010+00:00,2026-09-21T08:01:13.710+00:00,2026-09-21T08:01:17.313+00:00,True,57,57.0,,57.0,154699.567161,158303.065657,158303.065719,2777.246767,48.236063,154699.567161,20481.937313934814,78.34363400000001,64.34818742857142,9.593980763347984,0.3600688322960442,60,64,,True,True,,142,59.56268577710819
110,2026-09-21T07:58:39.319+00:00,2026-09-21T08:01:15.629+00:00,2026-09-21T08:01:19.433+00:00,True,61,61.0,,61.0,156310.089982,160113.661694,160113.661455,2624.814122213115,44.603864,156310.089982,20005.34209181802,78.069606,63.392861866666664,10.070061860238049,0.38097935775511577,60,64,,True,True,,481,59.56268577710819
111,2026-09-21T07:58:39.761+00:00,2026-09-21T08:01:17.659+00:00,2026-09-21T08:01:22.133+00:00,True,72,72.0,,72.0,157898.65444800002,162372.86475200002,162372.86470600002,2255.1786764722224,46.103604,157898.65444800002,18601.111111117923,77.13328600000001,63.017046535211264,10.384372987538915,0.4434238449261156,60,64,,True,True,,7,59.56268577710819
112,2026-09-21T07:58:40.139+00:00,2026-09-21T08:01:19.702+00:00,2026-09-21T08:01:23.621+00:00,True,63,63.0,,63.0,159562.67175,163481.93703,163481.937106,2594.9513826349207,42.765792000000005,159562.67175,20095.04542681287,76.82743909999999,63.21395612903226,10.286235429459113,0.38536367469415955,60,64,,True,True,,385,59.56268577710819
113,2026-09-21T07:58:40.381+00:00,2026-09-21T08:01:21.049+00:00,2026-09-21T08:01:25.059+00:00,True,64,64.0,,64.0,160668.051817,164678.624361,164678.624359,2573.103505609375,44.171112,160668.051817,20075.551289565523,77.46381785,63.65988165079365,9.68198468231176,0.3886357458251685,60,64,,True,True,,200,59.56268577710819
114,2026-09-21T07:58:40.715+00:00,2026-09-21T08:01:22.876+00:00,2026-09-21T08:01:23.360+00:00,True,8,8.0,,8.0,162160.821146,162644.954522,162644.954602,20330.61932525,56.199692000000006,162160.821146,57308.05625420736,105432.01527065,69.16191085714286,8.56630455997068,0.04918689315331874,60,64,,True,True,,16,59.56268577710819
115,2026-09-21T07:58:41.024+00:00,2026-09-21T08:01:24.284+00:00,2026-09-21T08:01:27.446+00:00,True,52,52.0,,52.0,163259.98773,166421.924114,166421.92405099998,3200.4216163653846,45.278602,163259.98773,22631.491239294526,79.61167055,61.99875262745098,9.874113736531266,0.3124588318326358,60,64,,True,True,,156,59.56268577710819
116,2026-09-21T07:58:41.366+00:00,2026-09-21T08:01:25.982+00:00,2026-09-21T08:01:27.444+00:00,True,25,25.0,,25.0,164615.771867,166077.560539,166077.560346,6643.10241384,47.785803,164615.771867,32910.973855903314,81.00618560000001,60.90786133333334,8.505015117389927,0.15053207621103787,60,64,,True,True,,88,59.56268577710819
117,2026-09-21T07:58:41.722+00:00,2026-09-21T08:01:27.885+00:00,2026-09-21T08:01:32.188+00:00,True,70,70.0,,70.0,166162.879093,170465.733237,170465.733235,2435.2247605,45.074872000000006,166162.879093,19852.811109971575,75.60119,62.36020498550725,8.726083674156813,0.4106397143329586,60,64,,True,True,,302,59.56268577710819
118,2026-09-21T07:58:42.007+00:00,2026-09-21T08:01:29.093+00:00,2026-09-21T08:01:30.610+00:00,True,25,25.0,,25.0,167086.418018,168603.246434,168603.2464,6744.129856,49.111322,167086.418018,33404.64468467548,77.47939799999999,63.201184,9.584090386266968,0.1482770974388461,60,64,,True,True,,52,59.56268577710819
119,2026-09-21T07:58:42.389+00:00,2026-09-21T08:01:30.990+00:00,2026-09-21T08:01:34.213+00:00,True,53,53.0,,53.0,168600.915321,171823.211897,171823.212145,3241.9473989622643,42.872311,168600.915321,23150.606362947292,74.64058800000001,61.96724184615385,8.153320020610046,0.3084565782169817,60,64,,True,True,,139,59.56268577710819
120,2026-09-21T07:58:42.658+00:00,2026-09-21T08:01:32.318+00:00,2026-09-21T08:01:35.821+00:00,True,56,56.0,,56.0,169659.857005,173162.164845,173162.164934,3092.1815166785714,45.230333,169659.857005,22663.244457246477,77.550099,63.678324363636364,9.086861011977835,0.32339628030249234,60,64,,True,True,,224,59.56268577710819
122,2026-09-21T07:58:43.611+00:00,2026-09-21T08:01:35.114+00:00,2026-09-21T08:01:38.931+00:00,True,61,61.0,,61.0,171503.416757,175319.488437,175319.488373,2874.089973327869,43.269211999999996,171503.416757,21950.621338230616,76.945504,63.601194666666665,10.038660716552824,0.34793621943472636,60,64,,True,True,,131,59.56268577710819
121,2026-09-21T07:58:43.484+00:00,2026-09-21T08:01:35.327+00:00,2026-09-21T08:01:35.587+00:00,True,5,5.0,,5.0,171842.19901100002,172103.149283,172103.14918500002,34420.629837,50.146802,171842.19901100002,76820.9931364112,137488.8776256,65.237568,10.848270378695398,0.029052344601656222,60,64,,True,True,,13,59.56268577710819
123,2026-09-21T07:58:43.867+00:00,2026-09-21T08:01:38.737+00:00,2026-09-21T08:01:43.351+00:00,True,75,75.0,,75.0,174870.68054600002,179484.47459400003,179484.474415,2393.126325533334,41.488192000000005,174870.68054600002,20185.12965013632,75.791075,62.348568216216215,9.36925628031986,0.41786344010897064,60,64,,True,True,,151,59.56268577710819
124,2026-09-21T07:58:44.137+00:00,2026-09-21T08:01:39.859+00:00,2026-09-21T08:01:41.515+00:00,True,27,27.0,,27.0,175722.33125,177378.64587399998,177378.64608799998,6569.579484740741,50.196942,175722.33125,33805.51955295541,76.9319557,63.704408615384615,8.621488565274817,0.15221674439424526,60,64,,True,True,,108,59.56268577710819
125,2026-09-21T07:58:44.413+00:00,2026-09-21T08:01:41.105+00:00,2026-09-21T08:01:44.474+00:00,True,56,56.0,,56.0,176692.302158,180061.356366,180061.35639,3215.381364107143,43.699722,176692.302158,23603.318525873776,77.671854,61.25553105454546,10.01247436638247,0.311005099207251,60,64,,True,True,,56,59.56268577710819
126,2026-09-21T07:58:44.753+00:00,2026-09-21T08:01:43.099+00:00,2026-09-21T08:01:46.839+00:00,True,61,61.0,,61.0,178345.98394,182086.26630800002,182086.266252,2985.0207582295084,41.477252,178345.98394,22826.88371975315,78.75573399999999,62.33803946666667,9.528244527038986,0.33500604541376083,60,64,,True,True,,244,59.56268577710819
127,2026-09-21T07:58:44.997+00:00,2026-09-21T08:01:44.300+00:00,2026-09-21T08:01:45.715+00:00,True,24,24.0,,24.0,179303.12951,180717.502886,180717.502976,7529.895957333333,46.923932,179303.12951,36587.54687574852,78.6331095,61.494494608695646,10.121274950508386,0.1328039598640296,60,64,,True,True,,148,59.56268577710819
128,2026-09-21T07:58:45.262+00:00,2026-09-21T08:01:45.441+00:00,2026-09-21T08:01:50.653+00:00,True,84,84.0,,84.0,180178.867454,185390.76684599998,185390.76668499998,2207.03293672619,42.931182,180178.867454,19652.276823714878,76.5231502,62.793968578313255,9.023647551779579,0.4530969984593512,60,64,,True,True,,426,59.56268577710819
129,2026-09-21T07:58:45.644+00:00,2026-09-21T08:01:47.488+00:00,2026-09-21T08:01:48.566+00:00,True,18,18.0,,18.0,181844.795785,182922.257801,182922.257824,10162.34765688889,42.386683,181844.795785,42846.291707273886,27344.707149,63.3801185882353,10.175068204708305,0.09840245914514181,60,64,,True,True,,18,59.56268577710819
130,2026-09-21T07:58:46.076+00:00,2026-09-21T08:01:49.635+00:00,2026-09-21T08:01:55.461+00:00,True,92,92.0,,92.0,183558.591436,189384.41825199997,189384.418271,2058.526285554348,42.128572,183558.591436,19130.633497395564,76.3393945,64.0200749010989,8.757410767768373,0.4857844211744091,60,64,,True,True,,506,59.56268577710819
131,2026-09-21T07:58:46.510+00:00,2026-09-21T08:01:51.689+00:00,2026-09-21T08:01:54.813+00:00,True,51,51.0,,51.0,185178.97990200002,188303.73561400003,188303.735531,3692.230108450981,44.323192000000006,185178.97990200002,25921.49415180855,76.85442450000001,62.49511424,8.801060036385216,0.270839024163301,60,64,,True,True,,111,59.56268577710819
132,2026-09-21T07:58:46.767+00:00,2026-09-21T08:01:53.018+00:00,2026-09-21T08:01:58.620+00:00,True,89,89.0,,89.0,186251.398417,191852.725009,191852.72499999998,2155.648595505618,41.111011,186251.398417,19735.863741095458,77.0312442,63.651438545454546,9.009461016137951,0.46389750260688206,60,64,,True,True,,132,59.56268577710819
133,2026-09-21T07:58:47.134+00:00,2026-09-21T08:01:54.884+00:00,2026-09-21T08:01:58.560+00:00,True,59,59.0,,59.0,187749.5161,191425.239108,191425.23910900002,3244.495578118644,43.438743,187749.5161,24434.656045015097,79.44109909999999,63.37453462068965,9.108528753556806,0.30821432050928693,60,64,,True,True,,414,59.56268577710819
134,2026-09-21T07:58:47.393+00:00,2026-09-21T08:01:56.107+00:00,2026-09-21T08:01:59.226+00:00,True,50,50.0,,50.0,188714.19422900002,191833.26878900002,191833.268798,3836.6653759600003,43.981093,188714.19422900002,26679.216683053128,77.2237435,63.654582857142856,9.073428366499916,0.2606430068967634,60,64,,True,True,,450,59.56268577710819
135,2026-09-21T07:58:47.732+00:00,2026-09-21T08:01:58.223+00:00,2026-09-21T08:02:01.706+00:00,True,56,56.0,,56.0,190491.28299900002,193974.250807,193974.25084700002,3463.8259079821432,48.543622000000006,190491.28299900002,25447.007531497402,79.25863399999999,63.32668741818182,8.765554028203214,0.2886981120794158,60,64,,True,True,,169,59.56268577710819
136,2026-09-21T07:58:48.070+00:00,2026-09-21T08:01:59.798+00:00,2026-09-21T08:02:01.449+00:00,True,28,28.0,,28.0,191728.399669,193378.73413300002,193378.734108,6906.383361,47.467923,191728.399669,36221.71138009678,76.20765800000001,61.12349866666666,8.064516904322044,0.14479358408015253,60,64,,True,True,,109,59.56268577710819
137,2026-09-21T07:58:48.325+00:00,2026-09-21T08:02:01.282+00:00,2026-09-21T08:02:06.387+00:00,True,83,83.0,,83.0,192956.754072,198061.89045600002,198061.89031800002,2386.2878351566264,43.191973,192956.754072,21172.92325495151,75.8933699,62.25776078048781,8.310531726831156,0.419060929939163,60,64,,True,True,,415,59.56268577710819
138,2026-09-21T07:58:48.740+00:00,2026-09-21T08:02:03.620+00:00,2026-09-21T08:02:08.546+00:00,True,79,79.0,,79.0,194880.224285,199806.107165,199806.107052,2529.191228506329,42.956472000000005,194880.224285,21918.63460207244,76.43891799999999,63.152344615384614,8.292437802709223,0.39538330995439375,60,64,,True,True,,90,59.56268577710819
139,2026-09-21T07:58:49.109+00:00,2026-09-21T08:02:05.472+00:00,2026-09-21T08:02:09.061+00:00,True,58,58.0,,58.0,196363.05513800003,199952.34717000002,199952.34711100004,3447.454260534483,46.140012999999996,196363.05513800003,25775.46503196667,74.22698584999999,62.970035649122806,7.552172586497072,0.290069113070667,60,64,,True,True,,738,59.56268577710819
140,2026-09-21T07:58:49.455+00:00,2026-09-21T08:02:07.492+00:00,2026-09-21T08:02:08.867+00:00,True,22,22.0,,22.0,198036.91351100002,199412.017511,199412.017415,9064.182609772728,53.775803,198036.91351100002,42207.65193416798,77.75827005000001,65.48114285714286,8.067862579851905,0.11032434391165231,60,64,,True,True,,190,59.56268577710819
141,2026-09-21T07:58:49.859+00:00,2026-09-21T08:02:09.630+00:00,2026-09-21T08:02:14.143+00:00,True,73,73.0,,73.0,199770.913634,204283.918434,204283.91866,2798.409844657534,44.202472,199770.913634,23374.082376001777,78.08218240000001,62.680622222222226,8.92471718690289,0.3573457987275921,60,64,,True,True,,152,59.56268577710819
142,2026-09-21T07:58:50.244+00:00,2026-09-21T08:02:12.055+00:00,2026-09-21T08:02:14.519+00:00,True,40,40.0,,40.0,201810.717845,204274.647445,204274.64754900002,5106.866188725,43.132211000000005,201810.717845,31899.08864566634,78.12912045000002,63.17768205128205,10.499165048050505,0.19581480374734125,60,64,,True,True,,279,59.56268577710819
143,2026-09-21T07:58:50.517+00:00,2026-09-21T08:02:13.411+00:00,2026-09-21T08:02:15.613+00:00,True,36,36.0,,36.0,202894.44534,205096.379164,205096.37915,5697.121643055556,46.017992,202894.44534,33805.256855588246,75.91840400000001,62.912394971428576,9.745815192149385,0.1755272333267938,60,64,,True,True,,159,59.56268577710819
144,2026-09-21T07:58:50.946+00:00,2026-09-21T08:02:16.066+00:00,2026-09-21T08:02:16.401+00:00,True,6,6.0,,6.0,205119.38143,205454.63851800002,205454.638568,34242.439761333335,57.194353,205119.38143,83712.26354031224,153858.0068985,67.05141760000001,8.694302713990858,0.029203526594870896,60,64,,True,True,,24,59.56268577710819
145,2026-09-21T07:58:51.333+00:00,2026-09-21T08:02:17.860+00:00,2026-09-21T08:02:23.438+00:00,True,90,90.0,,90.0,206526.996856,212104.564344,212104.56418900003,2356.717379877778,42.780652,206526.996856,21763.253376550765,79.23834545,62.66929761797753,10.180491224462184,0.4243190158512301,60,64,,True,True,,180,59.56268577710819
146,2026-09-21T07:58:51.732+00:00,2026-09-21T08:02:20.121+00:00,2026-09-21T08:02:26.166+00:00,True,98,98.0,,98.0,208388.786137,214434.57660099998,214434.576535,2188.1079238265306,42.862342,208388.786137,21044.152513139266,79.2568972,62.327736742268044,9.907193475053305,0.45701584862570616,60,64,,True,True,,870,59.56268577710819
147,2026-09-21T07:58:52.154+00:00,2026-09-21T08:02:22.360+00:00,2026-09-21T08:02:22.534+00:00,True,4,4.0,,4.0,210206.519766,210380.482774,210380.482595,52595.12064875,51.141262000000005,210206.519766,105074.26626588186,178685.48853720003,57.987669333333336,7.692351217347614,0.019013170552978416,60,64,,True,True,,36,59.56268577710819
148,2026-09-21T07:58:52.457+00:00,2026-09-21T08:02:23.717+00:00,2026-09-21T08:02:27.566+00:00,True,64,64.0,,64.0,211260.459298,215109.479202,215109.479148,3361.0856116875,46.078101000000004,211260.459298,26399.92220020215,78.35474699999999,61.09555403174603,9.640022425607965,0.2975229182713067,60,64,,True,True,,259,59.56268577710819
149,2026-09-21T07:58:52.744+00:00,2026-09-21T08:02:25.289+00:00,2026-09-21T08:02:25.400+00:00,True,3,3.0,,3.0,212545.135771,212656.001947,212656.001768,70885.33392266667,49.398023,212545.135771,122680.98724416399,191296.76899130002,55.433088,8.534518633626153,0.01410729051864563,60,64,,True,True,,18,59.56268577710819
152,2026-09-21T07:58:53.681+00:00,2026-09-21T08:02:26.377+00:00,2026-09-21T08:02:27.051+00:00,True,12,12.0,,12.0,212695.771324,213369.865404,213369.865553,17780.822129416665,50.309832,212695.771324,61382.29062449652,95755.22199345,61.28128,8.96720068254864,0.056240369169652374,60,64,,True,True,,74,59.56268577710819
151,2026-09-21T07:58:53.676+00:00,2026-09-21T08:02:28.166+00:00,2026-09-21T08:02:31.259+00:00,True,50,50.0,,50.0,214490.42571399998,217583.18628999998,217583.18639199997,4351.663727839999,42.405491000000005,214490.42571399998,30324.60232192944,79.23312655,63.11756277551021,9.919116696190986,0.22979716793630747,60,64,,True,True,,100,59.56268577710819
150,2026-09-21T07:58:53.620+00:00,2026-09-21T08:02:28.235+00:00,2026-09-21T08:02:30.544+00:00,True,38,38.0,,38.0,214615.377982,216924.20563,216924.205674,5708.531728263158,44.789231,214615.377982,34805.09010656714,78.297629,62.40074724324324,9.388021030123197,0.17517639347641664,60,64,,True,True,,247,59.56268577710819
153,2026-09-21T07:58:53.924+00:00,2026-09-21T08:02:31.775+00:00,2026-09-21T08:02:37.111+00:00,True,84,84.0,,84.0,217851.663554,223186.974914,223186.974721,2656.987794297619,45.287022,217851.663554,23762.55384387506,78.0272205,64.28085975903615,10.421721685283766,0.3763660492838683,60,64,,True,True,,420,59.56268577710819
154,2026-09-21T07:58:54.331+00:00,2026-09-21T08:02:33.612+00:00,2026-09-21T08:02:33.675+00:00,True,2,2.0,,2.0,219280.91456600002,219343.857542,219343.85747900003,109671.92873950001,62.942913,219280.91456600002,155010.51431379665,208320.01598335002,62.942976,nan,0.009118103522078522,60,64,,True,True,,18,59.56268577710819
155,2026-09-21T07:58:54.596+00:00,2026-09-21T08:02:35.137+00:00,2026-09-21T08:02:35.698+00:00,True,10,10.0,,10.0,220540.20131200002,221101.15260800003,221101.15267100002,22110.1152671,52.815942,220540.20131200002,69721.22579817817,121332.44074,62.327921777777775,8.327488351054983,0.045228167660118175,60,64,,True,True,,40,59.56268577710819
156,2026-09-21T07:58:54.863+00:00,2026-09-21T08:02:36.361+00:00,2026-09-21T08:02:38.874+00:00,True,41,41.0,,41.0,221498.265887,224010.517791,224010.51778499997,5463.6711654878045,48.62723200000001,221498.265887,34582.40987107977,75.53045200000001,62.8062976,8.958962201569042,0.18302712035268215,60,64,,True,True,,246,59.56268577710819
157,2026-09-21T07:58:55.202+00:00,2026-09-21T08:02:38.078+00:00,2026-09-21T08:02:41.099+00:00,True,49,49.0,,49.0,222875.776132,225896.71539599999,225896.715417,4610.13704932653,42.848322,222875.776132,31830.407177846642,77.9040966,62.936234666666664,9.80365312507465,0.2169132911653998,60,64,,True,True,,245,59.56268577710819
158,2026-09-21T07:58:55.556+00:00,2026-09-21T08:02:39.732+00:00,2026-09-21T08:02:43.919+00:00,True,66,66.0,,66.0,224176.459744,228363.613408,228363.6133,3460.0547469696967,45.012271,224176.459744,27586.287277175445,79.89128299999999,64.41774867692307,10.267452414669464,0.28901276790572933,60,64,,True,True,,264,59.56268577710819
159,2026-09-21T07:58:55.812+00:00,2026-09-21T08:02:40.907+00:00,2026-09-21T08:02:46.982+00:00,True,97,97.0,,97.0,225095.076428,231170.307404,231170.307361,2383.199044958763,43.922971,225095.076428,22848.518878299987,76.9361164,63.283656,9.837752008400003,0.4196040619978065,60,64,,True,True,,112,59.56268577710819
160,2026-09-21T07:58:56.075+00:00,2026-09-21T08:02:42.373+00:00,2026-09-21T08:02:45.254+00:00,True,47,47.0,,47.0,226297.814232,229179.231704,229179.231864,4876.153869446809,41.276851,226297.814232,32999.7936584405,79.562878,62.639510260869564,11.085970169426306,0.20507966472591888,60,64,,True,True,,279,59.56268577710819
161,2026-09-21T07:58:56.510+00:00,2026-09-21T08:02:44.797+00:00,2026-09-21T08:02:46.544+00:00,True,29,29.0,,29.0,228287.041841,230034.650161,230034.650042,7932.229311793103,41.642860999999996,228287.041841,42380.25071826658,78.942861,62.41458285714286,11.00748466070501,0.12606796402065104,60,64,,True,True,,160,59.56268577710819
162,2026-09-21T07:58:56.849+00:00,2026-09-21T08:02:46.867+00:00,2026-09-21T08:02:47.129+00:00,True,5,5.0,,5.0,230017.823399,230279.46077499999,230279.460798,46055.8921596,45.323571,230017.823399,102837.84657529538,184029.47680979996,65.409344,13.799948537967815,0.021712748428247226,60,64,,True,True,,5,59.56268577710819
163,2026-09-21T07:58:57.262+00:00,2026-09-21T08:02:48.548+00:00,2026-09-21T08:02:54.045+00:00,True,89,89.0,,89.0,231285.674935,236782.838967,236782.83884699998,2660.4813353595505,42.199431,231285.674935,24509.61279083439,78.269589,62.46777309090909,9.579284539723,0.37587183424388193,60,64,,True,True,,362,59.56268577710819
164,2026-09-21T07:58:57.530+00:00,2026-09-21T08:02:50.076+00:00,2026-09-21T08:02:52.957+00:00,True,47,47.0,,47.0,232545.306811,235426.883771,235426.883992,5009.082638127659,40.211122,232545.306811,33911.083171634076,76.064864,62.64297739130435,9.812597168832777,0.19963735342016825,60,64,,True,True,,47,59.56268577710819
165,2026-09-21T07:58:57.876+00:00,2026-09-21T08:02:51.972+00:00,2026-09-21T08:02:52.887+00:00,True,15,15.0,,15.0,234096.592392,235010.874632,235010.87463399998,15667.391642266666,45.078031,234096.592392,60426.619004859844,70286.60821569999,65.30587428571428,9.267604871238435,0.06382683364541439,60,64,,True,True,,82,59.56268577710819
166,2026-09-21T07:58:58.204+00:00,2026-09-21T08:02:53.751+00:00,2026-09-21T08:02:55.464+00:00,True,29,29.0,,29.0,235546.62162,237259.3717,237259.37185,8181.35765,45.124922,235546.62162,43728.551516758744,76.5093366,61.169645714285714,8.921674389986597,0.12222910223613308,60,64,,True,True,,58,59.56268577710819
167,2026-09-21T07:58:58.591+00:00,2026-09-21T08:02:55.652+00:00,2026-09-21T08:02:58.199+00:00,True,41,41.0,,41.0,237061.392061,239607.94284499998,239607.943035,5844.0961715853655,50.670142999999996,237061.392061,37012.82767758689,78.21517200000001,63.6637696,8.229480355582208,0.17111285841856458,60,64,,True,True,,143,59.56268577710819
168,2026-09-21T07:58:58.864+00:00,2026-09-21T08:02:57.444+00:00,2026-09-21T08:03:02.215+00:00,True,77,77.0,,77.0,238580.23622,243350.53356399998,243350.53358699998,3160.396540090909,42.788212,238580.23622,27181.589824091996,78.0433588,62.767070315789475,9.222961397731751,0.31641599002185616,60,64,,True,True,,847,59.56268577710819
169,2026-09-21T07:58:59.139+00:00,2026-09-21T08:02:58.758+00:00,2026-09-21T08:02:59.672+00:00,True,16,16.0,,16.0,239619.156928,240533.4064,240533.40641000003,15033.337900625002,43.151372,239619.156928,59889.55269472669,59962.52992675,60.9499648,11.065444270273597,0.06651882680026769,60,64,,True,True,,6,59.56268577710819
170,2026-09-21T07:58:59.483+00:00,2026-09-21T08:03:00.356+00:00,2026-09-21T08:03:02.094+00:00,True,29,29.0,,29.0,240873.118078,242610.825854,242610.825969,8365.890550655173,42.475021999999996,240873.118078,44717.49194811036,81.5571404,62.060992,10.838185480520279,0.11953300063143851,60,64,,True,True,,34,59.56268577710819
171,2026-09-21T07:58:59.922+00:00,2026-09-21T08:03:02.963+00:00,2026-09-21T08:03:05.793+00:00,True,45,45.0,,45.0,243041.185713,245870.78596900002,245870.78600300002,5463.795244511111,46.870951999999996,243041.185713,36220.85525453653,79.893405,64.30909672727273,8.82094898691667,0.18302296396316767,60,64,,True,True,,95,59.56268577710819
172,2026-09-21T07:59:00.212+00:00,2026-09-21T08:03:04.250+00:00,2026-09-21T08:03:08.522+00:00,True,67,67.0,,67.0,244038.801228,248310.597964,248310.597798,3706.1283253432834,46.257881999999995,244038.801228,29806.178884599045,79.29366,64.72419296969697,9.386462974859718,0.2698233605386172,60,64,,True,True,,134,59.56268577710819
173,2026-09-21T07:59:00.633+00:00,2026-09-21T08:03:06.464+00:00,2026-09-21T08:03:07.959+00:00,True,24,24.0,,24.0,245830.554382,247326.127886,247326.128115,10305.255338125,46.193262000000004,245830.554382,50166.67916935184,74.70761065,65.02493495652175,7.564552485026001,0.09703786739046963,60,64,,True,True,,156,59.56268577710819
174,2026-09-21T07:59:00.990+00:00,2026-09-21T08:03:08.645+00:00,2026-09-21T08:03:14.959+00:00,True,100,100.0,,100.0,247654.50802200002,253969.278454,253969.27851300003,2539.69278513,41.915021,247654.50802200002,24759.074368404847,79.06484649999999,63.78555991919192,10.303522227643999,0.39374841165331115,60,64,,True,True,,100,59.56268577710819
175,2026-09-21T07:59:01.318+00:00,2026-09-21T08:03:08.983+00:00,2026-09-21T08:03:11.222+00:00,True,37,37.0,,37.0,247665.55339,249904.72855799997,249904.728698,6754.181856702702,41.959142,247665.55339,40705.741905348645,76.38652619999999,62.19931022222222,10.197548638628568,0.14805642219535967,60,64,,True,True,,111,59.56268577710819
176,2026-09-21T07:59:01.651+00:00,2026-09-21T08:03:10.750+00:00,2026-09-21T08:03:15.919+00:00,True,82,82.0,,82.0,249099.296647,254268.902279,254268.902169,3100.8402703536585,43.226871,249099.296647,27501.369118038518,77.86861549999999,63.82229175308642,9.551166776178173,0.32249323163406113,60,64,,True,True,,577,59.56268577710819
177,2026-09-21T07:59:02.056+00:00,2026-09-21T08:03:12.985+00:00,2026-09-21T08:03:13.830+00:00,True,14,14.0,,14.0,250928.360724,251774.2925,251774.292494,17983.878035285714,51.146641,250928.360724,67046.03462287158,87873.38017385,65.07167507692309,8.006654601801538,0.05560535931205129,60,64,,True,True,,100,59.56268577710819
178,2026-09-21T07:59:02.455+00:00,2026-09-21T08:03:15.919+00:00,2026-09-21T08:03:16.807+00:00,True,16,16.0,,16.0,253464.224525,254352.049933,254352.050146,15897.003134125,46.987321,253464.224525,63351.25969344844,63422.093741000004,59.18836053333333,9.435985914954651,0.06290493827045873,60,64,,True,True,,79,59.56268577710819
179,2026-09-21T07:59:02.718+00:00,2026-09-21T08:03:17.359+00:00,2026-09-21T08:03:18.715+00:00,True,23,23.0,,23.0,254640.935388,255996.80329200003,255996.80318800002,11130.29579078261,41.814741000000005,254640.935388,53083.45535980251,80.64729689999999,61.630359272727276,9.070284313472,0.0898448719055499,60,64,,True,True,,92,59.56268577710819
180,2026-09-21T07:59:03.007+00:00,2026-09-21T08:03:18.866+00:00,2026-09-21T08:03:19.812+00:00,True,16,16.0,,16.0,255859.14508199997,256804.75199399996,256804.75201399997,16050.297000874998,45.729152,255859.14508199997,63949.02688767438,64021.58298524999,63.0404608,10.020259064488696,0.0623041430338245,60,64,,True,True,,112,59.56268577710819
181,2026-09-21T07:59:03.422+00:00,2026-09-21T08:03:21.339+00:00,2026-09-21T08:03:25.807+00:00,True,71,71.0,,71.0,257916.913375,262384.484831,262384.484912,3695.556125521127,45.961202,257916.913375,30601.533053532396,79.012163,63.82244937142857,8.529640539627069,0.2705952680309227,60,64,,True,True,,491,59.56268577710819
182,2026-09-21T07:59:03.722+00:00,2026-09-21T08:03:22.649+00:00,2026-09-21T08:03:24.523+00:00,True,31,31.0,,31.0,258926.63673,260801.520058,260801.519986,8412.952257612904,45.703072,258926.63673,46493.37319924296,78.9863425,62.49611093333333,9.99731159055735,0.11886433788079866,60,64,,True,True,,279,59.56268577710819
183,2026-09-21T07:59:04.095+00:00,2026-09-21T08:03:24.413+00:00,2026-09-21T08:03:27.095+00:00,True,44,44.0,,44.0,260318.306803,262999.65720300004,262999.657227,5977.2649369772735,43.977462,260318.306803,39235.061742273414,75.2692405,62.35698604651163,9.230403761009576,0.16730059828951782,60,64,,True,True,,132,59.56268577710819
184,2026-09-21T07:59:04.430+00:00,2026-09-21T08:03:26.200+00:00,2026-09-21T08:03:30.261+00:00,True,66,66.0,,66.0,261770.035161,265830.955225,265830.955003,4027.741742469697,41.597131999999995,261770.035161,32213.975250963213,77.62664775,62.47569329230769,10.087490890764688,0.24827808313045197,60,64,,True,True,,264,59.56268577710819
186,2026-09-21T07:59:05.700+00:00,2026-09-21T08:03:30.206+00:00,2026-09-21T08:03:30.336+00:00,True,3,3.0,,3.0,264505.940879,264636.140687,264636.140604,88212.046868,57.596032,264505.940879,152674.99093001036,238062.60716040002,65.099904,10.611896533375738,0.011336320096763608,60,64,,True,True,,6,59.56268577710819
185,2026-09-21T07:59:05.690+00:00,2026-09-21T08:03:30.995+00:00,2026-09-21T08:03:30.995+00:00,True,1,1.0,,1.0,265305.090878,265305.090878,265305.090878,265305.090878,265305.090878,265305.090878,nan,265305.090878,nan,nan,0.003769245424920428,60,64,,True,True,,1,59.56268577710819
187,2026-09-21T07:59:05.806+00:00,2026-09-21T08:03:31.237+00:00,2026-09-21T08:03:36.459+00:00,True,83,83.0,,83.0,265431.565521,270652.670417,270652.67047,3260.8755478313255,44.506201000000004,265431.565521,29127.91186705096,76.596486,63.67201092682927,9.122027146485477,0.30666610409614736,60,64,,True,True,,913,59.56268577710819
188,2026-09-21T07:59:05.916+00:00,2026-09-21T08:03:33.324+00:00,2026-09-21T08:03:39.462+00:00,True,97,97.0,,97.0,267407.587463,273545.190535,273545.190502,2820.0535103298967,43.031991000000005,267407.587463,27144.636935651062,77.806502,63.933365333333334,9.190198245459024,0.35460320033515225,60,64,,True,True,,673,59.56268577710819
189,2026-09-21T07:59:05.996+00:00,2026-09-21T08:03:34.610+00:00,2026-09-21T08:03:36.836+00:00,True,36,36.0,,36.0,268613.577722,270839.91013800004,270839.910079,7523.330835527779,46.936672,268613.577722,44758.328976590834,76.43615700000001,63.609497600000005,9.301581483611619,0.13291984915242755,60,64,,True,True,,84,59.56268577710819
190,2026-09-21T07:59:06.407+00:00,2026-09-21T08:03:36.963+00:00,2026-09-21T08:03:37.017+00:00,True,2,2.0,,2.0,270556.163309,270609.936621,270609.93655000004,135304.96827500002,53.773241,270556.163309,191274.07434425142,257031.04380560003,53.773312,nan,0.0073907116086468026,60,64,,True,True,,6,59.56268577710819
191,2026-09-21T07:59:06.812+00:00,2026-09-21T08:03:38.872+00:00,2026-09-21T08:03:42.024+00:00,True,50,50.0,,50.0,272060.74253600003,275212.110984,275212.11116000003,5504.242223200001,41.139271,272060.74253600003,38466.105521353216,79.1290225,64.31364179591837,11.403901691741737,0.18167805123556804,60,64,,True,True,,250,59.56268577710819
192,2026-09-21T07:59:07.181+00:00,2026-09-21T08:03:40.983+00:00,2026-09-21T08:03:44.636+00:00,True,58,58.0,,58.0,273802.85762300005,277455.31739900005,277455.3175090001,4783.712370844828,46.266859,273802.85762300005,35943.66375521465,76.99538735,64.07824168421052,8.96962460206487,0.20904266872129168,60,64,,True,True,,518,59.56268577710819
193,2026-09-21T07:59:07.573+00:00,2026-09-21T08:03:42.925+00:00,2026-09-21T08:03:46.248+00:00,True,53,53.0,,53.0,275352.261831,278675.282375,278675.282332,5258.024194943396,42.824000999999996,275352.261831,37813.765178146015,77.1505454,63.90424123076923,9.33871761268016,0.1901855074777692,60,64,,True,True,,134,59.56268577710819
194,2026-09-21T07:59:07.857+00:00,2026-09-21T08:03:44.630+00:00,2026-09-21T08:03:49.253+00:00,True,73,73.0,,73.0,276772.93450800003,281395.73694000003,281395.73690500006,3854.736121986302,43.271181,276772.93450800003,32386.308514460336,77.841244,64.20558933333334,9.734243689778534,0.25942112980753956,60,64,,True,True,,109,59.56268577710819
195,2026-09-21T07:59:08.228+00:00,2026-09-21T08:03:46.307+00:00,2026-09-21T08:03:48.616+00:00,True,38,38.0,,38.0,278078.786255,280387.967439,280387.967424,7378.63072168421,41.778091,278078.786255,45100.21267284523,77.945834,62.41030227027027,9.950879601069625,0.135526500466776,60,64,,True,True,,114,59.56268577710819
196,2026-09-21T07:59:08.653+00:00,2026-09-21T08:03:48.556+00:00,2026-09-21T08:03:50.976+00:00,True,39,39.0,,39.0,279902.704668,282323.44758,282323.447619,7239.062759461538,43.768161,279902.704668,44810.10358519726,79.0863741,63.70376084210526,9.6295063627813,0.13813942955959704,60,64,,True,True,,39,59.56268577710819
197,2026-09-21T07:59:09.094+00:00,2026-09-21T08:03:50.920+00:00,2026-09-21T08:03:56.522+00:00,True,89,89.0,,89.0,281825.585102,287428.237774,287428.237899,3229.530762910112,45.024631,281825.585102,29866.705126696477,77.699302,63.66650763636363,9.48562709495883,0.3096425065583821,60,64,,True,True,,186,59.56268577710819
198,2026-09-21T07:59:09.477+00:00,2026-09-21T08:03:52.934+00:00,2026-09-21T08:03:57.560+00:00,True,74,74.0,,74.0,283456.993504,288082.991072,288082.9912,3893.013394594595,41.431271,283456.993504,32943.84102903999,76.62389434999999,63.36982969863014,9.81494241794554,0.25687042377835256,60,64,,True,True,,222,59.56268577710819
199,2026-09-21T07:59:09.763+00:00,2026-09-21T08:03:54.156+00:00,2026-09-21T08:03:55.067+00:00,True,16,16.0,,16.0,284392.77689,285303.730106,285303.73014899995,17831.483134312497,46.978790999999994,284392.77689,71083.01237088011,71157.36467825,60.7302144,10.345742133286915,0.05608058469496862,60,64,,True,True,,144,59.56268577710819
201,2026-09-21T07:59:10.430+00:00,2026-09-21T08:03:55.448+00:00,2026-09-21T08:03:57.077+00:00,True,27,27.0,,27.0,285018.03479799995,286646.4152139999,286646.41530199995,10616.533900074071,42.475951,285018.03479799995,54839.69407165775,78.3923824,62.630016,9.8640122196178,0.09419270071751208,60,64,,True,True,,39,59.56268577710819
202,2026-09-21T07:59:10.699+00:00,2026-09-21T08:03:57.073+00:00,2026-09-21T08:04:03.230+00:00,True,97,97.0,,97.0,286373.856584,292531.147848,292531.14801299997,3015.7850310618555,45.887131000000004,286373.856584,29070.348792521454,77.168932,64.13845066666667,8.93227254383368,0.33158862129239475,60,64,,True,True,,100,59.56268577710819
203,2026-09-21T07:59:11.039+00:00,2026-09-21T08:03:59.088+00:00,2026-09-21T08:03:59.366+00:00,True,5,5.0,,5.0,288048.961651,288327.484787,288327.48481700005,57665.4969634,63.077091,288048.961651,128788.2720770927,230454.4407812,69.630784,5.6740752708775375,0.017341392214806427,60,64,,True,True,,20,59.56268577710819
200,2026-09-21T07:59:10.067+00:00,2026-09-21T08:03:59.867+00:00,2026-09-21T08:04:03.927+00:00,True,64,64.0,,64.0,289799.85436799994,293860.62108799996,293860.62116299995,4591.572205671874,48.361151,289799.85436799994,36216.9258184687,78.8153805,64.4566146031746,8.995632826435816,0.21779032441653506,60,64,,True,True,,64,59.56268577710819
204,2026-09-21T07:59:11.377+00:00,2026-09-21T08:04:02.503+00:00,2026-09-21T08:04:07.194+00:00,True,76,76.0,,76.0,291126.164747,295817.275659,295817.275476,3892.3325720526313,44.437511,291126.164747,33387.287856111834,76.19475625,62.54814549333333,9.208666278742264,0.25691535367801893,60,64,,True,True,,155,59.56268577710819
205,2026-09-21T07:59:11.694+00:00,2026-09-21T08:04:04.297+00:00,2026-09-21T08:04:07.376+00:00,True,51,51.0,,51.0,292602.844482,295682.213186,295682.213156,5797.690454039215,44.078561,292602.844482,40963.970782573895,77.409977,61.58737408,9.906935703230243,0.1724824751900726,60,64,,True,True,,256,59.56268577710819
206,2026-09-21T07:59:12.009+00:00,2026-09-21T08:04:05.953+00:00,2026-09-21T08:04:11.476+00:00,True,88,88.0,,88.0,293943.745528,299467.153912,299467.153853,3403.0358392386365,43.012821,293943.745528,31327.742106190828,77.2395215,63.48745268965517,9.195017511286348,0.2938552654287397,60,64,,True,True,,264,59.56268577710819
207,2026-09-21T07:59:12.378+00:00,2026-09-21T08:04:08.029+00:00,2026-09-21T08:04:11.601+00:00,True,57,57.0,,57.0,295651.433668,299223.441604,299223.441733,5249.534065491228,45.219561,295651.433668,39151.54144651037,79.1859938,63.785856,9.189662511099685,0.19049309671210607,60,64,,True,True,,171,59.56268577710819
208,2026-09-21T07:59:12.634+00:00,2026-09-21T08:04:09.294+00:00,2026-09-21T08:04:12.647+00:00,False,56,55.0,,55.0,296659.50663300004,300012.54240900005,300012.54234300007,5357.366827553572,0.026969999999999997,296659.50663300004,39634.64953113768,76.33425600000001,60.964286836363634,13.1523412149649,0.1833256688482703,60,64,,True,False,Request timeout: 300.0s exceeded,192,59.56268577710819
209,2026-09-21T07:59:12.987+00:00,2026-09-21T08:04:11.205+00:00,2026-09-21T08:04:12.764+00:00,True,27,27.0,,27.0,298218.61051200004,299777.674064,299777.67402400007,11102.876815703705,45.145762000000005,298218.61051200004,57380.65898919565,77.763801,59.96398276923077,9.20940020846462,0.09006674724628001,60,64,,True,True,,110,59.56268577710819
210,2026-09-21T07:59:13.234+00:00,2026-09-21T08:04:12.820+00:00,2026-09-21T08:04:13.257+00:00,False,9,8.0,,8.0,299585.648283,300022.274203,300022.274132,33335.808236888886,0.02597,299585.648283,99843.69258140752,179783.02667459997,54.57824,24.190167252602684,0.026664686884504678,60,64,,True,False,Request timeout: 300.0s exceeded,38,59.56268577710819
211,2026-09-21T07:59:13.525+00:00,2026-09-21T08:04:13.609+00:00,2026-09-21T08:04:13.609+00:00,False,1,0.0,,0.0,300083.997974,300083.997974,300083.997974,300083.997974,300083.997974,300083.997974,nan,300083.997974,nan,nan,0.0,60,64,,True,False,"HTTPConnectionPool(host='gpu06', port=9004): Read timed out.",0,59.56268577710819
212,2026-09-21T07:59:13.954+00:00,2026-09-21T08:04:14.060+00:00,2026-09-21T08:04:14.060+00:00,False,1,0.0,,0.0,300106.08776599995,300106.08776599995,300106.08776599995,300106.08776599995,300106.08776599995,300106.08776599995,nan,300106.08776599995,nan,nan,0.0,60,64,,True,False,"HTTPConnectionPool(host='gpu06', port=9004): Read timed out.",0,59.56268577710819
213,2026-09-21T07:59:14.335+00:00,2026-09-21T08:04:14.407+00:00,2026-09-21T08:04:14.407+00:00,False,1,0.0,,0.0,300071.99067,300071.99067,300071.99067,300071.99067,300071.99067,300071.99067,nan,300071.99067,nan,nan,0.0,60,64,,True,False,"HTTPConnectionPool(host='gpu06', port=9004): Read timed out.",0,59.56268577710819
214,2026-09-21T07:59:14.627+00:00,2026-09-21T08:04:14.732+00:00,2026-09-21T08:04:14.732+00:00,False,1,0.0,,0.0,300104.92723000003,300104.92723000003,300104.92723000003,300104.92723000003,300104.92723000003,300104.92723000003,nan,300104.92723000003,nan,nan,0.0,60,64,,True,False,"HTTPConnectionPool(host='gpu06', port=9004): Read timed out.",0,59.56268577710819
215,2026-09-21T07:59:14.971+00:00,2026-09-21T08:04:15.080+00:00,2026-09-21T08:04:15.080+00:00,False,1,0.0,,0.0,300109.66299800004,300109.66299800004,300109.66299800004,300109.66299800004,300109.66299800004,300109.66299800004,nan,300109.66299800004,nan,nan,0.0,60,64,,True,False,"HTTPConnectionPool(host='gpu06', port=9004): Read timed out.",0,59.56268577710819
216,2026-09-21T07:59:15.229+00:00,2026-09-21T08:04:15.333+00:00,2026-09-21T08:04:15.333+00:00,False,1,0.0,,0.0,300103.64829000004,300103.64829000004,300103.64829000004,300103.64829000004,300103.64829000004,300103.64829000004,nan,300103.64829000004,nan,nan,0.0,60,64,,True,False,"HTTPConnectionPool(host='gpu06', port=9004): Read timed out.",0,59.56268577710819
217,2026-09-21T07:59:15.634+00:00,2026-09-21T08:04:15.646+00:00,2026-09-21T08:04:15.805+00:00,False,3,2.0,,2.0,300011.921621,300170.803669,300170.803715,100056.93457166666,0.02392,300011.921621,173166.11660918067,270026.6152763,79.441024,112.31290395311356,0.006662873189377242,60,64,,True,False,Request timeout: 300.0s exceeded,9,59.56268577710819
218,2026-09-21T07:59:16.075+00:00,2026-09-21T08:04:16.172+00:00,2026-09-21T08:04:16.172+00:00,False,1,0.0,,0.0,300096.814973,300096.814973,300096.814973,300096.814973,300096.814973,300096.814973,nan,300096.814973,nan,nan,0.0,60,64,,True,False,"HTTPConnectionPool(host='gpu06', port=9004): Read timed out.",0,59.56268577710819
219,2026-09-21T07:59:16.423+00:00,2026-09-21T08:04:16.528+00:00,2026-09-21T08:04:16.528+00:00,False,1,0.0,,0.0,300105.11346100003,300105.11346100003,300105.11346100003,300105.11346100003,300105.11346100003,300105.11346100003,nan,300105.11346100003,nan,nan,0.0,60,64,,True,False,"HTTPConnectionPool(host='gpu06', port=9004): Read timed out.",0,59.56268577710819
220,2026-09-21T07:59:16.714+00:00,2026-09-21T08:04:16.823+00:00,2026-09-21T08:04:16.823+00:00,False,1,0.0,,0.0,300109.732901,300109.732901,300109.732901,300109.732901,300109.732901,300109.732901,nan,300109.732901,nan,nan,0.0,60,64,,True,False,"HTTPConnectionPool(host='gpu06', port=9004): Read timed out.",0,59.56268577710819
221,2026-09-21T07:59:17.016+00:00,2026-09-21T08:04:17.128+00:00,2026-09-21T08:04:17.128+00:00,False,1,0.0,,0.0,300111.19364,300111.19364,300111.19364,300111.19364,300111.19364,300111.19364,nan,300111.19364,nan,nan,0.0,60,64,,True,False,"HTTPConnectionPool(host='gpu06', port=9004): Read timed out.",0,59.56268577710819
222,2026-09-21T07:59:17.275+00:00,2026-09-21T08:04:17.343+00:00,2026-09-21T08:04:17.343+00:00,False,1,0.0,,0.0,300068.57812300004,300068.57812300004,300068.57812300004,300068.57812300004,300068.57812300004,300068.57812300004,nan,300068.57812300004,nan,nan,0.0,60,64,,True,False,TTFT timeout: 300.0s exceeded (TTFT: 300.061s),0,59.56268577710819
223,2026-09-21T07:59:17.708+00:00,2026-09-21T08:04:17.804+00:00,2026-09-21T08:04:17.804+00:00,False,1,0.0,,0.0,300095.940415,300095.940415,300095.940415,300095.940415,300095.940415,300095.940415,nan,300095.940415,nan,nan,0.0,60,64,,True,False,TTFT timeout: 300.0s exceeded (TTFT: 300.082s),0,59.56268577710819
224,2026-09-21T07:59:18.011+00:00,2026-09-21T08:04:18.033+00:00,2026-09-21T08:04:18.033+00:00,False,1,0.0,,0.0,300022.793742,300022.793742,300022.793742,300022.793742,300022.793742,300022.793742,nan,300022.793742,nan,nan,0.0,60,64,,True,False,TTFT timeout: 300.0s exceeded (TTFT: 300.004s),0,59.56268577710819
226,2026-09-21T07:59:19.521+00:00,2026-09-21T08:04:19.274+00:00,2026-09-21T08:04:19.977+00:00,False,14,13.0,,13.0,299753.421405,300456.439133,300456.43919999996,21461.174228571428,0.052020000000000004,299753.421405,80098.02099650017,104966.58607554999,54.078286769230765,20.219630929486545,0.04326750339421224,60,64,,True,False,Request timeout: 300.0s exceeded,52,59.56268577710819
228,2026-09-21T07:59:19.773+00:00,2026-09-21T08:04:19.355+00:00,2026-09-21T08:04:19.903+00:00,False,12,11.0,,11.0,299582.251885,300129.64798099996,300129.64815699996,25010.804013083332,0.03564,299582.251885,86467.58356317108,134851.77673784998,49.76328145454546,20.0091194592027,0.03665082764731183,60,64,,True,False,Request timeout: 300.0s exceeded,77,59.56268577710819
225,2026-09-21T07:59:19.474+00:00,2026-09-21T08:04:19.430+00:00,2026-09-21T08:04:19.978+00:00,False,12,11.0,,11.0,299956.104903,300503.811271,300503.811374,25041.984281166668,0.02886,299956.104903,86575.49774547535,135022.0239584,49.791488,21.18916465072014,0.0366051929706808,60,64,,True,False,Request timeout: 300.0s exceeded,22,59.56268577710819
229,2026-09-21T07:59:19.878+00:00,2026-09-21T08:04:20.040+00:00,2026-09-21T08:04:20.040+00:00,False,1,0.0,,0.0,300162.43944,300162.43944,300162.43944,300162.43944,300162.43944,300162.43944,nan,300162.43944,nan,nan,0.0,60,64,,True,False,"HTTPConnectionPool(host='gpu06', port=9004): Read timed out.",0,59.56268577710819
230,2026-09-21T07:59:19.933+00:00,2026-09-21T08:04:20.647+00:00,2026-09-21T08:04:21.358+00:00,False,10,9.0,,9.0,300713.41304799996,301424.356536,301424.35642299993,30142.435642299995,0.029079999999999998,300713.41304799996,95068.96094554136,165470.05454019998,78.9937208888889,46.549461695158186,0.029858237414616837,60,64,,True,False,Request timeout: 300.0s exceeded,9,59.56268577710819
227,2026-09-21T07:59:19.622+00:00,2026-09-21T08:04:20.648+00:00,2026-09-21T08:04:21.357+00:00,False,10,9.0,,9.0,301025.364355,301734.76723500004,301734.76739000005,30173.476739,0.02485,301025.364355,95167.66295769611,165642.39466255,78.82254222222222,47.088556412688426,0.02982752064826037,60,64,,True,False,Request timeout: 300.0s exceeded,34,59.56268577710819
231,2026-09-21T07:59:20.293+00:00,2026-09-21T08:04:21.541+00:00,2026-09-21T08:04:21.541+00:00,False,1,0.0,,0.0,301248.087355,301248.087355,301248.087355,301248.087355,301248.087355,301248.087355,nan,301248.087355,nan,nan,0.0,60,64,,True,False,"HTTPConnectionPool(host='gpu06', port=9004): Read timed out.",0,59.56268577710819
235,2026-09-21T07:59:21.540+00:00,2026-09-21T08:04:21.897+00:00,2026-09-21T08:04:21.897+00:00,False,1,0.0,,0.0,300356.406372,300356.406372,300356.406372,300356.406372,300356.406372,300356.406372,nan,300356.406372,nan,nan,0.0,60,64,,True,False,"HTTPConnectionPool(host='gpu06', port=9004): Read timed out.",0,59.56268577710819
232,2026-09-21T07:59:20.560+00:00,2026-09-21T08:04:21.897+00:00,2026-09-21T08:04:21.897+00:00,False,1,0.0,,0.0,301336.55053899996,301336.55053899996,301336.55053899996,301336.55053899996,301336.55053899996,301336.55053899996,nan,301336.55053899996,nan,nan,0.0,60,64,,True,False,"HTTPConnectionPool(host='gpu06', port=9004): Read timed out.",0,59.56268577710819
237,2026-09-21T07:59:22.291+00:00,2026-09-21T08:04:23.272+00:00,2026-09-21T08:04:23.272+00:00,False,1,0.0,,0.0,300981.350755,300981.350755,300981.350755,300981.350755,300981.350755,300981.350755,nan,300981.350755,nan,nan,0.0,60,64,,True,False,"HTTPConnectionPool(host='gpu06', port=9004): Read timed out.",0,59.56268577710819
233,2026-09-21T07:59:20.890+00:00,2026-09-21T08:04:23.284+00:00,2026-09-21T08:04:23.284+00:00,False,1,0.0,,0.0,302394.326969,302394.326969,302394.326969,302394.326969,302394.326969,302394.326969,nan,302394.326969,nan,nan,0.0,60,64,,True,False,"HTTPConnectionPool(host='gpu06', port=9004): Read timed out.",0,59.56268577710819
236,2026-09-21T07:59:21.978+00:00,2026-09-21T08:04:23.295+00:00,2026-09-21T08:04:23.295+00:00,False,1,0.0,,0.0,301316.81821399997,301316.81821399997,301316.81821399997,301316.81821399997,301316.81821399997,301316.81821399997,nan,301316.81821399997,nan,nan,0.0,60,64,,True,False,"HTTPConnectionPool(host='gpu06', port=9004): Read timed out.",0,59.56268577710819
234,2026-09-21T07:59:21.174+00:00,2026-09-21T08:04:23.297+00:00,2026-09-21T08:04:23.297+00:00,False,1,0.0,,0.0,302123.15434500005,302123.15434500005,302123.15434500005,302123.15434500005,302123.15434500005,302123.15434500005,nan,302123.15434500005,nan,nan,0.0,60,64,,True,False,"HTTPConnectionPool(host='gpu06', port=9004): Read timed out.",0,59.56268577710819
240,2026-09-21T07:59:23.183+00:00,2026-09-21T08:04:23.301+00:00,2026-09-21T08:04:23.301+00:00,False,1,0.0,,0.0,300118.120408,300118.120408,300118.120408,300118.120408,300118.120408,300118.120408,nan,300118.120408,nan,nan,0.0,60,64,,True,False,"HTTPConnectionPool(host='gpu06', port=9004): Read timed out.",0,59.56268577710819
238,2026-09-21T07:59:22.556+00:00,2026-09-21T08:04:23.308+00:00,2026-09-21T08:04:23.308+00:00,False,1,0.0,,0.0,300752.008943,300752.008943,300752.008943,300752.008943,300752.008943,300752.008943,nan,300752.008943,nan,nan,0.0,60,64,,True,False,"HTTPConnectionPool(host='gpu06', port=9004): Read timed out.",0,59.56268577710819
239,2026-09-21T07:59:22.863+00:00,2026-09-21T08:04:23.318+00:00,2026-09-21T08:04:23.318+00:00,False,1,0.0,,0.0,300455.902496,300455.902496,300455.902496,300455.902496,300455.902496,300455.902496,nan,300455.902496,nan,nan,0.0,60,64,,True,False,"HTTPConnectionPool(host='gpu06', port=9004): Read timed out.",0,59.56268577710819
241,2026-09-21T07:59:23.542+00:00,2026-09-21T08:04:23.633+00:00,2026-09-21T08:04:23.633+00:00,False,1,0.0,,0.0,300090.459953,300090.459953,300090.459953,300090.459953,300090.459953,300090.459953,nan,300090.459953,nan,nan,0.0,60,64,,True,False,"HTTPConnectionPool(host='gpu06', port=9004): Read timed out.",0,59.56268577710819
242,2026-09-21T07:59:23.799+00:00,2026-09-21T08:04:23.824+00:00,2026-09-21T08:04:23.824+00:00,False,1,0.0,,0.0,300024.626435,300024.626435,300024.626435,300024.626435,300024.626435,300024.626435,nan,300024.626435,nan,nan,0.0,60,64,,True,False,"HTTPConnectionPool(host='gpu06', port=9004): Read timed out.",0,59.56268577710819
243,2026-09-21T07:59:24.220+00:00,2026-09-21T08:04:24.326+00:00,2026-09-21T08:04:24.326+00:00,False,1,0.0,,0.0,300106.223378,300106.223378,300106.223378,300106.223378,300106.223378,300106.223378,nan,300106.223378,nan,nan,0.0,60,64,,True,False,"HTTPConnectionPool(host='gpu06', port=9004): Read timed out.",0,59.56268577710819
244,2026-09-21T07:59:24.465+00:00,2026-09-21T08:04:24.510+00:00,2026-09-21T08:04:24.510+00:00,False,1,0.0,,0.0,300044.32477,300044.32477,300044.32477,300044.32477,300044.32477,300044.32477,nan,300044.32477,nan,nan,0.0,60,64,,True,False,"HTTPConnectionPool(host='gpu06', port=9004): Read timed out.",0,59.56268577710819
245,2026-09-21T07:59:24.841+00:00,2026-09-21T08:04:24.945+00:00,2026-09-21T08:04:24.945+00:00,False,1,0.0,,0.0,300104.554746,300104.554746,300104.554746,300104.554746,300104.554746,300104.554746,nan,300104.554746,nan,nan,0.0,60,64,,True,False,"HTTPConnectionPool(host='gpu06', port=9004): Read timed out.",0,59.56268577710819
246,2026-09-21T07:59:25.106+00:00,2026-09-21T08:04:25.135+00:00,2026-09-21T08:04:25.135+00:00,False,1,0.0,,0.0,300029.136907,300029.136907,300029.136907,300029.136907,300029.136907,300029.136907,nan,300029.136907,nan,nan,0.0,60,64,,True,False,TTFT timeout: 300.0s exceeded (TTFT: 300.021s),0,59.56268577710819
247,2026-09-21T07:59:25.420+00:00,2026-09-21T08:04:25.525+00:00,2026-09-21T08:04:25.525+00:00,False,1,0.0,,0.0,300104.81887699995,300104.81887699995,300104.81887699995,300104.81887699995,300104.81887699995,300104.81887699995,nan,300104.81887699995,nan,nan,0.0,60,64,,True,False,"HTTPConnectionPool(host='gpu06', port=9004): Read timed out.",0,59.56268577710819
248,2026-09-21T07:59:25.737+00:00,2026-09-21T08:04:25.717+00:00,2026-09-21T08:04:25.788+00:00,False,3,2.0,,2.0,299979.668763,300050.569499,300050.569445,100016.85648166666,0.03384,299979.668763,173172.87886942158,269988.7885709,35.450368,50.08660211201746,0.0066655430894180185,60,64,,True,False,Request timeout: 300.0s exceeded,6,59.56268577710819
249,2026-09-21T07:59:26.078+00:00,2026-09-21T08:04:26.203+00:00,2026-09-21T08:04:26.203+00:00,False,1,0.0,,0.0,300125.263373,300125.263373,300125.263373,300125.263373,300125.263373,300125.263373,nan,300125.263373,nan,nan,0.0,60,64,,True,False,"HTTPConnectionPool(host='gpu06', port=9004): Read timed out.",0,59.56268577710819
250,2026-09-21T07:59:26.309+00:00,2026-09-21T08:04:26.367+00:00,2026-09-21T08:04:26.367+00:00,False,1,0.0,,0.0,300058.350387,300058.350387,300058.350387,300058.350387,300058.350387,300058.350387,nan,300058.350387,nan,nan,0.0,60,64,,True,False,"HTTPConnectionPool(host='gpu06', port=9004): Read timed out.",0,59.56268577710819
251,2026-09-21T07:59:26.630+00:00,2026-09-21T08:04:26.734+00:00,2026-09-21T08:04:26.734+00:00,False,1,0.0,,0.0,300103.820977,300103.820977,300103.820977,300103.820977,300103.820977,300103.820977,nan,300103.820977,nan,nan,0.0,60,64,,True,False,"HTTPConnectionPool(host='gpu06', port=9004): Read timed out.",0,59.56268577710819
252,2026-09-21T07:59:26.908+00:00,2026-09-21T08:04:27.014+00:00,2026-09-21T08:04:27.014+00:00,False,1,0.0,,0.0,300106.518227,300106.518227,300106.518227,300106.518227,300106.518227,300106.518227,nan,300106.518227,nan,nan,0.0,60,64,,True,False,"HTTPConnectionPool(host='gpu06', port=9004): Read timed out.",0,59.56268577710819
253,2026-09-21T07:59:27.342+00:00,2026-09-21T08:04:27.381+00:00,2026-09-21T08:04:27.381+00:00,False,1,0.0,,0.0,300038.824027,300038.824027,300038.824027,300038.824027,300038.824027,300038.824027,nan,300038.824027,nan,nan,0.0,60,64,,True,False,"HTTPConnectionPool(host='gpu06', port=9004): Read timed out.",0,59.56268577710819
254,2026-09-21T07:59:27.639+00:00,2026-09-21T08:04:27.659+00:00,2026-09-21T08:04:27.765+00:00,False,3,2.0,,2.0,300019.984827,300126.243515,300126.243519,100042.081173,0.02983,300019.984827,173185.95290018467,270028.6092305,53.129344,75.09424235883739,0.0066638624352756476,60,64,,True,False,Request timeout: 300.0s exceeded,4,59.56268577710819
255,2026-09-21T07:59:27.925+00:00,2026-09-21T08:04:28.038+00:00,2026-09-21T08:04:28.038+00:00,False,1,0.0,,0.0,300113.4185,300113.4185,300113.4185,300113.4185,300113.4185,300113.4185,nan,300113.4185,nan,nan,0.0,60,64,,True,False,"HTTPConnectionPool(host='gpu06', port=9004): Read timed out.",0,59.56268577710819
256,2026-09-21T07:59:28.332+00:00,2026-09-21T08:04:28.437+00:00,2026-09-21T08:04:28.437+00:00,False,1,0.0,,0.0,300104.759642,300104.759642,300104.759642,300104.759642,300104.759642,300104.759642,nan,300104.759642,nan,nan,0.0,60,64,,True,False,"HTTPConnectionPool(host='gpu06', port=9004): Read timed out.",0,59.56268577710819
257,2026-09-21T07:59:28.576+00:00,2026-09-21T08:04:28.679+00:00,2026-09-21T08:04:28.679+00:00,False,1,0.0,,0.0,300103.50590600003,300103.50590600003,300103.50590600003,300103.50590600003,300103.50590600003,300103.50590600003,nan,300103.50590600003,nan,nan,0.0,60,64,,True,False,"HTTPConnectionPool(host='gpu06', port=9004): Read timed out.",0,59.56268577710819
258,2026-09-21T07:59:28.888+00:00,2026-09-21T08:04:28.998+00:00,2026-09-21T08:04:28.998+00:00,False,1,0.0,,0.0,300110.096245,300110.096245,300110.096245,300110.096245,300110.096245,300110.096245,nan,300110.096245,nan,nan,0.0,60,64,,True,False,"HTTPConnectionPool(host='gpu06', port=9004): Read timed out.",0,59.56268577710819
259,2026-09-21T07:59:29.227+00:00,2026-09-21T08:04:29.266+00:00,2026-09-21T08:04:29.266+00:00,False,1,0.0,,0.0,300038.78437999997,300038.78437999997,300038.78437999997,300038.78437999997,300038.78437999997,300038.78437999997,nan,300038.78437999997,nan,nan,0.0,60,64,,True,False,TTFT timeout: 300.0s exceeded (TTFT: 300.027s),0,59.56268577710819
260,2026-09-21T07:59:29.535+00:00,2026-09-21T08:04:29.607+00:00,2026-09-21T08:04:29.607+00:00,False,1,0.0,,0.0,300072.293741,300072.293741,300072.293741,300072.293741,300072.293741,300072.293741,nan,300072.293741,nan,nan,0.0,60,64,,True,False,TTFT timeout: 300.0s exceeded (TTFT: 300.041s),0,59.56268577710819
261,2026-09-21T07:59:29.916+00:00,2026-09-21T08:04:30.023+00:00,2026-09-21T08:04:30.023+00:00,False,1,0.0,,0.0,300106.92976599996,300106.92976599996,300106.92976599996,300106.92976599996,300106.92976599996,300106.92976599996,nan,300106.92976599996,nan,nan,0.0,60,64,,True,False,"HTTPConnectionPool(host='gpu06', port=9004): Read timed out.",0,59.56268577710819
262,2026-09-21T07:59:30.343+00:00,2026-09-21T08:04:30.448+00:00,2026-09-21T08:04:30.448+00:00,False,1,0.0,,0.0,300104.759657,300104.759657,300104.759657,300104.759657,300104.759657,300104.759657,nan,300104.759657,nan,nan,0.0,60,64,,True,False,"HTTPConnectionPool(host='gpu06', port=9004): Read timed out.",0,59.56268577710819
263,2026-09-21T07:59:30.640+00:00,2026-09-21T08:04:30.721+00:00,2026-09-21T08:04:30.721+00:00,False,1,0.0,,0.0,300080.933847,300080.933847,300080.933847,300080.933847,300080.933847,300080.933847,nan,300080.933847,nan,nan,0.0,60,64,,True,False,"HTTPConnectionPool(host='gpu06', port=9004): Read timed out.",0,59.56268577710819
264,2026-09-21T07:59:30.958+00:00,2026-09-21T08:04:31.052+00:00,2026-09-21T08:04:31.052+00:00,False,1,0.0,,0.0,300093.871016,300093.871016,300093.871016,300093.871016,300093.871016,300093.871016,nan,300093.871016,nan,nan,0.0,60,64,,True,False,"HTTPConnectionPool(host='gpu06', port=9004): Read timed out.",0,59.56268577710819
265,2026-09-21T07:59:31.366+00:00,2026-09-21T08:04:31.470+00:00,2026-09-21T08:04:31.470+00:00,False,1,0.0,,0.0,300104.469279,300104.469279,300104.469279,300104.469279,300104.469279,300104.469279,nan,300104.469279,nan,nan,0.0,60,64,,True,False,"HTTPConnectionPool(host='gpu06', port=9004): Read timed out.",0,59.56268577710819
266,2026-09-21T07:59:31.786+00:00,2026-09-21T08:04:31.876+00:00,2026-09-21T08:04:32.916+00:00,False,20,19.0,,19.0,300090.01245,301130.46301,301130.463102,15056.5231551,0.02671,300090.01245,67089.92375055882,15078.98733045,54.760555789473685,16.24594859178349,0.06309557595097591,60,64,,True,False,Request timeout: 300.0s exceeded,76,59.56268577710819
269,2026-09-21T07:59:32.771+00:00,2026-09-21T08:04:32.406+00:00,2026-09-21T08:04:33.013+00:00,False,13,12.0,,12.0,299634.765875,300241.976883,300241.976778,23095.536675230767,0.028140000000000002,299634.765875,83089.69949654707,119902.9154126,50.600917333333335,18.802401158417137,0.039967762418098615,60,64,,True,False,Request timeout: 300.0s exceeded,24,59.56268577710819
270,2026-09-21T07:59:33.024+00:00,2026-09-21T08:04:33.102+00:00,2026-09-21T08:04:33.102+00:00,False,1,0.0,,0.0,300077.964197,300077.964197,300077.964197,300077.964197,300077.964197,300077.964197,nan,300077.964197,nan,nan,0.0,60,64,,True,False,"HTTPConnectionPool(host='gpu06', port=9004): Read timed out.",0,59.56268577710819
267,2026-09-21T07:59:32.140+00:00,2026-09-21T08:04:33.244+00:00,2026-09-21T08:04:33.244+00:00,False,1,0.0,,0.0,301103.676388,301103.676388,301103.676388,301103.676388,301103.676388,301103.676388,nan,301103.676388,nan,nan,0.0,60,64,,True,False,"HTTPConnectionPool(host='gpu06', port=9004): Read timed out.",0,59.56268577710819
271,2026-09-21T07:59:33.340+00:00,2026-09-21T08:04:33.447+00:00,2026-09-21T08:04:33.447+00:00,False,1,0.0,,0.0,300107.167647,300107.167647,300107.167647,300107.167647,300107.167647,300107.167647,nan,300107.167647,nan,nan,0.0,60,64,,True,False,"HTTPConnectionPool(host='gpu06', port=9004): Read timed out.",0,59.56268577710819
268,2026-09-21T07:59:32.384+00:00,2026-09-21T08:04:33.474+00:00,2026-09-21T08:04:33.474+00:00,False,1,0.0,,0.0,301090.366072,301090.366072,301090.366072,301090.366072,301090.366072,301090.366072,nan,301090.366072,nan,nan,0.0,60,64,,True,False,"HTTPConnectionPool(host='gpu06', port=9004): Read timed out.",0,59.56268577710819
272,2026-09-21T07:59:34.835+00:00,2026-09-21T08:04:34.387+00:00,2026-09-21T08:04:35.217+00:00,False,17,16.0,,16.0,299551.314885,300381.796037,300381.796062,17669.517415411763,0.07219,299551.314885,72639.27810923259,59966.014393800004,51.905072,15.511193520432982,0.053265544753681324,60,64,,True,False,Request timeout: 300.0s exceeded,82,59.56268577710819
274,2026-09-21T07:59:35.091+00:00,2026-09-21T08:04:35.157+00:00,2026-09-21T08:04:35.319+00:00,False,5,4.0,,4.0,300066.124639,300228.675423,300228.67550199997,60045.735100399994,0.03041,300066.124639,134175.47896398228,240065.5195174,40.637696,28.154641404723403,0.013323177722328806,60,64,,True,False,Request timeout: 300.0s exceeded,4,59.56268577710819
273,2026-09-21T07:59:34.846+00:00,2026-09-21T08:04:35.427+00:00,2026-09-21T08:04:35.427+00:00,False,1,0.0,,0.0,300581.34885500005,300581.34885500005,300581.34885500005,300581.34885500005,300581.34885500005,300581.34885500005,nan,300581.34885500005,nan,nan,0.0,60,64,,True,False,"HTTPConnectionPool(host='gpu06', port=9004): Read timed out.",0,59.56268577710819
275,2026-09-21T07:59:35.275+00:00,2026-09-21T08:04:35.490+00:00,2026-09-21T08:04:35.490+00:00,False,1,0.0,,0.0,300215.037729,300215.037729,300215.037729,300215.037729,300215.037729,300215.037729,nan,300215.037729,nan,nan,0.0,60,64,,True,False,"HTTPConnectionPool(host='gpu06', port=9004): Read timed out.",0,59.56268577710819
276,2026-09-21T07:59:35.418+00:00,2026-09-21T08:04:35.736+00:00,2026-09-21T08:04:35.736+00:00,False,1,0.0,,0.0,300317.989482,300317.989482,300317.989482,300317.989482,300317.989482,300317.989482,nan,300317.989482,nan,nan,0.0,60,64,,True,False,"HTTPConnectionPool(host='gpu06', port=9004): Read timed out.",0,59.56268577710819
277,2026-09-21T07:59:35.423+00:00,2026-09-21T08:04:35.814+00:00,2026-09-21T08:04:35.814+00:00,False,1,0.0,,0.0,300390.529681,300390.529681,300390.529681,300390.529681,300390.529681,300390.529681,nan,300390.529681,nan,nan,0.0,60,64,,True,False,"HTTPConnectionPool(host='gpu06', port=9004): Read timed out.",0,59.56268577710819
278,2026-09-21T07:59:35.843+00:00,2026-09-21T08:04:36.172+00:00,2026-09-21T08:04:36.172+00:00,False,1,0.0,,0.0,300329.42806199996,300329.42806199996,300329.42806199996,300329.42806199996,300329.42806199996,300329.42806199996,nan,300329.42806199996,nan,nan,0.0,60,64,,True,False,"HTTPConnectionPool(host='gpu06', port=9004): Read timed out.",0,59.56268577710819
279,2026-09-21T07:59:36.110+00:00,2026-09-21T08:04:36.265+00:00,2026-09-21T08:04:36.265+00:00,False,1,0.0,,0.0,300155.240353,300155.240353,300155.240353,300155.240353,300155.240353,300155.240353,nan,300155.240353,nan,nan,0.0,60,64,,True,False,"HTTPConnectionPool(host='gpu06', port=9004): Read timed out.",0,59.56268577710819
280,2026-09-21T07:59:36.495+00:00,2026-09-21T08:04:36.613+00:00,2026-09-21T08:04:36.613+00:00,False,1,0.0,,0.0,300118.05079799995,300118.05079799995,300118.05079799995,300118.05079799995,300118.05079799995,300118.05079799995,nan,300118.05079799995,nan,nan,0.0,60,64,,True,False,"HTTPConnectionPool(host='gpu06', port=9004): Read timed out.",0,59.56268577710819
281,2026-09-21T07:59:36.809+00:00,2026-09-21T08:04:36.910+00:00,2026-09-21T08:04:36.910+00:00,False,1,0.0,,0.0,300101.36333200004,300101.36333200004,300101.36333200004,300101.36333200004,300101.36333200004,300101.36333200004,nan,300101.36333200004,nan,nan,0.0,60,64,,True,False,"HTTPConnectionPool(host='gpu06', port=9004): Read timed out.",0,59.56268577710819
282,2026-09-21T07:59:37.094+00:00,2026-09-21T08:04:37.188+00:00,2026-09-21T08:04:37.188+00:00,False,1,0.0,,0.0,300094.12154,300094.12154,300094.12154,300094.12154,300094.12154,300094.12154,nan,300094.12154,nan,nan,0.0,60,64,,True,False,"HTTPConnectionPool(host='gpu06', port=9004): Read timed out.",0,59.56268577710819
283,2026-09-21T07:59:37.499+00:00,2026-09-21T08:04:37.612+00:00,2026-09-21T08:04:37.612+00:00,False,1,0.0,,0.0,300112.815049,300112.815049,300112.815049,300112.815049,300112.815049,300112.815049,nan,300112.815049,nan,nan,0.0,60,64,,True,False,"HTTPConnectionPool(host='gpu06', port=9004): Read timed out.",0,59.56268577710819
284,2026-09-21T07:59:37.743+00:00,2026-09-21T08:04:37.827+00:00,2026-09-21T08:04:37.827+00:00,False,1,0.0,,0.0,300083.39797399996,300083.39797399996,300083.39797399996,300083.39797399996,300083.39797399996,300083.39797399996,nan,300083.39797399996,nan,nan,0.0,60,64,,True,False,"HTTPConnectionPool(host='gpu06', port=9004): Read timed out.",0,59.56268577710819
285,2026-09-21T07:59:38.021+00:00,2026-09-21T08:04:38.081+00:00,2026-09-21T08:04:38.081+00:00,False,1,0.0,,0.0,300060.143564,300060.143564,300060.143564,300060.143564,300060.143564,300060.143564,nan,300060.143564,nan,nan,0.0,60,64,,True,False,TTFT timeout: 300.0s exceeded (TTFT: 300.045s),0,59.56268577710819
286,2026-09-21T07:59:38.284+00:00,2026-09-21T08:04:38.253+00:00,2026-09-21T08:04:38.300+00:00,False,3,2.0,,2.0,299968.9706,300015.83396,300015.833928,100005.277976,0.03007,299968.9706,173173.63922809894,269976.7568658,23.43168,33.0950411205662,0.006666314819459338,60,64,,True,False,Request timeout: 300.0s exceeded,6,59.56268577710819
287,2026-09-21T07:59:38.675+00:00,2026-09-21T08:04:38.776+00:00,2026-09-21T08:04:38.776+00:00,False,1,0.0,,0.0,300101.031873,300101.031873,300101.031873,300101.031873,300101.031873,300101.031873,nan,300101.031873,nan,nan,0.0,60,64,,True,False,"HTTPConnectionPool(host='gpu06', port=9004): Read timed out.",0,59.56268577710819
288,2026-09-21T07:59:39.035+00:00,2026-09-21T08:04:39.100+00:00,2026-09-21T08:04:39.100+00:00,False,1,0.0,,0.0,300064.892783,300064.892783,300064.892783,300064.892783,300064.892783,300064.892783,nan,300064.892783,nan,nan,0.0,60,64,,True,False,"HTTPConnectionPool(host='gpu06', port=9004): Read timed out.",0,59.56268577710819
289,2026-09-21T07:59:39.411+00:00,2026-09-21T08:04:39.527+00:00,2026-09-21T08:04:39.527+00:00,False,1,0.0,,0.0,300116.13116399996,300116.13116399996,300116.13116399996,300116.13116399996,300116.13116399996,300116.13116399996,nan,300116.13116399996,nan,nan,0.0,60,64,,True,False,"HTTPConnectionPool(host='gpu06', port=9004): Read timed out.",0,59.56268577710819
290,2026-09-21T07:59:39.778+00:00,2026-09-21T08:04:39.885+00:00,2026-09-21T08:04:39.885+00:00,False,1,0.0,,0.0,300107.12654900004,300107.12654900004,300107.12654900004,300107.12654900004,300107.12654900004,300107.12654900004,nan,300107.12654900004,nan,nan,0.0,60,64,,True,False,"HTTPConnectionPool(host='gpu06', port=9004): Read timed out.",0,59.56268577710819
291,2026-09-21T07:59:40.189+00:00,2026-09-21T08:04:40.296+00:00,2026-09-21T08:04:40.296+00:00,False,1,0.0,,0.0,300107.034018,300107.034018,300107.034018,300107.034018,300107.034018,300107.034018,nan,300107.034018,nan,nan,0.0,60,64,,True,False,"HTTPConnectionPool(host='gpu06', port=9004): Read timed out.",0,59.56268577710819
292,2026-09-21T07:59:40.480+00:00,2026-09-21T08:04:40.462+00:00,2026-09-21T08:04:40.514+00:00,False,3,2.0,,2.0,299981.890772,300033.218772,300033.21880900004,100011.07293633334,0.031190000000000002,299981.890772,173179.81015823103,269988.8313795,25.664,36.25020814676307,0.006665928553464047,60,64,,True,False,Request timeout: 300.0s exceeded,14,59.56268577710819
293,2026-09-21T07:59:40.878+00:00,2026-09-21T08:04:40.993+00:00,2026-09-21T08:04:40.993+00:00,False,1,0.0,,0.0,300115.062125,300115.062125,300115.062125,300115.062125,300115.062125,300115.062125,nan,300115.062125,nan,nan,0.0,60,64,,True,False,"HTTPConnectionPool(host='gpu06', port=9004): Read timed out.",0,59.56268577710819
294,2026-09-21T07:59:41.219+00:00,2026-09-21T08:04:41.313+00:00,2026-09-21T08:04:41.313+00:00,False,1,0.0,,0.0,300094.696405,300094.696405,300094.696405,300094.696405,300094.696405,300094.696405,nan,300094.696405,nan,nan,0.0,60,64,,True,False,"HTTPConnectionPool(host='gpu06', port=9004): Read timed out.",0,59.56268577710819
295,2026-09-21T07:59:41.608+00:00,2026-09-21T08:04:41.713+00:00,2026-09-21T08:04:41.713+00:00,False,1,0.0,,0.0,300105.028816,300105.028816,300105.028816,300105.028816,300105.028816,300105.028816,nan,300105.028816,nan,nan,0.0,60,64,,True,False,"HTTPConnectionPool(host='gpu06', port=9004): Read timed out.",0,59.56268577710819
296,2026-09-21T07:59:42.039+00:00,2026-09-21T08:04:42.086+00:00,2026-09-21T08:04:42.086+00:00,False,1,0.0,,0.0,300046.505335,300046.505335,300046.505335,300046.505335,300046.505335,300046.505335,nan,300046.505335,nan,nan,0.0,60,64,,True,False,"HTTPConnectionPool(host='gpu06', port=9004): Read timed out.",0,59.56268577710819
297,2026-09-21T07:59:42.430+00:00,2026-09-21T08:04:42.457+00:00,2026-09-21T08:04:42.457+00:00,False,1,0.0,,0.0,300026.547328,300026.547328,300026.547328,300026.547328,300026.547328,300026.547328,nan,300026.547328,nan,nan,0.0,60,64,,True,False,TTFT timeout: 300.0s exceeded (TTFT: 300.020s),0,59.56268577710819
298,2026-09-21T07:59:42.793+00:00,2026-09-21T08:04:42.839+00:00,2026-09-21T08:04:42.839+00:00,False,1,0.0,,0.0,300045.831853,300045.831853,300045.831853,300045.831853,300045.831853,300045.831853,nan,300045.831853,nan,nan,0.0,60,64,,True,False,TTFT timeout: 300.0s exceeded (TTFT: 300.028s),0,59.56268577710819
299,2026-09-21T07:59:43.051+00:00,2026-09-21T08:04:43.155+00:00,2026-09-21T08:04:43.155+00:00,False,1,0.0,,0.0,300104.041861,300104.041861,300104.041861,300104.041861,300104.041861,300104.041861,nan,300104.041861,nan,nan,0.0,60,64,,True,False,"HTTPConnectionPool(host='gpu06', port=9004): Read timed out.",0,59.56268577710819
300,2026-09-21T07:59:43.480+00:00,2026-09-21T08:04:43.494+00:00,2026-09-21T08:04:43.494+00:00,False,1,0.0,,0.0,300014.475613,300014.475613,300014.475613,300014.475613,300014.475613,300014.475613,nan,300014.475613,nan,nan,0.0,60,64,,True,False,"HTTPConnectionPool(host='gpu06', port=9004): Read timed out.",0,59.56268577710819
301,2026-09-21T07:59:43.829+00:00,2026-09-21T08:04:43.937+00:00,2026-09-21T08:04:43.937+00:00,False,1,0.0,,0.0,300107.95597500005,300107.95597500005,300107.95597500005,300107.95597500005,300107.95597500005,300107.95597500005,nan,300107.95597500005,nan,nan,0.0,60,64,,True,False,"HTTPConnectionPool(host='gpu06', port=9004): Read timed out.",0,59.56268577710819
302,2026-09-21T07:59:44.219+00:00,2026-09-21T08:04:44.270+00:00,2026-09-21T08:04:44.270+00:00,False,1,0.0,,0.0,300051.044261,300051.044261,300051.044261,300051.044261,300051.044261,300051.044261,nan,300051.044261,nan,nan,0.0,60,64,,True,False,"HTTPConnectionPool(host='gpu06', port=9004): Read timed out.",0,59.56268577710819
303,2026-09-21T07:59:44.549+00:00,2026-09-21T08:04:44.636+00:00,2026-09-21T08:04:44.636+00:00,False,1,0.0,,0.0,300086.563189,300086.563189,300086.563189,300086.563189,300086.563189,300086.563189,nan,300086.563189,nan,nan,0.0,60,64,,True,False,TTFT timeout: 300.0s exceeded (TTFT: 300.073s),0,59.56268577710819
304,2026-09-21T07:59:44.837+00:00,2026-09-21T08:04:44.748+00:00,2026-09-21T08:04:44.923+00:00,False,3,2.0,,2.0,299910.912946,300086.000306,300086.000406,100028.66680199999,0.03497,299910.912946,173103.12504533542,269937.3269004,87.54368,123.75622229666268,0.0066647560964542985,60,64,,True,False,Request timeout: 300.0s exceeded,13,59.56268577710819
305,2026-09-21T07:59:45.218+00:00,2026-09-21T08:04:45.320+00:00,2026-09-21T08:04:45.320+00:00,False,1,0.0,,0.0,300102.589848,300102.589848,300102.589848,300102.589848,300102.589848,300102.589848,nan,300102.589848,nan,nan,0.0,60,64,,True,False,"HTTPConnectionPool(host='gpu06', port=9004): Read timed out.",0,59.56268577710819
306,2026-09-21T07:59:45.552+00:00,2026-09-21T08:04:45.987+00:00,2026-09-21T08:04:47.073+00:00,False,19,18.0,,18.0,300435.376618,301520.751338,301520.751121,15869.513216894737,0.02469,300435.376618,68910.77584301197,30196.3393639,60.29859555555555,31.684178751895267,0.05969738374597735,60,64,,True,False,Request timeout: 300.0s exceeded,108,59.56268577710819
307,2026-09-21T07:59:45.927+00:00,2026-09-21T08:04:46.573+00:00,2026-09-21T08:04:47.128+00:00,False,12,11.0,,11.0,300646.433359,301200.76475100004,301200.764775,25100.06373125,0.02551,300646.433359,86774.6039268489,135327.73246385,50.39376290909091,18.21726890054828,0.03652049160331183,60,64,,True,False,Request timeout: 300.0s exceeded,110,59.56268577710819
310,2026-09-21T07:59:47.023+00:00,2026-09-21T08:04:47.232+00:00,2026-09-21T08:04:47.232+00:00,False,1,0.0,,0.0,300208.391573,300208.391573,300208.391573,300208.391573,300208.391573,300208.391573,nan,300208.391573,nan,nan,0.0,60,64,,True,False,"HTTPConnectionPool(host='gpu06', port=9004): Read timed out.",0,59.56268577710819
308,2026-09-21T07:59:46.334+00:00,2026-09-21T08:04:47.452+00:00,2026-09-21T08:04:47.452+00:00,False,1,0.0,,0.0,301118.19680000003,301118.19680000003,301118.19680000003,301118.19680000003,301118.19680000003,301118.19680000003,nan,301118.19680000003,nan,nan,0.0,60,64,,True,False,"HTTPConnectionPool(host='gpu06', port=9004): Read timed out.",0,59.56268577710819
311,2026-09-21T07:59:47.333+00:00,2026-09-21T08:04:47.453+00:00,2026-09-21T08:04:47.453+00:00,False,1,0.0,,0.0,300120.367532,300120.367532,300120.367532,300120.367532,300120.367532,300120.367532,nan,300120.367532,nan,nan,0.0,60,64,,True,False,"HTTPConnectionPool(host='gpu06', port=9004): Read timed out.",0,59.56268577710819
312,2026-09-21T07:59:47.583+00:00,2026-09-21T08:04:47.690+00:00,2026-09-21T08:04:47.690+00:00,False,1,0.0,,0.0,300107.377915,300107.377915,300107.377915,300107.377915,300107.377915,300107.377915,nan,300107.377915,nan,nan,0.0,60,64,,True,False,"HTTPConnectionPool(host='gpu06', port=9004): Read timed out.",0,59.56268577710819
309,2026-09-21T07:59:46.661+00:00,2026-09-21T08:04:47.739+00:00,2026-09-21T08:04:47.739+00:00,False,1,0.0,,0.0,301077.870804,301077.870804,301077.870804,301077.870804,301077.870804,301077.870804,nan,301077.870804,nan,nan,0.0,60,64,,True,False,"HTTPConnectionPool(host='gpu06', port=9004): Read timed out.",0,59.56268577710819
313,2026-09-21T07:59:47.946+00:00,2026-09-21T08:04:48.049+00:00,2026-09-21T08:04:48.049+00:00,False,1,0.0,,0.0,300102.936072,300102.936072,300102.936072,300102.936072,300102.936072,300102.936072,nan,300102.936072,nan,nan,0.0,60,64,,True,False,"HTTPConnectionPool(host='gpu06', port=9004): Read timed out.",0,59.56268577710819
314,2026-09-21T07:59:48.207+00:00,2026-09-21T08:04:48.288+00:00,2026-09-21T08:04:48.288+00:00,False,1,0.0,,0.0,300080.890184,300080.890184,300080.890184,300080.890184,300080.890184,300080.890184,nan,300080.890184,nan,nan,0.0,60,64,,True,False,"HTTPConnectionPool(host='gpu06', port=9004): Read timed out.",0,59.56268577710819
315,2026-09-21T07:59:48.577+00:00,2026-09-21T08:04:48.684+00:00,2026-09-21T08:04:48.684+00:00,False,1,0.0,,0.0,300106.46700700006,300106.46700700006,300106.46700700006,300106.46700700006,300106.46700700006,300106.46700700006,nan,300106.46700700006,nan,nan,0.0,60,64,,True,False,"HTTPConnectionPool(host='gpu06', port=9004): Read timed out.",0,59.56268577710819
316,2026-09-21T07:59:48.961+00:00,2026-09-21T08:04:49.024+00:00,2026-09-21T08:04:49.024+00:00,False,1,0.0,,0.0,300062.996483,300062.996483,300062.996483,300062.996483,300062.996483,300062.996483,nan,300062.996483,nan,nan,0.0,60,64,,True,False,TTFT timeout: 300.0s exceeded (TTFT: 300.052s),0,59.56268577710819
317,2026-09-21T07:59:49.245+00:00,2026-09-21T08:04:49.283+00:00,2026-09-21T08:04:49.283+00:00,False,1,0.0,,0.0,300038.132292,300038.132292,300038.132292,300038.132292,300038.132292,300038.132292,nan,300038.132292,nan,nan,0.0,60,64,,True,False,TTFT timeout: 300.0s exceeded (TTFT: 300.036s),0,59.56268577710819
318,2026-09-21T07:59:49.533+00:00,2026-09-21T08:04:49.634+00:00,2026-09-21T08:04:49.634+00:00,False,1,0.0,,0.0,300101.549885,300101.549885,300101.549885,300101.549885,300101.549885,300101.549885,nan,300101.549885,nan,nan,0.0,60,64,,True,False,"HTTPConnectionPool(host='gpu06', port=9004): Read timed out.",0,59.56268577710819
319,2026-09-21T07:59:49.915+00:00,2026-09-21T08:04:50.026+00:00,2026-09-21T08:04:50.026+00:00,False,1,0.0,,0.0,300111.020668,300111.020668,300111.020668,300111.020668,300111.020668,300111.020668,nan,300111.020668,nan,nan,0.0,60,64,,True,False,"HTTPConnectionPool(host='gpu06', port=9004): Read timed out.",0,59.56268577710819
320,2026-09-21T07:59:50.251+00:00,2026-09-21T08:04:50.355+00:00,2026-09-21T08:04:50.355+00:00,False,1,0.0,,0.0,300104.398948,300104.398948,300104.398948,300104.398948,300104.398948,300104.398948,nan,300104.398948,nan,nan,0.0,60,64,,True,False,"HTTPConnectionPool(host='gpu06', port=9004): Read timed out.",0,59.56268577710819
321,2026-09-21T07:59:50.656+00:00,2026-09-21T08:04:50.767+00:00,2026-09-21T08:04:50.767+00:00,False,1,0.0,,0.0,300111.135137,300111.135137,300111.135137,300111.135137,300111.135137,300111.135137,nan,300111.135137,nan,nan,0.0,60,64,,True,False,"HTTPConnectionPool(host='gpu06', port=9004): Read timed out.",0,59.56268577710819
322,2026-09-21T07:59:50.927+00:00,2026-09-21T08:04:51.035+00:00,2026-09-21T08:04:51.035+00:00,False,1,0.0,,0.0,300107.95066699997,300107.95066699997,300107.95066699997,300107.95066699997,300107.95066699997,300107.95066699997,nan,300107.95066699997,nan,nan,0.0,60,64,,True,False,"HTTPConnectionPool(host='gpu06', port=9004): Read timed out.",0,59.56268577710819
323,2026-09-21T07:59:51.220+00:00,2026-09-21T08:04:51.327+00:00,2026-09-21T08:04:51.327+00:00,False,1,0.0,,0.0,300107.557643,300107.557643,300107.557643,300107.557643,300107.557643,300107.557643,nan,300107.557643,nan,nan,0.0,60,64,,True,False,"HTTPConnectionPool(host='gpu06', port=9004): Read timed out.",0,59.56268577710819
324,2026-09-21T07:59:51.515+00:00,2026-09-21T08:04:51.565+00:00,2026-09-21T08:04:51.565+00:00,False,1,0.0,,0.0,300049.55751300004,300049.55751300004,300049.55751300004,300049.55751300004,300049.55751300004,300049.55751300004,nan,300049.55751300004,nan,nan,0.0,60,64,,True,False,TTFT timeout: 300.0s exceeded (TTFT: 300.011s),0,59.56268577710819
325,2026-09-21T07:59:51.834+00:00,2026-09-21T08:04:51.956+00:00,2026-09-21T08:04:51.956+00:00,False,1,0.0,,0.0,300121.868011,300121.868011,300121.868011,300121.868011,300121.868011,300121.868011,nan,300121.868011,nan,nan,0.0,60,64,,True,False,"HTTPConnectionPool(host='gpu06', port=9004): Read timed out.",0,59.56268577710819
326,2026-09-21T07:59:52.268+00:00,2026-09-21T08:04:52.360+00:00,2026-09-21T08:04:52.360+00:00,False,1,0.0,,0.0,300092.156818,300092.156818,300092.156818,300092.156818,300092.156818,300092.156818,nan,300092.156818,nan,nan,0.0,60,64,,True,False,"HTTPConnectionPool(host='gpu06', port=9004): Read timed out.",0,59.56268577710819
327,2026-09-21T07:59:52.526+00:00,2026-09-21T08:04:52.636+00:00,2026-09-21T08:04:52.636+00:00,False,1,0.0,,0.0,300109.591478,300109.591478,300109.591478,300109.591478,300109.591478,300109.591478,nan,300109.591478,nan,nan,0.0,60,64,,True,False,"HTTPConnectionPool(host='gpu06', port=9004): Read timed out.",0,59.56268577710819
328,2026-09-21T07:59:54.424+00:00,2026-09-21T08:04:54.913+00:00,2026-09-21T08:04:54.913+00:00,False,1,0.0,,0.0,300489.301472,300489.301472,300489.301472,300489.301472,300489.301472,300489.301472,nan,300489.301472,nan,nan,0.0,60,64,,True,False,"HTTPConnectionPool(host='gpu06', port=9004): Read timed out.",0,59.56268577710819
330,2026-09-21T07:59:54.568+00:00,2026-09-21T08:04:54.940+00:00,2026-09-21T08:04:54.940+00:00,False,1,0.0,,0.0,300371.616047,300371.616047,300371.616047,300371.616047,300371.616047,300371.616047,nan,300371.616047,nan,nan,0.0,60,64,,True,False,TTFT timeout: 300.0s exceeded (TTFT: 300.010s),0,59.56268577710819
332,2026-09-21T07:59:54.751+00:00,2026-09-21T08:04:54.988+00:00,2026-09-21T08:04:54.988+00:00,False,1,0.0,,0.0,300237.68504799996,300237.68504799996,300237.68504799996,300237.68504799996,300237.68504799996,300237.68504799996,nan,300237.68504799996,nan,nan,0.0,60,64,,True,False,"HTTPConnectionPool(host='gpu06', port=9004): Read timed out.",0,59.56268577710819
331,2026-09-21T07:59:54.656+00:00,2026-09-21T08:04:55.164+00:00,2026-09-21T08:04:55.164+00:00,False,1,0.0,,0.0,300507.870157,300507.870157,300507.870157,300507.870157,300507.870157,300507.870157,nan,300507.870157,nan,nan,0.0,60,64,,True,False,"HTTPConnectionPool(host='gpu06', port=9004): Read timed out.",0,59.56268577710819
329,2026-09-21T07:59:54.519+00:00,2026-09-21T08:04:55.398+00:00,2026-09-21T08:04:55.398+00:00,False,1,0.0,,0.0,300879.115324,300879.115324,300879.115324,300879.115324,300879.115324,300879.115324,nan,300879.115324,nan,nan,0.0,60,64,,True,False,"HTTPConnectionPool(host='gpu06', port=9004): Read timed out.",0,59.56268577710819
333,2026-09-21T07:59:54.928+00:00,2026-09-21T08:04:55.437+00:00,2026-09-21T08:04:55.437+00:00,False,1,0.0,,0.0,300508.92032599996,300508.92032599996,300508.92032599996,300508.92032599996,300508.92032599996,300508.92032599996,nan,300508.92032599996,nan,nan,0.0,60,64,,True,False,"HTTPConnectionPool(host='gpu06', port=9004): Read timed out.",0,59.56268577710819
334,2026-09-21T07:59:55.034+00:00,2026-09-21T08:04:55.462+00:00,2026-09-21T08:04:55.462+00:00,False,1,0.0,,0.0,300428.629814,300428.629814,300428.629814,300428.629814,300428.629814,300428.629814,nan,300428.629814,nan,nan,0.0,60,64,,True,False,"HTTPConnectionPool(host='gpu06', port=9004): Read timed out.",0,59.56268577710819
335,2026-09-21T07:59:55.209+00:00,2026-09-21T08:04:55.504+00:00,2026-09-21T08:04:55.504+00:00,False,1,0.0,,0.0,300294.695847,300294.695847,300294.695847,300294.695847,300294.695847,300294.695847,nan,300294.695847,nan,nan,0.0,60,64,,True,False,"HTTPConnectionPool(host='gpu06', port=9004): Read timed out.",0,59.56268577710819
336,2026-09-21T07:59:55.608+00:00,2026-09-21T08:04:55.727+00:00,2026-09-21T08:04:55.727+00:00,False,1,0.0,,0.0,300118.689048,300118.689048,300118.689048,300118.689048,300118.689048,300118.689048,nan,300118.689048,nan,nan,0.0,60,64,,True,False,"HTTPConnectionPool(host='gpu06', port=9004): Read timed out.",0,59.56268577710819
337,2026-09-21T07:59:55.875+00:00,2026-09-21T08:04:55.993+00:00,2026-09-21T08:04:55.993+00:00,False,1,0.0,,0.0,300117.821358,300117.821358,300117.821358,300117.821358,300117.821358,300117.821358,nan,300117.821358,nan,nan,0.0,60,64,,True,False,"HTTPConnectionPool(host='gpu06', port=9004): Read timed out.",0,59.56268577710819
338,2026-09-21T07:59:56.145+00:00,2026-09-21T08:04:56.259+00:00,2026-09-21T08:04:56.259+00:00,False,1,0.0,,0.0,300114.339699,300114.339699,300114.339699,300114.339699,300114.339699,300114.339699,nan,300114.339699,nan,nan,0.0,60,64,,True,False,"HTTPConnectionPool(host='gpu06', port=9004): Read timed out.",0,59.56268577710819
339,2026-09-21T07:59:56.399+00:00,2026-09-21T08:04:56.520+00:00,2026-09-21T08:04:56.520+00:00,False,1,0.0,,0.0,300121.41677999997,300121.41677999997,300121.41677999997,300121.41677999997,300121.41677999997,300121.41677999997,nan,300121.41677999997,nan,nan,0.0,60,64,,True,False,"HTTPConnectionPool(host='gpu06', port=9004): Read timed out.",0,59.56268577710819
340,2026-09-21T07:59:56.632+00:00,2026-09-21T08:04:56.739+00:00,2026-09-21T08:04:56.739+00:00,False,1,0.0,,0.0,300107.105626,300107.105626,300107.105626,300107.105626,300107.105626,300107.105626,nan,300107.105626,nan,nan,0.0,60,64,,True,False,"HTTPConnectionPool(host='gpu06', port=9004): Read timed out.",0,59.56268577710819
341,2026-09-21T07:59:57.071+00:00,2026-09-21T08:04:57.153+00:00,2026-09-21T08:04:57.153+00:00,False,1,0.0,,0.0,300082.124752,300082.124752,300082.124752,300082.124752,300082.124752,300082.124752,nan,300082.124752,nan,nan,0.0,60,64,,True,False,"HTTPConnectionPool(host='gpu06', port=9004): Read timed out.",0,59.56268577710819
342,2026-09-21T07:59:57.483+00:00,2026-09-21T08:04:57.447+00:00,2026-09-21T08:04:57.499+00:00,False,3,2.0,,2.0,299964.154338,300016.001506,300016.00155499997,100005.33385166667,0.06061,299964.154338,173169.4201832672,269972.9175649,25.923584,36.57568091286187,0.006666311096609966,60,64,,True,False,Request timeout: 300.0s exceeded,9,59.56268577710819
343,2026-09-21T07:59:57.814+00:00,2026-09-21T08:04:57.919+00:00,2026-09-21T08:04:57.919+00:00,False,1,0.0,,0.0,300104.52607,300104.52607,300104.52607,300104.52607,300104.52607,300104.52607,nan,300104.52607,nan,nan,0.0,60,64,,True,False,"HTTPConnectionPool(host='gpu06', port=9004): Read timed out.",0,59.56268577710819
344,2026-09-21T07:59:58.120+00:00,2026-09-21T08:04:58.230+00:00,2026-09-21T08:04:58.230+00:00,False,1,0.0,,0.0,300109.87630400003,300109.87630400003,300109.87630400003,300109.87630400003,300109.87630400003,300109.87630400003,nan,300109.87630400003,nan,nan,0.0,60,64,,True,False,"HTTPConnectionPool(host='gpu06', port=9004): Read timed out.",0,59.56268577710819
345,2026-09-21T07:59:58.424+00:00,2026-09-21T08:04:58.533+00:00,2026-09-21T08:04:58.533+00:00,False,1,0.0,,0.0,300109.15515899996,300109.15515899996,300109.15515899996,300109.15515899996,300109.15515899996,300109.15515899996,nan,300109.15515899996,nan,nan,0.0,60,64,,True,False,"HTTPConnectionPool(host='gpu06', port=9004): Read timed out.",0,59.56268577710819
346,2026-09-21T07:59:58.674+00:00,2026-09-21T08:04:58.780+00:00,2026-09-21T08:04:58.780+00:00,False,1,0.0,,0.0,300105.937792,300105.937792,300105.937792,300105.937792,300105.937792,300105.937792,nan,300105.937792,nan,nan,0.0,60,64,,True,False,"HTTPConnectionPool(host='gpu06', port=9004): Read timed out.",0,59.56268577710819
347,2026-09-21T07:59:59.076+00:00,2026-09-21T08:04:59.070+00:00,2026-09-21T08:04:59.215+00:00,False,3,2.0,,2.0,299993.909599,300139.578463,300139.57848,100046.52616000001,0.04007,299993.909599,173159.52877938093,270009.0815202,72.834432,102.94660147064205,0.006663566365495352,60,64,,True,False,Request timeout: 300.0s exceeded,6,59.56268577710819
348,2026-09-21T07:59:59.407+00:00,2026-09-21T08:04:59.373+00:00,2026-09-21T08:04:59.434+00:00,False,3,2.0,,2.0,299966.906631,300027.112967,300027.113148,100009.03771599999,0.03925,299966.906631,173168.5967767131,269976.2326946,30.103168,42.51691653918473,0.0066660642107367815,60,64,,True,False,Request timeout: 300.0s exceeded,7,59.56268577710819
349,2026-09-21T07:59:59.838+00:00,2026-09-21T08:04:59.946+00:00,2026-09-21T08:04:59.946+00:00,False,1,0.0,,0.0,300107.721278,300107.721278,300107.721278,300107.721278,300107.721278,300107.721278,nan,300107.721278,nan,nan,0.0,60,64,,True,False,"HTTPConnectionPool(host='gpu06', port=9004): Read timed out.",0,59.56268577710819
350,2026-09-21T08:00:00.177+00:00,2026-09-21T08:05:00.284+00:00,2026-09-21T08:05:00.284+00:00,False,1,0.0,,0.0,300106.98184799997,300106.98184799997,300106.98184799997,300106.98184799997,300106.98184799997,300106.98184799997,nan,300106.98184799997,nan,nan,0.0,60,64,,True,False,"HTTPConnectionPool(host='gpu06', port=9004): Read timed out.",0,59.56268577710819
351,2026-09-21T08:00:00.569+00:00,2026-09-21T08:05:00.681+00:00,2026-09-21T08:05:00.681+00:00,False,1,0.0,,0.0,300112.538909,300112.538909,300112.538909,300112.538909,300112.538909,300112.538909,nan,300112.538909,nan,nan,0.0,60,64,,True,False,"HTTPConnectionPool(host='gpu06', port=9004): Read timed out.",0,59.56268577710819
352,2026-09-21T08:00:00.884+00:00,2026-09-21T08:05:00.976+00:00,2026-09-21T08:05:00.976+00:00,False,1,0.0,,0.0,300092.579583,300092.579583,300092.579583,300092.579583,300092.579583,300092.579583,nan,300092.579583,nan,nan,0.0,60,64,,True,False,TTFT timeout: 300.0s exceeded (TTFT: 300.085s),0,59.56268577710819
353,2026-09-21T08:00:01.143+00:00,2026-09-21T08:05:01.168+00:00,2026-09-21T08:05:02.972+00:00,False,29,28.0,,28.0,300024.633709,301828.724845,301828.72490800003,10407.887065793104,0.03159,300024.633709,55701.22197952485,175.20989680000002,64.43182628571428,35.407307785252655,0.09276784379743516,60,64,,True,False,Request timeout: 300.0s exceeded,84,59.56268577710819
354,2026-09-21T08:00:01.479+00:00,2026-09-21T08:05:01.489+00:00,2026-09-21T08:05:03.026+00:00,False,28,27.0,,27.0,300010.25018000003,301547.30746000004,301547.30751600006,10769.546697000002,0.04028,300010.25018000003,56685.852217322084,99.86893105000001,56.92804740740741,17.3407451900742,0.0895381896373972,60,64,,True,False,Request timeout: 300.0s exceeded,162,59.56268577710819
356,2026-09-21T08:00:02.150+00:00,2026-09-21T08:05:03.313+00:00,2026-09-21T08:05:03.313+00:00,False,1,0.0,,0.0,301163.391619,301163.391619,301163.391619,301163.391619,301163.391619,301163.391619,nan,301163.391619,nan,nan,0.0,60,64,,True,False,"HTTPConnectionPool(host='gpu06', port=9004): Read timed out.",0,59.56268577710819
355,2026-09-21T08:00:01.744+00:00,2026-09-21T08:05:03.599+00:00,2026-09-21T08:05:04.850+00:00,False,31,30.0,,30.0,301855.355037,303106.53532499995,303106.53550999996,9777.630177741934,0.02195,301855.355037,54207.33643532947,91.9356795,41.7060096,23.315517716775325,0.09897510117303508,60,64,,True,False,Request timeout: 300.0s exceeded,90,59.56268577710819
0,2026-09-21T07:58:02.320+00:00,2026-09-21T07:58:02.578+00:00,2026-09-21T07:58:05.151+00:00,True,48,48.0,,48.0,258.047957,2830.825941,2830.8259,58.97553958333334,0.01595,258.047957,48.77171970143251,148.4554819,54.73995710638298,39.37692396197134,16.956182047365235,61,64,,False,True,,144,59.56268577710819
2,2026-09-21T07:58:02.889+00:00,2026-09-21T07:58:03.491+00:00,2026-09-21T07:58:06.236+00:00,True,46,46.0,,46.0,601.1201,3346.525796,3346.525755,72.75055989130435,35.157723,601.1201,80.4204741080739,79.65257275,61.00901546666667,11.338910292349281,13.745598511442044,61,64,,False,True,,91,59.56268577710819
5,2026-09-21T07:58:03.695+00:00,2026-09-21T07:58:05.720+00:00,2026-09-21T07:58:07.863+00:00,True,35,35.0,,35.0,2024.085526,4168.00079,4168.000636,119.08573245714285,42.225044000000004,2024.085526,331.68015800972466,86.93643769999998,63.05633129411765,11.855829843782216,8.39731126826394,61,64,,False,True,,123,59.56268577710819
1,2026-09-21T07:58:02.603+00:00,2026-09-21T07:58:05.722+00:00,2026-09-21T07:58:08.365+00:00,True,43,43.0,,43.0,3118.87845,5761.208562,5761.208581,133.98159490697674,43.009524,3118.87845,466.19392194441053,76.901073,62.91262171428571,12.49553747717544,7.463711743334731,61,64,,False,True,,95,59.56268577710819
4,2026-09-21T07:58:03.468+00:00,2026-09-21T07:58:07.474+00:00,2026-09-21T07:58:08.686+00:00,True,20,20.0,,20.0,4005.7569,5218.093284,5218.093286,260.9046643,47.185275000000004,4005.7569,881.4925446589954,274.45782009999994,63.80717810526316,9.230979157073245,3.832817642667502,61,64,,False,True,,196,59.56268577710819
3,2026-09-21T07:58:03.197+00:00,2026-09-21T07:58:08.186+00:00,2026-09-21T07:58:13.751+00:00,True,88,88.0,,88.0,4989.479463000001,10554.800679,10554.800741000001,119.94091751136364,0.01705,4989.479463000001,526.854901337737,77.416664,63.96920937931035,43.689927527354776,8.337438354007595,61,64,,False,True,,88,59.56268577710819
6,2026-09-21T07:58:03.969+00:00,2026-09-21T07:58:09.606+00:00,2026-09-21T07:58:12.564+00:00,True,47,47.0,,47.0,5637.060687,8595.402831,8595.403035,182.88091563829786,39.991825,5637.060687,812.932179761856,78.38607599999999,64.31178573913044,10.2493378195686,5.468039244244701,61,64,,False,True,,95,59.56268577710819
7,2026-09-21T07:58:04.304+00:00,2026-09-21T07:58:11.477+00:00,2026-09-21T07:58:13.960+00:00,True,39,39.0,,39.0,7173.0747,9655.413260000001,9655.413138,247.57469584615384,0.01724,7173.0747,1139.9639065461392,110.69471659999999,65.32469894736842,65.12983286342089,4.039184957682484,61,64,,False,True,,347,59.56268577710819
8,2026-09-21T07:58:04.512+00:00,2026-09-21T07:58:12.424+00:00,2026-09-21T07:58:17.347+00:00,True,80,80.0,,80.0,7912.535874,12835.705154,12835.705395,160.4463174375,0.01753,7912.535874,879.0709490152874,79.27920995,62.31859848101266,49.73075593547327,6.232614339467711,61,64,,False,True,,440,59.56268577710819
9,2026-09-21T07:58:04.823+00:00,2026-09-21T07:58:13.888+00:00,2026-09-21T07:58:16.188+00:00,True,39,39.0,,39.0,9064.218465,11364.690784999999,11364.690724,291.4023262564103,33.327943,9064.218465,1441.7841545914614,84.417081,60.5387452631579,11.091858465144316,3.4316815774235785,61,64,,False,True,,125,59.56268577710819
10,2026-09-21T07:58:05.097+00:00,2026-09-21T07:58:16.259+00:00,2026-09-21T07:58:18.345+00:00,True,35,35.0,,35.0,11161.880662,13248.005462,13248.005358999999,378.51443882857143,43.660015,11161.880662,1876.3514283147385,77.441672,61.35661176470588,8.881535115019807,2.6419071233320723,61,64,,False,True,,61,59.56268577710819
11,2026-09-21T07:58:05.387+00:00,2026-09-21T07:58:17.839+00:00,2026-09-21T07:58:20.442+00:00,True,42,42.0,,42.0,12452.066277,15054.513125,15054.513078,358.4407875714286,45.267065,12452.066277,1911.6234657450325,78.885982,63.47431336585366,9.332320004614655,2.7898610636735555,61,64,,False,True,,220,59.56268577710819
12,2026-09-21T07:58:05.613+00:00,2026-09-21T07:58:18.998+00:00,2026-09-21T07:58:24.512+00:00,True,86,86.0,,86.0,13384.891073,18899.467713000002,18899.467925,219.76125494186047,0.0,13384.891073,1437.7226421367475,90.024369,64.87737223529412,63.54922774380277,4.550392704491084,61,64,,False,True,,435,59.56268577710819
13,2026-09-21T07:58:05.917+00:00,2026-09-21T07:58:20.543+00:00,2026-09-21T07:58:23.974+00:00,True,54,54.0,,54.0,14626.128662000001,18057.287958,18057.287838,334.39421922222226,0.0,14626.128662000001,1983.2531111283822,202.49888525000003,64.73885464150943,82.85849884358309,2.9904822986486264,61,64,,False,True,,259,59.56268577710819
14,2026-09-21T07:58:06.117+00:00,2026-09-21T07:58:21.559+00:00,2026-09-21T07:58:27.036+00:00,True,87,87.0,,87.0,15441.893665,20919.069217,20919.069333,240.44907279310345,0.0,15441.893665,1650.4532119471007,87.73003440000001,63.68808781395349,76.13448623038373,4.158884847959629,61,64,,False,True,,94,59.56268577710819
15,2026-09-21T07:58:06.406+00:00,2026-09-21T07:58:22.819+00:00,2026-09-21T07:58:25.069+00:00,True,36,36.0,,36.0,16412.834015,18662.304223,18662.304389,518.3973441388889,0.0,16412.834015,2726.611080766749,431.3340902499999,64.27057737142857,101.90441862744873,1.9290222455827555,61,64,,False,True,,246,59.56268577710819
16,2026-09-21T07:58:06.674+00:00,2026-09-21T07:58:24.443+00:00,2026-09-21T07:58:27.869+00:00,True,57,57.0,,57.0,17768.939335,21195.057223,21195.057361,371.8431115964912,0.0,17768.939335,2346.0916580967005,77.43333600000001,61.18067657142858,55.36632400212636,2.689306256656196,61,64,,False,True,,304,59.56268577710819
17,2026-09-21T07:58:06.916+00:00,2026-09-21T07:58:25.639+00:00,2026-09-21T07:58:27.278+00:00,True,28,28.0,,28.0,18723.539883999998,20362.120875999997,20362.120993999997,727.2186069285714,0.0,18723.539883999998,3527.7832328157283,306.88928975,60.68818488888889,78.24949332761807,1.3751023368593425,61,64,,False,True,,28,59.56268577710819
18,2026-09-21T07:58:07.211+00:00,2026-09-21T07:58:27.275+00:00,2026-09-21T07:58:32.776+00:00,True,88,88.0,,88.0,20063.577983,25564.271999,25564.272094,290.50309197727273,0.0,20063.577983,2132.542181446251,79.2945145,63.226368,46.329856190010545,3.4423041658859796,61,64,,False,True,,440,59.56268577710819
19,2026-09-21T07:58:07.534+00:00,2026-09-21T07:58:29.238+00:00,2026-09-21T07:58:33.431+00:00,True,58,58.0,,58.0,21703.396443999998,25896.557148,25896.557008999996,446.4923622241379,0.0,21703.396443999998,2841.7334951796397,138.7620475,73.56422287719299,96.11552212946076,2.2396799570123305,61,64,,False,True,,118,59.56268577710819
20,2026-09-21T07:58:07.839+00:00,2026-09-21T07:58:30.927+00:00,2026-09-21T07:58:31.346+00:00,True,11,11.0,,11.0,23088.737347,23507.174723,23507.174680999997,2137.015880090909,0.0,23088.737347,6948.975414666348,11585.1763675,41.843737600000004,34.15238434032606,0.4679422401722028,61,64,,False,True,,33,59.56268577710819
21,2026-09-21T07:58:08.149+00:00,2026-09-21T07:58:32.233+00:00,2026-09-21T07:58:38.027+00:00,True,92,92.0,,92.0,24084.813151000002,29878.561119,29878.561033,324.76696775000005,0.0,24084.813151000002,2505.7095587132417,79.73321245,63.66756008791209,82.1439616271211,3.079130873591383,61,64,,False,True,,274,59.56268577710819
22,2026-09-21T07:58:08.399+00:00,2026-09-21T07:58:33.434+00:00,2026-09-21T07:58:39.415+00:00,True,97,97.0,,97.0,25034.831199,31015.790687,31015.790711,319.7504197010309,0.0,25034.831199,2536.2065159205104,76.172222,62.301661333333335,56.83680740723463,3.1274392124607906,61,64,,False,True,,485,59.56268577710819
23,2026-09-21T07:58:08.736+00:00,2026-09-21T07:58:35.377+00:00,2026-09-21T07:58:35.912+00:00,True,13,13.0,,13.0,26640.174696,27175.763816,27175.763831999997,2090.4433716923077,0.0,26640.174696,7376.33124325771,10704.0766092,44.63242666666667,29.747744375045034,0.4783674191466928,61,64,,False,True,,64,59.56268577710819
24,2026-09-21T07:58:09.058+00:00,2026-09-21T07:58:36.643+00:00,2026-09-21T07:58:42.435+00:00,True,93,93.0,,93.0,27584.977054000003,33377.07919800001,33377.079115,358.8933238172043,0.0,27584.977054000003,2854.578159308909,77.652834,62.957632,62.538747382970634,2.786343270131698,61,64,,False,True,,744,59.56268577710819
25,2026-09-21T07:58:09.296+00:00,2026-09-21T07:58:37.783+00:00,2026-09-21T07:58:42.709+00:00,True,79,79.0,,79.0,28487.567098,33413.465338,33413.46534,422.95525746835443,0.0,28487.567098,3198.7276188984047,79.18375710000001,63.152541538461534,68.82996465071979,2.3643162779095523,61,64,,False,True,,346,59.56268577710819
26,2026-09-21T07:58:09.544+00:00,2026-09-21T07:58:39.179+00:00,2026-09-21T07:58:43.551+00:00,True,61,61.0,,61.0,29634.741597,34007.244893,34007.244831,557.4958169016394,0.0,29634.741597,3786.954248899765,81.297538,72.87505493333333,122.38378209347113,1.7937354287867098,61,64,,False,True,,197,59.56268577710819
27,2026-09-21T07:58:09.756+00:00,2026-09-21T07:58:40.567+00:00,2026-09-21T07:58:41.376+00:00,True,16,16.0,,16.0,30810.588909000002,31619.673837000002,31619.673723000004,1976.2296076875002,0.0,30810.588909000002,7689.19635494439,7760.84430075,53.9389952,23.6250874956174,0.5060140747333541,61,64,,False,True,,85,59.56268577710819
28,2026-09-21T07:58:10.085+00:00,2026-09-21T07:58:42.141+00:00,2026-09-21T07:58:42.369+00:00,True,5,5.0,,5.0,32055.496119,32283.852726999998,32283.852651999998,6456.7705304,54.217475,32055.496119,14310.123023470833,25656.878480600004,57.089152,3.833475362870964,0.15487618662745117,61,64,,False,True,,13,59.56268577710819
29,2026-09-21T07:58:10.440+00:00,2026-09-21T07:58:43.853+00:00,2026-09-21T07:58:46.991+00:00,True,51,51.0,,51.0,33413.288458999996,36551.414795,36551.414634999994,716.694404607843,0.0,33413.288458999996,4671.058870991387,81.525348,62.76252672,100.09596814910856,1.3952948274652415,61,64,,False,True,,101,59.56268577710819
30,2026-09-21T07:58:10.744+00:00,2026-09-21T07:58:45.568+00:00,2026-09-21T07:58:51.402+00:00,True,92,92.0,,92.0,34824.454575,40657.903279000006,40657.903201,441.9337304456522,0.0,34824.454575,3624.7572977533073,78.92264949999999,64.10383191208791,73.65637181605706,2.2627826961140522,61,64,,False,True,,372,59.56268577710819
31,2026-09-21T07:58:11.103+00:00,2026-09-21T07:58:47.509+00:00,2026-09-21T07:58:51.758+00:00,True,68,68.0,,68.0,36406.1825,40655.424356,40655.424411,597.8738883970589,43.538744,36406.1825,4407.217935402992,78.806484,63.421520238805975,9.83530554806254,1.6725935364628517,61,64,,False,True,,585,59.56268577710819
32,2026-09-21T07:58:11.390+00:00,2026-09-21T07:58:48.756+00:00,2026-09-21T07:58:51.327+00:00,True,42,42.0,,42.0,37365.449759,39937.170463,39937.170406000005,950.8850096666667,42.187644,37365.449759,5755.942132423258,78.66046250000001,62.72489521951219,8.906681851403707,1.051651870001935,61,64,,False,True,,126,59.56268577710819
33,2026-09-21T07:58:11.603+00:00,2026-09-21T07:58:49.594+00:00,2026-09-21T07:58:51.762+00:00,True,36,36.0,,36.0,37991.712894000004,40159.568510000005,40159.568659000004,1115.5435738611113,42.798144,37991.712894000004,6321.636111299949,75.84213975,61.93873188571428,9.602702460088006,0.8964239740533008,61,64,,False,True,,108,59.56268577710819
34,2026-09-21T07:58:11.832+00:00,2026-09-21T07:58:50.967+00:00,2026-09-21T07:58:56.607+00:00,True,90,90.0,,90.0,39135.008213,44775.020501,44775.020469,497.50022743333335,0.0,39135.008213,4120.300529009674,80.1083845,63.370924584269666,122.07049064042006,2.0100493309207965,61,64,,False,True,,365,59.56268577710819
35,2026-09-21T07:58:12.033+00:00,2026-09-21T07:58:52.044+00:00,2026-09-21T07:58:53.656+00:00,True,21,21.0,,21.0,40010.729984,41622.648064,41622.647960999995,1982.030855285714,0.0,40010.729984,8716.558562637165,1081.9466419999999,80.595904,238.06325570471122,0.5045330121166218,61,64,,False,True,,62,59.56268577710819
36,2026-09-21T07:58:12.369+00:00,2026-09-21T07:58:53.658+00:00,2026-09-21T07:58:53.942+00:00,True,6,6.0,,6.0,41289.357167,41573.271407,41573.271247000004,6928.878541166667,0.01979,41289.357167,16833.274612939505,31011.297317500004,56.782848,78.55136341896657,0.14432349913626802,61,64,,False,True,,42,59.56268577710819
37,2026-09-21T07:58:12.684+00:00,2026-09-21T07:58:55.433+00:00,2026-09-21T07:58:57.860+00:00,True,39,39.0,,39.0,42748.829429,45175.463669,45175.463691,1158.3452228461538,38.335894,42748.829429,6835.073133458149,78.6601031,63.85879578947368,10.32335833112587,0.8633004917393314,61,64,,False,True,,235,59.56268577710819
38,2026-09-21T07:58:13.130+00:00,2026-09-21T07:58:56.468+00:00,2026-09-21T07:58:57.855+00:00,True,23,23.0,,23.0,43337.7842,44725.322376000004,44725.322494,1944.5792388695652,39.923984,43337.7842,9023.407809069598,77.413744,63.069917090909094,10.754919727158008,0.5142500663637922,61,64,,False,True,,68,59.56268577710819
39,2026-09-21T07:58:13.186+00:00,2026-09-21T07:58:57.985+00:00,2026-09-21T07:59:00.049+00:00,True,33,33.0,,33.0,44799.505242,46863.370074,46863.369926,1420.102118969697,44.203514999999996,44799.505242,7787.371525728504,78.2240164,64.495776,9.770603707310512,0.7041747093282253,61,64,,False,True,,132,59.56268577710819
40,2026-09-21T07:58:13.319+00:00,2026-09-21T07:58:58.817+00:00,2026-09-21T07:59:04.520+00:00,True,92,92.0,,92.0,45497.830334,51200.506045999995,51200.506036,556.5272395217391,0.0,45497.830334,4737.845632202344,78.80731850000001,62.66676606593407,92.97762558958651,1.7968572403824403,61,64,,False,True,,183,59.56268577710819
41,2026-09-21T07:58:13.647+00:00,2026-09-21T07:59:01.287+00:00,2026-09-21T07:59:01.639+00:00,True,19,19.0,,19.0,47640.394087,47992.352615,47992.352543,2525.913291736842,0.0,47640.394087,10925.00435630919,4828.2737569,19.553251555555555,28.13185431853926,0.39589640775521295,61,64,,False,True,,58,59.56268577710819
42,2026-09-21T07:58:13.989+00:00,2026-09-21T07:59:02.385+00:00,2026-09-21T07:59:07.205+00:00,True,79,79.0,,79.0,48395.971465,53216.022153000005,53216.021985,673.6205314556962,0.01748,48395.971465,5438.937879990907,95.18354719999999,61.79552164102564,100.58426302040601,1.4845153170762961,61,64,,False,True,,247,59.56268577710819
43,2026-09-21T07:58:14.287+00:00,2026-09-21T07:59:04.032+00:00,2026-09-21T07:59:10.325+00:00,True,92,92.0,,92.0,49744.623535,56037.760687,56037.760647999996,609.106094,0.0,49744.623535,5180.933707295621,86.8681334,69.15535331868132,141.37843179454325,1.641750114068044,61,64,,False,True,,97,59.56268577710819
44,2026-09-21T07:58:14.581+00:00,2026-09-21T07:59:05.753+00:00,2026-09-21T07:59:08.406+00:00,True,44,44.0,,44.0,51171.898432999995,53824.938560999995,53824.93863899999,1223.2940599772726,0.07194,51171.898432999995,7705.175346813209,81.24527299999998,61.69860762790698,18.971139212469346,0.8174649368179889,61,64,,False,True,,198,59.56268577710819
45,2026-09-21T07:58:14.924+00:00,2026-09-21T07:59:07.254+00:00,2026-09-21T07:59:13.131+00:00,True,94,94.0,,94.0,52329.746553000004,58206.398841,58206.398712,619.2170075744681,0.0,52329.746553000004,5391.970965856087,80.72834985,63.189809548387096,108.86301019370067,1.6149427188714405,61,64,,False,True,,447,59.56268577710819
46,2026-09-21T07:58:15.262+00:00,2026-09-21T07:59:09.091+00:00,2026-09-21T07:59:15.145+00:00,True,96,96.0,,96.0,53828.771289,59883.38351299999,59883.383433999996,623.7852441041666,0.0,53828.771289,5488.396907352338,78.82579949999999,63.732760252631586,106.66280530065073,1.603115828937079,61,64,,False,True,,480,59.56268577710819
47,2026-09-21T07:58:15.467+00:00,2026-09-21T07:59:10.322+00:00,2026-09-21T07:59:11.432+00:00,True,21,21.0,,21.0,54855.352316,55965.584892,55965.58509099999,2665.0278614761905,0.0,54855.352316,11958.329212972281,117.669432,55.5116288,24.372457184607335,0.37523060002901615,61,64,,False,True,,189,59.56268577710819
48,2026-09-21T07:58:15.825+00:00,2026-09-21T07:59:12.187+00:00,2026-09-21T07:59:15.383+00:00,True,50,50.0,,50.0,56361.813986,59557.787362,59557.787167,1191.15574334,46.655584000000005,56361.813986,7961.544941989092,79.733496,65.22394644897959,8.857388426291532,0.8395207783004677,61,64,,False,True,,50,59.56268577710819
49,2026-09-21T07:58:16.105+00:00,2026-09-21T07:59:13.974+00:00,2026-09-21T07:59:18.135+00:00,True,67,67.0,,67.0,57868.785284000005,62029.816964000005,62029.81695000001,925.818163432836,43.287574,57868.785284000005,7062.100614410887,76.68743500000001,63.04593454545455,8.927610781669252,1.0801257085585876,61,64,,False,True,,477,59.56268577710819
50,2026-09-21T07:58:16.413+00:00,2026-09-21T07:59:15.517+00:00,2026-09-21T07:59:18.070+00:00,True,42,42.0,,42.0,59103.817888,61656.287136,61656.287092,1468.0068355238095,42.348103,59103.817888,9110.316665097287,78.7578645,62.25534751219512,10.387916357456723,0.6811957377089117,61,64,,False,True,,168,59.56268577710819
51,2026-09-21T07:58:16.692+00:00,2026-09-21T07:59:16.854+00:00,2026-09-21T07:59:22.319+00:00,True,87,87.0,,87.0,60162.599596,65626.819756,65626.819987,754.3312642183909,0.0,60162.599596,6445.904581075353,125.32133010000001,63.537443720930234,184.44748016705384,1.3256775251865824,61,64,,False,True,,261,59.56268577710819
52,2026-09-21T07:58:16.947+00:00,2026-09-21T07:59:19.320+00:00,2026-09-21T07:59:22.320+00:00,True,64,64.0,,64.0,62373.199865999995,65373.030137999995,65373.03,1021.45359375,0.0,62373.199865999995,7792.233430222301,119.03463754999999,47.61635352380952,155.92746862508116,0.9789969940952473,61,64,,False,True,,256,59.56268577710819
53,2026-09-21T07:58:17.285+00:00,2026-09-21T07:59:19.895+00:00,2026-09-21T07:59:25.348+00:00,True,86,86.0,,86.0,62609.488292,68062.866852,68062.866952,791.4286854883721,0.0,62609.488292,6745.559443567375,80.891737,64.15739482352942,123.81073588626512,1.2635377258939675,61,64,,False,True,,255,59.56268577710819
54,2026-09-21T07:58:17.533+00:00,2026-09-21T07:59:21.364+00:00,2026-09-21T07:59:24.968+00:00,True,57,57.0,,57.0,63831.172784999995,67435.248049,67435.24817199999,1183.0745293333332,31.632863,63831.172784999995,8446.128800871775,81.860909,64.35848685714286,11.668847245748506,0.8452552878367482,61,64,,False,True,,395,59.56268577710819
55,2026-09-21T07:58:17.857+00:00,2026-09-21T07:59:23.104+00:00,2026-09-21T07:59:28.500+00:00,True,85,85.0,,85.0,65247.286405,70642.935173,70642.93525,831.093355882353,41.005934,65247.286405,7070.100695812071,77.16023100000001,64.2339139047619,9.255796763109226,1.203234262447341,61,64,,False,True,,255,59.56268577710819
56,2026-09-21T07:58:18.139+00:00,2026-09-21T07:59:24.701+00:00,2026-09-21T07:59:25.161+00:00,True,8,8.0,,8.0,66561.993676,67022.585292,67022.585276,8377.8231595,47.724664,66561.993676,23509.956915364965,43292.75404285,65.79880228571429,9.813076193016977,0.11936274861893312,61,64,,False,True,,25,59.56268577710819
57,2026-09-21T07:58:18.389+00:00,2026-09-21T07:59:26.023+00:00,2026-09-21T07:59:26.954+00:00,True,16,16.0,,16.0,67633.351156,68564.214772,68564.214788,4285.26342425,41.063754,67633.351156,16892.827241393374,16967.670339250002,62.0575744,11.79952684136617,0.23335788287236423,61,64,,False,True,,87,59.56268577710819
58,2026-09-21T07:58:18.699+00:00,2026-09-21T07:59:27.784+00:00,2026-09-21T07:59:32.827+00:00,True,67,67.0,,67.0,69085.43209900001,74128.12701100002,74128.12694200002,1106.3899543582093,0.0,69085.43209900001,8432.2900313544,79.047366,76.40446836363635,160.01942457641636,0.9038404543805314,61,64,,False,True,,67,59.56268577710819
59,2026-09-21T07:58:18.958+00:00,2026-09-21T07:59:29.027+00:00,2026-09-21T07:59:32.842+00:00,True,46,46.0,,46.0,70068.15332099999,73883.61776899999,73883.617617,1606.165600369565,0.0,70068.15332099999,10320.304922426008,88.6110455,84.78809884444443,196.03604745354173,0.6226008063630668,61,64,,False,True,,274,59.56268577710819
60,2026-09-21T07:58:19.236+00:00,2026-09-21T07:59:30.558+00:00,2026-09-21T07:59:32.828+00:00,True,19,19.0,,19.0,71322.249858,73592.07360199999,73592.07362699999,3873.2670329999996,0.0,71322.249858,16336.228200471463,8347.136685,126.10131911111111,306.26138691473784,0.2581799787672194,61,64,,False,True,,132,59.56268577710819
61,2026-09-21T07:58:19.466+00:00,2026-09-21T07:59:32.846+00:00,2026-09-21T07:59:37.923+00:00,True,96,96.0,,96.0,73380.05455500001,78457.06165900001,78457.06186200002,817.2610610625001,0.0,73380.05455500001,7485.791147814414,177.09604025000002,53.442180042105264,170.6599889891723,1.2235992270172864,61,64,,False,True,,382,59.56268577710819
62,2026-09-21T07:58:19.797+00:00,2026-09-21T07:59:33.195+00:00,2026-09-21T07:59:37.626+00:00,True,70,70.0,,70.0,73397.936711,77828.776263,77828.776231,1111.8396604428572,0.01671,73397.936711,8766.362037535886,229.6512736,64.2150659710145,152.41258867114036,0.8994102613595657,61,64,,False,True,,625,59.56268577710819
63,2026-09-21T07:58:20.052+00:00,2026-09-21T07:59:34.789+00:00,2026-09-21T07:59:34.789+00:00,True,1,1.0,,1.0,74737.55311499999,74737.55311499999,74737.55311499999,74737.55311499999,74737.55311499999,74737.55311499999,nan,74737.55311499999,nan,nan,0.013380154397900645,61,64,,False,True,,2,59.56268577710819
64,2026-09-21T07:58:20.352+00:00,2026-09-21T07:59:36.442+00:00,2026-09-21T07:59:39.168+00:00,True,44,44.0,,44.0,76090.082029,78816.330477,78816.33054899999,1791.28023975,17.699371,76090.082029,11461.470520433948,79.561205,63.401126697674414,20.0500242851811,0.5582599409755569,61,64,,False,True,,88,59.56268577710819
65,2026-09-21T07:58:20.643+00:00,2026-09-21T07:59:37.851+00:00,2026-09-21T07:59:39.300+00:00,True,25,25.0,,25.0,77207.60681200001,78656.40118000002,78656.40133000001,3146.2560532000007,38.912904000000005,77207.60681200001,15429.45171205665,77.81089619999999,60.366432,10.822351316464692,0.3178380859656818,61,64,,False,True,,25,59.56268577710819
66,2026-09-21T07:58:20.861+00:00,2026-09-21T07:59:39.293+00:00,2026-09-21T07:59:41.646+00:00,True,38,38.0,,38.0,78432.073777,80784.789041,80784.789164,2125.9155043157893,47.065053999999996,78432.073777,12713.050579031065,78.36093299999999,63.58689902702702,9.238907471711837,0.4703855818787147,61,64,,False,True,,224,59.56268577710819
67,2026-09-21T07:58:21.057+00:00,2026-09-21T07:59:40.205+00:00,2026-09-21T07:59:46.984+00:00,True,84,84.0,,84.0,79147.903796,85926.318644,85926.318762,1022.9323662142857,0.0,79147.903796,8628.823865767168,82.26927735000001,81.66764877108434,186.4451907217986,0.9775817389316898,61,64,,False,True,,336,59.56268577710819
68,2026-09-21T07:58:21.290+00:00,2026-09-21T07:59:41.433+00:00,2026-09-21T07:59:47.422+00:00,True,94,94.0,,94.0,80142.98933,86131.803154,86131.803197,916.2957786914893,0.0,80142.98933,8261.357230038091,77.686458,64.39584756989247,177.23659554719805,1.0913506574561316,61,64,,False,True,,94,59.56268577710819
69,2026-09-21T07:58:21.634+00:00,2026-09-21T07:59:43.035+00:00,2026-09-21T07:59:47.766+00:00,True,75,75.0,,75.0,81400.88527599999,86131.591196,86131.59123199999,1148.4212164266664,0.0,81400.88527599999,9394.02944168199,76.107931,63.92845837837837,197.42153717217195,0.8707606461063854,61,64,,False,True,,300,59.56268577710819
70,2026-09-21T07:58:21.966+00:00,2026-09-21T07:59:44.510+00:00,2026-09-21T07:59:44.881+00:00,True,7,7.0,,7.0,82544.40035099999,82915.008991,82915.00899399999,11845.00128485714,49.078254,82544.40035099999,31175.506495867732,57805.59768779999,61.76810666666666,11.82043526205743,0.08442379835911029,61,64,,False,True,,56,59.56268577710819
71,2026-09-21T07:58:22.309+00:00,2026-09-21T07:59:46.969+00:00,2026-09-21T07:59:49.262+00:00,True,43,43.0,,43.0,84659.913372,86953.41967599999,86953.41967399999,2022.1725505581394,0.0,84659.913372,12902.208326984895,76.26018,54.60729295238095,23.054583815926303,0.49451764128683745,61,64,,False,True,,129,59.56268577710819
72,2026-09-21T07:58:22.628+00:00,2026-09-21T07:59:48.042+00:00,2026-09-21T07:59:51.046+00:00,True,49,49.0,,49.0,85414.378523,88417.936411,88417.93647700001,1804.4476832040818,43.972364,85414.378523,12193.118120466477,76.5938966,62.57412266666667,8.936099896677812,0.5541861978346732,61,64,,False,True,,98,59.56268577710819
73,2026-09-21T07:58:23.264+00:00,2026-09-21T07:59:49.962+00:00,2026-09-21T07:59:55.031+00:00,True,80,80.0,,80.0,86697.716695,91766.614487,91766.61442099999,1147.0826802625,0.015269999999999999,86697.716695,9687.42321631418,128.89757835,64.16326318987342,171.41547364734774,0.8717767398004326,61,64,,False,True,,268,59.56268577710819
74,2026-09-21T07:58:23.300+00:00,2026-09-21T07:59:51.376+00:00,2026-09-21T07:59:54.150+00:00,True,35,35.0,,35.0,88075.74029700001,90849.96928900002,90849.96938100002,2595.7134108857144,0.01685,88075.74029700001,14875.552026398267,479.1892937999999,81.59497035294117,236.62568032106773,0.3852505429986728,61,64,,False,True,,305,59.56268577710819
75,2026-09-21T07:58:23.399+00:00,2026-09-21T07:59:51.982+00:00,2026-09-21T07:59:54.100+00:00,True,27,27.0,,27.0,88583.50456900001,90701.10994500002,90701.10989500002,3359.300366481482,0.01565,88583.50456900001,17034.191146822857,977.0040961,81.4463606153846,263.65788348730774,0.2976810318679943,61,64,,False,True,,103,59.56268577710819
77,2026-09-21T07:58:23.817+00:00,2026-09-21T07:59:54.202+00:00,2026-09-21T07:59:58.901+00:00,True,80,80.0,,80.0,90384.86612100001,95083.49856900002,95083.49851500001,1188.5437314375001,0.01813,90384.86612100001,10098.763143798275,112.27916864999999,59.476360101265826,39.83310382864848,0.8413657596112301,61,64,,False,True,,480,59.56268577710819
76,2026-09-21T07:58:23.603+00:00,2026-09-21T07:59:54.228+00:00,2026-09-21T07:59:54.228+00:00,True,2,2.0,,2.0,90625.54441599999,90625.594336,90625.594506,45312.797253,0.05009,90625.54441599999,64081.90158629758,86094.26969969999,0.04992,nan,0.022068820785713983,61,64,,False,True,,1,59.56268577710819
78,2026-09-21T07:58:24.075+00:00,2026-09-21T07:59:55.517+00:00,2026-09-21T08:00:02.903+00:00,True,94,94.0,,94.0,91441.94290000001,98827.47915600002,98827.47912,1051.356160851064,0.0,91441.94290000001,9425.28691830255,80.44877885000001,79.41436834408601,193.32768799677785,0.9511524608618237,61,64,,False,True,,188,59.56268577710819
79,2026-09-21T07:58:24.360+00:00,2026-09-21T07:59:57.017+00:00,2026-09-21T07:59:59.547+00:00,True,42,42.0,,42.0,92657.435353,95186.887641,95186.887496,2266.354464190476,39.563643,92657.435353,14287.836708695102,79.0508125,61.693958243902436,10.295279154231343,0.44123724433983147,61,64,,False,True,,210,59.56268577710819
80,2026-09-21T07:58:24.718+00:00,2026-09-21T07:59:58.952+00:00,2026-09-21T08:00:04.706+00:00,True,92,92.0,,92.0,94233.717215,99987.60495899999,99987.605002,1086.8217935,0.0,94233.717215,9819.899288158513,78.6682185,63.22953564835165,196.63380017367697,0.92011404851356,61,64,,False,True,,920,59.56268577710819
81,2026-09-21T07:58:25.047+00:00,2026-09-21T08:00:00.564+00:00,2026-09-21T08:00:03.606+00:00,True,49,49.0,,49.0,95516.978603,98558.832299,98558.832321,2011.4047412448979,0.0,95516.978603,13638.864941107195,76.49578460000001,63.371952,270.9441155469418,0.4971649811287097,61,64,,False,True,,102,59.56268577710819
82,2026-09-21T07:58:25.369+00:00,2026-09-21T08:00:02.872+00:00,2026-09-21T08:00:02.926+00:00,True,12,12.0,,12.0,97502.293943,97557.024695,97557.024718,8129.752059833333,0.0,97502.293943,28145.053517354543,43892.497208,4.975522909090909,11.129391991960327,0.12300498131750655,61,64,,False,True,,19,59.56268577710819
83,2026-09-21T07:58:25.582+00:00,2026-09-21T08:00:03.350+00:00,2026-09-21T08:00:07.484+00:00,True,66,66.0,,66.0,97768.13423299999,101902.30741699999,101902.307257,1543.9743523787877,45.221364,97768.13423299999,12026.599981865003,79.9148845,63.60266436923077,9.26694707441846,0.6476791514633501,61,64,,False,True,,202,59.56268577710819
84,2026-09-21T07:58:25.846+00:00,2026-09-21T08:00:04.565+00:00,2026-09-21T08:00:06.806+00:00,True,35,35.0,,35.0,98718.555882,100960.115946,100960.115939,2884.5747411142856,48.501234,98718.555882,16675.339962794667,80.879491,65.92823717647059,9.01265820278084,0.3466715511570952,61,64,,False,True,,173,59.56268577710819
85,2026-09-21T07:58:26.049+00:00,2026-09-21T08:00:05.503+00:00,2026-09-21T08:00:06.541+00:00,True,17,17.0,,17.0,99454.329034,100491.99559399999,100491.99560499999,5911.293859117647,48.487994,99454.329034,24105.489710840524,19953.7433084,64.85416,8.177646361096262,0.16916770235792797,61,64,,False,True,,17,59.56268577710819
86,2026-09-21T07:58:26.350+00:00,2026-09-21T08:00:06.801+00:00,2026-09-21T08:00:07.676+00:00,True,16,16.0,,16.0,100450.622737,101325.728017,101325.727944,6332.8579965,41.263424,100450.622737,25098.072248243265,25170.251871999997,58.340352,9.422404502867712,0.15790658812059646,61,64,,False,True,,57,59.56268577710819
87,2026-09-21T07:58:26.546+00:00,2026-09-21T08:00:08.049+00:00,2026-09-21T08:00:13.274+00:00,True,84,84.0,,84.0,101503.246487,106728.051095,106728.051076,1270.5720366190476,43.963314,101503.246487,11068.047788726206,77.594768,62.94945310843374,9.45146377331667,0.7870470709263727,61,64,,True,True,,253,59.56268577710819
88,2026-09-21T07:58:26.902+00:00,2026-09-21T08:00:09.915+00:00,2026-09-21T08:00:13.473+00:00,True,56,56.0,,56.0,103012.500573,106570.72188499999,106570.722017,1903.0486074464286,44.978404000000005,103012.500573,13756.982526914553,77.95799699999999,64.69493294545454,9.665167211612484,0.5254726533656153,61,64,,True,True,,504,59.56268577710819
89,2026-09-21T07:58:27.217+00:00,2026-09-21T08:00:11.489+00:00,2026-09-21T08:00:12.396+00:00,True,15,15.0,,15.0,104271.56312899999,105179.01221699998,105179.012039,7011.934135933332,42.246624000000004,104271.56312899999,26906.06779957949,31335.5897796,64.817792,10.343328210228659,0.14261400334367816,61,64,,True,True,,30,59.56268577710819
90,2026-09-21T07:58:27.477+00:00,2026-09-21T08:00:13.039+00:00,2026-09-21T08:00:17.516+00:00,True,72,72.0,,72.0,105561.64064900001,110038.84308100001,110038.84309400001,1528.3172651944446,43.238064,105561.64064900001,12433.130396184257,77.1594469,63.05918918309859,9.173976911312998,0.6543144037510511,61,64,,True,True,,302,59.56268577710819
91,2026-09-21T07:58:27.701+00:00,2026-09-21T08:00:14.122+00:00,2026-09-21T08:00:19.354+00:00,True,84,84.0,,84.0,106421.552401,111652.791825,111652.791948,1329.1999041428571,42.632285,106421.552401,11604.670739593847,76.75319534999998,63.02698101204819,9.964903493218827,0.7523322849970304,61,64,,True,True,,506,59.56268577710819
92,2026-09-21T07:58:27.974+00:00,2026-09-21T08:00:15.727+00:00,2026-09-21T08:00:17.103+00:00,True,23,23.0,,23.0,107753.11857199999,109128.36951599999,109128.36938199999,4744.711712260869,45.22678500000001,107753.11857199999,22455.04581129294,77.920278,62.51140654545455,9.596728315020743,0.21076096071084272,61,64,,True,True,,262,59.56268577710819
93,2026-09-21T07:58:28.326+00:00,2026-09-21T08:00:17.307+00:00,2026-09-21T08:00:19.232+00:00,True,31,31.0,,31.0,108981.04750100001,110906.11220500001,110906.112324,3577.6165265806453,47.259033,108981.04750100001,19562.051061518338,77.3799095,64.16882346666667,9.374918892840848,0.2795157037215341,61,64,,True,True,,231,59.56268577710819
94,2026-09-21T07:58:28.675+00:00,2026-09-21T08:00:19.106+00:00,2026-09-21T08:00:19.486+00:00,True,7,7.0,,7.0,110430.557858,110810.525602,110810.525476,15830.075068,41.337743,110430.557858,41714.89395786659,77324.4628934,63.32795733333334,14.371583844880266,0.06317089429881433,61,64,,True,True,,16,59.56268577710819
95,2026-09-21T07:58:28.954+00:00,2026-09-21T08:00:20.589+00:00,2026-09-21T08:00:24.499+00:00,True,64,64.0,,64.0,111635.42581999999,115545.02249199999,115545.02238999998,1805.3909748437497,43.701283000000004,111635.42581999999,13946.674771481292,79.34300999999999,62.05709003174603,10.212946431052238,0.5538966423623413,61,64,,True,True,,180,59.56268577710819
96,2026-09-21T07:58:29.190+00:00,2026-09-21T08:00:21.535+00:00,2026-09-21T08:00:26.339+00:00,True,78,78.0,,78.0,112344.798426,117149.03061799999,117149.03061199999,1501.9106488717948,47.320042,112344.798426,12713.482089970814,77.057598,62.39262587012987,9.004485689184769,0.6658185696332624,61,64,,True,True,,230,59.56268577710819
97,2026-09-21T07:58:29.482+00:00,2026-09-21T08:00:23.126+00:00,2026-09-21T08:00:29.173+00:00,True,97,97.0,,97.0,113643.983653,119691.488293,119691.488253,1233.932868587629,42.152453,113643.983653,11532.406127469201,78.11807599999999,62.99484,9.6375747065963,0.8104168590714476,61,64,,True,True,,487,59.56268577710819
98,2026-09-21T07:58:29.747+00:00,2026-09-21T08:00:24.503+00:00,2026-09-21T08:00:24.503+00:00,True,1,1.0,,1.0,114755.35957799999,114755.35957799999,114755.35957799999,114755.35957799999,114755.35957799999,114755.35957799999,nan,114755.35957799999,nan,nan,0.008714189940037557,61,64,,True,True,,2,59.56268577710819
99,2026-09-21T07:58:30.056+00:00,2026-09-21T08:00:26.334+00:00,2026-09-21T08:00:32.580+00:00,True,100,100.0,,100.0,116277.463502,122523.48359799999,122523.483476,1225.23483476,40.94207299999999,116277.463502,11621.4407702548,76.18596550000001,63.09111208080808,9.105568784072485,0.8161700684915258,61,64,,True,True,,500,59.56268577710819
100,2026-09-21T07:58:30.280+00:00,2026-09-21T08:00:27.360+00:00,2026-09-21T08:00:32.140+00:00,True,77,77.0,,77.0,117079.868395,121860.005867,121860.005981,1582.5974802727274,43.860983999999995,117079.868395,13335.32463264704,76.2857758,62.89654568421052,9.101859708101031,0.6318726103135024,61,64,,True,True,,462,59.56268577710819
101,2026-09-21T07:58:30.555+00:00,2026-09-21T08:00:28.816+00:00,2026-09-21T08:00:33.052+00:00,True,68,68.0,,68.0,118261.113874,122497.234962,122497.234899,1801.429924985294,43.342073,118261.113874,14333.602594564007,77.099204,63.225687880597015,9.724983699527701,0.5551145707174072,61,64,,True,True,,408,59.56268577710819
102,2026-09-21T07:58:30.793+00:00,2026-09-21T08:00:30.104+00:00,2026-09-21T08:00:32.850+00:00,True,44,44.0,,44.0,119311.325677,122057.104365,122057.10425,2774.025096590909,48.370793,119311.325677,17977.23449994712,77.22488315000001,63.85531832558139,8.443761971835844,0.3604870050695471,61,64,,True,True,,44,59.56268577710819
103,2026-09-21T07:58:31.005+00:00,2026-09-21T08:00:31.107+00:00,2026-09-21T08:00:34.692+00:00,True,56,56.0,,56.0,120102.081829,123686.905637,123686.90573500001,2208.6947452678573,45.933094,120102.081829,16040.608109850114,77.37837499999999,65.17861469090909,8.47066676553198,0.4527560917753934,61,64,,True,True,,286,59.56268577710819
104,2026-09-21T07:58:31.268+00:00,2026-09-21T08:00:32.580+00:00,2026-09-21T08:00:32.650+00:00,True,2,2.0,,2.0,121312.05093000001,121381.57208200001,121381.57222500001,60690.786112500005,69.521295,121312.05093000001,85731.41487311946,115249.92444825,69.521152,nan,0.016476965701588447,61,64,,True,True,,11,59.56268577710819
105,2026-09-21T07:58:31.525+00:00,2026-09-21T08:00:33.638+00:00,2026-09-21T08:00:39.253+00:00,True,91,91.0,,91.0,122112.698583,127727.436503,127727.43653,1403.5982036263738,41.122972999999995,122112.698583,12794.352885263797,77.55340100000001,62.38597688888889,9.762384519214656,0.712454602483646,61,64,,True,True,,182,59.56268577710819
106,2026-09-21T07:58:31.724+00:00,2026-09-21T08:00:34.447+00:00,2026-09-21T08:00:37.472+00:00,True,51,51.0,,51.0,122723.51282199999,125747.76805399999,125747.76797599999,2465.6425093333332,45.049713000000004,122723.51282199999,17176.261507710697,76.37113049999999,60.48510464,8.438834447843782,0.4055737989568055,61,64,,True,True,,255,59.56268577710819
107,2026-09-21T07:58:31.936+00:00,2026-09-21T08:00:35.940+00:00,2026-09-21T08:00:36.658+00:00,True,13,13.0,,13.0,124003.427781,124721.746117,124721.746014,9593.980462615385,42.744564,124003.427781,34375.761981474505,49650.309954000004,59.859861333333335,9.706321597502276,0.10423202372267024,61,64,,True,True,,55,59.56268577710819
108,2026-09-21T07:58:32.150+00:00,2026-09-21T08:00:36.803+00:00,2026-09-21T08:00:42.648+00:00,True,92,92.0,,92.0,124652.872653,130497.989837,130497.989969,1418.4564127065216,44.293383,124652.872653,12989.267020476427,76.977973,64.23205696703297,9.34495753762837,0.7049917022853275,61,64,,True,True,,285,59.56268577710819
109,2026-09-21T07:58:32.421+00:00,2026-09-21T08:00:38.394+00:00,2026-09-21T08:00:42.983+00:00,True,71,71.0,,71.0,125972.945713,130562.622257,130562.622294,1838.9101731549295,42.129173,125972.945713,14942.45983410333,77.90096600000001,65.56680777142857,9.604414614129475,0.5438003524488296,61,64,,True,True,,283,59.56268577710819
110,2026-09-21T07:58:32.779+00:00,2026-09-21T08:00:40.169+00:00,2026-09-21T08:00:41.742+00:00,True,25,25.0,,25.0,127389.027546,128962.376922,128962.376754,5158.49507016,47.722264,127389.027546,25464.695755878063,76.78424,65.556224,8.898801376663243,0.19385498776221136,61,64,,True,True,,123,59.56268577710819
111,2026-09-21T07:58:33.388+00:00,2026-09-21T08:00:41.592+00:00,2026-09-21T08:00:47.584+00:00,True,93,93.0,,93.0,128203.12895999999,134195.32428799997,134195.324314,1442.9604764946234,44.753693,128203.12895999999,13287.294851037039,78.31917539999999,65.13255791304347,9.832182004664173,0.6930196748167645,61,64,,True,True,,195,59.56268577710819
112,2026-09-21T07:58:33.500+00:00,2026-09-21T08:00:43.638+00:00,2026-09-21T08:00:45.943+00:00,True,37,37.0,,37.0,130138.197191,132443.364551,132443.364731,3579.5503981351353,46.015273,130138.197191,21384.063350710545,80.41770999999999,64.03242666666667,10.25293985129374,0.2793646939235857,61,64,,True,True,,189,59.56268577710819
113,2026-09-21T07:58:33.548+00:00,2026-09-21T08:00:44.403+00:00,2026-09-21T08:00:49.523+00:00,True,81,81.0,,81.0,130855.362322,135974.916114,135974.916272,1678.7026700246913,45.575093,130855.362322,14532.377086236955,78.07689599999999,63.9944224,9.199493618464702,0.5956981060542844,61,64,,True,True,,243,59.56268577710819
114,2026-09-21T07:58:33.800+00:00,2026-09-21T08:00:45.883+00:00,2026-09-21T08:00:49.345+00:00,True,55,55.0,,55.0,132082.741745,135545.07748900002,135545.07725200002,2464.455950036364,42.627913,132082.741745,17801.390437793052,79.32647,64.11732859259259,9.992023615028952,0.4057690697359589,61,64,,True,True,,244,59.56268577710819
115,2026-09-21T07:58:34.116+00:00,2026-09-21T08:00:47.636+00:00,2026-09-21T08:00:50.503+00:00,True,46,46.0,,46.0,133519.807393,136386.848929,136386.849017,2964.931500369565,50.387423000000005,133519.807393,19677.029150339415,76.55298825000001,63.71203413333333,7.479993298691097,0.3372759203781194,61,64,,True,True,,184,59.56268577710819
116,2026-09-21T07:58:34.373+00:00,2026-09-21T08:00:48.778+00:00,2026-09-21T08:00:54.300+00:00,True,88,88.0,,88.0,134404.303182,139926.381646,139926.38149200001,1590.0725169545456,44.417133,134404.303182,14320.783625227325,78.78385684999999,63.47216625287356,9.199511115020876,0.628902133856583,61,64,,True,True,,616,59.56268577710819
117,2026-09-21T07:58:34.611+00:00,2026-09-21T08:00:50.174+00:00,2026-09-21T08:00:51.052+00:00,True,15,15.0,,15.0,135563.02918,136441.37593200002,136441.375975,9096.091731666667,44.090373,135563.02918,34986.02618081423,40723.9017172,62.73905371428572,11.35342682613028,0.10993732581145865,61,64,,True,True,,68,59.56268577710819
118,2026-09-21T07:58:34.815+00:00,2026-09-21T08:00:51.300+00:00,2026-09-21T08:00:51.728+00:00,True,7,7.0,,7.0,136484.38582300002,136912.41807900002,136912.418134,19558.916876285715,61.167894999999994,136484.38582300002,51559.28580685766,95562.7196086,71.33870933333333,6.547210047637777,0.05112757555681268,61,64,,True,True,,80,59.56268577710819
119,2026-09-21T07:58:35.036+00:00,2026-09-21T08:00:52.391+00:00,2026-09-21T08:00:54.299+00:00,True,31,31.0,,31.0,137355.280131,139263.444995,139263.445003,4492.369193645161,45.583413,137355.280131,24658.314675608788,79.93582599999999,63.60549546666667,10.068305472525552,0.22259969226750784,61,64,,True,True,,124,59.56268577710819
120,2026-09-21T07:58:35.290+00:00,2026-09-21T08:00:53.782+00:00,2026-09-21T08:00:57.288+00:00,True,57,57.0,,57.0,138491.634838,141997.291158,141997.291149,2491.180546473684,46.138524,138491.634838,18335.375100439753,74.6430658,62.60100571428572,7.857561967392559,0.4014161082592502,61,64,,True,True,,172,59.56268577710819
121,2026-09-21T07:58:35.513+00:00,2026-09-21T08:00:54.777+00:00,2026-09-21T08:00:57.931+00:00,True,52,52.0,,52.0,139263.913319,142417.496167,142417.49625400003,2738.7980048846157,45.404182999999996,139263.913319,19303.857048752143,75.13850459999999,61.83495780392157,8.88242930741696,0.3651236779154181,61,64,,True,True,,208,59.56268577710819
122,2026-09-21T07:58:35.728+00:00,2026-09-21T08:00:56.108+00:00,2026-09-21T08:00:56.351+00:00,True,5,5.0,,5.0,140380.23176499997,140622.81915699996,140622.819233,28124.563846599995,55.326674,140380.23176499997,62752.82620051661,112317.37941319996,60.646848,4.466559207680112,0.03555610696737414,61,64,,True,True,,39,59.56268577710819
123,2026-09-21T07:58:36.027+00:00,2026-09-21T08:00:57.508+00:00,2026-09-21T08:00:58.424+00:00,True,16,16.0,,16.0,141481.325948,142397.04562800002,142397.045577,8899.8153485625,43.913613,141481.325948,35355.07080726844,35428.7751065,61.047978666666666,9.97773197936842,0.1123618817331268,61,64,,True,True,,48,59.56268577710819
124,2026-09-21T07:58:36.262+00:00,2026-09-21T08:00:58.957+00:00,2026-09-21T08:00:59.724+00:00,True,13,13.0,,13.0,142694.603842,143461.74931400002,143461.74947900002,11035.519190692308,47.829674,142694.603842,39558.63272508978,57122.402520400006,63.928789333333334,9.332877688845379,0.09061648880041483,61,64,,True,True,,47,59.56268577710819
125,2026-09-21T07:58:36.561+00:00,2026-09-21T08:01:00.301+00:00,2026-09-21T08:01:03.399+00:00,True,49,49.0,,49.0,143740.400611,146838.833123,146838.83298099999,2996.710877163265,46.410123,143740.400611,20525.12361007499,77.6661534,64.55067733333334,9.583140060533184,0.3336991922222305,61,64,,True,True,,296,59.56268577710819
126,2026-09-21T07:58:36.900+00:00,2026-09-21T08:01:01.869+00:00,2026-09-21T08:01:02.123+00:00,True,5,5.0,,5.0,144969.475532,145222.730956,145222.73091100002,29044.546182200003,41.189682999999995,144969.475532,64804.00710195756,115991.3576308,63.313856,16.226946127056358,0.03442987173622918,61,64,,True,True,,11,59.56268577710819
127,2026-09-21T07:58:37.257+00:00,2026-09-21T08:01:03.736+00:00,2026-09-21T08:01:09.652+00:00,True,96,96.0,,96.0,146478.515343,152394.411407,152394.41120200002,1587.4417833541668,41.631663,146478.515343,14943.548142581547,77.46375275,62.272590147368426,9.427291283858683,0.629944360253557,61,64,,True,True,,864,59.56268577710819
128,2026-09-21T07:58:37.473+00:00,2026-09-21T08:01:04.955+00:00,2026-09-21T08:01:06.381+00:00,True,24,24.0,,24.0,147482.516512,148907.935264,148907.935048,6204.497293666666,47.002184,147482.516512,30092.09351786458,79.92302285,61.97472834782609,9.501228528709666,0.16117341199748839,61,64,,True,True,,120,59.56268577710819
129,2026-09-21T07:58:37.694+00:00,2026-09-21T08:01:06.323+00:00,2026-09-21T08:01:08.753+00:00,True,39,39.0,,39.0,148629.10099,151059.233214,151059.23323100002,3873.313672589744,44.992543,148629.10099,23789.464764230946,76.6087899,63.950848,8.709336762435871,0.25817686989546773,61,64,,True,True,,196,59.56268577710819
130,2026-09-21T07:58:37.908+00:00,2026-09-21T08:01:07.479+00:00,2026-09-21T08:01:08.119+00:00,True,12,12.0,,12.0,149571.044834,150210.21053,150210.210652,12517.517554333333,48.299784,149571.044834,43160.66868480568,67350.075223,58.10597236363637,9.439802988927504,0.07988804461200963,61,64,,True,True,,60,59.56268577710819
131,2026-09-21T07:58:38.254+00:00,2026-09-21T08:01:09.578+00:00,2026-09-21T08:01:15.491+00:00,True,93,93.0,,93.0,151323.807154,157236.96325,157236.96325300002,1690.7200349784948,44.300053999999996,151323.807154,15684.88643488548,79.9543764,64.27343582608695,10.462548461066024,0.5914639794469574,61,64,,True,True,,186,59.56268577710819
132,2026-09-21T07:58:38.449+00:00,2026-09-21T08:01:10.617+00:00,2026-09-21T08:01:11.770+00:00,True,19,19.0,,19.0,152168.326861,153320.94663700002,153320.946617,8069.523506157895,50.876633999999996,152168.326861,34895.118948343945,15285.913495600002,64.034432,8.915397943929802,0.12392305432984357,61,64,,True,True,,96,59.56268577710819
133,2026-09-21T07:58:38.768+00:00,2026-09-21T08:01:12.547+00:00,2026-09-21T08:01:15.545+00:00,True,48,48.0,,48.0,153778.13146099998,156776.93286899998,156776.93294399997,3266.1861029999995,48.426404000000005,153778.13146099998,22186.75436468189,78.96082515,63.80428527659574,10.25949118913199,0.30616748983160647,61,64,,True,True,,240,59.56268577710819
134,2026-09-21T07:58:39.108+00:00,2026-09-21T08:01:14.500+00:00,2026-09-21T08:01:20.558+00:00,True,97,97.0,,97.0,155392.26797,161450.04512199998,161450.04522099998,1664.4334558865978,42.353294,155392.26797,15771.290278689328,77.04393780000001,63.10184533333334,9.71820925056693,0.6008050349363594,61,64,,True,True,,221,59.56268577710819
135,2026-09-21T07:58:39.379+00:00,2026-09-21T08:01:15.950+00:00,2026-09-21T08:01:17.543+00:00,True,26,26.0,,26.0,156571.37202,158164.781812,158164.78178800002,6083.260838,44.940993999999996,156571.37202,30693.673677278122,75.4632135,63.73639168,8.225395457978331,0.16438552060789663,61,64,,True,True,,140,59.56268577710819
136,2026-09-21T07:58:39.709+00:00,2026-09-21T08:01:17.365+00:00,2026-09-21T08:01:23.561+00:00,True,99,99.0,,99.0,157655.77269100002,163851.533843,163851.53375800003,1655.0659975555557,41.862344,157655.77269100002,15838.650958837743,76.661402,63.22205257142858,10.85130406739592,0.6042055126249857,61,64,,True,True,,594,59.56268577710819
137,2026-09-21T07:58:40.002+00:00,2026-09-21T08:01:19.024+00:00,2026-09-21T08:01:22.464+00:00,True,56,56.0,,56.0,159021.499694,162461.968174,162461.968318,2901.106577107143,44.095222,159021.499694,21241.784577261664,75.82501925,62.55397236363637,9.195795577270406,0.34469605797230574,61,64,,True,True,,117,59.56268577710819
138,2026-09-21T07:58:40.242+00:00,2026-09-21T08:01:20.229+00:00,2026-09-21T08:01:21.578+00:00,True,23,23.0,,23.0,159987.27098899998,161336.25633299997,161336.25616999998,7014.61983347826,41.929273,159987.27098899998,33346.86810809182,77.8005379,61.31751563636363,10.657146807813227,0.1425594006131376,61,64,,True,True,,63,59.56268577710819
139,2026-09-21T07:58:40.478+00:00,2026-09-21T08:01:21.513+00:00,2026-09-21T08:01:24.809+00:00,True,53,53.0,,53.0,161034.187561,164331.041833,164331.042066,3100.5856993584907,43.685902,161034.187561,22111.040204257195,77.05674259999999,63.401043692307695,9.93616325503877,0.322519710267892,61,64,,True,True,,472,59.56268577710819
140,2026-09-21T07:58:40.757+00:00,2026-09-21T08:01:23.106+00:00,2026-09-21T08:01:26.643+00:00,True,57,57.0,,57.0,162349.167935,165886.283583,165886.283676,2910.2856785263157,42.450703000000004,162349.167935,21495.30825528693,78.7000844,63.162779428571426,8.784111717442494,0.34360887934101225,61,64,,True,True,,185,59.56268577710819
141,2026-09-21T07:58:41.019+00:00,2026-09-21T08:01:24.284+00:00,2026-09-21T08:01:28.247+00:00,True,65,65.0,,65.0,163265.060881,167227.79163300002,167227.79174500002,2572.735257615385,43.250381999999995,163265.060881,20242.86062718194,77.1818956,61.917668,9.237694981602889,0.38869137339713083,61,64,,True,True,,134,59.56268577710819
142,2026-09-21T07:58:41.280+00:00,2026-09-21T08:01:25.550+00:00,2026-09-21T08:01:26.891+00:00,True,23,23.0,,23.0,164270.229482,165610.818794,165610.81878499998,7200.470381956521,44.838942,164270.229482,34240.006019432316,80.0126582,60.93587781818182,9.95270604496252,0.13887981574808372,61,64,,True,True,,116,59.56268577710819
143,2026-09-21T07:58:41.639+00:00,2026-09-21T08:01:27.379+00:00,2026-09-21T08:01:30.995+00:00,True,58,58.0,,58.0,165739.538914,169355.904994,169355.905189,2919.929399810345,43.205542,165739.538914,21754.33910982173,77.394949,63.44501894736842,9.894718756816676,0.3424740342065713,61,64,,True,True,,633,59.56268577710819
144,2026-09-21T07:58:41.859+00:00,2026-09-21T08:01:28.313+00:00,2026-09-21T08:01:29.750+00:00,True,24,24.0,,24.0,166454.21471399997,167890.71903399998,167890.71907899997,6995.446628291666,44.06689299999999,166454.21471399997,33964.576648926646,77.14121745,62.45670956521739,9.50824346679875,0.1429501293346638,61,64,,True,True,,114,59.56268577710819
145,2026-09-21T07:58:42.159+00:00,2026-09-21T08:01:29.826+00:00,2026-09-21T08:01:34.011+00:00,True,68,68.0,,68.0,167666.944912,171852.592528,171852.592729,2527.2440107205884,44.931553,167666.944912,20325.02929282585,74.29911135,62.472352477611935,7.965659596931106,0.39568794976963023,61,64,,True,True,,484,59.56268577710819
146,2026-09-21T07:58:42.355+00:00,2026-09-21T08:01:30.851+00:00,2026-09-21T08:01:36.459+00:00,True,90,90.0,,90.0,168495.886597,174103.277317,174103.27728,1934.4808586666668,47.360943,168495.886597,17754.38698160807,76.61516400000001,63.00439011235955,9.075571828119225,0.5169345539437018,61,64,,True,True,,622,59.56268577710819
147,2026-09-21T07:58:42.712+00:00,2026-09-21T08:01:32.791+00:00,2026-09-21T08:01:32.903+00:00,True,3,3.0,,3.0,170079.687045,170191.183237,170191.183381,56730.39446033333,45.579221,170079.687045,98163.3674060276,153078.31005200002,55.748096,14.380900127893524,0.0176272351066644,61,64,,True,True,,21,59.56268577710819
149,2026-09-21T07:58:43.568+00:00,2026-09-21T08:01:36.323+00:00,2026-09-21T08:01:38.676+00:00,True,38,38.0,,38.0,172754.957136,175108.172624,175108.17244400003,4608.109801157895,42.174712,172754.957136,28014.23925457841,79.64897815,63.6004185945946,10.596951291761114,0.21700871770043126,61,64,,True,True,,151,59.56268577710819
148,2026-09-21T07:58:43.487+00:00,2026-09-21T08:01:37.004+00:00,2026-09-21T08:01:40.391+00:00,True,54,54.0,,54.0,173517.630472,176904.755464,176904.755545,3276.0139915740738,43.092392,173517.630472,23604.06352907454,77.4296955,63.90801871698113,8.884691270980934,0.30524900169226354,61,64,,True,True,,324,59.56268577710819
150,2026-09-21T07:58:43.683+00:00,2026-09-21T08:01:37.194+00:00,2026-09-21T08:01:37.797+00:00,True,10,10.0,,10.0,173511.106262,174114.172374,174114.172374,17411.417237399997,55.912502999999994,173511.106262,54847.84040513715,95464.7599184,67.00734577777777,7.664813985585589,0.057433578574636886,61,64,,True,True,,20,59.56268577710819
151,2026-09-21T07:58:43.889+00:00,2026-09-21T08:01:38.886+00:00,2026-09-21T08:01:39.859+00:00,True,16,16.0,,16.0,174996.456272,175970.25032000002,175970.250196,10998.14063725,43.322911999999995,174996.456272,43732.88525923877,43809.133234249995,64.9196032,10.106618941286145,0.09092446007722425,61,64,,True,True,,49,59.56268577710819
152,2026-09-21T07:58:44.206+00:00,2026-09-21T08:01:40.221+00:00,2026-09-21T08:01:43.685+00:00,True,57,57.0,,57.0,176015.179761,179478.849009,179478.849169,3148.7517398070177,43.332921999999996,176015.179761,23305.589469766033,76.561809,61.85123657142857,9.174977670785506,0.3175861685916079,61,64,,True,True,,171,59.56268577710819
153,2026-09-21T07:58:44.426+00:00,2026-09-21T08:01:41.163+00:00,2026-09-21T08:01:43.229+00:00,True,35,35.0,,35.0,176737.109979,178803.030235,178803.030261,5108.658007457143,44.595102,176737.109979,29863.754914924975,76.989356,60.762360470588234,9.71938686502603,0.19574612328437418,61,64,,True,True,,175,59.56268577710819
154,2026-09-21T07:58:44.712+00:00,2026-09-21T08:01:42.800+00:00,2026-09-21T08:01:44.828+00:00,True,33,33.0,,33.0,178087.830768,180115.98616,180115.98614700002,5458.060186272728,45.198942,178087.830768,30990.080930123695,77.0456984,63.379856,10.76861655316443,0.1832152753542129,61,64,,True,True,,132,59.56268577710819
155,2026-09-21T07:58:45.030+00:00,2026-09-21T08:01:44.433+00:00,2026-09-21T08:01:49.692+00:00,True,85,85.0,,85.0,179403.561863,184662.27827900002,184662.278387,2172.4973927882356,45.323833,179403.561863,19452.260109745475,77.5142556,62.60376685714286,8.956011827150412,0.4602997471501806,61,64,,True,True,,510,59.56268577710819
156,2026-09-21T07:58:45.320+00:00,2026-09-21T08:01:45.835+00:00,2026-09-21T08:01:50.440+00:00,True,74,74.0,,74.0,180515.23010100002,185120.05928500002,185120.05937800003,2501.622424027027,47.806173,180515.23010100002,20977.138025677403,75.89064535,63.07985183561644,8.385612764094688,0.39974058071186075,61,64,,True,True,,221,59.56268577710819
157,2026-09-21T07:58:45.612+00:00,2026-09-21T08:01:47.235+00:00,2026-09-21T08:01:49.016+00:00,True,29,29.0,,29.0,181623.46450499998,183404.19103299998,183404.191141,6324.28245313793,44.277133,181623.46450499998,33714.82210564251,76.95403060000001,63.597376,9.08546329214843,0.15812070507582904,61,64,,True,True,,32,59.56268577710819
158,2026-09-21T07:58:45.884+00:00,2026-09-21T08:01:48.718+00:00,2026-09-21T08:01:51.813+00:00,True,49,49.0,,49.0,182834.404337,185929.704177,185929.70437400002,3794.483762734694,44.683493000000006,182834.404337,26109.990243310163,80.26518600000001,64.48541333333334,9.86888129317476,0.2635404612560096,61,64,,True,True,,98,59.56268577710819
159,2026-09-21T07:58:46.232+00:00,2026-09-21T08:01:50.783+00:00,2026-09-21T08:01:51.269+00:00,True,8,8.0,,8.0,184550.324372,185036.28482,185036.284619,23129.535577375,54.642475,184550.324372,65223.84871298807,119984.51910019999,69.42292114285715,8.681082690290257,0.043234763429141794,61,64,,True,True,,24,59.56268577710819
160,2026-09-21T07:58:46.430+00:00,2026-09-21T08:01:51.412+00:00,2026-09-21T08:01:57.487+00:00,True,97,97.0,,97.0,184982.406296,191057.263512,191057.263754,1969.662512927835,42.827822,184982.406296,18775.694989158867,77.39255,63.27976266666666,9.524966818929943,0.5077011897739632,61,64,,True,True,,1056,59.56268577710819
161,2026-09-21T07:58:46.703+00:00,2026-09-21T08:01:52.633+00:00,2026-09-21T08:01:57.355+00:00,True,75,75.0,,75.0,185930.01568399998,190651.947204,190651.94712899998,2542.02596172,41.411311999999995,185930.01568399998,21461.982850987664,77.96815999999998,63.8098854054054,9.469050909641604,0.3933870128257806,61,64,,True,True,,450,59.56268577710819
162,2026-09-21T07:58:46.939+00:00,2026-09-21T08:01:53.914+00:00,2026-09-21T08:01:58.032+00:00,True,66,66.0,,66.0,186974.701148,191093.34537199998,191093.34549,2895.3537195454546,40.200401,186974.701148,23007.19704345445,77.45300149999998,63.36375729230769,9.281383656197633,0.34538094391261137,61,64,,True,True,,132,59.56268577710819
163,2026-09-21T07:58:47.147+00:00,2026-09-21T08:01:55.011+00:00,2026-09-21T08:01:58.427+00:00,True,55,55.0,,55.0,187863.777336,191279.402296,191279.402361,3477.8073156545456,44.657582999999995,187863.777336,25323.019352360967,79.225875,63.25231407407407,9.433176928398186,0.28753749405222895,61,64,,True,True,,110,59.56268577710819
164,2026-09-21T07:58:47.378+00:00,2026-09-21T08:01:55.987+00:00,2026-09-21T08:01:59.723+00:00,True,60,60.0,,60.0,188609.227055,192345.051439,192345.051407,3205.7508567833333,45.464872,188609.227055,24341.173763804883,77.96663300000002,63.31905735593221,9.197061126105151,0.3119394003179141,61,64,,True,True,,180,59.56268577710819
165,2026-09-21T07:58:47.725+00:00,2026-09-21T08:01:58.229+00:00,2026-09-21T08:02:03.172+00:00,True,80,80.0,,80.0,190504.16426,195447.08521999998,195447.085187,2443.0885648374997,45.045722000000005,190504.16426,21292.01949689628,76.35027600000001,62.56861974683544,8.852751228883422,0.40931794869158605,61,64,,True,True,,402,59.56268577710819
166,2026-09-21T07:58:48.041+00:00,2026-09-21T08:01:59.673+00:00,2026-09-21T08:02:03.351+00:00,True,61,61.0,,61.0,191631.879345,195310.057393,195310.057584,3201.8042226885245,41.777713000000006,191631.879345,24528.100659239622,77.781684,61.30296746666667,9.405683074400425,0.31232390596894205,61,64,,True,True,,66,59.56268577710819
167,2026-09-21T07:58:48.390+00:00,2026-09-21T08:02:01.707+00:00,2026-09-21T08:02:07.687+00:00,True,97,97.0,,97.0,193316.371029,199296.641621,199296.641622,2054.6045528041236,45.474602,193316.371029,19621.980205556512,75.87674799999999,62.294485333333334,8.09905373562826,0.4867116636338696,61,64,,True,True,,194,59.56268577710819
168,2026-09-21T07:58:48.651+00:00,2026-09-21T08:02:03.302+00:00,2026-09-21T08:02:07.114+00:00,True,62,62.0,,62.0,194650.86391800002,198463.468334,198463.46828400003,3201.0236820000005,46.045322,194650.86391800002,24712.748123512778,77.06306895,62.501711737704916,8.418671453462473,0.31240006294588374,61,64,,True,True,,124,59.56268577710819
169,2026-09-21T07:58:48.994+00:00,2026-09-21T08:02:05.018+00:00,2026-09-21T08:02:09.984+00:00,True,80,80.0,,80.0,196024.600535,200990.793431,200990.793343,2512.3849167875,47.084963,196024.600535,21909.18966459797,76.300699,62.863201215189875,7.8290094094161296,0.39802818146227154,61,64,,True,True,,106,59.56268577710819
170,2026-09-21T07:58:49.338+00:00,2026-09-21T08:02:06.865+00:00,2026-09-21T08:02:11.428+00:00,True,73,73.0,,73.0,197526.839169,202090.036353,202090.036346,2768.3566622739727,45.376413,197526.839169,23111.3515010665,76.248752,63.377738666666666,8.232612684980174,0.3612251317154871,61,64,,True,True,,584,59.56268577710819
171,2026-09-21T07:58:49.573+00:00,2026-09-21T08:02:08.229+00:00,2026-09-21T08:02:14.461+00:00,True,100,100.0,,100.0,198655.854358,204888.077846,204888.077847,2048.88077847,42.089973,198655.854358,19859.292571277863,77.1370455,62.951752404040406,9.628854918262643,0.48807134632383536,61,64,,True,True,,600,59.56268577710819
172,2026-09-21T07:58:49.897+00:00,2026-09-21T08:02:09.802+00:00,2026-09-21T08:02:14.521+00:00,True,76,76.0,,76.0,199904.96668,204623.93525600003,204623.935155,2692.420199407895,42.202653,199904.96668,22923.456914527786,77.0560765,62.919581013333335,9.561931649699149,0.3714130505061309,61,64,,True,True,,304,59.56268577710819
173,2026-09-21T07:58:50.141+00:00,2026-09-21T08:02:11.369+00:00,2026-09-21T08:02:11.788+00:00,True,8,8.0,,8.0,201227.644099,201646.062531,201646.062552,25205.757819,54.039853,201227.644099,71123.5826339436,130820.90986690001,59.774061714285715,4.1722635744716845,0.039673474897483414,61,64,,True,True,,38,59.56268577710819
174,2026-09-21T07:58:50.402+00:00,2026-09-21T08:02:12.771+00:00,2026-09-21T08:02:16.140+00:00,True,54,54.0,,54.0,202368.935718,205738.568998,205738.56888099998,3809.973497796296,43.312373,202368.935718,27530.27427521463,78.40313865,63.57798641509434,10.923876392260546,0.2624690171755056,61,64,,True,True,,486,59.56268577710819
175,2026-09-21T07:58:50.632+00:00,2026-09-21T08:02:14.037+00:00,2026-09-21T08:02:19.098+00:00,True,81,81.0,,81.0,203404.765233,208465.894449,208465.89434600002,2573.6530166172843,44.187704,203404.765233,22593.501974930838,77.71964200000001,63.264115200000006,9.20222347987613,0.38855276645655906,61,64,,True,True,,85,59.56268577710819
176,2026-09-21T07:58:50.881+00:00,2026-09-21T08:02:15.616+00:00,2026-09-21T08:02:17.923+00:00,True,37,37.0,,37.0,204735.505242,207042.806874,207042.80685700002,5595.751536675676,50.496385000000004,204735.505242,33647.774330227796,80.0807704,64.091712,9.172360768074787,0.17870700537071582,61,64,,True,True,,219,59.56268577710819
177,2026-09-21T07:58:51.165+00:00,2026-09-21T08:02:17.044+00:00,2026-09-21T08:02:18.859+00:00,True,30,30.0,,30.0,205878.76153999998,207694.33606799998,207694.336028,6923.144534266666,46.687272,205878.76153999998,37576.71794891423,77.0548671,62.60601820689655,8.474117086449576,0.14444303377718434,61,64,,True,True,,64,59.56268577710819
178,2026-09-21T07:58:51.398+00:00,2026-09-21T08:02:18.241+00:00,2026-09-21T08:02:18.908+00:00,True,12,12.0,,12.0,206842.27259,207509.109326,207509.109386,17292.42578216667,47.416933,206842.27259,59692.72165061472,93120.9800502,60.62152145454545,9.575806418760358,0.05782878659629257,61,64,,True,True,,36,59.56268577710819
179,2026-09-21T07:58:51.658+00:00,2026-09-21T08:02:19.732+00:00,2026-09-21T08:02:20.762+00:00,True,17,17.0,,17.0,208074.278674,209104.304146,209104.304189,12300.253187588236,41.679133,208074.278674,50449.81277978696,41678.3686004,64.376592,11.19864861704685,0.08129913953435566,61,64,,True,True,,85,59.56268577710819
180,2026-09-21T07:58:51.939+00:00,2026-09-21T08:02:21.207+00:00,2026-09-21T08:02:25.399+00:00,True,69,69.0,,69.0,209267.546585,213459.409881,213459.409681,3093.614633057971,43.384213,209267.546585,25185.432868911892,77.85053860000001,61.645048470588236,9.962690184741597,0.3232464665692945,61,64,,True,True,,376,59.56268577710819
181,2026-09-21T07:58:52.260+00:00,2026-09-21T08:02:22.949+00:00,2026-09-21T08:02:25.761+00:00,True,46,46.0,,46.0,210689.056736,213501.337568,213501.337648,4641.333427130435,40.344863,210689.056736,31055.194161670843,78.41471399999999,62.4951296,10.987439107915396,0.21545532465504597,61,64,,True,True,,213,59.56268577710819
182,2026-09-21T07:58:52.610+00:00,2026-09-21T08:02:24.733+00:00,2026-09-21T08:02:29.998+00:00,True,86,86.0,,86.0,212122.930975,217387.701535,217387.701588,2527.763971953488,42.419561,212122.930975,22867.126787005604,76.64407999999999,61.938477176470585,9.322050521298449,0.39560655636332664,61,64,,True,True,,91,59.56268577710819
185,2026-09-21T07:58:53.846+00:00,2026-09-21T08:02:29.363+00:00,2026-09-21T08:02:32.598+00:00,True,52,52.0,,52.0,215517.736958,218752.541438,218752.541471,4206.779643673077,42.103301,215517.736958,29878.138583339987,81.23645200000001,63.42753882352942,10.044600662111641,0.23771152398125678,61,64,,True,True,,364,59.56268577710819
186,2026-09-21T07:58:53.851+00:00,2026-09-21T08:02:29.770+00:00,2026-09-21T08:02:32.080+00:00,True,38,38.0,,38.0,215919.07256200002,218229.45643400002,218229.45639300003,5742.880431394738,40.112353000000006,215919.07256200002,35016.57075582885,78.78438115,62.44280735135135,10.44723288478482,0.17412864707149417,61,64,,True,True,,19,59.56268577710819
183,2026-09-21T07:58:53.791+00:00,2026-09-21T08:02:29.835+00:00,2026-09-21T08:02:31.312+00:00,True,25,25.0,,25.0,216043.68091,217521.16135799998,217521.161332,8700.846453279999,42.405381,216043.68091,43196.424944515646,79.86999,61.56168533333334,9.955235361386938,0.11493134665116365,61,64,,True,True,,109,59.56268577710819
184,2026-09-21T07:58:53.841+00:00,2026-09-21T08:02:31.454+00:00,2026-09-21T08:02:34.946+00:00,True,55,55.0,,55.0,217612.94858199998,221105.337446,221105.337634,4020.097047890909,43.049122000000004,217612.94858199998,29334.2049372029,77.2488223,64.67386785185185,9.654697016717668,0.24875021397180208,61,64,,True,True,,60,59.56268577710819
187,2026-09-21T07:58:54.062+00:00,2026-09-21T08:02:32.344+00:00,2026-09-21T08:02:32.670+00:00,True,6,6.0,,6.0,218282.22982100002,218607.811901,218607.811882,36434.635313666666,53.808781,218282.22982100002,89086.76384451767,163730.59200150002,65.116416,8.770927263764078,0.027446411671313897,61,64,,True,True,,13,59.56268577710819
188,2026-09-21T07:58:54.329+00:00,2026-09-21T08:02:33.617+00:00,2026-09-21T08:02:38.990+00:00,True,85,85.0,,85.0,219288.379097,224661.682905,224661.683065,2643.0786242941176,40.951080999999995,219288.379097,23778.228126995094,78.90302000000001,63.967902476190474,10.253655922327754,0.3783466717639738,61,64,,True,True,,289,59.56268577710819
189,2026-09-21T07:58:54.675+00:00,2026-09-21T08:02:35.748+00:00,2026-09-21T08:02:37.397+00:00,True,26,26.0,,26.0,221072.809115,222721.535899,222721.53605300002,8566.212925115386,48.033411,221072.809115,43343.01298971231,100.8055205,65.94907136,12.607019445718096,0.11673770071247402,61,64,,True,True,,78,59.56268577710819
190,2026-09-21T07:58:54.978+00:00,2026-09-21T08:02:37.047+00:00,2026-09-21T08:02:40.228+00:00,True,52,52.0,,52.0,222068.90939,225250.360654,225250.36067099997,4331.737705211538,45.739141000000004,222068.90939,30786.767645952194,78.00289194999999,62.38139733333334,9.660002313658113,0.23085423636624303,61,64,,True,True,,54,59.56268577710819
191,2026-09-21T07:58:55.283+00:00,2026-09-21T08:02:38.470+00:00,2026-09-21T08:02:41.094+00:00,True,42,42.0,,42.0,223187.419408,225811.402768,225811.40268899998,5376.461968785714,42.210902000000004,223187.419408,34428.69258186207,79.29002309999998,63.999594146341465,10.11381673814384,0.1859959217522379,61,64,,True,True,,452,59.56268577710819
192,2026-09-21T07:58:55.490+00:00,2026-09-21T08:02:39.425+00:00,2026-09-21T08:02:41.775+00:00,True,38,38.0,,38.0,223935.278239,226284.498079,226284.498241,5954.855216868421,42.354322,223935.278239,36316.800721934036,78.69893265,63.49242810810811,10.50159445708421,0.16793019549546656,61,64,,True,True,,114,59.56268577710819
193,2026-09-21T07:58:55.805+00:00,2026-09-21T08:02:40.905+00:00,2026-09-21T08:02:44.900+00:00,True,64,64.0,,64.0,225100.139989,229095.501013,229095.500939,3579.617202171875,45.223011,225100.139989,28129.592031671084,78.046637,63.41842895238096,10.246319732816454,0.2793594798545098,61,64,,True,True,,160,59.56268577710819
194,2026-09-21T07:58:56.115+00:00,2026-09-21T08:02:42.514+00:00,2026-09-21T08:02:48.219+00:00,True,91,91.0,,91.0,226398.52098300002,232104.05186300003,232104.05193200003,2550.5939772747256,43.513671,226398.52098300002,23726.37009978056,76.54785749999999,63.39478755555555,9.843025110916859,0.3920655381480069,61,64,,True,True,,364,59.56268577710819
195,2026-09-21T07:58:56.345+00:00,2026-09-21T08:02:43.846+00:00,2026-09-21T08:02:47.889+00:00,True,65,65.0,,65.0,227501.59700600003,231543.952974,231543.952878,3562.214659661539,42.049211,227501.59700600003,28210.267677559106,77.5838748,63.161812,9.965496471255214,0.2807242390273039,61,64,,True,True,,252,59.56268577710819
196,2026-09-21T07:58:56.581+00:00,2026-09-21T08:02:45.205+00:00,2026-09-21T08:02:45.897+00:00,True,12,12.0,,12.0,228623.52872799998,229315.43912799997,229315.43915399996,19109.619929499997,46.312211000000005,228623.52872799998,65979.77085065792,102922.24637575001,62.90094545454545,11.193275530632812,0.052329664525125164,61,64,,True,True,,36,59.56268577710819
197,2026-09-21T07:58:56.932+00:00,2026-09-21T08:02:47.125+00:00,2026-09-21T08:02:47.337+00:00,True,4,4.0,,4.0,230192.57663,230404.645238,230404.64521699998,57601.161304249996,59.810552,230192.57663,115060.94380780139,195675.1436663,70.689536,9.424224115121202,0.01736076108998644,61,64,,True,True,,36,59.56268577710819
198,2026-09-21T07:58:57.179+00:00,2026-09-21T08:02:48.220+00:00,2026-09-21T08:02:52.474+00:00,True,70,70.0,,70.0,231040.959282,235295.56971399998,235295.569534,3361.3652790571427,44.79189100000001,231040.959282,27607.307997258577,75.7659635,61.661020753623184,9.020594629547793,0.29749816405419144,61,64,,True,True,,480,59.56268577710819
199,2026-09-21T07:58:57.494+00:00,2026-09-21T08:02:49.825+00:00,2026-09-21T08:02:50.724+00:00,True,15,15.0,,15.0,232330.447955,233229.72885100002,233229.72884700002,15548.648589800001,48.293462,232330.447955,59970.879144429106,69752.7340886,64.23434971428571,9.272886782267168,0.06431427105754098,61,64,,True,True,,65,59.56268577710819
200,2026-09-21T07:58:57.690+00:00,2026-09-21T08:02:50.902+00:00,2026-09-21T08:02:54.783+00:00,True,63,63.0,,63.0,233211.633503,237092.878431,237092.878519,3763.379024111111,43.879731,233211.633503,29374.01856148394,77.7003559,62.60072464516129,9.335117958655303,0.265718651765977,61,64,,True,True,,687,59.56268577710819
201,2026-09-21T07:58:57.914+00:00,2026-09-21T08:02:52.337+00:00,2026-09-21T08:02:52.880+00:00,True,9,9.0,,9.0,234423.16972,234966.147256,234966.14727000002,26107.349696666668,48.559591,234423.16972,78118.43296761187,140684.2460492,67.872192,9.051785623027538,0.03830339010578546,61,64,,True,True,,18,59.56268577710819
202,2026-09-21T07:58:58.158+00:00,2026-09-21T08:02:53.433+00:00,2026-09-21T08:02:54.105+00:00,True,12,12.0,,12.0,235275.182843,235946.393339,235946.39333599998,19662.199444666665,49.031881999999996,235275.182843,67900.48111332749,105917.031261,61.019136,10.560146131236177,0.05085901009200338,61,64,,True,True,,57,59.56268577710819
203,2026-09-21T07:58:58.482+00:00,2026-09-21T08:02:55.220+00:00,2026-09-21T08:02:57.936+00:00,True,44,44.0,,44.0,236737.832762,239453.261626,239453.261647,5442.119582886364,44.665911,236737.832762,35680.05230878535,78.38182885,63.14950846511628,9.824821635000674,0.18375193430742748,61,64,,True,True,,132,59.56268577710819
204,2026-09-21T07:58:58.829+00:00,2026-09-21T08:02:57.185+00:00,2026-09-21T08:02:59.276+00:00,True,33,33.0,,33.0,238355.033275,240446.090171,240446.090179,7286.245156939393,47.212751,238355.033275,41480.91113037145,77.36021860000001,65.345528,8.526881471149204,0.13724490165979045,61,64,,True,True,,138,59.56268577710819
205,2026-09-21T07:58:59.068+00:00,2026-09-21T08:02:58.454+00:00,2026-09-21T08:02:58.941+00:00,True,9,9.0,,9.0,239386.03276499998,239873.013629,239873.013502,26652.557055777776,48.890432000000004,239386.03276499998,79775.05417900019,143664.21459979998,60.872608,11.987285247198978,0.03751985212442391,61,64,,True,True,,99,59.56268577710819
206,2026-09-21T07:58:59.308+00:00,2026-09-21T08:02:59.674+00:00,2026-09-21T08:03:01.027+00:00,True,22,22.0,,22.0,240366.382492,241718.508956,241718.50884,10987.204947272727,47.738821,240366.382492,51232.55814493828,76.46579649999998,64.38697447619047,7.746385175439546,0.09101495824634868,61,64,,True,True,,67,59.56268577710819
207,2026-09-21T07:58:59.620+00:00,2026-09-21T08:03:01.098+00:00,2026-09-21T08:03:02.717+00:00,True,27,27.0,,27.0,241478.31365,243097.332658,243097.332787,9003.604918037037,42.702431,241478.31365,46460.54077556822,79.713932,62.26996184615385,12.065869612415302,0.11106662382834445,61,64,,True,True,,81,59.56268577710819
208,2026-09-21T07:58:59.898+00:00,2026-09-21T08:03:02.713+00:00,2026-09-21T08:03:04.739+00:00,True,33,33.0,,33.0,242815.20151800002,244841.26180600002,244841.26171800002,7419.432173272728,49.786031,242815.20151800002,42257.68032629542,79.967043,63.314384,8.533529222916329,0.1347812037749893,61,64,,True,True,,135,59.56268577710819
209,2026-09-21T07:59:00.166+00:00,2026-09-21T08:03:03.978+00:00,2026-09-21T08:03:09.542+00:00,True,87,87.0,,87.0,243812.106634,249376.542346,249376.542369,2866.397038724138,42.579802,243812.106634,26132.466167149083,76.57260500000001,64.7027408372093,8.793754243806273,0.3488700227437229,61,64,,True,True,,528,59.56268577710819
210,2026-09-21T07:59:00.476+00:00,2026-09-21T08:03:05.652+00:00,2026-09-21T08:03:10.229+00:00,True,72,72.0,,72.0,245176.346411,249752.589867,249752.589871,3468.7859704305556,42.821312,245176.346411,28886.714936329052,77.56515750000001,64.45413318309859,9.078438626532973,0.2882852988164885,61,64,,True,True,,150,59.56268577710819
211,2026-09-21T07:59:00.710+00:00,2026-09-21T08:03:06.803+00:00,2026-09-21T08:03:12.563+00:00,True,92,92.0,,92.0,246093.64693599998,251853.53916,251853.53913799996,2737.538468891304,44.330021,246093.64693599998,25650.43890228957,77.03724199999999,63.29551894505495,9.164765491169605,0.36529167033683546,61,64,,True,True,,184,59.56268577710819
212,2026-09-21T07:59:00.907+00:00,2026-09-21T08:03:07.959+00:00,2026-09-21T08:03:12.116+00:00,True,67,67.0,,67.0,247051.971377,251209.562417,251209.562413,3749.3964539253734,44.916811,247051.971377,30174.5076294719,76.5100603,62.99380363636363,9.514161604494845,0.26670959240310327,61,64,,True,True,,189,59.56268577710819
214,2026-09-21T07:59:01.418+00:00,2026-09-21T08:03:09.603+00:00,2026-09-21T08:03:13.709+00:00,True,66,66.0,,66.0,248185.404641,252290.955489,252290.955426,3822.590233727273,44.494911,248185.404641,30541.73810505609,76.626742,63.16232073846154,9.160360486169715,0.2616027192575186,61,64,,True,True,,462,59.56268577710819
215,2026-09-21T07:59:01.710+00:00,2026-09-21T08:03:11.109+00:00,2026-09-21T08:03:12.429+00:00,True,22,22.0,,22.0,249398.496344,250718.46767200003,250718.46774000002,11396.293988181818,47.764801,249398.496344,53158.53780617421,73.83614815,62.85577752380952,8.353601821606244,0.08774782410038212,61,64,,True,True,,44,59.56268577710819
216,2026-09-21T07:59:01.948+00:00,2026-09-21T08:03:12.247+00:00,2026-09-21T08:03:17.938+00:00,True,91,91.0,,91.0,250299.088912,255990.39361600002,255990.39384900001,2813.0812510879123,42.087092,250299.088912,26231.84660395732,77.594338,63.23671893333333,9.379980788663238,0.3554820894431887,61,64,,True,True,,273,59.56268577710819
213,2026-09-21T07:59:01.186+00:00,2026-09-21T08:03:14.417+00:00,2026-09-21T08:03:20.074+00:00,True,91,91.0,,91.0,253230.566514,258887.718258,258887.718203,2844.9199802527473,44.494121,253230.566514,26539.188637791533,76.83386300000001,62.8572416,9.150383750831555,0.3515037353348375,61,64,,True,True,,95,59.56268577710819
217,2026-09-21T07:59:02.295+00:00,2026-09-21T08:03:15.098+00:00,2026-09-21T08:03:19.167+00:00,True,67,67.0,,67.0,252803.30772299998,256871.683787,256871.68378599998,3833.9057281492533,44.956671,252803.30772299998,30877.310136703985,78.04923500000001,61.64206157575758,8.948947557530017,0.26083061788763345,61,64,,True,True,,268,59.56268577710819
218,2026-09-21T07:59:02.599+00:00,2026-09-21T08:03:16.495+00:00,2026-09-21T08:03:18.278+00:00,True,30,30.0,,30.0,253896.06943,255679.14399,255679.14400200002,8522.6381334,47.844481,253896.06943,46343.64320963744,74.37698795,61.485329655172414,8.084289156073632,0.11733456054269857,61,64,,True,True,,119,59.56268577710819
219,2026-09-21T07:59:02.948+00:00,2026-09-21T08:03:18.583+00:00,2026-09-21T08:03:21.486+00:00,True,46,46.0,,46.0,255635.385518,258538.84868599998,258538.84857899998,5620.409751717391,44.449672,255635.385518,37681.86999350891,81.92614474999999,64.52140373333333,11.94748898400166,0.17792297070165966,61,64,,True,True,,46,59.56268577710819
220,2026-09-21T07:59:03.147+00:00,2026-09-21T08:03:19.686+00:00,2026-09-21T08:03:22.256+00:00,True,41,41.0,,41.0,256538.839915,259109.12522699998,259109.12529599998,6319.734763317073,44.637282,256538.839915,40054.60206596043,79.615973,64.2571328,11.623373507144404,0.15823448890146485,61,64,,True,True,,6,59.56268577710819
221,2026-09-21T07:59:03.466+00:00,2026-09-21T08:03:21.481+00:00,2026-09-21T08:03:23.920+00:00,True,39,39.0,,39.0,258015.801085,260454.19570900002,260454.19567100002,6678.312709512821,46.058892,258015.801085,41305.31976689548,77.031216,64.16827957894736,9.369034364003674,0.14973842096816853,61,64,,True,True,,181,59.56268577710819
222,2026-09-21T07:59:03.739+00:00,2026-09-21T08:03:22.719+00:00,2026-09-21T08:03:27.301+00:00,True,74,74.0,,74.0,258979.436841,263561.617193,263561.617201,3561.643475689189,44.102402000000005,258979.436841,30098.45256018034,76.6595787,62.7695938630137,9.115024889585767,0.2807692591513109,61,64,,True,True,,444,59.56268577710819
223,2026-09-21T07:59:04.046+00:00,2026-09-21T08:03:24.111+00:00,2026-09-21T08:03:24.226+00:00,True,3,3.0,,3.0,260064.935048,260179.943816,260179.94385200003,86726.64795066667,51.274322,260064.935048,150115.36020405128,234064.81499140002,57.504384,8.810754140337364,0.011530481389148153,61,64,,True,True,,9,59.56268577710819
224,2026-09-21T07:59:04.304+00:00,2026-09-21T08:03:25.565+00:00,2026-09-21T08:03:27.673+00:00,True,35,35.0,,35.0,261261.159031,263368.814455,263368.81444499997,7524.823269857143,44.213802,261261.159031,44150.71895953085,77.62827069999999,61.989865411764704,10.13526349220936,0.1328934865444375,61,64,,True,True,,106,59.56268577710819
225,2026-09-21T07:59:04.615+00:00,2026-09-21T08:03:27.296+00:00,2026-09-21T08:03:28.208+00:00,True,15,15.0,,15.0,262680.82591,263592.12549400004,263592.125492,17572.808366133333,51.661652000000004,262680.82591,67807.09138425962,78858.4988874,65.09282742857143,9.90792500804052,0.056906100559295486,61,64,,True,True,,30,59.56268577710819
227,2026-09-21T07:59:05.594+00:00,2026-09-21T08:03:28.083+00:00,2026-09-21T08:03:29.593+00:00,True,25,25.0,,25.0,262488.891526,263999.534726,263999.534859,10559.98139436,46.540512,262488.891526,52485.190463796534,77.2579202,62.943466666666666,9.66629055185754,0.09469713659134671,61,64,,True,True,,246,59.56268577710819
226,2026-09-21T07:59:05.567+00:00,2026-09-21T08:03:29.042+00:00,2026-09-21T08:03:30.544+00:00,True,25,25.0,,25.0,263474.677252,264976.80333200004,264976.80309600005,10599.07212384,47.919792,263474.677252,52682.41836238667,77.5846822,62.588586666666664,8.305103164367623,0.09434788134520779,61,64,,True,True,,50,59.56268577710819
228,2026-09-21T07:59:05.836+00:00,2026-09-21T08:03:31.570+00:00,2026-09-21T08:03:34.119+00:00,True,41,41.0,,41.0,265734.190075,268283.807995,268283.808058,6543.507513609756,44.951781000000004,265734.190075,41490.75442700469,78.72592200000001,63.740448,8.685492494729216,0.1528232371025691,61,64,,True,True,,361,59.56268577710819
229,2026-09-21T07:59:05.993+00:00,2026-09-21T08:03:34.487+00:00,2026-09-21T08:03:40.554+00:00,True,96,96.0,,96.0,268493.84933,274561.24133,274561.241427,2860.01293153125,45.418651,268493.84933,27396.522010925484,78.545347,63.867284210526314,9.677314951896784,0.3496487688319267,61,64,,True,True,,198,59.56268577710819
230,2026-09-21T07:59:06.335+00:00,2026-09-21T08:03:36.644+00:00,2026-09-21T08:03:39.642+00:00,True,48,48.0,,48.0,270308.86903899995,273306.52356699994,273306.52369199996,5693.885910249999,45.477731,270308.86903899995,39006.519905408364,80.77024185,63.77988357446809,9.628272476118228,0.1756269823842423,61,64,,True,True,,48,59.56268577710819
231,2026-09-21T07:59:06.666+00:00,2026-09-21T08:03:38.359+00:00,2026-09-21T08:03:42.309+00:00,True,62,62.0,,62.0,271692.924991,275642.96223899996,275642.962112,4445.854227612903,45.139551,271692.924991,34496.81384912498,79.36702604999999,64.75470898360655,11.003751102832057,0.22492865225502132,61,64,,True,True,,124,59.56268577710819
232,2026-09-21T07:59:06.956+00:00,2026-09-21T08:03:39.712+00:00,2026-09-21T08:03:45.987+00:00,True,98,98.0,,98.0,272756.055339,279030.787627,279030.787701,2847.25293572449,42.532521,272756.055339,27545.98984264641,78.42083765000001,64.68796173195877,10.496818442694606,0.3512157236605857,61,64,,True,True,,294,59.56268577710819
233,2026-09-21T07:59:07.167+00:00,2026-09-21T08:03:40.831+00:00,2026-09-21T08:03:42.096+00:00,True,21,21.0,,21.0,273663.800741,274929.094053,274929.093935,13091.86161595238,45.667671,273663.800741,59704.53250837941,76.479472,63.2646656,9.756351781355237,0.07638333102698722,61,64,,True,True,,63,59.56268577710819
234,2026-09-21T07:59:07.446+00:00,2026-09-21T08:03:42.310+00:00,2026-09-21T08:03:44.359+00:00,True,33,33.0,,33.0,274863.92001099995,276912.89537099993,276912.895316,8391.299858060605,40.928081,274863.92001099995,47836.521629677736,79.31623300000001,64.03048,9.95233471766379,0.11917104819473123,61,64,,True,True,,148,59.56268577710819
235,2026-09-21T07:59:07.700+00:00,2026-09-21T08:03:43.617+00:00,2026-09-21T08:03:48.270+00:00,True,75,75.0,,75.0,275916.952194,280569.78317,280569.783011,3740.930440146667,46.05125099999999,275916.952194,31852.886451889986,77.3630657,62.87609427027027,9.619787099454758,0.26731317661017245,61,64,,True,True,,225,59.56268577710819
236,2026-09-21T07:59:07.919+00:00,2026-09-21T08:03:45.021+00:00,2026-09-21T08:03:45.591+00:00,True,10,10.0,,10.0,277101.925099,277671.919851,277671.919662,27767.1919662,48.721141,277101.925099,87607.29565596022,152440.6751764,63.332750222222224,9.83202584481044,0.036013724417528585,61,64,,True,True,,30,59.56268577710819
237,2026-09-21T07:59:08.222+00:00,2026-09-21T08:03:46.252+00:00,2026-09-21T08:03:49.639+00:00,True,55,55.0,,55.0,278030.006894,281416.532846,281416.532975,5116.664235909091,46.425492,278030.006894,37481.10351513065,79.30842,62.71344355555555,10.013116170334419,0.1954398323502114,61,64,,True,True,,55,59.56268577710819
238,2026-09-21T07:59:08.509+00:00,2026-09-21T08:03:47.897+00:00,2026-09-21T08:03:51.351+00:00,True,55,55.0,,55.0,279387.54283999995,282842.2838319999,282842.28367199993,5142.586975854545,42.707371,279387.54283999995,37663.983114811126,79.4503763,63.976685037037036,9.343688987424724,0.1944546595185478,61,64,,True,True,,220,59.56268577710819
239,2026-09-21T07:59:08.796+00:00,2026-09-21T08:03:49.252+00:00,2026-09-21T08:03:49.371+00:00,True,3,3.0,,3.0,280456.323568,280575.403504,280575.40350899997,93525.134503,55.390341,280456.323568,161887.1585431053,252417.0601712,59.539968,5.868646872593375,0.01069231287751576,61,64,,True,True,,6,59.56268577710819
240,2026-09-21T07:59:09.052+00:00,2026-09-21T08:03:50.709+00:00,2026-09-21T08:03:52.260+00:00,True,25,25.0,,25.0,281656.644532,283207.98738,283207.987324,11328.31949296,44.579951,281656.644532,56318.401688711805,78.7056618,64.63928533333333,8.665735807989385,0.08827434646628009,61,64,,True,True,,54,59.56268577710819
241,2026-09-21T07:59:09.355+00:00,2026-09-21T08:03:52.263+00:00,2026-09-21T08:03:52.745+00:00,True,9,9.0,,9.0,282907.80598299997,283389.921567,283389.92175299994,31487.769083666662,46.086180999999996,282907.80598299997,94282.51424004001,169774.8482346,60.264448,9.316748483853551,0.03175836300117748,61,64,,True,True,,36,59.56268577710819
242,2026-09-21T07:59:09.557+00:00,2026-09-21T08:03:53.215+00:00,2026-09-21T08:03:56.998+00:00,True,61,61.0,,61.0,283657.67145200004,287440.49615600007,287440.496141,4712.139281000001,43.154061,283657.67145200004,36310.5722561806,76.887262,63.0470784,10.115824725134765,0.21221783574605996,61,64,,True,True,,519,59.56268577710819
243,2026-09-21T07:59:09.878+00:00,2026-09-21T08:03:54.902+00:00,2026-09-21T08:03:55.715+00:00,True,14,14.0,,14.0,285023.48768300004,285836.86905900005,285836.86910000007,20416.919221428576,48.438041,285023.48768300004,76159.0098348875,99808.60358135002,62.567798153846155,8.999269159724859,0.04897898597227581,61,64,,True,True,,42,59.56268577710819
245,2026-09-21T07:59:10.381+00:00,2026-09-21T08:03:55.212+00:00,2026-09-21T08:03:59.088+00:00,True,63,63.0,,63.0,284831.303028,288706.90546,288706.905429,4582.64929252381,41.772131,284831.303028,35877.4967825381,77.52156399999998,62.50971664516129,9.163450691878882,0.21821438562275255,61,64,,True,True,,447,59.56268577710819
246,2026-09-21T07:59:10.733+00:00,2026-09-21T08:03:57.213+00:00,2026-09-21T08:04:03.049+00:00,True,92,92.0,,92.0,286480.053764,292315.80058000004,292315.800546,3177.3456581086957,43.364881000000004,286480.053764,29860.925665364466,78.14294294999999,64.12908589010989,8.893697922224,0.31472811191683,61,64,,True,True,,368,59.56268577710819
247,2026-09-21T07:59:10.981+00:00,2026-09-21T08:03:58.819+00:00,2026-09-21T08:04:05.075+00:00,True,99,99.0,,99.0,287837.83538099995,294093.745013,294093.745112,2970.6438900202015,41.297351,287837.83538099995,28922.37657887291,77.06293189999998,63.835812571428576,9.037249677080338,0.33662735668051647,61,64,,True,True,,891,59.56268577710819
244,2026-09-21T07:59:10.161+00:00,2026-09-21T08:04:00.466+00:00,2026-09-21T08:04:02.384+00:00,True,31,31.0,,31.0,290305.288911,292223.173327,292223.173341,9426.553978741937,46.027641,290305.288911,52128.887882319,77.3005215,63.92948053333333,9.637734382581215,0.10608330491747402,61,64,,True,True,,72,59.56268577710819
248,2026-09-21T07:59:11.218+00:00,2026-09-21T08:04:01.051+00:00,2026-09-21T08:04:04.427+00:00,True,54,54.0,,54.0,289833.244653,293208.73982099997,293208.73984399997,5429.791478592592,41.246161,289833.244653,39432.64295300612,76.76084485000001,63.6885880754717,8.91646830228749,0.18416913504340382,61,64,,True,True,,162,59.56268577710819
249,2026-09-21T07:59:11.566+00:00,2026-09-21T08:04:03.435+00:00,2026-09-21T08:04:08.544+00:00,True,83,83.0,,83.0,291868.88000700006,296978.1484870001,296978.14851400006,3578.0499820963864,44.045421000000005,291868.88000700006,32029.93365783939,77.08593400000001,62.30815219512195,8.960563230068349,0.279481842091265,61,64,,True,True,,168,59.56268577710819
250,2026-09-21T07:59:11.903+00:00,2026-09-21T08:04:05.457+00:00,2026-09-21T08:04:06.176+00:00,True,13,13.0,,13.0,293554.041956,294273.25859599997,294273.258681,22636.404513923073,45.528831,293554.041956,81400.62015327757,117467.82624559998,59.93472,11.291348104544536,0.04417662706432785,61,64,,True,True,,67,59.56268577710819
251,2026-09-21T07:59:12.248+00:00,2026-09-21T08:04:07.251+00:00,2026-09-21T08:04:12.319+00:00,False,82,81.0,,81.0,295003.269754,300071.119994,300071.12018,3659.4039046341463,0.02652,295003.269754,32570.753961382798,77.04185195,62.56605234567901,11.341603414850868,0.26993600717596417,61,64,,True,False,Request timeout: 300.0s exceeded,324,59.56268577710819
252,2026-09-21T07:59:12.501+00:00,2026-09-21T08:04:08.546+00:00,2026-09-21T08:04:12.546+00:00,False,66,65.0,,65.0,296044.599248,300044.19784000004,300044.19793200004,4546.12421109091,0.026359999999999998,296044.599248,36432.999006824735,75.8415585,61.53228603076923,12.135475538589661,0.21663475070649943,61,64,,True,False,Request timeout: 300.0s exceeded,585,59.56268577710819
253,2026-09-21T07:59:12.823+00:00,2026-09-21T08:04:10.555+00:00,2026-09-21T08:04:12.590+00:00,True,34,34.0,,34.0,297732.70832200005,299767.00694600004,299767.00689500006,8816.676673382355,44.636581,297732.70832200005,51050.16707982325,77.42991585,61.64541284848485,10.015887674450417,0.11342142134449357,61,64,,True,True,,68,59.56268577710819
254,2026-09-21T07:59:13.117+00:00,2026-09-21T08:04:11.994+00:00,2026-09-21T08:04:13.148+00:00,False,21,20.0,,20.0,298876.742716,300030.506044,300030.50598,14287.166951428571,0.02644,298876.742716,65207.66563333947,79.365061,57.6881664,16.51386695632861,0.06665988823505489,61,64,,True,False,Request timeout: 300.0s exceeded,30,59.56268577710819
255,2026-09-21T07:59:13.369+00:00,2026-09-21T08:04:13.330+00:00,2026-09-21T08:04:13.386+00:00,False,3,2.0,,2.0,299960.596552,300016.72199199995,300016.72203299997,100005.57401099999,0.03109,299960.596552,173166.13140363878,269970.1463359,28.06272,39.64287254177063,0.006666295087556256,61,64,,True,False,Request timeout: 300.0s exceeded,12,59.56268577710819
256,2026-09-21T07:59:13.619+00:00,2026-09-21T08:04:13.727+00:00,2026-09-21T08:04:13.727+00:00,False,1,0.0,,0.0,300108.00025800004,300108.00025800004,300108.00025800004,300108.00025800004,300108.00025800004,300108.00025800004,nan,300108.00025800004,nan,nan,0.0,61,64,,True,False,"HTTPConnectionPool(host='gpu06', port=9004): Read timed out.",0,59.56268577710819
257,2026-09-21T07:59:13.951+00:00,2026-09-21T08:04:14.059+00:00,2026-09-21T08:04:14.059+00:00,False,1,0.0,,0.0,300107.847216,300107.847216,300107.847216,300107.847216,300107.847216,300107.847216,nan,300107.847216,nan,nan,0.0,61,64,,True,False,"HTTPConnectionPool(host='gpu06', port=9004): Read timed out.",0,59.56268577710819
258,2026-09-21T07:59:14.295+00:00,2026-09-21T08:04:14.399+00:00,2026-09-21T08:04:14.399+00:00,False,1,0.0,,0.0,300104.736533,300104.736533,300104.736533,300104.736533,300104.736533,300104.736533,nan,300104.736533,nan,nan,0.0,61,64,,True,False,"HTTPConnectionPool(host='gpu06', port=9004): Read timed out.",0,59.56268577710819
259,2026-09-21T07:59:14.558+00:00,2026-09-21T08:04:14.642+00:00,2026-09-21T08:04:14.642+00:00,False,1,0.0,,0.0,300084.158095,300084.158095,300084.158095,300084.158095,300084.158095,300084.158095,nan,300084.158095,nan,nan,0.0,61,64,,True,False,"HTTPConnectionPool(host='gpu06', port=9004): Read timed out.",0,59.56268577710819
260,2026-09-21T07:59:14.892+00:00,2026-09-21T08:04:14.948+00:00,2026-09-21T08:04:14.948+00:00,False,1,0.0,,0.0,300056.084592,300056.084592,300056.084592,300056.084592,300056.084592,300056.084592,nan,300056.084592,nan,nan,0.0,61,64,,True,False,"HTTPConnectionPool(host='gpu06', port=9004): Read timed out.",0,59.56268577710819
261,2026-09-21T07:59:15.139+00:00,2026-09-21T08:04:15.181+00:00,2026-09-21T08:04:15.181+00:00,False,1,0.0,,0.0,300042.567995,300042.567995,300042.567995,300042.567995,300042.567995,300042.567995,nan,300042.567995,nan,nan,0.0,61,64,,True,False,TTFT timeout: 300.0s exceeded (TTFT: 300.018s),0,59.56268577710819
262,2026-09-21T07:59:15.457+00:00,2026-09-21T08:04:15.487+00:00,2026-09-21T08:04:15.487+00:00,False,1,0.0,,0.0,300029.923953,300029.923953,300029.923953,300029.923953,300029.923953,300029.923953,nan,300029.923953,nan,nan,0.0,61,64,,True,False,TTFT timeout: 300.0s exceeded (TTFT: 300.022s),0,59.56268577710819
264,2026-09-21T07:59:15.896+00:00,2026-09-21T08:04:15.802+00:00,2026-09-21T08:04:15.916+00:00,False,4,3.0,,3.0,299905.59080199996,300019.625746,300019.62570399995,75004.90642599999,0.04244,299905.59080199996,149933.79200478524,254928.71589234995,38.011648,32.99803367269123,0.009999345851260524,61,64,,True,False,Request timeout: 300.0s exceeded,0,59.56268577710819
263,2026-09-21T07:59:15.705+00:00,2026-09-21T08:04:15.802+00:00,2026-09-21T08:04:15.802+00:00,False,1,0.0,,0.0,300097.773779,300097.773779,300097.773779,300097.773779,300097.773779,300097.773779,nan,300097.773779,nan,nan,0.0,61,64,,True,False,TTFT timeout: 300.0s exceeded (TTFT: 300.090s),0,59.56268577710819
265,2026-09-21T07:59:16.209+00:00,2026-09-21T08:04:16.270+00:00,2026-09-21T08:04:16.270+00:00,False,1,0.0,,0.0,300061.659343,300061.659343,300061.659343,300061.659343,300061.659343,300061.659343,nan,300061.659343,nan,nan,0.0,61,64,,True,False,"HTTPConnectionPool(host='gpu06', port=9004): Read timed out.",0,59.56268577710819
266,2026-09-21T07:59:16.408+00:00,2026-09-21T08:04:16.510+00:00,2026-09-21T08:04:16.510+00:00,False,1,0.0,,0.0,300101.784822,300101.784822,300101.784822,300101.784822,300101.784822,300101.784822,nan,300101.784822,nan,nan,0.0,61,64,,True,False,"HTTPConnectionPool(host='gpu06', port=9004): Read timed out.",0,59.56268577710819
267,2026-09-21T07:59:16.673+00:00,2026-09-21T08:04:16.739+00:00,2026-09-21T08:04:16.739+00:00,False,1,0.0,,0.0,300066.81725300004,300066.81725300004,300066.81725300004,300066.81725300004,300066.81725300004,300066.81725300004,nan,300066.81725300004,nan,nan,0.0,61,64,,True,False,"HTTPConnectionPool(host='gpu06', port=9004): Read timed out.",0,59.56268577710819
268,2026-09-21T07:59:17.004+00:00,2026-09-21T08:04:17.106+00:00,2026-09-21T08:04:17.106+00:00,False,1,0.0,,0.0,300102.59564099996,300102.59564099996,300102.59564099996,300102.59564099996,300102.59564099996,300102.59564099996,nan,300102.59564099996,nan,nan,0.0,61,64,,True,False,"HTTPConnectionPool(host='gpu06', port=9004): Read timed out.",0,59.56268577710819
269,2026-09-21T07:59:17.356+00:00,2026-09-21T08:04:17.401+00:00,2026-09-21T08:04:17.401+00:00,False,1,0.0,,0.0,300045.199166,300045.199166,300045.199166,300045.199166,300045.199166,300045.199166,nan,300045.199166,nan,nan,0.0,61,64,,True,False,"HTTPConnectionPool(host='gpu06', port=9004): Read timed out.",0,59.56268577710819
270,2026-09-21T07:59:17.574+00:00,2026-09-21T08:04:17.549+00:00,2026-09-21T08:04:17.804+00:00,False,3,2.0,,2.0,299974.91444,300230.42394400004,300230.424086,100076.80802866668,0.03198,299974.91444,173116.88543655176,270002.9707626,127.754752,180.62724810201536,0.006661550064536586,61,64,,True,False,Request timeout: 300.0s exceeded,4,59.56268577710819
271,2026-09-21T07:59:17.930+00:00,2026-09-21T08:04:17.918+00:00,2026-09-21T08:04:18.033+00:00,False,3,2.0,,2.0,299988.437097,300103.708521,300103.70848900004,100034.56949633334,0.03211,299988.437097,173165.13850807797,270001.1173155,57.635712,81.46358871476184,0.0066643628292918896,61,64,,True,False,Request timeout: 300.0s exceeded,18,59.56268577710819
273,2026-09-21T07:59:19.808+00:00,2026-09-21T08:04:20.399+00:00,2026-09-21T08:04:20.399+00:00,False,1,0.0,,0.0,300591.082574,300591.082574,300591.082574,300591.082574,300591.082574,300591.082574,nan,300591.082574,nan,nan,0.0,61,64,,True,False,"HTTPConnectionPool(host='gpu06', port=9004): Read timed out.",0,59.56268577710819
272,2026-09-21T07:59:19.330+00:00,2026-09-21T08:04:20.401+00:00,2026-09-21T08:04:20.401+00:00,False,1,0.0,,0.0,301070.70907599997,301070.70907599997,301070.70907599997,301070.70907599997,301070.70907599997,301070.70907599997,nan,301070.70907599997,nan,nan,0.0,61,64,,True,False,"HTTPConnectionPool(host='gpu06', port=9004): Read timed out.",0,59.56268577710819
274,2026-09-21T07:59:20.196+00:00,2026-09-21T08:04:21.213+00:00,2026-09-21T08:04:21.402+00:00,False,5,4.0,,4.0,301017.571037,301206.166493,301206.166411,60241.233282199995,0.0353,301017.571037,134598.06919388068,240833.75746599998,47.148864,40.39228952211759,0.013279940602055899,61,64,,True,False,Request timeout: 300.0s exceeded,24,59.56268577710819
275,2026-09-21T07:59:20.212+00:00,2026-09-21T08:04:21.215+00:00,2026-09-21T08:04:21.406+00:00,False,5,4.0,,4.0,301002.442615,301193.234551,301193.234519,60238.6469038,0.03068,301002.442615,134591.0580496315,240821.8187424,47.697984,40.70670684668396,0.013280510785585703,61,64,,True,False,Request timeout: 300.0s exceeded,7,59.56268577710819
280,2026-09-21T07:59:20.353+00:00,2026-09-21T08:04:21.525+00:00,2026-09-21T08:04:21.525+00:00,False,1,0.0,,0.0,301171.46467,301171.46467,301171.46467,301171.46467,301171.46467,301171.46467,nan,301171.46467,nan,nan,0.0,61,64,,True,False,"HTTPConnectionPool(host='gpu06', port=9004): Read timed out.",0,59.56268577710819
278,2026-09-21T07:59:20.289+00:00,2026-09-21T08:04:21.526+00:00,2026-09-21T08:04:21.526+00:00,False,1,0.0,,0.0,301237.09356400004,301237.09356400004,301237.09356400004,301237.09356400004,301237.09356400004,301237.09356400004,nan,301237.09356400004,nan,nan,0.0,61,64,,True,False,"HTTPConnectionPool(host='gpu06', port=9004): Read timed out.",0,59.56268577710819
277,2026-09-21T07:59:20.274+00:00,2026-09-21T08:04:21.526+00:00,2026-09-21T08:04:21.526+00:00,False,1,0.0,,0.0,301251.87902600004,301251.87902600004,301251.87902600004,301251.87902600004,301251.87902600004,301251.87902600004,nan,301251.87902600004,nan,nan,0.0,61,64,,True,False,"HTTPConnectionPool(host='gpu06', port=9004): Read timed out.",0,59.56268577710819
276,2026-09-21T07:59:20.229+00:00,2026-09-21T08:04:21.526+00:00,2026-09-21T08:04:21.526+00:00,False,1,0.0,,0.0,301296.96108,301296.96108,301296.96108,301296.96108,301296.96108,301296.96108,nan,301296.96108,nan,nan,0.0,61,64,,True,False,"HTTPConnectionPool(host='gpu06', port=9004): Read timed out.",0,59.56268577710819
279,2026-09-21T07:59:20.291+00:00,2026-09-21T08:04:21.527+00:00,2026-09-21T08:04:21.527+00:00,False,1,0.0,,0.0,301236.03443400003,301236.03443400003,301236.03443400003,301236.03443400003,301236.03443400003,301236.03443400003,nan,301236.03443400003,nan,nan,0.0,61,64,,True,False,"HTTPConnectionPool(host='gpu06', port=9004): Read timed out.",0,59.56268577710819
281,2026-09-21T07:59:20.702+00:00,2026-09-21T08:04:21.896+00:00,2026-09-21T08:04:21.896+00:00,False,1,0.0,,0.0,301194.044906,301194.044906,301194.044906,301194.044906,301194.044906,301194.044906,nan,301194.044906,nan,nan,0.0,61,64,,True,False,"HTTPConnectionPool(host='gpu06', port=9004): Read timed out.",0,59.56268577710819
283,2026-09-21T07:59:21.333+00:00,2026-09-21T08:04:21.897+00:00,2026-09-21T08:04:21.897+00:00,False,1,0.0,,0.0,300564.038991,300564.038991,300564.038991,300564.038991,300564.038991,300564.038991,nan,300564.038991,nan,nan,0.0,61,64,,True,False,"HTTPConnectionPool(host='gpu06', port=9004): Read timed out.",0,59.56268577710819
284,2026-09-21T07:59:21.587+00:00,2026-09-21T08:04:21.899+00:00,2026-09-21T08:04:21.899+00:00,False,1,0.0,,0.0,300312.013778,300312.013778,300312.013778,300312.013778,300312.013778,300312.013778,nan,300312.013778,nan,nan,0.0,61,64,,True,False,"HTTPConnectionPool(host='gpu06', port=9004): Read timed out.",0,59.56268577710819
286,2026-09-21T07:59:22.191+00:00,2026-09-21T08:04:23.274+00:00,2026-09-21T08:04:23.274+00:00,False,1,0.0,,0.0,301083.02628399996,301083.02628399996,301083.02628399996,301083.02628399996,301083.02628399996,301083.02628399996,nan,301083.02628399996,nan,nan,0.0,61,64,,True,False,"HTTPConnectionPool(host='gpu06', port=9004): Read timed out.",0,59.56268577710819
288,2026-09-21T07:59:22.805+00:00,2026-09-21T08:04:23.291+00:00,2026-09-21T08:04:23.291+00:00,False,1,0.0,,0.0,300485.920471,300485.920471,300485.920471,300485.920471,300485.920471,300485.920471,nan,300485.920471,nan,nan,0.0,61,64,,True,False,"HTTPConnectionPool(host='gpu06', port=9004): Read timed out.",0,59.56268577710819
289,2026-09-21T07:59:23.073+00:00,2026-09-21T08:04:23.299+00:00,2026-09-21T08:04:23.299+00:00,False,1,0.0,,0.0,300226.12160799996,300226.12160799996,300226.12160799996,300226.12160799996,300226.12160799996,300226.12160799996,nan,300226.12160799996,nan,nan,0.0,61,64,,True,False,"HTTPConnectionPool(host='gpu06', port=9004): Read timed out.",0,59.56268577710819
285,2026-09-21T07:59:21.854+00:00,2026-09-21T08:04:23.310+00:00,2026-09-21T08:04:23.310+00:00,False,1,0.0,,0.0,301456.13946499996,301456.13946499996,301456.13946499996,301456.13946499996,301456.13946499996,301456.13946499996,nan,301456.13946499996,nan,nan,0.0,61,64,,True,False,"HTTPConnectionPool(host='gpu06', port=9004): Read timed out.",0,59.56268577710819
282,2026-09-21T07:59:21.053+00:00,2026-09-21T08:04:23.311+00:00,2026-09-21T08:04:23.311+00:00,False,1,0.0,,0.0,302257.972205,302257.972205,302257.972205,302257.972205,302257.972205,302257.972205,nan,302257.972205,nan,nan,0.0,61,64,,True,False,"HTTPConnectionPool(host='gpu06', port=9004): Read timed out.",0,59.56268577710819
287,2026-09-21T07:59:22.485+00:00,2026-09-21T08:04:23.321+00:00,2026-09-21T08:04:23.321+00:00,False,1,0.0,,0.0,300835.902579,300835.902579,300835.902579,300835.902579,300835.902579,300835.902579,nan,300835.902579,nan,nan,0.0,61,64,,True,False,"HTTPConnectionPool(host='gpu06', port=9004): Read timed out.",0,59.56268577710819
290,2026-09-21T07:59:23.377+00:00,2026-09-21T08:04:23.409+00:00,2026-09-21T08:04:23.409+00:00,False,1,0.0,,0.0,300031.805783,300031.805783,300031.805783,300031.805783,300031.805783,300031.805783,nan,300031.805783,nan,nan,0.0,61,64,,True,False,"HTTPConnectionPool(host='gpu06', port=9004): Read timed out.",0,59.56268577710819
291,2026-09-21T07:59:23.680+00:00,2026-09-21T08:04:23.738+00:00,2026-09-21T08:04:23.738+00:00,False,1,0.0,,0.0,300058.114443,300058.114443,300058.114443,300058.114443,300058.114443,300058.114443,nan,300058.114443,nan,nan,0.0,61,64,,True,False,"HTTPConnectionPool(host='gpu06', port=9004): Read timed out.",0,59.56268577710819
292,2026-09-21T07:59:24.027+00:00,2026-09-21T08:04:24.052+00:00,2026-09-21T08:04:24.052+00:00,False,1,0.0,,0.0,300025.467589,300025.467589,300025.467589,300025.467589,300025.467589,300025.467589,nan,300025.467589,nan,nan,0.0,61,64,,True,False,"HTTPConnectionPool(host='gpu06', port=9004): Read timed out.",0,59.56268577710819
293,2026-09-21T07:59:24.269+00:00,2026-09-21T08:04:24.380+00:00,2026-09-21T08:04:24.380+00:00,False,1,0.0,,0.0,300111.62635399995,300111.62635399995,300111.62635399995,300111.62635399995,300111.62635399995,300111.62635399995,nan,300111.62635399995,nan,nan,0.0,61,64,,True,False,"HTTPConnectionPool(host='gpu06', port=9004): Read timed out.",0,59.56268577710819
294,2026-09-21T07:59:24.544+00:00,2026-09-21T08:04:24.648+00:00,2026-09-21T08:04:24.648+00:00,False,1,0.0,,0.0,300104.172186,300104.172186,300104.172186,300104.172186,300104.172186,300104.172186,nan,300104.172186,nan,nan,0.0,61,64,,True,False,"HTTPConnectionPool(host='gpu06', port=9004): Read timed out.",0,59.56268577710819
295,2026-09-21T07:59:24.799+00:00,2026-09-21T08:04:24.874+00:00,2026-09-21T08:04:24.874+00:00,False,1,0.0,,0.0,300074.794449,300074.794449,300074.794449,300074.794449,300074.794449,300074.794449,nan,300074.794449,nan,nan,0.0,61,64,,True,False,TTFT timeout: 300.0s exceeded (TTFT: 300.073s),0,59.56268577710819
296,2026-09-21T07:59:25.010+00:00,2026-09-21T08:04:25.128+00:00,2026-09-21T08:04:25.128+00:00,False,1,0.0,,0.0,300117.839985,300117.839985,300117.839985,300117.839985,300117.839985,300117.839985,nan,300117.839985,nan,nan,0.0,61,64,,True,False,"HTTPConnectionPool(host='gpu06', port=9004): Read timed out.",0,59.56268577710819
297,2026-09-21T07:59:25.351+00:00,2026-09-21T08:04:25.325+00:00,2026-09-21T08:04:25.530+00:00,False,3,2.0,,2.0,299974.06167900003,300178.98481500003,300178.98476300004,100059.66158766668,0.03982,299974.06167900003,173130.97935701,269997.1438375,102.461568,144.84606105478616,0.006662691597923145,61,64,,True,False,Request timeout: 300.0s exceeded,6,59.56268577710819
298,2026-09-21T07:59:25.690+00:00,2026-09-21T08:04:25.640+00:00,2026-09-21T08:04:25.716+00:00,False,3,2.0,,2.0,299949.324976,300025.697456,300025.697387,100008.56579566667,0.04205,299949.324976,173153.78090351546,269962.02551450004,38.18624,53.944124161831304,0.006666095661000198,61,64,,True,False,Request timeout: 300.0s exceeded,2,59.56268577710819
299,2026-09-21T07:59:26.046+00:00,2026-09-21T08:04:26.175+00:00,2026-09-21T08:04:26.175+00:00,False,1,0.0,,0.0,300129.422246,300129.422246,300129.422246,300129.422246,300129.422246,300129.422246,nan,300129.422246,nan,nan,0.0,61,64,,True,False,"HTTPConnectionPool(host='gpu06', port=9004): Read timed out.",0,59.56268577710819
300,2026-09-21T07:59:26.247+00:00,2026-09-21T08:04:26.356+00:00,2026-09-21T08:04:26.356+00:00,False,1,0.0,,0.0,300109.24858200003,300109.24858200003,300109.24858200003,300109.24858200003,300109.24858200003,300109.24858200003,nan,300109.24858200003,nan,nan,0.0,61,64,,True,False,"HTTPConnectionPool(host='gpu06', port=9004): Read timed out.",0,59.56268577710819
301,2026-09-21T07:59:26.508+00:00,2026-09-21T08:04:26.617+00:00,2026-09-21T08:04:26.617+00:00,False,1,0.0,,0.0,300108.651924,300108.651924,300108.651924,300108.651924,300108.651924,300108.651924,nan,300108.651924,nan,nan,0.0,61,64,,True,False,"HTTPConnectionPool(host='gpu06', port=9004): Read timed out.",0,59.56268577710819
302,2026-09-21T07:59:26.742+00:00,2026-09-21T08:04:26.835+00:00,2026-09-21T08:04:26.835+00:00,False,1,0.0,,0.0,300093.54914899997,300093.54914899997,300093.54914899997,300093.54914899997,300093.54914899997,300093.54914899997,nan,300093.54914899997,nan,nan,0.0,61,64,,True,False,"HTTPConnectionPool(host='gpu06', port=9004): Read timed out.",0,59.56268577710819
303,2026-09-21T07:59:26.957+00:00,2026-09-21T08:04:27.006+00:00,2026-09-21T08:04:27.006+00:00,False,1,0.0,,0.0,300048.404133,300048.404133,300048.404133,300048.404133,300048.404133,300048.404133,nan,300048.404133,nan,nan,0.0,61,64,,True,False,"HTTPConnectionPool(host='gpu06', port=9004): Read timed out.",0,59.56268577710819
304,2026-09-21T07:59:27.295+00:00,2026-09-21T08:04:27.288+00:00,2026-09-21T08:04:27.517+00:00,False,3,2.0,,2.0,299992.70991900004,300222.01500700007,300222.01500400004,100074.00500133335,0.03917,299992.70991900004,173134.71508681605,270016.36551860004,114.652544,162.087790768567,0.006661736648304646,61,64,,True,False,Request timeout: 300.0s exceeded,4,59.56268577710819
305,2026-09-21T07:59:27.514+00:00,2026-09-21T08:04:27.516+00:00,2026-09-21T08:04:27.659+00:00,False,3,2.0,,2.0,300001.688425,300144.697193,300144.697018,100048.23233933334,0.03585,300001.688425,173164.78729288705,270015.8168568,71.504384,101.0717842078583,0.006663452723650665,61,64,,True,False,Request timeout: 300.0s exceeded,2,59.56268577710819
306,2026-09-21T07:59:27.764+00:00,2026-09-21T08:04:27.765+00:00,2026-09-21T08:04:27.834+00:00,False,3,2.0,,2.0,300001.19585799996,300070.019666,300070.01954899996,100023.33984966665,0.02614,300001.19585799996,173185.90691116877,270007.9560273,34.411904,48.62885339934027,0.006665111037171083,61,64,,True,False,Request timeout: 300.0s exceeded,18,59.56268577710819
307,2026-09-21T07:59:28.020+00:00,2026-09-21T08:04:28.120+00:00,2026-09-21T08:04:28.120+00:00,False,1,0.0,,0.0,300099.840782,300099.840782,300099.840782,300099.840782,300099.840782,300099.840782,nan,300099.840782,nan,nan,0.0,61,64,,True,False,"HTTPConnectionPool(host='gpu06', port=9004): Read timed out.",0,59.56268577710819
308,2026-09-21T07:59:28.319+00:00,2026-09-21T08:04:28.429+00:00,2026-09-21T08:04:28.429+00:00,False,1,0.0,,0.0,300110.121463,300110.121463,300110.121463,300110.121463,300110.121463,300110.121463,nan,300110.121463,nan,nan,0.0,61,64,,True,False,"HTTPConnectionPool(host='gpu06', port=9004): Read timed out.",0,59.56268577710819
309,2026-09-21T07:59:28.571+00:00,2026-09-21T08:04:28.672+00:00,2026-09-21T08:04:28.672+00:00,False,1,0.0,,0.0,300101.17545599997,300101.17545599997,300101.17545599997,300101.17545599997,300101.17545599997,300101.17545599997,nan,300101.17545599997,nan,nan,0.0,61,64,,True,False,"HTTPConnectionPool(host='gpu06', port=9004): Read timed out.",0,59.56268577710819
310,2026-09-21T07:59:28.783+00:00,2026-09-21T08:04:28.837+00:00,2026-09-21T08:04:28.837+00:00,False,1,0.0,,0.0,300054.033541,300054.033541,300054.033541,300054.033541,300054.033541,300054.033541,nan,300054.033541,nan,nan,0.0,61,64,,True,False,TTFT timeout: 300.0s exceeded (TTFT: 300.051s),0,59.56268577710819
311,2026-09-21T07:59:29.069+00:00,2026-09-21T08:04:29.172+00:00,2026-09-21T08:04:29.172+00:00,False,1,0.0,,0.0,300103.29049299995,300103.29049299995,300103.29049299995,300103.29049299995,300103.29049299995,300103.29049299995,nan,300103.29049299995,nan,nan,0.0,61,64,,True,False,"HTTPConnectionPool(host='gpu06', port=9004): Read timed out.",0,59.56268577710819
312,2026-09-21T07:59:29.269+00:00,2026-09-21T08:04:29.266+00:00,2026-09-21T08:04:29.454+00:00,False,3,2.0,,2.0,299997.16396700003,300184.87545500003,300184.87547100004,100061.62515700002,0.03135,299997.16396700003,173149.28114910607,270016.2155857,93.855744,132.6878973534372,0.006662560853435852,61,64,,True,False,Request timeout: 300.0s exceeded,12,59.56268577710819
313,2026-09-21T07:59:29.472+00:00,2026-09-21T08:04:29.581+00:00,2026-09-21T08:04:29.581+00:00,False,1,0.0,,0.0,300108.732986,300108.732986,300108.732986,300108.732986,300108.732986,300108.732986,nan,300108.732986,nan,nan,0.0,61,64,,True,False,"HTTPConnectionPool(host='gpu06', port=9004): Read timed out.",0,59.56268577710819
314,2026-09-21T07:59:29.806+00:00,2026-09-21T08:04:29.752+00:00,2026-09-21T08:04:29.826+00:00,False,3,2.0,,2.0,299946.58386,300020.148788,300020.148921,100006.71630700001,0.038810000000000004,299946.58386,173153.008428772,269959.27809910005,36.782464,51.96359160683303,0.006666218945892326,61,64,,True,False,Request timeout: 300.0s exceeded,5,59.56268577710819
315,2026-09-21T07:59:30.019+00:00,2026-09-21T08:04:30.125+00:00,2026-09-21T08:04:30.125+00:00,False,1,0.0,,0.0,300105.284599,300105.284599,300105.284599,300105.284599,300105.284599,300105.284599,nan,300105.284599,nan,nan,0.0,61,64,,True,False,"HTTPConnectionPool(host='gpu06', port=9004): Read timed out.",0,59.56268577710819
316,2026-09-21T07:59:30.316+00:00,2026-09-21T08:04:30.417+00:00,2026-09-21T08:04:30.417+00:00,False,1,0.0,,0.0,300100.96457,300100.96457,300100.96457,300100.96457,300100.96457,300100.96457,nan,300100.96457,nan,nan,0.0,61,64,,True,False,"HTTPConnectionPool(host='gpu06', port=9004): Read timed out.",0,59.56268577710819
317,2026-09-21T07:59:30.577+00:00,2026-09-21T08:04:30.683+00:00,2026-09-21T08:04:30.683+00:00,False,1,0.0,,0.0,300105.668302,300105.668302,300105.668302,300105.668302,300105.668302,300105.668302,nan,300105.668302,nan,nan,0.0,61,64,,True,False,"HTTPConnectionPool(host='gpu06', port=9004): Read timed out.",0,59.56268577710819
318,2026-09-21T07:59:30.940+00:00,2026-09-21T08:04:31.051+00:00,2026-09-21T08:04:31.051+00:00,False,1,0.0,,0.0,300111.28763800004,300111.28763800004,300111.28763800004,300111.28763800004,300111.28763800004,300111.28763800004,nan,300111.28763800004,nan,nan,0.0,61,64,,True,False,"HTTPConnectionPool(host='gpu06', port=9004): Read timed out.",0,59.56268577710819
319,2026-09-21T07:59:31.271+00:00,2026-09-21T08:04:31.351+00:00,2026-09-21T08:04:31.351+00:00,False,1,0.0,,0.0,300080.062195,300080.062195,300080.062195,300080.062195,300080.062195,300080.062195,nan,300080.062195,nan,nan,0.0,61,64,,True,False,"HTTPConnectionPool(host='gpu06', port=9004): Read timed out.",0,59.56268577710819
320,2026-09-21T07:59:31.611+00:00,2026-09-21T08:04:31.693+00:00,2026-09-21T08:04:32.859+00:00,False,20,19.0,,19.0,300082.534662,301248.05658200005,301248.056547,15062.40282735,0.02894,300082.534662,67086.78590357993,15177.0541254,61.34325894736842,33.73686861697439,0.06307094630111972,61,64,,True,False,Request timeout: 300.0s exceeded,97,59.56268577710819
321,2026-09-21T07:59:31.891+00:00,2026-09-21T08:04:31.877+00:00,2026-09-21T08:04:32.957+00:00,False,21,20.0,,20.0,299986.092541,301066.064381,301066.064334,14336.479254,0.040369999999999996,299986.092541,65450.550813866386,76.74424099999999,53.998592,16.838544253633227,0.0664306023368012,61,64,,True,False,Request timeout: 300.0s exceeded,20,59.56268577710819
325,2026-09-21T07:59:33.117+00:00,2026-09-21T08:04:33.122+00:00,2026-09-21T08:04:33.122+00:00,False,1,0.0,,0.0,300005.293719,300005.293719,300005.293719,300005.293719,300005.293719,300005.293719,nan,300005.293719,nan,nan,0.0,61,64,,True,False,"HTTPConnectionPool(host='gpu06', port=9004): Read timed out.",0,59.56268577710819
322,2026-09-21T07:59:32.234+00:00,2026-09-21T08:04:33.286+00:00,2026-09-21T08:04:33.286+00:00,False,1,0.0,,0.0,301052.157161,301052.157161,301052.157161,301052.157161,301052.157161,301052.157161,nan,301052.157161,nan,nan,0.0,61,64,,True,False,"HTTPConnectionPool(host='gpu06', port=9004): Read timed out.",0,59.56268577710819
326,2026-09-21T07:59:33.375+00:00,2026-09-21T08:04:33.474+00:00,2026-09-21T08:04:33.474+00:00,False,1,0.0,,0.0,300099.665105,300099.665105,300099.665105,300099.665105,300099.665105,300099.665105,nan,300099.665105,nan,nan,0.0,61,64,,True,False,"HTTPConnectionPool(host='gpu06', port=9004): Read timed out.",0,59.56268577710819
324,2026-09-21T07:59:32.798+00:00,2026-09-21T08:04:33.985+00:00,2026-09-21T08:04:34.872+00:00,False,14,13.0,,13.0,301186.625345,302073.306945,302073.306984,21576.66478457143,0.03252,301186.625345,80477.29824901548,105561.45443499999,68.20627692307693,52.166520972936,0.04303591115505937,61,64,,True,False,Request timeout: 300.0s exceeded,39,59.56268577710819
323,2026-09-21T07:59:32.581+00:00,2026-09-21T08:04:34.062+00:00,2026-09-21T08:04:34.925+00:00,False,14,13.0,,13.0,301480.659426,302344.09341000003,302344.093544,21596.006681714287,0.029679999999999998,301480.659426,80556.35941456245,105660.76286085001,66.41799876923076,51.03637913279704,0.04299736718312892,61,64,,True,False,Request timeout: 300.0s exceeded,52,59.56268577710819
328,2026-09-21T07:59:34.776+00:00,2026-09-21T08:04:34.386+00:00,2026-09-21T08:04:35.264+00:00,False,18,17.0,,17.0,299610.05369,300487.859258,300487.85934799997,16693.769963777777,0.02644,299610.05369,70606.59770317771,44998.09816435,51.63562164705882,14.72543021479665,0.05657466508623145,61,64,,True,False,Request timeout: 300.0s exceeded,170,59.56268577710819
327,2026-09-21T07:59:33.589+00:00,2026-09-21T08:04:34.387+00:00,2026-09-21T08:04:35.217+00:00,False,17,16.0,,16.0,300797.493515,301628.143627,301628.143672,17742.83198070588,0.03015,300797.493515,72941.51823229592,60213.6130878,51.915632,15.400646946312976,0.05304544797313726,61,64,,True,False,Request timeout: 300.0s exceeded,76,59.56268577710819
330,2026-09-21T07:59:34.934+00:00,2026-09-21T08:04:34.511+00:00,2026-09-21T08:04:35.319+00:00,False,17,16.0,,16.0,299577.35188800003,300384.697296,300384.69711500005,17669.688065588238,0.03306,299577.35188800003,72645.94359469255,59970.04979520001,50.459088,14.894722614843294,0.053265030289587456,61,64,,True,False,Request timeout: 300.0s exceeded,16,59.56268577710819
331,2026-09-21T07:59:35.184+00:00,2026-09-21T08:04:35.427+00:00,2026-09-21T08:04:35.427+00:00,False,1,0.0,,0.0,300242.624065,300242.624065,300242.624065,300242.624065,300242.624065,300242.624065,nan,300242.624065,nan,nan,0.0,61,64,,True,False,"HTTPConnectionPool(host='gpu06', port=9004): Read timed out.",0,59.56268577710819
333,2026-09-21T07:59:35.657+00:00,2026-09-21T08:04:35.813+00:00,2026-09-21T08:04:35.813+00:00,False,1,0.0,,0.0,300156.158881,300156.158881,300156.158881,300156.158881,300156.158881,300156.158881,nan,300156.158881,nan,nan,0.0,61,64,,True,False,"HTTPConnectionPool(host='gpu06', port=9004): Read timed out.",0,59.56268577710819
329,2026-09-21T07:59:34.808+00:00,2026-09-21T08:04:35.960+00:00,2026-09-21T08:04:35.960+00:00,False,1,0.0,,0.0,301152.522666,301152.522666,301152.522666,301152.522666,301152.522666,301152.522666,nan,301152.522666,nan,nan,0.0,61,64,,True,False,"HTTPConnectionPool(host='gpu06', port=9004): Read timed out.",0,59.56268577710819
332,2026-09-21T07:59:35.535+00:00,2026-09-21T08:04:36.022+00:00,2026-09-21T08:04:36.022+00:00,False,1,0.0,,0.0,300487.881369,300487.881369,300487.881369,300487.881369,300487.881369,300487.881369,nan,300487.881369,nan,nan,0.0,61,64,,True,False,"HTTPConnectionPool(host='gpu06', port=9004): Read timed out.",0,59.56268577710819
334,2026-09-21T07:59:35.682+00:00,2026-09-21T08:04:36.099+00:00,2026-09-21T08:04:36.099+00:00,False,1,0.0,,0.0,300417.42550099996,300417.42550099996,300417.42550099996,300417.42550099996,300417.42550099996,300417.42550099996,nan,300417.42550099996,nan,nan,0.0,61,64,,True,False,"HTTPConnectionPool(host='gpu06', port=9004): Read timed out.",0,59.56268577710819
335,2026-09-21T07:59:35.777+00:00,2026-09-21T08:04:36.111+00:00,2026-09-21T08:04:36.111+00:00,False,1,0.0,,0.0,300334.41608099994,300334.41608099994,300334.41608099994,300334.41608099994,300334.41608099994,300334.41608099994,nan,300334.41608099994,nan,nan,0.0,61,64,,True,False,"HTTPConnectionPool(host='gpu06', port=9004): Read timed out.",0,59.56268577710819
336,2026-09-21T07:59:35.872+00:00,2026-09-21T08:04:36.160+00:00,2026-09-21T08:04:36.160+00:00,False,1,0.0,,0.0,300287.06471,300287.06471,300287.06471,300287.06471,300287.06471,300287.06471,nan,300287.06471,nan,nan,0.0,61,64,,True,False,"HTTPConnectionPool(host='gpu06', port=9004): Read timed out.",0,59.56268577710819
337,2026-09-21T07:59:36.137+00:00,2026-09-21T08:04:36.271+00:00,2026-09-21T08:04:36.271+00:00,False,1,0.0,,0.0,300134.55375099997,300134.55375099997,300134.55375099997,300134.55375099997,300134.55375099997,300134.55375099997,nan,300134.55375099997,nan,nan,0.0,61,64,,True,False,"HTTPConnectionPool(host='gpu06', port=9004): Read timed out.",0,59.56268577710819
338,2026-09-21T07:59:36.445+00:00,2026-09-21T08:04:36.553+00:00,2026-09-21T08:04:36.553+00:00,False,1,0.0,,0.0,300107.75922500005,300107.75922500005,300107.75922500005,300107.75922500005,300107.75922500005,300107.75922500005,nan,300107.75922500005,nan,nan,0.0,61,64,,True,False,"HTTPConnectionPool(host='gpu06', port=9004): Read timed out.",0,59.56268577710819
339,2026-09-21T07:59:36.785+00:00,2026-09-21T08:04:36.896+00:00,2026-09-21T08:04:36.896+00:00,False,1,0.0,,0.0,300111.12529500003,300111.12529500003,300111.12529500003,300111.12529500003,300111.12529500003,300111.12529500003,nan,300111.12529500003,nan,nan,0.0,61,64,,True,False,"HTTPConnectionPool(host='gpu06', port=9004): Read timed out.",0,59.56268577710819
340,2026-09-21T07:59:37.083+00:00,2026-09-21T08:04:37.187+00:00,2026-09-21T08:04:37.187+00:00,False,1,0.0,,0.0,300104.471631,300104.471631,300104.471631,300104.471631,300104.471631,300104.471631,nan,300104.471631,nan,nan,0.0,61,64,,True,False,"HTTPConnectionPool(host='gpu06', port=9004): Read timed out.",0,59.56268577710819
341,2026-09-21T07:59:37.359+00:00,2026-09-21T08:04:37.461+00:00,2026-09-21T08:04:37.461+00:00,False,1,0.0,,0.0,300101.74675,300101.74675,300101.74675,300101.74675,300101.74675,300101.74675,nan,300101.74675,nan,nan,0.0,61,64,,True,False,"HTTPConnectionPool(host='gpu06', port=9004): Read timed out.",0,59.56268577710819
342,2026-09-21T07:59:37.660+00:00,2026-09-21T08:04:37.737+00:00,2026-09-21T08:04:37.737+00:00,False,1,0.0,,0.0,300076.675186,300076.675186,300076.675186,300076.675186,300076.675186,300076.675186,nan,300076.675186,nan,nan,0.0,61,64,,True,False,"HTTPConnectionPool(host='gpu06', port=9004): Read timed out.",0,59.56268577710819
343,2026-09-21T07:59:38.001+00:00,2026-09-21T08:04:38.057+00:00,2026-09-21T08:04:38.057+00:00,False,1,0.0,,0.0,300055.737466,300055.737466,300055.737466,300055.737466,300055.737466,300055.737466,nan,300055.737466,nan,nan,0.0,61,64,,True,False,"HTTPConnectionPool(host='gpu06', port=9004): Read timed out.",0,59.56268577710819
344,2026-09-21T07:59:38.349+00:00,2026-09-21T08:04:38.252+00:00,2026-09-21T08:04:38.398+00:00,False,5,4.0,,4.0,299902.170805,300048.704693,300048.704666,60009.7409332,0.03814,299902.170805,134103.94685105316,239932.8797852,36.633472,24.878891809434275,0.01333116903168327,61,64,,True,False,Request timeout: 300.0s exceeded,4,59.56268577710819
345,2026-09-21T07:59:38.586+00:00,2026-09-21T08:04:38.676+00:00,2026-09-21T08:04:38.676+00:00,False,1,0.0,,0.0,300089.934218,300089.934218,300089.934218,300089.934218,300089.934218,300089.934218,nan,300089.934218,nan,nan,0.0,61,64,,True,False,"HTTPConnectionPool(host='gpu06', port=9004): Read timed out.",0,59.56268577710819
346,2026-09-21T07:59:38.861+00:00,2026-09-21T08:04:38.928+00:00,2026-09-21T08:04:38.928+00:00,False,1,0.0,,0.0,300066.910968,300066.910968,300066.910968,300066.910968,300066.910968,300066.910968,nan,300066.910968,nan,nan,0.0,61,64,,True,False,"HTTPConnectionPool(host='gpu06', port=9004): Read timed out.",0,59.56268577710819
347,2026-09-21T07:59:39.182+00:00,2026-09-21T08:04:39.294+00:00,2026-09-21T08:04:39.294+00:00,False,1,0.0,,0.0,300112.409408,300112.409408,300112.409408,300112.409408,300112.409408,300112.409408,nan,300112.409408,nan,nan,0.0,61,64,,True,False,"HTTPConnectionPool(host='gpu06', port=9004): Read timed out.",0,59.56268577710819
348,2026-09-21T07:59:39.430+00:00,2026-09-21T08:04:39.509+00:00,2026-09-21T08:04:39.509+00:00,False,1,0.0,,0.0,300078.736033,300078.736033,300078.736033,300078.736033,300078.736033,300078.736033,nan,300078.736033,nan,nan,0.0,61,64,,True,False,"HTTPConnectionPool(host='gpu06', port=9004): Read timed out.",0,59.56268577710819
349,2026-09-21T07:59:39.736+00:00,2026-09-21T08:04:39.844+00:00,2026-09-21T08:04:39.844+00:00,False,1,0.0,,0.0,300108.174415,300108.174415,300108.174415,300108.174415,300108.174415,300108.174415,nan,300108.174415,nan,nan,0.0,61,64,,True,False,"HTTPConnectionPool(host='gpu06', port=9004): Read timed out.",0,59.56268577710819
350,2026-09-21T07:59:39.966+00:00,2026-09-21T08:04:40.044+00:00,2026-09-21T08:04:40.044+00:00,False,1,0.0,,0.0,300077.758943,300077.758943,300077.758943,300077.758943,300077.758943,300077.758943,nan,300077.758943,nan,nan,0.0,61,64,,True,False,TTFT timeout: 300.0s exceeded (TTFT: 300.064s),0,59.56268577710819
351,2026-09-21T07:59:40.172+00:00,2026-09-21T08:04:40.155+00:00,2026-09-21T08:04:40.461+00:00,False,3,2.0,,2.0,299982.893988,300289.479332,300289.479419,100096.49313966667,0.03443,299982.893988,173106.76884852746,270015.2596893,153.292672,216.74006257276676,0.006660239993918668,61,64,,True,False,Request timeout: 300.0s exceeded,6,59.56268577710819
352,2026-09-21T07:59:40.421+00:00,2026-09-21T08:04:40.461+00:00,2026-09-21T08:04:40.461+00:00,False,1,0.0,,0.0,300039.96718800004,300039.96718800004,300039.96718800004,300039.96718800004,300039.96718800004,300039.96718800004,nan,300039.96718800004,nan,nan,0.0,61,64,,True,False,TTFT timeout: 300.0s exceeded (TTFT: 300.035s),0,59.56268577710819
353,2026-09-21T07:59:40.757+00:00,2026-09-21T08:04:40.857+00:00,2026-09-21T08:04:40.857+00:00,False,1,0.0,,0.0,300099.342963,300099.342963,300099.342963,300099.342963,300099.342963,300099.342963,nan,300099.342963,nan,nan,0.0,61,64,,True,False,"HTTPConnectionPool(host='gpu06', port=9004): Read timed out.",0,59.56268577710819
354,2026-09-21T07:59:41.005+00:00,2026-09-21T08:04:41.074+00:00,2026-09-21T08:04:41.074+00:00,False,1,0.0,,0.0,300068.27244800003,300068.27244800003,300068.27244800003,300068.27244800003,300068.27244800003,300068.27244800003,nan,300068.27244800003,nan,nan,0.0,61,64,,True,False,"HTTPConnectionPool(host='gpu06', port=9004): Read timed out.",0,59.56268577710819
355,2026-09-21T07:59:41.324+00:00,2026-09-21T08:04:41.425+00:00,2026-09-21T08:04:41.425+00:00,False,1,0.0,,0.0,300101.150759,300101.150759,300101.150759,300101.150759,300101.150759,300101.150759,nan,300101.150759,nan,nan,0.0,61,64,,True,False,"HTTPConnectionPool(host='gpu06', port=9004): Read timed out.",0,59.56268577710819
356,2026-09-21T07:59:41.600+00:00,2026-09-21T08:04:41.705+00:00,2026-09-21T08:04:41.705+00:00,False,1,0.0,,0.0,300104.633417,300104.633417,300104.633417,300104.633417,300104.633417,300104.633417,nan,300104.633417,nan,nan,0.0,61,64,,True,False,"HTTPConnectionPool(host='gpu06', port=9004): Read timed out.",0,59.56268577710819
357,2026-09-21T07:59:41.823+00:00,2026-09-21T08:04:41.930+00:00,2026-09-21T08:04:41.930+00:00,False,1,0.0,,0.0,300107.397244,300107.397244,300107.397244,300107.397244,300107.397244,300107.397244,nan,300107.397244,nan,nan,0.0,61,64,,True,False,"HTTPConnectionPool(host='gpu06', port=9004): Read timed out.",0,59.56268577710819
358,2026-09-21T07:59:42.100+00:00,2026-09-21T08:04:42.194+00:00,2026-09-21T08:04:42.194+00:00,False,1,0.0,,0.0,300093.86721399997,300093.86721399997,300093.86721399997,300093.86721399997,300093.86721399997,300093.86721399997,nan,300093.86721399997,nan,nan,0.0,61,64,,True,False,TTFT timeout: 300.0s exceeded (TTFT: 300.078s),0,59.56268577710819
359,2026-09-21T07:59:42.391+00:00,2026-09-21T08:04:42.457+00:00,2026-09-21T08:04:42.457+00:00,False,1,0.0,,0.0,300065.700171,300065.700171,300065.700171,300065.700171,300065.700171,300065.700171,nan,300065.700171,nan,nan,0.0,61,64,,True,False,TTFT timeout: 300.0s exceeded (TTFT: 300.058s),0,59.56268577710819
360,2026-09-21T07:59:42.592+00:00,2026-09-21T08:04:42.600+00:00,2026-09-21T08:04:42.769+00:00,False,3,2.0,,2.0,300008.252106,300176.462538,300176.46255500003,100058.82085166668,0.03313,300008.252106,173161.30734755847,270024.2446273,84.105216,118.89567210616286,0.006662747582171989,61,64,,True,False,Request timeout: 300.0s exceeded,3,59.56268577710819
361,2026-09-21T07:59:42.899+00:00,2026-09-21T08:04:43.004+00:00,2026-09-21T08:04:43.004+00:00,False,1,0.0,,0.0,300104.949594,300104.949594,300104.949594,300104.949594,300104.949594,300104.949594,nan,300104.949594,nan,nan,0.0,61,64,,True,False,"HTTPConnectionPool(host='gpu06', port=9004): Read timed out.",0,59.56268577710819
362,2026-09-21T07:59:43.178+00:00,2026-09-21T08:04:43.228+00:00,2026-09-21T08:04:43.228+00:00,False,1,0.0,,0.0,300049.67809500004,300049.67809500004,300049.67809500004,300049.67809500004,300049.67809500004,300049.67809500004,nan,300049.67809500004,nan,nan,0.0,61,64,,True,False,"HTTPConnectionPool(host='gpu06', port=9004): Read timed out.",0,59.56268577710819
363,2026-09-21T07:59:43.449+00:00,2026-09-21T08:04:43.494+00:00,2026-09-21T08:04:43.494+00:00,False,1,0.0,,0.0,300044.917795,300044.917795,300044.917795,300044.917795,300044.917795,300044.917795,nan,300044.917795,nan,nan,0.0,61,64,,True,False,"HTTPConnectionPool(host='gpu06', port=9004): Read timed out.",0,59.56268577710819
364,2026-09-21T07:59:43.772+00:00,2026-09-21T08:04:43.875+00:00,2026-09-21T08:04:43.875+00:00,False,1,0.0,,0.0,300103.59228399995,300103.59228399995,300103.59228399995,300103.59228399995,300103.59228399995,300103.59228399995,nan,300103.59228399995,nan,nan,0.0,61,64,,True,False,"HTTPConnectionPool(host='gpu06', port=9004): Read timed out.",0,59.56268577710819
365,2026-09-21T07:59:44.027+00:00,2026-09-21T08:04:44.134+00:00,2026-09-21T08:04:44.134+00:00,False,1,0.0,,0.0,300106.924276,300106.924276,300106.924276,300106.924276,300106.924276,300106.924276,nan,300106.924276,nan,nan,0.0,61,64,,True,False,"HTTPConnectionPool(host='gpu06', port=9004): Read timed out.",0,59.56268577710819
366,2026-09-21T07:59:44.221+00:00,2026-09-21T08:04:44.324+00:00,2026-09-21T08:04:44.324+00:00,False,1,0.0,,0.0,300102.509917,300102.509917,300102.509917,300102.509917,300102.509917,300102.509917,nan,300102.509917,nan,nan,0.0,61,64,,True,False,"HTTPConnectionPool(host='gpu06', port=9004): Read timed out.",0,59.56268577710819
367,2026-09-21T07:59:44.422+00:00,2026-09-21T08:04:44.536+00:00,2026-09-21T08:04:44.536+00:00,False,1,0.0,,0.0,300113.813526,300113.813526,300113.813526,300113.813526,300113.813526,300113.813526,nan,300113.813526,nan,nan,0.0,61,64,,True,False,"HTTPConnectionPool(host='gpu06', port=9004): Read timed out.",0,59.56268577710819
368,2026-09-21T07:59:44.721+00:00,2026-09-21T08:04:44.634+00:00,2026-09-21T08:04:44.751+00:00,False,3,2.0,,2.0,299913.463184,300029.712272,300029.712067,100009.90402233333,0.03003,299913.463184,173121.57028830092,269933.73875089997,58.124544,82.15779786825954,0.006666006459343088,61,64,,True,False,Request timeout: 300.0s exceeded,6,59.56268577710819
369,2026-09-21T07:59:44.987+00:00,2026-09-21T08:04:44.951+00:00,2026-09-21T08:04:45.011+00:00,False,3,2.0,,2.0,299963.866301,300023.886269,300023.886227,100007.96207566667,0.04783,299963.866301,173166.8952879199,269973.4768805,30.009984,42.37282514774166,0.006666135902948772,61,64,,True,False,Request timeout: 300.0s exceeded,12,59.56268577710819
370,2026-09-21T07:59:45.213+00:00,2026-09-21T08:04:45.314+00:00,2026-09-21T08:04:45.314+00:00,False,1,0.0,,0.0,300101.158819,300101.158819,300101.158819,300101.158819,300101.158819,300101.158819,nan,300101.158819,nan,nan,0.0,61,64,,True,False,"HTTPConnectionPool(host='gpu06', port=9004): Read timed out.",0,59.56268577710819
371,2026-09-21T07:59:45.455+00:00,2026-09-21T08:04:45.881+00:00,2026-09-21T08:04:47.073+00:00,False,20,19.0,,19.0,300426.20438300003,301618.15855900006,301618.15862000006,15080.907931000002,0.01914,300426.20438300003,67163.32135443835,15184.406085200002,62.734430315789474,32.9947079066096,0.06299355480045933,61,64,,True,False,Request timeout: 300.0s exceeded,23,59.56268577710819
372,2026-09-21T07:59:45.811+00:00,2026-09-21T08:04:46.200+00:00,2026-09-21T08:04:47.127+00:00,False,18,17.0,,17.0,300389.165713,301315.655569,301315.655636,16739.758646444443,0.02096,300389.165713,70789.56152361813,45124.0596397,54.49940329411764,16.45614309435867,0.056419239046499106,61,64,,True,False,Request timeout: 300.0s exceeded,17,59.56268577710819
376,2026-09-21T07:59:47.092+00:00,2026-09-21T08:04:47.231+00:00,2026-09-21T08:04:47.231+00:00,False,1,0.0,,0.0,300139.423877,300139.423877,300139.423877,300139.423877,300139.423877,300139.423877,nan,300139.423877,nan,nan,0.0,61,64,,True,False,"HTTPConnectionPool(host='gpu06', port=9004): Read timed out.",0,59.56268577710819
373,2026-09-21T07:59:46.157+00:00,2026-09-21T08:04:47.332+00:00,2026-09-21T08:04:47.332+00:00,False,1,0.0,,0.0,301174.620712,301174.620712,301174.620712,301174.620712,301174.620712,301174.620712,nan,301174.620712,nan,nan,0.0,61,64,,True,False,"HTTPConnectionPool(host='gpu06', port=9004): Read timed out.",0,59.56268577710819
377,2026-09-21T07:59:47.358+00:00,2026-09-21T08:04:47.472+00:00,2026-09-21T08:04:47.472+00:00,False,1,0.0,,0.0,300114.305799,300114.305799,300114.305799,300114.305799,300114.305799,300114.305799,nan,300114.305799,nan,nan,0.0,61,64,,True,False,"HTTPConnectionPool(host='gpu06', port=9004): Read timed out.",0,59.56268577710819
374,2026-09-21T07:59:46.440+00:00,2026-09-21T08:04:47.507+00:00,2026-09-21T08:04:47.507+00:00,False,1,0.0,,0.0,301066.86174699996,301066.86174699996,301066.86174699996,301066.86174699996,301066.86174699996,301066.86174699996,nan,301066.86174699996,nan,nan,0.0,61,64,,True,False,"HTTPConnectionPool(host='gpu06', port=9004): Read timed out.",0,59.56268577710819
378,2026-09-21T07:59:47.588+00:00,2026-09-21T08:04:47.725+00:00,2026-09-21T08:04:47.725+00:00,False,1,0.0,,0.0,300137.029402,300137.029402,300137.029402,300137.029402,300137.029402,300137.029402,nan,300137.029402,nan,nan,0.0,61,64,,True,False,"HTTPConnectionPool(host='gpu06', port=9004): Read timed out.",0,59.56268577710819
379,2026-09-21T07:59:47.786+00:00,2026-09-21T08:04:47.802+00:00,2026-09-21T08:04:47.802+00:00,False,1,0.0,,0.0,300015.421801,300015.421801,300015.421801,300015.421801,300015.421801,300015.421801,nan,300015.421801,nan,nan,0.0,61,64,,True,False,"HTTPConnectionPool(host='gpu06', port=9004): Read timed out.",0,59.56268577710819
375,2026-09-21T07:59:46.792+00:00,2026-09-21T08:04:47.865+00:00,2026-09-21T08:04:47.865+00:00,False,1,0.0,,0.0,301072.439204,301072.439204,301072.439204,301072.439204,301072.439204,301072.439204,nan,301072.439204,nan,nan,0.0,61,64,,True,False,"HTTPConnectionPool(host='gpu06', port=9004): Read timed out.",0,59.56268577710819
380,2026-09-21T07:59:48.115+00:00,2026-09-21T08:04:48.234+00:00,2026-09-21T08:04:48.234+00:00,False,1,0.0,,0.0,300119.25309500005,300119.25309500005,300119.25309500005,300119.25309500005,300119.25309500005,300119.25309500005,nan,300119.25309500005,nan,nan,0.0,61,64,,True,False,"HTTPConnectionPool(host='gpu06', port=9004): Read timed out.",0,59.56268577710819
381,2026-09-21T07:59:48.467+00:00,2026-09-21T08:04:48.567+00:00,2026-09-21T08:04:48.567+00:00,False,1,0.0,,0.0,300099.726994,300099.726994,300099.726994,300099.726994,300099.726994,300099.726994,nan,300099.726994,nan,nan,0.0,61,64,,True,False,TTFT timeout: 300.0s exceeded (TTFT: 300.095s),0,59.56268577710819
382,2026-09-21T07:59:48.826+00:00,2026-09-21T08:04:48.929+00:00,2026-09-21T08:04:48.929+00:00,False,1,0.0,,0.0,300103.47977100004,300103.47977100004,300103.47977100004,300103.47977100004,300103.47977100004,300103.47977100004,nan,300103.47977100004,nan,nan,0.0,61,64,,True,False,"HTTPConnectionPool(host='gpu06', port=9004): Read timed out.",0,59.56268577710819
383,2026-09-21T07:59:49.177+00:00,2026-09-21T08:04:49.135+00:00,2026-09-21T08:04:49.282+00:00,False,3,2.0,,2.0,299957.882687,300105.074239,300105.07409799995,100035.02469933333,0.03447,299957.882687,173138.2894414835,269976.8101124,73.595776,104.0312693318567,0.006664332501113342,61,64,,True,False,Request timeout: 300.0s exceeded,15,59.56268577710819
384,2026-09-21T07:59:49.448+00:00,2026-09-21T08:04:49.551+00:00,2026-09-21T08:04:49.551+00:00,False,1,0.0,,0.0,300103.660168,300103.660168,300103.660168,300103.660168,300103.660168,300103.660168,nan,300103.660168,nan,nan,0.0,61,64,,True,False,"HTTPConnectionPool(host='gpu06', port=9004): Read timed out.",0,59.56268577710819
385,2026-09-21T07:59:49.807+00:00,2026-09-21T08:04:49.893+00:00,2026-09-21T08:04:49.893+00:00,False,1,0.0,,0.0,300086.08258499997,300086.08258499997,300086.08258499997,300086.08258499997,300086.08258499997,300086.08258499997,nan,300086.08258499997,nan,nan,0.0,61,64,,True,False,"HTTPConnectionPool(host='gpu06', port=9004): Read timed out.",0,59.56268577710819
386,2026-09-21T07:59:50.035+00:00,2026-09-21T08:04:50.144+00:00,2026-09-21T08:04:50.144+00:00,False,1,0.0,,0.0,300108.76934,300108.76934,300108.76934,300108.76934,300108.76934,300108.76934,nan,300108.76934,nan,nan,0.0,61,64,,True,False,"HTTPConnectionPool(host='gpu06', port=9004): Read timed out.",0,59.56268577710819
387,2026-09-21T07:59:50.282+00:00,2026-09-21T08:04:50.376+00:00,2026-09-21T08:04:50.376+00:00,False,1,0.0,,0.0,300094.523383,300094.523383,300094.523383,300094.523383,300094.523383,300094.523383,nan,300094.523383,nan,nan,0.0,61,64,,True,False,"HTTPConnectionPool(host='gpu06', port=9004): Read timed out.",0,59.56268577710819
388,2026-09-21T07:59:50.638+00:00,2026-09-21T08:04:50.722+00:00,2026-09-21T08:04:50.722+00:00,False,1,0.0,,0.0,300083.80071100005,300083.80071100005,300083.80071100005,300083.80071100005,300083.80071100005,300083.80071100005,nan,300083.80071100005,nan,nan,0.0,61,64,,True,False,"HTTPConnectionPool(host='gpu06', port=9004): Read timed out.",0,59.56268577710819
389,2026-09-21T07:59:50.885+00:00,2026-09-21T08:04:50.905+00:00,2026-09-21T08:04:50.905+00:00,False,1,0.0,,0.0,300019.210738,300019.210738,300019.210738,300019.210738,300019.210738,300019.210738,nan,300019.210738,nan,nan,0.0,61,64,,True,False,TTFT timeout: 300.0s exceeded (TTFT: 300.000s),0,59.56268577710819
390,2026-09-21T07:59:51.168+00:00,2026-09-21T08:04:51.220+00:00,2026-09-21T08:04:51.220+00:00,False,1,0.0,,0.0,300051.903314,300051.903314,300051.903314,300051.903314,300051.903314,300051.903314,nan,300051.903314,nan,nan,0.0,61,64,,True,False,"HTTPConnectionPool(host='gpu06', port=9004): Read timed out.",0,59.56268577710819
391,2026-09-21T07:59:51.508+00:00,2026-09-21T08:04:51.564+00:00,2026-09-21T08:04:51.564+00:00,False,1,0.0,,0.0,300056.625124,300056.625124,300056.625124,300056.625124,300056.625124,300056.625124,nan,300056.625124,nan,nan,0.0,61,64,,True,False,TTFT timeout: 300.0s exceeded (TTFT: 300.029s),0,59.56268577710819
392,2026-09-21T07:59:51.760+00:00,2026-09-21T08:04:51.866+00:00,2026-09-21T08:04:51.866+00:00,False,1,0.0,,0.0,300105.866352,300105.866352,300105.866352,300105.866352,300105.866352,300105.866352,nan,300105.866352,nan,nan,0.0,61,64,,True,False,"HTTPConnectionPool(host='gpu06', port=9004): Read timed out.",0,59.56268577710819
393,2026-09-21T07:59:52.014+00:00,2026-09-21T08:04:52.112+00:00,2026-09-21T08:04:52.112+00:00,False,1,0.0,,0.0,300098.475355,300098.475355,300098.475355,300098.475355,300098.475355,300098.475355,nan,300098.475355,nan,nan,0.0,61,64,,True,False,"HTTPConnectionPool(host='gpu06', port=9004): Read timed out.",0,59.56268577710819
394,2026-09-21T07:59:52.348+00:00,2026-09-21T08:04:52.382+00:00,2026-09-21T08:04:52.382+00:00,False,1,0.0,,0.0,300033.96077999996,300033.96077999996,300033.96077999996,300033.96077999996,300033.96077999996,300033.96077999996,nan,300033.96077999996,nan,nan,0.0,61,64,,True,False,"HTTPConnectionPool(host='gpu06', port=9004): Read timed out.",0,59.56268577710819
395,2026-09-21T07:59:52.604+00:00,2026-09-21T08:04:52.713+00:00,2026-09-21T08:04:52.713+00:00,False,1,0.0,,0.0,300108.734776,300108.734776,300108.734776,300108.734776,300108.734776,300108.734776,nan,300108.734776,nan,nan,0.0,61,64,,True,False,"HTTPConnectionPool(host='gpu06', port=9004): Read timed out.",0,59.56268577710819
396,2026-09-21T07:59:54.101+00:00,2026-09-21T08:04:52.867+00:00,2026-09-21T08:04:53.584+00:00,True,8,8.0,,8.0,298765.31126499997,299482.58051299996,299482.58048099995,37435.322560124994,41.827017999999995,298765.31126499997,105593.30420648895,194313.96110624998,102.46703542857144,102.9097689774677,0.026712738972318077,61,64,,True,True,,64,59.56268577710819
398,2026-09-21T07:59:54.494+00:00,2026-09-21T08:04:54.258+00:00,2026-09-21T08:04:54.805+00:00,False,11,10.0,,10.0,299763.376816,300311.02276799997,300311.022673,27301.002061181814,0.10406,299763.376816,90365.54886922587,149917.86998599998,54.7645952,21.08620794778555,0.033298811038732085,61,64,,True,False,Request timeout: 300.0s exceeded,10,59.56268577710819
397,2026-09-21T07:59:54.309+00:00,2026-09-21T08:04:54.635+00:00,2026-09-21T08:04:54.689+00:00,False,3,2.0,,2.0,300325.569389,300380.228973,300380.228976,100126.742992,0.032299999999999995,300325.569389,173377.27161656818,270298.4751788,27.329792,38.604545630567806,0.006658227829567877,61,64,,True,False,Request timeout: 300.0s exceeded,10,59.56268577710819
401,2026-09-21T07:59:54.781+00:00,2026-09-21T08:04:54.984+00:00,2026-09-21T08:04:54.984+00:00,False,1,0.0,,0.0,300202.853727,300202.853727,300202.853727,300202.853727,300202.853727,300202.853727,nan,300202.853727,nan,nan,0.0,61,64,,True,False,"HTTPConnectionPool(host='gpu06', port=9004): Read timed out.",0,59.56268577710819
402,2026-09-21T07:59:54.786+00:00,2026-09-21T08:04:55.010+00:00,2026-09-21T08:04:55.010+00:00,False,1,0.0,,0.0,300224.810244,300224.810244,300224.810244,300224.810244,300224.810244,300224.810244,nan,300224.810244,nan,nan,0.0,61,64,,True,False,"HTTPConnectionPool(host='gpu06', port=9004): Read timed out.",0,59.56268577710819
400,2026-09-21T07:59:54.612+00:00,2026-09-21T08:04:55.143+00:00,2026-09-21T08:04:55.143+00:00,False,1,0.0,,0.0,300531.03032200004,300531.03032200004,300531.03032200004,300531.03032200004,300531.03032200004,300531.03032200004,nan,300531.03032200004,nan,nan,0.0,61,64,,True,False,"HTTPConnectionPool(host='gpu06', port=9004): Read timed out.",0,59.56268577710819
399,2026-09-21T07:59:54.581+00:00,2026-09-21T08:04:55.163+00:00,2026-09-21T08:04:55.163+00:00,False,1,0.0,,0.0,300581.989983,300581.989983,300581.989983,300581.989983,300581.989983,300581.989983,nan,300581.989983,nan,nan,0.0,61,64,,True,False,"HTTPConnectionPool(host='gpu06', port=9004): Read timed out.",0,59.56268577710819
403,2026-09-21T07:59:55.141+00:00,2026-09-21T08:04:55.415+00:00,2026-09-21T08:04:55.415+00:00,False,1,0.0,,0.0,300274.564758,300274.564758,300274.564758,300274.564758,300274.564758,300274.564758,nan,300274.564758,nan,nan,0.0,61,64,,True,False,"HTTPConnectionPool(host='gpu06', port=9004): Read timed out.",0,59.56268577710819
405,2026-09-21T07:59:55.301+00:00,2026-09-21T08:04:55.507+00:00,2026-09-21T08:04:55.507+00:00,False,1,0.0,,0.0,300206.014999,300206.014999,300206.014999,300206.014999,300206.014999,300206.014999,nan,300206.014999,nan,nan,0.0,61,64,,True,False,"HTTPConnectionPool(host='gpu06', port=9004): Read timed out.",0,59.56268577710819
404,2026-09-21T07:59:55.225+00:00,2026-09-21T08:04:55.585+00:00,2026-09-21T08:04:55.585+00:00,False,1,0.0,,0.0,300359.647091,300359.647091,300359.647091,300359.647091,300359.647091,300359.647091,nan,300359.647091,nan,nan,0.0,61,64,,True,False,"HTTPConnectionPool(host='gpu06', port=9004): Read timed out.",0,59.56268577710819
406,2026-09-21T07:59:55.444+00:00,2026-09-21T08:04:55.601+00:00,2026-09-21T08:04:55.601+00:00,False,1,0.0,,0.0,300157.20664999995,300157.20664999995,300157.20664999995,300157.20664999995,300157.20664999995,300157.20664999995,nan,300157.20664999995,nan,nan,0.0,61,64,,True,False,"HTTPConnectionPool(host='gpu06', port=9004): Read timed out.",0,59.56268577710819
407,2026-09-21T07:59:55.654+00:00,2026-09-21T08:04:55.769+00:00,2026-09-21T08:04:55.769+00:00,False,1,0.0,,0.0,300115.179602,300115.179602,300115.179602,300115.179602,300115.179602,300115.179602,nan,300115.179602,nan,nan,0.0,61,64,,True,False,"HTTPConnectionPool(host='gpu06', port=9004): Read timed out.",0,59.56268577710819
408,2026-09-21T07:59:55.907+00:00,2026-09-21T08:04:56.013+00:00,2026-09-21T08:04:56.013+00:00,False,1,0.0,,0.0,300106.389555,300106.389555,300106.389555,300106.389555,300106.389555,300106.389555,nan,300106.389555,nan,nan,0.0,61,64,,True,False,"HTTPConnectionPool(host='gpu06', port=9004): Read timed out.",0,59.56268577710819
409,2026-09-21T07:59:56.144+00:00,2026-09-21T08:04:56.254+00:00,2026-09-21T08:04:56.254+00:00,False,1,0.0,,0.0,300110.435039,300110.435039,300110.435039,300110.435039,300110.435039,300110.435039,nan,300110.435039,nan,nan,0.0,61,64,,True,False,"HTTPConnectionPool(host='gpu06', port=9004): Read timed out.",0,59.56268577710819
410,2026-09-21T07:59:56.419+00:00,2026-09-21T08:04:56.524+00:00,2026-09-21T08:04:56.524+00:00,False,1,0.0,,0.0,300105.05122799997,300105.05122799997,300105.05122799997,300105.05122799997,300105.05122799997,300105.05122799997,nan,300105.05122799997,nan,nan,0.0,61,64,,True,False,"HTTPConnectionPool(host='gpu06', port=9004): Read timed out.",0,59.56268577710819
411,2026-09-21T07:59:56.728+00:00,2026-09-21T08:04:56.834+00:00,2026-09-21T08:04:56.834+00:00,False,1,0.0,,0.0,300106.019861,300106.019861,300106.019861,300106.019861,300106.019861,300106.019861,nan,300106.019861,nan,nan,0.0,61,64,,True,False,"HTTPConnectionPool(host='gpu06', port=9004): Read timed out.",0,59.56268577710819
412,2026-09-21T07:59:56.969+00:00,2026-09-21T08:04:57.062+00:00,2026-09-21T08:04:57.062+00:00,False,1,0.0,,0.0,300092.671027,300092.671027,300092.671027,300092.671027,300092.671027,300092.671027,nan,300092.671027,nan,nan,0.0,61,64,,True,False,"HTTPConnectionPool(host='gpu06', port=9004): Read timed out.",0,59.56268577710819
413,2026-09-21T07:59:57.254+00:00,2026-09-21T08:04:57.359+00:00,2026-09-21T08:04:57.359+00:00,False,1,0.0,,0.0,300104.828613,300104.828613,300104.828613,300104.828613,300104.828613,300104.828613,nan,300104.828613,nan,nan,0.0,61,64,,True,False,"HTTPConnectionPool(host='gpu06', port=9004): Read timed out.",0,59.56268577710819
414,2026-09-21T07:59:57.554+00:00,2026-09-21T08:04:57.584+00:00,2026-09-21T08:04:57.584+00:00,False,1,0.0,,0.0,300029.310604,300029.310604,300029.310604,300029.310604,300029.310604,300029.310604,nan,300029.310604,nan,nan,0.0,61,64,,True,False,TTFT timeout: 300.0s exceeded (TTFT: 300.021s),0,59.56268577710819
415,2026-09-21T07:59:57.806+00:00,2026-09-21T08:04:57.893+00:00,2026-09-21T08:04:57.893+00:00,False,1,0.0,,0.0,300086.602403,300086.602403,300086.602403,300086.602403,300086.602403,300086.602403,nan,300086.602403,nan,nan,0.0,61,64,,True,False,"HTTPConnectionPool(host='gpu06', port=9004): Read timed out.",0,59.56268577710819
416,2026-09-21T07:59:58.122+00:00,2026-09-21T08:04:58.230+00:00,2026-09-21T08:04:58.230+00:00,False,1,0.0,,0.0,300108.035154,300108.035154,300108.035154,300108.035154,300108.035154,300108.035154,nan,300108.035154,nan,nan,0.0,61,64,,True,False,"HTTPConnectionPool(host='gpu06', port=9004): Read timed out.",0,59.56268577710819
417,2026-09-21T07:59:58.430+00:00,2026-09-21T08:04:58.547+00:00,2026-09-21T08:04:58.547+00:00,False,1,0.0,,0.0,300116.655078,300116.655078,300116.655078,300116.655078,300116.655078,300116.655078,nan,300116.655078,nan,nan,0.0,61,64,,True,False,"HTTPConnectionPool(host='gpu06', port=9004): Read timed out.",0,59.56268577710819
418,2026-09-21T07:59:58.774+00:00,2026-09-21T08:04:58.873+00:00,2026-09-21T08:04:58.873+00:00,False,1,0.0,,0.0,300099.29383700003,300099.29383700003,300099.29383700003,300099.29383700003,300099.29383700003,300099.29383700003,nan,300099.29383700003,nan,nan,0.0,61,64,,True,False,"HTTPConnectionPool(host='gpu06', port=9004): Read timed out.",0,59.56268577710819
419,2026-09-21T07:59:59.037+00:00,2026-09-21T08:04:59.070+00:00,2026-09-21T08:04:59.070+00:00,False,1,0.0,,0.0,300032.92813200003,300032.92813200003,300032.92813200003,300032.92813200003,300032.92813200003,300032.92813200003,nan,300032.92813200003,nan,nan,0.0,61,64,,True,False,TTFT timeout: 300.0s exceeded (TTFT: 300.025s),0,59.56268577710819
420,2026-09-21T07:59:59.371+00:00,2026-09-21T08:04:59.371+00:00,2026-09-21T08:04:59.433+00:00,False,3,2.0,,2.0,300000.081724,300061.626684,300061.626641,100020.54221366666,0.045,300000.081724,173187.36417894473,270006.2235433,30.77248,43.45513975758853,0.006665297466064308,61,64,,True,False,Request timeout: 300.0s exceeded,8,59.56268577710819
421,2026-09-21T07:59:59.569+00:00,2026-09-21T08:04:59.634+00:00,2026-09-21T08:04:59.634+00:00,False,1,0.0,,0.0,300064.29111,300064.29111,300064.29111,300064.29111,300064.29111,300064.29111,nan,300064.29111,nan,nan,0.0,61,64,,True,False,"HTTPConnectionPool(host='gpu06', port=9004): Read timed out.",0,59.56268577710819
422,2026-09-21T07:59:59.895+00:00,2026-09-21T08:05:00.000+00:00,2026-09-21T08:05:00.000+00:00,False,1,0.0,,0.0,300105.10809,300105.10809,300105.10809,300105.10809,300105.10809,300105.10809,nan,300105.10809,nan,nan,0.0,61,64,,True,False,"HTTPConnectionPool(host='gpu06', port=9004): Read timed out.",0,59.56268577710819
423,2026-09-21T08:00:00.178+00:00,2026-09-21T08:05:00.282+00:00,2026-09-21T08:05:00.282+00:00,False,1,0.0,,0.0,300104.51984799997,300104.51984799997,300104.51984799997,300104.51984799997,300104.51984799997,300104.51984799997,nan,300104.51984799997,nan,nan,0.0,61,64,,True,False,"HTTPConnectionPool(host='gpu06', port=9004): Read timed out.",0,59.56268577710819
424,2026-09-21T08:00:00.401+00:00,2026-09-21T08:05:00.507+00:00,2026-09-21T08:05:00.507+00:00,False,1,0.0,,0.0,300105.942304,300105.942304,300105.942304,300105.942304,300105.942304,300105.942304,nan,300105.942304,nan,nan,0.0,61,64,,True,False,"HTTPConnectionPool(host='gpu06', port=9004): Read timed out.",0,59.56268577710819
425,2026-09-21T08:00:00.604+00:00,2026-09-21T08:05:00.710+00:00,2026-09-21T08:05:00.710+00:00,False,1,0.0,,0.0,300106.159414,300106.159414,300106.159414,300106.159414,300106.159414,300106.159414,nan,300106.159414,nan,nan,0.0,61,64,,True,False,"HTTPConnectionPool(host='gpu06', port=9004): Read timed out.",0,59.56268577710819
426,2026-09-21T08:00:00.855+00:00,2026-09-21T08:05:00.969+00:00,2026-09-21T08:05:00.969+00:00,False,1,0.0,,0.0,300114.462876,300114.462876,300114.462876,300114.462876,300114.462876,300114.462876,nan,300114.462876,nan,nan,0.0,61,64,,True,False,"HTTPConnectionPool(host='gpu06', port=9004): Read timed out.",0,59.56268577710819
427,2026-09-21T08:00:01.115+00:00,2026-09-21T08:05:01.169+00:00,2026-09-21T08:05:02.911+00:00,False,28,27.0,,27.0,300053.68113,301796.00381799997,301796.003974,10778.428713357142,0.02453,300053.68113,56692.63147915541,178.71693059999998,64.53046992592593,35.76153384103712,0.08946440528842299,61,64,,True,False,Request timeout: 300.0s exceeded,53,59.56268577710819
428,2026-09-21T08:00:01.381+00:00,2026-09-21T08:05:01.385+00:00,2026-09-21T08:05:03.025+00:00,False,29,28.0,,28.0,300003.554124,301644.19694,301644.196844,10401.52402910345,0.02752,300003.554124,55698.383829626124,109.70326140000002,58.594386285714286,18.91179363416378,0.09282459362402214,61,64,,True,False,Request timeout: 300.0s exceeded,113,59.56268577710819
430,2026-09-21T08:00:02.013+00:00,2026-09-21T08:05:03.224+00:00,2026-09-21T08:05:03.224+00:00,False,1,0.0,,0.0,301211.589587,301211.589587,301211.589587,301211.589587,301211.589587,301211.589587,nan,301211.589587,nan,nan,0.0,61,64,,True,False,"HTTPConnectionPool(host='gpu06', port=9004): Read timed out.",0,59.56268577710819
431,2026-09-21T08:00:02.235+00:00,2026-09-21T08:05:03.384+00:00,2026-09-21T08:05:03.384+00:00,False,1,0.0,,0.0,301149.02582700003,301149.02582700003,301149.02582700003,301149.02582700003,301149.02582700003,301149.02582700003,nan,301149.02582700003,nan,nan,0.0,61,64,,True,False,"HTTPConnectionPool(host='gpu06', port=9004): Read timed out.",0,59.56268577710819
429,2026-09-21T08:00:01.730+00:00,2026-09-21T08:05:03.600+00:00,2026-09-21T08:05:04.856+00:00,False,31,30.0,,30.0,301869.751428,303125.961604,303125.961561,9778.256824548387,0.03379,301869.751428,54209.89368166676,98.735524,41.873672533333334,27.077380237149523,0.09896875820617314,61,64,,True,False,Request timeout: 300.0s exceeded,127,59.56268577710819
0,2026-09-21T07:58:02.321+00:00,2026-09-21T07:58:02.579+00:00,2026-09-21T07:58:03.139+00:00,True,10,10.0,,10.0,258.257277,818.2355170000001,818.235495,81.8235495,35.363762,258.257277,90.01543910425067,253.0376775,62.21980444444445,69.22558142540582,12.221420107335671,62,64,,False,True,,48,59.56268577710819
1,2026-09-21T07:58:02.784+00:00,2026-09-21T07:58:07.600+00:00,2026-09-21T07:58:10.940+00:00,True,54,54.0,,54.0,4816.053539,8155.277091,8155.276905999999,151.0236464074074,41.506334,4816.053539,646.912430819917,79.54204299999999,63.00421796226415,11.729771328113083,6.621479490818689,62,64,,False,True,,127,59.56268577710819
3,2026-09-21T07:58:03.593+00:00,2026-09-21T07:58:07.986+00:00,2026-09-21T07:58:12.621+00:00,True,74,74.0,,74.0,4393.280945,9027.737777,9027.737877,121.9964577972973,42.904154000000005,4393.280945,503.4258868141742,78.55941915,63.48571002739726,9.971704727857546,8.196959396464756,62,64,,False,True,,157,59.56268577710819
2,2026-09-21T07:58:03.199+00:00,2026-09-21T07:58:08.302+00:00,2026-09-21T07:58:11.152+00:00,True,46,46.0,,46.0,5103.546864,7953.166576,7953.16665,172.89492717391303,43.183705,5103.546864,743.2308932587382,81.03634325,63.32488248888889,11.74248506021488,5.78385974447117,62,64,,False,True,,272,59.56268577710819
4,2026-09-21T07:58:03.923+00:00,2026-09-21T07:58:08.430+00:00,2026-09-21T07:58:12.561+00:00,True,66,66.0,,66.0,4507.218929,8638.239985,8638.239927999999,130.88242315151516,38.866874,4507.218929,547.0839119679891,78.0480205,63.55417009230769,10.882989545426042,7.640445289156897,62,64,,False,True,,335,59.56268577710819
5,2026-09-21T07:58:04.335+00:00,2026-09-21T07:58:11.478+00:00,2026-09-21T07:58:13.396+00:00,True,31,31.0,,31.0,7143.638508,9060.905196,9060.905197,292.2872644193548,0.016210000000000002,7143.638508,1273.851775269326,264.4500625,63.9088896,77.73430483101399,3.421291728522352,62,64,,False,True,,93,59.56268577710819
6,2026-09-21T07:58:04.836+00:00,2026-09-21T07:58:13.953+00:00,2026-09-21T07:58:18.725+00:00,True,79,79.0,,79.0,9116.721221000002,13889.486405000001,13889.486546000002,175.8162853924051,35.872403,9116.721221000002,1018.8805693959984,79.35424210000001,61.189297230769235,10.521394173024776,5.687755306168932,62,64,,False,True,,316,59.56268577710819
7,2026-09-21T07:58:05.269+00:00,2026-09-21T07:58:17.103+00:00,2026-09-21T07:58:17.838+00:00,True,13,13.0,,13.0,11833.972309,12569.825877000001,12569.825845000001,966.9096803846154,45.213584000000004,11833.972309,3265.167141460102,4780.610112400001,61.32113066666666,12.283990955384532,1.0342227591065618,62,64,,False,True,,52,59.56268577710819
8,2026-09-21T07:58:05.586+00:00,2026-09-21T07:58:18.724+00:00,2026-09-21T07:58:22.384+00:00,True,58,58.0,,58.0,13137.984756,16798.6373,16798.637346,289.63167837931036,28.814773000000002,13137.984756,1716.7125493070032,80.6610108,64.22197445614036,12.314657758931247,3.452661008402152,62,64,,False,True,,632,59.56268577710819
9,2026-09-21T07:58:05.907+00:00,2026-09-21T07:58:20.541+00:00,2026-09-21T07:58:26.538+00:00,True,95,95.0,,95.0,14634.112622999999,20631.642991,20631.642766,217.17518701052632,0.0,14634.112622999999,1496.156768374538,82.1896373,63.80351455319149,62.07541703598834,4.60457754340947,62,64,,False,True,,377,59.56268577710819
10,2026-09-21T07:58:06.342+00:00,2026-09-21T07:58:22.533+00:00,2026-09-21T07:58:23.789+00:00,True,17,17.0,,17.0,16190.561551,17446.508047,17446.508191,1026.2651877058825,0.0,16190.561551,3910.2671755481815,3608.2168214,78.496656,144.8914894023195,0.974407024844334,62,64,,False,True,,62,59.56268577710819
11,2026-09-21T07:58:06.752+00:00,2026-09-21T07:58:24.647+00:00,2026-09-21T07:58:29.744+00:00,True,84,84.0,,84.0,17894.849758,22992.48611,22992.486227,273.7200741309524,0.0,17894.849758,1946.292386811734,80.968346,61.41730544578313,44.620437613686995,3.653367434827603,62,64,,False,True,,924,59.56268577710819
12,2026-09-21T07:58:07.114+00:00,2026-09-21T07:58:26.972+00:00,2026-09-21T07:58:32.234+00:00,True,88,88.0,,88.0,19857.972692000003,25120.772564000003,25120.772368,285.4633223636364,0.0,19857.972692000003,2110.9531403239966,76.2698495,60.49195255172413,47.780703532515965,3.5030769764665104,62,64,,False,True,,176,59.56268577710819
13,2026-09-21T07:58:07.518+00:00,2026-09-21T07:58:29.177+00:00,2026-09-21T07:58:29.490+00:00,True,6,6.0,,6.0,21658.702029,21972.061133,21972.061221,3662.0102035,56.362155,21658.702029,8816.544528097911,16262.29843125,62.6718208,6.838962848361381,0.2730740627236175,62,64,,False,True,,20,59.56268577710819
14,2026-09-21T07:58:07.858+00:00,2026-09-21T07:58:30.918+00:00,2026-09-21T07:58:35.609+00:00,True,76,76.0,,76.0,23060.069804000002,27750.625196,27750.625021000003,365.13980290789476,0.0,23060.069804000002,2639.753703327773,87.47220175000001,62.54073856,96.92282175953491,2.7386770374800316,62,64,,False,True,,228,59.56268577710819
15,2026-09-21T07:58:08.283+00:00,2026-09-21T07:58:33.514+00:00,2026-09-21T07:58:36.648+00:00,True,60,60.0,,60.0,25230.26038,28364.683932,28364.683895,472.7447315833333,0.0,25230.26038,3251.2434728411463,78.0754555,53.12582291525423,76.69470846265737,2.1153064897123777,62,64,,False,True,,60,59.56268577710819
16,2026-09-21T07:58:08.763+00:00,2026-09-21T07:58:35.368+00:00,2026-09-21T07:58:40.558+00:00,True,81,81.0,,81.0,26605.108842,31794.935146000003,31794.935181,392.53006396296297,0.0,26605.108842,2949.6687063571094,76.921848,64.8728288,67.09247836619517,2.5475755691292954,62,64,,False,True,,243,59.56268577710819
17,2026-09-21T07:58:09.090+00:00,2026-09-21T07:58:36.891+00:00,2026-09-21T07:58:38.153+00:00,True,21,21.0,,21.0,27800.884586,29063.158378,29063.158348,1383.9599213333333,43.338704,27800.884586,6052.885956749856,77.702148,63.1136896,10.166895359412178,0.7225642762865172,62,64,,False,True,,226,59.56268577710819
18,2026-09-21T07:58:09.502+00:00,2026-09-21T07:58:38.974+00:00,2026-09-21T07:58:43.609+00:00,True,68,68.0,,68.0,29472.63809,34107.051914,34107.051911,501.57429280882354,0.0,29472.63809,3567.5153382696312,77.83108565,69.17035558208956,114.83595741402974,1.9937225935404836,62,64,,False,True,,408,59.56268577710819
19,2026-09-21T07:58:09.940+00:00,2026-09-21T07:58:41.435+00:00,2026-09-21T07:58:47.504+00:00,True,96,96.0,,96.0,31495.42025,37564.251994,37564.25191,391.2942907291667,0.0,31495.42025,3209.467159476546,78.20863874999999,63.88243941052631,98.60927822574696,2.555621233063119,62,64,,False,True,,288,59.56268577710819
20,2026-09-21T07:58:10.392+00:00,2026-09-21T07:58:43.656+00:00,2026-09-21T07:58:45.294+00:00,True,29,29.0,,29.0,33263.856844,34901.9051,34901.905094,1203.5139687586206,41.285784,33263.856844,6166.08779476392,75.96345160000001,58.501723428571424,10.206985909931452,0.8309002020637549,62,64,,False,True,,116,59.56268577710819
21,2026-09-21T07:58:10.750+00:00,2026-09-21T07:58:45.636+00:00,2026-09-21T07:58:49.967+00:00,True,68,68.0,,68.0,34886.547372,39217.212844,39217.212982000005,576.7237203235294,0.0,34886.547372,4223.632301198122,77.92931614999999,64.63679808955224,85.64077887532366,1.73393250230437,62,64,,False,True,,356,59.56268577710819
22,2026-09-21T07:58:11.205+00:00,2026-09-21T07:58:47.898+00:00,2026-09-21T07:58:53.784+00:00,True,75,75.0,,75.0,36693.653829,42579.347781000004,42579.347761000005,567.7246368133334,38.183694,36693.653829,4229.879278287943,82.77449130000001,79.53640475675675,132.41751916190563,1.7614173045991777,62,64,,False,True,,152,59.56268577710819
23,2026-09-21T07:58:11.669+00:00,2026-09-21T07:58:50.162+00:00,2026-09-21T07:58:55.840+00:00,True,91,91.0,,91.0,38492.981876000005,44170.487412,44170.487466000006,485.3899721538462,0.0,38492.981876000005,4030.0654266416473,81.412538,63.08339484444445,111.20192680982485,2.0601991359343166,62,64,,False,True,,181,59.56268577710819
24,2026-09-21T07:58:12.068+00:00,2026-09-21T07:58:52.254+00:00,2026-09-21T07:58:58.173+00:00,True,95,95.0,,95.0,40186.821153,46105.553185,46105.553257,485.3216132315789,0.0,40186.821153,4118.378707791046,79.7367393,62.96523438297872,120.96440249170118,2.060489321509916,62,64,,False,True,,192,59.56268577710819
25,2026-09-21T07:58:12.473+00:00,2026-09-21T07:58:54.272+00:00,2026-09-21T07:58:58.419+00:00,True,67,67.0,,67.0,41799.35643,45945.87547,45945.875361,685.7593337462687,39.071825,41799.35643,5098.9383874001105,77.75206700000001,62.82604606060606,10.001774524154586,1.45823753089104,62,64,,False,True,,74,59.56268577710819
26,2026-09-21T07:58:13.136+00:00,2026-09-21T07:58:57.162+00:00,2026-09-21T07:59:01.276+00:00,True,56,56.0,,56.0,44025.867461,48140.104645,48140.104688,859.6447265714286,0.0,44025.867461,5874.341023626557,79.95886325,74.80431243636363,116.440596796865,1.1632712561171459,62,64,,False,True,,504,59.56268577710819
27,2026-09-21T07:58:13.351+00:00,2026-09-21T07:58:59.004+00:00,2026-09-21T07:59:03.340+00:00,True,70,70.0,,70.0,45653.057810000006,49989.008658000006,49989.00853100001,714.1286933000001,0.0,45653.057810000006,5450.1089575470205,81.50632245000001,62.83986736231884,107.0235829258473,1.4003078252442507,62,64,,False,True,,245,59.56268577710819
28,2026-09-21T07:58:13.782+00:00,2026-09-21T07:59:01.288+00:00,2026-09-21T07:59:06.567+00:00,True,89,89.0,,89.0,47505.450873,52784.816761,52784.816621,593.0878272022472,0.0,47505.450873,5030.085304816619,83.7587824,59.99279418181818,94.45337307801672,1.6860909151769101,62,64,,False,True,,178,59.56268577710819
29,2026-09-21T07:58:14.141+00:00,2026-09-21T07:59:03.130+00:00,2026-09-21T07:59:04.449+00:00,True,23,23.0,,23.0,48988.397446999996,50307.565190999994,50307.56499399999,2187.285434521739,49.981076,48988.397446999996,10202.288654424081,84.5986759,59.96217018181818,9.959246862674878,0.45718769955725647,62,64,,False,True,,139,59.56268577710819
30,2026-09-21T07:58:14.452+00:00,2026-09-21T07:59:05.730+00:00,2026-09-21T07:59:05.730+00:00,True,3,3.0,,3.0,51278.200754,51278.300338,51278.300383999995,17092.766794666666,0.04223,51278.200754,29605.45424817888,46150.3864186,0.049792,0.010680140823041615,0.058504279202421954,62,64,,False,True,,9,59.56268577710819
31,2026-09-21T07:58:14.887+00:00,2026-09-21T07:59:07.198+00:00,2026-09-21T07:59:10.322+00:00,True,44,44.0,,44.0,52311.684061,55435.132637,55435.132426,1259.889373318182,0.0,52311.684061,7876.893379920818,88.415425,72.6383389767442,158.66130774625685,0.7937204784575971,62,64,,False,True,,147,59.56268577710819
32,2026-09-21T07:58:15.254+00:00,2026-09-21T07:59:09.039+00:00,2026-09-21T07:59:12.059+00:00,True,50,50.0,,50.0,53785.562674,56805.148978,56805.148774,1136.10297548,0.0,53785.562674,7599.168291962059,100.57044119999999,61.624210285714284,150.29446467549243,0.8802018989399085,62,64,,False,True,,200,59.56268577710819
33,2026-09-21T07:58:15.534+00:00,2026-09-21T07:59:10.472+00:00,2026-09-21T07:59:14.104+00:00,True,58,58.0,,58.0,54938.136204,58570.646924,58570.646945,1009.8387404310345,3.370881,54938.136204,7205.37687185028,78.1351895,63.728258245614036,14.385948257015784,0.9902571176183104,62,64,,False,True,,58,59.56268577710819
34,2026-09-21T07:58:15.860+00:00,2026-09-21T07:59:12.621+00:00,2026-09-21T07:59:19.521+00:00,True,90,90.0,,90.0,56760.99496,63660.890768000005,63660.89066700001,707.3432296333334,0.03494,56760.99496,5976.402081651033,81.360567,77.52691919101123,131.92661324131325,1.41374082131505,62,64,,False,True,,453,59.56268577710819
35,2026-09-21T07:58:16.209+00:00,2026-09-21T07:59:14.393+00:00,2026-09-21T07:59:19.305+00:00,True,69,69.0,,69.0,58184.08559,63095.818838,63095.818722,914.4321553913044,0.01549,58184.08559,6996.969881622403,86.6866236,72.23137129411765,126.3848449048163,1.0935748401515974,62,64,,False,True,,447,59.56268577710819
36,2026-09-21T07:58:16.513+00:00,2026-09-21T07:59:15.979+00:00,2026-09-21T07:59:16.911+00:00,True,16,16.0,,16.0,59465.792928,60397.967520000006,60397.967449,3774.8729655625,51.467594,59465.792928,14850.914935519124,14925.86782725,62.1449728,9.681761345808956,0.2649095765466248,62,64,,False,True,,48,59.56268577710819
37,2026-09-21T07:58:16.956+00:00,2026-09-21T07:59:19.304+00:00,2026-09-21T07:59:21.306+00:00,True,29,29.0,,29.0,62347.687204,64349.83658,64349.83638,2218.959875172414,0.01574,62347.687204,11566.489461192252,794.6299240000001,71.50533485714286,224.05667852236573,0.45066159513780696,62,64,,False,True,,29,59.56268577710819
38,2026-09-21T07:58:17.264+00:00,2026-09-21T07:59:19.835+00:00,2026-09-21T07:59:21.308+00:00,True,15,15.0,,15.0,62570.929419,64043.824395,64043.824198,4269.588279866667,0.0,62570.929419,16130.991437213663,19530.6290012,105.206784,289.42665722910965,0.2342146200933477,62,64,,False,True,,165,59.56268577710819
39,2026-09-21T07:58:17.620+00:00,2026-09-21T07:59:21.838+00:00,2026-09-21T07:59:21.969+00:00,True,3,3.0,,3.0,64218.032778,64349.246346,64349.246199,21449.748733,62.891345,64218.032778,37038.4205587733,57803.0617078,65.606784,3.8403252128953866,0.046620592630864315,62,64,,False,True,,3,59.56268577710819
40,2026-09-21T07:58:17.961+00:00,2026-09-21T07:59:23.740+00:00,2026-09-21T07:59:24.164+00:00,True,8,8.0,,8.0,65779.18511,66203.239382,66203.239287,8275.404910875,50.113924,65779.18511,23235.03669898513,42781.1718256,60.57918171428572,6.347503444136698,0.12084000835426068,62,64,,False,True,,28,59.56268577710819
41,2026-09-21T07:58:18.246+00:00,2026-09-21T07:59:25.405+00:00,2026-09-21T07:59:28.042+00:00,True,42,42.0,,42.0,67158.34703599999,69796.051228,69796.051119,1661.8107409285712,47.381564,67158.34703599999,10352.83579059467,85.08420945,64.33424858536586,10.150485769743616,0.6017532404920769,62,64,,False,True,,126,59.56268577710819
42,2026-09-21T07:58:18.560+00:00,2026-09-21T07:59:27.075+00:00,2026-09-21T07:59:31.342+00:00,True,68,68.0,,68.0,68514.48460099999,72781.364857,72781.364777,1070.3141878970587,41.581173,68514.48460099999,8300.88524788502,79.7446735,63.684779940298505,10.45702249021136,0.9343050949045216,62,64,,False,True,,272,59.56268577710819
43,2026-09-21T07:58:19.019+00:00,2026-09-21T07:59:29.295+00:00,2026-09-21T07:59:30.763+00:00,True,24,24.0,,24.0,70275.696189,71743.874365,71743.87444799999,2989.328102,44.946714,70275.696189,14331.940200599494,78.44842150000001,63.83383373913044,10.689309328978323,0.33452333334967366,62,64,,False,True,,285,59.56268577710819
44,2026-09-21T07:58:19.451+00:00,2026-09-21T07:59:32.830+00:00,2026-09-21T07:59:33.131+00:00,True,25,25.0,,25.0,73378.834735,73680.241199,73680.241191,2947.2096476399997,0.0,73378.834735,14673.275889686383,66.460946,12.558602666666665,25.15463629303144,0.33930399240250186,62,64,,False,True,,169,59.56268577710819
45,2026-09-21T07:58:19.876+00:00,2026-09-21T07:59:34.762+00:00,2026-09-21T07:59:39.170+00:00,True,85,85.0,,85.0,74885.839411,79293.89880299999,79293.89887799999,932.8693985647058,0.019289999999999998,74885.839411,8116.966433541446,150.4068116,52.47689752380952,49.41698777907936,1.0719614154826262,62,64,,False,True,,844,59.56268577710819
46,2026-09-21T07:58:20.158+00:00,2026-09-21T07:59:35.631+00:00,2026-09-21T07:59:40.210+00:00,True,75,75.0,,75.0,75473.669228,80051.91486,80051.914791,1067.35886388,0.036469999999999995,75473.669228,8707.840818762734,101.66596559999999,61.868184216216214,25.242376519797585,0.9368920172760998,62,64,,False,True,,375,59.56268577710819
47,2026-09-21T07:58:20.469+00:00,2026-09-21T07:59:37.126+00:00,2026-09-21T07:59:38.493+00:00,True,22,22.0,,22.0,76657.33390700001,78024.76328300001,78024.763168,3546.5801440000005,0.6952999999999999,76657.33390700001,16329.543618610243,170.87356705,65.11568457142857,30.889820666362393,0.28196176539754203,62,64,,False,True,,41,59.56268577710819
48,2026-09-21T07:58:20.942+00:00,2026-09-21T07:59:39.629+00:00,2026-09-21T07:59:43.692+00:00,True,64,64.0,,64.0,78687.55811900001,82750.26455100001,82750.26459600001,1292.9728843125001,41.085454,78687.55811900001,9827.889812013753,78.78531485,64.48740368253968,10.922061496146165,0.7734114246916517,62,64,,False,True,,262,59.56268577710819
49,2026-09-21T07:58:21.433+00:00,2026-09-21T07:59:41.830+00:00,2026-09-21T07:59:43.176+00:00,True,21,21.0,,21.0,80397.44497,81743.212906,81743.212929,3892.5339489999997,37.024663999999994,80397.44497,17529.4840138997,113.87548999999999,67.2883968,15.753081025691028,0.2569020626109815,62,64,,False,True,,147,59.56268577710819
50,2026-09-21T07:58:21.814+00:00,2026-09-21T07:59:43.810+00:00,2026-09-21T07:59:47.561+00:00,True,60,60.0,,60.0,81995.714735,85747.057839,85747.057805,1429.1176300833333,0.0,81995.714735,10579.70529680915,77.3682055,63.582086508474575,223.08822420510407,0.6997324632718819,62,64,,False,True,,308,59.56268577710819
51,2026-09-21T07:58:22.292+00:00,2026-09-21T07:59:46.957+00:00,2026-09-21T07:59:46.957+00:00,True,2,2.0,,2.0,84664.685352,84664.685352,84664.685352,42332.342676,0.0,84664.685352,59866.97313942456,80431.4510844,0.0,nan,0.02362260004492835,62,64,,False,True,,10,59.56268577710819
52,2026-09-21T07:58:22.610+00:00,2026-09-21T07:59:47.834+00:00,2026-09-21T07:59:48.432+00:00,True,10,10.0,,10.0,85224.556546,85822.242306,85822.242389,8582.2242389,51.379815,85224.556546,26929.371477729328,46908.37956445,66.40952888888889,7.348780293076607,0.11651991058850346,62,64,,False,True,,29,59.56268577710819
53,2026-09-21T07:58:23.282+00:00,2026-09-21T07:59:49.648+00:00,2026-09-21T07:59:50.838+00:00,True,20,20.0,,20.0,86366.76376700001,87556.75186300001,87556.75164200002,4377.837582100001,49.578044,86366.76376700001,19298.192296737518,4391.9268005,62.63095242105263,7.8767946428516655,0.22842327489825096,62,64,,False,True,,40,59.56268577710819
54,2026-09-21T07:58:23.408+00:00,2026-09-21T07:59:52.108+00:00,2026-09-21T07:59:57.317+00:00,True,81,81.0,,81.0,88699.218609,93908.814513,93908.814317,1159.3680779876543,0.016370000000000003,88699.218609,9849.474688632681,129.062601,65.1199488,157.36688680017855,0.8625388406834481,62,64,,False,True,,244,59.56268577710819
55,2026-09-21T07:58:23.702+00:00,2026-09-21T07:59:54.116+00:00,2026-09-21T07:59:58.316+00:00,True,78,78.0,,78.0,90414.432286,94614.48707,94614.487115,1213.0062450641026,0.019940000000000003,90414.432286,10231.358896060752,128.99621879999998,54.54616602597403,49.147414653213986,0.8243980643502525,62,64,,False,True,,780,59.56268577710819
56,2026-09-21T07:58:24.067+00:00,2026-09-21T07:59:55.427+00:00,2026-09-21T08:00:00.017+00:00,True,75,75.0,,75.0,91360.508543,95949.858175,95949.858347,1279.3314446266668,11.827671,91360.508543,10542.251345477267,79.644346,62.018238270270274,14.439367465035478,0.7816582684594469,62,64,,False,True,,525,59.56268577710819
57,2026-09-21T07:58:24.441+00:00,2026-09-21T07:59:57.237+00:00,2026-09-21T07:59:59.052+00:00,True,31,31.0,,31.0,92796.32629299999,94610.981781,94610.981703,3051.967151709677,39.695392999999996,92796.32629299999,16655.851478832115,79.13775700000001,60.488516266666664,10.705504551617697,0.32765752364516204,62,64,,False,True,,395,59.56268577710819
58,2026-09-21T07:58:24.847+00:00,2026-09-21T07:59:59.476+00:00,2026-09-21T08:00:05.580+00:00,True,96,96.0,,96.0,94629.627188,100732.86891599999,100732.868725,1049.3007158854166,0.0,94629.627188,9653.490490769278,80.42986950000001,64.24464976842106,195.12956389362347,0.9530156445762835,62,64,,False,True,,288,59.56268577710819
59,2026-09-21T07:58:25.270+00:00,2026-09-21T08:00:02.906+00:00,2026-09-21T08:00:03.674+00:00,True,34,34.0,,34.0,97635.091706,98403.30265000001,98403.302744,2894.2147865882357,0.0,97635.091706,16740.315242714438,75.13517765,23.279119515151514,30.80897680997913,0.34551685852385355,62,64,,False,True,,136,59.56268577710819
60,2026-09-21T07:58:25.734+00:00,2026-09-21T08:00:03.998+00:00,2026-09-21T08:00:06.179+00:00,True,34,34.0,,34.0,98264.803114,100445.609002,100445.60897599999,2954.2826169411765,52.555815,98264.803114,16840.943227892873,79.4465905,66.0850269090909,8.361883016979805,0.33849165073331394,62,64,,False,True,,394,59.56268577710819
61,2026-09-21T07:58:26.113+00:00,2026-09-21T08:00:05.653+00:00,2026-09-21T08:00:11.151+00:00,True,90,90.0,,90.0,99540.379781,105038.113669,105038.113704,1167.0901522666666,44.579534,99540.379781,10485.969501624446,75.2028485,61.7722908764045,8.694439952208057,0.8568318380470097,62,64,,False,True,,90,59.56268577710819
62,2026-09-21T07:58:26.459+00:00,2026-09-21T08:00:07.479+00:00,2026-09-21T08:00:11.225+00:00,True,61,61.0,,61.0,101019.64602500001,104765.35610500001,104765.35604600002,1717.4648532131148,42.441984,101019.64602500001,12926.250855563909,79.67363800000001,62.42850133333334,9.885471753255839,0.5822535451400879,62,64,,True,True,,244,59.56268577710819
63,2026-09-21T07:58:26.845+00:00,2026-09-21T08:00:09.677+00:00,2026-09-21T08:00:15.731+00:00,True,96,96.0,,96.0,102832.170809,108886.784313,108886.784281,1134.2373362604167,44.085974,102832.170809,10488.764308091882,77.607027,63.73277372631579,9.792037218289973,0.8816496933552895,62,64,,True,True,,103,59.56268577710819
64,2026-09-21T07:58:27.301+00:00,2026-09-21T08:00:11.767+00:00,2026-09-21T08:00:12.519+00:00,True,13,13.0,,13.0,104466.154706,105218.237138,105218.237161,8093.710550846154,48.615452,104466.154706,28956.31755048293,41833.4961686,62.673536,10.67938173345759,0.12355272577841923,62,64,,True,True,,13,59.56268577710819
65,2026-09-21T07:58:27.591+00:00,2026-09-21T08:00:13.585+00:00,2026-09-21T08:00:18.654+00:00,True,81,81.0,,81.0,105994.133734,111063.703526,111063.703459,1371.1568328271605,45.574964,105994.133734,11770.088281751872,76.152327,63.3696224,8.976741688406554,0.7293111739339568,62,64,,True,True,,445,59.56268577710819
66,2026-09-21T07:58:28.050+00:00,2026-09-21T08:00:16.088+00:00,2026-09-21T08:00:20.595+00:00,True,71,71.0,,71.0,108037.30307600001,112544.27626000001,112544.27633300002,1585.1306525774648,44.574363,108037.30307600001,12814.031808841895,78.36372949999999,64.3853312,10.163260924565172,0.6308628244760813,62,64,,True,True,,402,59.56268577710819
67,2026-09-21T07:58:28.493+00:00,2026-09-21T08:00:18.217+00:00,2026-09-21T08:00:20.592+00:00,True,38,38.0,,38.0,109724.23368,112098.77857600001,112098.778617,2949.9678583421055,45.557254,109724.23368,17789.213328646936,78.99824635,64.17688908108107,10.603779263870306,0.33898674439380266,62,64,,True,True,,152,59.56268577710819
68,2026-09-21T07:58:28.903+00:00,2026-09-21T08:00:20.332+00:00,2026-09-21T08:00:20.461+00:00,True,3,3.0,,3.0,111429.346626,111558.594626,111558.594585,37186.198195,56.508354,111429.346626,64296.45311036994,100293.6859239,64.624,11.477168959378092,0.026891697677417815,62,64,,True,True,,3,59.56268577710819
69,2026-09-21T07:58:29.224+00:00,2026-09-21T08:00:21.714+00:00,2026-09-21T08:00:23.413+00:00,True,29,29.0,,29.0,112490.05978499999,114189.61152899999,114189.611482,3937.5728097241376,44.568953,112490.05978499999,20877.610269974823,76.116555,60.69827657142857,9.220391722974075,0.2539635577325268,62,64,,True,True,,58,59.56268577710819
70,2026-09-21T07:58:29.579+00:00,2026-09-21T08:00:23.557+00:00,2026-09-21T08:00:29.354+00:00,True,93,93.0,,93.0,113977.45555500001,119774.771651,119774.77165600001,1287.9007704946237,43.615833,113977.45555500001,11812.3810342178,77.8152476,63.014305391304354,9.455652379099586,0.7764573350303151,62,64,,True,True,,279,59.56268577710819
71,2026-09-21T07:58:29.916+00:00,2026-09-21T08:00:25.625+00:00,2026-09-21T08:00:29.545+00:00,True,63,63.0,,63.0,115709.417333,119629.372277,119629.37232600001,1898.878925809524,40.736514,115709.417333,14570.053679704019,77.03174399999999,63.22507974193548,9.388884996921123,0.5266265198995147,62,64,,True,True,,189,59.56268577710819
72,2026-09-21T07:58:30.224+00:00,2026-09-21T08:00:27.104+00:00,2026-09-21T08:00:32.136+00:00,True,81,81.0,,81.0,116880.732041,121912.574857,121912.574837,1505.0935165061728,40.059793,116880.732041,12979.762764639352,77.28207499999999,62.8980352,9.496577282618803,0.6644105425138523,62,64,,True,True,,684,59.56268577710819
73,2026-09-21T07:58:30.700+00:00,2026-09-21T08:00:29.483+00:00,2026-09-21T08:00:33.975+00:00,True,71,71.0,,71.0,118782.772029,123275.209277,123275.209483,1736.2705560985914,43.880863,118782.772029,14089.308309185033,79.3655155,64.17767497142857,9.68758107152686,0.5759471058001828,62,64,,True,True,,146,59.56268577710819
74,2026-09-21T07:58:31.161+00:00,2026-09-21T08:00:32.003+00:00,2026-09-21T08:00:37.772+00:00,True,93,93.0,,93.0,120842.144508,126610.974716,126610.974796,1361.4083311397849,42.482543,120842.144508,12524.247815198747,76.41084760000001,62.70467617391305,9.187270706269764,0.7345334810715067,62,64,,True,True,,465,59.56268577710819
75,2026-09-21T07:58:31.638+00:00,2026-09-21T08:00:34.174+00:00,2026-09-21T08:00:37.168+00:00,True,50,50.0,,50.0,122535.75306999999,125530.59671799999,125530.596633,2510.6119326599996,45.661514000000004,122535.75306999999,17320.53110392513,77.04713544999998,61.11925812244898,8.989765099669109,0.39830926728025695,62,64,,True,True,,150,59.56268577710819
76,2026-09-21T07:58:32.082+00:00,2026-09-21T08:00:36.332+00:00,2026-09-21T08:00:38.011+00:00,True,29,29.0,,29.0,124249.646264,125929.40075999999,125929.400729,4342.393128586206,42.890502999999995,124249.646264,23061.442260752206,76.948603,59.991232,10.422994293436156,0.23028776302421278,62,64,,True,True,,265,59.56268577710819
77,2026-09-21T07:58:32.377+00:00,2026-09-21T08:00:38.210+00:00,2026-09-21T08:00:39.312+00:00,True,18,18.0,,18.0,125832.986463,126934.605151,126934.605245,7051.922513611111,49.895403,125832.986463,29643.847012600196,18943.4710059,64.80109929411765,9.516995290430298,0.1418053018606502,62,64,,True,True,,18,59.56268577710819
78,2026-09-21T07:58:32.800+00:00,2026-09-21T08:00:40.303+00:00,2026-09-21T08:00:44.224+00:00,True,61,61.0,,61.0,127502.779544,131423.618968,131423.618926,2154.4855561639347,43.165253,127502.779544,16316.694394328442,78.11186500000001,65.34732373333334,10.282756698267496,0.46414792469573324,62,64,,True,True,,61,59.56268577710819
79,2026-09-21T07:58:33.452+00:00,2026-09-21T08:00:43.045+00:00,2026-09-21T08:00:43.634+00:00,True,10,10.0,,10.0,129593.371921,130182.012945,130182.01289499999,13018.2012895,48.130292999999995,129593.371921,40960.34070526261,71309.9556538,65.40455822222222,9.345505825063748,0.07681552753547338,62,64,,True,True,,37,59.56268577710819
80,2026-09-21T07:58:33.624+00:00,2026-09-21T08:00:44.812+00:00,2026-09-21T08:00:50.650+00:00,True,92,92.0,,92.0,131188.569085,137026.767357,137026.767388,1489.4213846521739,45.971693,131188.569085,13670.667510110656,76.3679695,64.15602496703296,8.198304861626909,0.6714016668021482,62,64,,True,True,,195,59.56268577710819
81,2026-09-21T07:58:33.964+00:00,2026-09-21T08:00:46.675+00:00,2026-09-21T08:00:50.447+00:00,True,60,60.0,,60.0,132711.334397,136482.952189,136482.952177,2274.7158696166666,44.958512999999996,132711.334397,17124.70919739887,77.47871599999999,63.925725288135595,9.094367868828751,0.43961534417069686,62,64,,True,True,,246,59.56268577710819
82,2026-09-21T07:58:34.463+00:00,2026-09-21T08:00:49.527+00:00,2026-09-21T08:00:53.726+00:00,True,67,67.0,,67.0,135064.141598,139263.60322999998,139263.60314999998,2078.561241044776,41.712603,135064.141598,16492.94048617911,76.1306967,63.628206545454546,9.644535872192755,0.4811020140657035,62,64,,True,True,,469,59.56268577710819
83,2026-09-21T07:58:34.775+00:00,2026-09-21T08:00:51.115+00:00,2026-09-21T08:00:52.746+00:00,True,27,27.0,,27.0,136339.995683,137971.03056299998,137971.030484,5110.038166074073,44.957223,136339.995683,26226.57374432804,80.278037,62.732110769230765,10.807494698894379,0.19569325451744982,62,64,,True,True,,123,59.56268577710819
84,2026-09-21T07:58:35.055+00:00,2026-09-21T08:00:52.396+00:00,2026-09-21T08:00:55.550+00:00,True,51,51.0,,51.0,137340.951749,140495.547589,140495.547624,2754.8146592941175,48.768023,137340.951749,19222.747140672658,76.160061,63.0919168,8.474499227141962,0.3630008272517884,62,64,,True,True,,454,59.56268577710819
85,2026-09-21T07:58:35.386+00:00,2026-09-21T08:00:54.226+00:00,2026-09-21T08:00:54.516+00:00,True,5,5.0,,5.0,138840.470051,139130.142243,139130.142243,27826.028448600002,68.19639500000001,138840.470051,62058.959556097776,111087.685558,72.418048,3.622907863574047,0.03593757556336835,62,64,,True,True,,22,59.56268577710819
86,2026-09-21T07:58:35.759+00:00,2026-09-21T08:00:56.352+00:00,2026-09-21T08:01:00.943+00:00,True,73,73.0,,73.0,140593.08509,145184.225186,145184.225202,1988.8250027671234,42.700943,140593.08509,16447.716020797216,76.8767994,63.76583466666666,10.461033039151436,0.5028094471453592,62,64,,True,True,,219,59.56268577710819
87,2026-09-21T07:58:36.213+00:00,2026-09-21T08:00:58.742+00:00,2026-09-21T08:01:02.993+00:00,True,67,67.0,,67.0,142528.873061,146780.003429,146780.003367,2190.746318910448,44.092642,142528.873061,17404.807149192653,79.0126417,64.41106618181819,10.274420843162494,0.45646544784561915,62,64,,True,True,,178,59.56268577710819
88,2026-09-21T07:58:36.540+00:00,2026-09-21T08:01:00.042+00:00,2026-09-21T08:01:00.882+00:00,True,14,14.0,,14.0,143501.738184,144341.34676,144341.346807,10310.096200499998,43.575223,143501.738184,38335.19366326241,50276.76980265,64.58527507692308,13.02142929333972,0.09699230549149686,62,64,,True,True,,14,59.56268577710819
89,2026-09-21T07:58:36.945+00:00,2026-09-21T08:01:02.257+00:00,2026-09-21T08:01:07.337+00:00,True,82,82.0,,82.0,145312.190956,150391.780076,150391.780085,1834.046098597561,43.692502999999995,145312.190956,16040.124275550077,75.447599,62.71097679012345,9.082874212717963,0.5452425655083114,62,64,,True,True,,1058,59.56268577710819
90,2026-09-21T07:58:37.284+00:00,2026-09-21T08:01:03.972+00:00,2026-09-21T08:01:08.406+00:00,True,72,72.0,,72.0,146688.170139,151122.213531,151122.213378,2098.91963025,43.684283,146688.170139,17280.008802016724,76.37974245,62.451315380281684,8.625327829449601,0.47643558360949034,62,64,,True,True,,358,59.56268577710819
91,2026-09-21T07:58:37.743+00:00,2026-09-21T08:01:06.628+00:00,2026-09-21T08:01:06.941+00:00,True,6,6.0,,6.0,148884.853738,149198.387946,149198.387923,24866.397987166667,52.495414,148884.853738,60756.38787744455,111683.886745,62.706841600000004,11.1734041868865,0.04021491171990146,62,64,,True,True,,11,59.56268577710819
92,2026-09-21T07:58:38.168+00:00,2026-09-21T08:01:09.013+00:00,2026-09-21T08:01:11.765+00:00,True,45,45.0,,45.0,150844.173791,153596.713439,153596.713556,3413.2603012444447,39.938233,150844.173791,22477.198493000586,78.06464179999999,62.557719272727276,10.227184648902792,0.29297501875176174,62,64,,True,True,,90,59.56268577710819
93,2026-09-21T07:58:38.471+00:00,2026-09-21T08:01:10.890+00:00,2026-09-21T08:01:13.957+00:00,True,49,49.0,,49.0,152418.782809,155485.615705,155485.615766,3173.1758319591836,48.317474000000004,152418.782809,21764.987264724456,81.368508,63.892352,11.381614787722322,0.31514169190394303,62,64,,True,True,,98,59.56268577710819
94,2026-09-21T07:58:38.918+00:00,2026-09-21T08:01:13.261+00:00,2026-09-21T08:01:18.356+00:00,True,81,81.0,,81.0,154342.335358,159437.832318,159437.832197,1968.3682987283953,43.222213,154342.335358,17142.07389400295,76.62789599999999,63.693712,9.500596716418281,0.5080350053834454,62,64,,True,True,,163,59.56268577710819
95,2026-09-21T07:58:39.221+00:00,2026-09-21T08:01:14.879+00:00,2026-09-21T08:01:18.901+00:00,True,64,64.0,,64.0,155658.253138,159680.074322,159680.074417,2495.001162765625,44.093104,155658.253138,19449.304566894854,77.81331385,63.83843149206349,10.385456332352804,0.400801416656044,62,64,,True,True,,130,59.56268577710819
96,2026-09-21T07:58:39.643+00:00,2026-09-21T08:01:17.101+00:00,2026-09-21T08:01:21.192+00:00,True,66,66.0,,66.0,157458.046888,161549.150376,161549.150433,2447.7144005,43.759053,157458.046888,19374.000986136994,78.73652549999998,62.94005366153846,10.140855014494361,0.40854439559965067,62,64,,True,True,,398,59.56268577710819
97,2026-09-21T07:58:40.117+00:00,2026-09-21T08:01:19.506+00:00,2026-09-21T08:01:24.108+00:00,True,73,73.0,,73.0,159389.490919,163991.650279,163991.650186,2246.460961452055,43.157102,159389.490919,18647.65007950418,75.7021826,63.91888,9.427999165745485,0.4451446148374302,62,64,,True,True,,292,59.56268577710819
98,2026-09-21T07:58:40.529+00:00,2026-09-21T08:01:21.848+00:00,2026-09-21T08:01:25.842+00:00,True,64,64.0,,64.0,161319.25982,165313.208748,165313.208958,2583.01888996875,42.761103000000006,161319.25982,20156.98534788696,77.71130365,63.39601473015873,9.858666903703016,0.3871438978452125,62,64,,True,True,,64,59.56268577710819
99,2026-09-21T07:58:40.914+00:00,2026-09-21T08:01:23.695+00:00,2026-09-21T08:01:25.064+00:00,True,23,23.0,,23.0,162781.29926,164150.275132,164150.275034,7136.96847973913,47.978472000000004,162781.29926,33929.27290596123,75.32977499999998,62.226176,7.179185025762557,0.1401155129438848,62,64,,True,True,,73,59.56268577710819
100,2026-09-21T07:58:41.343+00:00,2026-09-21T08:01:25.921+00:00,2026-09-21T08:01:26.587+00:00,True,12,12.0,,12.0,164578.71747499998,165244.91113899997,165244.911092,13770.409257666664,47.040693,164578.71747499998,47492.30163942747,74104.99267585,60.56306036363637,11.515918100571776,0.07261948290743969,62,64,,True,True,,44,59.56268577710819
101,2026-09-21T07:58:41.753+00:00,2026-09-21T08:01:27.938+00:00,2026-09-21T08:01:28.562+00:00,True,11,11.0,,11.0,166185.011283,166808.657491,166808.657497,15164.423408818182,42.214902,166185.011283,50087.863708371566,83131.6152375,62.3646208,11.306991644046212,0.06594381949626023,62,64,,True,True,,33,59.56268577710819
102,2026-09-21T07:58:42.224+00:00,2026-09-21T08:01:30.085+00:00,2026-09-21T08:01:34.076+00:00,True,65,65.0,,65.0,167861.05856900002,171852.15642500002,171852.156495,2643.879330692308,45.460801,167861.05856900002,20812.868847545145,77.283742,62.360904,9.006766958241402,0.378232088279715,62,64,,True,True,,66,59.56268577710819
103,2026-09-21T07:58:42.590+00:00,2026-09-21T08:01:32.185+00:00,2026-09-21T08:01:36.886+00:00,True,75,75.0,,75.0,169594.38013499998,174295.77866299998,174295.77886899997,2323.943718253333,42.892152,169594.38013499998,19575.738454340506,77.66316699999999,63.53241254054054,9.638827699381439,0.43030302039048307,62,64,,True,True,,154,59.56268577710819
104,2026-09-21T07:58:43.496+00:00,2026-09-21T08:01:34.206+00:00,2026-09-21T08:01:37.058+00:00,True,46,46.0,,46.0,170710.09705,173561.71433000002,173561.714214,3773.080743782609,45.741921999999995,170710.09705,25160.489259763544,76.64132675,63.36927288888889,9.900220454502834,0.2650354093215414,62,64,,True,True,,430,59.56268577710819
105,2026-09-21T07:58:43.608+00:00,2026-09-21T08:01:35.766+00:00,2026-09-21T08:01:42.045+00:00,True,100,100.0,,100.0,172158.286112,178437.439776,178437.439802,1784.37439802,44.314663,172158.286112,17209.488223094206,75.5715775,63.42579458585858,8.728963772651948,0.5604205043825679,62,64,,True,True,,200,59.56268577710819
106,2026-09-21T07:58:43.926+00:00,2026-09-21T08:01:39.005+00:00,2026-09-21T08:01:39.799+00:00,True,13,13.0,,13.0,175079.562075,175873.04277899998,175873.042827,13528.695602076923,57.428793,175079.562075,48539.99485553734,70077.7439304,66.123392,7.031741411707966,0.0739169562008184,62,64,,True,True,,46,59.56268577710819
107,2026-09-21T07:58:44.312+00:00,2026-09-21T08:01:40.708+00:00,2026-09-21T08:01:44.625+00:00,True,64,64.0,,64.0,176395.116037,180312.743429,180312.743389,2817.386615453125,44.516033,176395.116037,22041.6183959925,76.53282300000001,62.18456177777777,9.373591197906203,0.35493886223965454,62,64,,True,True,,133,59.56268577710819
108,2026-09-21T07:58:44.719+00:00,2026-09-21T08:01:42.960+00:00,2026-09-21T08:01:48.568+00:00,True,90,90.0,,90.0,178240.63546599998,183848.94036199996,183848.94018999996,2042.7660021111108,42.319742,178240.63546599998,18781.572686432417,77.0899649,63.01466175280899,9.467060995563857,0.48953232921978945,62,64,,True,True,,804,59.56268577710819
109,2026-09-21T07:58:44.996+00:00,2026-09-21T08:01:44.238+00:00,2026-09-21T08:01:45.672+00:00,True,24,24.0,,24.0,179242.341247,180676.126079,180676.125974,7528.171915583333,43.295802,179242.341247,36574.96608453449,77.89407444999999,62.33847095652174,9.47648614607858,0.13283437342189905,62,64,,True,True,,120,59.56268577710819
110,2026-09-21T07:58:45.408+00:00,2026-09-21T08:01:46.221+00:00,2026-09-21T08:01:47.956+00:00,True,28,28.0,,28.0,180812.812191,182547.984031,182547.984004,6519.570857285715,48.922263,180812.812191,34158.26547618522,80.30701914999999,64.2656237037037,7.993922474114247,0.1533843287759622,62,64,,True,True,,90,59.56268577710819
111,2026-09-21T07:58:45.804+00:00,2026-09-21T08:01:48.350+00:00,2026-09-21T08:01:50.507+00:00,True,36,36.0,,36.0,182546.100195,184702.696931,184702.69693200002,5130.6304703333335,48.878493,182546.100195,30414.081685422727,78.29258150000001,61.6170496,8.527045235212775,0.1949078199624158,62,64,,True,True,,379,59.56268577710819
112,2026-09-21T07:58:46.107+00:00,2026-09-21T08:01:50.044+00:00,2026-09-21T08:01:54.622+00:00,True,72,72.0,,72.0,183937.251116,188514.665004,188514.664873,2618.259234347222,41.061773,183937.251116,21669.617279416045,78.46415840000002,64.47061814084506,10.022050692314316,0.3819331509220901,62,64,,True,True,,217,59.56268577710819
113,2026-09-21T07:58:46.431+00:00,2026-09-21T08:01:51.465+00:00,2026-09-21T08:01:55.142+00:00,True,59,59.0,,59.0,185034.575098,188711.169786,188711.169707,3198.4944018135593,44.866521,185034.575098,24081.199009751235,79.0663269,63.3895635862069,9.397453376648151,0.31264710015261143,62,64,,True,True,,236,59.56268577710819
114,2026-09-21T07:58:46.930+00:00,2026-09-21T08:01:53.845+00:00,2026-09-21T08:01:55.460+00:00,True,26,26.0,,26.0,186914.431855,188529.387119,188529.387072,7251.130272,45.979172,186914.431855,36644.26825071512,77.4587165,64.59821056,8.844981686903438,0.13790953440902434,62,64,,True,True,,26,59.56268577710819
115,2026-09-21T07:58:47.269+00:00,2026-09-21T08:01:55.666+00:00,2026-09-21T08:01:58.222+00:00,True,42,42.0,,42.0,188396.83733,190952.860114,190952.85989700002,4546.496664214286,44.073933,188396.83733,29060.64500969018,77.43155595000002,62.342019121951225,9.354878794017313,0.21994957276327648,62,64,,True,True,,182,59.56268577710819
116,2026-09-21T07:58:47.682+00:00,2026-09-21T08:01:57.971+00:00,2026-09-21T08:02:03.747+00:00,True,93,93.0,,93.0,190288.86932,196064.658376,196064.658462,2108.222134,40.779092,190288.86932,19725.528721485305,77.2336806,62.780315826086955,9.333369642256713,0.47433331825489256,62,64,,True,True,,906,59.56268577710819
117,2026-09-21T07:58:47.970+00:00,2026-09-21T08:01:59.222+00:00,2026-09-21T08:02:04.496+00:00,True,86,86.0,,86.0,191251.76550799998,196526.46451599998,196526.46455299997,2285.1914482906973,42.714932,191251.76550799998,20616.518634151766,76.714664,62.05528244705883,9.07220788948452,0.43760009732937727,62,64,,True,True,,516,59.56268577710819
118,2026-09-21T07:58:48.368+00:00,2026-09-21T08:02:01.648+00:00,2026-09-21T08:02:03.306+00:00,True,28,28.0,,28.0,193279.964798,194937.639806,194937.639807,6962.058564535714,44.876073,193279.964798,36514.87837867404,75.826306,61.395370666666665,8.6827479491328,0.14363567768577337,62,64,,True,True,,70,59.56268577710819
119,2026-09-21T07:58:48.766+00:00,2026-09-21T08:02:03.864+00:00,2026-09-21T08:02:09.441+00:00,True,89,89.0,,89.0,195097.845306,200674.449722,200674.449657,2254.769097269663,45.007512000000006,195097.845306,20673.614659466366,76.85055200000001,63.370504727272724,8.376337198437684,0.4435043929274216,62,64,,True,True,,534,59.56268577710819
120,2026-09-21T07:58:49.082+00:00,2026-09-21T08:02:05.401+00:00,2026-09-21T08:02:07.759+00:00,True,39,39.0,,39.0,196318.660687,198677.154639,198677.15473399998,5094.286018820513,47.832573,196318.660687,31426.207259933468,75.4952751,62.06563031578948,8.121591531254325,0.19629836188697042,62,64,,True,True,,156,59.56268577710819
121,2026-09-21T07:58:49.393+00:00,2026-09-21T08:02:07.231+00:00,2026-09-21T08:02:07.762+00:00,True,9,9.0,,9.0,197838.589132,198368.963788,198368.96374099999,22040.995971222223,54.765673,197838.589132,65924.09785396606,118733.51632480002,66.296832,7.94271515105379,0.04537000056933523,62,64,,True,True,,54,59.56268577710819
122,2026-09-21T07:58:49.775+00:00,2026-09-21T08:02:09.128+00:00,2026-09-21T08:02:11.096+00:00,True,33,33.0,,33.0,199353.250636,201321.527116,201321.52711300002,6100.652336757576,48.415282,199353.250636,34692.24022676339,76.38288800000001,61.50864,8.155980871580537,0.16391689688001243,62,64,,True,True,,284,59.56268577710819
123,2026-09-21T07:58:50.073+00:00,2026-09-21T08:02:10.919+00:00,2026-09-21T08:02:11.430+00:00,True,9,9.0,,9.0,200845.634002,201356.939986,201356.94004000002,22372.993337777778,41.687003,200845.634002,66927.24093773894,120536.7476588,63.913248,10.263915425044715,0.0446967459906063,62,64,,True,True,,9,59.56268577710819
124,2026-09-21T07:58:50.521+00:00,2026-09-21T08:02:13.467+00:00,2026-09-21T08:02:18.487+00:00,True,80,80.0,,80.0,202946.149913,207966.187289,207966.187404,2599.57734255,44.113631,202946.149913,22682.96694223679,78.52658805000002,63.544776911392404,9.859286103684049,0.3846779182849954,62,64,,True,True,,160,59.56268577710819
125,2026-09-21T07:58:51.005+00:00,2026-09-21T08:02:16.269+00:00,2026-09-21T08:02:17.652+00:00,True,23,23.0,,23.0,205264.006555,206646.985627,206646.98572,8984.651553043479,49.066472000000005,205264.006555,42787.39731788781,78.22301900000001,62.862685090909096,9.660013710608286,0.1113009218606036,62,64,,True,True,,115,59.56268577710819
126,2026-09-21T07:58:51.347+00:00,2026-09-21T08:02:18.060+00:00,2026-09-21T08:02:23.717+00:00,True,91,91.0,,91.0,206712.786506,212369.84993,212369.850094,2333.7346164175824,42.045872,206712.786506,21662.80116456556,78.84291499999999,62.856260266666666,10.095217356630922,0.42849773651954287,62,64,,True,True,,92,59.56268577710819
127,2026-09-21T07:58:51.789+00:00,2026-09-21T08:02:20.298+00:00,2026-09-21T08:02:23.436+00:00,True,51,51.0,,51.0,208509.582881,211647.544609,211647.544631,4149.951855509804,44.121182999999995,208509.582881,29188.395265803916,77.949389,62.75923456,10.041682708069192,0.24096665092060465,62,64,,True,True,,52,59.56268577710819
128,2026-09-21T07:58:52.094+00:00,2026-09-21T08:02:21.999+00:00,2026-09-21T08:02:24.605+00:00,True,44,44.0,,44.0,209904.83321200003,212511.14566000004,212511.14564200002,4829.79876459091,41.229442000000006,209904.83321200003,31635.208427477755,77.1494888,60.61191739534884,10.708338803095014,0.20704796382960686,62,64,,True,True,,242,59.56268577710819
129,2026-09-21T07:58:52.508+00:00,2026-09-21T08:02:24.070+00:00,2026-09-21T08:02:25.549+00:00,True,25,25.0,,25.0,211562.490741,213041.29752499997,213041.297581,8521.65190324,43.660472,211562.490741,42300.176241733985,80.5670502,61.61694933333334,11.445264451904832,0.1173481399636439,62,64,,True,True,,100,59.56268577710819
131,2026-09-21T07:58:53.641+00:00,2026-09-21T08:02:26.108+00:00,2026-09-21T08:02:30.174+00:00,True,67,67.0,,67.0,212467.212813,216532.629005,216532.628997,3231.8302835373133,42.577751,212467.212813,25949.47751901072,77.2505963,61.59721503030303,8.840951338803379,0.3094221887383674,62,64,,True,True,,358,59.56268577710819
130,2026-09-21T07:58:53.626+00:00,2026-09-21T08:02:26.307+00:00,2026-09-21T08:02:28.030+00:00,True,30,30.0,,30.0,212681.576986,214404.337434,214404.337524,7146.8112508,42.232212,212681.576986,38819.32061408427,73.77094095000001,59.40553268965517,7.874247152834073,0.13992254242167507,62,64,,True,True,,230,59.56268577710819
132,2026-09-21T07:58:53.688+00:00,2026-09-21T08:02:29.298+00:00,2026-09-21T08:02:33.616+00:00,True,69,69.0,,69.0,215609.508532,219927.2501,219927.250063,3187.351450188406,41.139823,215609.508532,25948.6923783825,77.9786106,63.49619952941176,9.749013062959355,0.3137401116443096,62,64,,True,True,,138,59.56268577710819
133,2026-09-21T07:58:54.069+00:00,2026-09-21T08:02:32.471+00:00,2026-09-21T08:02:35.554+00:00,True,49,49.0,,49.0,218402.690484,221485.202612,221485.20246099998,4520.106172673469,46.603602,218402.690484,31191.211574771274,78.0054232,64.21900266666667,9.317584324326871,0.221233741225768,62,64,,True,True,,248,59.56268577710819
134,2026-09-21T07:58:54.357+00:00,2026-09-21T08:02:33.890+00:00,2026-09-21T08:02:35.475+00:00,True,26,26.0,,26.0,219532.959233,221118.058497,221118.058379,8504.540706884616,41.311362,219532.959233,43041.52251673548,81.43175875,63.403970560000005,11.816845254966875,0.11758424516174355,62,64,,True,True,,26,59.56268577710819
135,2026-09-21T07:58:54.684+00:00,2026-09-21T08:02:35.822+00:00,2026-09-21T08:02:40.110+00:00,True,69,69.0,,69.0,221137.70124700002,225425.61625500003,225425.616157,3267.037915318841,43.282531000000006,221137.70124700002,26614.261597931352,77.32059140000001,63.057573647058824,10.45542881527212,0.30608766273460086,62,64,,True,True,,184,59.56268577710819
136,2026-09-21T07:58:55.135+00:00,2026-09-21T08:02:37.702+00:00,2026-09-21T08:02:39.061+00:00,True,23,23.0,,23.0,222567.44472600002,223926.40255000003,223926.402585,9735.930547173914,48.031962,222567.44472600002,46395.64108451046,73.89226000000001,61.77081018181818,9.164086381557976,0.10271231859255356,62,64,,True,True,,135,59.56268577710819
137,2026-09-21T07:58:55.629+00:00,2026-09-21T08:02:40.003+00:00,2026-09-21T08:02:44.542+00:00,True,72,72.0,,72.0,224373.21217500002,228912.69454300002,228912.694584,3179.342980333334,43.327481,224373.21217500002,26435.103928875913,80.51650355,63.936371380281685,11.012808188009963,0.3145303939728654,62,64,,True,True,,144,59.56268577710819
138,2026-09-21T07:58:55.941+00:00,2026-09-21T08:02:41.846+00:00,2026-09-21T08:02:46.751+00:00,True,78,78.0,,78.0,225904.634928,230809.547568,230809.54739000002,2959.0967614102565,43.863021,225904.634928,25571.45242765277,79.211003,63.700164155844156,10.299163715768863,0.3379409596434481,62,64,,True,True,,156,59.56268577710819
139,2026-09-21T07:58:56.276+00:00,2026-09-21T08:02:43.581+00:00,2026-09-21T08:02:46.158+00:00,True,42,42.0,,42.0,227305.209794,229882.658754,229882.658854,5473.396639380952,43.904331,227305.209794,35064.25659485649,77.21510755,62.864608780487806,10.313996358890776,0.18270190638844433,62,64,,True,True,,210,59.56268577710819
140,2026-09-21T07:58:56.591+00:00,2026-09-21T08:02:45.333+00:00,2026-09-21T08:02:45.465+00:00,True,3,3.0,,3.0,228742.261922,228874.345122,228874.345137,76291.44837900001,53.239752,228742.261922,132026.2779765052,205875.9200761,66.0416,18.104829907751355,0.013107628984807666,62,64,,True,True,,8,59.56268577710819
141,2026-09-21T07:58:57.030+00:00,2026-09-21T08:02:47.393+00:00,2026-09-21T08:02:48.148+00:00,True,13,13.0,,13.0,230363.398029,231118.573709,231118.573695,17778.351822692308,51.928632,230363.398029,63873.85749061603,92191.2468348,62.931306666666664,7.914517953430936,0.056248183741252324,62,64,,True,True,,42,59.56268577710819
142,2026-09-21T07:58:57.337+00:00,2026-09-21T08:02:48.952+00:00,2026-09-21T08:02:50.195+00:00,True,21,21.0,,21.0,231615.355622,232858.74711,232858.747075,11088.51176547619,42.824481,231615.355622,50529.048843159806,78.355683,62.1695744,10.847103465944885,0.09018342776739163,62,64,,True,True,,83,59.56268577710819
143,2026-09-21T07:58:57.834+00:00,2026-09-21T08:02:51.721+00:00,2026-09-21T08:02:55.218+00:00,True,56,56.0,,56.0,233886.588867,237384.346307,237384.346479,4239.006187125,41.859901,233886.588867,31245.913220455965,77.05584724999999,63.59558981818182,9.558356660066341,0.23590435035500348,62,64,,True,True,,429,59.56268577710819
144,2026-09-21T07:58:58.129+00:00,2026-09-21T08:02:53.369+00:00,2026-09-21T08:02:58.384+00:00,True,81,81.0,,81.0,235240.172084,240255.57585999998,240255.576,2966.118222222222,43.607082999999996,235240.172084,26130.83270037833,76.669363,62.6925472,9.318955586163117,0.3371409787683751,62,64,,True,True,,347,59.56268577710819
145,2026-09-21T07:58:58.410+00:00,2026-09-21T08:02:54.971+00:00,2026-09-21T08:02:57.508+00:00,True,42,42.0,,42.0,236561.16347099998,239097.83393499997,239097.83397999997,5692.805570952381,46.415622000000006,236561.16347099998,36492.63436018195,78.10461845,61.87001131707317,9.136587148475778,0.17566031155019968,62,64,,True,True,,378,59.56268577710819
146,2026-09-21T07:58:58.751+00:00,2026-09-21T08:02:56.449+00:00,2026-09-21T08:03:00.954+00:00,True,72,72.0,,72.0,237698.861317,242203.430149,242203.430135,3363.9365296527776,46.039412,237698.861317,28005.603845813945,78.48786254999999,63.44463143661972,8.963992286832642,0.29727076926906715,62,64,,True,True,,72,59.56268577710819
147,2026-09-21T07:58:59.088+00:00,2026-09-21T08:02:58.454+00:00,2026-09-21T08:03:02.824+00:00,True,71,71.0,,71.0,239366.29197299998,243735.893765,243735.893755,3432.899912042253,43.913281000000005,239366.29197299998,28400.145868780557,78.504367,62.42288274285714,9.636837982065293,0.29129890925484797,62,64,,True,True,,71,59.56268577710819
148,2026-09-21T07:58:59.454+00:00,2026-09-21T08:03:00.231+00:00,2026-09-21T08:03:06.071+00:00,True,92,92.0,,92.0,240777.368437,246617.126261,246617.126141,2680.6209363152175,43.649552,240777.368437,25096.08722512944,78.33405645,64.1731629010989,9.533233308316998,0.3730478957192717,62,64,,True,True,,92,59.56268577710819
149,2026-09-21T07:58:59.811+00:00,2026-09-21T08:03:02.213+00:00,2026-09-21T08:03:08.079+00:00,True,91,91.0,,91.0,242402.15924900002,248267.88929700002,248267.88948500002,2728.218565769231,45.280631,242402.15924900002,25403.820261387813,78.98194799999999,65.17477831111111,9.184550214199534,0.366539548298724,62,64,,True,True,,181,59.56268577710819
150,2026-09-21T07:59:00.173+00:00,2026-09-21T08:03:04.049+00:00,2026-09-21T08:03:06.918+00:00,True,45,45.0,,45.0,243876.031715,246744.770787,246744.77083599998,5483.217129688888,47.881510999999996,243876.031715,36345.17416787811,79.08698899999999,65.19861527272727,8.923614275028076,0.18237468561733294,62,64,,True,True,,135,59.56268577710819
151,2026-09-21T07:59:00.555+00:00,2026-09-21T08:03:05.996+00:00,2026-09-21T08:03:07.412+00:00,True,23,23.0,,23.0,245440.66666400002,246857.54116000002,246857.54116300002,10732.936572304348,41.615612,245440.66666400002,51164.48855707009,77.102163,64.40338618181818,9.23877695326832,0.09317114596508362,62,64,,True,True,,23,59.56268577710819
152,2026-09-21T07:59:00.888+00:00,2026-09-21T08:03:07.879+00:00,2026-09-21T08:03:10.756+00:00,True,46,46.0,,46.0,246990.941506,249867.836994,249867.837157,5431.909503413043,45.711192000000004,246990.941506,36407.40267919423,79.293883,63.931010844444444,9.55055311939837,0.18409732342264035,62,64,,True,True,,94,59.56268577710819
153,2026-09-21T07:59:01.328+00:00,2026-09-21T08:03:09.038+00:00,2026-09-21T08:03:09.788+00:00,True,13,13.0,,13.0,247710.113611,248459.463499,248459.46344700002,19112.266419,44.837421,247710.113611,68685.10577508871,99130.15388560001,62.445824,11.056902062675537,0.05232241838134824,62,64,,True,True,,59,59.56268577710819
154,2026-09-21T07:59:01.681+00:00,2026-09-21T08:03:10.877+00:00,2026-09-21T08:03:16.135+00:00,True,84,84.0,,84.0,249195.747699,254454.087283,254454.087253,3029.2153244404763,41.271041,249195.747699,27182.574715791707,79.288824,63.353488963855426,10.461279483277425,0.3301184936619881,62,64,,True,True,,89,59.56268577710819
155,2026-09-21T07:59:02.096+00:00,2026-09-21T08:03:13.514+00:00,2026-09-21T08:03:14.884+00:00,True,22,22.0,,22.0,251417.553148,252787.989756,252787.98960600002,11490.36316390909,41.203682,251417.553148,53588.49009929157,78.42509205,65.2588860952381,10.083472310491748,0.08702945112714883,62,64,,True,True,,132,59.56268577710819
156,2026-09-21T07:59:02.580+00:00,2026-09-21T08:03:16.330+00:00,2026-09-21T08:03:17.406+00:00,True,19,19.0,,19.0,253750.190266,254826.58937,254826.589564,13411.925766526316,47.335252,253750.190266,58200.56757881243,25442.7406984,59.79995022222222,7.936629760380629,0.07456050817527762,62,64,,True,True,,68,59.56268577710819
157,2026-09-21T07:59:03.011+00:00,2026-09-21T08:03:18.940+00:00,2026-09-21T08:03:23.546+00:00,True,73,73.0,,73.0,255929.048553,260535.014377,260535.014395,3568.972799931507,42.798231,255929.048553,29946.7441191416,79.161233,63.97174755555555,11.028237262035727,0.2801926649842441,62,64,,True,True,,291,59.56268577710819
158,2026-09-21T07:59:03.393+00:00,2026-09-21T08:03:21.119+00:00,2026-09-21T08:03:27.347+00:00,True,100,100.0,,100.0,257725.96787,263953.497854,263953.497969,2639.53497969,43.405192,257725.96787,25766.308229170743,77.4342945,62.904343272727274,9.88400637032853,0.3788546119412017,62,64,,True,True,,445,59.56268577710819
159,2026-09-21T07:59:03.848+00:00,2026-09-21T08:03:23.232+00:00,2026-09-21T08:03:26.814+00:00,True,58,58.0,,58.0,259384.389528,262966.57372,262966.573523,4533.9064400517245,40.848711,259384.389528,34050.588251638444,76.54225265000001,62.845336701754384,9.564622699588883,0.22056035175693814,62,64,,True,True,,174,59.56268577710819
160,2026-09-21T07:59:04.239+00:00,2026-09-21T08:03:25.809+00:00,2026-09-21T08:03:27.943+00:00,True,35,35.0,,35.0,261569.649937,263703.336721,263703.336682,7534.381048057143,42.089132,261569.649937,44202.73411233186,79.313468,62.75549364705882,10.525134714331122,0.13272490380745636,62,64,,True,True,,151,59.56268577710819
161,2026-09-21T07:59:04.686+00:00,2026-09-21T08:03:27.798+00:00,2026-09-21T08:03:27.873+00:00,True,2,2.0,,2.0,263111.83248,263186.583712,263186.58360199997,131593.29180099998,74.75112200000001,263111.83248,185995.30393175938,249959.9784121,74.751232,nan,0.007599171552713193,62,64,,True,True,,8,59.56268577710819
162,2026-09-21T07:59:05.589+00:00,2026-09-21T08:03:29.720+00:00,2026-09-21T08:03:31.307+00:00,True,26,26.0,,26.0,264131.092524,265717.67914799997,265717.678975,10219.91072980769,47.906841,264131.092524,51787.92349927599,77.22394675000001,63.46346496,8.513335212989503,0.09784821274732898,62,64,,True,True,,188,59.56268577710819
163,2026-09-21T07:59:05.732+00:00,2026-09-21T08:03:33.739+00:00,2026-09-21T08:03:39.780+00:00,True,96,96.0,,96.0,268006.70922099997,274047.43856499996,274047.43852799997,2854.660818,43.089771,268006.70922099997,27346.83188635819,76.62537875,63.58662467368421,8.955534524257017,0.35030431410958157,62,64,,True,True,,882,59.56268577710819
164,2026-09-21T07:59:06.002+00:00,2026-09-21T08:03:34.758+00:00,2026-09-21T08:03:37.236+00:00,True,40,40.0,,40.0,268756.193663,271234.475647,271234.475756,6780.861893900001,44.95150099999999,268756.193663,42484.03878068361,76.54333950000002,63.545691897435894,8.733170427858795,0.14747387810706733,62,64,,True,True,,80,59.56268577710819
165,2026-09-21T07:59:06.391+00:00,2026-09-21T08:03:36.841+00:00,2026-09-21T08:03:39.087+00:00,True,36,36.0,,36.0,270450.238357,272695.364757,272695.364814,7574.871244833334,48.218241,270450.238357,45064.34956950167,79.53497675,64.14646857142857,9.24743557684942,0.1320154452646445,62,64,,True,True,,359,59.56268577710819
166,2026-09-21T07:59:06.839+00:00,2026-09-21T08:03:39.010+00:00,2026-09-21T08:03:41.234+00:00,True,35,35.0,,35.0,272171.134466,274395.303682,274395.30358300003,7839.865816657143,43.506771,272171.134466,45994.262247216764,85.35064429999998,65.41674164705883,10.808313316968121,0.12755320346357646,62,64,,True,True,,140,59.56268577710819
167,2026-09-21T07:59:07.219+00:00,2026-09-21T08:03:41.235+00:00,2026-09-21T08:03:43.559+00:00,True,37,37.0,,37.0,274015.94473299995,276340.178461,276340.1783019999,7468.653467621621,40.340131,274015.94473299995,45037.33097894172,78.4244152,64.562048,10.067178726705341,0.1338929438565946,62,64,,True,True,,216,59.56268577710819
168,2026-09-21T07:59:07.655+00:00,2026-09-21T08:03:43.322+00:00,2026-09-21T08:03:46.055+00:00,True,44,44.0,,44.0,275666.691482,278400.056986,278400.056949,6327.2740215681815,44.505500999999995,275666.691482,41548.735430085544,77.98423615,63.56663962790698,9.49375318540398,0.15804594466089728,62,64,,True,True,,176,59.56268577710819
169,2026-09-21T07:59:07.956+00:00,2026-09-21T08:03:45.153+00:00,2026-09-21T08:03:47.442+00:00,True,38,38.0,,38.0,277196.045819,279485.860859,279485.860837,7354.891074657895,42.563461000000004,277196.045819,44957.09824170099,78.77195485,61.88689297297297,10.249332832860201,0.13596394423391212,62,64,,True,True,,228,59.56268577710819
170,2026-09-21T07:59:08.355+00:00,2026-09-21T08:03:47.040+00:00,2026-09-21T08:03:48.550+00:00,True,25,25.0,,25.0,278685.371518,280195.697278,280195.69728900003,11207.82789156,40.621841,278685.371518,55724.48889089041,77.070293,62.93024,8.596066849165036,0.08922335440146287,62,64,,True,True,,110,59.56268577710819
171,2026-09-21T07:59:08.851+00:00,2026-09-21T08:03:49.751+00:00,2026-09-21T08:03:51.695+00:00,True,31,31.0,,31.0,280899.476162,282843.49792199995,282843.497943,9123.983804612903,51.813581,280899.476162,50439.397217280755,78.91577149999999,64.80072533333333,7.3382270844534485,0.10960124672389997,62,64,,True,True,,125,59.56268577710819
172,2026-09-21T07:59:09.321+00:00,2026-09-21T08:03:52.064+00:00,2026-09-21T08:03:54.015+00:00,True,31,31.0,,31.0,282743.196132,284694.08586,284694.08587300003,9183.680189451614,48.413571000000005,282743.196132,50770.498468474674,79.805987,65.02965760000001,10.262032835370803,0.10888880921553262,62,64,,True,True,,62,59.56268577710819
173,2026-09-21T07:59:09.795+00:00,2026-09-21T08:03:54.290+00:00,2026-09-21T08:04:00.398+00:00,True,98,98.0,,98.0,284495.07558,290602.322172,290602.322157,2965.3298179285716,42.464741000000004,284495.07558,28731.983972529324,77.2255005,62.96130507216495,9.55918932578669,0.3372306155970644,62,64,,True,True,,98,59.56268577710819
175,2026-09-21T07:59:10.571+00:00,2026-09-21T08:03:56.224+00:00,2026-09-21T08:03:57.386+00:00,True,20,20.0,,20.0,285653.672079,286814.907791,286814.907694,14340.7453847,47.659691,285653.672079,63860.43720717701,14356.89878385,61.11766905263158,9.384079909229612,0.06973138235399486,62,64,,True,True,,40,59.56268577710819
176,2026-09-21T07:59:10.953+00:00,2026-09-21T08:03:58.404+00:00,2026-09-21T08:04:03.680+00:00,True,82,82.0,,82.0,287450.692626,292726.797586,292726.79759599996,3569.8389950731703,42.164351,287450.692626,31736.42672997261,77.598245,65.13709827160494,9.002904940148616,0.280124678287813,62,64,,True,True,,325,59.56268577710819
174,2026-09-21T07:59:10.278+00:00,2026-09-21T08:04:02.011+00:00,2026-09-21T08:04:07.136+00:00,True,83,83.0,,83.0,291733.533791,296858.850655,296858.85049800004,3576.61265660241,46.260151,291733.533791,32015.056015884045,75.61892599999999,62.50386419512195,9.020587416527452,0.27959415667367105,62,64,,True,True,,283,59.56268577710819
177,2026-09-21T07:59:11.374+00:00,2026-09-21T08:04:02.506+00:00,2026-09-21T08:04:04.614+00:00,True,34,34.0,,34.0,291131.412078,293239.710318,293239.71013200004,8624.69735682353,44.133831,291131.412078,49917.669484732985,76.8664925,63.88782545454546,9.591277868227039,0.11594609735198941,62,64,,True,True,,67,59.56268577710819
178,2026-09-21T07:59:11.742+00:00,2026-09-21T08:04:04.430+00:00,2026-09-21T08:04:06.804+00:00,True,40,40.0,,40.0,292688.00778,295062.20681999996,295062.20677,7376.555169249999,41.955241,292688.00778,46268.41322083436,80.09499995,60.87689846153847,11.039995836297331,0.13556463374654293,62,64,,True,True,,120,59.56268577710819
179,2026-09-21T07:59:12.090+00:00,2026-09-21T08:04:06.438+00:00,2026-09-21T08:04:07.372+00:00,True,16,16.0,,16.0,294348.18757999997,295282.37996399996,295282.37996899994,18455.148748062496,44.745631,294348.18757999997,73571.47747283967,73644.0534965,62.279492266666665,8.432072226925067,0.054185420755382276,62,64,,True,True,,32,59.56268577710819
180,2026-09-21T07:59:12.447+00:00,2026-09-21T08:04:08.351+00:00,2026-09-21T08:04:09.224+00:00,True,15,15.0,,15.0,295903.82731900003,296776.754039,296776.75393700006,19785.116929133335,51.644901,295903.82731900003,76385.9409258942,88825.21723240001,62.351908571428574,8.429349194652746,0.050543042188637255,62,64,,True,True,,50,59.56268577710819
181,2026-09-21T07:59:12.885+00:00,2026-09-21T08:04:10.757+00:00,2026-09-21T08:04:12.893+00:00,False,37,36.0,,36.0,297872.083241,300008.07607300003,300008.076026,8108.3263790810815,0.03083,297872.083241,48960.11644850221,75.902514,59.33313422222222,13.92095545363183,0.11999676965776158,62,64,,True,False,Request timeout: 300.0s exceeded,39,59.56268577710819
182,2026-09-21T07:59:13.214+00:00,2026-09-21T08:04:12.705+00:00,2026-09-21T08:04:13.257+00:00,False,11,10.0,,10.0,299490.971153,300043.499281,300043.499285,27276.68175318182,0.02788,299490.971153,90283.26828270487,149784.74345200002,55.252812799999994,21.15886165192782,0.03332850078059746,62,64,,True,False,Request timeout: 300.0s exceeded,97,59.56268577710819
183,2026-09-21T07:59:13.692+00:00,2026-09-21T08:04:13.797+00:00,2026-09-21T08:04:13.797+00:00,False,1,0.0,,0.0,300105.429854,300105.429854,300105.429854,300105.429854,300105.429854,300105.429854,nan,300105.429854,nan,nan,0.0,62,64,,True,False,"HTTPConnectionPool(host='gpu06', port=9004): Read timed out.",0,59.56268577710819
184,2026-09-21T07:59:14.019+00:00,2026-09-21T08:04:14.124+00:00,2026-09-21T08:04:14.124+00:00,False,1,0.0,,0.0,300104.730042,300104.730042,300104.730042,300104.730042,300104.730042,300104.730042,nan,300104.730042,nan,nan,0.0,62,64,,True,False,"HTTPConnectionPool(host='gpu06', port=9004): Read timed out.",0,59.56268577710819
185,2026-09-21T07:59:14.436+00:00,2026-09-21T08:04:14.546+00:00,2026-09-21T08:04:14.546+00:00,False,1,0.0,,0.0,300110.025723,300110.025723,300110.025723,300110.025723,300110.025723,300110.025723,nan,300110.025723,nan,nan,0.0,62,64,,True,False,"HTTPConnectionPool(host='gpu06', port=9004): Read timed out.",0,59.56268577710819
186,2026-09-21T07:59:14.856+00:00,2026-09-21T08:04:14.955+00:00,2026-09-21T08:04:14.955+00:00,False,1,0.0,,0.0,300099.294575,300099.294575,300099.294575,300099.294575,300099.294575,300099.294575,nan,300099.294575,nan,nan,0.0,62,64,,True,False,TTFT timeout: 300.0s exceeded (TTFT: 300.095s),0,59.56268577710819
187,2026-09-21T07:59:15.283+00:00,2026-09-21T08:04:15.351+00:00,2026-09-21T08:04:15.351+00:00,False,1,0.0,,0.0,300067.80996600003,300067.80996600003,300067.80996600003,300067.80996600003,300067.80996600003,300067.80996600003,nan,300067.80996600003,nan,nan,0.0,62,64,,True,False,"HTTPConnectionPool(host='gpu06', port=9004): Read timed out.",0,59.56268577710819
188,2026-09-21T07:59:15.687+00:00,2026-09-21T08:04:15.647+00:00,2026-09-21T08:04:15.805+00:00,False,3,2.0,,2.0,299960.569046,300118.045654,300118.04565000004,100039.34855000001,0.02526,299960.569046,173136.87359774252,269980.25727580005,78.738304,111.31693556653094,0.006664044461710774,62,64,,True,False,Request timeout: 300.0s exceeded,5,59.56268577710819
189,2026-09-21T07:59:16.024+00:00,2026-09-21T08:04:16.129+00:00,2026-09-21T08:04:16.129+00:00,False,1,0.0,,0.0,300104.875198,300104.875198,300104.875198,300104.875198,300104.875198,300104.875198,nan,300104.875198,nan,nan,0.0,62,64,,True,False,"HTTPConnectionPool(host='gpu06', port=9004): Read timed out.",0,59.56268577710819
190,2026-09-21T07:59:16.506+00:00,2026-09-21T08:04:16.528+00:00,2026-09-21T08:04:16.528+00:00,False,1,0.0,,0.0,300021.585403,300021.585403,300021.585403,300021.585403,300021.585403,300021.585403,nan,300021.585403,nan,nan,0.0,62,64,,True,False,"HTTPConnectionPool(host='gpu06', port=9004): Read timed out.",0,59.56268577710819
191,2026-09-21T07:59:16.872+00:00,2026-09-21T08:04:16.975+00:00,2026-09-21T08:04:16.975+00:00,False,1,0.0,,0.0,300103.07683,300103.07683,300103.07683,300103.07683,300103.07683,300103.07683,nan,300103.07683,nan,nan,0.0,62,64,,True,False,"HTTPConnectionPool(host='gpu06', port=9004): Read timed out.",0,59.56268577710819
192,2026-09-21T07:59:17.173+00:00,2026-09-21T08:04:17.278+00:00,2026-09-21T08:04:17.278+00:00,False,1,0.0,,0.0,300105.34976099996,300105.34976099996,300105.34976099996,300105.34976099996,300105.34976099996,300105.34976099996,nan,300105.34976099996,nan,nan,0.0,62,64,,True,False,"HTTPConnectionPool(host='gpu06', port=9004): Read timed out.",0,59.56268577710819
193,2026-09-21T07:59:17.469+00:00,2026-09-21T08:04:17.547+00:00,2026-09-21T08:04:17.547+00:00,False,1,0.0,,0.0,300078.834589,300078.834589,300078.834589,300078.834589,300078.834589,300078.834589,nan,300078.834589,nan,nan,0.0,62,64,,True,False,TTFT timeout: 300.0s exceeded (TTFT: 300.074s),0,59.56268577710819
194,2026-09-21T07:59:17.863+00:00,2026-09-21T08:04:17.917+00:00,2026-09-21T08:04:17.917+00:00,False,1,0.0,,0.0,300053.570193,300053.570193,300053.570193,300053.570193,300053.570193,300053.570193,nan,300053.570193,nan,nan,0.0,62,64,,True,False,TTFT timeout: 300.0s exceeded (TTFT: 300.048s),0,59.56268577710819
195,2026-09-21T07:59:19.408+00:00,2026-09-21T08:04:18.999+00:00,2026-09-21T08:04:19.737+00:00,False,13,12.0,,12.0,299590.89427999995,300328.41594399995,300328.41606499994,23102.18585115384,0.05849,299590.89427999995,83074.52285827958,119902.86455719998,61.460138666666666,29.845379028070113,0.03995625909150585,62,64,,True,False,Request timeout: 300.0s exceeded,24,59.56268577710819
196,2026-09-21T07:59:19.706+00:00,2026-09-21T08:04:19.355+00:00,2026-09-21T08:04:20.032+00:00,False,14,13.0,,13.0,299648.662301,300326.56873299996,300326.56878499995,21451.89777035714,0.03228,299648.662301,80070.53909948097,104927.09718565,52.14664861538461,19.77756879852202,0.04328621358690852,62,64,,True,False,Request timeout: 300.0s exceeded,78,59.56268577710819
198,2026-09-21T07:59:19.844+00:00,2026-09-21T08:04:20.040+00:00,2026-09-21T08:04:20.040+00:00,False,1,0.0,,0.0,300196.251063,300196.251063,300196.251063,300196.251063,300196.251063,300196.251063,nan,300196.251063,nan,nan,0.0,62,64,,True,False,"HTTPConnectionPool(host='gpu06', port=9004): Read timed out.",0,59.56268577710819
197,2026-09-21T07:59:19.813+00:00,2026-09-21T08:04:20.401+00:00,2026-09-21T08:04:20.401+00:00,False,1,0.0,,0.0,300587.765193,300587.765193,300587.765193,300587.765193,300587.765193,300587.765193,nan,300587.765193,nan,nan,0.0,62,64,,True,False,"HTTPConnectionPool(host='gpu06', port=9004): Read timed out.",0,59.56268577710819
199,2026-09-21T07:59:19.970+00:00,2026-09-21T08:04:20.402+00:00,2026-09-21T08:04:20.402+00:00,False,1,0.0,,0.0,300431.87266000005,300431.87266000005,300431.87266000005,300431.87266000005,300431.87266000005,300431.87266000005,nan,300431.87266000005,nan,nan,0.0,62,64,,True,False,"HTTPConnectionPool(host='gpu06', port=9004): Read timed out.",0,59.56268577710819
200,2026-09-21T07:59:20.277+00:00,2026-09-21T08:04:21.524+00:00,2026-09-21T08:04:21.524+00:00,False,1,0.0,,0.0,301247.835657,301247.835657,301247.835657,301247.835657,301247.835657,301247.835657,nan,301247.835657,nan,nan,0.0,62,64,,True,False,"HTTPConnectionPool(host='gpu06', port=9004): Read timed out.",0,59.56268577710819
203,2026-09-21T07:59:21.436+00:00,2026-09-21T08:04:21.525+00:00,2026-09-21T08:04:21.525+00:00,False,1,0.0,,0.0,300088.62444499996,300088.62444499996,300088.62444499996,300088.62444499996,300088.62444499996,300088.62444499996,nan,300088.62444499996,nan,nan,0.0,62,64,,True,False,"HTTPConnectionPool(host='gpu06', port=9004): Read timed out.",0,59.56268577710819
201,2026-09-21T07:59:20.559+00:00,2026-09-21T08:04:21.897+00:00,2026-09-21T08:04:21.897+00:00,False,1,0.0,,0.0,301338.020539,301338.020539,301338.020539,301338.020539,301338.020539,301338.020539,nan,301338.020539,nan,nan,0.0,62,64,,True,False,"HTTPConnectionPool(host='gpu06', port=9004): Read timed out.",0,59.56268577710819
204,2026-09-21T07:59:21.777+00:00,2026-09-21T08:04:21.900+00:00,2026-09-21T08:04:21.900+00:00,False,1,0.0,,0.0,300122.691422,300122.691422,300122.691422,300122.691422,300122.691422,300122.691422,nan,300122.691422,nan,nan,0.0,62,64,,True,False,"HTTPConnectionPool(host='gpu06', port=9004): Read timed out.",0,59.56268577710819
207,2026-09-21T07:59:22.850+00:00,2026-09-21T08:04:23.300+00:00,2026-09-21T08:04:23.300+00:00,False,1,0.0,,0.0,300449.93667699996,300449.93667699996,300449.93667699996,300449.93667699996,300449.93667699996,300449.93667699996,nan,300449.93667699996,nan,nan,0.0,62,64,,True,False,"HTTPConnectionPool(host='gpu06', port=9004): Read timed out.",0,59.56268577710819
205,2026-09-21T07:59:22.258+00:00,2026-09-21T08:04:23.307+00:00,2026-09-21T08:04:23.307+00:00,False,1,0.0,,0.0,301049.474329,301049.474329,301049.474329,301049.474329,301049.474329,301049.474329,nan,301049.474329,nan,nan,0.0,62,64,,True,False,"HTTPConnectionPool(host='gpu06', port=9004): Read timed out.",0,59.56268577710819
206,2026-09-21T07:59:22.536+00:00,2026-09-21T08:04:23.310+00:00,2026-09-21T08:04:23.310+00:00,False,1,0.0,,0.0,300773.615885,300773.615885,300773.615885,300773.615885,300773.615885,300773.615885,nan,300773.615885,nan,nan,0.0,62,64,,True,False,"HTTPConnectionPool(host='gpu06', port=9004): Read timed out.",0,59.56268577710819
202,2026-09-21T07:59:21.023+00:00,2026-09-21T08:04:23.313+00:00,2026-09-21T08:04:23.313+00:00,False,1,0.0,,0.0,302289.71328799997,302289.71328799997,302289.71328799997,302289.71328799997,302289.71328799997,302289.71328799997,nan,302289.71328799997,nan,nan,0.0,62,64,,True,False,"HTTPConnectionPool(host='gpu06', port=9004): Read timed out.",0,59.56268577710819
208,2026-09-21T07:59:23.290+00:00,2026-09-21T08:04:23.367+00:00,2026-09-21T08:04:23.367+00:00,False,1,0.0,,0.0,300076.883759,300076.883759,300076.883759,300076.883759,300076.883759,300076.883759,nan,300076.883759,nan,nan,0.0,62,64,,True,False,"HTTPConnectionPool(host='gpu06', port=9004): Read timed out.",0,59.56268577710819
209,2026-09-21T07:59:23.677+00:00,2026-09-21T08:04:23.783+00:00,2026-09-21T08:04:23.783+00:00,False,1,0.0,,0.0,300105.421094,300105.421094,300105.421094,300105.421094,300105.421094,300105.421094,nan,300105.421094,nan,nan,0.0,62,64,,True,False,"HTTPConnectionPool(host='gpu06', port=9004): Read timed out.",0,59.56268577710819
210,2026-09-21T07:59:24.151+00:00,2026-09-21T08:04:24.165+00:00,2026-09-21T08:04:24.165+00:00,False,1,0.0,,0.0,300014.680611,300014.680611,300014.680611,300014.680611,300014.680611,300014.680611,nan,300014.680611,nan,nan,0.0,62,64,,True,False,"HTTPConnectionPool(host='gpu06', port=9004): Read timed out.",0,59.56268577710819
211,2026-09-21T07:59:24.591+00:00,2026-09-21T08:04:24.693+00:00,2026-09-21T08:04:24.693+00:00,False,1,0.0,,0.0,300101.854613,300101.854613,300101.854613,300101.854613,300101.854613,300101.854613,nan,300101.854613,nan,nan,0.0,62,64,,True,False,"HTTPConnectionPool(host='gpu06', port=9004): Read timed out.",0,59.56268577710819
212,2026-09-21T07:59:24.869+00:00,2026-09-21T08:04:24.971+00:00,2026-09-21T08:04:24.971+00:00,False,1,0.0,,0.0,300101.828185,300101.828185,300101.828185,300101.828185,300101.828185,300101.828185,nan,300101.828185,nan,nan,0.0,62,64,,True,False,"HTTPConnectionPool(host='gpu06', port=9004): Read timed out.",0,59.56268577710819
213,2026-09-21T07:59:25.336+00:00,2026-09-21T08:04:25.327+00:00,2026-09-21T08:04:25.529+00:00,False,3,2.0,,2.0,299990.153911,300193.000119,300193.000205,100064.33340166666,0.037329999999999995,299990.153911,173140.8691176971,270011.41941629996,101.423104,143.38107156866965,0.006662380532547984,62,64,,True,False,Request timeout: 300.0s exceeded,8,59.56268577710819
214,2026-09-21T07:59:25.774+00:00,2026-09-21T08:04:25.788+00:00,2026-09-21T08:04:25.788+00:00,False,1,0.0,,0.0,300014.119902,300014.119902,300014.119902,300014.119902,300014.119902,300014.119902,nan,300014.119902,nan,nan,0.0,62,64,,True,False,TTFT timeout: 300.0s exceeded (TTFT: 300.010s),0,59.56268577710819
215,2026-09-21T07:59:26.166+00:00,2026-09-21T08:04:26.240+00:00,2026-09-21T08:04:26.240+00:00,False,1,0.0,,0.0,300074.637647,300074.637647,300074.637647,300074.637647,300074.637647,300074.637647,nan,300074.637647,nan,nan,0.0,62,64,,True,False,"HTTPConnectionPool(host='gpu06', port=9004): Read timed out.",0,59.56268577710819
216,2026-09-21T07:59:26.544+00:00,2026-09-21T08:04:26.649+00:00,2026-09-21T08:04:26.649+00:00,False,1,0.0,,0.0,300105.357772,300105.357772,300105.357772,300105.357772,300105.357772,300105.357772,nan,300105.357772,nan,nan,0.0,62,64,,True,False,"HTTPConnectionPool(host='gpu06', port=9004): Read timed out.",0,59.56268577710819
217,2026-09-21T07:59:26.871+00:00,2026-09-21T08:04:26.976+00:00,2026-09-21T08:04:26.976+00:00,False,1,0.0,,0.0,300104.87857999996,300104.87857999996,300104.87857999996,300104.87857999996,300104.87857999996,300104.87857999996,nan,300104.87857999996,nan,nan,0.0,62,64,,True,False,"HTTPConnectionPool(host='gpu06', port=9004): Read timed out.",0,59.56268577710819
218,2026-09-21T07:59:27.168+00:00,2026-09-21T08:04:27.273+00:00,2026-09-21T08:04:27.273+00:00,False,1,0.0,,0.0,300105.68434,300105.68434,300105.68434,300105.68434,300105.68434,300105.68434,nan,300105.68434,nan,nan,0.0,62,64,,True,False,"HTTPConnectionPool(host='gpu06', port=9004): Read timed out.",0,59.56268577710819
219,2026-09-21T07:59:27.566+00:00,2026-09-21T08:04:27.514+00:00,2026-09-21T08:04:27.658+00:00,False,3,2.0,,2.0,299948.41448000004,300091.754,300091.753993,100030.58466433335,0.08941,299948.41448000004,173133.93408688085,269967.8980423,71.66976,101.22999510750809,0.0066646283123127726,62,64,,True,False,Request timeout: 300.0s exceeded,6,59.56268577710819
220,2026-09-21T07:59:27.900+00:00,2026-09-21T08:04:28.006+00:00,2026-09-21T08:04:28.006+00:00,False,1,0.0,,0.0,300105.56033099996,300105.56033099996,300105.56033099996,300105.56033099996,300105.56033099996,300105.56033099996,nan,300105.56033099996,nan,nan,0.0,62,64,,True,False,"HTTPConnectionPool(host='gpu06', port=9004): Read timed out.",0,59.56268577710819
221,2026-09-21T07:59:28.383+00:00,2026-09-21T08:04:28.464+00:00,2026-09-21T08:04:28.464+00:00,False,1,0.0,,0.0,300080.155278,300080.155278,300080.155278,300080.155278,300080.155278,300080.155278,nan,300080.155278,nan,nan,0.0,62,64,,True,False,"HTTPConnectionPool(host='gpu06', port=9004): Read timed out.",0,59.56268577710819
222,2026-09-21T07:59:28.818+00:00,2026-09-21T08:04:28.923+00:00,2026-09-21T08:04:28.923+00:00,False,1,0.0,,0.0,300104.92478899995,300104.92478899995,300104.92478899995,300104.92478899995,300104.92478899995,300104.92478899995,nan,300104.92478899995,nan,nan,0.0,62,64,,True,False,"HTTPConnectionPool(host='gpu06', port=9004): Read timed out.",0,59.56268577710819
223,2026-09-21T07:59:29.189+00:00,2026-09-21T08:04:29.266+00:00,2026-09-21T08:04:29.266+00:00,False,1,0.0,,0.0,300077.084424,300077.084424,300077.084424,300077.084424,300077.084424,300077.084424,nan,300077.084424,nan,nan,0.0,62,64,,True,False,TTFT timeout: 300.0s exceeded (TTFT: 300.075s),0,59.56268577710819
224,2026-09-21T07:59:29.599+00:00,2026-09-21T08:04:29.607+00:00,2026-09-21T08:04:29.648+00:00,False,3,2.0,,2.0,300007.635536,300048.764496,300048.764517,100016.254839,0.04678,300007.635536,173197.6174368335,270010.9802025,20.56448,29.01667548085218,0.006665583187317748,62,64,,True,False,Request timeout: 300.0s exceeded,3,59.56268577710819
225,2026-09-21T07:59:30.009+00:00,2026-09-21T08:04:30.113+00:00,2026-09-21T08:04:30.113+00:00,False,1,0.0,,0.0,300104.37541000004,300104.37541000004,300104.37541000004,300104.37541000004,300104.37541000004,300104.37541000004,nan,300104.37541000004,nan,nan,0.0,62,64,,True,False,"HTTPConnectionPool(host='gpu06', port=9004): Read timed out.",0,59.56268577710819
226,2026-09-21T07:59:30.428+00:00,2026-09-21T08:04:30.538+00:00,2026-09-21T08:04:30.538+00:00,False,1,0.0,,0.0,300110.146972,300110.146972,300110.146972,300110.146972,300110.146972,300110.146972,nan,300110.146972,nan,nan,0.0,62,64,,True,False,"HTTPConnectionPool(host='gpu06', port=9004): Read timed out.",0,59.56268577710819
227,2026-09-21T07:59:30.889+00:00,2026-09-21T08:04:31.003+00:00,2026-09-21T08:04:31.003+00:00,False,1,0.0,,0.0,300113.119971,300113.119971,300113.119971,300113.119971,300113.119971,300113.119971,nan,300113.119971,nan,nan,0.0,62,64,,True,False,"HTTPConnectionPool(host='gpu06', port=9004): Read timed out.",0,59.56268577710819
228,2026-09-21T07:59:31.346+00:00,2026-09-21T08:04:31.414+00:00,2026-09-21T08:04:31.414+00:00,False,1,0.0,,0.0,300068.121239,300068.121239,300068.121239,300068.121239,300068.121239,300068.121239,nan,300068.121239,nan,nan,0.0,62,64,,True,False,"HTTPConnectionPool(host='gpu06', port=9004): Read timed out.",0,59.56268577710819
229,2026-09-21T07:59:31.710+00:00,2026-09-21T08:04:31.691+00:00,2026-09-21T08:04:32.914+00:00,False,21,20.0,,20.0,299980.957243,301204.45497099997,301204.455049,14343.069288047618,0.03232,299980.957243,65447.869676444905,180.738404,61.1748864,32.2136000610127,0.06640008031065013,62,64,,True,False,Request timeout: 300.0s exceeded,60,59.56268577710819
230,2026-09-21T07:59:32.084+00:00,2026-09-21T08:04:32.245+00:00,2026-09-21T08:04:33.013+00:00,False,16,15.0,,15.0,300160.118452,300928.95378000004,300928.953678,18808.059604875,0.02452,300160.118452,75027.21750607566,75098.61200950001,51.255688533333334,17.075159360394846,0.049845652309568195,62,64,,True,False,Request timeout: 300.0s exceeded,99,59.56268577710819
232,2026-09-21T07:59:32.782+00:00,2026-09-21T08:04:32.466+00:00,2026-09-21T08:04:33.014+00:00,False,12,11.0,,11.0,299683.912135,300231.86323899997,300231.86317699996,25019.321931416667,0.031420000000000003,299683.912135,86496.91554700631,134900.1428343,49.813736727272726,18.81878124087656,0.03663834971188064,62,64,,True,False,Request timeout: 300.0s exceeded,23,59.56268577710819
233,2026-09-21T07:59:33.143+00:00,2026-09-21T08:04:33.195+00:00,2026-09-21T08:04:33.195+00:00,False,1,0.0,,0.0,300051.235569,300051.235569,300051.235569,300051.235569,300051.235569,300051.235569,nan,300051.235569,nan,nan,0.0,62,64,,True,False,"HTTPConnectionPool(host='gpu06', port=9004): Read timed out.",0,59.56268577710819
231,2026-09-21T07:59:32.484+00:00,2026-09-21T08:04:33.619+00:00,2026-09-21T08:04:33.619+00:00,False,1,0.0,,0.0,301134.661866,301134.661866,301134.661866,301134.661866,301134.661866,301134.661866,nan,301134.661866,nan,nan,0.0,62,64,,True,False,"HTTPConnectionPool(host='gpu06', port=9004): Read timed out.",0,59.56268577710819
237,2026-09-21T07:59:35.409+00:00,2026-09-21T08:04:35.486+00:00,2026-09-21T08:04:35.486+00:00,False,1,0.0,,0.0,300077.53084799997,300077.53084799997,300077.53084799997,300077.53084799997,300077.53084799997,300077.53084799997,nan,300077.53084799997,nan,nan,0.0,62,64,,True,False,"HTTPConnectionPool(host='gpu06', port=9004): Read timed out.",0,59.56268577710819
235,2026-09-21T07:59:35.083+00:00,2026-09-21T08:04:35.547+00:00,2026-09-21T08:04:35.547+00:00,False,1,0.0,,0.0,300464.06564700004,300464.06564700004,300464.06564700004,300464.06564700004,300464.06564700004,300464.06564700004,nan,300464.06564700004,nan,nan,0.0,62,64,,True,False,"HTTPConnectionPool(host='gpu06', port=9004): Read timed out.",0,59.56268577710819
238,2026-09-21T07:59:35.473+00:00,2026-09-21T08:04:35.675+00:00,2026-09-21T08:04:35.675+00:00,False,1,0.0,,0.0,300202.684006,300202.684006,300202.684006,300202.684006,300202.684006,300202.684006,nan,300202.684006,nan,nan,0.0,62,64,,True,False,"HTTPConnectionPool(host='gpu06', port=9004): Read timed out.",0,59.56268577710819
236,2026-09-21T07:59:35.109+00:00,2026-09-21T08:04:35.676+00:00,2026-09-21T08:04:35.676+00:00,False,1,0.0,,0.0,300567.28898799996,300567.28898799996,300567.28898799996,300567.28898799996,300567.28898799996,300567.28898799996,nan,300567.28898799996,nan,nan,0.0,62,64,,True,False,"HTTPConnectionPool(host='gpu06', port=9004): Read timed out.",0,59.56268577710819
239,2026-09-21T07:59:35.640+00:00,2026-09-21T08:04:35.893+00:00,2026-09-21T08:04:35.893+00:00,False,1,0.0,,0.0,300253.287397,300253.287397,300253.287397,300253.287397,300253.287397,300253.287397,nan,300253.287397,nan,nan,0.0,62,64,,True,False,"HTTPConnectionPool(host='gpu06', port=9004): Read timed out.",0,59.56268577710819
234,2026-09-21T07:59:34.948+00:00,2026-09-21T08:04:35.905+00:00,2026-09-21T08:04:35.905+00:00,False,1,0.0,,0.0,300957.582747,300957.582747,300957.582747,300957.582747,300957.582747,300957.582747,nan,300957.582747,nan,nan,0.0,62,64,,True,False,"HTTPConnectionPool(host='gpu06', port=9004): Read timed out.",0,59.56268577710819
240,2026-09-21T07:59:35.948+00:00,2026-09-21T08:04:36.162+00:00,2026-09-21T08:04:36.162+00:00,False,1,0.0,,0.0,300214.338573,300214.338573,300214.338573,300214.338573,300214.338573,300214.338573,nan,300214.338573,nan,nan,0.0,62,64,,True,False,"HTTPConnectionPool(host='gpu06', port=9004): Read timed out.",0,59.56268577710819
241,2026-09-21T07:59:36.259+00:00,2026-09-21T08:04:36.364+00:00,2026-09-21T08:04:36.364+00:00,False,1,0.0,,0.0,300105.283474,300105.283474,300105.283474,300105.283474,300105.283474,300105.283474,nan,300105.283474,nan,nan,0.0,62,64,,True,False,"HTTPConnectionPool(host='gpu06', port=9004): Read timed out.",0,59.56268577710819
242,2026-09-21T07:59:36.600+00:00,2026-09-21T08:04:36.719+00:00,2026-09-21T08:04:36.719+00:00,False,1,0.0,,0.0,300119.00189200003,300119.00189200003,300119.00189200003,300119.00189200003,300119.00189200003,300119.00189200003,nan,300119.00189200003,nan,nan,0.0,62,64,,True,False,"HTTPConnectionPool(host='gpu06', port=9004): Read timed out.",0,59.56268577710819
243,2026-09-21T07:59:37.021+00:00,2026-09-21T08:04:37.122+00:00,2026-09-21T08:04:37.122+00:00,False,1,0.0,,0.0,300101.590901,300101.590901,300101.590901,300101.590901,300101.590901,300101.590901,nan,300101.590901,nan,nan,0.0,62,64,,True,False,"HTTPConnectionPool(host='gpu06', port=9004): Read timed out.",0,59.56268577710819
244,2026-09-21T07:59:37.377+00:00,2026-09-21T08:04:37.466+00:00,2026-09-21T08:04:37.466+00:00,False,1,0.0,,0.0,300088.849768,300088.849768,300088.849768,300088.849768,300088.849768,300088.849768,nan,300088.849768,nan,nan,0.0,62,64,,True,False,"HTTPConnectionPool(host='gpu06', port=9004): Read timed out.",0,59.56268577710819
245,2026-09-21T07:59:37.825+00:00,2026-09-21T08:04:37.911+00:00,2026-09-21T08:04:37.911+00:00,False,1,0.0,,0.0,300086.557211,300086.557211,300086.557211,300086.557211,300086.557211,300086.557211,nan,300086.557211,nan,nan,0.0,62,64,,True,False,TTFT timeout: 300.0s exceeded (TTFT: 300.082s),0,59.56268577710819
246,2026-09-21T07:59:38.313+00:00,2026-09-21T08:04:38.254+00:00,2026-09-21T08:04:38.353+00:00,False,4,3.0,,3.0,299940.98298699997,300039.23041099997,300039.23037099995,75009.80759274999,0.02852,299940.98298699997,149954.11877699304,254957.99764584994,32.749141333333334,28.829008300196893,0.00999869249061377,62,64,,True,False,Request timeout: 300.0s exceeded,7,59.56268577710819
247,2026-09-21T07:59:38.720+00:00,2026-09-21T08:04:38.819+00:00,2026-09-21T08:04:38.819+00:00,False,1,0.0,,0.0,300098.628377,300098.628377,300098.628377,300098.628377,300098.628377,300098.628377,nan,300098.628377,nan,nan,0.0,62,64,,True,False,"HTTPConnectionPool(host='gpu06', port=9004): Read timed out.",0,59.56268577710819
248,2026-09-21T07:59:39.173+00:00,2026-09-21T08:04:39.289+00:00,2026-09-21T08:04:39.289+00:00,False,1,0.0,,0.0,300116.55971899995,300116.55971899995,300116.55971899995,300116.55971899995,300116.55971899995,300116.55971899995,nan,300116.55971899995,nan,nan,0.0,62,64,,True,False,"HTTPConnectionPool(host='gpu06', port=9004): Read timed out.",0,59.56268577710819
249,2026-09-21T07:59:39.586+00:00,2026-09-21T08:04:39.690+00:00,2026-09-21T08:04:39.690+00:00,False,1,0.0,,0.0,300104.34212800005,300104.34212800005,300104.34212800005,300104.34212800005,300104.34212800005,300104.34212800005,nan,300104.34212800005,nan,nan,0.0,62,64,,True,False,"HTTPConnectionPool(host='gpu06', port=9004): Read timed out.",0,59.56268577710819
250,2026-09-21T07:59:40.014+00:00,2026-09-21T08:04:40.044+00:00,2026-09-21T08:04:40.044+00:00,False,1,0.0,,0.0,300029.954179,300029.954179,300029.954179,300029.954179,300029.954179,300029.954179,nan,300029.954179,nan,nan,0.0,62,64,,True,False,TTFT timeout: 300.0s exceeded (TTFT: 300.023s),0,59.56268577710819
251,2026-09-21T07:59:40.404+00:00,2026-09-21T08:04:40.459+00:00,2026-09-21T08:04:40.459+00:00,False,1,0.0,,0.0,300055.775359,300055.775359,300055.775359,300055.775359,300055.775359,300055.775359,nan,300055.775359,nan,nan,0.0,62,64,,True,False,TTFT timeout: 300.0s exceeded (TTFT: 300.039s),0,59.56268577710819
252,2026-09-21T07:59:40.775+00:00,2026-09-21T08:04:40.874+00:00,2026-09-21T08:04:40.874+00:00,False,1,0.0,,0.0,300099.423611,300099.423611,300099.423611,300099.423611,300099.423611,300099.423611,nan,300099.423611,nan,nan,0.0,62,64,,True,False,"HTTPConnectionPool(host='gpu06', port=9004): Read timed out.",0,59.56268577710819
253,2026-09-21T07:59:41.218+00:00,2026-09-21T08:04:41.331+00:00,2026-09-21T08:04:41.331+00:00,False,1,0.0,,0.0,300113.549144,300113.549144,300113.549144,300113.549144,300113.549144,300113.549144,nan,300113.549144,nan,nan,0.0,62,64,,True,False,"HTTPConnectionPool(host='gpu06', port=9004): Read timed out.",0,59.56268577710819
254,2026-09-21T07:59:41.493+00:00,2026-09-21T08:04:41.603+00:00,2026-09-21T08:04:41.603+00:00,False,1,0.0,,0.0,300109.804943,300109.804943,300109.804943,300109.804943,300109.804943,300109.804943,nan,300109.804943,nan,nan,0.0,62,64,,True,False,"HTTPConnectionPool(host='gpu06', port=9004): Read timed out.",0,59.56268577710819
255,2026-09-21T07:59:41.792+00:00,2026-09-21T08:04:41.896+00:00,2026-09-21T08:04:41.896+00:00,False,1,0.0,,0.0,300104.405449,300104.405449,300104.405449,300104.405449,300104.405449,300104.405449,nan,300104.405449,nan,nan,0.0,62,64,,True,False,"HTTPConnectionPool(host='gpu06', port=9004): Read timed out.",0,59.56268577710819
256,2026-09-21T07:59:42.159+00:00,2026-09-21T08:04:42.194+00:00,2026-09-21T08:04:42.194+00:00,False,1,0.0,,0.0,300035.41292900004,300035.41292900004,300035.41292900004,300035.41292900004,300035.41292900004,300035.41292900004,nan,300035.41292900004,nan,nan,0.0,62,64,,True,False,TTFT timeout: 300.0s exceeded (TTFT: 300.021s),0,59.56268577710819
257,2026-09-21T07:59:42.487+00:00,2026-09-21T08:04:42.457+00:00,2026-09-21T08:04:42.600+00:00,False,3,2.0,,2.0,299969.474703,300112.356751,300112.356655,100037.45221833333,0.04496,299969.474703,173146.22522162602,269986.8109319,71.441024,100.9691462443555,0.006664170784741724,62,64,,True,False,Request timeout: 300.0s exceeded,8,59.56268577710819
258,2026-09-21T07:59:42.827+00:00,2026-09-21T08:04:42.910+00:00,2026-09-21T08:04:42.910+00:00,False,1,0.0,,0.0,300082.705626,300082.705626,300082.705626,300082.705626,300082.705626,300082.705626,nan,300082.705626,nan,nan,0.0,62,64,,True,False,TTFT timeout: 300.0s exceeded (TTFT: 300.076s),0,59.56268577710819
259,2026-09-21T07:59:43.308+00:00,2026-09-21T08:04:43.414+00:00,2026-09-21T08:04:43.414+00:00,False,1,0.0,,0.0,300105.962973,300105.962973,300105.962973,300105.962973,300105.962973,300105.962973,nan,300105.962973,nan,nan,0.0,62,64,,True,False,"HTTPConnectionPool(host='gpu06', port=9004): Read timed out.",0,59.56268577710819
260,2026-09-21T07:59:43.753+00:00,2026-09-21T08:04:43.862+00:00,2026-09-21T08:04:43.862+00:00,False,1,0.0,,0.0,300109.45095599996,300109.45095599996,300109.45095599996,300109.45095599996,300109.45095599996,300109.45095599996,nan,300109.45095599996,nan,nan,0.0,62,64,,True,False,"HTTPConnectionPool(host='gpu06', port=9004): Read timed out.",0,59.56268577710819
261,2026-09-21T07:59:44.027+00:00,2026-09-21T08:04:44.122+00:00,2026-09-21T08:04:44.122+00:00,False,1,0.0,,0.0,300095.210386,300095.210386,300095.210386,300095.210386,300095.210386,300095.210386,nan,300095.210386,nan,nan,0.0,62,64,,True,False,"HTTPConnectionPool(host='gpu06', port=9004): Read timed out.",0,59.56268577710819
262,2026-09-21T07:59:44.439+00:00,2026-09-21T08:04:44.546+00:00,2026-09-21T08:04:44.546+00:00,False,1,0.0,,0.0,300107.616944,300107.616944,300107.616944,300107.616944,300107.616944,300107.616944,nan,300107.616944,nan,nan,0.0,62,64,,True,False,"HTTPConnectionPool(host='gpu06', port=9004): Read timed out.",0,59.56268577710819
263,2026-09-21T07:59:44.748+00:00,2026-09-21T08:04:44.747+00:00,2026-09-21T08:04:44.922+00:00,True,2,2.0,,2.0,299999.838334,300174.38579,300174.385754,150087.192877,174.54742000000002,299999.838334,212008.49637651874,285008.5737883,174.547456,nan,0.006662793678202733,62,64,,True,True,,4,59.56268577710819
264,2026-09-21T07:59:45.219+00:00,2026-09-21T08:04:45.322+00:00,2026-09-21T08:04:45.322+00:00,False,1,0.0,,0.0,300102.661778,300102.661778,300102.661778,300102.661778,300102.661778,300102.661778,nan,300102.661778,nan,nan,0.0,62,64,,True,False,"HTTPConnectionPool(host='gpu06', port=9004): Read timed out.",0,59.56268577710819
265,2026-09-21T07:59:45.672+00:00,2026-09-21T08:04:46.199+00:00,2026-09-21T08:04:47.073+00:00,False,17,16.0,,16.0,300527.044975,301401.06737500004,301401.06738100003,17729.474551823532,0.02032,300527.044975,72875.26775640913,60165.441903,54.6264,17.237630690367197,0.053085412534697396,62,64,,True,False,Request timeout: 300.0s exceeded,80,59.56268577710819
266,2026-09-21T07:59:45.959+00:00,2026-09-21T08:04:46.912+00:00,2026-09-21T08:04:47.189+00:00,False,7,6.0,,6.0,300952.941556,301229.26232399995,301229.262199,43032.75174271428,0.03251,300952.941556,113732.11550087432,210686.71374399998,46.05346133333334,23.99564888116386,0.0199183836049316,62,64,,True,False,Request timeout: 300.0s exceeded,17,59.56268577710819
269,2026-09-21T07:59:47.137+00:00,2026-09-21T08:04:47.232+00:00,2026-09-21T08:04:47.232+00:00,False,1,0.0,,0.0,300094.85566299997,300094.85566299997,300094.85566299997,300094.85566299997,300094.85566299997,300094.85566299997,nan,300094.85566299997,nan,nan,0.0,62,64,,True,False,"HTTPConnectionPool(host='gpu06', port=9004): Read timed out.",0,59.56268577710819
267,2026-09-21T07:59:46.404+00:00,2026-09-21T08:04:47.493+00:00,2026-09-21T08:04:47.493+00:00,False,1,0.0,,0.0,301089.164361,301089.164361,301089.164361,301089.164361,301089.164361,301089.164361,nan,301089.164361,nan,nan,0.0,62,64,,True,False,"HTTPConnectionPool(host='gpu06', port=9004): Read timed out.",0,59.56268577710819
270,2026-09-21T07:59:47.521+00:00,2026-09-21T08:04:47.550+00:00,2026-09-21T08:04:47.550+00:00,False,1,0.0,,0.0,300028.387799,300028.387799,300028.387799,300028.387799,300028.387799,300028.387799,nan,300028.387799,nan,nan,0.0,62,64,,True,False,"HTTPConnectionPool(host='gpu06', port=9004): Read timed out.",0,59.56268577710819
268,2026-09-21T07:59:46.696+00:00,2026-09-21T08:04:47.748+00:00,2026-09-21T08:04:47.748+00:00,False,1,0.0,,0.0,301052.89594,301052.89594,301052.89594,301052.89594,301052.89594,301052.89594,nan,301052.89594,nan,nan,0.0,62,64,,True,False,"HTTPConnectionPool(host='gpu06', port=9004): Read timed out.",0,59.56268577710819
271,2026-09-21T07:59:47.988+00:00,2026-09-21T08:04:48.094+00:00,2026-09-21T08:04:48.094+00:00,False,1,0.0,,0.0,300105.75328500004,300105.75328500004,300105.75328500004,300105.75328500004,300105.75328500004,300105.75328500004,nan,300105.75328500004,nan,nan,0.0,62,64,,True,False,"HTTPConnectionPool(host='gpu06', port=9004): Read timed out.",0,59.56268577710819
272,2026-09-21T07:59:48.436+00:00,2026-09-21T08:04:48.544+00:00,2026-09-21T08:04:48.544+00:00,False,1,0.0,,0.0,300107.907648,300107.907648,300107.907648,300107.907648,300107.907648,300107.907648,nan,300107.907648,nan,nan,0.0,62,64,,True,False,"HTTPConnectionPool(host='gpu06', port=9004): Read timed out.",0,59.56268577710819
273,2026-09-21T07:59:48.798+00:00,2026-09-21T08:04:48.757+00:00,2026-09-21T08:04:49.022+00:00,False,3,2.0,,2.0,299959.19574299996,300223.84598299995,300223.84587699996,100074.61529233331,0.07471,299959.19574299996,173105.1750139527,269989.73371109995,132.32512,187.0302640544328,0.006661696020352924,62,64,,True,False,Request timeout: 300.0s exceeded,16,59.56268577710819
274,2026-09-21T07:59:49.156+00:00,2026-09-21T08:04:49.136+00:00,2026-09-21T08:04:49.281+00:00,False,3,2.0,,2.0,299980.087348,300125.66738,300125.66715899995,100041.88905299999,0.03272,299980.087348,173151.5741964135,269996.6333223,72.790016,102.89428688254274,0.006663875227531698,62,64,,True,False,Request timeout: 300.0s exceeded,8,59.56268577710819
275,2026-09-21T07:59:49.612+00:00,2026-09-21T08:04:49.715+00:00,2026-09-21T08:04:49.715+00:00,False,1,0.0,,0.0,300103.139173,300103.139173,300103.139173,300103.139173,300103.139173,300103.139173,nan,300103.139173,nan,nan,0.0,62,64,,True,False,"HTTPConnectionPool(host='gpu06', port=9004): Read timed out.",0,59.56268577710819
276,2026-09-21T07:59:50.057+00:00,2026-09-21T08:04:50.161+00:00,2026-09-21T08:04:50.161+00:00,False,1,0.0,,0.0,300104.49681599997,300104.49681599997,300104.49681599997,300104.49681599997,300104.49681599997,300104.49681599997,nan,300104.49681599997,nan,nan,0.0,62,64,,True,False,"HTTPConnectionPool(host='gpu06', port=9004): Read timed out.",0,59.56268577710819
277,2026-09-21T07:59:50.508+00:00,2026-09-21T08:04:50.613+00:00,2026-09-21T08:04:50.613+00:00,False,1,0.0,,0.0,300105.42328,300105.42328,300105.42328,300105.42328,300105.42328,300105.42328,nan,300105.42328,nan,nan,0.0,62,64,,True,False,"HTTPConnectionPool(host='gpu06', port=9004): Read timed out.",0,59.56268577710819
278,2026-09-21T07:59:50.903+00:00,2026-09-21T08:04:51.011+00:00,2026-09-21T08:04:51.011+00:00,False,1,0.0,,0.0,300108.15309,300108.15309,300108.15309,300108.15309,300108.15309,300108.15309,nan,300108.15309,nan,nan,0.0,62,64,,True,False,"HTTPConnectionPool(host='gpu06', port=9004): Read timed out.",0,59.56268577710819
279,2026-09-21T07:59:51.228+00:00,2026-09-21T08:04:51.327+00:00,2026-09-21T08:04:51.327+00:00,False,1,0.0,,0.0,300099.26672200003,300099.26672200003,300099.26672200003,300099.26672200003,300099.26672200003,300099.26672200003,nan,300099.26672200003,nan,nan,0.0,62,64,,True,False,"HTTPConnectionPool(host='gpu06', port=9004): Read timed out.",0,59.56268577710819
280,2026-09-21T07:59:51.696+00:00,2026-09-21T08:04:51.789+00:00,2026-09-21T08:04:51.789+00:00,False,1,0.0,,0.0,300093.16937300004,300093.16937300004,300093.16937300004,300093.16937300004,300093.16937300004,300093.16937300004,nan,300093.16937300004,nan,nan,0.0,62,64,,True,False,"HTTPConnectionPool(host='gpu06', port=9004): Read timed out.",0,59.56268577710819
281,2026-09-21T07:59:52.062+00:00,2026-09-21T08:04:52.093+00:00,2026-09-21T08:04:52.093+00:00,False,1,0.0,,0.0,300031.145382,300031.145382,300031.145382,300031.145382,300031.145382,300031.145382,nan,300031.145382,nan,nan,0.0,62,64,,True,False,"HTTPConnectionPool(host='gpu06', port=9004): Read timed out.",0,59.56268577710819
282,2026-09-21T07:59:52.560+00:00,2026-09-21T08:04:52.667+00:00,2026-09-21T08:04:52.667+00:00,False,1,0.0,,0.0,300107.294923,300107.294923,300107.294923,300107.294923,300107.294923,300107.294923,nan,300107.294923,nan,nan,0.0,62,64,,True,False,"HTTPConnectionPool(host='gpu06', port=9004): Read timed out.",0,59.56268577710819
283,2026-09-21T07:59:54.278+00:00,2026-09-21T08:04:53.202+00:00,2026-09-21T08:04:54.458+00:00,False,23,22.0,,22.0,298924.12077,300180.43744199997,300180.437453,13051.323367521738,0.0299,298924.12077,62318.082992684416,91.8088511,57.10530327272728,17.6348748523445,0.07328925291559274,62,64,,True,False,Request timeout: 300.0s exceeded,69,59.56268577710819
285,2026-09-21T07:59:54.294+00:00,2026-09-21T08:04:53.292+00:00,2026-09-21T08:04:54.686+00:00,False,26,25.0,,25.0,298998.13731300004,300392.958433,300392.95840800006,11553.575323384617,0.03865,298998.13731300004,58627.41919700274,77.7218575,55.7928448,15.514009515387052,0.08322432100410244,62,64,,True,False,Request timeout: 300.0s exceeded,75,59.56268577710819
284,2026-09-21T07:59:54.288+00:00,2026-09-21T08:04:54.402+00:00,2026-09-21T08:04:54.689+00:00,False,7,6.0,,6.0,300114.129665,300400.62438500003,300400.62434800004,42914.37490685714,0.03957,300114.129665,113414.43354731548,210100.7074733,47.74912,24.216586367083067,0.019973327326744398,62,64,,True,False,Request timeout: 300.0s exceeded,21,59.56268577710819
286,2026-09-21T07:59:54.593+00:00,2026-09-21T08:04:55.013+00:00,2026-09-21T08:04:55.076+00:00,False,3,2.0,,2.0,300419.438741,300482.380949,300482.38096700003,100160.79365566667,0.04344,300419.438741,173429.0768189082,270383.7847455001,31.471104,44.44531552541968,0.006655964298750196,62,64,,True,False,Request timeout: 300.0s exceeded,9,59.56268577710819
287,2026-09-21T07:59:54.596+00:00,2026-09-21T08:04:55.017+00:00,2026-09-21T08:04:55.017+00:00,False,1,0.0,,0.0,300420.728521,300420.728521,300420.728521,300420.728521,300420.728521,300420.728521,nan,300420.728521,nan,nan,0.0,62,64,,True,False,"HTTPConnectionPool(host='gpu06', port=9004): Read timed out.",0,59.56268577710819
288,2026-09-21T07:59:54.947+00:00,2026-09-21T08:04:55.447+00:00,2026-09-21T08:04:55.447+00:00,False,1,0.0,,0.0,300500.103703,300500.103703,300500.103703,300500.103703,300500.103703,300500.103703,nan,300500.103703,nan,nan,0.0,62,64,,True,False,"HTTPConnectionPool(host='gpu06', port=9004): Read timed out.",0,59.56268577710819
289,2026-09-21T07:59:55.311+00:00,2026-09-21T08:04:55.633+00:00,2026-09-21T08:04:55.633+00:00,False,1,0.0,,0.0,300322.69316,300322.69316,300322.69316,300322.69316,300322.69316,300322.69316,nan,300322.69316,nan,nan,0.0,62,64,,True,False,"HTTPConnectionPool(host='gpu06', port=9004): Read timed out.",0,59.56268577710819
290,2026-09-21T07:59:55.586+00:00,2026-09-21T08:04:55.736+00:00,2026-09-21T08:04:55.736+00:00,False,1,0.0,,0.0,300149.66907,300149.66907,300149.66907,300149.66907,300149.66907,300149.66907,nan,300149.66907,nan,nan,0.0,62,64,,True,False,"HTTPConnectionPool(host='gpu06', port=9004): Read timed out.",0,59.56268577710819
291,2026-09-21T07:59:56.034+00:00,2026-09-21T08:04:56.149+00:00,2026-09-21T08:04:56.149+00:00,False,1,0.0,,0.0,300114.803804,300114.803804,300114.803804,300114.803804,300114.803804,300114.803804,nan,300114.803804,nan,nan,0.0,62,64,,True,False,"HTTPConnectionPool(host='gpu06', port=9004): Read timed out.",0,59.56268577710819
292,2026-09-21T07:59:56.513+00:00,2026-09-21T08:04:56.618+00:00,2026-09-21T08:04:56.618+00:00,False,1,0.0,,0.0,300105.66031400004,300105.66031400004,300105.66031400004,300105.66031400004,300105.66031400004,300105.66031400004,nan,300105.66031400004,nan,nan,0.0,62,64,,True,False,"HTTPConnectionPool(host='gpu06', port=9004): Read timed out.",0,59.56268577710819
293,2026-09-21T07:59:56.994+00:00,2026-09-21T08:04:57.100+00:00,2026-09-21T08:04:57.100+00:00,False,1,0.0,,0.0,300106.412342,300106.412342,300106.412342,300106.412342,300106.412342,300106.412342,nan,300106.412342,nan,nan,0.0,62,64,,True,False,"HTTPConnectionPool(host='gpu06', port=9004): Read timed out.",0,59.56268577710819
294,2026-09-21T07:59:57.310+00:00,2026-09-21T08:04:57.358+00:00,2026-09-21T08:04:57.358+00:00,False,1,0.0,,0.0,300047.979339,300047.979339,300047.979339,300047.979339,300047.979339,300047.979339,nan,300047.979339,nan,nan,0.0,62,64,,True,False,TTFT timeout: 300.0s exceeded (TTFT: 300.035s),0,59.56268577710819
295,2026-09-21T07:59:57.633+00:00,2026-09-21T08:04:57.735+00:00,2026-09-21T08:04:57.735+00:00,False,1,0.0,,0.0,300101.858547,300101.858547,300101.858547,300101.858547,300101.858547,300101.858547,nan,300101.858547,nan,nan,0.0,62,64,,True,False,"HTTPConnectionPool(host='gpu06', port=9004): Read timed out.",0,59.56268577710819
296,2026-09-21T07:59:57.924+00:00,2026-09-21T08:04:58.027+00:00,2026-09-21T08:04:58.027+00:00,False,1,0.0,,0.0,300102.558914,300102.558914,300102.558914,300102.558914,300102.558914,300102.558914,nan,300102.558914,nan,nan,0.0,62,64,,True,False,"HTTPConnectionPool(host='gpu06', port=9004): Read timed out.",0,59.56268577710819
297,2026-09-21T07:59:58.371+00:00,2026-09-21T08:04:58.491+00:00,2026-09-21T08:04:58.491+00:00,False,1,0.0,,0.0,300119.91858600004,300119.91858600004,300119.91858600004,300119.91858600004,300119.91858600004,300119.91858600004,nan,300119.91858600004,nan,nan,0.0,62,64,,True,False,"HTTPConnectionPool(host='gpu06', port=9004): Read timed out.",0,59.56268577710819
298,2026-09-21T07:59:58.694+00:00,2026-09-21T08:04:58.803+00:00,2026-09-21T08:04:58.803+00:00,False,1,0.0,,0.0,300108.833438,300108.833438,300108.833438,300108.833438,300108.833438,300108.833438,nan,300108.833438,nan,nan,0.0,62,64,,True,False,TTFT timeout: 300.0s exceeded (TTFT: 300.096s),0,59.56268577710819
299,2026-09-21T07:59:59.158+00:00,2026-09-21T08:04:59.214+00:00,2026-09-21T08:04:59.214+00:00,False,1,0.0,,0.0,300055.984963,300055.984963,300055.984963,300055.984963,300055.984963,300055.984963,nan,300055.984963,nan,nan,0.0,62,64,,True,False,TTFT timeout: 300.0s exceeded (TTFT: 300.036s),0,59.56268577710819
300,2026-09-21T07:59:59.636+00:00,2026-09-21T08:04:59.654+00:00,2026-09-21T08:04:59.654+00:00,False,1,0.0,,0.0,300017.792494,300017.792494,300017.792494,300017.792494,300017.792494,300017.792494,nan,300017.792494,nan,nan,0.0,62,64,,True,False,"HTTPConnectionPool(host='gpu06', port=9004): Read timed out.",0,59.56268577710819
301,2026-09-21T08:00:00.133+00:00,2026-09-21T08:05:00.240+00:00,2026-09-21T08:05:00.240+00:00,False,1,0.0,,0.0,300107.304514,300107.304514,300107.304514,300107.304514,300107.304514,300107.304514,nan,300107.304514,nan,nan,0.0,62,64,,True,False,"HTTPConnectionPool(host='gpu06', port=9004): Read timed out.",0,59.56268577710819
302,2026-09-21T08:00:00.558+00:00,2026-09-21T08:05:00.679+00:00,2026-09-21T08:05:00.679+00:00,False,1,0.0,,0.0,300121.19883899996,300121.19883899996,300121.19883899996,300121.19883899996,300121.19883899996,300121.19883899996,nan,300121.19883899996,nan,nan,0.0,62,64,,True,False,"HTTPConnectionPool(host='gpu06', port=9004): Read timed out.",0,59.56268577710819
303,2026-09-21T08:00:00.951+00:00,2026-09-21T08:05:00.976+00:00,2026-09-21T08:05:00.976+00:00,False,1,0.0,,0.0,300025.380897,300025.380897,300025.380897,300025.380897,300025.380897,300025.380897,nan,300025.380897,nan,nan,0.0,62,64,,True,False,TTFT timeout: 300.0s exceeded (TTFT: 300.019s),0,59.56268577710819
304,2026-09-21T08:00:01.394+00:00,2026-09-21T08:05:01.385+00:00,2026-09-21T08:05:03.023+00:00,False,29,28.0,,28.0,299991.113273,301628.758073,301628.758073,10400.991657689656,0.01991,299991.113273,55696.09331674137,105.55523740000001,58.487314285714284,18.33146296915319,0.09282934485054457,62,64,,True,False,Request timeout: 300.0s exceeded,84,59.56268577710819
305,2026-09-21T08:00:01.771+00:00,2026-09-21T08:05:02.174+00:00,2026-09-21T08:05:03.069+00:00,False,18,17.0,,17.0,300402.349952,301297.895296,301297.89550700004,16738.771972611114,0.030850000000000002,300402.349952,70793.09785157528,45120.55995205,52.67913788235294,15.193843326073765,0.056422564728833974,62,64,,True,False,Request timeout: 300.0s exceeded,117,59.56268577710819
306,2026-09-21T08:00:02.171+00:00,2026-09-21T08:05:03.312+00:00,2026-09-21T08:05:03.312+00:00,False,1,0.0,,0.0,301140.97986699996,301140.97986699996,301140.97986699996,301140.97986699996,301140.97986699996,301140.97986699996,nan,301140.97986699996,nan,nan,0.0,62,64,,True,False,"HTTPConnectionPool(host='gpu06', port=9004): Read timed out.",0,59.56268577710819
2,2026-09-21T07:58:02.788+00:00,2026-09-21T07:58:05.404+00:00,2026-09-21T07:58:09.805+00:00,True,71,71.0,,71.0,2616.8279759999996,7017.495623999999,7017.495558,98.8379656056338,39.678174,2616.8279759999996,303.32558044407557,79.14246349999999,62.86668068571428,11.795051869830251,10.117569543923667,63,64,,False,True,,213,59.56268577710819
3,2026-09-21T07:58:03.114+00:00,2026-09-21T07:58:06.105+00:00,2026-09-21T07:58:07.306+00:00,True,20,20.0,,20.0,2991.8026910000003,4191.928387,4191.9282570000005,209.59641285,41.655405,2991.8026910000003,655.0657646828168,254.85343865000002,63.16451031578948,16.727250176353518,4.771073871878146,63,64,,False,True,,80,59.56268577710819
1,2026-09-21T07:58:02.545+00:00,2026-09-21T07:58:06.310+00:00,2026-09-21T07:58:06.310+00:00,True,1,1.0,,1.0,3764.4781430000003,3764.4781430000003,3764.4781430000003,3764.4781430000003,3764.4781430000003,3764.4781430000003,nan,3764.4781430000003,nan,nan,0.26564106949577787,63,64,,False,True,,9,59.56268577710819
0,2026-09-21T07:58:02.324+00:00,2026-09-21T07:58:07.423+00:00,2026-09-21T07:58:13.133+00:00,True,88,88.0,,88.0,5099.539922,10809.291218,10809.291085,122.83285323863636,0.02063,5099.539922,537.8444721266934,79.53072200000001,65.62932524137932,36.53164755176396,8.141144338257757,63,64,,False,True,,91,59.56268577710819
4,2026-09-21T07:58:03.364+00:00,2026-09-21T07:58:08.750+00:00,2026-09-21T07:58:12.280+00:00,True,57,57.0,,57.0,5386.566940000001,8916.195868,8916.195746000001,156.42448677192982,41.635785000000006,5386.566940000001,705.2035487391067,80.34574219999999,63.029088,10.965416089825764,6.3928609065859066,63,64,,False,True,,168,59.56268577710819
7,2026-09-21T07:58:04.198+00:00,2026-09-21T07:58:10.564+00:00,2026-09-21T07:58:15.285+00:00,True,75,75.0,,75.0,6365.689292,11086.76526,11086.765102,147.82353469333333,0.01711,6365.689292,729.11606890528,83.2540403,63.79832389189189,46.056231440960865,6.764822582705246,63,64,,False,True,,81,59.56268577710819
8,2026-09-21T07:58:04.572+00:00,2026-09-21T07:58:13.163+00:00,2026-09-21T07:58:17.641+00:00,True,78,78.0,,78.0,8590.965757,13068.041725,13068.041682,167.53899592307693,0.01767,8590.965757,966.3002676562163,79.4087345,58.14384374025974,17.0477339566483,5.968759638315282,63,64,,False,True,,78,59.56268577710819
9,2026-09-21T07:58:04.960+00:00,2026-09-21T07:58:14.801+00:00,2026-09-21T07:58:15.683+00:00,True,16,16.0,,16.0,9841.087091,10723.205490999999,10723.205353,670.2003345625,37.824383999999995,9841.087091,2445.599808669814,2521.775897,58.80789333333333,12.54004184863144,1.4920911488107567,63,64,,False,True,,32,59.56268577710819
5,2026-09-21T07:58:03.594+00:00,2026-09-21T07:58:15.287+00:00,2026-09-21T07:58:21.301+00:00,True,97,97.0,,97.0,11693.308933,17707.137029,17707.137028,182.54780441237114,25.006372,11693.308933,1180.9791538118798,81.63441999999999,62.644042666666664,12.36456123050419,5.478017131800443,63,64,,False,True,,776,59.56268577710819
6,2026-09-21T07:58:03.945+00:00,2026-09-21T07:58:15.744+00:00,2026-09-21T07:58:16.185+00:00,True,8,8.0,,8.0,11798.737507,12239.875939,12239.875973,1529.984496625,54.315545,11798.737507,4149.209381977104,7694.96050135,63.019776,7.9869169960119155,0.6536013959512078,63,64,,False,True,,31,59.56268577710819
10,2026-09-21T07:58:05.300+00:00,2026-09-21T07:58:17.285+00:00,2026-09-21T07:58:22.531+00:00,True,83,83.0,,83.0,11984.929005999998,17231.452397999998,17231.452561,207.60786218072286,33.290813,11984.929005999998,1308.5379907622225,80.70314599999999,63.98199258536585,10.804614492700553,4.816773309813023,63,64,,False,True,,333,59.56268577710819
11,2026-09-21T07:58:05.549+00:00,2026-09-21T07:58:18.535+00:00,2026-09-21T07:58:22.384+00:00,True,61,61.0,,61.0,12985.990528999999,16834.972288999998,16834.972508,275.98315586885246,24.814322,12985.990528999999,1654.516575848324,79.961519,64.149696,12.222365445835678,3.623409587662792,63,64,,False,True,,488,59.56268577710819
12,2026-09-21T07:58:05.773+00:00,2026-09-21T07:58:19.824+00:00,2026-09-21T07:58:21.240+00:00,True,23,23.0,,23.0,14051.518607999998,15467.456911999998,15467.456874999998,672.498125,28.422553,14051.518607999998,2916.5608235242,98.5833878,64.360832,14.999099538623206,1.4869929899178247,63,64,,False,True,,0,59.56268577710819
13,2026-09-21T07:58:06.001+00:00,2026-09-21T07:58:20.915+00:00,2026-09-21T07:58:25.694+00:00,True,75,75.0,,75.0,14914.530496,19693.064127999998,19693.064002,262.57418669333333,0.0,14914.530496,1716.141969147091,85.2689056,64.57477881081081,70.1952869432654,3.808447457059944,63,64,,False,True,,425,59.56268577710819
14,2026-09-21T07:58:06.288+00:00,2026-09-21T07:58:22.265+00:00,2026-09-21T07:58:26.404+00:00,True,66,66.0,,66.0,15976.394186000001,20115.337162000003,20115.337046,304.77783403030304,0.0,15976.394186000001,1960.186306899637,80.51568549999999,63.67604578461538,76.38914649112336,3.281078485956525,63,64,,False,True,,268,59.56268577710819
15,2026-09-21T07:58:06.629+00:00,2026-09-21T07:58:24.102+00:00,2026-09-21T07:58:29.238+00:00,True,84,84.0,,84.0,17472.612173999998,22608.679246,22608.679226999997,269.1509431785714,0.0,17472.612173999998,1900.2142693081964,76.0517345,61.8803261686747,45.896744758471755,3.7153873114839975,63,64,,False,True,,833,59.56268577710819
16,2026-09-21T07:58:06.887+00:00,2026-09-21T07:58:25.436+00:00,2026-09-21T07:58:31.580+00:00,True,99,99.0,,99.0,18549.680726,24693.196885999998,24693.196914,249.42623145454544,0.0,18549.680726,1858.9302056943857,81.740954,62.68894040816326,58.701905820070586,4.009201419202583,63,64,,False,True,,1089,59.56268577710819
17,2026-09-21T07:58:07.164+00:00,2026-09-21T07:58:26.967+00:00,2026-09-21T07:58:30.921+00:00,True,59,59.0,,59.0,19802.529246,23756.510174,23756.510087,402.652713338983,12.259141,19802.529246,2569.7372568936858,81.3409799,68.17208496551724,53.275613550826186,2.4835297595423667,63,64,,False,True,,470,59.56268577710819
18,2026-09-21T07:58:07.489+00:00,2026-09-21T07:58:28.869+00:00,2026-09-21T07:58:31.843+00:00,True,47,47.0,,47.0,21379.805399999997,24353.982423999998,24353.982647999997,518.169843574468,0.0,21379.805399999997,3109.7536125285023,80.765664,64.65602226086956,62.7567258329426,1.9298691762905742,63,64,,False,True,,190,59.56268577710819
19,2026-09-21T07:58:07.777+00:00,2026-09-21T07:58:30.204+00:00,2026-09-21T07:58:32.106+00:00,True,30,30.0,,30.0,22427.296498,24328.659442,24328.659406,810.9553135333333,0.0,22427.296498,4083.4142241610944,285.8598609,65.56423944827587,79.06733269285256,1.2331135659784538,63,64,,False,True,,65,59.56268577710819
20,2026-09-21T07:58:08.101+00:00,2026-09-21T07:58:32.026+00:00,2026-09-21T07:58:35.379+00:00,True,51,51.0,,51.0,23925.344814,27278.262062,27278.262033,534.867883,0.0,23925.344814,3342.679629966456,334.8812545,67.05834496,112.36385136577162,1.8696205749502486,63,64,,False,True,,211,59.56268577710819
21,2026-09-21T07:58:08.348+00:00,2026-09-21T07:58:33.367+00:00,2026-09-21T07:58:38.158+00:00,True,81,81.0,,81.0,25019.070478,29809.36219,29809.362195,368.01681722222224,0.0,25019.070478,2773.9640343515566,79.265988,59.8786464,63.618713927664764,2.7172671284853145,63,64,,False,True,,81,59.56268577710819
22,2026-09-21T07:58:08.691+00:00,2026-09-21T07:58:34.803+00:00,2026-09-21T07:58:38.648+00:00,True,61,61.0,,61.0,26111.870182,29957.041638,29957.041440999998,491.0990400163934,0.0,26111.870182,3335.7897385001725,78.233538,64.08619093333333,69.5358112474076,2.036249130909593,63,64,,False,True,,183,59.56268577710819
23,2026-09-21T07:58:09.076+00:00,2026-09-21T07:58:36.828+00:00,2026-09-21T07:58:40.607+00:00,True,61,61.0,,61.0,27752.622081999998,31531.374593999997,31531.374593999997,516.9077802295081,0.0,27752.622081999998,3546.1647332780713,77.270468,62.979208533333335,79.17546166559413,1.9345810572942004,63,64,,False,True,,183,59.56268577710819
24,2026-09-21T07:58:09.364+00:00,2026-09-21T07:58:38.084+00:00,2026-09-21T07:58:38.514+00:00,True,8,8.0,,8.0,28719.918511999997,29150.077359999996,29150.077366999998,3643.7596708749998,46.000345,28719.918511999997,10132.302328952417,18693.669102249998,61.451264,9.802804587762424,0.2744418102635183,63,64,,False,True,,16,59.56268577710819
25,2026-09-21T07:58:09.760+00:00,2026-09-21T07:58:40.544+00:00,2026-09-21T07:58:42.307+00:00,True,30,30.0,,30.0,30784.421337,32546.894809,32546.89476,1084.896492,20.277732,30784.421337,5609.3572114043445,78.94378205,60.77494731034483,12.04468739925611,0.9217469185940367,63,64,,False,True,,75,59.56268577710819
26,2026-09-21T07:58:10.138+00:00,2026-09-21T07:58:42.569+00:00,2026-09-21T07:58:46.503+00:00,True,57,57.0,,57.0,32430.362997,36364.677493,36364.677416,637.9767967719298,0.0,32430.362997,4288.191551812541,213.03230620000002,70.255616,131.82830979600556,1.5674551221022703,63,64,,False,True,,265,59.56268577710819
27,2026-09-21T07:58:10.527+00:00,2026-09-21T07:58:44.198+00:00,2026-09-21T07:58:46.486+00:00,True,34,34.0,,34.0,33671.577826,35959.14365,35959.143644,1057.621871882353,0.0,33671.577826,5763.960048746508,303.42625995000003,69.32017648484849,120.44431261229163,0.9455175109544078,63,64,,False,True,,102,59.56268577710819
28,2026-09-21T07:58:10.893+00:00,2026-09-21T07:58:46.499+00:00,2026-09-21T07:58:48.950+00:00,True,39,39.0,,39.0,35605.406867,38056.435091,38056.435080999996,975.8060277179486,25.148963,35605.406867,5691.1119781110165,80.51246499999998,64.5007427368421,11.989035433376754,1.0247938333357753,63,64,,False,True,,468,59.56268577710819
29,2026-09-21T07:58:11.240+00:00,2026-09-21T07:58:48.028+00:00,2026-09-21T07:58:52.164+00:00,True,66,66.0,,66.0,36787.80875,40923.507438,40923.507409,620.053142560606,45.873404,36787.80875,4520.44468044448,79.1140855,63.62613366153846,9.71897823859131,1.612764988435838,63,64,,False,True,,132,59.56268577710819
30,2026-09-21T07:58:11.634+00:00,2026-09-21T07:58:49.792+00:00,2026-09-21T07:58:51.028+00:00,True,21,21.0,,21.0,38157.217852,39393.19558,39393.19549,1875.866451904762,44.962015,38157.217852,8313.107919716898,77.846218,61.7988864,10.21686240424763,0.5330869885219909,63,64,,False,True,,42,59.56268577710819
31,2026-09-21T07:58:11.938+00:00,2026-09-21T07:58:51.532+00:00,2026-09-21T07:58:56.200+00:00,True,75,75.0,,75.0,39594.299561,44261.422505,44261.422345,590.1522979333333,0.0,39594.299561,4566.383620584957,82.829251,63.06922897297297,125.82135446081993,1.6944778490010712,63,64,,False,True,,224,59.56268577710819
32,2026-09-21T07:58:12.263+00:00,2026-09-21T07:58:53.630+00:00,2026-09-21T07:58:57.162+00:00,True,66,66.0,,66.0,41366.946116,44898.988356,44898.988422,680.2877033636363,0.0,41366.946116,5085.297525877423,78.09849050000001,54.339111384615386,26.333474021004836,1.4699663047347968,63,64,,False,True,,654,59.56268577710819
33,2026-09-21T07:58:12.655+00:00,2026-09-21T07:58:55.378+00:00,2026-09-21T07:58:58.036+00:00,True,43,43.0,,43.0,42722.562436,45381.234308,45381.234142,1055.3775381860464,38.804874000000005,42722.562436,6505.484485895035,77.83097,63.30171123809524,10.462746422121926,0.9475282163583589,63,64,,False,True,,379,59.56268577710819
34,2026-09-21T07:58:13.139+00:00,2026-09-21T07:58:56.835+00:00,2026-09-21T07:58:58.216+00:00,True,24,24.0,,24.0,43695.778257,45076.664529,45076.664611,1878.1943587916667,42.110655,43695.778257,8907.115144510102,81.3845395,60.03853356521739,11.47697843665919,0.5324262620309814,63,64,,False,True,,82,59.56268577710819
35,2026-09-21T07:58:13.314+00:00,2026-09-21T07:58:58.763+00:00,2026-09-21T07:59:01.815+00:00,True,49,49.0,,49.0,45448.576457999996,48501.166794,48501.166704999996,989.8197286734693,0.0,45448.576457999996,6484.805421184355,79.807313,63.595632,127.98295118785775,1.0102849733104093,63,64,,False,True,,241,59.56268577710819
36,2026-09-21T07:58:13.664+00:00,2026-09-21T07:59:01.285+00:00,2026-09-21T07:59:05.917+00:00,True,85,85.0,,85.0,47620.558443999995,52253.231724,52253.231694999995,614.7439022941176,0.0,47620.558443999995,5160.070983892299,88.30651900000001,55.15087238095238,95.76628454229485,1.6266936454565615,63,64,,False,True,,563,59.56268577710819
37,2026-09-21T07:58:13.897+00:00,2026-09-21T07:59:01.771+00:00,2026-09-21T07:59:05.634+00:00,True,55,55.0,,55.0,47873.719601000004,51736.324657000005,51736.32464200001,940.6604480363637,0.01695,47873.719601000004,6446.744684712362,85.3444633,71.52972325925926,120.1347066183597,1.0630828603430456,63,64,,False,True,,175,59.56268577710819
38,2026-09-21T07:58:14.115+00:00,2026-09-21T07:59:02.946+00:00,2026-09-21T07:59:07.477+00:00,True,74,74.0,,74.0,48831.47217,53361.72497,53361.724930000004,721.104390945946,0.016190000000000003,48831.47217,5670.437113924431,80.91604635,62.05825753424658,112.86212541168851,1.3867617668207475,63,64,,False,True,,518,59.56268577710819
39,2026-09-21T07:58:14.409+00:00,2026-09-21T07:59:04.710+00:00,2026-09-21T07:59:10.326+00:00,True,85,85.0,,85.0,50300.741793,55916.901537,55916.901336,657.8458980705883,0.0,50300.741793,5450.678020311859,93.202063,66.85904457142857,150.31783255314184,1.5201128400105615,63,64,,False,True,,253,59.56268577710819
40,2026-09-21T07:58:14.791+00:00,2026-09-21T07:59:06.503+00:00,2026-09-21T07:59:10.326+00:00,True,51,51.0,,51.0,51711.724589000005,55534.610477,55534.610506000005,1088.913931490196,0.0,51711.724589000005,7231.788293453888,84.4402635,76.45771776000001,143.97832681357812,0.9183462270095865,63,64,,False,True,,102,59.56268577710819
41,2026-09-21T07:58:15.107+00:00,2026-09-21T07:59:08.473+00:00,2026-09-21T07:59:13.827+00:00,True,85,85.0,,85.0,53366.111311,58720.632143,58720.632224,690.8309673411765,0.0,53366.111311,5782.572275777285,83.56809319999998,63.74429561904762,114.429599328125,1.44753210069338,63,64,,False,True,,512,59.56268577710819
42,2026-09-21T07:58:15.403+00:00,2026-09-21T07:59:10.343+00:00,2026-09-21T07:59:15.847+00:00,True,96,96.0,,96.0,54939.665325,60444.509869,60444.509852,629.6303109583333,0.0,54939.665325,5601.387827579196,80.48445225,57.94573204210526,22.765881546962635,1.5882335750270553,63,64,,False,True,,386,59.56268577710819
43,2026-09-21T07:58:15.629+00:00,2026-09-21T07:59:11.365+00:00,2026-09-21T07:59:16.380+00:00,True,79,79.0,,79.0,55736.461827,60750.885379,60750.885265,768.9985476582278,41.567785,55736.461827,6263.615767145307,77.26181100000001,64.28748143589743,9.282160581451723,1.3003925705304742,63,64,,False,True,,86,59.56268577710819
44,2026-09-21T07:58:15.918+00:00,2026-09-21T07:59:13.054+00:00,2026-09-21T07:59:15.701+00:00,True,41,41.0,,41.0,57136.432292000005,59782.977444000004,59782.97734500001,1458.1213986585367,47.055334,57136.432292000005,8912.88260667212,81.274447,66.1636288,8.61256139322139,0.6858139516119882,63,64,,False,True,,164,59.56268577710819
45,2026-09-21T07:58:16.143+00:00,2026-09-21T07:59:14.110+00:00,2026-09-21T07:59:17.086+00:00,True,48,48.0,,48.0,57967.166421999995,60943.136981999996,60943.137004,1269.6486875833332,44.889663,57967.166421999995,8357.706495188686,79.298376,63.31852255319149,10.082537362319155,0.7876194494907138,63,64,,False,True,,504,59.56268577710819
46,2026-09-21T07:58:16.457+00:00,2026-09-21T07:59:15.775+00:00,2026-09-21T07:59:18.020+00:00,True,37,37.0,,37.0,59317.651176,61563.164136,61563.164053,1663.8692987297297,39.298663,59317.651176,9741.514193642814,81.2644532,62.37536,11.72196935047365,0.6010087447464982,63,64,,False,True,,222,59.56268577710819
47,2026-09-21T07:58:16.786+00:00,2026-09-21T07:59:17.581+00:00,2026-09-21T07:59:19.601+00:00,True,32,32.0,,32.0,60794.81075,62815.768958,62815.769058,1962.9927830625,0.01616,60794.81075,10737.300577716629,543.9787255,65.19220025806452,195.31779092861643,0.5094262241921436,63,64,,False,True,,96,59.56268577710819
48,2026-09-21T07:58:17.058+00:00,2026-09-21T07:59:19.455+00:00,2026-09-21T07:59:21.545+00:00,True,42,42.0,,42.0,62397.317897,64487.175945,64487.175841000004,1535.4089485952381,0.0,62397.317897,9621.95310146096,288.66272775000004,50.97214751219513,183.2772718453403,0.6512922822953369,63,64,,False,True,,47,59.56268577710819
49,2026-09-21T07:58:17.394+00:00,2026-09-21T07:59:21.316+00:00,2026-09-21T07:59:23.239+00:00,True,42,42.0,,42.0,63921.852656,65844.92798400001,65844.928075,1567.7363827380952,0.0,63921.852656,9856.16430085577,80.255409,46.90427629268292,30.416150528537994,0.6378623424146775,63,64,,False,True,,42,59.56268577710819
50,2026-09-21T07:58:17.669+00:00,2026-09-21T07:59:22.112+00:00,2026-09-21T07:59:23.622+00:00,True,24,24.0,,24.0,64443.309017,65953.427929,65953.42776,2748.05949,43.539413999999994,64443.309017,13141.037454184367,82.17327435000001,65.657344,10.911134924033123,0.36389314026006975,63,64,,False,True,,24,59.56268577710819
51,2026-09-21T07:58:17.910+00:00,2026-09-21T07:59:23.534+00:00,2026-09-21T07:59:28.440+00:00,True,77,77.0,,77.0,65624.277797,70530.21725300001,70530.217368,915.9768489350649,39.077943,65624.277797,7471.231308572255,80.863103,64.55183494736842,10.40174557094193,1.091730651045525,63,64,,False,True,,385,59.56268577710819
52,2026-09-21T07:58:18.227+00:00,2026-09-21T07:59:25.282+00:00,2026-09-21T07:59:27.785+00:00,True,40,40.0,,40.0,67054.519508,69557.76097999999,69557.760988,1738.9440247,43.573574,67054.519508,10592.108011897242,88.99443004999999,64.18567876923076,11.616042143997428,0.5750616385064671,63,64,,False,True,,265,59.56268577710819
53,2026-09-21T07:58:18.480+00:00,2026-09-21T07:59:26.458+00:00,2026-09-21T07:59:28.446+00:00,True,32,32.0,,32.0,67977.911045,69965.383429,69965.38343,2186.4182321875,46.715434,67977.911045,12005.579890380026,78.317677,64.11201238709678,8.529733977410073,0.45736903639602294,63,64,,False,True,,32,59.56268577710819
54,2026-09-21T07:58:18.772+00:00,2026-09-21T07:59:28.112+00:00,2026-09-21T07:59:32.847+00:00,True,66,66.0,,66.0,69340.474391,74075.178519,74075.178497,1122.3511893484847,0.0,69340.474391,8527.816750991597,82.61556775,72.84160196923077,164.40695178379406,0.8909867153822824,63,64,,False,True,,135,59.56268577710819
55,2026-09-21T07:58:19.166+00:00,2026-09-21T07:59:30.176+00:00,2026-09-21T07:59:31.349+00:00,True,20,20.0,,20.0,71010.56667100001,72182.638351,72182.638204,3609.1319102,47.797555,71010.56667100001,15864.654448808236,3625.7157672000003,61.687983157894735,9.820861070116733,0.27707493736577893,63,64,,False,True,,120,59.56268577710819
56,2026-09-21T07:58:19.444+00:00,2026-09-21T07:59:32.827+00:00,2026-09-21T07:59:35.481+00:00,True,61,61.0,,61.0,73383.000935,76036.516711,76036.516779,1246.5002750655738,0.0,73383.000935,9392.014674049633,75.97376700000001,44.22526293333333,192.8264014000469,0.8022461132964458,63,64,,False,True,,244,59.56268577710819
57,2026-09-21T07:58:19.741+00:00,2026-09-21T07:59:32.880+00:00,2026-09-21T07:59:37.849+00:00,True,78,78.0,,78.0,73138.863159,78108.539191,78108.539056,1001.3915263589744,0.01523,73138.863159,8276.044740128382,172.02990999999997,64.54124716883116,183.45189897643934,0.9986104055699391,63,64,,False,True,,81,59.56268577710819
58,2026-09-21T07:58:20.125+00:00,2026-09-21T07:59:35.523+00:00,2026-09-21T07:59:38.615+00:00,True,54,54.0,,54.0,75398.239422,78489.576126,78489.576133,1453.5106691296296,0.02137,75398.239422,10252.538125915204,164.01893164999998,58.32710762264151,39.50045013560682,0.6879894460547644,63,64,,False,True,,270,59.56268577710819
59,2026-09-21T07:58:20.345+00:00,2026-09-21T07:59:36.367+00:00,2026-09-21T07:59:37.703+00:00,True,21,21.0,,21.0,76021.552463,77357.907023,77357.90693,3683.709853809524,6.70352,76021.552463,16574.70568985563,167.559035,66.817728,28.770521829996014,0.2714654623961878,63,64,,False,True,,143,59.56268577710819
60,2026-09-21T07:58:20.571+00:00,2026-09-21T07:59:37.443+00:00,2026-09-21T07:59:40.339+00:00,True,48,48.0,,48.0,76872.22345399999,79768.73724599999,79768.737279,1661.8486933124998,33.510703,76872.22345399999,11086.659846750343,77.9813355,61.627953021276596,11.008901059261154,0.6017394991721141,63,64,,False,True,,108,59.56268577710819
61,2026-09-21T07:58:20.855+00:00,2026-09-21T07:59:39.229+00:00,2026-09-21T07:59:44.375+00:00,True,81,81.0,,81.0,78373.464301,83520.045037,83520.044914,1031.1116656049383,40.831674,78373.464301,8701.022801864323,79.865577,64.33225920000001,11.969779702986616,0.9698270632411224,63,64,,False,True,,611,59.56268577710819
62,2026-09-21T07:58:21.118+00:00,2026-09-21T07:59:40.472+00:00,2026-09-21T07:59:41.699+00:00,True,20,20.0,,20.0,79353.90553399999,80581.02386999999,80581.02383199999,4029.0511915999996,40.886574,79353.90553399999,17729.633504247915,4041.4589168499997,64.58517557894737,9.639723353701427,0.2481973923819293,63,64,,False,True,,127,59.56268577710819
63,2026-09-21T07:58:21.341+00:00,2026-09-21T07:59:41.568+00:00,2026-09-21T07:59:43.981+00:00,True,38,38.0,,38.0,80227.048087,82640.04264700001,82640.042829,2174.7379691842107,44.402194,80227.048087,13003.973110453451,86.7792628,65.21606918918918,13.482975006047058,0.4598255129455632,63,64,,False,True,,81,59.56268577710819
64,2026-09-21T07:58:21.722+00:00,2026-09-21T07:59:43.361+00:00,2026-09-21T07:59:44.703+00:00,True,22,22.0,,22.0,81638.666006,82981.47919,82981.479094,3771.8854133636364,43.281614000000005,81638.666006,17391.792604760587,83.70284899999999,63.943484952380956,11.021176802338589,0.26511940031374126,63,64,,False,True,,44,59.56268577710819
65,2026-09-21T07:58:21.991+00:00,2026-09-21T07:59:44.700+00:00,2026-09-21T07:59:48.187+00:00,True,55,55.0,,55.0,82708.76601600001,86195.59532800001,86195.59534200002,1567.1926425818183,0.0,82708.76601600001,11146.22637343768,79.212366,64.57091318518519,237.58004876930778,0.6380836490624441,63,64,,False,True,,137,59.56268577710819
66,2026-09-21T07:58:22.384+00:00,2026-09-21T07:59:46.962+00:00,2026-09-21T07:59:52.520+00:00,True,91,91.0,,91.0,84578.165824,90135.359808,90135.359822,990.4984595824176,0.0,84578.165824,8859.739252539961,77.8747565,61.74659982222222,14.153713386775546,1.0095926858653674,63,64,,False,True,,293,59.56268577710819
67,2026-09-21T07:58:22.607+00:00,2026-09-21T07:59:47.843+00:00,2026-09-21T07:59:51.170+00:00,True,54,54.0,,54.0,85235.897178,88562.875482,88562.875441,1640.0532489074074,42.586534,85235.897178,11590.597295346472,74.568802,62.773175547169814,8.703446978468019,0.609736299844682,63,64,,False,True,,162,59.56268577710819
68,2026-09-21T07:58:23.338+00:00,2026-09-21T07:59:51.369+00:00,2026-09-21T07:59:52.662+00:00,True,21,21.0,,21.0,88030.983432,89323.03770399999,89323.037696,4253.477985523809,43.559332999999995,88030.983432,19195.84067412535,83.31500799999999,64.6027136,10.371917143006893,0.23510172224090847,63,64,,False,True,,42,59.56268577710819
69,2026-09-21T07:58:23.375+00:00,2026-09-21T07:59:51.742+00:00,2026-09-21T07:59:56.273+00:00,True,72,72.0,,72.0,88367.14298100001,92897.41856500001,92897.41866000001,1290.2419258333334,0.015529999999999999,88367.14298100001,10408.311572991275,182.88989239999998,63.80669836619718,187.4094044859208,0.7750484471172021,63,64,,False,True,,443,59.56268577710819
70,2026-09-21T07:58:23.527+00:00,2026-09-21T07:59:52.667+00:00,2026-09-21T07:59:58.575+00:00,True,94,94.0,,94.0,89139.552486,95047.74679,95047.746776,1011.1462422978724,0.01554,89139.552486,9188.721586206073,128.8740954,63.528971010752684,151.23482512680945,0.9889766267440836,63,64,,False,True,,381,59.56268577710819
71,2026-09-21T07:58:23.752+00:00,2026-09-21T07:59:54.300+00:00,2026-09-21T07:59:55.139+00:00,True,13,13.0,,13.0,90547.99363699999,91386.75510899999,91386.75507099999,7029.7503900769225,0.0161,90547.99363699999,25094.880349071256,36649.588952599996,69.89678933333333,205.50060882458973,0.14225256148436907,63,64,,False,True,,68,59.56268577710819
72,2026-09-21T07:58:24.124+00:00,2026-09-21T07:59:55.890+00:00,2026-09-21T08:00:02.900+00:00,True,99,99.0,,99.0,91766.18016799999,98775.84186399999,98775.84181399998,997.7357758989898,0.0,91766.18016799999,9217.591395813119,80.166814,71.52716016326531,189.68554086723998,1.0022693619388094,63,64,,False,True,,347,59.56268577710819
73,2026-09-21T07:58:24.410+00:00,2026-09-21T07:59:57.165+00:00,2026-09-21T07:59:59.835+00:00,True,45,45.0,,45.0,92754.8243,95424.93988399999,95424.93967499999,2120.5542149999997,40.699743000000005,92754.8243,13818.030221091321,80.0021752,60.684445090909094,10.22660137035879,0.47157483205860734,63,64,,False,True,,135,59.56268577710819
74,2026-09-21T07:58:24.681+00:00,2026-09-21T07:59:58.516+00:00,2026-09-21T08:00:02.886+00:00,True,63,63.0,,63.0,93834.485021,98204.878109,98204.878255,1558.8075913492064,0.0,93834.485021,11815.524152371103,79.6520519,70.49021109677419,238.63485205423424,0.6415159940433383,63,64,,False,True,,252,59.56268577710819
75,2026-09-21T07:58:24.998+00:00,2026-09-21T08:00:00.280+00:00,2026-09-21T08:00:00.639+00:00,True,6,6.0,,6.0,95282.75911300001,95641.744841,95641.74480500001,15940.290800833334,61.033355,95282.75911300001,38869.71284613391,71481.15558650001,71.7971456,6.129194025685009,0.06273411270334647,63,64,,False,True,,30,59.56268577710819
77,2026-09-21T07:58:25.435+00:00,2026-09-21T08:00:02.879+00:00,2026-09-21T08:00:04.962+00:00,True,39,39.0,,39.0,97444.063037,99527.223357,99527.22336,2551.980086153846,0.0,97444.063037,15594.776799343957,77.7879051,54.820008421052634,23.41288349873356,0.3918525875087324,63,64,,False,True,,117,59.56268577710819
76,2026-09-21T07:58:25.218+00:00,2026-09-21T08:00:02.885+00:00,2026-09-21T08:00:04.375+00:00,True,48,48.0,,48.0,97666.928659,99156.299283,99156.29929,2065.7562352083332,0.0,97666.928659,14092.469702280712,77.41498765,31.688736680851065,32.5048928036037,0.4840842220523395,63,64,,False,True,,53,59.56268577710819
78,2026-09-21T07:58:25.763+00:00,2026-09-21T08:00:04.146+00:00,2026-09-21T08:00:09.201+00:00,True,82,82.0,,82.0,98383.141264,103438.05684800001,103438.05683900001,1261.4397175487807,44.714734,98383.141264,10857.712966065197,77.5031475,62.4063652345679,9.571094441806675,0.7927449770300425,63,64,,False,True,,409,59.56268577710819
79,2026-09-21T07:58:26.137+00:00,2026-09-21T08:00:05.727+00:00,2026-09-21T08:00:09.408+00:00,True,61,61.0,,61.0,99590.193894,103271.145958,103271.146048,1692.9696073442622,45.352534,99590.193894,12743.365429030782,75.513147,61.34920106666667,8.352133554624821,0.5906780585625387,63,64,,False,True,,152,59.56268577710819
80,2026-09-21T07:58:26.467+00:00,2026-09-21T08:00:07.542+00:00,2026-09-21T08:00:09.566+00:00,True,34,34.0,,34.0,101074.73975,103099.08765399999,103099.08786799999,3032.3261137647055,43.515784,101074.73975,17323.657278198254,79.46599515,61.34387587878788,10.01378869434983,0.3297798338827578,63,64,,True,True,,306,59.56268577710819
81,2026-09-21T07:58:26.680+00:00,2026-09-21T08:00:08.833+00:00,2026-09-21T08:00:14.250+00:00,True,86,86.0,,86.0,102153.441862,107570.51091800001,107570.510718,1250.8198920697675,45.349792,102153.441862,11008.620729502605,78.15582850000001,63.7302241882353,9.449412405987417,0.7994756115415032,63,64,,True,True,,1118,59.56268577710819
82,2026-09-21T07:58:26.965+00:00,2026-09-21T08:00:10.248+00:00,2026-09-21T08:00:11.012+00:00,True,13,13.0,,13.0,103282.454316,104046.98142,104046.981514,8003.6139626153845,45.940414,103282.454316,28627.730767775654,41363.0551926,63.710592,11.373521916208398,0.12494355744472496,63,64,,True,True,,13,59.56268577710819
83,2026-09-21T07:58:27.293+00:00,2026-09-21T08:00:11.771+00:00,2026-09-21T08:00:16.216+00:00,True,72,72.0,,72.0,104478.028607,108923.95091099999,108923.950987,1512.8326525972222,43.983964,104478.028607,12305.477507098223,76.51296195,62.618624,9.25410021524954,0.6610116452609219,63,64,,True,True,,182,59.56268577710819
84,2026-09-21T07:58:27.627+00:00,2026-09-21T08:00:13.718+00:00,2026-09-21T08:00:16.279+00:00,True,42,42.0,,42.0,106091.090082,108652.06365,108652.063878,2586.9539018571427,46.650285000000004,106091.090082,16360.575081756886,76.33565105,62.462769951219514,9.509868746438054,0.3865550141347913,63,64,,True,True,,42,59.56268577710819
85,2026-09-21T07:58:27.961+00:00,2026-09-21T08:00:15.732+00:00,2026-09-21T08:00:16.491+00:00,True,13,13.0,,13.0,107770.63333499999,108530.09112699999,108530.09114199999,8348.468549384615,49.367415,107770.63333499999,29872.644190793646,43155.4056162,63.28814933333334,9.675924093935246,0.11978244802897686,63,64,,True,True,,29,59.56268577710819
86,2026-09-21T07:58:28.358+00:00,2026-09-21T08:00:17.570+00:00,2026-09-21T08:00:20.593+00:00,True,48,48.0,,48.0,109211.544766,112235.49459,112235.494821,2338.2394754375,47.444854,109211.544766,15754.044403609758,75.97179865,64.33935795744681,8.60192914791414,0.4276721920756495,63,64,,True,True,,199,59.56268577710819
87,2026-09-21T07:58:28.727+00:00,2026-09-21T08:00:19.481+00:00,2026-09-21T08:00:20.664+00:00,True,19,19.0,,19.0,110753.903081,111937.69239299999,111937.692369,5891.457493105263,52.667684,110753.903081,25393.601890934227,11147.059851499998,65.76607288888889,9.584143925947844,0.1697372850361543,63,64,,True,True,,78,59.56268577710819
88,2026-09-21T07:58:29.017+00:00,2026-09-21T08:00:20.809+00:00,2026-09-21T08:00:25.874+00:00,True,83,83.0,,83.0,111792.513639,116857.12112699999,116857.12131599999,1407.9171242891566,44.716943,111792.513639,12264.046128194777,76.325661,61.763505951219514,8.662501808686072,0.7102690807331787,63,64,,True,True,,167,59.56268577710819
89,2026-09-21T07:58:29.345+00:00,2026-09-21T08:00:22.388+00:00,2026-09-21T08:00:23.752+00:00,True,23,23.0,,23.0,113043.280252,114407.096188,114407.096094,4974.221569304348,48.150604,113043.280252,23558.228778907862,74.7515161,61.99163345454545,8.83759093840195,0.20103648083336667,63,64,,True,True,,27,59.56268577710819
90,2026-09-21T07:58:29.643+00:00,2026-09-21T08:00:23.957+00:00,2026-09-21T08:00:28.538+00:00,True,74,74.0,,74.0,114313.860148,118894.75640400001,118894.756429,1606.6858976891892,43.070693,114313.860148,13281.425116840013,78.2920835,62.75200350684932,9.807126172565017,0.6223991893179099,63,64,,True,True,,166,59.56268577710819
91,2026-09-21T07:58:30.034+00:00,2026-09-21T08:00:26.257+00:00,2026-09-21T08:00:32.283+00:00,True,96,96.0,,96.0,116223.258019,122248.812451,122248.812427,1273.4251294479168,41.726822999999996,116223.258019,11855.516678143205,77.531256,63.42688875789474,9.23401359505969,0.7852837019458074,63,64,,True,True,,193,59.56268577710819
92,2026-09-21T07:58:30.276+00:00,2026-09-21T08:00:27.359+00:00,2026-09-21T08:00:28.540+00:00,True,20,20.0,,20.0,117083.130725,118263.896677,118263.896813,5913.19484065,41.075804,117083.130725,26166.690157226927,5929.667671950001,62.14557642105264,11.514679024859655,0.1691133182819403,63,64,,True,True,,120,59.56268577710819
93,2026-09-21T07:58:30.584+00:00,2026-09-21T08:00:28.937+00:00,2026-09-21T08:00:29.924+00:00,True,17,17.0,,17.0,118352.32604,119339.542936,119339.542914,7019.973112588235,47.388063,118352.32604,28689.69237715997,23732.6894208,61.701056,10.23150273982854,0.14245068802648964,63,64,,True,True,,19,59.56268577710819
94,2026-09-21T07:58:30.935+00:00,2026-09-21T08:00:30.844+00:00,2026-09-21T08:00:32.578+00:00,True,28,28.0,,28.0,119909.044366,121642.89627,121642.896315,4344.3891541071425,40.932572,119909.044366,22648.545832712218,79.6931962,64.21673718518518,10.34297785100673,0.2301819576693642,63,64,,True,True,,84,59.56268577710819
95,2026-09-21T07:58:31.269+00:00,2026-09-21T08:00:32.648+00:00,2026-09-21T08:00:33.357+00:00,True,12,12.0,,12.0,121379.186715,122088.415771,122088.415928,10174.034660666666,44.108153,121379.186715,35020.54164104834,54661.263223,64.47536872727272,8.860386722751791,0.09828942348230874,63,64,,True,True,,37,59.56268577710819
96,2026-09-21T07:58:31.596+00:00,2026-09-21T08:00:34.045+00:00,2026-09-21T08:00:38.985+00:00,True,81,81.0,,81.0,122448.936065,127388.456577,127388.456432,1572.6969929876543,44.063263,122448.936065,13598.579942142778,75.668855,61.744006399999996,9.160017290284529,0.6358503916015305,63,64,,True,True,,0,59.56268577710819
97,2026-09-21T07:58:31.902+00:00,2026-09-21T08:00:35.575+00:00,2026-09-21T08:00:40.038+00:00,True,72,72.0,,72.0,123673.027507,128135.160499,128135.160497,1779.6550069027778,40.368432999999996,123673.027507,14567.602826948685,77.07470300000001,62.84694354929577,9.94022848286267,0.5619066594961802,63,64,,True,True,,147,59.56268577710819
98,2026-09-21T07:58:32.128+00:00,2026-09-21T08:00:36.731+00:00,2026-09-21T08:00:42.020+00:00,True,83,83.0,,83.0,124602.67576,129891.40996799999,129891.409982,1564.9567467710842,43.207494,124602.67576,13669.844319294518,75.789191,64.49675863414635,9.499932829418594,0.6389952963051817,63,64,,True,True,,291,59.56268577710819
99,2026-09-21T07:58:32.486+00:00,2026-09-21T08:00:38.660+00:00,2026-09-21T08:00:38.860+00:00,True,4,4.0,,4.0,126173.181125,126373.398725,126373.39879,31593.3496975,56.721814,126173.181125,63053.22139816527,107258.42107265002,66.7392,9.1903273606043,0.03165223093116585,63,64,,True,True,,32,59.56268577710819
100,2026-09-21T07:58:33.362+00:00,2026-09-21T08:00:40.620+00:00,2026-09-21T08:00:40.966+00:00,True,6,6.0,,6.0,127258.14834999999,127603.72351799998,127603.72340599999,21267.287234333333,61.262925,127258.14834999999,51924.705721090904,95463.00632149998,69.11503359999999,6.185746404574698,0.0470205714581176,63,64,,True,True,,18,59.56268577710819
101,2026-09-21T07:58:33.469+00:00,2026-09-21T08:00:41.025+00:00,2026-09-21T08:00:41.594+00:00,True,10,10.0,,10.0,127556.17201899999,128124.72753899998,128124.727552,12812.472755199999,49.531053,127556.17201899999,40316.82723106591,70190.93120004999,63.17283555555555,9.12030234486126,0.07804894646083124,63,64,,True,True,,10,59.56268577710819
102,2026-09-21T07:58:33.495+00:00,2026-09-21T08:00:43.560+00:00,2026-09-21T08:00:49.922+00:00,True,100,100.0,,100.0,130064.830615,136426.346903,136426.346937,1364.26346937,41.233123,130064.830615,13000.06029116233,77.501552,64.25774028282828,8.882235999287627,0.7329962450075764,63,64,,True,True,,500,59.56268577710819
103,2026-09-21T07:58:33.740+00:00,2026-09-21T08:00:45.505+00:00,2026-09-21T08:00:46.018+00:00,True,9,9.0,,9.0,131764.911874,132277.44819400003,132277.448172,14697.494241333336,53.507214,131764.911874,43900.282806858035,79089.7975228,64.06704,10.948542637985646,0.06803880875295137,63,64,,True,True,,30,59.56268577710819
104,2026-09-21T07:58:33.962+00:00,2026-09-21T08:00:46.678+00:00,2026-09-21T08:00:52.149+00:00,True,87,87.0,,87.0,132715.035898,138186.24153,138186.241515,1588.3476036206896,42.859693,132715.035898,14221.728013356542,78.16486669999999,63.618670139534885,9.739137187725872,0.6295851094633936,63,64,,True,True,,261,59.56268577710819
105,2026-09-21T07:58:34.273+00:00,2026-09-21T08:00:48.368+00:00,2026-09-21T08:00:54.152+00:00,True,93,93.0,,93.0,134094.633141,139878.795189,139878.795031,1504.0730648494623,42.804354,134094.633141,13898.449197319092,77.26160740000002,62.87132660869565,9.091190404817153,0.6648613170734079,63,64,,True,True,,443,59.56268577710819
106,2026-09-21T07:58:34.515+00:00,2026-09-21T08:00:49.781+00:00,2026-09-21T08:00:50.692+00:00,True,15,15.0,,15.0,135265.690761,136176.692105,136176.692069,9078.446137933333,47.756264,135265.690761,34908.65066976718,40634.2193265,65.07152457142857,8.176317239917113,0.11015100872353503,63,64,,True,True,,24,59.56268577710819
107,2026-09-21T07:58:34.806+00:00,2026-09-21T08:00:51.188+00:00,2026-09-21T08:00:51.302+00:00,True,3,3.0,,3.0,136382.100715,136495.631851,136495.631954,45498.54398466667,48.101114,136382.100715,78707.46939166856,122750.43365600001,56.765568,12.253379872076438,0.021978725321223684,63,64,,True,True,,34,59.56268577710819
108,2026-09-21T07:58:35.196+00:00,2026-09-21T08:00:53.315+00:00,2026-09-21T08:00:56.801+00:00,True,56,56.0,,56.0,138118.928412,141604.98921200001,141604.98926200002,2528.6605225357143,42.534862999999994,138118.928412,18448.450221972515,76.85854349999998,63.382923636363635,8.564908919637851,0.3954662919126468,63,64,,True,True,,118,59.56268577710819
109,2026-09-21T07:58:35.439+00:00,2026-09-21T08:00:54.439+00:00,2026-09-21T08:00:57.171+00:00,True,45,45.0,,45.0,139000.18126100002,141731.32673300002,141731.32674400002,3149.585038755556,45.755112999999994,139000.18126100002,20711.67238181861,77.39885179999999,62.071488,8.832901172235477,0.3175021432260566,63,64,,True,True,,225,59.56268577710819
110,2026-09-21T07:58:35.723+00:00,2026-09-21T08:00:56.109+00:00,2026-09-21T08:00:59.664+00:00,True,57,57.0,,57.0,140385.93604600002,143940.65425400002,143940.65433100003,2525.2746373859654,42.072063,140385.93604600002,18586.16632845359,77.53995280000001,63.47711085714286,9.920674445689205,0.3959965327058808,63,64,,True,True,,114,59.56268577710819
111,2026-09-21T07:58:36.085+00:00,2026-09-21T08:00:57.987+00:00,2026-09-21T08:01:03.843+00:00,True,92,92.0,,92.0,141901.194868,147758.06193999999,147758.06199299998,1606.0658912282609,42.891703,141901.194868,14787.515499422723,76.10433404999999,64.36117661538462,10.03129978230414,0.6226394606973011,63,64,,True,True,,552,59.56268577710819
112,2026-09-21T07:58:36.302+00:00,2026-09-21T08:00:59.127+00:00,2026-09-21T08:01:02.578+00:00,True,54,54.0,,54.0,142824.75791100002,146275.83042300004,146275.83035700003,2708.811673277778,43.752873,142824.75791100002,19427.12959642635,77.395121,65.11457569811321,10.561379503926291,0.3691655678442772,63,64,,True,True,,432,59.56268577710819
113,2026-09-21T07:58:36.683+00:00,2026-09-21T08:01:00.884+00:00,2026-09-21T08:01:07.004+00:00,True,98,98.0,,98.0,144200.989732,150320.743204,150320.74336599998,1533.885136387755,42.327233,144200.989732,14560.129552790066,75.98327065,63.09024197938144,9.331363749548368,0.6519392993354509,63,64,,True,True,,610,59.56268577710819
114,2026-09-21T07:58:36.949+00:00,2026-09-21T08:01:02.252+00:00,2026-09-21T08:01:06.876+00:00,True,75,75.0,,75.0,145302.96857499998,149927.02361499998,149927.02353799998,1999.0269805066664,43.095893,145302.96857499998,16770.928594055214,76.4162237,62.487230270270274,9.02143270139784,0.500243373019888,63,64,,True,True,,178,59.56268577710819
115,2026-09-21T07:58:37.318+00:00,2026-09-21T08:01:04.200+00:00,2026-09-21T08:01:09.654+00:00,True,88,88.0,,88.0,146881.812533,152335.90405299998,152335.90402699998,1731.0898184886362,44.163834,146881.812533,15650.97426462429,78.00822799999999,62.690707126436784,10.20782074390276,0.5776707766107684,63,64,,True,True,,202,59.56268577710819
116,2026-09-21T07:58:37.541+00:00,2026-09-21T08:01:05.328+00:00,2026-09-21T08:01:09.836+00:00,True,73,73.0,,73.0,147786.463912,152294.693544,152294.69345700002,2086.228677493151,41.751543,147786.463912,17289.77186375318,79.11028999999999,62.614300444444446,10.319488494073973,0.4793338382398025,63,64,,True,True,,291,59.56268577710819
117,2026-09-21T07:58:37.788+00:00,2026-09-21T08:01:06.877+00:00,2026-09-21T08:01:11.650+00:00,True,76,76.0,,76.0,149088.853262,153861.73185399998,153861.73181599998,2024.4964712631577,43.230613,149088.853262,17094.367364063186,76.516311,63.63838122666667,9.929600679353827,0.49394998408127055,63,64,,True,True,,383,59.56268577710819
118,2026-09-21T07:58:38.123+00:00,2026-09-21T08:01:08.882+00:00,2026-09-21T08:01:12.359+00:00,True,56,56.0,,56.0,150758.769416,154235.685896,154235.685824,2754.2086754285715,43.362415,150758.769416,20137.54294102245,77.03039575000001,63.216663272727274,10.428454359508482,0.3630806948124858,63,64,,True,True,,446,59.56268577710819
119,2026-09-21T07:58:38.460+00:00,2026-09-21T08:01:10.759+00:00,2026-09-21T08:01:14.938+00:00,True,66,66.0,,66.0,152298.28362099998,156477.20970099999,156477.20956199997,2370.8668115454543,49.575443,152298.28362099998,18738.71209172102,78.80764599999999,64.29117046153847,10.655569346991921,0.42178666226292133,63,64,,True,True,,462,59.56268577710819
120,2026-09-21T07:58:38.794+00:00,2026-09-21T08:01:12.739+00:00,2026-09-21T08:01:18.038+00:00,True,84,84.0,,84.0,153944.880033,159243.306401,159243.306326,1895.753646738095,45.013523,153944.880033,16789.801393568145,77.25941265000002,63.83646226506024,10.191388090162002,0.5274946991396587,63,64,,True,True,,417,59.56268577710819
121,2026-09-21T07:58:39.058+00:00,2026-09-21T08:01:14.172+00:00,2026-09-21T08:01:15.496+00:00,True,22,22.0,,22.0,155113.887782,156437.995814,156437.99588,7110.817994545455,44.989442000000004,155113.887782,33056.95041755278,74.6148544,63.052763428571424,9.575217820827454,0.14063079679285415,63,64,,True,True,,50,59.56268577710819
122,2026-09-21T07:58:39.437+00:00,2026-09-21T08:01:16.090+00:00,2026-09-21T08:01:22.133+00:00,True,97,97.0,,97.0,156652.981544,162696.34410400002,162696.34421900002,1677.2818991649485,43.579443,156652.981544,15899.311824773436,76.0951312,62.95169333333334,10.131145425005426,0.5962027022438495,63,64,,True,True,,320,59.56268577710819
123,2026-09-21T07:58:39.717+00:00,2026-09-21T08:01:17.427+00:00,2026-09-21T08:01:17.792+00:00,True,7,7.0,,7.0,157710.21179499998,158075.244755,158075.24459199997,22582.17779885714,49.622264,157710.21179499998,59585.86327376708,110420.02325529998,60.83882666666666,12.481027865326007,0.044282708597726754,63,64,,True,True,,24,59.56268577710819
124,2026-09-21T07:58:40.069+00:00,2026-09-21T08:01:19.314+00:00,2026-09-21T08:01:22.738+00:00,True,56,56.0,,56.0,159244.979579,162668.881019,162668.88095700002,2904.8014456607143,45.132353,159244.979579,21271.688643616697,74.967088,62.252753454545456,9.337771236726686,0.3442576087645129,63,64,,True,True,,336,59.56268577710819
125,2026-09-21T07:58:40.418+00:00,2026-09-21T08:01:21.121+00:00,2026-09-21T08:01:24.170+00:00,True,48,48.0,,48.0,160702.586767,163751.369103,163751.369157,3411.4868574375,44.871933,160702.586767,23186.059742135523,78.26662215,64.86770927659575,10.110064198268182,0.2931273201740859,63,64,,True,True,,432,59.56268577710819
126,2026-09-21T07:58:40.739+00:00,2026-09-21T08:01:22.947+00:00,2026-09-21T08:01:24.285+00:00,True,21,21.0,,21.0,162208.163448,163545.591416,163545.59149000002,7787.88530904762,53.422863,162208.163448,35382.13170991791,84.105435,66.8713984,8.799588896984044,0.12840456179942938,63,64,,True,True,,42,59.56268577710819
127,2026-09-21T07:58:41.022+00:00,2026-09-21T08:01:24.286+00:00,2026-09-21T08:01:26.157+00:00,True,31,31.0,,31.0,163264.51216100002,165135.48355300003,165135.483512,5326.951081032259,46.70005200000001,163264.51216100002,29311.97219374758,76.827155,62.36571306666667,9.179079290642242,0.1877246448371624,63,64,,True,True,,186,59.56268577710819
128,2026-09-21T07:58:41.358+00:00,2026-09-21T08:01:25.916+00:00,2026-09-21T08:01:27.075+00:00,True,20,20.0,,20.0,164557.470594,165717.01901000002,165717.019077,8285.85095385,47.513053,164557.470594,36782.52361426407,8300.547451450002,61.028864,8.980243694749888,0.1206876645469535,63,64,,True,True,,40,59.56268577710819
129,2026-09-21T07:58:41.708+00:00,2026-09-21T08:01:27.751+00:00,2026-09-21T08:01:29.691+00:00,True,32,32.0,,32.0,166043.519826,167983.79093000002,167983.790751,5249.49346096875,42.756563,166043.519826,29341.562142455878,77.114007,62.58939045161291,10.379895885300003,0.19049456987986785,63,64,,True,True,,156,59.56268577710819
130,2026-09-21T07:58:41.969+00:00,2026-09-21T08:01:28.952+00:00,2026-09-21T08:01:32.245+00:00,True,54,54.0,,54.0,166983.066014,170276.598686,170276.598632,3153.2703450370373,46.911902000000005,166983.066014,22715.06224945046,77.357519,62.14212588679245,8.721311008251936,0.31713107036850763,63,64,,True,True,,108,59.56268577710819
131,2026-09-21T07:58:42.280+00:00,2026-09-21T08:01:30.407+00:00,2026-09-21T08:01:34.014+00:00,True,59,59.0,,59.0,168127.33044100003,171734.63156100002,171734.631576,2910.756467389831,42.179311,168127.33044100003,21880.218785867073,77.49361,62.194846896551724,8.975192905395017,0.3435533035108486,63,64,,True,True,,118,59.56268577710819
132,2026-09-21T07:58:42.628+00:00,2026-09-21T08:01:32.318+00:00,2026-09-21T08:01:35.251+00:00,True,47,47.0,,47.0,169689.610658,172623.249058,172623.24904599998,3672.835086085106,45.576992,169689.610658,24742.472551033996,76.347808,63.77474782608695,8.529229842626798,0.2722692352071788,63,64,,True,True,,234,59.56268577710819
133,2026-09-21T07:58:43.481+00:00,2026-09-21T08:01:35.400+00:00,2026-09-21T08:01:36.698+00:00,True,22,22.0,,22.0,171919.538965,173217.156117,173217.156156,7873.507098000001,43.988703,171919.538965,36640.19652678818,77.63223400000001,61.79129295238096,11.137942860191009,0.12700820457495585,63,64,,True,True,,66,59.56268577710819
134,2026-09-21T07:58:43.673+00:00,2026-09-21T08:01:36.393+00:00,2026-09-21T08:01:37.931+00:00,True,25,25.0,,25.0,172719.53374900002,174258.11499700003,174258.11519200003,6970.324607680001,44.846443,172719.53374900002,34531.086415545265,79.82733999999999,64.107552,9.212777499850803,0.14346534163089272,63,64,,True,True,,25,59.56268577710819
135,2026-09-21T07:58:43.678+00:00,2026-09-21T08:01:36.521+00:00,2026-09-21T08:01:40.979+00:00,True,71,71.0,,71.0,172842.95487599997,177300.57125999997,177300.57133699997,2497.191145591549,48.032852,172842.95487599997,20505.12942295022,77.232425,63.680234057142854,9.16052441585581,0.4004499223856591,63,64,,True,True,,142,59.56268577710819
136,2026-09-21T07:58:43.878+00:00,2026-09-21T08:01:38.807+00:00,2026-09-21T08:01:44.299+00:00,True,89,89.0,,89.0,174928.615529,180420.878185,180420.878156,2027.2008781573034,44.064422,174928.615529,18535.782648942946,76.7542744,62.41207563636363,8.988011330269398,0.4932910253808938,63,64,,True,True,,89,59.56268577710819
137,2026-09-21T07:58:44.102+00:00,2026-09-21T08:01:39.666+00:00,2026-09-21T08:01:45.553+00:00,True,96,96.0,,96.0,175563.63085299998,181451.190277,181451.19031099998,1890.1165657395832,42.192454,175563.63085299998,17912.065115874604,75.17584849999999,61.97430972631579,9.128473578866785,0.5290678989399199,63,64,,True,True,,736,59.56268577710819
138,2026-09-21T07:58:44.473+00:00,2026-09-21T08:01:41.443+00:00,2026-09-21T08:01:45.551+00:00,True,68,68.0,,68.0,176969.92868900002,181077.33553700004,181077.33541200001,2662.9019913529414,42.454012999999996,176969.92868900002,21453.32415468099,76.25250349999999,61.304579820895526,9.994087093762504,0.3755301556560919,63,64,,True,True,,136,59.56268577710819
139,2026-09-21T07:58:44.826+00:00,2026-09-21T08:01:43.419+00:00,2026-09-21T08:01:47.893+00:00,True,72,72.0,,72.0,178592.746921,183067.182505,183067.182322,2542.5997544722222,41.358053,178592.746921,21039.932398857592,79.3925685,63.02021949295775,9.978473840965826,0.3932982362801891,63,64,,True,True,,229,59.56268577710819
140,2026-09-21T07:58:45.223+00:00,2026-09-21T08:01:45.372+00:00,2026-09-21T08:01:46.917+00:00,True,26,26.0,,26.0,180149.34622600002,181694.20613000004,181694.20612800002,6988.23869723077,48.390763,180149.34622600002,35318.07586970997,77.94785150000001,61.79439616,9.468059563472162,0.1430975734107741,63,64,,True,True,,123,59.56268577710819
141,2026-09-21T07:58:45.482+00:00,2026-09-21T08:01:46.654+00:00,2026-09-21T08:01:52.409+00:00,True,91,91.0,,91.0,181172.28060600001,186926.70851000003,186926.708607,2054.1396550219783,43.021502999999996,181172.28060600001,18985.31534573766,77.095079,63.93808782222222,9.638161421175813,0.4868218176276921,63,64,,True,True,,303,59.56268577710819
142,2026-09-21T07:58:45.717+00:00,2026-09-21T08:01:47.888+00:00,2026-09-21T08:01:52.636+00:00,True,76,76.0,,76.0,182170.521939,186919.244627,186919.244576,2459.4637444210525,44.103303,182170.521939,20889.130978763907,77.08941399999999,63.316302506666666,8.890214936226792,0.4065926981015736,63,64,,True,True,,228,59.56268577710819
143,2026-09-21T07:58:46.074+00:00,2026-09-21T08:01:49.570+00:00,2026-09-21T08:01:51.471+00:00,True,30,30.0,,30.0,183495.77709299998,185396.57504499998,185396.57487599997,6179.8858291999995,50.719483,183495.77709299998,33489.62645424044,81.059302,65.54475696551724,8.841579756342167,0.16181528700149028,63,64,,True,True,,90,59.56268577710819
144,2026-09-21T07:58:46.319+00:00,2026-09-21T08:01:50.981+00:00,2026-09-21T08:01:55.845+00:00,True,77,77.0,,77.0,184661.840226,189526.085218,189526.085297,2461.37773112987,39.872552000000006,184661.840226,21036.878029928776,77.3542908,64.00322357894737,9.489289064660035,0.4062765286975232,63,64,,True,True,,77,59.56268577710819
145,2026-09-21T07:58:46.663+00:00,2026-09-21T08:01:52.307+00:00,2026-09-21T08:01:53.143+00:00,True,15,15.0,,15.0,185643.5565,186480.029076,186480.029045,12432.001936333334,44.804452,185643.5565,47917.5340792574,55745.4701988,59.74804114285714,8.969734369551926,0.08043756789573829,63,64,,True,True,,30,59.56268577710819
146,2026-09-21T07:58:46.947+00:00,2026-09-21T08:01:53.989+00:00,2026-09-21T08:01:56.724+00:00,True,44,44.0,,44.0,187042.518861,189777.225805,189777.225909,4313.118770659091,45.640673,187042.518861,28188.13434346893,76.75647085,63.59783590697675,8.991925662074074,0.23185079143906817,63,64,,True,True,,191,59.56268577710819
147,2026-09-21T07:58:47.238+00:00,2026-09-21T08:01:55.403+00:00,2026-09-21T08:01:55.403+00:00,True,1,1.0,,1.0,188164.25979699998,188164.25979699998,188164.25979699998,188164.25979699998,188164.25979699998,188164.25979699998,nan,188164.25979699998,nan,nan,0.005314505534041612,63,64,,True,True,,4,59.56268577710819
148,2026-09-21T07:58:47.477+00:00,2026-09-21T08:01:56.473+00:00,2026-09-21T08:02:00.968+00:00,True,72,72.0,,72.0,188995.88203,193491.470638,193491.470543,2687.3815353194445,47.096862,188995.88203,22265.918479273187,78.52812105000001,63.31814940845071,10.180566229679785,0.3721094256123755,63,64,,True,True,,288,59.56268577710819
149,2026-09-21T07:58:47.841+00:00,2026-09-21T08:01:58.495+00:00,2026-09-21T08:02:00.550+00:00,True,33,33.0,,33.0,190654.064422,192709.15639,192709.156363,5839.671404939394,51.033964,190654.064422,33177.434220260664,77.5423454,64.221624,8.824422452646498,0.17124251186703046,63,64,,True,True,,121,59.56268577710819
150,2026-09-21T07:58:48.223+00:00,2026-09-21T08:02:00.611+00:00,2026-09-21T08:02:01.228+00:00,True,11,11.0,,11.0,192388.025626,193005.02120999998,193005.02122999998,17545.91102090909,41.940193,192388.025626,57988.57023415671,96233.29616049999,61.6995584,11.711768725078276,0.05699333587819667,63,64,,True,True,,34,59.56268577710819
151,2026-09-21T07:58:48.595+00:00,2026-09-21T08:02:02.991+00:00,2026-09-21T08:02:07.835+00:00,True,78,78.0,,78.0,194395.613336,199239.658648,199239.658658,2554.3545981794873,41.329063000000005,194395.613336,22003.84723378904,77.06879065,62.90967937662338,8.179264353387575,0.39148832380707843,63,64,,True,True,,622,59.56268577710819
152,2026-09-21T07:58:48.900+00:00,2026-09-21T08:02:04.692+00:00,2026-09-21T08:02:06.628+00:00,True,32,32.0,,32.0,195791.116497,197727.56168100002,197727.561832,6178.98630725,49.07223200000001,195791.116497,34600.26511557509,81.60314900000002,62.465973677419356,8.877223900086289,0.16183884395250162,63,64,,True,True,,224,59.56268577710819
153,2026-09-21T07:58:49.167+00:00,2026-09-21T08:02:05.902+00:00,2026-09-21T08:02:06.023+00:00,True,3,3.0,,3.0,196734.387395,196855.884483,196855.884391,65618.62813033334,58.368423,196734.387395,113549.57838463018,177067.2615128,60.748544,3.3658735332819623,0.015239574919890558,63,64,,True,True,,5,59.56268577710819
154,2026-09-21T07:58:49.493+00:00,2026-09-21T08:02:07.756+00:00,2026-09-21T08:02:09.501+00:00,True,28,28.0,,28.0,198262.821051,200007.63564300002,200007.635745,7143.1298480357145,49.902201999999996,198262.821051,37455.9399309594,79.1125365,64.62276266666666,9.450034860633071,0.13999465525395285,63,64,,True,True,,126,59.56268577710819
155,2026-09-21T07:58:49.770+00:00,2026-09-21T08:02:09.128+00:00,2026-09-21T08:02:11.940+00:00,True,46,46.0,,46.0,199358.19509599998,202169.87739999997,202169.87748799997,4394.997336695652,43.672513,199358.19509599998,29384.551066889184,77.896879,62.48182897777778,8.667091973278032,0.22753142353144648,63,64,,True,True,,139,59.56268577710819
156,2026-09-21T07:58:50.032+00:00,2026-09-21T08:02:10.632+00:00,2026-09-21T08:02:14.579+00:00,True,64,64.0,,64.0,200599.82713,204547.60031399998,204547.60018399998,3196.0562528749997,44.549701,200599.82713,25067.147277073705,76.6772545,62.66306641269841,9.492676761886237,0.31288560658621234,63,64,,True,True,,194,59.56268577710819
157,2026-09-21T07:58:50.270+00:00,2026-09-21T08:02:12.326+00:00,2026-09-21T08:02:13.411+00:00,True,18,18.0,,18.0,202055.591017,203140.931177,203140.931196,11285.607288666666,43.799403,202055.591017,47609.912197147765,30375.29769495,63.843538823529414,8.62652712544414,0.08860843501951021,63,64,,True,True,,54,59.56268577710819
158,2026-09-21T07:58:50.569+00:00,2026-09-21T08:02:13.801+00:00,2026-09-21T08:02:18.667+00:00,True,78,78.0,,78.0,203232.585356,208097.940364,208097.94034899998,2667.9223121666664,40.579361,203232.585356,23004.40650588418,79.462969,63.18642867532468,9.802139417718186,0.37482350792883506,63,64,,True,True,,913,59.56268577710819
159,2026-09-21T07:58:50.936+00:00,2026-09-21T08:02:15.866+00:00,2026-09-21T08:02:19.244+00:00,True,54,54.0,,54.0,204930.21749,208308.616978,208308.616982,3857.5669811481484,48.760623,204930.21749,27878.797611241225,78.2195462,63.743386566037735,9.73971468848295,0.25923075474934903,63,64,,True,True,,162,59.56268577710819
160,2026-09-21T07:58:51.323+00:00,2026-09-21T08:02:17.803+00:00,2026-09-21T08:02:20.711+00:00,True,47,47.0,,47.0,206479.83156400002,209388.06324400002,209388.06315200002,4455.065173446809,46.184613,206479.83156400002,30108.958518845116,80.1488794,63.22242782608696,9.86784818107111,0.22446360729374948,63,64,,True,True,,272,59.56268577710819
161,2026-09-21T07:58:51.694+00:00,2026-09-21T08:02:19.984+00:00,2026-09-21T08:02:24.365+00:00,True,71,71.0,,71.0,208289.236384,212670.227104,212670.22693099998,2995.3553088873236,41.71391199999999,208289.236384,24711.959039686677,76.900818,62.585581714285716,10.132159022509484,0.3338502100967785,63,64,,True,True,,915,59.56268577710819
162,2026-09-21T07:58:52.021+00:00,2026-09-21T08:02:21.612+00:00,2026-09-21T08:02:24.488+00:00,True,48,48.0,,48.0,209591.64381900002,212467.27364300002,212467.27372400003,4426.401535916667,42.787062,209591.64381900002,30243.118605992055,77.084514,61.18361327659574,10.26633302452349,0.2259171456242829,63,64,,True,True,,334,59.56268577710819
163,2026-09-21T07:58:52.263+00:00,2026-09-21T08:02:23.068+00:00,2026-09-21T08:02:25.609+00:00,True,42,42.0,,42.0,210804.796272,213345.89835200002,213345.898289,5079.66424497619,45.048072999999995,210804.796272,32518.324064869237,75.6538055,61.97809951219512,9.092470055862453,0.1968634050358169,63,64,,True,True,,288,59.56268577710819
164,2026-09-21T07:58:52.497+00:00,2026-09-21T08:02:23.960+00:00,2026-09-21T08:02:24.606+00:00,True,12,12.0,,12.0,211463.39643599998,212109.17230799998,212109.17237,17675.764364166665,48.271012,211463.39643599998,61027.27756583153,95198.95059835,58.706897454545455,6.961422117330056,0.05657463969815983,63,64,,True,True,,95,59.56268577710819
165,2026-09-21T07:58:52.793+00:00,2026-09-21T08:02:25.609+00:00,2026-09-21T08:02:27.259+00:00,True,28,28.0,,28.0,212815.91715400002,214465.38045000003,214465.380513,7659.477875464287,41.242771999999995,212815.91715400002,40206.88429024566,80.48054115000001,61.09123318518519,11.045600782887517,0.13055720201204155,63,64,,True,True,,175,59.56268577710819
166,2026-09-21T07:58:53.626+00:00,2026-09-21T08:02:26.111+00:00,2026-09-21T08:02:29.228+00:00,True,52,52.0,,52.0,212485.344285,215602.351133,215602.351196,4146.199061461539,47.333701,212485.344285,29457.941321362483,77.84599899999999,61.11778133333333,8.805981166102109,0.24118475390800553,63,64,,True,True,,52,59.56268577710819
168,2026-09-21T07:58:53.763+00:00,2026-09-21T08:02:27.628+00:00,2026-09-21T08:02:32.527+00:00,True,79,79.0,,79.0,213864.903946,218764.203274,218764.203208,2769.16712921519,42.709691,213864.903946,24054.61639077065,76.483703,62.811529846153846,8.977174240719469,0.3611194099294814,63,64,,True,True,,160,59.56268577710819
167,2026-09-21T07:58:53.702+00:00,2026-09-21T08:02:28.030+00:00,2026-09-21T08:02:29.360+00:00,True,22,22.0,,22.0,214328.341856,215658.025056,215658.025253,9802.637511500001,46.510942,214328.341856,45681.45730575946,77.69008,63.31824761904762,8.675087630250651,0.10201336117349331,63,64,,True,True,,88,59.56268577710819
169,2026-09-21T07:58:53.986+00:00,2026-09-21T08:02:32.084+00:00,2026-09-21T08:02:35.623+00:00,True,56,56.0,,56.0,218097.929619,221636.981651,221636.981493,3957.8032409464286,45.959391000000004,218097.929619,29135.964471735944,77.97584475,64.34640058181817,8.972947960890261,0.25266541523372765,63,64,,True,True,,140,59.56268577710819
170,2026-09-21T07:58:54.227+00:00,2026-09-21T08:02:33.046+00:00,2026-09-21T08:02:38.546+00:00,True,87,87.0,,87.0,218818.764227,224318.914755,224318.914809,2578.378331137931,43.992712,218818.764227,23452.979621478884,78.53985329999999,63.95523869767442,10.54778764197471,0.3878406780588296,63,64,,True,True,,261,59.56268577710819
171,2026-09-21T07:58:54.587+00:00,2026-09-21T08:02:35.000+00:00,2026-09-21T08:02:36.729+00:00,True,28,28.0,,28.0,220412.941698,222141.96313800002,222141.963288,7933.641546000001,48.967781,220412.941698,41642.03020419954,96.22937665,64.03783111111112,11.54510229486806,0.1260455233422319,63,64,,True,True,,56,59.56268577710819
172,2026-09-21T07:58:54.873+00:00,2026-09-21T08:02:36.542+00:00,2026-09-21T08:02:38.668+00:00,True,35,35.0,,35.0,221668.780634,223795.65628199998,223795.656307,6394.161608771428,44.153972,221668.780634,37458.289917908354,76.276437,62.55516611764706,9.012561061457562,0.15639266901542212,63,64,,True,True,,69,59.56268577710819
173,2026-09-21T07:58:55.154+00:00,2026-09-21T08:02:37.767+00:00,2026-09-21T08:02:41.305+00:00,True,57,57.0,,57.0,222612.521486,226150.412302,226150.41226,3967.551092280702,42.481610999999994,222612.521486,29477.38247497688,77.2822518,63.176621714285716,9.931686136861325,0.2520446432964381,63,64,,True,True,,190,59.56268577710819
174,2026-09-21T07:58:55.440+00:00,2026-09-21T08:02:39.183+00:00,2026-09-21T08:02:39.732+00:00,True,10,10.0,,10.0,223742.479677,224292.182333,224292.182226,22429.2182226,51.319321,223742.479677,70734.27041456767,123092.78683965,61.07807288888889,8.758711163808012,0.0445847015084694,63,64,,True,True,,44,59.56268577710819
175,2026-09-21T07:58:55.722+00:00,2026-09-21T08:02:40.555+00:00,2026-09-21T08:02:43.508+00:00,True,47,47.0,,47.0,224832.848195,227786.384963,227786.385008,4846.5188299574465,47.210750999999995,224832.848195,32785.87736579028,77.69727300000001,64.20732104347826,9.946111868505927,0.20633366655181937,63,64,,True,True,,146,59.56268577710819
176,2026-09-21T07:58:55.962+00:00,2026-09-21T08:02:41.978+00:00,2026-09-21T08:02:44.663+00:00,True,43,43.0,,43.0,226015.71656,228701.402576,228701.402433,5318.637265883721,43.207781000000004,226015.71656,34457.32350462063,78.62346299999999,63.944905142857145,9.807876205007236,0.18801808609682938,63,64,,True,True,,92,59.56268577710819
177,2026-09-21T07:58:56.346+00:00,2026-09-21T08:02:43.848+00:00,2026-09-21T08:02:45.202+00:00,True,23,23.0,,23.0,227502.08006600002,228856.42886600003,228856.42879300003,9950.279512739131,48.634502,227502.08006600002,47424.62724227006,77.04652289999999,61.56130909090909,8.575843648365282,0.10049968932035969,63,64,,True,True,,111,59.56268577710819
178,2026-09-21T07:58:56.664+00:00,2026-09-21T08:02:45.831+00:00,2026-09-21T08:02:50.477+00:00,True,74,74.0,,74.0,229167.34768200002,233813.36112200003,233813.361135,3159.640015337838,41.940801,229167.34768200002,26632.766427351944,77.6211255,63.6440197260274,9.993257988643885,0.31649175070618824,63,64,,True,True,,293,59.56268577710819
179,2026-09-21T07:58:57.016+00:00,2026-09-21T08:02:47.333+00:00,2026-09-21T08:02:47.639+00:00,True,6,6.0,,6.0,230317.26935800002,230623.257454,230623.257569,38437.20959483334,54.294272,230317.26935800002,94001.64781077046,172755.18186425001,61.197619200000005,6.205624571248506,0.026016456736575048,63,64,,True,True,,24,59.56268577710819
180,2026-09-21T07:58:57.312+00:00,2026-09-21T08:02:48.788+00:00,2026-09-21T08:02:51.009+00:00,True,37,37.0,,37.0,231475.80481799998,233697.47368199998,233697.47355599998,6316.147933945946,42.200931,231475.80481799998,38044.24352725918,77.2673812,61.713024,9.64062374762378,0.15832434735835932,63,64,,True,True,,74,59.56268577710819
181,2026-09-21T07:58:57.573+00:00,2026-09-21T08:02:50.270+00:00,2026-09-21T08:02:51.201+00:00,True,16,16.0,,16.0,232696.74991299998,233628.27861699997,233628.27874599997,14601.767421624998,50.040122000000004,232696.74991299998,58158.66250328931,58232.25694299999,62.1019136,7.9378232819732935,0.06848486020063395,63,64,,True,True,,48,59.56268577710819
182,2026-09-21T07:58:57.919+00:00,2026-09-21T08:02:52.341+00:00,2026-09-21T08:02:55.465+00:00,True,50,50.0,,50.0,234422.43563999998,237546.443576,237546.44361899997,4750.92887238,45.773591999999994,234422.43563999998,33143.323647334466,77.6098125,63.755264,9.095969965093772,0.21048515501770973,63,64,,True,True,,250,59.56268577710819
183,2026-09-21T07:58:58.295+00:00,2026-09-21T08:02:54.230+00:00,2026-09-21T08:02:55.344+00:00,True,19,19.0,,19.0,235934.435727,237048.905103,237048.905166,12476.25816663158,44.059732000000004,235934.435727,54112.868214903756,23663.1340575,61.914965333333335,9.364529515322731,0.08015223690547872,63,64,,True,True,,38,59.56268577710819
184,2026-09-21T07:58:58.595+00:00,2026-09-21T08:02:55.726+00:00,2026-09-21T08:02:57.654+00:00,True,32,32.0,,32.0,237131.36999200002,239058.65191200003,239058.65189600002,7470.582871750001,47.211031999999996,237131.36999200002,41908.31056698846,76.47761745000001,62.17038451612903,8.846878669607008,0.1338583638118211,63,64,,True,True,,64,59.56268577710819
185,2026-09-21T07:58:58.852+00:00,2026-09-21T08:02:57.390+00:00,2026-09-21T08:03:02.887+00:00,True,88,88.0,,88.0,238538.476109,244035.73921300002,244035.739192,2773.133399909091,41.255331,238538.476109,25421.552924611373,76.91064185,63.18693222988506,9.300613627807483,0.36060291940760186,63,64,,True,True,,352,59.56268577710819
186,2026-09-21T07:58:59.152+00:00,2026-09-21T08:02:58.817+00:00,2026-09-21T08:03:02.159+00:00,True,55,55.0,,55.0,239665.39715799998,243007.39498199997,243007.39500499997,4418.3162728181815,42.461101,239665.39715799998,32308.13188414791,78.16546899999999,61.88884859259259,9.650508360721046,0.22633056086245423,63,64,,True,True,,220,59.56268577710819
187,2026-09-21T07:58:59.504+00:00,2026-09-21T08:03:00.429+00:00,2026-09-21T08:03:03.824+00:00,True,55,55.0,,55.0,240924.86277900002,244320.60831500002,244320.608398,4442.192879963637,45.714442000000005,240924.86277900002,32477.823825359566,77.7160417,62.88417659259259,9.11827875617518,0.2251140433028436,63,64,,True,True,,119,59.56268577710819
188,2026-09-21T07:58:59.831+00:00,2026-09-21T08:03:02.368+00:00,2026-09-21T08:03:07.959+00:00,True,87,87.0,,87.0,242537.60347200002,248128.31297600002,248128.31311900003,2852.04957608046,40.029102,242537.60347200002,25995.792493129557,79.477727,65.00825004651163,9.242968105457559,0.350625041360818,63,64,,True,True,,480,59.56268577710819
189,2026-09-21T07:59:00.183+00:00,2026-09-21T08:03:04.101+00:00,2026-09-21T08:03:08.447+00:00,True,68,68.0,,68.0,243918.273426,248263.706002,248263.706229,3650.9368563088237,43.619842,243918.273426,29571.57182029569,77.94797665,64.85720262686567,9.363258997613004,0.2739022996758624,63,64,,True,True,,136,59.56268577710819
190,2026-09-21T07:59:00.535+00:00,2026-09-21T08:03:05.993+00:00,2026-09-21T08:03:11.287+00:00,True,84,84.0,,84.0,245457.778757,250752.394565,250752.394572,2985.1475544285713,42.487432,245457.778757,26774.680785614146,76.91861515,63.790551903614464,9.295864153375863,0.33499181591354865,63,64,,True,True,,168,59.56268577710819
191,2026-09-21T07:59:00.761+00:00,2026-09-21T08:03:07.484+00:00,2026-09-21T08:03:10.995+00:00,True,56,56.0,,56.0,246722.85211500002,250233.658131,250233.65827800002,4468.458183535715,46.624081,246722.85211500002,32961.199375288124,77.59394049999999,63.83283665454545,9.917961491571102,0.22379083780441478,63,64,,True,True,,234,59.56268577710819
193,2026-09-21T07:59:01.282+00:00,2026-09-21T08:03:08.709+00:00,2026-09-21T08:03:11.687+00:00,True,48,48.0,,48.0,247427.157264,250404.482832,250404.48279900002,5216.7600583125,44.564912,247427.157264,35703.89185481319,79.0342215,63.347352510638295,9.719033753828954,0.19168985897190943,63,64,,True,True,,96,59.56268577710819
194,2026-09-21T07:59:01.675+00:00,2026-09-21T08:03:10.750+00:00,2026-09-21T08:03:13.898+00:00,True,51,51.0,,51.0,249074.792404,252223.20738,252223.20722500002,4945.553082843137,42.862822,249074.792404,34868.63119649878,77.17541250000001,62.96829952,9.973950015785725,0.20220185338918195,63,64,,True,True,,153,59.56268577710819
195,2026-09-21T07:59:01.893+00:00,2026-09-21T08:03:11.810+00:00,2026-09-21T08:03:17.537+00:00,True,92,92.0,,92.0,249916.86518,255643.748252,255643.748231,2778.7363938152175,41.772591,249916.86518,26049.07493416672,78.11912155,62.93278101098901,9.675432972447439,0.359875806191479,63,64,,True,True,,460,59.56268577710819
192,2026-09-21T07:59:00.991+00:00,2026-09-21T08:03:12.903+00:00,2026-09-21T08:03:15.022+00:00,True,33,33.0,,33.0,251911.728091,254030.982619,254030.982586,7697.908563212121,46.013322,251911.728091,43840.67517445331,79.0632224,66.226704,7.550253635920063,0.12990541413404666,63,64,,True,True,,151,59.56268577710819
196,2026-09-21T07:59:02.161+00:00,2026-09-21T08:03:13.892+00:00,2026-09-21T08:03:19.687+00:00,True,93,93.0,,93.0,251730.352445,257525.715517,257525.715408,2769.093714064516,43.637440999999995,251730.352445,26096.691037735814,77.233779,62.99307686956522,9.064404893382099,0.3611289840057189,63,64,,True,True,,372,59.56268577710819
197,2026-09-21T07:59:02.446+00:00,2026-09-21T08:03:15.846+00:00,2026-09-21T08:03:21.286+00:00,True,88,88.0,,88.0,253400.07204300002,258839.75997900002,258839.760035,2941.3609094886365,43.308192000000005,253400.07204300002,27005.875199724745,77.84769250000001,62.52514868965517,10.351189820795247,0.3399786802736162,63,64,,True,True,,176,59.56268577710819
198,2026-09-21T07:59:02.714+00:00,2026-09-21T08:03:17.242+00:00,2026-09-21T08:03:23.308+00:00,True,96,96.0,,96.0,254527.936534,260593.888534,260593.888387,2714.519670697917,41.710150999999996,254527.936534,25971.133953168734,77.5829105,63.85212631578948,10.479553117224889,0.3683892993042113,63,64,,True,True,,608,59.56268577710819
199,2026-09-21T07:59:02.971+00:00,2026-09-21T08:03:18.717+00:00,2026-09-21T08:03:22.111+00:00,True,54,54.0,,54.0,255745.91237200002,259139.60581200002,259139.60591900002,4798.881591092593,44.479292,255745.91237200002,34793.89861487839,78.642946,64.0319516981132,11.152908503638427,0.20838188678567254,63,64,,True,True,,243,59.56268577710819
200,2026-09-21T07:59:03.278+00:00,2026-09-21T08:03:20.658+00:00,2026-09-21T08:03:21.337+00:00,True,11,11.0,,11.0,257380.004236,258059.073164,258059.07312000002,23459.91573818182,54.663913,257380.004236,77582.5178766787,128742.830275,67.9068928,15.697629159842542,0.04262589904370211,63,64,,True,True,,50,59.56268577710819
201,2026-09-21T07:59:03.626+00:00,2026-09-21T08:03:22.257+00:00,2026-09-21T08:03:25.568+00:00,True,53,53.0,,53.0,258631.579407,261941.90619100002,261941.906133,4942.300115716981,45.621252,258631.579407,35517.03622461105,77.270481,63.660130461538465,8.568053050210024,0.20233494048620848,63,64,,True,True,,106,59.56268577710819
202,2026-09-21T07:59:03.906+00:00,2026-09-21T08:03:23.487+00:00,2026-09-21T08:03:23.985+00:00,True,9,9.0,,9.0,259580.96718,260079.043596,260079.043767,28897.671529666666,55.419072,259580.96718,86506.23606910955,155778.7188728,62.259552,6.292233572391922,0.03460486425803828,63,64,,True,True,,13,59.56268577710819
203,2026-09-21T07:59:04.134+00:00,2026-09-21T08:03:24.607+00:00,2026-09-21T08:03:30.594+00:00,True,96,96.0,,96.0,260472.87099599998,266460.08097999997,266460.081036,2775.6258441249997,41.832392,260472.87099599998,26577.970615028382,76.9914805,63.023262989473686,9.903897280467648,0.3602791069000898,63,64,,True,True,,192,59.56268577710819
204,2026-09-21T07:59:04.381+00:00,2026-09-21T08:03:25.868+00:00,2026-09-21T08:03:31.178+00:00,True,85,85.0,,85.0,261486.902354,266797.024338,266797.024298,3138.788521152941,41.971552,261486.902354,28355.38189750645,78.0656188,63.2157379047619,10.40494379075731,0.3185942579791113,63,64,,True,True,,85,59.56268577710819
205,2026-09-21T07:59:04.674+00:00,2026-09-21T08:03:27.724+00:00,2026-09-21T08:03:33.802+00:00,True,96,96.0,,96.0,263050.45325900003,269128.081675,269128.08173300006,2803.417518052084,42.727021,263050.45325900003,26840.94678305155,77.88868675,63.97503595789473,9.731866561509438,0.3567074807003229,63,64,,True,True,,173,59.56268577710819
206,2026-09-21T07:59:05.632+00:00,2026-09-21T08:03:28.342+00:00,2026-09-21T08:03:31.356+00:00,True,49,49.0,,49.0,262710.216891,265723.734459,265723.73437099997,5422.933354510204,42.210472,262710.216891,37521.06362881858,77.196965,62.781616,10.528604410409107,0.1844020448521902,63,64,,True,True,,103,59.56268577710819
207,2026-09-21T07:59:05.693+00:00,2026-09-21T08:03:31.177+00:00,2026-09-21T08:03:35.181+00:00,True,64,64.0,,64.0,265483.804832,269487.6904,269487.690425,4210.745162890625,42.619921000000005,265483.804832,33177.53269056635,78.38398235000001,63.55373917460317,9.376762906701684,0.23748765631931065,63,64,,True,True,,821,59.56268577710819
208,2026-09-21T07:59:05.719+00:00,2026-09-21T08:03:31.835+00:00,2026-09-21T08:03:36.584+00:00,True,76,76.0,,76.0,266115.851262,270865.254142,270865.254312,3564.016504105263,43.885331,266115.851262,30518.319076112144,76.2358845,63.325371733333334,9.100432591306946,0.28058231477765444,63,64,,True,True,,228,59.56268577710819
209,2026-09-21T07:59:05.858+00:00,2026-09-21T08:03:32.408+00:00,2026-09-21T08:03:37.484+00:00,True,81,81.0,,81.0,266550.31633,271626.49169,271626.491877,3353.413479962963,42.291351000000006,266550.31633,29609.652853001917,76.178512,63.452192,8.769386677886098,0.2982036085509771,63,64,,True,True,,404,59.56268577710819
210,2026-09-21T07:59:06.078+00:00,2026-09-21T08:03:35.124+00:00,2026-09-21T08:03:36.064+00:00,True,16,16.0,,16.0,269045.318174,269985.978398,269985.978314,16874.123644625,41.958971,269045.318174,67245.65237762133,67316.91956000001,62.7106816,8.514606319358592,0.05926233686259658,63,64,,True,True,,120,59.56268577710819
211,2026-09-21T07:59:06.475+00:00,2026-09-21T08:03:37.426+00:00,2026-09-21T08:03:42.369+00:00,True,78,78.0,,78.0,270951.361901,275893.728621,275893.728584,3537.0990844102566,43.232981,270951.361901,30671.934575195748,77.89215564999999,64.18658077922078,10.66242785857707,0.28271755356624995,63,64,,True,True,,86,59.56268577710819
212,2026-09-21T07:59:06.830+00:00,2026-09-21T08:03:38.934+00:00,2026-09-21T08:03:43.563+00:00,True,72,72.0,,72.0,272103.637426,276732.73745799996,276732.737333,3843.5102407361105,43.257091,272103.637426,32060.039146967032,78.7261835,65.198592,10.430792704680087,0.2601788305257072,63,64,,True,True,,145,59.56268577710819
213,2026-09-21T07:59:07.071+00:00,2026-09-21T08:03:40.181+00:00,2026-09-21T08:03:43.320+00:00,True,49,49.0,,49.0,273109.33568699996,276248.92992699996,276248.92996299994,5637.73326455102,42.876447999999996,273109.33568699996,39006.27702546458,80.0636,65.40821333333334,11.542444192841131,0.1773762526897334,63,64,,True,True,,85,59.56268577710819
214,2026-09-21T07:59:07.392+00:00,2026-09-21T08:03:42.023+00:00,2026-09-21T08:03:43.501+00:00,True,23,23.0,,23.0,274630.60229,276108.039986,276108.039924,12004.697388,45.679532,274630.60229,57250.43679068276,76.76336,67.15625890909091,9.289674086782485,0.08330072532899155,63,64,,True,True,,29,59.56268577710819
215,2026-09-21T07:59:07.775+00:00,2026-09-21T08:03:43.946+00:00,2026-09-21T08:03:44.952+00:00,True,17,17.0,,17.0,276171.256903,277176.665159,277176.665283,16304.509722529412,45.548901,276171.256903,66966.12878328146,55299.0507814,62.838016,10.906268840986062,0.06133272434837938,63,64,,True,True,,34,59.56268577710819
216,2026-09-21T07:59:08.093+00:00,2026-09-21T08:03:45.908+00:00,2026-09-21T08:03:50.982+00:00,True,81,81.0,,81.0,277815.627911,282889.238151,282889.238127,3492.4597299629627,43.148680999999996,277815.627911,30861.35789811011,78.79065200000001,63.420128,9.610658535803656,0.28633114688075906,63,64,,True,True,,325,59.56268577710819
217,2026-09-21T07:59:08.366+00:00,2026-09-21T08:03:47.113+00:00,2026-09-21T08:03:52.323+00:00,True,83,83.0,,83.0,278746.885518,283957.649294,283957.649227,3421.1764967108434,41.688411,278746.885518,30589.47187627287,78.58691,63.545899707317076,9.081141784393278,0.29229710911596063,63,64,,True,True,,490,59.56268577710819
218,2026-09-21T07:59:08.699+00:00,2026-09-21T08:03:48.969+00:00,2026-09-21T08:03:51.627+00:00,True,43,43.0,,43.0,280270.71723199997,282928.458544,282928.45847799996,6579.731592511627,46.256881,280270.71723199997,42731.234504620166,75.96537709999998,63.27955504761904,8.6874854645148,0.15198188341068844,63,64,,True,True,,129,59.56268577710819
219,2026-09-21T07:59:09.044+00:00,2026-09-21T08:03:50.712+00:00,2026-09-21T08:03:53.542+00:00,True,45,45.0,,45.0,281667.605813,284497.336629,284497.336632,6322.1630362666665,43.825161,281667.605813,41978.94147197511,79.1029772,64.312064,9.13469997687377,0.15817371274263436,63,64,,True,True,,135,59.56268577710819
220,2026-09-21T07:59:09.278+00:00,2026-09-21T08:03:51.821+00:00,2026-09-21T08:03:53.748+00:00,True,31,31.0,,31.0,282543.474772,284469.613396,284469.613332,9176.439139741935,50.371291,282543.474772,50734.775533912565,79.315877,64.2046208,9.728914776508725,0.10897473241490298,63,64,,True,True,,75,59.56268577710819
221,2026-09-21T07:59:09.530+00:00,2026-09-21T08:03:53.080+00:00,2026-09-21T08:03:55.389+00:00,True,37,37.0,,37.0,283550.385612,285858.829772,285858.829611,7725.914313810811,43.490731,283550.385612,46604.855718276296,78.31403919999998,64.12344888888889,11.176615642129592,0.12943451853319018,63,64,,True,True,,218,59.56268577710819
222,2026-09-21T07:59:09.804+00:00,2026-09-21T08:03:54.354+00:00,2026-09-21T08:03:59.233+00:00,True,79,79.0,,79.0,284549.46623,289428.748918,289428.74891200004,3663.6550495189877,43.127921,284549.46623,32007.279545939673,75.607618,62.554906256410256,9.376182091864866,0.2729514614402801,63,64,,True,True,,591,59.56268577710819
224,2026-09-21T07:59:10.480+00:00,2026-09-21T08:03:55.829+00:00,2026-09-21T08:03:59.939+00:00,True,66,66.0,,66.0,285348.706361,289458.988857,289458.989047,4385.742258287879,44.000930999999994,285348.706361,35116.21509559549,77.40155949999999,63.235115323076926,8.799692744316804,0.2280115751824368,63,64,,True,True,,198,59.56268577710819
225,2026-09-21T07:59:10.791+00:00,2026-09-21T08:03:57.332+00:00,2026-09-21T08:04:00.065+00:00,True,44,44.0,,44.0,286540.47501999995,289273.58964399993,289273.5898569999,6574.399769477272,47.220451000000004,286540.47501999995,43188.02083567486,78.89806799999998,63.56080520930233,9.584227963652925,0.1521051405147267,63,64,,True,True,,44,59.56268577710819
226,2026-09-21T07:59:11.145+00:00,2026-09-21T08:04:00.205+00:00,2026-09-21T08:04:01.419+00:00,True,20,20.0,,20.0,289059.27718300006,290273.32543900004,290273.3254290001,14513.666271450003,47.652611,289059.27718300006,64621.33202946128,14528.150423550003,63.89727663157895,8.771215000137287,0.06890057834199076,63,64,,True,True,,61,59.56268577710819
223,2026-09-21T07:59:10.153+00:00,2026-09-21T08:04:00.594+00:00,2026-09-21T08:04:03.434+00:00,True,45,45.0,,45.0,290440.762934,293280.921142,293280.921194,6517.353804311111,45.205441,290440.762934,43286.73100304367,76.445344,64.54905018181817,8.332051488220037,0.15343650662571404,63,64,,True,True,,225,59.56268577710819
227,2026-09-21T07:59:11.472+00:00,2026-09-21T08:04:02.858+00:00,2026-09-21T08:04:06.443+00:00,True,59,59.0,,59.0,291386.107315,294971.657395,294971.65761,4999.519620508474,46.777721,291386.107315,37927.19289967768,77.33718010000001,61.81982896551724,9.50332736897572,0.20001921717174478,63,64,,True,True,,139,59.56268577710819
228,2026-09-21T07:59:11.783+00:00,2026-09-21T08:04:04.800+00:00,2026-09-21T08:04:06.368+00:00,True,27,27.0,,27.0,293017.127134,294585.415134,294585.415156,10910.570931703704,47.350151,293017.127134,56379.56473303649,74.9087767,60.318769230769234,8.906353289476561,0.09165423205937853,63,64,,True,True,,161,59.56268577710819
229,2026-09-21T07:59:12.071+00:00,2026-09-21T08:04:06.369+00:00,2026-09-21T08:04:12.117+00:00,True,92,92.0,,92.0,294298.60258,300046.57979600003,300046.579731,3261.3758666413046,44.846731,294298.60258,30676.16623039751,77.30282005,63.16458479120879,8.82738285278424,0.306619059155916,63,64,,True,True,,434,59.56268577710819
230,2026-09-21T07:59:12.353+00:00,2026-09-21T08:04:07.771+00:00,2026-09-21T08:04:08.930+00:00,True,19,19.0,,19.0,295418.310875,296577.44124300004,296577.441089,15609.339004684212,51.288801,295418.310875,67758.83563231175,29611.207561400002,64.39613155555556,8.703646389999715,0.06406421176326893,63,64,,True,True,,58,59.56268577710819
231,2026-09-21T07:59:12.750+00:00,2026-09-21T08:04:10.025+00:00,2026-09-21T08:04:12.767+00:00,False,46,45.0,,45.0,297274.835227,300016.802331,300016.80244400003,6522.104400956522,0.031059999999999997,297274.835227,43821.801209528414,77.123116,60.932602311111104,13.424272997242799,0.1499915993050042,63,64,,True,False,Request timeout: 300.0s exceeded,249,59.56268577710819
232,2026-09-21T07:59:13.100+00:00,2026-09-21T08:04:11.782+00:00,2026-09-21T08:04:12.822+00:00,True,19,19.0,,19.0,298682.237914,299722.274522,299722.274615,15774.85655868421,43.909051,298682.237914,68509.14982700354,29938.202158299995,57.779811555555554,9.491195078267028,0.06339201859555278,63,64,,True,True,,4,59.56268577710819
233,2026-09-21T07:59:13.405+00:00,2026-09-21T08:04:13.520+00:00,2026-09-21T08:04:13.520+00:00,False,1,0.0,,0.0,300115.118833,300115.118833,300115.118833,300115.118833,300115.118833,300115.118833,nan,300115.118833,nan,nan,0.0,63,64,,True,False,"HTTPConnectionPool(host='gpu06', port=9004): Read timed out.",0,59.56268577710819
234,2026-09-21T07:59:13.672+00:00,2026-09-21T08:04:13.785+00:00,2026-09-21T08:04:13.785+00:00,False,1,0.0,,0.0,300113.55143500003,300113.55143500003,300113.55143500003,300113.55143500003,300113.55143500003,300113.55143500003,nan,300113.55143500003,nan,nan,0.0,63,64,,True,False,"HTTPConnectionPool(host='gpu06', port=9004): Read timed out.",0,59.56268577710819
235,2026-09-21T07:59:13.905+00:00,2026-09-21T08:04:13.914+00:00,2026-09-21T08:04:13.914+00:00,False,1,0.0,,0.0,300008.697227,300008.697227,300008.697227,300008.697227,300008.697227,300008.697227,nan,300008.697227,nan,nan,0.0,63,64,,True,False,"HTTPConnectionPool(host='gpu06', port=9004): Read timed out.",0,59.56268577710819
236,2026-09-21T07:59:14.147+00:00,2026-09-21T08:04:14.242+00:00,2026-09-21T08:04:14.242+00:00,False,1,0.0,,0.0,300094.922393,300094.922393,300094.922393,300094.922393,300094.922393,300094.922393,nan,300094.922393,nan,nan,0.0,63,64,,True,False,"HTTPConnectionPool(host='gpu06', port=9004): Read timed out.",0,59.56268577710819
237,2026-09-21T07:59:14.478+00:00,2026-09-21T08:04:14.587+00:00,2026-09-21T08:04:14.587+00:00,False,1,0.0,,0.0,300108.69337,300108.69337,300108.69337,300108.69337,300108.69337,300108.69337,nan,300108.69337,nan,nan,0.0,63,64,,True,False,"HTTPConnectionPool(host='gpu06', port=9004): Read timed out.",0,59.56268577710819
238,2026-09-21T07:59:14.864+00:00,2026-09-21T08:04:14.948+00:00,2026-09-21T08:04:14.948+00:00,False,1,0.0,,0.0,300084.498555,300084.498555,300084.498555,300084.498555,300084.498555,300084.498555,nan,300084.498555,nan,nan,0.0,63,64,,True,False,"HTTPConnectionPool(host='gpu06', port=9004): Read timed out.",0,59.56268577710819
239,2026-09-21T07:59:15.147+00:00,2026-09-21T08:04:15.181+00:00,2026-09-21T08:04:15.181+00:00,False,1,0.0,,0.0,300034.482725,300034.482725,300034.482725,300034.482725,300034.482725,300034.482725,nan,300034.482725,nan,nan,0.0,63,64,,True,False,TTFT timeout: 300.0s exceeded (TTFT: 300.017s),0,59.56268577710819
240,2026-09-21T07:59:15.519+00:00,2026-09-21T08:04:15.488+00:00,2026-09-21T08:04:15.646+00:00,False,3,2.0,,2.0,299968.452168,300126.982216,300126.982431,100042.327477,0.03243,299968.452168,173141.12099178502,269987.4567345,79.265024,112.05205508996096,0.006663846033545259,63,64,,True,False,Request timeout: 300.0s exceeded,5,59.56268577710819
241,2026-09-21T07:59:15.839+00:00,2026-09-21T08:04:15.804+00:00,2026-09-21T08:04:15.857+00:00,False,3,2.0,,2.0,299964.33929699997,300017.519713,300017.519508,100005.83983599998,0.03538,299964.33929699997,173169.1422718681,269973.2198504,26.590208,37.55390940451809,0.006666277362446105,63,64,,True,False,Request timeout: 300.0s exceeded,8,59.56268577710819
242,2026-09-21T07:59:16.235+00:00,2026-09-21T08:04:16.337+00:00,2026-09-21T08:04:16.337+00:00,False,1,0.0,,0.0,300101.99813300004,300101.99813300004,300101.99813300004,300101.99813300004,300101.99813300004,300101.99813300004,nan,300101.99813300004,nan,nan,0.0,63,64,,True,False,"HTTPConnectionPool(host='gpu06', port=9004): Read timed out.",0,59.56268577710819
243,2026-09-21T07:59:16.593+00:00,2026-09-21T08:04:16.666+00:00,2026-09-21T08:04:16.666+00:00,False,1,0.0,,0.0,300072.854229,300072.854229,300072.854229,300072.854229,300072.854229,300072.854229,nan,300072.854229,nan,nan,0.0,63,64,,True,False,"HTTPConnectionPool(host='gpu06', port=9004): Read timed out.",0,59.56268577710819
244,2026-09-21T07:59:16.943+00:00,2026-09-21T08:04:17.040+00:00,2026-09-21T08:04:17.040+00:00,False,1,0.0,,0.0,300097.748876,300097.748876,300097.748876,300097.748876,300097.748876,300097.748876,nan,300097.748876,nan,nan,0.0,63,64,,True,False,"HTTPConnectionPool(host='gpu06', port=9004): Read timed out.",0,59.56268577710819
245,2026-09-21T07:59:17.313+00:00,2026-09-21T08:04:17.344+00:00,2026-09-21T08:04:17.344+00:00,False,1,0.0,,0.0,300030.461949,300030.461949,300030.461949,300030.461949,300030.461949,300030.461949,nan,300030.461949,nan,nan,0.0,63,64,,True,False,TTFT timeout: 300.0s exceeded (TTFT: 300.014s),0,59.56268577710819
246,2026-09-21T07:59:17.525+00:00,2026-09-21T08:04:17.547+00:00,2026-09-21T08:04:17.547+00:00,False,1,0.0,,0.0,300022.553245,300022.553245,300022.553245,300022.553245,300022.553245,300022.553245,nan,300022.553245,nan,nan,0.0,63,64,,True,False,TTFT timeout: 300.0s exceeded (TTFT: 300.016s),0,59.56268577710819
247,2026-09-21T07:59:17.832+00:00,2026-09-21T08:04:17.804+00:00,2026-09-21T08:04:17.917+00:00,False,3,2.0,,2.0,299972.417324,300085.04605999996,300085.04594599997,100028.34864866667,0.08911,299972.417324,173156.65193722138,269986.42954279995,56.314368,79.51419148555277,0.006664777289835741,63,64,,True,False,Request timeout: 300.0s exceeded,4,59.56268577710819
248,2026-09-21T07:59:18.078+00:00,2026-09-21T08:04:18.102+00:00,2026-09-21T08:04:18.102+00:00,False,1,0.0,,0.0,300023.58505800006,300023.58505800006,300023.58505800006,300023.58505800006,300023.58505800006,300023.58505800006,nan,300023.58505800006,nan,nan,0.0,63,64,,True,False,TTFT timeout: 300.0s exceeded (TTFT: 300.015s),0,59.56268577710819
250,2026-09-21T07:59:19.472+00:00,2026-09-21T08:04:18.881+00:00,2026-09-21T08:04:19.739+00:00,False,14,13.0,,13.0,299408.869001,300266.885513,300266.88553900004,21447.634681357144,0.04776,299408.869001,80002.75240179898,104868.33302030001,66.00127015384615,31.748438478110703,0.04329481746809928,63,64,,True,False,Request timeout: 300.0s exceeded,52,59.56268577710819
249,2026-09-21T07:59:19.388+00:00,2026-09-21T08:04:18.998+00:00,2026-09-21T08:04:19.904+00:00,False,16,15.0,,15.0,299610.207912,300515.97533600003,300515.975511,18782.2484694375,0.027260000000000003,299610.207912,74887.46055997287,74987.307312,60.38449493333333,27.488336586461124,0.04991415176257716,63,64,,True,False,Request timeout: 300.0s exceeded,29,59.56268577710819
251,2026-09-21T07:59:19.636+00:00,2026-09-21T08:04:19.157+00:00,2026-09-21T08:04:19.857+00:00,False,13,12.0,,12.0,299521.827463,300220.974471,300220.974418,23093.921109076924,0.030809999999999997,299521.827463,83056.25322887313,119877.64070440002,58.26225066666667,27.040193874719563,0.03997055842332277,63,64,,True,False,Request timeout: 300.0s exceeded,69,59.56268577710819
253,2026-09-21T07:59:19.715+00:00,2026-09-21T08:04:19.531+00:00,2026-09-21T08:04:19.902+00:00,False,9,8.0,,8.0,299815.819714,300186.474178,300186.47420199995,33354.05268911111,0.07486,299815.819714,99923.16454434232,179919.05362919997,46.331808,20.88623855035852,0.02665010148077585,63,64,,True,False,Request timeout: 300.0s exceeded,47,59.56268577710819
252,2026-09-21T07:59:19.651+00:00,2026-09-21T08:04:20.107+00:00,2026-09-21T08:04:20.107+00:00,False,1,0.0,,0.0,300455.71394199994,300455.71394199994,300455.71394199994,300455.71394199994,300455.71394199994,300455.71394199994,nan,300455.71394199994,nan,nan,0.0,63,64,,True,False,"HTTPConnectionPool(host='gpu06', port=9004): Read timed out.",0,59.56268577710819
254,2026-09-21T07:59:20.010+00:00,2026-09-21T08:04:21.211+00:00,2026-09-21T08:04:21.402+00:00,False,5,4.0,,4.0,301200.550083,301392.16249899997,301392.16262699995,60278.4325254,0.030920000000000003,301200.550083,134679.56283501038,240980.72159879998,47.903104,41.517653542398115,0.013271745246571473,63,64,,True,False,Request timeout: 300.0s exceeded,16,59.56268577710819
255,2026-09-21T07:59:20.216+00:00,2026-09-21T08:04:21.212+00:00,2026-09-21T08:04:21.405+00:00,False,5,4.0,,4.0,300996.50704500003,301189.54589300003,301189.546059,60237.909211800004,0.02925,300996.50704500003,134588.1523820543,240817.20322440003,48.259712,40.85821694277739,0.013280673431544106,63,64,,True,False,Request timeout: 300.0s exceeded,8,59.56268577710819
259,2026-09-21T07:59:21.350+00:00,2026-09-21T08:04:21.525+00:00,2026-09-21T08:04:21.525+00:00,False,1,0.0,,0.0,300174.274892,300174.274892,300174.274892,300174.274892,300174.274892,300174.274892,nan,300174.274892,nan,nan,0.0,63,64,,True,False,"HTTPConnectionPool(host='gpu06', port=9004): Read timed out.",0,59.56268577710819
256,2026-09-21T07:59:20.479+00:00,2026-09-21T08:04:21.564+00:00,2026-09-21T08:04:21.564+00:00,False,1,0.0,,0.0,301085.28709899995,301085.28709899995,301085.28709899995,301085.28709899995,301085.28709899995,301085.28709899995,nan,301085.28709899995,nan,nan,0.0,63,64,,True,False,"HTTPConnectionPool(host='gpu06', port=9004): Read timed out.",0,59.56268577710819
260,2026-09-21T07:59:21.694+00:00,2026-09-21T08:04:21.898+00:00,2026-09-21T08:04:21.898+00:00,False,1,0.0,,0.0,300204.086189,300204.086189,300204.086189,300204.086189,300204.086189,300204.086189,nan,300204.086189,nan,nan,0.0,63,64,,True,False,"HTTPConnectionPool(host='gpu06', port=9004): Read timed out.",0,59.56268577710819
257,2026-09-21T07:59:20.724+00:00,2026-09-21T08:04:21.899+00:00,2026-09-21T08:04:21.899+00:00,False,1,0.0,,0.0,301175.09228399995,301175.09228399995,301175.09228399995,301175.09228399995,301175.09228399995,301175.09228399995,nan,301175.09228399995,nan,nan,0.0,63,64,,True,False,"HTTPConnectionPool(host='gpu06', port=9004): Read timed out.",0,59.56268577710819
263,2026-09-21T07:59:22.566+00:00,2026-09-21T08:04:23.269+00:00,2026-09-21T08:04:23.269+00:00,False,1,0.0,,0.0,300703.139361,300703.139361,300703.139361,300703.139361,300703.139361,300703.139361,nan,300703.139361,nan,nan,0.0,63,64,,True,False,"HTTPConnectionPool(host='gpu06', port=9004): Read timed out.",0,59.56268577710819
264,2026-09-21T07:59:22.946+00:00,2026-09-21T08:04:23.283+00:00,2026-09-21T08:04:23.283+00:00,False,1,0.0,,0.0,300337.604248,300337.604248,300337.604248,300337.604248,300337.604248,300337.604248,nan,300337.604248,nan,nan,0.0,63,64,,True,False,"HTTPConnectionPool(host='gpu06', port=9004): Read timed out.",0,59.56268577710819
262,2026-09-21T07:59:22.303+00:00,2026-09-21T08:04:23.305+00:00,2026-09-21T08:04:23.305+00:00,False,1,0.0,,0.0,301001.85011500004,301001.85011500004,301001.85011500004,301001.85011500004,301001.85011500004,301001.85011500004,nan,301001.85011500004,nan,nan,0.0,63,64,,True,False,"HTTPConnectionPool(host='gpu06', port=9004): Read timed out.",0,59.56268577710819
261,2026-09-21T07:59:22.052+00:00,2026-09-21T08:04:23.315+00:00,2026-09-21T08:04:23.315+00:00,False,1,0.0,,0.0,301262.841207,301262.841207,301262.841207,301262.841207,301262.841207,301262.841207,nan,301262.841207,nan,nan,0.0,63,64,,True,False,"HTTPConnectionPool(host='gpu06', port=9004): Read timed out.",0,59.56268577710819
258,2026-09-21T07:59:21.070+00:00,2026-09-21T08:04:23.323+00:00,2026-09-21T08:04:23.323+00:00,False,1,0.0,,0.0,302252.54503399995,302252.54503399995,302252.54503399995,302252.54503399995,302252.54503399995,302252.54503399995,nan,302252.54503399995,nan,nan,0.0,63,64,,True,False,"HTTPConnectionPool(host='gpu06', port=9004): Read timed out.",0,59.56268577710819
265,2026-09-21T07:59:23.263+00:00,2026-09-21T08:04:23.368+00:00,2026-09-21T08:04:23.368+00:00,False,1,0.0,,0.0,300105.248242,300105.248242,300105.248242,300105.248242,300105.248242,300105.248242,nan,300105.248242,nan,nan,0.0,63,64,,True,False,"HTTPConnectionPool(host='gpu06', port=9004): Read timed out.",0,59.56268577710819
266,2026-09-21T07:59:23.636+00:00,2026-09-21T08:04:23.738+00:00,2026-09-21T08:04:23.738+00:00,False,1,0.0,,0.0,300101.720497,300101.720497,300101.720497,300101.720497,300101.720497,300101.720497,nan,300101.720497,nan,nan,0.0,63,64,,True,False,"HTTPConnectionPool(host='gpu06', port=9004): Read timed out.",0,59.56268577710819
267,2026-09-21T07:59:23.881+00:00,2026-09-21T08:04:23.901+00:00,2026-09-21T08:04:23.901+00:00,False,1,0.0,,0.0,300019.660669,300019.660669,300019.660669,300019.660669,300019.660669,300019.660669,nan,300019.660669,nan,nan,0.0,63,64,,True,False,"HTTPConnectionPool(host='gpu06', port=9004): Read timed out.",0,59.56268577710819
268,2026-09-21T07:59:24.120+00:00,2026-09-21T08:04:24.136+00:00,2026-09-21T08:04:24.136+00:00,False,1,0.0,,0.0,300016.342962,300016.342962,300016.342962,300016.342962,300016.342962,300016.342962,nan,300016.342962,nan,nan,0.0,63,64,,True,False,"HTTPConnectionPool(host='gpu06', port=9004): Read timed out.",0,59.56268577710819
269,2026-09-21T07:59:24.417+00:00,2026-09-21T08:04:24.509+00:00,2026-09-21T08:04:24.509+00:00,False,1,0.0,,0.0,300092.053114,300092.053114,300092.053114,300092.053114,300092.053114,300092.053114,nan,300092.053114,nan,nan,0.0,63,64,,True,False,"HTTPConnectionPool(host='gpu06', port=9004): Read timed out.",0,59.56268577710819
270,2026-09-21T07:59:24.735+00:00,2026-09-21T08:04:24.836+00:00,2026-09-21T08:04:24.836+00:00,False,1,0.0,,0.0,300100.74326300004,300100.74326300004,300100.74326300004,300100.74326300004,300100.74326300004,300100.74326300004,nan,300100.74326300004,nan,nan,0.0,63,64,,True,False,"HTTPConnectionPool(host='gpu06', port=9004): Read timed out.",0,59.56268577710819
271,2026-09-21T07:59:25.129+00:00,2026-09-21T08:04:25.232+00:00,2026-09-21T08:04:25.232+00:00,False,1,0.0,,0.0,300102.24836699996,300102.24836699996,300102.24836699996,300102.24836699996,300102.24836699996,300102.24836699996,nan,300102.24836699996,nan,nan,0.0,63,64,,True,False,"HTTPConnectionPool(host='gpu06', port=9004): Read timed out.",0,59.56268577710819
272,2026-09-21T07:59:25.519+00:00,2026-09-21T08:04:25.529+00:00,2026-09-21T08:04:25.529+00:00,False,1,0.0,,0.0,300009.379908,300009.379908,300009.379908,300009.379908,300009.379908,300009.379908,nan,300009.379908,nan,nan,0.0,63,64,,True,False,TTFT timeout: 300.0s exceeded (TTFT: 300.001s),0,59.56268577710819
273,2026-09-21T07:59:25.806+00:00,2026-09-21T08:04:25.911+00:00,2026-09-21T08:04:25.911+00:00,False,1,0.0,,0.0,300104.719401,300104.719401,300104.719401,300104.719401,300104.719401,300104.719401,nan,300104.719401,nan,nan,0.0,63,64,,True,False,"HTTPConnectionPool(host='gpu06', port=9004): Read timed out.",0,59.56268577710819
274,2026-09-21T07:59:26.159+00:00,2026-09-21T08:04:26.257+00:00,2026-09-21T08:04:26.257+00:00,False,1,0.0,,0.0,300098.594858,300098.594858,300098.594858,300098.594858,300098.594858,300098.594858,nan,300098.594858,nan,nan,0.0,63,64,,True,False,"HTTPConnectionPool(host='gpu06', port=9004): Read timed out.",0,59.56268577710819
275,2026-09-21T07:59:26.377+00:00,2026-09-21T08:04:26.492+00:00,2026-09-21T08:04:26.492+00:00,False,1,0.0,,0.0,300115.20129299996,300115.20129299996,300115.20129299996,300115.20129299996,300115.20129299996,300115.20129299996,nan,300115.20129299996,nan,nan,0.0,63,64,,True,False,"HTTPConnectionPool(host='gpu06', port=9004): Read timed out.",0,59.56268577710819
276,2026-09-21T07:59:26.728+00:00,2026-09-21T08:04:26.835+00:00,2026-09-21T08:04:26.835+00:00,False,1,0.0,,0.0,300106.85572000005,300106.85572000005,300106.85572000005,300106.85572000005,300106.85572000005,300106.85572000005,nan,300106.85572000005,nan,nan,0.0,63,64,,True,False,"HTTPConnectionPool(host='gpu06', port=9004): Read timed out.",0,59.56268577710819
277,2026-09-21T07:59:27.061+00:00,2026-09-21T08:04:27.085+00:00,2026-09-21T08:04:27.085+00:00,False,1,0.0,,0.0,300024.43356599996,300024.43356599996,300024.43356599996,300024.43356599996,300024.43356599996,300024.43356599996,nan,300024.43356599996,nan,nan,0.0,63,64,,True,False,TTFT timeout: 300.0s exceeded (TTFT: 300.011s),0,59.56268577710819
278,2026-09-21T07:59:27.432+00:00,2026-09-21T08:04:27.516+00:00,2026-09-21T08:04:27.516+00:00,False,1,0.0,,0.0,300083.450582,300083.450582,300083.450582,300083.450582,300083.450582,300083.450582,nan,300083.450582,nan,nan,0.0,63,64,,True,False,TTFT timeout: 300.0s exceeded (TTFT: 300.079s),0,59.56268577710819
279,2026-09-21T07:59:27.804+00:00,2026-09-21T08:04:27.834+00:00,2026-09-21T08:04:27.834+00:00,False,1,0.0,,0.0,300029.48722500005,300029.48722500005,300029.48722500005,300029.48722500005,300029.48722500005,300029.48722500005,nan,300029.48722500005,nan,nan,0.0,63,64,,True,False,TTFT timeout: 300.0s exceeded (TTFT: 300.025s),0,59.56268577710819
280,2026-09-21T07:59:28.135+00:00,2026-09-21T08:04:28.211+00:00,2026-09-21T08:04:28.211+00:00,False,1,0.0,,0.0,300075.733104,300075.733104,300075.733104,300075.733104,300075.733104,300075.733104,nan,300075.733104,nan,nan,0.0,63,64,,True,False,"HTTPConnectionPool(host='gpu06', port=9004): Read timed out.",0,59.56268577710819
281,2026-09-21T07:59:28.452+00:00,2026-09-21T08:04:28.548+00:00,2026-09-21T08:04:28.548+00:00,False,1,0.0,,0.0,300096.062794,300096.062794,300096.062794,300096.062794,300096.062794,300096.062794,nan,300096.062794,nan,nan,0.0,63,64,,True,False,"HTTPConnectionPool(host='gpu06', port=9004): Read timed out.",0,59.56268577710819
282,2026-09-21T07:59:28.698+00:00,2026-09-21T08:04:28.809+00:00,2026-09-21T08:04:28.809+00:00,False,1,0.0,,0.0,300110.66148799995,300110.66148799995,300110.66148799995,300110.66148799995,300110.66148799995,300110.66148799995,nan,300110.66148799995,nan,nan,0.0,63,64,,True,False,"HTTPConnectionPool(host='gpu06', port=9004): Read timed out.",0,59.56268577710819
283,2026-09-21T07:59:28.992+00:00,2026-09-21T08:04:29.093+00:00,2026-09-21T08:04:29.093+00:00,False,1,0.0,,0.0,300101.420468,300101.420468,300101.420468,300101.420468,300101.420468,300101.420468,nan,300101.420468,nan,nan,0.0,63,64,,True,False,"HTTPConnectionPool(host='gpu06', port=9004): Read timed out.",0,59.56268577710819
284,2026-09-21T07:59:29.283+00:00,2026-09-21T08:04:29.396+00:00,2026-09-21T08:04:29.396+00:00,False,1,0.0,,0.0,300112.852708,300112.852708,300112.852708,300112.852708,300112.852708,300112.852708,nan,300112.852708,nan,nan,0.0,63,64,,True,False,"HTTPConnectionPool(host='gpu06', port=9004): Read timed out.",0,59.56268577710819
285,2026-09-21T07:59:29.556+00:00,2026-09-21T08:04:29.607+00:00,2026-09-21T08:04:29.607+00:00,False,1,0.0,,0.0,300051.185089,300051.185089,300051.185089,300051.185089,300051.185089,300051.185089,nan,300051.185089,nan,nan,0.0,63,64,,True,False,TTFT timeout: 300.0s exceeded (TTFT: 300.039s),0,59.56268577710819
286,2026-09-21T07:59:29.855+00:00,2026-09-21T08:04:29.751+00:00,2026-09-21T08:04:29.897+00:00,False,4,3.0,,3.0,299896.337086,300042.029502,300042.029399,75010.50734975,0.03597,299896.337086,149923.89041779886,254922.8189059,48.564138666666665,42.026552788009504,0.009998599212847955,63,64,,True,False,Request timeout: 300.0s exceeded,12,59.56268577710819
287,2026-09-21T07:59:30.123+00:00,2026-09-21T08:04:30.220+00:00,2026-09-21T08:04:30.220+00:00,False,1,0.0,,0.0,300096.445832,300096.445832,300096.445832,300096.445832,300096.445832,300096.445832,nan,300096.445832,nan,nan,0.0,63,64,,True,False,"HTTPConnectionPool(host='gpu06', port=9004): Read timed out.",0,59.56268577710819
288,2026-09-21T07:59:30.358+00:00,2026-09-21T08:04:30.470+00:00,2026-09-21T08:04:30.470+00:00,False,1,0.0,,0.0,300112.461877,300112.461877,300112.461877,300112.461877,300112.461877,300112.461877,nan,300112.461877,nan,nan,0.0,63,64,,True,False,"HTTPConnectionPool(host='gpu06', port=9004): Read timed out.",0,59.56268577710819
289,2026-09-21T07:59:30.716+00:00,2026-09-21T08:04:30.820+00:00,2026-09-21T08:04:30.820+00:00,False,1,0.0,,0.0,300103.836032,300103.836032,300103.836032,300103.836032,300103.836032,300103.836032,nan,300103.836032,nan,nan,0.0,63,64,,True,False,"HTTPConnectionPool(host='gpu06', port=9004): Read timed out.",0,59.56268577710819
290,2026-09-21T07:59:31.060+00:00,2026-09-21T08:04:31.173+00:00,2026-09-21T08:04:31.173+00:00,False,1,0.0,,0.0,300112.159599,300112.159599,300112.159599,300112.159599,300112.159599,300112.159599,nan,300112.159599,nan,nan,0.0,63,64,,True,False,"HTTPConnectionPool(host='gpu06', port=9004): Read timed out.",0,59.56268577710819
291,2026-09-21T07:59:31.298+00:00,2026-09-21T08:04:31.403+00:00,2026-09-21T08:04:31.403+00:00,False,1,0.0,,0.0,300104.895123,300104.895123,300104.895123,300104.895123,300104.895123,300104.895123,nan,300104.895123,nan,nan,0.0,63,64,,True,False,"HTTPConnectionPool(host='gpu06', port=9004): Read timed out.",0,59.56268577710819
292,2026-09-21T07:59:31.665+00:00,2026-09-21T08:04:31.693+00:00,2026-09-21T08:04:32.914+00:00,False,21,20.0,,20.0,300028.52117699996,301249.34370499995,301249.343823,14345.206848714284,0.02953,300028.52117699996,65458.278368825406,179.089354,61.041126399999996,32.64672964441065,0.06639018612961729,63,64,,True,False,Request timeout: 300.0s exceeded,84,59.56268577710819
293,2026-09-21T07:59:31.941+00:00,2026-09-21T08:04:31.873+00:00,2026-09-21T08:04:32.960+00:00,False,21,20.0,,20.0,299931.461847,301018.435031,301018.43505,14334.211192857143,0.02857,299931.461847,65438.55292945694,78.977841,54.3486592,16.431311784349788,0.06644111347512761,63,64,,True,False,Request timeout: 300.0s exceeded,59,59.56268577710819
296,2026-09-21T07:59:32.925+00:00,2026-09-21T08:04:33.051+00:00,2026-09-21T08:04:33.051+00:00,False,1,0.0,,0.0,300125.87677499995,300125.87677499995,300125.87677499995,300125.87677499995,300125.87677499995,300125.87677499995,nan,300125.87677499995,nan,nan,0.0,63,64,,True,False,"HTTPConnectionPool(host='gpu06', port=9004): Read timed out.",0,59.56268577710819
294,2026-09-21T07:59:32.288+00:00,2026-09-21T08:04:33.430+00:00,2026-09-21T08:04:33.430+00:00,False,1,0.0,,0.0,301142.767929,301142.767929,301142.767929,301142.767929,301142.767929,301142.767929,nan,301142.767929,nan,nan,0.0,63,64,,True,False,"HTTPConnectionPool(host='gpu06', port=9004): Read timed out.",0,59.56268577710819
297,2026-09-21T07:59:33.307+00:00,2026-09-21T08:04:33.430+00:00,2026-09-21T08:04:33.430+00:00,False,1,0.0,,0.0,300123.05704900005,300123.05704900005,300123.05704900005,300123.05704900005,300123.05704900005,300123.05704900005,nan,300123.05704900005,nan,nan,0.0,63,64,,True,False,"HTTPConnectionPool(host='gpu06', port=9004): Read timed out.",0,59.56268577710819
295,2026-09-21T07:59:32.579+00:00,2026-09-21T08:04:34.284+00:00,2026-09-21T08:04:35.101+00:00,False,16,15.0,,15.0,301704.362091,302521.681003,302521.680828,18907.60505175,0.030010000000000002,301704.362091,75412.47124457461,75504.15198675,54.48792746666667,20.89118755465914,0.04958322309418626,63,64,,True,False,Request timeout: 300.0s exceeded,85,59.56268577710819
301,2026-09-21T07:59:34.896+00:00,2026-09-21T08:04:34.286+00:00,2026-09-21T08:04:35.052+00:00,False,15,14.0,,14.0,299390.176718,300155.83380599995,300155.833934,20010.38892893333,0.02929,299390.176718,77288.09304464314,89886.13553379997,54.689792,21.045969942044195,0.046642438437657134,63,64,,True,False,Request timeout: 300.0s exceeded,63,59.56268577710819
298,2026-09-21T07:59:34.844+00:00,2026-09-21T08:04:34.387+00:00,2026-09-21T08:04:35.320+00:00,False,19,18.0,,18.0,299542.921604,300475.849604,300475.84969299997,15814.518404894736,0.02911,299542.921604,68707.9702945526,30018.7766402,51.82933333333334,15.136747292830075,0.05990498079536966,63,64,,True,False,Request timeout: 300.0s exceeded,139,59.56268577710819
300,2026-09-21T07:59:34.879+00:00,2026-09-21T08:04:35.392+00:00,2026-09-21T08:04:35.392+00:00,False,1,0.0,,0.0,300513.486162,300513.486162,300513.486162,300513.486162,300513.486162,300513.486162,nan,300513.486162,nan,nan,0.0,63,64,,True,False,"HTTPConnectionPool(host='gpu06', port=9004): Read timed out.",0,59.56268577710819
299,2026-09-21T07:59:34.868+00:00,2026-09-21T08:04:35.490+00:00,2026-09-21T08:04:35.490+00:00,False,1,0.0,,0.0,300621.98280500004,300621.98280500004,300621.98280500004,300621.98280500004,300621.98280500004,300621.98280500004,nan,300621.98280500004,nan,nan,0.0,63,64,,True,False,"HTTPConnectionPool(host='gpu06', port=9004): Read timed out.",0,59.56268577710819
302,2026-09-21T07:59:34.982+00:00,2026-09-21T08:04:35.506+00:00,2026-09-21T08:04:35.506+00:00,False,1,0.0,,0.0,300524.36049500003,300524.36049500003,300524.36049500003,300524.36049500003,300524.36049500003,300524.36049500003,nan,300524.36049500003,nan,nan,0.0,63,64,,True,False,"HTTPConnectionPool(host='gpu06', port=9004): Read timed out.",0,59.56268577710819
304,2026-09-21T07:59:35.542+00:00,2026-09-21T08:04:35.588+00:00,2026-09-21T08:04:35.588+00:00,False,1,0.0,,0.0,300046.768978,300046.768978,300046.768978,300046.768978,300046.768978,300046.768978,nan,300046.768978,nan,nan,0.0,63,64,,True,False,"HTTPConnectionPool(host='gpu06', port=9004): Read timed out.",0,59.56268577710819
303,2026-09-21T07:59:35.246+00:00,2026-09-21T08:04:35.589+00:00,2026-09-21T08:04:35.589+00:00,False,1,0.0,,0.0,300342.469744,300342.469744,300342.469744,300342.469744,300342.469744,300342.469744,nan,300342.469744,nan,nan,0.0,63,64,,True,False,"HTTPConnectionPool(host='gpu06', port=9004): Read timed out.",0,59.56268577710819
305,2026-09-21T07:59:35.831+00:00,2026-09-21T08:04:36.070+00:00,2026-09-21T08:04:36.070+00:00,False,1,0.0,,0.0,300239.26902899996,300239.26902899996,300239.26902899996,300239.26902899996,300239.26902899996,300239.26902899996,nan,300239.26902899996,nan,nan,0.0,63,64,,True,False,"HTTPConnectionPool(host='gpu06', port=9004): Read timed out.",0,59.56268577710819
306,2026-09-21T07:59:36.130+00:00,2026-09-21T08:04:36.264+00:00,2026-09-21T08:04:36.264+00:00,False,1,0.0,,0.0,300133.648031,300133.648031,300133.648031,300133.648031,300133.648031,300133.648031,nan,300133.648031,nan,nan,0.0,63,64,,True,False,"HTTPConnectionPool(host='gpu06', port=9004): Read timed out.",0,59.56268577710819
307,2026-09-21T07:59:36.321+00:00,2026-09-21T08:04:36.428+00:00,2026-09-21T08:04:36.428+00:00,False,1,0.0,,0.0,300106.920874,300106.920874,300106.920874,300106.920874,300106.920874,300106.920874,nan,300106.920874,nan,nan,0.0,63,64,,True,False,"HTTPConnectionPool(host='gpu06', port=9004): Read timed out.",0,59.56268577710819
308,2026-09-21T07:59:36.659+00:00,2026-09-21T08:04:36.757+00:00,2026-09-21T08:04:36.757+00:00,False,1,0.0,,0.0,300097.89742500003,300097.89742500003,300097.89742500003,300097.89742500003,300097.89742500003,300097.89742500003,nan,300097.89742500003,nan,nan,0.0,63,64,,True,False,"HTTPConnectionPool(host='gpu06', port=9004): Read timed out.",0,59.56268577710819
309,2026-09-21T07:59:37.005+00:00,2026-09-21T08:04:37.111+00:00,2026-09-21T08:04:37.111+00:00,False,1,0.0,,0.0,300105.672152,300105.672152,300105.672152,300105.672152,300105.672152,300105.672152,nan,300105.672152,nan,nan,0.0,63,64,,True,False,"HTTPConnectionPool(host='gpu06', port=9004): Read timed out.",0,59.56268577710819
310,2026-09-21T07:59:37.322+00:00,2026-09-21T08:04:37.425+00:00,2026-09-21T08:04:37.425+00:00,False,1,0.0,,0.0,300103.446205,300103.446205,300103.446205,300103.446205,300103.446205,300103.446205,nan,300103.446205,nan,nan,0.0,63,64,,True,False,"HTTPConnectionPool(host='gpu06', port=9004): Read timed out.",0,59.56268577710819
311,2026-09-21T07:59:37.640+00:00,2026-09-21T08:04:37.736+00:00,2026-09-21T08:04:37.736+00:00,False,1,0.0,,0.0,300096.194398,300096.194398,300096.194398,300096.194398,300096.194398,300096.194398,nan,300096.194398,nan,nan,0.0,63,64,,True,False,"HTTPConnectionPool(host='gpu06', port=9004): Read timed out.",0,59.56268577710819
312,2026-09-21T07:59:37.854+00:00,2026-09-21T08:04:37.910+00:00,2026-09-21T08:04:37.910+00:00,False,1,0.0,,0.0,300056.128148,300056.128148,300056.128148,300056.128148,300056.128148,300056.128148,nan,300056.128148,nan,nan,0.0,63,64,,True,False,TTFT timeout: 300.0s exceeded (TTFT: 300.047s),0,59.56268577710819
313,2026-09-21T07:59:38.249+00:00,2026-09-21T08:04:38.254+00:00,2026-09-21T08:04:38.298+00:00,False,3,2.0,,2.0,300005.214863,300048.38158299995,300048.381511,100016.12717033332,0.03393,300005.214863,173195.63176213542,270009.0066485,21.58336,30.475329290209284,0.006665591693740753,63,64,,True,False,Request timeout: 300.0s exceeded,2,59.56268577710819
314,2026-09-21T07:59:38.575+00:00,2026-09-21T08:04:38.673+00:00,2026-09-21T08:04:38.673+00:00,False,1,0.0,,0.0,300098.53585900005,300098.53585900005,300098.53585900005,300098.53585900005,300098.53585900005,300098.53585900005,nan,300098.53585900005,nan,nan,0.0,63,64,,True,False,"HTTPConnectionPool(host='gpu06', port=9004): Read timed out.",0,59.56268577710819
315,2026-09-21T07:59:38.848+00:00,2026-09-21T08:04:38.952+00:00,2026-09-21T08:04:38.952+00:00,False,1,0.0,,0.0,300104.620638,300104.620638,300104.620638,300104.620638,300104.620638,300104.620638,nan,300104.620638,nan,nan,0.0,63,64,,True,False,"HTTPConnectionPool(host='gpu06', port=9004): Read timed out.",0,59.56268577710819
316,2026-09-21T07:59:39.074+00:00,2026-09-21T08:04:39.100+00:00,2026-09-21T08:04:39.100+00:00,False,1,0.0,,0.0,300025.298469,300025.298469,300025.298469,300025.298469,300025.298469,300025.298469,nan,300025.298469,nan,nan,0.0,63,64,,True,False,"HTTPConnectionPool(host='gpu06', port=9004): Read timed out.",0,59.56268577710819
317,2026-09-21T07:59:39.449+00:00,2026-09-21T08:04:39.528+00:00,2026-09-21T08:04:39.528+00:00,False,1,0.0,,0.0,300079.353219,300079.353219,300079.353219,300079.353219,300079.353219,300079.353219,nan,300079.353219,nan,nan,0.0,63,64,,True,False,"HTTPConnectionPool(host='gpu06', port=9004): Read timed out.",0,59.56268577710819
318,2026-09-21T07:59:39.714+00:00,2026-09-21T08:04:39.830+00:00,2026-09-21T08:04:39.830+00:00,False,1,0.0,,0.0,300116.039828,300116.039828,300116.039828,300116.039828,300116.039828,300116.039828,nan,300116.039828,nan,nan,0.0,63,64,,True,False,"HTTPConnectionPool(host='gpu06', port=9004): Read timed out.",0,59.56268577710819
319,2026-09-21T07:59:40.020+00:00,2026-09-21T08:04:40.044+00:00,2026-09-21T08:04:40.044+00:00,False,1,0.0,,0.0,300024.607498,300024.607498,300024.607498,300024.607498,300024.607498,300024.607498,nan,300024.607498,nan,nan,0.0,63,64,,True,False,TTFT timeout: 300.0s exceeded (TTFT: 300.020s),0,59.56268577710819
320,2026-09-21T07:59:40.258+00:00,2026-09-21T08:04:40.319+00:00,2026-09-21T08:04:40.319+00:00,False,1,0.0,,0.0,300061.36912,300061.36912,300061.36912,300061.36912,300061.36912,300061.36912,nan,300061.36912,nan,nan,0.0,63,64,,True,False,"HTTPConnectionPool(host='gpu06', port=9004): Read timed out.",0,59.56268577710819
321,2026-09-21T07:59:40.544+00:00,2026-09-21T08:04:40.625+00:00,2026-09-21T08:04:40.625+00:00,False,1,0.0,,0.0,300081.41187699995,300081.41187699995,300081.41187699995,300081.41187699995,300081.41187699995,300081.41187699995,nan,300081.41187699995,nan,nan,0.0,63,64,,True,False,TTFT timeout: 300.0s exceeded (TTFT: 300.073s),0,59.56268577710819
322,2026-09-21T07:59:40.804+00:00,2026-09-21T08:04:40.917+00:00,2026-09-21T08:04:40.917+00:00,False,1,0.0,,0.0,300113.034546,300113.034546,300113.034546,300113.034546,300113.034546,300113.034546,nan,300113.034546,nan,nan,0.0,63,64,,True,False,"HTTPConnectionPool(host='gpu06', port=9004): Read timed out.",0,59.56268577710819
323,2026-09-21T07:59:41.078+00:00,2026-09-21T08:04:41.180+00:00,2026-09-21T08:04:41.180+00:00,False,1,0.0,,0.0,300102.623686,300102.623686,300102.623686,300102.623686,300102.623686,300102.623686,nan,300102.623686,nan,nan,0.0,63,64,,True,False,"HTTPConnectionPool(host='gpu06', port=9004): Read timed out.",0,59.56268577710819
324,2026-09-21T07:59:41.474+00:00,2026-09-21T08:04:41.575+00:00,2026-09-21T08:04:41.575+00:00,False,1,0.0,,0.0,300101.36266600003,300101.36266600003,300101.36266600003,300101.36266600003,300101.36266600003,300101.36266600003,nan,300101.36266600003,nan,nan,0.0,63,64,,True,False,"HTTPConnectionPool(host='gpu06', port=9004): Read timed out.",0,59.56268577710819
325,2026-09-21T07:59:41.724+00:00,2026-09-21T08:04:41.811+00:00,2026-09-21T08:04:41.811+00:00,False,1,0.0,,0.0,300087.50044,300087.50044,300087.50044,300087.50044,300087.50044,300087.50044,nan,300087.50044,nan,nan,0.0,63,64,,True,False,"HTTPConnectionPool(host='gpu06', port=9004): Read timed out.",0,59.56268577710819
326,2026-09-21T07:59:41.993+00:00,2026-09-21T08:04:42.086+00:00,2026-09-21T08:04:42.086+00:00,False,1,0.0,,0.0,300092.713609,300092.713609,300092.713609,300092.713609,300092.713609,300092.713609,nan,300092.713609,nan,nan,0.0,63,64,,True,False,"HTTPConnectionPool(host='gpu06', port=9004): Read timed out.",0,59.56268577710819
327,2026-09-21T07:59:42.348+00:00,2026-09-21T08:04:42.414+00:00,2026-09-21T08:04:42.414+00:00,False,1,0.0,,0.0,300065.932218,300065.932218,300065.932218,300065.932218,300065.932218,300065.932218,nan,300065.932218,nan,nan,0.0,63,64,,True,False,"HTTPConnectionPool(host='gpu06', port=9004): Read timed out.",0,59.56268577710819
328,2026-09-21T07:59:42.620+00:00,2026-09-21T08:04:42.601+00:00,2026-09-21T08:04:42.769+00:00,False,3,2.0,,2.0,299981.286353,300148.389073,300148.389132,100049.46304399999,0.0424,299981.286353,173146.05814888544,269999.86375559994,83.55136,118.09936804717032,0.006663370761965256,63,64,,True,False,Request timeout: 300.0s exceeded,6,59.56268577710819
329,2026-09-21T07:59:42.920+00:00,2026-09-21T08:04:43.024+00:00,2026-09-21T08:04:43.024+00:00,False,1,0.0,,0.0,300104.162991,300104.162991,300104.162991,300104.162991,300104.162991,300104.162991,nan,300104.162991,nan,nan,0.0,63,64,,True,False,"HTTPConnectionPool(host='gpu06', port=9004): Read timed out.",0,59.56268577710819
330,2026-09-21T07:59:43.254+00:00,2026-09-21T08:04:43.344+00:00,2026-09-21T08:04:43.344+00:00,False,1,0.0,,0.0,300090.14613099996,300090.14613099996,300090.14613099996,300090.14613099996,300090.14613099996,300090.14613099996,nan,300090.14613099996,nan,nan,0.0,63,64,,True,False,"HTTPConnectionPool(host='gpu06', port=9004): Read timed out.",0,59.56268577710819
331,2026-09-21T07:59:43.644+00:00,2026-09-21T08:04:43.733+00:00,2026-09-21T08:04:43.733+00:00,False,1,0.0,,0.0,300089.654723,300089.654723,300089.654723,300089.654723,300089.654723,300089.654723,nan,300089.654723,nan,nan,0.0,63,64,,True,False,"HTTPConnectionPool(host='gpu06', port=9004): Read timed out.",0,59.56268577710819
332,2026-09-21T07:59:44.020+00:00,2026-09-21T08:04:44.122+00:00,2026-09-21T08:04:44.122+00:00,False,1,0.0,,0.0,300102.48512699996,300102.48512699996,300102.48512699996,300102.48512699996,300102.48512699996,300102.48512699996,nan,300102.48512699996,nan,nan,0.0,63,64,,True,False,"HTTPConnectionPool(host='gpu06', port=9004): Read timed out.",0,59.56268577710819
333,2026-09-21T07:59:44.411+00:00,2026-09-21T08:04:44.408+00:00,2026-09-21T08:04:44.636+00:00,False,3,2.0,,2.0,299996.427485,300225.136093,300225.13601099997,100075.045337,0.040490000000000005,299996.427485,173137.03343771858,270019.6515401,114.354304,161.664205522365,0.006661667394100089,63,64,,True,False,Request timeout: 300.0s exceeded,4,59.56268577710819
334,2026-09-21T07:59:44.632+00:00,2026-09-21T08:04:44.637+00:00,2026-09-21T08:04:44.750+00:00,False,3,2.0,,2.0,300005.223971,300118.534691,300118.534784,100039.51159466666,0.0201,300005.223971,173175.39606476665,270016.0306452,56.65536,80.09453947671668,0.006664033602786933,63,64,,True,False,Request timeout: 300.0s exceeded,10,59.56268577710819
335,2026-09-21T07:59:44.985+00:00,2026-09-21T08:04:44.920+00:00,2026-09-21T08:04:45.010+00:00,False,4,3.0,,3.0,299935.427563,300025.298155,300025.298057,75006.32451425,0.02925,299935.427563,149952.73731020285,254953.98840595,29.956864,29.575302103428392,0.009999156799271408,63,64,,True,False,Request timeout: 300.0s exceeded,11,59.56268577710819
336,2026-09-21T07:59:45.329+00:00,2026-09-21T08:04:45.708+00:00,2026-09-21T08:04:47.030+00:00,False,21,20.0,,20.0,300378.14264499996,301700.2060049999,301700.206004,14366.67647638095,0.04034,300378.14264499996,65533.46796586492,174.27750899999998,66.103168,33.83688591994666,0.06629097230271215,63,64,,True,False,Request timeout: 300.0s exceeded,99,59.56268577710819
337,2026-09-21T07:59:45.577+00:00,2026-09-21T08:04:45.987+00:00,2026-09-21T08:04:47.073+00:00,False,19,18.0,,18.0,300410.256886,301496.67967,301496.679679,15868.246298894735,0.0367,300410.256886,68905.00016838001,30198.8534497,60.356821333333336,32.92041886449133,0.05970215001936907,63,64,,True,False,Request timeout: 300.0s exceeded,81,59.56268577710819
338,2026-09-21T07:59:45.904+00:00,2026-09-21T08:04:46.345+00:00,2026-09-21T08:04:47.129+00:00,False,16,15.0,,15.0,300441.053555,301224.813939,301224.814167,18826.5508854375,0.027329999999999997,300441.053555,75097.20227547229,75160.69462324999,52.25069226666667,15.862458537702837,0.04979669438201595,63,64,,True,False,Request timeout: 300.0s exceeded,45,59.56268577710819
341,2026-09-21T07:59:46.989+00:00,2026-09-21T08:04:47.209+00:00,2026-09-21T08:04:47.209+00:00,False,1,0.0,,0.0,300220.305527,300220.305527,300220.305527,300220.305527,300220.305527,300220.305527,nan,300220.305527,nan,nan,0.0,63,64,,True,False,"HTTPConnectionPool(host='gpu06', port=9004): Read timed out.",0,59.56268577710819
342,2026-09-21T07:59:47.229+00:00,2026-09-21T08:04:47.346+00:00,2026-09-21T08:04:47.346+00:00,False,1,0.0,,0.0,300117.20738700003,300117.20738700003,300117.20738700003,300117.20738700003,300117.20738700003,300117.20738700003,nan,300117.20738700003,nan,nan,0.0,63,64,,True,False,"HTTPConnectionPool(host='gpu06', port=9004): Read timed out.",0,59.56268577710819
339,2026-09-21T07:59:46.295+00:00,2026-09-21T08:04:47.461+00:00,2026-09-21T08:04:47.461+00:00,False,1,0.0,,0.0,301165.93293300003,301165.93293300003,301165.93293300003,301165.93293300003,301165.93293300003,301165.93293300003,nan,301165.93293300003,nan,nan,0.0,63,64,,True,False,"HTTPConnectionPool(host='gpu06', port=9004): Read timed out.",0,59.56268577710819
343,2026-09-21T07:59:47.537+00:00,2026-09-21T08:04:47.546+00:00,2026-09-21T08:04:47.546+00:00,False,1,0.0,,0.0,300009.200628,300009.200628,300009.200628,300009.200628,300009.200628,300009.200628,nan,300009.200628,nan,nan,0.0,63,64,,True,False,"HTTPConnectionPool(host='gpu06', port=9004): Read timed out.",0,59.56268577710819
340,2026-09-21T07:59:46.640+00:00,2026-09-21T08:04:47.676+00:00,2026-09-21T08:04:47.676+00:00,False,1,0.0,,0.0,301035.613829,301035.613829,301035.613829,301035.613829,301035.613829,301035.613829,nan,301035.613829,nan,nan,0.0,63,64,,True,False,"HTTPConnectionPool(host='gpu06', port=9004): Read timed out.",0,59.56268577710819
344,2026-09-21T07:59:47.917+00:00,2026-09-21T08:04:48.028+00:00,2026-09-21T08:04:48.028+00:00,False,1,0.0,,0.0,300111.031155,300111.031155,300111.031155,300111.031155,300111.031155,300111.031155,nan,300111.031155,nan,nan,0.0,63,64,,True,False,"HTTPConnectionPool(host='gpu06', port=9004): Read timed out.",0,59.56268577710819
345,2026-09-21T07:59:48.151+00:00,2026-09-21T08:04:48.259+00:00,2026-09-21T08:04:48.259+00:00,False,1,0.0,,0.0,300107.983651,300107.983651,300107.983651,300107.983651,300107.983651,300107.983651,nan,300107.983651,nan,nan,0.0,63,64,,True,False,"HTTPConnectionPool(host='gpu06', port=9004): Read timed out.",0,59.56268577710819
346,2026-09-21T07:59:48.534+00:00,2026-09-21T08:04:48.639+00:00,2026-09-21T08:04:48.639+00:00,False,1,0.0,,0.0,300104.70460299996,300104.70460299996,300104.70460299996,300104.70460299996,300104.70460299996,300104.70460299996,nan,300104.70460299996,nan,nan,0.0,63,64,,True,False,"HTTPConnectionPool(host='gpu06', port=9004): Read timed out.",0,59.56268577710819
347,2026-09-21T07:59:48.854+00:00,2026-09-21T08:04:48.969+00:00,2026-09-21T08:04:48.969+00:00,False,1,0.0,,0.0,300115.821435,300115.821435,300115.821435,300115.821435,300115.821435,300115.821435,nan,300115.821435,nan,nan,0.0,63,64,,True,False,"HTTPConnectionPool(host='gpu06', port=9004): Read timed out.",0,59.56268577710819
348,2026-09-21T07:59:49.243+00:00,2026-09-21T08:04:49.283+00:00,2026-09-21T08:04:49.283+00:00,False,1,0.0,,0.0,300039.938242,300039.938242,300039.938242,300039.938242,300039.938242,300039.938242,nan,300039.938242,nan,nan,0.0,63,64,,True,False,TTFT timeout: 300.0s exceeded (TTFT: 300.038s),0,59.56268577710819
349,2026-09-21T07:59:49.520+00:00,2026-09-21T08:04:49.625+00:00,2026-09-21T08:04:49.625+00:00,False,1,0.0,,0.0,300104.80726599996,300104.80726599996,300104.80726599996,300104.80726599996,300104.80726599996,300104.80726599996,nan,300104.80726599996,nan,nan,0.0,63,64,,True,False,"HTTPConnectionPool(host='gpu06', port=9004): Read timed out.",0,59.56268577710819
350,2026-09-21T07:59:49.823+00:00,2026-09-21T08:04:49.921+00:00,2026-09-21T08:04:49.921+00:00,False,1,0.0,,0.0,300097.971402,300097.971402,300097.971402,300097.971402,300097.971402,300097.971402,nan,300097.971402,nan,nan,0.0,63,64,,True,False,"HTTPConnectionPool(host='gpu06', port=9004): Read timed out.",0,59.56268577710819
351,2026-09-21T07:59:50.216+00:00,2026-09-21T08:04:50.331+00:00,2026-09-21T08:04:50.331+00:00,False,1,0.0,,0.0,300114.382472,300114.382472,300114.382472,300114.382472,300114.382472,300114.382472,nan,300114.382472,nan,nan,0.0,63,64,,True,False,"HTTPConnectionPool(host='gpu06', port=9004): Read timed out.",0,59.56268577710819
352,2026-09-21T07:59:50.582+00:00,2026-09-21T08:04:50.687+00:00,2026-09-21T08:04:50.687+00:00,False,1,0.0,,0.0,300105.300778,300105.300778,300105.300778,300105.300778,300105.300778,300105.300778,nan,300105.300778,nan,nan,0.0,63,64,,True,False,"HTTPConnectionPool(host='gpu06', port=9004): Read timed out.",0,59.56268577710819
353,2026-09-21T07:59:50.953+00:00,2026-09-21T08:04:51.060+00:00,2026-09-21T08:04:51.060+00:00,False,1,0.0,,0.0,300107.621172,300107.621172,300107.621172,300107.621172,300107.621172,300107.621172,nan,300107.621172,nan,nan,0.0,63,64,,True,False,"HTTPConnectionPool(host='gpu06', port=9004): Read timed out.",0,59.56268577710819
354,2026-09-21T07:59:51.245+00:00,2026-09-21T08:04:51.339+00:00,2026-09-21T08:04:51.339+00:00,False,1,0.0,,0.0,300094.47702999995,300094.47702999995,300094.47702999995,300094.47702999995,300094.47702999995,300094.47702999995,nan,300094.47702999995,nan,nan,0.0,63,64,,True,False,TTFT timeout: 300.0s exceeded (TTFT: 300.084s),0,59.56268577710819
355,2026-09-21T07:59:51.532+00:00,2026-09-21T08:04:51.566+00:00,2026-09-21T08:04:51.566+00:00,False,1,0.0,,0.0,300033.895221,300033.895221,300033.895221,300033.895221,300033.895221,300033.895221,nan,300033.895221,nan,nan,0.0,63,64,,True,False,TTFT timeout: 300.0s exceeded (TTFT: 300.014s),0,59.56268577710819
356,2026-09-21T07:59:51.861+00:00,2026-09-21T08:04:51.974+00:00,2026-09-21T08:04:51.974+00:00,False,1,0.0,,0.0,300113.729008,300113.729008,300113.729008,300113.729008,300113.729008,300113.729008,nan,300113.729008,nan,nan,0.0,63,64,,True,False,"HTTPConnectionPool(host='gpu06', port=9004): Read timed out.",0,59.56268577710819
357,2026-09-21T07:59:52.211+00:00,2026-09-21T08:04:52.318+00:00,2026-09-21T08:04:52.318+00:00,False,1,0.0,,0.0,300106.92762599996,300106.92762599996,300106.92762599996,300106.92762599996,300106.92762599996,300106.92762599996,nan,300106.92762599996,nan,nan,0.0,63,64,,True,False,"HTTPConnectionPool(host='gpu06', port=9004): Read timed out.",0,59.56268577710819
358,2026-09-21T07:59:52.462+00:00,2026-09-21T08:04:52.581+00:00,2026-09-21T08:04:52.581+00:00,False,1,0.0,,0.0,300119.017177,300119.017177,300119.017177,300119.017177,300119.017177,300119.017177,nan,300119.017177,nan,nan,0.0,63,64,,True,False,"HTTPConnectionPool(host='gpu06', port=9004): Read timed out.",0,59.56268577710819
359,2026-09-21T07:59:52.786+00:00,2026-09-21T08:04:52.866+00:00,2026-09-21T08:04:54.402+00:00,False,23,22.0,,22.0,300080.076671,301616.137343,301616.137467,13113.74510726087,0.026809999999999997,300080.076671,62556.492115786226,311.26367940000006,69.82093963636365,62.11021931587476,0.07294039434959491,63,64,,True,False,Request timeout: 300.0s exceeded,23,59.56268577710819
361,2026-09-21T07:59:54.177+00:00,2026-09-21T08:04:53.199+00:00,2026-09-21T08:04:54.457+00:00,False,23,22.0,,22.0,299022.147369,300280.290857,300280.290812,13055.664817913044,0.03131,299022.147369,62338.50573975576,93.05137619999999,57.188340363636364,18.011922633349066,0.0732648817450256,63,64,,True,False,Request timeout: 300.0s exceeded,66,59.56268577710819
360,2026-09-21T07:59:54.129+00:00,2026-09-21T08:04:53.203+00:00,2026-09-21T08:04:54.262+00:00,True,19,19.0,,19.0,299073.519512,300132.19112800003,300132.19115800003,15796.431113578948,40.665938000000004,299073.519512,68598.6788976031,29990.283967700005,58.81508977777778,12.320181641623707,0.06330543860887251,63,64,,True,True,,38,59.56268577710819
365,2026-09-21T07:59:54.508+00:00,2026-09-21T08:04:53.292+00:00,2026-09-21T08:04:54.735+00:00,False,27,26.0,,26.0,298784.721264,300227.582832,300227.58264599997,11119.540098,0.04208,298784.721264,57490.46830524947,76.820063,55.494675692307695,14.84144675748489,0.08660097035304369,63,64,,True,False,Request timeout: 300.0s exceeded,97,59.56268577710819
363,2026-09-21T07:59:54.353+00:00,2026-09-21T08:04:53.294+00:00,2026-09-21T08:04:54.735+00:00,False,27,26.0,,26.0,298940.962877,300381.44543699996,300381.445589,11125.238725518519,0.03589,298940.962877,57520.554694550774,75.48490070000001,55.40317538461538,15.12525826121767,0.08655661125198583,63,64,,True,False,Request timeout: 300.0s exceeded,30,59.56268577710819
364,2026-09-21T07:59:54.440+00:00,2026-09-21T08:04:54.561+00:00,2026-09-21T08:04:54.805+00:00,False,6,5.0,,5.0,300121.894872,300365.56283999997,300365.562848,50060.927141333326,0.09148,300121.894872,122504.35778015877,225108.93748049997,48.7335936,28.621414404052864,0.016646382337323476,63,64,,True,False,Request timeout: 300.0s exceeded,26,59.56268577710819
362,2026-09-21T07:59:54.218+00:00,2026-09-21T08:04:54.767+00:00,2026-09-21T08:04:54.767+00:00,False,1,0.0,,0.0,300549.72064899997,300549.72064899997,300549.72064899997,300549.72064899997,300549.72064899997,300549.72064899997,nan,300549.72064899997,nan,nan,0.0,63,64,,True,False,"HTTPConnectionPool(host='gpu06', port=9004): Read timed out.",0,59.56268577710819
366,2026-09-21T07:59:54.748+00:00,2026-09-21T08:04:55.472+00:00,2026-09-21T08:04:55.472+00:00,False,1,0.0,,0.0,300724.38854,300724.38854,300724.38854,300724.38854,300724.38854,300724.38854,nan,300724.38854,nan,nan,0.0,63,64,,True,False,"HTTPConnectionPool(host='gpu06', port=9004): Read timed out.",0,59.56268577710819
367,2026-09-21T07:59:55.281+00:00,2026-09-21T08:04:55.588+00:00,2026-09-21T08:04:55.588+00:00,False,1,0.0,,0.0,300307.004426,300307.004426,300307.004426,300307.004426,300307.004426,300307.004426,nan,300307.004426,nan,nan,0.0,63,64,,True,False,"HTTPConnectionPool(host='gpu06', port=9004): Read timed out.",0,59.56268577710819
368,2026-09-21T07:59:55.328+00:00,2026-09-21T08:04:55.627+00:00,2026-09-21T08:04:55.627+00:00,False,1,0.0,,0.0,300299.29540899995,300299.29540899995,300299.29540899995,300299.29540899995,300299.29540899995,300299.29540899995,nan,300299.29540899995,nan,nan,0.0,63,64,,True,False,"HTTPConnectionPool(host='gpu06', port=9004): Read timed out.",0,59.56268577710819
369,2026-09-21T07:59:55.527+00:00,2026-09-21T08:04:55.678+00:00,2026-09-21T08:04:55.678+00:00,False,1,0.0,,0.0,300151.602078,300151.602078,300151.602078,300151.602078,300151.602078,300151.602078,nan,300151.602078,nan,nan,0.0,63,64,,True,False,"HTTPConnectionPool(host='gpu06', port=9004): Read timed out.",0,59.56268577710819
370,2026-09-21T07:59:55.902+00:00,2026-09-21T08:04:56.008+00:00,2026-09-21T08:04:56.008+00:00,False,1,0.0,,0.0,300106.336145,300106.336145,300106.336145,300106.336145,300106.336145,300106.336145,nan,300106.336145,nan,nan,0.0,63,64,,True,False,"HTTPConnectionPool(host='gpu06', port=9004): Read timed out.",0,59.56268577710819
371,2026-09-21T07:59:56.249+00:00,2026-09-21T08:04:56.353+00:00,2026-09-21T08:04:56.353+00:00,False,1,0.0,,0.0,300104.573444,300104.573444,300104.573444,300104.573444,300104.573444,300104.573444,nan,300104.573444,nan,nan,0.0,63,64,,True,False,"HTTPConnectionPool(host='gpu06', port=9004): Read timed out.",0,59.56268577710819
372,2026-09-21T07:59:56.617+00:00,2026-09-21T08:04:56.723+00:00,2026-09-21T08:04:56.723+00:00,False,1,0.0,,0.0,300105.76680800004,300105.76680800004,300105.76680800004,300105.76680800004,300105.76680800004,300105.76680800004,nan,300105.76680800004,nan,nan,0.0,63,64,,True,False,"HTTPConnectionPool(host='gpu06', port=9004): Read timed out.",0,59.56268577710819
373,2026-09-21T07:59:56.975+00:00,2026-09-21T08:04:57.062+00:00,2026-09-21T08:04:57.062+00:00,False,1,0.0,,0.0,300086.841327,300086.841327,300086.841327,300086.841327,300086.841327,300086.841327,nan,300086.841327,nan,nan,0.0,63,64,,True,False,"HTTPConnectionPool(host='gpu06', port=9004): Read timed out.",0,59.56268577710819
374,2026-09-21T07:59:57.291+00:00,2026-09-21T08:04:57.356+00:00,2026-09-21T08:04:57.356+00:00,False,1,0.0,,0.0,300065.69459100004,300065.69459100004,300065.69459100004,300065.69459100004,300065.69459100004,300065.69459100004,nan,300065.69459100004,nan,nan,0.0,63,64,,True,False,TTFT timeout: 300.0s exceeded (TTFT: 300.064s),0,59.56268577710819
375,2026-09-21T07:59:57.516+00:00,2026-09-21T08:04:57.447+00:00,2026-09-21T08:04:57.583+00:00,False,4,3.0,,3.0,299930.847635,300067.448723,300067.448827,75016.86220675,0.03406,299930.847635,149942.6609130826,254953.73326250003,45.533696,42.21060114691266,0.00999775221460085,63,64,,True,False,Request timeout: 300.0s exceeded,9,59.56268577710819
376,2026-09-21T07:59:57.851+00:00,2026-09-21T08:04:57.964+00:00,2026-09-21T08:04:57.964+00:00,False,1,0.0,,0.0,300113.458414,300113.458414,300113.458414,300113.458414,300113.458414,300113.458414,nan,300113.458414,nan,nan,0.0,63,64,,True,False,"HTTPConnectionPool(host='gpu06', port=9004): Read timed out.",0,59.56268577710819
377,2026-09-21T07:59:58.079+00:00,2026-09-21T08:04:58.196+00:00,2026-09-21T08:04:58.196+00:00,False,1,0.0,,0.0,300116.75165,300116.75165,300116.75165,300116.75165,300116.75165,300116.75165,nan,300116.75165,nan,nan,0.0,63,64,,True,False,"HTTPConnectionPool(host='gpu06', port=9004): Read timed out.",0,59.56268577710819
378,2026-09-21T07:59:58.318+00:00,2026-09-21T08:04:58.398+00:00,2026-09-21T08:04:58.398+00:00,False,1,0.0,,0.0,300080.727787,300080.727787,300080.727787,300080.727787,300080.727787,300080.727787,nan,300080.727787,nan,nan,0.0,63,64,,True,False,"HTTPConnectionPool(host='gpu06', port=9004): Read timed out.",0,59.56268577710819
379,2026-09-21T07:59:58.598+00:00,2026-09-21T08:04:58.705+00:00,2026-09-21T08:04:58.705+00:00,False,1,0.0,,0.0,300106.03113300004,300106.03113300004,300106.03113300004,300106.03113300004,300106.03113300004,300106.03113300004,nan,300106.03113300004,nan,nan,0.0,63,64,,True,False,"HTTPConnectionPool(host='gpu06', port=9004): Read timed out.",0,59.56268577710819
380,2026-09-21T07:59:58.982+00:00,2026-09-21T08:04:59.069+00:00,2026-09-21T08:04:59.069+00:00,False,1,0.0,,0.0,300086.882577,300086.882577,300086.882577,300086.882577,300086.882577,300086.882577,nan,300086.882577,nan,nan,0.0,63,64,,True,False,TTFT timeout: 300.0s exceeded (TTFT: 300.052s),0,59.56268577710819
381,2026-09-21T07:59:59.369+00:00,2026-09-21T08:04:59.375+00:00,2026-09-21T08:04:59.375+00:00,False,1,0.0,,0.0,300005.783204,300005.783204,300005.783204,300005.783204,300005.783204,300005.783204,nan,300005.783204,nan,nan,0.0,63,64,,True,False,TTFT timeout: 300.0s exceeded (TTFT: 300.001s),0,59.56268577710819
382,2026-09-21T07:59:59.726+00:00,2026-09-21T08:04:59.824+00:00,2026-09-21T08:04:59.824+00:00,False,1,0.0,,0.0,300097.797546,300097.797546,300097.797546,300097.797546,300097.797546,300097.797546,nan,300097.797546,nan,nan,0.0,63,64,,True,False,"HTTPConnectionPool(host='gpu06', port=9004): Read timed out.",0,59.56268577710819
383,2026-09-21T08:00:00.047+00:00,2026-09-21T08:05:00.137+00:00,2026-09-21T08:05:00.137+00:00,False,1,0.0,,0.0,300090.317598,300090.317598,300090.317598,300090.317598,300090.317598,300090.317598,nan,300090.317598,nan,nan,0.0,63,64,,True,False,"HTTPConnectionPool(host='gpu06', port=9004): Read timed out.",0,59.56268577710819
384,2026-09-21T08:00:00.395+00:00,2026-09-21T08:05:00.502+00:00,2026-09-21T08:05:00.502+00:00,False,1,0.0,,0.0,300106.845935,300106.845935,300106.845935,300106.845935,300106.845935,300106.845935,nan,300106.845935,nan,nan,0.0,63,64,,True,False,"HTTPConnectionPool(host='gpu06', port=9004): Read timed out.",0,59.56268577710819
385,2026-09-21T08:00:00.687+00:00,2026-09-21T08:05:00.799+00:00,2026-09-21T08:05:00.799+00:00,False,1,0.0,,0.0,300111.827181,300111.827181,300111.827181,300111.827181,300111.827181,300111.827181,nan,300111.827181,nan,nan,0.0,63,64,,True,False,"HTTPConnectionPool(host='gpu06', port=9004): Read timed out.",0,59.56268577710819
386,2026-09-21T08:00:00.967+00:00,2026-09-21T08:05:01.060+00:00,2026-09-21T08:05:01.060+00:00,False,1,0.0,,0.0,300093.00724,300093.00724,300093.00724,300093.00724,300093.00724,300093.00724,nan,300093.00724,nan,nan,0.0,63,64,,True,False,"HTTPConnectionPool(host='gpu06', port=9004): Read timed out.",0,59.56268577710819
387,2026-09-21T08:00:01.203+00:00,2026-09-21T08:05:01.166+00:00,2026-09-21T08:05:02.969+00:00,False,29,28.0,,28.0,299963.11748400005,301765.91377200006,301765.91393300006,10405.72117010345,0.038549999999999994,299963.11748400005,55689.807543336545,176.98624080000002,64.38558171428572,35.814444916918255,0.09278715296239677,63,64,,True,False,Request timeout: 300.0s exceeded,218,59.56268577710819
388,2026-09-21T08:00:01.567+00:00,2026-09-21T08:05:01.489+00:00,2026-09-21T08:05:03.022+00:00,False,28,27.0,,27.0,299921.565032,301454.93412,301454.934008,10766.247643142857,0.032350000000000004,299921.565032,56669.11802497329,97.95148105,56.7914477037037,17.027043588253232,0.08956562638066531,63,64,,True,False,Request timeout: 300.0s exceeded,69,59.56268577710819
389,2026-09-21T08:00:01.900+00:00,2026-09-21T08:05:02.345+00:00,2026-09-21T08:05:03.068+00:00,False,15,14.0,,14.0,300444.47382,301167.365852,301167.36591500003,20077.824394333333,0.03363,300444.47382,77561.0991267847,90182.6036905,51.63514514285714,16.822829668920516,0.04648578029161332,63,64,,True,False,Request timeout: 300.0s exceeded,28,59.56268577710819
390,2026-09-21T08:00:02.276+00:00,2026-09-21T08:05:03.429+00:00,2026-09-21T08:05:03.429+00:00,False,1,0.0,,0.0,301153.62186,301153.62186,301153.62186,301153.62186,301153.62186,301153.62186,nan,301153.62186,nan,nan,0.0,63,64,,True,False,"HTTPConnectionPool(host='gpu06', port=9004): Read timed out.",0,59.56268577710819
