EXPERIMENT_TYPE,MODEL_USED,MIN_INPUT_TOKENS,MAX_INPUT_TOKENS,MIN_OUTPUT_TOKENS,MAX_OUTPUT_TOKENS,REQ_MIN,EVALUATION,DURATION,URL,GPU_COUNT,TOTAL_REQUESTS,SUCCESS_RATE,MEDIAN_PROMPT_TOKENS,MEDIAN_RESPONSE_TOKENS,JOB_ID,STAGE,RESPONSES_WITHIN_EXPECTED_INTERVAL,RESPONSES_OUTSIDE_EXPECTED_INTERVAL,AVG_TOKENS_PER_REQUEST,AVG_TOKENS_PER_RESPONSE,INPUT_TOKEN_VARIANCE,OUTPUT_TOKEN_VARIANCE,INPUT_TOKEN_PERCENTILES,OUTPUT_TOKEN_PERCENTILES,REQUEST_TOTAL_TOKEN_PERCENTILES,ADDITIVE_EXPECTED_PROPORTIONS,ADDITIVE_TRUE_PROPORTIONS,TERMINATION_REASON,BINARY_SEARCH_DISTANCE,BINARY_SEARCH_RELATIVE_DISTANCE,LARGEST_TRUE,SMALLEST_FALSE,FINISHED
MIT,deepseek-ai/DeepSeek-R1-Distill-Qwen-7B,600,1000,1,100,8192,FALSE,120s,gpu05:9010,1,16403,70.93824300432847,830,42.398,72448,2,16403,0,849.826129,36.682802,15385.889535,1044.033446,"{""p50"":840.0,""p75"":920.0,""p90"":975.0,""p95"":988.0,""p99"":996.0}","{""p50"":30.0,""p75"":65.0,""p90"":86.0,""p95"":93.0,""p99"":99.0}","{""p50"":864.0,""p75"":956.0,""p90"":1010.0,""p95"":1038.0,""p99"":1074.0}",,,,,,4096,8192,FALSE
