request_idx,request_sent_at_utc,first_token_at_utc,full_response_received_at_utc,successful_request,records_in_request,response_token_count,input_token_count,output_token_count,first_token_ms,request_duration_ms,token_generation_duration_sum_ms,token_generation_duration_avg_ms,token_generation_duration_min_ms,token_generation_duration_max_ms,token_generation_duration_stdev_ms,token_generation_duration_p95_ms,inter_token_interval_avg_ms,inter_token_interval_stdev_ms,tokens_per_second,worker_idx,exp_num_users,workload_profile,exclude,consistent,error,response_char_count,success_rate
0,2026-09-18T01:20:00.748+00:00,2026-09-18T01:20:00.909+00:00,2026-09-18T01:20:50.135+00:00,True,792,792.0,,792.0,161.491496,49386.872872,49386.873095,62.35716299873737,0.01676,249.450191,22.710920442963687,85.4348771,62.23183486219975,22.449569067926415,16.036650104425345,0,24,,False,True,,6170,93.83070301291248
1,2026-09-18T01:20:05.008+00:00,2026-09-18T01:20:05.126+00:00,2026-09-18T01:21:15.803+00:00,True,959,959.0,,959.0,117.878928,70794.927248,70794.927435,73.82161359228363,0.016739999999999998,207.03778400000002,25.25937206549622,103.2674672,73.77562455114823,25.2323622869104,13.546168310061965,0,24,,False,True,,5114,93.83070301291248
2,2026-09-18T01:20:08.836+00:00,2026-09-18T01:20:08.960+00:00,2026-09-18T01:21:13.850+00:00,True,842,842.0,,842.0,123.813541,65014.119845,65014.119885,77.21391910332541,0.01843,205.778953,24.52743460639712,135.71905049999998,77.15850927942925,24.48924160557739,12.951032821907152,0,24,,False,True,,1684,93.83070301291248
3,2026-09-18T01:20:12.699+00:00,2026-09-18T01:20:12.864+00:00,2026-09-18T01:21:07.962+00:00,True,688,688.0,,688.0,165.025367,55263.104599,55263.10466,80.32428002906977,48.867819000000004,202.12057199999998,23.88681325011563,145.2871817,80.20098869286755,23.684137318733676,12.449535815844293,0,24,,False,True,,4679,93.83070301291248
4,2026-09-18T01:20:16.164+00:00,2026-09-18T01:20:16.330+00:00,2026-09-18T01:21:17.484+00:00,True,639,639.0,,639.0,166.021397,61320.090133,61320.090221,95.96258250547731,53.414393,4941.347517,258.73309981459573,139.2400428,95.85277231347962,258.92120454664905,10.420728322708644,0,24,,False,True,,1850,93.83070301291248
5,2026-09-18T01:20:20.248+00:00,2026-09-18T01:20:20.441+00:00,2026-09-18T01:22:06.993+00:00,True,937,937.0,,937.0,192.916451,106744.738275,106744.738315,113.92181250266809,0.01709,29596.173791,964.5681312673915,95.439645,113.83741647863248,965.0803448100062,8.777950231008704,0,24,,False,True,,2811,93.83070301291248
6,2026-09-18T01:20:25.283+00:00,2026-09-18T01:21:06.435+00:00,2026-09-18T01:22:01.586+00:00,True,672,672.0,,672.0,41151.873373999995,96302.580318,96302.58041899999,143.30741133779762,0.019620000000000002,41151.873373999995,1584.4445514579456,94.41644225,82.19181362742175,21.612557271068283,6.978006173676698,0,24,,False,True,,2015,93.83070301291248
7,2026-09-18T01:20:28.302+00:00,2026-09-18T01:21:06.659+00:00,2026-09-18T01:22:17.244+00:00,True,843,843.0,,843.0,38356.702523,108942.240827,108942.240921,129.23160251601425,0.016989999999999998,38356.702523,1318.39017803821,99.722211,83.83080558669833,23.117611289257564,7.7380453495415225,0,24,,False,True,,5046,93.83070301291248
8,2026-09-18T01:20:33.415+00:00,2026-09-18T01:21:14.008+00:00,2026-09-18T01:22:31.710+00:00,True,938,938.0,,938.0,40592.691468000005,118294.43610800001,118294.435895,126.11347110341151,0.01752,40592.691468000005,1322.873503845998,93.5323888,82.9260881963714,22.001487037264223,7.929367017258768,0,24,,False,True,,2814,93.83070301291248
9,2026-09-18T01:20:37.364+00:00,2026-09-18T01:21:25.344+00:00,2026-09-18T01:22:46.661+00:00,True,843,843.0,,843.0,47979.769625,129296.848153,129296.848062,153.37704396441282,0.02156,47979.769625,1698.9016103469276,93.33722970000001,96.57610276484561,408.2329512030896,6.519880507856296,0,24,,False,True,,1686,93.83070301291248
10,2026-09-18T01:20:41.426+00:00,2026-09-18T01:22:07.691+00:00,2026-09-18T01:23:32.129+00:00,True,998,998.0,,998.0,86265.469359,170702.982319,170702.982287,171.04507243186373,0.01746,86265.469359,2728.110558805487,100.3337735,84.6915877231695,24.02752426741532,5.846412209336767,0,24,,True,True,,6979,93.83070301291248
11,2026-09-18T01:20:45.970+00:00,2026-09-18T01:22:07.841+00:00,2026-09-18T01:23:15.971+00:00,True,785,785.0,,785.0,81871.748613,150001.429253,150001.429373,191.08462340509556,0.01856,81871.748613,2919.3409077259294,138.26877100000002,86.90010285714285,42.87730195250006,5.23328346875935,0,24,,True,True,,1573,93.83070301291248
12,2026-09-18T01:20:51.053+00:00,2026-09-18T01:22:16.757+00:00,2026-09-18T01:23:25.172+00:00,True,802,802.0,,802.0,85704.20678200001,154119.27955,154119.279469,192.16867764214464,0.016460000000000002,85704.20678200001,3023.4186298893096,105.24725395,85.41207586516855,26.25818471426211,5.203761673047607,0,24,,True,True,,4814,93.83070301291248
13,2026-09-18T01:20:54.860+00:00,2026-09-18T01:22:25.400+00:00,2026-09-18T01:23:46.658+00:00,True,970,970.0,,970.0,90539.827669,171798.33006900002,171798.329861,177.11168026907217,0.023469999999999998,90539.827669,2904.454139002649,94.30427735,83.85810361197112,22.61995283801822,5.646154998191281,0,24,,True,True,,3880,93.83070301291248
14,2026-09-18T01:20:58.767+00:00,2026-09-18T01:22:35.154+00:00,2026-09-18T01:23:53.708+00:00,True,728,728.0,,728.0,96387.486144,174941.26764799998,174941.267841,240.30393934203295,69.001838,96387.486144,3614.7822535223854,96.06636914999999,108.05196905639615,577.897281197815,4.161396620635056,0,24,,True,True,,1455,93.83070301291248
15,2026-09-18T01:21:01.621+00:00,2026-09-18T01:23:04.974+00:00,2026-09-18T01:24:32.563+00:00,True,989,989.0,,989.0,123353.087888,210942.189456,210942.189343,213.28836131749242,68.28555899999999,123353.087888,3920.6530694552052,137.62628399999997,88.65293680971659,91.72685095492689,4.688488360486528,0,24,,True,True,,2965,93.83070301291248
16,2026-09-18T01:21:05.903+00:00,2026-09-18T01:23:09.509+00:00,2026-09-18T01:24:25.430+00:00,True,873,873.0,,873.0,123606.17236,199527.007944,199527.007784,228.5532735211913,67.652947,123606.17236,4180.688528196784,137.6226094,87.06517842201835,40.93024115609578,4.375347523103335,0,24,,True,True,,5200,93.83070301291248
17,2026-09-18T01:21:10.984+00:00,2026-09-18T01:23:20.541+00:00,2026-09-18T01:24:14.422+00:00,True,642,642.0,,642.0,129556.97856399999,183437.866372,183437.866365,285.7287638084112,68.67671899999999,129556.97856399999,5109.93667065729,95.3639309,84.0575472823713,22.182319989872592,3.499822652200206,0,24,,True,True,,642,93.83070301291248
18,2026-09-18T01:21:14.658+00:00,2026-09-18T01:23:29.737+00:00,2026-09-18T01:24:57.983+00:00,True,857,857.0,,857.0,135078.936609,223324.888353,223324.88821,260.5891344340723,0.01737,135078.936609,4644.63852256355,92.154205,103.09106512149532,560.8916315133547,3.8374585399786576,0,24,,True,True,,3909,93.83070301291248
19,2026-09-18T01:21:19.147+00:00,2026-09-18T01:24:16.986+00:00,2026-09-18T01:25:32.313+00:00,True,891,891.0,,891.0,177839.167333,253165.808485,253165.80849,284.13670986531986,0.01661,177839.167333,5955.0673657473735,136.5809905,84.6366754516854,28.16451047837013,3.5194326016295028,0,24,,True,True,,11552,93.83070301291248
20,2026-09-18T01:21:23.528+00:00,2026-09-18T01:24:17.453+00:00,2026-09-18T01:25:17.575+00:00,True,682,682.0,,682.0,173925.30374,234047.058108,234047.058036,343.1775044516129,0.01625,173925.30374,6657.111051109948,118.02188185000001,88.28451449045521,85.44386123785596,2.913943911592745,0,24,,True,True,,2045,93.83070301291248
21,2026-09-18T01:21:26.647+00:00,2026-09-18T01:24:21.760+00:00,2026-09-18T01:25:20.582+00:00,True,699,699.0,,699.0,175112.99800999998,233934.80920999998,233934.80933999998,334.67068575107294,0.01669,175112.99800999998,6620.258260157569,140.78630680000003,84.2719358166189,29.09406968647645,2.988011926743735,0,24,,True,True,,1398,93.83070301291248
22,2026-09-18T01:21:30.332+00:00,2026-09-18T01:24:27.220+00:00,2026-09-18T01:25:24.904+00:00,True,684,684.0,,684.0,176888.66771,234571.985982,234571.98585,342.94149978070175,0.0165,176888.66771,6760.341582454206,142.0032265,84.45581006149341,29.34074452686232,2.9159492218840106,0,24,,True,True,,6156,93.83070301291248
23,2026-09-18T01:21:34.668+00:00,2026-09-18T01:24:40.395+00:00,2026-09-18T01:25:54.360+00:00,True,647,647.0,,647.0,185727.699724,259692.303372,259692.303251,401.37913949149925,0.01669,185727.699724,7333.357774801424,92.3756473,114.49629047678019,727.812888293351,2.4914099940543695,0,24,,True,True,,1933,93.83070301291248
24,2026-09-18T01:21:37.979+00:00,2026-09-18T01:25:17.900+00:00,2026-09-18T01:26:37.422+00:00,True,956,956.0,,956.0,219920.786764,299442.601036,299442.60095399996,313.22447798535563,67.101589,219920.786764,7110.083528137556,94.95445749999999,83.26891546806283,20.691233200661124,3.1925985036613627,0,24,,True,True,,3824,93.83070301291248
25,2026-09-18T01:21:42.189+00:00,2026-09-18T01:25:18.041+00:00,2026-09-18T01:26:22.622+00:00,True,748,748.0,,748.0,215852.15885,280433.188738,280433.188511,374.9106798275401,69.313408,215852.15885,7889.431930964409,95.97875464999998,86.45385527175368,63.650921047022706,2.6673019815027423,0,24,,True,True,,748,93.83070301291248
26,2026-09-18T01:21:45.586+00:00,2026-09-18T01:25:22.466+00:00,2026-09-18T01:26:30.074+00:00,True,807,807.0,,807.0,216879.54636500002,284488.43110100005,284488.430988,352.5259367881041,68.163239,216879.54636500002,7631.597084435303,93.27129059999999,83.88199098759306,20.781116573661254,2.8366707105692326,0,24,,True,True,,1626,93.83070301291248
27,2026-09-18T01:21:48.661+00:00,2026-09-18T01:25:29.573+00:00,2026-09-18T01:26:24.476+00:00,True,648,648.0,,648.0,220911.981815,275814.297847,275814.297836,425.6393485123457,69.676238,220911.981815,8674.939162247478,97.976822,84.85674811746523,22.986164585007476,2.3494068474994694,0,24,,True,True,,2592,93.83070301291248
28,2026-09-18T01:21:51.802+00:00,2026-09-18T01:25:39.247+00:00,2026-09-18T01:26:47.359+00:00,True,763,763.0,,763.0,227444.848179,295556.894771,295556.894814,387.36159215465267,0.01632,227444.848179,8237.518763133665,87.13324800000001,89.3858879160105,332.3497479707163,2.5815672498223354,0,24,,True,True,,785,93.83070301291248
29,2026-09-18T01:21:55.499+00:00,2026-09-18T01:25:51.541+00:00,2026-09-18T01:26:55.546+00:00,False,598,597.0,,597.0,236042.013456,300047.320848,300047.320786,501.75137255183944,0.01597,236042.013456,9696.796394369623,84.0366465,107.21157017085427,971.4787854810852,1.9896861545463764,0,24,,True,False,Request timeout: 300.0s exceeded,2985,93.83070301291248
30,2026-09-18T01:21:58.541+00:00,2026-09-18T01:26:23.740+00:00,2026-09-18T01:26:58.556+00:00,False,561,560.0,,560.0,265198.216813,300014.842221,300014.842242,534.7858150481283,0.01638,265198.216813,11194.08875452283,81.05728,62.17254537142857,28.49057820281292,1.8665743196381168,0,24,,True,False,Request timeout: 300.0s exceeded,565,93.83070301291248
0,2026-09-18T01:20:00.748+00:00,2026-09-18T01:20:00.909+00:00,2026-09-18T01:20:55.696+00:00,True,855,855.0,,855.0,161.214176,54947.904224,54947.904292,64.26655472748539,0.01719,210.447135,23.621846874088035,84.94172630000001,64.15303284309132,23.401160046031865,15.560193096983586,1,24,,False,True,,2139,93.83070301291248
1,2026-09-18T01:20:04.035+00:00,2026-09-18T01:20:04.130+00:00,2026-09-18T01:21:11.851+00:00,True,935,935.0,,935.0,94.203878,67815.183334,67815.183337,72.52960784705883,0.01797,206.222433,26.079165614276675,102.9996346,72.50640198715205,26.083476624121502,13.787472864225466,1,24,,False,True,,4675,93.83070301291248
2,2026-09-18T01:20:07.597+00:00,2026-09-18T01:20:07.710+00:00,2026-09-18T01:20:55.392+00:00,True,671,671.0,,671.0,113.662038,47795.126614,47795.12663,71.22969691505216,0.01672,251.733222,21.55120221604595,85.811435,71.16636503880598,21.50472846674535,14.039088240503851,1,24,,False,True,,2349,93.83070301291248
3,2026-09-18T01:20:11.436+00:00,2026-09-18T01:20:11.558+00:00,2026-09-18T01:21:21.126+00:00,True,881,881.0,,881.0,122.10762,69690.49008399999,69690.490096,79.1038480090806,45.94233800000001,202.325793,21.814994576403407,122.10761999999998,79.05498007272728,21.779097804182463,12.641610052363026,1,24,,False,True,,3962,93.83070301291248
4,2026-09-18T01:20:15.766+00:00,2026-09-18T01:20:15.926+00:00,2026-09-18T01:21:36.340+00:00,True,957,957.0,,957.0,159.842714,80573.927322,80573.927389,84.19428149320794,0.01914,1529.134549,63.47214252174635,100.75277300000002,84.11515126359832,63.45811714456505,11.877291225677906,1,24,,False,True,,9570,93.83070301291248
5,2026-09-18T01:20:20.467+00:00,2026-09-18T01:20:20.656+00:00,2026-09-18T01:22:00.470+00:00,True,852,852.0,,852.0,188.547124,100002.87314000001,100002.873182,117.37426429812207,0.019231,31656.359423,1081.9560889705845,90.149258,117.29062986603995,1082.5895910035645,8.519755215505,1,24,,False,True,,3405,93.83070301291248
6,2026-09-18T01:20:25.659+00:00,2026-09-18T01:21:06.434+00:00,2026-09-18T01:21:59.243+00:00,True,650,650.0,,650.0,40775.178059,93584.067659,93584.067556,143.9754885476923,0.0175,40775.178059,1596.2682774971502,91.01612755000001,81.36962958397534,20.054817954014506,6.94562671039753,1,24,,False,True,,1300,93.83070301291248
7,2026-09-18T01:20:30.941+00:00,2026-09-18T01:21:10.616+00:00,2026-09-18T01:22:20.850+00:00,True,841,841.0,,841.0,39674.838246,109909.062374,109909.062391,130.68854029845423,0.0177,39674.838246,1365.4071116457053,99.432582,83.61217158095238,22.935798339194317,7.651780315787192,1,24,,False,True,,3364,93.83070301291248
8,2026-09-18T01:20:34.259+00:00,2026-09-18T01:21:15.957+00:00,2026-09-18T01:22:13.704+00:00,True,686,686.0,,686.0,41697.990744,99444.737368,99444.73735,144.96317397959183,0.01677,41697.990744,1589.0190607608322,118.910507,84.30181988905109,25.29406554553183,6.898303702702981,1,24,,False,True,,2058,93.83070301291248
9,2026-09-18T01:20:39.254+00:00,2026-09-18T01:21:29.205+00:00,2026-09-18T01:22:36.171+00:00,True,607,607.0,,607.0,49951.149402,116917.322074,116917.322168,192.6150282833608,67.81907700000001,49951.149402,2143.987805827256,90.35181870000001,110.50523543234323,710.7125099141867,5.191702899385722,1,24,,False,True,,2275,93.83070301291248
10,2026-09-18T01:20:43.012+00:00,2026-09-18T01:22:07.693+00:00,2026-09-18T01:23:25.572+00:00,True,913,913.0,,913.0,84681.24989800001,162559.57463400002,162559.57456200002,178.049917373494,0.01855,84681.24989800001,2799.8261554754017,105.69249640000002,85.39289992982457,25.047650644667115,5.616402491551809,1,24,,True,True,,3934,93.83070301291248
11,2026-09-18T01:20:48.199+00:00,2026-09-18T01:22:10.041+00:00,2026-09-18T01:23:19.212+00:00,True,809,809.0,,809.0,81842.140582,151012.817574,151012.817562,186.6660291248455,0.01717,81842.140582,2874.5114632861314,106.066905,85.6072735049505,24.56375328074244,5.357161153579365,1,24,,True,True,,2445,93.83070301291248
12,2026-09-18T01:20:51.377+00:00,2026-09-18T01:22:17.419+00:00,2026-09-18T01:23:18.799+00:00,True,715,715.0,,715.0,86042.187669,147421.816725,147421.8167,206.18435902097903,0.018,86042.187669,3214.698026653696,146.3815747,85.96586702521009,27.51539774421519,4.850028414273023,1,24,,True,True,,6662,93.83070301291248
13,2026-09-18T01:20:54.770+00:00,2026-09-18T01:22:24.235+00:00,2026-09-18T01:23:18.794+00:00,True,630,630.0,,630.0,89465.022624,144024.69904,144024.699167,228.6106335984127,0.03053,89465.022624,3561.0349233668953,148.7787286,86.740344063593,29.12571987244155,4.374249723827091,1,24,,True,True,,2520,93.83070301291248
14,2026-09-18T01:20:59.237+00:00,2026-09-18T01:22:40.623+00:00,2026-09-18T01:23:56.251+00:00,True,649,649.0,,649.0,101385.684247,177013.777687,177013.777771,272.7485019583975,67.915409,101385.684247,4032.3748166877053,95.06467260000001,116.71002074074075,677.4200515680408,3.6663812754031913,1,24,,True,True,,1298,93.83070301291248
15,2026-09-18T01:21:03.553+00:00,2026-09-18T01:23:09.001+00:00,2026-09-18T01:24:24.772+00:00,True,880,880.0,,880.0,125448.491334,201219.254854,201219.25476,228.65824404545455,63.317716,125448.491334,4226.03988098049,140.27377145,86.20109615472127,25.68058096887422,4.373338926428823,1,24,,True,True,,4397,93.83070301291248
16,2026-09-18T01:21:07.316+00:00,2026-09-18T01:23:15.878+00:00,2026-09-18T01:24:07.811+00:00,True,626,626.0,,626.0,128562.130451,180495.356179,180495.356145,288.33123984824283,68.002649,128562.130451,5135.091390788253,90.92466200000001,83.09316116480001,19.324014659936743,3.4682332734321775,1,24,,True,True,,2504,93.83070301291248
17,2026-09-18T01:21:12.397+00:00,2026-09-18T01:23:23.845+00:00,2026-09-18T01:24:44.786+00:00,True,971,971.0,,971.0,131448.362562,212389.48870599997,212389.488689,218.7327380937178,63.995576,131448.362562,4215.763280552319,96.414964,83.44445994226804,22.956461533995586,4.571789338144253,1,24,,True,True,,3884,93.83070301291248
18,2026-09-18T01:21:17.263+00:00,2026-09-18T01:23:36.315+00:00,2026-09-18T01:24:58.836+00:00,True,664,664.0,,664.0,139051.686726,221572.66439000002,221572.664361,333.6937716280121,0.01676,139051.686726,5506.360647013422,91.371926,124.4660296591252,1120.0316954404668,2.996759558892444,1,24,,True,True,,7174,93.83070301291248
19,2026-09-18T01:21:22.125+00:00,2026-09-18T01:24:17.451+00:00,2026-09-18T01:25:28.685+00:00,True,826,826.0,,826.0,175326.182506,246560.011626,246560.01176700002,298.4988035920097,0.016239999999999997,175326.182506,6097.582938547227,136.14725824999996,86.3440352969697,50.532080227087995,3.3500971814234677,1,24,,True,True,,9912,93.83070301291248
20,2026-09-18T01:21:27.090+00:00,2026-09-18T01:24:21.929+00:00,2026-09-18T01:25:25.263+00:00,True,753,753.0,,753.0,174838.928907,238172.448267,238172.44835299999,316.2980721819389,0.016079999999999997,174838.928907,6368.478639827112,119.42114539999999,84.2201055319149,28.35125960314263,3.161574755934236,1,24,,True,True,,1757,93.83070301291248
21,2026-09-18T01:21:31.190+00:00,2026-09-18T01:24:29.008+00:00,2026-09-18T01:25:35.659+00:00,True,795,795.0,,795.0,177818.005755,244469.153531,244469.153391,307.508369045283,0.01692,177818.005755,6303.6354193778825,101.74244,83.94351105289672,27.018555992415866,3.2519440122297056,1,24,,True,True,,4767,93.83070301291248
22,2026-09-18T01:21:34.897+00:00,2026-09-18T01:24:40.566+00:00,2026-09-18T01:26:25.041+00:00,True,981,981.0,,981.0,185668.715473,290144.03528099996,290144.035241,295.76354254943936,0.01651,185668.715473,5965.444889033805,97.531339,106.60746919183673,697.7318736313123,3.3810793285821537,1,24,,True,True,,3927,93.83070301291248
23,2026-09-18T01:21:38.193+00:00,2026-09-18T01:25:17.900+00:00,2026-09-18T01:26:34.439+00:00,True,913,913.0,,913.0,219706.66243599998,296245.903396,296245.90326399996,324.47525001533404,68.902028,219706.66243599998,7268.483842982288,97.13378300000001,83.92460631578948,21.60786089599239,3.0818991571997136,1,24,,True,True,,3652,93.83070301291248
24,2026-09-18T01:21:42.874+00:00,2026-09-18T01:25:18.262+00:00,2026-09-18T01:26:33.993+00:00,True,888,888.0,,888.0,215387.74151,291118.34912599996,291118.34907,327.8359786824324,68.055087,215387.74151,7225.330116076318,94.54095434999999,85.37836258850056,60.84191304764508,3.0503058383848614,1,24,,True,True,,2664,93.83070301291248
25,2026-09-18T01:21:46.510+00:00,2026-09-18T01:25:24.258+00:00,2026-09-18T01:26:26.765+00:00,True,743,743.0,,743.0,217747.757736,280254.300584,280254.300392,377.19286728398384,68.02354799999999,217747.757736,7985.329104647786,95.7134539,84.24062378436658,21.58273778763785,2.651163598388037,1,24,,True,True,,1486,93.83070301291248
26,2026-09-18T01:21:49.608+00:00,2026-09-18T01:25:32.391+00:00,2026-09-18T01:26:47.305+00:00,True,948,948.0,,948.0,222782.961873,297697.072337,297697.07247199997,314.02644775527426,0.01634,222782.961873,7233.140984768964,87.72057349999999,79.10676923336852,28.484158547755854,3.184445156137921,1,24,,True,True,,1899,93.83070301291248
27,2026-09-18T01:21:54.067+00:00,2026-09-18T01:25:42.377+00:00,2026-09-18T01:26:54.100+00:00,False,739,738.0,,738.0,228310.141409,300033.784545,300033.784611,405.9997085399188,0.01625,228310.141409,8420.589280302502,85.2890468,97.18650831436314,657.0661470597479,2.4597229979256303,1,24,,True,False,Request timeout: 300.0s exceeded,1482,93.83070301291248
28,2026-09-18T01:21:58.382+00:00,2026-09-18T01:26:23.603+00:00,2026-09-18T01:26:58.475+00:00,False,561,560.0,,560.0,265220.26581099996,300092.41173099994,300092.411508,534.924084684492,0.01607,265220.26581099996,11195.016359890044,80.81108900000001,62.27168914285714,28.836759997903748,1.8660918374103332,1,24,,True,False,Request timeout: 300.0s exceeded,2800,93.83070301291248
0,2026-09-18T01:20:00.750+00:00,2026-09-18T01:20:00.909+00:00,2026-09-18T01:20:39.714+00:00,True,672,672.0,,672.0,158.851984,38963.537552,38963.537498,57.981454610119044,0.0165,252.540893,20.423673217979164,83.41155715000001,57.831126032786884,20.06339877575555,17.24689394804467,2,24,,False,True,,2688,93.83070301291248
1,2026-09-18T01:20:05.074+00:00,2026-09-18T01:20:05.168+00:00,2026-09-18T01:20:50.214+00:00,True,675,675.0,,675.0,94.533879,45139.883511,45139.883578,66.87390159703703,0.0171,247.43685,21.070509392672218,85.2328147,66.83286295548962,21.059148431525728,14.953516657514442,2,24,,False,True,,1349,93.83070301291248
2,2026-09-18T01:20:09.071+00:00,2026-09-18T01:20:09.182+00:00,2026-09-18T01:21:01.016+00:00,True,695,695.0,,695.0,110.98956600000001,51944.104702,51944.104838,74.7397191913669,0.01911,255.883533,23.437771464158175,88.6259043,74.68748578674352,23.414161404813356,13.379766654698749,2,24,,False,True,,4126,93.83070301291248
3,2026-09-18T01:20:13.771+00:00,2026-09-18T01:20:13.915+00:00,2026-09-18T01:21:27.543+00:00,True,919,919.0,,919.0,144.473129,73772.576297,73772.576389,80.27483829053318,47.274678,201.64112100000003,20.437439796651102,109.69895330000001,80.20490541176471,20.338271087669177,12.457203558951372,2,24,,False,True,,2757,93.83070301291248
4,2026-09-18T01:20:17.936+00:00,2026-09-18T01:20:18.130+00:00,2026-09-18T01:21:37.141+00:00,True,724,724.0,,724.0,193.72036799999998,79204.97899199999,79204.979013,109.39914228314917,0.01872,20494.903807,760.2116372349859,90.99911485000001,109.28251538589213,760.7314362136995,9.140839492844595,2,24,,False,True,,7947,93.83070301291248
5,2026-09-18T01:20:22.932+00:00,2026-09-18T01:21:06.174+00:00,2026-09-18T01:22:12.952+00:00,True,795,795.0,,795.0,43242.561577,110020.415529,110020.415476,138.390459718239,0.01706,43242.561577,1530.8647019121192,103.411,84.10309061964736,24.255055750953208,7.225931625303196,2,24,,False,True,,7155,93.83070301291248
6,2026-09-18T01:20:27.127+00:00,2026-09-18T01:21:06.665+00:00,2026-09-18T01:22:26.787+00:00,True,963,963.0,,963.0,39538.036692,119660.607188,119660.607307,124.2581591973001,0.01712,39538.036692,1271.5942438902946,96.5131569,83.28749531808732,21.567145956596352,8.047761269396041,2,24,,False,True,,963,93.83070301291248
7,2026-09-18T01:20:31.879+00:00,2026-09-18T01:21:11.693+00:00,2026-09-18T01:22:04.000+00:00,True,633,633.0,,633.0,39814.416774,92121.340806,92121.34096,145.531344328594,0.01891,39814.416774,1579.378663571166,93.24423039999999,82.76412030379747,24.338586394372836,6.871371980278123,2,24,,False,True,,2526,93.83070301291248
8,2026-09-18T01:20:36.062+00:00,2026-09-18T01:21:21.769+00:00,2026-09-18T01:22:45.752+00:00,True,923,923.0,,923.0,45706.359757,129690.051789,129690.051873,140.50926530119176,0.019289999999999998,45706.359757,1515.704532598512,91.9238366,91.0886030715835,207.53322785637332,7.116968397095564,2,24,,False,True,,5532,93.83070301291248
9,2026-09-18T01:20:39.202+00:00,2026-09-18T01:21:28.233+00:00,2026-09-18T01:23:00.365+00:00,True,902,902.0,,902.0,49030.638442,141163.250794,141163.250712,156.50027795121952,0.027350000000000003,49030.638442,1713.6556618559803,93.53817654999999,102.25595155604884,531.8293844267441,6.389765005598317,2,24,,False,True,,1804,93.83070301291248
10,2026-09-18T01:20:42.307+00:00,2026-09-18T01:22:07.694+00:00,2026-09-18T01:23:09.336+00:00,True,721,721.0,,721.0,85386.90303300001,147029.463801,147029.463731,203.92436023717062,0.01717,85386.90303300001,3176.901976738334,143.290799,85.61466773333333,27.165968075125566,4.903779020617609,2,24,,True,True,,4865,93.83070301291248
11,2026-09-18T01:20:45.487+00:00,2026-09-18T01:22:07.842+00:00,2026-09-18T01:23:03.428+00:00,True,652,652.0,,652.0,82354.794408,137941.263272,137941.26316,211.5663545398773,69.413809,82354.794408,3222.054382983814,96.21617285,85.38628089708142,29.59395405328439,4.72664947771539,2,24,,True,True,,982,93.83070301291248
12,2026-09-18T01:20:49.930+00:00,2026-09-18T01:22:13.871+00:00,2026-09-18T01:23:16.583+00:00,True,732,732.0,,732.0,83941.559949,146653.05204500002,146653.052068,200.3456995464481,0.01754,83941.559949,3099.518940387367,146.9894521,85.78863487824897,27.34355417567257,4.991372424867014,2,24,,True,True,,8042,93.83070301291248
13,2026-09-18T01:20:53.138+00:00,2026-09-18T01:22:21.430+00:00,2026-09-18T01:23:17.424+00:00,True,649,649.0,,649.0,88292.094799,144285.840207,144285.840262,222.3202469368259,0.01732,88292.094799,3462.495016446358,148.09588960000002,86.41010093827161,28.732132176720818,4.498015876463766,2,24,,True,True,,3894,93.83070301291248
14,2026-09-18T01:20:56.958+00:00,2026-09-18T01:22:32.188+00:00,2026-09-18T01:23:45.656+00:00,True,736,736.0,,736.0,95230.240678,168698.266534,168698.266418,229.20960111141304,0.01806,95230.240678,3524.4026150401737,94.25349075,99.95649776326532,354.5424450938181,4.362818985171161,2,24,,True,True,,736,93.83070301291248
15,2026-09-18T01:21:00.405+00:00,2026-09-18T01:23:04.580+00:00,2026-09-18T01:24:22.854+00:00,True,871,871.0,,871.0,124175.383759,202449.321167,202449.321107,232.43320448564867,68.217257,124175.383759,4205.47950717107,148.50210000000004,89.97004299770116,92.01781252941585,4.3023112894585305,2,24,,True,True,,2742,93.83070301291248
16,2026-09-18T01:21:04.560+00:00,2026-09-18T01:23:09.333+00:00,2026-09-18T01:24:22.603+00:00,True,847,847.0,,847.0,124772.604271,198042.284143,198042.28409600002,233.81615595749705,67.237618,124772.604271,4284.369333714001,141.14730509999998,86.60718660992909,30.406421399609055,4.276864426530288,2,24,,True,True,,2535,93.83070301291248
17,2026-09-18T01:21:08.475+00:00,2026-09-18T01:23:16.494+00:00,2026-09-18T01:24:38.114+00:00,True,973,973.0,,973.0,128019.103884,209639.2731,209639.273216,215.4566014552929,65.220106,128019.103884,4101.475569721387,99.23009600000002,83.97136750617284,22.837950462346928,4.641305923322246,2,24,,True,True,,2826,93.83070301291248
18,2026-09-18T01:21:11.714+00:00,2026-09-18T01:23:22.248+00:00,2026-09-18T01:24:42.842+00:00,True,966,966.0,,966.0,130534.585593,211128.404729,211128.404609,218.5594250610766,67.718649,130534.585593,4197.25714312806,96.07632325,83.51691102176166,22.97350942343587,4.575414668812268,2,24,,True,True,,5471,93.83070301291248
19,2026-09-18T01:21:16.800+00:00,2026-09-18T01:23:32.745+00:00,2026-09-18T01:24:54.837+00:00,True,683,683.0,,683.0,135945.00727,218036.895142,218036.894971,319.2341068389458,0.016640000000000002,135945.00727,5273.315260075919,90.380303,120.36933705571847,893.4701829700651,3.132497367269816,2,24,,True,True,,3511,93.83070301291248
20,2026-09-18T01:21:20.286+00:00,2026-09-18T01:24:17.298+00:00,2026-09-18T01:25:09.256+00:00,True,626,626.0,,626.0,177012.078768,228970.027696,228970.02779300002,365.76681756070286,0.016050000000000002,177012.078768,7071.587731937773,93.65537475000001,83.13271828479999,34.6655192630783,2.7339822871102175,2,24,,True,True,,1878,93.83070301291248
21,2026-09-18T01:21:24.019+00:00,2026-09-18T01:24:17.451+00:00,2026-09-18T01:25:32.230+00:00,True,854,854.0,,854.0,173432.345481,248210.730121,248210.73009,290.6448830093677,0.01712,173432.345481,5932.228851878963,107.2726167,87.6651637045721,76.75609602551754,3.4406248254605445,2,24,,True,True,,3416,93.83070301291248
22,2026-09-18T01:21:28.996+00:00,2026-09-18T01:24:24.938+00:00,2026-09-18T01:25:41.254+00:00,True,916,916.0,,916.0,175942.26361700002,252258.187585,252258.18779400003,275.391034709607,0.0167,175942.26361700002,5810.595634952029,99.09963500000002,83.40538138579234,25.388710553946048,3.6312002744860283,2,24,,True,True,,4579,93.83070301291248
23,2026-09-18T01:21:33.118+00:00,2026-09-18T01:24:32.729+00:00,2026-09-18T01:25:52.524+00:00,True,926,926.0,,926.0,179611.102342,259405.855878,259405.856046,280.1359136565875,0.0165,179611.102342,5900.06866476357,95.359444,86.26459841729731,78.10547494826356,3.5696958222697286,2,24,,True,True,,1856,93.83070301291248
24,2026-09-18T01:21:38.063+00:00,2026-09-18T01:25:17.905+00:00,2026-09-18T01:26:11.955+00:00,True,656,656.0,,656.0,219841.36380000002,273891.36034400004,273891.36041300005,417.5173177027439,69.54279799999999,219841.36380000002,8580.154939942135,92.47324275000001,82.51907869312977,15.270370860020662,2.3951102334008714,2,24,,True,True,,6470,93.83070301291248
25,2026-09-18T01:21:43.391+00:00,2026-09-18T01:25:18.267+00:00,2026-09-18T01:26:24.879+00:00,True,768,768.0,,768.0,214876.482174,281488.075134,281488.075155,366.52093119140625,68.895708,214876.482174,7750.8807972278055,97.88020184999999,86.84692693611473,71.29098043996837,2.728357141361673,2,24,,True,True,,4602,93.83070301291248
26,2026-09-18T01:21:47.628+00:00,2026-09-18T01:25:26.857+00:00,2026-09-18T01:26:27.864+00:00,True,725,725.0,,725.0,219229.389323,280236.196619,280236.196625,386.532685,69.54013800000001,219229.389323,8138.8747791101,95.8337628,84.26354598895028,21.79083503923419,2.58710333906539,2,24,,True,True,,1450,93.83070301291248
27,2026-09-18T01:21:51.188+00:00,2026-09-18T01:25:37.686+00:00,2026-09-18T01:26:51.226+00:00,False,942,941.0,,941.0,226497.72462599998,300037.230802,300037.230674,318.5108605881104,0.01668,226497.72462599998,7377.254647678609,88.61274400000002,78.15037850797025,39.62014582993472,3.136277446251272,2,24,,True,False,Request timeout: 300.0s exceeded,4705,93.83070301291248
28,2026-09-18T01:21:56.572+00:00,2026-09-18T01:25:54.528+00:00,2026-09-18T01:26:56.596+00:00,False,571,570.0,,570.0,237955.32509,300023.848354,300023.848414,525.4358115831874,0.01641,237955.32509,10008.197978112164,83.11512050000002,108.89214607719298,1045.2360903948927,1.8998489724305299,2,24,,True,False,Request timeout: 300.0s exceeded,1140,93.83070301291248
0,2026-09-18T01:20:00.752+00:00,2026-09-18T01:20:00.909+00:00,2026-09-18T01:20:44.898+00:00,True,731,731.0,,731.0,156.50112299999998,44145.294723,44145.294655,60.390279965800275,0.016370000000000003,255.088413,21.999561603973902,84.36601399999999,60.25862136986301,21.724549790822522,16.558956160261946,3,24,,False,True,,1468,93.83070301291248
1,2026-09-18T01:20:04.258+00:00,2026-09-18T01:20:04.353+00:00,2026-09-18T01:21:07.534+00:00,True,877,877.0,,877.0,95.476967,63276.347367,63276.347411,72.15090924857469,0.01667,255.985084,27.036716918539046,135.929111,72.1242812785388,27.04065087468018,13.859839205215797,3,24,,False,True,,2631,93.83070301291248
2,2026-09-18T01:20:09.213+00:00,2026-09-18T01:20:09.320+00:00,2026-09-18T01:21:23.726+00:00,True,963,963.0,,963.0,107.23179300000001,74513.217585,74513.217384,77.37613435514018,0.01657,246.60678,23.107314449671772,103.954987,77.34509957588358,23.099242262105438,12.923881577137237,3,24,,False,True,,963,93.83070301291248
3,2026-09-18T01:20:12.321+00:00,2026-09-18T01:20:12.451+00:00,2026-09-18T01:21:09.861+00:00,True,719,719.0,,719.0,129.795333,57539.987461000004,57539.987411,80.02779890264256,47.108188,208.13019500000001,23.523650855362565,141.7265941,79.95848485793873,23.466455925752964,12.495657919413532,3,24,,False,True,,6461,93.83070301291248
4,2026-09-18T01:20:15.353+00:00,2026-09-18T01:20:15.530+00:00,2026-09-18T01:21:12.422+00:00,True,693,693.0,,693.0,177.153822,57068.890142000004,57068.890181,82.35049088167388,52.845441,205.451573,22.999093391000468,145.17359939999997,82.21349179190751,22.73100021447977,12.143218455373198,3,24,,False,True,,2772,93.83070301291248
5,2026-09-18T01:20:19.259+00:00,2026-09-18T01:20:19.471+00:00,2026-09-18T01:21:35.545+00:00,True,626,626.0,,626.0,212.784763,76286.636923,76286.63692,121.86363725239616,0.0172,27387.673536,1091.7076404718737,90.0708535,121.718163456,1092.575975933276,8.205893263217957,3,24,,False,True,,1881,93.83070301291248
6,2026-09-18T01:20:22.735+00:00,2026-09-18T01:21:06.174+00:00,2026-09-18T01:22:23.291+00:00,True,922,922.0,,922.0,43438.952536,120555.772248,120555.77217699999,130.7546335976139,0.0184,43438.952536,1428.0050399712004,100.3436355,83.73161749402823,22.487518084903567,7.647912520549557,3,24,,False,True,,9234,93.83070301291248
7,2026-09-18T01:20:26.963+00:00,2026-09-18T01:21:06.429+00:00,2026-09-18T01:22:07.275+00:00,True,729,729.0,,729.0,39466.372542000005,100312.06854200001,100312.068562,137.60228883676268,0.02001,39466.372542000005,1458.8301293261075,99.568826,83.57925274725275,24.660071501657292,7.267320977383419,3,24,,False,True,,2916,93.83070301291248
8,2026-09-18T01:20:31.114+00:00,2026-09-18T01:21:10.791+00:00,2026-09-18T01:22:30.322+00:00,True,960,960.0,,960.0,39677.028807999995,119208.15994399998,119208.159965,124.17516663020832,0.01687,39677.028807999995,1278.0785250615663,95.3802549,82.9313150531804,21.728530821490295,8.053139990173289,3,24,,False,True,,1925,93.83070301291248
9,2026-09-18T01:20:34.920+00:00,2026-09-18T01:21:18.624+00:00,2026-09-18T01:22:21.428+00:00,True,706,706.0,,706.0,43704.909116999996,106508.288573,106508.288708,150.8615987365439,0.016489999999999998,43704.909116999996,1647.922435036628,97.057854,89.08280773900708,145.41436267573621,6.628592097939052,3,24,,False,True,,3177,93.83070301291248
10,2026-09-18T01:20:39.393+00:00,2026-09-18T01:21:30.461+00:00,2026-09-18T01:22:37.903+00:00,True,607,607.0,,607.0,51067.782422,118509.401366,118509.401341,195.23789347775946,68.757116,51067.782422,2188.98767857187,91.57494500000001,111.28980023762377,717.5069296778938,5.121956511495353,3,24,,False,True,,607,93.83070301291248
11,2026-09-18T01:20:42.577+00:00,2026-09-18T01:22:07.688+00:00,2026-09-18T01:23:30.651+00:00,True,979,979.0,,979.0,85110.49460199999,168074.01792999997,168074.017963,171.67928290398365,0.01714,85110.49460199999,2717.5400939205747,100.6898278,84.82977845398773,24.246865045867477,5.824814638558455,3,24,,True,True,,3589,93.83070301291248
12,2026-09-18T01:20:47.265+00:00,2026-09-18T01:22:07.841+00:00,2026-09-18T01:23:01.090+00:00,True,620,620.0,,620.0,80575.98473899999,133825.712995,133825.71315199998,215.84792443870967,68.61016099999999,80575.98473899999,3233.055641518191,93.84290860000002,86.02540913731825,56.96549384975578,4.632891438606903,3,24,,True,True,,2483,93.83070301291248
13,2026-09-18T01:20:50.602+00:00,2026-09-18T01:22:14.131+00:00,2026-09-18T01:23:36.630+00:00,True,983,983.0,,983.0,83529.474483,166028.40926699998,166028.409157,168.89970412716175,0.01712,83529.474483,2661.603534430635,97.1972029,84.01113521792261,23.832287461294737,5.920673481965248,3,24,,True,True,,2954,93.83070301291248
14,2026-09-18T01:20:55.661+00:00,2026-09-18T01:22:27.731+00:00,2026-09-18T01:23:57.152+00:00,True,975,975.0,,975.0,92070.180341,181490.706933,181490.706961,186.14431483179487,0.01839,92070.180341,2953.47851269435,94.98172740000001,91.80752216837782,214.79760025638737,5.372175889754707,3,24,,True,True,,1957,93.83070301291248
15,2026-09-18T01:21:00.086+00:00,2026-09-18T01:23:04.585+00:00,2026-09-18T01:24:22.940+00:00,True,874,874.0,,874.0,124498.036221,202853.12409300002,202853.12413,232.0973960297483,66.710997,124498.036221,4209.160742028009,146.477058,89.75382345017182,91.23770032129124,4.30853605981097,3,24,,True,True,,5241,93.83070301291248
16,2026-09-18T01:21:03.852+00:00,2026-09-18T01:23:09.332+00:00,2026-09-18T01:24:15.866+00:00,True,784,784.0,,784.0,125480.643077,192014.299653,192014.299668,244.91619855612245,68.41180800000001,125480.643077,4478.475380697641,103.20741784999998,84.97274147637293,22.92144466115582,4.0830292400972805,3,24,,True,True,,5488,93.83070301291248
17,2026-09-18T01:21:07.653+00:00,2026-09-18T01:23:15.880+00:00,2026-09-18T01:24:28.531+00:00,True,853,853.0,,853.0,128226.788409,200877.380665,200877.380583,235.49517067174676,68.492018,128226.788409,4387.547964591509,135.84531660000002,85.27064818779343,24.072669148129457,4.246371578403516,3,24,,True,True,,9377,93.83070301291248
18,2026-09-18T01:21:12.177+00:00,2026-09-18T01:23:22.830+00:00,2026-09-18T01:24:13.064+00:00,True,601,601.0,,601.0,130653.07581000001,180887.37622600002,180887.376167,300.9773313926789,66.205977,130653.07581000001,5326.080365568355,89.80677499999997,83.72383402666667,22.011126376170225,3.3225093565905497,3,24,,True,True,,2395,93.83070301291248
19,2026-09-18T01:21:15.743+00:00,2026-09-18T01:23:31.976+00:00,2026-09-18T01:25:02.248+00:00,True,835,835.0,,835.0,136233.13816600002,226505.37087,226505.370896,271.26391724071857,0.01688,136233.13816600002,4764.564558370494,91.9252153,108.24008717505995,714.2022058116928,3.686446801648858,3,24,,True,True,,1948,93.83070301291248
20,2026-09-18T01:21:19.197+00:00,2026-09-18T01:24:17.299+00:00,2026-09-18T01:25:26.699+00:00,True,819,819.0,,819.0,178102.17918799998,247501.922932,247501.923028,302.2001502173382,0.01724,178102.17918799998,6220.492917658478,142.8919168,84.84076252322738,28.16825212914697,3.309065199566213,3,24,,True,True,,830,93.83070301291248
21,2026-09-18T01:21:23.105+00:00,2026-09-18T01:24:17.454+00:00,2026-09-18T01:25:24.092+00:00,True,760,760.0,,760.0,174348.71621,240987.594162,240987.59417300002,317.0889397013158,0.01759,174348.71621,6321.407613861659,143.13150745000002,87.798258171278,61.60017302911241,3.153689311861848,3,24,,True,True,,1900,93.83070301291248
22,2026-09-18T01:21:27.324+00:00,2026-09-18T01:24:22.185+00:00,2026-09-18T01:25:39.802+00:00,True,931,931.0,,931.0,174860.458858,252477.78289,252477.782811,271.1898848668099,0.01738,174860.458858,5728.139927566373,97.33812400000001,83.45948820645161,25.145098923114855,3.6874531665450334,3,24,,True,True,,4655,93.83070301291248
23,2026-09-18T01:21:30.797+00:00,2026-09-18T01:24:28.615+00:00,2026-09-18T01:25:30.943+00:00,True,741,741.0,,741.0,177818.212456,240146.45668,240146.456504,324.084286780027,0.038090000000000006,177818.212456,6529.280922182398,136.638185,84.22735705945946,27.971464078010538,3.0856170448827296,3,24,,True,True,,2225,93.83070301291248
24,2026-09-18T01:21:34.098+00:00,2026-09-18T01:24:35.494+00:00,2026-09-18T01:26:01.805+00:00,True,889,889.0,,889.0,181396.154163,267706.798643,267706.798632,301.13250689763777,0.01656,181396.154163,6094.041993056546,93.386312,97.1966717117117,405.18931269796514,3.3207972472358636,3,24,,True,True,,8001,93.83070301291248
25,2026-09-18T01:21:38.928+00:00,2026-09-18T01:25:17.902+00:00,2026-09-18T01:26:29.127+00:00,True,842,842.0,,842.0,218974.32653,290199.763458,290199.763539,344.6553011152019,67.096988,218974.32653,7543.471215164075,97.95101895000002,84.69136376694411,23.393227716332294,2.9014496427108942,3,24,,True,True,,5894,93.83070301291248
26,2026-09-18T01:21:42.807+00:00,2026-09-18T01:25:18.264+00:00,2026-09-18T01:26:38.033+00:00,True,946,946.0,,946.0,215456.919538,295225.513458,295225.513438,312.0777097653277,66.485872,215456.919538,7002.594013647902,93.0557775,84.41121049735449,56.75662345177818,3.2043301031791818,3,24,,True,True,,2836,93.83070301291248
27,2026-09-18T01:21:46.855+00:00,2026-09-18T01:25:25.004+00:00,2026-09-18T01:26:40.178+00:00,True,915,915.0,,915.0,218149.160838,293322.67328600003,293322.673197,320.57122753770494,0.01732,218149.160838,7209.116314092974,90.3358873,82.24673134354485,25.909501036114413,3.119431545299747,3,24,,True,True,,2743,93.83070301291248
28,2026-09-18T01:21:51.607+00:00,2026-09-18T01:25:38.843+00:00,2026-09-18T01:26:41.821+00:00,True,691,691.0,,691.0,227236.543394,290214.291618,290214.291833,419.9917392662808,0.015550000000000001,227236.543394,8643.940357917027,89.1516005,91.27209887536232,225.0922369591856,2.380999213193614,3,24,,True,True,,6902,93.83070301291248
29,2026-09-18T01:21:56.020+00:00,2026-09-18T01:25:52.048+00:00,2026-09-18T01:26:56.049+00:00,False,595,594.0,,594.0,236027.48967100002,300028.35827900004,300028.35834000004,504.24934174789917,0.01591,236027.48967100002,9723.931809821876,83.7200603,107.74557004713805,1006.7212709799904,1.9798128530491512,3,24,,True,False,Request timeout: 300.0s exceeded,1485,93.83070301291248
30,2026-09-18T01:22:00.205+00:00,2026-09-18T01:26:23.740+00:00,2026-09-18T01:27:00.235+00:00,False,601,600.0,,600.0,263534.63755,300030.228206,300030.228047,499.21834949584024,0.016280000000000003,263534.63755,10747.364664966353,81.27838899999999,60.82598442666667,30.681511549322224,1.9997984989300528,3,24,,True,False,Request timeout: 300.0s exceeded,3600,93.83070301291248
0,2026-09-18T01:20:00.753+00:00,2026-09-18T01:20:00.908+00:00,2026-09-18T01:20:50.703+00:00,True,797,797.0,,797.0,155.466203,49949.988827,49949.988713,62.672507795483064,0.01751,251.604592,23.248832222718246,85.19872159999998,62.55593294472362,23.02919110471896,15.95595952504376,4,24,,False,True,,2392,93.83070301291248
1,2026-09-18T01:20:05.177+00:00,2026-09-18T01:20:05.293+00:00,2026-09-18T01:21:11.932+00:00,True,906,906.0,,906.0,116.31521799999999,66754.93845,66754.938528,73.68094760264901,0.01788,207.301984,25.82239257957042,118.26958224999998,73.63383782541436,25.797684309756303,13.572029591168024,4,24,,False,True,,1361,93.83070301291248
2,2026-09-18T01:20:08.825+00:00,2026-09-18T01:20:08.959+00:00,2026-09-18T01:21:00.472+00:00,True,694,694.0,,694.0,134.032755,51646.400115,51646.400048,74.41844387319885,0.01648,208.787514,22.85991533166205,88.81430095,74.33242043290043,22.76373814568827,13.437529013729595,4,24,,False,True,,3470,93.83070301291248
3,2026-09-18T01:20:12.683+00:00,2026-09-18T01:20:12.807+00:00,2026-09-18T01:21:29.045+00:00,True,960,960.0,,960.0,124.473921,76362.673473,76362.673354,79.54445141041667,0.01748,298.951161,21.99149649772903,102.73259755000001,79.4976012012513,21.95498821722999,12.571587090117173,4,24,,False,True,,1440,93.83070301291248
4,2026-09-18T01:20:16.405+00:00,2026-09-18T01:20:16.567+00:00,2026-09-18T01:21:38.511+00:00,True,894,894.0,,894.0,162.784166,82106.53328599999,82106.533268,91.84175980760627,0.01811,10807.235838999999,359.31274667490186,96.11035854999999,91.76231704367301,359.506242849988,10.888293101913685,4,24,,False,True,,897,93.83070301291248
5,2026-09-18T01:20:20.001+00:00,2026-09-18T01:20:20.179+00:00,2026-09-18T01:22:10.960+00:00,True,987,987.0,,987.0,177.767623,110958.482375,110958.482327,112.41994156737589,0.017611,29189.150285,926.8372934016047,97.46074,112.3536660770791,927.3053155452526,8.895218994292774,4,24,,False,True,,8883,93.83070301291248
6,2026-09-18T01:20:23.663+00:00,2026-09-18T01:21:06.171+00:00,2026-09-18T01:22:09.064+00:00,True,749,749.0,,749.0,42508.03489,105401.053002,105401.053077,140.72236725901203,0.01802,42508.03489,1550.3427919278536,103.58088339999999,84.08157501604278,25.24485637270607,7.106190864960217,4,24,,False,True,,2246,93.83070301291248
7,2026-09-18T01:20:27.756+00:00,2026-09-18T01:21:06.660+00:00,2026-09-18T01:22:00.052+00:00,True,656,656.0,,656.0,38904.119083,92296.864811,92296.864836,140.6964402987805,0.017070000000000002,38904.119083,1515.900913899078,91.0584295,81.51564233282443,20.088494919650476,7.10750036139708,4,24,,False,True,,1312,93.83070301291248
8,2026-09-18T01:20:30.262+00:00,2026-09-18T01:21:08.388+00:00,2026-09-18T01:21:59.469+00:00,True,630,630.0,,630.0,38126.423661,89207.76740499999,89207.767569,141.59963106190477,0.017070000000000002,38126.423661,1515.8925664306328,88.81061195000001,81.21040340858505,20.245737442353843,7.062165306075009,4,24,,False,True,,2679,93.83070301291248
9,2026-09-18T01:20:33.575+00:00,2026-09-18T01:21:14.957+00:00,2026-09-18T01:22:33.052+00:00,True,943,943.0,,943.0,41382.165237,119477.48197299999,119477.482053,126.6993447009544,0.01716,41382.165237,1345.0708357152128,93.80991720000002,82.90373326539277,22.128423727742245,7.892700653108031,4,24,,False,True,,1886,93.83070301291248
10,2026-09-18T01:20:37.942+00:00,2026-09-18T01:21:25.902+00:00,2026-09-18T01:22:41.431+00:00,True,761,761.0,,761.0,47959.663137,123488.83203300001,123488.831936,162.27178966622864,0.0178,47959.663137,1799.20209197099,91.279329,99.38048538947369,476.8981170903623,6.162500587880185,4,24,,False,True,,1525,93.83070301291248
11,2026-09-18T01:20:40.491+00:00,2026-09-18T01:21:37.323+00:00,2026-09-18T01:22:49.459+00:00,True,603,603.0,,603.0,56832.107995,128967.707867,128967.707889,213.8767958358209,67.802978,56832.107995,2449.8902516212315,91.90771369999999,119.82657786046511,818.0901964963816,4.675589029013785,4,24,,False,True,,1206,93.83070301291248
12,2026-09-18T01:20:44.421+00:00,2026-09-18T01:22:07.695+00:00,2026-09-18T01:23:07.359+00:00,True,698,698.0,,698.0,83273.966999,142938.609815,142938.60983899998,204.78310865186245,0.01653,83273.966999,3148.871559175096,99.16148279999999,85.60207003730274,30.293269779450643,4.883215255160203,4,24,,True,True,,704,93.83070301291248
13,2026-09-18T01:20:47.925+00:00,2026-09-18T01:22:09.339+00:00,2026-09-18T01:23:04.277+00:00,True,650,650.0,,650.0,81414.04357600001,136351.920824,136351.920644,209.77218560615387,0.0173,81414.04357600001,3190.1087095324883,94.4211942,84.65004198459168,26.202204055318973,4.7670762250500704,4,24,,True,True,,3896,93.83070301291248
14,2026-09-18T01:20:51.417+00:00,2026-09-18T01:22:17.505+00:00,2026-09-18T01:23:15.050+00:00,True,673,673.0,,673.0,86087.702918,143632.730502,143632.730567,213.42159073848438,0.01659,86087.702918,3315.2542285705267,146.8368134,85.63248152380952,27.996489003812385,4.68556155444409,4,24,,True,True,,8749,93.83070301291248
15,2026-09-18T01:20:54.303+00:00,2026-09-18T01:22:23.141+00:00,2026-09-18T01:23:27.357+00:00,True,751,751.0,,751.0,88838.15693099999,153053.366659,153053.366778,203.79942313981357,0.01626,88838.15693099999,3238.7269445735137,146.16291099999998,85.62027963733334,25.580125105709772,4.906785237029211,4,24,,True,True,,3010,93.83070301291248
16,2026-09-18T01:20:57.090+00:00,2026-09-18T01:22:32.349+00:00,2026-09-18T01:23:50.775+00:00,True,790,790.0,,790.0,95259.69223100001,173685.180359,173685.18036600002,219.85465869113926,0.017929999999999998,95259.69223100001,3402.964525263775,94.532343,99.39859078326995,343.04798430242386,4.548459450409662,4,24,,True,True,,3401,93.83070301291248
17,2026-09-18T01:21:00.847+00:00,2026-09-18T01:23:04.578+00:00,2026-09-18T01:24:02.355+00:00,True,656,656.0,,656.0,123731.64124099999,181508.221593,181508.221558,276.68936213109754,67.761968,123731.64124099999,4828.647658116239,93.58754800000001,88.20851962137404,106.94526801672791,3.614161354470012,4,24,,True,True,,657,93.83070301291248
18,2026-09-18T01:21:04.550+00:00,2026-09-18T01:23:09.332+00:00,2026-09-18T01:24:21.557+00:00,True,837,837.0,,837.0,124781.172975,197006.86411099997,197006.864186,235.37259759378733,67.545949,124781.172975,4310.176442328678,142.9894008,86.3943673875598,28.539734113965373,4.248582930229311,4,24,,True,True,,4185,93.83070301291248
19,2026-09-18T01:21:07.333+00:00,2026-09-18T01:23:15.875+00:00,2026-09-18T01:24:22.768+00:00,True,781,781.0,,781.0,128542.61238400001,195435.07984000002,195435.07985100002,250.23697804225353,68.296537,128542.61238400001,4596.616133679897,139.16681599999998,85.75957366153847,25.119032823592327,3.9962119422950777,4,24,,True,True,,3124,93.83070301291248
20,2026-09-18T01:21:11.166+00:00,2026-09-18T01:23:21.999+00:00,2026-09-18T01:24:40.236+00:00,True,935,935.0,,935.0,130832.85601199999,209069.84801199997,209069.847915,223.6041154171123,66.748748,130832.85601199999,4276.015092024725,97.164376,83.76551605995718,23.150492591480944,4.472189600225537,4,24,,True,True,,2805,93.83070301291248
21,2026-09-18T01:21:14.102+00:00,2026-09-18T01:23:26.380+00:00,2026-09-18T01:24:34.221+00:00,True,707,707.0,,707.0,132277.828597,200118.983157,200118.983187,283.0537244512023,66.60542699999999,132277.828597,4974.247733346822,145.40550869999998,96.09228691218131,174.05744673244564,3.532898223080291,4,24,,True,True,,2102,93.83070301291248
22,2026-09-18T01:21:18.437+00:00,2026-09-18T01:23:42.976+00:00,2026-09-18T01:25:17.492+00:00,True,765,765.0,,765.0,144539.066956,239055.38158,239055.381782,312.4906951398693,0.01677,144539.066956,5331.032615050224,141.60887979999998,123.71245369633507,1076.5449699642168,3.200095287308947,4,24,,True,True,,8409,93.83070301291248
23,2026-09-18T01:21:22.528+00:00,2026-09-18T01:24:17.451+00:00,2026-09-18T01:25:41.250+00:00,True,981,981.0,,981.0,174922.145253,258721.338085,258721.337997,263.73225076146787,0.01627,174922.145253,5582.316960368768,101.066731,85.50938044081633,48.76447981433361,3.7917243597345007,4,24,,True,True,,4903,93.83070301291248
24,2026-09-18T01:21:25.096+00:00,2026-09-18T01:24:19.974+00:00,2026-09-18T01:25:25.097+00:00,True,758,758.0,,758.0,174877.886887,240000.960935,240000.960916,316.62395899208445,0.016329999999999997,174877.886887,6348.943757427779,139.87968265,86.02783890092469,52.59242991034889,3.158320687746291,4,24,,True,True,,3032,93.83070301291248
25,2026-09-18T01:21:29.468+00:00,2026-09-18T01:24:25.437+00:00,2026-09-18T01:25:37.520+00:00,True,864,864.0,,864.0,175969.281886,248052.24047800002,248052.240452,287.09750052314814,0.016890000000000002,175969.281886,5983.805900862571,100.0632425,83.52602386095018,24.712686239893127,3.483137255019589,4,24,,True,True,,2592,93.83070301291248
26,2026-09-18T01:21:33.693+00:00,2026-09-18T01:24:33.705+00:00,2026-09-18T01:25:39.083+00:00,True,678,678.0,,678.0,180011.951635,245390.255379,245390.25542600002,361.9325301268437,0.01629,180011.951635,6913.763710249769,100.4156761,96.57061114327918,239.83923838828025,2.762945900002604,4,24,,True,True,,1356,93.83070301291248
27,2026-09-18T01:21:36.943+00:00,2026-09-18T01:24:45.116+00:00,2026-09-18T01:26:14.676+00:00,True,796,796.0,,796.0,188172.374442,277732.389546,277732.389508,348.91003707035173,0.01778,188172.374442,6719.595940158353,91.581492,112.6541070490566,850.6795631998915,2.866068308781684,4,24,,True,True,,4056,93.83070301291248
28,2026-09-18T01:21:40.539+00:00,2026-09-18T01:25:18.041+00:00,2026-09-18T01:26:20.067+00:00,True,731,731.0,,731.0,217501.517737,279527.45207299996,279527.452193,382.39049547606015,67.733666,217501.517737,8041.532073476831,93.53044249999999,84.9670333369863,38.16914411923975,2.615127761437527,4,24,,True,True,,4377,93.83070301291248
29,2026-09-18T01:21:44.733+00:00,2026-09-18T01:25:21.518+00:00,2026-09-18T01:26:13.987+00:00,True,640,640.0,,640.0,216784.499605,269253.51387699996,269253.51387799997,420.70861543437496,67.984708,216784.499605,8565.92482618752,90.83969850000001,82.11113344600938,13.6140005749252,2.3769420528059064,4,24,,True,True,,7037,93.83070301291248
30,2026-09-18T01:21:47.312+00:00,2026-09-18T01:25:25.264+00:00,2026-09-18T01:26:30.687+00:00,True,781,781.0,,781.0,217952.284388,283374.973412,283374.973419,362.83607351984637,68.683057,217952.284388,7795.973182942721,92.71981699999998,83.87524233846153,21.117280763353865,2.7560655431081456,4,24,,True,True,,2071,93.83070301291248
31,2026-09-18T01:21:51.240+00:00,2026-09-18T01:25:37.785+00:00,2026-09-18T01:26:46.633+00:00,True,834,834.0,,834.0,226545.785815,295392.966359,295392.966468,354.1882091942446,0.016190000000000003,226545.785815,7842.0919097448905,89.0390613,82.64967652340937,70.31212088374191,2.823357679364696,4,24,,True,True,,1673,93.83070301291248
32,2026-09-18T01:21:54.717+00:00,2026-09-18T01:25:44.579+00:00,2026-09-18T01:26:54.723+00:00,False,692,691.0,,691.0,229862.40329699998,300005.74537699996,300005.745299,433.5343140158959,0.016050000000000002,229862.40329699998,8765.723577890818,84.52966959999999,101.50990170767005,743.292515132422,2.303289222450257,4,24,,True,False,Request timeout: 300.0s exceeded,1382,93.83070301291248
33,2026-09-18T01:21:57.264+00:00,2026-09-18T01:26:23.599+00:00,2026-09-18T01:26:57.272+00:00,False,534,533.0,,533.0,266334.888149,300007.517141,300007.517192,561.8118299475656,0.016149999999999998,266334.888149,11522.732218221154,81.47718050000002,63.17566415009381,25.558759675262806,1.776622149602659,4,24,,True,False,Request timeout: 300.0s exceeded,1597,93.83070301291248
34,2026-09-18T01:21:59.944+00:00,2026-09-18T01:26:23.744+00:00,2026-09-18T01:26:59.984+00:00,False,598,597.0,,597.0,263799.54379699996,300039.338741,300039.33856999996,501.73802436454844,0.01663,263799.54379699996,10785.124356456232,80.59999465,60.703174110552766,29.81135768695191,1.9897390872312994,4,24,,True,False,Request timeout: 300.0s exceeded,2087,93.83070301291248
0,2026-09-18T01:20:00.754+00:00,2026-09-18T01:20:00.909+00:00,2026-09-18T01:20:43.864+00:00,True,718,718.0,,718.0,155.396313,43109.695705,43109.695876,60.04135915877438,0.01739,203.396543,20.98358728426661,84.84218585,59.90836735285913,20.693213428236284,16.65518599141316,5,24,,False,True,,4308,93.83070301291248
1,2026-09-18T01:20:06.512+00:00,2026-09-18T01:20:06.628+00:00,2026-09-18T01:21:08.220+00:00,True,828,828.0,,828.0,115.761778,61707.962738,61707.962788,74.52652510628019,0.016460000000000002,248.13612,26.408930996936284,138.37712265,74.4766637968561,26.385883426110293,13.418041420610933,5,24,,False,True,,3326,93.83070301291248
2,2026-09-18T01:20:11.424+00:00,2026-09-18T01:20:11.559+00:00,2026-09-18T01:21:07.787+00:00,True,712,712.0,,712.0,135.206965,56363.080245,56363.080325,79.16162966994382,46.732,203.872773,23.962762887167735,143.42122349999997,79.082803488045,23.88707833417185,12.632382703448183,5,24,,False,True,,2610,93.83070301291248
3,2026-09-18T01:20:16.077+00:00,2026-09-18T01:20:16.217+00:00,2026-09-18T01:21:28.079+00:00,True,804,804.0,,804.0,140.220344,72001.601976,72001.602147,89.55423152611941,54.187602,2895.980531,135.526830769806,108.55513935,89.49113528268991,135.59948140800688,11.166418217583464,5,24,,False,True,,1608,93.83070301291248
4,2026-09-18T01:20:19.817+00:00,2026-09-18T01:20:19.983+00:00,2026-09-18T01:21:41.190+00:00,True,680,680.0,,680.0,165.513247,81372.324895,81372.32472,119.66518341176472,0.02129,27554.083453000003,1054.0558692585896,89.55179045000001,119.59766074815906,1054.8314435209982,8.356649522764014,5,24,,False,True,,2720,93.83070301291248
5,2026-09-18T01:20:25.302+00:00,2026-09-18T01:21:06.433+00:00,2026-09-18T01:22:13.786+00:00,True,803,803.0,,803.0,41131.003055,108483.75211100001,108483.752166,135.0980724358655,0.01737,41131.003055,1448.7168242930204,101.064286,83.98098386034913,24.01866699890911,7.402030113950839,5,24,,False,True,,1735,93.83070301291248
6,2026-09-18T01:20:30.635+00:00,2026-09-18T01:21:10.367+00:00,2026-09-18T01:22:07.522+00:00,True,686,686.0,,686.0,39732.388618,96886.82881,96886.82882699999,141.2344443542274,0.01839,39732.388618,1514.0045447444052,96.33051399999998,83.43713896642336,24.659548203161116,7.080425775368092,5,24,,False,True,,2059,93.83070301291248
7,2026-09-18T01:20:35.001+00:00,2026-09-18T01:21:19.000+00:00,2026-09-18T01:22:43.670+00:00,True,977,977.0,,977.0,43999.044166,128668.578886,128668.57888,131.6976242374616,0.01764,43999.044166,1411.7416902327764,92.01290039999999,86.7515724590164,139.10517295995848,7.593151400744227,5,24,,False,True,,9770,93.83070301291248
8,2026-09-18T01:20:39.960+00:00,2026-09-18T01:21:36.587+00:00,2026-09-18T01:23:22.086+00:00,True,985,985.0,,985.0,56627.169383,162125.92855100002,162125.928448,164.59485121624365,0.01756,56627.169383,1893.1463515869727,145.19657080000002,107.21418614634146,584.1208992743714,6.075524185449141,5,24,,False,True,,7880,93.83070301291248
9,2026-09-18T01:20:43.915+00:00,2026-09-18T01:22:07.693+00:00,2026-09-18T01:22:58.043+00:00,True,605,605.0,,605.0,83777.588153,134127.575481,134127.575464,221.69847184132232,69.468467,83777.588153,3402.6979817433585,93.31605440000001,83.36090617218544,17.273926060261292,4.510631000600633,5,24,,True,True,,2420,93.83070301291248
10,2026-09-18T01:20:49.420+00:00,2026-09-18T01:22:13.212+00:00,2026-09-18T01:23:36.151+00:00,True,988,988.0,,988.0,83791.678869,166731.435413,166731.43549099998,168.75651365485828,0.01712,83791.678869,2663.202353014076,96.876191,84.03217481661602,23.92357631343365,5.925697200127181,5,24,,True,True,,6422,93.83070301291248
11,2026-09-18T01:20:55.107+00:00,2026-09-18T01:22:25.558+00:00,2026-09-18T01:23:20.120+00:00,True,627,627.0,,627.0,90451.60185400001,145013.694654,145013.694629,231.28180961563,0.03721,90451.60185400001,3608.937979695374,149.4608399,87.15989265175719,30.630639572210956,4.323729572548375,5,24,,True,True,,1932,93.83070301291248
12,2026-09-18T01:21:00.980+00:00,2026-09-18T01:23:04.580+00:00,2026-09-18T01:24:25.106+00:00,True,894,894.0,,894.0,123599.56836800001,204125.20216,204125.202116,228.32796657270694,67.55179799999999,123599.56836800001,4131.846804516539,146.27562,90.17428196192608,94.28726973116609,4.379664982765106,5,24,,True,True,,1983,93.83070301291248
13,2026-09-18T01:21:04.269+00:00,2026-09-18T01:23:09.330+00:00,2026-09-18T01:24:24.346+00:00,True,874,874.0,,874.0,125060.69582600001,200076.81742600002,200076.817436,228.92084374828377,68.17209799999999,125060.69582600001,4227.404578618378,139.7352167,85.92911981672394,24.347747185676493,4.368322183669559,5,24,,True,True,,2622,93.83070301291248
14,2026-09-18T01:21:09.424+00:00,2026-09-18T01:23:18.457+00:00,2026-09-18T01:24:38.572+00:00,True,956,956.0,,956.0,129033.298713,209147.88866499998,209147.888715,218.7739421705021,65.541336,129033.298713,4170.585968958686,98.0047545,83.88962298638744,23.12220858999412,4.570928284775856,5,24,,True,True,,5712,93.83070301291248
15,2026-09-18T01:21:12.709+00:00,2026-09-18T01:23:24.397+00:00,2026-09-18T01:24:31.569+00:00,True,790,790.0,,790.0,131687.433518,198859.342126,198859.34227700002,251.7206864265823,66.383497,131687.433518,4682.266272034856,138.56343105,85.135498869455,24.995218205185996,3.9726572136573055,5,24,,True,True,,790,93.83070301291248
16,2026-09-18T01:21:15.936+00:00,2026-09-18T01:23:32.127+00:00,2026-09-18T01:25:18.041+00:00,True,980,980.0,,980.0,136191.655819,242105.478283,242105.478217,247.04640634387755,0.01727,136191.655819,4398.779303259838,145.78334905000003,108.185722639428,673.111017691772,4.04782249022249,5,24,,True,True,,2940,93.83070301291248
17,2026-09-18T01:21:20.925+00:00,2026-09-18T01:24:17.301+00:00,2026-09-18T01:25:15.448+00:00,True,691,691.0,,691.0,176376.981012,234523.330324,234523.330228,339.3970046714906,0.01616,176376.981012,6706.579730644213,103.755878,84.27007146666666,34.56445810361469,2.9464019594356166,5,24,,True,True,,2072,93.83070301291248
18,2026-09-18T01:21:24.862+00:00,2026-09-18T01:24:17.457+00:00,2026-09-18T01:25:29.413+00:00,True,817,817.0,,817.0,172595.04093000002,244550.82179400002,244550.82166400002,299.3278110942473,0.01769,172595.04093000002,6035.813817313943,126.072339,88.181104,82.47024981232074,3.340818869495391,5,24,,True,True,,2451,93.83070301291248
19,2026-09-18T01:21:28.752+00:00,2026-09-18T01:24:23.694+00:00,2026-09-18T01:25:22.121+00:00,True,694,694.0,,694.0,174941.817511,233368.479655,233368.479683,336.26582086887606,0.01731,174941.817511,6637.564826863713,141.73990849999998,84.30975778354978,29.305673964476977,2.973837773747226,5,24,,True,True,,3596,93.83070301291248
20,2026-09-18T01:21:33.446+00:00,2026-09-18T01:24:32.817+00:00,2026-09-18T01:25:30.369+00:00,True,638,638.0,,638.0,179370.76761399998,236922.625022,236922.62485,371.3520765673981,0.0178,179370.76761399998,7099.365447043117,140.24563365000003,90.34828478492935,150.1581679165423,2.692862279154458,5,24,,True,True,,641,93.83070301291248
21,2026-09-18T01:21:37.770+00:00,2026-09-18T01:25:17.904+00:00,2026-09-18T01:26:23.288+00:00,True,773,773.0,,773.0,220133.762769,285517.709265,285517.70915199997,369.36314249935316,69.314909,220133.762769,7914.645739566694,98.57832200000001,84.69423121243523,22.113650104798943,2.707362713121759,5,24,,True,True,,1547,93.83070301291248
22,2026-09-18T01:21:42.673+00:00,2026-09-18T01:25:18.046+00:00,2026-09-18T01:26:40.178+00:00,True,974,974.0,,974.0,215372.200725,297504.423445,297504.423257,305.44601977104725,0.02906,215372.200725,6898.514120747254,92.77400185,84.41132859198356,58.57059654426484,3.2739009011073223,5,24,,True,True,,4867,93.83070301291248
23,2026-09-18T01:21:46.231+00:00,2026-09-18T01:25:23.689+00:00,2026-09-18T01:26:15.751+00:00,True,632,632.0,,632.0,217457.97953799999,269519.701394,269519.701455,426.4552238212025,69.879259,217457.97953799999,8646.7468021663,91.93874355,82.5066907385103,15.989778170919305,2.3449120666548406,5,24,,True,True,,2528,93.83070301291248
24,2026-09-18T01:21:50.312+00:00,2026-09-18T01:25:35.820+00:00,2026-09-18T01:26:40.180+00:00,True,775,775.0,,775.0,225507.895404,289868.051564,289868.051699,374.0232925148387,0.03379,225507.895404,8097.547634855204,92.81210029999998,83.1526565374677,28.9919952227582,2.6736302804618934,5,24,,True,True,,1550,93.83070301291248
25,2026-09-18T01:21:56.198+00:00,2026-09-18T01:25:52.686+00:00,2026-09-18T01:26:56.218+00:00,False,588,587.0,,587.0,236487.691958,300019.45336600003,300019.453441,510.2371657159864,0.01643,236487.691958,9801.564770192426,83.12838814999999,108.23128008177171,1022.9957883801419,1.9565397957175341,5,24,,True,False,Request timeout: 300.0s exceeded,2935,93.83070301291248
0,2026-09-18T01:20:00.755+00:00,2026-09-18T01:20:00.908+00:00,2026-09-18T01:20:42.797+00:00,True,706,706.0,,706.0,153.374212,42042.169092000004,42042.168885,59.54981428470255,0.03123,252.897482,21.28575826756354,84.47621025000001,59.41673032624114,21.004882371959244,16.79266353872168,6,24,,False,True,,1891,93.83070301291248
1,2026-09-18T01:20:03.366+00:00,2026-09-18T01:20:03.458+00:00,2026-09-18T01:21:10.445+00:00,True,936,936.0,,936.0,91.686317,67079.090861,67079.091021,71.6656955352564,0.01774,252.066002,26.921156797792925,106.12572725,71.64428293475936,26.927589748277946,13.953677487066145,6,24,,False,True,,2527,93.83070301291248
2,2026-09-18T01:20:07.930+00:00,2026-09-18T01:20:08.049+00:00,2026-09-18T01:20:56.686+00:00,True,675,675.0,,675.0,118.598169,48755.162393,48755.162158,72.2298698637037,0.01686,209.08971400000001,21.9436403207239,86.98996530000001,72.16107451632048,21.886967517023606,13.844687759606618,6,24,,False,True,,675,93.83070301291248
3,2026-09-18T01:20:11.696+00:00,2026-09-18T01:20:11.808+00:00,2026-09-18T01:21:12.278+00:00,True,761,761.0,,761.0,111.761405,60581.780989,60581.780891,79.60812206438897,46.396238,203.674702,23.1371091174893,139.704623,79.56581524210526,23.122870218776164,12.56153232170868,6,24,,False,True,,3803,93.83070301291248
4,2026-09-18T01:20:15.491+00:00,2026-09-18T01:20:15.641+00:00,2026-09-18T01:21:25.716+00:00,True,864,864.0,,864.0,150.269562,70224.900474,70224.900592,81.27882012962964,51.078262,207.544504,20.60592794241984,136.6239107,81.19887707068366,20.483374915984356,12.303328223581984,6,24,,False,True,,869,93.83070301291248
5,2026-09-18T01:20:18.793+00:00,2026-09-18T01:20:18.962+00:00,2026-09-18T01:21:34.355+00:00,True,631,631.0,,631.0,168.79334,75562.348796,75562.348762,119.75015651664025,0.01684,26323.810713,1044.998851516521,90.3278965,119.67231024761905,1045.8273774366753,8.350719770550631,6,24,,False,True,,3786,93.83070301291248
6,2026-09-18T01:20:22.640+00:00,2026-09-18T01:21:06.172+00:00,2026-09-18T01:21:55.533+00:00,True,615,615.0,,615.0,43532.077866,92892.439594,92892.439748,151.04461747642276,0.01725,43532.077866,1752.2068305264158,90.2518233,80.39146861237785,15.188681073596959,6.6205603242626365,6,24,,False,True,,1233,93.83070301291248
7,2026-09-18T01:20:26.115+00:00,2026-09-18T01:21:06.431+00:00,2026-09-18T01:22:13.374+00:00,True,797,797.0,,797.0,40315.914254,107258.547726,107258.547769,134.57785165495608,0.02594,40315.914254,1425.2875543878663,102.10150900000001,84.09878576884422,24.101469449812758,7.430643215830185,6,24,,False,True,,5049,93.83070301291248
8,2026-09-18T01:20:30.339+00:00,2026-09-18T01:21:09.358+00:00,2026-09-18T01:22:04.083+00:00,True,662,662.0,,662.0,39019.033340999995,93743.966717,93743.966554,141.6072002326284,0.02619,39019.033340999995,1513.4907810890754,96.00636505,82.79112462329803,24.04669310500068,7.061787794818688,6,24,,False,True,,1324,93.83070301291248
9,2026-09-18T01:20:33.127+00:00,2026-09-18T01:21:12.667+00:00,2026-09-18T01:22:29.174+00:00,True,922,922.0,,922.0,39539.493482,116046.486122,116046.486246,125.86386794577007,0.01863,39539.493482,1299.614506184832,94.3224285,83.06948169381107,22.02152888786398,7.9450919266155005,6,24,,False,True,,5532,93.83070301291248
10,2026-09-18T01:20:36.908+00:00,2026-09-18T01:21:23.810+00:00,2026-09-18T01:22:34.294+00:00,True,724,724.0,,724.0,46902.24006800001,117386.27411600002,117386.274187,162.13573782734807,0.01731,46902.24006800001,1782.988660327323,93.11773705,97.48829052282157,391.73089364707994,6.167671692897843,6,24,,False,True,,2172,93.83070301291248
11,2026-09-18T01:20:40.604+00:00,2026-09-18T01:21:38.674+00:00,2026-09-18T01:23:25.976+00:00,True,989,989.0,,989.0,58069.879406,165371.203438,165371.20334100001,167.21051905055612,0.021670000000000002,58069.879406,1952.391346012264,104.2109372,108.60457897975708,644.4977815805805,5.980484990367685,6,24,,False,True,,12826,93.83070301291248
12,2026-09-18T01:20:43.553+00:00,2026-09-18T01:22:07.695+00:00,2026-09-18T01:23:09.084+00:00,True,719,719.0,,719.0,84141.76044,145531.470776,145531.470718,202.4081651154381,0.01694,84141.76044,3134.8726960048657,143.76369010000002,85.5009893259053,25.45223047826658,4.940512152912099,6,24,,True,True,,719,93.83070301291248
13,2026-09-18T01:20:47.779+00:00,2026-09-18T01:22:09.341+00:00,2026-09-18T01:23:20.784+00:00,True,834,834.0,,834.0,81562.016176,153005.287088,153005.28689000002,183.45957660671462,0.01661,81562.016176,2821.4155417744373,104.92323155,85.76623158703481,26.440169936823175,5.4507920338748175,6,24,,True,True,,9964,93.83070301291248
14,2026-09-18T01:20:51.411+00:00,2026-09-18T01:22:17.419+00:00,2026-09-18T01:23:35.076+00:00,True,923,923.0,,923.0,86007.893815,163664.630327,163664.63017,177.3181258613218,0.01691,86007.893815,2828.3196039394775,99.109309,84.22639534924078,24.688794426178553,5.639581369266267,6,24,,True,True,,2767,93.83070301291248
15,2026-09-18T01:20:55.455+00:00,2026-09-18T01:22:26.953+00:00,2026-09-18T01:23:29.107+00:00,True,682,682.0,,682.0,91497.777646,153651.683822,153651.683691,225.29572388709678,0.01736,91497.777646,3501.3118726739526,148.10096230000002,91.26858469309838,90.79651181606658,4.438610648680379,6,24,,True,True,,2049,93.83070301291248
16,2026-09-18T01:20:59.622+00:00,2026-09-18T01:22:47.391+00:00,2026-09-18T01:24:07.893+00:00,True,723,723.0,,723.0,107768.638116,188270.543268,188270.543322,260.4018579834025,67.175579,107768.638116,4055.1503373945748,97.331899,111.4984835900277,643.6666254021295,3.840218376439385,6,24,,True,True,,5030,93.83070301291248
17,2026-09-18T01:21:03.840+00:00,2026-09-18T01:23:09.337+00:00,2026-09-18T01:24:02.277+00:00,True,642,642.0,,642.0,125496.92558400001,178436.908688,178436.908815,277.93911030373835,68.751049,125496.92558400001,4949.735288871774,91.28395944999998,82.58967722932917,16.138228135451076,3.5979103466903704,6,24,,True,True,,1926,93.83070301291248
18,2026-09-18T01:21:07.895+00:00,2026-09-18T01:23:15.967+00:00,2026-09-18T01:24:12.349+00:00,True,675,675.0,,675.0,128071.753295,184453.49921500002,184453.499268,273.26444336000003,66.13046700000001,128071.753295,4926.30812651584,93.92097159999999,83.65244201780416,20.795634949285393,3.659458903586406,6,24,,True,True,,1350,93.83070301291248
19,2026-09-18T01:21:11.366+00:00,2026-09-18T01:23:22.251+00:00,2026-09-18T01:24:43.156+00:00,True,970,970.0,,970.0,130884.140823,211789.503511,211789.503516,218.33969434639175,67.084076,130884.140823,4199.818287669667,94.35330900000001,83.49366634468524,22.94481649103874,4.580019235701262,6,24,,True,True,,7275,93.83070301291248
20,2026-09-18T01:21:14.616+00:00,2026-09-18T01:23:29.274+00:00,2026-09-18T01:24:50.885+00:00,True,797,797.0,,797.0,134657.79955000003,216269.60396600002,216269.60380600003,271.3545844491845,0.01671,134657.79955000003,4800.017923908407,91.09941699999999,102.52739248241205,569.2014588704695,3.685215052806483,6,24,,True,True,,895,93.83070301291248
21,2026-09-18T01:21:18.643+00:00,2026-09-18T01:23:46.910+00:00,2026-09-18T01:25:28.684+00:00,True,851,851.0,,851.0,148266.85438600002,250041.01144200002,250041.011506,293.82022503642776,0.0162,148266.85438600002,5179.837464410702,141.333903,119.73430241882353,1020.5946896648444,3.4034416797957947,6,24,,True,True,,858,93.83070301291248
22,2026-09-18T01:21:22.560+00:00,2026-09-18T01:24:17.451+00:00,2026-09-18T01:25:20.502+00:00,True,724,724.0,,724.0,174890.69846,237941.71695600002,237941.71691100002,328.64878026381217,0.01765,174890.69846,6496.769531851569,143.47253250000003,87.20749446196405,56.91395777903449,3.0427619387729368,6,24,,True,True,,2523,93.83070301291248
23,2026-09-18T01:21:26.851+00:00,2026-09-18T01:24:21.757+00:00,2026-09-18T01:25:14.455+00:00,True,640,640.0,,640.0,174906.160515,227603.386243,227603.386389,355.6302912328125,0.01672,174906.160515,6910.563655506091,94.554519,82.46827187480437,26.42659090153827,2.8119089551537084,6,24,,True,True,,1920,93.83070301291248
24,2026-09-18T01:21:30.456+00:00,2026-09-18T01:24:27.914+00:00,2026-09-18T01:25:44.419+00:00,True,919,919.0,,919.0,177457.93366,253963.724636,253963.724445,276.3479047279652,0.02122,177457.93366,5851.102647464432,97.35384500000002,83.33964158605664,25.308789734872402,3.6186270354838284,6,24,,True,True,,921,93.83070301291248
25,2026-09-18T01:21:34.637+00:00,2026-09-18T01:24:39.937+00:00,2026-09-18T01:26:01.725+00:00,True,749,749.0,,749.0,185299.642221,267087.455085,267087.455091,356.5920628718291,0.01681,185299.642221,6795.555051933943,91.3818966,109.34199580748664,625.9217858772045,2.804324897107699,6,24,,True,True,,749,93.83070301291248
26,2026-09-18T01:21:37.640+00:00,2026-09-18T01:25:17.898+00:00,2026-09-18T01:26:21.602+00:00,True,757,757.0,,757.0,220258.04697999998,283961.647108,283961.647214,375.1144613130779,67.854326,220258.04697999998,8002.378383479074,98.495522,84.26402133333333,20.462938372933234,2.6658529689119876,6,24,,True,True,,3966,93.83070301291248
27,2026-09-18T01:21:41.303+00:00,2026-09-18T01:25:18.044+00:00,2026-09-18T01:26:32.732+00:00,True,878,878.0,,878.0,216740.14504899998,291428.185497,291428.185524,331.9227625558086,70.181978,216740.14504899998,7311.881671354394,96.03874735000001,85.16310199315849,43.65720122708577,3.0127490877475136,6,24,,True,True,,5268,93.83070301291248
28,2026-09-18T01:21:44.949+00:00,2026-09-18T01:25:21.690+00:00,2026-09-18T01:26:31.377+00:00,True,833,833.0,,833.0,216740.154767,286427.16430299997,286427.16421,343.85013710684274,68.828721,216740.154767,7506.727435602166,93.54980800000001,83.75842492307693,20.596056700792843,2.9082437136402404,6,24,,True,True,,4165,93.83070301291248
29,2026-09-18T01:21:48.847+00:00,2026-09-18T01:25:30.861+00:00,2026-09-18T01:26:40.496+00:00,True,850,850.0,,850.0,222014.28646,291649.615484,291649.615244,343.1171944047059,0.01602,222014.28646,7612.268280938655,91.426568,82.02041110011778,28.783975943997415,2.914456096879823,6,24,,True,True,,4248,93.83070301291248
30,2026-09-18T01:21:52.633+00:00,2026-09-18T01:25:41.430+00:00,2026-09-18T01:26:52.642+00:00,False,780,779.0,,779.0,228796.625366,300008.517846,300008.517682,384.6263047205128,0.01569,228796.625366,8202.500069764741,85.86990454999999,91.41449612323491,471.4065152699246,2.5965929420706497,6,24,,True,False,Request timeout: 300.0s exceeded,1580,93.83070301291248
31,2026-09-18T01:21:57.116+00:00,2026-09-18T01:26:23.603+00:00,2026-09-18T01:26:57.147+00:00,False,532,531.0,,531.0,266487.051561,300031.027497,300031.027639,563.9680970657895,0.01611,266487.051561,11550.973586838043,80.62066254999999,63.17132944632769,27.82619301181433,1.7698169566989514,6,24,,True,False,Request timeout: 300.0s exceeded,3715,93.83070301291248
0,2026-09-18T01:20:00.757+00:00,2026-09-18T01:20:00.908+00:00,2026-09-18T01:20:39.330+00:00,True,667,667.0,,667.0,151.099761,38573.317232999994,38573.317213,57.83106028935532,0.01814,252.705943,20.02446558126918,83.8423221,57.691017225225224,19.70992429396145,17.29174589706722,7,24,,False,True,,3390,93.83070301291248
1,2026-09-18T01:20:07.096+00:00,2026-09-18T01:20:07.210+00:00,2026-09-18T01:21:18.847+00:00,True,948,948.0,,948.0,114.38963700000001,71751.095173,71751.09495,75.68680901898735,0.03148,205.740013,24.10081476705996,103.74803,75.64594037592397,24.080662234319647,13.212341884319185,7,24,,False,True,,4738,93.83070301291248
2,2026-09-18T01:20:11.454+00:00,2026-09-18T01:20:11.609+00:00,2026-09-18T01:21:03.950+00:00,True,672,672.0,,672.0,154.81034400000001,52495.249383999995,52495.24942,78.11793068452381,45.390786999999996,201.427751,22.929593314199035,139.6501844,78.00363493293592,22.754321766966353,12.80115835024147,7,24,,False,True,,3360,93.83070301291248
3,2026-09-18T01:20:15.159+00:00,2026-09-18T01:20:15.309+00:00,2026-09-18T01:21:21.770+00:00,True,818,818.0,,818.0,149.986052,66610.964228,66610.964081,81.43149643154034,52.789201999999996,203.609762,21.149809908604063,137.43212450000001,81.34758650673194,21.0260763967193,12.280260606949039,7,24,,False,True,,2454,93.83070301291248
4,2026-09-18T01:20:18.653+00:00,2026-09-18T01:20:18.833+00:00,2026-09-18T01:21:36.415+00:00,True,668,668.0,,668.0,179.085779,77761.604563,77761.604607,116.40958773502994,0.0245,25305.057892,976.3320050984149,89.18574645000001,116.31562036581708,977.0616852161736,8.590357719005237,7,24,,False,True,,5031,93.83070301291248
5,2026-09-18T01:20:24.669+00:00,2026-09-18T01:21:06.435+00:00,2026-09-18T01:21:54.241+00:00,True,600,600.0,,600.0,41766.219641,89571.26130499999,89571.261505,149.28543584166667,0.01964,41766.219641,1701.8940816467043,89.69096254999998,79.8080829115192,13.500189845701188,6.698577102279871,7,24,,False,True,,906,93.83070301291248
6,2026-09-18T01:20:28.312+00:00,2026-09-18T01:21:06.662+00:00,2026-09-18T01:21:55.030+00:00,True,606,606.0,,606.0,38350.021311,86718.165695,86718.165733,143.09928338778877,0.01807,38350.021311,1554.6796767239896,90.45837925,79.9473460892562,14.139260452074256,6.988155193819335,7,24,,False,True,,3026,93.83070301291248
7,2026-09-18T01:20:34.448+00:00,2026-09-18T01:21:16.412+00:00,2026-09-18T01:22:22.703+00:00,True,791,791.0,,791.0,41964.207303999996,108254.873544,108254.873567,136.85824724020227,0.01774,41964.207303999996,1489.2788337362122,95.896522,83.91223574683544,23.612872262950162,7.3068303911370736,7,24,,False,True,,794,93.83070301291248
8,2026-09-18T01:20:39.233+00:00,2026-09-18T01:21:29.123+00:00,2026-09-18T01:22:50.935+00:00,True,783,783.0,,783.0,49890.554706,131702.805074,131702.804973,168.20281605747127,66.840497,49890.554706,1880.7006698025614,91.7699829,104.6192459948849,609.8713948258172,5.945203669428718,7,24,,False,True,,6262,93.83070301291248
9,2026-09-18T01:20:42.754+00:00,2026-09-18T01:22:07.693+00:00,2026-09-18T01:23:15.130+00:00,True,789,789.0,,789.0,84939.021513,152375.737801,152375.737994,193.12514321166032,0.01702,84939.021513,3020.976966774001,108.27013579999999,85.57958919796954,26.311810560404354,5.177989694333227,7,24,,True,True,,789,93.83070301291248
10,2026-09-18T01:20:49.010+00:00,2026-09-18T01:22:11.126+00:00,2026-09-18T01:23:19.624+00:00,True,801,801.0,,801.0,82116.341491,150613.67089900002,150613.670771,188.03204840324594,0.0173,82116.341491,2898.531535031804,105.868153,85.62166176000001,26.233038637656286,5.318242329656399,7,24,,True,True,,1620,93.83070301291248
11,2026-09-18T01:20:54.079+00:00,2026-09-18T01:22:22.787+00:00,2026-09-18T01:23:25.974+00:00,True,737,737.0,,737.0,88707.988377,151894.093209,151894.09336,206.09782002713703,0.01662,88707.988377,3264.552407549524,146.9321744,85.85068591304348,27.301576726481088,4.8520649120036445,7,24,,True,True,,2949,93.83070301291248
12,2026-09-18T01:20:58.854+00:00,2026-09-18T01:22:35.469+00:00,2026-09-18T01:23:49.725+00:00,True,672,672.0,,672.0,96615.775864,170871.87724,170871.877224,254.27362682142856,67.19368700000001,96615.775864,3777.2921189017084,94.71850494999998,110.66483066467958,639.971334339637,3.932771213463845,7,24,,True,True,,2019,93.83070301291248
13,2026-09-18T01:21:03.358+00:00,2026-09-18T01:23:08.999+00:00,2026-09-18T01:24:16.730+00:00,True,792,792.0,,792.0,125641.132372,193371.72181199997,193371.721715,244.15621428661615,67.914048,125641.132372,4461.494430893966,120.201685,85.62653532237674,25.677665032737686,4.095738469816176,7,24,,True,True,,1584,93.83070301291248
14,2026-09-18T01:21:07.104+00:00,2026-09-18T01:23:13.125+00:00,2026-09-18T01:24:35.330+00:00,True,949,949.0,,949.0,126021.75661499999,208226.424519,208226.42446399998,219.41667488303477,64.112926,126021.75661499999,4088.745871173041,101.09043460000001,86.71378470886076,76.84310222453996,4.557538757111044,7,24,,True,True,,1898,93.83070301291248
15,2026-09-18T01:21:12.365+00:00,2026-09-18T01:23:23.611+00:00,2026-09-18T01:24:21.225+00:00,True,671,671.0,,671.0,131246.142431,188859.914463,188859.914452,281.4603792131147,67.614248,131246.142431,5063.450971714563,148.079145,85.99070452537313,26.544348624424117,3.552897934471199,7,24,,True,True,,2013,93.83070301291248
16,2026-09-18T01:21:16.843+00:00,2026-09-18T01:23:33.942+00:00,2026-09-18T01:25:15.697+00:00,True,891,891.0,,891.0,137098.793228,238853.23111599998,238853.23123,268.0732112570146,0.016050000000000002,137098.793228,4680.26324233794,95.69759849999998,114.33082908764045,919.5088228475162,3.7303242490669195,7,24,,True,True,,891,93.83070301291248
17,2026-09-18T01:21:21.611+00:00,2026-09-18T01:24:17.303+00:00,2026-09-18T01:25:22.119+00:00,True,751,751.0,,751.0,175691.56066400002,240507.79951200003,240507.79956,320.25006599201066,0.01634,175691.56066400002,6408.093233992587,144.6552085,86.42165179733333,46.804358566799515,3.122559856785556,7,24,,True,True,,1502,93.83070301291248
18,2026-09-18T01:21:25.590+00:00,2026-09-18T01:24:19.970+00:00,2026-09-18T01:25:24.498+00:00,True,749,749.0,,749.0,174380.088625,238908.107057,238908.107182,318.96943548998667,0.01627,174380.088625,6368.802759442229,137.27999499999999,86.26740432085562,55.915819257221365,3.135096624499643,7,24,,True,True,,7357,93.83070301291248
19,2026-09-18T01:21:29.285+00:00,2026-09-18T01:24:25.186+00:00,2026-09-18T01:25:21.347+00:00,True,667,667.0,,667.0,175900.94689,232062.359498,232062.359394,347.9195793013493,0.01758,175900.94689,6807.710965549142,144.7071584,84.32644535735736,29.59552658512798,2.8742274337073113,7,24,,True,True,,7331,93.83070301291248
20,2026-09-18T01:21:33.652+00:00,2026-09-18T01:24:32.822+00:00,2026-09-18T01:25:29.169+00:00,True,619,619.0,,619.0,179170.127433,235517.44852099998,235517.44835199998,380.4805304555735,0.01627,179170.127433,7199.799598578092,138.6519409,91.17689496440128,170.20474190423633,2.628255375078109,7,24,,True,True,,631,93.83070301291248
21,2026-09-18T01:21:39.819+00:00,2026-09-18T01:25:18.043+00:00,2026-09-18T01:26:10.432+00:00,True,633,633.0,,633.0,218223.604398,270612.40619,270612.406256,427.50775079936807,69.391188,218223.604398,8670.345866137744,91.303009,82.893673721519,23.20805980343202,2.3391388773046997,7,24,,True,True,,1267,93.83070301291248
22,2026-09-18T01:21:44.505+00:00,2026-09-18T01:25:20.768+00:00,2026-09-18T01:26:30.228+00:00,True,829,829.0,,829.0,216263.15342500003,285722.838033,285722.83791,344.65963559710497,68.907588,216263.15342500003,7508.244109650295,93.6937548,83.88850798067632,20.479379866938743,2.9014131516650177,7,24,,True,True,,3316,93.83070301291248
23,2026-09-18T01:21:50.298+00:00,2026-09-18T01:25:34.155+00:00,2026-09-18T01:26:50.352+00:00,False,982,981.0,,981.0,223856.841257,300053.86935299996,300053.8693,305.5538383910387,0.016149999999999998,223856.841257,7141.132274141378,87.58060094999999,77.67281151478083,27.280107933210584,3.269412929469332,7,24,,True,False,Request timeout: 300.0s exceeded,3573,93.83070301291248
24,2026-09-18T01:21:54.634+00:00,2026-09-18T01:25:42.903+00:00,2026-09-18T01:26:49.022+00:00,True,621,621.0,,621.0,228269.254303,294388.462751,294388.462825,474.0554956924316,0.01568,228269.254303,9187.755446902476,85.198894,106.64388459354839,765.6391931603436,2.109457667589558,7,24,,True,True,,3111,93.83070301291248
25,2026-09-18T01:22:00.023+00:00,2026-09-18T01:26:23.744+00:00,2026-09-18T01:27:00.029+00:00,False,599,598.0,,598.0,263720.499625,300005.702569,300005.70247,500.844244524207,0.01549,263720.499625,10772.891878714552,81.66344799999999,60.67759689632107,30.67546899134661,1.9932954436506507,7,24,,True,False,Request timeout: 300.0s exceeded,598,93.83070301291248
0,2026-09-18T01:20:00.759+00:00,2026-09-18T01:20:00.909+00:00,2026-09-18T01:21:06.432+00:00,True,961,961.0,,961.0,149.73224,65673.30728000001,65673.307161,68.338509012487,0.020030000000000003,254.702513,27.999098030340292,87.079115,68.253724,27.889991813361185,14.633037984561206,8,24,,False,True,,4805,93.83070301291248
1,2026-09-18T01:20:05.106+00:00,2026-09-18T01:20:05.207+00:00,2026-09-18T01:21:14.396+00:00,True,939,939.0,,939.0,101.10100999999999,69289.67317,69289.672973,73.79091903407881,0.01671,245.345139,25.75864351935959,103.33102720000001,73.76180400852878,25.756919713808678,13.551802989403535,8,24,,False,True,,10329,93.83070301291248
2,2026-09-18T01:20:08.094+00:00,2026-09-18T01:20:08.219+00:00,2026-09-18T01:21:22.003+00:00,True,965,965.0,,965.0,124.88025999999999,73909.119108,73909.119062,76.58976068601037,0.016640000000000002,252.035502,23.72650261827763,102.8298068,76.53966685477178,23.68770728671336,13.05657558426437,8,24,,False,True,,10615,93.83070301291248
3,2026-09-18T01:20:11.508+00:00,2026-09-18T01:20:11.661+00:00,2026-09-18T01:21:11.512+00:00,True,755,755.0,,755.0,152.363562,60003.758634,60003.758656,79.47517702781457,45.580988,205.426674,23.52974286667435,142.696397,79.3785080530504,23.394857911983497,12.58254511363549,8,24,,False,True,,2265,93.83070301291248
4,2026-09-18T01:20:15.018+00:00,2026-09-18T01:20:15.197+00:00,2026-09-18T01:21:09.280+00:00,True,661,661.0,,661.0,178.48009299999998,54261.492700999996,54261.492685,82.09000406202723,52.053132,207.275024,23.512744945676758,143.851069,81.9439584969697,23.228599022311307,12.181751129522803,8,24,,False,True,,3635,93.83070301291248
5,2026-09-18T01:20:18.670+00:00,2026-09-18T01:20:18.832+00:00,2026-09-18T01:21:57.930+00:00,True,915,915.0,,915.0,161.782883,99260.43837100001,99260.438323,108.48135335846995,0.01706,26155.152276999997,862.2266758908987,89.7674853,108.42303663894968,862.6969388440732,9.218174078378109,8,24,,False,True,,4575,93.83070301291248
6,2026-09-18T01:20:22.683+00:00,2026-09-18T01:21:06.170+00:00,2026-09-18T01:22:25.399+00:00,True,949,949.0,,949.0,43487.391038,122716.026686,122716.026693,129.31088165753425,0.01749,43487.391038,1409.1212632518107,98.30537899999999,83.57451017721519,22.139911665577284,7.733301229090937,8,24,,False,True,,1897,93.83070301291248
7,2026-09-18T01:20:26.084+00:00,2026-09-18T01:21:06.431+00:00,2026-09-18T01:22:22.385+00:00,True,909,909.0,,909.0,40347.060594999995,116301.11371499998,116301.113837,127.94401962266227,0.018760000000000002,40347.060594999995,1335.6397392494582,97.306707,83.64983823788546,22.343880245384142,7.8159182742440185,8,24,,False,True,,4545,93.83070301291248
8,2026-09-18T01:20:29.289+00:00,2026-09-18T01:21:07.706+00:00,2026-09-18T01:22:27.573+00:00,True,961,961.0,,961.0,38417.542506,118284.598378,118284.598459,123.08490994693028,0.02318,38417.542506,1236.7816593402126,96.621569,83.19484986666666,21.677972563493668,8.124472781561547,8,24,,False,True,,965,93.83070301291248
9,2026-09-18T01:20:31.920+00:00,2026-09-18T01:21:12.103+00:00,2026-09-18T01:22:01.977+00:00,True,609,609.0,,609.0,40182.803340000006,90056.15246000001,90056.152531,147.87545571592776,0.01896,40182.803340000006,1625.1202449026528,91.21647860000002,82.0285347368421,22.4520430894454,6.762447465990709,8,24,,False,True,,4755,93.83070301291248
10,2026-09-18T01:20:34.687+00:00,2026-09-18T01:21:17.633+00:00,2026-09-18T01:22:15.766+00:00,True,681,681.0,,681.0,42945.406757,101078.344741,101078.344688,148.42635049632892,0.01679,42945.406757,1642.7159291290263,117.528279,85.48961468235295,32.46364335708338,6.7373481604291525,8,24,,False,True,,2722,93.83070301291248
11,2026-09-18T01:20:37.328+00:00,2026-09-18T01:21:25.108+00:00,2026-09-18T01:22:55.416+00:00,True,947,947.0,,947.0,47779.566744,138087.81148,138087.811406,145.81606273072862,0.0178,47779.566744,1595.376426041065,92.47396339999999,95.46326082029599,379.9346128258511,6.85795502043393,8,24,,False,True,,3781,93.83070301291248
12,2026-09-18T01:20:40.660+00:00,2026-09-18T01:21:41.362+00:00,2026-09-18T01:22:56.979+00:00,True,631,631.0,,631.0,60701.758009000005,136318.58668100002,136318.586831,216.03579529477022,69.944607,60701.758009000005,2544.2072293971055,93.1284875,120.02671217777778,810.9487284656883,4.628862544449694,8,24,,False,True,,1262,93.83070301291248
13,2026-09-18T01:20:43.889+00:00,2026-09-18T01:22:07.693+00:00,2026-09-18T01:23:16.330+00:00,True,800,800.0,,800.0,83803.38275399999,152440.99299399997,152440.99281999998,190.551241025,0.01629,83803.38275399999,2959.9791775742146,145.46533634999997,85.90439329161451,26.596765422311428,5.247932227989933,8,24,,True,True,,2399,93.83070301291248
14,2026-09-18T01:20:46.442+00:00,2026-09-18T01:22:07.845+00:00,2026-09-18T01:23:03.199+00:00,True,647,647.0,,647.0,81402.811343,136756.808399,136756.808318,211.37064655023184,69.140586,81402.811343,3197.235640683897,95.8566383,85.68730194427245,45.944275049495054,4.731025881448773,8,24,,True,True,,3061,93.83070301291248
15,2026-09-18T01:20:49.747+00:00,2026-09-18T01:22:13.538+00:00,2026-09-18T01:23:04.285+00:00,True,602,602.0,,602.0,83790.744088,134537.611544,134537.6114,223.4844043189369,0.016980000000000002,83790.744088,3411.714626517945,93.00336854999999,84.43738345424293,26.177054994497507,4.474585159430441,8,24,,True,True,,1211,93.83070301291248
16,2026-09-18T01:20:52.841+00:00,2026-09-18T01:22:21.013+00:00,2026-09-18T01:23:15.877+00:00,True,636,636.0,,636.0,88171.908912,143036.12855999998,143036.128557,224.8995732028302,0.01641,88171.908912,3492.9406549618097,147.86942925,86.4003459023622,29.341125898261335,4.4464290693746955,8,24,,True,True,,2226,93.83070301291248
17,2026-09-18T01:20:55.576+00:00,2026-09-18T01:22:27.111+00:00,2026-09-18T01:23:31.971+00:00,True,702,702.0,,702.0,91535.440512,156395.167872,156395.167892,222.78513944729346,0.01679,91535.440512,3454.609205876122,109.04276949999999,92.52457540656206,151.49818771224372,4.488629729113783,8,24,,True,True,,6302,93.83070301291248
18,2026-09-18T01:20:59.430+00:00,2026-09-18T01:22:41.608+00:00,2026-09-18T01:24:26.442+00:00,True,963,963.0,,963.0,102177.75889499999,207011.606447,207011.606382,214.9653233457944,68.072247,102177.75889499999,3336.2942091883283,147.2350599,108.97489350519751,559.3478152169748,4.651913081243353,8,24,,True,True,,3852,93.83070301291248
19,2026-09-18T01:21:03.211+00:00,2026-09-18T01:23:04.978+00:00,2026-09-18T01:24:27.059+00:00,True,910,910.0,,910.0,121767.468667,203848.77273099998,203848.772804,224.00964044395604,68.72419000000001,121767.468667,4035.747182923792,138.8314465,90.29846431683168,132.95580380167564,4.464093591580467,8,24,,True,True,,4546,93.83070301291248
20,2026-09-18T01:21:05.771+00:00,2026-09-18T01:23:09.335+00:00,2026-09-18T01:24:03.656+00:00,True,646,646.0,,646.0,123563.994482,177885.163634,177885.163633,275.3640303916409,67.784277,123563.994482,4858.399972215526,92.38149775000002,84.21886690232559,38.609623456132454,3.631556374927083,8,24,,True,True,,3869,93.83070301291248
21,2026-09-18T01:21:09.949+00:00,2026-09-18T01:23:19.384+00:00,2026-09-18T01:24:24.421+00:00,True,760,760.0,,760.0,129434.072084,194472.004628,194472.004648,255.88421664210526,64.306956,129434.072084,4692.027216175292,141.21290705,85.68897568379447,25.318271219297156,3.90801751364564,8,24,,True,True,,1530,93.83070301291248
22,2026-09-18T01:21:13.688+00:00,2026-09-18T01:23:25.898+00:00,2026-09-18T01:24:49.352+00:00,True,982,982.0,,982.0,132209.841239,215664.271703,215664.271671,219.61738459368635,0.0173,132209.841239,4216.713773526436,95.88958045,85.07077519266055,61.1471315046037,4.553373594270413,8,24,,True,True,,5156,93.83070301291248
23,2026-09-18T01:21:17.133+00:00,2026-09-18T01:23:36.310+00:00,2026-09-18T01:24:54.439+00:00,True,619,619.0,,619.0,139177.09636599998,217306.299054,217306.298865,351.060256647819,0.0165,139177.09636599998,5703.834404413325,90.10003690000002,126.4226580711974,1140.0968009601995,2.8485138382766357,8,24,,True,True,,1860,93.83070301291248
24,2026-09-18T01:21:20.159+00:00,2026-09-18T01:24:17.298+00:00,2026-09-18T01:25:08.194+00:00,True,616,616.0,,616.0,177138.91055899998,228034.32559899997,228034.325605,370.18559351461033,0.01634,177138.91055899998,7133.862554568535,91.46775775,82.75677242276423,30.90229673387036,2.701347695711568,8,24,,True,True,,3388,93.83070301291248
25,2026-09-18T01:21:24.457+00:00,2026-09-18T01:24:17.451+00:00,2026-09-18T01:25:31.818+00:00,True,849,849.0,,849.0,172993.947653,247361.002501,247361.002611,291.3557156784452,0.01623,172993.947653,5934.632372899326,106.58549,87.69699864150942,77.48114160413844,3.43223059179091,8,24,,True,True,,2547,93.83070301291248
26,2026-09-18T01:21:27.893+00:00,2026-09-18T01:24:22.938+00:00,2026-09-18T01:25:22.303+00:00,True,705,705.0,,705.0,175045.02452200002,234410.66855400003,234410.668593,332.49740225957447,0.01617,175045.02452200002,6589.465710678347,141.246147,84.3261989090909,29.198131774732246,3.0075422946784207,8,24,,True,True,,2118,93.83070301291248
27,2026-09-18T01:21:31.722+00:00,2026-09-18T01:24:30.063+00:00,2026-09-18T01:25:38.426+00:00,True,815,815.0,,815.0,178340.974107,246703.706395,246703.706377,302.70393420490797,0.01748,178340.974107,6244.127257025023,99.97987729999998,83.9837005995086,26.748708325544012,3.303557988282084,8,24,,True,True,,1630,93.83070301291248
28,2026-09-18T01:21:35.789+00:00,2026-09-18T01:24:43.322+00:00,2026-09-18T01:26:17.411+00:00,True,855,855.0,,855.0,187533.204366,281622.57268599997,281622.572692,329.38312595555556,0.01701,187533.204366,6454.84153426772,93.7943607,110.1749043559719,762.2273791331056,3.0359782308831376,8,24,,True,True,,2565,93.83070301291248
29,2026-09-18T01:21:39.597+00:00,2026-09-18T01:25:17.902+00:00,2026-09-18T01:26:21.027+00:00,True,747,747.0,,747.0,218304.24273899998,281429.57803499995,281429.578091,376.74642314725565,68.99045699999999,218304.24273899998,7984.277738987919,96.39238770000001,84.61841192493297,25.040086354127084,2.654305226961963,8,24,,True,True,,1499,93.83070301291248
30,2026-09-18T01:21:43.029+00:00,2026-09-18T01:25:18.268+00:00,2026-09-18T01:26:25.198+00:00,True,774,774.0,,774.0,215238.66724900002,282169.191921,282169.19191500003,364.55967947674424,67.90767699999999,215238.66724900002,7733.756879820259,97.91755649999999,86.58541354721864,65.26080741578188,2.7430351085837175,8,24,,True,True,,3870,93.83070301291248
31,2026-09-18T01:21:45.576+00:00,2026-09-18T01:25:22.299+00:00,2026-09-18T01:26:43.008+00:00,True,998,998.0,,998.0,216722.884741,297431.647109,297431.64710199996,298.027702507014,0.01663,216722.884741,6857.733199056783,89.37348415000001,80.95161721965897,26.881242517708145,3.3553927757871107,8,24,,True,True,,11973,93.83070301291248
32,2026-09-18T01:21:48.464+00:00,2026-09-18T01:25:29.334+00:00,2026-09-18T01:26:25.040+00:00,True,658,658.0,,658.0,220869.336198,276575.446406,276575.446311,420.3274260045593,68.91404700000001,220869.336198,8607.107832122041,100.577966,84.78860001217656,22.76163860603801,2.3790976695526553,8,24,,True,True,,658,93.83070301291248
33,2026-09-18T01:21:52.235+00:00,2026-09-18T01:25:40.923+00:00,2026-09-18T01:26:52.259+00:00,False,815,814.0,,814.0,228687.718071,300023.577783,300023.57759500004,368.12708907361963,0.01593,228687.718071,8016.241142238834,86.47399969999998,87.6361912923833,374.2350207229239,2.7131201021432623,8,24,,True,False,Request timeout: 300.0s exceeded,4348,93.83070301291248
34,2026-09-18T01:21:55.381+00:00,2026-09-18T01:25:49.286+00:00,2026-09-18T01:26:55.394+00:00,True,628,628.0,,628.0,233905.111192,300013.25992800004,300013.259859,477.728120794586,0.015880000000000002,233905.111192,9375.577256344186,84.20578265,105.43564391706539,927.8802205410267,2.0932408125917945,8,24,,True,True,,2512,93.83070301291248
35,2026-09-18T01:21:59.630+00:00,2026-09-18T01:26:23.740+00:00,2026-09-18T01:26:59.673+00:00,False,590,589.0,,589.0,264110.227333,300043.496837,300043.496837,508.5482997237288,0.016,264110.227333,10870.77482823876,82.13766645,61.00724873344652,29.68826324420957,1.963048711967175,8,24,,True,False,Request timeout: 300.0s exceeded,1178,93.83070301291248
0,2026-09-18T01:20:00.760+00:00,2026-09-18T01:20:00.907+00:00,2026-09-18T01:20:38.362+00:00,True,656,656.0,,656.0,146.755269,37601.634757,37601.634807,57.31956525457317,0.01864,209.87195499999999,18.890872383341172,83.00586599999998,57.18302211908397,18.578521298497385,17.44604999860751,9,24,,False,True,,2813,93.83070301291248
1,2026-09-18T01:20:04.729+00:00,2026-09-18T01:20:04.850+00:00,2026-09-18T01:20:48.616+00:00,True,665,665.0,,665.0,120.168889,43886.732985,43886.73285,65.9950869924812,0.016370000000000003,205.258083,20.255713635442277,85.0169384,65.91350014457832,20.161343239764655,15.152643060199756,9,24,,False,True,,3324,93.83070301291248
2,2026-09-18T01:20:08.958+00:00,2026-09-18T01:20:09.094+00:00,2026-09-18T01:21:18.242+00:00,True,896,896.0,,896.0,136.780165,69284.947845,69284.947964,77.32695085267858,0.026940000000000002,253.77829300000002,24.15144888291846,136.78846,77.26052254748603,24.082908000365894,12.932101818196871,9,24,,False,True,,3584,93.83070301291248
3,2026-09-18T01:20:13.277+00:00,2026-09-18T01:20:13.430+00:00,2026-09-18T01:21:28.969+00:00,True,947,947.0,,947.0,152.53285200000002,75691.456884,75691.456893,79.92762079514256,0.01713,294.638749,22.010450648601093,106.8443604,79.85087106976745,21.894944575879208,12.511319493444459,9,24,,False,True,,6629,93.83070301291248
4,2026-09-18T01:20:18.347+00:00,2026-09-18T01:20:18.501+00:00,2026-09-18T01:22:02.925+00:00,True,984,984.0,,984.0,153.900185,104578.270105,104578.269996,106.2787296707317,0.03086,24726.490581000002,785.9527167954576,95.13823885,106.23028476093592,786.351317931497,9.409220472016145,9,24,,False,True,,1968,93.83070301291248
5,2026-09-18T01:20:23.049+00:00,2026-09-18T01:21:06.173+00:00,2026-09-18T01:22:22.963+00:00,True,918,918.0,,918.0,43123.482761,119913.797513,119913.797478,130.62505171895424,0.016800000000000002,43123.482761,1420.7023083164502,99.7477153,83.74080125627046,22.573460914933303,7.65549935903313,9,24,,False,True,,4524,93.83070301291248
6,2026-09-18T01:20:27.024+00:00,2026-09-18T01:21:06.434+00:00,2026-09-18T01:21:55.533+00:00,True,612,612.0,,612.0,39410.040648999995,88509.368649,88509.368406,144.62315099019608,0.01847,39410.040648999995,1589.8835720607442,90.36881855,80.35896563011457,15.498271220958866,6.914522262914306,9,24,,False,True,,1836,93.83070301291248
7,2026-09-18T01:20:33.487+00:00,2026-09-18T01:21:14.486+00:00,2026-09-18T01:22:15.674+00:00,True,729,729.0,,729.0,40998.417562,102187.30025,102187.30011,140.1746229218107,0.01791,40998.417562,1515.5472647213867,103.27052540000001,84.05066303296704,24.658712773243074,7.133958899163694,9,24,,False,True,,2200,93.83070301291248
8,2026-09-18T01:20:39.928+00:00,2026-09-18T01:21:36.501+00:00,2026-09-18T01:23:11.852+00:00,True,875,875.0,,875.0,56573.56431,151924.565654,151924.565711,173.6280750982857,0.01856,56573.56431,2005.7572601700242,145.9874271,109.0972555423341,616.2778592438459,5.759437232769619,9,24,,False,True,,3496,93.83070301291248
9,2026-09-18T01:20:46.006+00:00,2026-09-18T01:22:07.840+00:00,2026-09-18T01:23:18.008+00:00,True,808,808.0,,808.0,81833.637237,152001.134453,152001.134262,188.12021567079208,0.01684,81833.637237,2876.197444924103,107.179857,86.94857151920694,45.46854435190095,5.315749799550609,9,24,,True,True,,4838,93.83070301291248
10,2026-09-18T01:20:52.438+00:00,2026-09-18T01:22:19.015+00:00,2026-09-18T01:23:39.443+00:00,True,960,960.0,,960.0,86576.613516,167004.664972,167004.665132,173.96319284583333,0.017929999999999998,86576.613516,2791.6470449600693,96.08828905,83.86658128884254,24.29878805137585,5.748342420021342,9,24,,True,True,,2883,93.83070301291248
11,2026-09-18T01:20:59.001+00:00,2026-09-18T01:22:36.327+00:00,2026-09-18T01:24:03.574+00:00,True,805,805.0,,805.0,97326.154975,184573.167071,184573.167149,229.2834374521739,67.260987,97326.154975,3477.2605410814313,93.92523420000002,108.51618419900498,592.511877629857,4.361414027697426,9,24,,True,True,,6705,93.83070301291248
12,2026-09-18T01:21:02.768+00:00,2026-09-18T01:23:04.975+00:00,2026-09-18T01:24:15.166+00:00,True,782,782.0,,782.0,122206.408584,192397.83412,192397.833982,246.0330357826087,64.830316,122206.408584,4368.246715009476,106.243977,89.87378429705505,109.39834055123212,4.064494819168601,9,24,,True,True,,1564,93.83070301291248
13,2026-09-18T01:21:06.969+00:00,2026-09-18T01:23:10.614+00:00,2026-09-18T01:24:28.857+00:00,True,896,896.0,,896.0,123644.718232,201887.976344,201887.976418,225.32140225223213,66.819517,123644.718232,4128.048101241251,139.46110525,87.42263476201117,48.836705996407424,4.438104815480898,9,24,,True,True,,8932,93.83070301291248
14,2026-09-18T01:21:13.523+00:00,2026-09-18T01:23:25.572+00:00,2026-09-18T01:24:22.269+00:00,True,652,652.0,,652.0,132049.097344,188745.568384,188745.568414,289.48706811963194,67.76913499999999,132049.097344,5168.132661490729,149.935787,87.09135336405531,32.43926674656979,3.4543857404562517,9,24,,True,True,,2606,93.83070301291248
15,2026-09-18T01:21:18.860+00:00,2026-09-18T01:24:16.986+00:00,2026-09-18T01:25:20.231+00:00,True,744,744.0,,744.0,178126.33067899998,241370.902327,241370.90220799998,324.4232556559139,0.01636,178126.33067899998,6527.369590276079,146.0548847,85.12055403499328,28.49999859579715,3.0823930839520064,9,24,,True,True,,757,93.83070301291248
16,2026-09-18T01:21:24.735+00:00,2026-09-18T01:24:17.455+00:00,2026-09-18T01:25:12.050+00:00,True,624,624.0,,624.0,172720.014232,227314.720152,227314.720373,364.28641085416666,0.016550000000000002,172720.014232,6911.417046503994,92.464399,87.631951717496,90.44575497299422,2.745092792858931,9,24,,True,True,,3120,93.83070301291248
17,2026-09-18T01:21:28.785+00:00,2026-09-18T01:24:24.521+00:00,2026-09-18T01:25:46.403+00:00,True,988,988.0,,988.0,175735.667991,257617.627671,257617.62787199998,260.74658691497973,0.01687,175735.667991,5588.311911415763,97.08505195,82.96044547112461,24.77029616557469,3.8351412864563814,9,24,,True,True,,988,93.83070301291248
18,2026-09-18T01:21:34.159+00:00,2026-09-18T01:24:35.886+00:00,2026-09-18T01:25:41.251+00:00,True,601,601.0,,601.0,181727.231967,247092.627167,247092.627205,411.1358189767055,0.016739999999999998,181727.231967,7427.825899274538,95.670988,108.94232533333333,537.7863643139522,2.4322862518832187,9,24,,True,True,,1563,93.83070301291248
19,2026-09-18T01:21:40.463+00:00,2026-09-18T01:25:18.041+00:00,2026-09-18T01:26:17.843+00:00,True,708,708.0,,708.0,217577.022218,277379.785482,277379.785515,391.7793580720339,68.767747,217577.022218,8173.95356217427,94.6599755,84.58665242432815,37.80381744442756,2.5524570897252508,9,24,,True,True,,2125,93.83070301291248
20,2026-09-18T01:21:46.862+00:00,2026-09-18T01:25:25.003+00:00,2026-09-18T01:26:35.382+00:00,True,847,847.0,,847.0,218140.79193500002,288520.094079,288520.094119,340.63765539433297,67.695198,218140.79193500002,7492.575803337035,92.24925800000001,83.19066447281324,20.478771269157804,2.9356707466207954,9,24,,True,True,,3387,93.83070301291248
21,2026-09-18T01:21:51.307+00:00,2026-09-18T01:25:38.591+00:00,2026-09-18T01:26:37.490+00:00,True,646,646.0,,646.0,227284.14328400002,286182.753716,286182.753657,443.0073586021672,67.518433,227284.14328400002,8940.741782576733,92.12084175,91.3156750883721,187.32319600584393,2.257298847019527,9,24,,True,True,,1292,93.83070301291248
22,2026-09-18T01:21:56.843+00:00,2026-09-18T01:26:23.603+00:00,2026-09-18T01:26:56.849+00:00,False,525,524.0,,524.0,266759.681153,300006.183297,300006.183378,571.4403492914286,0.015880000000000002,266759.681153,11639.605118651347,80.820972,63.44752317557252,25.201889614870602,1.7466306668794578,9,24,,True,False,Request timeout: 300.0s exceeded,4710,93.83070301291248
0,2026-09-18T01:20:00.761+00:00,2026-09-18T01:20:00.909+00:00,2026-09-18T01:21:02.066+00:00,True,920,920.0,,920.0,147.49036900000002,61304.630080999996,61304.630023,66.63546741630435,0.01678,245.07416899999998,25.72264608405582,86.0433355,66.54748608487486,25.59777224428648,15.007023103873738,10,24,,False,True,,2762,93.83070301291248
1,2026-09-18T01:20:04.325+00:00,2026-09-18T01:20:04.430+00:00,2026-09-18T01:21:01.987+00:00,True,821,821.0,,821.0,104.972941,57661.460877,57661.461009,70.23320463946406,0.01602,255.543563,24.675170360663312,87.281635,70.19083894634147,24.660336030960238,14.238279563386513,10,24,,False,True,,8210,93.83070301291248
2,2026-09-18T01:20:07.406+00:00,2026-09-18T01:20:07.499+00:00,2026-09-18T01:20:49.348+00:00,True,608,608.0,,608.0,92.572507,41941.598043,41941.598123,68.98289164967105,0.0161,251.725312,20.395405299802956,85.04813685,68.9440288896211,20.389683905307038,14.496347978364035,10,24,,False,True,,1216,93.83070301291248
3,2026-09-18T01:20:10.715+00:00,2026-09-18T01:20:10.838+00:00,2026-09-18T01:20:59.299+00:00,True,640,640.0,,640.0,122.447922,48583.495474,48583.495517,75.9117117453125,44.990598,201.227662,21.084336304364324,86.6873005,75.83888505790297,21.02014518113282,13.17319788862255,10,24,,False,True,,3840,93.83070301291248
4,2026-09-18T01:20:13.494+00:00,2026-09-18T01:20:13.654+00:00,2026-09-18T01:21:02.233+00:00,True,616,616.0,,616.0,159.971135,48739.176767,48739.176742,79.12204016558442,48.561028,200.059482,21.18667195707864,139.834026,78.99057826341463,20.95096637538426,12.6387034180905,10,24,,False,True,,2464,93.83070301291248
5,2026-09-18T01:20:17.885+00:00,2026-09-18T01:20:18.063+00:00,2026-09-18T01:21:30.312+00:00,True,654,654.0,,654.0,177.330694,72427.083526,72427.083552,110.74477607339449,0.01681,19680.080607,767.0920446784771,95.61544115000001,110.64280678713631,767.6756356436284,9.02977129771111,10,24,,False,True,,2193,93.83070301291248
6,2026-09-18T01:20:22.441+00:00,2026-09-18T01:21:06.175+00:00,2026-09-18T01:22:00.393+00:00,True,662,662.0,,662.0,43734.274438,97951.549574,97951.549478,147.96306567673716,0.01635,43734.274438,1696.729563347479,94.7498185,82.02310913161875,21.54881345502146,6.758443361836509,10,24,,False,True,,3310,93.83070301291248
7,2026-09-18T01:20:25.092+00:00,2026-09-18T01:21:06.436+00:00,2026-09-18T01:22:11.620+00:00,True,777,777.0,,777.0,41343.875081,106527.737353,106527.737457,137.10133520849422,0.01819,41343.875081,1480.3878334767032,100.800427,83.99982251546392,24.230348528883642,7.293874997318887,10,24,,False,True,,1554,93.83070301291248
8,2026-09-18T01:20:29.708+00:00,2026-09-18T01:21:08.143+00:00,2026-09-18T01:21:57.439+00:00,True,613,613.0,,613.0,38435.236374,87731.508502,87731.508521,143.11828469983686,0.0193,38435.236374,1549.261904923876,89.4096724,80.5494642614379,20.1394095082223,6.987227399447093,10,24,,False,True,,1226,93.83070301291248
9,2026-09-18T01:20:33.209+00:00,2026-09-18T01:21:13.451+00:00,2026-09-18T01:22:15.596+00:00,True,741,741.0,,741.0,40242.031836,102387.524316,102387.524271,138.17479658704454,0.01773,40242.031836,1475.4482131014202,98.18092,83.98039524324325,24.63106942793468,7.2372098549139805,10,24,,False,True,,1482,93.83070301291248
10,2026-09-18T01:20:37.083+00:00,2026-09-18T01:21:23.888+00:00,2026-09-18T01:22:32.027+00:00,True,689,689.0,,689.0,46805.07705,114943.80857,114943.808551,166.82700805660377,0.019510000000000003,46805.07705,1831.9192142704298,92.65429100000001,99.03885395348837,435.991027970528,5.994233256856142,10,24,,False,True,,8957,93.83070301291248
11,2026-09-18T01:20:40.627+00:00,2026-09-18T01:21:40.787+00:00,2026-09-18T01:23:22.088+00:00,True,913,913.0,,913.0,60159.263700999996,161460.081877,161460.081799,176.84565366812706,0.01823,60159.263700999996,2097.4632352245685,126.6880976,111.0754585263158,671.1668160314671,5.654648439330793,10,24,,False,True,,5480,93.83070301291248
12,2026-09-18T01:20:44.347+00:00,2026-09-18T01:22:07.693+00:00,2026-09-18T01:23:06.782+00:00,True,693,693.0,,693.0,83345.65489800001,142434.854514,142434.854473,205.53370053823954,0.01825,83345.65489800001,3162.9192458674156,100.9347512,85.38901678612717,27.94576494063895,4.865382159195344,10,24,,True,True,,2541,93.83070301291248
13,2026-09-18T01:20:48.261+00:00,2026-09-18T01:22:10.543+00:00,2026-09-18T01:23:09.683+00:00,True,694,694.0,,694.0,82281.56446699999,141421.571635,141421.57159399998,203.7774806829971,0.01629,82281.56446699999,3120.2462900085707,115.47888405000002,85.33911568253968,27.412588362524083,4.907313587146164,10,24,,True,True,,7634,93.83070301291248
14,2026-09-18T01:20:51.999+00:00,2026-09-18T01:22:17.837+00:00,2026-09-18T01:23:15.647+00:00,True,674,674.0,,674.0,85837.128697,143647.130873,143647.13101399998,213.12630714243323,0.01725,85837.128697,3303.1341432197255,147.67280725,85.89896311441308,28.198614085560116,4.692053338648934,10,24,,True,True,,674,93.83070301291248
15,2026-09-18T01:20:55.290+00:00,2026-09-18T01:22:25.950+00:00,2026-09-18T01:23:21.666+00:00,True,618,618.0,,618.0,90659.958417,146376.014481,146376.014569,236.8543925064725,0.0183,90659.958417,3643.7608029272715,150.40095765,90.30154953646678,61.30409146907832,4.222003189465293,10,24,,True,True,,618,93.83070301291248
16,2026-09-18T01:20:58.539+00:00,2026-09-18T01:22:33.530+00:00,2026-09-18T01:24:09.204+00:00,True,944,944.0,,944.0,94991.291692,190665.836076,190665.836191,201.97652138877118,68.923147,94991.291692,3127.815480520782,101.21718135,101.45762925132556,495.2461902171298,4.951070519123933,10,24,,True,True,,9440,93.83070301291248
17,2026-09-18T01:21:02.957+00:00,2026-09-18T01:23:04.977+00:00,2026-09-18T01:24:10.923+00:00,True,735,735.0,,735.0,122020.90956999999,187966.92940999998,187966.92951999998,255.7373190748299,68.497548,122020.90956999999,4499.901879495595,96.2403183,89.84471367847411,147.25643595161173,3.9102623121367936,10,24,,True,True,,2940,93.83070301291248
18,2026-09-18T01:21:06.927+00:00,2026-09-18T01:23:10.360+00:00,2026-09-18T01:24:24.849+00:00,True,850,850.0,,850.0,123433.28054899999,197922.720549,197922.72057499998,232.8502595,65.920817,123433.28054899999,4230.994234265305,138.05242105,87.73785630153121,48.444351550705974,4.294605478553759,10,24,,True,True,,3394,93.83070301291248
19,2026-09-18T01:21:09.817+00:00,2026-09-18T01:23:18.962+00:00,2026-09-18T01:24:21.756+00:00,True,733,733.0,,733.0,129144.56263,191938.316998,191938.316867,261.8530925879945,67.774019,129144.56263,4766.96453376799,147.636256,85.78381744262295,25.80923143239808,3.8189352259853244,10,24,,True,True,,3668,93.83070301291248
20,2026-09-18T01:21:14.244+00:00,2026-09-18T01:23:27.510+00:00,2026-09-18T01:24:59.899+00:00,True,944,944.0,,944.0,133266.510426,225654.96431399998,225654.964434,239.04127588347458,0.01661,133266.510426,4350.923322241189,91.28757665,97.97290974337221,380.55135905659773,4.183377941051718,10,24,,True,True,,3776,93.83070301291248
21,2026-09-18T01:21:18.149+00:00,2026-09-18T01:23:39.606+00:00,2026-09-18T01:25:24.830+00:00,True,890,890.0,,890.0,141456.95755000002,246680.838254,246680.83822600002,277.169481152809,0.01759,141456.95755000002,4841.509877045793,142.68266645,118.36207053318336,997.8584901012725,3.607900825614972,10,24,,True,True,,8900,93.83070301291248
22,2026-09-18T01:21:22.909+00:00,2026-09-18T01:24:17.455+00:00,2026-09-18T01:25:38.668+00:00,True,944,944.0,,944.0,174546.26113199999,255758.39271599997,255758.39270899998,270.9305007510593,0.01761,174546.26113199999,5678.435776334063,103.7252785,86.12103031177095,52.43734902274207,3.6909834706704596,10,24,,True,True,,2832,93.83070301291248
23,2026-09-18T01:21:27.431+00:00,2026-09-18T01:24:22.432+00:00,2026-09-18T01:25:33.184+00:00,True,846,846.0,,846.0,175000.81969499998,245752.933359,245752.93343099998,290.4881009822695,0.016550000000000002,175000.81969499998,6013.831625955472,100.14301325000001,83.73031202840237,26.476757729268524,3.4424817984335068,10,24,,True,True,,7614,93.83070301291248
24,2026-09-18T01:21:30.306+00:00,2026-09-18T01:24:26.599+00:00,2026-09-18T01:25:17.755+00:00,True,611,611.0,,611.0,176293.24320899998,227449.307721,227449.30773899998,372.25745947463173,0.016989999999999998,176293.24320899998,7128.725669934593,138.988871,83.86240083934426,28.571137039679932,2.6863128585534377,10,24,,True,True,,6122,93.83070301291248
25,2026-09-18T01:21:34.348+00:00,2026-09-18T01:24:38.729+00:00,2026-09-18T01:25:51.797+00:00,True,662,662.0,,662.0,184380.60904100002,257449.12283300003,257449.12286300003,388.8959559864049,0.0185,184380.60904100002,7190.926917753032,94.03004749999998,110.54238092586989,646.3978874356764,2.571381843197891,10,24,,True,True,,6,93.83070301291248
26,2026-09-18T01:21:39.118+00:00,2026-09-18T01:25:17.899+00:00,2026-09-18T01:26:38.169+00:00,True,964,964.0,,964.0,218780.837142,299051.08431,299051.084217,310.218967030083,64.22202,218780.837142,7043.811620895749,95.81579065,83.35435842990654,23.746190971353368,3.2235295258140773,10,24,,True,True,,2081,93.83070301291248
27,2026-09-18T01:21:42.033+00:00,2026-09-18T01:25:18.045+00:00,2026-09-18T01:26:35.596+00:00,True,913,913.0,,913.0,216012.448934,293563.55856599996,293563.558775,321.5373042442497,67.219387,216012.448934,7146.317429118329,93.5773956,85.03411143859648,48.294766419938256,3.1100590429541892,10,24,,True,True,,3652,93.83070301291248
28,2026-09-18T01:21:45.495+00:00,2026-09-18T01:25:22.123+00:00,2026-09-18T01:26:15.085+00:00,True,645,645.0,,645.0,216627.603792,269589.549392,269589.549483,417.96829377209303,67.80127499999999,216627.603792,8526.47705176937,91.409569,82.23904596273293,14.100734770791187,2.3925259768216374,10,24,,True,True,,1290,93.83070301291248
29,2026-09-18T01:21:48.903+00:00,2026-09-18T01:25:31.102+00:00,2026-09-18T01:26:34.951+00:00,True,765,765.0,,765.0,222198.692985,286047.38367300003,286047.383641,373.9181485503268,69.746817,222198.692985,8030.617580796529,93.25230520000001,83.57158467015708,21.378337429647992,2.674382090746626,10,24,,True,True,,6885,93.83070301291248
30,2026-09-18T01:21:52.702+00:00,2026-09-18T01:25:41.430+00:00,2026-09-18T01:26:43.592+00:00,True,603,603.0,,603.0,228727.931488,290890.1912,290890.191093,482.40496035323383,0.0162,228727.931488,9329.211250547463,86.83796720000001,103.25956762790697,593.9507576288485,2.07294717471381,10,24,,True,True,,3015,93.83070301291248
31,2026-09-18T01:21:55.462+00:00,2026-09-18T01:25:51.209+00:00,2026-09-18T01:26:55.495+00:00,False,605,604.0,,604.0,235747.448528,300033.420496,300033.420447,495.9230090033058,0.015550000000000001,235747.448528,9626.943122892184,84.56790000000001,106.43372842384106,948.6171031201402,2.0131090696546337,10,24,,True,False,Request timeout: 300.0s exceeded,613,93.83070301291248
32,2026-09-18T01:21:59.506+00:00,2026-09-18T01:26:23.739+00:00,2026-09-18T01:26:59.608+00:00,False,587,586.0,,586.0,264233.16959299997,300101.221049,300101.22110499995,511.24569183134577,0.0159,264233.16959299997,10903.584015478435,81.858787,61.20827893515358,29.662758696581932,1.9526744941311616,10,24,,True,False,Request timeout: 300.0s exceeded,1172,93.83070301291248
0,2026-09-18T01:20:00.763+00:00,2026-09-18T01:20:00.909+00:00,2026-09-18T01:20:41.503+00:00,True,691,691.0,,691.0,145.260728,40739.663288,40739.663197,58.957544424023155,0.01747,209.193374,20.299271811783317,84.1196875,58.83246747826087,20.045766150748726,16.961357660595496,11,24,,False,True,,2688,93.83070301291248
1,2026-09-18T01:20:05.350+00:00,2026-09-18T01:20:05.447+00:00,2026-09-18T01:21:14.319+00:00,True,932,932.0,,932.0,97.198549,68968.654805,68968.654753,74.00070252467812,0.01607,248.949881,25.805636093442832,105.32289999999999,73.97578545220193,25.80829087981129,13.51338521296537,11,24,,False,True,,932,93.83070301291248
2,2026-09-18T01:20:09.817+00:00,2026-09-18T01:20:09.945+00:00,2026-09-18T01:21:18.463+00:00,True,880,880.0,,880.0,128.970202,68646.01621799999,68646.016234,78.00683662954546,0.0319,251.687232,23.883954731223007,134.55776805,77.94885781114903,23.8355101869584,12.819389215615562,11,24,,False,True,,1320,93.83070301291248
3,2026-09-18T01:20:13.136+00:00,2026-09-18T01:20:13.276+00:00,2026-09-18T01:21:21.590+00:00,True,853,853.0,,853.0,140.424056,68454.028664,68454.028884,80.25091311137163,44.257287,205.437063,21.323649770291883,135.943853,80.18028709859155,21.236115141720955,12.460917445587729,11,24,,False,True,,4268,93.83070301291248
4,2026-09-18T01:20:19.070+00:00,2026-09-18T01:20:19.208+00:00,2026-09-18T01:21:42.678+00:00,True,725,725.0,,725.0,137.863706,83607.74377,83607.743635,115.32102570344829,0.02028,26661.210817000003,987.4543771972214,89.44247,115.28988959116022,988.1366742147789,8.671445577988955,11,24,,False,True,,3625,93.83070301291248
5,2026-09-18T01:20:24.409+00:00,2026-09-18T01:21:06.171+00:00,2026-09-18T01:22:28.264+00:00,True,985,985.0,,985.0,41762.56214,123855.13686,123855.136893,125.74125572893401,0.02243,41762.56214,1328.1942762869267,97.5028976,83.42741333333333,22.27562152761467,7.952839300588699,11,24,,False,True,,3940,93.83070301291248
6,2026-09-18T01:20:30.208+00:00,2026-09-18T01:21:08.137+00:00,2026-09-18T01:22:17.672+00:00,True,831,831.0,,831.0,37929.452911,107464.400751,107464.40070500001,129.31937509626957,0.033170000000000005,37929.452911,1313.0554491103665,97.97815,83.77704559036144,23.130378724914397,7.732793317532804,11,24,,False,True,,4155,93.83070301291248
7,2026-09-18T01:20:33.956+00:00,2026-09-18T01:21:15.114+00:00,2026-09-18T01:22:17.671+00:00,True,745,745.0,,745.0,41158.105082999995,103715.35487499999,103715.35487499999,139.21524144295302,0.018269999999999998,41158.105082999995,1505.0344534916403,101.91271060000001,84.08232498924731,24.47132775483944,7.183121543554378,11,24,,False,True,,3733,93.83070301291248
8,2026-09-18T01:20:37.568+00:00,2026-09-18T01:21:25.812+00:00,2026-09-18T01:22:59.650+00:00,True,970,970.0,,970.0,48243.636992,142081.447936,142081.447823,146.47571940515465,0.019399999999999997,48243.636992,1600.4038749142655,94.8010175,96.8398461754386,414.3204010036595,6.827070065030111,11,24,,False,True,,2234,93.83070301291248
9,2026-09-18T01:20:41.296+00:00,2026-09-18T01:21:43.416+00:00,2026-09-18T01:23:04.287+00:00,True,679,679.0,,679.0,62120.077939999996,142991.21547599998,142991.215497,210.59089174815907,0.019440000000000002,62120.077939999996,2542.745920421235,97.6265032,119.27896391740413,897.4029968205394,4.7485434524050545,11,24,,False,True,,2690,93.83070301291248
10,2026-09-18T01:20:46.883+00:00,2026-09-18T01:22:07.838+00:00,2026-09-18T01:23:07.276+00:00,True,689,689.0,,689.0,80955.092203,140393.550059,140393.55004899998,203.76422358345428,0.01636,80955.092203,3081.2701871498916,97.26568860000002,86.3931073488372,50.79600437906325,4.907632862837713,11,24,,True,True,,2067,93.83070301291248
11,2026-09-18T01:20:50.741+00:00,2026-09-18T01:22:15.857+00:00,2026-09-18T01:23:09.415+00:00,True,627,627.0,,627.0,85116.09654500001,138674.539297,138674.53930200002,221.17151403827754,0.01696,85116.09654500001,3395.89937397202,148.2084186,85.5566178146965,26.94197706075727,4.521377919685391,11,24,,True,True,,3733,93.83070301291248
12,2026-09-18T01:20:54.461+00:00,2026-09-18T01:22:23.454+00:00,2026-09-18T01:23:36.228+00:00,True,863,863.0,,863.0,88993.367993,161766.629049,161766.62890500002,187.4468469351101,0.01762,88993.367993,3026.6023915694477,100.234001,84.42373672389792,25.432440094949452,5.334845666707888,11,24,,True,True,,1726,93.83070301291248
13,2026-09-18T01:20:59.104+00:00,2026-09-18T01:22:37.669+00:00,2026-09-18T01:24:02.640+00:00,True,768,768.0,,768.0,98565.277126,183535.34637400002,183535.346198,238.97831536197916,67.536167,98565.277126,3604.9463316829288,93.99123014999999,110.782358863103,612.0934378205997,4.184480075216707,11,24,,True,True,,2688,93.83070301291248
14,2026-09-18T01:21:02.514+00:00,2026-09-18T01:23:04.976+00:00,2026-09-18T01:24:19.142+00:00,True,823,823.0,,823.0,122461.85851800001,196628.29487,196628.295013,238.9165188493317,65.308367,122461.85851800001,4266.864895448162,144.1474767,90.22680821411193,103.6659124980334,4.185562411270072,11,24,,True,True,,823,93.83070301291248
15,2026-09-18T01:21:07.043+00:00,2026-09-18T01:23:12.025+00:00,2026-09-18T01:24:25.028+00:00,True,827,827.0,,827.0,124981.845125,197985.207429,197985.207421,239.40170183917775,68.25003699999999,124981.845125,4343.535712617532,140.43022269999997,88.38179455690073,70.0655129219302,4.177079746205648,11,24,,True,True,,2479,93.83070301291248
16,2026-09-18T01:21:11.881+00:00,2026-09-18T01:23:22.333+00:00,2026-09-18T01:24:44.949+00:00,True,992,992.0,,992.0,130452.058368,213067.52435199998,213067.524292,214.7858107782258,63.960746,130452.058368,4139.272434767897,94.62187295,83.36575780423814,22.722527389700684,4.655801033108912,11,24,,True,True,,3968,93.83070301291248
17,2026-09-18T01:21:17.076+00:00,2026-09-18T01:23:35.238+00:00,2026-09-18T01:25:21.516+00:00,True,928,928.0,,928.0,138162.86439700003,244440.72270100002,244440.72268000004,263.40595116379313,0.01728,138162.86439700003,4621.3622754221315,143.24581335,114.64709633656958,906.6318256084127,3.796421438072452,11,24,,True,True,,9046,93.83070301291248
18,2026-09-18T01:21:21.561+00:00,2026-09-18T01:24:17.302+00:00,2026-09-18T01:25:31.819+00:00,True,875,875.0,,875.0,175740.169804,250257.243212,250257.243063,286.0082777862857,0.01585,175740.169804,5938.323701683893,137.2638097,85.25980939130434,35.151419498287204,3.4964022969707322,11,24,,True,True,,875,93.83070301291248
19,2026-09-18T01:21:24.966+00:00,2026-09-18T01:24:17.455+00:00,2026-09-18T01:25:33.991+00:00,True,873,873.0,,873.0,172489.038099,249024.747539,249024.747705,285.2517155841924,0.016309999999999998,172489.038099,5835.4522294755625,104.59915380000001,87.77030899082568,80.40713224964965,3.5056756753192917,11,24,,True,True,,5236,93.83070301291248
20,2026-09-18T01:21:28.354+00:00,2026-09-18T01:24:23.031+00:00,2026-09-18T01:25:16.760+00:00,True,648,648.0,,648.0,174677.549708,228406.238092,228406.23816500002,352.47876260030864,0.01881,174677.549708,6858.77487753039,95.49724030000002,83.0427950293663,27.460935814990755,2.8370503599774333,11,24,,True,True,,3241,93.83070301291248
21,2026-09-18T01:21:34.237+00:00,2026-09-18T01:24:36.547+00:00,2026-09-18T01:25:56.129+00:00,True,760,760.0,,760.0,182309.322663,261892.032935,261892.032861,344.59478008026315,0.01675,182309.322663,6628.130401543017,91.9024315,104.85205569433465,500.2460678089706,2.9019592214499608,11,24,,True,True,,4561,93.83070301291248
22,2026-09-18T01:21:40.302+00:00,2026-09-18T01:25:18.044+00:00,2026-09-18T01:26:40.173+00:00,True,985,985.0,,985.0,217741.801914,299870.265274,299870.265414,304.4368176791878,0.01682,217741.801914,6935.263682211488,93.6742136,83.4638855284553,35.812217373632855,3.284753822123635,11,24,,True,True,,3940,93.83070301291248
23,2026-09-18T01:21:43.729+00:00,2026-09-18T01:25:20.396+00:00,2026-09-18T01:26:16.132+00:00,True,675,675.0,,675.0,216667.22355599998,272403.59578,272403.59570099995,403.56088251999995,68.947769,216667.22355599998,8336.357084021432,90.6268223,82.69491427893175,15.661491014319278,2.4779408585529357,11,24,,True,True,,6414,93.83070301291248
24,2026-09-18T01:21:47.753+00:00,2026-09-18T01:25:28.848+00:00,2026-09-18T01:26:37.143+00:00,True,824,824.0,,824.0,221095.05317899998,289389.65541899996,289389.655515,351.2010382463592,66.69677300000001,221095.05317899998,7699.348311627093,91.03107715,82.98250575941677,20.777782556652408,2.847371993331798,11,24,,True,True,,8156,93.83070301291248
25,2026-09-18T01:21:52.910+00:00,2026-09-18T01:25:41.666+00:00,2026-09-18T01:26:52.918+00:00,False,761,760.0,,760.0,228756.58482,300007.94226,300007.942364,394.2285707805519,0.01627,228756.58482,8306.26792185899,85.680615,93.75178610526316,535.3420129330876,2.533266267135524,11,24,,True,False,Request timeout: 300.0s exceeded,3040,93.83070301291248
26,2026-09-18T01:21:58.417+00:00,2026-09-18T01:26:23.601+00:00,2026-09-18T01:26:58.465+00:00,False,562,561.0,,561.0,265184.803664,300048.121168,300048.12119700003,533.8934540871886,0.01585,265184.803664,11183.559873180968,81.42322444999999,62.14495098752228,28.204313334179897,1.8697000928257452,11,24,,True,False,Request timeout: 300.0s exceeded,2244,93.83070301291248
0,2026-09-18T01:20:00.764+00:00,2026-09-18T01:20:01.034+00:00,2026-09-18T01:20:56.059+00:00,True,853,853.0,,853.0,269.132351,55294.993471,55294.993553,64.82414250058616,0.01727,269.132351,24.958448027176924,85.795535,64.58434403755868,23.96973692333831,15.426351401006388,12,24,,False,True,,3089,93.83070301291248
1,2026-09-18T01:20:04.838+00:00,2026-09-18T01:20:04.932+00:00,2026-09-18T01:21:13.292+00:00,True,932,932.0,,932.0,93.999009,68454.06608100001,68454.066034,73.44856870600859,0.01634,254.604293,26.124306087657587,104.02025055,73.42649524382384,26.12965027771975,13.614969180898434,12,24,,False,True,,5596,93.83070301291248
2,2026-09-18T01:20:09.160+00:00,2026-09-18T01:20:09.275+00:00,2026-09-18T01:21:25.644+00:00,True,989,989.0,,989.0,115.106497,76484.794049,76484.793864,77.335484190091,0.01841,209.720145,22.504710071742984,102.4650506,77.29725460728746,22.483954515922797,12.93067481317132,12,24,,False,True,,6707,93.83070301291248
3,2026-09-18T01:20:12.578+00:00,2026-09-18T01:20:12.701+00:00,2026-09-18T01:21:10.190+00:00,True,718,718.0,,718.0,122.85494,57612.123675999996,57612.123731,80.2397266448468,47.918620000000004,207.116504,23.364282129813905,142.85368755,80.18029112412832,23.3262142480215,12.462654632172564,12,24,,False,True,,3590,93.83070301291248
4,2026-09-18T01:20:16.964+00:00,2026-09-18T01:20:17.101+00:00,2026-09-18T01:21:27.471+00:00,True,704,704.0,,704.0,137.773014,70507.820246,70507.820075,100.153153515625,54.362841,13633.978292,511.5423085909767,96.6417195,100.09964044381223,511.9045561585517,9.984708044352551,12,24,,False,True,,1408,93.83070301291248
5,2026-09-18T01:20:23.089+00:00,2026-09-18T01:21:06.174+00:00,2026-09-18T01:22:03.227+00:00,True,689,689.0,,689.0,43085.533344999996,100138.445473,100138.44546999999,145.33881780841799,0.02485,43085.533344999996,1638.4325327081385,96.9951296,82.92574437209302,23.17409137491166,6.880474294817896,12,24,,False,True,,8234,93.83070301291248
6,2026-09-18T01:20:29.012+00:00,2026-09-18T01:21:06.661+00:00,2026-09-18T01:22:10.453+00:00,True,758,758.0,,758.0,37648.744968,101441.138184,101441.13821,133.82735911609498,0.017079999999999998,37648.744968,1364.6436917415294,106.23366909999999,84.27000424834874,25.63705398694847,7.472313634978093,12,24,,False,True,,9073,93.83070301291248
7,2026-09-18T01:20:34.919+00:00,2026-09-18T01:21:18.543+00:00,2026-09-18T01:22:24.067+00:00,True,746,746.0,,746.0,43623.549824,109147.251072,109147.251174,146.30998816890082,0.02273,43623.549824,1597.8734146361235,99.60570175000001,87.95127684295302,111.95915878188136,6.83480337501028,12,24,,False,True,,3733,93.83070301291248
8,2026-09-18T01:20:40.971+00:00,2026-09-18T01:21:42.901+00:00,2026-09-18T01:23:08.769+00:00,True,734,734.0,,734.0,61930.218317,147797.324877,147797.324853,201.35875320572208,0.01881,61930.218317,2402.318806626825,145.689834,117.14475656207367,752.583796055503,4.966260388074344,12,24,,False,True,,3670,93.83070301291248
9,2026-09-18T01:20:44.354+00:00,2026-09-18T01:22:07.691+00:00,2026-09-18T01:23:14.041+00:00,True,773,773.0,,773.0,83337.157345,149687.00387299998,149687.003716,193.64424801552394,0.016989999999999998,83337.157345,2994.4643545243744,108.0369674,85.94539705699482,27.529387588171904,5.164108974055235,12,24,,True,True,,2062,93.83070301291248
10,2026-09-18T01:20:48.008+00:00,2026-09-18T01:22:09.946+00:00,2026-09-18T01:23:10.440+00:00,True,710,710.0,,710.0,81938.056659,142431.322579,142431.322652,200.60749669295774,0.01691,81938.056659,3071.9969026255767,101.21068045,85.32195475317349,27.0023507768741,4.984858577060507,12,24,,True,True,,3784,93.83070301291248
11,2026-09-18T01:20:53.247+00:00,2026-09-18T01:22:22.552+00:00,2026-09-18T01:23:29.578+00:00,True,787,787.0,,787.0,89304.782887,156330.889767,156330.889733,198.64153714485386,0.01713,89304.782887,3180.4411979986976,104.64760400000002,85.27494513994911,26.37308266665387,5.034193825500305,12,24,,True,True,,3935,93.83070301291248
12,2026-09-18T01:20:58.896+00:00,2026-09-18T01:22:35.550+00:00,2026-09-18T01:24:06.005+00:00,True,846,846.0,,846.0,96653.741903,187108.47623899998,187108.476112,221.16841147990544,68.242038,96653.741903,3368.6301145911193,96.10759350000001,107.04702288284022,574.4706215645737,4.521441342504311,12,24,,True,True,,6168,93.83070301291248
13,2026-09-18T01:21:04.304+00:00,2026-09-18T01:23:09.335+00:00,2026-09-18T01:24:04.700+00:00,True,665,665.0,,665.0,125030.547435,180395.718635,180395.718689,271.27175742706766,65.438217,125030.547435,4845.280540209048,95.43910800000002,83.38128192771084,19.0159759377691,3.686340258138355,12,24,,True,True,,668,93.83070301291248
14,2026-09-18T01:21:08.581+00:00,2026-09-18T01:23:16.768+00:00,2026-09-18T01:24:25.435+00:00,True,803,803.0,,803.0,128186.601881,196854.065817,196854.065983,245.14827644209214,69.37372599999999,128186.601881,4520.653297987031,138.203966,85.62027922194514,24.778936320098996,4.079163905847325,12,24,,True,True,,1612,93.83070301291248
15,2026-09-18T01:21:13.686+00:00,2026-09-18T01:23:25.735+00:00,2026-09-18T01:24:34.666+00:00,True,803,803.0,,803.0,132049.256503,200980.41861500003,200980.418703,250.28694732627648,67.976258,132049.256503,4657.086525082576,137.34418309999998,85.94907994014962,43.45982645955695,3.995414108168589,12,24,,True,True,,1618,93.83070301291248
16,2026-09-18T01:21:17.353+00:00,2026-09-18T01:23:36.400+00:00,2026-09-18T01:24:58.751+00:00,True,660,660.0,,660.0,139046.382293,221397.92789300001,221397.927979,335.45140602878786,0.01595,139046.382293,5524.069387874907,89.969871,124.9644091047041,1129.6579299784514,2.9810577103457496,12,24,,True,True,,2640,93.83070301291248
17,2026-09-18T01:21:21.878+00:00,2026-09-18T01:24:17.305+00:00,2026-09-18T01:25:36.386+00:00,True,926,926.0,,926.0,175426.725167,254508.01131099998,254508.011392,274.8466645701944,0.0205,175426.725167,5762.240136668552,104.1172875,85.49328231783784,44.25177595119848,3.638392344626276,12,24,,True,True,,3241,93.83070301291248
18,2026-09-18T01:21:27.450+00:00,2026-09-18T01:24:22.768+00:00,2026-09-18T01:25:26.284+00:00,True,756,756.0,,756.0,175317.75730599998,238833.82719399998,238833.827303,315.9177609828042,0.01769,175317.75730599998,6373.2482265994795,115.01734949999998,84.12724488476822,28.293002298335544,3.165380753983045,12,24,,True,True,,1512,93.83070301291248
19,2026-09-18T01:21:31.539+00:00,2026-09-18T01:24:29.237+00:00,2026-09-18T01:25:27.016+00:00,True,684,684.0,,684.0,177697.885996,235477.017644,235477.017505,344.2646454751462,0.016980000000000002,177697.885996,6791.27055335885,140.4707195,84.59609318887262,27.766271101723213,2.9047420714071053,12,24,,True,True,,696,93.83070301291248
20,2026-09-18T01:21:36.963+00:00,2026-09-18T01:24:48.394+00:00,2026-09-18T01:26:17.844+00:00,True,783,783.0,,783.0,191431.21153099998,280880.653579,280880.65366,358.7236956066411,68.134738,191431.21153099998,6891.636400139824,95.16081190000001,114.38547576470589,865.7933592180126,2.78766084464331,12,24,,True,True,,7047,93.83070301291248
21,2026-09-18T01:21:40.345+00:00,2026-09-18T01:25:18.047+00:00,2026-09-18T01:26:09.429+00:00,True,620,620.0,,620.0,217701.382645,269083.691253,269083.691215,434.00595357258067,69.857478,217701.382645,8739.831675486648,89.83919289999999,83.00857610339257,34.36602495338269,2.304115857460342,12,24,,True,True,,1905,93.83070301291248
22,2026-09-18T01:21:43.769+00:00,2026-09-18T01:25:20.396+00:00,2026-09-18T01:26:25.985+00:00,True,779,779.0,,779.0,216627.771931,282216.81897100003,282216.818909,362.2808971874198,68.212327,216627.771931,7758.503639583887,98.43241099999999,84.30468771208227,21.144078905508135,2.760289067250979,12,24,,True,True,,2341,93.83070301291248
23,2026-09-18T01:21:49.179+00:00,2026-09-18T01:25:31.991+00:00,2026-09-18T01:26:44.231+00:00,True,899,899.0,,899.0,222811.971965,295052.490109,295052.49022,328.20076776418244,0.016890000000000002,222811.971965,7428.566717426333,89.84925799999999,80.44601129621381,28.450543826447632,3.0469154816076496,12,24,,True,True,,6,93.83070301291248
24,2026-09-18T01:21:52.582+00:00,2026-09-18T01:25:41.425+00:00,2026-09-18T01:26:52.587+00:00,False,788,787.0,,787.0,228843.311454,300005.746782,300005.746785,380.71795277284264,0.01573,228843.311454,8161.935572486541,85.20285195000001,90.42240829479034,459.90930769809904,2.6232830818800137,12,24,,True,False,Request timeout: 300.0s exceeded,3935,93.83070301291248
25,2026-09-18T01:21:56.534+00:00,2026-09-18T01:25:54.361+00:00,2026-09-18T01:26:56.553+00:00,False,573,572.0,,572.0,237827.128918,300019.140182,300019.140078,523.5936127015707,0.01595,237827.128918,9985.030584046877,82.81744060000001,108.72729241958041,1039.8882923215883,1.906545027937247,12,24,,True,False,Request timeout: 300.0s exceeded,1144,93.83070301291248
0,2026-09-18T01:20:00.765+00:00,2026-09-18T01:20:01.034+00:00,2026-09-18T01:20:35.186+00:00,True,616,616.0,,616.0,268.769971,34420.859571,34420.859741,55.878019060064936,0.017210999999999997,268.769971,19.932018022563692,81.574528,55.53185300813008,17.99990125972339,17.89612484050188,13,24,,False,True,,624,93.83070301291248
1,2026-09-18T01:20:05.163+00:00,2026-09-18T01:20:05.292+00:00,2026-09-18T01:20:57.730+00:00,True,753,753.0,,753.0,128.439443,52566.253715000006,52566.253769,69.80910195086321,0.01662,246.8855,23.57658162701299,86.0099284,69.731136,23.4949359659307,14.324779621590727,13,24,,False,True,,5127,93.83070301291248
2,2026-09-18T01:20:09.889+00:00,2026-09-18T01:20:09.992+00:00,2026-09-18T01:21:15.804+00:00,True,844,844.0,,844.0,102.32056,65914.26526399999,65914.265269,78.0974706978673,0.0165,247.77645,24.243014050422783,134.43712200000002,78.06873630367734,24.243022337156866,12.804511991745777,13,24,,False,True,,2532,93.83070301291248
3,2026-09-18T01:20:13.811+00:00,2026-09-18T01:20:13.968+00:00,2026-09-18T01:21:20.727+00:00,True,829,829.0,,829.0,157.484363,66915.98189899999,66915.981863,80.71891660193003,49.059858999999996,202.16782199999997,21.33077912659048,137.94591560000003,80.62620475362318,21.175879895062618,12.388669738886232,13,24,,False,True,,829,93.83070301291248
4,2026-09-18T01:20:17.981+00:00,2026-09-18T01:20:18.131+00:00,2026-09-18T01:21:55.535+00:00,True,931,931.0,,931.0,150.521501,97554.088349,97554.088414,104.78419808163265,0.01755,21831.141089,714.5157950143524,90.16233199999999,104.73501811612903,714.8986777548082,9.543423712488043,13,24,,False,True,,4655,93.83070301291248
5,2026-09-18T01:20:21.217+00:00,2026-09-18T01:21:06.170+00:00,2026-09-18T01:22:08.985+00:00,True,749,749.0,,749.0,44952.62723,107767.94243,107767.942617,143.88243340053404,0.01776,44952.62723,1639.6518417212012,102.22102699999999,83.97769411764705,24.783906244408335,6.950118774760021,13,24,,False,True,,3745,93.83070301291248
6,2026-09-18T01:20:24.837+00:00,2026-09-18T01:21:06.434+00:00,2026-09-18T01:22:01.897+00:00,True,675,675.0,,675.0,41597.179613,97060.414429,97060.414555,143.79320674814815,0.01757,41597.179613,1598.0548845840722,94.30001,82.28966589910979,21.61910775750771,6.954431463856614,13,24,,False,True,,2773,93.83070301291248
7,2026-09-18T01:20:27.980+00:00,2026-09-18T01:21:06.663+00:00,2026-09-18T01:21:55.533+00:00,True,611,611.0,,611.0,38682.856845,87553.19361300001,87553.193639,143.29491593944354,0.023690000000000003,38682.856845,1561.7647048103818,89.22698650000001,80.11530617704918,14.254186072881913,6.9786146545461705,13,24,,False,True,,2444,93.83070301291248
8,2026-09-18T01:20:31.918+00:00,2026-09-18T01:21:12.017+00:00,2026-09-18T01:22:03.225+00:00,True,622,622.0,,622.0,40099.077266,91307.03118600001,91307.031307,146.79587026848876,0.01875,40099.077266,1604.6858956448118,91.30954689999999,82.46047330112721,23.08165927793188,6.812180747974757,13,24,,False,True,,625,93.83070301291248
9,2026-09-18T01:20:36.089+00:00,2026-09-18T01:21:21.928+00:00,2026-09-18T01:22:52.990+00:00,True,989,989.0,,989.0,45839.255950000006,136900.568462,136900.568608,138.42322407280082,0.017171,45839.255950000006,1481.072034840608,92.97281439999999,92.16732035627531,278.53181661711943,7.224221280531209,13,24,,False,True,,5932,93.83070301291248
10,2026-09-18T01:20:39.705+00:00,2026-09-18T01:21:34.518+00:00,2026-09-18T01:23:02.612+00:00,True,813,813.0,,813.0,54813.043911,142906.331079,142906.331097,175.77654501476016,69.52717600000001,54813.043911,2019.9329826057922,98.9654164,108.48926991133004,632.2191719320314,5.689041163267748,13,24,,False,True,,2471,93.83070301291248
11,2026-09-18T01:20:43.674+00:00,2026-09-18T01:22:07.688+00:00,2026-09-18T01:23:08.437+00:00,True,713,713.0,,713.0,84013.90177899999,144762.76424299998,144762.764087,203.0333297152875,0.019719999999999998,84013.90177899999,3143.265174929558,107.21704340000001,85.32143604494382,26.9227480306727,4.925299704854711,13,24,,True,True,,2137,93.83070301291248
12,2026-09-18T01:20:46.271+00:00,2026-09-18T01:22:07.842+00:00,2026-09-18T01:23:10.523+00:00,True,723,723.0,,723.0,81571.818421,144251.912373,144251.912388,199.51855102074688,0.01703,81571.818421,3030.8303550455107,108.67634190000001,86.81453455955678,47.41874799721467,5.012065269058614,13,24,,True,True,,3615,93.83070301291248
13,2026-09-18T01:20:49.015+00:00,2026-09-18T01:22:11.790+00:00,2026-09-18T01:23:23.690+00:00,True,843,843.0,,843.0,82774.745007,154674.896815,154674.89669300002,183.4814907390273,0.01656,82774.745007,2848.087064162978,104.17139999999999,85.39210428503563,25.54987119184814,5.450141020674326,13,24,,True,True,,1688,93.83070301291248
14,2026-09-18T01:20:52.718+00:00,2026-09-18T01:22:20.685+00:00,2026-09-18T01:23:26.221+00:00,True,766,766.0,,766.0,87967.57871799999,153503.055198,153503.055321,200.39563357832895,0.01757,87967.57871799999,3175.402694215717,133.00497425,85.66728951633986,25.23778266513847,4.99012869165343,13,24,,True,True,,1532,93.83070301291248
15,2026-09-18T01:20:57.409+00:00,2026-09-18T01:22:33.051+00:00,2026-09-18T01:23:48.319+00:00,True,738,738.0,,738.0,95642.074303,170910.070719,170910.070722,231.58546168292682,0.016980000000000002,95642.074303,3544.7928943949696,94.08216414999998,102.12753923473541,444.32140640440576,4.318060351243871,13,24,,True,True,,739,93.83070301291248
16,2026-09-18T01:21:00.529+00:00,2026-09-18T01:23:04.579+00:00,2026-09-18T01:24:23.521+00:00,True,878,878.0,,878.0,124050.20616,202992.234448,202992.234336,231.1984445740319,62.788156,124050.20616,4184.5111959522155,147.6754525,90.01371526567846,94.11598244152397,4.325288612086858,13,24,,True,True,,4829,93.83070301291248
17,2026-09-18T01:21:03.823+00:00,2026-09-18T01:23:09.333+00:00,2026-09-18T01:24:19.723+00:00,True,822,822.0,,822.0,125509.8037,195900.04754,195900.047709,238.32122592335767,67.208428,125509.8037,4374.7353606457045,139.62763644999998,85.73720321559074,24.52802466485377,4.196017358455001,13,24,,True,True,,4113,93.83070301291248
18,2026-09-18T01:21:07.937+00:00,2026-09-18T01:23:16.061+00:00,2026-09-18T01:24:13.362+00:00,True,685,685.0,,685.0,128123.987975,185425.193991,185425.19394,270.69371378102187,68.85575800000001,128123.987975,4892.209275094078,94.21901600000001,83.77369300584795,20.801453396484664,3.6942121254204965,13,24,,True,True,,2743,93.83070301291248
19,2026-09-18T01:21:11.054+00:00,2026-09-18T01:23:20.947+00:00,2026-09-18T01:24:36.396+00:00,True,897,897.0,,897.0,129893.290382,205342.267278,205342.267418,228.921145393534,67.791249,129893.290382,4334.263782482515,105.897953,84.20644742857144,23.68137419184768,4.368316430370411,13,24,,True,True,,1794,93.83070301291248
20,2026-09-18T01:21:14.191+00:00,2026-09-18T01:23:26.684+00:00,2026-09-18T01:24:35.715+00:00,True,681,681.0,,681.0,132493.574723,201524.595267,201524.595383,295.9245159809104,68.596568,132493.574723,5078.70139265436,146.071949,101.51620668235294,234.8887783780173,3.3792401324401267,13,24,,True,True,,2048,93.83070301291248
21,2026-09-18T01:21:18.103+00:00,2026-09-18T01:23:38.678+00:00,2026-09-18T01:25:09.539+00:00,True,741,741.0,,741.0,140574.724423,231435.532871,231435.53296100002,312.3286544682861,0.018510000000000002,140574.724423,5273.511355104593,93.28077800000001,122.78487628108108,1090.7513471680122,3.20175554206288,13,24,,True,True,,1482,93.83070301291248
22,2026-09-18T01:21:20.926+00:00,2026-09-18T01:24:17.301+00:00,2026-09-18T01:25:09.259+00:00,True,625,625.0,,625.0,176374.38225,228332.353706,228332.353675,365.33176588,0.01675,176374.38225,7051.7309083114105,93.21118400000002,83.2659798974359,34.90665786621543,2.737238021050438,13,24,,True,True,,3125,93.83070301291248
23,2026-09-18T01:21:24.886+00:00,2026-09-18T01:24:17.453+00:00,2026-09-18T01:25:12.433+00:00,True,626,626.0,,626.0,172567.81225999998,227547.427492,227547.42761699998,363.49429331789133,0.01687,172567.81225999998,6894.316656127546,94.55219225,87.9673843712,93.68948454756391,2.751074828222387,13,24,,True,True,,1254,93.83070301291248
24,2026-09-18T01:21:29.046+00:00,2026-09-18T01:24:25.026+00:00,2026-09-18T01:25:40.760+00:00,True,909,909.0,,909.0,175979.441301,251714.065557,251714.065443,276.91316330363037,0.01642,175979.441301,5834.1531992016335,99.187476,83.40817649339206,24.178576699412982,3.611240388925184,13,24,,True,True,,7878,93.83070301291248
25,2026-09-18T01:21:33.664+00:00,2026-09-18T01:24:33.334+00:00,2026-09-18T01:25:51.445+00:00,True,878,878.0,,878.0,179670.162106,257781.42917800002,257781.429159,293.60071658200457,0.01742,179670.162106,6062.603034399163,98.13910184999999,89.0664390786773,157.14341000252435,3.4059862372542535,13,24,,True,True,,4383,93.83070301291248
26,2026-09-18T01:21:37.420+00:00,2026-09-18T01:24:51.050+00:00,2026-09-18T01:26:08.549+00:00,True,650,650.0,,650.0,193629.335379,271128.292691,271128.292626,417.1204501938461,68.683037,193629.335379,7649.653526020994,92.2487535,119.41287721417565,953.5358707084164,2.397389049842885,13,24,,True,True,,650,93.83070301291248
27,2026-09-18T01:21:40.606+00:00,2026-09-18T01:25:18.043+00:00,2026-09-18T01:26:23.437+00:00,True,764,764.0,,764.0,217436.864271,282830.270735,282830.270706,370.1966894057592,68.847058,217436.864271,7863.597028218073,97.53162784999999,85.70564412057666,41.256918615971394,2.701266727972819,13,24,,True,True,,5348,93.83070301291248
28,2026-09-18T01:21:44.121+00:00,2026-09-18T01:25:20.672+00:00,2026-09-18T01:26:32.507+00:00,True,860,860.0,,860.0,216551.26424000002,288386.06232,288386.062326,335.3326306116279,67.625107,216551.26424000002,7381.513015532469,93.97892439999998,83.6260745983702,20.277758566213173,2.9821136052189776,13,24,,True,True,,3280,93.83070301291248
29,2026-09-18T01:21:47.811+00:00,2026-09-18T01:25:28.848+00:00,2026-09-18T01:26:34.659+00:00,True,789,789.0,,789.0,221036.808616,286848.459176,286848.45921299997,363.55951738022816,67.78926700000001,221036.808616,7866.173472383502,92.641013,83.51732304568527,21.003063161930893,2.7505812730055412,13,24,,True,True,,3156,93.83070301291248
30,2026-09-18T01:21:52.139+00:00,2026-09-18T01:25:39.973+00:00,2026-09-18T01:26:38.907+00:00,True,603,603.0,,603.0,227833.96779499998,286768.21957099997,286768.21946999995,475.5691865174129,64.328431,227833.96779499998,9282.173667140565,88.754676,97.89742819933555,386.6706412562738,2.10274346614167,13,24,,True,True,,1755,93.83070301291248
31,2026-09-18T01:21:56.369+00:00,2026-09-18T01:25:53.084+00:00,2026-09-18T01:26:56.398+00:00,False,586,585.0,,585.0,236715.71989399998,300029.873622,300029.873685,511.9963714761092,0.015880000000000002,236715.71989399998,9827.988246594869,83.19907275,108.2293226119658,1028.032774258147,1.9498058407911296,13,24,,True,False,Request timeout: 300.0s exceeded,593,93.83070301291248
32,2026-09-18T01:21:59.365+00:00,2026-09-18T01:26:23.742+00:00,2026-09-18T01:26:59.465+00:00,False,580,579.0,,579.0,264377.211922,300100.395794,300100.395823,517.4144755568965,0.01643,264377.211922,10975.140229846882,80.9128155,61.6980723177893,28.09180371923996,1.9293543364649441,13,24,,True,False,Request timeout: 300.0s exceeded,1158,93.83070301291248
0,2026-09-18T01:20:00.767+00:00,2026-09-18T01:20:00.908+00:00,2026-09-18T01:21:02.921+00:00,True,927,927.0,,927.0,141.603357,62154.261021,62154.261027,67.04882527184466,0.01743,247.08794899999998,26.403083277197986,86.1905651,66.96831281209504,26.303248895633057,14.91450440842335,14,24,,False,True,,1861,93.83070301291248
1,2026-09-18T01:20:04.508+00:00,2026-09-18T01:20:04.619+00:00,2026-09-18T01:20:56.390+00:00,True,756,756.0,,756.0,111.425586,51882.28997,51882.289972,68.62736768783068,0.016550000000000002,250.87844099999998,23.26670101896006,86.32304249999999,68.57068130331126,23.229828002974404,14.57144625723235,14,24,,False,True,,8311,93.83070301291248
2,2026-09-18T01:20:07.847+00:00,2026-09-18T01:20:07.963+00:00,2026-09-18T01:21:21.515+00:00,True,965,965.0,,965.0,116.18560599999999,73667.47239,73667.472413,76.33934965077721,0.0182,247.54357000000002,23.862994346178976,104.8956366,76.29801533609958,23.840791957225875,13.099404237615651,14,24,,False,True,,2898,93.83070301291248
3,2026-09-18T01:20:11.472+00:00,2026-09-18T01:20:11.607+00:00,2026-09-18T01:21:00.003+00:00,True,632,632.0,,632.0,135.177707,48531.812075,48531.811848,76.79084153164557,44.790608999999996,201.452743,20.80522973196719,88.47773984999999,76.69831120126783,20.69118147199359,13.022386203575522,14,24,,False,True,,2528,93.83070301291248
4,2026-09-18T01:20:16.288+00:00,2026-09-18T01:20:16.445+00:00,2026-09-18T01:21:25.717+00:00,True,738,738.0,,738.0,157.03477299999997,69429.40085300001,69429.400999,94.07777913143632,53.422781,10106.875308,369.5906996304301,100.56754500000001,93.99235560379918,369.83440771241476,10.62950264488868,14,24,,False,True,,3690,93.83070301291248
5,2026-09-18T01:20:21.495+00:00,2026-09-18T01:21:06.173+00:00,2026-09-18T01:22:07.354+00:00,True,733,733.0,,733.0,44678.12853,105859.495826,105859.49574700001,144.41950306548432,0.01706,44678.12853,1647.3150325642293,98.56497879999999,83.58110286338797,24.22168561758191,6.924272539563417,14,24,,False,True,,1466,93.83070301291248
6,2026-09-18T01:20:24.877+00:00,2026-09-18T01:21:06.431+00:00,2026-09-18T01:21:58.412+00:00,True,641,641.0,,641.0,41554.829536,93535.913696,93535.91384,145.9218624648986,0.01896,41554.829536,1638.2262093190793,89.87422500000001,81.220444,19.60575884684043,6.852982717240638,14,24,,False,True,,2564,93.83070301291248
7,2026-09-18T01:20:28.572+00:00,2026-09-18T01:21:06.659+00:00,2026-09-18T01:22:14.379+00:00,True,807,807.0,,807.0,38086.476732,105806.93471599999,105806.934781,131.11144334696408,0.01766,38086.476732,1337.9651054508595,100.92044170000001,84.0204193349876,24.015810985429262,7.627099321666357,14,24,,False,True,,3228,93.83070301291248
8,2026-09-18T01:20:31.968+00:00,2026-09-18T01:21:12.423+00:00,2026-09-18T01:22:33.376+00:00,True,979,979.0,,979.0,40454.181722,121407.22594599999,121407.225725,124.01146652196118,0.01691,40454.181722,1290.4577238023744,92.61866110000001,82.77407384867075,21.67990989478488,8.063770441764675,14,24,,False,True,,1958,93.83070301291248
9,2026-09-18T01:20:35.089+00:00,2026-09-18T01:21:20.893+00:00,2026-09-18T01:22:47.089+00:00,True,984,984.0,,984.0,45804.172027,132000.484091,132000.483846,134.14683317682926,0.01998,45804.172027,1464.9740986601437,92.497363,87.68699090946083,148.9664048024129,7.454518116173262,14,24,,False,True,,1968,93.83070301291248
10,2026-09-18T01:20:39.096+00:00,2026-09-18T01:21:27.716+00:00,2026-09-18T01:22:35.386+00:00,True,627,627.0,,627.0,48620.051884,116289.845164,116289.845163,185.47024746889952,0.018699999999999998,48620.051884,2037.4144695856296,91.3528977,108.09871130990416,631.0701743542824,5.391700359698314,14,24,,False,True,,1259,93.83070301291248
11,2026-09-18T01:20:42.573+00:00,2026-09-18T01:22:07.690+00:00,2026-09-18T01:23:20.200+00:00,True,846,846.0,,846.0,85117.031105,157627.876289,157627.876299,186.32136678368795,0.01776,85117.031105,2923.5358421296687,107.9355465,85.81165110532544,24.471185703510457,5.367070977020058,14,24,,True,True,,2468,93.83070301291248
12,2026-09-18T01:20:47.024+00:00,2026-09-18T01:22:07.837+00:00,2026-09-18T01:23:09.085+00:00,True,704,704.0,,704.0,80813.581815,142060.960503,142060.960524,201.79113710795454,0.015880000000000002,80813.581815,3042.9816833920736,138.5382648,87.12287153342817,54.577760437886035,4.955619035006687,14,24,,True,True,,1408,93.83070301291248
13,2026-09-18T01:20:50.288+00:00,2026-09-18T01:22:13.959+00:00,2026-09-18T01:23:25.406+00:00,True,839,839.0,,839.0,83671.20337999999,155118.466356,155118.466274,184.8849419237187,0.02052,83671.20337999999,2885.808624606678,103.18846309999999,85.25926369451075,24.2019753091168,5.4087693084489255,14,24,,True,True,,843,93.83070301291248
14,2026-09-18T01:20:53.201+00:00,2026-09-18T01:22:21.594+00:00,2026-09-18T01:23:18.277+00:00,True,657,657.0,,657.0,88393.50009999999,145075.88294799998,145075.882942,220.81565135768645,0.01788,88393.50009999999,3445.307789304968,150.28547700000001,86.40607141463416,28.768202702079655,4.528664493708376,14,24,,True,True,,3901,93.83070301291248
15,2026-09-18T01:20:58.283+00:00,2026-09-18T01:22:33.217+00:00,2026-09-18T01:24:09.489+00:00,True,957,957.0,,957.0,94933.979208,191206.012488,191206.01245900002,199.7972961954023,0.09003,94933.979208,3103.110571756657,100.66852899999999,100.70296368200837,481.7652845123271,5.005072735670699,14,24,,True,True,,4788,93.83070301291248
16,2026-09-18T01:21:01.329+00:00,2026-09-18T01:23:04.980+00:00,2026-09-18T01:24:13.281+00:00,True,769,769.0,,769.0,123650.992079,191951.838671,191951.838641,249.61227391547465,70.076938,123650.992079,4456.94471009609,99.90874899999999,88.933394,102.74580306184359,4.006213252888107,14,24,,True,True,,3078,93.83070301291248
17,2026-09-18T01:21:05.861+00:00,2026-09-18T01:23:09.333+00:00,2026-09-18T01:24:29.081+00:00,True,923,923.0,,923.0,123471.86186399999,203220.132712,203220.132639,220.17349148320693,67.438248,123471.86186399999,4061.4563807629997,132.3322035,86.49487076789588,37.99754402310834,4.541872833574317,14,24,,True,True,,6455,93.83070301291248
18,2026-09-18T01:21:10.307+00:00,2026-09-18T01:23:19.798+00:00,2026-09-18T01:24:18.745+00:00,True,692,692.0,,692.0,129491.18093999999,188438.39220399997,188438.39234999998,272.30981553468206,66.30375599999999,129491.18093999999,4919.339253415232,140.4119895,85.3071074732272,25.511050615544985,3.672287753606247,14,24,,True,True,,5536,93.83070301291248
19,2026-09-18T01:21:14.039+00:00,2026-09-18T01:23:26.143+00:00,2026-09-18T01:24:48.230+00:00,True,934,934.0,,934.0,132104.327676,214191.313404,214191.31350599998,229.32688812205566,0.015359999999999999,132104.327676,4321.633743910172,95.32074850000001,87.98176390996784,129.1095874809042,4.360587668830074,14,24,,True,True,,5365,93.83070301291248
20,2026-09-18T01:21:19.318+00:00,2026-09-18T01:24:17.299+00:00,2026-09-18T01:25:11.477+00:00,True,652,652.0,,652.0,177980.81676,232158.47692,232158.476913,356.07128360889567,0.01752,177980.81676,6967.065154325292,96.346648,83.22221222734255,28.365917198849665,2.808426419099373,14,24,,True,True,,5858,93.83070301291248
21,2026-09-18T01:21:23.293+00:00,2026-09-18T01:24:17.453+00:00,2026-09-18T01:25:41.255+00:00,True,969,969.0,,969.0,174159.91959499998,257961.203179,257961.20312,266.2138319091847,0.016149999999999998,174159.91959499998,5592.464051117303,99.087886,86.57157395041322,68.77317164213639,3.7563788199871597,14,24,,True,True,,974,93.83070301291248
22,2026-09-18T01:21:28.445+00:00,2026-09-18T01:24:23.116+00:00,2026-09-18T01:25:41.508+00:00,True,941,941.0,,941.0,174671.000262,253062.902214,253062.90211999998,268.9297578320935,0.0172,174671.000262,5691.447740298002,98.126469,83.39564037446809,24.917485114499772,3.718443089711558,14,24,,True,True,,941,93.83070301291248
23,2026-09-18T01:21:32.396+00:00,2026-09-18T01:24:31.814+00:00,2026-09-18T01:25:52.922+00:00,True,975,975.0,,975.0,179417.086733,260526.010381,260526.010229,267.2061643374359,0.01693,179417.086733,5743.327227394768,96.66705100000001,83.27404891991786,23.678171148487184,3.7424286295795754,14,24,,True,True,,8775,93.83070301291248
24,2026-09-18T01:21:36.464+00:00,2026-09-18T01:24:43.401+00:00,2026-09-18T01:26:04.098+00:00,True,703,703.0,,703.0,186936.958474,267633.92257,267633.922494,380.7025924523471,0.01852,186936.958474,7097.550027637846,90.754925,114.9529403076923,853.4465182501685,2.626722327458805,14,24,,True,True,,703,93.83070301291248
25,2026-09-18T01:21:39.753+00:00,2026-09-18T01:25:17.900+00:00,2026-09-18T01:26:35.092+00:00,True,918,918.0,,918.0,218147.286576,295339.380016,295339.379952,321.7204574640523,68.289434,218147.286576,7197.202608677653,96.18247915,84.17894595419848,26.190307536122173,3.108288505075982,14,24,,True,True,,8,93.83070301291248
26,2026-09-18T01:21:42.865+00:00,2026-09-18T01:25:18.265+00:00,2026-09-18T01:26:35.736+00:00,True,912,912.0,,912.0,215399.727955,292870.770771,292870.770826,321.13023116885967,68.27497199999999,215399.727955,7130.035502387731,94.63034695,85.03956401317234,60.18158965742164,3.114001433461949,14,24,,True,True,,6,93.83070301291248
27,2026-09-18T01:21:47.586+00:00,2026-09-18T01:25:25.427+00:00,2026-09-18T01:26:41.105+00:00,True,928,928.0,,928.0,217840.804673,293518.805313,293518.805233,316.2918159838362,0.016460000000000002,217840.804673,7148.342744531754,90.34903184999999,81.63754114347357,26.177475055911515,3.1616372893396307,14,24,,True,True,,1856,93.83070301291248
28,2026-09-18T01:21:52.276+00:00,2026-09-18T01:25:41.096+00:00,2026-09-18T01:26:45.948+00:00,True,686,686.0,,686.0,228820.31797499998,293672.836631,293672.836725,428.0945141763848,0.016399999999999998,228820.31797499998,8743.508940501282,86.15330925,94.67520971678832,433.21805370754106,2.335932760652151,14,24,,True,True,,3428,93.83070301291248
29,2026-09-18T01:21:56.594+00:00,2026-09-18T01:25:56.300+00:00,2026-09-18T01:26:56.612+00:00,False,548,547.0,,547.0,239706.561609,300017.959753,300017.959701,547.4780286514599,0.01549,239706.561609,10290.775913297435,81.69026034999999,110.25849752102377,1070.5048318900479,1.8232241844799437,14,24,,True,False,Request timeout: 300.0s exceeded,1094,93.83070301291248
0,2026-09-18T01:20:00.768+00:00,2026-09-18T01:20:01.034+00:00,2026-09-18T01:21:07.962+00:00,True,975,975.0,,975.0,265.392379,67193.247483,67193.247595,68.91615137948718,0.016079999999999997,265.392379,28.534346464295737,95.3448222,68.71443029158111,27.84476430143455,14.510386631434605,15,24,,False,True,,1950,93.83070301291248
1,2026-09-18T01:20:03.520+00:00,2026-09-18T01:20:03.608+00:00,2026-09-18T01:20:57.988+00:00,True,799,799.0,,799.0,88.410375,54468.632583,54468.632559,68.1710044543179,0.01581,248.31948,24.169739718159835,85.55603009999999,68.14564186466166,24.17425189299301,14.668993182130533,15,24,,False,True,,3528,93.83070301291248
2,2026-09-18T01:20:08.029+00:00,2026-09-18T01:20:08.133+00:00,2026-09-18T01:21:10.616+00:00,True,821,821.0,,821.0,104.31171400000001,62586.624930000005,62586.624935,76.23218627892814,0.01627,248.3275,25.556465440424958,136.087305,76.19794294634147,25.55320750608814,13.117818717948879,15,24,,False,True,,3284,93.83070301291248
3,2026-09-18T01:20:11.198+00:00,2026-09-18T01:20:11.315+00:00,2026-09-18T01:20:58.648+00:00,True,623,623.0,,623.0,117.72007099999999,47450.476039,47450.475919,76.16448783146068,44.402188,199.573672,20.65553428917993,88.5910018,76.09767840514469,20.60468218543077,13.129478395284176,15,24,,False,True,,1250,93.83070301291248
4,2026-09-18T01:20:14.249+00:00,2026-09-18T01:20:14.401+00:00,2026-09-18T01:21:14.799+00:00,True,743,743.0,,743.0,152.207863,60550.561527000005,60550.561529,81.49469923149394,50.185761,202.479431,22.319374461345188,142.1480397,81.39939846900269,22.182637588133627,12.270736740710324,15,24,,False,True,,2230,93.83070301291248
5,2026-09-18T01:20:17.335+00:00,2026-09-18T01:20:17.517+00:00,2026-09-18T01:21:44.989+00:00,True,893,893.0,,893.0,182.25483300000002,87653.695985,87653.695991,98.15643448040314,0.01704,16023.293409,533.9801077488098,92.054461,98.06215375784753,534.2722399550188,10.187819121201887,15,24,,False,True,,1786,93.83070301291248
6,2026-09-18T01:20:21.708+00:00,2026-09-18T01:21:06.171+00:00,2026-09-18T01:22:09.758+00:00,True,757,757.0,,757.0,44462.263880000006,108049.28084,108049.280658,142.73352794980187,0.01651,44462.263880000006,1613.1409900224742,106.4466972,84.1098107936508,24.744713460986205,7.006062364459139,15,24,,False,True,,4542,93.83070301291248
7,2026-09-18T01:20:26.017+00:00,2026-09-18T01:21:06.431+00:00,2026-09-18T01:22:22.629+00:00,True,912,912.0,,912.0,40413.928943000006,116611.99076700001,116611.990701,127.86402489144737,0.019039999999999998,40413.928943000006,1335.6552025216918,99.17839355,83.64221934577388,22.299455870642845,7.820808083297782,15,24,,False,True,,4550,93.83070301291248
8,2026-09-18T01:20:30.199+00:00,2026-09-18T01:21:08.137+00:00,2026-09-18T01:22:05.767+00:00,True,696,696.0,,696.0,37937.977375,95568.442143,95568.442182,137.3109801465517,0.02225,37937.977375,1435.0866413553642,97.08151825,82.92153204028776,23.640627311868545,7.282738782730897,15,24,,False,True,,1392,93.83070301291248
9,2026-09-18T01:20:34.862+00:00,2026-09-18T01:21:18.394+00:00,2026-09-18T01:22:37.493+00:00,True,931,931.0,,931.0,43531.281947999996,122630.68495599998,122630.684809,131.71931773254565,0.01704,43531.281947999996,1425.3311036872562,93.243962,85.0531215139785,64.05404436261242,7.591900838962482,15,24,,False,True,,3724,93.83070301291248
10,2026-09-18T01:20:39.014+00:00,2026-09-18T01:21:27.624+00:00,2026-09-18T01:22:35.314+00:00,True,641,641.0,,641.0,48610.515880000006,116300.09437600001,116300.094408,181.4354046926677,0.01782,48610.515880000006,2006.8532509230606,91.86407799999999,105.7649664,598.0326358612693,5.511603437978623,15,24,,False,True,,3638,93.83070301291248
11,2026-09-18T01:20:43.563+00:00,2026-09-18T01:22:07.694+00:00,2026-09-18T01:23:07.527+00:00,True,704,704.0,,704.0,84130.654796,143964.306252,143964.30618400002,204.49475310227274,0.01666,84130.654796,3167.69685888579,102.2651728,85.11187973826458,26.570266377614615,4.890101014120087,15,24,,True,True,,2112,93.83070301291248
12,2026-09-18T01:20:46.821+00:00,2026-09-18T01:22:07.844+00:00,2026-09-18T01:23:29.819+00:00,True,955,955.0,,955.0,81022.63151,162997.383766,162997.38392,170.67788892146598,0.01671,81022.63151,2619.4211850873653,99.0213803,85.92741326624737,44.1047287170159,5.858989745326241,15,24,,True,True,,6683,93.83070301291248
13,2026-09-18T01:20:50.903+00:00,2026-09-18T01:22:15.942+00:00,2026-09-18T01:23:26.530+00:00,True,829,829.0,,829.0,85038.91531200001,155626.858992,155626.85897700003,187.72841854885405,0.01701,85038.91531200001,2950.663446379241,102.38236939999999,85.25113971014493,24.39588507539602,5.326843999612013,15,24,,True,True,,1243,93.83070301291248
14,2026-09-18T01:20:55.185+00:00,2026-09-18T01:22:25.953+00:00,2026-09-18T01:23:22.674+00:00,True,645,645.0,,645.0,90767.99565099999,147489.150467,147489.150538,228.6653496713178,0.01824,90767.99565099999,3570.748054443253,148.0062898,88.07632735403728,40.53428646970111,4.3732030319363435,15,24,,True,True,,8374,93.83070301291248
15,2026-09-18T01:20:59.478+00:00,2026-09-18T01:22:43.925+00:00,2026-09-18T01:24:28.451+00:00,True,960,960.0,,960.0,104446.635523,208973.217283,208973.21723500002,217.68043461979167,67.649367,104446.635523,3414.350593730755,147.74046905,108.99539286757039,564.0753310910685,4.593890128513115,15,24,,True,True,,9600,93.83070301291248
16,2026-09-18T01:21:02.693+00:00,2026-09-18T01:23:04.976+00:00,2026-09-18T01:24:28.613+00:00,True,932,932.0,,932.0,122282.318575,205919.358703,205919.358671,220.94351788733906,67.903937,122282.318575,4003.822257802633,140.33645989999997,89.8357036820623,101.0658068297399,4.526043621494737,15,24,,True,True,,1864,93.83070301291248
17,2026-09-18T01:21:07.024+00:00,2026-09-18T01:23:10.697+00:00,2026-09-18T01:24:31.644+00:00,True,932,932.0,,932.0,123673.24196799999,204620.664176,204620.66429699998,219.5500689881974,65.312566,123673.24196799999,4048.4896605362,126.4624292,86.9467478066595,48.14393240163999,4.554769694219938,15,24,,True,True,,3728,93.83070301291248
18,2026-09-18T01:21:11.116+00:00,2026-09-18T01:23:21.839+00:00,2026-09-18T01:24:32.637+00:00,True,836,836.0,,836.0,130722.978607,201520.938287,201520.93844199998,241.05375411722488,68.75336800000001,130722.978607,4518.281903733095,138.309821,84.78797566467067,24.36272016647224,4.148452300323226,15,24,,True,True,,2508,93.83070301291248
19,2026-09-18T01:21:13.982+00:00,2026-09-18T01:23:26.143+00:00,2026-09-18T01:24:25.025+00:00,True,651,651.0,,651.0,132161.24912999998,191043.50884199998,191043.508874,293.46161117357906,67.971547,132161.24912999998,5177.114881448691,151.00470099999998,90.58809186461538,94.29941806614744,3.4076007289962464,15,24,,True,True,,652,93.83070301291248
20,2026-09-18T01:21:18.066+00:00,2026-09-18T01:23:36.788+00:00,2026-09-18T01:25:14.947+00:00,True,826,826.0,,826.0,138722.52459400002,236881.03672200002,236881.036663,286.78091605690076,0.01721,138722.52459400002,4931.320340780766,95.54452675,118.98001470060606,1030.2461556068397,3.4869823749099047,15,24,,True,True,,1652,93.83070301291248
21,2026-09-18T01:21:21.956+00:00,2026-09-18T01:24:17.300+00:00,2026-09-18T01:25:09.336+00:00,True,616,616.0,,616.0,175343.81006400002,227379.996944,227379.997001,369.12337175487016,0.01617,175343.81006400002,7061.597447867452,92.95990975000001,84.61168598373983,53.602480481677574,2.7091213311596216,15,24,,True,True,,3690,93.83070301291248
22,2026-09-18T01:21:25.201+00:00,2026-09-18T01:24:19.976+00:00,2026-09-18T01:25:21.849+00:00,True,719,719.0,,719.0,174774.440685,236648.04017300002,236648.040058,329.134965310153,0.01573,174774.440685,6515.002629889103,143.02935889999998,86.17492964902507,54.73696051119232,3.0382672912667252,15,24,,True,True,,5033,93.83070301291248
23,2026-09-18T01:21:29.366+00:00,2026-09-18T01:24:25.277+00:00,2026-09-18T01:25:43.433+00:00,True,940,940.0,,940.0,175911.079103,254067.23705499998,254067.237225,270.28429492021274,0.01693,175911.079103,5734.926532513119,95.60764805,83.23339505005325,25.02539090249177,3.6998080149803445,15,24,,True,True,,2819,93.83070301291248
24,2026-09-18T01:21:33.873+00:00,2026-09-18T01:24:34.819+00:00,2026-09-18T01:26:02.583+00:00,True,925,925.0,,925.0,180946.00054100002,268710.00950100005,268710.009548,290.4973076194595,0.01632,180946.00054100002,5958.109647713065,92.89021199999999,94.98269367965368,374.440093034686,3.442372696565133,15,24,,True,True,,926,93.83070301291248
25,2026-09-18T01:21:36.613+00:00,2026-09-18T01:24:44.945+00:00,2026-09-18T01:26:06.775+00:00,True,712,712.0,,712.0,188332.658249,270162.35424899997,270162.354226,379.441508744382,0.016649999999999998,188332.658249,7109.603521540728,91.03513245,115.09099296765119,890.0367467462905,2.6354523078510503,15,24,,True,True,,2135,93.83070301291248
26,2026-09-18T01:21:40.885+00:00,2026-09-18T01:25:18.041+00:00,2026-09-18T01:26:23.908+00:00,True,766,766.0,,766.0,217155.183877,283022.512901,283022.512735,369.4810871214099,69.472429,217155.183877,7843.148138198809,99.98026750000001,86.10108369150328,44.02019504096532,2.706498476564454,15,24,,True,True,,2311,93.83070301291248
27,2026-09-18T01:21:44.066+00:00,2026-09-18T01:25:20.502+00:00,2026-09-18T01:26:30.150+00:00,True,831,831.0,,831.0,216436.099665,286084.563537,286084.56351899996,344.2654193971119,68.320618,216436.099665,7505.202509766237,94.673299,83.9138118939759,20.6360662671793,2.9047355429665633,15,24,,True,True,,9938,93.83070301291248
28,2026-09-18T01:21:47.741+00:00,2026-09-18T01:25:27.182+00:00,2026-09-18T01:26:44.866+00:00,True,970,970.0,,970.0,219441.727969,297125.095649,297125.095629,306.3145315762887,0.01635,219441.727969,7043.323669641922,87.70207395,80.16859409700723,26.144295179609742,3.2646182170552196,15,24,,True,True,,5788,93.83070301291248
29,2026-09-18T01:21:51.727+00:00,2026-09-18T01:25:38.843+00:00,2026-09-18T01:26:50.296+00:00,True,829,829.0,,829.0,227115.804195,298569.117475,298569.117313,360.1557506791315,0.01662,227115.804195,7890.140427697317,87.86769800000002,86.29627207729469,283.24928039949594,2.7765765160538227,15,24,,True,True,,7461,93.83070301291248
30,2026-09-18T01:21:56.015+00:00,2026-09-18T01:25:51.962+00:00,2026-09-18T01:26:56.048+00:00,False,599,598.0,,598.0,235947.348578,300033.419874,300033.419842,500.8905172654424,0.016050000000000002,235947.348578,9685.518619879389,83.4670561,107.16734330434782,977.304161036841,1.993111301571445,15,24,,True,False,Request timeout: 300.0s exceeded,7774,93.83070301291248
31,2026-09-18T01:21:59.543+00:00,2026-09-18T01:26:23.744+00:00,2026-09-18T01:26:59.561+00:00,False,586,585.0,,585.0,264201.147619,300018.733283,300018.733116,511.9773602662116,0.01634,264201.147619,10911.552336332756,80.99049425,61.22664216068376,26.767091373133653,1.9498782412636362,15,24,,True,False,Request timeout: 300.0s exceeded,585,93.83070301291248
0,2026-09-18T01:20:00.771+00:00,2026-09-18T01:20:01.034+00:00,2026-09-18T01:20:39.794+00:00,True,669,669.0,,669.0,262.667468,39022.792652,39022.792617,58.330033807174885,0.01656,262.667468,21.47974130070538,83.45612460000001,58.02413949700599,19.984446686665052,17.143826838997704,16,24,,False,True,,1343,93.83070301291248
1,2026-09-18T01:20:05.510+00:00,2026-09-18T01:20:05.624+00:00,2026-09-18T01:21:18.389+00:00,True,981,981.0,,981.0,113.557036,72878.572076,72878.571968,74.29008355555555,0.01676,208.095854,24.700919114851896,98.90930100000001,74.25001534693877,24.681609352669742,13.460746719584233,16,24,,False,True,,5881,93.83070301291248
2,2026-09-18T01:20:09.726+00:00,2026-09-18T01:20:09.852+00:00,2026-09-18T01:21:27.472+00:00,True,1000,1000.0,,1000.0,126.429539,77746.510179,77746.510092,77.746510092,0.01601,253.415952,22.536999712190056,100.33796499999998,77.69777841841842,22.495517915494958,12.862313661380375,16,24,,False,True,,9000,93.83070301291248
3,2026-09-18T01:20:14.750+00:00,2026-09-18T01:20:14.887+00:00,2026-09-18T01:21:32.423+00:00,True,966,966.0,,966.0,136.58547700000003,77672.496133,77672.496004,80.406310563147,0.017329999999999998,288.720246,21.284448021493823,103.45987274999999,80.34809394404145,21.218394688267658,12.436834762538094,16,24,,False,True,,969,93.83070301291248
4,2026-09-18T01:20:20.301+00:00,2026-09-18T01:20:20.513+00:00,2026-09-18T01:21:42.902+00:00,True,665,665.0,,665.0,211.389014,82600.794454,82600.794467,124.21172100300753,0.02488,30156.569817000003,1166.7311447701604,87.34617119999999,124.08042987951808,1167.605786350904,8.05077002461926,16,24,,False,True,,3310,93.83070301291248
5,2026-09-18T01:20:23.993+00:00,2026-09-18T01:21:06.176+00:00,2026-09-18T01:22:13.964+00:00,True,806,806.0,,806.0,42182.012759000005,109970.37883900001,109970.378756,136.43967587593053,0.01766,42182.012759000005,1483.0357684353614,102.5360085,84.20915040993789,24.605581757636312,7.329246370788707,16,24,,False,True,,4030,93.83070301291248
6,2026-09-18T01:20:27.651+00:00,2026-09-18T01:21:06.663+00:00,2026-09-18T01:22:20.510+00:00,True,884,884.0,,884.0,39012.507757,112858.815597,112858.815695,127.66834354638009,0.02194,39012.507757,1309.514393698055,98.94592469999999,83.63115270668177,22.58675241454212,7.832795296706077,16,24,,False,True,,5304,93.83070301291248
7,2026-09-18T01:20:32.833+00:00,2026-09-18T01:21:12.582+00:00,2026-09-18T01:22:22.389+00:00,True,836,836.0,,836.0,39749.143435000005,109555.733131,109555.73326000001,131.04752782296652,0.02189,39749.143435000005,1372.0559290962096,96.30244499999999,83.6007062227545,23.112525612838294,7.630819274426859,16,24,,False,True,,7512,93.83070301291248
8,2026-09-18T01:20:36.298+00:00,2026-09-18T01:21:22.153+00:00,2026-09-18T01:22:34.998+00:00,True,765,765.0,,765.0,45855.172155,118700.179515,118700.179537,155.16363338169936,0.019469999999999998,45855.172155,1686.9832131884893,92.883955,95.34686827225131,329.92440748560267,6.444809124347852,16,24,,False,True,,6502,93.83070301291248
9,2026-09-18T01:20:41.470+00:00,2026-09-18T01:22:07.690+00:00,2026-09-18T01:23:24.235+00:00,True,896,896.0,,896.0,86220.1927,162765.052604,162765.052657,181.65742484040177,0.01634,86220.1927,2877.667766693722,106.86975050000001,85.5249831329609,25.23031502478853,5.504867203772099,16,24,,True,True,,7168,93.83070301291248
10,2026-09-18T01:20:45.230+00:00,2026-09-18T01:22:07.839+00:00,2026-09-18T01:22:59.250+00:00,True,614,614.0,,614.0,82608.738881,134019.999297,134019.99936,218.27361459283387,69.25460700000001,82608.738881,3330.50906939829,91.8771866,83.86828779119087,22.567658420499903,4.581405784365978,16,24,,True,True,,1237,93.83070301291248
11,2026-09-18T01:20:48.809+00:00,2026-09-18T01:22:10.628+00:00,2026-09-18T01:23:22.249+00:00,True,839,839.0,,839.0,81819.495891,153440.729811,153440.729735,182.88525594159714,0.01676,81819.495891,2821.888577359052,104.23410399999999,85.46686625298328,25.659902296531182,5.467909342150776,16,24,,True,True,,2268,93.83070301291248
12,2026-09-18T01:20:54.105+00:00,2026-09-18T01:22:22.882+00:00,2026-09-18T01:23:33.784+00:00,True,838,838.0,,838.0,88776.645865,159678.834921,159678.834871,190.54753564558473,0.02995,88776.645865,3063.9203799935376,102.84338050000001,84.70990329271206,25.775418518469184,5.248034283407658,16,24,,True,True,,1677,93.83070301291248
13,2026-09-18T01:20:59.443+00:00,2026-09-18T01:22:43.925+00:00,2026-09-18T01:24:20.959+00:00,True,872,872.0,,872.0,104482.036158,201515.583934,201515.583849,231.09585303784405,68.52712600000001,104482.036158,3583.550037771274,148.697066,111.40476208495981,591.6062547712213,4.327208759624247,16,24,,True,True,,2610,93.83070301291248
14,2026-09-18T01:21:02.862+00:00,2026-09-18T01:23:04.979+00:00,2026-09-18T01:24:24.014+00:00,True,874,874.0,,874.0,122117.355638,201152.09151,201152.091683,230.15113464874142,64.288106,122117.355638,4128.931794173563,146.2787795,90.53234349599084,104.17609631020362,4.344970979118805,16,24,,True,True,,2112,93.83070301291248
15,2026-09-18T01:21:06.229+00:00,2026-09-18T01:23:09.596+00:00,2026-09-18T01:24:13.681+00:00,True,746,746.0,,746.0,123366.57576100001,187451.435665,187451.43567900002,251.2753829477212,67.540117,123366.57576100001,4513.847679386755,98.43011924999999,86.01994617986578,45.18317468810251,3.979697447253478,16,24,,True,True,,3730,93.83070301291248
16,2026-09-18T01:21:10.673+00:00,2026-09-18T01:23:20.371+00:00,2026-09-18T01:24:22.011+00:00,True,719,719.0,,719.0,129698.146813,191338.335229,191338.335183,266.11729510848403,64.370206,129698.146813,4833.793302149359,146.1038631,85.84984459052924,26.082494006919067,3.75774148520461,16,24,,True,True,,6434,93.83070301291248
17,2026-09-18T01:21:15.718+00:00,2026-09-18T01:23:30.807+00:00,2026-09-18T01:25:01.392+00:00,True,851,851.0,,851.0,135089.866193,225674.074833,225674.07473,265.186926827262,0.016390000000000002,135089.866193,4676.129601075561,94.01433850000001,106.56965722352942,675.3092711561063,3.7709249528539974,16,24,,True,True,,6519,93.83070301291248
18,2026-09-18T01:21:19.665+00:00,2026-09-18T01:24:17.302+00:00,2026-09-18T01:25:30.698+00:00,True,868,868.0,,868.0,177637.905211,251033.24345100002,251033.243556,289.2088059400922,0.01643,177637.905211,6026.616474694267,138.4548943,84.6543693656286,28.31768880615389,3.457709377720038,16,24,,True,True,,6944,93.83070301291248
19,2026-09-18T01:21:25.013+00:00,2026-09-18T01:24:17.457+00:00,2026-09-18T01:25:15.959+00:00,True,662,662.0,,662.0,172443.716331,230945.132011,230945.132112,348.8597161812689,0.01626,172443.716331,6699.642405507518,97.685166,88.50441101361572,107.8526237091473,2.8664817233232207,16,24,,True,True,,6270,93.83070301291248
20,2026-09-18T01:21:28.747+00:00,2026-09-18T01:24:24.182+00:00,2026-09-18T01:25:44.880+00:00,True,972,972.0,,972.0,175435.05071,256132.455638,256132.455591,263.5107567808642,0.01599,175435.05071,5624.472217396199,98.08272095000001,83.10752309783729,25.115372529380004,3.7949114944408215,16,24,,True,True,,7464,93.83070301291248
21,2026-09-18T01:21:32.210+00:00,2026-09-18T01:24:31.266+00:00,2026-09-18T01:25:49.118+00:00,True,936,936.0,,936.0,179056.280379,256907.815995,256907.816117,274.4741625181624,0.01636,179056.280379,5849.969964767221,94.77205550000001,83.26367445561498,25.12793602456327,3.643330181975532,16,24,,True,True,,1872,93.83070301291248
22,2026-09-18T01:21:37.538+00:00,2026-09-18T01:24:52.290+00:00,2026-09-18T01:26:17.412+00:00,True,730,730.0,,730.0,194751.85338400002,279873.425224,279873.42521400005,383.38825371780825,68.088367,194751.85338400002,7260.020617963335,94.11658600000001,116.76484477366255,902.6329272859026,2.6083219563119857,16,24,,True,True,,732,93.83070301291248
23,2026-09-18T01:21:40.788+00:00,2026-09-18T01:25:18.040+00:00,2026-09-18T01:26:16.435+00:00,True,691,691.0,,691.0,217252.187446,275647.009078,275647.009082,398.91028810709116,68.490307,217252.187446,8261.557037488425,94.112703,84.63017627826088,43.39620399155679,2.5068293043022547,16,24,,True,True,,2817,93.83070301291248
24,2026-09-18T01:21:45.709+00:00,2026-09-18T01:25:22.966+00:00,2026-09-18T01:26:41.344+00:00,True,962,962.0,,962.0,217257.20202700002,295635.35549900006,295635.35542800004,307.3132592806653,0.01819,217257.20202700002,7002.076328206063,90.42506505,81.55895262434964,27.146487963215616,3.254008636335967,16,24,,True,True,,3617,93.83070301291248
25,2026-09-18T01:21:50.978+00:00,2026-09-18T01:25:37.357+00:00,2026-09-18T01:26:42.057+00:00,True,792,792.0,,792.0,226379.470387,291079.510579,291079.510704,367.5246347272727,0.016329999999999997,226379.470387,8041.199715442127,92.45332845000001,81.79524676611884,31.590284714894878,2.720906045309048,16,24,,True,True,,3168,93.83070301291248
26,2026-09-18T01:21:55.358+00:00,2026-09-18T01:25:46.567+00:00,2026-09-18T01:26:55.394+00:00,False,669,668.0,,668.0,231208.99182300002,300036.184911,300036.18482,448.48458119581466,0.016390000000000002,231208.99182300002,8977.281707385928,84.3020524,103.03472019161677,870.1721595519396,2.2263981266064605,16,24,,True,False,Request timeout: 300.0s exceeded,5678,93.83070301291248
0,2026-09-18T01:20:00.771+00:00,2026-09-18T01:20:01.034+00:00,2026-09-18T01:21:09.198+00:00,True,990,990.0,,990.0,263.255668,68427.428212,68427.428284,69.11861442828283,0.01801,263.255668,28.3292102337372,100.15412554999999,68.92231804246713,27.661723005825404,14.46788262935747,17,24,,False,True,,991,93.83070301291248
1,2026-09-18T01:20:04.403+00:00,2026-09-18T01:20:04.506+00:00,2026-09-18T01:21:07.962+00:00,True,878,878.0,,878.0,102.987163,63559.026331,63559.026207,72.39069044077449,0.01734,252.676142,26.94842715709895,136.26642249999998,72.3558029281642,26.943955592059435,13.813930934492118,17,24,,False,True,,6145,93.83070301291248
2,2026-09-18T01:20:08.620+00:00,2026-09-18T01:20:08.745+00:00,2026-09-18T01:20:51.928+00:00,True,607,607.0,,607.0,124.38555000000001,43307.364622,43307.364625,71.34656445634266,0.016460000000000002,248.822921,21.177549721807733,86.309899,71.25904137293729,21.08489114833717,14.016091842532619,17,24,,False,True,,2437,93.83070301291248
3,2026-09-18T01:20:13.424+00:00,2026-09-18T01:20:13.599+00:00,2026-09-18T01:21:04.765+00:00,True,641,641.0,,641.0,174.382651,51340.240699,51340.240575,80.09397905616224,47.123228000000005,203.747733,22.97067692764092,142.10742000000002,79.9466532,22.683546845910048,12.485332972201771,17,24,,False,True,,654,93.83070301291248
4,2026-09-18T01:20:16.654+00:00,2026-09-18T01:20:16.799+00:00,2026-09-18T01:21:27.009+00:00,True,731,731.0,,731.0,144.09259899999998,70354.67179899999,70354.671825,96.2444211012312,53.335033,11510.604104,423.28065276550683,100.45010149999999,96.17887561643836,423.5671638204124,10.390212637029036,17,24,,False,True,,5117,93.83070301291248
5,2026-09-18T01:20:21.300+00:00,2026-09-18T01:21:06.173+00:00,2026-09-18T01:22:21.254+00:00,True,897,897.0,,897.0,44872.855808,119954.50521599999,119954.505315,133.72854550167224,0.01864,44872.855808,1495.6363623247532,99.5122204,83.79648371428571,22.773545430019784,7.477835020742137,17,24,,False,True,,2693,93.83070301291248
6,2026-09-18T01:20:25.723+00:00,2026-09-18T01:21:06.436+00:00,2026-09-18T01:22:16.592+00:00,True,837,837.0,,837.0,40713.147305,110868.76944899998,110868.7694,132.45970059737155,0.01905,40713.147305,1404.5439561662934,102.311732,83.9182083062201,23.258516518960985,7.549465951139855,17,24,,False,True,,2232,93.83070301291248
7,2026-09-18T01:20:30.441+00:00,2026-09-18T01:21:09.458+00:00,2026-09-18T01:22:25.786+00:00,True,917,917.0,,917.0,39016.761899,115344.77213900001,115344.77222099999,125.78492063358779,0.01732,39016.761899,1285.8846209619942,97.25867899999999,83.32752209606987,22.078364752076556,7.950078560083668,17,24,,False,True,,5497,93.83070301291248
8,2026-09-18T01:20:34.318+00:00,2026-09-18T01:21:15.963+00:00,2026-09-18T01:22:06.094+00:00,True,602,602.0,,602.0,41644.958683,91775.957467,91775.95754799999,152.45175672425248,0.018760000000000002,41644.958683,1694.1120002253751,94.6914524,83.41264356738769,25.382416057694215,6.559452133381032,17,24,,False,True,,2000,93.83070301291248
9,2026-09-18T01:20:38.939+00:00,2026-09-18T01:21:25.899+00:00,2026-09-18T01:22:40.450+00:00,True,741,741.0,,741.0,46959.762773,121511.128149,121511.127975,163.98262884615386,0.02501,46959.762773,1794.2863276880678,91.253086,100.74508834594594,506.51859808278175,6.09820689913575,17,24,,False,True,,2967,93.83070301291248
10,2026-09-18T01:20:44.168+00:00,2026-09-18T01:22:07.688+00:00,2026-09-18T01:23:27.738+00:00,True,939,939.0,,939.0,83519.60294900001,163570.209797,163570.209762,174.19617653035144,0.01599,83519.60294900001,2722.8948825372345,101.78376630000001,85.34179834541577,25.648499657707063,5.74065412745605,17,24,,True,True,,5634,93.83070301291248
11,2026-09-18T01:20:47.673+00:00,2026-09-18T01:22:07.845+00:00,2026-09-18T01:23:31.798+00:00,True,977,977.0,,977.0,80172.129755,164125.200603,164125.200458,167.98894622108494,0.018510000000000002,80172.129755,2562.6549840374873,99.53950999999999,86.01749062295082,49.27318743459854,5.952772617553418,17,24,,True,True,,4885,93.83070301291248
12,2026-09-18T01:20:50.941+00:00,2026-09-18T01:22:16.513+00:00,2026-09-18T01:23:38.515+00:00,True,979,979.0,,979.0,85572.277712,167573.980624,167573.980522,171.16851943003064,0.018420000000000002,85572.277712,2732.328273657818,98.23161,83.84632199591002,24.09762500079859,5.842195765443238,17,24,,True,True,,10753,93.83070301291248
13,2026-09-18T01:20:54.533+00:00,2026-09-18T01:22:24.151+00:00,2026-09-18T01:23:18.361+00:00,True,626,626.0,,626.0,89618.665647,143828.317359,143828.317208,229.7576952204473,0.01871,89618.665647,3578.522073439924,150.1882115,86.7354427392,27.624315512856793,4.352411343570712,17,24,,True,True,,1259,93.83070301291248
14,2026-09-18T01:20:59.775+00:00,2026-09-18T01:23:04.580+00:00,2026-09-18T01:24:06.833+00:00,True,710,710.0,,710.0,124805.060765,187058.465949,187058.465943,263.4626280887324,68.115008,124805.060765,4681.530174162831,95.98127004999998,87.80452071086037,95.60582577208575,3.795604739929685,17,24,,True,True,,6390,93.83070301291248
15,2026-09-18T01:21:04.352+00:00,2026-09-18T01:23:09.332+00:00,2026-09-18T01:24:15.166+00:00,True,777,777.0,,777.0,124979.941115,190813.774843,190813.774831,245.57757378507077,69.118868,124979.941115,4480.641853060853,99.6694744,84.83741459793815,22.20806989329485,4.072033062808537,17,24,,True,True,,2308,93.83070301291248
16,2026-09-18T01:21:09.624+00:00,2026-09-18T01:23:18.547+00:00,2026-09-18T01:24:32.634+00:00,True,876,876.0,,876.0,128922.423699,203009.724307,203009.724334,231.74626065525115,65.488557,128922.423699,4353.0895634453755,126.8249035,84.67120069485713,23.85849873150958,4.315064231481223,17,24,,True,True,,3504,93.83070301291248
17,2026-09-18T01:21:15.321+00:00,2026-09-18T01:23:29.972+00:00,2026-09-18T01:24:57.147+00:00,True,828,828.0,,828.0,134650.633126,221825.348262,221825.348314,267.9050100410628,0.01677,134650.633126,4723.858888865058,90.02784799999999,105.41078009189843,672.731560978046,3.7326662912393647,17,24,,True,True,,1662,93.83070301291248
18,2026-09-18T01:21:19.317+00:00,2026-09-18T01:24:17.301+00:00,2026-09-18T01:25:23.529+00:00,True,779,779.0,,779.0,177983.515121,244211.994097,244211.994038,313.4942157098845,0.01714,177983.515121,6373.939433316618,143.0132589,85.12657966066837,29.505201157433238,3.189851517655535,17,24,,True,True,,0,93.83070301291248
19,2026-09-18T01:21:24.200+00:00,2026-09-18T01:24:17.451+00:00,2026-09-18T01:25:19.814+00:00,True,704,704.0,,704.0,173250.73870500003,235613.91310500004,235613.91312,334.6788538636364,0.016210000000000002,173250.73870500003,6526.8408303804235,140.59129464999998,88.71006315789474,84.89227646151753,2.987939000386052,17,24,,True,True,,1408,93.83070301291248
20,2026-09-18T01:21:29.308+00:00,2026-09-18T01:24:25.191+00:00,2026-09-18T01:25:38.674+00:00,True,881,881.0,,881.0,175882.090602,249365.74781800003,249365.747823,283.04852193303066,0.01625,175882.090602,5922.862721753876,98.07087,83.50415592727272,26.19397234942297,3.532963158368483,17,24,,True,True,,1625,93.83070301291248
21,2026-09-18T01:21:32.787+00:00,2026-09-18T01:24:32.039+00:00,2026-09-18T01:25:54.200+00:00,True,975,975.0,,975.0,179252.336817,261413.227185,261413.227377,268.11613064307693,0.01755,179252.336817,5738.078432547695,96.5433847,84.35409688706365,35.67283414305107,3.7297271086822263,17,24,,True,True,,2925,93.83070301291248
22,2026-09-18T01:21:38.148+00:00,2026-09-18T01:25:17.904+00:00,2026-09-18T01:26:37.421+00:00,True,955,955.0,,955.0,219756.79437599998,299273.26003999996,299273.260095,313.37514146073295,66.654332,219756.79437599998,7108.497447197313,93.28655429999999,83.35059293920335,21.2535749750102,3.1910635780569154,17,24,,True,True,,1910,93.83070301291248
23,2026-09-18T01:21:41.345+00:00,2026-09-18T01:25:18.046+00:00,2026-09-18T01:26:21.602+00:00,True,741,741.0,,741.0,216700.415472,280256.593392,280256.593365,378.2140261336032,70.606669,216700.415472,7957.689827810515,93.42430800000002,85.88672691891892,49.90586154090986,2.644005591559981,17,24,,True,True,,741,93.83070301291248
24,2026-09-18T01:21:45.634+00:00,2026-09-18T01:25:22.794+00:00,2026-09-18T01:26:22.292+00:00,True,710,710.0,,710.0,217159.360357,276658.152805,276658.152577,389.65936982676055,68.356057,217159.360357,8146.723187123522,93.6769701,83.91931233850494,21.00990276645188,2.566344034330472,17,24,,True,True,,710,93.83070301291248
25,2026-09-18T01:21:50.073+00:00,2026-09-18T01:25:33.758+00:00,2026-09-18T01:26:45.037+00:00,True,891,891.0,,891.0,223685.85617800002,294964.43025800004,294964.430271,331.0487432895623,0.01577,223685.85617800002,7491.130578258521,91.0172915,80.08828548314607,28.851354493948154,3.020703205537896,17,24,,True,True,,2854,93.83070301291248
26,2026-09-18T01:21:55.825+00:00,2026-09-18T01:25:51.637+00:00,2026-09-18T01:26:55.848+00:00,False,601,600.0,,600.0,235812.680662,300023.194326,300023.19425,499.20664600665555,0.016210000000000002,235812.680662,9663.603644762126,83.81983500000003,107.01752277333333,972.4268761673146,1.9998453831141147,17,24,,True,False,Request timeout: 300.0s exceeded,2409,93.83070301291248
27,2026-09-18T01:22:00.494+00:00,2026-09-18T01:26:23.744+00:00,2026-09-18T01:27:00.540+00:00,False,606,605.0,,605.0,263250.240175,300046.762671,300046.762649,495.12667103795377,0.01656,263250.240175,10691.386836867074,81.37868725,60.820698340495866,31.895734712434177,2.0163523665922036,17,24,,True,False,Request timeout: 300.0s exceeded,1212,93.83070301291248
0,2026-09-18T01:20:00.772+00:00,2026-09-18T01:20:01.033+00:00,2026-09-18T01:21:03.001+00:00,True,925,925.0,,925.0,261.527108,62228.7993,62228.799357,67.27437768324324,0.01768,261.527108,27.03713350431657,85.9965742,67.0641473939394,26.284453120247235,14.864500205775302,18,24,,False,True,,4258,93.83070301291248
1,2026-09-18T01:20:05.508+00:00,2026-09-18T01:20:05.623+00:00,2026-09-18T01:21:07.266+00:00,True,842,842.0,,842.0,115.440927,61758.308895,61758.308768,73.34716005700713,0.01662,245.744929,26.78960520757319,136.76702450000002,73.29710816646849,26.766125017201876,13.633793008023394,18,24,,False,True,,5052,93.83070301291248
2,2026-09-18T01:20:10.182+00:00,2026-09-18T01:20:10.323+00:00,2026-09-18T01:21:14.956+00:00,True,826,826.0,,826.0,140.968587,64773.560971000006,64773.560977,78.4183546937046,0.01753,207.155994,23.946500499726476,140.33634175,78.3425362230303,23.861617711982387,12.752116567588606,18,24,,False,True,,7432,93.83070301291248
3,2026-09-18T01:20:14.425+00:00,2026-09-18T01:20:14.563+00:00,2026-09-18T01:21:12.501+00:00,True,711,711.0,,711.0,137.466085,58076.037349,58076.037278,81.68219026441632,51.664473,206.761674,22.823165972853886,144.6249335,81.60362149859154,22.742831157012287,12.242570816726747,18,24,,False,True,,715,93.83070301291248
4,2026-09-18T01:20:17.721+00:00,2026-09-18T01:20:17.876+00:00,2026-09-18T01:21:43.242+00:00,True,845,845.0,,845.0,154.606162,85521.368402,85521.368469,101.20872008165681,0.01696,16269.448345,558.3343840986631,93.80427,101.14545289099526,558.6624092896168,9.880571555263362,18,24,,False,True,,5914,93.83070301291248
5,2026-09-18T01:20:21.175+00:00,2026-09-18T01:21:06.174+00:00,2026-09-18T01:22:10.371+00:00,True,764,764.0,,764.0,44998.950318999996,109195.255727,109195.25582399999,142.9257275183246,0.022719999999999997,44998.950318999996,1625.1471134229794,106.821901,84.13670433551769,24.615467119234427,6.996640970465631,18,24,,False,True,,3820,93.83070301291248
6,2026-09-18T01:20:25.248+00:00,2026-09-18T01:21:06.430+00:00,2026-09-18T01:22:23.991+00:00,True,929,929.0,,929.0,41181.679884000005,118742.59226800001,118742.59247300001,127.81764528848224,0.01744,41181.679884000005,1348.5823030818956,97.7051376,83.57856937931034,23.082190391269428,7.823645940820146,18,24,,False,True,,2787,93.83070301291248
7,2026-09-18T01:20:28.639+00:00,2026-09-18T01:21:06.661+00:00,2026-09-18T01:22:25.240+00:00,True,941,941.0,,941.0,38022.439279,116600.705391,116600.705519,123.91148301700319,0.019510000000000003,38022.439279,1236.9965619728312,97.948779,83.59390011914894,23.63366050020724,8.070277078037579,18,24,,False,True,,4227,93.83070301291248
8,2026-09-18T01:20:33.335+00:00,2026-09-18T01:21:13.773+00:00,2026-09-18T01:22:16.345+00:00,True,746,746.0,,746.0,40437.897775,103010.133295,103010.13333299999,138.08328865013405,0.01776,40437.897775,1477.6651410802608,100.01614300000001,83.98957787919463,24.544679979224487,7.242005967156729,18,24,,False,True,,2238,93.83070301291248
9,2026-09-18T01:20:37.558+00:00,2026-09-18T01:21:25.343+00:00,2026-09-18T01:22:43.669+00:00,True,805,805.0,,805.0,47785.667526,126111.285702,126111.28573399999,156.65998227826086,0.017410000000000002,47785.667526,1736.6800047703778,90.420192,97.41992310447762,437.3107546402412,6.38325107478651,18,24,,False,True,,1707,93.83070301291248
10,2026-09-18T01:20:41.075+00:00,2026-09-18T01:21:43.073+00:00,2026-09-18T01:22:57.406+00:00,True,615,615.0,,615.0,61998.204024,136330.959736,136330.959754,221.67635732357724,68.903987,61998.204024,2626.8289623827263,92.7560851,121.06312005211726,821.992326021756,4.511080984032721,18,24,,False,True,,1557,93.83070301291248
11,2026-09-18T01:20:45.482+00:00,2026-09-18T01:22:07.842+00:00,2026-09-18T01:23:12.940+00:00,True,756,756.0,,756.0,82359.36234,147457.20886800002,147457.20904400002,195.04921831216933,0.01564,82359.36234,2992.4174547383263,103.47599975000001,86.2223132821192,32.13119710826264,5.126911093758408,18,24,,True,True,,1512,93.83070301291248
12,2026-09-18T01:20:49.167+00:00,2026-09-18T01:22:13.123+00:00,2026-09-18T01:23:04.746+00:00,True,611,611.0,,611.0,83956.611645,135579.728701,135579.72886499998,221.8980832487725,0.01632,83956.611645,3393.2094733979843,98.10876200000001,84.62806074754099,27.6175553437918,4.506573407795095,18,24,,True,True,,2253,93.83070301291248
13,2026-09-18T01:20:52.308+00:00,2026-09-18T01:22:17.831+00:00,2026-09-18T01:23:32.591+00:00,True,885,885.0,,885.0,85523.26451899999,160282.55411899998,160282.554102,181.1102306237288,0.030920000000000003,85523.26451899999,2872.1003506795946,102.099571,84.56933212669684,25.15430359954786,5.521499235300068,18,24,,True,True,,6195,93.83070301291248
14,2026-09-18T01:20:55.749+00:00,2026-09-18T01:22:28.414+00:00,2026-09-18T01:23:52.701+00:00,True,908,908.0,,908.0,92665.152268,176951.62958,176951.629595,194.88064933370043,0.016739999999999998,92665.152268,3083.092917299387,94.5559045,92.9288614244763,260.06310658145867,5.131345792944463,18,24,,True,True,,2724,93.83070301291248
15,2026-09-18T01:20:59.150+00:00,2026-09-18T01:22:38.063+00:00,2026-09-18T01:24:14.342+00:00,True,882,882.0,,882.0,98913.68187700001,195192.340949,195192.341053,221.3065091303855,65.511707,98913.68187700001,3376.7334286727396,104.54723255,109.28338146651532,578.2131080730794,4.518619919776717,18,24,,True,True,,7926,93.83070301291248
16,2026-09-18T01:21:02.687+00:00,2026-09-18T01:23:04.979+00:00,2026-09-18T01:24:33.183+00:00,True,995,995.0,,995.0,122292.520049,210496.337521,210496.337613,211.55410815376885,67.42185799999999,122292.520049,3875.271438563225,137.7222424,88.73623488128773,94.49276761469018,4.726923098606096,18,24,,True,True,,8955,93.83070301291248
17,2026-09-18T01:21:07.576+00:00,2026-09-18T01:23:15.882+00:00,2026-09-18T01:24:16.402+00:00,True,714,714.0,,714.0,128306.278128,188826.5244,188826.524275,264.4629191526611,67.895757,128306.278128,4798.626982129562,100.9430112,84.88113081626928,24.371055156944937,3.781248435667336,18,24,,True,True,,2855,93.83070301291248
18,2026-09-18T01:21:12.009+00:00,2026-09-18T01:23:22.433+00:00,2026-09-18T01:24:43.230+00:00,True,969,969.0,,969.0,130424.188107,211220.69242699997,211220.69238599998,217.97801071826626,64.776206,130424.188107,4187.21015521224,96.64250059999999,83.46746314049587,22.97211946975935,4.587618707551091,18,24,,True,True,,6772,93.83070301291248
19,2026-09-18T01:21:15.948+00:00,2026-09-18T01:23:32.284+00:00,2026-09-18T01:25:03.430+00:00,True,806,806.0,,806.0,136335.800488,227481.236392,227481.236232,282.2347844069479,0.01723,136335.800488,4856.735784340408,94.6932655,113.22414398012423,752.0106990526247,3.5431493725974192,18,24,,True,True,,3219,93.83070301291248
20,2026-09-18T01:21:18.681+00:00,2026-09-18T01:24:16.986+00:00,2026-09-18T01:25:13.636+00:00,True,679,679.0,,679.0,178305.233871,234955.435983,234955.436173,346.03157021060383,0.01661,178305.233871,6839.571597494146,99.07789209999999,83.55487037168142,26.506222939631524,2.8899097276009758,18,24,,True,True,,2679,93.83070301291248
21,2026-09-18T01:21:22.668+00:00,2026-09-18T01:24:17.457+00:00,2026-09-18T01:25:37.605+00:00,True,934,934.0,,934.0,174789.849181,254937.150813,254937.150867,272.9519816563169,0.01841,174789.849181,5716.710983053725,101.66848099999999,85.90278845873526,50.546922132334046,3.6636480678530146,18,24,,True,True,,1868,93.83070301291248
22,2026-09-18T01:21:25.632+00:00,2026-09-18T01:24:19.975+00:00,2026-09-18T01:25:41.741+00:00,True,963,963.0,,963.0,174343.052131,256109.45725099999,256109.457352,265.9495922658359,0.01727,174343.052131,5615.610315192998,96.454488,84.99626311850312,50.06491030144602,3.760111049144945,18,24,,True,True,,1926,93.83070301291248
23,2026-09-18T01:21:28.838+00:00,2026-09-18T01:24:24.607+00:00,2026-09-18T01:25:45.037+00:00,True,969,969.0,,969.0,175768.702736,256199.305488,256199.305548,264.3955681609907,0.01685,175768.702736,5643.889468118276,96.262621,83.08946565289256,24.802536682132747,3.7822116580459917,18,24,,True,True,,984,93.83070301291248
24,2026-09-18T01:21:32.382+00:00,2026-09-18T01:24:31.729+00:00,2026-09-18T01:25:51.369+00:00,True,958,958.0,,958.0,179346.175715,258986.04438699997,258986.04434599998,270.340338565762,0.01697,179346.175715,5791.770425769763,95.8675235,83.21825357575757,23.38518558038362,3.6990410130689173,18,24,,True,True,,4073,93.83070301291248
25,2026-09-18T01:21:36.830+00:00,2026-09-18T01:24:45.116+00:00,2026-09-18T01:26:29.525+00:00,True,960,960.0,,960.0,188285.381309,292694.607805,292694.60791099997,304.8902165739583,0.017329999999999998,188285.381309,6122.161565744202,99.05822755,108.8730203295099,771.7848214652964,3.279869100422836,18,24,,True,True,,1924,93.83070301291248
26,2026-09-18T01:21:41.314+00:00,2026-09-18T01:25:18.047+00:00,2026-09-18T01:26:10.024+00:00,True,620,620.0,,620.0,216732.942586,268710.422778,268710.42259699997,433.40390741451614,68.88172800000001,216732.942586,8700.982272721847,90.69246100000001,83.97008108562197,51.15899848029974,2.3073165290362563,18,24,,True,True,,1241,93.83070301291248
27,2026-09-18T01:21:45.554+00:00,2026-09-18T01:25:22.305+00:00,2026-09-18T01:26:12.455+00:00,True,614,614.0,,614.0,216751.202042,266900.754938,266900.755006,434.69178339739415,69.031697,216751.202042,8744.0748214883,89.39059234999999,81.8100373507341,13.092836275530166,2.300480566803304,18,24,,True,True,,2545,93.83070301291248
28,2026-09-18T01:21:49.357+00:00,2026-09-18T01:25:31.997+00:00,2026-09-18T01:26:23.204+00:00,True,605,605.0,,605.0,222640.57208399998,273847.147444,273847.14732499997,452.63991293388426,68.26666499999999,222640.57208399998,9048.20951420482,96.8884136,84.7790982781457,23.25834688698598,2.2092616470424202,18,24,,True,True,,1210,93.83070301291248
29,2026-09-18T01:21:53.820+00:00,2026-09-18T01:25:42.218+00:00,2026-09-18T01:26:53.841+00:00,False,750,749.0,,749.0,228398.405654,300021.022486,300021.022485,400.02802998,0.01551,228398.405654,8355.339656098142,85.53675745000001,95.62432153805074,562.058055546038,2.4964917251255314,18,24,,True,False,Request timeout: 300.0s exceeded,2246,93.83070301291248
30,2026-09-18T01:21:56.975+00:00,2026-09-18T01:26:23.599+00:00,2026-09-18T01:26:57.009+00:00,False,529,528.0,,528.0,266624.190717,300034.104061,300034.104051,567.1722193780718,0.01629,266624.190717,11589.632794169278,80.71862899999999,63.27635103030303,25.41869600322533,1.75979994558436,18,24,,True,False,Request timeout: 300.0s exceeded,1071,93.83070301291248
0,2026-09-18T01:20:00.911+00:00,2026-09-18T01:20:01.033+00:00,2026-09-18T01:21:05.889+00:00,True,954,954.0,,954.0,122.550332,64978.494524,64978.494531,68.11162948742138,0.0167,248.05852,27.381925915901697,87.88865045,68.05450597271773,27.339373433980388,14.681780595080381,19,24,,False,True,,1908,93.83070301291248
1,2026-09-18T01:20:05.046+00:00,2026-09-18T01:20:05.167+00:00,2026-09-18T01:21:13.603+00:00,True,930,930.0,,930.0,120.313558,68556.47637399999,68556.476308,73.71664119139785,0.01579,247.99153099999998,25.939106877113005,113.55629370000001,73.66648311733046,25.9079157514365,13.565457987171321,19,24,,False,True,,8362,93.83070301291248
2,2026-09-18T01:20:09.429+00:00,2026-09-18T01:20:09.541+00:00,2026-09-18T01:20:54.764+00:00,True,622,622.0,,622.0,111.756277,45334.703861,45334.703984,72.88537618006431,0.01702,255.388153,20.951578266337343,86.31037865000002,72.82278193880836,20.91018318673086,13.72017344388317,19,24,,False,True,,5590,93.83070301291248
3,2026-09-18T01:20:14.808+00:00,2026-09-18T01:20:14.963+00:00,2026-09-18T01:21:24.948+00:00,True,866,866.0,,866.0,154.894182,70140.063078,70140.063107,80.99314446535797,51.946870000000004,203.83046299999998,20.811606697983233,137.8308985,80.90770970635839,20.671133889042714,12.346723997623945,19,24,,False,True,,4350,93.83070301291248
4,2026-09-18T01:20:21.096+00:00,2026-09-18T01:20:21.306+00:00,2026-09-18T01:21:53.130+00:00,True,767,767.0,,767.0,210.090655,92034.407839,92034.407873,119.99270909126466,0.01772,31737.209136999998,1143.2030900858788,88.2008487,119.87508770757181,1143.9453918614329,8.333839680282923,19,24,,False,True,,767,93.83070301291248
5,2026-09-18T01:20:25.141+00:00,2026-09-18T01:21:06.432+00:00,2026-09-18T01:22:18.854+00:00,True,865,865.0,,865.0,41290.903678999995,113713.801599,113713.801771,131.4610425098266,0.0165,41290.903678999995,1401.2726373314763,99.9010848,83.82279851851852,23.079334862219866,7.606816304060728,19,24,,False,True,,1730,93.83070301291248
6,2026-09-18T01:20:29.238+00:00,2026-09-18T01:21:07.452+00:00,2026-09-18T01:22:25.791+00:00,True,941,941.0,,941.0,38213.950526,116552.06611,116552.0661,123.85979394261425,0.01761,38213.950526,1243.2140313246814,96.21605800000002,83.33842083404255,21.837460460556255,8.073644950334034,19,24,,False,True,,3765,93.83070301291248
7,2026-09-18T01:20:34.113+00:00,2026-09-18T01:21:15.271+00:00,2026-09-18T01:22:32.888+00:00,True,937,937.0,,937.0,41157.563604999996,118774.580949,118774.580839,126.76049182390608,0.01713,41157.563604999996,1342.0301144249668,94.0425612,82.92416382905982,21.999398004380897,7.8888933348654255,19,24,,False,True,,4685,93.83070301291248
8,2026-09-18T01:20:39.087+00:00,2026-09-18T01:21:27.627+00:00,2026-09-18T01:22:57.059+00:00,True,891,891.0,,891.0,48540.187722999995,137972.306251,137972.306411,154.85107341301907,0.01908,48540.187722999995,1701.8755877220474,92.19019200000001,100.48552643595507,513.0549456477482,6.457817689725993,19,24,,False,True,,6236,93.83070301291248
9,2026-09-18T01:20:44.512+00:00,2026-09-18T01:22:07.839+00:00,2026-09-18T01:23:15.726+00:00,True,788,788.0,,788.0,83327.154112,151214.584512,151214.584454,191.89668077918782,0.0162,83327.154112,2965.484344660629,132.42742625,86.26102973316391,29.876280381919084,5.21113755358344,19,24,,True,True,,3159,93.83070301291248
10,2026-09-18T01:20:50.693+00:00,2026-09-18T01:22:15.766+00:00,2026-09-18T01:23:32.205+00:00,True,905,905.0,,905.0,85072.719926,161511.630134,161511.6302,178.4658897237569,0.01705,85072.719926,2825.210759784894,99.5218938,84.55631660176991,24.786247071761817,5.603311657799233,19,24,,True,True,,1809,93.83070301291248
11,2026-09-18T01:20:55.885+00:00,2026-09-18T01:22:29.330+00:00,2026-09-18T01:23:50.776+00:00,True,868,868.0,,868.0,93445.13986499999,174890.88143299997,174890.881393,201.48719054493085,0.01713,93445.13986499999,3182.1282010662944,94.4326685,93.93972499192618,293.8613734491641,4.9630946615849005,19,24,,True,True,,2602,93.83070301291248
12,2026-09-18T01:21:00.085+00:00,2026-09-18T01:23:04.582+00:00,2026-09-18T01:24:17.154+00:00,True,812,812.0,,812.0,124496.79062100001,197068.608349,197068.608401,242.69533054310347,64.233766,124496.79062100001,4366.856848358307,139.43403550000002,89.48436218002465,94.26471020563805,4.120392419689609,19,24,,True,True,,8292,93.83070301291248
13,2026-09-18T01:21:04.335+00:00,2026-09-18T01:23:09.332+00:00,2026-09-18T01:24:15.864+00:00,True,783,783.0,,783.0,124996.261692,191528.632892,191528.632862,244.60872651596424,69.560168,124996.261692,4464.022974585341,103.34321700000001,85.07975856777493,23.44945522788063,4.088161588045802,19,24,,True,True,,2349,93.83070301291248
14,2026-09-18T01:21:09.869+00:00,2026-09-18T01:23:18.970+00:00,2026-09-18T01:24:18.518+00:00,True,700,700.0,,700.0,129100.137331,188648.231027,188648.23086500002,269.49747266428574,66.089376,129100.137331,4876.372448391822,140.00246795,85.19040585979971,25.351589923566962,3.7106099335742697,19,24,,True,True,,2100,93.83070301291248
15,2026-09-18T01:21:15.897+00:00,2026-09-18T01:23:31.974+00:00,2026-09-18T01:25:17.189+00:00,True,984,984.0,,984.0,136077.58496200002,241292.44166600003,241292.441675,245.2158960111789,0.01722,136077.58496200002,4385.432874700384,135.03334295000002,107.03444222177009,666.231720551474,4.078039051724898,19,24,,True,True,,6874,93.83070301291248
16,2026-09-18T01:21:20.898+00:00,2026-09-18T01:24:17.304+00:00,2026-09-18T01:25:24.828+00:00,True,791,791.0,,791.0,176405.842372,243930.38355600002,243930.383642,308.3822802048041,0.016370000000000003,176405.842372,6269.324525075256,146.45094849999998,85.47410276455696,34.344960517550234,3.2427284722339937,19,24,,True,True,,799,93.83070301291248
17,2026-09-18T01:21:26.723+00:00,2026-09-18T01:24:21.755+00:00,2026-09-18T01:25:16.756+00:00,True,663,663.0,,663.0,175031.08210600002,230032.37311400002,230032.373201,346.95682232428356,0.0161,175031.08210600002,6794.47219071705,95.57138090000001,83.08352116012084,27.341985782615012,2.8822030178831777,19,24,,True,True,,1990,93.83070301291248
18,2026-09-18T01:21:30.266+00:00,2026-09-18T01:24:25.605+00:00,2026-09-18T01:25:19.584+00:00,True,644,644.0,,644.0,175339.03858300002,229318.33560700002,229318.33545400001,356.0843718229814,0.01613,175339.03858300002,6906.081977335016,142.2374865,83.94914000622083,29.752645521931225,2.808323190970961,19,24,,True,True,,652,93.83070301291248
19,2026-09-18T01:21:33.709+00:00,2026-09-18T01:24:34.367+00:00,2026-09-18T01:25:42.060+00:00,True,685,685.0,,685.0,180658.17475600002,248350.929956,248350.93004300003,362.55610225255475,0.01702,180658.17475600002,6906.329804637339,97.11257499999999,98.966016374269,322.3755440415692,2.7581938192112285,19,24,,True,True,,2003,93.83070301291248
20,2026-09-18T01:21:38.876+00:00,2026-09-18T01:25:17.899+00:00,2026-09-18T01:26:15.085+00:00,True,688,688.0,,688.0,219023.177109,276209.052309,276209.05222,401.46664566860466,69.147318,219023.177109,8347.028498107195,92.961512,83.23999301310043,19.02433891221268,2.49086695113208,19,24,,True,True,,1376,93.83070301291248
21,2026-09-18T01:21:43.355+00:00,2026-09-18T01:25:18.265+00:00,2026-09-18T01:26:39.107+00:00,True,960,960.0,,960.0,214910.143867,295751.487355,295751.48757,308.07446621875,61.806650000000005,214910.143867,6933.745638583761,93.32681919999999,84.29754274035454,61.36433438536207,3.2459684601608823,19,24,,True,True,,1920,93.83070301291248
22,2026-09-18T01:21:49.610+00:00,2026-09-18T01:25:32.481+00:00,2026-09-18T01:26:31.905+00:00,True,707,707.0,,707.0,222871.101878,282295.34303,282295.342892,399.286199281471,69.239258,222871.101878,8378.793805376283,95.37568300000001,84.17031324645892,22.021335210432735,2.504469228615174,19,24,,True,True,,4959,93.83070301291248
23,2026-09-18T01:21:55.117+00:00,2026-09-18T01:25:45.191+00:00,2026-09-18T01:26:55.139+00:00,False,685,684.0,,684.0,230074.23266299997,300022.117463,300022.117453,437.98849263211673,0.01622,230074.23266299997,8828.38723806125,84.38308420000001,102.2629894736842,856.7608431787038,2.279831919672901,19,24,,True,False,Request timeout: 300.0s exceeded,2051,93.83070301291248
0,2026-09-18T01:20:00.912+00:00,2026-09-18T01:20:01.033+00:00,2026-09-18T01:20:53.325+00:00,True,823,823.0,,823.0,121.412041,52412.98708100001,52412.987109,63.685282027946535,0.01742,244.975619,23.283446575434372,85.1843856,63.61505479318735,23.210242810729085,15.702215153815228,20,24,,False,True,,3390,93.83070301291248
1,2026-09-18T01:20:05.792+00:00,2026-09-18T01:20:05.902+00:00,2026-09-18T01:21:15.117+00:00,True,931,931.0,,931.0,110.767815,69325.009351,69325.009468,74.46295324167562,0.01691,253.922502,25.67368059801071,109.6151695,74.42391563010752,25.65983641514729,13.429496926372508,20,24,,False,True,,5117,93.83070301291248
2,2026-09-18T01:20:10.076+00:00,2026-09-18T01:20:10.180+00:00,2026-09-18T01:21:05.501+00:00,True,718,718.0,,718.0,104.57087,55424.670966000005,55424.671014,77.19313511699164,0.019571,209.187974,24.586271722457475,139.71934000000002,77.15495131938633,24.582123395702332,12.954519846233342,20,24,,False,True,,6444,93.83070301291248
3,2026-09-18T01:20:14.075+00:00,2026-09-18T01:20:14.236+00:00,2026-09-18T01:21:25.183+00:00,True,882,882.0,,882.0,160.849685,71107.58862899999,71107.588709,80.62084887641723,49.197497000000006,206.279754,20.9125287402129,135.50240315000002,80.52978313734393,20.74869302314311,12.403739418049843,20,24,,False,True,,2646,93.83070301291248
4,2026-09-18T01:20:17.297+00:00,2026-09-18T01:20:17.459+00:00,2026-09-18T01:21:40.618+00:00,True,853,853.0,,853.0,161.952677,83321.455781,83321.4556,97.68048722157093,0.01998,14862.151499,506.87007771085223,93.5397336,97.60505059154929,507.16300516388765,10.237459151481985,20,24,,False,True,,5979,93.83070301291248
5,2026-09-18T01:20:21.772+00:00,2026-09-18T01:21:06.174+00:00,2026-09-18T01:22:08.505+00:00,True,744,744.0,,744.0,44402.278748000004,106733.44828400001,106733.448309,143.45893589919356,0.022969999999999997,44402.278748000004,1624.9767485441068,101.84422565000001,83.89121068102288,24.59101070703112,6.970635840606773,20,24,,False,True,,3995,93.83070301291248
6,2026-09-18T01:20:26.549+00:00,2026-09-18T01:21:06.431+00:00,2026-09-18T01:22:18.144+00:00,True,855,855.0,,855.0,39881.84922,111594.228868,111594.228794,130.51956584093566,0.01693,39881.84922,1361.263944946186,97.93426240000001,83.97234150819672,23.653252050981088,7.661686528712364,20,24,,False,True,,3420,93.83070301291248
7,2026-09-18T01:20:31.465+00:00,2026-09-18T01:21:10.961+00:00,2026-09-18T01:22:13.028+00:00,True,741,741.0,,741.0,39495.879655000004,101563.56272700001,101563.562529,137.06283742105265,0.0182,39495.879655000004,1448.0430140789965,102.389212,83.8752473945946,24.491588988632355,7.295923657107098,20,24,,False,True,,1482,93.83070301291248
8,2026-09-18T01:20:35.595+00:00,2026-09-18T01:21:21.681+00:00,2026-09-18T01:22:50.509+00:00,True,987,987.0,,987.0,46085.578590000005,134913.952094,134913.952166,136.69093431205675,0.016980000000000002,46085.578590000005,1475.8480850033009,92.7724137,90.08962830020285,186.31404505258047,7.31577412625432,20,24,,False,True,,2965,93.83070301291248
9,2026-09-18T01:20:39.006+00:00,2026-09-18T01:21:27.172+00:00,2026-09-18T01:23:00.285+00:00,True,939,939.0,,939.0,48165.567291,141278.390075,141278.390106,150.45621949520768,0.01748,48165.567291,1639.175135107185,92.29589709999999,99.26740168869937,476.10893289838606,6.646451729110985,20,24,,False,True,,3287,93.83070301291248
10,2026-09-18T01:20:43.104+00:00,2026-09-18T01:22:07.691+00:00,2026-09-18T01:23:21.835+00:00,True,866,866.0,,866.0,84586.68712,158730.32846400002,158730.328664,183.29137259122402,0.01776,84586.68712,2871.5625480592703,106.5172125,85.71519230520231,24.291929366837905,5.455794165992723,20,24,,True,True,,6062,93.83070301291248
11,2026-09-18T01:20:46.946+00:00,2026-09-18T01:22:07.839+00:00,2026-09-18T01:23:22.336+00:00,True,859,859.0,,859.0,80893.15060699999,155390.364559,155390.364332,180.89681528754363,0.01767,80893.15060699999,2757.466127887044,102.58481320000001,86.8265896876457,46.39831389448512,5.528013287296505,20,24,,True,True,,861,93.83070301291248
12,2026-09-18T01:20:51.702+00:00,2026-09-18T01:22:17.675+00:00,2026-09-18T01:23:29.576+00:00,True,848,848.0,,848.0,85972.513662,157873.910142,157873.910238,186.17206395990567,0.016649999999999998,85972.513662,2949.502956544104,100.11594919999999,84.8894881700118,25.468829180385036,5.371375164124742,20,24,,True,True,,6778,93.83070301291248
13,2026-09-18T01:20:55.649+00:00,2026-09-18T01:22:27.579+00:00,2026-09-18T01:23:31.802+00:00,True,679,679.0,,679.0,91930.423881,156153.375049,156153.375134,229.97551566126657,0.016390000000000002,91930.423881,3532.9004004015146,105.65294100000001,94.72411676696164,246.10511043282776,4.348288980541944,20,24,,True,True,,2037,93.83070301291248
14,2026-09-18T01:20:59.958+00:00,2026-09-18T01:23:04.579+00:00,2026-09-18T01:24:03.656+00:00,True,675,675.0,,675.0,124621.137311,183697.991327,183697.991354,272.1451723762963,64.69616599999999,124621.137311,4794.299755796065,92.9535389,87.65111871810089,98.16703918235342,3.6745094223618127,20,24,,True,True,,2015,93.83070301291248
15,2026-09-18T01:21:02.883+00:00,2026-09-18T01:23:04.976+00:00,2026-09-18T01:23:59.045+00:00,True,606,606.0,,606.0,122092.518338,176161.30835399998,176161.308326,290.6952282607261,69.25497800000001,122092.518338,4957.568320386687,93.05503525,89.36990085289256,123.22719299829703,3.44002894655068,20,24,,True,True,,6296,93.83070301291248
16,2026-09-18T01:21:06.790+00:00,2026-09-18T01:23:09.859+00:00,2026-09-18T01:24:31.887+00:00,True,949,949.0,,949.0,123068.361701,205096.44285300002,205096.442858,216.11848562486827,68.38822900000001,123068.361701,3992.394954303977,113.9076686,86.52751176371308,43.402760838256484,4.627091463893318,20,24,,True,True,,1899,93.83070301291248
17,2026-09-18T01:21:10.465+00:00,2026-09-18T01:23:20.290+00:00,2026-09-18T01:24:39.779+00:00,True,950,950.0,,950.0,129824.57980400001,209314.464988,209314.465024,220.33101581473684,65.435466,129824.57980400001,4209.411078400971,96.1420625,83.76173359747102,23.060664403606314,4.538625651382782,20,24,,True,True,,2850,93.83070301291248
18,2026-09-18T01:21:15.045+00:00,2026-09-18T01:23:29.738+00:00,2026-09-18T01:24:52.112+00:00,True,780,780.0,,780.0,134693.059243,217067.03453900001,217067.034659,278.291070075641,0.01617,134693.059243,4866.015146857367,90.04076245,105.74322887804878,675.2317288597004,3.593360003542403,20,24,,True,True,,2339,93.83070301291248
19,2026-09-18T01:21:18.566+00:00,2026-09-18T01:23:45.833+00:00,2026-09-18T01:25:07.603+00:00,True,627,627.0,,627.0,147266.20448800002,229036.455496,229036.455569,365.28940282137165,0.0166,147266.20448800002,5994.95145929663,94.867109,130.62340416613418,1189.1104608925411,2.73755546313434,20,24,,True,True,,2508,93.83070301291248
20,2026-09-18T01:21:21.944+00:00,2026-09-18T01:24:17.299+00:00,2026-09-18T01:25:10.376+00:00,True,626,626.0,,626.0,175354.721067,228432.153899,228432.153885,364.90759406549523,0.02017,175354.721067,7005.3848286896955,92.8215285,84.92389253120001,52.291386704120576,2.740419810937748,20,24,,True,True,,4388,93.83070301291248
21,2026-09-18T01:21:25.094+00:00,2026-09-18T01:24:19.977+00:00,2026-09-18T01:25:42.221+00:00,True,971,971.0,,971.0,174883.082898,257126.93748999998,257126.937562,264.8063208671473,0.016579999999999998,174883.082898,5609.7441209111,98.78011500000001,84.78747896082474,47.37848434073032,3.776344903721974,20,24,,True,True,,6797,93.83070301291248
22,2026-09-18T01:21:29.818+00:00,2026-09-18T01:24:25.608+00:00,2026-09-18T01:25:33.589+00:00,True,813,813.0,,813.0,175790.325065,243771.29735300003,243771.297342,299.8416941476015,0.01694,175790.325065,6162.3511972401575,103.6817396,83.72040922167487,25.21686914877333,3.335093215764086,20,24,,True,True,,7,93.83070301291248
23,2026-09-18T01:21:34.325+00:00,2026-09-18T01:24:38.266+00:00,2026-09-18T01:25:51.878+00:00,True,682,682.0,,682.0,183941.458303,257553.225599,257553.225618,377.64402583284453,0.01734,183941.458303,7059.115543731665,95.80270095,108.09363773274596,528.3629539119831,2.6479963448869657,20,24,,True,True,,1364,93.83070301291248
24,2026-09-18T01:21:38.937+00:00,2026-09-18T01:25:17.902+00:00,2026-09-18T01:26:18.700+00:00,True,723,723.0,,723.0,218965.405037,279762.84554899996,279762.845587,386.9472276445366,68.417187,218965.405037,8140.310801301371,96.3505399,84.20698131855956,22.646146188742215,2.584331734906406,20,24,,True,True,,723,93.83070301291248
25,2026-09-18T01:21:43.567+00:00,2026-09-18T01:25:20.398+00:00,2026-09-18T01:26:31.223+00:00,True,846,846.0,,846.0,216831.052323,287655.487779,287655.487823,340.0183071193854,69.482958,216831.052323,7451.951559958551,93.64824049999999,83.815899947929,20.465564710192453,2.941018113480126,20,24,,True,True,,3347,93.83070301291248
26,2026-09-18T01:21:46.532+00:00,2026-09-18T01:25:24.664+00:00,2026-09-18T01:26:39.038+00:00,True,904,904.0,,904.0,218131.547781,292505.997189,292505.997051,323.5685808086283,64.369601,218131.547781,7252.235886893647,92.26582735,82.3637313488372,20.12860829326583,3.090534924710924,20,24,,True,True,,0,93.83070301291248
27,2026-09-18T01:21:49.678+00:00,2026-09-18T01:25:33.351+00:00,2026-09-18T01:26:43.299+00:00,True,866,866.0,,866.0,223673.023923,293620.973747,293620.973885,339.0542423614319,0.01868,223673.023923,7598.02065478514,89.51699349999998,80.86468187745665,27.521990116157323,2.9493805873220533,20,24,,True,True,,870,93.83070301291248
28,2026-09-18T01:21:54.639+00:00,2026-09-18T01:25:43.588+00:00,2026-09-18T01:26:54.671+00:00,False,709,708.0,,708.0,228948.162716,300031.765916,300031.765947,423.1759745373766,0.01749,228948.162716,8625.228963497411,84.5675588,100.40056949152543,727.2500127210544,2.3597501345848126,20,24,,True,False,Request timeout: 300.0s exceeded,2664,93.83070301291248
29,2026-09-18T01:21:58.486+00:00,2026-09-18T01:26:23.598+00:00,2026-09-18T01:26:58.520+00:00,False,561,560.0,,560.0,265112.684266,300034.74353,300034.743507,534.8212896737967,0.01643,265112.684266,11190.470089866818,81.84257000000001,62.360820114285715,28.670842144015673,1.8664505097357384,20,24,,True,False,Request timeout: 300.0s exceeded,2240,93.83070301291248
0,2026-09-18T01:20:00.913+00:00,2026-09-18T01:20:01.033+00:00,2026-09-18T01:20:56.768+00:00,True,860,860.0,,860.0,120.64840099999999,55855.143633,55855.14356,64.94784134883722,0.0183,252.777112,24.35904878436853,85.71324609999999,64.88299794179278,24.29886128423575,15.396970521653087,21,24,,False,True,,2578,93.83070301291248
1,2026-09-18T01:20:06.566+00:00,2026-09-18T01:20:06.669+00:00,2026-09-18T01:21:04.439+00:00,True,788,788.0,,788.0,102.745953,57872.554080999995,57872.553926,73.44232731725889,0.01609,248.04837,25.588445688729312,112.1545041,73.40509291994917,25.583346640692106,13.616126202017865,21,24,,False,True,,3938,93.83070301291248
2,2026-09-18T01:20:12.153+00:00,2026-09-18T01:20:12.301+00:00,2026-09-18T01:21:16.259+00:00,True,802,802.0,,802.0,148.179579,64106.611579000004,64106.611597,79.93343091895262,47.253468999999996,208.325684,22.458393575538526,140.03463299999999,79.84822971285892,22.342352843897057,12.510410084795662,21,24,,False,True,,3231,93.83070301291248
3,2026-09-18T01:20:18.179+00:00,2026-09-18T01:20:18.380+00:00,2026-09-18T01:21:55.252+00:00,True,917,917.0,,917.0,200.904391,97072.282311,97072.282492,105.85854143075245,0.017070000000000002,22157.529298999998,732.3975592377395,88.54509379999999,105.75477938864628,732.7909163350862,9.446568867744523,21,24,,False,True,,8253,93.83070301291248
4,2026-09-18T01:20:23.422+00:00,2026-09-18T01:21:06.176+00:00,2026-09-18T01:22:17.242+00:00,True,846,846.0,,846.0,42753.841341,113820.26258899999,113820.262524,134.5393174042553,0.02274,42753.841341,1467.2113052065288,100.6402185,84.1022736662722,23.962361037472867,7.432771465787854,21,24,,False,True,,846,93.83070301291248
5,2026-09-18T01:20:29.514+00:00,2026-09-18T01:21:07.963+00:00,2026-09-18T01:22:27.416+00:00,True,956,956.0,,956.0,38448.237921,117901.489761,117901.489607,123.32791799895398,0.0188,38448.237921,1241.0044708950434,96.55788899999999,83.19712234554973,21.747951149419194,8.108464124905655,21,24,,False,True,,4780,93.83070301291248
6,2026-09-18T01:20:33.542+00:00,2026-09-18T01:21:14.570+00:00,2026-09-18T01:22:17.324+00:00,True,748,748.0,,748.0,41027.302655,103781.850367,103781.850507,138.74578944786097,0.0174,41027.302655,1497.2516234014872,100.58163665000001,84.00876534404284,25.480107265926687,7.207425935795851,21,24,,False,True,,3740,93.83070301291248
7,2026-09-18T01:20:39.624+00:00,2026-09-18T01:21:32.580+00:00,2026-09-18T01:22:54.910+00:00,True,769,769.0,,769.0,52956.010204000006,135285.917916,135285.91792100001,175.92447063849156,70.012508,52956.010204000006,2011.4270579412228,91.49345500000001,107.20040066666667,643.7337016535795,5.684257547614656,21,24,,False,True,,769,93.83070301291248
8,2026-09-18T01:20:46.025+00:00,2026-09-18T01:22:07.839+00:00,2026-09-18T01:23:23.447+00:00,True,874,874.0,,874.0,81814.1026,157422.155848,157422.156015,180.11688331235698,0.016579999999999998,81814.1026,2764.817879015249,105.983271,86.60716294158075,43.64466381129102,5.551950392827147,21,24,,True,True,,6106,93.83070301291248
9,2026-09-18T01:20:50.670+00:00,2026-09-18T01:22:14.539+00:00,2026-09-18T01:23:25.733+00:00,True,836,836.0,,836.0,83869.186519,155062.806487,155062.806551,185.48182601794258,0.0162,83869.186519,2897.8413414663005,102.03196525,85.26182032095808,25.68708731067765,5.391363789549931,21,24,,True,True,,5016,93.83070301291248
10,2026-09-18T01:20:56.301+00:00,2026-09-18T01:22:30.476+00:00,2026-09-18T01:23:52.786+00:00,True,861,861.0,,861.0,94175.002148,176484.58909199998,176484.589105,204.97629396631822,0.05042,94175.002148,3221.0879945472534,96.450409,95.70882202790699,309.3745578223403,4.878612939689412,21,24,,True,True,,3449,93.83070301291248
11,2026-09-18T01:21:02.354+00:00,2026-09-18T01:23:04.978+00:00,2026-09-18T01:24:31.109+00:00,True,968,968.0,,968.0,122624.59223299999,208755.64400899998,208755.64411899998,215.65665714772726,67.046107,122624.59223299999,3939.599304313631,137.88645065,89.07037412202689,95.5818409325858,4.637000377140783,21,24,,True,True,,1942,93.83070301291248
12,2026-09-18T01:21:08.127+00:00,2026-09-18T01:23:16.165+00:00,2026-09-18T01:24:29.905+00:00,True,868,868.0,,868.0,128038.502031,201777.961871,201777.961995,232.46308985599077,68.365738,128038.502031,4343.088590232117,128.78934005,85.05128009227221,23.86287933895957,4.301758189801356,21,24,,True,True,,9548,93.83070301291248
13,2026-09-18T01:21:12.124+00:00,2026-09-18T01:23:22.513+00:00,2026-09-18T01:24:44.953+00:00,True,990,990.0,,990.0,130388.773173,212829.513781,212829.51392599999,214.9793069959596,66.588006,130388.773173,4141.440051695948,94.86548264999999,83.35767503336704,22.689211004956295,4.65161049523753,21,24,,True,True,,3955,93.83070301291248
14,2026-09-18T01:21:16.469+00:00,2026-09-18T01:23:32.363+00:00,2026-09-18T01:24:58.241+00:00,True,737,737.0,,737.0,135894.27821000002,221772.050498,221772.05045200002,300.9118730691995,0.01726,135894.27821000002,5068.840310739493,91.17992699999999,116.68175582608696,824.4653580126951,3.3232321130865246,21,24,,True,True,,2194,93.83070301291248
15,2026-09-18T01:21:21.341+00:00,2026-09-18T01:24:17.304+00:00,2026-09-18T01:25:20.144+00:00,True,733,733.0,,733.0,175962.800204,238802.848076,238802.848059,325.7883329590723,0.01736,175962.800204,6496.275149219047,148.167446,85.84705993442623,38.1151152166847,3.069477629373665,21,24,,True,True,,4398,93.83070301291248
16,2026-09-18T01:21:25.487+00:00,2026-09-18T01:24:19.970+00:00,2026-09-18T01:25:21.933+00:00,True,718,718.0,,718.0,174483.55543799998,236446.63588599997,236446.63597799998,329.3128634791086,0.019059999999999997,174483.55543799998,6508.699360104682,142.45562085,86.4199169428173,57.77476810947694,3.0366259909325817,21,24,,True,True,,1438,93.83070301291248
17,2026-09-18T01:21:31.158+00:00,2026-09-18T01:24:28.774+00:00,2026-09-18T01:25:42.752+00:00,True,886,886.0,,886.0,177616.589225,251594.649769,251594.64963600002,283.9668731783296,0.01616,177616.589225,5964.394983739965,98.02915700000001,83.59102886327683,26.150727351503054,3.521537524003293,21,24,,True,True,,5316,93.83070301291248
18,2026-09-18T01:21:37.053+00:00,2026-09-18T01:24:49.520+00:00,2026-09-18T01:26:25.513+00:00,True,850,850.0,,850.0,192467.060479,288460.081663,288460.081656,339.3648019482353,68.340447,192467.060479,6649.7528159833555,98.83564855,113.06598490459365,830.9900505581714,2.9466815481007584,21,24,,True,True,,3400,93.83070301291248
19,2026-09-18T01:21:41.706+00:00,2026-09-18T01:25:18.046+00:00,2026-09-18T01:26:19.007+00:00,True,712,712.0,,712.0,216340.32468599998,277301.13850999996,277301.13833399996,389.4678909185393,68.751208,216340.32468599998,8104.640936474489,95.14374565,85.73954124331927,50.596450354197735,2.567605758222749,21,24,,True,True,,2846,93.83070301291248
20,2026-09-18T01:21:47.627+00:00,2026-09-18T01:25:26.463+00:00,2026-09-18T01:26:31.832+00:00,True,781,781.0,,781.0,218836.237795,284204.626659,284204.626598,363.89836952368756,67.679908,218836.237795,7827.605627562939,91.26962899999998,83.80562674871796,21.01654526120784,2.7480200065042393,21,24,,True,True,,4686,93.83070301291248
21,2026-09-18T01:21:53.812+00:00,2026-09-18T01:25:41.909+00:00,2026-09-18T01:26:48.690+00:00,True,671,671.0,,671.0,228097.01052200003,294877.65205800004,294877.651988,439.45998805961256,0.01623,228097.01052200003,8821.042899195167,85.67078450000001,99.67259930746269,583.6832953228595,2.27552001759706,21,24,,True,True,,3346,93.83070301291248
22,2026-09-18T01:21:59.788+00:00,2026-09-18T01:26:23.739+00:00,2026-09-18T01:26:59.821+00:00,False,593,592.0,,592.0,263951.254619,300033.610331,300033.61036500003,505.958870767285,0.01598,263951.254619,10836.712008172733,81.343703,60.94992518918919,27.968638166982004,1.9731122768109208,21,24,,True,False,Request timeout: 300.0s exceeded,603,93.83070301291248
0,2026-09-18T01:20:00.915+00:00,2026-09-18T01:20:01.033+00:00,2026-09-18T01:21:06.176+00:00,True,956,956.0,,956.0,118.44467999999999,65260.980104,65260.980174,68.26462361297071,0.02997,249.494931,27.63039692905638,87.1844045,68.21207897801048,27.597046001409357,14.648875920596304,22,24,,False,True,,4780,93.83070301291248
1,2026-09-18T01:20:05.928+00:00,2026-09-18T01:20:06.021+00:00,2026-09-18T01:20:52.965+00:00,True,684,684.0,,684.0,93.00101,47036.827442,47036.827275,68.7672913377193,0.016730000000000002,249.476401,21.775963071572352,85.82949035000001,68.73181029575403,21.77213019070346,14.541797081094046,22,24,,False,True,,1596,93.83070301291248
2,2026-09-18T01:20:11.522+00:00,2026-09-18T01:20:11.662+00:00,2026-09-18T01:21:10.796+00:00,True,746,746.0,,746.0,139.66654699999998,59274.380659,59274.380733,79.45627444101876,47.013398,207.251734,23.49271381679146,141.56859874999998,79.37545518389263,23.404488040828713,12.585538502572783,22,24,,False,True,,5968,93.83070301291248
3,2026-09-18T01:20:16.685+00:00,2026-09-18T01:20:16.866+00:00,2026-09-18T01:21:25.187+00:00,True,693,693.0,,693.0,181.127543,68501.909623,68501.909835,98.84835474025974,54.546220999999996,11939.692137,451.87340533590117,99.59242239999999,98.72945387283237,452.18941493403486,10.116506296159082,22,24,,False,True,,1386,93.83070301291248
4,2026-09-18T01:20:19.955+00:00,2026-09-18T01:20:20.106+00:00,2026-09-18T01:22:09.845+00:00,True,983,983.0,,983.0,150.88457300000002,109890.25353300001,109890.253525,111.79069534587995,0.018789999999999998,29025.425568,923.4265768350921,101.23809580000001,111.75088488798372,923.8962717763508,8.945288307163706,22,24,,False,True,,8847,93.83070301291248
5,2026-09-18T01:20:25.457+00:00,2026-09-18T01:21:06.435+00:00,2026-09-18T01:22:26.953+00:00,True,967,967.0,,967.0,40977.851813,121496.007589,121496.007579,125.64220018510858,0.0182,40977.851813,1315.2588218529922,97.63104599999998,83.35212813250517,21.792689698365596,7.9591092677809945,22,24,,False,True,,3868,93.83070301291248
6,2026-09-18T01:20:29.225+00:00,2026-09-18T01:21:07.103+00:00,2026-09-18T01:21:57.930+00:00,True,629,629.0,,629.0,37878.07896,88704.83070399999,88704.830905,141.02516837042924,0.01896,37878.07896,1507.1892750872669,90.006062,80.93431806369426,18.908511157984318,7.090932872629183,22,24,,False,True,,3730,93.83070301291248
7,2026-09-18T01:20:34.611+00:00,2026-09-18T01:21:16.804+00:00,2026-09-18T01:22:17.511+00:00,True,721,721.0,,721.0,42192.363013999995,102899.430918,102899.43100899999,142.7176574327323,0.019190000000000002,42192.363013999995,1568.3815317808503,106.705444,84.31537208888888,24.804754587696348,7.006841471985992,22,24,,False,True,,3219,93.83070301291248
8,2026-09-18T01:20:39.803+00:00,2026-09-18T01:21:35.701+00:00,2026-09-18T01:22:45.669+00:00,True,607,607.0,,607.0,55897.927213,125865.626669,125865.626602,207.35688072817135,70.393318,55897.927213,2380.587557154967,91.277878,115.45824992739274,736.0425055729227,4.82260340701502,22,24,,False,True,,3642,93.83070301291248
9,2026-09-18T01:20:45.673+00:00,2026-09-18T01:22:07.845+00:00,2026-09-18T01:23:20.375+00:00,True,838,838.0,,838.0,82171.67698399999,154702.027832,154702.027695,184.60862493436753,0.019920999999999998,82171.67698399999,2835.7651316760107,107.31639695000001,86.65513840860214,32.41978999086614,5.416865000050506,22,24,,True,True,,4190,93.83070301291248
10,2026-09-18T01:20:49.070+00:00,2026-09-18T01:22:12.452+00:00,2026-09-18T01:23:36.149+00:00,True,997,997.0,,997.0,83382.298683,167078.963515,167078.963491,167.58170861685056,0.018420000000000002,83382.298683,2638.178479826363,95.80938239999999,84.03279601606425,22.509148831459232,5.967238358589,22,24,,True,True,,3988,93.83070301291248
11,2026-09-18T01:20:53.419+00:00,2026-09-18T01:22:22.549+00:00,2026-09-18T01:23:42.813+00:00,True,959,959.0,,959.0,89130.426538,169394.303914,169394.303988,176.63639623357665,0.01687,89130.426538,2875.5680579535165,96.87936680000001,83.78275300208769,24.227720085641646,5.66134738796693,22,24,,True,True,,2877,93.83070301291248
12,2026-09-18T01:20:58.730+00:00,2026-09-18T01:22:34.455+00:00,2026-09-18T01:23:51.812+00:00,True,729,729.0,,729.0,95725.20021899999,173081.50793099997,173081.507973,237.4231933786008,67.90256600000001,95725.20021899999,3586.997772902236,92.59876759999999,106.25866443956045,570.2510646536808,4.211888425946811,22,24,,True,True,,2187,93.83070301291248
13,2026-09-18T01:21:04.550+00:00,2026-09-18T01:23:09.335+00:00,2026-09-18T01:24:27.756+00:00,True,914,914.0,,914.0,124784.639956,203206.142932,203206.142963,222.32619580196936,67.99041899999999,124784.639956,4124.750710026817,138.75611819999997,85.89430775027382,26.150844356453707,4.497895520342891,22,24,,True,True,,4563,93.83070301291248
14,2026-09-18T01:21:09.313+00:00,2026-09-18T01:23:18.191+00:00,2026-09-18T01:24:17.069+00:00,True,693,693.0,,693.0,128878.74635,187756.73342200002,187756.733463,270.93323732034634,68.87553,128878.74635,4892.531602433456,135.8148804,85.08379634682082,25.22343398561784,3.6909461906882486,22,24,,True,True,,6237,93.83070301291248
15,2026-09-18T01:21:14.349+00:00,2026-09-18T01:23:27.902+00:00,2026-09-18T01:24:40.400+00:00,True,693,693.0,,693.0,133552.833651,206050.680947,206050.680983,297.331429989899,67.32546799999999,133552.833651,5090.339128389265,93.60275720000001,104.765675283237,462.9624797316555,3.3632502295794513,22,24,,True,True,,3449,93.83070301291248
16,2026-09-18T01:21:20.202+00:00,2026-09-18T01:24:17.304+00:00,2026-09-18T01:25:40.924+00:00,True,993,993.0,,993.0,177102.42289500003,260722.79307100002,260722.79294700004,262.5607179728097,0.01859,177102.42289500003,5617.572215889495,102.4812918,84.294728,28.399486375987717,3.808642843625821,22,24,,True,True,,6951,93.83070301291248
17,2026-09-18T01:21:25.465+00:00,2026-09-18T01:24:19.973+00:00,2026-09-18T01:25:37.193+00:00,True,908,908.0,,908.0,174508.03071700002,251727.305725,251727.305717,277.23271554735686,0.01788,174508.03071700002,5788.653493655156,98.70411899999999,85.1370176493936,51.23150254383701,3.607077894807115,22,24,,True,True,,4540,93.83070301291248
18,2026-09-18T01:21:30.657+00:00,2026-09-18T01:24:28.614+00:00,2026-09-18T01:25:51.033+00:00,True,995,995.0,,995.0,177956.589311,260375.481087,260375.480957,261.68390045929647,0.01759,177956.589311,5639.027373931849,94.9312657,82.9163901167002,24.42615952612098,3.8214043651350487,22,24,,True,True,,2985,93.83070301291248
19,2026-09-18T01:21:35.301+00:00,2026-09-18T01:24:43.002+00:00,2026-09-18T01:26:11.955+00:00,True,810,810.0,,810.0,187700.811874,276653.708642,276653.708621,341.5477884209877,0.01681,187700.811874,6636.472094431951,92.18550555,109.95413691965389,773.7248362895753,2.9278479727454862,22,24,,True,True,,1620,93.83070301291248
20,2026-09-18T01:21:39.913+00:00,2026-09-18T01:25:18.041+00:00,2026-09-18T01:26:36.511+00:00,True,935,935.0,,935.0,218128.262557,296598.042525,296598.042585,317.21715784491977,66.862503,218128.262557,7130.885466557171,93.95746100000001,84.01475371306209,32.953285558197756,3.152414601391679,22,24,,True,True,,1870,93.83070301291248
21,2026-09-18T01:21:45.071+00:00,2026-09-18T01:25:22.025+00:00,2026-09-18T01:26:39.630+00:00,True,945,945.0,,945.0,216954.645333,294559.12738099997,294559.12739,311.7027803068783,63.417528,216954.645333,7054.887998872375,90.77505300000001,82.20813776271187,19.560990853395193,3.2081844090259057,22,24,,True,True,,2832,93.83070301291248
22,2026-09-18T01:21:48.669+00:00,2026-09-18T01:25:30.537+00:00,2026-09-18T01:26:28.577+00:00,True,688,688.0,,688.0,221868.168832,279908.493696,279908.49365,406.84374077034886,68.68630800000001,221868.168832,8455.453065365477,98.71628115000001,84.483733426492,22.291068780536364,2.457946134164888,22,24,,True,True,,2064,93.83070301291248
23,2026-09-18T01:21:52.459+00:00,2026-09-18T01:25:41.429+00:00,2026-09-18T01:26:52.477+00:00,False,794,793.0,,793.0,228969.926836,300017.680308,300017.680331,377.8560205680101,0.01582,228969.926836,8133.107354912984,85.6153075,89.59363615636822,412.38224064691764,2.643177559355506,22,24,,True,False,Request timeout: 300.0s exceeded,3959,93.83070301291248
24,2026-09-18T01:21:57.389+00:00,2026-09-18T01:26:23.599+00:00,2026-09-18T01:26:57.418+00:00,False,538,537.0,,537.0,266210.13951,300028.985462,300028.985494,557.6746942267658,0.01672,266210.13951,11474.446057176869,81.04738400000001,62.97736676350093,24.973425729601615,1.7898270701182415,22,24,,True,False,Request timeout: 300.0s exceeded,4296,93.83070301291248
0,2026-09-18T01:20:00.916+00:00,2026-09-18T01:20:01.033+00:00,2026-09-18T01:20:36.487+00:00,True,631,631.0,,631.0,116.99884,35570.175672,35570.175758,56.371118475435814,0.016120000000000002,248.38063,18.772913202106047,82.74114150000001,56.27488386031746,18.631413556685434,17.73958064808514,23,24,,False,True,,4417,93.83070301291248
1,2026-09-18T01:20:05.159+00:00,2026-09-18T01:20:05.248+00:00,2026-09-18T01:20:47.264+00:00,True,639,639.0,,639.0,88.57037,42104.610306,42104.61033,65.89140896713614,0.01672,254.141042,20.857254801797744,85.400959,65.85586196865204,20.854239748396882,15.17648531493334,23,24,,False,True,,2877,93.83070301291248
2,2026-09-18T01:20:08.452+00:00,2026-09-18T01:20:08.562+00:00,2026-09-18T01:21:23.654+00:00,True,979,979.0,,979.0,110.472855,75202.380439,75202.380405,76.81550603166497,0.01734,254.051162,23.4223875676052,101.59338919999999,76.781091599182,23.409595077238883,13.018204932942389,23,24,,False,True,,979,93.83070301291248
3,2026-09-18T01:20:12.802+00:00,2026-09-18T01:20:12.967+00:00,2026-09-18T01:21:16.639+00:00,True,794,794.0,,794.0,165.21454699999998,63836.793683,63836.793588,80.39898436775819,45.236657,203.719233,22.38979268797495,140.45142485,80.29202917528373,22.200033412703416,12.437968046184084,23,24,,False,True,,5342,93.83070301291248
4,2026-09-18T01:20:15.652+00:00,2026-09-18T01:20:15.809+00:00,2026-09-18T01:21:06.908+00:00,True,612,612.0,,612.0,157.199962,51255.657562,51255.657659,83.75107460620914,52.145132,585.318637,34.67621142015955,145.8229775,83.630863502455,34.576763762708445,11.940145324634864,23,24,,False,True,,3060,93.83070301291248
5,2026-09-18T01:20:18.497+00:00,2026-09-18T01:20:18.690+00:00,2026-09-18T01:21:36.665+00:00,True,679,679.0,,679.0,193.151228,78168.691452,78168.691655,115.12325722385862,0.01715,25055.694484,958.7251729387943,89.6330928,115.0081714218289,959.4282812097055,8.686342158061382,23,24,,False,True,,689,93.83070301291248
6,2026-09-18T01:20:22.362+00:00,2026-09-18T01:21:06.174+00:00,2026-09-18T01:22:12.283+00:00,True,787,787.0,,787.0,43811.436648999996,109920.659049,109920.658847,139.6704686747141,0.01887,43811.436648999996,1558.9033478847625,103.1195573,84.10842544529262,24.50918695634555,7.159709619728301,23,24,,False,True,,787,93.83070301291248
7,2026-09-18T01:20:26.617+00:00,2026-09-18T01:21:06.431+00:00,2026-09-18T01:22:01.036+00:00,True,665,665.0,,665.0,39814.378903,94418.433431,94418.433398,141.98260661353382,0.01727,39814.378903,1540.9066819052782,93.96801899999998,82.23502187951807,22.237616202699552,7.043116220372106,23,24,,False,True,,1330,93.83070301291248
8,2026-09-18T01:20:30.630+00:00,2026-09-18T01:21:10.027+00:00,2026-09-18T01:21:59.967+00:00,True,615,615.0,,615.0,39396.74482199999,89337.383286,89337.38328899999,145.26403786829266,0.01957,39396.74482199999,1585.485407484337,90.37120130000001,81.33654472964169,20.71674439738722,6.884016269327829,23,24,,False,True,,3075,93.83070301291248
9,2026-09-18T01:20:35.100+00:00,2026-09-18T01:21:21.284+00:00,2026-09-18T01:22:32.192+00:00,True,786,786.0,,786.0,46183.37554,117091.872948,117091.873059,148.97184867557252,0.01723,46183.37554,1653.8576046814362,95.83945524999999,90.3292960611465,179.6446560967908,6.712677662514283,23,24,,False,True,,1576,93.83070301291248
10,2026-09-18T01:20:40.241+00:00,2026-09-18T01:21:36.826+00:00,2026-09-18T01:22:59.250+00:00,True,725,725.0,,725.0,56584.618892,139009.179788,139009.179726,191.73679962206896,69.14415799999999,56584.618892,2214.048117032075,92.6295916,113.84607858563537,710.0395676492003,5.2154828990839475,23,24,,False,True,,1450,93.83070301291248
11,2026-09-18T01:20:43.929+00:00,2026-09-18T01:22:07.690+00:00,2026-09-18T01:23:22.161+00:00,True,869,869.0,,869.0,83760.87136599999,158231.27955799998,158231.279542,182.0843262853855,0.01692,83760.87136599999,2838.600607295664,103.96552059999998,85.79540114285714,25.904697581541956,5.491960896906394,23,24,,True,True,,3908,93.83070301291248
12,2026-09-18T01:20:47.818+00:00,2026-09-18T01:22:09.338+00:00,2026-09-18T01:23:02.300+00:00,True,631,631.0,,631.0,81520.201779,134482.264883,134482.264917,213.12561793502377,68.847637,81520.201779,3241.984982037039,92.8129335,84.06676683174602,20.328826924741783,4.692068508430997,23,24,,True,True,,3151,93.83070301291248
13,2026-09-18T01:20:52.412+00:00,2026-09-18T01:22:18.307+00:00,2026-09-18T01:23:10.185+00:00,True,606,606.0,,606.0,85895.20112,137773.225568,137773.225588,227.3485570759076,0.03023,85895.20112,3485.876778048059,146.62103749999997,85.74880074049587,27.21394240168315,4.3985324253071205,23,24,,True,True,,6052,93.83070301291248
14,2026-09-18T01:20:56.906+00:00,2026-09-18T01:22:31.873+00:00,2026-09-18T01:23:36.399+00:00,True,632,632.0,,632.0,94966.743403,159492.763499,159492.763525,252.3619676028481,0.01744,94966.743403,3791.9045848663905,103.0078645,102.2599367606973,373.3760870545225,3.962562226241459,23,24,,True,True,,632,93.83070301291248
15,2026-09-18T01:21:01.294+00:00,2026-09-18T01:23:04.979+00:00,2026-09-18T01:24:28.457+00:00,True,936,936.0,,936.0,123685.055662,207162.76855799998,207162.768704,221.32774434188033,68.901128,123685.055662,4040.8920420364852,139.00612025,89.28097635935829,91.62374189637497,4.518186383176982,23,24,,True,True,,3744,93.83070301291248
16,2026-09-18T01:21:04.533+00:00,2026-09-18T01:23:09.331+00:00,2026-09-18T01:24:25.271+00:00,True,883,883.0,,883.0,124798.004521,200737.980201,200737.98008399998,227.33633078595696,68.373439,124798.004521,4196.9674210706235,137.893173,86.09974566893425,25.548052357325805,4.398768977927582,23,24,,True,True,,1770,93.83070301291248
17,2026-09-18T01:21:09.263+00:00,2026-09-18T01:23:17.593+00:00,2026-09-18T01:24:33.554+00:00,True,899,899.0,,899.0,128329.506479,204291.245999,204291.24583200002,227.24276510789767,65.799628,128329.506479,4277.272936787485,106.3151865,84.58991037861915,23.683820691878623,4.400580140396229,23,24,,True,True,,8693,93.83070301291248
18,2026-09-18T01:21:13.466+00:00,2026-09-18T01:23:25.331+00:00,2026-09-18T01:24:39.027+00:00,True,877,877.0,,877.0,131864.225048,205560.345112,205560.345064,234.39035925199542,65.777876,131864.225048,4449.962295591744,121.39665740000001,84.12799094063928,23.991705003815657,4.26638707734298,23,24,,True,True,,8770,93.83070301291248
19,2026-09-18T01:21:17.544+00:00,2026-09-18T01:23:36.552+00:00,2026-09-18T01:25:07.186+00:00,True,750,750.0,,750.0,139008.25115999999,229641.597976,229641.597957,306.188797276,0.01729,139008.25115999999,5182.044900161671,91.266927,121.00580349265687,1065.6216696123347,3.2659588097727097,23,24,,True,True,,1500,93.83070301291248
20,2026-09-18T01:21:21.565+00:00,2026-09-18T01:24:17.299+00:00,2026-09-18T01:25:22.800+00:00,True,760,760.0,,760.0,175733.77731,241234.569886,241234.570043,317.4139079513158,0.01718,175733.77731,6371.56650327429,144.77859804999997,86.29880444795785,45.57745164288047,3.150460567733524,23,24,,True,True,,3800,93.83070301291248
21,2026-09-18T01:21:26.551+00:00,2026-09-18T01:24:19.973+00:00,2026-09-18T01:25:10.760+00:00,True,601,601.0,,601.0,173421.750627,224209.201507,224209.201497,373.0602354359401,0.016280000000000003,173421.750627,7070.858658109384,92.71575800000001,84.64575146666667,64.16670455534482,2.680532270577826,23,24,,True,True,,3606,93.83070301291248
22,2026-09-18T01:21:31.113+00:00,2026-09-18T01:24:28.694+00:00,2026-09-18T01:25:22.632+00:00,True,637,637.0,,637.0,177581.186159,231519.190895,231519.191094,363.45241929984303,0.0166,177581.186159,7032.720214543604,144.81994280000004,84.8081835471698,28.501910632139325,2.7513917854390573,23,24,,True,True,,1274,93.83070301291248
23,2026-09-18T01:21:34.419+00:00,2026-09-18T01:24:39.181+00:00,2026-09-18T01:26:13.079+00:00,True,895,895.0,,895.0,184761.178205,278659.845725,278659.845862,311.35178308603355,0.01591,184761.178205,6198.211913930459,94.44887399999999,105.03206657718121,565.6723065650375,3.2118011034975065,23,24,,True,True,,3580,93.83070301291248
24,2026-09-18T01:21:39.161+00:00,2026-09-18T01:25:17.905+00:00,2026-09-18T01:26:24.392+00:00,True,781,781.0,,781.0,218743.198336,285230.9728,285230.972888,365.21251330089626,70.256879,218743.198336,7824.239219054874,100.94580100000002,85.24073649230769,25.75519226089364,2.738131810627826,23,24,,True,True,,2343,93.83070301291248
25,2026-09-18T01:21:43.011+00:00,2026-09-18T01:25:18.262+00:00,2026-09-18T01:26:33.772+00:00,True,885,885.0,,885.0,215251.23270300002,290760.602559,290760.60253800004,328.54305371525425,69.16426799999999,215251.23270300002,7232.977202705656,94.0885798,85.4178392036199,61.06171935225454,3.0437411128298213,23,24,,True,True,,3540,93.83070301291248
26,2026-09-18T01:21:47.002+00:00,2026-09-18T01:25:25.095+00:00,2026-09-18T01:26:23.436+00:00,True,693,693.0,,693.0,218093.503126,276434.245526,276434.245459,398.8950150923521,68.886389,218093.503126,8281.513340852158,93.46721939999999,84.30743121387283,21.857428813764393,2.5069252859078923,23,24,,True,True,,697,93.83070301291248
27,2026-09-18T01:21:50.765+00:00,2026-09-18T01:25:36.553+00:00,2026-09-18T01:26:46.575+00:00,True,883,883.0,,883.0,225787.31797799998,295810.03721,295810.03712,335.00570455266137,0.01577,225787.31797799998,7595.732496448739,89.00789689999999,79.39083813151927,29.179681832861394,2.985023795433774,23,24,,True,True,,1766,93.83070301291248
28,2026-09-18T01:21:54.982+00:00,2026-09-18T01:25:45.040+00:00,2026-09-18T01:26:55.035+00:00,False,689,688.0,,688.0,230057.454432,300052.9112,300052.911133,435.49043705805514,0.01672,230057.454432,8801.508108822878,84.4510224,101.7375825116279,848.0645140802869,2.292928927929695,23,24,,True,False,Request timeout: 300.0s exceeded,3440,93.83070301291248
29,2026-09-18T01:22:00.181+00:00,2026-09-18T01:26:23.740+00:00,2026-09-18T01:27:00.328+00:00,False,601,600.0,,600.0,263559.262629,300147.269797,300147.269781,499.41309447753747,0.01573,263559.262629,10748.36728784781,81.46063000000001,60.980011946666664,32.199162556045685,1.999018683081145,23,24,,True,False,Request timeout: 300.0s exceeded,1800,93.83070301291248
